Title,Content,URL
PULIM 1,"Wonnu maama pulim taane
1Boboa kam ne to mo Wɛ naane wɛyuu de tega baŋa. 2Tega baŋa kam maama déem jage jeiga maama mo. Kolokolo ya ta tera ka baŋa ne. Na-fɔrɔ kom baŋa maama ye lim yerane. Wɛ Siu kom maa kare wɛɛne ko via na bam baŋa ne.
3Wɛ ma ta o we, “Pa se pwooni taa wora!” Pwooni ma seene de ba. 4Wɛ ma na we pwooni dem lana, ye o wo pwoli. O déem ma pa se pwooni dem de lim dem pɔɔre daane. 5Wɛ déem ma bwoŋi pwooni dem we ‘wea’, ye o daare o bwoŋi lim dem we ‘tete’. Tega ma ba ka yi ye ka daare ka poore. Boboa dɛ dem mo konto.
6Wɛ déem daa ma ta o we, “Pa se laŋa taa wora na bam tetare ne se ba pɔɔre yera yera kuni belei.” 7Wɛ ma ke laŋa o ma pɔɔre na balo na wo ka kuri ne to, de na balo na wo ka baŋa ne to daane. Ko ma seene ko ke konto. 8Wɛ ma bwoŋi laŋa kam we ‘wɛyuu’. Tega ma ba ka yi ye ka daare ka poore. Da yalei dɛ dem mo konto.
9Wɛ daa ma ta o we, “Pa se na balo na wo wɛyuu kom kuri ne to la ba tigisi jeiga dedoa ba daare se te-kora taa wora.” Ko ma seene ko ke konto. 10Wɛ ma bwoŋi te-kora kam we ‘tega baŋa’, ye o daare o bwoŋi na-fɔrɔ kom na lage daane to we ‘naneo’. Wɛ ma na we ko lana, ye o wo pwoli.
11Wɛ laam ma ta o we, “Pa se gaaro de teeni puli tega kam baŋa ne, gaaro telo na tiŋi te wo-dwa to, dedaane teeni na leiri bia de ba wo-dwa to, tio maama de ko dwi.” Ko ma seene ko ke konto. 12Tega kam maa puli ga-lɛɛro dwi maama, de teeni dwi maama na leiri bia to, dedaane te wo-dwa dwi dwi. Wɛ ma na we, o na ke kolo to lana, ye o wo pwoli. 13Tega ma ba ka yi ye ka daare ka poore. Da yatɔ dɛ dem mo konto.
14Wɛ daa ma ta o we, “Pa se wonnu telo na nyeene to dwi dwi taa wo wɛyuu kom ne se te pɔɔre wea de tete daane. Te wó taa ye memaŋa te bere yadɛ dedaane te-pwoŋa. Te ta wó taa bere da yam, de bena yam, dedaane chane sem maŋa maama. 15Te wó taa nyeene wɛyuu ne se te taa pae pwooni tega kam baŋa ne.” Ko ma seene ko ke konto. 16Wɛ déem ma ke wo-nyen-kamuna yalei pa se kolo na nyeene ko gaale to yeini ko taa nyeena wea ne, ye kolo na muri to taa nyeena tete ne. O daa ta ma ke chalechwe sem de o woli da. 17Wɛ ma ke wo-nyenno tem konto o zege wɛyuu ne se te taa pae pwooni yi tega kam baŋa. 18Te wó taa nii wea de tete baŋa ne ye te ta wó pɔɔre pwooni de lim daane. Wɛ ma na we, o na ke kolo to lana, ye o wo pwoli. 19Tega ma ba ka yi ye ka daare ka poore. Da yana dɛ dem mo konto.
20Wɛ daa ma ta o we, “Pa se na-fɔrɔ kom wo su de wonnu telo na ŋwe to dwi maama, se zuna de taa jaana ba beera wɛyuu kom jei sem maama ne.” 21Wɛ déem ma naane naneo wo vare-kamuna de wonnu telo na kare te yɛ na wone to dwi maama. O ta ma naane zuna balo na kare ba jaane wɛyuu ne to ba dwi ba dwi. Wɛ ma na we, o na ke kolo to lana, ye o wo pwoli. 22Wɛ ma daare o swɛ te maama swolim ye o we, “Ta‑á lore-na á puli á su naneero tem wo maama. Nam ta pa se zuna bam de puli ba taa daga logo baŋa ne.” 23Tega ma ba ka yi ye ka daare ka poore. Da yanu dɛ dem mo konto.
24Wɛ daa ta ma ta o we, “Pa se tega kam baŋa taa jege wonnu telo na ŋwe to dwi dwi, sɔŋɔ vara de ga-vara, de tega-veila dwi maama.” Ko ma seene ko ke konto. 25Wɛ déem ma ke logo baŋa vara bam konto, ba dwi ba dwi, kago-vara de sɔŋɔ vara, de tega-veila dwi maama. Wɛ ma na we, o na ke kolo to lana, ye o wo pwoli.
26Wɛ laam maa we, “Pa-na se dé mɔ nabiina se ba taa nye de debam, ye ba jege debam tete kamɔgɔ. Banto wó taa jege dam ba taa tei naneo wo ywona yam, de wɛyuu zuna bam, dedaane vara de wonnu telo maama na kare te vei tega kam baŋa ne to.” 27Wɛ déem ma seene o naane nabiina se ba taa jege o tete kamɔgɔ. O déem naane-ba baaro de kaane mo. 28O ma swɛ ba swolim, ye o ta de-ba we, “Ta‑á lore-na bia á puli dedɛ se á jage tega baŋa maama ne se á daare á ta‑á tei-ko. Ta‑á di-na dam naneo wo ywona yam, dedaane wɛyuu zuna bam, de wonnu telo maama na kare te vei tega ne to baŋa ne.”
29Wɛ ma daare o ta de-ba we, “Nii-na, a kwei gaaro telo na tiŋi te wo-dwa to, dedaane teeni na leiri bia de ba wo-dwa to, a ke abam jeŋa ne se te taa ye wodiiru te pa abam. 30Ko daare ko ná ye logo baŋa vara bam maama, de wɛyuu zuna bam, de wonnu telo maama na jege ŋwea ye te kare te vei tega baŋa ne to, amo kwei gaaro tem de teeni vɔɔro tem mo a pa-te se te taa di.” Ko ma seene ko ke konto.
31Wɛ ma fɔge o nii kolo maama o na ke to, ye o na we ko tiini ko lamma. Tega ma ba ka yi ye ka daare ka poore. Da yaredo dɛ dem mo konto.",https://www.bible.com/bible/3661/GEN.1.KBG
PULIM 2,"1Wɛ déem dɛ chwoŋa kanto mo o naane wɛyuu de tega baŋa dedaane kolo maama na wo te wone to o ba o ti maama.
2Da yarepɛ dɛ dem na yi to, dedaane Wɛ maŋe o ti totoŋa yalo maama o déem na jege se o ke to. Da yarepɛ dɛ dem ne, o laam ma jeini o sii o totoŋa yam maama wone. 3Wɛ ma ke zaane o yage da yarepɛ dɛ dem baŋa ne, ye o pɔɔre-de pa de ye de yera da yayam yam wone, ko na ye dento dɛ dem ne mo o sii de o totoŋa yam o na toŋe o ti to ŋwaane.
Baaro de o kaane taane
4Taane dento mo bere Wɛ na naane wɛyuu de tega baŋa ye ko ke tetei to.
Yuu-tu Baŋa Wɛ déem na ke wɛyuu de tega baŋa o ti to, 5gaaro de teeni ta tera tega kam baŋa ne se te taa pae wodiiru. Kolokolo ya ta wo puli, kolo ŋwaane Wɛ daa ta wo pɛ se doa ne tega baŋa ne. Nabiinu de ya daa ta tera se o va tega kam. 6De ko de, na mo déem nwoŋi tega kam kuri ne ba bura, ye banto mo yeini ba bugi tega kam baŋa maama.
7Yuu-tu Baŋa Wɛ déem ma fɔ tega kam teero o ma o mɔ nabiinu. O ma daare o fuli o siu kom na pae ŋwea to, o yage baaro wom momwa ne, pa se o laam jege ŋwea. 8Baŋa Wɛ déem ma ke teeni kara Eden ne, wɛ-puli jei sem seeni. O ma daare o kwei o na mɔɔne baaro wolo to o ja vo o yage dáane. 9O ma pa se teeni dwi dwi nwoŋi teeni kara kam ne, de na tiini de lamma yi ne ye de leiri bia na maŋe de dim to. Kara kam tetare ne mo Wɛ déem pɛ se teeni delei nwoŋi de zege da. De dedoa déem ye tio kolo na pae nɔɔna ŋwea to. Kodwoŋi kom maa ye tio kolo na pae nɔɔna lɔre lane de lwarem ba pɔɔre daane to.
10Buga kadwoŋi déem maa zege Eden ne ka duri ka tole ka maa kɛa. Buga kanto mo pae se teeni kara kam nae na. Ka ma nwoŋi Eden jei sem ne ka daare ka pɔɔre kuni bena. 11Bu-tole sena sem yiga tu yere mo Pison. Kanto mo gugwoli ka kaare Havila laŋa kam maama. Dáane mo sabu-seŋa wora, 12ye ka ye chekke. Talwoŋ-ywoŋa kalo na ye Bedelia to, dedaane kandwa-nyenno ba na bwoi-ya we Onika to de maa wo dáane. 13Bu-tola kalo na saŋe to yere maa ye Gihon. Kanto de ma gugwoli ka kaare Kusi laŋa kam maama. 14Batɔ tu wom yere mo ye Tigirisi. Kanto duri ka tole Asiria laŋa kam wɛ-puli jei sem seeni mo. Bu-tola kalo na ke sena to maa ye Yuferata buga kam.
15Yuu-tu Baŋa Wɛ déem ma ja baaro wom o vo o yage Eden teeni kara kam ne se o taa toŋe da ye o nii ka baŋa ne. 16Baŋa Wɛ ma pa baaro wom ni we, “Nmo jege chwoŋa se n di teeni bia balo maama na leiri kara kam ne to. 17Se ko daare tio kolo na pae se nɔɔna lɔre lane de lwarem ba pɔɔre daane to, n dae se n di ko bia bam. Ta‑n yei we, dɛ delo nmo na wó di ko bia to, dento dɛ dem ne mo n lage n te.”
18Yuu-tu Baŋa Wɛ laam ma ta o we, “Baaro wom na wora o yerane konto to, ko ba lamma. Konto ŋwaane amo wó ke zeinnu wolo na wó maŋe ded‑o to mo a pa‑o.”
19 Baŋa Wɛ déem ya fɔge tega kam teero o kwei-te o ma mɔ vara bam dwi maama dedaane wɛyuu zuna bam dwi maama. O laam ma ja-ba o ja o ba baaro wom yiga ne se o nii baaro wom wó bwoŋi ba yera tetɛ mo. Woŋo kolo maama maa na ŋwe, ye baaro wom pa-ko yere delo to, ko seene ko ye konto mo. 20Baaro wom déem ma pa vara bam dwi maama ba yera, sɔŋɔ-vara de kago-vara maama, ye o ta pa wɛyuu zuna bam dwi maama ba de yera. De konto maama wone to, zeinnu déem tera se o maŋe ded‑o.
21Konto ŋwaane, Yuu-tu Baŋa Wɛ déem ma pa se baaro wom tiini o dɔ dɔɔm o beiri. O na tigi o dɔa konto to, mo Wɛ le o saŋa kwi sem kua dedoa ye o jwoori o suuri jei sem de ya-nɔna. 22O ma kwei baaro wom saŋa kua kam o ma o mɔ kaane. O ma daare o ja‑o o ja ba baaro wom tei. 23Baaro wom laam ma ta o we,
“Nii mo! Amo tete dwi dem mo tento!
Nmo mɛ amo kua mo
n ma‑n ke wonto kwi sem,
ye n daare n ma a ya-nɔna yam
n ma‑n ke wonto yera yam.
Ba wó taa bwoi‑o we ‘kaane’ mo,
ba na le‑o baaro yera yam ne to ŋwaane.”
24Mo kokuri pa se baaro ná di kaane, o boboŋa daa ba tɔge o kwo de o nu boboŋa. O laam yeini o me de o kaane wom mo se banto balei ji yera dedoa.
25Baaro wom de o kaane wom maama déem maa kare ba beeri kalambwolo mo, ye chaveera ba jege-ba.",https://www.bible.com/bible/3661/GEN.2.KBG
PULIM 3,"Lwarem pulim
1Ga-vara balo maama Yuu-tu Baŋa Wɛ déem na mɔɔne to, wolo na jege swa o dwoi ba maama to ye basankwea mo. Dɛ dedwe ka ma zaŋe ka bwei kaane wom ka we, “Wɛ seene o ta de abam we á yé zaŋe á di tio-bia balo maama na wo teeni kara kam wone to na? Ko ye chega na?” 2Kaane wom ma leiri o we, “Aawo. Dé jege chwoŋa se dé di teeni delo maama bia na wo kara kam wone to. 3Ko daare ko ná ye tio kolo na zege kara kam tetare ne to yerane, Wɛ tage o we, dé yé zaŋe dé di ko bia naa dé dwei-ko de. Dé ná ke konto, dé wó te mo.” 4Basankwea kam ma leiri ka we, “Aawo, abam bá seene á te! 5Chega to, Wɛ pɛ abam ni konto dwoŋi kokuri o yei we, abam ná di tio kom konto bia bam dedoa, á wo wó poore dɛ dem konto ne pa se á ta‑á nye de Wɛ tete ye á yei lane de lwarem pɔɔrem daane.”
6Kaane wom ma na we tio kom lamma o yi ne, ye o ta na we ko bia wó taa ywomma se nɔɔno di-ba. O fera ma zo tio-bia bam se o wane o ja yi-poro ba ŋwaane. O na boŋe konto to, o ma gwori tio kom bu o di. O ma daare badwonna o pa o baro wom na wo o takeiri ne to ye o de di. 7Konto nɛ sem ni ne mo ba yia seene ya poore, ye ba lɔre we ba zege da kalambwolo. Ba ma gwoni kaporo vɔɔro ba pane-te ba liŋi se ba ma kwoli ba chaveera.
8Wɛ-zoore maŋa ne, Baŋa Wɛ maa kare teeni kara kam wone o via. Baaro wom de o kaane wom ma ni ko na dɔne to ye ba seigi ba tete teeni dem tetare ne se Wɛ yé zaŋe o na-ba. 9Yuu-tu Baŋa Wɛ ma bwoŋi baaro wom ye o we, “Nmo wo yei ne mo?” 10O ma leiri o we, “A nigi nmo dɔnne mo teeni kara kam ne ye foone jege-ne de a na zege da kalambwolo to ŋwaane. Konto mo pɛ se a duri a seigi.” 11Baŋa Wɛ ma bwei‑o o we, “Nmo ke tɛ mo n lɔre we n ye kalambwolo mo? Wɔ mo tage konto o bere‑m? Nmo ga n dia tio kolo bia amo na we n ba jege chwoŋa se n di-ba to mo na?” 12Baaro wom ma leiri o we, “Ko ye kaane wolo wom nmo na yage‑o amo tei ne to mo pɛ-ne tio kom bu ye a di.”
13Yuu-tu Baŋa Wɛ ma bwei kaane wom o we, “Bɛ mo ye nmo ke konto?” Kaane wom ma leiri o we, “Basankwea kam mo gane amo pa se a gwori tio kom bia a di.”
14Yuu-tu Baŋa Wɛ laam ma ta de basankwea kam o we:
“Nmo na ke konto to ŋwaane, a le nmo vara maama wone ye a sɔɔle lwarem a yage nmo baŋa ne. Nmo laam wó ta‑n fɛɛle n puga baŋa ne ye teero yerane mo wó taa ye nmo ni-wodiu taa wuu, se n ba n te. 15Amo wó pa se nmo de kaane wom taa done daane. Wonto dwi dem dedaane nmo dwi dem wó taa chuli daane. Wonto dwi dem wó popoge n yuu ye nmo de wó done o dwi dem de nakila.”
16 Baŋa Wɛ ma daare o ta de kaane wom o we, “Ko ná ye nmo, amo wó pa se n cham dem puli pu-jare baŋa ne. Nmo wó tiini n yaare mo bu-lore wone. De ko de, nmo fera wó taa wo nmo baro wom wone ye wonto nam wó taa tei‑m.”
17O ma ta de baaro wom o we, “Nmo na sɛ n kaane wom ni ye n de di tio kolo bia a na we n yé zaŋe n di-ba to ŋwaane, amo wó sɔɔle lwarem a yage tega kam baŋa ne nmo ŋwaane. Nmo ŋwea maama wone, nmo wó yaare ko chɛ de tega kam varem mo, se n laam ba n na n ni-wodiu. 18Sabare de ga-cheiŋo dwi dwi wó nwoŋi tega kam baŋa ne te daane‑m. Nmo wó ta‑n kare n beeri gaao wone se n na n ni-wodiu. 19Nmo jege se n chɛ de totoŋa mo, ye n yuu luluŋu ná wo nwoŋi, n bá‑n na n ni-wodiu. Ko wó ke‑m konto mo taa, se n laam ba n te n jwoori teero tem wone. Teero mo ba mɛ ba ke‑m, ye n laam ma‑n wó jwoori n ji teero.”
20Adam ma bwoŋi o kaane wom yere we ‘Awa’, kokuri wonto déem mo ye nabiina maama nu. 21Baŋa Wɛ déem ma kwei vara tankwallo o ma o ke gwaaro o pa Adam de o kaane se ba ma kwoli ba tete.
22Yuu-tu Baŋa Wɛ laam ma ta o tete ne o we, “Nabiinu wom dedaane debam maama laam ye bedwe mo, de o na tu o lɔre lane de lwarem o pɔɔre daane to ŋwaane. Konto to, ko maŋe se dé che‑o de tio kolo na pae nɔɔna ŋwea to se o yé gwori ko bia o di. Kokuri to, o ná di banto o woli da, o lage o taa ŋwe mo taa wuu.” 23Ko déem ma pa se Baŋa Wɛ le‑o Eden teeni kara kam wone. O ma zeili‑o se o nwoŋi o vo o taa vare tega kam. Ko ye tega kam wo teero mo Wɛ déem mɛ o ke nabiinu wom. 24O na zeili‑o pa o nwoŋi to, Baŋa Wɛ ma pa se malese sedwonna na ye cherubi to zege Eden teeni kara kam wɛ-puli seeni. O ta ma kwei se-zɔɔ de o ke da, ko na jege mini ye ko pipira de fora jei maama ne to. Tento maama déem chege tio kolo bia na pae nɔɔna ŋwea to, se nɔɔn-nɔɔno daa yé wane o twɛ da.",https://www.bible.com/bible/3661/GEN.3.KBG
PULIM 4,"Kain dedaane Abel taane
1Adam déem ma peini de o kaane Awa. O ma ja puga o lo bakeira. O ma pa o yere we ‘Kain’, ye o we, “Ko ye Baŋa Wɛ zeinim ŋwaane mo a loge bakeira.” 2Awa daa ta ma lo Kain nyaane Abel o woli da. Ba na ke nɔɔna ba ti to, Abel déem ma ba o ji nayero, ye Kain maa ye valo. 3Ko maa wora ko wora. Kain ma twori tega kam wo-vallo tem wone o ma ke pɛɛre o pa Baŋa Wɛ. 4Abel de ma le o vare-mwa bam wone boboa bu na nuga to o go o ma ke pɛɛre o pa Baŋa Wɛ. Abel de o pɛɛre dem maama ma su Baŋa Wɛ yi. 5Se ko ná ye Kain, Wɛ déem ve‑o mo, o de o pɛɛre dem maama. Kain bane ma tiini de zaŋe ye o yiga nyɔne lanyerane. 6Baŋa Wɛ ma bwei Kain o we, “Bɛ mo ye nmo pa se n bane zaŋe konto? Bɛŋwaane mo nmo yiga nyɔne? 7Nmo ná ke lanyerane, nmo yuu bá zeiŋi wɛɛne na? Nmo nam daa ná wo ke lanyerane, ta‑n yei we wɛleere vwɛ n diga ni dem ne ye de lage de ja‑m ne ga-varem tei. Nmo nam jege se n kwaane n wane-de mo.”
8Dɛ dedwe Kain ma ta de o nyaane Abel o we, ba tɔge daane ba vo gaao wo. Ba na yi da to, Kain ma zi o nyaane Abel o mage o go.
9 Baŋa Wɛ laam ma bwei Kain o we, “Se nmo nyaane Abel bɛ?” O ma leiri o we, “Amo yeiri o jei. Ko ye amo totoŋe mo se a taa yere a nyaane wom na?” 10Baŋa Wɛ laam ma ta o we, “Nmo ke bɛ lɛɛro mo tento? Nii! Nmo nyaane wom jana bam wo tega kam ne mo ba keeri ba jare-ne se a jwoori a ŋwe nmo totoŋ-balɔrɔ kom jene dem. 11Konto to, sɔɔlem laam nam wo nmo baŋa ne pa se tega kam ve‑m. Kokuri, nmo na go n nyaane wom to, tega kam kaŋe ka ni mo ka jwoŋi o jana bam ka nyɔ. 12Tega kam daa bá ke wodiu ka pa‑m, de nmo ná maŋe n va tetei. Nmo wó ta‑n kare n beeri tega kam maama ne, ye n bá‑n na jeiŋa jei.”
13Kain ma ta de Baŋa Wɛ o we, “Nmo na pɛ amo waarem delo to tiini de daga de dwoi amo jaanem. 14Nmo lage n zeili amo tega kanto baŋa ne, se a daare a pwɛ nmo tei ne. Amo jege se a taa kare a beeri tega kam ne mo, ye a bá na jeiŋa jei. Wolo maama ná jeeri-ne, kotu bá go-ne mo na?” 15Baŋa Wɛ ma leiri o we, “Ko bá taa ye konto. Wolo maama na wó go nmo Kain to, amo wó ŋwe jene dem konto kuni berepɛ mo kotu dwi dem baŋa ne.”
Baŋa Wɛ laam ma ke nyenyego Kain yera ne, se ko che nɔɔno wolo maama na wó jeeri‑o to, se kotu yé zaŋe o go‑o. 16Kain déem ma zaŋe o viiri Baŋa Wɛ tei ne. O ma vo o kare o beeri Noda laŋa kam ne. Jei sem konto wo Eden kara kam wɛ-puli seeni mo.
Kain dwi dem taane
17Kain ma peini de o kaane ye o ja puga o lo bakeira, ka yere mo Enoki. O ma daare o bobo teo kamunu kuri ye o ma o bu Enoki yere dem o ma bwoŋi teo kom yere.
18Enoki déem ma lo Iradi, ye Iradi déem ma ji Mehujayeli kwo.
Mehujayeli de déem ma lo Metusayeli. Metusayeli wom de déem ma lo Lameke.
19Lameke déem ma di kaana balei. Ka-kwea kam yere mo Ada, ka-bia kam yere maa ye Zilla. 20Ada déem ma ba o lo Jabale. Ko ná ye balo na kare ba beera ye ba zoore vwoa wone ba kɔne vara to, Jabale maa ye ba nabaaro. 21O nyaane wom yere déem maa ye Jubale. Wonto de déem mo ye kɔn-magena dedaane wu-wura dwi maama nabaaro. 22Zilla déem ma lo Tubale-Kain. Wonto maa ye luru, ye o bobo se o taa mae luuru dedaane channa o ma ke wonnu dwi dwi. Tubale-Kain déem maa jege nakɔ, o yere na ye Naama.
23Lameke déem ma zaŋe o ta de o kaana bam o we,
“Ada de Zilla,
cheigi-na amo kwora!
A kaana bam,
cheigi-na a taane dem!
Amo go nɔɔno de o na ke-ne zonne to ŋwaane.
O na ye nɔn-doŋo ye o mage-ne to,
a ma go‑o!
24Nɔɔno ná go Kain,
kotu wó jwoori o ŋwe jene dem kuni berepɛ.
Nɔɔno nam ná go amo,
kotu wó jwoori o ŋwe kuni fuserepɛ-berepɛ mo!”
Sɛfi dedaane Enosi taane
25Adam daa ma peini de o kaane Awa, ye ba lo bakeira. Awa ma pa o yere we ‘Sɛfi’, ye o we, “Kain na go Abel to, Wɛ daa pɛ-ne dwi dedwoŋi se wonto leiri Abel yuu ne.” 26Sɛfi de ma lo bu. O ma pa o yere we ‘Enosi’. Maŋa kam konto ne mo nɔɔna laam bobo se ba taa bwoi Baŋa Wɛ yere ba maa zuli‑o.",https://www.bible.com/bible/3661/GEN.4.KBG
PULIM 5,"Ko zege Adam ne se ko yi Noah
1Poponem dento bere Adam dwi dem na dɛ tetei maama to mo.
Wɛ déem na ke nabiina dɛ delo ne to, o déem ke-ba se ba taa nye de o tete mo. 2O déem ma ke-ba se ba taa ye baaro de kaane. O ma swɛ ba swolim, ye o daare o jege-ba o bwoi we ‘nabiina’. 3Adam déem na yi bena bi dedaane fintɔ (130) to mo o loge bu pa se o nye de wonto tete. Bu wom maa jege o tete kamɔgɔ. O ma bwoŋi bu wom yere we ‘Sɛfi’. 4Sɛfi lora kam kwaga ne, Adam déem daa ta ma na bena bia nana (800). O déem ma lo bia badwonna o woli da, bakeiri dedaane busankane. 5Adam bena yam maama ná ke daane, ya ye bena bia nogo dedaane fintɔ (930) mo, ye o laam te.
6Sɛfi na yi bena bi de yanu (105) to mo o loge Enosi. 7Enosi lora kam kwaga ne, Sɛfi daa ta ma na bena bia nana de yarepɛ (807). O déem ma lo bia badwonna o woli da, bakeiri dedaane busankane. 8Sɛfi bena yam maama ná ke daane, ya ye bena bia nogo de fuga-yalei (912) mo, ye o laam te.
9Enosi na yi bena funogo (90) to mo o loge Kenan. 10Kenan lora kam kwaga ne, Enosi daa ta ma na bena bia nana de fuga-yanu (815). O déem ma lo bia badwonna o woli da, bakeiri dedaane busankane. 11Enosi bena yam maama déem ná ke daane, ya ye bena bia nogo dedaane yanu (905) mo, ye o laam te.
12Kenan déem na yi bena fuserepɛ (70) to mo o loge Mahalaleli. 13Mahalaleli lora kam kwaga ne, Kenan daa ta ma na bena bia nana de finna (840). O déem ma lo bia badwonna o woli da, bakeiri dedaane busankane. 14Kenan bena yam maama déem ná ke daane, ya ye bena bia nogo de fuga (910) mo, ye o laam te.
15Mahalaleli déem na yi bena fuseredo-yanu (65) to mo o loge Jaredi. 16Jaredi lora kam kwaga ne, Mahalaleli daa ta ma na bena bia nana de fintɔ (830). O déem ta ma lo bia badwonna o woli da, bakeiri dedaane busankane. 17Mahalaleli bena yam maama déem ná ke daane, ya ye bena bia nana de funogo-yanu (895) mo, ye o laam te.
18Jaredi na yi bena bi dedaane fuseredo-yalei (162) to mo o loge Enoki. 19Enoki lora kam kwaga ne, Jaredi daa ta ma na bena bia nana. O déem ta ma lo bia badwonna o woli da, bakeiri dedaane busankane. 20Jaredi bena yam maama déem ná ke daane, ya ye bena bia nogo de fuseredo-yalei (962) mo, ye o laam te.
21Enoki déem na yi bena fuseredo-yanu (65) to mo o loge Metusela. 22Metusela lora kam kwaga ne to, Enoki de Baŋa Wɛ ma tiini ba me daane bena bia yatɔ (300) maama wone. O déem ta ma lo bia badwonna o woli da, bakeiri dedaane busankane. 23Enoki bena yam maama déem ná ke daane, ya ye bena bia yatɔ de fuseredo-yanu (365) mo. 24Enoki de Wɛ na vei daane to, o déem ma ba o tera, bɛŋwaane Wɛ déem mo kwei‑o o ja o kɛ.
25Metusela na yi bena bi de funɔnɔ-yarepɛ (187) to mo o loge Lameke. 26Lameke lora kam kwaga ne, Metusela daa ta ma na bena bia yarepɛ dedaane funɔnɔ-yalei (782). O déem ta ma lo bia badwonna o woli da, bakeiri dedaane busankane. 27Metusela bena yam maama déem ná ke daane, ya ye bena bia nogo dedaane fuseredo-nogo (969) mo, ye o laam te.
28Lameke déem na yi bena bi dedaane funɔnɔ-yalei (182) to mo o loge bu. 29O ma ta o we, “Baŋa Wɛ na sɔɔle lwarem o yage tega kam baŋa ne to, ka totoŋa tiini ya damma mo ya pa debam pa se dé yɔɔre dé yaara. Wonto nam mo lage o pa se debam bochare zuri.” Konto ŋwaane mo o pɛ bu wom yere we ‘Noah’. 30Noah lora kam kwaga ne, Lameke daa ta ma na bena bia yanu de funogo-yanu (595). O déem ta ma lo bia badwonna o woli da, bakeiri dedaane busankane. 31Lameke bena yam maama déem ná ke daane, ya ye bena bia yarepɛ de fuserepɛ-yarepɛ (777) mo, ye o laam te.
32Noah déem na yi bena bia yanu to mo o loge bu-baara batɔ ye o pa ba yera we Sɛm, de Ham, dedaane Jafete.",https://www.bible.com/bible/3661/GEN.5.KBG
PULIM 6,"Nabiina déem tiini ba chɔge
1Ko déem maa wora ko wora ye nabiina puli ba su logo kom jei maama ye ba lo bukwa. 2Wɛyuu nɔn-donno ma tu tega baŋa ba na nabiina bukwa bam na tiini ba lamma tei. Ba ma di ba wone ba ma ba ji ba kaana. 3Baŋa Wɛ maa we, “Amo daa bá yage a siu kolo na pae ŋwea to taa wo nɔɔna wone se ko taa vei wuu. Ba jege se ba te mo. Ba ŋwea daa bá dwoni bena bi de finlei (120).”
4Maŋa kam konto ne de ka kwaga ne, wɛyuu nɔɔna bam dedaane nabiina bukwa bam déem na lage daane ye ba lo bia to, nɔn-sawaara maa wo logo baŋa ne. Ba déem bwoŋi-ba we ‘Nefili tiina’ mo. Banto ye babɛ mo ye ba tiini ba na yere faŋa faŋa.
5 Baŋa Wɛ déem ma maane we nabiina tiini ba jege puseŋa, ye ba boboŋa de ba pale-kia maama tɔge lwarem yerane mo. 6Baŋa Wɛ wo ma tiini ko chɔge dedaane o na maŋe o ke nabiina o yage tega baŋa ne to. Ko ma daane‑o dedɛ ko ŋwaane. 7O laam ma boŋe o tete ne we, “Amo wó seene a chɔge woŋo kolo maama a na ke ye te ŋwe to. Ko ná ye nabiina de vara dwi delo maama, dedaane tega-veila de wo-korro dwi maama, ko ta woli de zuna bam dwi maama mo, a lage a saare-te a yage logo baŋa ne, amo wo na chɔge dedaane a na maŋe a ke-te to ŋwaane.”
8Se ko ná ye Noah, Baŋa Wɛ yi déem su wonto totoŋa yam.
Noah taane
9Noah dedaane o dwi dem taane mo tento.
Noah déem maa ye nɔn-ŋom ye o ba jege tusim. O maa tiini o me de Wɛ. 10O déem jege bu-baara batɔ: Sɛm, de Ham, dedaane Jafete.
11Logo baŋa nabiina maama déem pɔge mo Wɛ yiga ne, ye ba kikia ye vuvuga yerane. 12Wɛ ma na we nabiina yɔɔre ba ke lwarem mo, ye ba ba tɔge chwoŋa de fenfee tete de. 13O ma ta de Noah we, “Amo boboŋa jaane se a chɔge nabiina bam mo. Ko ye banto ŋwaane mo logo kom maama su de vuvuga yerane. Amo wó yɔɔre a chɔge-ba ko woli de logo kom wonnu maama. 14Konto to, beeri da-ŋonno n ma n ke dakaa kamunu se ka taa nye de nabworo. Nam ke-ka se ka taa jege di dedɛ ka wone, ye n laam daare n ma kɔtaale n taare ka wo kom dedaane ka kwaga kam maama. 15Nmo nam ná lage n ke-ka se n pa se ka taa ye tento: Ka dedɔrem seeni wó taa ye jatwogo de noa ni maŋem kuni bia yatɔ (300) mo. Ka kayɔlɔ kom seeni maa wó taa ye jatwogo de noa ni maŋem kuni finnu (50), ye ka baŋa seeni laam maa wó taa ye jatwogo de noa ni maŋem kuni fintɔ (30). 16Ke dɛ sedwonna n daŋe da n ma n pu dakaa kam yuu, se n pa se ko zaŋe choraam baŋa kam ne fee se ko maŋe de jatwogo de noa ni maŋem bedwe. Nmo nam ta wó ke-ka mo se ka taa jege kuri de tetare dedaane wɛyuu di, se n daare n bɔɔre ni ka daa dedoa ne. 17Kokuri, amo lage a pa se na-fɔrɔ mo ba ba pɛɛle tega kam maama ba chɔge woŋo kolo maama na jege ŋwea to. Kolokolo daa ba lage ko daare. 18Se ko ná ye nmo, amo lage a gwoni ni de nmo we nmo tete, de n bu-baara bam, de ba kaana bam, de nmo de n kaane, abam maama wó zo dakaa kam wone se ka taa ye nabworo ka pa abam. 19Nmo jege se n ja woŋo kolo maama na ŋwe to dwi maama wone balei balei mo n ja n zo dakaa kam wo, woŋo maama wo-bɛa dedaane wo-kana. Konto mo wó pa se te dwi dem ta ŋwe. 20Zuna maama de ba dwi, vara bam de maama de ba de dwi, dedaane tega-veila de wo-korro dwi maama, tento maama mo wó ba nmo tei dakaa kam wone, se ba dwi dem yé jei. 21Nam lage wodiu dwi maama n la n ke dakaa kam wone, se balo maama na wó zo to taa di, nabiina dedaane vara maama.”
22Noah déem ma ke kolo maama Wɛ na pɛ‑o ni se o ke to.",https://www.bible.com/bible/3661/GEN.6.KBG
PULIM 7,"Na-fɔrɔ di logo baŋa maama
1 Baŋa Wɛ déem ma ta de Noah o we, “Ja n diga tiina bam maama se á zo nabworo kom wone, se logo baŋa nabiina maama wone, nmo yerane mo ye nɔn-ŋom. 2Ja vara balo na maŋe de kaanem to dwi dem balei balei kuni barepɛ, ye ba ye wo-bɛ de wo-kana n woli da se á zo nabworo kom wone. Ko maa ná ye vara balo na wo maŋe de kaanem to, se n ta‑n jege banto dwi dem wo-bɛa dedoa de wo-kana dedoa. 3Daa‑n ta ja zuna bam dwi maama wo-bɛ de wo-kana n ja n zo da. Ba de jege se ba taa ye balei balei kuni berepɛ. Konto mo wó pa se woŋo maama dwi yé jei tega baŋa ne. 4Kokuri, ko ta gɛ da yarepɛ mo se amo toŋe do-fɔrɔ se ko ba tega kam baŋa ne. Doa kam wó ne da finna mo, wea dedaane tete maama, se na-fɔrɔ ba ko chwooli woŋo kolo maama amo na kea ye ko ŋwe to ko ja jei.”
5Noah ma ke kolo maama Baŋa Wɛ na pɛ‑o ni se o ke to.
6Noah déem ye bena bia yaredo mo ye do-fɔrɔ kom ba tega kam baŋa ne. 7Wonto de o bu-baara, de ba kaana, de o kaane wom maama ma da daane ba zo nabworo kom wone, se ba lu na-fɔrɔ kolo na beene to. 8-9O ma sɛ Wɛ ni ye o ja varem dwi maama, ko woli de zuna dwi maama, balo na maŋe de kaanem to, de balo na wo maŋe de kaanem to, o ja o zo nabworo kom wone. O ta jaane tega-veila de wo-korro mo o woli da o zo. Wonnu tento maama o na jaane o zo da to ye balei balei mo, wo-bɛ de wo-kana. 10Konto kwaga ne, da yarepɛ na yi to mo do-fɔrɔ bobo se ka taa nena tega kam baŋa ne.
11Bene delo ne Noah na ye bena bia yaredo (600) to mo na taga ba nwoŋi tega ne. Wɛyuu kom de maa chuura de na-fɔrɔ. Bene dem konto chane selei chana kam da fuga-yarepɛ dɛ ne mo wonnu tento maama kea. 12Doa kam maa nena konto da finna, wea de tete maama ye ka ba kwora. 13Dento dɛ dem mo Noah de o bia, Sɛm, de Ham, de Jafete, ko woli de ba kaana batɔ bam maama de Noah kaane wom zo nabworo kom wone. 14Vara dwi maama, kago-vara dwi dwi dedaane sɔŋɔ vara bam dwi dwi ko ta woli de zuna bam dwi dwi dedaane tega-veila de wo-korro dwi maama de déem maa tɔge te wora. 15Woŋo kolo dwi maama na jege ŋwea to déem ma ba Noah tei ye te zo nabworo kom wone, telei telei. 16Vara de wonnu telo dwi maama déem nam na zo nabworo kom wone to déem ye wo-bɛ de wo-kana mo, nenɛɛne Wɛ na we Noah ke tei to. Baŋa Wɛ déem ma pe-ba o yage da.
17Da finna yam wone, doa kam lɛɛre ka lwoi konto mo chaa-chaa, ye ka ba kwora. Na-fɔrɔ kom ma zaŋe wɛɛne ye ko pa se nabworo kom puki ko dɔge na bam baŋa ne. 18Na bam laam ma tiini ba di baŋa ba gaale, ko ma pa se nabworo kom dɔge na bam baŋa ne ko via. 19Na bam déem ta na fɔge ba diini baŋa baŋa to, ba ma kwoli peo kolo na dɔra ko gaale peero tem maama to. 20Na bam ta na fɔge ba diini to, ko pɛ se peero tem baŋa kwoli de na, ye na bam baŋa dedɔrem laŋa maŋe de jatwogo de noa ni maŋem kuni fuga-benu mo. 21Kolokolo déem daa maa wo daare logo kom baŋa ne. Nabiina de vara maama, de zuna maama, de tega-veila ko woli de wo-korro maama ma te. 22Woŋo kolo maama na wo tega kam baŋa ne ye ko sii to déem ma te. 23Baŋa Wɛ déem pɛ se woŋo kolo dwi maama na ŋwe to mo saare tega baŋa ne, nabiina de vara de tega-veila de wo-korro ko ta woli de zuna balo na kare ba jaane wɛyuu ne to de. Noah yerane déem mo daare, o de balo maama na tɔge ba wo nabworo kom wone to.
24Na bam ma pɛɛle tega kam maama ko maŋe de da bi de finnu (150).",https://www.bible.com/bible/3661/GEN.7.KBG
PULIM 8,"1Wɛ déem nam wo swei Noah de vara bam dwi maama na tɔge ba wo nabworo kom wone to swia. O déem pɛ se vio mo dole, ye konto ma pa se na bam bobo se ba taa wea. 2Na-fɔrɔ kom daa ba tae ba nwoŋa tega ne. Doa kam de daa ba nena, Wɛ na chege-ka to ŋwaane. 3Na-fɔrɔ kom kwei da bi de finnu mo ko ma ko we fenfee se ko ba ko ti. 4Chane serepɛ chana kam wone, ka da fuga-yarepɛ dɛ dem ne mo nabworo kom yi Ararati peero tem jei sem ne ye ko sagele peo kom yuu ne. 5Na bam déem ma bobo se ba taa tu tega. Ko nam ye chane fuga chana kam boboa dɛ ne mo peero tedwonna yuni bobo se te taa nae pwooni yiga ne.
6Da finna na kɛ to, Noah ma pore nabworo kom takworo, 7ye o daare o yage bachangaao se ko nwoŋi pwooni. Ko déem maa kare pwooni ne ko beera taa se na bam ba ba we. 8O daa ma yage kunkwoŋa se ka de nwoŋi ka beeri se o lɔre na bam na we tega kam baŋa ne tei to. 9Kunkwoŋa kam maa wo nɛ jei se ka jeini da, kokuri to, na bam déem ta tagele mo jei sem maama. Kunkwoŋa kam ma jwoori Noah tei ne nabworo kom ne. O de ma twe o jeŋa o ja-ka se ka zo da. 10O déem daa ma pa se da yarepɛ kɛ ye o yage kunkwoŋa kam se ka nwoŋi pwooni. 11Dedaan-ni maŋa na yi to mo kunkwoŋa kam jwoori Noah tei ne de ka ni Olivi tio yuu vɔ-lɛɔ. Noah laam ma lɔre we na bam wora ba we mo. 12Da yarepɛ daa na woli da to, mo Noah yage kunkwoŋa kam se ka nwoŋi. Ka de na nwoŋi konto to, ka daa wo jwoori o tei ne.
13Noah na yi bena bia yaredo de dedwe (601) to, mo na-fɔrɔ kom ya na wo tega kam baŋa ne to laam we. Bene dem boboa chana kam boboa dɛ dem ne mo konto. O ma pore woŋo kolo ba ya na mɛ ba kwoli nabworo kom to. O ma nii o na we tega kam laam wora ka kora mo. 14Chane selei chana kam ne mo, tega kam baŋa laam yɔɔre ka ko ga wegesege. Ko maa ye chana kam da finlei-yarepɛ dɛ dem ne mo konto.
15Wɛ laam ma ta de Noah we, 16“Ja n kaane, de n bia bam, de ba kaana bam maama se á nwoŋi nabworo kom wone. 17Nam ta ja vara bam dwi dwi, de zuna bam dwi maama dedaane tega-veila de wo-korro tem maama n woli da se á nwoŋi. Wonnu tem maama ye se te puli mo te jage tega kam maama baŋa ne.”
18Noah de o kaane, de o bu-baara bam, de ba kaana bam maama laam ma nwoŋi ba yage nabworo kom. 19Varem dwi maama, de zuna bam dwi maama dedaane tega-veila de wo-korro tem maama de ma nwoŋi. Ba déem tɔge daane ba nwoŋi mo se ko maŋe de ba dwi dem na ye tei to.
20Noah ma lɔ bimbini se o ma o kaane Baŋa Wɛ. O ma daare o le vara dedaane zuna balo na maŋe de kaanem to dwi maama wone dedoa dedoa. O laam zwɛ-te o pa Baŋa Wɛ. 21Baŋa Wɛ ma lwoŋi kaanem dem ye de su o yi. O ma ta o tete ne we, “Amo daa bá chɔge tega kam nabiina totoŋa ŋwaane. Nabiina boboŋa de ba pale-kia maama maŋe ya tɔge lwarem yerane mo ko zege ba biini ne. De konto de, amo nam daa bá chɔge wonnu telo a na ke ye te jege ŋwea to nenɛɛne a na ke tei tento.
22Tega baŋa na wó taa wora maŋa kalo maama ne to,
Duum maŋa de kwea maŋa wó taa wora.
Waaro de wulim de wó taa wora.
Yadɛ dedaane te-pwoŋa bá fɔge te ti.
Wea de tete de bá fɔge te ti.”",https://www.bible.com/bible/3661/GEN.8.KBG
PULIM 9,"Wɛ de Noah ni-gwonim dem
1Wɛ déem swɛ Noah de o bu-baara bam swolim mo ye o we, “Ja-na dwi, se á daare á puli á jage tega baŋa maama ne. 2Amo kwei vara dwi maama, de zuna dwi maama, de tega-veila dedaane wo-korro maama, ko ta woli de ywona dwi maama mo a ke abam jeŋa ne. Te maama wó taa tiini te kɔre foone de abam. 3Amo laam pɛ abam chwoŋa se á di woŋo kolo dwi maama na ŋwe to, nenɛɛne abam nabiina na maŋe á jege chwoŋa se á di wodiiru telo maama na ke tega kam baŋa ne to. 4Abam nam ba jege se á di varem de o yera jana, kokuri to, ŋwea wo jana bam wone mo. 5Nabiinu naa varem ná go nɔɔno, amo wó seene yia mo a bwei‑o. 6Amo Baŋa Wɛ naane nabiina se ba taa nye de amo mo. Konto ŋwaane, wolo maama ná go o dwoŋi nabiinu, ko jege se ba go kotu de mo.
7Abam nam ta‑á lore-na bia á puli dedɛ, se á daare á jage tega baŋa maama ne.”
8Wɛ ta ma ta Noah de o bia bam o we, 9“Leile konto amo lage a gwoni ni mo de abam. De nam wó taa wora de pae abam bia balo na wó saŋe á kwaga ne to de. 10Ni-gwonim dem ta wó toŋe de pa woŋo kolo dwi maama na ŋwe to, ne ko ná ye zuna de vara dwi maama na tɔge de nmo ba nwoŋi nabworo kom wone to. 11A ni-gwonim dem ŋwaane amo nam lage a du duuri de nmo we, na-fɔrɔ daa bá ba se ko chɔge logo kom maama dedaane balo maama na ŋwe tega kam baŋa ne to.”
12Wɛ laam maa we, “Ni-gwonim dem amo na ke de abam de woŋo kolo maama na ŋwe to mo wó taa wora se ko taa vei wuu. Tento mo wó taa ye maana we a gwoni ni dem konto:
13Amo wó gare manlaataŋa mo kunkwonnu tem ne. Kanto mo wó taa ye gula we amo gwoni ni dedaane woŋo kolo maama na wo tega kam baŋa ne to. 14Amo ná yeini a pa doa tene, ye manlaataŋa kam ná gare wɛɛne, 15ko wó pa se amo guli ni-gwonim delo a na ke de abam de woŋo kolo maama na ŋwe to, se na-fɔrɔ daa yé fɔge ko chɔge abam maama. 16Amo ná nɛ manlaataŋa kam kunkwonnu tem wone, ko wó pa se a guli we amo Baŋa Wɛ dedaane woŋo kolo dwi maama na ŋwe to gwoni ni daane. Ni-gwonim dem nam wó taa wora se ko taa vei wuu.”
17Wɛ laam ma ta Noah o we, “Manlaataŋa kam mo wó bere we amo de tega baŋa woŋo maama na ŋwe to jege ni-gwonim daane.”
Noah bia bam taane
18Noah bia banto déem mo dɛ ba nwoŋi nabworo kom ne: Sɛm, de Ham, dedaane Jafete. Ham déem ye Kanaan kwo mo. 19Tega baŋa nabiina maama déem zege Noah bia batɔ banto yera ne mo ba laam jage ba yi tega kam baŋa jei maama ne.
20Noah déem ye valo mo. Wonto mo bobo se o jeiri Vini teeni delo bia na wae sana ba ke to. 21Dɛ dedwe o ma nyɔ ba sana bam o bugi. O na bugi to, o ma tigi o vwei dem ne bwori, kolokolo tere o yera ne. 22Kanaan kwo Ham ma zo vwei dem wone o na o kwo wom na tigi da bwori to. O ma nwoŋi pwooni o ta o na nɛ kolo to o bere o chorro telei tem. 23Sɛm dedaane Jafete ma kwei gare-dedɔrɔ ba daŋe ba bakale baŋa ne. Ba laam ma pipiri ba yibia ba yage kwaga ne, ba vo ba zo vwei dem wone. Ba ma kwoli ba kwo wom chaveera ye ba wo sɛ se ba nii o seeni.
24Sana bam ma lwoori Noah yia ne, ye o lɔre kolo o bu-balaŋa Ham na ke o yera ne to. 25O ma ta o we,
“Amo sɔɔle lwarem a yage Kanaan baŋa ne!
Wonto mo wó tiini o muri kabɛ maama wone
se o taa toŋa o pae o chorro tem.”
26O ta ma ta we,
“Baŋa Wɛ wom na ye Sɛm Wɛ to maŋe de tia mo!
Kanaan maa wó taa ye Sɛm kabaa.
27Wɛ nam wó pa se Jafete laŋa kam tiini ka yale,
se o dwi tiina dedaane Sɛm dwi tiina taa zoore daane.
Kanaan wó taa ye o kabaa.”
28Na-fɔrɔ kom na chɔge tega baŋa ko kɛ to, Noah déem ta ŋwe mo bena bia yatɔ de finnu (350). 29Noah bena yam maama déem na ke daane, o déem yi bena bia nogo de finnu (950) mo, ye o laam te.",https://www.bible.com/bible/3661/GEN.9.KBG
PULIM 10,"Logo baŋa teene dem taane
1Na-fɔrɔ kom na ke ko kɛ to kwaga ne mo Noah bu-baara bam Sɛm, de Ham, dedaane Jafete déem loge bia. Banto dwia yam taane mo tento.
Jafete dwi dem
2Jafete bu-baara bam mo tento: Gomera, de Magoga, de Madayi, de Javan, de Tubal, de Meseka, dedaane Tirasi. 3Gomera bia bam mo tento: Asekenazi, de Rifata, dedaane Togarama. 4Javan bia bam mo tento: Elisa de Tarasisi tiina bam, dedaane Kitim tiina bam, de Rodan tiina bam. 5Dwia yalo maama na zoore naneero tem ni ne to nwoŋi banto yera ne mo.
Jafete bu-baara bam mo konto, nɔɔno maama de o teo, de o taane, dedaane o dwi.
Ham dwi dem
6Ham bu-baara bam mo tento: Kusi, de Ejipti, de Puti, dedaane Kanaan. 7Kusi bia bam mo tento: Sebaa, de Havila, de Sabeta, de Raama, dedaane Sabeteka. Raama bia bam mo tento: Seba de Dedan.
8Kusi bu wodwoŋi déem ye Nimrodi. Nimrodi ma da yiga o ji babea logo kom ne. 9Wɛ déem ma pa se o ye tɔɔno babea, ye nɔɔna déem ma o yere ba seeri sinseira we, “Nmo nye nenɛɛne Nimrodi, wolo wom déem na ye babea Baŋa Wɛ yiga ne to mo.” 10Teene dedwonna mo o déem di paare de baŋa ne. De maa ye: Babili, de Ereki, de Kalenɛ, dedaane Akade. Teene dem konto déem wo Sinare laŋa kam ne mo. 11O laam ma zaŋe dáane o vo Asiria jei sem. O na yi da to, o déem lɔge teene dedwonna mo. Dento maa ye: Ninevɛ de Rehobof-Iri, de Kala, 12dedaane Resen. Resen nam ya wo Ninevɛ de Kala tetare ne mo. Kala déem mo ye jei sem konto te-fɔrɔ.
13Ejipti bia bam mo tento: Ludi tiina bam, de Anam tiina bam, de Lehabi tiina bam, de Nafitu tiina bam, 14de Patirusi tiina bam, de Kasilu tiina bam, dedaane Kiriti tiina bam. Filisi tiina bam déem nwoŋi Kasilu dwi dem ne mo.
15Kanaan bia bam mo tento: Sidon mo déem ye o bu-kwea. Hiti tiina bam de ma woli da, 16de Jebusi tiina bam, de Amori tiina bam, de Giragasi tiina bam, 17de Hivi tiina bam, de Ariki tiina bam, de Sini tiina bam, 18de Aravadi tiina bam, de Zemari tiina bam, dedaane Hamafe tiina bam.
Ko na ke fee ko woli da to Kanaan tiina bam ma jage jei maama. 19Ba laŋa kam laam zege Sidon ne ka tole ka yi Gerare, ka vo ka yi Gaza, ye ka tole ka yi Sodom, de Gomora, de Adema, dedaane Zeboyiim, ka laam vo konto taa ka yi Lasa.
20Ham bu-baara bam mo konto, nɔɔno maama de o dwi, de o taane, de o teo dedaane o de laŋa.
Sɛm dwi dem
21Sɛm de déem ma lo bu-baara. Wonto zembaaro mo ye Jafete. Sɛm déem ye Ebera dwi dem nabaaro mo. 22Sɛm bia bam mo tento: Elam, de Asuri, de Arapazade, de Ludi, dedaane Aram. 23Aram bia bam mo tento: Yuzi, de Huli, de Getera, dedaane Meseka. 24Arapazade déem ye Sela kwo mo, Sela maa ye Ebera kwo. 25Ebera déem loge bia balei mo: Ba dedoa yere mo ye Pɛlega, kokuri to, ba na loge‑o maŋa kalo ne to mo dwia yam déem pɔɔre pɔɔre tega baŋa ne pa se dwi maama wora de laŋa ne. O nyaane wom yere déem maa ye Jokitan. 26Jokitan déem ye bia banto kwo mo: Alimodadi, de Sɛlefa, de Hazaremava, de Jera, 27de Hadoram, de Yuzali, de Dikila, 28de Obal, de Abimayeli, de Seba, 29de Ofiri, de Havila, dedaane Jobaba. Banto maama mo déem ye Jokitan bia bam. 30Ba laŋa kam déem zege Mesa jei sem ne mo ka tole konto ka yi Sefara seeni. Zwonnu laŋa kam na wo wɛ-puli jei sem ne to mo konto.
31Sɛm bu-baara bam mo konto, nɔɔno maama de o dwi mo, de o taane, de o teo, dedaane o tete laŋa.
32Dwia yalo maama na nwoŋi Noah bia bam yera ne to, de ba na pɔɔre sɔ-yuu de sɔ-yuu tei to mo konto. Na-fɔrɔ kom kwaga ne Noah dwi dem déem laam ma puli ba ji teene ba jage logo baŋa ni maama ne.",https://www.bible.com/bible/3661/GEN.10.KBG
PULIM 11,"Babili di-dedɔrɔ kom
1Boboa ne to, nabiina bam maama déem jege taane dedwe mo ba ŋɔɔna. Ba botare-bia déem dae yera yera. 2Ko na ke fee to mo nɔɔna badwonna nwoŋi wɛ-puli jei sem ne ba beeri ba vo ba yi Sinare laŋa kam. Ba ma jeini ba lɔ sane ko te-kampare jei ne. 3Nɔɔna bam ma ta daane ba we, “Pa-na se dé mage wara dé fuli-ya se ya taa dana.” Ba ma seene ba ke konto. Ba déem mɛ wara yam ba ji kandwa ba ma lɔ ba sane ye ba ma kɔtaale se ko taa ye te-lɛɛro ko pa-ba. 4Ba ma daare ba we, “Pa-na dé ke ni daane se dé lɔ teo kamunu ye dé lɔ di-dedɔrɔ kolo yuu na wó di wɛ-wɛ ko twɛ wɛyuu to. Ko ná ke konto, dé wó na yere dé pa dé tete, ye dé bá jage tega baŋa jei maama ne.”
5 Baŋa Wɛ ma tu o ba se o nii teo kolo nabiina bam na lɔge to de ko di-dedɔrɔ kom. 6O ma ta o tete ne o we, “Nii nɔɔna banto na gare ba bobo se ba taa toŋe tei! Ba nam na ye dwi dedoa ye ba ta ŋɔɔne taane dedwe to mo pa se ko ye konto. Ko ná lage ko taa ye tento, ko bá dáane ye ba wane ba toŋe kolo maama ba na lage to. 7Pa-na se dé vo dé yi ba tei dé vugimi ba taane dem se ba daa yé taa ni da-taane kuri.”
8 Baŋa Wɛ déem ma seene o pa se ba jage tega baŋa jei maama ne. Ba ma kwei ba teo kom lɔɔm dem ba yage. 9Ko laam ma pa se ba bwoŋi teo kom konto yere we Babili, kokuri to, dáane mo Wɛ déem vugimi nabiina taane dem ye o daare o pa se ba zege dáane ba jage ba vo tega kam baŋa jei maama ne.
Sɛm dwi dem taane
10Sɛm dwi dem taane mo tento: Sɛm déem na yi bena bi to mo o loge Arapazade. Na-fɔrɔ kom na kɛ pa se bena yalei daa yi to mo konto. 11Arapazade lora kam kwaga ne, Sɛm daa ta ma na bena bia yanu, ye o lo bia badwonna o woli da, bakeiri dedaane busankane.
12Arapazade déem na yi bena fintɔ-yanu to mo o loge Sela. 13Sela lora kam kwaga ne, Arapazade daa ta ma na bena bia yana de yatɔ (403), ye o lo bia badwonna o woli da, bakeiri dedaane busankane.
14Sela déem na yi bena fintɔ to mo o loge Ebera. 15Ebera lora kam kwaga ne, Sela daa ta ma na bena bia yana de yatɔ, ye o lo bia badwonna o woli da, bakeiri dedaane busankane.
16Ebera déem na yi bena fintɔ-yana to mo o loge Pɛlega. 17Pɛlega lora kam kwaga ne, Ebera daa ta ma na bena bia yana de fintɔ, ye o lo bia badwonna o woli da, bakeiri dedaane busankane.
18Pɛlega déem na yi bena fintɔ to mo o loge Rewu. 19Rewu lora kam kwaga ne, Pɛlega daa ta ma na bena bia yalei de nogo, ye o lo bia badwonna o woli da, bakeiri dedaane busankane.
20Rewu déem na yi bena fintɔ-yalei to mo o loge Serugi. 21Serugi lora kam kwaga ne, Rewu daa ta ma na bena bia yalei de yarepɛ, ye o lo bia badwonna o woli da, bakeiri dedaane busankane.
22Serugi déem na yi bena fintɔ to mo o loge Nahora. 23Nahora lora kam kwaga ne, Serugi daa ta ma na bena bia yalei, ye o lo bia badwonna o woli da, bakeiri dedaane busankane.
24Nahora déem na yi bena finlei-nogo to mo o loge Tera. 25Tera lora kam kwaga ne, Nahora daa ta ma na bena bi de fuga-nogo, ye o lo bia badwonna o woli da, bakeiri dedaane busankane.
26Tera déem na yi bena fuserepɛ to mo o loge Abaram, ye o daare o lo Nahora de Haran.
Tera dwi dem taane
27Tera dwi dem taane mo tento: Tera déem ma lo Abaram, de Nahora, dedaane Haran. Haran ma lo Lot. 28Tera déem loge o bia bam Babilonia tiina teo kolo yere na ye Uri to ne mo. Haran déem ma lwoori yiga o te dáane, ye o kwo Tera ta ŋwe. 29Abaram de Nahora déem maa nii kaana ba di. Abaram kaane wom yere déem mo ye Sarai. Nahora kaane wom yere déem maa ye Milika. Milika déem ye Haran bukɔ mo ye o daare o ye Isika nakɔ. 30Sarai déem ye kadega mo. O ya wo wane bia se o lo.
31Tera déem ma boŋe se o zaŋe Babilonia tiina teo Uri ne se o vo Kanaan teo kom. O ma ja o bu Abaram, de o naa Lot wolo na ye Haran bu to, ko woli de Abaram kaane Sarai, ye o zaŋe o maa kɛa. Ba maama ma vo ba yi Haran teo ba zoore da ye ba ta wo yi Kanaan.
32Tera déem ŋwe mo taa o yi bena bia yalei de yanu (205), ye o laam te Haran teo kom ne.",https://www.bible.com/bible/3661/GEN.11.KBG
PULIM 12,"Wɛ bwoŋi Abaram
1 Baŋa Wɛ ma ta de Abaram we, “Yage n teo kom fase, de n chorro tem, de n kwo sɔŋɔ tiina bam maama, se n daare n vo tega kalo amo na wó bere‑m to.
2Amo wó swɛ nmo swolim,
ye a pa se n dwi tiina ji te-zɔŋɔ.
Amo wó pa se n yere dem zaŋe de taa ye yere-zɔŋɔ.
Nmo wó pa se nɔɔna na zaane amo tei ne.
3Balo maama na wó sɔɔle lam ba yage nmo yuu ne to,
amo de wó swɛ ba swolim.
Wolo maama nam na wó sɔɔle lwarem o yage nmo yera ne to,
amo de wó sɔɔle lwarem a yage kotu de baŋa ne.
Amo nam wó da nmo baŋa ne mo
a swɛ logo baŋa dwi maama swolim.”
4Abaram ma nwoŋi Haran teo kom ne se o vo jeiga kadwoŋi, nenɛɛne Baŋa Wɛ na tage tei ded‑o to. O déem jege bena fuserepɛ-yanu mo. O choro bu Lot de ma tɔge o vo. 5O ma ja o kaane Sarai o woli da, dedaane Lot. O ta ma kwei jejegero telo maama o na nɛa Haran ne to, de nɔɔna balo maama na toŋa ba pa‑o to o ja nwoŋi o maa viira. Ba déem kwei chwoŋa mo ba maa vei Kanaan teo kom. Ba ma vo ba yi da.
6Abaram maa vei logo kom ne taa o vo o yi Morɛ tei-zɔŋɔ kom na wo Sɛkɛm ne to. Maŋa kam konto ne, Kanaan tiina bam déem mo ta zoore jei sem konto ne. 7Abaram na wora konto to, Baŋa Wɛ ma ba o tei o we, “A lage a kwei tega kanto mo a pa n dwi dem se ba taa tei.” O ma tigisi kandwa dáane se o ma zuli Baŋa Wɛ, o na tu o tei to ŋwaane.
8O ma zege dáane o vo zwonnu laŋa na wo Bɛtel wɛ-puli seeni to. O laam ma pu o vwei da. Ayi de Bɛtel tetare ne mo konto. Bɛtel déem wo wɛ-zoore jei ne mo, Ayi de maa wo wɛ-puli jei ne. O ma lɔ bimbini o pa Baŋa Wɛ ye o zuli o yere.
9Abaram laam ma zege dáane o kwei chwoŋa kalo na maa tu tega-kuri seeni ka zoore kagoa kam to o maa kɛa.
Abaram vei Ejipti
10Kana déem tiini ka to teo kom ne. Abaram ma zaŋe o vo Ejipti se o taa zoore da maŋa fenfee se kana yé ja-ba ka go. 11Ba na twɛ Ejipti se ba zo teo kom to, o ma ta de o kaane Sarai o we, “Nmo seene n ye kaane wolo na tiini o lamma to mo. 12Konto to, Ejipti teo tiina bam ná nɛ‑m, ba wó ta we ‘O kaane wom mo tento.’ Ba laam maa wó ja-ne ba go ba daare nmo se n ta‑n wora. 13Nam ta n bere-ba nenɛɛne n ye a nakɔ mo, se ba tɔge nmo ŋwaane ba ke-ne lanyerane, ba daare ba yage a ŋwea kam ba pa-ne.”
14Ba na vei ba yi Ejipti teo kom to, Ejipti tiina bam ma na we kaane wom tiini o lamma. 15Teo kom nakwa na nɛ‑o to, ba ma tiini ba tei‑o ba Pa-faro wom yiga ne. O ma pa se ba ja‑o ba zo pɛ sɔŋɔ kom wone. 16O ma da Sarai ŋwaane o ke Abaram lanyerane. O ma pa Abaram na peeni de bone de naane de bona-bɛ dedaane bona-chwa. O ma kwori o na tontoŋe-baara de tontoŋe-kana, dedaane kona.
17Se ko ná ye Pa-faro wom de o sɔŋɔ tiina bam, Baŋa Wɛ ma kwei jawe-chɛɛro o ke ba yera ne. Ko maa ye Pɛ wom na jege Abaram kaane Sarai ŋwaane to mo ba nɛ cham dem konto. 18Pɛ wom ma bwoŋi Abaram ye o bwei‑o we, “Bɛ mo ye nmo ke-ne konto? Bɛŋwaane mo ye n wo tage n bere amo we wonto ye nmo kaane mo? 19Bɛ mo ye n ta we, o ye n nakɔ, pa se a kwei‑o se o taa ye a kaane? N ke chega na? Konto, nii n kaane wom. Ja‑o se á viiri!” 20Pa-faro wom ma pa o nɔɔna bam ni se ba zeili Abaram, de o kaane wom, de kolo maama o déem na jege to se ba viiri.",https://www.bible.com/bible/3661/GEN.12.KBG
PULIM 13,"1Abaram de o kaane déem ma ja ba jejegero tem maama ba nwoŋi Ejipti teo ne. Ba ma kwei chwoŋa ba vo baŋa seeni ba vo ba yi kagoa kalo na wo Kanaan tega-kuri seeni to. Lot de ma tɔge ded‑o o kɛ. 2Abaram déem ma tiini o duni de vara dwi dwi, ye o ta jege lu-nyenno dedaane sabu-seŋa wonnu dedɛ.
3O na zege kagoa kam seeni to, Abaram déem yeini o kare o vei mo, o zege jeiga dedoa o vo jeiga kadwoŋi ne. O ke konto mo taa o vo o yi Bɛtel de Ayi tetare laŋa ne. Dáane mo o ya maŋe o pu o vwei da, 4ye o lɔ bimbini da to. Abaram ma bwoŋi Baŋa Wɛ yere o zuli‑o dáane.
5Abaram choro bu Lot de déem maa tɔge de Abaram o kare o via. O de ya jege peeni, de bone, de naane, ko woli de tontoŋena. 6Ba na zoore daane konto to, tega kam ya daa ba daga ka pa-ba, ba vara bam na tiini ba gaale to ŋwaane. Ba daa ware se ba taa zoore daane jeiga dedoa. 7Abaram nayera bam de Lot nayera bam déem ma mage ni-kantɔgɔ daane. Maŋa kam konto ne mo Kanaan tiina bam de Pɛrizi tiina bam ya daa ta zoore jei sem konto ne.
8Abaram laam ma ta de Lot we, “Debam ye chorro mo. Pa se dé che jara debam laŋa ne, se amo nayera bam de nmo nayera bam yage ni-kantɔgɔ daane. 9Tega kam daga dedɛ ye ka tigi n yiga ne palalala. Ko dae chega na? Nam pa se dé pwɛ chwei. Nmo ná maa n vei jagwia seeni, amo wó vo jazem seeni. Ko daare nmo daa‑n ná maa n vei jazem, se amo vo jagwia seeni.”
10Lot déem ma kwoni o yuu o nii o na Jɔdan bwolo kom se ko taa vei Zoara seeni to. O ma maane we tega kam tiini ka jege na nenɛɛne Baŋa Wɛ tete teeni kara kam mo. Ka ta maa ye te-laao nenɛɛne Ejipti tega kam na ye tei to. Maŋa kam konto ne Baŋa Wɛ déem ta wo chɔge Sodom de Gomora teene dem. 11Lot ma nii o kuri Jɔdan bwolo kom konto maama o pa o tete. O ma zaŋe o kwei chwoŋa o ma yɔɔre wɛ-puli jei sem ne.
Abaram de o choro kom ma pwɛ da-chwei. 12Abaram déem maŋe Kanaan teo kom ne, ko daare ye Lot vo o zoore teene delo na wo bwolo kom ne to tetare ne. O ma vo o twɛ Sodom o ja o vwei dem o vo o pu jei sem konto ne. 13Tɔ, Sodom tiina bam déem maa tiini ba jege puseŋa ye ba toŋe wɛleera Baŋa Wɛ yiga ne pa se ya gaale.
Abaram zaŋe o vo Heboron
14Lot na viiri to, Baŋa Wɛ déem ma ta de Abaram we, “Zege n na wo mɛ to se n kwoni n yuu n nii jei sem maama, n yiga ne, de n kwaga ne, ko woli de n jazem de n jagwia. 15A lage a pa nmo de n dwi dem tega kam konto maama mo, se á ta‑á tei taa wuu. 16Amo wó pa se n dwi dem taa daga dedɛ nenɛɛne logo baŋa kasolo kom na daga tei to. Nɔɔn-nɔɔno bá wane nmo dwi dem o ga o ti. 17Nam zaŋe n ta‑n vei n kaare tega kam maama, se n lɔre ka na dɔra tei to dedaane ka na yala tei maama to, kokuri to, a lage a kwei ka maama mo a pa‑m se n ta‑n tei.”
18Abaram ma zaŋe dáane de o nɔɔna bam maama ye o laam vo Heboron seeni o zoore Mamere tei-kamunnu tem na wo mɛ to. O ma lɔ bimbini dáane se o ma zuli Baŋa Wɛ.",https://www.bible.com/bible/3661/GEN.13.KBG
PULIM 14,"Abaram jwoŋi Lot o yage
1Kanto maŋa kam ne, pwa badwonna déem mo wora. Babilonia teo pɛ yere mo Amarafeli. Elasare teo pɛ yere maa ye Arioki. Elam teo pɛ yere maa ye Chɛdɔlaoma. Ko daare Goyim teo pɛ yere mo Tidali. 2Pwa bana banto déem ke ni daane mo se ba vo ba kwaare jara de ba dona pwa banu dedaane ba nɔɔna. Banto maa ye Sodom teo pɛ Bera, de Gomora teo pɛ Birasa, de Adema teo pɛ Sinaba, dedaane Zeboyiim teo pɛ Semebera, se ko woli de Bela teo pɛ wom. (Zoara teo kom mo konto). 3Pwa banu banto déem ke ni daane mo ba jeeri Sidim bwolo kom ne. Zem jei sento mo ye Yɛ naneo kom. 4Bena fuga-yalei maama wone mo pɛ Chɛdɔlaoma tei pwa banu banto. Ko daare bena fuga-yatɔ bene dem ne ba ma lɔ o kwaga ne.
5Bena fuga-yana bene dem ne Chɛdɔlaoma de pwa balo na ke ni ded‑o to laam ma vo Asetarof-Karanayim ba ke jara ba wane Refayi tiina bam. Ba déem ta ma vo Ham ba wane Zuzi tiina bam ba di-ba, ye ba daare ba wane Emi tiina bam na wo Savɛ-Kiriafayim ne to. 6Ba ma daare ba wane Hori tiina bam na wo Edom zwonnu laŋa kam ne to. Ba ma zeili-ba taa ba vo ba yi El-Paran na bwola de kagoa kam jei sem to. 7Ba ma pipiri ba jwoori ba vo ba yi En-Misipate, (Kadese teo kom mo konto). Ba ma ja jara ba wane Amaleki tiina bam de ba teene dem maama, ko woli de Amori tiina bam ba na zoore Hazazon-Tamare ne to.
8Kanto maŋa kam ne mo Sodom pɛ, de Gomora Pɛ, de Adema Pɛ, de Zeboyiim Pɛ, de Bela Pɛ nwoŋi ba ke daane se ba kwaare jara de pwa badwonna bam Sidim bwolo kom ne. 9Pwa banu banto déem mo kwaare jara de pwa bana. Ko maa ye Elam Pɛ Chɛdɔlaoma, de Goyim Pɛ Tidali, de Sinare Pɛ Amarafeli, dedaane Elasare Pɛ Arioki mo kwaare-ya.
10Gwonnu dedɛ déem maa wo jei sem konto ne ye kɔtaale wo te wone. Ko ma pa se Sodom de Gomora pwa bam de ba jar-keira bam na duri se ba lu jara yam ne to, ba badaara ma vo ba to gwonnu tem wone. Ba badwonna ma duri ba vo ba yi zwonnu laŋa se ba lu. 11Pwa bana bam laam ma vere Sodom de Gomora tiina jejaano tem maama de ba wodiiru maama ba ja ba viiri. 12Abaram choro bu Lot déem na zoore Sodom ne to ŋwaane, ba ma ja‑o ba woli da ba viiri, de o jejegero tem maama.
13Nɔɔno wodwoŋi déem ma wane o lu jara yam ne. O ma vo Hiburu tu Abaram tei o ta o bere‑o kolo maama na ke to. Ka maŋa kam ne o déem zoore o twɛ de tei-kamunnu tem na ye Amori tu Mamere nyem to mo. Mamere wom chorro déem mo ye Esekola de Anera, ye ba maama dedaane Abaram déem ya maŋe ba sɔ ni daane mo. 14Abaram na lɔre we pwa bana bam jaane o choro Lot ba woli da to, o ma bwoŋi jar-keira bia yatɔ de fuga-nana (318) ba na loge-ba o sɔŋɔ ne to. Ba ma pare pwa bam ba vo ba yi Dan. 15Tete ne Abaram ma pɔɔre o nɔɔna bam kɔgɔ kɔgɔ se ba kwaare de o dona bam ye o wane-ba. O ma zeili-ba o vo o yi Hoba na wo Damasika baŋa ne to. 16O ma jwoori o jwoŋi jejaano tem maama ye o daare o vere o choro bu Lot de o jejegero tem maama ba jeŋa ne o ja o jwoori, ko woli de kaana bam dedaane nɔɔna bam maama.
Melkizedeka ke zaane Abaram yuu ne
17Abaram na wane Chɛdɔlaoma de o pwa badwonna bam ye o jwoori to mo Sodom Pɛ nwoŋi o jeeri‑o Savɛ bwolo kom ne. Ba ta bwoi-ko we ‘Pɛ bwolo kom’.
18Melkizedeka déem maa ye Salem tiina Pɛ. O ta maa kwori o ye Yuu-tu Wɛ wom kaanem tu mo. O ma ja bworobworo de sa-sona o ba o pa Abaram. 19O déem ta ma ke zaane o ke Abaram yuu ne ye o we,
“Yuu-tu Wɛ wom na ke wɛyuu de tega baŋa to
wó swɛ nmo swolim.
20Yuu-tu Wɛ wom yɔɔre o maŋe de tia,
o na wane nmo dona bam
o ke-ba nmo jeŋa ne to ŋwaane.”
Abaram laam ma pɔɔre jejegero tem o na jaane o jwoori jara yam jei ne to maama kuni fuga, ye o pa Melkizedeka popɔra dedoa.
21Sodom Pɛ déem ma ta de Abaram we, “Pa-ne a nɔn-bia bam maama se n daare jejegero tem n ta‑n jega.” 22Abaram ma leiri Sodom Pɛ wom we, “Amo seene yia mo a ma a du duuri de Yuu-tu Baŋa Wɛ wom, o na ke wɛyuu de tega baŋa to we, 23amo seene a bá jwoŋi kolokolo na ye nmo nyem to. A bá sɛ a jwoŋi nmo woŋo fenfee de, ko ná maŋe ko ye n gare-ŋona, naa n natere ŋona de, kokuri to, a ba lage se maŋa kadwoŋi ne se nmo bere n tete n ta we, nmo mo pɛ se amo ji naduni. 24Amo bá sɛ a jwoŋi kolokolo n tei ne ko ná dae wodiiru telo yerane a nɔɔna bam na di to. Ko daare, Anera de Esekola dedaane Mamere jege se ba jwoŋi ba tete popɔra mo, banto de diim na tɔge ba woli amo ye dé ke jara yam to ŋwaane.”",https://www.bible.com/bible/3661/GEN.14.KBG
PULIM 15,"Wɛ gwoni ni de Abaram
1Konto maama na ke ko kɛ to, Baŋa Wɛ ma ba Abaram tei dendwɛ wone o we, “Abaram, yé ta‑n kɔre foone. Amo mo ye wolo na wó che‑m se n yé na chɔgem, se a daare a pa nmo jwoŋi nyɔɔre dedɛ amo ŋwaane.”
2Abaram ma leiri o we, “Yuu-tu Baŋa Wɛ, nyɔɔre dwi dɔ mo wó taa wora ye a ta ba jege bia? Amo ná tera a daare, Damasika tu Eliazera mo wó jwoŋi a wonnu tem maama o taa tei. 3Nmo na wo pɛ amo bu to, amo sɔŋɔ kabaa mo laam wó jwoŋi-ko o taa tei.”
4 Baŋa Wɛ daa ma ta ded‑o we, “Eliazera nam bá jwoŋi n sɔŋɔ kom, se ko ye n bu-baaro wolo n na wó lo to mo wó ba o jwoŋi-ko o taa tei.” 5Wɛ laam ma ja‑o o nwoŋi pwooni ye o we, “Kwoni n yuu n nii wɛyuu ne se n daare n kwaane n ga chalechwe sem. Nmo wó wane n ga-se n ti na?” O laam ma ta ded‑o we, “Nmo dwi dem na wó taa daga tei to mo konto.”
6Abaram na nɛ konto to, o ma ke o wo-dedoa de Baŋa Wɛ. Konto ŋwaane mo Wɛ pɛ se o na chega.
7Wɛ ta ma ta ded‑o we, “Amo mo ye Baŋa Wɛ, ko ye amo mo jaane nmo a nwoŋi Babilonia tiina teo Uri ne a ba ywo-seeni. A ma daare a pa‑m tega kanto se n ta‑n tei.” 8Abaram ma bwei‑o we, “Yuu-tu Baŋa Wɛ, amo wó ke tɛ mo a lɔre chekke we nmo wó seene n pa amo tega kam se a taa tei?”
9 Baŋa Wɛ laam ma ta ded‑o we, “Nam ja na-chwɛ, de bo-chwɛ, de pi-bala, te maama na ye bena yatɔ yatɔ to, n ja n ba. Ta ta‑n jege kunkwoŋa de kunkwon-puuri n woli da.” 10Abaram ma ja vara bam konto maama o ba Wɛ yiga ne, ye o chɛ te maama yalei yalei, se ko ná ye zuna bam, o déem wo chɛ tento. O laam ma tigisi-te pa se chichworo maama pipiri ko jeeri kodwoŋi kom. 11Duura ma ba se ba di nɔna yam konto. Abaram ma zeili-ba o yage.
12Wɛ na wora de zoore to mo Abaram dɔ o beiri. Ko ma tiini ko ke biramm ko kaare mɛ o na wora to ye foone jege‑o. 13Baŋa Wɛ ma ta ded‑o we, “Nam ta‑n yei lanyerane we n dwi dem lage ba ji veira mo teo kodwoŋi ne, ye ko dae ba tete teo. Ba wó ji kabɛ mo ye nɔɔna bɛɛse-ba bena bia yana. 14Ko nam ná ye teo kolo nɔɔna na bɛɛse-ba to, amo wó vaŋe ba zwa lanyerane. Ko kwaga ne mo a wó pa se n bia bam ja jejegero dedɛ ba nwoŋi teo kom konto ne ba ja viiri. 15Se ko ná ye nmo tete, amo wó pa se n ta‑n ŋwe ŋwea de yazura mo se n laam te n kokweero maŋa ne. 16Dwia yana laŋa ne mo nmo dwi dem laam wó jwoori ba ba ba taa zoore ywo. Kanto maŋa kam mo wó taa ye maŋa kalo Amori tiina bam keim-lwanno na daga ye te yi se a waare-ba to. Maŋa kam ta wo yi se a ke konto.”
17Tega na yi ye jei sem maama ye lim to mo Abaram nɛ kɔlepɔte de de wo mini. O ta ma na daa de ka min-vogo, ye mina yam konto maama laam ma tɔge nɔna yalo Abaram déem na tigisi to chichworo maama tetare ne ya kɛa. 18Dento dɛ dem ne Baŋa Wɛ ma ke ni-gwonim dedaane Abaram ye o we, “Ko ye nmo dwi dem mo a na lage a pa-ba tega kanto, ka na zege Ejipti nabara kam laŋa ne, se ka taa vei Yuferata bu-zaŋa kam seeni to. 19Ko déem ye Keni tiina tega kam, de Kenizi tiina bam, de Kadimon tiina bam, 20de Hiti tiina bam, de Pɛrizi tiina bam, de Refayi tiina bam, 21de Amori tiina bam, de Kanaan tiina bam, de Giragasi tiina bam, dedaane Jebusi tiina bam maama tega kam mo konto.”",https://www.bible.com/bible/3661/GEN.15.KBG
PULIM 16,"Hagara dedaane Isameli taane
1Abaram kaane Sarai déem nam ya wo loge bu o pa‑o. O déem nam ya jege ka-nyaane mo, o na ye Ejipti tiina bukɔ. Ka-nyaane wom yere déem mo ye Hagara. 2O na wo loge to ŋwaane o ma ta de o baro Abaram we, “Baŋa Wɛ chege amo de bu-lore. Nam véi n peini de a ka-nyaane wom, se dɛ delo ko wó tɔge wonto baŋa ne mo se amo na dwi.” Abaram ma sɛ Sarai na tage tei to.
3Ka maŋa kam ne, Abaram déem zo Kanaan teo kom ne bena fuga mo. Sarai ma kwei o ka-nyaane Hagara o pa‑o se o ma o ji o kaane. 4O ma peini de Hagara, ye o ja puga. Hagara ma na nɛ we o jege puga to, o daa maa ba nege Sarai. 5Ko ma pa Sarai ta de Abaram we, “Nmo mo pɛ se amo jege yaara yanto maama a di, kokuri to, a kwei a ka-nyaane a ke n jeŋa ne. O laam na nɛ we o jege puga to, o daa ba nege amo. Baŋa Wɛ mo wó di debam balei taane dento, ko ná ye amo yiga naa nmo yiga mo.” 6Abaram ma leiri‑o o we, “Wonto ta ye nmo ka-nyaane mo, nmo mo tei o jea de o nɛ maama, se n ke‑o n boboŋa na lage tei to.” O na tage konto to, Sarai ma bobo se o taa jege Hagara o yaara. Ko laam ma pa se Hagara duri o tei ne o daare‑o.
7Hagara ma vo o zo kagoa kam wone o vo o yi buli-yi. Ko déem bwola de Sura chwoŋa kam mo. Baŋa Wɛ maleka kam laam ma ba o tei, 8ye ka we, “Sarai ka-nyaane Hagara, nmo nwoŋi yei ne mo tento, ye n nam ma n vei yei mo?” O ma leiri we, “A maa dura se a lu a tu Sarai jeŋa ne mo.”
9Maleka kam laam ma ta ded‑o we, “Jwoori n vo n ke n tete n tu wom jeŋa ne se n daare n ta‑n toŋe n pa‑o. 10Amo wó pa se n dwi puli lanyerane pa se nɔɔn-nɔɔno bá wane-ba o ga o ti.” 11Maleka kam ma ta ded‑o ka woli da ka we:
“Nmo laam zege de puga mo tento
se n lo bakeira.
Nmo jege se n pa o yere we ‘Isameli’,
kokuri to, Baŋa Wɛ nigi n wo-chechɔgɔ kom.
12O wó taa ye nenɛɛne bonaga kalo
ba na bá wane ba ja-ka to mo.
O bá taa lage nɔn-dwi maama taane,
ye nɔɔna maama de bá taa lage o taane.
Wonto de o chorro wó taa chuli daane mo.”
13Hagara na nigi maleka kam konto to, o ma boŋe o tete ne we, “Amo yia seene ya na Baŋa Wɛ wolo na nae amo to.” O ma kwei yere dento o pa Baŋa Wɛ we ‘Wɛ wolo na nae amo to.’ 14Konto ŋwaane mo ba déem pɛ vole dem konto yere we ‘Beeri Lahayi Royi’. Vole dem ta wora tento, de zege Kadese de Bereda tetare laŋa ne mo.
15Hagara laam ma lo bakeira o pa Abaram. Abaram de ma pa bu wom yere we ‘Isameli’. 16O na loge bu wom konto to, dedaane Abaram déem jege bena funɔnɔ-yaredo (86) mo.",https://www.bible.com/bible/3661/GEN.16.KBG
PULIM 17,"Peina gwonim taane
1Abaram déem na yi bena funogo-nogo to mo Baŋa Wɛ tu o veere o tete ded‑o. O maa we, “Amo mo ye Dam-fɔrɔ Tu Wɛ wom. Ta‑n sɛ a ni konto, se n yé ta‑n jege tusim. 2Amo maa wó pa se ni-gwonim delo a dedaane nmo na ke daane to zege chekke, ye a pa se nmo dwi puli de kɔgɔ dedɛ.”
3Abaram ma vwi o yibia tega ne se o zuli Wɛ, ye Wɛ ta ded‑o we, 4“Ko ná ye amo, amo ni-gwonim dem a na ke de nmo to mo tento:
Nmo lage n ji teene dedɛ nabaaro mo. 5Ba daa bá taa bwoi nmo we Abaram, nmo yere laam wó taa ye Abaraham mo, kokuri to, a pɛ se nmo ji dwi tiina dedɛ nabaaro mo. 6Amo wó pa se n na dwi dedɛ. A wó pa se teene nwoŋi nmo yera ne. Pwa maa wó taa wora nmo dwi dem wone. 7A wó pa se ni-gwonim delo dé na zo daane to zege chekke. Ko ná ye nmo dwi delo na wó saŋe n kwaga ne to, ni-gwonim dem konto ta wó zege ko pa-ba se ko taa vei wuu mo. Amo wó taa ye nmo Wɛ, de n dwi dem de Wɛ. 8Kanaan tiina tega kanto mɛ nmo ta na ye veiru tento to, mo amo lage a kwei a pa nmo de n dwi dem se á ta‑á tei se ko taa vei wuu. Amo wó taa ye banto de Wɛ.”
9Wɛ laam ma ta de Abaraham we, “Ko ná ye nmo, n jege se n ta‑n jege a ni dem mo, se nmo de n kwaga kam ta‑á sɛ-de taa wuu. 10A ni dem mo tento a na gwoni dede‑m de n kwaga kam maama to. Ni-gwonim dem konto mo á nam jege se á ta‑á zege de wone to:
Abam wone baaro maama jege se o gwoni o peini mo. 11Abam jege se á ta‑á ke peina gwonim mo á yera yam ne. Konto mo wó taa ye memaŋe delo na bere we dé ke ni-gwonim daane. 12Nmo dwi ne se ko taa vei wuu, bakeira wolo maama ná wo á wone ye o yi da nana, á jege se á gwoni kotu peini mo, ko ná maŋe ko ye balo na bere ba dae abam dwi dem nɔɔna to de. Ko ná ye kabɛ selo ba na loge á sam dem ne to, dedaane balo á na maŋe á yeigi de sabu ye ba ye veira to, á jege se á gwoni bakeiri maama peina mo. 13Ba na loge-ba á sam dem ne, naa á yeigi-ba de sabu mo, ko jege se á gwoni ba peina mo. Tento mo amo ni-gwonim dem wó taa wo abam yera yam ne se ko bere we ni-gwonim dem bá taa jege kweelim. 14Ba ná wo gwoni baaro wolo maama peini, kotu daa bá tɔge o woli Isarele dwi dem wone, o na chɔge amo ni-gwonim dem to ŋwaane.”
15 Baŋa Wɛ daa ma ta de Abaraham we, “Ko daare nmo kaane Sarai, daa‑n yé ta‑n bwoi‑o we Sarai, o yere laam ye Sarah mo. 16A lage a ke zaane mo a ke o yuu ne. A nam lage a tɔge wonto baŋa ne mo a pa nmo bakeira. Amo wó swɛ o swolim se o taa ye teene dedɛ nu. Teene dedɛ pwa mo lage ba nwoŋi wonto wone.”
17Abaraham daa ma chɔɔle o yuu tega ne. O ma mɔne ye o ta o wone we, “Nɔɔno ná yi bena bi, o ta wó wane o lo bu na? Ko woli da, Sarah na yi bena funogo to, o ta wó wane o lo na?” 18O laam ma ta o bere Wɛ we, “Nmo ná maŋe n pa Isameli jege yazura ye nmo ná ke zaane n ke wonto yuu ne, ko wó taa daga ko pae amo.”
19 Baŋa Wɛ ma ta ded‑o we, “Ko na wó taa ye tei to, n kaane Sarah mo wó lo bu o pa‑m, ye nmo wó pa o yere we ‘Izaak’. Amo wó pa se ni-gwonim delo a na wó ke ded‑o to zege chekke mo se ko taa vei wuu. De nam ta wó taa wora de pae o dwi delo na wó saŋe o kwaga to de mo. 20Ko nam ná ye Isameli taane dem, a niga n na tage tei to. Amo wó swɛ wonto de swolim. Amo wó pa se o dwi puli o na kɔgɔ dedɛ. Pwa fuga-balei mo wó taa wo ba wone, ye ba ji te-zɔŋɔ. 21A ni-gwonim dem mo a laam za wó pa se de zege dedaane Izaak, wolo wom Sarah na wó lo o pa‑m bene dento maŋa kanto ne to.” 22Wɛ ma na ŋɔɔne dedaane Abaraham o ti to, o ma kɛ dáa o tei ne.
23Dento dɛ dem ne mo Abaraham jaane o bu Isameli dedaane baara balo dwi maama na zoore o sɔŋɔ kom ne to o ja o nwoŋi. O ma gwoni ba peina, nenɛɛne Wɛ na tage tei to, ko woli de kabɛ selo ba na loge o sɔŋɔ kom ne to de selo o na yeigi de o sabu to maama. 24Abaraham déem ye bena funogo-nogo mo ye ba gwoni o peini dem. 25O bu Isameli de maa jege bena fuga-yatɔ mo. 26Abaraham de o bu-baaro Isameli maama déem gwoni ba peina dɛ dedwe mo. 27Abaraham sɔŋɔ kom baara maama, ko ná ye balo ba na loge-ba dáane, naa balo ba na yeigi veira tei ne to, ba maama mo déem dɛ ded‑o ba gwoni ba peina.",https://www.bible.com/bible/3661/GEN.17.KBG
PULIM 18,"Veira batɔ tu Abaraham tei
1Maŋa kalo Abaraham déem na zoore Mamere tei-kamunnu tem teiŋa ne to, dɛ dedwe o maa jei o vwei dem ni ne. Baŋa Wɛ déem ma ba o tei. Maŋa kalo wea na dɔge yupare ne to mo konto. 2Abaraham ma kwoni o yuu wɛɛne ye o na nɔɔna batɔ na zege ba twɛ ded‑o. O na nɛ-ba to, mo o ke lela o zaŋe o vwei dem ni ne o jeeri-ba ye o tiini o chɔɔle o yibia tega ne o jɔɔne-ba.
3O maa we, “Amo Teiru, nenɛɛne n yi ná su amo kikia, se n yé galese amo baŋa ne n kɛ. 4Sɛ se a ja na fenfee a ba se á ma á zare á nɛ, se á daare á jeini tio konto kuri ne á sii. 5Abam zuli amo mo ye á ba amo tei. Yage-na se a lage wodiu a pa abam se á di se á yera jwoori se á laam ta‑á kɛa.” Ba ma leiri we, “Tɔ, ke nenɛɛne nmo na tage tei to.”
6Abaraham ma ke lela o yi Sarah tei vwei dem ne ye o we, “Ke lela n kwei mun-bwei bwɛ setɔ n viiri n ma n wɔ bworobworo.” 7O daa ta ma ke lela o zo o naane dem wo o kuri na-chwɛ delo na lamma to, o ja o pa o tontoŋena se ba ma ke wodiu lela. 8O ta ma kwei nayel-pepala, dedaane nayele-na, de wodiu kom o zege ba yiga ne o pa-ba. Nɔɔna bam déem ma jei ba di ye o zege ba tei ne tio kom kuri ne.
9Ba ma bwei‑o we, “Se n kaane Sarah wo yei ne mo?” O de ma leiri we, “O wo vwei dem wone.” 10Ba dedoa ma ta o we, “Amo wó jwoori a ba nmo tei bene ne maŋa kanto wone. Ka maŋa ne de nmo kaane Sarah wó taa jege bakeira o jeŋa ne.” Sarah déem ya dale vwei dem ni ne mo ba kwaga ne ye o cheigi ba taane dem.
11Abaraham de Sarah déem ya maŋe ba kwe ye ba bena yam de gaale. Sarah déem kɛ bu-lore. 12Sarah ma mɔne o wone ye o boŋe boboŋe dento nenɛɛne, “Amo laam na kwaare maŋa kalo ne ye amo diga tu wom de tiini o kwe to mo amo laam lage a ni ywoni dento na?”
13 Baŋa Wɛ ma bwei Abaraham we, “Bɛŋwaane mo Sarah mɔne ye o daare o ta we ‘A laam na kwe tento to, amo wó wane a lo bu na?’ 14Woŋo wora ko na tiini ko chamma se amo Baŋa Wɛ toŋe na? Nenɛɛne ka maŋa kam ná yia bene wɛɛne, amo wó jwoori a ba nmo tei, dedaane Sarah laam jege bakeira o jeŋa ne.”
15Foone ma ja Sarah ye o fo o ni o we, “Amo wo mɔne.” O de maa we, “Chega to, n mɔne.”
Abaraham lwoori Wɛ Sodom ŋwaane
16Nɔɔna bam ma zaŋe se ba kɛ, ye ba laam guni ba nii Sodom seeni. Abaraham de ma vo se o yage-ba chwoŋa ne se ba de laam taa kɛa.
17 Baŋa Wɛ ma ta o tete ne we, “Ko wó ke tɛ mo se amo seigi a na boŋe se a ke tei to ye Abaraham yeiri ko ni ne? 18Abaraham dwi dem wó ji te-zɔŋɔ kolo na dana to mo. Wɛ wó da wonto baŋa ne mo o swɛ logo kom baŋa teene dem maama swolim. 19Kokuri to, amo mo kuri‑o, se o bere o bia de o sɔŋɔ kom maama na wó saŋe o kwaga ne to, se ba taa tɔge Baŋa Wɛ chwoŋa kam ba daare ba taa toŋe kolo na maŋe de kolo na ye chega to. Konto mo wó pa se amo Baŋa Wɛ na pwooli se a ke tetei maama a pa‑o to wane ko toŋe chekke.”
20 Baŋa Wɛ laam ma ta o we, “Nɔɔna tiini ba keeri ba jare amo Sodom de Gomora ŋwaane se ko gaale. Ba wo-lwanno totoŋa de ta maa tiini te daga. 21Konto ŋwaane mo amo lage a vo se a nii, ba totoŋa yam seene ya lwara nenɛɛne nɔɔna keira kam na bere tei to na. Ko ná dae konto, amo wó lɔre ko ni ne.”
22Nɔɔna balei bam ma pipiri ba kwei Sodom chwoŋa kam ba maa kɛa. Abaraham de déem ma maŋe dáane o zege Baŋa Wɛ yiga ne. 23Abaraham ma vaŋe o tete o twɛ Baŋa Wɛ ye o we, “Konto, nmo wó saare nɔn-laaro tem maama mo n woli de puseŋ-nyena bam na? 24Se nɔn-laaro ná yi finnu ye ba wo teo kom ne, nmo wó saare ko maama n yage mo na? N bá‑n pa se ko ta wora, nɔn-laaro finnu telo na zoore ko wone to ŋwaane na? 25A yei we nmo bá‑n go nɔn-laaro de puseŋ-nyena n gwaane daane, ye ko wó taa nye de n pɛ se nɔn-laaro de puseŋ-nyena bam taa ye bedwe mo. Amo yei we ko bá ke konto! Nmo na ye wolo wom na bore logo kom maama bora to, nmo jege se n ke kolo na tɔge chega chwoŋa to mo.”
26 Baŋa Wɛ ma ta we, “Ne a ná nɛ nɔn-laaro Sodom teo kom ne pa se ba yi finnu, amo wó da banto ŋwaane se a yage se teo kom daa yé na chɔgem.”
27Abaraham daa ma ŋɔɔne we, “Amo Teiru, amo dae kolokolo nmo yiga ne. A nye de teero dedaane tentwarem mo. A laam nam nɛ baare se a ŋɔɔne dede‑m. 28Se nɔn-laaro tem ná muri finnu kom de nɔɔna banu, nmo wó ta we, nɔɔna banu bam na muri to ŋwaane se n chɔge teo kom maama na?” O maa we, “Amo za ná nɛ nɔɔna finna-banu da, a bá chɔge-ko.”
29Abaraham daa ma ŋɔɔne we, “Se nɔɔna finna yerane mo ná wora?” O de ma leiri we, “Nɔɔna finna bam ŋwaane amo bá chɔge-ko.”
30Abaraham laam maa we, “Jan ja! Amo Teiru, yé pa se n bane zaŋe. Nam sɛ se a ŋɔɔne dede‑m. Se nɔɔna fintɔ yera mo ná wora?” O ma leiri we, “A bá ke kolokolo nenɛɛne a ná nɛ nɔn-laaro fintɔ jei sem ne.”
31Abaraham maa we, “Nmo maŋe n pa se a na baare se a ŋɔɔne de nmo. Yage se a bwei a nii, se n ná nɛ nɔɔna finlei mo da?” O de ma ta we, “Finlei kom ŋwaane, a bá chɔge-ko.”
32Abaraham laam ma ta we, “Ja! Amo Teiru, yé pa se n bane zaŋe, se a lage a ŋɔɔne bedwe dento yerane mo. Se nɔɔna fuga tete mo ná wora?” Baŋa Wɛ ma leiri we, “Nɔɔna fuga kam konto ŋwaane, amo bá chɔge-ko.”
33 Baŋa Wɛ na ŋɔɔne dedaane Abaraham o ti konto to, o ma viiri. Abaraham de ma jwoori sɔŋɔ.",https://www.bible.com/bible/3661/GEN.18.KBG
PULIM 19,"Ba chɔge Sodom de Gomora
1Malese selo na jeeri Abaraham to selei déem ma ba ba yi Sodom dedaan-ni ne, ye Lot déem jei teo kom manchwo-peena ni ne. O na nɛ-ba to, o ma zaŋe wɛɛne o vo se o jeeri-ba ye o chɔɔle o yibia tega ne o ware-ba. 2O maa we, “Jan ja! Amo tiina bam, pa-na se a ja abam a yi sɔŋɔ, se á swɛ á yera á daare á peini se tega poore se á laam gwoni tega á vo á na maa vei mɛ to.” Ba de ma leiri we, “Aawo, debam lage dé peini teo kom pwola kanto ne mo.”
3O déem na tiini o fe-ba to ŋwaane, ba ma tɔge ded‑o ba zo o sɔŋɔ kom wo. O ma ke bworobworo kolo na ba jege sabɔle ko wone to o pa-ba ye ba di. 4Ba na wora ba ti ba yiga se ba peini to, mo Sodom teo kom baara bam maama nwoŋi teo kom jei maama ba ba ba gilimi sɔŋɔ kom, nɔn-kwe dedaane nɔn-donno maama. 5Ba ma bwoŋi Lot ye ba we, “Nɔɔna balo na tu ba zo nmo sɔŋɔ ne tete dento to bɛ? Ja-ba n ja n nwoŋi ywo n pa debam se dé lage se dé lage-ba mo.”
6Lot ma nwoŋi pwooni se o jeeri teo kom nɔɔna bam ye o daare o pe bworo kom. 7O maa we, “Amo dwonna bam, a lwoori abam se á yé ke totoŋ-lɔŋɔ konto dwoŋi. 8Cheigi-na ywo, amo jege bukwa balei balo ta na yeiri baara to. Yage-na se a ja-ba a ba a pa abam, se á ke á na lage tei to de-ba. Yage-na nɔɔna banto yera, kokuri to ba tu ba zo amo woro kuri ne mo.”
9Ba ma leiri Lot we, “Lage jei dé yiga ne!” Ba daa ta ma ta daane ba we, “Nɔɔno wonto ye veiru mo dé teo kom ne. Bɛ mo ye o lage se o bere debam dé na wó ke kolo to?” Ba laam ma ta de Lot we, “Dé nam wó ke nmo dé dwoni dé na wó ke banto tetei to.” Ba ma tiini ba peene Lot ye ba laam fɔɔre ba twɛ o sɔŋɔ ni dem se ba bwori bworo kom ba zo diga kam wone.
10Nɔɔna balei bam ma zege diga kam wone ba pore bworo kom ye ba laam vaŋe Lot ba ke diga kam ne. Ba ma daare ba pe bworo kom. 11Ba laam ma pa se nɔn-kwe sem dedaane nɔn-donno tem maama na wo sɔŋɔ kom ni ne to yia dwei, pa se ba kare ba taana ba yeiri bworo kom jei. 12Nɔɔna balei bam ma ta de Lot we, “Nmo ta jege nɔɔna teo konto wone na? Nenɛɛne n tembaara, de n bu-baara, de n bukwa, de wolo maama na ye nmo choro to se n ja-ba se á nwoŋi da ywo! 13Bɛŋwaane dé lage dé chɔge teo kom mo. Nɔɔna tiini ba keeri ba jare Baŋa Wɛ se ko gaale, teo kom nɔn-bia bam kikia ŋwaane. O ma toŋe debam se dé ba dé chɔge-ko.”
14Lot déem ma nwoŋi o vo se o ŋɔɔne de o tembaara balo na chare o bukwa bam se ba swo ba ma ke ba kaana to. O maa we, “Ke-na lela á nwoŋi dáa jei sento ne, kokuri Baŋa Wɛ lage o chɔge teo konto mo!” O tembaara bam déem boŋe we o ŋɔɔne o kwɛɛre mo.
15Te-pora ni ne, malese sem ma ta de Lot ba we, “Ke lela! Ja n kaane wom de n bukwa balei balo na wo ywo to se á nwoŋi da ywo-seeni! Ko ná dae konto, Baŋa Wɛ ná waare teo kom, abam de wó da á na chɔgem.” 16Ba na tage konto ye Lot ta zege o dáana to, mo ba chaale o jeŋa, de o kaane wom dedaane o bukwa balei bam jea ba ja ba nwoŋi teo kom dáa ne se ba wane ba lu, Baŋa Wɛ déem na duri ba ŋwaŋa to ŋwaane. 17Malese sem na jaane-ba se nwoŋi se ti to mo se dedoa tage we, “Duri-na se á lu chɔgem! Yé nii á kwaga ne, á nam yé zege-na jei jei ne bwolo kom wone! Duri-na á yi peero tem jei sem se abam de yé da á na chɔgem!”
18Lot ma ta o we, “Aawo! Amo tiina bam, a bá wane! 19Abam maŋe á ke amo lanyerane ye á duri a ŋwaŋa pa se a jwoŋi a ŋwea. A bá wane a duri a yi peero tem jei sem. Amo ta ná wo chwoŋa ne, chɔgem dento wó yi amo, se a te. 20Nam nii teo kodwoŋi mo tento bwola bwola a na wó wane a duri a yi da. Ko maa ye te-balaŋa mo. Á wo nɛ na? Pa-ne pwola se a duri a vo dáane, se konto mo a wó lu.”
21O ma ta ded‑o we, “Amo sɛ se a ke konto de a pa‑m. A bá chɔge teo kom konto. 22Nam ke lela n duri n vo n yi da, kokuri to amo bá wane a ke kolokolo ye nmo wo lugi.” Teo kom na ye balaŋa to ŋwaane mo ba bwoi-ko we Zoara.
23Lot déem ma vo o yi Zoara dedaane wɛ maŋe de puli mo. 24Baŋa Wɛ laam ma pa se chilibugu na jege mini to nwoŋi wɛyuu ne ko to Sodom de Gomora teene dem baŋa ne nenɛɛne doa na nena tei to. 25Wɛ déem tɔge konto mo o ma chɔge teene dem konto dedaane jei sem maama, ko woli de balo maama na zoore teene dem konto ne to dedaane tega kam wonnu telo maama na nwoŋi ka baŋa ne to. 26Lot kaane déem ma gwi o nii o kwaga ne. O ma ji yɛ-kuŋa kandwɛ o zege da.
27Tega na poore to, Abaraham ma gwoni tega o jwoori o vo o ya na zege mɛ Baŋa Wɛ yiga ne to. 28O ma tiiri o nii Sodom de Gomora teene dem seeni. O ta ma nii bwolo kom laŋa kam maama, ye o na nyo-zwona mo na zege jei sem konto ne ka zaŋe ka maa diini wɛyuu ne, ka nye dedaane nyoa kalo na nwoŋi min-vogo wone to mo.
29Wɛ na chɔge teene dem de bwolo kom maama to, o déem guli Abaraham gula ye o vere Lot o ja nwoŋi cham delo na chɔge jei sem konto maama to.
Lot de o bukwa bam taane
30Lot de o bukwa balei bam laam ma nwoŋi Zoara teo kom ne ba vo ba jeini peero tem wone, kokuri o déem kɔre se o zo Zoara ne. Ba maa zoore peo bɔɔne wone. 31Dɛ dedwe mo bukɔ-kwea kam tage de balaŋa kam we, “Debam kwo wom kwe mo, ye baaro nam tera ywo se o peini de debam nenɛɛne logo baŋa nabiina maama na yeini ba ke tei to. 32Konto ŋwaane, yage se dé pa dé kwo wom nyɔ sana o bugi se dé laam peini ded‑o, se dé kwo wom dwi yé kweeli.”
33Dento tete dem ne, ba ma pa ba kwo nyɔ sana o su. Bukɔ-kwea kam ma zo o peini ded‑o. O kwo wom maa wo maane o na zo o peini ded‑o naa o na zaŋe o nwoŋi maŋa kalo to.
34Tega na poore to, bukɔ-kwea kam ma ta de balaŋa kam we, “Amo de dé kwo diim peini daane mo. Yage se zem tete dento dé daa pa se o nyɔ sana o bugi, se nmo de vo n peini ded‑o se ko pa dé tɔge dé kwo baŋa ne dé twoŋi dé dwi dem.” 35Ba ma seene ba pa se ba kwo wom nyɔ sana o su dento tete dem ne. Bukɔ-balaŋa kam de ma vo o peini ded‑o, ye o kwo wom ta wo maane o na zo o peini ded‑o naa o na zaŋe o nwoŋi maŋa kalo to.
36Lot bukwa bam déem ma ja pwi de ba kwo wom. 37Bukɔ-kwea kam ma lo bakeira, ye o pa o yere we ‘Moaba’. Wonto mo ye Moaba tiina bam nabaaro zem dɛ dem ne. 38Bukɔ-balaŋa kam de ma lo bakeira, ye o pa o yere we ‘Ben-Ammi’. Wonto mo ye Amon tiina bam nabaaro zem dɛ dem ne.",https://www.bible.com/bible/3661/GEN.19.KBG
PULIM 20,"Abaraham de Abimeleka taane
1Abaraham ma zaŋe jei sem konto ne o kwei chwoŋa kalo na maa tu kuri seeni to ye o laam vo o zoore Kadese dedaane Sura tetare laŋa ne. Teene dem konto wo tega-kuri kagoa kam ne mo.
Maŋa kadwoŋi ne o ma vo o jeini Gerare ne. 2O na wora to mo Abaraham tage o kaane Sarah taane we, o ye o nakɔ. Gerare teo kom pɛ Abimeleka ma toŋe Sarah kwaga ne ye o jwoŋi‑o se o ma o ke o kaane. 3Tete dedwe ne Baŋa Wɛ ma ba Abimeleka tei dendwɛ wone o ta ded‑o we, “Nmo ye too mo, kaane wom n na kwei to na ye nɔɔno kaane to ŋwaane.”
4Abimeleka ya daa ta wo dwei‑o. Konto to, o laam maa we, “Amo Teiru, a wo ke kolokolo a chɔge. Nmo wó sɛ n chɔge teo kolo na wo ke wo-lɔŋɔ to na? 5Abaraham mo tage de amo we ‘Kaane wom ye a nakɔ mo’, ye kaane wom de ta we ‘O ye a nabɔ’. Amo ke tento de a bochare-laao mo. A jea de ba jege digiru.”
6Wɛ daa ta ma ŋɔɔne ded‑o dendwɛ dem wone we, “Ko ye chega. A yei we n na toŋe tei maama to, n ke dedaane boboŋ-laaro. Konto ŋwaane amo cheiŋi se nmo yé ke wɛleere n chɔge amo yiga mo ye a wo pɛ‑m chwoŋa se n dwei‑o. 7Nɔɔno wom ye amo ni-jwoŋinu mo. Konto ŋwaane, jwoori n pa‑o o kaane wom se o daare o lwoori amo o pa‑m se n ta‑n ŋwe. Ko daare n ná wo ke konto, nmo wó seene n te, de n nɔɔna maama.”
8Tega na poore to, Abimeleka ma gwoni tega o bwoŋi o nɔɔna bam, ye o daare o lwoni kolo maama na ke to o bere-ba. Ba na nigi to, foone ma tiini de ja-ba. 9Abimeleka ma bwoŋi Abaraham pa se o zo ba tei ye o we, “Bɛŋwaane mo nmo ke debam konto? Bɛ lwarem mo a ke‑m ye nmo laam ja chɔgem n ba amo de a teo kom baŋa ne? Nmo na ke n chɔge amo yiga tei to ba lana.” 10O ta ma bwei Abaraham we, “Bɛ mo pɛ se n ke konto?”
11Abaraham laam ma leiri we, “Amo ya boŋe we, nɔɔn-nɔɔno ba kɔre Wɛ jei sento ne, ye ba wó wane ba go-ne, a kaane wom ŋwaane. 12O ta ye a nakɔ mo. Dé dae nu daane mo se o ye a kwo wom bukɔ mo, ye o laam ji amo kaane. 13Maŋa kalo Wɛ na pɛ se a nwoŋi a kwo sɔŋɔ kom ne ye a kare a beeri to, mo a tage ded‑o we ‘Sarah, ke tento se n bere we n swoi amo: Mɛ maama debam ná vei de yi, se nmo ta we, a ye n nabɔ mo.’ ”
14Abimeleka laam ma ja peeni de naane dedaane kabɛ, baara de kaana maama, o ja o nwoŋi o pa Abaraham. O ta ma jwoori o kwei Abaraham kaane Sarah o pa‑o. 15Abimeleka maa we, “Amo tega kam mo tento, nmo yiga ne. Ta n zoore jei selo maama ne n na lage to.” 16O ma daare o ta de Sarah we, “Nii, lu-nyenno sabu-dala moro mo a pɛ n nabɔ wom. Ko wó taa ye maana ko pa balo maama na wo n tei ne to se ko bere we n jege bora. Nmo wo ke kolokolo n chɔge.”
17Abaraham laam ma lwoori Wɛ o pa Abimeleka de o kaane dedaane ba ka-nyaana bam, ye Wɛ pa ba na yazura, pa se ba daa wane ba lo bia. 18Kokuri to, Baŋa Wɛ déem ya cheiŋi nɔɔna maama de bu-lore mo Abimeleka sɔŋɔ kom ne, Abaraham kaane Sarah ŋwaane.",https://www.bible.com/bible/3661/GEN.20.KBG
PULIM 21,"Izaak lora kam taane
1 Baŋa Wɛ déem nii Sarah baŋa ne ye o seene o ke kolo o na tage ded‑o to o pa‑o. 2Sarah déem ma ja puga o lo bakeira o pa Abaraham o kokweero maŋa ne. Ko déem ke ko maŋe de maŋa kalo Wɛ na tage to mo. 3Abaraham ma pa bu wom yere we ‘Izaak’. 4Izaak na yi da nana to mo Abaraham gwoni o peini, nenɛɛne Wɛ na tage we o ke tei to. 5Abaraham déem jege bena bi mo ye ba lo o bu-baaro Izaak ba pa‑o. 6Sarah maa we, “Wɛ jaane mwanno mo o ba o pa amo, ye wolo maama na nigi kolo na ke to, kotu wó da o woli de amo mo se dé mɔne.”
7O daa ta ma woli da o we, “Nɔɔn-nɔɔno ya bá wane o ta de Abaraham we Sarah wó wane o ja bia se ba ŋɔge yele. De konto maama de, amo loge bakeira a pa‑o o kokweero maŋa ne.”
Ba zeili Hagara dedaane Isameli ba yage
8Izaak ma ke nɔɔno ye ba kwori‑o yele. Dɛ dem konto ne, Abaraham ma bwoŋi nɔɔna se ba di kuri kamunu. 9Sarah déem ma na we Ejipti tiina bukɔ Hagara na loge bakeira kalo o pa Abaraham to zege da o ke Izaak o mɔna. 10O na nɛ to, o ma ta de Abaraham we, “Zeili kaane wolo na ye kabaa to de o bu-baaro wom se ba viiri, se kaane wonto bu wom bá tɔge de amo tete bu Izaak o pɔɔre nmo jejegero tem o taa tei.”
11Taane dem ma tiini de daane Abaraham, Isameli na ye o tete bu-baaro to ŋwaane. 12Wɛ ma ta ded‑o we, “Yé ta‑n pae se bakeira kam de n kaba-kana kam taane dem daane‑m. Nam cheigi Sarah na tage tei o bere‑m to, kokuri to, ko lage ko tɔge Izaak baŋa ne mo se nmo dwi dem ba de zege. 13Amo nam ta wó pa se kaba-kana kam bu-baaro wom dwi de puli de ji teo, o de na ye nmo bu to ŋwaane.”
14Tega na poore to zezeŋa ne to, Abaraham ma kwei wodiu o pa Hagara ye o daare o lwo na lɔɔ wone o pa‑o se o daŋe o bakala baŋa ne. O laam ma bane‑o de o bakeira kam o yage-ba chwoŋa ne. Hagara de ma to chwoŋa ne o kare Beeriseba kagoa kam yuu ne o beera. 15Lɔɔ kom wo na bam ma ti. O ma ja bu wom o vo jeini sabara kadwoŋi woro ne. 16O tete laam ma fɔɔre o vo dáa o jei se ko maŋe de nɔɔno na wó ta taŋa se ka yi mɛ to. O ma boŋe we, “Amo ba lage se a na a bu wom toone.” O na jei da to, o ma bobo se o taa keera.
17Wɛ ma ni bakeira kam na keeri to. Wɛ maleka kam maa zege Wɛ telaao ne ka bwoŋi Hagara ka we, “Hagara, bɛ mo kea? Yé ta‑n fona. Wɛ niga bu wom na tigi o keeri to. 18Zaŋe n vo n ja bu wom se o zaŋe, se amo wó pa se o dwi dem ji te-zɔŋɔ.” 19Wɛ laam ma puri o yia pa se o na vole na tigi da. O ma vo o mɔ na o su o lɔɔ kom ni ye o ja vo o pa bu wom se o nyɔ.
20Wɛ déem ma nii bu wom baŋa ne ye o ba o ke nɔɔno. O déem zoore kagoa kam yuu ne mo ye o ji tɔɔno chekke. 21Kagoa kam o na zoore mɛ to yere mo Paran. O na wora to, mo o nu vei o lage kaane Ejipti ne o swo o ba o pa‑o.
Abaraham de Abimeleka ke ni-mɔrɔ daane
22Da yam konto ni ne mo Abimeleka de Fikola na ye o jar-keira yiga tu to déem vei Abaraham tei. Ba ma ta de Abaraham we, “Debam maane we kolo maama nmo ná yeini n ke, Wɛ wo n tei ne mo. 23Konto to, laam du duuri Wɛ yiga ne we nmo bá‑n ke n gane amo kɔtaa, ko ná ye amo naa a bia bam, naa a dwi dem maama. Amo na ke‑m lanyerane to, nmo de wó ke amo lanyerane, ko ná ye amo de teo kolo nmo na ye veiru ko wone to maama.” 24Abaraham maa we, “Amo sɛ se a du duuri dem konto.”
25Abimeleka nɔɔna nam ya vere Abaraham vole dedwoŋi mo. Abaraham ma ŋɔɔne taane dem de Abimeleka. 26Abimeleka ma ta o we, “Amo wo lɔre wolo na ke konto to. Nmo wo tage ko taane n bere-ne, ye zem yerane mo amo laam lɔre ko ni ne.”
27Abaraham laam ma ja peeni, de bone, de naane o ja o nwoŋi o pa Abimeleka, ye banto balei ke ni-sɛɛm daane. 28Abaraham ma daare o le pi-chwa barepɛ o vara bam wone o zege dáa ne. 29Abimeleka ma bwei Abaraham we, “Bɛŋwaane mo nmo pɔɔre pi-chwa yam yarepɛ?” 30O ma leiri we, “Jwoŋi pi-chwa yarepɛ yam amo tei ne se ko taa ye maana we amo mo koge vole dento.” 31Ba déem ma bwoŋi jei sem konto we Beeriseba, kokuri dáane mo nɔɔna banto balei déem dugi duuri.
32Ba na ke ni-sɛɛm dem konto Beeriseba ne ba ti to mo Abimeleka dedaane o jar-keira yiga tu Fikola jwoori ba vo Filisi tiina teo kom. 33Abaraham de ma zege Beeriseba ne o jeiri tio kodwoŋi ko yere na ye ‘Tamarisaka’ to. Dáane mo o bwoŋi Yuu-tu Baŋa Wɛ yere o zuli‑o, o na ye Wɛ wolo na maŋe o wora taa wuu to. 34Abaraham déem maa zoore Filisi tiina teo kom wone o dáane da.",https://www.bible.com/bible/3661/GEN.21.KBG
PULIM 22,"Wɛ faŋe Abaraham o nii
1Ko na ke fee to, Wɛ ma ke Abaraham o nii. O ma bwoŋi‑o o ta we, “Abaraham!” O ma leiri we, “Nii-ne.” 2Wɛ laam maa we, “Ja n bu-doa Izaak wom n na tiini n swoi to, n vo Moria laŋa kam se n ma‑o n kaane dáane n zwɛ‑o n pa-ne, peero tem dedoa yuu ne a na wó bere‑m to.”
3Tega na poore to, Abaraham ma zaŋe zezeŋa ne o ja o bonaga se o kɛ chwoŋa. O ma ja o tontoŋena balei dedaane o bu-baaro Izaak o woli da. O ma gwoni da-kore selo o na wó ma o zwɛ pɛɛra yam to. O laam ma kwei chwoŋa o maa vei jei selo Wɛ na tage we o véi to. 4Da yatɔ dɛ dem ne mo Abaraham kwoni o yuu wɛɛne o na jei sem yiga ne. 5O ma ta de o tontoŋena bam we, “Abam de bonaga kam maŋe-na ywo se amo dedaane bakeira kam vo dáane. Dé wó vo de zuli Wɛ ye dé daa ta jwoori dé ba abam tei ne.”
6Abaraham na tage konto to, o ma kwei dɛ sem o zeŋe o bu-baaro Izaak. Wonto tete laam maa zei mini dem de seo kom. Banto balei na vei ba maa kɛ to, 7Izaak ma bwoŋi o kwo Abaraham ye o ta o we, “Amo kwo.” O de ma leiri we, “Amo bu, nmo we bɛ mo?” Izaak maa we, “A nɛ mini dem de dɛ sem na wo ywo to, se pipeila kalo dé na lage dé zwɛ kaanem dé pa Wɛ to laam nam bɛ?” 8Abaraham ma leiri we, “Amo bu, Wɛ tete mo wó na pipeila kalo dé na wó zwɛ dé ma ke kaanem dem to o pa debam.”
Banto balei daa ta maa vei yiga. 9Ba na yi jei selo Wɛ na tage o bere Abaraham to, o ma tigisi kandwa o lɔ bimbini dáane ye o tɛɛse dɛ sem de baŋa ne. O laam ma vɔ o bu-baaro Izaak ye o gɔ‑o o daŋe dɛ sem baŋa ne. 10O laam ma tore o jeŋa o le seo kom se o go o bu wom. 11Bedwe baŋa ne mo Baŋa Wɛ maleka kam zege Wɛ telaao ne ka bwoŋi‑o we, “Abaraham! Abaraham!” O de ma sɛ o we, “Nii-ne da.” 12Maleka kam ma ta ka we, “Yé ke n bu wom zonne. Nam yé chɔge‑o. Amo laam maane we nmo seene n kɔre Wɛ, kokuri to nmo wo ve se n kwei n bu-doa kam n pa Baŋa Wɛ.”
13Abaraham ma kwoni o yuu wɛɛne ye o na we pi-bɛa mo zege sabara kadwoŋi wone, ka nyea na gerege ka wone to ŋwaane. O ma fɔɔre o yi pia kam tei o ja-ka o ba o ma o ke kaanem o zwɛ o pa Wɛ o ma o leiri o bu-baaro wom yuu ne. 14Ko déem ma pa se Abaraham bwoŋi jei sem konto yere we ‘Baŋa Wɛ wó pa’. De zem maama de, nɔɔna ta yeini ba tɛ we, “Baŋa Wɛ peo kom yuu ne, pɛɛra wó taa wora.”
15 Baŋa Wɛ maleka kam daa ta ma zege Wɛ telaao ne ka bwoŋi Abaraham ka ke kuni belei 16ye ka we, “Cheigi Baŋa Wɛ na tage kolo to we, ‘Nmo na ke tento ye n wo ve se n kwei n bu-doa kam n pa amo mo, a dugi a tete ŋwaane mo we, 17amo wó seene a swɛ nmo swolim, ye a pa se nmo dwi dem puli dedɛ de taa daga nenɛɛne wɛyuu chalechwe sem dedaane naneo ni kasol-bia na daga tei to. Nmo dwi dem wó taa jege dam se ba jwoŋi ba dona teene ba taa tei. 18Ko ta lage ko tɔge nmo dwi dem baŋa ne mo se logo baŋa teene maama na zaane ba de baŋa ne, nmo tete na sɛ amo ni to ŋwaane.’ ”
19Abaraham de o bu Izaak laam ma jwoori o tontoŋena bam tei. Ba maama ma kwei Beeriseba chwoŋa kam ba maa kɛa. Ba na yi da to, Abaraham ma maŋe Beeriseba ne.
20Ko na ke fee ko woli da to, Abaraham ma ni we, o choro Nahora kaane Milika de loge bu-baara o pa‑o. 21Bia bam yera mo tento: Yuzi, bu-kwea kam, ko woli de o nyaane Buzi, de Kemweli, o na ye Aram kwo to, 22de Chesed, de Hazo, de Pilidasi, de Jidalafa, dedaane Bɛtuweli.
23Bɛtuweli ma ji Rebeka kwo. Milika déem loge bakeiri nana banto mo o pa Abaraham choro Nahora. 24Nahora déem jege ka-bia, o yere na ye Reuma. Wonto de déem ma lo bakeiri sento o pa‑o: Teba, de Gaham, de Tahasi, dedaane Maaka.",https://www.bible.com/bible/3661/GEN.22.KBG
PULIM 23,"Sarah toone
1Sarah déem jege bena bi de finlei-yarepɛ (127) mo, 2ye o laam ba o te Kiriaf-Araba ne. Ko ye Kanaan teo mo, ko yere dedwoŋi mo Heboron. Abaraham ma zaŋe o vo se o keeri Sarah ye o ka yi-na o ŋwaane.
3Abaraham kaane wom na tega to, o ma zaŋe o baŋa ne ye o vo se o ŋɔɔne dedaane Hiti tiina bam. O maa we, 4“Amo ye veiru mo a na zoore abam tetare ne. A nam lwoori tega se á pa-ne se ko taa ye mɛ amo na wó suli a too wom da to.”
5Hiti tiina bam ma leiri Abaraham we, 6“Cheigi ywo-seeni. Nmo ye dedɛɛro kamunu mo debam tetare ne. Konto to, kuri debam yibeela yam wone delo na lamma de pa‑m to se n suli n too wom da. Nɔɔn-nɔɔno bá ve nmo we n yé suli n too wom o yibeeli ne.”
7Abaraham ma zaŋe wɛɛne o tiiri tega ne Hiti tiina bam na ye tega kam tiina to yiga ne. 8O ma ta-ba o we, “Abam nam ná sɛ se amo suli a kaane wom ywo-seeni, se á sɛ se á lwoori Zohare bu Eforon á pa-ne. 9Lwoori‑o á pa-ne se o kwei Machapela peo-bɔɔne dem na wo o kara kam siseini ni ne to o pa-ne. Ko na ye o nyem to, amo wó ŋwe ko sabu kom ni maama a pa‑o. Dé wó ke konto abam maama yiga ne se bɔɔne dem laam ji yibeeli de pa-ne.”
10Hiti tu Eforon de déem jei o nɔɔna bam wone. O ma leiri Abaraham tento pa se Hiti tiina balo maama déem na dɛ ba jeeri teo kom manchwo-peena yam ni ne to de cheigi. 11O maa we, “Amo tu, cheigi ywo-seeni. Amo wó kwei kara kam mo a pa‑m zɛɛra, ye a ta wó pa‑m peo-bɔɔne delo na wo ka laŋa ne to a woli da. Amo nɔɔna bam yiga ne mo a kwei a pa‑m. Véi n suli n kaane wom da.”
12Abaraham daa ma tiiri tega ne teo kom nɔɔna bam yiga ne. 13O ma ta de Eforon pa se ba maama ni ye o we, “Nam cheigi a na tɛ kolo to. Amo wó ŋwe tega kam sabu a pa‑m. Sɛ se n jwoŋi sabu kom se amo de wane a kwei a kaane wom a suli dáane.”
14Eforon ma leiri Abaraham we, 15“Amo tu, cheigi-ne. Tega kam sabu maŋe dedaane lu-nyenno sabu-dala bia yana yerane mo. Konto nam dae kolo debam na wó daane daane ko baŋa ne to. Kwei-ka n ma n suli n kaane wom.”
16Abaraham ma sɛ se o ŋwe tega kam sabu kom ni se ko maŋe de Eforon na bere tei Hiti tiina bam maama yiga ne to. O ma maŋe lu-nyenno sabu-dala bia yana mo o pa‑o se ko maŋe de maŋem delo pipiu-tiina bam déem na jege ba maŋa yaga ne to.
17Ko déem ke konto ye Eforon kara kam na wo Machapela ne ye ka bwola de Mamere to ba ka ji Abaraham nyem. Kara kam konto dedaane peo-bɔɔne delo na wo ka wone to, dedaane teeni delo maama na wo kara kam wone to laam ma ji Abaraham nyem. 18O déem yeigi-ka Hiti tiina balo maama na jeeri teo kom manchwo-peena yam ni ne to tei ne mo ye ba sɛ we ko ye o nyem.
19Ko maama na ti to, mo Abaraham laam suli o kaane Sarah Machapela peo-bɔɔne dem wone. Kara kam bwola de Mamere. Konto ye Kanaan te-balaŋa mo ye ko twɛ Heboron. 20Mo ko na ke tei ye Hiti tiina bam kwei tega kam konto de ka peo-bɔɔne dem ba pa Abaraham se ko taa ye o yibeela jei to.",https://www.bible.com/bible/3661/GEN.23.KBG
PULIM 24,"Izaak kadiri
1Abaraham déem ma tiini o kwe ye o bena gaale. O chwoŋa maama wone Baŋa Wɛ ma ke zaane o ke o yuu ne. 2O ma bwoŋi o sɔŋɔ tontoŋena bam maama yiga tu wom, wolo na nii o wonnu maama baŋa ne to ye o ta ded‑o we, “Kwei n jeŋa n ke amo chwei kuri ne se n du duuri. 3Nmo jege se n du duuri Baŋa Wɛ yere ŋwaane, o na tei wɛyuu de tega baŋa to. Du duuri n pa-ne we, debam na seene dé zoore Kanaan tiina bam wone to, nmo bá beeri kaane ba bukwa bam wone n pa amo bu Izaak. 4Nmo nam wó jwoori n vo amo nabaara teo kom, de a dwi tiina na wo mɛ to mo n beeri kaane n pa‑o.”
5Tontoŋeno wom ma bwei‑o we, “Se kaane wom ná wo sɛ se o tɔge de amo o jwoori o ba tega kanto ne, a wó ke tɛ mo? A wó ja n bu wom a jwoori a vo mɛ n na nwoŋi n ba ywo to mo na?” 6Abaraham ma leiri o ta we, “Ta‑n yei se n daa‑n yé ja amo bu wom n jwoori dáane. 7Ko ye Baŋa Wɛ wom na tei wɛyuu to mo jaane amo o ja o nwoŋi a kwo sɔŋɔ ne se a yage a dwi tiina tega kam. Wonto mo ŋɔɔne de amo o du duuri we ‘Nmo dwi dem mo a wó seene a pa tega kanto’. Wonto mo lage o toŋe o maleka se ka tɔge nmo yiga ka vo se nmo wane n na kaane dáane n ja n ba n pa amo bu wom. 8Kaane wom nam ná wo sɛ se o tɔge de nmo o ba ywo-seeni, kanto maŋa ne mo duuri dento daa bá taa wo n yuu ne. Nmo yé ja amo bu wom n jwoori n vo dáane.” 9Tontoŋeno wom ma sɛ o kwei o jeŋa o ke o tu Abaraham chwei kuri ne ye o du duuri, taane dem konto ŋwaane.
10Tontoŋeno wom laam ma le kona fuga Abaraham kona yam wone o ma o zeŋe o tu wom wo-laaro dwi maama o ja o woli da o kɛ. O ma kwei chwoŋa se o vo Mesopotamia seeni. O ma vo o yi teo kolo Nahora déem na zoore to. 11O na yi teo kom ni to, o ma pa se o kona yam kuni ya nadwoona ya tigi vole ni ne. Ko déem ye dedaan-ni ne mo, maŋa kalo kaana na nwoŋi ba vei ba mɔɔne na to. 12O ma lwoori Wɛ ye o we, “Baŋa Wɛ, amo tu Abaraham Wɛ, nam pa se ko ke lanyerane ko pa-ne zem dɛ dem ne, se n daare n duri amo tu Abaraham ŋwaŋa. 13Nii! Amo zege vole dento ni ne mo, ye teo kom bukwa bam wó ba se ba mɔ na. 14Amo ná tage dedaane busankana kalo we ‘Ja! Zoore n kɔɔro wom n zege se n ke na n pa-ne se a nyɔ,’ ye konto tu wom ná taga we ‘Nyɔ, se n daare se a mɔ na a pa n kona yam se ya de nyɔ,’ pa se wonto taa ye wolo nmo na kuri se n pa Izaak to. Ko nam ná ke konto mo, amo wó lɔre we nmo seene n duri amo tu wom ŋwaŋa.”
15O daa ta na wora o lwoori Wɛ konto to, mo o nɛ Rebeka na vei o beene, ye o zeŋe kɔɔro o bakale baŋa ne. O déem ye Bɛtuweli bukɔ mo. Bɛtuweli de maa ye Abaraham choro Nahora de o kaane Milika bu. 16Busankana kam déem tiini ka lamma. O déem maa ta yeiri baaro. O ma yi vole dem ni, o mɔ na o su o kɔɔro wom ye o jwoori o bɛ.
17Abaraham tontoŋeno wom ma ke lela o jeeri‑o ye o we, “Ja! Twei na n kɔɔro wom ne n pa-ne se a nyɔ.” 18O de maa we, “Amo tu, nam nyɔ”, ye o ke lela o zoore o kɔɔro wom o zeeri o jea ne se o nyɔ. 19O na pɛ se o nyɔ o ti to, busankana kam maa we, “A lage a mɔ na bam mo a pa n kona yam de, se ya maama nyɔ ya su.” 20O laam ma ke lela o lwo na bam o ke vara na nyɔɔm gwoŋo wone, ye o daa jwoori vole dem ne o mɔ na bam o woli da. O ke konto mo taa o mɔ na bam pa se kona yam maama nyɔ ya su. 21Nɔɔno wom de maa wo tage kolokolo, ye o laam fɔge o nii busankana kam lanyerane se o lɔre Baŋa Wɛ seene o pa se o chwoŋa kam veiŋa ke lanyerane naa ko dae konto.
22Kona yam na nyɔge na bam ya ti to, mo nɔɔno wom le sabu-seŋa jafole delo ba déem na ke momwa ne to dedaane jeŋa bɛ selei se o pa Rebeka. Wonnu tem konto déem tiini te jege sabu. 23O laam ma bwei‑o we, “Nmo ye wɔ bukɔ mo? Jei nam wó taa wo abam sɔŋɔ ne se a peini tete dento se tega poore na?” 24Rebeka ma leiri o we, “Amo ye Bɛtuweli bukɔ mo. Wonto maa ye Milika de Nahora bu.” 25O ta ma woli da we, “Debam jege jei se nmo dedaane balo na tɔge‑m to peini da. Vara wodiu dedɛ de wora se á kona yam de di ya su.”
26O na nigi konto to, nɔɔno wom ma chɔɔle tega ne o zuli Baŋa Wɛ, 27ye o we, “Amo wó tei Baŋa Wɛ wom na ye amo tu Abaraham Wɛ to. Kokuri to, o seene o zege o chega kam wone mo ye o swoi amo tu Abaraham. Ko nam ná ye amo, Baŋa Wɛ tɔge amo yiga mo chwoŋa kam maama ne o ja-ne o ja o yi amo tu wom tete nɔɔna wone.”
28Rebeka ma ke lela o duri o vo sɔŋɔ o guli wonnu tento maama de o nu de ba sɔŋɔ tiina bam. 29O déem jege nabɔ o yere na ye Laban. Wonto ma ke lela o duri o vo se o jeeri nɔɔno wom vole dem ni ne. 30O ya maŋe o na jafole dem o nakɔ wom momwɛ ne de bɛ sem na wo o je sem ne to, ye o ta ni taane delo maama nɔɔno wom ya na tage de Rebeka to. Laban ma ke lela o nwoŋi o vo o na nɔɔno wom na zege vole dem ni ne de o kona yam. 31O maa we, “Baŋa Wɛ ke zaane nmo yuu ne mo. Pa se dé vo sɔŋɔ. Bɛŋwaane mo nmo wó ta‑n zege pwola kanto ne? Amo nam maŋe a kwɛ diga nmo ŋwaane, ye kona yam de wó na jei ya taa tiga.”
32Nɔɔno wom laam ma tɔge o vo o zo ba sɔŋɔ kom. Laban ma zoore o kona yam zela yam. O ma beeri vara wodiu o pa kona yam, ye o daare o ke na se Abaraham tontoŋeno wom de balo na tɔge dedaane‑o to zare ba nɛ. 33Ba na jaane wodiu kom ba ba to, mo Abaraham tontoŋeno wom we, “Amo ná wo tage kolo na wo a ni ne to, a bá di wodiu.” Laban maa we, “Nam ta n bere debam.”
34O laam ma tole taane dem o we:
“Amo ye Abaraham tontoŋeno mo. 35Baŋa Wɛ nam mo tiini o ke zaane o ke amo tu wom yuu ne pa se o laam ji jejegero tu. Wɛ pɛ‑o peeni, de bone, de naane, ko woli de lu-nyenno de sabu-seŋa, de tontoŋe-baara de tontoŋe-kana, dedaane kona de bonɛ. 36Amo tu kaane Sarah ya loge bakeira o pa‑o mo o kokweero maŋa kam ne. Amo tu wom de kwei woŋo kolo maama o na jege to mo o pa bu wom konto. 37Amo tu wom laam ya ma pa se amo du duuri, ye o ta we ‘N ná wó beeri kaane se n pa a bu wom, yé beeri Kanaan tiina bukwa bam wone, mɛ tento amo na zoore leile to. 38Nam jwoori n vo amo nabaara teo kom n lage kaane amo tete sɔ-yuu kom ne n pa amo bu wom.’ 39Amo de ma bwei a tu wom we ‘Se kaane wom ná ve se o tɔge de amo o jwoori o ba, se a ke tɛ mo?’
40O de ma leiri we, ‘Baŋa Wɛ wolo wom a na sɛ o ni to wó toŋe o maleka se o da nmo yiga se nmo chwoŋa kam veiŋa ke lanyerane. Ko wó pa se n na kaane n pa amo bu wom se o nwoŋi amo tete sɔ-yuu kom ne, amo kwo dwi tiina wone. 41Nmo nam ná lwoori n vo amo sɔ-yuu kom ne, ye ba ve‑m ba bukɔ wom, n laam wó sii duuri delo a na pɛ se n du to wone.’
42Amo zem ma na tu a yi vole dem ni to, mo a lwoori Wɛ we, ‘Baŋa Wɛ, na ye amo tu Abaraham Wɛ to, nenɛɛne ko ná su nmo yi, sɛ se a chwoŋa kam veiŋa ke lanyerane. 43Nii! Amo zege vole dem ni ne mo ywo. Bukɔ wolo ná tu ywo se o mɔ na ye a ta ded‑o we, “Ja! Pa-ne n kɔɔro wom wo na fee se a nyɔ,” 44ye kotu ná tage de amo we, “Nyɔ, se a ta wó mɔ na se n kona yam de nyɔ,” sɛ se o taa ye kaane wolo Baŋa Wɛ na kuri se o zo amo tu wom bu-baaro to.’
45Tɔ. Amo bere a maŋe a wo lwoori wɛ-lworo kom a bochare ne a ti dedaane Rebeka na maa beena, de o bakale baŋa kɔɔro. O ma yi vole dem o mɔ na bam, ye amo de ta ded‑o we ‘Ja! Pa-ne na se a nyɔ.’ 46O ma ke lela o zoore o kɔɔro wom ye o we ‘Nyɔ, se a ta wó pa n kona yam de na se ya nyɔ.’ Amo ma nyɔ ye o seene o mɔ na o pa kona yam ye ya nyɔ. 47Amo de ma bwei‑o we ‘Nmo ye wɔ bukɔ mo?’ O ma leiri we ‘Amo ye Bɛtuweli bukɔ mo. Amo kwo wom mo ye wolo Milika na loga o pa Nahora to.’ A na lɔre konto to, mo a laam kwei jafole dem a ke o momwɛ ne a daare a kwei bɛ sem a ke o je sem ne. 48A ma chɔɔle tega ne a tei Baŋa Wɛ wom na ye amo tu Abaraham Wɛ to. Wɛ wom konto mo dɛ amo yiga ye o bere-ne chwo-laao kom se a wane a na amo tu wom choro bukɔ se o taa ye a tu wom bu-kaane.
49Konto to, ko laam wo abam tei ne. Á ná sɛ se á ke amo tu wom lanyerane ye á ke chega á pa‑o, se á ta á bere-ne. Á nam daa ná lage se á lɔ o kwaga ne mo, ta ta-na á bere-ne, se amo laam wó lɔre chwoŋa kalo a na wó tɔge to.”
50Laban de Bɛtuweli ma leiri we, “Tento nwoŋi Baŋa Wɛ tei ne mo. Debam bá wane de ta kolokolo dede‑m nenɛɛne dé sɛ naa dé wo sɛ. 51Nii Rebeka da, ja‑o n viiri n vo n pa n tu bu wom se o taa ye o kaane, nenɛɛne Baŋa Wɛ na bere tei to.”
52Abaraham tontoŋeno wom na nigi ba na tage tei to, o ma tiiri tega ne o ke Baŋa Wɛ lei. 53O laam ma le zela o tampɔgɔ ne o kwei o pa Rebeka. Pɛɛra yam déem ye sabu-seŋa dedaane lu-nyenno wonnu tedwonna ko woli de gwaaro. O ta ma le pɛɛra yalo na tiini ya ke sabu to o pa Rebeka nabɔ wom de o nu. 54Konto maama kwaga ne, o de nɔɔna balo na tɔge daane to laam ma di ba daare ba nyɔ ye ba peini sɔŋɔ kom ne pa se tega poore.
Tega na poore ye ba zaŋe zezeŋa ne to mo Abaraham tontoŋeno wom tage we, “Yage-na amo chwoŋa ne se a jwoori a vo a tu wom tei ne.” 55Bukɔ wom nabɔ de o nu ma leiri we, “Yage se bukɔ wom maŋe debam tei ne se ko yi nenɛɛne da fuga to, se abam laam viiri.” 56O de ma leiri we, “Baŋa Wɛ na lwoori o pa se amo chwoŋa kam ke lanyerane to, daa yé cheiŋi-na amo. Pa-na pwola se a jwoori amo tu wom tei.” 57Ba maa we, “Yage se dé bwoŋi busankana kam dé bwei‑o dé nii.” 58Ba ma bwoŋi Rebeka ba bwei‑o we, “Nmo wó sɛ n da dedaane nɔɔno wonto n kɛ na?” O ma leiri we, “Amo wó vo.”
59Ba ma sɛ ye ba bane ba nakɔ Rebeka de wolo na wó taa nii o baŋa ne to ba yage chwoŋa ne, ko woli de Abaraham tontoŋeno wom de balo na tɔge ded‑o to. 60Ba ma kwei Wɛ zaane ba ma swɛ Rebeka swolim ye ba ta ded‑o we:
“Debam nakɔ, Wɛ wó pa se nmo dwi puli
de yi morro morro.
Wɛ wó pa se nmo dwi dem taa jege dam
se ba jwoŋi ba dona teene ba taa tei.”
61Rebeka de o ka-nyaana bam ma ti ba yiga ye ba di kona yam ba tɔge de nɔɔno wom ba kɛ. Mo ko na ke tei ye Abaraham tontoŋeno wom ja Rebeka o ja viiri.
62Izaak déem ya zaŋe Beeri Lahayi Royi ne o vo o zoore tega-kuri seeni kagoa kam ne mo. 63Dedaan-ni ne o ma nwoŋi o vo o kara o kare o beera. O ma kwoni o yuu wɛɛne ye o na kona na vei ya beena. 64Rebeka de ma kwoni o yuu o nii ye o na Izaak. O ma zege o kone dem yuu ne o faŋe o chu tega ne. 65Rebeka daa ma bwei Abaraham tontoŋeno wom we, “Wɔ mo tento kara kam ne o na vei o beene se o jeeri debam to?” O ma leiri we, “Amo tu Izaak mo.” O na lɔre konto to, o ma kwei o yu-gare-daŋɔ kom o ma o kwoli o yibia.
66Abaraham tontoŋeno wom laam ma lwoni o bere Izaak o na ke tei maama to. 67Izaak ma ja Rebeka o zo o nu Sarah vwei dem wone. O déem ma di o ma o ke kaane. Izaak maa swoi‑o lanyerane. Izaak wo déem ya chɔge de o nu toone dem ye Rebeka laam pa se o wo jwoori ko zuri.",https://www.bible.com/bible/3661/GEN.24.KBG
PULIM 25,"Abaraham toone
1Abaraham daa ma swo kaane wodwoŋi, o yere na ye Ketura to. 2Wonto de ma lo bia: Zimiran, de Jokisan, de Medan, de Midian, de Isibaka, dedaane Sua. 3Jokisan déem mo ye Seba de Dedan kwo. Dedan dwi dem mo ye Asuri tiina bam, de Letusi tiina bam, de Leyum tiina bam. 4Midian de bu-baara bam mo tento: Efa, de Efere, de Hanoki, de Abida, de Elida. Banto maama déem ye Ketura dwi mo.
5Abaraham ma kwei o na jege woŋo kolo maama to o tiŋi o pa Izaak. 6Ko daare o ka-bi sem bia bam mo o le pɛɛra o pa-ba ye o daa ta ŋwe. O ma daare o pwɛ-ba o pa se ba yɔɔre ba vo wɛ-puli seeni ye ba daare o bu Izaak.
7Abaraham bena yam maama déem yi bi dedaane fuserepɛ-yanu (175), 8ye o laam ba o te. O nɛ momwɛ-dɛɛre mo ye o laam ba o te o kokweero maŋa ne. 9O bia Izaak dedaane Isameli ma kwei‑o ba suli Machapela peo-bɔɔne dem ne, de na bwola de Mamere to. Tega kam déem ya ye Hiti tu Zohare bu Eforon nyem mo, 10ye Abaraham yeigi-ka Hiti tiina bam tei ne. Ba déem ke‑o mɛ ba na suli Sarah to mo. 11Abaraham toone dem kwaga ne, mo Wɛ swɛ Izaak swolim. Ka maŋa ne o déem zoore Beeri Lahayi Royi jei sem ne mo.
Isameli dwi dem taane
12Isameli de o dwi dem yera taane mo tento. Sarah ka-nyaane Hagara na ye Ejipti tu to de Abaraham mo loge Isameli. 13Isameli bu-baara bam yera mo tento, ya popone ya maŋe de ba lora kam na ye tei to mo: Nebayofa mo déem ye o bu-kwea, ko woli de Kedare, de Adibeeli, de Mibisam, 14de Misima, de Duma, de Massa, 15de Hadad, de Tema, de Jetura, de Nafisi dedaane Kedema. 16Isameli bia fuga-balei bam mo konto. Ba dedoa dedoa déem ma ji ba dwi tiina nabaaro. Mo ba yera yam mo konto, nɔɔno maama, de o nawuuri, de o teo.
17Isameli bena yam maama yi bi dedaane fintɔ-yarepɛ (137) ye o laam ba o te. 18O dwi dem ma vo ba jeini tega kalo na zege Havila de Sura tetare laŋa ne to. Jei sem konto yɔɔre ko wo Ejipti siseini ni ne se ko taa vei Asiria seeni to mo. Maŋa maama ba déem jege nankɔɔre mo ba ke de ba chorro tem.
Jakob dedaane Esawu taane
19Abaraham bu Izaak de o dwi dem yera taane mo tento. Abaraham déem mo ye Izaak kwo. 20Izaak déem jege bena finna mo ye o di Bɛtuweli bukɔ Rebeka o ma ke o kaane. Bɛtuweli maa ye Aram tu ye o zoore Mesopotamia ne. Rebeka maa ye Laban nakɔ.
21Rebeka déem na ye kadega to, Izaak ma lwoori Baŋa Wɛ se o kaane wom lo bu. Baŋa Wɛ ma sɛ o wɛ-lworo kom, ye o kaane Rebeka ja puga. 22Bia bam ma yigi daane o puga kam ne. O déem maa we, “Bɛŋwaane mo ko ye tento amo yera yam ne?” Ko ma pa se o vo Baŋa Wɛ yiga o bwei‑o se o lɔre ko kuri. 23Baŋa Wɛ maa we:
“Dwia yalei mo wo nmo puga kam wone.
Nmo wó lo dwi dwi kuni belei,
ye ba wó ba ba pwɛ chwei.
Dwi dedoa wó taa damma de dwoi dedwoŋi dem,
zembaaro wom mo wó taa toŋe o pa o nyaane wom.”
24Maŋa kam ma yi se o lo. O déem ma seene o lo yeywa, bakeiri yerane. 25Wolo na dɛ yiga se o nwoŋi pwooni to maa ye nasoŋo, ye o yera yam maama ye koro yerane. Ko ma pa se ba bwoŋi wonto yere we ‘Esawu’. 26Konto kwaga ne mo o nyaane wom de saŋe o nwoŋi pwooni, ye o jeŋa sɔ Esawu nakila. Ko ma pa se ba pa wonto yere we ‘Jakob’. Izaak déem jege bena fuseredo mo ye Rebeka lo-ba.
27Bia bam déem ma ba ba ke nɔɔna. Esawu ma ji tɔɔno wolo na tiini o wae o tɔɔna. O maa yeini o swoi se o taa wo pwooni ne maŋa maama. Jakob déem maa ye nɔn-cheno. O maa swoi se o taa wo sɔŋɔ ne maŋa maama. 28Izaak déem maa swoi Esawu, Esawu na jaane kago-vara nɔna yam o tui o pa‑o to ŋwaane. Rebeka de déem maa swoi Jakob.
29Dɛ dedwe mo Jakob wora o saŋe o wodiu. Esawu ma zege gaao ne o jwoori sɔŋɔ ye kana tiini ka chɛ‑o. 30O ma ta de Jakob o we, “Ke lela n wɔɔre n dwoa-nasoŋo kom konto n pa-ne se a di! Kokuri, a wora a toa mo de kana!” Dwoa bam na seene to ŋwaane mo ba déem bwoi‑o we ‘Edom’.
31Jakob ma leiri we, “Nam sɛ se n da yiga n yeigi n nakwe nyɔɔre dem n pa-ne, se n laam daare.” 32Esawu ma leiri we, “Nii ywo, amo laam gɛ fee mo se a te! Bɛ lam mo nakwe nyɔɔre dem wó taa jega se de nam pa amo?” 33Jakob ma leiri we, “Nam du amo yiga ne se n daare.” O de ma du duuri o pa‑o, ye o yeigi o nakwe nyɔɔre dem o pa Jakob.
34Jakob laam ma kwei bworobworo dedaane dwoa o pa Esawu. O ma di ye o daare o nyɔ. O laam ma zaŋe wɛɛne o maa kɛa. Ko déem tɔge chwoŋa kam konto mo ye Esawu nii o nakwe nyɔɔre dem o gwooni-de to.",https://www.bible.com/bible/3661/GEN.25.KBG
PULIM 26,"Izaak dedaane Abimeleka taane
1Maŋa kadwoŋi ne kana déem daa ma jwoori ka ba tega baŋa, nenɛɛne ka na maŋe ka ke ye Abaraham ta ŋwe to. Izaak ma zaŋe o vo Filisi tiina pɛ Abimeleka tei Gerare ne. 2Baŋa Wɛ ma ba Izaak tei o we, “Yé zaŋe n vo Ejipti teo kom. Nam ta‑n zoore jei sem ne mɛ amo na wó bere‑m to. 3Maŋe n jeini teo konto ne. Amo wó taa wo nmo tei ne ye a swɛ nmo swolim. Amo wó kwei tega kanto maama a pa nmo de n dwi dem ye a daare a pa se duuri delo a na pwooli de nmo kwo Abaraham to seene de ji chega. 4Amo wó pa se nmo dwi dem puli dedɛ de taa daga nenɛɛne wɛyuu chalechwe sem na daga tei to, ye a pa ba taa tei tega kanto maama. Ko nam ta wó tɔge nmo dwi dem baŋa ne mo se logo baŋa teene dem maama na zaane ba de yuu ne, 5Ko maa ye Abaraham na sɛ amo ni to ŋwaane mo. O sɛ amo ni-kaana yam, de a chullu tem, de chwo-laaro telo a na bere‑o to.”
6Izaak ma seene o vo o zoore Gerare ne. 7Rebeka na tiini o lamma to ŋwaane, Izaak déem kɔre we teo kom nɔɔna wó ja‑o ba go mo o kaane wom ŋwaane. Ba ná bwei o bwia, o maa tɛ we, Rebeka ye o nakɔ mo. O déem kɔre mo se o ta we, o ye o kaane.
8Izaak na zo da o dáane fee to, mo pɛ Abimeleka tɔge o sɔŋɔ takworo ne o na Izaak na wora o di bwoŋa dedaane o kaane Rebeka. 9Abimeleka na nɛ konto to, o laam ma bwoŋi Izaak ye o we, “O seene o ye nmo kaane mo! Ko laam nam ke tɛ mo ye nmo ta n we, o ye n nakɔ mo?” Izaak ma leiri we, “A kɔre we ba wó go-ne a kaane wom ŋwaane mo.” 10Abimeleka laam maa we, “Bɛ mo ye nmo ke debam konto? Baara bam dedoa ya wó wane o peini de n kaane wom, ye konto ya wó pa chaveera ja debam.”
11Abimeleka laam ma pa kwora yi o nɔɔna bam maama we, “Wolo maama na wó bɛɛse nɔɔno wonto naa o kaane wom to, toone mo wó taa ye kotu ŋweero.”
12Izaak déem ma du wo-dwa tega kam baŋa ne. Bene dem konto ne o ma na wodiiru dedɛ, kuni bi, Baŋa Wɛ na swɛ o swolim to ŋwaane. 13O déem ma duni. O duum dem maa tiini de pula, pa se o ji dedɛɛro kamunu. 14O jejegero tem daga te gaale, te maa ye peeni de bone de naane de tontoŋena dedɛ. Filisi tiina bam déem ma zwe kazwe ded‑o. 15Ko ma pa se ba kwei teero ba ma suuri vola yalo maama Abaraham tontoŋena bam déem na koga ye o ta ŋwe to.
16Abimeleka ma ta de Izaak we, “Nwoŋi n viiri, se nmo laam tiini n damma n dwoi debam.” 17Izaak ma fɔɔre o kɛ o vo o pu o vwei Gerare bwolo kom ne ye o zoore da. 18Izaak déem ma jwoori o gwaare vola yam Filisi tiina bam na suuri o kwo Abaraham toone kwaga ne to. O ta ma jwoori o pa-ya yera yalo o kwo déem na mɛ o bwoŋi-ya to.
19Izaak tontoŋena bam déem ma ko vole dedwoŋi bwolo kom ne ba yi na-ŋona. 20Gerare tiina nayera laam ma mage ni-kantɔgɔ de Izaak nayera bam ba we, “Vole dem na bam ye debam nyem mo!” Izaak ma pa vole dem yere we ‘Eseke’, ba na mage ni-kantɔgɔ de baŋa ne to ŋwaane. 21Ba daa ta ma ko vole dedwoŋi, ye ba ta mage ni-kantɔgɔ dento de baŋa ne. O ma pa vole dem konto yere we ‘Sitina’.
22Izaak ma zaŋe o fɔɔre dáane o vo o ko vole dedem, ye nɔɔn-nɔɔno daa wo ke jara dento baŋa ne. O ma pa de yere we ‘Rehobofa’, ye o we, “Baŋa Wɛ laam pɛ debam pwola se dé jeini de yazura, ye debam wó yerege tega kam baŋa ne.”
23Izaak ma zaŋe dáane o jwoori o vo o yi Beeriseba. 24O na yi da to, tete dem konto ne Baŋa Wɛ ma ba o tei ne ye o we, “Amo mo ye nmo kwo Abaraham Wɛ wom. Yé ta‑n kɔre foone, se amo wo nmo tei ne. Amo wó swɛ nmo swolim. A nam ta wó pa se n dwi dem kɔgɔ puli, amo tontoŋeno Abaraham ŋwaane.” 25Izaak maa tigisi kandwa o lɔ bimbini dáane ye o bwoŋi Baŋa Wɛ yere o zuli‑o. O ma pu o vwei jei sem konto ne, ye o tontoŋena bam de ko vole.
26Ba na wora konto to, Pɛ Abimeleka zege Gerare ne o ba o tei, wonto de o nakwe Ahuzafa dedaane o jar-keira bam yiga tu Fikola. 27Ba na tu to, Izaak ma bwei-ba o we, “Abam daa maa á beene amo tei se á ke bɛ mo? Ko dae abam déem mo chuli amo, ye á daare á zeili-ne á tei ne na?” 28Ba ma leiri we, “Debam maane we Baŋa Wɛ seene o wo nmo tei ne. Dé laam maa we, ko jege se dé du duuri mo se dé ke ni-mɔrɔ daane. Sɛ se debam ke ni-sɛɛm de nmo 29se nmo yé ke debam lwarem. Debam déem ke nmo lanyerane mo, se ko dae lwarem kɔtaa, ye dé daare dé bane‑m dé pa se n viiri dedaane yazura. Nmo laam maa n ye wolo Baŋa Wɛ na yɔɔre o swɛ nmo swolim to.”
30Izaak ma sɛ ye o ke kuri o pa-ba. Ba ma di wodi-fɔrɔ ba daare ba nyɔ. 31Tega na poore to, zezeŋa ne nɔɔna bam ma du duuri ba ke ni-sɛɛm daane. Izaak ma bane-ba o yage chwoŋa ne, ye ba de viiri de yazura.
32Dento dɛ dem ne Izaak tontoŋena bam ma ba o tei ba ta ded‑o vole delo ba ya na koge to taane. Ba maa we, “Dé koge dé yi na jei sem ne!” 33O ma bwoŋi vole dem konto we, Siba, ye dedaane zem maama teo kom konto yere mo ye Beeriseba.
34Izaak bu Esawu na yi bena finna to mo o di Hiti tiina bukwa balei o ma o ke o kaana. Dedoa déem ye Beeri bukɔ Judif mo, ye wodwoŋi wom ye Elon bukɔ Basemafa. 35Banto déem tiini ba ja wo-chechɔgɔ mo ba ba ba pa Izaak de Rebeka.",https://www.bible.com/bible/3661/GEN.26.KBG
PULIM 27,"Jakob jwoŋi Izaak swolim dem
1Izaak déem ma kwe ye o yia yam dwei. O déem ma bwoŋi o bu-kwea Esawu ye o laam ta ded‑o we, “Amo bu.” O de ma leiri we, “Nii-ne da.” 2Izaak maa we, “Amo laam ye nɔn-kwea mo ye a yeiri amo toone dɛ. 3Konto to, kwei n taŋa kam de ka chena, se n vo gaao n tɔɔne n go kago-varem n pa-ne. 4Laam kwei varem wom n ma n ke wodiu na ywomma ne a na yeini a lage tetei to, se n daare n ja n ba n pa-ne se a di. Nmo ná ke konto, a laam wó kwei Wɛ zaane a ma swɛ nmo swolim, se a daare a te.”
5Izaak déem na wora o ŋɔɔne de Esawu konto to, Rebeka ya zege o cheigi mo. Esawu na zaŋe o nwoŋi o kɛ gaao se o go varem to, 6Rebeka ma ta de Jakob we, “Nii ywo, amo nigi nmo kwo na tage de n zembaaro we, 7‘Véi n go kago-varem n ja n ba n saŋe wodi-laao n pa-ne se a di, se a laam kwei Baŋa Wɛ zaane a ma swɛ n swolim, se a laam daare a te.’ 8A bu, fɔge n cheigi, se n daare n ke kolo maama a na wó bere‑m to. 9Zo vara bam wone n le bebale selei n ja n ba n pa-ne. Amo laam wó ma-te a ma saŋe n kwo wodiu, se ko taa ywomma ne o na swoi-ko tei to. 10Se n laam ja n zo n pa n kwo se o di. Konto wó pa se o sɔɔle Wɛ swolim o yage n yuu ne, ye o laam daare o te.”
11Jakob ma ta de o nu Rebeka we, “Nmo yei we amo zembaaro Esawu ye nɔn-kogo mo, ye amo ye nɔn-siswola. 12Amo kwo ná taane amo o nii, ko wó taa nye nenɛɛne amo wora a gane‑o mo, ye amo ya na beeri se o sɔɔle lam o yage a yuu ne to, a laam wó jwoori a ja lwarem mo a ba a pa a tete.” 13O nu wom maa we, “Amo bu, yage se sɔɔlem dwi maama ba amo baŋa ne. Nmo za n ke amo na we n ke tei to. Véi n ja bone dem n ba n pa-ne.”
14O ma seene o vo o ja-de o ba o pa o nu, ye o de saŋe wodiu kolo na ywomma to, nenɛɛne o kwo wom na lage wodiu kom tei to. 15Rebeka laam ma kwei o bu-kwea Esawu gare-laaro na wo o tei ne to, o zo o bu-balaŋa Jakob. 16O daa ta ma kwei bone dem tankwallo tem o ma o kwoli Jakob je sem dedaane o ba dem mɛ na ye siswolo to. 17O laam ma kwei wodi-ywoŋo kom, de bworobworo kom o na ke to o pa o bu Jakob.
18Jakob ma vo o kwo tei ye o we, “A kwo.” O de ma leiri we, “Amo bu wɔ mo konto?” 19Jakob ma leiri o kwo we, “Amo ye nmo bu-kwea Esawu mo. Amo nam ke nenɛɛne nmo na tage tei de amo to mo. Konto to, zaŋe n jeini n di amo wodiu kom, se n laam daare n sɔɔle Wɛ swolim n yage amo yuu ne.” 20Izaak ma bwei‑o we, “Amo bu, n ke tetɛ mo n na-ko lela tento?” O ma leiri we, “Nmo Tu Baŋa Wɛ mo woli-ne konto.” 21Izaak laam ma ta de Jakob we, “Amo bu, nam fɔɔre n yi amo yera, se a taane‑m a nii nmo seene n ye amo bu-kwea Esawu mo naa n dae.” 22Jakob ma fɔɔre o yi o kwo Izaak tei. O ma taane‑o o nii ye o we, “Kwora kam ye Jakob kwora mo, ye jea yam laam ye Esawu jea.” 23O maa wo lɔre‑o, kokuri o je sem déem jege koro yerane mo, ne Esawu je sem na ye tetei to. O laam ma sɛ se o kwei Wɛ zaane o ma swɛ o bu wom swolim. 24O daa ma bwei‑o we, “Konto to, nmo seene n ye amo bu-kwea Esawu mo na?” O ma leiri we, “Ɛɛ.”
25Izaak laam ma ta we, “Ja n kago-varem nɔna yam n ba n pa-ne se a di, se a laam daare a kwei a swolim dem a pa‑m.” Jakob ma ja o yi o tei o pa‑o ye o di. O ta ma pa‑o sana ye o nyɔ. 26O kwo Izaak laam ma ta ded‑o we, “Amo bu, fɔɔre n yi ywo, se n kukwori-ne.” 27O de ma yi o tei o kukwori‑o. Izaak ma ni o gwaaro tem lwom, ye o daare o o sɔɔle Wɛ swolim o we, “Nii mo! Amo bu wom lwom dem nye nenɛɛne pwola kalo Baŋa Wɛ na ke zaane o yage ka baŋa ne to lwom mo.
28Konto ŋwaane, Wɛ wó pa se nyɔnɔ nwoŋi wɛyuu
ko pa se nmo tega kam fɔge ka ke wodiiru dedɛ,
se n mena de n sa-doora gaale.
29Wɛ wó pa se dwi-gɛ tiina taa toŋe ba pae nmo
ye nɔɔna tiiri nmo yiga ne ba pa‑m zula.
Wɛ wó pa se n ta‑n ye n chorro tem yuu tu,
ye nmo nu-bia bam maama wó tiiri nmo yiga ne ba pa‑m zula.
Balo na sɔɔle lwarem ba yage nmo baŋa ne to
de wó jwoori ba na sɔɔlem konto dwoŋi ba baŋa ne.
Balo nam na sɔɔle lam ba yage n yuu ne to
de wó jwoori ba na zaane.”
Esawu lwoori zaane o kwo tei ne
30Izaak na yɔɔre o sɔɔle Wɛ swolim o pa Jakob o ti ye Jakob nwoŋi pwooni o daare o kwo wom to, mo o zembaaro Esawu yɔɔre o zege gaao ne o yi. 31Wonto de ma ke wodi-ywoŋo o ja o zo o kwo tei ne. Esawu laam ma ta o kwo we, “A kwo, zaŋe n jeini se n di a kago-varem nɔna yam, se n daare n sɔɔle Wɛ swolim n yage amo yuu ne.” 32O kwo Izaak ma bwei‑o we, “Nmo ye wɔ mo?” O ma leiri we, “Amo ye nmo bu-kwea Esawu mo.” 33Izaak ma ni ye ko sɔɔre o yera pa se ya tiini ya sae. O ma bwei‑o o we, “Se wɔ nam mo jaane kago-varem wom o zo ywo o pa amo to? Amo yɔɔre a di a ti mo konto ye nmo ma n zoore to, ye a maŋe a sɔɔle Wɛ swolim a pa wonto. Wonto nam wó seene o na Wɛ zaane dem konto mo!”
34Esawu na nigi o kwo taane dem konto to, o ma tiini o laare wɛ-wɛ ye o chwoosa o kwo wom tei ne we, “A kwo, a lwoori‑m! Sɔɔle Wɛ swolim n pa amo de!” 35O ma leiri‑o we, “Nmo nyaane wom zo amo tei mo o gane-ne o ma jwoŋi Wɛ swolim delo ya na ye nmo nyem to.”
36Esawu maa we, “O yere na ye Jakob to seene ko ye chega mo! O gane amo tento o ke kuni belei mo. O maŋe o ŋɔ amo bu-kwea nyɔɔre dem, ye leile konto o daa vere Wɛ swolim delo ya na ye a nyem to o woli da!” O laam daa ma bwei o kwo we, “Konto, n daa ta jege Wɛ swolim se n kwei n pa-ne na?” 37Izaak ma leiri Esawu we, “Amo maŋe a pa se wonto ji nmo yuu tu ye a ta pa se o nu-bia maama taa ye wonto kabɛ. A nam ta kwei wodi-fɔrɔ dedaane sa-doora a pa‑o. Konto to, amo bu, bɛ daa mo wó daare se a kwei a pa‑m?”
38Esawu ma fɔge o ta de o kwo o we, “Amo kwo, nmo bere n wo daare Wɛ swolim dedwoŋi na? Nam sɔɔle Wɛ swolim n yage amo de yuu ne! A kwo! A kwo!” Esawu ma to keira ne baŋa baŋa.
39O kwo Izaak ma leiri we:
“Nmo zoorem jei bá taa ye tega kalo na ke wodiiru dedɛ.
Tega kam ta bá na wɛyuu nyɔnɔ kom.
40Nmo wó ta‑n ke jara mo n zoora.
Nmo wó ta‑n toŋe n pae n nyaane wom ne kabaa tei.
Ko laam nam ná zo nmo yera,
nmo wó vere n tete wonto dam kuri ne.”
41Esawu na nigi konto to, o ma done Jakob, ba kwo na kwei Wɛ zaane o ma swɛ wonto swolim to ŋwaane. O ma ta o tete ne we, “Debam kwo bá dáane ye o te. O lua kam ni ná ti, amo laam wó go a nyaane Jakob.”
42Rebeka déem ma ni o bu-kwea Esawu na boŋe tei to. O ma toŋe o bwoŋi o bu-balaŋa Jakob ye o ta ded‑o we, “Nmo zembaaro wom boŋe se o go‑m mo se ko pa o bane zuri. 43Konto to, ke tetei amo na wó bere‑m to: Duri n vo amo nabɔ Laban tei Haran ne. 44Ta‑n zoore wonto sɔŋɔ ne se ko taa nii maŋa kalo nmo zembaaro wom bane dem na wó zuri to. 45O bane dem ná seene de zuri ye o swei nmo na toŋe kolo o yera ne to, amo laam wó pa ni se nmo zege dáane n jwoori ywo. Bɛŋwaane mo amo wó yɔɔre a ga abam balei dɛ dedwe wone?”
46Rebeka laam ma ta de Izaak o we, “Amo yera laam chɛ mo de Hiti bukwa banto Esawu na di to. Jakob de nam daa ná lage o di Hiti tiina bukɔ jei sento ne, amo toone bere de wó taa gare a ŋwea.”",https://www.bible.com/bible/3661/GEN.27.KBG
PULIM 28,"1Rebeka déem na tage konto to, Izaak ma toŋe o bwoŋi Jakob. O ma ta ded‑o o we, “Wɛ taa wo nmo tei ne. Yé zaŋe n di Kanaan tiina bukɔ n ma n ke kaane. 2Zaŋe n vo Mesopotamia leile konto, n nu wom kwo Bɛtuweli sɔŋɔ ne, se n di kaane dáane, nmo nu nabɔ Laban bukwa bam wone. 3Dam-fɔrɔ Tu Wɛ wom wó swɛ nmo swolim ye o pa se á ja dwi á daare á puli dedɛ se á ji nɔn-kɔgɔ. 4Wɛ wó swɛ nmo de n dwi maama swolim, nenɛɛne o na maŋe o ke o pa n nabaaro Abaraham tei to mo, se á wane á jwoŋi tega kanto á na zoore da nenɛɛne veira tei to á ta‑á tei, nenɛɛne o na pɛ Abaraham tei to.” 5Izaak ma bane Jakob o yage chwoŋa ne, ye o de ma kɛ Mesopotamia. O déem ma vo o zoore Aram tu Bɛtuweli bu Laban tei ne. Wonto déem ye Jakob de Esawu nu Rebeka nabɔ mo.
Esawu di kaane wodwoŋi
6Esawu ma ni Izaak na ke tei o kwei Wɛ zaane o ma swɛ Jakob swolim ye o toŋe‑o se o vo Mesopotamia o beeri kaane dáane to. O ta ma ni o na pɛ Jakob ni we, o yé di kaane Kanaan tiina bukwa bam wone. 7O ma ni Jakob na sɛ ba kwo dedaane ba nu ni tei ye o seene o vo Mesopotamia to. 8Esawu laam ma lɔre we Kanaan tiina bukwa bam o na di o ma o ke o kaana to wo su o kwo Izaak yi kɔtaa. 9Ko ma pa se o vo o kwo zembaaro Isameli tei o di Mahalafa. Wonto ye Nebayofa nakɔ ye o ta ye Abaraham bu Isameli bukɔ. O ma di‑o o woli kaana balo o na maŋe o jege to wone.
Jakob dwɛ dendwɛ Bɛtel ne
10Jakob déem ma nwoŋi Beeriseba ne o laam maa vei Haran. 11Tega na wora ka yi, ye o yi jei sedwoŋi to mo o maŋe dáane se o peini se tega poore. O déem ma kwei kandwɛ dedoa na wo jei sem konto ne to o yeiri o yuu, ye o tigi o dɔa. 12O ma dwɛ dendwɛ o na nateini de kuri seeni na wo tega ne ye de yuu kom seeni yi Wɛ telaao ne to. Wɛ malese sem laam maa dɔɔle de baŋa ne se diini ye se tu tega ne. 13Baŋa Wɛ laam ma ba o zege da ye o we, “Amo mo ye Baŋa Wɛ, nmo kwo Abaraham Wɛ wom, dedaane Izaak Wɛ wom. Ko ná ye tega kalo baŋa ne nmo laam na tigi tento to, amo wó kwei-ka a pa nmo de n dwi dem. 14Amo wó pa se n dwi dem taa daga dedɛ nenɛɛne tega baŋa kasol-bia na ye tei to mo. Abam wó puli ye á daare á jage á yi logo baŋa jei maama ne, wɛ-zoore seeni dedaane wɛ-puli seeni, se á daare á yi baŋa seeni dedaane tega-kuri seeni. Logo kom baŋa dwi tiina bam maama wó da nmo de n dwi dem baŋa ne mo se ba de na zaane amo tei ne. 15Nii! Amo wó taa wo nmo tei ne ye a taa nii nmo baŋa ne mɛ maama nmo na wó vo to. Amo wó ja‑m a jwoori a ba se n jeini tega kanto baŋa ne. Amo bá fɔge a yage nmo kɔtaa. Amo nam wó seene a ke amo na pwooli se a ke kolo a pa nmo to.”
16Jakob laam ma zaŋe dɔɔm wone. O ma boŋe we, “Baŋa Wɛ seene o wo jei sento ne mo ye amo ya wo lɔre ko ni ne.” 17Foone ma ja‑o ye o we, “Nii jei sento na jege foone tei! Ywo-seeni dae jei yɔɔ yerane, ko ye Wɛ sɔŋɔ kom mo. Mo Wɛ telaao manchwo-peena yam mo tento.”
18Tega na poore zezeŋa ne to, Jakob ma kwei kandwɛ delo o na mɛ o yeiri o yuu kom to, o cheili-de wɛɛne nenɛɛne ywei dwoŋi ye o laam lwo nuga de baŋa ne. 19O ma bwoŋi jei sem konto yere we ‘Bɛtel’, ye ba déem ya bwoi teo kom konto we ‘Luzi’ mo.
20Jakob laam ma du duuri de Baŋa Wɛ we, “Nenɛɛne nmo ná wó taa wo amo tei ne ye n nii amo baŋa ne a chwoŋa kanto maama yuu ne, ye n ná wó pa-ne wodiu se a di dedaane gwaaro se a zo, 21ye amo laam ba a jwoori a kwo sɔŋɔ de yazura, nmo Baŋa Wɛ wó taa ye amo Wɛ. 22Amo wó daare a kwei kandwɛ dento a na chwi nenɛɛne ywei dwoŋi to mo se de taa ye nmo Wɛ sɔŋɔ kom. Woŋo kolo maama nmo na ke amo jeŋa ne to, amo wó le popɔra dedoa wonnu fuga maama wone a pa‑m.”",https://www.bible.com/bible/3661/GEN.28.KBG
PULIM 29,"Jakob yi Mesopotamia
1Jakob daa ma to o chwoŋa kam ne o maa kɛa ye o vo o yi wɛ-puli seeni nɔɔna bam teene dem. 2Dáane mo o nɛ vole na wo pwola kadwoŋi ne. Pei kɔgɔ kuni betɔ laam tigi se bwola de vole dem, kokuri to nayera bam jege se ba mɔ vole dem konto na mo ba nye pei sem. Kandwɛ delo déem na kwoli vole dem ni to maa daga dedɛ. 3Vara bam maama ná yeini ba jeeri da ba ti, nayera bam laam yeini ba bibili kandwɛ dem ba yage dáa ne mo ye ba mɔ na ba nye pei sem. Ko kwaga ne ba daa yeini ba jwoori ba ma kandwɛ dem ba ma ba pu vole dem ni.
4Jakob ma vo o bwei nayera bam we, “Amo chorro, abam nwoŋi yei mo?” Ba ma leiri we, “Debam nwoŋi Haran mo.” 5O ma bwei-ba o we, “Se abam yei Nahora naa kam na ye Laban to na?” Ba ma leiri we, “Ɛɛ, dé yei‑o.” 6Jakob daa ma bwei-ba o we, “O jege yazura na?” Ba ma leiri we, “Ɛɛ, o jege yazura. Nii o bukɔ Racheli na kale pei sem o maa beena.” 7O maa we, “Nii-na ywo, wea kam daa taa dana. Ko ta wo yi maŋa kalo á na wó pa se vara bam jeeri ba sii to. Nam mɔ-na na bam á pa pei sem se se nyɔ se á laam pa se jwoori se vo se di gaao.” 8Ba ma leiri ba we, “Dé bá wane dé ke konto. Ko jege se vara bam maama mo jeeri se dé laam bibili kandwɛ dem na wo vole dem ni ne to dé ke dáa ne, se dé wane dé mɔ na dé nye pei sem.”
9Jakob daa ta na zege o lare de nayera bam konto to, mo Racheli yi da de o kwo pei sem. O déem ye nayero mo. 10O ma nii o na Racheli na ye o nu nabɔ Laban bukɔ ye o kale o kwo pei sem to. O ma vo o bibili kandwɛ delo na pugi vole dem ni to o yage dáa ne ye o daare o mɔ na o nye o nabera wom pei sem. 11O laam ma vo Racheli tei o kukwori‑o ye o keeri wɛ-wɛ. 12O ma ta de Racheli o we o nwoŋi wonto kwo wom dwi dem wone mo, ye Rebeka mo loge‑o. Racheli na nigi konto to, o ma duri o vo o ta de o kwo. 13O kwo Laban na yɔɔre o ni o nakɔ bu Jakob ŋwa konto to, o ma ke lela o nwoŋi o vo o jeeri‑o. O ma kukwori‑o lanyerane. O ma daare o ja‑o o vo o zo o sɔŋɔ. Jakob laam ma tole taane dem maama o bere‑o.
14Laban laam ma ta ded‑o we, “Chega to, nmo seene n ye amo tete yera mo de amo jana.” Jakob ma maŋe o sɔŋɔ ne se ko yi chana.
Jakob di Leah de Racheli o ma ke kaana
15Laban déem ma ta de Jakob we, “Ko wo maŋe se nmo ta‑n toŋe n pae amo zɛɛra, n na ye amo choro to ŋwaane. Ta n bere-ne, ŋweero tɔ mo nmo wó ta‑n lage amo tei ne?” 16Laban déem maa jege bukwa balei, nakwe wom yere déem mo ye Leah, ye nyaane wom yere ye Racheli. 17Leah yibia kam déem maa lamma, se ko dwoi Racheli, wonto ye-daa kam maŋe daane mo ye o tiini o lamma yi ne. 18Jakob boboŋa ma zo Racheli wone ye o ta de Laban o we, “Nmo ná sɛ, amo wó toŋe a pa nmo bena yarepɛ se a jwoŋi n bukɔ-balaŋa Racheli a ma ke kaane.” 19Laban ma leiri o we, “A ná kwei‑o a pa nmo, ko wó taa gare a ná pɛ nɔn-gaa. Ta‑n zoore amo tei ne ywo-seeni.”
20Jakob ma seene o toŋe bena yarepɛ maama se o wane o jwoŋi Racheli, ye bena yam nye nenɛɛne da fenfee yerane mo o tei ne, o swono kom o na jege o pa‑o to ŋwaane. 21Jakob laam ma ta de Laban we, “Pa-ne a kaane wom. A maŋa kam n na pɛ-ne to ti, ye amo de laam lage se a peini ded‑o mo.” 22Laban ma ja teo kom nɔɔna bam maama se ba jeeri daane ba di kadiri kuri. 23Tega na yi to, o laam ma gane Jakob o ja o bukɔ Leah o ja o zo o pa Jakob, ye Jakob de peini ded‑o. 24Laban daa ta ma kwei o kaba-kana Zilipa o pa o bukɔ Leah se o ma o ji o ka-nyaane.
25Tega na poore to, mo Jakob maane we ko ye Leah mo! Ko ma pa se o ta de Laban we, “Bɛ mo ye nmo laam ke amo konto? Amo toŋe taa a pa‑m Racheli ŋwaane mo, ko dae konto mo na? Bɛ laam nam mo ke ye nmo gane amo?” 26Laban ma leiri we, “Ko ba ke konto debam teo ne, se nɔɔno kwei o bukɔ-balaŋa o yei o pa baro ye o zembaaro ta jei sɔŋɔ ne. 27Zuri n yera se kadiri dem da yarepɛ yam kɛ, se dé daare se a pa‑m o nyaane wom de a woli da, nenɛɛne n daa‑n ná wó toŋe bena yarepɛ daga n pa-ne.”
28Jakob ma sɛ. O de Leah ma ti ba ka-doore da yam, ye Laban kwei o bukɔ Racheli o pa‑o se o ma ji o kaane. 29Laban daa ta ma kwei o kaba-kana Biliha o pa o bukɔ Racheli se o ma o ke o ka-nyaane. 30Jakob ma peini de Racheli de, ye o laam za swoi Racheli o dwoi Leah. O daa ma toŋe bena yarepɛ o pa Laban.
Jakob bia bam taane
31 Baŋa Wɛ déem maane we Jakob ba tiini o jege Leah swono. Konto ŋwaane o ma pa wonto lora pore lanyerane. Ko daare Racheli maa ye kadega. 32Leah ma ja puga ye o lo bakeira. O ma pa o yere we ‘Ruben’, kokuri to o we, “Tento maama ye Baŋa Wɛ na nɛ amo wo-chechɔgɔ kom to ŋwaane mo. Amo baro wom laam wó taa swoi-ne.”
33O daa ma ja puga ye o daa ta lo bakeira. O maa we, “Tento mo Baŋa Wɛ lɔre we amo gɛ nɔɔna swono, mo kokuri o pɛ a lo wonto de.” O ma pa wonto yere we ‘Simeon’.
34Leah daa ta ma ja puga o lo bakeira. O laam ma ta we, “Leile konto, amo baro wom laam wó tane de amo, kokuri to a loge bakeiri setɔ a pa‑o.” O ma pa o yere we ‘Levi’.
35O ta ma jwoori o ja puga ye o lo bakeira o ta woli da. O ma ta we, “Amo laam wó taa tei Baŋa Wɛ mo.” Mo kokuri o déem pɛ wonto yere we ‘Judah’. O laam ma kwori bu-lore.",https://www.bible.com/bible/3661/GEN.29.KBG
PULIM 30,"1Racheli déem na nɛ we o wo wane se o lo bia o pa Jakob to, o maa jege kazwe o zwe de o zembaaro Leah. Ko ma pa se o ta de Jakob we, “Pa-ne bia, se ko ná dae konto, amo lage a te mo!” 2Jakob bane ma zaŋe ded‑o ye o we, “Amo ye Wɛ mo na? Ko dae wonto mo chege nmo de bu-lore na?” 3Racheli maa we, “Nam nii amo ka-nyaane Biliha da. Peini ded‑o se o lo bia o pa amo, se amo de wane a tɔge wonto baŋa ne a na dwi.”
4O laam ma kwei o ka-nyaane Biliha o pa‑o se o ma ke kaane. Jakob ma peini ded‑o, 5ye o ja puga o lo bakeira o pa‑o. 6Racheli maa we, “Wɛ laam bere we amo de jege bora. O sɛ amo wɛ-lworo ye o pa-ne bakeira.” Konto ŋwaane, o ma pa o yere we ‘Dan’.
7Racheli ka-nyaane Biliha daa ma ja puga ye o lo bakeira o pa Jakob o woli da. 8Racheli laam maa we, “Amo tiini a yiŋi mo de a zembaaro wom, ye a wane‑o.” O ma pa o yere we ‘Nafitali’.
9Leah déem na maane we o daa ba lore bia to, o de ma kwei o ka-nyaane Zilipa o pa Jakob se o ma ji o kaane. 10Leah ka-nyaane Zilipa ma lo bakeira o pa Jakob. 11Leah laam maa we, “Nii a na nɛ yu-ywoŋo tei!” O ma pa bu wom yere we ‘Gad’.
12Zilipa daa ma lo bakeira o pa Jakob. 13Leah maa we, “Nii amo na nɛ wopwolo tei! Kaana bam laam wó taa tɛ we a jege yu-ywoŋo mo.” O ma pa o yere we ‘Asere’.
14Faao-ni maŋa dɛ dedwe, Leah bu Ruben ma nwoŋi o vo kare sem. O ma beeri o na liri vɔɔro tedwonna o ja o ba o pa o nu. Ba maa bwoi vɔɔro tento we ‘mandaraka’. Racheli na nɛ konto to, o ma ta de Leah o we, “Jan ja, twori n bu mandaraka vɔɔro tem wone n pa-ne.” 15Leah ma leiri o we, “Nmo maŋe n wo vere amo baro wom a tei ne mo na? Konto to, nmo ta lage se n kwei amo bu Ruben mandaraka vɔɔro tem mo n woli da na?” Racheli maa we, “Amo nam sɛ. Ke n bu wom liri sem n pa-ne, se tete dento Jakob wó ba o peini de nmo.”
16Dedaan-ni ne Jakob déem ma zege kara kam ne o jwoori sɔŋɔ. Leah ma nwoŋi o jeeri‑o ye o we, “Nmo zem ye se n peini de amo mo. Amo mɛ a bu Ruben mandaraka vɔɔro mo a ŋwe nmo ŋwaane se debam zem peini daane.” O ma seene o peini ded‑o dento tete dem ne. 17Wɛ ma sɛ Leah wɛ-lworo, pa se o ja puga o lo bakeira o ke senu o pa Jakob. 18Leah laam maa we, “Wɛ mo ŋwe amo ŋweero konto dedaane a na kwei a ka-nyaane wom a pa a baro wom to.” O ma pa o yere we ‘Isakara’.
19Leah daa ma ja puga o lo bakeira o ke seredo o pa Jakob. 20O laam maa we, “Wɛ kwei pɛɛre delo na jege yuu to mo o pa-ne. Leile konto, amo baro wom laam wó taa nege amo mo, amo na loge bu-baara baredo a pa‑o to ŋwaane.” O ma pa bu wonto yere we ‘Zebulun’. 21Leah laam ma daare o lo busankana ye o pa o yere we ‘Dina’.
22Wɛ laam ma guli Racheli gula. O ma sɛ o wɛ-lworo ye o pa se o lora pore. 23O ma ja puga ye o lo bakeira pa se o we, “Wɛ kwei amo chaveera yam o ja o kɛ dáa.” 24O ma pa bu wom yere we ‘Josɛf’, ye o we, “Baŋa Wɛ ta woli bakeira kadwoŋi da o pa-ne.”
Jakob pei sem puli dedɛ
25Racheli déem na loge Josɛf to mo Jakob tage de o kaane kwo Laban we, “A lwoori chwoŋa nmo tei ne, se a jwoori a vo a kwo sɔŋɔ na ye a tete teo to. 26Pa-ne chwoŋa se a viiri, amo de a kaana dedaane a bia bam, se banto ŋwaane mo a toŋe taa a pa‑m. Nmo nam yei amo na tiini a toŋe a pa‑m ye ko mae tei to.” 27Laban maa wo sɛ ye o ta ded‑o we, “Nenɛɛne amo keim ná su nmo yi, se n maŋe ywo. Amo na beeri a nii to mo a nɛ we ko ye nmo ŋwaane mo Baŋa Wɛ ke zaane a yuu ne. 28Ta n bere-ne, nmo na lage se n ŋweero taa ye tei maama to, se amo wó ŋwe-te a pa‑m.”
29Jakob ma ta ded‑o we, “Nmo yei amo na toŋe tei ye a yere n vara bam pa se ba ke lanyerane amo jeŋa ne to. 30Fenfee kolo nmo déem na jege ye amo ya ta wo tu n tei ne to laam puli mo dedɛ. Mɛ maama amo ná via, Baŋa Wɛ yeini o ke zaane mo o ke nmo yuu ne. Se leile konto, ko maŋe se a ke kolo na wó woli a tete sɔŋɔ tiina bam mo.”
31Laban ma bwei‑o we, “Nmo nam we a pa‑m bɛ mo?” Jakob ma leiri we, “Amo nam bá jwoŋi ŋweero nmo tei ne. Za n sɛ se n ke kolo amo na wó lwoori nmo tei ne to, se a ta wó kale n vara bam a nii ba baŋa ne. 32Nam pa-ne chwoŋa zem se a zo nmo vara bam wone a le pi-poporro tem de pipeili selo maama na zwora to, ko woli de bom-poporro tem. Sento dwi maama mo wó taa ye amo ŋweero. 33Konto to, amo chega kam laam wó bere jaja jwa seeni mo. Nmo ná tua se n nii ŋweero telo n na pɛ amo to, ye n ná nɛ we amo jege boŋo kolo na dae poporro, naa pipeila kalo na ba zwora to, ta‑n yei we a ŋɔge-te nmo tei ne mo.” 34Laban ma sɛ ye o we, “Dé wó ke tetei nmo na tage to mo.”
35Dento dɛ dem ne nɔɔ mo, Laban vei o le bo-bale selo na ye poporro to, de bo-chwa yalo yera na ye nyɔge nyɔge ye ya jege napwoŋo to o ta woli de pipeili selo na zwora to dwi maama, o pɔɔre-se o ke o bu-baara bam jeŋa ne se ba taa nii-se. 36O ma pa ba vo da yatɔ veiŋa mo ba daare Jakob dedaane vara balo na daare ye o jege-ba o yere to.
37Jakob ma na ye o gwoni teeni dedwonna nɛ. Teeni dento dɛ sem ye napwonnu, de yera maa ye Popela, de Aamonda, de Pileeni. O laam ma lɔɔre lɔɔre nɛ sem poro tem jei sedwonna o daare bibeiri-pwonnu pa te wo da-lɛɛro tem wone. 38O ma kwei tio-nɛ sem o na pwoni pwoni konto to, o tiŋi-se gwonnu telo ba na lwoi na da se vara bam nyɔ to wone. O ma pa se vara bam yɔɔre ba na dɛ sem maŋa kalo maama ba na wó ba se ba nyɔ na to. Vara bam yeini ba diini daane jei sem konto ne. 39Ba déem na diini daane dɛ sem yiga ne konto to, ba laam ma ba ba lore bia balo na ye poporro de balo na ye nyɔge nyɔge to.
40Jakob ma pɔɔre pipeili sem o ke dáa ba yerane. O déem ma yeini o pa pei selo na daare to yɔɔre se jeeri Laban vara balo na zwora de balo na ye vare-poporro to. O ke konto mo o ma na vara o tete ŋwaane ye o wo woli-ba Laban vara bam wone. 41Ko ná ye vara balo na dana to, banto ná yeini ba lage se ba di daane, Jakob yeini o kwei dɛ sem mo o tiŋi vara na nyɔɔm gwonnu tem wone, se vara bam di daane dɛ sem yiga ne. 42Ko nam ná ye vare-nabwona bam, o yeini o ba ke konto. Ko ma pa se vare-nabwona bam woli Laban vara bam wone ye vare-dedɛɛra bam ji Jakob nyem. 43Ko dɛ konto baŋa ne mo ye Jakob tiini o duni. O laam ma ba o jege o tete vara dedɛ, dedaane kona de bonɛ, de kabɛ, baara de kaana maama.",https://www.bible.com/bible/3661/GEN.30.KBG
PULIM 31,"Jakob duri o daare Laban
1Jakob déem ma ni Laban bia bam na tɛ ba we, “Jakob mo jwoŋi debam kwo déem ya na jege kolo maama to. O zege debam kwo jeŋa wonnu baŋa ne mo o duni.” 2Jakob ta ma maane we Laban yi daa ta ba sui ded‑o, nenɛɛne ko déem na ye tei to.
3 Baŋa Wɛ laam ma ta de Jakob we, “Zaŋe n jwoori n vo n kwoa teo kom, nmo chorro tem na zoore mɛ to, se amo wó taa wo nmo tei ne.” 4Jakob ma toŋe o bwoŋi Racheli de Leah se ba ba ba jeeri‑o pwola kalo ne o na nii o vara bam da to. 5O ma ta de-ba we, “Amo maane we abam kwo yi laam daa ba sui dedaane amo, nenɛɛne ko déem na ye tei to. De konto de, Wɛ wom amo kwo na zuli‑o to wo amo tei ne. 6Abam yei we amo mɛ a dam maama mo a toŋe a pa á kwo wom. 7De konto maama de, abam kwo wom yeini o pini amo mo ye o leiri amo ŋweero tem kuni fuga. Woŋo maama wone, Wɛ wo pɛ‑o chwoŋa se o ke amo wo-lɔŋɔ. 8O ná yeini o we, vara balo na ye nyɔge nyɔge to mo wó taa ye amo ŋweero, vara bam maama wó lo bia balo na ye nyɔge nyɔge to mo. O daa ná we, vare-poporro tem mo wó taa ye a ŋweero, vara bam maama ta wó lo vare-poporro mo. 9Ko ye Wɛ mo dɛ chwoŋa kam konto o jwoŋi abam kwo vara bam o kwei o pa amo.
10Tɔ. Maŋa kalo vara na diini daane to mo amo nam dwɛ dendwɛ, ye a na we bo-bale selo na wora se diini bo-chwa to ye selo na jege nyɔge nyɔge se yera ne to mo. Sedwonna de ta ye poporro. 11Amo na dwɛ dendwɛ dem konto to, Wɛ maleka kam laam ma bwoŋi amo yere we ‘Jakob’. Amo de ma leiri we ‘Nii-ne.’ 12O laam maa we ‘Fɔge n nii, se n na we bo-bɛ selo na wora se diini bone dem to jege nyɔge nyɔge mo ye sedwonna ye poporro. Amo ke konto a pa‑m, kokuri amo nɛ tetei maama Laban na jege o toŋe nmo yera ne to. 13Amo mo ye Wɛ wolo déem na jeeri‑m Bɛtel ne to. Dáane mo nmo de déem chwi kandwɛ nenɛɛne ywei dwoŋi ye n lwo nuga de baŋa ne n daare n pwooli amo yiga ne. Konto to, zaŋe da teo konto ne leile se n daare n jwoori n vo teo kolo ba na loge‑m to.’ ”
14Racheli de Leah ma leiri we, “Dé kwo ná tega o daare, kolokolo daa tera se dé tɔge dé jwoŋi o sɔŋɔ kom ne dé taa tei. 15Dé kwo laam maŋe o ke debam nenɛɛne dé ye veira mo tei. O kwei debam mo o yeigi o pa‑m, ye o ta daare o di nyɔɔre delo o na jwoŋi debam ŋwaane to o ti. 16Chega wone to, jejegero telo maama Wɛ na jwoŋi debam kwo wom tei ne o pa nmo to seene te ye debam dedaane dé bia bam nyem mo. Konto to, ke kolo maama Wɛ na we n ke to.”
17Ba na tage konto to, Jakob laam ma kwei o bia de o kaana bam o jeini kona baŋa ne, 18ye o kale o vara bam maama o ke yiga ne, ko woli de wonnu telo maama o na nɛ Mesopotamia ne to, se o jwoori o vo o kwo Izaak tei Kanaan teo kom ne.
19Laban déem ma nwoŋi o vo se o pa ba fane o pei sem koro. Racheli ma zo o ŋɔ o kwo jwona yam. 20Jakob de ma kwori o gane Aram tu Laban, bɛŋwaane o wo tage o bere‑o we o lage o duri o viiri mo. 21O déem ma zaŋe Laban tei ne o kwei o jejegero maama o ke lela o viiri. O ma vo o bɛ Yuferata bu-nia kam o vo o yi Gilead zwonnu laŋa kam.
Laban duri o pu Jakob kwaga
22Da yatɔ na kɛ to mo ba tage ba bere Laban we Jakob duri mo o maa viira. 23O ma la o fara o ke daane, ye o laam duri o pare Jakob da yarepɛ. O ma pare o ja‑o Gilead zwonnu laŋa kam ne. 24Tete ne Wɛ ma ba Aram tu Laban tei dendwɛ wone ye o ta ded‑o we, “Ta‑n yei se n yé ta kolokolo dedaane Jakob se ko taa ye botare-laao naa botare-balɔrɔ.”
25Laban na yi Jakob tei konto to, Jakob déem ya tei o vwoa Gilead zwonnu laŋa kam ne mo. Laban de o fara bam de ma tei ba vwoa dáane. 26Laban ma ta de Jakob we, “Bɛ mo ye nmo ke konto? Nmo gane amo, ye n ja a bukwa bam n viiri nenɛɛne nɔɔna na mage jara ba jaane kaana ba vɔ ba viiri tei to. 27Nmo na gane-ne tei to, n seigi amo yiga ne n duri mo. Nmo nam ya ná tage n bere-ne se a bane‑m, a ya wó yage‑m chwoŋa ne dedaane wopwolo, ye ba leeni lei ye ba mage kwanno dedaane senyɛ ba pa‑m. 28N maŋe n wo pɛ-ne pwola se a kukwori a naaro tem dedaane a bukwa bam se a bane-ba a yage chwoŋa ne. Nmo na ke tei to, n tiini n toŋe totoŋ-jworo dedɛ. 29Amo ya jege dam se a ke abam wo-lɔŋɔ, se diim tete dem ne mo Wɛ wolo n kwo na zuli to tage de amo o we ‘Ta‑n yei se n yé ta kolokolo dedaane Jakob se ko taa ye botare-laao naa botare-balɔrɔ.’ 30Amo nam yei nmo na duri kolo ŋwaane to, n kwo sɔŋɔ kom fera mo jaane‑m. Se bɛŋwaane mo nmo nam ŋɔge amo jwona yam n woli da n jege n ma‑n viira?” 31Jakob ma leiri Laban we, “Foone mo jaane amo, kokuri to amo ya boŋe we nmo wó ma dam mo n vere n bukwa bam amo tei ne. 32Se ko daare, nmo ná nɛ n jwona yam nɔɔno wolo tei ne, konto tu maŋe se o te mo. Debam maama fara bam yiga ne ywo, fɔge n nii n ná wó na n woŋo amo wonnu tem wone. N nam ná nɛ kolo, se n kwei.” Jakob déem na tage konto to, o wo lɔre we Racheli mo ŋɔge o kwo jwona yam.
33Laban laam ma zo Jakob vwei dem wone, de Leah vwei dem wone, de ka-nyaana balei bam vwei dem wone ye o wo nɛ kolokolo. O na nwoŋi Leah vwei dem ne to mo o vei o zo Racheli vwei dem. 34Racheli déem ya kwei o kwo jwona yam o ke o kone dem pɔlɔ ne mo ye o laam jei pɔlɔ kom baŋa ne. Laban ma beeri o taane vwei dem jei maama ne ye o wo nɛ kolokolo. 35Racheli ma ta de o kwo we, “Amo tu, yé pa se n bane zaŋe, se amo bá wane a zaŋe wɛɛne, kokuri to, amo wo a zarem wone mo.” Ko ma pa se o beeri wuu ye o wo nɛ o sɔŋɔ jwona yam.
36Jakob bane ma zaŋe ye o bwɛ Laban. O ma bwei‑o o we, “Amo ke bɛ mo a ja a chɔge? Amo ke lwarem dɔ mo ye nmo laam tɔge amo nɛ tento? 37Nmo na tiini n beeri n buŋi amo zela yam maama wone to, n nɛ woŋo kolo na ye nmo sɔŋɔ woŋo to da na? Nmo ná nɛ woŋo ye ko ye n nyem, se n ja-ko n ba n zege ywo se nmo chorro tem de amo chorro tem maama yia tɔge ya na. Banto laam mo wó bore bora ba pa debam balei. 38Amo na wo nmo tei ne to bena finlei mo tento. Nmo pei sem de n bone dem wo chaare puga ba yage. Amo nam wo le n vara bam wone pi-bɛa dedoa de a di. 39Kago-vara mo ná maŋe ba ja nmo vara bam wone ba tore tore de, a ba jaane-ba a tui n tei ne se n nii. Amo nam yeini a jwoori a yiri varem wom konto mo a pa‑m. Ŋweena ná vere woŋo, wea ne de tete ne maama, nmo wó pa se a jwoori a yiri-ko mo a pa‑m. 40Amo na toŋe a pa‑m tei to, fonyogo déem mage-ne wea ne, ye tete ne waaro zoore-ne dedɛ. Dɔɔm de maa ba tui a yia ne. 41Ko déem ye konto mo bena finlei yalo maama wone amo na wo nmo sɔŋɔ kom ne to. Amo toŋe bena fuga-yana mo n bukwa balei bam ŋwaane, ye a daare a toŋe bena yaredo nmo vara bam de ŋwaane. Nmo déem ta yeini n leini amo ŋweero tem kuni fuga. 42Ko nam ye Wɛ mo woli-ne, o na ye a kwo Abaraham Wɛ wom ye Izaak dé kɔre‑o to. Ko nam ya ná dae Wɛ na wo amo tei ne to ŋwaane, nmo ya lage n bane amo n yage chwoŋa ne de je-kore mo. Wɛ nam nɛ ko na tiini ko zo amo yera ye n bɛɛse-ne totoŋa yam baŋa ne tei to. Konto ŋwaane mo pa se o ba nmo tei diim tete ne o bwei nmo.”
43Laban ma leiri Jakob ye o we, “Kaana bam ye amo bukwa mo, bia bam ye amo bia mo, ye vara bam de ye amo vara mo. Chega to, woŋo kolo maama n yia na nae to ye amo nyem. De konto maama de, a jeŋa daa tera de a bukwa banto de bia balo ba na loge to. 44Konto to, pa se dé gwoni ni dé pa daane, se ko taa ye maana debam balei laŋa ne.”
45Jakob na nigi konto to, o ma kwei kandwɛ o chwi-de nenɛɛne ywei dwoŋi. 46O ma ta de o fara bam we, “Twɛ twɛ-na kandwa á ja á ba-na ywo.” Nɔɔna bam ma la kandwa yam ye ba dogele-ya pa se ya di wɛɛne. Jakob de Laban laam ma jeini kandwa-pwoa yam teiŋa ne ba di wodiu. 47Laban ma bwoŋi jei sem yere we ‘Jegare-Sahadufa’, ye Jakob de bwoŋi jei sem we ‘Galeede’. 48Laban maa we, “Zem dɛ dem ne kandwa-pwoa yanto na dogele to ye maana mo debam balei laŋa ne.” Mo kokuri jei sem yere ye Galeede. 49Ba déem ta bwoi jei sem we ‘Mizipa’ mo, kokuri to Laban tage we, “Baŋa Wɛ wó taa yere debam maama, nenɛɛne dé ná maŋe dé wo yiga yiga da-tei ne. 50Nenɛɛne nmo ná yaare amo bukwa bam naa n ná n daa‑n ná vei n di kaana badwonna n woli amo bukwa bam wone, nam guli we nɔɔn-nɔɔno ná seene o tere debam tei ne, ko ye Wɛ mo ye maana debam balei laŋa ne.”
51Laban daa ta ma ta de Jakob we, “Fɔge n nii kandwa-pwoa yam mo, dedaane kandwɛ amo na chwi ne ywei dwoŋi to. Ya maama zege nmo de amo laŋa tetare ne mo. 52Kandwa-pwoa yanto dedaane ywei dento maa ye maana ya pae debam. Amo bá gaale kandwa yanto a kɛ a ba a yi nmo laŋa kam ne a ke‑m zonne, ye nmo de nam bá gaale-ya se n kɛ n ba amo de laŋa kam ne n ke amo zonne. 53Debam kwoa bam Wɛ, Abaraham Wɛ wom, de Nahora Wɛ wom mo wó taa bore bora debam balei laŋa ne.” Jakob laam ma sɛ ye o du duuri Baŋa Wɛ wom o kwo Izaak na kɔre to yere ŋwaane. 54O laam ma go varem o ma kaane o pa Wɛ zwonnu laŋa kam ne ye o daare o bwoŋi o fara bam maama se ba ba ba di ded‑o. Ba na di ba ti to, ba ma maŋe da ba peini se tega poore.
55Tega na poore zezeŋa ne to, Laban ma kukwori o bukwa bam de ba bia bam ye o kwei Wɛ zaane o ma swɛ ba swolim. O laam ma kɛ o jwoori sɔŋɔ.",https://www.bible.com/bible/3661/GEN.31.KBG
PULIM 32,"Jakob ti o yiga se o jeeri Esawu
1Jakob de ma kwei o chwoŋa o maa kɛa. Wɛ malese ma ba se jeeri‑o. 2O de na nɛ-se to, o maa we, “Wɛ na tei o vwoa de o kwaga tɔgena bam mɛ to mo tento!” O déem bwoŋi jei sem yere we ‘Mahanayim’.
3Jakob ma pa nɔɔna ni se ba da yiga ba vo o zembaaro Esawu tei Seyira ne. Edom teo kom mo konto. 4O na lage o toŋe-ba to, o ma bere-ba we, “Á na wó ta kolo dedaane amo tu Esawu to mo tento:
‘Nmo tontoŋeno Jakob we, A déem zoore Laban tei ne mo ko dáane se ko ba ko yi zem. 5A jege naane de bonɛ de peeni de bone, dedaane kabɛ, baara de kaana maama mo. Konto ŋwaane mo a toŋe kwora kanto a pa‑m se ko pa amo totoŋa yam su nmo yi.’ ”
6Nɔɔna bam na via ye ba jwoori Jakob tei ne to, ba ma ta we, “Dé vei dé yi nmo zembaaro Esawu tei. O de nam maa beene nmo tei mo se o jeeri‑m, ye baara bia yana wo o tei ne.” 7Jakob na nigi konto to, foone ma tiini de ja‑o ye o wo chɔge. Ko ma pa se o pɔɔre nɔɔna balo na wo o tei ne to kuni belei, ko woli de o naane dem, de o pei sem, de o bone dem, dedaane o kona yam maama. 8Kokuri to, o boŋe mo we, “Esawu ná tu o yi kɔgɔ popɔra dedoa o chiŋi-ka, popɔra kadwoŋi kam wó duri ka lu.”
9O laam ma lwoori Wɛ ye o we, “Amo Tu Baŋa Wɛ, wom na ye a kwoa Abaraham de Izaak Wɛ to, nmo ya tage de amo n we ‘Jwoori n teo de n chorro tem tei ne, se amo wó ke‑m lanyerane.’ 10Tɔ. Amo ye nmo tontoŋeno mo. A bere a wo maŋe se nmo ya duri amo yibwona ye n fɔge n nii a baŋa ne lanyerane de chega. Amo déem na bɛ Jɔdan buga kam a viiri to, a zei a nacheiga yerane mo. A laam nam jwoori ye kɔgɔ popɔra belei mo wo a tei ne, nɔɔna de vara maama. 11Jwoŋi-ne n yage amo zembaaro Esawu jeŋa ne, se amo jege foone we o wó ba o chiŋi amo, de kaana bam dedaane bia bam maama. 12Nmo nam maŋe n ta we ‘A wó seene a ke‑m lanyerane. A ta wó pa se n dwi dem taa puli dedɛ nenɛɛne naneo ni kasolo na daga tei to mo. Nɔɔn-nɔɔno nam bá wane o nii o ga o ti.’ ”
13Tete dem konto ne Jakob ma maŋe da o peini. Tega na poore to, o ma twori pɛɛra o jejegero tem wone, se o pa o zembaaro Esawu. 14Pɛɛra yam mo tento: Bo-chwa bia yalei de bo-bale finlei, dedaane pi-chwa bia yalei de pi-bɛ finlei, 15ko woli de kon-chwa fintɔ de ya bia, de na-kana finna, de nabɛ fuga, dedaane bona-chwa finlei, de bona-bɛ fuga. 16O ma pɔɔre pɛɛra yam konto maama kɔgɔ de kɔgɔ o ke o tontoŋena jeŋa ne. O laam ma ta de-ba we, “Da-na yiga á ta‑á via se a beene. Za á pa-na se pwola taa wora vara bam kɔgɔ dedoa dedoa tetare laŋa ne ye á yé ta‑á twɛ daane.” 17O ma daare o ta o bere wolo wom na tɔge ba maama yiga to we, “Amo zembaaro Esawu ná jeeri‑m ye o bwei we ‘Nmo ye wɔ nɔɔno mo? N nam maa n vei yei ne mo, ye wɔ mo tei vara banto maama nmo na jege-ba n kale to?’, 18se nmo ta ded‑o we ‘Ba ye nmo nyaane Jakob nyem mo. Ko nam za ye pɛɛre mo o na pɛ o tu Esawu. O tete nam wo kwaga ne o beene.’ ”
19Jakob ta ma ta konto dwoŋi o bere balei tu wom de batɔ tu wom dedaane balo daa ta na daare ye ba tɔge vara bam kwaga to, ye o we, “Abam de ná jeeri Esawu, á jege se á ta konto mo dedaane‑o. 20Ta‑á yei-na se á za ta we ‘N nyaane Jakob wo kwaga ne o beene.’ ” Kokuri to, o déem boŋe o yuu ne mo we, “Esawu ná nɛ pɛɛra yam a na pɛ se ya tɔge a yiga ya kɛ to, ko wó wane ko pa se o bochare zuri, se amo laam ná yi o tei, dɛ delo o wó jeeri-ne lanyerane.” 21Konto to, Jakob pɛɛra yam ma lwoori yiga ya kɛ, ye o tete maŋe jei sem ne o peini se tega ba ka poore.
Jakob jaŋe dedaane Baŋa Wɛ
22Dento tete dem ne Jakob laam ma zaŋe o ja o kaana balei bam, o woli de o ka-nyaana balei bam dedaane o bia fuga-dedoa bam, ye ba to Jaboke buga kam ba bɛ. 23O déem na jaane-ba o pa ba bɛ konto to, o ma daare o pa se o jejegero tem maama de tɔge te bɛ. 24Jakob tete ma maŋe dáane o yerane. Nɔɔno wodwoŋi ma ba o zo jaŋa ded‑o taa, se tega laam ba ka poore. 25Nɔɔno wom na tu o maane we o ware‑o se o ja o de tega ne to, o ma dwei Jakob takeiri kwi sem na jeeri daane mɛ to. Ko na ke konto to, ko déem pɛ se o takeiri mo ywori, o de nɔɔno wom jaŋa kam ŋwaane.
26Nɔɔno wom laam ma ta we, “Yage-ne se a viiri, se tega lage ka poore mo.” Jakob de ma leiri we, “Nmo ná wo sɔɔle Wɛ swolim n yage amo yuu ne, amo bá sɛ a yage‑m se n viiri!” 27Nɔɔno wom ma bwei‑o we, “Nmo yere mo bɛ?” O ma leiri we, “A yere mo Jakob.” 28Nɔɔno wom laam maa we, “Nmo yere daa bá taa ye Jakob, n yere laam wó taa ye Isarele mo, kokuri to nmo jaŋe jaŋa de Wɛ, ye n ta jaŋe dedaane nabiina. Nmo nam wane.”
29Jakob laam ma ta we, “Jan ja, ta nmo yere n bere-ne.” O ma leiri we, “Bɛŋwaane mo ye n bwei amo yere bwia?” O laam ma zege da o kwei Wɛ zaane o ma swɛ Jakob swolim. 30Jakob ma bwoŋi jei sem konto yere we ‘Peneli’, ye o we, “Amo nɛ Wɛ yibia dedaane yibia ye o duri amo yibwona pa se a wo tege.”
31Wɛ puli mo de maa diini wɛyuu ye Jakob zege Peneli ne o maa kɛa. O ma via ye o dua, o takeiri dem na ywori to ŋwaane. 32De zem maama, Isarele tiina bam ba sɛ ba di ŋɔŋɔ kolo na twoŋi takeiri kwi sem to. Ko maa ye nɔɔno wom déem na dwei Jakob takeiri dem kanto jei sem seeni to ŋwaane mo.",https://www.bible.com/bible/3661/GEN.32.KBG
PULIM 33,"Jakob jeeri Esawu
1Jakob ma kwoni o yuu o na Esawu na maa beene se o jeeri‑o, o de o baara bia yana bam. Jakob ma pɔɔre pɔɔre o bia bam o pa Leah, de Racheli dedaane o ka-nyaana balei bam. 2O pɛ se o ka-nyaana balei bam de ba bia mo wo yiga ne. Leah dedaane o de bia bam ma saŋe, ye Racheli dedaane o bu Josɛf maŋe kwaga ne. 3Jakob tete ma da yiga se o vo o zembaaro wom tei. O na maa vei to, o ma chɔɔle o yuu tega ne kuni berepɛ o jɔɔne‑o. 4Esawu tete nam duri kalam mo o vo o yi Jakob yera ye o daŋe o jea o ba ne o kukwori‑o. Ba ma ware daane de swono ye ba to keira ne. 5Esawu laam ma kwoni o yuu wɛɛne o na kaana bam de bia bam maama. O ma bwei‑o we, “Se banto ye bera mo ba wo nmo tei ne to?” Jakob ma leiri we, “Amo tu, mo bia balo Wɛ na dɛ o zaane baŋa ne o pa amo to.” 6Ka-nyaana bam laam ma fɔɔre ba yi, ba de ba bia, ba chɔɔle tega ne. 7Leah de o bia bam de daa ma ba, ba chɔɔle o yiga ne. Josɛf de Racheli de laam ma ba ba kweeli, ye ba de chɔɔle o yiga ne.
8Esawu ma bwei we, “Se vara balo maama amo na jeeri chwoŋa ne to bere bɛ mo?” O ma leiri we, “Amo tu, ko maama ye se ko pa a totoŋa yam su nmo yi mo.” 9Esawu ma ta o we, “A nyaane, amo maŋe a jege dedɛ mo. Nmo de ta‑n jege n wonnu.” 10Jakob maa we, “Jan ja, nmo yi ná su amo, se n sɛ n jwoŋi pɛɛre dento amo tei ne. A na nɛ nmo yibia to, ko nye de a nɛ Wɛ yibia mo, ko fɔge ko woli de nmo na jeeri amo de wopwolo tei to. 11Nam kwaane se n jwoŋi pɛɛra yalo ba na jaane ba ba pa‑m to, kokuri to Wɛ tiini o ke zaane a baŋa ne ye a jege kolo maama a na lage to.” Jakob na tiini o fe to, Esawu ma sɛ o jwoŋi pɛɛra yam.
12Esawu laam ma ta we, “Nam véi se dé kɛ. Amo wó kwogili‑m chwoŋa kam yuu ne.” 13Jakob ma ta ded‑o we, “Amo tu, nmo yei we bia bam tiini ba muri, ye a ta jege se a taa nii pei sem de naane dem baŋa ne mo, ba na jege vare-mɔra to ŋwaane. A ná lage se a tiini a kale vara bam konto dɛ dedwe wone, ba maama wó te mo. 14Konto to, amo tu, nmo da yiga n ta‑n via, se amo wó kale vara bam a ke yiga ne a taa vei mɛ mɛ, ye bia bam de tɔga. Amo laam wó ba a jeeri‑m Seyira ne.”
15Esawu ma leiri o we, “Ko nam ná ye konto, yage se a pa se a baara bam badwonna maŋe nmo tei ne ba taa tɔge ba via.” Jakob ma leiri we, “Amo tu, bɛ mo ye n jege n tete n daana? Nmo yi na su amo totoŋa yam to, ko maŋe.”
16Dento dɛ dem ne mo Esawu jwoori o pipiri o maa vei Seyira. 17Jakob de déem ma vo Sukofa. O déem ma lɔ sɔŋɔ da, ye o daare o tei pwei se o vara bam taa tigi da. Mo kokuri pa se jei sem konto yere ye Sukofa.
18Jakob déem ya zege Mesopotamia ne ye o laam vo o yi Sɛkɛm. Teo kom konto déem wo Kanaan ne mo. O ma yi da de yazura ye o jeini teo kom pwooni yiga ne. 19O déem na chwi o vwoa yam mɛ to, o ma yeigi tega kam Hamora bia bam tei ne. Sɛkɛm kwo mo konto. Tega kam jene déem ye lu-nyenno sabu-dala bi mo. 20O déem ta ma lɔ bimbini jei sem konto ne se o ma zuli Wɛ, ye o bwoŋi de yere we ‘Isarele tiina Wɛ wom mo ye Wɛ chekke dem’.",https://www.bible.com/bible/3661/GEN.33.KBG
PULIM 34,"Sɛkɛm zi Dina o chɔge
1Dina déem ye bukɔ wolo Leah na loge o pa Jakob to mo. Dɛ dedwe mo o zaŋe o vo se o jeeri Kanaan teo kom bukwa bam. 2Hamora déem ye Hivi tu mo na ye pɛ jei sem konto ne. O maa jege bu-baaro, o yere na ye Sɛkɛm. Sɛkɛm na nɛ Dina to, o ma ja‑o o zi o chɔge. 3O boboŋa déem ma tiini ya zo Dina wone. O na swoi‑o to ŋwaane, o ma ŋɔɔne o kwoori‑o. 4Sɛkɛm ma ta de o kwo Hamora o we, “Tɔge bukɔ wonto nɛ n pa-ne se a ma a ke a kaane.”
5Jakob déem ma ni Sɛkɛm na chɔge o bukɔ Dina tei to, ye o ta maane we o bu-baara bam ta wo gaao ne mo ba nii o vara bam. O maa wo tage kolokolo, ye o cheigi-ba se ba jwoori sɔŋɔ.
6Sɛkɛm kwo Hamora déem ma vo Jakob tei se o ŋɔɔne ded‑o. 7Jakob bia bam ma nwoŋi gaao wo ba jwoori sɔŋɔ ye ba ni kolo na ke Dina to. Ba wo ma tiini ko chɔge ye ba bane de zaŋe ko ja gaale. Kokuri to, Sɛkɛm na zi Jakob bukɔ wom to, o yaale Isarele dwi dem mo. Keim dem konto nam ya wo maŋe se nɔɔno toŋe kɔtaa.
8Hamora ma ta de-ba o we, “Amo bu Sɛkɛm bochare maama wo abam bukɔ wom wone mo. Jan ja, sɛ-na se o di‑o o ma ke kaane. 9Pa-na se dé bia taa di daane. Yei-na á bukwa á pa debam, se á de swo debam de bukwa. 10Abam wó wane á ta‑á zoore dedaane debam. Nii-na tega kam maama mo tento abam yiga ne. Ta‑á zoore-na ka wone, se á ta‑á beeri á pipia ye á daare á yeigi tega á ta‑á tei.”
11Sɛkɛm laam ma ta de Dina kwo wom de o nabwa bam o we, “Sɛ-na á ke woŋo konto á pa-ne, se amo de wó pa abam kolo maama á na lage to. 12Abam ná tage kadiri wonnu tem de pɛɛra yalo amo na jege se a pa to, te ná ye tetei maama, amo wó ŋwe. Za‑á pa-na se a swo bukɔ wom se a ma a ke a kaane.”
13Taane dem Sɛkɛm de o kwo Hamora déem na jege ba ŋɔɔne to, Jakob bia bam seigi ba wo mo ba leiri-ba. Ba ke konto kolo ŋwaane Sɛkɛm maŋe o chɔge ba nakɔ Dina. 14Ba ma ta de-ba we, “Debam bá wane de ke konto. Debam bá kwei dé nakɔ dé yei dé pa baaro wolo na wo gwoni o peini to. Konto ye chaveera mo debam tei ne. 15Ko nam ye se abam mo sɛ se á ke woŋo dedoo á pa debam. Abam dedaane debam maŋe se dé taa ye bedwe mo peina gwonim baŋa ne. Abam jege se á gwoni á baara bam maama peina mo. 16Konto laam wó pa se pwola taa wora se dé kwei dé bukwa dé pa abam, se debam de taa swoi abam bukwa dé ma ke dé kaana. Dé maa wó taa zoore abam tei ne se dé maama taa ye dwi dedoa. 17Abam nam ná wo sɛ se á gwoni á baara peina, debam wó ja dé nakɔ mo dé viiri abam teo kom ne.”
18Ba taane dem maa lamma de pae Hamora de o bu Sɛkɛm. 19Nɔn-doŋo kom daa wo jaane taane dem o jeini. O bochare maama nam na wo Jakob bukɔ wom wone to, ko pɛ se o ke kolo maama ba na bere‑o se o ke to. O kwo sɔŋɔ kom nɔɔna maama déem maa nege‑o dedɛ.
20Hamora de o bu Sɛkɛm laam ma nwoŋi ba vo teo kom manchwo-peena ni ne, se ba ŋɔɔne de ba teo kom baara bam. 21Ba ma ta de-ba we, “Nɔɔna banto yeini ba ke debam lanyerane. Nam sɛ-na se dé pa-ba pwola se ba taa zoore debam teo kom ne. Ba ta wó wane ba taa beera ba ke pipiu ywo-seeni. Debam tega kam daga se ka yi banto de jeiŋa. Dé maa wó wane dé swo ba bukwa ye dé kwei debam de bukwa dé yei-ba. 22Woŋo kodoo mo daare se dé ke dé pa nɔɔna bam, se ba laam sɛ ba taa zoore dedaane debam se dé taa ye dwi dedoa. Ba lage se debam baara maama de gwoni dé peina nenɛɛne banto tete na ke tei to. 23Ko nam ná ke konto, ba naane, de ba jejegero, dedaane ba vara maama laam bá taa ye debam nyem mo na? Konto, pa-na se dé sɛ ba boboŋe dem, se ba taa zoore dedaane debam.”
24Baara balo maama na nwoŋi teo kom manchwo-peena yam ni to ma sɛ Hamora de o bu Sɛkɛm taane dem. Teo kom baara bam maama ma gwoni ba peina. 25Ba na gwoni ba peina yam ye da yatɔ yi to, mo Jakob bu-baara balei, Simeon dedaane Levi, zaŋe ba nwoŋi ba vo Sɛkɛm teo kom. Teo kom baara bam ta wo ba peina gwonim zonne dem wone mo. Dina nabwa balei bam ma kwei ba se-zɔɔro ba zaŋe teo kom baara bam baŋa ne ba go ba maama. 26Ba déem mɛ ba se-zɔɔro ba zɔ Hamora de o bu Sɛkɛm ba go, ye ba daare ba ja Dina Sɛkɛm sɔŋɔ kom ne ba ja nwoŋi ba viiri. 27Jakob bu-baara badaara de ma zo teo kom wo ba tɔge twa bam baŋa ne ba ŋɔ teo kom zela yam maama, se ba ma ŋwe ba nakɔ wom chaveera yam jene. 28Ba ma ja teo kom peeni, de bone, de ba naane, dedaane ba bonɛ maama mo ba ja viiri. Ba ta ma vere wonnu telo maama na wo teo kom wone to dedaane kolo maama na wo pwooni yiga ne to. 29Ba ma pɛ teo kom jejegero tem maama, ko woli de ba kaana de ba bia bam maama ba ja viiri. Ba déem ta na nɛ kolo maama sam dem ne to, mo ba lugi ba ja viiri.
30Jakob déem ma da ko ŋwaane o ta taane dento o bere Simeon dedaane Levi o we, “Abam jaane lɛɛro á ba amo yuu ne! Á pɛ se amo keim maama laam lwoi mo Kanaan tiina bam, de Pɛrizi tiina bam, dedaane nɔɔna balo maama na zoore logo konto ne to momwa ne. Abam yei we debam kɔgɔ kom ba daga. Logo kom tiina ná ke ni daane, ba laam wó zaŋe amo dedaane a sɔŋɔ kom maama baŋa ne ba chɔge debam maama.”
31Ba de ma leiri we, “Ko nam ya maŋe se nɔɔno wonto ma debam nakɔ wom o ma o ji ka-bworo se o ke kolo o na ke‑o to na?”",https://www.bible.com/bible/3661/GEN.34.KBG
PULIM 35,"Jakob jwoori o vo Bɛtel
1Wɛ déem laam ma ta Jakob o we, “Zaŋe n vo Bɛtel n ta‑n zoore da. Nmo ná yi da, se n tigisi kandwa n lɔ bimbini, se n zuli amo, Baŋa Wɛ, kokuri to, amo mo tua nmo tei maŋa kalo n déem na duri se n lu n zembaaro Esawu jeŋa ne to.” 2Jakob ma sɛ ye o ta de o diga tiina, de balo maama na wo o tei ne to o we, “Dole-na dwi-gɛ tiina jwona yalo na wo abam tei ne to á yage. Ta‑á kwɛ-na á tete, se á daare á leiri-na á gwaaro tem. 3Pa-na dé zaŋe dé vo Bɛtel. Dáane mo amo lage a lɔ bimbini a ma a zuli Wɛ, wolo wom na zeini-ne maŋa kam a déem na wo yaara wone to, ye o da amo yiga a veiŋa maama ne to.” 4Ba ma seene ba kwei ba jwona yam maama ba pa Jakob. Ba ta ma woli de zwa-kwana yalo na wo ba zwa ne to. Jakob ma kwei ya maama o ko gwoŋo Sɛkɛm tei-zɔŋɔ kom kuri ne o suli-ya.
5Ba laam ma kwei chwoŋa ba maa kɛa. Wɛ ma pa se foone tiini de ja teo kom konto de ko nawuura yam nɔɔna maama. Konto ma pa se nɔɔn-nɔɔno daa ware se o zeili o da Jakob de o nɔɔna bam kwaga. 6Jakob dedaane nɔɔna balo maama na wo o tei ne to ma vo ba yi Luzi. Ko déem ye Kanaan teo kodwoŋi mo, ye Jakob pa ko yere we ‘Bɛtel’. 7O na yi da to mo o lɔge bimbini se o ma o zuli Wɛ. O ma bwoŋi jei sem yere we ‘El-Bɛtel’, kolo ŋwaane ko ye dáane mo Wɛ bere o tete ded‑o maŋa kalo o déem na maa dura se o lu o zembaaro Esawu jeŋa ne to. 8Kaane wolo déem ya na nii Rebeka baŋa ne to ma ba o te jei sem konto ne. O yere mo Debora. Ba ma kwei‑o ba suli tei-zɔŋɔ kom kuri ne, ko na wo Bɛtel kuri seeni to. Ba ma bwoŋi jei sem konto yere we ‘Wo-chechɔgɔ keira tio’.
9Ko dɛ chwoŋa kam konto mo ye Jakob déem zege Mesopotamia ne o jwoori o ba Bɛtel. O na wora to mo Wɛ daa veere o tete ded‑o ye o daare o swɛ o swolim. 10Wɛ ma ta ded‑o we, “Ba nam daa bá taa bwoi nmo we Jakob. Nmo yere laam mo ye Isarele.” Wɛ ma seene o leiri o yere dem se de taa ye ‘Isarele’.
11Wɛ laam ma ta‑o we, “Amo mo ye Dam-fɔrɔ Tu Wɛ wom. Ja dwi se n daare n puli de kɔgɔ. Teene dedɛ wó nwoŋi nmo yera ne, ye pwa de wó taa wora n dwi dem wone. 12A pɛ‑m tega kalo a déem na kwei a pa Abaraham de Izaak to mo se n ta‑n tei-ka. Amo nam ta wó pa nmo dwi dem na wó saŋe nmo kwaga to.” 13Wɛ na ŋɔɔne o ti to, o laam ma tutwoni o déem na zege jei selo ne to o kɛ, ye o daare Jakob. 14Jeiga kalo Wɛ na zege o ŋɔɔne ded‑o to mo Jakob déem kwei kandwɛ o chwi da. O ta ma kwei wo-nyɔɔro pɛɛre de nuga o lwo de baŋa ne o pa Wɛ. 15Jakob déem bwoŋi mɛ Wɛ na zege o ŋɔɔne ded‑o to we ‘Bɛtel’.
Racheli toone
16Ba déem ma zaŋe Bɛtel ne ba kwei chwoŋa ba maa kɛa. Ba na gɛ fee se ba yi Eferata to mo Racheli virigi puga se o lo, ye ko chɛ o yera ne. 17Lora kam na tiini ko chamma ka pa‑o konto to, mo ka-lworinu wolo na jaane‑o se o lo to tage ded‑o we, “Yé ta‑n lwia, se n daa‑n nɛ bakeira kadwoŋi mo.” 18Racheli déem maa wora o toa. O siu kom na lage ko kwori to, mo o pɛ o bakeira kam yere we ‘Benoni’. Bu wom kwo de déem ma pa o yere we ‘Benjamin’. 19Racheli ma te ye ba suli‑o Eferata chwoŋa kam yuu ne (Bɛtelehem mo konto). 20Jakob ma kwei kandwɛ o chwi Racheli yibeeli dem baŋa ne. De zem maama, kandwɛ dem konto mo bere mɛ yibeeli dem na zege to.
21Jakob daa ma kwei chwoŋa o kɛ, ye o vo o chwi o vwei Migadal Edera kwaga ne. 22Jakob ta na zoore laŋa kam konto ne to mo Ruben zoa o peini de o kwo ka-bia dedoa, o yere na ye Biliha to. Jakob ma ni ko ŋwa.
Jakob déem jege bu-baara fuga-balei mo.
23Leah na loge bu-baara balo to mo tento: Ruben déem mo ye Jakob bu-kwea, ko woli de Simeon, de Levi, de Judah, de Isakara, dedaane Zebulun.
24Racheli bu-baara bam mo tento: Josɛf dedaane Benjamin.
25Racheli ka-nyaane Biliha bu-baara bam mo tento: Dan dedaane Nafitali.
26Leah ka-nyaane Zilipa de bu-baara bam mo tento: Gad dedaane Asere.
Mo Jakob bu-baara bam mo konto, o kaana bam na loge ba pa‑o ye o déem ta wo Mesopotamia ne to.
Izaak toone
27Jakob ma zaŋe o jwoori o vo o kwo Izaak tei, Mamere ne. Jei sem konto déem bwola dedaane Kiriaf-Araba mo (Heboron mo konto). Abaraham de Izaak déem nam zoore dáane mo. 28Izaak bena déem ye bi dedaane funɔnɔ (180) mo. 29O déem tiini o kwe dedɛ ye o laam ba o te. O bu-baara bam Esawu dedaane Jakob déem ma kwei‑o ba suli.",https://www.bible.com/bible/3661/GEN.35.KBG
PULIM 36,"Esawu dwi dem taane
1Esawu dwi dem mo tento. Wonto yere dedwoŋi maa ye Edom.
2Esawu déem di Kanaan tiina bukwa bam wone mo o ma o ke o kaana. Ba dedoa déem ye Hiti tu Elon bukɔ mo, o yere mo Ada. Balei tu wom maa ye Ana bukɔ Oholibama. Ana déem ye Hivi tu Zibeon bu mo. 3O déem ta di Isameli bukɔ Basemafa o woli da. Wonto maa ye Nebayofa nakɔ.
4Ada déem loge Elifaza mo. Basemafa ma lo Reweli. 5Oholibama de déem ma lo Jewusi, de Jalam, dedaane Kora. Esawu kaana bam déem loge bia bam konto maama maŋa kalo o ta na wo Kanaan teo kom ne to mo.
6-7Esawu de Jakob vara bam déem tiini ba gaale mo ye ba jejegero daga dedɛ. Tega kam ba na zoore mɛ to daa ba daga se ka yi ba maama. Esawu ma zaŋe o ja o kaana bam dedaane o bia bam maama, ko woli de o sɔŋɔ nɔɔna bam maama. O ta ma kale o vara bam maama ye o kwaleme jejegero telo maama o déem na nɛ Kanaan ne to. O ma ja te maama o vo o lage jei yiga yiga se o de Jakob daa yé taa wo jeiga dedoa ne. 8Konto to, Esawu déem vei o zoore Seyira zwonnu laŋa kam ne.
9Esawu dwi dem taane mo tento. Wonto déem mo ye Edom dwi dem maama nabaaro. Banto mo wo Seyira zwonnu laŋa kam ne.
10Esawu bu-baara bam yera mo tento:
O kaane Ada déem loge Elifaza. Ko daare o kaane Basemafa de déem ma lo Reweli.
11Elifaza bu-baara bam mo tento: Teman, de Omara, de Zefo, de Gatam, dedaane Kenazi. 12Esawu bu Elifaza de déem ya jege ka-bia kadwoŋi o yere na ye Timina to. Wonto déem ma lo Amaleki o pa Elifaza. Bia bam konto maama déem ye Esawu kaane Ada naaro mo.
13Reweli bu-baara bam mo tento: Nahafi, de Zera, de Samma, dedaane Miza. Bia bam konto maama mo déem ye Esawu kaane Basemafa naaro to.
14Ko daare bu-baara balo Ana bukɔ Oholibama déem na loge o pa Esawu to mo tento: Jewusi, de Jalam, de Kora. Kaane wom kwo-nakwe yere déem mo ye Zibeon.
15Balo na ye nakwa ye ba nwoŋi Esawu dwi dem ne to mo tento:
O bu-kwea Elifaza mo ye dwia yanto nabaaro: Teman, de Omara, de Zefo, de Kenazi, 16de Kora, de Gatam dedaane Amaleki. Banto maama ye Elifaza bia mo, ye ba kwori ba ye Ada naaro.
17Esawu bu Reweli de maa ye dwia yanto nabaaro:
Nahafi, de Zera, Samma dedaane Miza. Banto maama déem ye Reweli bia mo ye ba ye Esawu kaane Basemafa naaro.
18Esawu bia balo Ana bukɔ Oholibama na loge o pa‑o to mo banto:
Jewusi, de Jalam dedaane Kora. Dwia yam konto maama mo nwoŋi Esawu kaane Ohilibama ne to.
19Banto maama déem mo ye Esawu dwi nabaara bam.
20-21Balo na maŋe ba wora jei sem konto ne ye Esawu dwi dem laam ba de zoore da to mo tento:
Hori tu Seyira dwi dem nabaara mo ye Lotan, de Sobal, de Zibeon, de Ana, de Dison, de Ezere dedaane Disan.
22Lotan dwi dem nabaara mo tento: Hori dedaane Homam. Timina de déem maa ye Lotan nakɔ.
23Sobal dwi dem nabaara mo tento: Alivan, de Manahafa, de Ebal, de Sefo, dedaane Onam.
24Zibeon dwi dem nabaara mo tento: Aya dedaane Ana. Ana wonto wom déem mo wo kagoa kam ne o tɔge o kwo bonɛ ye o beeri beeri o vo o na buli-yi delo na na lomma to.
25-26Ana de dwi dem nabaara mo tento: Dison dedaane o bia Hemidan, de Esiban, de Iferan dedaane Cheran. Ana de maa jege bukɔ, o yere mo Oholibama.
27Ezere de dwi dem nabaara mo tento: Bilihan, de Zaavan dedaane Akan.
28Disan de dwi dem nabaara mo tento: Yuzi dedaane Aran.
29Banto maama déem mo ye Hori dwi dem nabaara bam: Lotan, de Sobal, de Zibeon, de Ana, 30de Dison, de Ezere, dedaane Disan. Banto déem maa zoore Seyira teo kom ne, ba de ba sɔ-yuni tem maama.
Edom tiina pwa bam taane
31Pwa banto déem mo maŋe ba di Edom teo paare ye Isarele tiina ya ta ba jege pɛ se o taa nii ba baŋa ne: 32Beora bu Bela déem maa ye Edom tiina pɛ. O teo kom yere déem mo ye Dinaaba. 33Bela na tege to, mo Zera bu Jobaba na nwoŋi Bozera to leiri o yuu ne o ji pɛ. 34Jobaba de na tege to mo, Husam na nwoŋi Teman tiina bam teo kom to leiri o yuu ne o ji pɛ. 35Husam de maa na tege to, Bedad bu Hadad mo leiri o yuu ne o ji pɛ. Wonto déem ke tigura de Midian tiina bam o wane-ba Moaba teo kom ne. O teo kom yere déem mo ye Avifa. 36Hadad maa na tege to, mo Samila leiri o yuu ne o ji pɛ. Wonto déem nwoŋi Masareka ne mo. 37Samila na tege to mo, Sawuli leiri o yuu ne o ji pɛ. Wonto déem nwoŋi Rehobofa teo kolo na wo Yuferata buga kam ni ne to mo. 38Sawuli de na tege to, mo Akebora bu Baal-Hanan leiri o yuu ne o ji pɛ. 39Baal-Hanan déem na tege to, mo Hadad leiri o yuu ne o ji pɛ. Wonto teo kom yere déem mo ye Pawu. O kaane de yere déem mo ye Mehetabeli. Mehetabeli kwo mo déem ye Matiredi ye o kwo-nakwe yere déem ye Mezahabi.
40Esawu dwi dem déem na seere tei maama to mo tento, ba de ba nabaara bam, dedaane ba sɔ-yuni tem maama:
Timina, de Aliva, de Jefeti, 41de Oholibama, de Ela, de Pinon, 42de Kenazi, de Teman, de Mibizare, 43de Magadeli dedaane Yiram.
Edom dwi dem yera mo konto, de jei selo maama ba na jeini to yera yam. Esawu déem mo ye Edom tiina nabaaro.",https://www.bible.com/bible/3661/GEN.36.KBG
PULIM 37,"Josɛf de o zembaara bam taane
1Jakob déem ta zoore Kanaan teo kom ne mo, jei selo o kwo de déem na maŋe o zoore da to. 2Jakob dwi dem boboa taane mo tento.
Josɛf déem ta na ye nɔn-doŋo ye o jege bena fuga-yarepɛ to, o zeini o chorro tem se ba taa nii ba kwo vara bam baŋa ne. O chorro tem konto maa ye Jakob kaana, Biliha de Zilipa, bia mo. Ba na jwoori sɔŋɔ to, Josɛf déem ma ba o ba o chorro tem bebara o bere ba kwo.
3Jakob déem nam swoi Josɛf mo o dwoi o bia babam bam, kokuri to, o loge wonto o kokweero maŋa ne mo. O déem ma sɔ gare-bwora na tiini ka jege nenɔŋa to o pa‑o. 4Josɛf zembaara bam na nɛ we ba kwo swoi wonto mo o dwoi ba maama to, ba ma tiini ba chuli‑o ye ba yaale‑o.
5Dɛ dedwe Josɛf ma dwɛ dendwɛ ye o daare o ta o bere o zembaara bam. Ko ma fɔge ko pa ba chuli‑o dedɛ ba woli da. 6O déem maa we, “Cheigi-na a dendwɛ dento: 7Amo dwɛ we debam maama wo kara ne mo dé vɔ mena. Amo tete men-pwoa yam laam ma zaŋe ya zege wɛɛne cheppe. Abam maama men-pwoa yam laam ma gilimi amo nyem dem ye ya chɔɔle ya tiiri tega ne ya zuli-de.” 8O zembaara bam ma ta ded‑o we, “Konto nmo boŋe se n ba n di paare mo debam baŋa ne na? Nmo lage se n ba n ta‑n dwoi debam mo na?” O dendwea yam de o bebare taana yam ŋwaane mo ba déem tiini ba chuli‑o dedɛ.
9Josɛf déem ta ma dwɛ dendwɛ dedwoŋi, ye o ta de o zembaara bam we, “Cheigi-na! Amo daa dwɛ dendwɛ dedwoŋi mo we, wea kam de chana kam dedaane chalechwe fuga-dedoa mo chɔɔle tega ne amo yiga ne.” 10O déem na tage-de o bere o kwo de o woli da to, mo o kwo bwɛ‑o ye o we, “Dendwɛ dwi dɔ mo konto nmo dwɛ? Ko ná ye nmo nu, de amo tete, de n zembaara bam maama, dé wó seene dé ba dé chɔɔle tega ne nmo yiga ne na?” 11O zembaara bam maama déem ma zwe kazwe ded‑o. Ko daare ye o kwo wom kwei taane dem o ke o boboŋa ne.
Josɛf zembaara bam kwei‑o ba yeigi
12Josɛf zembaara bam déem ma kale ba kwo vara bam ba vo ba yi jeiga kadwoŋi na twɛ de Sɛkɛm to se ba di gaao. 13Jakob ma ta de o bu Josɛf we, “Nmo zembaara bam na jege vara bam ba wo mɛ to bwola de Sɛkɛm. Konto to, a lage a toŋe‑m ba tei ne mo.” Josɛf ma sɛ o kwo taane dem. 14O kwo déem ma ta ded‑o we, “Véi n nii n zembaara bam jege yazura na, n daare n nii vara bam de na ye tei to, se n jwoori n ba n ta n bere-ne.” O ma toŋe‑o pa se o zege Heboron bwolo kom ne o vo Sɛkɛm.
Josɛf na yi Sɛkɛm seeni to, 15baaro wodwoŋi ma jeeri‑o gaao ne o na kare o beeri jei maama to, ye baaro wom bwei‑o we, “Bɛ mo nmo kare n beera?” 16O ma leiri we, “A beeri a chorro mo. Nmo yei ba na wo mɛ ba tɔge ba vara bam to na?” 17Nɔɔno wom ma leiri we, “Ba daa tere ywo-seeni. Amo nigi ba na ŋɔɔne ba bere daane we ‘Pa-na se dé vo Dotan.’ ” Josɛf na nigi konto to, o ma da o zembaara bam nɛ o vo o na-ba Dotan laŋa kam ne.
18Ba déem na tole ba na‑o, o maa beene to, ba ma ke ni daane se ba go‑o. 19Ba ma ta daane ba we, “Dendwea dwɛɛno wom mo tento o maa beena. 20Pa-na se dé go‑o dé daare dé dole‑o dé de vole-kora yanto dedoa wone. Debam laam maa wó daare dé vo dé ta we kago-varem mo jaane‑o de di. Dé laam wó nii o na lage o ke tei de o dendwea yam to.”
21Ruben na nigi konto to, o ma kwaane se o jwoŋi Josɛf ba jeŋa ne o yage. O maa we, “Yé pa-na se dé ti o ŋwea.” 22O ta maa we, “Yé pa-na o jana lu tega ne. Yé kwei-na á jea á dwei‑o. Za á dole-o-na á de vole-kore dento ne, kagoa kam ne ywo.” Ruben tage konto ye o boŋe se o jwoŋi‑o ba jeŋa ne o daare o jwoori o ja‑o o vo o pa o kwo mo.
23Josɛf na yi o zembaara bam tei to, ba ma ja‑o ba lɔɔre o gare-laao kom, gɔrɔ kolo o kwo na pɛ‑o ye ko jege nenɔŋa to mo konto. 24Ba laam ma kwei‑o ba dole ba de vole dem na koge to wone. 25Ba ma vo ba jeini se ba di wodiu.
Ba na wora ba di to mo ba déem kwoni ba yuni wɛɛne ba na Isameli tiina badwonna na nwoŋi Gilead ba via. Ba kona yam maa zeŋe talwoŋ-ywoŋa dwi dwi de terale nuga, ba jege ba maa vei Ejipti se ba ke pipiu. 26Judah ma ta de o chorro tem we, “Bɛ nyɔɔre mo debam wó na nenɛɛne dé ná go dé nyaane wom, ye dé daare dé kwoli o jana bam? 27Pa-na se dé kwei‑o dé yeigi dé pa Isameli tiina bam se debam tete yé ma dé jea dé chɔge‑o. Ko ná maŋe ko ye tei maama, o ta ye dé choro mo. Debam maama ye nɔɔno dedoa jana mo.” O chorro tem ma sɛ o taane dem. 28Isameli pipim-piina bam na yi da to, mo Josɛf zembaara bam vaŋe‑o ba le vole dem wone. Ba déem ma kwei‑o ba yeigi ba pa Isameli tiina bam, ye ba jwoŋi lu-nyenno sabu-dala finlei. Banto de déem ma ja‑o ba kɛ ba vo Ejipti.
29Ruben déem na jwoori o ba vole dem ne ye o na we Josɛf tera to, o ma kaare o tete gwaaro de wo-chechɔgɔ. 30O ma daare o jwoori o chorro tem tei o ta we, “Bu wom daa tera! Amo lage a vo yeini mo tento?” 31Ba ma ja boŋo ba go, ba daare ba kwei Josɛf gɔrɔ kom ba de varem wom jana bam wone. 32Ba déem ma ja gare-laao kom ba vo ba kwo tei ye ba we, “Dé nɛ tento mo. Fɔge n nii ko na zege ko ye nmo bu Josɛf gɔrɔ kom naa ko dae o nyem.” 33Ba kwo Jakob ma lɔre-ko ye o we, “Ko ye amo bu Josɛf gɔrɔ mo! Kago-varem mo jaane‑o de go de tore tore!”
34Wo-chechɔgɔ ŋwaane Jakob ma vaŋe o tete gwaaro o kaare, ye o daare o lɛ gare-nyenyaaro. O laam ma keeri o bu wom da dedɛ wone. 35O bu-baara de o bukwa bam maama déem ma ba se ba kwoori‑o se o yage keira. O ma ve ba gana yam ye o we, “Aawo! Amo wó keeri mo taa, se a vo a yi churu ye a na a bu wom dáane.” Josɛf kwo wom déem keeri konto mo o ŋwaane.
36Konto maama na jege ko ke to, dedaane Isameli pipim-piina bam jaane Josɛf mo ba vo ba yi Ejipti. Ba ma kwei‑o ba yeigi ba pa Potifare. Wonto déem ye Ejipti Pa-faro che-tara bam maama yiga tu mo.",https://www.bible.com/bible/3661/GEN.37.KBG
PULIM 38,"Judah dedaane Tamara taane
1Kanto maŋa kam ne, mo Judah déem zaŋe o chorro tem tei ne ye o vo o zoore de Adulam tu wodwoŋi, o yere na ye Hira to tei ne. 2Dáane mo o nɛ Kanaan tiina bukɔ dedoa, o kwo yere na ye Sua to. O ma di‑o o ma ke o kaane. 3Kaane wom ma ja puga ye o lo bakeira. Ba déem ma bwoŋi bu wom yere we ‘Era’. 4O déem daa ma ja puga o lo bakeira ye o bwoŋi o yere we ‘Onan’. 5O daa ta ma lo bakeira kadwoŋi ye ba bwoŋi wonto we ‘Sela’. Chezibi teo ne mo ba loge‑o.
6Era déem na ke nɔɔno to, Judah déem swo kaane o pa‑o, o na ye o bu-kwea kam to ŋwaane. Kaane wom yere mo Tamara. 7Era déem ma tiini o ke puseŋa totoŋe Baŋa Wɛ yiga ne. O keina yam tiini ya chɔge Baŋa Wɛ wo ye o pa se o te.
8Judah laam ma ta de Onan we, “Véi n kwei n zembaaro kaane wom, se n ke kolo na maŋe se nyaane toŋe de o zembaaro kadeim to. Konto wó pa se á na dwi á pa n zembaaro wom.” 9Onan ma maane we dwi delo ba na wó lo to bá taa ye wonto nyem. O déem ná zo o tigi de o zembaaro kaane wom, o ma yeini o lwo o nywanno tem o yage tega ne. Kokuri to, o déem ba lage se o na bia o pa o zembaaro wom. 10O ke puseŋa totoŋe Baŋa Wɛ yiga ne. Wɛ ma go wonto de.
11Judah déem ma ta de o bu Era kaane Tamara o we, “Jwoori n vo n kwo sɔŋɔ n ta‑n jei da kadeini. Amo bu-baaro Sela ná ke nɔɔno o ti, se n laam ba.” O déem tage konto kolo ŋwaane o déem boŋe mo we, “Ko ná dae konto, Sela de wó zege o te nenɛɛne o chorro tem na tege tei to.” Tamara ma seene o vo o zoore o kwo sɔŋɔ ne.
12Ko maa wora ko wora, Judah kaane wolo na ye Sua bukɔ to déem ma ba o te. Judah na keeri o kaane wom ye lua kam ni kɛ to mo o zaŋe o vo Timina, o de o badwoŋi Hira, Adulam tu wom. O tontoŋena déem maa wora ba fane o pei sem koro. 13Tamara déem ma lɔre we, o baro kwo wom wo chwoŋa ne o maa vei Timina se o fane o pei koro. 14O ma lɔɔre o kadeini gwaaro tem, ye o daare o vɔ gɔrɔ kodwoŋi se o ma kwoli o yibia pa se ba ware‑o ba lɔre. O déem ta ma daare o vo Enayim teo kom o jei manchwo-peena ni ne, kokuri to o maane we Sela déem bege baaro ye ba ta wo sɛ se wom ji o kaane. Enayim déem wo Timina chwoŋa kam ni ne mo.
15Judah déem na maa kɛa ye o na‑o to, o pɛ se o ye ka-bworo mo, kaane wom na kwoli o yibia to ŋwaane. 16O ma ywori o vo o yi o tei chwoŋa kam ni ne ye o we, “Jan ja, sɛ se n pa dé peini daane.” O déem tage konto ye o wo lɔre we ko ye o tete bu-kaane wom mo. Kaane wom ma bwei‑o we, “Bɛ mo nmo wó pa-ne se a laam peini dede‑m?” 17Judah ma leiri we, “A wó le a vara bam wone bebala a toŋe a pa‑m.” O daa ma bwei‑o we, “Nmo nam wó pa amo woŋo mo se a tiŋi se ko taa nii maŋa kalo n na wó toŋe varem wom to na?” 18O maa we, “Nmo ya lage se a pa‑m bɛ mo a tiŋi daare?” O maa we, “Pa-ne n jafole dem de ŋona kalo na leigi da to, n ta woli n jeŋa nacheiga kam.” O ma sɛ o kwei-te o pa‑o ye ba daare ba peini daane. Konto to, Tamara déem jaane puga de o baro kwo wom. 19Tamara ma zaŋe o jwoori sɔŋɔ o vo o lɔɔre gɔrɔ kolo o na mɛ o kwoli o yibia to, ye o daare o jwoori o kwei o kadeini gwaaro tem o zo.
20Judah déem ma toŋe o badwoŋi Adulam tu wom dedaane bebala kam se o ja o vo o pa kaane wom, se o daare o jwoŋi wonnu telo o na mɛ o tiŋi daare to. Hira ma beeri beeri kaane wom o ga. 21O ma bwei Enayim nɔɔna badwonna o we, “Ka-bworo kolo déem na jei á teo kom chwoŋa ni ne to vei yei mo?” Ba ma leiri we, “Ka-bworo konto dwoŋi maŋe ko wo lɛɛne ywo-seeni.”
22O ma jwoori o vo Judah tei o ta we, “Amo beeri wuu, ye a ga o ŋwa! Teo kom nɔɔna ma ta we, ka-bworo maŋe ko wo gare ywo.” 23Judah ma ta o we, “Pa dé yage wonnu tem dé na mɛ dé tiŋi daare o tei ne to. Ko ná dae konto, nɔɔna laam wó taa jege debam ba mɔna. A lwoori a toŋe bebala kam se a ya pa‑o, nmo nam wo nɛ‑o mo.”
24Chane setɔ na kɛ to mo ba tage de Judah we, “N bu-kaane Tamara ke ka-bworo totoŋe mo, ko ŋwaane o laam jege puga mo.” Judah ma ta o we, “Ja-o-na á nwoŋi dáa á zwɛ á go-na.” 25Ba déem na jege‑o ba maa nwoŋi to mo o toŋe kwora o pa o baro kwo wom we, “Amo jaane puga kam de baaro wolo na tei wonnu tento to mo. Fɔge n nii lanyerane se n nii n wó wane n lɔre ko na ye wolo jafole de de ŋona, de ko na ye wolo nacheiga to na?” 26Judah ma nii wonnu tem, ye o we, “Te ye amo mo nyem! Kaane wonto jege chega o dwoi amo. Kokuri to, a wo sɛ se a kwei‑o a pa a bu Sela.” O nam daa wo jwoori o peini ded‑o.
27Maŋa kam na yi se Tamara lo to, mo ba maane we yeywa déem wo o puga kam ne. 28O na wora o lore to mo bakeiri sem dedoa twe o jeŋa pa se ka nwoŋi pwooni. Ka-lworinu wom ma ja jeŋa kam o vɔ gare-ŋon-seŋa o ke da, ye o we, “Wonto mo dɛ yiga o nwoŋi pwooni.” 29De ko de, bu wom daa ma jwoori o kɔɔre o jeŋa kam o daare ye o choro kom kɛ o nwoŋi pwooni. Ka-lworinu wom maa we, “Nii nmo na pi n nwoŋi pwooni tei!” Konto ŋwaane ba ma bwoŋi o yere we ‘Pɛreza’. 30Bakeira kadwoŋi kam laam ma nwoŋi pwooni de o gare-ŋon-seŋa kam o jeŋa ne. Ba ma pa wonto yere we, Zera.",https://www.bible.com/bible/3661/GEN.38.KBG
PULIM 39,"Josɛf de Potifare kaane taane
1Isameli tiina bam déem ya jaane Josɛf ba vo ba yi Ejipti. Ba ma yeigi‑o ba pa Ejipti tu wodwoŋi, o yere mo Potifare. Wonto maa ye ba teo kom Pa-faro che-tara bam maama yiga tu.
2 Baŋa Wɛ déem maa wo Josɛf tei ne, pa se wonnu da chwoŋa lanyerane te pa‑o. O déem maa yɔɔre o wo o tu Potifare sɔŋɔ kom ne o toŋa. 3O tu wom déem maane we Baŋa Wɛ mo wo Josɛf tei ne. O ta ma lɔre we ko ye Baŋa Wɛ ŋwaane mo pae se Josɛf jeŋa wonnu maama tɔge chwoŋa. 4Ko ma pa se Potifare yi déem su Josɛf totoŋa yam. O ma pa‑o chwoŋa se o taa nii omo tete wonnu baŋa ne o pa‑o. O ma yɔɔre o kwei o sɔŋɔ kom totoŋa de o jejegero maama mo o ke Josɛf jeŋa ne se o taa nia. 5Ko zege dɛ dem konto ne ko taa via, Baŋa Wɛ déem swɛ Potifare de o sɔŋɔ kom maama swolim mo Josɛf ŋwaane. Ko ná ye o kare sem de o vara bam de o sɔŋɔ wonnu tem maama, Baŋa Wɛ zaane déem wo te maama baŋa ne mo. 6O déem yage o jeŋa woŋo maama o pa Josɛf se o taa nii-te o pa‑o. O yiga déem daa tera kolokolo wone, ko ná dae o tete ni-wodiu kom yerane se o ba o di.
Josɛf ye-daa kam déem maŋe daane mo ye o tiini o lamma yi ne. 7Ko wo dáane dedaane o tu wom kaane na dole o yi o na Josɛf. Kaane wom boboŋa ma zo‑o ye o ta‑o we, “Ba n peini de amo.” 8Josɛf ma ve ye o we, “A bá sɛ! Amo tu wom kwei o sɔŋɔ wonnu maama mo o ke amo jeŋa ne, ye o yiga daa tere kolokolo wone, amo na nii te baŋa ne to ŋwaane. 9Nɔɔn-nɔɔno ba dwoi amo sɔŋɔ konto ne. Amo tu wom nam wo cheiŋi kolokolo ywo amo tei ne, ko ná dae nmo yerane, nmo na ye o kaane to ŋwaane. A nam bá wane a toŋe puseŋa totoŋe dento. Ko wó taa ye wɛleere mo Wɛ yiga ne.” 10Dɛ maama mo kaane wom yɔɔre o daane Josɛf de taane dem konto dwoŋi. O de maa ba sɛa, ye o jege‑o o liisa, se ba yé twɛ daane.
11Dɛ dedwe, Josɛf ma zo sɔŋɔ kom wone se o toŋe o totoŋa. O dwonna tontoŋena bam wolowolo déem maa tere ko wone. 12Potifare kaane wom ma vo o ja‑o o gɔrɔ seeni ye o we, “Ba se dé peini daane!” Josɛf ma vere o tete o daare o gɔrɔ kom o yage kaane wom jeŋa ne, ye o duri o nwoŋi pwooni. 13Kaane wom na nɛ we o yage o gɔrɔ o jeŋa ne ye o duri o nwoŋi sɔŋɔ kom ne to, 14o ma bwoŋi sɔŋɔ kom wo tontoŋena bam o ta-ba we, “Nii-na a baro na jaane Hiburu tu wonto o ba ywo se o mɔne debam tei! O zo ywo mo se o zi-ne, ye a de tiini a kaase. 15O nam na nigi we a kaase se ba jwoŋi-ne ba yage to, mo o yage o gɔrɔ a tei ne o daare o duri o nwoŋi.”
16Kaane wom déem ma tiŋi Josɛf gɔrɔ kom o tei ne, ye o cheigi se o baro jwoori sɔŋɔ. 17O na tu to, kaane wom laam ma tole taane dem o bere‑o o we, “Hiburu kabaa kam nmo na yeigi n ja n ba to mo zo ywo se o zi-ne. 18A na kaase se ba jwoŋi-ne ba yage to, mo o yage o gɔrɔ a tei ne ye o daare o duri o nwoŋi pwooni.”
19Potifare na nigi o kaane wom na tage kolo to, o bane tiini de zaŋe de Josɛf mo. 20O déem ma pa se ba ja Josɛf ba pe peena diga ne. Dáane mo ba déem yeini ba pe Ejipti Pɛ wom peena.
Josɛf déem na wo peena diga kam ne konto to, 21Baŋa Wɛ wo o tei ne mo. O ma ke Josɛf lanyerane ye o pa peena diga kam dedɛɛro wom swoi Josɛf. 22Dedɛɛro wom déem ma pa Josɛf chwoŋa se wonto taa nii peena badwonna bam o pa‑o. O ma kwei kolo maama na wó ke peena diga kam ne to o ke Josɛf jeŋa ne. 23Peena diga kam dedɛɛro wom yiga déem tera de kolo maama o na ke Josɛf jeŋa ne to. Kokuri to, Baŋa Wɛ déem wo Josɛf tei ne mo ye o keim maama tɔge chwoŋa.",https://www.bible.com/bible/3661/GEN.39.KBG
PULIM 40,"Josɛf bere dendwea kuri
1Ko maa wora ko wora, Ejipti Pɛ wom tontoŋena balei déem ma ke ba chɔge o yiga. Ba dedoa ye wolo na yeini o kwei na-zoŋa de ka wo sana bam o ke Pɛ wom jeŋa ne to. Wowom wom maa ye wolo na nii Pɛ wom bworobworo fɔgem baŋa ne to. 2Pa-faro wom bane ma zaŋe de o tontoŋena balei bam konto. 3O déem ma pa ba pe-ba ba yage peena diga ne, Pɛ che-tara yiga tu wom tei ne. Dáane mo ba déem ya lwoori yiga ba pe Josɛf. 4Ba na pe-ba ye ba zo jei sem ne to, mo peena diga dedɛɛro wom ma kwei Josɛf o yage ba tei ne ye o zeini-ba de kolo ba na lage to.
Ba maa wora konto taa. 5Tete dedoa ne, wolo wom na ke sana Pɛ wom jeŋa ne to dwɛ dendwɛ mo, ye wolo wom na nii Pɛ wom bworobworo fɔgem baŋa ne to de dwɛ o nyem, dendwɛ maama de de kuri. 6Tega na poore to, Josɛf ma vo se o daane ba peiga. O déem ma maane we woŋo tiini ko daane-ba dedɛ. 7O déem ma bwei Pa-faro wom tontoŋena balei bam we, “Bɛ mo kea ye abam yibia zem nyɔne konto?” 8Ba ma leiri‑o we, “Debam maama dwɛ dé dendwea mo, ye nɔɔn-nɔɔno laam tera se o ta ya kuri o bere debam.” Josɛf ma ta de-ba we, “Wɛ mo ye wolo na bere nɔɔna dendwea kuri to. Ta-na á dendwea yam á bere-ne.”
9Wolo ya na ke sana pɛ wom jeŋa ne to ma ta o dendwɛ dem o bere Josɛf. O déem maa we, “Amo na dwɛ dendwɛ dem to mo a nɛ we tio kolo bia na wae ba ke sana to mo zege a yiga ne. 10Ko maa jege nɛ setɔ. Vɔɔro ma nwoŋi nɛ sem ne ye punnu de nwoŋi lela. Ko wo dáane de ko na leigi bia, ye ba de yɔɔre ba be lanyerane. 11Amo ma na we a zei Pa-faro wom na-zoŋa kam mo. A ma gwori tio-bia bam ye a ŋoke-ba a ke nyoa na-zoŋa kam ne. A laam ma kwei a pa Pɛ wom.”
12Josɛf déem ma ta‑o we, “Dendwɛ dem kuri mo tento: Tio kom nɛ setɔ sem ye da yatɔ mo. 13Da yatɔ wɛɛne Pa-faro wom wó le‑m pa se n yuu jwoori ko zeiŋi. O maa wó pa se n jwoori n ta‑n toŋa n faŋa totoŋa yam mo. Nmo wó ta‑n ke Pa-faro wom sana bam o jeŋa ne, ne nmo ya na yeini ne ke tei boboa ne to mo. 14Wonnu nam ná kwei chwoŋa te pa‑m, se n guli amo gula. Duri amo yibwona se n ta a taane n bere Pa-faro wom. Konto wó pa se ba pore-ne se a nwoŋi peena diga kanto ne. 15Kokuri to, ba jaane-ne mo ba vere Hiburu tiina teo kom ne ba ja ba ba ywo-seeni. Amo nam na yi ywo-seeni to, a wo ke kolokolo a chɔge se ba pe amo jeiga kanto wone.”
16Tontoŋeno wolo na nii Pɛ wom bworobworo fɔgem baŋa ne to ma maane we o dwoŋi wom dendwɛ dem kuri lamma de pa‑o. O déem ma ta de Josɛf o we, “Amo de dwɛ we: A zeŋe bworobworo kayɛ setɔ mo a yuu ne, se nam teini da-baŋa ne mo. 17Kayaa kalo na wo se maama baŋa ne to ma su de wo-laaro dwi dwi se Pa-faro wom ya di. Zuna laam maa tui ba di wodiiru tem, ye te ta wo amo yuu ne.”
18Josɛf maa we, “Nmo dendwɛ dem de kuri mo tento: Kayɛ setɔ sem ye da yatɔ mo. 19Da yatɔ wɛɛne Pa-faro wom wó le‑m o pa se n yuu zeiŋi. Ba ta wó kuuni n ba ba yage tio yuu ne pa se n te mo, se zuna laam taa tui ba di n ya-nɔna yam.”
20Da yatɔ yam déem ma seene ya yi, ye ko ye Ejipti Pa-faro wom lora dɛ mo. O ma ke kuri o pa o nakwa maama. O déem ma pa se ba pore o tontoŋena balei bam, se ba ba ba jeeri o nakwa bam tei ne. 21Pa-faro wom déem ma seene o pa se sana tu wom jwoori o totoŋa jei se o taa ke sana Pɛ wom jeŋa ne nenɛɛne ko na ye tei faŋa to. 22O déem ma daare o pa se ba kuuri bworobworo tu wom ba lei tio yuu ne ba go. Ko maama déem ke ko maŋe de Josɛf na tage ba dendwea yam kuri tei o bere-ba to mo. 23Ko nam ná ye Pɛ wom sana tu wom, o yɔɔre o swei Josɛf swia mo.",https://www.bible.com/bible/3661/GEN.40.KBG
PULIM 41,"Pa-faro wom dendwea
1Bena yalei na kɛ to, Ejipti Pa-faro wom ma dwɛ dendwɛ. O dendwɛ dem ne, o déem zege Ejipti bu-tola kam ni ne mo, ba na bwoi-ka we ‘Naili’ to. 2O ma nii o na naane derepɛ ye de nwoŋi buga kam wone. Naane dem nugi bigila bigila, ye de zege bubɛ dem ni ne de di gaao. 3Ko ma daare ye naane derepɛ dedwonna de daa ma nwoŋi buga kam de ba de zege da. Dento maa lɔra kokware kokware mo. De maa zege naane dedem dem tei ne buga kam bubɛ dem ne. 4Na-kokware sem laam ma ja naane delo na nugi to se di. Pa-faro wom laam ma puri o yia.
5O déem daa na guni o peini se o dɔ to, mo o dwɛ dendwɛ dedwoŋi: O déem nɛ men-zwaro terepɛ mo te na leigi kaso-fera dedoa baŋa ne. Te maama bega wagela wagela lanyerane. 6O ma daare o na men-zwaro terepɛ tedwonna na nwoŋi te woli da. Tento maa ye memene mo ye te kwaare, kagoa vo-loŋo na nwoŋi wɛ-puli seeni ye ko jege-te ko zwɛa to ŋwaane. 7Men-memene sem ma ja mena yalo na bega wagela wagela to ya li nyɔ! Pa-faro wom ma puri yia, ye o maane we ko maama ye dendwɛ mo.
8Tega na poore zezeŋa ne to, Pa-faro wom boboŋa maa vugimi dedɛ. O ma toŋe o bwoŋi Ejipti teo liri-keira de ba swa tiina maama. O déem ma tole o dendwea yam o bere-ba. Ba wolowolo maa ware ya kuri o ta o bere Pɛ wom. 9Dáane mo Pɛ sana tu wom tage ded‑o o we, “Amo laam guli a ya na jege se a ke tei to. 10Pɛ, nmo bane déem zaŋe amo de a dwoŋi tontoŋeno wolo na nii bworobworo fɔgem to baŋa ne mo, ye n pa se ba ja debam balei ba pe peena diga ne, n che-tara yiga tu wom tei ne. 11Dɛ dedwe debam dedoa dedoa déem dwɛ de dendwea mo tete ne, dendwɛ maama dedaane de kuri mo. 12Hiburu tiina nɔn-doŋo wodwoŋi de déem maa tɔge o wo jeiga kam ne. Wonto déem mo toŋe o pae nmo che-tara bam yiga tu wom. Dé déem ma tole dé dendwea yam dé bere‑o, ye o daare o maŋe ya dedoa dedoa kuri o bere debam. 13Nɔɔno wom na bere dé dendwea yam kuri tei to mo seene ko ke. Nmo pɛ se a jwoori a na a totoŋa yam mo, ye n daare n pa ba kuuri nɔɔno wodwoŋi wom ba go.”
14Pa-faro wom ma pa ni se ba ja Josɛf ba ba o tei. Ba déem ma ke lela ba ja‑o ba nwoŋi peena diga kam ne. Ba ma cheeri o yuu, ye ba daare ba zo‑o gare-laaro. Ba laam ma ja‑o ba zo Pa-faro wom tei. 15Pa-faro wom déem ma ta de Josɛf we, “Amo mo dwɛ a dendwɛ ye nɔɔn-nɔɔno ware se o ta de kuri. Amo nam nigi we nmo yei dendwea kuri n tɛ n bere nɔɔna.” 16Josɛf ma leiri we, “Pɛ, amo ware a ta. Ko nam ná ye Wɛ, wonto wó pa nmo leira yalo na ye chekke to.”
17Pa-faro wom laam ma ta de Josɛf o we:
“A na dwɛ dendwea yam to, a nɛ we a zege Naili buga kam bubɛ baŋa ne mo. 18Naane derepɛ ma zege buga kam wone de nwoŋi. De nugi bigila bigila, ye de zege de di gaao. 19Dento kwaga ne mo naane derepɛ de daa nwoŋi, de na ye na-kokware, ye de tiini de lwara. Amo ta wo fɔge a na na-balɔre sem konto dwoŋi Ejipti teo kom maama ne. 20Na-kokware sem laam ma ja na-kamuna yarepɛ yalo na lwoori yiga ya nwoŋi to se di. 21De na di na-kamuna yam de ti to, de ba nii de nae we de di woŋo. Kokuri to, de ta ye na-kokware mo, nenɛɛne de na maŋe de ye tei to. A laam ma puri a yia. 22Amo daa ma dwɛ a na men-zwaro terepɛ, te na leigi kaso-fera dedoa baŋa ne ye te maama be wagela wagela lanyerane to. 23Tento kwaga ne mo men-zwaro terepɛ tedwonna de nwoŋi da, te na ye memene ye te kwaare, kagoa vo-loŋo na nwoŋi wɛ-puli seeni ye ko jege-te ko zwɛa to ŋwaane. 24Men-zwaaro telo na ye memene to laam ma ja mena yalo na bega wagela wagela to ya li. A ma maŋe dendwea yam a bere a liri-keira bam, ye ba wolowolo wo wane ya kuri o ta o bere-ne.”
25Josɛf ma ta de Pa-faro wom o we:
“Pɛ, nmo dendwea yam maama ye woŋo dedoo mo. Wɛ mo veere o bere‑m o na ti o yiga se o ke tei to. 26Na-laaro terepɛ tem ye bena yarepɛ mo. Men-wagela yarepɛ yam de maa ye bena yarepɛ. N dendwea yam maama tɛ woŋo dedoo mo. 27Ko ná ye na-balɔre serepɛ sem na ye kokware ye se da kwaga se ba to, de men-zwaro terepɛ tem na ye memene vo-loŋo kom ŋwaane to, tento maama de ye bena yarepɛ mo. Bena yanto wone kana mo wó taa wora. 28Pɛ, ko lage ko ke nenɛɛne a na maŋe a ta tei de nmo to mo: Wɛ seene o bere‑m o na lage o ke kolo to mo. 29Bena yarepɛ wone, wodiu wó taa wora kɛɛla kɛɛla Ejipti logo kom maama ne. 30Yanto nam ná kɛ, bena yarepɛ de daa wó saŋe se kana ba ka taa wora. Kana kam na wó tiini ka chɛ logo kom maama to ŋwaane, nɔɔna wó swei we wodiu déem ya gaale Ejipti ne. 31Nɔɔna bá taa guli we wodiu ya gaale logo kom ne, kolo ŋwaane, kana kalo na wó saŋe wodiiru bena yam to wó tiini ka zo nɔɔna yera mo. 32Dendwea yam nam na ye yalei ye ya ta ye woŋo dedoo to, bere we Wɛ mo chwi keim dem se de ke. Ko nam bá dáane se Wɛ pa se keim dem maama toŋe.
33Konto ŋwaane, Pɛ, ko maŋe se n beeri nɔɔno wolo na jege yi-poro ye o ta ye swa tu to, se n daare n kwei Ejipti logo kom maama n ke kotu jeŋa ne. 34Ta kuri nɔɔna balo na wó taa nii logo kom teene maama baŋa ne to n woli da. Bena yarepɛ yalo wodiu na wó gaale to wone, banto jege se ba la wodiiru popɔre senu maama wone popɔra dedoa ba tiŋi. 35Nmo wó pa-ba dam, se ba la wodiiru tem maama ba na wó wane ba la bena yarepɛ yalo wone wodiu na wó gaale to. Wodiiru telo maama ba na wó la to ye se ba tiŋi-te te-kamuna ne mo ye ba laam taa yere-te lanyerane. 36Ba jege se ba tiŋi wodiiru tento jwa dim ŋwaane mo. Kana ná tu logo baŋa, teo kom nɔn-bia wó na wodiu bena yarepɛ yam konto wone. Nmo ná ke konto, kana kam daa bá wane ka chɔge teo kom.”
37Josɛf na tage konto o ti to, Pa-faro wom dedaane o nakwa bam maama ma sɛ o taane dem. 38Pɛ wom déem ma bwei o nakwa bam we, “Dé daa wó wane dé na nɔɔno se o taa nye de wonto na? O ye wolo Wɛ jworo na wo o baŋa ne to mo.” 39O laam ma ta de Josɛf we, “Wɛ na lwoori o pa se n lɔre wonnu tento maama to, nɔɔn-nɔɔno daa tera ye o jege yi-poro dedaane swa o yi nmo. 40Amo wó pa se n ta‑n nii amo sɔŋɔ kom maama baŋa ne. A teo kom nɔn-bia bam maama jege se ba sɛ nmo ni mo. Paare dem yerane ŋwaane mo pa amo dwoi nmo.”
Josɛf tu o tei Ejipti teo maama
41Pa-faro wom ta ma ta Josɛf o we, “Amo zem kwei Ejipti logo kom ni maama a ke nmo jeŋa ne.” 42Pɛ wom ma le o dam jafole o kwei o tore Josɛf noa ne. O ta ma zo‑o gare-nyenno na lamma to, ye o daare o kwei sabu-seŋa zambili o lɛ o ba ne. 43O laam ma pa se Josɛf di sisei-toroko, ye o saŋe wonto tete kwaga. Ba ná tɔge mɛ ba kɛ, nɔɔna déem laam maa tɔge o yiga ye ba we, “Pa-na pwola se dedɛɛro Josɛf beene!” Ko dɛ konto mo ye Pɛ wom kwei Ejipti logo kom ni maama o ke Josɛf jeŋa ne se o taa nia. 44Pa-faro wom déem ma ta de Josɛf we, “Amo mo seene a ye Ejipti Pa-faro wom. Nmo nam ná wo pɛ nɔɔna chwoŋa, ba bá gɔ naga se ba toŋe kolokolo Ejipti maama wone.” 45Pa-faro wom ma pa Josɛf yere we ‘Zafenaf-Panea’. O ma daare o kwei bukɔ wodwoŋi o pa‑o se o di o ma ke o kaane. Wonto yere mo Asenaf. O maa ye Ona kaanem tu Potifera bukɔ. Josɛf déem nɛ chwoŋa se o taa nii logo kom maama baŋa ne.
46Josɛf déem ye bena fintɔ mo ye o bobo se o taa toŋe o pae Ejipti Pɛ wom. O laam ma nwoŋi Pa-faro wom tei ne o beeri o kaare Ejipti logo kom maama ne se o taa nia. 47Bena yarepɛ yam na yi se wodiu neene to, tega kam ma seene ka ke wodiu se ko gaale. 48Josɛf ma la la wodiiru bena yarepɛ yam konto maama wone. O déem beeri Ejipti logo kom ni maama o la-te ye o kwei o tiŋi ba te-kamuna yam wone. Teo maama kare na ke wodiiru telo to mo o tiŋi teo kom konto wone. 49Josɛf ma tiini o la mena o tiŋi pa se ya daga ko gaale, nenɛɛne naneo ni kasol-bia na daga tei to. Ko déem na yi yiga to, Josɛf déem daa ware o jeeli ko ni na mae tei to.
50Kana bena yam déem ta wo yi ye Josɛf kaane Asenaf lo bu-baara balei o pa‑o. 51Josɛf ma pa o bu-kwea kam yere we ‘Manasɛ’ ye o we, “Wɛ seene o pa se a swei a yaara yam maama de kolo maama na ke a kwo sɔŋɔ ne to.” 52O ma pa wolo na saŋe to yere we ‘Efrayim’ ye o we, “Wɛ pɛ se a na dwi teo kolo wone a ya na yaare to.”
53Ejipti logo kom na neene de wodiiru to bena yarepɛ yam maama déem tu ya kɛ. 54Kana bena yarepɛ yam de laam ma bobo. Ko déem seene ko ke nenɛɛne Josɛf na wuuri o ta tei to mo. Kana ma tiini ka di logo baŋa teene maama. Ko déem nam ná ye Ejipti teene dem maama wone, wodiu déem wora mo. 55Kana na tu ka ja Ejipti tiina bam to, ba ma vo ba kaase ba jare Pa-faro wom se o pa-ba wodiu. O de ma ta ba maama o we, “Véi-na Josɛf tei, se á ke kolo maama o na wó bere abam se á ke to.”
56Kana kam déem jage Ejipti logo kom maama ne mo ka tiini ka chɛ. Josɛf laam ma pa ba pore tuli sem teo maama wone ye o jege mena yam o yeigi o pae Ejipti tiina bam, se kana yé go-ba. 57Nɔɔna déem zege tega baŋa teene maama ne ba tui Ejipti se ba yeigi wodiu Josɛf tei ne, kokuri to, kana kam déem tiini ka chɛ logo baŋa maama ne mo.",https://www.bible.com/bible/3661/GEN.41.KBG
PULIM 42,"Josɛf chorro vei Ejipti ba na wodiu
1Jakob déem ma lɔre we wodiu wo Ejipti ne. O ma ta o bu-baara bam we, “Wodiu tera ye á jei sɔŋɔ ne se bɛ? 2Amo nigi we wodiu wo Ejipti ne. Nam véi-na dáane á yeigi mena á ja á ba, se dé yé pu de kana.”
3Josɛf zembaara bam fuga ma zaŋe ba vo Ejipti se ba yeigi mena. 4Jakob déem nam ya chege Josɛf nyaane Benjamin mo se o yé tɔge o chorro tedwonna tem o vo. Kokuri to, o kɔre we cham mo wó zege de yi‑o chwoŋa ne. 5Jakob bu-baara bam déem to nɔn-kɔgɔ wone mo ba tɔge ba vo Ejipti se ba yeigi wodiu. Kokuri to, kana kam déem chɛ Kanaan logo kom maama de mo.
6Josɛf déem nam mo ye dedɛɛro Ejipti ne ye o jege mena o yeigi o pae ko nɔn-bia maama. Josɛf zembaara bam ma vo ba yi o tei, ye ba chɔɔle ba yibia tega ne ba jɔɔne‑o. 7Josɛf na nɛ o zembaara bam to mo o lɔre-ba. O déem ma seigi o tete de-ba, ye o daare o zage-ba ni-chɛɛre. O ma bwei-ba we, “Abam nwoŋi yei mo?” Ba de ma leiri we, “Debam nwoŋi Kanaan mo. Dé tu se dé yeigi wodiu mo.”
8Josɛf déem na lɔre o zembaara bam to, banto ya wo lɔre‑o. 9O ma guli o na dwɛ o zembaara bam dendwea yam to, ye o ta-ba o we, “Abam tu se á ŋɔ á yere debam teo kom wonnu mo, se á nii teo kom mɛ na wo chege to.” 10Ba ma leiri‑o we, “Debam tu, ko nam dae konto! Dé ye nmo kabɛ. Dé tu ywo-seeni se dé yeigi wodiu mo. 11Debam maama ye baaro dedoa bia mo. Debam vei de chega mo, se dé wo tu se dé ŋɔ dé yere á teo kom.”
12O daa ta ma ta de-ba o we, “Vwa! Abam tu ywo se á nii debam teo kom jei selo na wo chege to mo.” 13Ba ma leiri‑o ba we, “Debam tu, dé déem ye fuga-balei mo de kwo dedoa ye dé zoore Kanaan ne. Dé nyaane wom ta wo debam kwo tei ne tento. Ko daare, dedoa kam daa tera.”
14Josɛf ma ta de-ba we, “Amo maŋe a wo tage chega na? Abam ŋɔne mo á nii teo kom! 15A lage a faŋe abam mo a nii: A dugi Pa-faro wom yere ŋwaane, abam nyaane wom ná wo tu se a na‑o, a bá sɛ a yage abam se á viiri. 16Toŋe-na á wone dedoa se kotu vo o ja á nyaane wom o ba. Abam balo na daare to, a lage a pe á maama mo se a lɔre á taane dem ná ye chega naa vwa. A dugi dedaane Pa-faro wom yere, á nyaane wom ná wo tu, ko wó bere we abam seene á ŋɔne á nii teo kom mo!” 17O ma pa se ba ja ba maama ba pe da yatɔ.
18Da yatɔ dɛ dem na yi to, Josɛf ma ta de-ba we, “Ke-na tento se a pa á jwoŋi á ŋwea, amo na kɔre Wɛ to ŋwaane. 19Abam ná seene á vei de chega, se á pa abam dedoa maŋe peena diga kam ne ywo. Abam balo na daare to wó wane á ja wodiiru á vo á pa á sɔŋɔ tiina bam se ba yé pu de kana. 20Ko nam jege se á ja á nyaane wom mo á ja á ba se a na‑o. Konto wó bere we abam taane dem ye chega pa se á daa yé ga ŋwea.”
Ba ma sɛ, 21ye ba bwɛ daane ba we, “Dé na nɛ waarem dento maama to, ko ye dé na ke dé nyaane Josɛf tei to ŋwaane mo. Ko déem na ni‑o, ye o lwoori wolim debam tei ne to, dé nɛ ye dé ve se dé duri o yibwona. Konto cham laam nam mo jwoori dé baŋa ne.” 22Ruben ma leiri o we, “Amo déem tage de abam se á yé ke zonne á pa bu wom. Abam ma ve se á cheigi-ne! Dé laam jege se dé jwoŋi o toone dem ŋweero mo.” 23Ba na ŋɔɔne daane konto to, ba déem yeiri we Josɛf ni ba taane dem. Kokuri to, ba ya ná yeini ba ŋɔɔne ded‑o, nɔɔno mo wó jwoŋi ba taane dem o leiri de Ejipti tiina taane o pa‑o. 24Josɛf déem ma pipiri o vo dáa ye o ka yi-na. O yera na jwoori to, o ma jwoori ba tei o ŋɔɔne de-ba. O déem ma le Simeon ba wone ye o pa se nɔɔna vɔ‑o ba ja viiri ba maama yibia ne.
25Josɛf ma pa ni o we, ba kwei mena ba su o zembaara bam ywollu tem maama. O déem ta pɛ se ba jwoori ba ke nɔɔno maama sabu mo o ywolo ne, se ba daare ba pa-ba wodiu ba na wó di chwoŋa ne to. 26Ba na ke konto ba pa-ba to, nɔɔna bam ma vɔ ba ywollu tem ba daŋe ba bonɛ baŋa ne ye ba kɛ.
27Ba déem ma vo ba yi mɛ ba na wó peini ba sii se tega poore to. Ba dedoa ma bwoli o ywolo se o le wodiu o pa o bonaga. O ma na o sabu kom na tigi da o ywolo kom ni ne. 28O ma ta de o chorro tem o we, “Amo sabu kom mo ba jwoori ba pa-ne. Nii-ko da a ywolo kom ne.” Ba na lɔre konto to, ba bochara ma di. Foone ma ja-ba ye ba ŋɔɔne ba bere daane ba we, “Bɛ mo Wɛ ke debam tento?”
29Ba déem ma vo ba yi ba kwo Jakob tei Kanaan ne. Ba ma lwoni kolo maama na yi-ba to ba bere‑o. Ba ma ta ba we, 30“Dedɛɛro wolo na nii Ejipti logo kom maama baŋa ne to zage debam mo de ni-chɛɛre ye o pa se ko zo dé yera nenɛɛne dé ga ye balo na lage dé ŋɔ ba teo kom mo dé nii to. 31Debam de ma ta ded‑o we ‘Debam ye chega tiina mo, dé dae balo na ŋɔne dé nii á teo kom to.’ 32Dé ma pa o maane we, dé déem ye chorro fuga-balei mo de kwo dedoa. Dé bere‑o debam dedoa daa na tera tei, dedaane dé nyaan-balaŋa mo laam na wo dé kwo wom tei ne ywo-seeni tei to.
33Dedɛɛro wom ma ta dedaane debam o we ‘Ke-na tento se a lɔre we á tage chega. Abam choro dedoa wó maŋe amo tei ne ywo, se á daare á kwei mena á ja á vo á pa á sɔŋɔ tiina se ba yé pu de kana. 34Ko nam jege se á ja á nyaane wom mo á ba se a na‑o. Konto mo wó pa se a lɔre we á ye chega tiina ye á wo tu se á ŋɔ á nii dé teo kom. Amo laam maa wó yage á choro kom a ya na pe to, se á de ta‑á beeri á pipia debam teo kom ne.’ ”
35Ba na tage konto ba ti to, mo ba maama déem bwoli ba ywollu tem. Ba dedoa dedoa ma na o sabu-ganlɔgere dem na tigi da dedaane sabia bam maama! Ba maama de ba kwo wom na nɛ konto to, foone ma ja-ba. 36Ba kwo Jakob ma ta de-ba o we, “Abam na ke tei to, á lage á pa se amo ga a bia bam maama mo! A bu Josɛf daa tera. Simeon de daa tera. Abam daa ta kwaane se á ja Benjamin á ja viiri. Lɛɛro jege-ne keim dento maama wone!” 37Ruben ma ta de o kwo o we, “Kwei bu wom n ke amo jeŋa ne se dé kɛ. A ná wo jaane‑o a jwoori a ke n jeŋa ne, se n go a bu-baara balei bam.” 38De konto de, Jakob tage we, “Amo bá sɛ. Amo bu Benjamin bá da dedaane abam o vo. O zembaaro Josɛf maŋe o te ye wonto yerane mo daare o nu-bia wone. Cham ná yi‑o chwoŋa ne, abam wó pa se a te wo-chechɔgɔ ŋwaane, ye a ja a yu-pwei sento a vo churu.”",https://www.bible.com/bible/3661/GEN.42.KBG
PULIM 43,"Josɛf zembaara jwoori Ejipti
1Kana kam déem tiini ka chɛ Kanaan teo maama ne mo. 2Jakob sɔŋɔ tiina bam ma di mena yalo maama ba na nɛ Ejipti ne ba ja ba to ba ti. Jakob laam ma ta-ba o we, “Jwoori-na á vo á yeigi wodiu fee á ja á ba ywo-seeni.”
3Judah déem ma ta de ba kwo wom o we, “Dedɛɛro wom seene yia mo o kaane debam o we, dé ná wo jaane dé nyaane wom dé ba, o daa bá pa debam chwoŋa se dé zo o tei. 4Nmo ná sɛ se dé nyaane Benjamin tɔge dedaane debam o vo mo, dé laam wó wane dé vo dé yeigi wodiu dé ja ba dé pa‑m. 5Se n nam ná wo sɛ se o tɔge o vo, dé bá wane dé vo, dedɛɛro wom na tage kolo to ŋwaane, de o na we, dé ná wo jaane dé nyaane wom dé ba, o daa bá pa debam chwoŋa se dé zo o tei.”
6Jakob ma bwei-ba o we, “Bɛŋwaane mo á tage de nɔɔno wom we á ta jege nyaane wodwoŋi sɔŋɔ ne, ye á ke-ne cham wone tento?” 7Ba ma leiri ba we, “Nɔɔno wom tiini o bwei debam mo o legese dedaane dé dwi maama. O bere o bwei we ‘Abam kwo ta ŋwe na? Á daa ta jege choro kodwoŋi na?’ Debam de ma leiri o bwia yam maama. Dé ya bá wane dé lɔre we o wó ta nenɛɛne, dé vei dé ja dé nyaane wom dé ja ba o tei.”
8Judah laam ma ta de o kwo wom o we, “Kwei bu wom n ke amo jeŋa ne se dé ke lela dé kɛ da. Ko ná dae konto, debam de dé bia bam maama wó pu mo de kana. 9Amo wó kwei a tete a zege daare bu wom ŋwaane. A ná wo jwoori a ja‑o a ba ywo a ke n jeŋa ne, se n bwei amo o bwia. Amo sɛ se, woŋo ná ke‑o, se n kwei ko maama n zeŋe amo yuu ne taa wuu. 10Chega to, ko ná dae dé na zege dé dáane, tento wɛɛne dé ya vei ye dé daa jwoori se ko yi kuni belei.”
11Ba kwo Jakob ma leiri o we, “Ko nam ná seene ko ye konto, ke-na tento dwoŋi: twori-na dé tega kam wo-laaro dwi dwi á ke á ywollu tem ne se á ja á vo á ma ke pɛɛre á pa dedɛɛro wom. Ko maa wó taa ye terale nuga fenfee, de tooro fee, de talwoŋ-ywoŋa dwi dwi, dedaane teeni bia dwi dwi. 12Nam ta ta‑á jege-na mena yam sabu kuni belei á woli da. Kokuri to, á jege se á jwoori á ja kolo ba ya na ke á ywollu tem ne to mo á vo á pa-ba. Dɛ delo ba tusi mo ba ke konto. 13Ja-na á nyaane wom á woli da se á jwoori á vo dedɛɛro wom tei leile konto. 14Dam-fɔrɔ Tu Wɛ wom wó pa se nɔɔno wom duri á yibwona ye o pa chwoŋa se á ja á chorro tem, Simeon dedaane Benjamin, á jwoori á ba ywo. Ko ná tu se a ga a bia bam tento, a nam wó ga-ba mo.”
15Ba déem ma ti ba pɛɛra yam yiga, ye ba jege ba sabu kuni belei. Benjamin déem ma da o vo. Ba ma ke lela ba vo Ejipti. Ba na yi da to, ba ma zo Josɛf tei. 16Josɛf na nɛ we Benjamin tɔge o wo ba wone to, o ma ta o sɔŋɔ tontoŋena yiga tu wom o we, “Ja nɔɔna banto n vo sɔŋɔ. N ná yia, se n go varem n ma n ke wodiu, se banto wó di wodiu de amo mo wea ne.” 17Tontoŋena yiga tu wom ma ke o na bere‑o se o ke tei to, ye o jege nɔɔna bam o maa vei o tu wom sɔŋɔ.
18Foone déem maa jege chorro tem dedaane ba na jege-ba ba maa vei Josɛf sɔŋɔ kom to. Ba boboŋa yam déem ye we, “Ko ye sabu kom ba ya na jwoori ba ke dé ywollu tem wone to ŋwaane mo ba jege debam ba vei dáane. Dedɛɛro wom lage o pa ba pɔpɔ ba zi debam mo ba ja ba ma ke wonto kabɛ, ye ba vere debam bonɛ sem de ba woli da.” 19Ba na vei ba yi sɔŋɔ kom manchwoŋo ni to, mo ba ŋɔɔne de Josɛf tontoŋena yiga tu wom, 20ye ba we, “Jan ja, debam daama maŋe dé ba ywo dé yeigi wodiu. 21De laam na viiri ye dé yi jeiga kalo se dé peini de sii tete ne to, dé ma puri dé ywollu tem nia ye debam dedoa dedoa na we dé mena yam sabia bam maama jwoori ba wora, ko maa ye sabu kom ni ne mo chekke. De laam nam jwoori dé ja-ko dé ba. 22Dé nam ta jaane sabu dé woli da dé ba se dé daa ma yeigi wodiu. Debam wo lɔre wolo daama na kwei dé sabu kom o jwoori o ke dé ywollu tem ne to.” 23Tontoŋeno wom ma ta o we, “Ko wo chɔge, yé ta‑á fona. Abam Wɛ wom, wolo wom á kwo na tɔge to mo kwei pɛɛra o ke á ywollu tem ne. Amo daama jwoŋi abam sabu kom.” O na tage konto to, o laam ma pore Simeon o ja ba ba tei.
24Tontoŋeno wom déem ma pa chorro tem zo Josɛf sɔŋɔ kom. O ta ma mɔ na o pa-ba se ba ma zare ba nɛ, ye o daare o ja wodiiru o ba o pa ba bonɛ sem. 25Ba ma ni we ba wó di wodiu dedaane Josɛf mo o sɔŋɔ ne. Ba ma le ba pɛɛra yam ba tiŋi ye ba cheigi Josɛf se o ba wea ne.
26Josɛf na tu sɔŋɔ to, ba ma kwei pɛɛra yalo ba na jaane ba jeeri o sɔŋɔ kom ne to ba ja zo diga ba pa‑o. Ba ma chɔɔle ba yibia tega ne ba jɔɔne‑o. 27O ma bwei ba kwaga ye o daare o we, “Á nɔn-kwea kam á ya na tage ka taane á bere-ne to jege yazura na? O daa ta ŋwe na?” 28Ba ma leiri ba we, “Debam kwo ye nmo tontoŋeno mo, o nam ta ŋwe. O jege yazura de ya-dɛɛra.” Ba ma chɔɔle tega ne ba zuli‑o.
29Josɛf ma dole o yi o na o nyaane Benjamin na ye o nu-puga bu to. O ma bwei-ba o we, “Abam nyaane wom á na tage o taane á bere-ne to mo tento na?” O ma daare o ta de Benjamin o we, “Amo bu tete, Wɛ zaane wó taa wo nmo yuu ne.” 30Josɛf na seene o na o nyaane wom to, ko déem ma tiini ko vaŋe‑o dedɛ. O ma ke lela o nwoŋi o beeri jei se o ka yi-na. O ma zo o tete diga o keeri, o na jege o nyaane wom swono to ŋwaane.
31Josɛf laam ma su o yia, ye o jwoori o nwoŋi ba tei. O ma fɔge o ja o tete ye o we, “Pɔɔre pɔɔre-na wodiu kom se dé di.” 32Ba déem ke wonto wodiu ko yera mo, chorro tem de nyem ko yera. Ba ma daare ba ke Ejipti tiina balo na wora to de nyem ko yera, kokuri to, ko chula ko pae Ejipti tiina pa se ba ware ba di dedaane Hiburu tiina. 33Josɛf déem pɛ se o chorro tem jeini o yiga ne se ko maŋe de ba bena yam na ye tei to mo, ko zege bu-kwea kam ne se ko yi nyaan-balaŋa kam baŋa. Ba na nɛ konto to mo ba nii daane ye ko ke-ba yaau. 34Josɛf ma pa ba pɔɔre pɔɔre o wodiu kom wone ba pa o chorro tem. Benjamin na jwoŋi wodiu kolo to daga ko dwoi o zembaara bam nyem kuni benu. Ba maama maa jei Josɛf tei ne ba di ye ba nyɔ ba su ye lwia tera.",https://www.bible.com/bible/3661/GEN.43.KBG
PULIM 44,"Lu-nyenno na-zoŋa taane
1Josɛf déem ma pa o sɔŋɔ tontoŋena yiga tu wom ni ye o we, “Ke wodiu n su nɔɔna bam ywollu tem se ko maŋe de ba dedoa dedoa na wó wane tei ba zeŋe to. Laam kwei nɔɔno maama sabu n jwoori n ke o ywolo ni ne. 2Ta daare n kwei amo lu-nyenno na-zoŋa kam n ke ba nyaan-balaŋa kam ywolo kom ni ne n woli de o de sabu kom.” Tontoŋeno wom ma ke kolo maama Josɛf na bere‑o to.
3Tega na jege ka poore to, ba ma pa nɔɔna bam chwoŋa se ba viiri de ba bonɛ sem maama. 4Ba na nwoŋi teo kom wone ye ba maŋe ba wo yi yiga to, dedaane Josɛf na tage o sɔŋɔ tontoŋeno wom o we, “Ke lela n pare nɔɔna bam n ja-ba. N ná yi-ba se n ta de-ba we ‘Bɛŋwaane mo abam mɛ lwarem á ma á ŋwe lanyerane delo a tu wom na ke o pa abam to? 5Bɛ mo ye á ŋɔ amo tu na-zoŋa kam? Mo kalo amo tu wom na jege o nyɔ na, ye o ta mae-ka o beeri o nii o yiga. Abam tiini á toŋe puseŋa á pa‑o.’ ”
6Josɛf tontoŋeno wom ma seene o pare-ba o ja, ye o lwoni taane dem o bere-ba. 7Ba ma leiri ba we, “Bɛ mo ye dé tu wom laam tɛ konto? Debam ware dé toŋe konto dwoŋi dé pa‑o kɔtaa! 8Dé daama na maane we sabu kolo dé mɛ dé yeigi wodiu kom tɔge debam ko vo Kanaan teo kom to, dé jwoori dé ja-ko dé ba dé pa abam. Ko dae chega na? Bɛ mo laam nam wó pa se dé ŋɔ sabu-seŋa naa lu-nyenno nmo tu wom sɔŋɔ ne? 9Nmo ná nɛ na-zoŋa kam n tontoŋena bam wolo tei ne, konto tu wó te mo. Debam maama balo na daare to maa wó ji dé tu wom kabɛ.” 10Josɛf tontoŋeno wom ma leiri o we, “Tɔ. A sɛ se ko taa ye ne abam na tage tei to mo. Amo ná nɛ na-zoŋa kam nɔɔno wolo tei ne, konto tu mo wó ji amo kabaa. Ko daare se abam maama viiri á ta‑á tei á tete.”
11Ba maama ma ke lela ba zoore ba ywollu tem ba tiŋi tega ne ye ba bwoli-te. 12Josɛf tontoŋeno wom ma bobo o beira kam. O déem zege nakwe wom baŋa ne mo o vo o yi nyaan-balaŋa kam baŋa. O laam ma vo o na na-zoŋa kam Benjamin ywolo kom ne. 13Chorro tem maama na nɛ konto to, ba ma kaare ba tete gwaaro de wo-chechɔgɔ. Ba déem ma jwoori ba kwei ba zela yam ba daŋe ba bonɛ sem baŋa ne, ye ba jwoori teo kom wo.
14Josɛf déem ya ta wo sɔŋɔ ne ye Judah de o chorro tem jwoori ba ba ba zo. Ba ma vwi ba yibia tega ne se ba ja o naga. 15Josɛf déem ma ta de-ba we, “Bɛ mo konto abam kea? Abam ya yeiri we, amo na ye dedɛɛro to, a wae a beeri a nii a nae wonnu jaja na?” 16Judah déem ma leiri we, “Debam tu, debam ba jege kolokolo se dé ta. Debam ni laam mɔɔre mo. Dé bá wane dé ta kolo dé na wó ma dé jwoŋi dé tete to. Wɛ mo peere debam zem dé chaveera wone. Konto to, debam maama mo laam ye nmo kabɛ, dé maama, ko woli de wolo ba na nɛ na-zoŋa kam o zela wone to.” 17Josɛf ma leiri o we, “Amo bá wane a pa se ko ke konto dwoŋi! Ba na nɛ na-zoŋa kam wolo zela ne to yerane mo wó ji amo kabaa. Abam maama wó wane á jwoori á kwo wom tei ne de yazura.”
18Judah déem ma tutwoni o yi Josɛf tei o ta o we:
“Jan ja, amo tu, pa-ne chwoŋa se dé ŋɔɔne daane jaja. Nam yé pa se n bane zaŋe amo baŋa ne, se nmo de Pa-faro wom tete mae daane mo. 19Amo tu, nmo daama bwei debam we, dé ta jege kwo de choro kodwoŋi na? 20Dé ma leiri we, dé jege nɔn-kwea sɔŋɔ ne. Dé nyaan-balaŋa dedoa de ta wora, dé kwo na loge‑o o kokweero maŋa ne mo. Dé ta pɛ se n lɔre we dé nyaane wom konto zembaaro maŋe o te. Wonto yerane laam mo daare o nu-puga bia wone. O kwo wom ma tiini o swoi‑o dedɛ.
21Nmo daa ta ma‑n ta we, dé ja‑o dé ba ywo se nmo de wane n na‑o. 22Debam de ma ta dede‑m we, bu wom bá wane o nwoŋi sɔŋɔ o daare o kwo wom, kokuri to, o ná tere o kwo wom tei ne, nɔn-kwea kam wó te mo. 23Dé tu, dé na tage konto to, nmo ta ma n leiri we, dé ná wo jaane dé nyaane wom dé ba, n daa‑n bá‑n pa debam chwoŋa se dé zo n tei. 24Dé na jwoori sɔŋɔ to, dé ma ta dé bere debam kwo kolo maama nmo na tage to.
25Ko na ke fee to, dé kwo wom maa we ‘Jwoori-na á vo á yeigi wodiu fee á ja á ba.’ 26Dé ma ta‑o we ‘Dé bá wane dé vo, ko ná dae se dé nyaane wom ná dɛ debam kwaga se dé vo. Dé nyaane wom ná tere dé tei ne, dé bá na chwoŋa se dé daa zo dedɛɛro wom tei.’
27Debam kwo wom ma ta o we ‘Abam yei we a kaane Racheli loge bakeiri selei yerane mo o pa-ne. 28Dedoa maŋe o jei o daare-ne. Amo na boŋe tei to, kago-varem mo jaane‑o de tore tore. Dedaane zem maama a daa wo nɛ‑o. 29Abam nam ná jaane wonto de á viiri ye cham ná yi‑o, abam wó pa se a te wo-chechɔgɔ ŋwaane, ye a ja a yu-pwei sento a vo churu.’
30Amo tu, jeeli se n lɔre we nɔn-kwea kam ŋwea de bu wom ŋwea me daane mo. Dé nam ná yi sɔŋɔ ye bu wom tere dé tei ne, amo kwo wó te mo. 31O ná nɛ we bu wom tɔge o tera, ko wó pa se o te wo-chechɔgɔ ŋwaane, ye o ja o yu-pwei sem o vo churu. 32Ko woli da, a kwei a tete a zege daare bu wom ŋwaane ye a ta de a kwo we, a ná wo jwoori a ja‑o a ke o jeŋa ne, se o kwei ko maama o zeŋe amo yuu ne taa wuu.
33Konto to, amo tu, sɛ se amo maŋe ywo a ji n kabaa se a leiri bu wom yuu ne. Pa se bu wom tɔge dedaane o zembaara bam se ba jwoori sɔŋɔ. 34Amo bá wane a jwoori a kwo wom tei nenɛɛne bu wom ná tere a tei ne. Amo bá taa lage se a na lwia yalo na wó yi a kwo wom, ne ko ná ke‑o konto.”",https://www.bible.com/bible/3661/GEN.44.KBG
PULIM 45,"Josɛf bere o tete de o chorro tem
1Josɛf déem daa wo wane o tete o ja o tontoŋena bam yiga ne. O ma bage-ba o we, “Nɔɔno maama nwoŋi da á daare-ne na!” Tontoŋena bam na nwoŋi ba daare Josɛf de o chorro tem yerane, o laam ma ta o na ye wolo to o bere-ba. 2O ma kaase de kwor-dɛa ye o keeri pa se Ejipti tiina bam ni sɔɔ kom. Pa-faro wom sɔŋɔ tiina de déem ni ko ŋwa.
3Josɛf ma ta o chorro tem o we, “Amo ye Josɛf mo! A kwo daa ta seene o ŋwe na?” O chorro tem déem wo wane o taane dem se ba leiri ba pa‑o, kokuri to, ba yera déem tiini ya sae mo o yiga ne.
4Josɛf déem ta ma ta de o chorro tem we, “Fɔɔre-na á yi a yera.” Ba na yi o tei to, mo o tage o we:
“Amo mo ye á choro Josɛf, wolo abam déem na yeigi á pa nɔɔna se ba ja-ne ba vo Ejipti to! 5Nam yé pa-na se á wo chɔge. Daa á yé pa-na ko taa wɔe abam dedaane á na yeigi-ne á yage ywo-seeni to ŋwaane. Chega ŋwaane to, ko ye Wɛ déem mo toŋe-ne ywo se a lwoori yiga a ba se a jwoŋi nɔɔna dedɛ ŋwea a yage. 6Kana kam bena yalei mo kɛ tento, ye bena yanu ta daare se ka tiini ka chɛ. Bena yanto wone nɔɔna bá va se ba zage wodiiru. 7Ko maa ye Wɛ mo toŋe-ne se a da abam yiga a ba ywo se a che se á dwi yé saare logo kom ne. O mɛ o dam mo o ke konto se a jwoŋi abam a yage chekke. 8Ta‑á yei-na we ko dae abam mo pɛ se a ba ywo. Wɛ mo kea. Wonto mo pɛ se amo ji dedɛɛro Pɛ wom yiga ne, se a taa nii o sɔŋɔ kom maama baŋa ne, ye a daare a tei Ejipti teo kom maama.
9Nam ke-na lela á jwoori á vo a kwo tei se á ta ded‑o we ‘Nmo bu Josɛf kwora mo tento: Wɛ mo pɛ a tei Ejipti teo kom maama. Kwaane se n daa‑n yé dáane se n ba a tei lela. 10Nmo wó ta‑n zoore Gosen laŋa kam seeni mo se n ta‑n twɛ amo ywo-seeni. Nmo de n bia, de n naaro, de n peeni, de n bone, de n naane, dedaane woŋo kolo maama n na jege to wó taa wo dáane mo. 11Abam ná wo dáane, amo wó taa nii á baŋa ne se á na wodiu á di. Ta‑n yei we bena yanu mo ta daare se kana kam taa wora. A nam ba lage se kana yaare nmo de n sɔŋɔ tiina bam, ko woli dedaane n vara maama.’
12Abam tete nɛa ye a nyaane Benjamin de nɛa we amo mo seene a ye Josɛf. 13Pa-na se a kwo lɔre we Ejipti tiina bam tiini ba zuli-ne mo ywo-seeni, se á daare á ta ded‑o kolo maama á yi na nɛ to. Á laam maa wó ja‑o á ba ywo lela.”
14Josɛf na tage konto to, o laam ma kukwori o nyaane Benjamin ye o ka yi-na. Benjamin de ma kukwori‑o ye o de ka yi-na. 15Ko kwaga ne Josɛf laam ma kukwori o zembaara bam dedoa dedoa ye o ka ka yi-na ba maama baŋa ne. O chorro tem laam ma na pwola ba ŋɔɔne ded‑o.
16Pa-faro wom de o sɔŋɔ tiina ma ni we Josɛf chorro mo tu o tei. O de o nakwa bam maama wo ma pwoli ko ŋwaane. 17Pɛ wom ma ta de Josɛf o we, “Ta de n chorro tem se ba vɔ ba bonɛ sem ba jwoori Kanaan teo kom. 18Ba jege se ba ja á kwo wom dedaane o sɔŋɔ tiina maama mo se ba jwoori ba ba a tei ywo. Amo wó pa-ba Ejipti tega kam mɛ na tiini ka lamma to se ba jeini da. Konto wó pa se ba ni logo kom ywoni lanyerane. 19Ta ta de-ba se ba lage sisei-torokooro Ejipti ywo ba ja ba vo Kanaan ba ke ba kaana de ba bia te wone ba ja ba ba. Ba ná beene, se ba ja á kwo ba woli da ba ba ywo-seeni. 20Yé pa-na se ko daane abam á zela yam ŋwaane, se Ejipti logo kom wo-laaro maama mo wó taa ye abam nyem.”
21Jakob bu-baara bam ma ke kolo maama ba déem na bere-ba se ba ke to. Josɛf déem pɛ-ba sisei-torokooro mo, nenɛɛne Pɛ wom na pɛ ni tei to. O déem ta ma pa-ba wodiu se ko woli-ba chwoŋa ne. 22O ma daare o pa ba maama gare-donno se ba zo. Se ko ná ye Benjamin, o déem pɛ wonto lu-nyenno sabu-dala bia yatɔ mo o woli de gare-donno kuni benu. 23Wonnu telo Josɛf na toŋe se ba pa o kwo mo tento: wo-laaro dwi dwi mo na nwoŋi Ejipti ne to, bonɛ fuga déem mo maa zeŋe-te. O daa ta ma pa se bona-chwa fuga zeŋe mena de wodiu dedɛ dedaane wo-laaro telo na wó woli o kwo chwoŋa ne to. 24Josɛf déem ma bane o chorro tem o yage chwoŋa ne. Ba na maa kɛ to, o ma ta-ba we, “Yé ke-na jara chwoŋa ne!”
25Ba ma nwoŋi Ejipti ne ye ba vo ba yi ba kwo Jakob tei Kanaan teo kom ne. 26Ba ma ta ded‑o ba we, “Josɛf daa ta ŋwe! Wonto mo laam tei Ejipti teo kom maama o nii ko baŋa ne.” Jakob ma ko o zega, ye o wo sɛ ba taane dem. 27Ba déem ma lwoni woŋo kolo maama Josɛf na tage de-ba to. Jakob ta ma na sisei-torokooro tem Josɛf na toŋe se ba ma ja‑o ba ba Ejipti to. Ko laam ma pa se ba kwo Jakob ma jwoori o tete ne. 28Jakob ma ta o we, “Amo laam sɛ! Amo bu Josɛf seene o ta ŋwe mo! Amo wó vo a na‑o mo se a laam daare a te.”",https://www.bible.com/bible/3661/GEN.45.KBG
PULIM 46,"Jakob de o sɔŋɔ tiina vei Josɛf tei
1Jakob déem ma lu o woŋo maama o ja o nwoŋi o vo Beeriseba. O na yi da to mo o ke kaanem o pa o kwo Izaak Wɛ wom. 2Wɛ déem ma ba Jakob tei tete ne o ŋɔɔne ded‑o o we, “Jakob! Jakob!” O de ma leiri we, “Nii-ne.” 3Wɛ ma leiri we, “Amo mo ye Baŋa Wɛ, nmo kwo Wɛ wom. Nam yé kɔre foone se n vo Ejipti, se dáane mo amo lage a pa se n dwi dem puli de ji te-zɔŋɔ. 4Amo tete wó tɔge de nmo se dé vo Ejipti. A nam ta wó jwoori a ja n dwi a ba ywo-seeni se ba jeini tega kanto baŋa ne. Nmo nam ná lage n te, nmo bu Josɛf tete mo wó ja nmo pa n te.”
5Jakob déem ma yage Beeriseba. O bia bam ma kwei‑o, ba woli de ba bu-balɛ, de ba kaana bam maama ba jeini sisei-torokooro wone, nenɛɛne Pa-faro wom na toŋe se ba ke tei to. 6Ba déem ta jaane ba vara mo, de ba zela yalo maama ba na nɛ Kanaan teo kom ne to ba woli da ba ja vo Ejipti. Jakob déem ma pɛ o dwi dem maama se ba vo Ejipti. 7Ko maa ye o bia maama mo, de o naaro, bakeiri de busankane maama mo o jaane o vo.
8Jakob bu-baara balo déem na dɛ ba vo Ejipti to yera mo tento:
Ruben déem mo ye Jakob bu-kwea. 9Ruben bu-baara bam maa ye:
Hanoki, de Pallu, de Hezeron, de Karimi.
10Simeon de bu-baara bam maa ye:
Jemweli, de Jamin, de Ohadi, de Jakin, de Zohare de Sawuli. Sawuli maa ye Kanaan tiina bukɔ bu.
11Levi de bu-baara bam maa ye:
Gereson, de Kohafe, dedaane Merari.
12Judah de bu-baara bam maa ye:
Era, de Onan, de Sela, de Pɛreza, de Zera. Ko nam ná ye Era de Onan, banto maŋe ba te Kanaan teo kom ne mo. Pɛreza bu-baara bam maa ye Hezeron dedaane Hamuli.
13Isakara bu-baara bam maa ye:
Tola, de Pua, de Jasubi, de Simiron.
14Zebulun de bu-baara bam maa ye: Seredi, de Elon, de Jahaleli.
15Jakob kaane Leah bu-baara de ba de bia mo konto. O déem nam loge o bia bam Mesopotamia ne mo. Leah ta loge bukɔ o pa Jakob, o yere mo Dina. Jakob ka-kwea kam bu-baara de o bukɔ Dina ná ke daane, ba maama wó taa ye fintɔ-batɔ mo.
16Gad de bu-baara bam déem mo ye:
Zefon, de Hagi, de Suni, de Ezibon, de Eri, de Arodi, dedaane Areli.
17Asere de bu-baara bam maa ye:
Imina, de Isiva, de Isivi de Beria. Ba nakɔ yere déem mo ye Sera. Beria bu-baara bam maa ye Hebera de Malikeli.
18Laban déem ya kwei Zilipa mo o pa o bukɔ Leah se o ma o ke o ka-nyaane. Wonto de déem ma lo bia banto o pa Jakob. Banto de ba bia maama ye fuga-baredo mo.
19Jakob kaane Racheli loge bu-baara balei o pa‑o:
Josɛf dedaane Benjamin.
20Josɛf de ma lo bia balei Ejipti ne: Manasɛ de Efrayim. Banto déem ye Ona kaanem tu Potifera bukɔ Asenaf bia mo.
21Benjamin bu-baara bam maa ye:
Bela, de Bechere, de Asabeli, de Gera, de Naaman, de Ehi, de Rosi, de Mupim, de Hupim dedaane Arada.
22Racheli bu-baara banto mo o déem loge o pa Jakob. Banto de ba bia maama ye fuga-bana mo.
23Dan bu-baaro wom déem mo ye: Husim.
24Nafitali de bu-baara bam maa ye:
Jahazeli, de Guni, de Jezera, dedaane Silem.
25Laban déem ya kwei Biliha mo o pa o bukɔ Racheli se o ma o ke‑o ka-nyaane. Wonto de déem ma lo bia o pa Jakob. Banto de ba bia maama ye barepɛ mo.
26Jakob tete dwi delo déem na dɛ ba vo Ejipti to déem ye nɔɔna fuseredo-baredo (66) mo, nenɛɛne ba ná wo jeeli o bu-kaana bam ba woli da. 27Bu-baara balei bam Josɛf na wo Ejipti ne ye o lo to ná woli da, Jakob sɔŋɔ tiina balo na zaŋe ba vo Ejipti to maama ye nɔɔna fuserepɛ (70) mo.
28Jakob déem toŋe Judah mo se o lwoori yiga o vo Josɛf tei se ba wane ba jeeri daane Gosen laŋa kam ne. Ba na yi Gosen to, 29de Josɛf déem pɛ se o tontoŋena ti o sisei-toroko yiga ye o di ko baŋa ne o vo Gosen se o jeeri o kwo Jakob. Josɛf na yɔɔre o na o kwo to, mo o dole o vɔna o kukwori‑o ye o ka yi-na se ko dáane. 30Jakob déem ma ta Josɛf o we, “Amo tete yia laam nɛ nmo ye n ta ŋwe! Amo laam ná nɛ chwoŋa, a wó te.”
31Josɛf ma ta de o chorro tem dedaane o kwo sɔŋɔ tiina bam o we, “Amo wó vo a ŋɔɔne de Pa-faro wom a ta we ‘Amo chorro de a kwo sɔŋɔ tiina déem zoore Kanaan ne mo. Ba maama laam nam tu a tei mo ywo-seeni.’ 32A ta wó pa se o lɔre we á ye nayere-dwi mo, ye á nam jaane á peeni, de á bone, de á naane dedaane á woŋo maama mo á woli da á ba ywo. 33Pɛ wom wó bwoŋi abam se á zo o tei. O ná bwei abam we ‘Abam toŋe bɛ totoŋa mo?’, 34se á fɔge á leiri‑o we ‘Ko na zege debam biini ne to, dé maŋe dé tɔge vara mo. Debam kwoa de déem nam mo maŋe ba ye nayera.’ Konto wó pa se o pa abam pwola se á jeini Gosen laŋa kam ne.” Josɛf déem tage konto kolo ŋwaane Ejipti tiina chuli balo na yere pei to mo.",https://www.bible.com/bible/3661/GEN.46.KBG
PULIM 47,"1Josɛf ma vo o ta de Pa-faro wom o we, “Amo kwo de a chorro jaane ba peeni, de ba bone, de ba naane dedaane ba wonnu maama mo ba ba ywo. Leile konto, ba tu se ba jeini Gosen laŋa kam ne mo.” 2O ta ma kuri o chorro tem wone tenu o ja o zo Pa-faro wom tei se ba ware‑o.
3Pɛ wom ma bwei Josɛf chorro tem o we, “Abam toŋe bɛ totoŋa mo?” Ba ma leiri‑o ba we, “Dé ye nayera mo, nenɛɛne debam kwoa bam déem na toŋe totoŋe delo to.” 4Ba déem ta ma ta ded‑o ba we, “Dé tu ywo se dé taa zoore logo konto ne maŋa fenfee mo. Kokuri to, kana kam tiini ka chɛ Kanaan teo kom ne mo, ye dé vara bam daa ba nae gaaro se ba taa di. Konto mo dé to n pwoa ne se, n ná sɛ, se dé taa zoore Gosen laŋa kam ne.”
5Pa-faro wom ma ta de Josɛf o we, “Nmo kwo de n chorro tem tu nmo tei mo. 6Ejipti teo kom ni maama wo n jeŋa ne. Pa se ba jeini tega kam mɛ maama na lamma to. Pa-ba pwola se ba taa zoore Gosen ne. Nmo ma ná maane we ba wolo tiini o yei vara kɔnɔ lanyerane, se n kwei amo tete naane dem n ke kotu jeŋa ne se o taa nii-de o pa-ne.”
7Josɛf laam ma ja o kwo Jakob o zo se o ware Pɛ wom. Jakob déem ma sɔɔle Wɛ swolim o ke Pa-faro wom yuu ne. Konto na ti to, 8Pɛ wom ma bwei‑o o we, “Nmo jege bena yagera mo?” 9Jakob déem ma leiri Pɛ wom o we, “Amo bena a na mɛ a beeri logo baŋa ne to ye bi de fintɔ mo. Bena yam konto nam ba daga ye ya su de cham. Amo bena yam bá twɛ a kwoa déem na mɛ bena yalo ba beeri logo baŋa ne to.” 10Jakob daa ta ma sɔɔle Wɛ swolim o yage Pa-faro wom yuu ne ye o laam nwoŋi da o tei ne.
11Josɛf déem ke Pa-faro wom na bere‑o se o ke tei to mo. O ma pa o kwo de o chorro tem jeiŋa jei Ejipti ne se ba taa zoore da. Tega kalo o déem na pɛ-ba to laam jigi ba tete nyem mo ye ka lamma ka dwoi Ejipti tega kam maama. Jei sem konto déem bwola de Ramesesa teo kom na wo Gosen laŋa kam ne to mo. 12Josɛf déem mo ta jege o kwo, de o chorro tem, de ba kwaga kam maama ni-wodiu. Nɔn-kwe de bu-somwa maama déem di wonto jeŋa ne mo.
Josɛf de kana maŋa kam taane
13Wodiu déem tere logo kom maama jei jei ne. Kana kam déem chɛ Ejipti ne dedaane Kanaan ne ye nɔɔna bam maama déem wora ba kwaare ba jei de kana. 14Nɔɔna maama déem maa tui Josɛf tei ba yeigi mena. O de déem ma la sabu kom o ja o vo Pa-faro wom sɔŋɔ. 15Ejipti tiina bam de Kanaan tiina bam ma di ba sabia ba ti ye kana ta wora. Ejipti tiina maama ma vo Josɛf tei ba we, “Pa debam wodiu, se dé yé pu de kana ye n ta zege da! Dé sabu maama ti.”
16Josɛf déem ma ta-ba o we, “Nam ja-na á vara á ba á pa-ne. Abam sabu ná seene ko ti, amo wó yeigi wodiu a pa abam se á vara bam leiri sabu yuu ne.” 17Ba ma ja ba vara bam ba vo Josɛf tei, ye o de pa-ba wodiu o ma o leini ba sisei yuu ne, de ba pei de ba bone yuu ne. O déem ta pɛ-ba wodiu ba naane de ba bonɛ ŋwaane mo. Dento bene dem ne o déem mɛ wodiu kom o leini ba vara bam maama.
18Bene dedwoŋi daa ma yi. Ejipti tiina déem ma vo Josɛf tei ba we, “Debam tu, dé bá wane dé seigi chega kam nmo yiga ne. Debam sabu ti, dé vara maama maa wo nmo jeŋa ne. Kolo yerane laam na daare to mo ye dé kare sem dedaane dé tete yera yam. 19Nam kwaane n woli debam. Ko ná dae konto, dé wó jei mo dedaane dé tega kam maama. Yeigi debam dedaane dé kare sem se n pa debam wodiu. Debam wó ji Pa-faro wom kabɛ ye o ta wó taa tei dé tega kam de, nenɛɛne n ná pɛ debam wodiu se dé jwoŋi dé tete, de wo-dwa se dé tega kam de bá taa tigi kafɛ.”
20Josɛf déem ma yeigi Ejipti tega kam maama pa se ka ji Pa-faro wom nyem. Kana kam na tiini ka chɛ to, Ejipti tiina bam maama déem maa jege ba kare ba yeigi konto. Pa-faro wom ma ba o taa tei tega kam maama. 21Josɛf déem ma pa se nɔɔna bam ji kabɛ mo, ko zege Ejipti daa dedoa ne se ko yi kakam daa ne. 22Ko nam ná ye Ejipti kaanem tiina bam, o déem wo yeigi banto tega, kolo ŋwaane Pa-faro wom déem mo pɔɔre o wodiiru o pae banto se ko yi ba ni. Konto ŋwaane ba déem ba jege se ba kwei ba tega ba yeigi ba pa Josɛf.
23Josɛf ma ta de nɔɔna bam o we, “Á wo nɛ na? Abam dedaane á tega kam maama laam jigi Pa-faro wom nyem mo. Nam jwoŋi-na wo-dwa á vo á du á kare sem ne. 24Wodiu zagem maŋa ne, se á pɔɔre wodiiru tem kuni benu. Á wó kwei popɔra dedoa á ba á pa Pɛ mo, ye á daare popɔra yana á jege á ma á ke á wo-dwa dedaane á ni-wodiu se ko pa abam de á diga tiina.” 25Nɔɔna bam déem ma leiri ba we, “Dé tu, nmo jwoŋi debam mo n yage. Nmo na tiini n ke debam lanyerane konto to, dé wó taa ye Pɛ wom kabɛ.”
26Josɛf déem ma lɛɛre o pa ni se de taa toŋe Ejipti tega maama baŋa ne. De nam wora mo de zem tento. Ko zege mo we wodiiru zagem maŋa ne, se nɔɔna maama pɔɔre-te kuni benu. Popɔra dedoa maa wó taa ye Pa-faro wom nyem. Kaanem tiina bam tega yerane mo déem tɔge ka dae Pɛ wom nyem.
Jakob twɛ se o te
27Isarele tiina bam ma lɛɛre ba zoore Ejipti ne. Ba déem wo Gosen laŋa kam ne mo. Dáane mo ba déem tiini ba duni ye ba dwi ta puli dedɛ.
28Jakob déem jeini Ejipti ne bena fuga-yarepɛ (17) mo. O ŋwea déem jaane bena bi dedaane finna-yarepɛ (147) mo. 29O déem tu o maane we ko daa bá dáane se o te. O ma bwoŋi o bu Josɛf o ta‑o we, “Nenɛɛne nmo yi ná su de amo, se n kwei n jeŋa n ke amo chwei kuri ne se n du duuri. Pwooli n pa-ne we nmo wó duri amo ŋwaŋa se n bere n chega de amo. Sɛ we, a ná tega, n bá‑n ke-ne Ejipti ne. 30Amo ná maa vei a kwoa tei, a lage se á ja-ne mo á nwoŋi Ejipti ne. Á laam maa wó ja-ne á vo á suli mɛ ba déem na suli amo kwoa bam to.” Josɛf ma leiri o we, “Amo wó ke nmo na we a ke tei to.”
31Jakob ma ta‑o se o fɔge o du duuri se o ke konto. Josɛf ma seene o du duuri dem o pa‑o. Jakob ma guni o peini o peiga jei ne ye o ke Wɛ lei.",https://www.bible.com/bible/3661/GEN.47.KBG
PULIM 48,"1Ko déem daa wo dáane ye ba ta de Josɛf ba we, “N kwo weele mo.” Josɛf ma ja o bu-baara Manasɛ de Efrayim, o woli da o vo se o daane o kwo jaweo kom. 2Ba na yi da to, mo nɔɔno tage de Jakob o we, “N bu Josɛf tu se o daane n peiga.” Jakob déem ma ke o tete o ke daane o zaŋe o peiga jei ne o jeini. 3O ma ta de Josɛf o we:
“Amo na wo Kanaan teo Luzi ne to, Dam-fɔrɔ Tu Wɛ wom déem veere o tete de amo. O déem ma swɛ amo swolim dáane. 4Wɛ ma daare o ta de amo o we, ‘Amo wó pa se n dwi puli se n na kɔgɔ dedɛ, ye nmo bia ji teene dedɛ. Amo ta wó daare a kwei tega kanto a pa‑m se n de n dwi dem taa tei-ka taa wuu.’
5Tɔ, amo bu, amo nam lage se n ta‑n yei we, n bia balei bam n na loge Ejipti ne ye a déem ta wo tu ywo to wó ji amo bia mo. Efrayim de Manasɛ laam ye amo bia mo, nenɛɛne Ruben de Simeon na maŋe ba ye amo bia tei to. 6Nmo daa‑n ná loge bia badwonna, se ba laam taa ye n tete bia. Ko nam ye Efrayim de Manasɛ yera baŋa ne mo ba de wó jwoŋi ba tega kam popɔra. 7Amo déem na zege Mesopotamia ne a maa jwoori to, a wo déem tiini ko chɔge de n nu Racheli na tege Kanaan teo kom ne to ŋwaane mo. Dé na wo chwoŋa ne dé vei to, o tega ye ba suli‑o chwoŋa kam yuu ne mo, ko bwola de Eferata.” (Eferata ye Bɛtelehem mo).
8Jakob déem ma na Josɛf bu-baara balei bam ye o bwei o we, “Banto ye bera mo?” 9Josɛf ma leiri o kwo we, “Ba ye bia balo Wɛ na pɛ amo ywo to mo.” Jakob ma ta o we, “Pa se ba yi a yera se a sɔɔle Wɛ swolim a ke ba yuu ne.” 10Jakob déem nam tiini o kwe mo, ye o yia déem wora ya dwia. Josɛf ma ja o bia bam o yi o yera. O kwo déem ma kukwori-ba lanyerane. 11Jakob ma ta de Josɛf o we, “Amo déem daa maŋe a ba teene se a na nmo tete yibia. Nam nii! Wɛ laam pɛ se a na n bia bam de a woli da.”
12Josɛf déem ma pa se o bia bam fɔɔre dáa o kwo nɛ baŋa ne. O tete ma tiiri o kwo yiga ne ye o chɔɔle o yibia tega ne. 13Josɛf ma pa se o bia bam zege Jakob sɛ sem ne. Efrayim wo Jakob jagwia ne ye Manasɛ maa wo o jazem ne. 14Jakob déem ma gare o jazem dem o daŋe Efrayim yuu ne, ye wonto mo ye nyaane wom. O ma daare o kwei o jagwia kam o daŋe Manasɛ yuu ne. Wonto nam mo ye bu-kwea kam. 15O ma daare o kwei Wɛ zaane o ma swɛ Josɛf swolim ye o we:
“Wɛ wó ke zaane o ke bia banto yuu ne.
O ye Wɛ wolo amo kwoa Abaraham de Izaak déem na sɛ ba pa‑o to mo.
Wɛ wom konto mo nii amo baŋa ne ne nayero tei
a ŋwea maama wone se ko yi zem.
16Amo cham dwi maama wone,
o maleka kam mo yeini o le-ne de wone.
Wɛ wom konto wó swɛ bakeiri sem swolim.
Wɛ wó pa se nɔɔna taa tɔge bia banto baŋa ne ba guli amo yere,
ko woli de amo kwoa Abaraham de Izaak yera yam.
Wɛ wó pa se ba dwi puli dedɛ logo baŋa ne.”
17Josɛf na nɛ we o kwo jazem dem daŋe Efrayim yuu ne to, mo ko tiini ko daane‑o. O déem ma kwaane se o dɔne o kwo jazem dem Efrayim yuu ne, se o ja o vo o daŋe Manasɛ yuu ne. 18Josɛf ma ta de o kwo we, “A kwo, wonto mo ye bu-kwea kam. Nam kwei n jazem n daŋe wonto yuu ne.” 19O kwo wom ma ve ye o we, “Amo bu, a yei ko ni ne. Wonto dé wó seene o ji nɔn-kɔgɔ. O nyaane wom nam wó taa daga o dwoi‑o, ye o dwi dem mo wó ji teene dedɛ.”
20Dento dɛ dem ne Jakob ma sɔɔle Wɛ swolim o ke ba yuu ne ye o we, “Isarele tiina ná yeini ba kwei Wɛ zaane ba ma swɛ wolo maama swolim, ba wó taa tɔge á yera yam ŋwaane ye ba we, ‘Wɛ wó pa se n ta‑n ye nenɛɛne Efrayim dedaane Manasɛ na ye tei to.’ ” Ko ke konto mo ye o pa se Efrayim kɛ Manasɛ yiga.
21Jakob déem ma ta de Josɛf o we, “Ko laam yi amo toone. Wɛ nam wó taa wora abam tei ne se o ja abam o jwoori á nabaara tega kam se á ta‑á jei da. 22Ko nam ná ye nmo tete, n dwoi n chorro tem maama. A kwei peero laŋa kalo a na mɛ a se-zɔɔ dedaane a taŋa a vere-ka Amori tiina bam tei ne to mo a pa‑m.”",https://www.bible.com/bible/3661/GEN.48.KBG
PULIM 49,"Jakob swɛ o bia bam swolim
1Jakob déem ma bwoŋi o bu-baara bam ye o ta-ba o we, “La-na daane amo yiga ne se a maŋe a bere abam kolo jwa na wó ke á yera ne to.
2Jakob bia bam, nam jeeri-na, se á cheigi.
Cheigi-na á kwo Isarele taane dem.
3Ruben, nmo mo ye amo bu-kwea.
N maa n ye a nɔn-doŋo jana bu, ye n bere amo dam.
Nmo dam de n zula tiini ya gaale nɔɔna maama.
4Nmo nam nye nenɛɛne na na chuuri tei to mo,
n ba zege jeiga dedoa.
Konto to, nmo bá‑n kɛ yiga.
Nmo zo n kwo sara wone n chɔge-ka,
n na peini de amo kaane wodwoŋi to ŋwaane.
5Simeon de Levi ye chorro mo.
Ba se-zɔɔro tem jaane vuvuga mo te tui.
6Amo ba lage ba jeiŋa jei kɔtaa!
Dé bá jeeri daane se dé bane bana,
kokuri to, ba tɔge ban-zɔŋɔ baŋa ne ba go nɔɔna
ba daare ba pa se nabɛ gwarege yɔɔ yɔɔ.
7Amo sɔɔle lwarem a yage ba ban-lom dem baŋa ne,
ba na tiini ba ke lɛɛro to ŋwaane.
Ba tiini ba jege puseŋa dedɛ.
A lage a jage ba dwi dem a yage tega kam maama baŋa ne mo,
se ba gwaane de Isarele dwi tiina bam maama.
8Judah, nmo chorro tem wó tei‑m.
N jeŋa wó taa wo n dona bakala ne se n wane-ba.
Nmo kwo bia wó ba ba chɔɔle tega ne ba zuli‑m.
9Amo bu Judah, n nye de nywoŋ-pɔla mo,
N nye de nywoŋ-kana na zi ka wodiu
ye ka laam vwɛ ka jwoori ka vo
ka tigi chemm ka tiga jei ne to mo.
Nɔɔn-nɔɔno ba lage se o daane‑m.
10Judah wó taa zei paare nacheiga kam mo.
O dwi dem nam wó taa di paare mo taa wuu.
Dwi-gɛ tiina wó ja wonnu ba ba ba pa‑o
ye ba chɔɔle ba yibia tega ne ba zuli‑o.
11Wonto yeini o jaane o bonaga o vei o lei tio yera ne,
de ko tio-bia na maŋe ba lamma tei to de.
O kwei tio-bia nyoa mo o ma zare o gwaaro tem.
12O yia laam wó taa seena lanyerane,
nenɛɛne sa-sona balo o na nyɔa to.
O yeila maa wó taa tiini ya peera
ne nayela tei.
13Zebulun wó taa zoore naneo ni ne mo,
nabwooru wó taa tui te zege jei sem konto ne.
O laŋa kam de wó yale ka vo ka yi Sidon jei sem.
14Isakara nye de bonaga mo na tiini ka damma
ye ka tigi ka zela ywollu telei tetare ne ka sii to mo.
15Wonto nɛ we o zoorem jei sem lamma,
dedaane o tega kam maama.
Konto ŋwaane o laam ma sɛ se o zeŋe zela yam
ye o daare o sɛ totoŋ-chɛɛra ne kabaa tei.
16Dan mo wó taa tei o nɔɔna de chega.
O dwi dem wó jeini Isarele tiina bam wone.
17Dan nam wó taa nye de basankwea mo,
ka na tigi chwoŋa ni ne to.
Ka maa wó zaŋe ka done siseiŋa nakila
se ka pa diru wom yale o to o kwaga tetare ne.
18 Baŋa Wɛ, amo cheigi nmo mo se n jwoŋi-ne n yage!
19Ko ná ye Gad, venverena mo wó kwaane se ba vere‑o.
Wonto nam wó pipiri o zeili-ba pa se ba viiri.
20Asere tega kam wó taa ke wodi-laaro dedɛ.
O wó taa jege wodiu kolo na maŋe de pɛ dim to.
21Nafitali nye de feira kalo ba na yage se ka taa vei zɛɛra to mo.
Ka maa lore bu-laaro.
22Josɛf nye de tio kolo na leiri bia dedɛ to mo.
Ko maa zega ko bwola de buga,
ye ko nɛ sem yɔɔre se dɔɔle se ma diini kabira baŋa.
23O dona bam ma ta ba chena de yi-seena
se ba chiŋi‑o ba ja.
24O tete taŋa kam nam yɔɔre ka zege mo chekke.
O je sem maa dana se o taa tae o chena.
Baŋa Wɛ wom na ye Jakob dwi tiina Dam maama Tu wom to
mo wó pa Josɛf dam.
Wonto nii o nɔɔna baŋa ne, ne nayero tei mo.
O maa ye Isarele tiina dalem jei, ne peo mo tei.
25Nmo kwo Wɛ wom, wonto mo wó woli‑m.
Dam-fɔrɔ Tu Wɛ wom mo wó swɛ nmo swolim.
Wonto wó pa se doa nwoŋi wɛyuu ka taa nena.
Na de wó buri tega kuri ne.
Wɛ wó pa se n na dwi dedɛ,
ye n vara de taa daga.
26Nmo kwo na sɔɔle Wɛ swolim o yage n yuu ne tei to
dwoi wo-laaro telo na wo faŋa faŋa peero tem ne to.
Wɛ wó pa se nmo Josɛf na wodiiru de wo-laaro ko ja gaale.
O wó ke zaane o ke nmo yuu ne,
nmo wolo na ye pa-bu nmo chorro tem maama yiga ne to.
27Benjamin nye de wiiru na jaane vara ko tore to mo.
Zezeŋa maama o yeini o di o na jaane kolo to mo.
Se dedaan-ni ná yia,
o daa pɔɔre kolo maama na daare to.”
28Isarele dwia fuga-yalei yam mo konto, dedaane ba kwo déem na tage tei o ma sɔɔle Wɛ swolim o ke ba yuu ne to. O kwei Wɛ zaane o ma swɛ ba swolim se ko maŋe de ba dedoa dedoa na ye tei to mo.
Jakob toone
29Jakob déem laam ma pa o bia bam kwora kanto ye o we, “Ko laam gɛ fee se amo de te se a vo a nabaara bam tei. Amo ná tega, kwei-na amo á ke peo-bɔɔne delo ne ba déem na ke amo kwoa bam da to. Tega kam déem ya ye Hiti tu Eforon nyem mo. 30Peo-bɔɔne dem konto wo Machapela pwola kam ne mo, ye de bwola de Kanaan teo Mamere. Abaraham déem yeigi-de Eforon tei ne mo, se o taa ke o nɔɔna de wone. 31Dáane mo ba déem suli Abaraham de o kaane Sarah. Ba ma daare ba suli Izaak de o kaane Rebeka de wone. Amo de déem suli a kaane Leah da. 32Abaraham déem nam yeigi bɔɔne dem dedaane pwola kam maama mo Hiti tiina bam tei ne.”
33Jakob déem ma bere o bia bam ba na wó ke tei maama to o ti. O laam ma guni o peini o peiga jei ne, ye o te.",https://www.bible.com/bible/3661/GEN.49.KBG
PULIM 50,"1Josɛf déem na maane we o kwo tege to, o ma pare o to o baŋa ne, o maa jege‑o o kukwora ye o keeri lanyerane. 2Josɛf déem ta pɛ ni mo se o tontoŋena kwei terale nuga ba ma turi o kwo yera yam ba kwɛ ba tiŋi se ba laam di o lua. Ba ma seene ba kwɛ‑o ba tiŋi. 3Ba déem mɛ da finna mo ba kwɛ‑o, ne ko na yeini ko ke tei to. Ejipti tiina bam déem ma keeri‑o da fuserepɛ.
4Ba keira maŋa kam na ti to, mo Josɛf déem tage Pa-faro wom nakwa bam o we, “Nenɛɛne abam yi ná su de amo, se á kwei-na kwora kanto á vo á ta de Pa-faro wom we, 5‘A kwo na lage o te to, o pɛ se a du duuri a pa‑o we, a jege se a ke‑o yibeeli delo o na kwɛ o tiŋi o tete ŋwaane Kanaan teo kom ne to mo. Konto to, pa-ne pwola se a vo dáane a suli a kwo wom se a laam jwoori.’ ” 6Pa-faro wom na nigi to, o maa we, “Véi n suli n kwo wom, se ko tɔge o na pɛ se n du we n wó ke tei to.”
7Josɛf déem ma ja o kwo wom o vo se o suli. Pa-faro wom nakwa bam maama déem tɔge‑o mo ba vo. Dedɛɛra balo maama na wo Pɛ sɔŋɔ ne to dedaane Ejipti teo kom dedɛɛra bam maama de déem wora. 8Josɛf diga tiina de o chorro tem dedaane o kwo sɔŋɔ tiina maama déem dɛ‑o mo ba vo se ba suli o kwo wom. Balo yerane na daare Gosen ne to maa ye bu-balɛ sem, dedaane peeni, de bone, ko woli de naane mo. 9Jar-keira de ma tɔge ba vo, ba badwonna jei sisei-torokooro wone ye badwonna de dɔge sisei baŋa ne ba maa via. Ko déem tiini ko ye kɔ-fɔrɔ mo.
10Ba ma vo ba bɛ Jɔdan buga kam ye ba daare ba yi jeiga kalo Atade na fere o mena da to. Ba ma zege da ba mɔ nagoro wɛɛne. Josɛf ma maŋe da da yarepɛ o keeri o kwo wom ye o di lua kam. 11Kanaan tiina balo na zoore jei sem konto ne to na nɛ ba keira kam Atade jeiga kam ne to, ba maa we, “Ejipti tiina banto na jeeri ywo to wo mo tiini ko chɔge ye ba keeri dedɛ.” Ba déem maa jege jeiga kam ba bwoi we ‘Abel-Mizarim’. Jeiga kam konto maa ye Jɔdan buga kam bubɛ dedem dem seeni.
12Jakob bia bam déem ma ke ba kwo na pɛ-ba ni se ba ke tei to. 13Ba déem zeŋe o yera mo ba vo ba suli Kanaan ne. Ko nam ye peo-bɔɔne dem na wo Machapela pwola kam ne to mo ba déem suli‑o. De bwola de Mamere mo, ye Abaraham yeigi-de Hiti tu Eforon tei ne se o taa ke o nɔɔna de wone. 14Ba déem na ke o kwo wom ba ti to, Josɛf laam ma jwoori Ejipti, wonto de o chorro tem, ko woli de balo maama na dɛ ba vo Jakob lua kam to.
Josɛf jwoori o pa o chorro tem na baare
15Josɛf chorro tem na maane we ba kwo daa tera to, ba ma ke ni daane ba we, “Dé déem na tiini dé ke lwarem dé pa Josɛf to, dɛ delo o bane ta wo debam baŋa ne, ye o boŋe se o jwoori o ŋwe jene dé yera ne.” 16Ba déem ma toŋe kwora ba pa Josɛf ba we, “Nmo kwo daama yage ni dento mo ye o laam daare o te, 17ye o we dé ta taane dento de nmo we ‘A lwoori‑m se n kwei n chorro tem wɛleere de ba na ke wo-lɔŋɔ kolo ba pa se ko yi‑m to n yage n ma n chɛ-ba.’ Debam ye n kwo wom Wɛ tontoŋena mo. Dé lwoori‑m se n kwei lwarem delo dé na ke‑m to n yage n ma n chɛ debam.” Ba kwora kam na to Josɛf zwɛ ne to, o ma ka yi-na.
18O chorro tem de laam ma vo o tei. Ba ma tiiri tega ne o yiga ne ye ba we, “Debam laam ye nmo kabɛ mo.” 19Josɛf déem ma ta-ba o we, “Yé ta‑á kɔre-na foone. Amo bá wane a leiri Wɛ yuu ne. 20Abam déem ya boŋe se á ke amo mo lwarem. Wɛ ma pipiri á boboŋe dem pa se de ke lam. Kolo na seene ko ke to ya ná wo ke, nɔɔna dedɛ ŋwea zem ya jei mo. 21Konto ŋwaane, yé ta‑á kɔre-na foone. Amo wó taa nii abam de á bia baŋa ne se á na wodiu á di.” O déem ta ŋɔɔne wo-laaro de o chorro tem mo pa se ba jwoori ba na baare.
Josɛf toone
22Josɛf de o kwo sɔŋɔ tiina bam ma lɛɛre ba maŋe Ejipti ne. O bena maama déem maa ye bena bi de fuga (110). 23O déem nɛ Efrayim bia se ko yi dwia yatɔ laŋa ne. Manasɛ bu Makira de bia déem ta jeini Josɛf nɛ baŋa ne ba lora maŋa ne.
24Josɛf déem ma ta de o chorro tem o we, “Ko laam yi amo toone. Wɛ nam mo wó zeini abam. O wó ja abam o ja nwoŋi logo konto ne, ye o daare o ja abam o jwoori á nabaara tega kam se á ta‑á jei da. Tega kam konto o ya seene o yia o du duuri mo se o kwei-ka o pa Abaraham, de Izaak, de Jakob.” 25Josɛf déem ma pa se Jakob bia bam du duuri ba pa‑o ye o we, “Wɛ wó seene o ba o woli abam se á yage ywo. Abam nam ná maa viira, se á kwei amo kwi sem á woli da á ja kɛ.”
26Josɛf déem jege bena bi de fuga (110) mo ye o te. Ba ma kwei terale nuga ba ma turi o yera yam ba kwɛ ba tiŋi. Ba na ke konto ba ti to, ba déem kwei‑o ba ke dakaa ne mo ba zege Ejipti teo kom ne.",https://www.bible.com/bible/3661/GEN.50.KBG
NWOŊIM 1,"1Jakob bu-baara balo na tɔge ded‑o ba vo ba zoore Ejipti ne to yera mo tento. Nɔɔno maama de o diga tiina déem mo dɛ ba vo.
2Ruben, de Simeon, de Levi, de Judah.
3Isakara, de Zebulun, de Benjamin.
4Dan, de Nafitali; Gad, de Asere.
5O bu Josɛf déem maŋe o wo Ejipti ne mo. Jakob dwi dem maama déem ye fuserepɛ mo. 6Josɛf de o chorro tem maama dedaane banto yuudwoŋo kom maama ma ba ba te. 7Isarele dwi tiina bam déem nam ta puli mo dedɛ ye ba kɔgɔ daga ko gaale. Ba ma tiini ba ke dam ye teo kom maama su de ba dwi dem yerane.
8Pa-dooro de déem ma jwoŋi Ejipti o tei. Wonto maa yeiri Josɛf ni ne. 9Pɛ wom ma ta de o nɔɔna bam o we, “Nii-na Isarele tiina banto na puli dedɛ tei ye ba jege dam ba dwoi debam. 10Pa-na se dé ke swa dé che ba pulim dem, se ko ná dae konto, jara ná to debam dedaane teo kodwoŋi tetare ne, ba wó woli debam dona bam wone ba ke jara dedaane debam ye ba laam duri ba lu debam teo kom ne.”
11Konto ŋwaane Ejipti tiina ma kuri totoŋa yuu tiina se ba taa bɛɛse-ba de totoŋ-dɛɛra. Ba ma pa se Isarele tiina bam lɔ Pitom teo dedaane Ramesesa teo se Ejipti Pɛ wom taa zege o wodiiru da. 12Ba nam na yeini ba tiini ba bɛɛse-ba tei to mo Isarele tiina bam laam fɔge ba pula dedɛ ye ba jage jei maama. Ko ma pa se Ejipti tiina bam tiini ba kɔre foone de Isarele tiina bam. 13Ejipti tiina bam ma pa ko chɛ Isarele tiina bam yera ye ba tiini ba bɛɛse-ba de totoŋa. 14Ba ma pa se ba ŋwea ke cham dedaane bira magem de teero totoŋ-dɛɛra. Ba déem ta fe-ba se ba taa toŋa ba kare de ba kadwi ne. Konto to Ejipti tiina bam déem bɛɛse Isarele tiina bam ye ba ba jege ba ŋwaŋa.
15Kaana balei déem maa wora balo na yeini ba zeini Hiburu kapwi se ba lo bia to. Ba dedoa yere mo Sifira. Wodwoŋi wom de yere maa ye Pua. Ejipti Pɛ wom ma ta de-ba o we, 16“Á ná yeini á woli Hiburu kaana bam se ba lo, ye ba ná loga, se á fɔge á nii. Bu wom ná ye bakeira, se á go‑o. O daa ná ye busankana, se á yage‑o.” 17Kaana balei bam maa kɔre Wɛ, ye ba wo sɛ Ejipti Pɛ wom ni. Ba maa pae se bakeiri sem wora.
18Pɛ wom ma bwoŋi kaana bam ye o bwei-ba o we, “Bɛŋwaane mo á ke konto ye á pae se bakeiri sem ta ŋwe?” 19Ba ma leiri ba we, “Pɛ. Hiburu kaana bam dae nenɛɛne Ejipti kaana bam tei. Banto wara mo. Ba ma yeini ba gare ba lo ba ti mo ye debam laam yi ba tei.” 20Konto ŋwaane Wɛ ma ke kaana balei bam lanyerane. Isarele tiina bam déem puli mo ye ba kɔgɔ tiini ko gaale. 21Kaana balei bam na kɔre Wɛ to ŋwaane, o ma pa ba de lo bia.
22Pa-faro wom laam ma pa o nɔɔna bam maama ni dento we, “Hiburu tiina ná loge bakeira maama, á jege se á dole‑o mo á de Naili buga kam ne. Ko daare ko ná ye busankana, se á yage‑o se o ta ŋwe.”",https://www.bible.com/bible/3661/EXO.1.KBG
NWOŊIM 2,"Moses lora taane
1Levi dwi tu dedoa déem ma di o tete dwi tiina bukɔ wodwoŋi o ma ke o kaane. 2Kaane wom ma ja puga o lo bakeira. O ma na we bu wom lamma. O ma da ko ŋwaane o seigi‑o chane setɔ. 3O laam ma maane we o daa bá wane o seigi‑o. O ma kwei tetɔgɔ ba na mɛ sangɛ ba sɔ-ko to, ye o daare o kwei kɔtaale o ma turi-ko se na yé wane ba zo. O déem ma kwei bu wom o ke ko wone ye o daare o ja‑o o vo Naili buga kam ni o seigi‑o nanchan-gullu wone. 4Bu wom nakɔ déem maa zege da ye o tole o nii kolo na wó ke‑o to.
5Ko na ke fee to, Ejipti Pɛ bukɔ déem ma tu buga kam se o swɛ o yera. O ka-nyaana maa vei ba kaare buga kam ni dem ne. O laam ma tole o na tetɔgɔ kom nanchan-gullu tem wone ye o toŋe o kaba-kana se o vo o ja-ko o ja ba. 6O ma puri ko ni ye o na bu-seseŋa na tigi da ye o keera. Bu wom ŋwaŋa ma zo‑o. O ma ta o we, “Hiburu tiina bu-balwa bam dedoa mo tento.”
7Bu wom nakɔ wom ma vo Pɛ bukɔ wom tei o bwei‑o o we, “A véi a beeri Hiburu tiina kaana bam wone a pa‑m se ba dedoa taa pae bu wom ŋɔge yele na?” 8O ma sɛ ye o we, o véi! Busankana kam ma vo o bwoŋi bu wom nu se o ba. 9Pɛ bukɔ wom ma ta ded‑o o we, “Ja bu wonto n vo sɔŋɔ n ta‑n nii o baŋa ne n pa-ne. Amo wó ŋwe‑m ko ŋwaane.” Kaane wom ma seene o ja bu wom o vo sɔŋɔ, o maa jege‑o o kɔna.
10Bu wom déem na bege fee to, o nu wom ma ja‑o o vo o pa Pɛ bukɔ wom se o kwei‑o o ma ji o tete bu. O déem ma pa bu wom yere we ‘Moses’, ye o we ‘A na liiri‑o na wone to ŋwaane.’
Moses duri o vo Midian
11Moses déem na bege baaro o ti to dɛ dedwe o ma zaŋe o nwoŋi o vo o tete Hiburu tiina bam na zoore mɛ to. O ma nii o na ba yera na chɛ de totoŋ-dɛɛra tei to. O ta ma na Ejipti tu wodwoŋi na jege Hiburu tu dedoa o maga. 12O ma dole o yi o nii jei maama ye o wo nɛ nɔɔn-nɔɔno. O ma mage Ejipti tu wom o go, ye o daare o kwei‑o o seigi kasolo wone.
13Tega na poore to, o daa ma nwoŋi ye o na Hiburu tiina balei na jege daane. O ma bwei wolo na tusi to o we, “Bɛ mo ye nmo jege n dwoŋi Hiburu tu n maga?” 14Nɔɔno wom ma leiri‑o o we, “Wɔ mo pɛ nmo ni se n ta‑n ye dedɛɛro debam baŋa ne, se n bore debam bora? Nmo wó go amo n woli Ejipti tu wom n na go to wone mo na?” Moses na nigi konto to, foone ma zo‑o ye o boŋe o tete ne we, “Chega ŋwaane to, a na ke tei to lɔre jaja mo.”
15Ejipti Pɛ wom déem ma ni kolo na ke to. O ma kwaane se o go Moses. Moses ma duri o lu Pɛ wom jeŋa ne ye o vo o zoore Midian teo ne.
O déem ma vo o jei vole dedwoŋi teiŋa ne. 16O na wora to, Midian tiina kaanem tu wodwoŋi bukwa barepɛ ma ba se ba mɔ na ba lwo gwoŋo kolo vara bam na nyɔ na da to wone ba ma nye ba kwo pei de bone. 17Nayera badwonna déem ma ba ba zeili bukwa bam. Moses ma zaŋe o jwoŋi-ba o yage, ye o daare o nye ba vara bam. 18Ko na ke konto to, busankane sem ma jwoori ba vo ba kwo tei, o yere mo Jetero. O déem ma bwei-ba o we, “Abam zem ke tɛ mo á jwoori konto lela?” 19Ba ma leiri ba we, “Ejipti tu wodwoŋi mo jwoŋi debam o yage nayera bam jeŋa ne. Wonto mo lɛɛre o mɔ na o ma nye vara bam o pa debam.” 20O ma bwei o bukwa bam we, “Nɔɔno wom nam wo yeim mo? Abam yage‑o da se bɛ mo? Bwoŋi-o-na se o ba o di wodiu.”
21Moses déem ma sɛ se o taa zoore nɔɔno wom tei ne. Ko na ke fee to, Jetero ma kwei o bukɔ Zipora o pa Moses se o di o ma ke kaane. 22Zipora ma lo bakeira ye Moses pa o yere we ‘Geresom’. Kokuri to, o déem boŋe o tete ne mo we, “Amo ye veiru mo sa-teo ne.”
23Ko na wora ko wora to, Ejipti Pɛ wom déem ma te. Isarele tiina bam maa ŋwaana ba kabɛɛne ŋwaane. Ba déem tiini ba keeri mo ba lwoori wolim. Ba keira kam ma to Wɛ zwa ne, 24ye o sɛ ba ŋwana yam. O ma guli ni delo o déem na gwoni o pa Abaraham, de Izaak, de Jakob to gula. 25Wɛ ma nii o na Isarele tiina bam na yaare tei to ye o ke o yiga ba wone.",https://www.bible.com/bible/3661/EXO.2.KBG
NWOŊIM 3,"1Moses déem lɛɛre o jege o tembaaro Jetero bone dem de o pei sem o nii te baŋa ne mo. Jetero déem maa ye Midian tiina kaanem tu. Dɛ dedwe, Moses ma ja vara bam o kɛ kagoa kam kwaga ne, o vo o yi Sinayi peo. Peo kom konto mo ye Wɛ tete jeiga kam. 2Moses na wora to mo Baŋa Wɛ maleka kam veere ka tete ded‑o ne min-vogo tei to. Moses ma na we mini dem jaane sabara kadwoŋi ye de laam ba di sabara kam de zwɛa. 3Moses ma ta o tete ne we, “Amo wó fɔɔre mo a yi a nii wo-kenkagele dento, se a lɔre bɛ mo ke ye sabara kam ba zwɛa to.”
4 Baŋa Wɛ ma maane we o fɔɔre o yi se o nii. Wɛ ma zege sabara kam wone o bwoŋi‑o o we, “Moses! Moses!” Moses ma leiri we, “Nii-ne da.” 5Wɛ ma ta o we, “Yé tiini n twɛ ywo. Le n natera yam, se mɛ n na zege to ye amo tete nyem mo.” 6O daa ta ma ta o we, “Amo ye nmo kwo Wɛ wom mo. A maa kwori a ye nmo nabaara Wɛ wom: Abaraham Wɛ wom, de Izaak Wɛ wom, dedaane Jakob Wɛ wom mo.” Moses déem na nigi konto to mo o seigi o yibia. O déem kɔre se o nii o na Wɛ.
7 Baŋa Wɛ ma ta o we, “Chega to, amo maane cham delo na yi a nɔɔna bam Ejipti ne to. Ba totoŋa yiga tiina bam na tiini ba bɛɛse-ba pa se ba keeri tei maama to zo amo zwa. A yiga nam wo ba yaara yam wone. 8Konto ŋwaane, amo laam tu ba tei se a jwoŋi-ba mo a yage Ejipti tiina bam jeŋa ne. Amo ta wó pa se ba zaŋe ba nwoŋi ba vo ba jeini tega kalo na lamma ye ka daga to baŋa ne. Tega kam konto ywomma de varem de kɔnɔ. Ko nam ye tega kalo Kanaan tiina bam, de Hiti tiina bam, de Amori tiina bam, de Pɛrizi tiina bam, de Hivi tiina bam, dedaane Jebusi tiina bam maama na zoore to mo. 9Isarele tiina bam keira kam yi-ne, ye a ta kwori a na Ejipti tiina bam na jege-ba ba bɛɛse tei maama to. 10Konto ŋwaane, a laam nam lage a toŋe nmo mo se n vo Ejipti Pɛ wom tei n ja amo nɔɔna Isarele tiina bam n nwoŋi Ejipti teo kom ne.”
11Moses ma ta de Wɛ o we, “Amo ye wɔ mo? A muri se a vo Pa-faro wom tei a ja Isarele tiina bam a nwoŋi Ejipti ne.” 12Wɛ daa ta ma ta o we, “Amo wó taa wora nmo tei ne. Memaŋe dento mo wó bere we amo mo seene a toŋe‑m: Nmo ná jaane a nɔɔna bam n nwoŋi Ejipti ne, abam laam wó ba peo konto yuu ne mo á zuli-ne.”
13Moses ma leiri o we, “Amo nam ná vei Isarele tiina bam tei ye a ta-ba we ‘Abam nabaara Wɛ wom mo toŋe-ne á tei ne,’ ba wó wane ba bwei amo we ‘Wɛ wom konto yere mo bɛ?’ Tetɛ mo amo wó leiri-ba?”
14Wɛ ma ta de Moses o we, “Amo mo ye a na maŋe a ye wolo to. Ta dedaane Isarele tiina bam we, Amo-maŋe-a-wora-taa-wuu mo toŋe‑m ba tei ne.” 15Wɛ ma daare o ta de Moses o we:
“Ta de Isarele tiina bam we, ‘Taa wuu Tu Baŋa Wɛ na ye á nabaara Wɛ wom to, Abaraham Wɛ wom, de Izaak Wɛ wom, de Jakob Wɛ wom mo toŋe-ne á tei ne.’ Amo yere dem mo konto se ko taa vei wuu. Ko ná zege dwi dedwe ne se ko vo ko yi dwi dedwoŋi ne, yere dem konto mo ba wó taa mae ba guli a gula. 16Nam véi n la Isarele nakwa bam n ke daane se n ta-ba we, ‘Baŋa Wɛ wom na ye abam nabaara Wɛ wom to, Abaraham Wɛ wom, de Izaak Wɛ wom, de Jakob Wɛ wom mo tu amo tei. O nam tage o we: Amo seene a nii á baŋa ne mo, ye a na kolo maama na yi abam Ejipti ne to. 17Amo nam maŋe a pwooli we a lage a ja abam a nwoŋi á yaara yam wone á na nɛ Ejipti ne to. Amo ta wó pa se á zaŋe á vo tega kalo Kanaan tiina bam na zoore da to, de Hiti tiina bam, de Amori tiina bam, de Pɛrizi tiina bam, de Hivi tiina bam, dedaane Jebusi tiina bam. Tega kam konto ywomma mo de varem de kɔnɔ.’
18Nmo ná tage konto dwoŋi, Isarele nakwa bam wó sɛ n taane dem. Nmo laam jege se n ja-ba se á vo Ejipti pɛ wom tei, ye á ta ded‑o we, ‘Baŋa Wɛ wom na ye Hiburu tiina bam Wɛ to mo tu debam tei. Konto, pa debam pwola se dé ma da yatɔ dé kwei chwoŋa dé vo kagoa kam wone dé ke kaanem dáane dé pa dé Tu Baŋa Wɛ wom.’ 19Amo nam yei we Pɛ wom bá sɛ o pa abam pwola se á vo, ko ná dae we a mɛ dam mo a fe‑o. 20Amo laam wó ma a dam a waare Ejipti tiina bam dedaane wo-kenkagela yalo a na wó ke ba tetare ne to. Ko kwaga ne mo Pɛ wom laam wó pa abam chwoŋa se á viiri.
21Amo nam ta wó pa se á kikia su Ejipti tiina bam yi. Konto wó pa se á bá gwɛ de je-yaara á viiri. 22Abam kaana maama jege se ba vo ba fara balo na ye Ejipti tiina kaana to tei mo, dedaane kaane wolo maama na zoore ba sɔŋɔ ne to tei. Ba laam maa wó lwoori ba na lu-nyenno wonnu, de sabu-seŋa wonnu, dedaane gwaaro telo á bia na wó taa jege ba zoore to. Abam ná ke konto mo, á wó ma swa á ja Ejipti tiina bam jejegero tem á woli da á viiri.”",https://www.bible.com/bible/3661/EXO.3.KBG
NWOŊIM 4,"Baŋa Wɛ na wó tɔge Moses baŋa o ke memaŋa yalo to
1Moses déem ma leiri Baŋa Wɛ o we, “Dɛ dedwoŋi ne, Isarele tiina bam bá sɛ a taane dem, ba nam bá pa-ne chega. Ba wó wane ba ta nenɛɛne, nmo seene n wo veere n tete de amo.” 2Baŋa Wɛ ma bwei‑o o we, “Bɛ mo n zei de n jeŋa?” O ma leiri o we, “Nacheiga mo a zia.” 3Baŋa Wɛ ma ta o we, “Dole-ka n de tega ne.” Moses ma dole-ka o de tega ne. Ka ma ji basankwea, ye o duri o daare-ka.
4 Baŋa Wɛ ta ma ta o we, “Twe n jeŋa n ja-ka ka nabili seeni.” Moses na twe o jeŋa o ja basankwea kam to, ka ma jwoori ka ji nacheiga o jeŋa ne. 5Baŋa Wɛ laam maa we, “Keim dento wó pa se ba sɛ we amo Baŋa Wɛ mo seene a veere a tete de nmo, amo wolo na ye ba nabaara Wɛ wom to: Abaraham Wɛ wom, de Izaak Wɛ wom, de Jakob Wɛ wom to.”
6 Baŋa Wɛ ta ma ta‑o o we, “Tore n jeŋa n gɔrɔ kom ne se n dwei n nyɔɔne.” O ma ke konto. Moses na jwoori o le o jeŋa kam to, ka pɔpɔ ka peere mo de naywaane jaweo kom. 7Baŋa Wɛ daa ma ta o we, “Daa‑n jwoori n tore n jeŋa kam n gɔrɔ kom ne.” Moses ma kwei o jeŋa o tore o gɔrɔ kom ne. O na jwoori o le-ka to, ka pɔpɔ ka ke lanyerane mo, nenɛɛne o yera yam maama na ye tei to. 8Baŋa Wɛ laam ma ta o we, “Ba ná wo pɛ‑m chega de boboa wo-memaŋe dem, ba laam wó sɛ memaŋe belei tu wom. 9De konto de, ba ná nɛ wo-memaŋa yalei yanto ye ba ta ve se ba sɛ n taane dem, se n mɔ na Naili buga kam ne n daare n lwo-ba te-kora kam baŋa ne. Na bam konto wó ji jana tega kam baŋa ne.”
10Moses déem ma lwoori Baŋa Wɛ o we, “Amo Teiru, amo ware a ŋɔɔne chekke. Ko zege nmo de amo na ŋɔɔne daane to, a maŋe a ware mo. A nam maŋe a bá lɔre ŋɔŋa. A ni ware se de pipiri lanyerane.”
11 Baŋa Wɛ ma leiri o we, “Wɔ mo pɛ nabiinu o ni dem? Wɔ mo ke zwa-kwarro de memaaro? Wɔ mo pae nabiinu yia se o taa nae, naa se o taa ye lilwei? Ko dae amo Baŋa Wɛ mo na? 12Laam nam véi, se amo wó woli‑m de ŋɔŋa, ye a daare a bere‑m n na wó ta kolo maama to.”
13Moses maa we, “Amo Teiru, jan ja! Toŋe nɔn-gaa se konto tu vo o toŋe totoŋe dem.”
14Moses taane dem déem ma zaŋe Baŋa Wɛ bane. Wɛ ma ta‑o o we, “Se nmo zembaaro Aron wolo de na ye Levi tu to, wonto wae o ŋɔɔne lanyerane. Nii ywo! O wo chwoŋa ne o beene se o jeeri‑m. O nam ná nɛ‑m, ko wó pa o wo pwoli dedɛ. 15Nmo wó wane n ŋɔɔne n bere‑o nmo taane dem de o na wó ta kolo to. Amo wó woli abam de ŋɔŋa ye a bere abam á na wó ke tei maama to. 16Aron mo wó lwoni n taane dem o ŋɔɔne de nɔɔna bam, nenɛɛne o ye nmo ni mo tei. Nmo tete wó leiri amo yuu ne n ŋɔɔne ded‑o. 17Nam kwei nacheiga kanto nmo na zei n jeŋa ne to n woli da n vo, se n lage n ma-ka n toŋe wo-kenkagela mo.”
Moses jwoori o vo Ejipti
18Moses déem ma jwoori o tembaaro Jetero tei o ta‑o o we, “Amo boŋe se a jwoori a chorro tem tei mo Ejipti ne, se a nii ba ta ŋwe de yazura na.” Jetero ma sɛ ye o we, “Véi, se Wɛ wó pa se n yi lanyerane.”
19Moses déem ta na wo Midian ne to, mo Baŋa Wɛ ya tage‑o o we, “Jwoori n vo Ejipti, se balo maama na beeri‑m se ba go to laam tega.” 20Moses ma ja o kaane de o bu-baara bam o jeini-ba bonaga baŋa ne, ye o laam kwei chwoŋa o tɔge de-ba o maa jwoori Ejipti. O déem maa zei Wɛ nacheiga kam o jeŋa ne. 21Baŋa Wɛ ma ta de Moses o we, “Nmo ná yi Ejipti teo kom, wo-kenkagela yalo maama amo na pɛ‑m dam se n ke to, se n fɔge n ke-ya Ejipti Pɛ wom yiga ne. Amo nam wó pa se o bochare taa dana mo, ye o bá sɛ se amo nɔɔna bam viiri. 22Ko ná tu konto, se n ta de Pɛ wom we, ‘Baŋa Wɛ ni dem mo tento:
Isarele ye amo bakeiri-kwea mo. 23Amo nam mo tage de nmo se n pa a bakeiri-kwea kam chwoŋa se o viiri o vo o zuli-ne. Nmo nam ve amo ni. Konto ŋwaane, amo de nam wó go nmo bakeiri-kwea kam mo.’ ”
24Moses de o kwaga kam ta na wo chwoŋa ne ye ba vo ba yi jei selo ba na wó peini se tega poore to, Baŋa Wɛ déem ma vo o tei ye o boŋe se o go‑o. 25Moses kaane Zipora ma zaŋe o kwei kandwɛ-fole na jege ni to o ma o gwoni o bu-baaro wom peini. O ta ma dwei o baro wom napera de tɔnɔ kom ye o ta o we, “Nmo yɔɔre n ye amo baro jana bam ŋwaane mo.” 26O na ŋɔɔne tei to tɔge de pein-gwoŋa kam ŋwaane mo. Baŋa Wɛ daa maa wo go Moses.
27 Baŋa Wɛ déem ma ta de Aron o we, “Zaŋe n vo kagoa kam yuu se n jeeri Moses.” O ma vo o jeeri‑o Wɛ peo kom ne ye o kukwori‑o. 28Moses déem laam ma lwoni o bere Aron kolo maama Baŋa Wɛ na toŋe‑o se o ta to. O ma daare o ta wo-kenkagela yam Baŋa Wɛ na pɛ‑o ni se o ke to taane o bere Aron.
29Moses de Aron déem ma kwei chwoŋa ba vo ba yi Ejipti ye ba la Isarele nakwa bam ba ke daane. 30Aron ma ta kolo maama Baŋa Wɛ déem na tage de Moses to o bere-ba. O de ma ke wo-kenkagela yam maama pa se nɔɔna bam na. 31Nakwa bam déem ma sɛ. Ba ta ma ni Baŋa Wɛ na nɛ ba yaara yam ye o chu o ba se o jwoŋi-ba ya wone tei to. Ba ma chɔɔle tega ne ba zuli Wɛ.",https://www.bible.com/bible/3661/EXO.4.KBG
NWOŊIM 5,"Moses de Aron vei Ejipti Pɛ wom tei
1Ko na ke fee to, Moses de Aron déem ma vo Ejipti Pɛ wom tei ba ta ba we, “Baŋa Wɛ wom na ye Isarele tiina bam Wɛ to ni mo tento: ‘Pa chwoŋa se a nɔɔna bam viiri. Ba jege se ba vo kagoa wone ba ke kuri mo ba zuli amo.’ ” 2Pa-faro wom maa we, “Wɔ mo ye Baŋa Wɛ, pa ko maŋe se a sɛ o ni se Isarele tiina bam viiri? Amo yeiri Baŋa Wɛ wom konto, a nam bá pa chwoŋa se Isarele tiina bam viiri.”
3Ba laam ma leiri‑o ba we, “Hiburu tiina Wɛ wom mo tu debam tei. Konto ŋwaane, dé lwoori nmo tei ne se dé na pwola dé kwei da yatɔ chwoŋa dé vo kagoa kam wone dé ke kaanem dáane dé pa dé Tu Baŋa Wɛ. Kokuri to, dé ná wo ke konto, o wó waare debam dedaane jawe-chɛɛro dwi dwi mo, naa o pa se dé to jara-keim wone ye dé te.” 4Pɛ wom ma ve ye o ta o we, “Moses de Aron, bɛ mo ye abam pa se nɔɔna bam yage ba totoŋa? Abam maama jwoori-na á vo á totoŋa ni ne!” 5O ta maa we, “Nii-na ywo! Nɔɔna bam laam tiini ba daga Ejipti tega kam ne, ye á dáa lage se á cheiŋi-ba se ba yé toŋe ba totoŋa yam.”
6Dento dɛ ne, Ejipti Pɛ wom ma bwoŋi dedɛɛra balo na fe tontoŋena bam de totoŋ-chɛɛra to de balo na nii totoŋa yam baŋa ne to, ye o pa-ba ni. O déem maa we:
7“Abam daa yé kwei-na ga-korro á pa nɔɔna bam se ba taa mae ba mage bira. Banto tete laam mo jege se ba beeri ga-korro ba ma ba toŋe totoŋa yam. 8Ba bira yam ba na wó mage to ba jege se ya muri, de fenfee de. Ba ye jawɔre-nyena mo! Konto ŋwaane mo ba beeri chwoŋa se ba vo ba ke kaanem ba pa ba Wɛ wom. 9Pa-na se totoŋa yam tiini ya chɛ ba yera. Konto wó pa se ba yé na yiga se ba daa cheigi vwa yam konto.”
10Balo na fe kabɛ sem de totoŋ-chɛɛra to de totoŋa yiga tiina bam déem ma nwoŋi ba vo ba ta de nɔɔna bam ba we, “Pɛ wom tage tento mo: ‘Amo daa bá pa abam ga-korro. 11Abam mo jege se á vo á beeri ga-korro á pa á tete. Nam ta‑á yei-na we á bira yam á na maŋe á yeini á mage to ba jege se ya muri ya ni ne de fenfee de.’ ”
12Ko déem ma pa se nɔɔna bam jage Ejipti tega kam jei maama ne ba beeri ga-korro se ba ma ba toŋe. 13Balo na fe kabɛ sem de totoŋa to, de déem laam tiini ba fe-ba, ye ba tɛ-ba ba we, “Dɛ maama abam totoŋa yam jege se ya yi ko daama na ye tei ye á jwoŋi ga-korro debam tei ne to mo.” 14Pɛ wom nɔɔna balo na fe kabɛ sem de totoŋ-chɛɛra to déem ma bɛɛse Isarele yiga tiina balo na nii totoŋa yam baŋa ne to. Ba maa jege-ba ba maga ye ba we, “Ko ke da yalei ye á nɔɔna bam wo mage bira yam se ya ja ya ni ne, nenɛɛne ko daama na ye tei to. Bɛ mo kea?”
15Isarele totoŋa yiga tiina bam laam ma vo ba lwoori Pa-faro wom ba we, “Dé Tu, bɛ laam mo kea ye nmo jege debam n ke tento? 16Dedɛɛra bam daa ba pae debam ga-korro se dé taa ma dé toŋa, ye ba ta fe debam se dé mage bira yam se ya yé muri. Ba ta maa jege debam ba maga, ye ko ye banto yiga mo.” 17Pɛ wom ma leiri-ba o we, “Nii jawɔre-nyena banto! Abam na vae totoŋa to ŋwaane mo á kare á beeri chwoŋa amo tei ne se á vo á ke kaanem á pa Baŋa Wɛ. 18Lela! Se á jwoori á totoŋa ni ne! Ba bá pa abam ga-korro. Á nam ta jege se á mage bira yam mo se ya ja ya ni.” 19Isarele totoŋa yiga tiina bam ma lɔre we keim dem laam tiini de chamma mo de pa banto de Isarele tiina bam maama. Kokuri to, ba maane we bira yam ba na wó mage dɛ maama to ba jege se ya muri ya ni ne.
20Nɔɔna bam déem na nwoŋi Pɛ wom tei ne to, mo ba jeeri Moses de Aron. Ba de déem nam maŋe ba zege ba cheigi nɔɔna bam mo se ba ba. 21Ba na nɛ-ba to, mo ba poone de Moses de Aron ba we, “Baŋa Wɛ wó waare abam á na ke kolo to ŋwaane. Abam laam pɛ se debam totoŋa tiini ya lwoi mo Ejipti Pɛ de o dedɛɛra bam momwa ne. Á ta ma á pa-ba pwola se ba go debam.”
22Moses ma pipiri o vo o bwei Baŋa Wɛ o we, “Amo Teiru, bɛ mo ye n tiini n ja cham dento n ba n pa n nɔɔna bam? Nmo boŋe se n ke tento mo ye n toŋe-ne ywo to na? 23Ko zege dɛ delo amo na vei a ŋɔɔne dedaane Pɛ wom nmo yere ŋwaane to, mo o yɔɔre o pae nmo nɔɔna bam cham se ba taa di. Nmo tete nam ba ke kolokolo se n jwoŋi-ba n yage.”",https://www.bible.com/bible/3661/EXO.5.KBG
NWOŊIM 6,"Baŋa Wɛ toŋe Moses Pa-faro wom tei ne
1 Baŋa Wɛ laam ma ta de Moses o we, “Amo laam lage a pa se n lɔre amo na wó ke Pa-faro wom tei to mo. Amo wó ma dam mo a fe‑o se o yage a nɔɔna bam chwoŋa se ba viiri. Amo wó pa se o zeili-ba mo se ba nwoŋi ba daare o teo kom.”
2Wɛ daa ta ma ta de Moses o we, “Amo mo ye Baŋa Wɛ. 3Amo déem veere a tete de Abaraham, de Izaak, dedaane Jakob, se ba lɔre we a ye Dam-fɔrɔ Tu Wɛ wom mo. Amo déem nam wo pɛ se ba lɔre a yere dem na ye Taa Wuu Tu Baŋa Wɛ to. 4Amo déem ma gwoni ni de-ba, ye a pwooli se a pa-ba Kanaan tega kam. Ba déem nam ta ye veira mo ba zoore jei sem konto ne. 5Amo laam nam nigi Isarele tiina bam na ŋwaana tei maama to kolo ŋwaane Ejipti tiina bam tiini ba de-ba kabɛɛne wone. Amo nam wó ke a tɔge de a ni-gwonim dem. 6Nam ta de Isarele tiina bam we ‘Amo mo ye Baŋa Wɛ! A nam wó ma a dam-fɔrɔ de a totoŋ-kamunnu a ma a waare Ejipti tiina bam, se a daare a jwoŋi abam á totoŋ-dɛɛra wone a yage se á daa yé ta‑á ye kabɛ. 7A maa wó pa se á ta‑á ye amo tete nɔɔna. Amo maa wó taa ye abam Wɛ. Konto to, á wó wane á lɔre we amo mo ye abam Tu Baŋa Wɛ, a na jwoŋi abam a yage Ejipti tiina bam jeŋa ne to ŋwaane. 8A maa wó ja abam a zo tega kalo a déem na gwoni ni se a pa Abaraham, de Izaak, dedaane Jakob to. Amo wó seene a pa abam tega kam konto se ka taa ye abam tete nyem. Amo nam mo ye Baŋa Wɛ.’ ”
9Moses déem ma ta tento maama de Isarele tiina bam. Ba ma ve o taane dem, kokuri to ba vɔna mo dɛ yiga ya pare. Ba yera de déem ma chɛ, ba totoŋ-dɛɛra yam ŋwaane. 10Baŋa Wɛ laam ma ta de Moses o we, 11“Jwoori n vo Ejipti Pɛ tei, se n ta ded‑o we o pa Isarele tiina bam chwoŋa se ba nwoŋi da o teo kom ne ba viiri.” 12Moses ma leiri o we, “Nmo yei we amo ni ware de pipiri lanyerane. Nii amo tete nɔɔna bam na wo cheigi amo taane dem to, Pɛ wom laam mo wó sɛ o cheigi-de na?”
13 Baŋa Wɛ déem ma pa Moses de Aron ni ye o we, “Véi-na Isarele tiina bam de Ejipti Pɛ tei, á ta de-ba we amo Baŋa Wɛ mo pɛ abam ni se á ja Isarele tiina bam á nwoŋi da Ejipti teo kom ne.”
Moses de Aron dwi dem taane
14Nɔɔna banto déem mo wo Isarele sɔ-yuni tem maama yiga ne:
Jakob bu-kwea kam mo ye Ruben. Ruben bu-baara bam mo tento:
Hanoki, de Pallu, de Hezeron, de Karimi. Sɔ-yuni tento mo ke daane te ye Ruben dwi dem nabaara.
15Simeon de bu-baara bam mo tento:
Jemweli, de Jamin, de Ohadi, de Jakin, de Zohare, dedaane Sawuli. (Sawuli nu déem ye Kanaan tiina bukɔ mo.) Sɔ-yuni tento mo ke daane te ye Simeon dwi dem nabaara.
16Levi bu-baara bam yera na popone ya tiŋi to mo tento:
Gereson, de Kohafe, de Merari. Levi déem ŋwe mo taa o yi bena bi de fintɔ-yarepɛ (137).
17Gereson bia de ba sɔ-yuni tem déem maa ye Libini de Simeyi.
18Kohafe bia déem mo ye Amiram, de Izehara, de Heboron, dedaane Yuzeli. Kohafe de déem ŋwe mo taa o yi bena bi de fintɔ-yatɔ (133).
19Merari bia déem mo ye Mahili de Musi.
Sɔ-yuni tento mo ke daane te ye Levi dwi dem nabaara.
20Amiram déem ma di o kwo nakɔ Jokebedi o ma o ke kaane. Ba déem ma lo Aron de Moses. Amiram déem ŋwe mo taa o yi bena bi de fintɔ-yarepɛ (137).
21Izehara bia de déem maa ye Kora, de Nefega, dedaane Zikiri.
22Yuzeli bia de déem maa ye Misayeli, de Elizafan, de Sitiri.
23Aron déem ma di Eliseba o ma o ke kaane. Wonto maa ye Aminadabi bukɔ mo, ye o ta ye Naason nakɔ. Ba déem loge bia bana mo: Nadab, de Abihu, de Eleaza, de Itamara.
24Kora bia déem maa ye Asiri, de Elikana, de Abiasafa. Banto de ba sɔ-yuni tem mo ye Kora dwi dem nabaara.
25Aron bu Eleaza déem ma di Puteli bukɔ o ma o ke o kaane, ye ba lo Finehase.
Levi dwi dem taane mo konto. Sɔ-yuni tem konto maama déem ye Levi dwi dem mo.
26Aron de Moses taane na bere tei tento to, banto maa ye balo Baŋa Wɛ na pɛ-ba ni o we, ba véi ba ja Isarele tiina bam de ba kɔgɔ kom maama ba ja nwoŋi da Ejipti ne. 27Banto déem ma seene ba vo Ejipti Pa-faro wom tei ba ta ded‑o se o pa Isarele tiina bam chwoŋa se ba viiri.
Baŋa Wɛ pɛ Moses de Aron ni
28 Baŋa Wɛ déem na ŋɔɔne de Moses Ejipti teo kom ne to, 29o déem tage o we, “Amo mo ye Baŋa Wɛ. Amo ná tage a bere‑m kolo maama, se n lwoni n ta tento de Ejipti Pɛ wom.” 30Moses déem ma ve ye o we, “Nmo yei we a ni ware se de pipiri lanyerane. Konto to, Pɛ wom bá sɛ o cheigi amo taane dem.”",https://www.bible.com/bible/3661/EXO.6.KBG
NWOŊIM 7,"1 Baŋa Wɛ laam ma leiri Moses o we, “Nii! Amo lage a pa se n ta‑n nye de Wɛ mo Ejipti Pɛ wom yiga ne. Nmo zembaaro Aron wó taa ye nmo ni-jwoŋinu se o taa ŋɔɔne ded‑o. 2Nmo jege se n ta kolo maama a na wó ŋɔɔne dede‑m to n bere n zembaaro Aron. Wonto laam maa wó ta de Pɛ wom se o yage chwoŋa se Isarele tiina bam viiri ba daare o teo kom. 3Amo nam wó pa se Pɛ wom bochare taa damma. Amo wó pa se wo-kenkagela dedɛ ke Ejipti tiina bam tetare ne. 4De konto de, o ta bá sɛ o cheigi abam taane dem. Amo laam wó ma a dam-fɔrɔ a waare Ejipti tiina bam. Ko kwaga ne, amo wó pa se a nɔɔna bam nwoŋi da teo kom konto ne. Isarele tiina bam maama wó nwoŋi kɔgɔ de kɔgɔ. 5Konto maama ná kea, Ejipti tiina bam wó lɔre we amo mo ye Baŋa Wɛ, de amo na mɛ dam a waare-ba pa se Isarele tiina bam na chwoŋa ba nwoŋi ba teo kom ne to ŋwaane.”
6Moses de Aron ma ke kolo maama Baŋa Wɛ na bere-ba to. 7Ba déem na vei se ba ŋɔɔne dedaane Pa-faro wom to, de Moses ye bena funɔnɔ (80) mo. Aron maa ye bena funɔnɔ-yatɔ (83).
Aron nacheiga kam jigi basankwea
8 Baŋa Wɛ déem ma ta de Moses de Aron o we, 9“Ejipti Pɛ wom ná tage o we ‘Ke-na wo-kenkagele se a nii’, se n laam ta de Aron se o kwei o nacheiga kam o dole o de tega ne, Pɛ wom yiga ne. O ná kea, ka wó ji basankwea.” 10Moses de Aron déem ma vo ba zo Pa-faro wom tei. Ba ma ke kolo maama Baŋa Wɛ na bere-ba to. Aron déem kwei o nacheiga kam mo o dole o de tega ne, Pɛ wom dedaane o nakwa yiga ne. Ka ma seene ka ji basankwea. 11Pa-faro wom ma toŋe o bwoŋi o teo kom yi-nara de ko liri-mwa tiina se ba la daane. Liri keira bam na tu to, ba de ma kwei ba liri kikia ba lwoni ba ke wo-kenkagela yanto dwoŋi. 12Ba dedoa dedoa déem ma dole ba nachei sem ba de tega ne, ye se ji basankwe. Ko nam ná ye Aron nacheiga kam, kanto déem ligi ba nachei sem maama mo. 13Ejipti Pɛ wom déem nɛ tento maama, ye o bochare ta dana. O déem wo sɛ se o cheigi ba taane dem. Baŋa Wɛ nam maŋe o ta we ko wó taa ye konto mo.
Cham kuni fuga
1. Jana
14 Baŋa Wɛ ma ta de Moses o we, “Ejipti Pɛ bochare yɔɔre de dana mo, ye o ve se o pa amo nɔɔna bam chwoŋa se ba viiri. 15Jwa tetete se n kwei nacheiga kalo na jigi basankwea to n vo Naili buga kam ni se n jeeri Pɛ wom da. O na maa beene maŋa kalo to, se n zege buga kam ni ne n cheigi‑o. 16O ná tua, se n ta ded‑o we, ‘Baŋa Wɛ wolo Hiburu tiina bam na zuli‑o to mo toŋe-ne se a ta de nmo se n pa o nɔɔna bam chwoŋa se ba vo kagoa kam wone ba zuli‑o. Nmo nam ta wo sɛ se n pa ba viiri. 17Baŋa Wɛ ni dem mo tento:
Wɛ wó ke keim se nmo wane n lɔre we wonto mo ye Baŋa Wɛ. Nii ywo! Amo lage a kwei nacheiga kanto a na zei to a mage Naili na bam se ba pipiri ba ji jana. 18Ywona yalo na wo Naili buga kam wone to maama wó te. Na bam de maa wó taa lwoi, pa se Ejipti tiina bam de daa bá wane ba nyɔ buga kam na.’ ”
19 Baŋa Wɛ daa ma ta de Moses o we, “Ta de Aron se o kwei o nacheiga kam o twe-ka o jeeri Ejipti bwi sem, de nabare sem, de bu-nwaro tem, de chwaro tem. O ná ke konto, na bam maama wó pipiri ba ji jana. Ko ná maŋe ko ye kambi sem de kɔɔra bam wone, Ejipti teo kom jei maama wó su de jana.” 20Moses de Aron ma ke kolo maama Baŋa Wɛ na bere-ba to. Ejipti Pɛ wom de o nakwa déem zege ba nii mo, ye Aron zeiŋi o nacheiga kam o ma mage na bam baŋa. Naili buga kam na bam maama ma pipiri ba ji jana. 21Buga kam wo ywona yam maama ma te pa se ka na bam de tiini ba lwoi. Ejipti tiina bam daa ware na bam se ba nyɔ. Jana déem maa yɔɔre ba su Ejipti teo kom maama. 22Ejipti liri-keira bam de ma kwei ba liri kikia ba lwoni ba ke konto dwoŋi. Pa-faro wom bochare daa ta maa dana ye o ve se o cheigi Moses de Aron taane dem. Baŋa Wɛ nam maŋe o ta we ko wó taa ye konto mo. 23Pɛ wom laam ma pipiri o jwoori o sɔŋɔ. O bere o wo sɛ se o kwei keim dento o ke o yuu ne. 24Ejipti tiina bam maama ma gwaare buli Naili buga kam ni ne se ba wane ba na na ba nyɔ, ba na ware ba nyɔ buga kam tete na bam to ŋwaane.
25 Baŋa Wɛ déem na pɛ se Naili buga kam na bam chɔge to mo da yarepɛ déem daa tu ya kɛ.",https://www.bible.com/bible/3661/EXO.7.KBG
NWOŊIM 8,"2. Nanchane
1 Baŋa Wɛ déem ma ta de Moses o we, “Véi n ta Ejipti Pɛ wom we, ‘Baŋa Wɛ ni dem mo tento:
Pa a nɔɔna bam chwoŋa se ba viiri se ba taa wae ba zuli-ne. 2Nmo nam ná ve, ta‑n yei we amo wó pa se nanchane puli se su nmo logo kom jei maama se daane abam. 3Nanchane sem wó tiini se puli se su Naili buga kam maama. Se laam maa wó daare se zo Pɛ sɔŋɔ wone, ko ná ye nmo tete diga de n peiga jei mo de. Se ta wó zo nmo nakwa bam de sam ne, de teo kom sam maama ne. Se ta wó vo se peini á kaligwonnu wone, de á maasa fɔgem zwe sem wone. 4Nanchane sem lage se taa faŋe mo se taa diini nmo tete de n nakwa bam de n nɔn-bia bam maama baŋa.’ ”
5 Baŋa Wɛ laam ma ta de Moses o we, “Ta de Aron se o twe o nacheiga kam na wo o jeŋa ne to se ko jeeri bwi sem, de nabare sem, de chwaro tem maama. Konto ná kea, nanchane wó nwoŋi bwi sem wone se faare Ejipti tega kam maama.” 6Aron ma seene o twe o jeŋa o jeeri na bam na tigi Ejipti jei selo maama ne to. Nanchane ma nwoŋi na bam wone se faare Ejipti tega kam maama. 7Ejipti liri-keira bam de ma kwei ba liri kikia ba lwoni ba ke konto dwoŋi, pa se nanchane sedwonna de nwoŋi tega kam baŋa ne.
8Ejipti Pa-faro wom ma toŋe o bwoŋi Moses de Aron ye o ta de-ba o we, “Lwoori-na Baŋa Wɛ se o pa se nanchane sem lage jei se daare amo de a nɔɔna bam. Ke-na konto se amo de pa abam nɔɔna bam chwoŋa se ba vo ba ke kaanem ba pa Baŋa Wɛ.” 9Moses ma leiri Pɛ wom o we, “Tɔ, nam da yiga n ta n bere-ne maŋa kalo n na lage se a lwoori Wɛ a pa nmo de n nakwa bam de n nɔn-bia bam maama to. Amo laam wó lwoori Wɛ se o pa nanchane sem jei nmo de n nɔɔna bam sam ne. Se laam wó taa wo Naili buga kam wone yerane mo.” 10Pɛ wom ma leiri‑o o we, “Jwa ne se n ke konto.” Moses ma ta o we, “Nmo nam na tage tei to mo wó toŋe, se nmo ma n lɔre we debam Tu Baŋa Wɛ ba jege dwoŋi. 11Nanchane sem wó seene se viiri mo se daare nmo, de n nakwa bam, de n nɔn-bia bam, de abam sam dem maama. Se laam wó maŋe Naili buga kam wone yerane mo.”
12Moses de Aron ma nwoŋi da Pɛ wom tei ne. Moses déem ma lwoori Baŋa Wɛ nanchane sem ŋwaane, de o na pɛ se zaŋe se daane Pɛ wom to. 13Baŋa Wɛ ma sɛ Moses wɛ-lworo kom, ye o pa se nanchane sem te. Selo déem na wo Ejipti tiina di sem wone, de ba konkwallo tem wone, de ba kadwi sem ne to maama ma te. 14Ejipti tiina bam ma chwooli-se ba tiŋi pwoa dedɛ. Teo kom maama déem chɛ mo de nanchane sem lwom. 15Se ko ná ye Pa-faro wom, o déem na maane we nanchane sem daa ba daane-ba to, mo o daa ta pɛ se o bochare dana. O daa ta wo sɛ se o cheigi Moses de Aron taane dem, ne Baŋa Wɛ na maŋe o ta we ko wó taa ye tei to.
3. Yeena
16 Baŋa Wɛ déem ma ta de Moses o we, “Ta n bere Aron se o twe o nacheiga kam o ma mage tega kam, se Ejipti tega kasolo kom maama ji yeena.” 17Ba ma sɛ. Aron ma twe o jeŋa o mage tega kam de o nacheiga kam. Yeena ma zaŋe ba meeli nabiina de vara maama. Ejipti teo kom ni maama kasolo déem ma ji yeena. 18Ejipti liri-keira bam de ma kwei ba liri kikia ba kwaane se ba lwoni ba pa se yeena ba, ye ba ga ko ŋwa. Yeena yam déem faare teo kom maama mo. 19Liri keira bam ma ta de Pa-faro wom ba we, “Wɛ keim mo tento.” De konto maama de, Pɛ wom bochare daa taa dana mo, ye o wo sɛ se o cheigi-ba. Baŋa Wɛ nam maŋe o ta we ko wó taa ye konto mo.
4. Zɔɔro
20 Baŋa Wɛ déem ta ma ta Moses o we, “Zaŋe zezeŋa ne n vo n che Pɛ wom chwoŋa maŋa kalo o na maa vei buga kam ni to. Laam ta ded‑o we, ‘Baŋa Wɛ ni dem mo tento:
Pa amo nɔɔna bam chwoŋa se ba viiri, se ba vo ba zuli-ne. 21Nmo nam ná wo pɛ-ba chwoŋa, amo wó toŋe zɔɔro dedɛ se te daane nmo, de n nakwa bam de n nɔn-bia bam maama. Zɔɔro wó su á sam, ye te faare Ejipti tega kam maama. 22Se ko ná ye amo tete nɔɔna bam ba na zoore Gosen laŋa kam ne to, zɔɔro bá taa wo banto jei sem ne. Amo ná tiŋi popɔra kam konto, abam wó ma á lɔre we amo Baŋa Wɛ mo toŋe a totoŋa tega baŋa ywo-seeni. 23Amo wó pa popɔra kam peini amo nɔɔna bam de abam nɔɔna bam tetare ne. Jwa ne mo amo wó ke wo-kenkagele dem konto.’ ”
24 Baŋa Wɛ déem ma seene o toŋe zɔɔro dedɛ o yage Pɛ wom sɔŋɔ ne, de o nakwa bam sam ne. Te déem tiini te chɔge Ejipti teo kom maama. 25Pa-faro wom ma bwoŋi Moses de Aron ye o ta-ba o we, “Véi-na á kaane á pa á Wɛ wom debam teo konto ne ywo.” 26Moses ma leiri‑o we, “Konto bá wane. Debam na wó kwei vara dwi delo dé ma dé ke kaanem dé pa dé Tu Baŋa Wɛ to mo chula Ejipti tiina bam tei ne. Debam nam ná lage dé ke kaanem dem ye ba na debam, ba wó dole debam de kandwa mo ba go. 27Debam wó kwei da yatɔ mo dé maa zo kagoa kam wone dé ke kaanem dáane dé pa dé Tu Baŋa Wɛ. O ni dem konto mo o pɛ debam.”
28Pɛ wom de laam ma ta o we, “Tɔ. Amo wó pa abam chwoŋa se á zo kagoa kam wone á kaane á pa abam Tu Baŋa Wɛ. Se á yé véi-na yiga yiga. Nam lwoori-na Wɛ á pa amo.” 29Moses ma leiri‑o o we, “Amo ná yɔɔre a nwoŋi ywo-seeni, a lage a lwoori Baŋa Wɛ mo. Jwa ne zɔɔro tem wó yage abam yera, Pɛ wom de o nakwa bam de o nɔɔna bam maama. Pɛ, nam ta‑n yei se n daa‑n yé gane debam. Nam yé che nɔɔna bam se ba vo ba ke kaanem ba pa Baŋa Wɛ.”
30Moses déem na nwoŋi o daare Pɛ wom to, o vei o lwoori Baŋa Wɛ mo. 31Baŋa Wɛ ma sɛ Moses kwora kam. O déem ma pa se zɔɔro tem yage Ejipti Pɛ wom, de o nakwa bam, dedaane o nɔn-bia bam maama. Zɔɔ dedoa tete déem daa wo daare da. 32Pɛ wom daa ta ma pa se o bochare dana. O ma ve se o pa nɔɔna bam chwoŋa se ba viiri.",https://www.bible.com/bible/3661/EXO.8.KBG
NWOŊIM 9,"5. Vara toone
1 Baŋa Wɛ déem daa ma ta de Moses o we, “Véi Pa-faro wom tei n ta we, ‘Baŋa Wɛ na ye Hiburu tiina bam Wɛ wom to ni dem mo tento:
Pa amo nɔɔna bam chwoŋa se ba viiri, se ba vo ba zuli-ne. 2Nmo nam ná wo sɛ se ba viiri, ye n cheiŋi-ba, 3Baŋa Wɛ wó ma o dam o ja jawe-chɛɛro mo o ba o yage á vara bam maama baŋa ne. Ko ná ye á sisei, de á bonɛ, de á kona, de á naane, de á pei, dedaane á bone, jaweero wó ja te maama pa se te te. 4Baŋa Wɛ nam wó pa se popɔra mo taa wora Ejipti tiina vara bam dedaane Isarele tiina vara bam tetare ne. Ko ná ye Isarele tiina vara bam mo, ba dedoa tete ba lage o te.
5 Baŋa Wɛ maŋe o tiŋi dɛ mo se ko ke konto, ye o ta we, Jwa ne, omo wó pa se ko ke Ejipti teo ne.’ ”
6Tega déem na poore to, Baŋa Wɛ ma seene o ke o na wuuri o ta tei to. Ejipti tiina vara bam maama ma te. Se ko ná ye Isarele tiina vara bam, dedoa tete déem wo tege. 7Pɛ wom ma toŋe nɔɔna se ba nii. O ma maane we Isarele tiina vara bam dedoa tete wo tege. De konto de, o bochare ta dana mo, ye o ve se o pa nɔɔna bam chwoŋa se ba viiri.
6. Ŋɔn-pwoni
8 Baŋa Wɛ daa ma ta de Moses de Aron o we, “Zwɛ-na tentwarem, se á ja á vo Pɛ wom tei. Abam ná yi da, se Moses zege pɛ wom yiga ne o dole tentwarem dem o yage wɛɛne. 9Tentwarem dem wó ji fwogo mo wɛyuu ne ye te jage te yi Ejipti teo kom maama. Ko ta wó pa se ŋɔn-pwoni jeini nabiina dedaane vara yera ne se daane-ba logo kom jei maama ne.” 10Ba ma seene ba kwei tentwarem dem ba ja vo Pɛ wom tei. Moses laam ma kwei-te o ta o yage wɛɛne, ye te pa se ŋɔn-pwoni jeini nabiina dedaane vara yera ne se daane-ba. 11Liri keira bam déem wo wane ba vo ba zege Moses yiga ne, ŋɔn-pwoni sem na leigi ba yera ne, de Ejipti tiina bam maama yera ne to ŋwaane. 12Baŋa Wɛ déem ma pa se Pɛ wom bochare taa dana, ye o wo sɛ se o cheigi Moses de Aron taane. Baŋa Wɛ nam maŋe o ta de Moses we ko wó taa ye konto mo.
7. Do-kandwa
13 Baŋa Wɛ déem ma ta de Moses o we, “Jwa zezeŋa ne se n vo n jeeri Pɛ wom n che o chwoŋa n ta‑o we, ‘Baŋa Wɛ na ye Hiburu tiina bam Wɛ wom to ni dem mo tento:
Pa a nɔɔna bam chwoŋa se ba viiri se ba vo ba zuli-ne. 14Nmo ná wo sɛ, amo laam wó pa se cham tiini de yi nmo tete yera, ko woli de n nakwa bam de n nɔn-bia bam maama. Ko maa wó pa se nmo lɔre we nɔɔn-nɔɔno tera logo baŋa ne o na maŋe de amo. 15Amo yi se a kwei a jeŋa a fere nmo de n nɔn-bia bam maama pa se jawe-chɛɛro tiini te ja abam. Amo ya ná ke konto, abam dwi dem ya wó saare logo kom baŋa ne. 16Ko nam na ye tei to, woŋo kolo ŋwaane amo na pɛ chwoŋa se n ta‑n wora to mo ye se a tɔge nmo ŋwaane a bere nɔɔna a dam dem na mae tei to, ye a daare a jwoŋi yere logo baŋa jei maama ne. 17Nmo nam ta pae n tete kamunni mo ye n cheiŋi amo nɔɔna bam se ba yé viiri. 18Ta‑n yei we, amo jwa wó pa se do-kandwa tiini ya to á tega kam ne. Ko na zege Ejipti teo kom boboa ne to se ko yi zem, ko dwi ta wo fɔge ko ke. 19Nam pa n nɔɔna bam ni se ba ja ba vara dedaane ba wonnu telo maama na wo pwooni yiga ne to, ba ba ba ke ba sam dem wone. Kokuri to, do-kandwa yam wó vwei vara de nabiina balo maama na wo pwooni yiga ne to mo pa se ba maama te.’ ”
20Pɛ wom nakwa badaara déem ma fone de Baŋa Wɛ taane dem. Banto ma ke lela ba vo ba pa se ba kabɛ sem dedaane ba vara maama ba ba zo sam dem wone. 21Ba badwonna yiga déem tera de Baŋa Wɛ taane dem ye ba yage ba kabɛ sem de ba vara bam pwola ne.
22 Baŋa Wɛ ma ta de Moses o we, “Twe n jeŋa n yɔɔre wɛyuu ne, se do-kandwa laam to Ejipti teo kom maama ne. Ya lage ya to ya mage nabiina, de vara, dedaane wodiiru telo na wo Ejipti tiina kare sem ne to mo.” 23Moses déem ma twe o nacheiga kam wɛyuu ne. Baŋa Wɛ ma toŋe do-napana, dedaane do-kandwa. Doa kam daa ta ma pepele ka bage tega kam. Baŋa Wɛ déem ma pa se do-kandwa tiini ya to Ejipti teo kom ne. 24Ka ma tiini ka wuuri jei maama, ye ka ta pepele taa. Ko na zege Ejipti teo kom boboa ne to, do-fɔrɔ konto dwi ta wo fɔge ko ke logo kom ne. 25Do-kandwa yam déem ma mage woŋo kolo maama na wo Ejipti teo kom pwooni yiga ne to. Ya déem chɔge nabiina de vara maama, ye ya ta chɔge wodiiru de teeni delo maama na nwoŋi tega kam baŋa ne to. 26Ko daare Gosen laŋa kam yerane mo, do-kandwa yam déem wo yi da. Dáane mo Isarele tiina bam déem nam zoore to.
27Ejipti Pɛ déem ma toŋe o bwoŋi Moses de Aron ye o ta-ba o we, “Amo laam lɔre we a tusi mo, ye Baŋa Wɛ jege chega. Ko ná ye amo de a nɔɔna bam, debam ba jege bora. 28Nam lwoori-na Baŋa Wɛ á pa debam-na, se dé yera laam mo chɛ de do-kandwa yam dedaane do-napana kam. Amo de laam wó pa abam pwola se á viiri. Abam daa dae se á maŋe ywo-seeni.” 29Moses ma leiri o we, “Amo ná nwoŋi teo kom wone, a laam wó zeiŋi a je sem wɛɛne a lwoori Baŋa Wɛ se do-napana kam yage bagem. Do-kandwa yam de daa bá taa nena. Konto mo wó pa se nmo lɔre we logo baŋa maama ye Baŋa Wɛ nyem mo. 30Amo nam yei lanyerane we nmo de n nakwa bam ta ba kɔre Yuu-tu Baŋa Wɛ.”
31Ko déem na ke tei to, kanzɛ sem de chaara yam chɔge mo, kokuri kanzɛ sem jege se punnu mo. Chaara yam de ma be te maŋe de do-kandwa yam. 32Ko nam ná ye banina kam dedaane ka dwi dem maama, kanto wo tɔge ka chɔge, ka daa ta na wo bege to ŋwaane.
33Moses ma nwoŋi Pɛ wom tei ne o vo o nwoŋi teo kom wone. O ma vo o zeiŋi o je sem Baŋa Wɛ yiga ne o lwoori‑o. Do-napana kam dedaane do-kandwa yam ma kwori. Doa kam déem daa wo nege tega kam baŋa ne. 34Pa-faro wom na nɛ we doa kam de do-kandwa yam daa ba nena, ye do-napana kam de daa ba bage to, o ma jwoori o tusi. O de o nakwa bam maama ma pa se ba bochara dana. 35O bochare na dana to, o ve se o pa Isarele tiina bam chwoŋa se ba viiri. Baŋa Wɛ nam maŋe o pa se Moses lɔre we ko wó taa ye konto mo.",https://www.bible.com/bible/3661/EXO.9.KBG
NWOŊIM 10,"8. Kayere
1 Baŋa Wɛ ma ta Moses o we, “Jwoori n vo Ejipti Pɛ wom tei. A nam pɛ se o de o nakwa bam bochara dana mo, se a wane a da ko baŋa ne a ke wo-kenkagela yanto se ba na. 2Ko ta wó pa se abam jwa lwoni á bere á bia dedaane ba de bia, se ba lɔre amo na ke tei a waare Ejipti tiina bam de wo-kenkagela yalo a na ke ba tetare ne to. Abam maama laam wó lɔre we amo mo ye Baŋa Wɛ.”
3Moses de Aron déem ma vo Ejipti Pɛ wom tei ba ta ded‑o we, “Baŋa Wɛ na ye Hiburu tiina bam Wɛ wom to ni dem mo tento:
Nmo wó ve se n gwooni n tete amo yiga ne taa se n vo n maŋe yei ne mo? Pa a nɔɔna bam chwoŋa se ba viiri se ba taa wae ba zuli-ne. 4Nmo nam ta ná ve se n pa-ba pwola, amo wó pa se kayere jwa ba se daane n teo kom. 5Kayere sem lage se meeli jei maama mo, pa se abam daa bá taa nae tega kam. Se maa wó deilimi woŋo kolo maama ta na daare ye do-kandwa yam wo chɔge-ko to, ko woli de teeni delo maama ta na nwoŋi á tega kam ne to. 6Se lage se meeli á sam maama mo, nmo tete sɔŋɔ kom, de n nakwa bam sam dem, de n nɔn-bia bam sam dem maama. Ko na zege á nabaara maŋa ne se ko yi zem to, kayere dwi dem konto ta wo fɔge se yo á teo kom ne.”
Moses laam ma pipiri o nwoŋi o daare Pa-faro wom.
7Pɛ wom nakwa bam ma ta ded‑o ba we, “Dɛ dɔ mo nɔɔno wonto wó sɛ o yage yi-gigilu kolo o na jege o ke dé yera ne to? Nam pa nɔɔna bam chwoŋa se ba vo ba zuli ba Tu Baŋa Wɛ. Nmo ta wo maane we dé teo kom maama chɔge nɔɔno wonto ŋwaane mo na?” 8Ba ma bwoŋi Moses de Aron se ba jwoori ba ba Pɛ wom tei. O ma ta-ba o we, “Tɔ, chwoŋa laam wora se á vo á zuli á Tu Baŋa Wɛ. Se abam bera mo wó tɔge ba vo?” 9Moses déem ma leiri o we, “Debam maama mo wó vo. Ko wó taa ye dé nɔn-donno dedaane nɔn-kwe maama, ko woli de dé bu-baara dedaane dé bukwa maama. Dé ta wó kwei dé bone, de dé pei, dedaane dé naane dem maama. Kokuri to, dáane mo dé jege se dé vo dé di kuri dé zuli Baŋa Wɛ.” 10Pɛ wom ma ta o we, “Baŋa Wɛ seene o wó taa wo á tei ne mo nenɛɛne amo ná sɛ se abam kaana de á bia bam tɔge ba vo! Tento yɔɔre ko bere we á boŋe se á ke lwarem mo. 11Ko bá ke! Abam na lwoori chwoŋa se á vo á zuli Baŋa Wɛ to, á baara bam yerane mo wó vo.” Ba déem ma zeili Moses de Aron se ba nwoŋi da Pɛ wom yiga ne.
12 Baŋa Wɛ ma ta de Moses o we, “Zeiŋi n jeŋa n jeeri Ejipti teo kom baŋa, se kayere sem laam ba se meeli jei maama se deilimi ga-zuru dwi maama ta na wo tega kam ne ye do-kandwa yam wo chɔge to.” 13Moses ma zeiŋi o nacheiga kam o jeeri Ejipti teo kom baŋa. Dɛ dem konto ne mo Baŋa Wɛ déem pɛ se vio nwoŋi wɛ-puli seeni ko ba ko jeeri logo kom. Ko déem dole wea de tete maama mo. Tega déem na jege ka poore to, de vio kom jaane kayere sem ko ba. 14Se kɔgɔ déem tiini se gaale dedɛ, ye se meeli teo kom tega kam maama. Ejipti tiina ta wo fɔge ba na kayere sem konto dwi. Se dwi dem konto de daa bá ba kɔtaa. 15Kayere sem déem ma kwoli tega kam maama pa se ka zwori ligi-ligi. Se ma di kolo maama do-kandwa yam na daare to. Ko maa ye teeni-bia maama, de ga-zuru, de ba kare wodiiru maama mo. Ejipti wone kolokolo déem daa wo daare ye ko jege zurim.
16Pa-faro wom ma ke lela o toŋe o bwoŋi Moses de Aron ye o we, “Amo tusi abam yiga ne de á Tu Baŋa Wɛ wom yiga ne. 17Nam yage-na a tusim dento á ma á chɛ-ne, se á daare á lwoori á Tu Baŋa Wɛ se o pa se cham dento kɛ dáa se a sii.” 18Moses ma nwoŋi Pɛ wom tei ne ye o vo o lwoori Baŋa Wɛ. 19Baŋa Wɛ ma pa se vo-dɛɔ kom pipiri ko nwoŋi Wɛ-zoore seeni. Ko ma dole ko kale kayere sem maama ko ja ko vo ko yage Nane-soŋo kom ne. Kayera dedoa tete déem daa wo daare Ejipti teo kom ne. 20Baŋa Wɛ déem daa ta ma pa se Pa-faro wom bochare dana mo. O ma ve se o pa Isarele tiina bam chwoŋa se ba viiri.
9. Lim
21 Baŋa Wɛ déem ta ma ta de Moses o we, “Twe n jeŋa n yɔɔre wɛyuu ne se lim ba de kwoli Ejipti tega kam baŋa maama. Lim dem wó tiini de zo nɔɔna bam yera.” 22Moses ma twe o jeŋa o yɔɔre wɛyuu ne. Ejipti tega kam baŋa maama ma tiini ka ke lim, se ko maŋe de da yatɔ. 23Kanto maŋa kam ne, Ejipti tiina bam déem daa ba nii ba nae da-jei. Nɔɔn-nɔɔno maa ware se o nwoŋi o sɔŋɔ ne o vo jei jei. Se ko ná ye Isarele tiina bam na zoore mɛ to, pwooni déem mo wora jei sem konto ne.
24Ejipti Pɛ wom déem ma bwoŋi Moses ye o we, “Chwoŋa laam wora se á vo á zuli á Baŋa Wɛ wom. Abam bia de á kaana wó wane ba tɔge ba vo. Nam yage-na á vara bam ywo se á vo.” 25Moses ma leiri o we, “Nmo jege se n yage chwoŋa mo se dé ja vara bam dé vo dé ma ke kaanem, ye dé zwɛ-ba dé pa debam Tu Baŋa Wɛ. 26Dé wó ja dé vara bam maama mo dé woli da dé vo. Varem dedwe tete bá daare Ejipti tega kam baŋa ne. Debam jege se dé kuri kaanem vara mo se dé taa mae dé zuli dé Tu Baŋa Wɛ. Dé ná wo yi jei sem, dé bá lɔre varem de varem wolo dé na wó le dé ma ke kaanem dé pa Baŋa Wɛ to.”
27 Baŋa Wɛ ta ma pa se Pa-faro wom bochare dana mo. Pɛ wom déem wo sɛ se o pa Isarele tiina bam chwoŋa se ba viiri. 28O ma ta de Moses o we, “Lage jei da amo yiga ne! Nam fɔge n nii n yuu ne, se dɛ dem nmo daa na wó jwoori n ba amo yiga ne to, n lage n te mo.” 29Moses de ma leiri o we, “Dé nam zege n kwora kam kwaga ne. Nmo seene n daa‑n bá‑n na amo.”",https://www.bible.com/bible/3661/EXO.10.KBG
NWOŊIM 11,"Cham delo na kweeli to
1 Baŋa Wɛ déem ma ta Moses o we, “Amo laam lage a pa se cham dedwe mo yi Ejipti Pɛ wom de o nɔɔna bam se ko kweeli. A ná ke konto, o wó pa abam chwoŋa se á viiri. O nam lage o zeili abam mo se á nwoŋi á daare o teo kom. 2Nam ta de Isarele tiina bam se ba vo ba fara bam tei ba bwei ba jwoŋi sabu-seŋa dedaane lu-nyenno wonnu. Ba baara de ba kaana maama wó ke konto mo.”
3 Baŋa Wɛ déem nam ke se Ejipti tiina bam mo taa nege Isarele tiina bam. Ko ta ná ye Moses, Ejipti teo nakwa bam dedaane ko nɔn-bia bam kwoni ba nii‑o we o ye nɔn-kamunu mo.
4Moses déem ma ta de Pɛ wom o we, “Baŋa Wɛ ni dem mo tento:
Tete-koro ne, amo Baŋa Wɛ wó tɔge Ejipti teo kom baŋa ne a kɛ. 5Ejipti teo bakeiri-kwea dwi maama wó te. Pɛ wolo na sage paare yituŋu kom ne to bu-kwea wó te, ye kaba-kana kam na choe muni to de bakeiri-kwea de te. Vara balo ba na loge da-yiga to de maa wó te. 6Ejipti teo ni maama lage ko taa ye mo ŋɔɔ de keira. Ba ta wo fɔge ba na keira kalo dwi na wó to teo kom ne to, ye ka dwi nam daa bá ba. 7Ko nam ná ye Isarele tiina bam na zoore mɛ to, kukura tete bá wei ka fugi nabiina naa vara. Konto mo wó pa se abam lɔre we amo Baŋa Wɛ mo pɛ se popɔra wora Ejipti tiina de Isarele tiina tetare ne.”
8Moses daa ta ma ta de Pɛ wom o we, “Nmo nakwa bam laam wó ba amo tei mo ba chɔɔle tega ne ba lwoori-ne se a ja a nɔɔna bam maama a viiri. Ko kwaga ne mo amo wó seene a viiri.” Moses na tage konto to, o bane ma tiini de zaŋe. O ma nwoŋi Pɛ wom tei o kɛ o daare‑o.
9 Baŋa Wɛ déem tage dedaane Moses o we, “Pa-faro wom bá sɛ o cheigi nmo taane dem. Ko wó pa se amo na pwola se a tiini a toŋe wo-kenkagela dedɛ Ejipti tiina tei ne.” 10Moses dedaane Aron déem seene ba ke wo-kenkagela yanto maama mo Ejipti Pa-faro wom yibia ne. De konto maama de, Baŋa Wɛ déem ta pɛ se pɛ wom bochare dana mo. Pɛ wom déem ma ve se o pa Isarele tiina bam chwoŋa se ba nwoŋi da o teo kom ne ba viiri.",https://www.bible.com/bible/3661/EXO.11.KBG
NWOŊIM 12,"Atɔgebabaŋa kuri dem
Chullu 23:5-8; Jeelim 9:1-14; Nia Gulim 16:1-8
1Ejipti teo ne mo Baŋa Wɛ déem ŋɔɔne de Moses dedaane Aron ye o we, 2“Chana kanto mo wó taa ye boboa chana ka pae abam bene maama wone. 3Ta n bere Isarele tiina kɔgɔ kom maama we chana kanto, ka da fuga dɛ dem ne, sɔŋɔ maama ko ni twoo, sɔŋɔ tu wom jege se o beeri pipeila mo naa bebala se o sɔŋɔ tiina bam di kuri. 4Sɔŋɔ kolo nɔn-bia bam nam ná ba daga se ba di pipeila kam ba ti, se ba beeri ba fara balo bam na bwola de-ba to se ba pɔɔre ba pa daane. Nam jeeli-na kɔgɔ kolo na wó di pipeila kam to ni. Kokuri to, pia kam ye se ka maŋe mo, se nɔɔno maama na nɔna o di. 5Abam wó wane á kwei pia naa boŋo á ma á toŋe. Varem wom nam jege se o taa ye bene varem mo ye o ta ba jege gɛɛ o yera ne. Varem wom wó taa ye wo-bɛa mo. 6Ta‑á nii-na vara bam baŋa ne se ko vo ko yi chana kam da fuga-yana dɛ dem ne. Tega ná lage ka yi, Isarele tiina kɔgɔ kom maama wó go ba vara bam mo. 7Ba nam na wó jeini sam delo wone ba di varem wom nɔna yam to, ko jege se ba kwei o jana mo ba taare manchwo-nia sɛ sem de ya yuu ne. 8Tete dem konto ne, ba ta jege se ba wɔ nɔna yam mo, se ba laam di-ya. Ba maa jege se ba ma dwoa vɔɔ-chɛɛro mo dedaane bworobworo kolo na ba jege sabɔle ko wone to ba di varem wom. 9Ko dae se abam di ko nɔn-gwei. Á nam yé saŋe-ko. Varem maama ye se á wɔ mo: yuu, de nɛ, dedaane o wo-zela yam maama. 10Tete dem konto ne, se á di á na wae tei maama to. Kolokolo ba jege se ko daare se tega ná poore se á di. Nɔna yalo na poore tega to, abam jege se á zwɛ-ya mo. 11Abam ná lage á di wodiu kom, se á ta‑á ti á yiga nenɛɛne balo na lage ba vo chwoŋa to. Vɔ-na á gwaaro ye á zo á natera, se á daare á ta‑á zei á nachei sem. Á laam wó di wodiu kom lela. Kokuri to, ko ye Atɔgebabaŋa kuri mo abam lage á di se á ma á zuli amo Baŋa Wɛ.
12Tete dem konto ne mo amo wó beeri Ejipti teo kom maama ne, ye a go bakeiri-kwea dwi dem maama, vara dedaane nabiina maama. Amo wó ke konto a ma waare Ejipti tiina bam tangwana de ba jwona yam. Kokuri to, amo mo ye Baŋa Wɛ. 13Ko daare, jana bam mo wó taa ye memaŋe se ko bere abam na wo sam delo wone to. Amo ná boŋe se a waare Ejipti tiina bam ye a na jana bam, a laam wó tɔge á baŋa a kɛ, se abam yé na chɔgem.
14Abam de á dwi dem maama maŋe se á ta‑á guli dɛ dento gula mo maŋa maama. Á wó di kuri dem bene maama wone se ko taa vei wuu. De ye chulu dɛ mo de pae abam se á ma á zuli amo Baŋa Wɛ.
15Kwei-na da yarepɛ á di bworobworo-memene selo na ba jege sabɔle se wone to. Yanto da yam boboa dɛ dem ne, á nam jege se á kwei sabɔle delo maama na wo á sam ne to mo á dole á yage. Da yarepɛ yam wone, wolo maama ná di bworobworo kolo na jege sabɔle to, amo wó le konto tu mo a nɔɔna bam tetare ne. 16Da yam boboa dɛ dem ne, dedaane da yarepɛ dɛ dem ne, á wó jeeri daane á zuli Baŋa Wɛ mo. Nɔɔn-nɔɔno ba jege se o toŋe totoŋa da yalei yam konto ne. Abam nam wó wane á saŋe á wodiiru.
17Bene maama wone abam jege se á di Bworobworo-memene kuri dem mo. Kokuri to, ko ye dɛ dem amo na le abam kɔgɔ de kɔgɔ a ja a nwoŋi Ejipti ne to mo. De ye chulu dɛ mo se ko taa vei wuu. 18Ko zege boboa chana kam da fuga-yana dɛ dem dedaan-ni ne, se ko vo ko yi ka da finlei-dedwe dɛ dem dedaan-ni ne, se á di bworobworo kolo sabɔle na tere ko wone to. 19Da yarepɛ yam wone, sabɔle dae se de taa wo nɔɔn-nɔɔno sɔŋɔ ne. Wolo ná di bworobworo kolo na jege sabɔle ko wone to, amo wó le konto tu a nɔɔna bam tetare ne, konto tu ze ye Isarele tu naa veiru de. 20Abam na zoore jei selo maama ne to, se á yé di woŋo kolo na jege sabɔle ko wone to.”
Moses berem dem
21Moses déem ma bwoŋi Isarele nakwa bam ye o ta-ba o we, “Nɔɔno maama véi o kuri varem wolo o na wó go Atɔgebabaŋa kuri dem ŋwaane to, se o de o diga tiina wane ba di. 22Abam ta wó beeri Husopa vɔ-lɛɛro, se á de te nia yam zoŋa de ka wo jana wone. Á laam wó kwei jana bam á taare á sam dem manchwo-nia yam sɛ selei sem dedaane baŋa kam mo. Maŋe-na á sam dem ne se tega poore. Nɔɔn-nɔɔno yé nwoŋi pwooni ne. 23Baŋa Wɛ wó ba o beeri Ejipti logo kom ne se o go Ejipti tiina bam. O nam ná nɛ jana bam abam manchwo-nia ne, de ya baŋa kam, de ya sɛ sem ne, o bá pa se toone maleka kam zo á sam wone se o chɔge abam. O wó tɔge abam baŋa mo o kɛ. 24Abam de á kwaga kam maama jege se á sɛ á ta‑á ke chullu tento mo taa wuu. 25Abam nam ná tu á zo teo kom Baŋa Wɛ na gwoni ni se o pa abam to, se á guli á ta‑á ke chullu tem konto. 26Abam bia ná tu ba bwei abam we ‘Keim dento kuri mo bɛ?’, 27se abam de wane á ta de-ba we ‘Ko ye Atɔgebabaŋa kaanem mo debam wora de ke se de ma de zuli Baŋa Wɛ. Kokuri to, dé déem na wo Ejipti ne to, Baŋa Wɛ duri dé ŋwaŋa mo o tɔge debam sam dem baŋa o kɛ, ye o vo o chɔge Ejipti tiina bam.’ ”
Moses na tage konto o ti to, Isarele tiina bam ma chɔɔle ba yibia tega ne ba zuli Wɛ. 28Ba ma vo ba ke kolo maama Baŋa Wɛ na tage o bere Moses dedaane Aron to.
10. Bakeiri-kwe sem toone dem
29Tete-koro ne, Baŋa Wɛ déem ma go Ejipti teo kom bakeiri-kwe sem dwi dem maama. Ko zege Ejipti Pɛ na jei paare yituŋu kom baŋa ne to bu-kwea kam, se ko yi ŋweeno wolo na wo peena diga ne to bu-kwea kam, ko ta woli de vara dwi maama de bu-kwe sem. 30Tete dem konto ne mo Pɛ wom de o nakwa bam, dedaane Ejipti tiina bam maama zaŋe ba yɔɔre ba keeri ŋɔɔ! Ejipti tiina maama déem chɛ mo dedaane keira, kolo ŋwaane sɔŋɔ déem tera teo kom wone ye nɔɔno wo tege ko wone.
Isarele tiina bam nwoŋi Ejipti ne
31Dento tete ne Pa-faro wom ma toŋe o bwoŋi Moses de Aron. O ma ta de-ba o we, “Nwoŋi-na á viiri á daare a teo! Ja-na Isarele tiina bam maama se á vo á zuli Baŋa Wɛ nenɛɛne á na beeri chwoŋa se á ke tei to. 32Kwei-na á pei sem, de á bone dem, dedaane á naane dem maama á woli da á viiri. Á ná via, se á lwoori á Wɛ wom se o zaane taa wo amo de baŋa ne.”
33Ejipti tiina bam déem ma bobo se ba taa lwoori Isarele tiina bam se ba ke lela ba viiri. Ba ma ta ba we, “Abam ná wo viiri lela, debam maama wó ji twa mo.” 34Isarele tiina bam déem ma kwei ba muni delo sabɔle ta na wo ke de wone to, ba ke zwe selo ba na mae ba viiri muni dem to wone. Ba ma vɔ te maama ba ke ba gwaaro wone, ye ba daare ba kwei tento maama ba daŋe ba bakale baŋa ne ba ja ba kɛ. 35Isarele tiina bam déem ke kolo maama Moses ya na bere-ba to. Ba ya vei Ejipti tiina bam tei ba bwei se ba jwoŋi sabu-seŋa wonnu, de lu-nyenno wonnu, ko woli de gwaaro mo ba tei ne. 36Baŋa Wɛ déem pɛ se Isarele tiina bam kikia su Ejipti tiina bam yi mo. Ba déem yɔɔre ba pa-ba kolo maama ba na wó bwei ba tei ne to mo. Ko déem ke konto mo, ye Isarele tiina bam wane ba vere Ejipti tiina jejegero tem ba ja ba viiri.
37Isarele tiina bam déem ma zege Ramesesa ne ba kwei chwoŋa ba maa vei Sukofa. Ba déem ye baara morro kuni bia yaredo (600,000) mo, ye bia de kaana de woli da. Banto maama déem nam ya vei de nɛ mo. 38Nɔɔna badwonna dedɛ de déem tɔge-ba se ba kɛ. Ba déem ta jege vara na ye pei, de bone, dedaane naane dedɛ. 39Ba ma kwei bworobworo muni delo ba na jaane ba nwoŋi Ejipti ne ye sabɔle tere de wone to ba ma fɔge bworobworo se ba di. Nɔɔna bam déem na ke lela ba zaŋe ba nwoŋi Ejipti ne to ŋwaane, ba wo nɛ pwola se ba ti wodiu kom yiga, naa se ba ke sabɔle da se ko fole.
40Isarele tiina bam déem jeini Ejipti tega kam ne bena bia yana de fintɔ (430) mo. 41Bena bia yana de fintɔ kom (430) ni déem ma ja chekke. Dɛ dem konto ne nɔɔ mo Baŋa Wɛ kɔgɔ kom déem nwoŋi da Ejipti teo ne kɔgɔ de kɔgɔ. 42Tete dem konto ne mo Baŋa Wɛ déem yere o nɔɔna bam, ye o ja-ba o nwoŋi da Ejipti teo kom ne. Bene maama wone, dɛ dem konto ná yeini de yi, se Isarele tiina bam de yere ba tete se ba yé dɔ. Ba de ba dwi dem maama wó ke konto mo se ba ma zuli Baŋa Wɛ.
Atɔgebabaŋa kuri dem chullu
43 Baŋa Wɛ déem daa ma ta de Moses dedaane Aron o we, “Atɔgebabaŋa kuri dem chullu mo tento: Dwi-gɛ tu ba jege se o tɔge o di Atɔgebabaŋa kuri dem. 44Se ko ná ye kabɛ selo abam na yeigi-se, ye ba gwoni se peina to, sento wó wane se tɔge se di. 45Veira balo na zoore abam tei ne ye ba toŋe ba pa abam ŋweero ŋwaane to ba jege se ba tɔge ba di kuri dem. 46Sɔŋɔ kolo wone abam na wó go varem wom to, mo á wó maŋe ko wone á di nɔna yam maama. Yé ja-ya á nwoŋi pwooni, nam yé bwori-na o kwi de dedoa de. 47Isarele tiina kɔ-fɔrɔ kom maama nam mo wó da daane ba di kuri dem konto. 48Dwi-gɛ tu ná zoore abam wone ye o ná boŋe se o tɔge o di Atɔgebabaŋa kuri dem o ma zuli Baŋa Wɛ, konto tu jege se o wuuri o gwoni o sɔŋɔ baara bam de bakeiri sem peina mo. O ná ke konto, o jege chwoŋa se o tɔge o di kuri dem, ne o na ye Isarele tu chekke to ŋwaane. Baaro wolo nam na wo gwoni o peini to bá tɔge o di kuri dem. 49Chullu tem ye bedwe mo te pae nɔɔno maama, ba ná loge konto tu ye o ye Isarele tu naa, o ná ye dwi-gɛ tu mo ye o zoore abam wone.”
50Isarele tiina bam déem ma sɛ, ye ba ke kolo maama Baŋa Wɛ na tage o bere Moses de Aron se ba ke to. 51Ko déem maa ye dɛ dem konto ne mo Baŋa Wɛ jaane Isarele tiina bam o nwoŋi Ejipti teo kom ne, ba kɔgɔ de ba kɔgɔ.",https://www.bible.com/bible/3661/EXO.12.KBG
NWOŊIM 13,"Wo-kwe sem
1 Baŋa Wɛ déem laam ma ta de Moses o we, 2“Isarele tiina wone wo-bɛ dwi maama ná ye bu-kwe, se á pɔɔre-se á pa amo. Ko ná ye nabiina wone, naa vara wone wo-kwe selo na ye baara to maama ye amo nyem mo.”
Moses berem dem
3Moses déem ma ta o bere nɔɔna bam o we:
“Ta‑á guli-na dɛ dento gula se ko taa vei wuu. De ye dɛ delo abam na nwoŋi Ejipti teo kom ne to mo. Dáane, á déem ye kabɛ mo. Baŋa Wɛ ma kwei o dam-fɔrɔ o ma o vere abam o ja o nwoŋi jei sem konto ne. Abam ná yeini á guli-de, ko ba jege se á di bworobworo kolo na jege sabɔle ko wone to. 4Zem mo abam lage á nwoŋi Ejipti ne. Ko ye boboa chana kam mo, ko yere maa ye Abibi chana kam. 5Baŋa Wɛ nam maŋe o gwoni ni de á nabaara bam we o wó pa abam zo tega kadwoŋi mo se á ta‑á tei-ka. Ko nam ye tega kalo Kanaan tiina bam na zoore da to, de Hiti tiina bam, de Amori tiina bam, de Hivi tiina bam, dedaane Jebusi tiina bam mo. Tega kam konto ywomma mo de varem de kɔnɔ. Abam ná yi da, bene maama ne, se á di kuri dento Abibi chana kam ne. 6Abam ná yeini á di kuri dem, á wó kwei da yarepɛ mo á ma á di bworobworo kolo sabɔle na tera ko wone to. Ya kweelim dɛ dem ne, á wó di kuri dem á ma á zuli Baŋa Wɛ. 7Da yarepɛ yam konto maama wone, á wó ta‑á di bworobworo kolo sabɔle na tera ko wone to mo. Da yam konto maama wone, se á yé sɛ se bworobworo kolo na jege sabɔle to taa wo abam tei ne. Abam na zoore mɛ maama to, sabɔle bá taa wora á tei ne.
8Da yam konto ne, se á ta‑á tɛ á bere á bia we ‘Dé wora dé ke tento se dé guli Baŋa Wɛ na ke o pa debam maŋa kalo o na pɛ se dé nwoŋi Ejipti teo ne to mo.’ 9Kuri dem konto wó taa ye memaŋe mo de pae abam, nenɛɛne á na vɔge woŋo á je ne naa á tira ne se á yé swei tei to. Konto to, Baŋa Wɛ taane wó taa wo á boboŋa ne dedaane á nia ne, se á yé swei-de. Kokuri to, Baŋa Wɛ mo mɛ o dam-fɔrɔ o ma o vere abam o ja nwoŋi Ejipti ne. 10Bene maama wone, abam wó ta‑á di kuri dento mo ka maŋa ne.
11 Baŋa Wɛ wó seene o ja abam o zo tega kalo Kanaan tiina bam na zoore mɛ leile ye o pwooli de abam de á nabaara bam we o wó pa abam se á ta‑á tei to. 12Á ná zo da, á jege se á le wo-bɛ dwi maama na dɛ yiga se nwoŋi se niina puga ne to á pɔɔre-se á pa Baŋa Wɛ. Abam vara bam wone wo-kwe selo na ye baara to ye Baŋa Wɛ nyem mo. 13Ko nam ná ye bona-bea kalo na dɛ yiga ka nwoŋi ka nu puga ne to, á wó kwei pipeila mo á ma á leiri ka yuu ne á pɔɔre á pa Wɛ. Abam nam ná ba lage se á ke konto á leiri bonaga kam yuu ne, se á bwori ka ba á go-ka. Ko ná ye á tete bia, á jege se á kwei wonnu mo á leiri bu-kwe sem yuu ne á pa Baŋa Wɛ.
14Jwa seeni, abam bia ná bwei abam se ba lɔre chullu tem kuri na ye tei to, se á ta de-ba we ‘Dé déem ye kabɛ mo Ejipti teo kom ne. Baŋa Wɛ ma kwei o dam-fɔrɔ o vere debam o ja o nwoŋi dé kabɛɛne dem wone. 15Ejipti Pa-faro wom bochare déem dana mo ye o ve se o pa debam chwoŋa se dé viiri. Konto ŋwaane, Baŋa Wɛ déem go bu-kwe sem dwi maama Ejipti ne, vara dedaane nabiina maama. Konto ŋwaane mo debam yeini dé kwei vare-kwe sem dé ma ke kaanem dé pa Baŋa Wɛ. Ko daare ko ná ye debam tete bakeiri-kwe sem, dé yeini dé ma wonnu dé leiri ba yuu ne dé pa Baŋa Wɛ.’
16Chullu tento wó taa ye memaŋe mo te pae abam nenɛɛne á na vɔge woŋo á je ne naa á tira ne se á yé swei we Baŋa Wɛ mo mɛ o dam-fɔrɔ o ja debam o ja o nwoŋi Ejipti ne to.”
Isarele tiina bam kwei chwoŋa ba nwoŋi Ejipti ne
17Ejipti Pa-faro wom na pɛ nɔɔna bam chwoŋa se ba viiri to, Wɛ déem wo pɛ se ba kwei chwoŋa kalo na tɔge Filisi tiina laŋa kam to, de ka na maŋe ka ye chwo-kukua to de. Wɛ déem boŋe o tete ne we, “Nɔɔna ná jeeri Isarele tiina bam de jara, ba wó wane ba leiri ba boboŋa ye ba pipiri ba jwoori Ejipti ne.” 18Konto ŋwaane, Wɛ ma pa se ba jwoori ba gugwoli ba kwei chwoŋa kalo na tɔge kagoa kam wo ka maa vei Nane-soŋo kom seeni to. Isarele tiina bam maa vei ye ba vɔ ba tete keiri-keiri, se jara ná yi-ba, se ba ke-ya.
19Moses déem kwei Josɛf kwi sem mo o woli da se ba ja ba viiri. Kokuri to, Josɛf déem pɛ se Isarele bia bam du duuri mo, ye o ta-ba we, “Wɛ wó ba o vere abam o yage. Ko nam ná ke konto, se á ja amo kwi sem á nwoŋi da jei sento ne.”
20Isarele tiina bam ma zege Sukofa ne ba vo ba yi Etam. Jei sem konto wo kagoa kam ni ne mo. Ba ma chwi ba vwoa dáane. 21Ba na maa vei to, Baŋa Wɛ déem yeini o tɔge ba yiga mo. Wea ne o yeini o nye de kunkwoŋo mo, ko na zege deiki ba yiga ne se ba lɔre chwoŋa. Ko daare tete ne, o maa nye de mini na zege deiki mo ye de tɔge ba yiga ko bere-ba chwoŋa pa se ba via. Konto ma woli se wea de tete maama ba ta wae ba via. 22Wea maama wone, kunkwoŋo kom déem wo nɔɔna bam yiga ne mo. Mini dem de maa wo ba yiga ne tete maama ne.",https://www.bible.com/bible/3661/EXO.13.KBG
NWOŊIM 14,"1 Baŋa Wɛ laam ma ta de Moses o we, 2“Ta n bere Isarele tiina bam se ba pipiri ba vo Pi-Hahirofa seeni se ba chwi ba vwoa yam da. Ko maa wo Migidola dedaane naneo kom tetare laŋa ne, ye ko jeeri Baal-Zefon mo. 3Ejipti Pɛ wom nam wó boŋe we Isarele tiina bam kare ba beeri mo jei maama ba yeiri chwoŋa. O maa wó ta we, kagoa kam mo chege ba chwoŋa. 4Amo nam daa ta wó pa se o bochare taa dana. O wó pare abam se o ja o jwoori. Tento mo amo wó na chwoŋa a wane Pa-faro wom de o jar-keira bam pa se a laam jwoŋi a zula. Ejipti tiina bam wó lɔre we amo mo ye Baŋa Wɛ.” Nɔɔna bam déem ma sɛ ba ke Wɛ na bere-ba kolo to.
5Nɔɔna ma ta ba bere Ejipti Pɛ we Isarele tiina bam duri mo ba viiri. O de o nakwa bam ma leiri ba boboŋa ye ba we, “Bɛŋwaane mo dé wó pa Isarele tiina bam chwoŋa se ba lu dé jeŋa ne? Debam gɛ de kabɛ sem mo konto!” 6Pɛ wom déem ma pa se ba ja o jara-keim toroko kolo sisein-nɔɔna na vaŋe to ba ba ba pa‑o, ye o daare o la o jar-keira bam o ke daane. 7O ma kwei o jara-keim torokooro maama de balo na diini-se to. Te maama wone bia yaredo (600) mo tiini te lamma dedɛ. Toroko maama jege ko dedɛɛro mo.
8 Baŋa Wɛ déem ya pɛ se Ejipti Pa-faro wom bochare tiini ko dana mo, pa se o pare Isarele tiina bam se o ja. Ko nam ná ye Isarele tiina bam, banto déem vei dedaane baare mo. 9Ejipti tiina bam ma pare-ba se ba ja. Ko maa ye Pɛ jar-keira bam, de ba sisei sem, de ba torokooro tem, dedaane balo na diini-se to maama mo pare Isarele tiina bam ba vo ba yi mɛ ba déem na chwi ba vwoa yam da to. Jei sem konto déem wo naneo kom teiŋa ne mo. Ko maa bwola dedaane Pi-Hahirofa, ye ko jeeri Baal-Zefon. 10Isarele tiina bam ma nii ba na Pa-faro wom de o nɔɔna bam na vei ba maa zaŋe ba baŋa ne. Foone ma tiini de ja-ba. Ba ma kaase ba jare Baŋa Wɛ se o zeini-ba. 11Ba ma bwɛ Moses ba we, “Nmo jaane debam n ba ywo-seeni se dé te kagoa kanto ne mo na? Yibeela mo tera Ejipti ne se ba ke debam ya wone na? Bɛ mo ye n ja debam n nwoŋi Ejipti ne? 12Dé ta na wo jei sem konto ne to, dé lɔre konto mo ye dé ta dé bere‑m. Dé tage de nmo se n yage debam chemm, se dé taa toŋe dé pae Ejipti tiina bam. Dé ya ná maŋe dé kabɛɛne dem wone, ko ya wó taa gare dé na lage dé te kagoa kam ne tento to!”
13Moses ma ta de-ba o we, “Yé ta‑á kɔre-na foone! Ta‑á zege-na de baare, se á wó na Baŋa Wɛ na wó ke tei o vere abam zem dɛ dem ne to. Ejipti tiina banto abam na nɛ ba na maa beene zem to, á daa bá na-ba maŋa de maŋa. 14Baŋa Wɛ mo lage o ja jara o pa abam. Abam wó ta‑á zege da chemm mo ye á nia.”
15 Baŋa Wɛ ma ta de Moses o we, “Bɛŋwaane mo ye nmo zege n kaase n jare-ne? Ta de nɔɔna bam se ba taa tutwoni ba vei yiga! 16Se nmo zeiŋi n nacheiga kam! Twe-ka naneo kom baŋa ne, se na bam pɔɔre belei. Chwoŋa wó peini na bam tetare ne se Isarele tiina bam nɔne te-kora baŋa ne ba bɛ bubɛ dedem dem ne. 17Amo laam wó pa se Ejipti tiina bam bochara taa dana. Ba wó tɔge abam kwaga ba zo naneo kom wone. Dáane mo amo wó wane Pa-faro wom de o jar-keira bam, de ba torokooro, de ba sisein-dira maama pa se a laam jwoŋi a zula. 18Amo ná wane Pɛ wom de o jar-keira bam konto, Ejipti tiina bam wó lɔre we amo mo ye Baŋa Wɛ.”
19Wɛ maleka kam déem na yeini ka tɔge Isarele tiina jar-keira bam yiga to laam ma tutwoni ka vo ka zege ba kwaga ne. Kunkwoŋo kom de ma kɛ ko vo ko zege deiki ba kwaga ne. 20Ko déem zege Ejipti tiina kɔgɔ kom dedaane Isarele tiina kɔgɔ kom tetare laŋa ne mo. Kunkwoŋo kom ma pa se ko ye lim Ejipti tiina bam tei ne tete dem konto maama ne. Se ko ná ye Isarele tiina bam, banto déem jege pwooni mo. Tete dem konto ne ba kɔgɔ kom déem ware se ba yi da-tei.
21Moses déem ma twe o jeŋa naneo kom baŋa ne. Tete dem maama ne, Baŋa Wɛ ma pa se vo-dɛɔ nwoŋi wɛ-puli seeni ko ba ko dole buga kam baŋa ne. Na bam déem ma pɔɔre belei ye te-kora peini ba tetare ne. 22Isarele tiina bam déem vei te-kora baŋa ne mo ba bɛ naneo kom. Na bam déem nye de kabira mo na chege ba jazem dedaane jagwia maama. 23Ejipti tiina bam déem ma duri ba pu Isarele tiina bam kwaga ba tu buga kam wone. Ba déem jaane ba sisei, de ba torokooro tem mo, ko woli de ba sisein-dira bam maama ba tu da. 24Te-pora ni ne mo Baŋa Wɛ zege kunkwoŋo kom na jege mini to wone o guni o nii Ejipti jar-keira bam ye o pa se vuvuga to ba tetare ne. 25O déem ma pa se ba torokooro tem nɛ sem moore pa se ko chamma se ba wane ba vo ba bɛ. Ejipti tiina bam laam ma ta ba we, “Pa-na se dé duri dé jwoori-na se dé lu Isarele tiina jeŋa ne! Kokuri to Baŋa Wɛ mo wora o jaane jara o woli-ba se ba wane debam.”
26 Baŋa Wɛ ma ta de Moses o we, “Twe n jeŋa naneo kom baŋa ne se na bam jwoori ba pu Ejipti tiina bam, de ba torokooro tem, de ba sisein-dira bam maama.” 27Moses ma twe o jeŋa naneo kom baŋa ne. Tega na jege ka poore to, na bam ma jwoori ba ke daane nenɛɛne ko ya na maŋe ko ye tei to. Ejipti tiina bam nam ya kwaane mo se ba lu, ye Baŋa Wɛ kale banto o de naneo kom wone. 28Na bam na jwoori ba ke daane to, ba ma pu Ejipti tiina kɔgɔ kom maama, de ba torokooro tem, de ba sisein-dira bam. Nɔɔno de dedoa tete de wo wane se o lu. 29Se ko daare Isarele tiina bam, banto ya vei te-kora baŋa ne mo ba vo ba bɛ naneo kom. Na bam déem nye de kabira mo na chege ba jazem dedaane jagwia maama. 30Dɛ dem konto ne mo Baŋa Wɛ vere Isarele tiina bam Ejipti tiina bam jeŋa ne o yage. Isarele tiina bam déem ma tole ba na Ejipti tiina bam na tege ba tiga bubɛ dem baŋa ne. 31Ba déem nɛ Baŋa Wɛ na kwei o dam-fɔrɔ kom o ke totoŋ-kamunnu o ma o wane Ejipti tiina bam to. Ba laam ma kɔre Baŋa Wɛ ye ba daare ba ke ba wo-dedoa ded‑o. Ba ta ma ke ba wo-dedoa de Wɛ tontoŋeno Moses.",https://www.bible.com/bible/3661/EXO.14.KBG
NWOŊIM 15,"Moses leiŋa kam
1Moses dedaane Isarele tiina kɔgɔ kom ma leeni leiŋa kanto se ba zuli Baŋa Wɛ:
Amo wó leeni a zuli Baŋa Wɛ,
o na pɛ o yere zaŋe wɛɛne to ŋwaane.
O jaane siseiŋa dedaane wolo na diini-ka to
o dole o de naneo kom wone.
2 Baŋa Wɛ mo ye wolo na pa-ne dam to,
ye wonto ŋwaane mo a leena.
O ma bere o tete we o ye amo vereno wom.
O ye amo Tu Wɛ mo ye amo wó taa tei‑o.
Amo kwo Wɛ mo konto.
Amo wó zeiŋi o yere wɛɛne.
3 Baŋa Wɛ ye babea mo.
O yere mo ye ‘Taa-wuu Baŋa Wɛ’.
4O vuvugi Ejipti Pɛ wom jar-keira bam
de ba torokooro tem
o de Nane-soŋo kom wone.
Na bam ma pu Pɛ wom jar-keira dedɛɛra bam pa se ba te.
5Naneo kom na-luŋa kam ma kwoli-ba.
Ba ma misi ba zo kuri kuri nenɛɛne kandwa mo tei.
6Debam Yuu-tu Baŋa Wɛ,
nmo jeŋa jege dam-fɔrɔ chekke!
Nmo jazem dem mage dé dona pa se n wane-ba.
Debam Yuu-tu Baŋa Wɛ, nmo jeŋa jege dam!
7Nmo ma‑n wane n dona pa se n yere tiini de zaŋe.
Nmo bane tiini de zaŋe ba baŋa ne,
nenɛɛne n na tɔrege mini n zwɛ ga-korro tei to.
8Nmo momwa vio yerane mo pɛ se
naneo kom na bam daŋe da-baŋa ne.
Ba zege mo cheppe nenɛɛne kabira dwoŋi mo to.
Na-luŋa kam ma leiri ka ji te-dɛa.
9Debam dona bam ya boŋe ba we,
“Pa-na dé duri dé pu ba kwaga se dé ja-ba.
Dé wó kwei se-zɔɔro dé chɔge-ba,
ye dé vere ba wonnu dé pɔɔre dé pa daane.
Dé wó na kolo maama dé na lage to.”
10Nmo nam na sii vio n yage naneo kom baŋa ne to,
na bam pugi Ejipti tiina bam mo
ye ba misi na-luŋa kam kuri ne,
nenɛɛne luu na misi tei to.
11 Baŋa Wɛ!
Wa yam maama wone nmo dwoŋi tera!
Nmo zula yam gaale! Nmo yere zaŋe wɛɛne!
Nmo ma‑n mae n dam-fɔrɔ n ke wo-kenkagela
ye n dwoŋi tera!
12Nmo twe n jazem dem yerane mo,
ye tega kam puri ka li dé dona bam.
13Nmo dɛ n swono kom ŋwaane mo,
n jwoŋi n nɔɔna bam cham wone.
N ma‑n tɔge n dam dem ŋwaane n kale-ba
n ja n vo nmo tete jeiga kam.
14 Dwi-gɛ tiina bam ma ni keim dento ŋwa,
pa se ba yera sae.
Lwia maa jege Filisi tiina bam ye ba yera chɛ.
15Edom tiina pwa bam laam fom mo.
Moaba dedɛɛra bam yera maa sae.
Kanaan tiina bam baare maama ma jei.
16Foone de lwia mo laam jege-ba,
ba na nɛ nmo dam-fɔrɔ kom to ŋwaane.
Ba zege ba nii mo de foone
ye n nɔɔna bam da ba yiga ne ba kɛ.
Baŋa Wɛ!
Nmo vere n nɔɔna bam n ja nwoŋi ba kabɛɛne wone,
ye ba dona bam zege ba nia!
17Nmo jaane-ba n zo n tete tega kam ne,
pa se ba zoore nmo peo kom yuu ne.
Amo Teiru Baŋa Wɛ!
Jei sem konto mo n kuri se n ta‑n zoore da.
Ko maa ye n sɔŋɔ kom, n tete jea na lɔge to.
18 Baŋa Wɛ paare dem wó taa wora wuu mo.
19Chega ŋwaane to, Isarele tiina bam déem vei te-kora baŋa ne ba bɛ naneo kom mo. Ko nam ná ye Ejipti tiina jar-keira torokooro tem, dedaane ba sisein-dira bam, banto na kwaane se ba bɛ to, Baŋa Wɛ pɛ se na bam jwoori ba ke daane ba pu-ba.
20Aron nakɔ Miriam déem ye Wɛ ni-jwoŋinu mo. O ma kwei senyaga se o ma o leeni leiŋa. Kaana bam maama de tɔge ded‑o ba maa jege senyɛ ba wɔe ye ba sae. 21Miriam déem leeni leiŋa kanto mo o bere-ba:
“Leeni-na á zuli Baŋa Wɛ,
o na pɛ o yere zaŋe wɛɛne to ŋwaane.
O jaane siseiŋa dedaane wolo na diini-ka to
o dole o de naneo kom wone.”
Na-chɛɛra
22Moses déem ma ja Isarele tiina bam o zege Nane-soŋo kom ne o vo o zo kagoa wo, ka yere na ye Sura to. Ba déem kare ba vei kagoa kam wone da yatɔ maama mo, ye ba wo nɛ na se ba nyɔ. 23Ba ma vo ba yi Mara jei sem. Na maa wora, ba na ye na-chɛɛra ye nɔɔna bam ware ba nyɔ to. (Konto mo pa se ba bwoi jei sem konto yere we Mara).
24Nɔɔna bam ma bobo se ba taa poona ye ba ta bwɛ Moses ba we, “Bɛ mo debam lage de nyɔ ye na bam chamma tento?” 25Moses ma lwoori o jare Baŋa Wɛ. Wɛ ma bere‑o tio kodwoŋi naga. O ma kaare-ka o de na bam wone. Na bam ma leiri ba ji na-ywona.
Dáane mo Baŋa Wɛ kwei o ni dem o tiŋi o pa nɔɔna bam se ba taa tɔga, ye o daare o faŋe nɔɔna bam o nii. 26O ma ta de-ba o we, “Nenɛɛne abam na wó sɛ á cheigi amo kwora lanyerane, ye á tɔge chwo-laao amo yiga ne, ye á daare á ke á tɔge amo nia yalo maama a na bere abam to, amo bá sɛ se jaweero telo dwi na daane Ejipti tiina bam to ja abam. Amo mo ye Baŋa Wɛ, wolo wom na zuri á jaweero to.”
27Ba ma zege dáane ba vo ba yi jeiga kadwoŋi, ka yere mo Elim. Jei sem konto ne mo buli-yia fuga-yalei dedaane konkware teeni fuserepɛ wora. Nɔɔna bam déem ma chwi ba vwoa buli-yia yam teiŋa ne.",https://www.bible.com/bible/3661/EXO.15.KBG
NWOŊIM 16,"Bworobworo de nɔna
1Isarele tiina kɔgɔ kom maama déem zege Elim ne mo ba vo ba yi kagoa, ka yere mo Sin. Jei sem konto nam wo Elim dedaane Sinayi Peo kom tetare laŋa ne mo. Ba na nwoŋi Ejipti to, chane selei sem da fuga-yanu dɛ ne mo ba vei ba yi da. 2Ba na wo kagoa kam ne to, mo nɔɔna bam maama bobo se ba taa poona ye ba bwɛ Moses de Aron. 3Ba maa we, “Baŋa Wɛ ya ná maŋe o pa se dé te Ejipti ne ko gare tento! Dáane, dé nae wodiu dé di, ye dé done nɔna dé sui. Abam ma ja debam á pa dé nwoŋi da dé ba kagoa kanto ne, se kana go dé kɔgɔ kom maama.”
4 Baŋa Wɛ ma ta de Moses o we, “Amo wó pa se bworobworo nwoŋi wɛyuu ne, nenɛɛne doa na nena tei to. Dɛ maama nɔɔna bam jege se ba nwoŋi pwooni mo ba pɛ wodiu kolo na wó maŋe de ba dɛ wone dim to. Amo lage a faŋe-ba mo a nii, ba wó sɛ a ni dem naa ba bá sɛ-de. 5Nam ta de-ba se, da yaredo dɛ dem ne se ba pɛ ba dɛ wone wodiu kuni belei, se ba ja ba zo ba sam dem wone.”
6Moses de Aron ma ta de Isarele tiina bam maama we, “Zem dedaan-ni ne mo abam wó lɔre we Baŋa Wɛ mo jaane abam o ja o nwoŋi Ejipti teo kom ne o ba ywo-seeni. 7Tega ná poore, á lage á na Baŋa Wɛ nenɔŋ-fɔrɔ kom na tiini ko nyeene to mo. Kokuri to, o nigi abam na poona ye á bwɛ‑o tei maama to. Abam na poona konto to, ko ye Wɛ mo á jege á bwɛa. Debam dae kolokolo se á bwɛ debam.” 8Moses laam ma ta o we, “Tega ná lage ka yi, Baŋa Wɛ wó pa abam nɔna se á done. Tega ná poore, o ta wó pa abam bworobworo se á di á su. Abam na poone tei to, ko ye Baŋa Wɛ mo á jege á bwɛa, ye ko dae debam. Baŋa Wɛ nam mo nigi á pompona kam.”
9Moses déem ma ta de Aron o we, “Ŋɔɔne dedaane Isarele tiina kɔ-fɔrɔ kom we, ‘Baŋa Wɛ nigi á pompona kam. Á ba á la daane o yiga ne.’ ” 10Aron déem ta na ŋɔɔne dedaane nɔɔna bam to, ba kwoni ba yum ba nii kagoa kam seeni mo. Ba ma na Baŋa Wɛ nenɔŋ-fɔrɔ na tiini ka nyeene kunkwoŋo kom wone tei to. 11Baŋa Wɛ laam ma ta de Moses o we, 12“Amo nigi Isarele tiina bam pompona kam maama. Nam ta de-ba we ‘Tega ná lage ka yi, abam wó done nɔna, se te-pora ne á di bworobworo á su. Konto mo wó pa se á lɔre we amo mo ye abam Tu Baŋa Wɛ.’ ”
13Dedaan-ni dem konto ne, lwi dedɛ ma zaŋe se ba se faare mɛ nɔɔna bam na zoore to. Tega daa na poore to, nyɔnɔ ma to ko gilimi ba vwoa yam maama. 14Nyɔnɔ kom ma we, ko daare wo-meena yalo na ye fefala ye ya bwona to maa faare tega kam maama kagoa kam ne. 15Isarele tiina bam na nɛ-ya to, ba wo lɔre ya na ye woŋo kolo. Ba maa bwei daane ba we, “Bɛ mo tento?” Moses ma leiri-ba o we, “Bworobworo kolo Baŋa Wɛ na pɛ abam se á ta‑á di to mo konto. 16Baŋa Wɛ nam we á ta‑á ke tento mo: ‘Nɔɔno maama jege se o pɛ tei na wó maŋe o dim de o diga tiina dim to mo. Nɔɔno maama wó wane o na bɔŋa dedoa.’ ”
17Isarele tiina bam ma vo ba ke konto. Badwonna déem pɛ dedɛ mo ye babam pɛ fenfee. 18Ba déem na mɛ bɔŋa ba maŋe nɔɔno maama na pɛ kolo to mo ba maane we balo na pɛ dedɛ to daa wo nɛ se ko dwoni ba dim. Ko nam wo muri ko pa balo na pɛ fenfee yerane to. Ba maama déem nɛ tetei na maŋe de-ba to mo.
19Moses ma ta de-ba o we, “Nɔɔn-nɔɔno yé pa se wodiu konto peini o tei ne ko poore tega.” 20Nɔɔna badwonna ma ve se ba sɛ Moses taane dem. Ba déem ma di ba daare pa se ko poore tega. Wodiu kom ma ji kanzwa ye ko laam lwoi. Moses bane ma zaŋe de nɔɔna bam konto. 21Dɛ maama tetete, ba maa yeini ba pɛ tetei na wó maŋe de ba dim to. Wea ná yeini ka di wɛɛne, kolo maama na daare tega ne to wó nyeene mo.
22Da yaredo dɛ dem ne, ba déem pɛ wodiu kom kuni belei mo, bwɛ selei nɔɔno maama ŋwaane. Ba nakwa tiina bam ma vo Moses tei ba ta ba bere‑o ko na ke tei to. 23O ma ta de-ba o we, “Baŋa Wɛ na tage kolo to mo tento: ‘Baŋa Wɛ mo pɔɔre jwa dɛ dem se de taa ye de yera da maama wone. O nam ke-de se de taa ye siu dɛ mo se á ma á zuli‑o. Konto ŋwaane, wɔ-na woŋo kolo maama na maŋe de wɔɔm to se á saŋe kolo maama na maŋe de saŋem to. Ke-na konto zem se woŋo kolo ná daare, se á tiŋi-ko jwa ŋwaane.’ ” 24Nɔɔna bam ma ke tei Moses na tage to. Ba déem zege wodiu kolo na daare to pa se tega poore. Ko maa wo zo kanzwa, ye ko ba lwoi de.
25Tega na poore to, Moses ma ta o we, “Di-na wodiu kom konto zem, se zem dɛ dem ye siu dɛ mo se á ma á zuli Baŋa Wɛ. Abam zem bá na wodiu jei de jei tega kam baŋa ne. 26Da yaredo mo abam wó ta‑á pɛ wodiu kom. Ko daare da yarepɛ dɛ dem wó taa ye siu dɛ mo ko pae abam. Wodiu bá taa wora se á pɛ-ko.”
27Ko nam na ke tei to, nɔɔna badwonna mo nwoŋi da yarepɛ dɛ dem ne ba beeri wodiu se ba pɛ, ye ba wo nɛ kolokolo. 28Baŋa Wɛ ma ta de Moses o we, “Abam wó ve se á sɛ amo nia yam de a bera yam taa se á vo á maŋe yei ne mo? 29Á wo nɛ? Baŋa Wɛ tiŋi siu dɛ dem o pa abam. Konto ŋwaane mo da yaredo dɛ dem ne Wɛ wó pa da yalei wodiu se á pɛ. Nɔɔn-nɔɔno ba jege se o nwoŋi pwooni da yarepɛ dɛ dem ne. O wó maŋe sɔŋɔ ne mo.” 30Ko ma pa se da yarepɛ dɛ dem ne nɔɔna bam déem sii de ba totoŋa.
31Isarele tiina bam ma bwoŋi wodiu kom yere we ‘Manna.’ Ko déem nye dedaane nyansaŋa bia mo. Ko maa ye napwoŋo, ye ko ywomma nenɛɛne ba mɛ tooro mo ba fɔge maasa tei to. 32Moses ta ma ta o we, “Baŋa Wɛ pɛ o ni dem mo se á kwei Manna yam bɔŋa dedoa á tiŋi jwa ŋwaane. Abam bia jwa wó lɔre wodiu kolo Wɛ na pɛ abam kagoa kam yuu ne, maŋa kalo o na jaane abam o nwoŋi Ejipti ne to.”
33Moses laam ma ta de Aron o we, “Kwei zoŋa n daare n zwɛ Manna n ke ka wone se ka maŋe de bɔŋa dedoa. Laam ja-ka n vo n zege Baŋa Wɛ yiga ne. Á bia jwa wó taa nae Manna yam dáane maŋa maama.” 34Aron déem ma ke kolo maama Baŋa Wɛ na bere Moses to. O kwei Manna yam mo o zege Wɛ ni-gwonim kandwa yalei yam yiga ne se ya taa wo dáane.
35Isarele tiina bam ma di Manna yam bena finna. Ba déem di-ya mo taa se ko taa vei maŋa kalo ba na vei ba yi Kanaan ye ba zoore da to. 36Ba déem na mɛ bɔŋa kalo ba maŋe Manna yam to yere mo ye ‘Omaa’. Omaa kuni fuga mo ye kuriwaa bu dedoa.",https://www.bible.com/bible/3661/EXO.16.KBG
NWOŊIM 17,"Na nwoŋi peo yera ne
1Isarele kɔ-fɔrɔ kom déem ma zege Sin kagoa kam ne, ye ba laam kare ba beeri, nenɛɛne Baŋa Wɛ na yeini o bere-ba se ba vo mɛ to. Ba ma vo ba yi jei sedwoŋi ba na bwoi we Refidim to ye ba chwi ba vwoa dáane. Jei sem konto ne, na déem tera se nɔɔna bam nyɔ. 2Ba ma bobo se ba taa bwɛ Moses ye ba we, “Pa debam na se dé nyɔ!” Moses ma leiri o we, “Bɛ mo ke ye á bwɛ amo konto? Bɛ mo ye abam lage se á maŋe Baŋa Wɛ á nii?” 3Na-nyɔm dem nam na jege nɔɔna bam to, ba déem ta poone ye ba bwɛ Moses ba we, “Bɛ mo maŋe ko ba n yuu ne ye n ja debam n nwoŋi Ejipti ne n ba ywo-seeni? Nmo lage se na-nyɔm mo go debam dedaane dé bia dedaane dé vara maama na?”
4Moses ma kaase o jare Baŋa Wɛ ye o we, “Amo bere a lage a ke nɔɔna banto tetɛ mo? Ba laam boŋe se ba dole-ne de kandwa mo ba go.” 5Baŋa Wɛ ma leiri Moses o we, “Kuri Isarele nakwa bam badwonna se á da nɔɔna bam yiga á kɛ. Kwei n nacheiga kalo n na mɛ n mage Naili buga kam to n woli da n vo. 6Amo wó zege Sinayi peo kom yuu ne se a jeeri abam. Á ná yi da, nmo laam wó ma n nacheiga kam n mage peo kom. Nmo ná ke konto, na wó nwoŋi ko yera ne se nɔɔna bam nyɔ.” Moses ma ke konto Isarele nakwa bam yiga ne.
7Moses déem pɛ jei sem konto yere we ‘Meriba’, de ‘Massa’. Kokuri to, dáane mo Isarele tiina bam poone ye ba maŋe Baŋa Wɛ se ba nii. Ba déem we, “Baŋa Wɛ wo dé tei ne naa o tera mo?”
Amaleki tiina ke jara de Isarele tiina bam
8Isarele tiina bam na wo Refidim ne to, Amaleki tiina bam ma pɔpɔ ba zaŋe ba baŋa ne se ba ke jara de-ba. 9Moses ma ta de Josua o we, “Kuri nɔɔna bam badwonna se á vo á jeeri Amaleki tiina bam de jara. Jwa ne, amo de wó taa zege peo kom yuu ne, ye a zei Wɛ nacheiga kam.”
10Josua ma ke kolo Moses na bere‑o to. O ma vo o jeeri Amaleki tiina bam se o ke jara de-ba. Se ko ná ye Moses de Aron dedaane Hura, banto déem diini peo kom yuu mo ba zege da. 11Maŋa kalo maama Moses je sem na yeini se wo wɛɛne to, Isarele tiina bam yeini ba dana mo jara yam wone. O je sem nam ná yeini se pare se maa tu tega, Amaleki tiina bam de daa maa dana jara yam yiga ne. 12Moses je sem déem ma bugi. Aron de Hura ma tiŋi kandwɛ, ye ba pa se o jeini de baŋa ne. Ba déem ma teili o je sem pa se lɛɛre se wo wɛɛne. Dedoa zei jazem dem, ye wodwoŋi wom de zei jagwia kam. Ba zei Moses je sem wɛɛne konto mo taa se ko yi wɛ-zoore maŋa. 13Ko dɛ chwoŋa kam konto mo ye Josua de o nɔɔna bam ja jara ba wane Amaleki tiina bam.
14 Baŋa Wɛ laam ma ta de Moses o we, “Popone keim dento n tiŋi tɔnɔ ne se nɔɔna guli ko gula. Ta popone we, Amo wó ba a pa se Amaleki tiina yere saare logo baŋa ne, se n daare n pa se Josua taa yei ko ni ne.” 15Moses ma lɔ kaanem bimbini jei sem konto ne ye o bwoŋi-de we ‘Baŋa Wɛ mo ye amo Tuta.’ 16O maa we, “Ba zeiŋi je mo wɛɛne se se jeeri Baŋa Wɛ. Baŋa Wɛ wó ja jara dedaane Amaleki tiina bam mo de ba kwaga kam taa wuu.”",https://www.bible.com/bible/3661/EXO.17.KBG
NWOŊIM 18,"Jetero
1Midian tiina kaanem-tu wodwoŋi déem mo wora, o yere na ye Jetero. Wonto maa ye Moses tembaaro. O ma ni Wɛ na ke tei maama o pa Moses dedaane Isarele tiina bam, ye o ja-ba o nwoŋi Ejipti ne to. 2-3Moses déem nam ya pɛ se o kaane Zipora de o bia balei bam vo o tembaaro Jetero tei ne mo se ba taa wora. Bia bam dedoa yere mo ye ‘Geresom’. Kokuri to, Moses déem we, “Amo ye veiru mo sa-teo ne.” 4Wodwoŋi wom yere maa ye ‘Eliazera’. Kokuri to, o déem we, “Amo kwo Wɛ wom mo woli-ne. Wonto mo jwoŋi-ne Ejipti Pɛ wom jeŋa ne o yage, pa se o wo go-ne.”
5Moses déem maa chwi o vwoa yam Wɛ peo kom teiŋa ne. O tembaaro Jetero déem ma vo o tei kagoa kam ne. O ma ja Moses kaane wom de o bia balei bam o woli da. 6Jetero ya toŋe ni mo o pa Moses o we, “Amo maa beene nmo tei. N kaane wom de n bia balei bam de maa tɔga.” 7Ba na yi to, Moses ma nwoŋi se o jeeri-ba. O déem ma tiiri o tembaaro wom yiga ne, ye o daare o kukwori‑o. Ba ma bwei da-kwaga, ye ba laam daare ba zo Moses vwei dem wone se ba lare. 8Moses ma lwoni kolo maama Baŋa Wɛ na toŋe Ejipti Pɛ wom de o nɔɔna bam yerane pa se o vere Isarele tiina bam to o bere Jetero. O ta ma ta ded‑o ba na jeeri cham delo maama chwoŋa kam yuu ne to, de Baŋa Wɛ na ke tei o vere-ba to.
9Jetero na nigi konto to, o wo ma pwoli de Baŋa Wɛ na woli Isarele tiina bam to. 10O ma tei Wɛ ye o we, “Baŋa Wɛ maŋe de teem! O vere abam Ejipti tiina bam de ba Pɛ wom jeŋa ne o yage. 11Amo laam lɔre we Baŋa Wɛ mo daga o dwoi wa yam maama. Kokuri to, o pɛ se o nɔɔna bam lu Ejipti tiina bam dam kuri ne, de ba na bɛɛse-ba tei maama to.” 12Jetero ma ja varem o ba se ba zwɛ ba ma ke kaanem ba pa Wɛ, ye o kwori o ja pɛɛra yadwonna o woli da se o pa‑o. Aron de Isarele nakwa bam maama de ma ba Moses de o tembaaro wom tei, se ba tɔge daane ba di wodiu kom ba ma zuli Wɛ.
13Tega na poore to, Moses ma jeini se o cheigi nɔɔna balo na tu o tei ba saŋe daane to taane. Nɔɔna bam na daga to ŋwaane, ba zege Moses yiga ne mo taa, zezeŋa ne se ko vo ko yi dedaan-ni ne. 14Moses tembaaro Jetero na nɛ konto to mo o bwei‑o we, “Bɛŋwaane mo ye nmo toŋe totoŋe dento n pae nɔɔna bam n yerane? Nii nɔɔna bam na zege ywo-seeni tetete wɛɛne se ko yi dedaan-ni ne, ye nmo yerane mo bore ba taane.” 15Moses ma leiri‑o o we, “Kokuri to, nɔɔna bam yeini ba tui amo tei se ba lɔre Wɛ boboŋa na ye tei ya pa-ba to mo. 16Nɔɔna balo ná jege kantɔgɔ ba tetare ne, ba yeini ba tui amo tei mo se a bere-ba wolo na jege bora to. Amo ta wó daare a bere-ba Wɛ nia yam de o bera yam maama se ba taa ni ya kuri.”
17Jetero ma leiri o we, “Nmo na ke tei to ba tɔge chwoŋa. 18Nmo ná lage n ta‑n ke konto, ko bá dáane de n yera na chɛ. Nɔɔna bam yera de maa wó chɛ. Totoŋe dento daga de dwoi nmo yerane jaanem. 19Cheigi amo kwea yanto a na lage a pa‑m to, se Wɛ wó taa wora nmo tei ne. Nɔɔna bam ná yeini ba jege kantɔgɔ, ko lana se n kwei ba taane dem n ja n vo Wɛ yiga ne mo. 20Nmo ta jege se n bere-ba Wɛ nia yam, dedaane o bera yam na bere kolo to, se ba lɔre ba na wó tɔge chwoŋa kalo to. 21Ko daare, beeri nɔɔna bam maama wone n kuri balo na ye jawale-nyena ye ba kɔre Wɛ to. Banto wó taa ye balo nɔɔna na jege ba chega ye ba ba tɔge sabu-laga chwoŋa to mo. Nmo laam wó tiŋi nɔɔna bam konto se ba taa ye yiga tiina ye ba nii nɔɔna baŋa ne. Badwonna wó taa nii nɔɔna moro baŋa ne, badwonna maa nii bi bi, badwonna maa nii finnu finnu, ye badaara nii nɔɔna fuga fuga baŋa ne. 22Maŋa maama ba wó taa cheigi balo na jege taane to se ba bore ba bora. Ko ná ye wo-chɛɔ, ko ye se ba kwei taane dem ba ja ba nmo yiga ne mo se n bore-de. Ko nam ná ye ta-balaŋa, ba tete mo wó bore. Konto wó pa se totoŋa yam ke mɔle ya pa‑m, yiga tiina bam na tɔge ba zeŋe nmo zele dem to ŋwaane. 23Nmo ná ke konto dwoŋi nenɛɛne Baŋa Wɛ na bere‑m to, ko daa bá ni‑m. Nɔɔna bam de nam wó jwoori ba sam ne dedaane bochare-zuru.”
24Moses déem ma cheigi Jetero bera yam ye o sɛ-ya. 25O ma beeri Isarele tiina bam maama wone o kuri jawale-nyena se ba taa ye yiga tiina ye ba nii nɔɔna moro moro baŋa ne, se badwonna taa nii bi bi, se badwonna nii finnu finnu, ye badaara nii fuga fuga baŋa ne. 26Maŋa maama banto mo yeini ba bore Isarele tiina bam taane. Ko ná ye wo-chɛɔ, ba wó kwei taane dem ba ja vo Moses yiga ne mo se o bore-de. Ko nam ná yeini ko ye ta-balaŋa, ba tete mo wó bore-de.
27Ko kwaga ne mo Moses bane o tembaaro Jetero o yage chwoŋa ne pa se o jwoori o vo o tete teo.",https://www.bible.com/bible/3661/EXO.18.KBG
NWOŊIM 19,"Sinayi Peo kom
1-2Isarele tiina bam déem zege Refidim ne ba vo ba yi Sinayi kagoa kam. Ba na nwoŋi Ejipti teo kom ne to, ko ye chane setɔ boboa dɛ ne mo ba yi da. Ba ma chwi ba vwoa yam Sinayi Peo kom teiŋa ne. 3Moses ma di peo kom yuu se o vo Wɛ tei. Baŋa Wɛ ma zege peo kom yuu ne o bwoŋi‑o ye o we, “Ta tento n bere Isarele tiina bam na ye Jakob dwi dem to:
4‘Abam tete yi nɛ amo Baŋa Wɛ na ke kolo se ko zo Ejipti tiina bam yera to. Á ta nɛ amo na kwei abam a daŋe a bakale baŋa ne nenɛɛne kalwoŋo na yeini ko ke tei de ko bia to. A ke abam konto mo a ja a yi amo tei ywo-seeni. 5Tɔ. Logo baŋa maama ye amo nyem mo. Abam nam ná sɛ amo ni se á ta‑á ke kolo maama amo na wó bere abam to, amo wó kuri abam nabiina maama wone se á ta‑á ye amo tete nɔɔna. 6Abam nam wó ta‑á ye amo kaanem tiina, ye á toŋe amo paare yerane ŋwaane mo. Abam dwi dem wó taa ye á yera amo ŋwaane.’ Ta konto maama n bere Isarele tiina bam.”
7Moses ma zege peo kom yuu ne o tu. O ma bwoŋi Isarele nakwa bam ye o daare o tole Baŋa Wɛ kwora kam maama o bere-ba. 8Nɔɔna bam ma sɛ ye ba leiri ba we, “Dé wó ke kolo maama Baŋa Wɛ na tage to.” Moses daa ma ja nɔɔna bam kwora kam o vo o tole o bere Baŋa Wɛ.
9 Baŋa Wɛ déem ma ta de Moses o we, “Amo lage a ba nmo tei, ye kunkwon-lilirru mo wó kwoli-ne. Ko wó pa se, amo ná tu a ŋɔɔne de nmo, nɔɔna bam wó ni amo kwora ye ba daare ba ke ba wo-dedoa de nmo maŋa maama.”
Moses daa ma ta nɔɔna bam taane dem maama o bere Baŋa Wɛ. 10Baŋa Wɛ ma ta ded‑o o we, “Jwoori n tu nɔɔna bam tei n daare n pa ba kwei zem de jwa dɛ dem ba ma kwɛ ba bochara ba pa amo. Ba jege se ba zare ba gwaaro 11se ba ti ba yiga se, da yatɔ dɛ ná yia, se a laam ba ba tei. Amo Baŋa Wɛ wó tu a ba Sinayi Peo kom yuu ne se nɔɔna bam maama taa nii ba na-ne. 12Nam lɔ siseini n kaare peo kom maama se nɔɔna bam yé lɛɛne-de. Ta de nɔɔna bam we, ba yé diini peo kom yuu naa ba twɛ ko teiŋa kam. Nɔɔno wolo naga ná nɔne peo kom baŋa ne, ba jege se ba go konto tu mo. 13Ba ná lage ba go‑o, ba jeŋa yé dwei‑o. Ba nam wó dole‑o mo de kandwa naa ba ta‑o de chena se o te. Ko ná ye nabiinu naa varem mo ye o naga ná nɔne peo kom, o jege se o te mo. Tɔ. Ba nam ná wugi nabɔna kam, nɔɔna bam laam jege chwoŋa se ba fɔɔre ba yi peo kom.”
14Moses ma zege peo kom yuu ne o tu o vo nɔɔna bam tei. O ma pa ba kwɛ ba bochara ba pa Wɛ ye ba daare ba zare ba gwaaro. 15Moses ma ta de-ba o we, “Ti-na á yiga da yatɔ dɛ dem ŋwaane. Da yam konto ne, nɔɔn-nɔɔno yé peini de kaane.”
16Da yatɔ dɛ dem tetete mo doa tiini ka pepele ye ka bage pina-pina. Kunkwon-liliru ma tu ko ba ko kwoli peo kom yuu. Nabɔna laam ma tiini ka wuuri sɔɔ dedɛ. Nɔɔna bam na nigi sɔɔ kom to, ba yera maa tiini ya sae ye foone zo-ba. 17Moses ma tɔge nɔɔna bam yiga o ja-ba o nwoŋi ba vwoa yam wone se ba vo ba jeeri Wɛ. Ba ma vo ba zege peo kom teiŋa ne. 18Nyoa déem maa kwoli Sinayi peo kom yuu maama. Kokuri to, Baŋa Wɛ déem chugi ko baŋa ne ye mini gilimi‑o. Nyoa kam ma zaŋe toge-toge ka di wɛyuu, nenɛɛne min-vo-fɔrɔ tei. Peo kom maama ma tiini ko ziziŋi. 19Nabɔna kam kwori laam maa tiini de dana. Moses déem maa ŋɔɔne de Wɛ, ye Wɛ de leiri o taane dem ne doa na bage tei to.
20 Baŋa Wɛ ma tu o ba Sinayi Peo kom yuu ne. O ma bwoŋi Moses se o di o ba peo kom yuu. Moses ma di Wɛ tei. 21Baŋa Wɛ ma ta ded‑o o we, “Jwoori n tu tega n kaane nɔɔna bam se ba yé lɛɛne siseini dem. Ba ba jege se ba fe ba di se ba na amo Baŋa Wɛ. Ba ná fe ba ke konto, ba dedɛ lage ba te mo. 22Ko ná maŋe ko ye amo kaanem tiina balo na yeini ba tui amo tei to, ba jege se ba kwɛ ba bochara mo amo ŋwaane. Ko ná dae konto, amo wó chɔge-ba mo.”
23Moses ma ta de Baŋa Wɛ o we, “Nɔɔna bam ba jege chwoŋa se ba di peo kom. Nmo pɛ se amo lɔ siseini mo a tiŋi se nɔɔna bam yé lɛɛne-de, nmo na pwɛ peo kom pa ko ye ko yera to ŋwaane.” 24Baŋa Wɛ ma leiri‑o o we, “Nam tu tega n ja Aron se á tɔge daane á di ywo-seeni. Se ko ná ye kaanem tiina bam dedaane nɔɔna bam maama, ba ná fe ba lɛɛne se ba twɛ ywo-seeni, amo bane wó zaŋe de-ba mo, ye a chɔge-ba.”
25Moses ma tu o vo nɔɔna bam tei ye o ta de-ba kolo Baŋa Wɛ na tage to.",https://www.bible.com/bible/3661/EXO.19.KBG
NWOŊIM 20,"Wɛ ni-kaana fuga kam
Nia Gulim 5:6-21
1Wɛ déem mo ŋɔɔne taane dento maama:
2“Amo mo ye abam Tu Baŋa Wɛ wom. Amo maa ye wolo na jaane abam a ja nwoŋi Ejipti teo kom ne pa se a vere abam á kabɛɛne dem ne a yage to. 3Daa á yé zuli-na wɛ dedwoŋi á woli amo wone.
4Yé zaŋe-na á mɔ kamɔgɔ se ko taa ye jwoni ko pa abam. Á yé mɔ woŋo se ko lwoni wɛyuu wonnu, naa tega baŋa wonnu, naa tega kuri na bam wo wonnu. 5Abam ba jege se á tiiri te yiga ne naa á zuli-te. Kokuri to, amo mo ye abam Tu Baŋa Wɛ. Amo yi page abam baŋa ne mo. Ko ná ye balo na ve amo to, a yeini a waare-ba de ba bia maama se ko vo ko yi ba dwi dem kuni betɔ naa bena laŋa ne mo. 6Ko nam ná ye balo na swoi-ne ye ba sɛ a nia yam to, a maa yeini a jege ba swono taa, se ko yi ba dwi dem kuni moro laŋa ne.
7Yé zaŋe-na á bwoŋi á Tu Baŋa Wɛ yere kafɛ yerane, se Baŋa Wɛ wó waare wolo maama na ke konto to.
8Ta‑á guli-na Wɛ siu dɛ dem se á pɔɔre-de da yam maama wone á pa Wɛ. 9Da yarepɛ maama wone, abam jege da yaredo mo se á ma á toŋe totoŋa dwi maama. 10Ko nam ná ye da yarepɛ dɛ dem, abam Tu Baŋa Wɛ pɔɔre-de mo o pa o tete, se de taa ye siu dɛ. De dɛ ne, nɔɔn-nɔɔno ba jege se o toŋe kolokolo. Ko maa ye abam, de á bia, de á bukwa, de á kabɛ, de á ka-nyaana maama mo bá taa toŋa. Ko woli da, abam vara bam, de veira balo na zoore á teo wone to de bá taa toŋe totoŋa dɛ dem konto ne. 11Kokuri to, Baŋa Wɛ déem kwei da yaredo mo o naane wɛyuu de tega baŋa, de naneero tem, dedaane wonnu telo na wo tento maama wone to. O laam ma sii da yarepɛ dɛ dem ne. Baŋa Wɛ ma ke zaane o ke siu dɛ dem baŋa ne o pa de ye de yera.
12Ta‑á nege-na á kwoa de á niina, se ko pa á ta‑á jege momwɛ-dɛɛre maŋa kalo á na wó ta‑á zoore tega kalo abam Tu Baŋa Wɛ na lage o pa abam to wone.
13Yé zaŋe-na á go nɔɔno.
14Yé ke-na kabwoŋa de nɔɔno wodwoŋi kaane.
15Yé ŋɔ-na kolokolo.
16Yé zaŋe-na á bore vwa bora á ma á vane á dwonna.
17Yé kwei-na á boboŋa á daŋe á dwonna sam baŋa ne. Nam yé pa-na se á boboŋa taa wo ba kaana baŋa ne. Yé pa-na se á fera zo ba kabɛ naa ba ka-nyaana wone. Yé pa-na se á yi su á dwonna nabɛ, naa ba bonɛ, naa woŋo kolo maama na ye ba nyem to.”
18Nɔɔna bam maama déem ma na doa kam na tiini ka bage ye ka ta pepele tei maama to. Ba ta ma ni nabɔna kam kwori, ye ba daare ba na peo kom maama na kwoli dedaane nyoa tei maama to. Ba yera maa sae ye foone tiini de jege-ba. Ba déem ma fɔɔre ba kɛ dáa. 19Ba ma ta de Moses ba we, “Jan ja! Nmo ná ŋɔɔne taane n bere debam, dé wó cheigi. Nam yé pa se Wɛ tete ŋɔɔne dedaane debam, se dé wó te.” 20Moses ma leiri nɔɔna bam o we, “Yé ta‑á kɔre-na foone. Kokuri to, Wɛ tu abam tei se o faŋe abam mo o nii, se á ta‑á kɔre‑o ye á yé tusi o chwoŋa kam ne.” 21Nɔɔna bam déem zege yiga yiga mo, ye Moses fɔɔre o twɛ kunkwon-liliru kom mɛ Wɛ na wora to.
Chullu tedwonna
22 Baŋa Wɛ ma ta de Moses o we, “Ta tento de Isarele tiina bam:
‘Abam tete yia nɛ we amo Baŋa Wɛ mo zege wɛyuu ne a ŋɔɔne de abam. 23Abam nam ba jege se á zuli wo-gaa á woli amo ne. Á yé zaŋe á kwei sabu-seŋa naa lu-nyenno á ma á ke jwoni.’ ”
24 Baŋa Wɛ daa ta ma ta de Moses o we, “Kwei tega kam teero n ma‑n lɔ kaanem bimbini n pa-ne. Abam ná lage á ke zwɛɛm kaanem naa yazura kaanem, á laam wó yeini á ja á pei, de á bone, dedaane á naane á ba á kaane de baŋa ne á pa-ne. Jei selo maama amo na wó pa se á zuli amo yere konto dwoŋi to, amo tete wó ba abam tei se a swɛ abam swolim. 25Nmo nam ná boŋe se n kwei kandwa se n seene bimbini n pa-ne, se n yé ma kolokolo n ma‑n sare kandwa yam naa n lɔ-ya. Nmo ná ke konto dwoŋi, ko wó pa se bimbini dem ji kafɛ mo amo yiga ne. 26Yé kwei nateini n yeiri bimbini dem yera ne, se n dɔɔle-de n di. Ko dae se nɔɔn-nɔɔno na nmo yera yam bwori, nenɛɛne n ná lage n ke kaanem n pa-ne.”",https://www.bible.com/bible/3661/EXO.20.KBG
NWOŊIM 21,"1 Baŋa Wɛ déem ma ta o nia yanto taane o bere Moses se o lwoni o bere Isarele tiina bam:
Isarele tiina de ba kabɛ taane
Nia Gulim 15:12-18
2Wolo ná yeigi Hiburu tu se o ma o ji o kabaa, kabaa kam wó toŋe ka pa‑o bena yaredo mo. Bena yarepɛ bene dem wone, se kotu yage‑o se o viiri zɛɛra, ye kabaa kam bá ŋwe kolokolo. 3Nɔɔno wom ná ye badeim ye o ba o toŋe o pa‑m, ye o ná lage o viiri, ko ye wonto yerane mo wó viiri. O ya nam ná maŋe o jege kaane mo ye o ba n tei, o jege se o ja o kaane wom mo o woli da o viiri. 4O na toŋe o pae wolo to ná pɛ‑o kaane, ye o de kaane wom lo bia daane, nɔɔno wom yerane mo wó viiri. Kaane wom de o bia ye o tu wom nyem mo.
5Kabaa kam nam wó wane o ta we, “Amo swoi a tu wom, ko woli de a kaane de a bia bam. A nam bá viiri a daare-ba.” 6O tu wom maa wó ja‑o o vo Wɛ wara-jei sem ni dem seeni o pa o sale bworo kom. Dáane mo o wó kwei se-lwei o puri kabaa kam zwɛ dedoa. Konto bere we kabaa kam ŋwea maama wone, o ye o tu wom nyem mo.
7Nɔɔno ná kwei o bukɔ o yeigi o pa se o ji kabaa, ko dae se ka maŋa ná yia, se ba yage‑o se o viiri nenɛɛne ba na ke baara bam tei to. 8Kaba-kana kam ná chɔge wolo na yeigi‑o to yiga, o tu wom wó wane o jwoori o yeigi‑o o pa. O nam ba jege chwoŋa se o yeigi‑o o pa dwi-gɛ tiina. O tu wom ná ke konto, ko bere we o lɔge ba ni-sɛɛm dem kwaga ne mo. 9Nɔɔno wom nam ya ná yeigi‑o se o bu mo di o ma o ke kaane, ko jege se o taa nii kabaa kam baŋa ne nenɛɛne ko ye o tete bukɔ mo. 10Nɔɔno wom ná tu o swo kaane wodwoŋi o woli o wone, ko dae se o ve boboa kaane wom o ni-wodiu, naa gwaaro. O nam dae se o ve‑o sare-peiga. 11Nɔɔno wom ná ve se o ke wonnu tento maama o pa kaane wom, kaane wom wó wane o viiri zɛɛra, ye o bá ŋwe kolokolo.
Keim-lwanno telo na maŋe de toone to
12Wolo ná mage o dwoŋi pa se o te, ba wó go kotu de mo. 13Kotu nam ná wo paale o go nɔɔno wom, ye ko ye Wɛ mo jaane o ba, nɔɔno wom konto nam jege se o duri mo o vo jei selo amo na wó kuri to, se o seigi da. 14Ko daare, nɔɔno ná paale o dwoŋi mo o tiŋi, ye o seene o go‑o, ko dae se o lu kɔtaa! O ná maŋe o vo o ja amo kaanem bimbini dem, se á vaŋe‑o á ja á nwoŋi pwooni á go.
15Wolo maama ná mage o kwo naa o nu, se ba go konto tu.
16Wolo ná zi nabiinu o ja se o yeigi, ye kotu ná maŋe o yeigi‑o mo de, naa nɔɔno wom ta ná wo o tei ne ye ba ja‑o, se ba go kotu.
17Wolo maama ná sɔɔle lwarem o yage o kwo naa o nu yuu ne, se ba go kotu de.
18Ni-kantɔgɔ ná tu nɔɔna balei tetare ne, ye ba dedoa ma kwei kandwɛ naa o jaguli o ma o ke wodwoŋi wom zonne ye o wo tege. 19Wolo ba na ke‑o zonne dem to ná wori ye o daare o zaŋe wɛɛne o zi nacheiga o via, ba daa ba jege se ba ke wolo na ke‑o zonne dem to kolokolo. Kotu wó ŋwe nɔɔno wom de o na chɔge o totoŋa to. O ta wó taa nii o baŋa ne mo se o na yazura lanyerane.
20Nɔɔno ná jege kaba-baaro naa kaba-kana, ye o mage‑o pa se o te ko nɛ sem ni ne, se ba waare kotu. 21Kabaa kam nam ná zaŋe ye ka yi da yalei naa yatɔ wɛɛne, ba daa bá ke ka tu wom kolokolo, kabaa kam na ye o nyem to ŋwaane.
22Baara balei jara baŋa ne, ba ná mage kapua pa se o puga kam chɔge, wo-gaa ná wo daane kapua kam, o baro wó gwoni jene mo o pa wolo na pɛ o kaane wom puga kam chɔge to, nenɛɛne nakwa bam na sɛ we ko maŋe tei to. 23Ko nam ná tiini ko chamma ko pa kaane wom, waarem dem de wó taa chamma: ŋwea mo ba wó chɔge ba ma ba leiri ŋwea, 24yi mo ba wó le ba ma leiri yi, yeili mo ba wó guri ba ma leiri yeili, jeŋa mo ba wó le ba ma leiri jeŋa, naa naga mo ba ma leiri naga. 25Kaane wom yera na nɛ zonne delo to, se ba de ke nɔɔno wom konto dwoŋi, ne ko ná ye zwɛɛm naa fufwollu.
26Wolo ná mage o kabaa kam yi pa se de chɔge, se kotu pa kabaa kam chwoŋa se ka viiri zɛɛra ka yi dem chɔgem ŋwaane. 27O nam ná mage kabaa kam yeili mo o guri, se o pa ka viiri zɛɛra, ka yeili dem na guri to ŋwaane.
28Nabea ná chugi nɔɔno ka go, ba jege se ba dole-ka de kandwa ba go mo. Nɔɔn-nɔɔno bá done ka nɔna yam. Ka tu wom de nam bá na waarem. 29Nabea kam nam ná maŋe ka kare ka chu nɔɔna mo, se ba kaane ka tu wom se o lei-ka. O ná ve ye ka chu nɔɔno ka go, se ba dole nabea kam de ka tu wom maama ba go. 30Too wom yera nɔɔna nam ná sɛ, nabea kam tu wom wó wane o kwei sabu o leiri o ŋwea kam se ko maŋe de ba na lage tei to. 31Ko nam ta ye bedwe mo de nabea ná chugi nɔɔno wodwoŋi bu-baaro naa o bukɔ de. 32Nɔɔno nabea nam ná go o dwoŋi kabaa, ba wó kwei kandwa ba dole nabea kam ba go mo. Nabea kam tu wó jeeli lu-nyenno sabu-dala fintɔ mo o pa wolo na tei kabaa kam to.
33Nɔɔno maa ná gwaare gwoŋo naa o koge bɔɔne ye o wo jwoori o seere-ko, pa se o dwoŋi nabea naa o bonaga to ko wone ka te, 34gwoŋo kom tu wó ŋwe varem wom jene mo o pa varem wom tu. O ná ŋwe o ti, se o laam taa tei varem wom na tege to.
35Nɔɔno nabea nam ná chugi o dwoŋi nabea ka go, se ba kwei nabea kalo ta na ŋwe to ba yeigi ba daare ba pɔɔre ka sabu kom ba pa daane. Ba ta wó maŋe kalo na tege to nɔna yam mo ba pa daane, se sabu kom de nɔna yam taa mae daane. 36Ko daare nabea kam ná maŋe ka kare ka chu mo ye ka tu wo leigi-ka, ka ná go nɔɔno nabea, ka tu wom jege se o ŋwe nabea kam jene maama mo o pa nɔɔno wom. Nabe-teka kam laam wó taa ye o nyem.",https://www.bible.com/bible/3661/EXO.21.KBG
NWOŊIM 22,"Isarele tiina de ba jejegero
1Nɔɔno ná ŋɔge nabea ye o go-ka naa o kwei-ka o yeigi, ba ná jaane kotu, o wó kwei nabɛ senu mo o jwoori o ŋwe nabea kalo o na ŋɔge to. Ko nam ná ye pia mo o ŋɔga, se o kwei pei sena o ma o ŋwe pia kalo o na ŋɔge to yuu ne.
2-4Ŋweeno jege se o jwoori o ŋwe kolo o na ŋɔge to mo. O daa ná ware o ŋwe, se ba ja‑o ba yeigi se o taa ye kabaa jene dem ŋwaane. Ko daare, ba ná jaane ŋweeno wom ye o ta jege varem wolo o na ŋɔge to, se o ŋwe-ko kuni belei o pa kotu, nenɛɛne ko ná ye nabea naa bonaga naa pia mo de. Ŋweeno ná bwori nɔɔno sɔŋɔ tete ne ye ba ja‑o ba mage ba go, wolo na go‑o to bá te ko ŋwaane. Se ko ná ye wea ne mo ba jaane ŋweeno wom, wolo na go‑o to maŋe se o de te mo.
5Nɔɔno ná pɛ se o vara vere ba zo nɔɔno wodwoŋi kara naa o kaduga wone ba ja o wodiiru tem ba chɔge, vara bam tu wó kwei o tete wodiiru tem o ma o ŋwe wodwoŋi wom wonnu tem na chɔge to mo, nenɛɛne ko ná ye mena naa tio-bia mo de.
6Nɔɔno ná puli mini kuri pa se de di de vo de to o dwoŋi kara wone de chɔge o mena yalo ba na maŋe ba zage naa yalo ba na wo zage to de, o jege se o ŋwe wolo kara na chɔge to mo.
7Nɔɔno ná kwei o sabu naa o jejegero o pa o dwoŋi se o taa nii-te o diga wone o pa‑o, ye ŋweeno ná tu o ŋɔ sɔŋɔ kom, ba ná jaane ŋweeno wom, o jege se o ŋwe kolo o na ŋɔge to kuni belei mo. 8Se ba ná wo jaane ŋweeno wom, wolo ya na jege o dwoŋi wom wonnu tem o nii to wó vo Wɛ wara-jei sem mo se nakwa bam bwei‑o ba lɔre, wonto mo ŋɔge naa ko dae wonto.
9Nɔɔna balei ná mage ni-kantɔgɔ woŋo dedoa ŋwaane, ko ná ye nabea, naa bonaga, naa pia, naa gɔrɔ, naa woŋo kolo maama, se ba vo ba jeeri Wɛ wara-jei sem ne. Nakwa bam laam wó bere wolo na gɛ bora to, se konto tu ŋwe o na to kolo baŋa ne to o pa wodwoŋi wom kuni belei.
10Nɔɔno ná kwei o bonaga, naa o nabea, naa o pia, naa o varem dwi delo maama o pa o dwoŋi se o taa nii o pa‑o, ye varem wom ná tega, naa o ná nɛ zonne, naa o ná jei, nɔɔn-nɔɔno ná tera se o na kolo na ke to, 11wolo ba na kwei varem wom ba ke o jeŋa ne to mo wó vo wara-jei sem o pwooli Baŋa Wɛ yiga ne we wonto wo pɛ se varem wom chɔge. Varem wom tu de nam jege se o sɛ konto mo, se o dwoŋi wom yé ŋwe kolokolo. 12Ko daare, nɔɔna ná ŋɔge varem wom wolo na nii-ko to tei ne, wolo na nii-ko to jege se o ŋwe ko jene dem mo. 13Kago-varem nam ná jaane varem wom o tore tore, se wolo na nii varem wom baŋa ne to ja ko yera yam na tore to o ba o bere varem wom tu. Konto mo ye maana se o yé ŋwe kolokolo.
14Nɔɔno ná jene varem o dwoŋi tei ne, ye varem wom ná tega, naa o ná nɛ zonne, varem wom tu ná tera se o na, wolo na jene varem wom to mo wó jwoori o ŋwe varem wom tu. 15Ko daare varem wom tu ná nɛ kolo na ke to, nɔɔno wolo na jene varem wom to daa bá ŋwe kolokolo. Kokuri to, o na jene varem wom to, o jene dem ti.
Kɔgɔ wo zoorem
16Bukɔ ná yeiri baaro ye nɔɔno ná gane‑o o lage, kotu nam wó yɔɔre o ke bukɔ wom kadiri mo se o daare o taa tei‑o. 17Bukɔ wom kwo nam ná ve se o pa nɔɔno wom o bukɔ se o ji o kaane, wolo na ke‑o puga kam to ta wó ŋwe kolo maama na ye bukwa kwaga wonnu to mo o pa kwo wom.
18Kaane ná ye yi-naro, á jege se á go‑o mo.
19Wolo ná peini de varem, se á go‑o.
20Wolo ná zuli wɛ-gaa ye ko dae Baŋa Wɛ yerane, se á yɔɔre á chɔge kotu.
21Yé daane-na veira, á nam yé bɛɛse-ba. Guli-na we abam de déem ye veira mo Ejipti tega baŋa ne.
22Yé pa-na se ko zo kadeim yera, naa botaro yera. 23Abam ná yaare-ba pa se ba keeri ba jare-ne, amo wó cheigi ba keira kam. 24A bane maa wó zaŋe abam baŋa ne, ye a daare a go abam de se-zɔɔ mo. Konto maa wó pa se á kaana bam ji kadeina, ye á bia bam de ji botara.
25Amo nɔɔna bam wone, nmo ná jene sabu n pa wolo na ye nabwom to, se n yé ke sabu-leinna kikia de kotu. Yé pa se o ŋwe sabu-daŋɔ o pa‑m. 26Nɔɔno nam ná kwei o gɔrɔ o ma tiŋi daare n tei ne, se n yeini n kwei-ko n pa‑o dɛ maama dedaan-ni maŋa ne. 27O ná lage o peini tete ne, gɔrɔ kom konto yerane mo o yeini o jega se o taa mae o kwoli o tete. O nam ná keeri o jare-ne, amo wó cheigi o keira kam. Kokuri to, amo tiini a duri nɔɔna yibwona mo.
28Yé ŋɔɔne Wɛ n ja n chɔge. Nam yé sɔɔle lwarem n yage wolo na ye nakwe tu to yuu ne.
29Kolo na maŋe se n pɔɔre n wodiiru tem wone n pa amo to, ko ná ye mena, naa wo-nyɔɔro tem, se n yé ve se n ke konto.
Nam kwei-na á bakeiri-kwe sem á pa amo. 30Ko ta woli da, wo-kwe selo na nwoŋi á naane dem wone, de á pei sem wone to ye se á pa-ne mo. Vare-kwe selo na ye wo-bɛ to wó maŋe se niina tei ne mo da yarepɛ. Da nana kam dɛ ne, á maa wó pɔɔre-se á pa-ne.
31Abam maŋe se á ji nɔɔna balo na pwɛ ba tete ba pa amo to mo. Mo kokuri, á ba jege se á di nɔna yalo ga-vara na jaane ba tore tore to. Kwei-na nɔna yam konto á pa kukuri.",https://www.bible.com/bible/3661/EXO.22.KBG
NWOŊIM 23,"Ka-taa-jege-chega taane
1Yé zaŋe n pa vwa taane jage. Nam yé bore vwa bora n woli nɔn-balɔrɔ.
2Yé tɔge kɔgɔ kom se n sɛ keim-lwanno totoŋa. Taane ná wora ye n jege maana, se n yé kweele chega kam, nɔɔna dedɛ ná maŋe ba fɔ vwa tei maama de. 3Yé pa nɔɔno di bora o na ye yiniga tu to ŋwaane.
4Nmo ná beeri n yi n dono nabea, naa o bonaga, se n ja-ka n jwoori n vo n pa ka tu. 5Nmo ná nɛ we n dono bonaga zela dum pane-ka tega ne, yé gaale n kɛ. Woli-ka se ka zaŋe wɛɛne.
6Yiniga tu ná jege taane, se n yé kweele o chega kam. 7Yé zaŋe n fɔ vwa n pa nɔɔno se n ma n de‑o taane dim baŋa ne. Nɔɔno ná jege chega, se n yé go‑o. Nmo ná ke konto dwoŋi, a bá ma a chɛ‑m. 8Yé sɛ se n jwoŋi dim bora borem ŋwaane. Keim dem konto yeini de dwei dedɛɛra yia mo pa se chega ba tɛa. Nɔn-ŋona de maa gugwoli ba ni taane.
9Ko dae se á yaare veira, kolo ŋwaane abam de déem ye veira mo Ejipti teo ne, ye á yei ŋwea kam konto na ye tei to.
Ka-toŋe-ka-daare chullu
Chullu 25:1-7
10Kwei-na bena yaredo maama á du wodiiru á kare ne se á ta‑á zage-te. 11Bene delo maama na wó ke yarepɛ to, se á yage á kare se se taa tigi da kafɛ. Bene dem konto ne, yiniga tiina balo na zoore á tetare ne to laam wó zo se wo ba lare wodiiru tem ba di. Ba ma ná daare kolo, se á yage-na se kago-vara de zo ba di. Ta ke-na konto dwoŋi de kare selo á na jeiri Vini teeni de Olivi teeni se wone to de.
12Abam jege da yaredo mo se á ma á toŋe. Da yarepɛ dɛ dem ne, yé toŋe-na kɔtaa! Konto wó pa á na siu, de á nabɛ, de á bonɛ, de á kabɛ, dedaane veira balo na zoore á tetare ne to. Konto wó taa pae á jege dam.
13Yɔɔre á ta‑á ke á tɔge a na bere abam tei maama to. Yé zuli-na wɛ dedwoŋi, ye ko dae amo. Yé bwoŋi-na wɛ dedwoŋi naa jwoni dedwoŋi yere.
Bene maama wo kura yatɔ
14Bene maama wone abam jege se á yeini á di kuri kuni betɔ mo se á ma‑á zuli amo:
15Bene maama Abibi chana kam da yadwonna wone, se á di Bworobworo-memene kuri dem. Kwei-na da yarepɛ á di bworobworo kolo na ba jege sabɔle ko wone to. Kanto chana kam ne mo á déem nwoŋi Ejipti teo kom ne. Á na yeini á zuli amo konto to, nɔɔn-nɔɔno yé ba amo yiga ne ye o ba zei kaanem pɛɛre.
16Mena zagem maŋa nam ná yia, se á di Ga-kwea kuri dem. Kwei-na mena yalo á na dɛ yiga á zage to, á ba á pa-ne.
Ko woli da, abam ná yeini á toŋe á kare totoŋa maama á ti, se á laam di Faao kuri dem.
17Kuni betɔ bene maama wone á baara bam jege se ba jeeri amo wolo na ye Yuu-tu Baŋa Wɛ wom to yiga ne mo konto dwoŋi.
18Abam ná lage á go varem se á ma o jana bam á ke kaanem á pa amo, se á yé woli bworobworo kolo na jege sabɔle ko wone to. Nam lɔre-na se á zwɛ varem wom lara kam maama dɛ dem konto ne. 19Bene maama wone se á ja á kare wodiiru telo na lwoori yiga te ke ye te lamma to á ja á jeeri abam Tu Baŋa Wɛ wara-jei sem ne.
Nɔɔn-nɔɔno yé kwei bebala de ka nu nayela o saŋe mini wone.
Baŋa Wɛ bera
20Nii-na! Amo lage a toŋe amo maleka mo se ka che abam ka ja ka yi jei selo amo na kwɛ se a pa abam to. 21Ta‑á nege-na maleka kam se á daare á sɛ ka taane dem maama. Amo pɛ-ka dam se ka taa toŋe amo totoŋa. Abam wolo ná ve-ka, ka bá yage ka ma chɛ kotu. 22Abam nam ná sɛ ka ni ye á daare á ke a na we á ke tei to chekke, amo laam wó sɛ se abam dona taa ye amo dona, se a daare a chuli balo na zege abam zega to. 23Ko ná ye Amori tiina bam, de Hiti tiina bam, de Pɛrizi tiina bam, de Kanaan tiina bam, de Hivi tiina bam dedaane Jebusi tiina bam, amo maleka kam wó ja abam se á zo ba tega kam á jwoŋi, ye a daare a chɔge-ba pa se ba jei. 24Abam nam ná yi-da, yé tɔge á tiiri teene dem konto jwona yam yiga ne á zuli-ya. Nam yé lwoni-na ba totoŋ-balwaaro tem. Chɔge-na ba jwona yam dedaane kandwa yalo ba na chwi ya ŋwaane to.
25Ta‑á zuli-na amo na ye á Teiru Baŋa Wɛ to yerane. Abam ná ke konto, amo wó ke zaane a yage á wodiu dedaane á na baŋa ne. Amo wó taa cho se jaweero yé ja abam. 26Abam kaana bam de wone, ba wolowolo bá ja puga se ka chɔge. Kadega maa bá taa wora. Á maama ŋwea maa wó tiini ka dáane lanyerane.
27Amo wó pa se foone tiini de ja balo maama abam na wó jeeri to, pa se vuvuga to ba tetare ne. Amo wó pa se á dona maama pipiri ba duri ba daare abam. 28Amo ta wó pa se keilimuni taa tɔge á yiga ye se daare se zeili Hivi tiina bam, de Kanaan tiina bam, de Hiti tiina bam na chege abam chwoŋa to. 29A nam bá zeili ba maama abam yiga ne bene dedoa wone. Amo ná ke konto, tega kam wó ji kagoa yerane mo. Ko wó pa kago-vara tiini ba gaale se ba daane abam. 30A lage a taa zeili-ba fenfee mo se ba nwoŋi abam yiga ne, se ko yi maŋa kalo abam na wó puli á su logo kom maama to. 31Abam tega kam laŋa wó zege Nane-soŋo kom ni ne mo se ka taa vei Mediterania naneo kom seeni. Ka ta maa wó zege kagoa kam seeni ka vo ka yi Yuferata buga kam ne. Ko ná ye balo na zoore jei sem konto ne leile to, amo wó ke-ba abam dam kuri ne. Abam maa wó zeili-ba se ba nwoŋi á yiga ne.
32Yé ke-na ni-sɛɛm de-ba. Nam yé sɛ-na ba jwona yam. 33Bere á yé sɛ se banto taa zoore abam tega kam baŋa ne. Kolo ŋwaane, ba wó soge abam mo se á tusi amo yiga ne, ye ba ja abam se á zuli ba jwona yam.",https://www.bible.com/bible/3661/EXO.23.KBG
NWOŊIM 24,"Ba fɔge ba sɛ Wɛ ni-gwonim dem
1 Baŋa Wɛ ma ta de Moses o we:
“Diini peo kom yuu se n ba amo tei. Nam ja Aron, de Nadab, de Abihu dedaane Isarele nakwa fuserepɛ n woli da. Abam ta ná wo yiga yiga, se á tiiri á zuli-ne. 2Nmo yerane mo wó wane n fɔɔre n yi amo yiga. Ko daare Isarele nɔn-kɔgɔ kom maama ba jege se ba di peo kom yuu.”
3Moses déem ma tu o maŋe Baŋa Wɛ nia yam de o chullu tem maama o bere nɔɔna bam. Ba maama ma leiri de kwora dedoa ba we, “Baŋa Wɛ na we debam ke kolo maama to, dé wó ke.” 4Moses ma popone Baŋa Wɛ taane dem maama o tiŋi.
Tega na poore to, o ma lɔ kaanem bimbini peo kom teiŋa ne. O déem ta ma kwei kandwa fuga-yalei o chwi, se kandwɛ maama taa zege de pae Isarele dwia fuga-yalei yam. 5O ma toŋe Isarele tiina nɔn-donno tedwonna mo se ba kwei vara ba ma ke kaanem ba zwɛ ba pa Baŋa Wɛ. Ba ma daare ba kwei nabɛ-pɔle ba ma ke yazura kaanem ba pa Baŋa Wɛ. 6Moses déem ma pwori vara bam jana o ke zwe wone. O laam ma kwei jana balo na daare to o miisi o yage kaanem bimbini dem yera ne. 7O ma daare o kwei Wɛ Ni-gwonim tɔnɔ kom o ga o bere nɔɔna bam. Ba maama daa maa leiri ba we, “Baŋa Wɛ na we debam ke kolo maama to, dé wó ke. Dé wó sɛ o ni dem.”
8Moses laam ma kwei jana balo na wo zwe sem wone to, o miisi-ba o yage nɔɔna bam yera ne ye o we, “Jana banto mo bere we, ni-gwonim delo Baŋa Wɛ na ke de abam bera yanto baŋa ne to jege bu.”
9Moses ma ja Aron, de Nadab de Abihu dedaane Isarele nakwa fuserepɛ ye ba di peo kom yuu. 10Dáane mo ba déem nɛ Isarele tiina Wɛ wom. O nɛ sem kuri ne ko nye de pwola mo tiini ka peere ne Safira to, ka ta ye napwon-pwoŋo mo nenɛɛne wɛyuu kom. 11Isarele yiga tiina bam déem nɛ Baŋa Wɛ konto, ye o wo chɔge-ba. Ba ma di ye ba daare ba nyɔ dáane.
12 Baŋa Wɛ ma ta de Moses o we, “Diini n ba amo tei peo kom yuu ne. Nmo wó maŋe ywo-seeni mo se a kwei kandwa-pelɛ selo baŋa ne a na popone a bera yam de a nia yam se a nɔɔna bam taa tɔge to a pa‑m.”
13Moses ma zaŋe dedaane o zeinnu Josua se ba ti ba yiga ba nwoŋi. Moses laam ma di peo kom yuu se o jeeri Baŋa Wɛ. 14O nam ya wuuri o ta de nakwa bam mo o we, “Abam maŋe-na ywo-seeni á ta‑á cheigi debam se dé jwoori dé ba. Aron de Hura wó maŋe á tei ne se wolo maama ná jege ni-kantɔgɔ de o dwoŋi, se ba kwɛ-ko ba pa abam.”
15Moses déem na diini Sinayi peo kom yuu to, kunkwoŋo ma kwoli-ko. 16-17Baŋa Wɛ nenɔŋ-fɔrɔ kolo na nyeene to ma tu ko jeini peo kom yuu ne. Isarele tiina bam na nii ba na Baŋa Wɛ nenɔŋ-fɔrɔ kom konto to, ko nye de mini mo na di bugi-bugi peo kom yuu ne. Kunkwoŋo kom ma kwoli peo kom da yaredo. Da yarepɛ dɛ dem ne, Baŋa Wɛ ma bwoŋi Moses se o ba o tei. 18Moses déem ma seene o di peo kom yuu o zo kunkwoŋo kom wone. O ma maŋe dáane da finna wea de tete maama.",https://www.bible.com/bible/3661/EXO.24.KBG
NWOŊIM 25,"Wɛ wara-vwei dem taane
1 Baŋa Wɛ ma ta de Moses o we:
2“Ta n bere Isarele tiina bam se ba ja pɛɛra ba ba ba pa-ne. Nmo nam mo wó jwoŋi-ya se ko tɔge de nɔɔno maama boboŋa na jaane se o pa tei to. 3Nam jwoŋi pɛɛra yanto dwi ba tei ne:
Sabu-seŋa, de lu-nyenno, de channa, 4de gare-ŋone selo nyenyero na ye nazwon-pupwia, de nasoŋ-pupwia, de nasoŋo chwɛ-chwɛ to, de gare-fefale, dedaane boŋo koro, 5de pi-bea twanno telo ba na seini to, de twan-nyenno, de golesaa dɛ, 6de min-zwonnu nuga, de talwoŋ-ywoŋa kalo ba na wó ma ba ke Wɛ swolim nuga kam to, de kalo ba na wó zwɛ wara-vwei dem totoŋa ŋwaane to, 7de Onika kandwa, de kandwa-nyenno ya dwi ya dwi, se ba ke-ya kaanem nakwe tu wom gare-wogo kom ne, ba daare ba ke yadwonna o gare-pale dem yera ne.
8Amo lage se a nɔɔna bam chwi wara-diga mo ba pa-ne, se a taa zoore ba tetare ne. 9Wara-vwei dem á na wó chwi to, dedaane de wo wonnu maama jege se te maŋe de amo na wó bere‑m tei to mo.
Wɛ ni-gwonim dakaa kam
10Pa se nɔɔna bam kwei golesaa dɛ ba ma ke dakaa. Ka wó taa ye jatwogo de noa ni maŋem kuni belei de chichworo mo dedɔrem baŋa ne. Kayɔlɔ baŋa maa wó taa ye jatwogo de noa ni maŋem dedoa de chichworo. Ka baŋa seeni de maa wó taa ye jatwogo de noa ni maŋem dedoa de chichworo. 11Pa ba kwei sabu-seŋa na tiini ka ye chekke to ba ma kwoli ka yiga de ka kwaga maama, se sabu-seŋa tɔge ka nia yam maama. 12Kwei-na sabu-seŋa á ma á mɔ kwana yana se á kwei ya dedoa dedoa á lei dakaa kam nɛ sena maama yera ne. Kwana yalei wó ke dakaa kam saŋa dedoa ne, yalei maa wó ke saŋa kadwoŋi ne. 13Ba ta wó gwoni golesaa dɛ selei ba daare ba kwei sabu-seŋa ba kwoli dɛ sem konto maama. 14Laam pa se ba kwei dɛ sem ba tore dakaa kam kwana yam wone, se ba daare ba ja dɛ sem ba ma zeŋe dakaa kam. 15Maŋa maama dɛ sem konto wó maŋe kwana yam ne mo. Ba ba jege se ba daa le-se.
16Amo ná pɛ‑m amo ni-gwonim kandwa yalei yam, se n kwei-ya n ke dakaa kam wone.
17Kwei-na sabu-seŋa kalo na tiini ka ye chekke to á ma á ke wɛleera saarem ni-pugu se ko pu dakaa kam. Ka dedɔrɔ baŋa nam wó taa ye jatwogo de noa ni maŋem belei de chichworo mo, se kayɔlɔ baŋa taa ye jatwogo de noa ni maŋem dedoa de chichworo. 18-19Nam kwei-na sabu-seŋa á ma á mɔ wonnu telei na nye de malese ye ba bwoi-ba we cherubi to. Pa se cherubi selei sem meeli se taa zege ni-pugu kom dɛ selei sem ne. Kwei-na sabu-seŋa kandwɛ-dale dedwe á mage-de á ke cherubi sem dedaane ni-pugu kom tete. 20Cherubi sem wó jeeri daane mo, ye se yibia chɔɔle tega ne se se taa nii dakaa kam ni-pugu kom seeni. Se vɔna de maa wó yarege wɛɛne, ye se laam kwaare se vɔna yam daane se ma-ya se kwoli ni-pugu kom. 21Laam kwei-na amo ni-gwonim kandwa yalei yam á ke dakaa kam wone, se á daare á kwei ni-pugu kom á pu ka ni. 22Amo wó taa tui ni-gwonim dakaa kam baŋa seeni a jeeri‑m cherubi selei sem tetare laŋa ne. Dáane mo amo wó bere‑m a nia yam maama se Isarele tiina bam taa tɔge-ya.
Tabolo Kom
23Ta kwei-na golesaa dɛ á ma á ke tabolo. Ko dedɔrem baŋa maŋem wó taa ye jatwogo de noa ni kuni belei mo, se kayɔlɔ baŋa maŋem dem taa ye jatwogo de noa ni maŋem bedwe. Nam pa-na se tabolo kom wɛ-baŋa seeni maŋem taa ye jatwogo de noa ni maŋem dedoa de chichworo. 24Kwei-na sabu-seŋa na ye chekke to á kwoli ko yiga de ko kwaga maama, se á daare á pa sabu-seŋa kam tɔge ko nia yam. 25Sabu-seŋa kam na wó tɔge tabolo kom nia yam to wó taa ye da-yiga noa maŋem mo. 26Nam mɔ-na sabu-seŋa kwana yana á meeli tabolo kom nɛ sena sem na wo mɛ to. 27Kwana yam wó meeli ya taa bwola de tabolo kom nia yam mo, se dɛ selo ba na wó taa mae ba zeŋe tabolo kom to tore ya wone. 28Ko nam wó taa ye golesaa dɛ mo nmo wó kwoli de sabu-seŋa, se ba taa maa zeŋe-ko. 29Nam ta kwei-na sabu-seŋa na ye chekke to á ma á ke zon-tanlɛ, de zwe dwi dwi, de kabeili, de kambi selo na wó taa toŋe sana-pɛɛra kaanem totoŋa to. 30Tabolo kom wó taa wo amo wara-jei di-yuu kom ne mo maŋa maama, ye bworobworo kolo na ye ko yera ko tigi amo yiga ne to taa wo ko baŋa ne.
Min-zwon-zego kom
31Kwei-na sabu-seŋa na ye chekke to á ma á ke woŋo kolo min-zwonnu na wó taa zege ko baŋa ne to. Ma-na sabu-seŋa kandwɛ-dale dedwe á mage se á mɔ ko kuri, de ko daa kam, de zwe selo min-zwonnu tem na wó zege se wone to. Zwe sem wó taa nye de pun-kogela mo. 32Laam ke nɛ seredo se se nwoŋi daa kam yera ne. Nɛ setɔ wó taa wo jazem baŋa ne se setɔ taa wo jagwia baŋa ne. 33Nenɔŋa punnu tetɔ mo wó taa wo naga maama ne, se te taa nye de Aamonda pun-kogela de te vɔɔro. Nɛ seredo sem maama wó taa ye konto mo. 34Ko daa kam tete wó taa jege nenɔŋa punnu tena mo na nye de Aamonda pun-kogela de te vɔɔro to. 35Pun-kogele dedwe maama na wo daa kam yera ne to wó teili nɛ selei selo maama na jeeri daane ka yera ne to. Konto to, pun-kogela yatɔ mo wó teili nɛ seredo sem. 36Pun-kogela yam, de nɛ seredo sem, de daa kam tete maama ye se ba mage sabu-seŋa kandwɛ-dale dedwe mo ba ma ke-te.
37Nam pa se ba ke min-zwonnu terepɛ se te taa zege nɛ seredo sem yuni ne de daa kam yuu ne. Kwei-na-te á zege se te taa di te pae pwooni min-zwon-zego kom yiga seeni. 38Á ta wó kwei sabu-seŋa kam na ye chekke to á ma á ke wonnu telo na wó fɔge te kwɛ mini dem to, dedaane zon-tanlɛ selo ba na wó taa mae ba pɛ tentwarem dem to. 39Kwei-na sabu-seŋa kalo dunni na maŋe de kilo fintɔ-tenu ye ka ye chekke to á ke min-zwon-zego kom de ko zela yam dwi dwi. 40Nam pa se ba ke woŋo maama se ko maŋe de tetei amo na bere‑m peo kom yuu ne to.”",https://www.bible.com/bible/3661/EXO.25.KBG
NWOŊIM 26,"Baŋa Wɛ wara-vwei dem taane
1“Nam pa se ba kwei gare-jale-laaro fuga na nwoŋi gare-fefale delo na ye chekke to ba ma ke wara-vwei dem. Kwei-na gare-ŋone selo nyenyero na ye nazwon-pupwia, de nasoŋ-pupwia, de nasoŋo chwɛ-chwɛ to á ma‑á sɔ-ya. Á maa wó daare á gɔgere cherubi nyenyero á ke gare-jala yam yera ne. 2Gare-jale dedwe dedɔrem baŋa maŋem wó taa ye jatwogo de noa ni maŋem kuni finlei-nana mo. De kayɔlɔ baŋa maa wó taa ye jatwogo de noa ni maŋem kuni bena. Gare-jala fuga kam maama jege se ya taa mae daane mo. 3Laam twoŋi-na gare-jala yanu á ke daane, se ya ji gare-pum dedoa. Ta ke-na konto de gare-jala yanu yadwonna yam. 4Nam kwei-na gare-yi delo nyenyego na ye nazwon-pupwia to á ma‑á ke kuna á lei gare-pum ni-dedɔrɔ kom seeni. Á wó ke konto mo gare-pum dedwoŋi dem ne. 5Kuna finnu mo á wó ke gare-puna yalei nia dedwaaro tem na jeeri daane to yera ne. 6Á ta wó ke sabu-seŋa gwoli finnu mo se se ja gare-puna yalei yam se ke daane. Konto mo wó pa se wara-vwei dem taa ye woŋo dedoo.
7Ta pa se ba kwei boŋo koro ba sɔ gare-jala se ba ma-ya ba pu wara-vwei dem yuu kom seeni. Ya maama wó ke daane se ya taa ye fuga-dedoa mo. 8Ya maama maa wó taa ma daane mo. Maŋe-na ya dedɔrem baŋa ne se ko taa ye nenɛɛne jatwogo de noa ni maŋem kuni fintɔ. Kayɔlɔ baŋa maa wó taa ye jatwogo de noa ni maŋem kuni bena. 9Laam kwei-na gare-jala yanu á twoŋi daane se ya ji gare-pum. Á ta wó kwei gare-jala yaredo yam na daare to mo á twoŋi daane se ya de ji gare-pum. Abam maa wó piri gare-jala yaredo tu wom belei á jeeri wɛɛne se ko maŋe de wara-vwei dem ni seeni. 10Ke-na kuna finnu á lei gare-pum ni-dedɔrɔ kom seeni, se á daare á ke konto gare-pum dedwoŋi dem ne. 11Nam ta kwei-na channa á ma á ke gwoli finnu selo na wó twoŋi gare-puna yalei yam daane se ya ji gɔrɔ dedoa to. 12Abam maa wó yage boŋo koro gare-jale dem se de daa dedoa daare wara-jei sem kwaga ne. 13Boŋo koro gare-jale dem maa wó li wara-vwei dem dedɔrem seeni se ko dwoni gare-jale dedwoŋi dem se ko maŋe de jatwogo de noa ni maŋem bedwe mo. 14Daa‑n ta pa se ba pwoni pi-bɛ tankwallo ba daare ba seini-te nasoŋo se ba maa kwoli wara-vwei dem. Kwei-na twan-nyenno á daŋe boboa twanno tem baŋa ne.
15Pa se ba beeri golesaa ywoa yalo na zege cheppe to, se ba kwei-se ba ke wara-vwei dem. 16Ywei maama dedɔrem baŋa maŋem wó taa ye jatwogo de noa ni kuni fuga mo, se de kayɔlɔ baŋa seeni taa ye jatwogo de noa ni maŋem dedoa de chichworo. 17Abam maa wó sare nwa balei ywei maama yera ne. Konto wó pa se ywei maama wane de twoŋi dedaane dedwoŋi na saŋe-de to. Nam ke-na dɛ sem maama konto. 18Ywoa finlei mo wó zege se ko maŋe de wara-vwei dem tega-kuri seeni saŋa kam. 19Nam kwei-na lu-nyenno á ma á ke wonnu telo dɛ sem na wó zege te baŋa ne to finna. Luuru telei wó taa teili ywei maama. Te wó taa jege chwiim jei selei mo se ywei nwa bam wane ba zege se wone. 20Ke-na konto se ko maŋe de wara-vwei dem baŋa seeni saŋa kam, se ywoa finlei taa zege da. 21Lu-nyenno wonnu finna mo á wó ke se ywoa yam taa zege te baŋa ne. Wonnu telei maa wó taa wora ywei maama ŋwaane. 22Ko ná ye saŋa kalo na wo bira-kwaga ne ye ka jeeri wɛ-zoore seeni to, se á chwi ywoa yaredo dáane. 23Nam ta woli-na ywoa yalei se á chwi-ya vwei dem kwaga saŋa kam gugworru telei tem ne. 24Abam maa wó twoŋi gugworru ywoa yam konto se ya meeli daane. Ko wó zege tega kam ne mo ko meeli se ko taa diini baŋa kam mɛ sabu-seŋa kwane dem na leigi da to. 25Bira-kwaga kam seeni ywoa yam laam maa wó taa ye nana mo, ye ya laam jege lu-nyenno wonnu fuga-teredo telo na wó teili-ya to.
26-27Ta pa se ba kwei golesaa dɛ se ba ma-se ba gare wara-vwei dem sɛ sem maama. Dɛ senu mo wó gare ywoa yam na wo saŋa kalo maama ne to, se ya ja daane chekke. Tega-kuri seeni saŋa kam, de baŋa seeni saŋa kam de bira-kwaga seeni saŋa kam mo konto. 28Ko daare, tetare dagara kam wó tole ka zege saŋa kam daa dedoa ne ka vo ka yi daa kadwoŋi kam ne, ka twoŋi ywoa yam maama ka ke daane. 29Laam kwei-na sabu-seŋa á kwoli ywoa yam, se á daare á ma á ke kwana á meeli ywoa yam yera ne se dagare sem taa tore ya wone. Dagare sem de ye se á taare-se de sabu-seŋa mo.
30Laam pa se ba chwi wara-vwei dem se de zege ne amo na bere‑m tetei peo kom yuu ne to.
Wɛ di-yun-gala gare-jale dem
31-33Abam ta ke-na gare-jale delo na wó lei de pwɛ Wɛ di-yuu kom de di-yun-gala kam daane to se popɔra taa wora. Kwei-na gare-fefale delo na ye chekke to á ma á ke gare-jale dem konto. Abam wó kwei gare-ŋone selo nyenyero na ye nazwon-pupwia, de nasoŋ-pupwia, de nasoŋo chwɛ-chwɛ to mo á ma‑á sɔ-de. Á maa wó daare á gɔgere cherubi nyenyero á ke gare-jale dem yera ne. Nam kwei-na golesaa dɛ sena á kwoli-se de sabu-seŋa, ye á daare á ke sabu-seŋa gwoli á meeli se yera ne. Laam kwei-na-se á chwi lu-nyenno wonnu tena tem baŋa ne. Abam ná ke konto, se á kwei gare-jale dem á lei gwoli sem yera ne pa se de che de kwoli Wɛ ni-gwonim dakaa kam. 34Nam ta kwei-na wɛleera saarem ni-pugu kom á ma pu ni-gwonim dakaa kam na zege Wɛ di-yun-gala kam ne to. 35Yiga diga kam na ye Wɛ di-yuu kom to mo á wó zege tabolo kom se ko taa wo vwei dem jagwia saŋa kam seeni. Min-zwon-zego kom maa wó taa wo vwei dem jazem saŋa kam seeni.
36Ko nam ná ye vwei dem ni, se á ke tento: Kwei-na gare-fefale selo na ye chekke to de gare-ŋone selo nyenyero na ye nazwon-pupwia, de nasoŋ-pupwia, de nasoŋo chwɛ-chwɛ to á ma‑á sɔ gare-jale delo na wó lei ni dem ne to. Á ta wó daare á gɔgere nyenyero gare-jale dem yera ne. 37Abam ná sɔge gare-jale dem konto, á laam wó kwei golesaa dɛ senu á taare-se de sabu-seŋa ye á daare á ke sabu-seŋa gwoli á meeli se yera ne. Laam mɔ-na channa wonnu tenu se á chwi dɛ sem te baŋa ne, ye á daare á lei gare-jale dem da.”",https://www.bible.com/bible/3661/EXO.26.KBG
NWOŊIM 27,"Zwɛɛm kaanem dakaa kam
1“Pa se ba kwei golesaa dɛ ba ke dakaa se á ta‑á zwɛ kaanem de baŋa ne. Ke-na-de se de sɛ sena sem taa mae daane, jatwogo de noa ni maŋem kuni benu. Ko daare se wɛ-baŋa maŋem dem taa ye jatwogo de noa ni maŋem kuni betɔ. 2Sare-na wonnu tena na nye de nyea á ke dakaa kam gugworru tena tem ne. Tento de dakaa kam maama wó ji woŋo dedoa mo, se á daare á ma channa á taare-ka de ka nyea yam maama.
3Nam ta kwei-na channa á ke kaanem dakaa kam yera totoŋa zela maama. Mɔ-na zwe selo ba na wó taa mae ba pɛ tentwarem to, de sɛbullu, de na-zwe, de mini zon-tanlɛ, dedaane wonnu telo na wó taa mae te chu nɔna to. 4-5Maŋe-na dakaa kam tetare ne á ke wo-daŋɔ á meeli ka yera ne. Ta kwei-na channa luuru á sɔ á lɛɛne daane se á kwei-ko á de wo-daŋɔ kom baŋa ne. Laam ke-na channa kwana yana á meeli-ya dakaa kam sɛ sem ne se ya maŋe de channa lɛɛna yam. 6Ta sare-na golesaa dɛ selo ba na wó taa mae ba zeŋe dakaa kam to, se á daare á taare-se dedaane channa. 7Abam nam wó tore dɛ sem konto mo kwana yana yam na wo dakaa kam sɛ sem ne to, se á ta‑á wae-ka á zeŋa. 8Á wó twoŋi dɛ sem daane mo á ma á ke dakaa kam se ka taa ye wo-wogo. Nam pa se ko maŋe de amo na bere‑m tei peo kom yuu ne to.”
Konkɔlɔ kolo na kaare wara-vwei dem to
9“Abam ná ke wara-vwei dem, se á daare á sɔ gare-fefale se se kwoli de konkɔlɔ kom. Konkɔlɔ kom tega-kuri seeni maŋem wó taa ye jatwogo de noa ni maŋem kuni bi mo dedɔrɔ baŋa ne. 10Daa á ta kwei-na gwaaro tem á daŋe dɛ finlei baŋa ne. Dɛ sem nam wó taa zege channa luuru finlei baŋa ne mo. Á ta maa wó kwei lu-nyenno á mɔ gwoli á meeli dɛ sem yera ne de te lu-vɔɔro tem. 11Ko ná ye konkɔlɔ kom baŋa seeni saŋa kam, pa-na se ka taa ye bedwe de tega-kuri saŋa kam.
12Konkɔlɔ kom saŋa kalo na jeeri wɛ-zoore seeni to maŋem wó taa ye jatwogo de noa ni maŋem kuni finnu mo dedɔrɔ baŋa ne. Daŋe-na gwaaro tem dɛ fuga de se luuru fuga kam baŋa ne se á ma á kwoli saŋa kam konto. 13Konkɔlɔ kom wɛ-puli seeni saŋa kam maŋem de wó taa ye jatwogo de noa ni maŋem kuni finnu mo dedɔrɔ baŋa ne. 14Wara-jei konkɔlɔ kom ni dem wó taa wo wɛ-puli seeni saŋa kam ne mo. Ni dem jazem seeni mo á wó lei gwaaro telo dedɔrem na ye jatwogo de noa ni maŋem kuni fuga-benu ye te daŋe dɛ setɔ de se luuru tetɔ tem baŋa ne to. 15Ni dem jagwia seeni de wó taa ye konto mo. 16Se ko ná ye konkɔlɔ kom ni dem tete, kwei-na gare-fefale selo na ye chekke to, de gare-ŋone selo nyenyero na ye nazwon-pupwia, de nasoŋ-pupwia, de nasoŋo chwɛ-chwɛ to á ma‑á sɔ gare-jale delo na wó lei ni dem ne to. Á ta wó daare á gɔgere nyenyero gare-jale dem yera ne. De dedɔrem maŋem wó taa ye jatwogo de noa ni kuni finlei mo ye á daŋe-de dɛ sena de se luuru tena tem baŋa ne.
17Dɛ selo sem na wó kaare konkɔlɔ kom maama to jege se ba ma lu-nyenno mo ba ma ke se lu-vɔɔro tem dedaane se gwoli sem ba na wó meeli se yera ne to. Luuru telo dɛ sem konto na chwi te baŋa ne to maa wó taa ye channa mo ba wó ma ba ke-te. 18Konkɔlɔ kom maama wó taa ye jatwogo de noa ni maŋem kuni bi mo dedɔrem baŋa ne ye ko kayɔlɔ maŋem maa wó taa ye jatwogo de noa ni maŋem kuni finnu. Gare-jala yalo na leigi ya kwoli konkɔlɔ kom to wó nwoŋi gare-fefale selo na ye chekke to wone mo. Ya dedɔrɔ wɛ-baŋa maŋem maa wó taa ye jatwogo de noa ni maŋem kuni benu. Ya nam wó pale dɛ selo na chwi channa luuru baŋa ne to mo.
19Á ta wó kwei channa mo á ma á ke zela yalo maama na maŋe de wara-vwei dem totoŋa to. Paara yalo á na wó ke se ya taa jaane vwei dem de konkɔlɔ kom gare-jala yam to de wó taa ye channa mo á wó ma á ke-ya.”
Min-zwonnu tem nuga
20“Nam ta de Isarele tiina bam se ba ja Olivi nuga kalo na ye chekke to ba ba ba pa‑m min-zwonnu tem ŋwaane. Konto mo wó pa se te mini taa di taa, ye de ba dwia. 21Ko ná ye min-zwon-zego kom, se á zege-ko Wɛ wara-vwei di-yuu kom ne mɛ gare-jale dem na kwoli ni-gwonim dakaa kam to mo. Aron de o bia bam nam wó nii mo se min-zwonnu tem taa di Baŋa Wɛ yiga ne taa, se te yé dwei wɛ-zoore maŋa ne se ko yi te-pora dɛ maama wone. Isarele tiina bam de ba dwi dem nam wó taa tɔge ni dento mo taa wuu.”",https://www.bible.com/bible/3661/EXO.27.KBG
NWOŊIM 28,"Kaanem tiina gwaaro tem
Nwoŋim 39:1-7
1“Pa se n zembaaro Aron de o bia, Nadab, de Abihu, de Eleaza, de Itamara ba nmo tei se n pɔɔre-ba se ba taa ye ba yera de nɔɔna bam maama. Banto mo wó taa ye amo kaanem tiina se ba taa toŋe ba pa-ne. 2Nam ke-na zula gwaaro se te maŋe de n zembaaro Aron de o kaanem totoŋe dem á pa‑o. Pa-na se te taa jege nenɔŋa lanyerane. 3Abam na wó pɔɔre Aron se o taa ye amo kaanem tu to ŋwaane, nam kuri-na gwaro se amo pa-ba swa se ba sɔ o gwaaro tem. 4Nam pa se ba sɔ zula gwaaro tento dwi: Nyɔɔne gare-pale, de gare-wogo, de gare-bwora, de gare-dedɔrɔ kolo ba na mɛ nyenyero dedɛ ba ma gɔgere-ko to, de teiŋa vovoa, dedaane yuu gare-yi. Ba maa wó ke gwaaro tento dwoŋi, se ba pa n zembaaro Aron de o bia bam se ba yeini ba zo-te ba taa toŋe kaanem totoŋa ba pa-ne. 5Pa se gwaro tem kwei gare-fefale selo na ye chekke to, ye ba laam woli de gare-ŋone selo nyenyero na ye sabu-seŋa, de nazwon-pupwia, de nasoŋ-pupwia de nasoŋo chwɛ-chwɛ to ba ma sɔ-te.
Gare-wogo kom
6Pa se ba kwei gare-fefale selo na ye chekke to ba ma sɔ gare-wogo kom, se ba daare ba ma gare-ŋone selo nyenyero na ye sabu-seŋa, de nazwon-pupwia, de nasoŋ-pupwia de nasoŋo chwɛ-chwɛ to ba ma gɔgere-ko lanyerane. 7Ba wó pa se vovwe selei mo tɔge vɔna yam seeni se ko pa gɔrɔ kom yiga de kwaga twoŋi daane. 8Ba ta wó ke teiŋa vovoa se ka de taa ye bedwe de gare-wogo kom. Ba wó kwei gare-yi delo ba na mɛ ba ke gare-wogo kom to mo ba ma ke vovoa kam.
9Laam beeri-na Onika kandwa-nyenno telei se á sare Isarele dwi maama yere á ke te baŋa ne. 10Sare-na nabaara bam yera yaredo á ke kandwɛ maama baŋa ne, se ko maŋe de ba lora kam déem na vei tei to. 11Pa-na se gɔgɔ kwaane o sare yera yam kandwa yam baŋa ne, se o laam kwei sabu-seŋa o tɔge kandwa yam nia. 12Laam meeli-na kandwa yalei yam á lei gare-wogo kom vɔna vovwe sem yera ne. Ya ye kandwa-gula mo se ya guli Isarele tiina bam ba dwia yam yera. Aron ná yeini o tui amo Baŋa Wɛ yiga ne, o wó taa yeini o zeŋe ba yera yam konto mo, se o yé swei ba swia maŋa de maŋa. 13Abam ta wó kwei sabu-seŋa mo á mɔ kuna yalei á woli da. 14Nam ta kwei-na sabu-seŋa na ye chekke to á ke chaponno telei nenɛɛne ŋone dwoŋi to. Vɔ-na chaponno tem kuna yalei yam yera ne se te ja gare-wogo kom yiga de kwaga.
Nyɔɔne gare-pale dem
15Abam ta wó beeri gare-fefale selo na ye chekke to á ma ke gare-yi delo na wó pale Aron nyɔɔne ne to. O nam wó ma gare-pale dem konto mo o maane se o lɔre amo boboŋa na ye tei to. Á wó ma gare-ŋone selo nyenyero na ye sabu-seŋa, de nazwon-pupwia, de nasoŋ-pupwia de nasoŋo chwɛ-chwɛ to á gɔgere-de, nenɛɛne gare-wogo kom de na ye tei to mo. 16Maŋe-na da-yiga noa maŋem á ma á ke-de. Nam pa-na se de nia yana yam maama taa mae daane, se á piri-de kuni belei. 17Abam laam wó tigisi kandwa-nyenno dwi dwi se ya peini gene sena de kandwa-nyenno tetɔ. Boboa gena kam kandwa-nyenno tem wó taa ye Rubi, de Topazi, dedaane Berili. 18Gena belei tu kandwa-nyenno tem maa wó taa ye Tukwazi, de Safira, dedaane Emeraleda. 19Gena betɔ tu wom maa wó taa jege kandwa-nyenno tento: Jakinfa, de Agate, dedaane Ametisita. 20Se gena bena tu wom kandwa-nyenno tem taa ye Berili, de Onika dedaane Jasipa. Abam maa wó kwei sabu-seŋa á tɔge kandwa yam konto maama nia yam. 21Nam ta sare-na Isarele dwi maama yera fuga-yalei yam kandwa yam baŋa ne. Kandwɛ maama wó bere yere dedwe se de taa ye maana.
22Á ta wó ma sabu-seŋa kam na ye chekke to á jujugi á ma á ke chaponno nenɛɛne ŋona dwoŋi, se te twoŋi de gare-pale dem, 23se á daare á ke sabu-seŋa kwana yalei na wó lei gare-pale dem baŋa seeni gugworru telei tem ne. 24Laam tore-na chaponno tem kwana yalo na leigi gare-pale dem yera ne to, 25se á ta ja chaponno tem nia yadwonna yam á vo á kuni dedaane kuna yalei yam se te ja gare-wogo kom vɔna vovwe sem. 26Nam ta ke-na sabu-seŋa kwana yalei se ya meeli gare-pale dem kuri dem seeni. Ya wó taa wo de kwaga seeni na sale de gare-wogo kom to mo. 27Nam ta ke-na kwana yalei yayam á meeli-ya gare-wogo kom yera ne se ya taa bwola de ko vɔna vovwe sem kuri seeni. Ya wó taa wo ko teiŋa vovoa kam baŋa seeni, gare-yia yam na twoŋi daane mɛ to. 28Ko kwaga ne, se á kwei gare-ŋona kalo nyenyego na ye nazwon-pupwia to á ma‑á vɔ kwana yalei yam na wo gare-pale dem kuri ne to, de yalo na wo gare-wogo kom vɔna yam seeni to á ke daane. Konto wó pa se gare-pale dem yé taa bibiga.
29Á ná ke gare-pale dem konto dwoŋi, Aron de wó yeini o zeŋe Isarele tiina bam dwi maama de de yere o bochare ne, ye o zo Wɛ di-yuu kom. Ko maa wó pa se amo Baŋa Wɛ taa guli ba gula maŋa maama. 30Á wó bɔɔre gare-fɛɛle mo gare-pale dem wone, se á kwei Yurim dedaane Tumim á ke de wone. Aron wó yeini o ja-te mo o zo o zege amo yiga ne se o taa ma-te o lɔre amo Baŋa Wɛ boboŋa Isarele tiina bam ŋwaane. Konto ŋwaane o jege se o zo gare-pale dem maŋa kalo maama o na wó zo amo tei ne to mo.”
Kaanem tiina gwaaro tedwonna tem
31“Á ta wó kwei gare-ŋone selo nyenyego na ye nazwon-pupwia to yerane mo á ma‑á sɔ gare-bwora kalo kaanem tu wom na wó zo ye o daare o zo gare-wogo kom o daŋe ka baŋa ne to. 32Nam bɔɔre-na ko tetare dem, se nɔɔno yuu wane ko tɔge da ko zo. Bɛɛre-na ba dem seeni maama se ko yé kaare. 33-34Kwei-na gare-ŋone selo nyenyero na ye nazwon-pupwia, de nasoŋ-pupwia, de nasoŋo chwɛ-chwɛ to á gɔgere Pomegara tio-bia nyenyero pa se te kaare gɔrɔ kom kuri nia yam maama te pu. Á ta wó daare á lage sabu-seŋa lwoŋina balwa se á meeli-ya á ke da. Lwoŋini dedoa wó taa wora Pomegara tio-bia balei maama tetare ne mo se ba taa saŋe daane. 35Aron ná yeini o lage o toŋe kaanem totoŋa, se o zo gare-bwora kam konto. O ná lage o zo amo di-yuu kom naa o ná nwoŋi da, lwoŋina yam sɔɔ kwori wó taa ni, se o yé te.
36Nam kwei-na sabu-seŋa na ye chekke to á ke wo-pelɔgɔ. Laam sare-na ko baŋa ne we, ‘Wose mo Baŋa Wɛ ŋwaane’. 37Á ta wó kwei gare-ŋona kalo nyenyego na ye nazwon-pupwia to á ma‑á meeli wo-pelɔgɔ kom o yuu gare-yi dem yiga seeni. 38Ko wó maŋe Aron tiri ne mo maŋa maama. Isarele tiina bam ná yeini ba ja pɛɛra ba jeeri se ba pa-ne, ye tusim ná wora ba totoŋa yam ne, amo wó da Aron ŋwaane a yage a ma chɛ-ba, pa se a sɛ a jwoŋi ba pɛɛra yam konto.
39Abam wó kwei gare-fefale mo á ma ke Aron gare-dedɔrɔ kom de o yuu gare-yi dem. Nam ta pa-na se ba tiini ba gɔgere o teiŋa vovoa kam lanyerane. 40Ko ná ye Aron bia bam, sɔ-na nenɔŋa gwaaro, de yipwi, dedaane teiŋa vovwe á pa-ba. Konto mo wó zuli ba kaanem totoŋe dem.
41Pa se Aron de o bia bam zo ba gwaaro tem, se n daare n kwei swolim nuga n lwo ba yuni ne amo ŋwaane n ma n pwɛ-ba se ba taa ye a kaanem tiina. 42Ta kwei-na gare-fefale á sɔ gare-kuri-kukwi á pa-ba se ba yeini ba zo. Se maa wó zege ba teiŋa ne se yi ba chwoa mo. Konto wó pa se ba yé taa ye bwori. 43Maŋa kalo maama Aron de o bia bam ná yeini ba zo amo wara-jei sem, naa ba ná lage ba yi amo kaanem dakaa kam ba toŋe ba pa-ne, ba jege se ba zo gare-kuri-kukwi sem konto mo. Ko ná dae konto, ba wó na ba chaveera ye ba te ko ŋwaane. Aron de o dwi dem maama jege se ba taa tɔge a ni dem konto mo se ko taa vei wuu.”",https://www.bible.com/bible/3661/EXO.28.KBG
NWOŊIM 29,"Kaanem tiina de ba totoŋa yam taane
Chullu 8:1-36
1“Nmo na wó ke tei se n kwɛ Aron de o bia bam amo ŋwaane pa se ba taa ye amo kaanem tiina to mo tento:
Lage-na nabea dedaane pi-bɛ selei selo na ba jege gɛɛ se yera ne to. 2Nam ta lage-na mun-bwei se á ma á ke bworobworo kolo sabɔle na wo woli ko wone to. Pwori-na muni dem se á viiri dedwoŋi de nuga á bibili á ma á ke bworobworo kamuna, se á daare á fɔge bworobworo balwa de. Muni delo na daare to se á bibili-de memene ye á laam ma nuga á taare-te. 3Nmo laam ma‑n wó kwei te maama n ke tetɔgɔ wone, n ja-te n woli de nabea kam, de pi-bɛ sem n jeeri amo tei ne.
4Pa se Aron de o bia bam maama ba ba zege wara-vwei dem ni ne, ye n pa ba swɛ ba yera ba kwɛ ba tete amo ŋwaane. 5Ko kwaga ne se n pa Aron zo kaanem tiina gwaaro tem: gare-dedɔrɔ kom, de gare-bwora kam, de gare-wogo kom, dedaane nyɔɔne gare-pale dem. Ta kwei vovoa kam n vɔ o teiŋa ne. 6Laam kwei yuu gare-yi dem n pu o yuu ne, se n daare n kwei sabu-seŋa wo-polɔgɔ kom n meeli ka yera ne. 7Lwo Wɛ swolim nuga o yuu ne se n ma n tiŋi‑o o totoŋa ŋwaane n pa amo. 8Ja Aron bu-baara bam maama n jeeri se ba de zo ba gare-dedwaaro tem. 9Nam ta kwei teiŋa vovwe sem n vɔ ba tei ne, se n daare n kwei ba yipwi sem n pu ba yuni ne. N jege se n ke konto maama mo n tiŋi Aron de o bia bam ba kaanem totoŋa yam ŋwaane. Banto de ba dwi dem wó taa ye amo kaanem tiina se ko taa vei wuu.
10Ja nabea kam n vo n zege wara-jei sem manchwo-peena ne. Pa se Aron de o bia bam kwei ba je ba daŋe ka yuu ne. 11Laam go nabea kam wara-jei sem manchwo-peena ni dem ne se ko taa bwola de amo kaanem dakaa kam. 12Le n noa n laŋe jana bam badwonna n taare dakaa kam nyea yam ne. Jana balo na daare to, se n lwo-ba n yage tega ne, dakaa kam teiŋa ne. 13Nmo laam ma‑n wó kwei varem wom wo-zela yera lara de o chwɛ dem kuri seeni, de o tapwale-bia yalei yam, de ya lara kam maama n zwɛ-te kaanem dakaa kam baŋa ne se te nyoa di wɛyuu. 14Se ko ná ye nabea kam nɔna yam, de ka tankɔlɔ kom, de ka puga wodiu kom maama, ja-na-te á nwoŋi dáa dáa á zwɛ-te. Ko ye wɛleera saarem kaanem mo ko pa-ba.
15Daa‑n ja pi-bea dedoa n nwoŋi, se Aron de o bia bam kwei ba je ba daŋe ka yuu ne, 16se n laam go-ka n daare n kwei ka jana bam n zezage kaanem dakaa kam sɛ sena sem maama ne. 17Nam gwoni pia kam nɔna yam yera yera, se n daare n zare ka wo-zela yam de ka nɛ sem. Laam kwei wonnu tem konto maama de ka yuu kom n daŋe dakaa kam baŋa ne. 18Nmo ma‑n wó zwɛ te maama se te taa ye zwɛɛm kaanem te pa-ne. Te nyoa kam lwom wó taa ywona de pa amo, ye de pwoli amo wo.
19Nam ja pi-bea kadwoŋi kam n nwoŋi, se Aron de o bia bam laam kwei ba je ba daŋe ka yuu ne. 20Ko kwaga ne se n go-ka. Laam ke ka jana bam n taŋe Aron de o bia bam jazem zwa ne, de ba jazem no-kweero tem, dedaane ba jazem namimbi-kweero tem maama. Jana balo na daare to, se n zezage-ba dakaa kam sɛ sena sem ne. 21Kwei jana balo na wo dakaa kam baŋa ne to badwonna, de Wɛ swolim nuga kam, n viiri-te daane n laam ma n zezage Aron yera ne, se n ta zezage-te o gwaaro tem ne. Ta zezage-te n ke o bia bam yera ne, se n daare n zezage-te ba gwaaro tem ne. Keim dento wó pa se Aron de o bia bam de ba gwaaro tem maama mo pwɛ ba yera amo ŋwaane.
22Pi-bea kam konto tɔge ka toŋe pwɛɛm totoŋe dem mo. Konto ŋwaane, le ka jazem chwei dem, de ka nabili-bwogo kom mɛ na jege lara to, de ka wo-zela yam lara kam, de chwɛ dem kuri seeni, dedaane tapwale-bia yalei yam, de ya lara kam maama. 23Nii tetɔgɔ kom wone mɛ ba na ke bworobworo kolo na ba jege sabɔle to, se n le bworobworo ko dwi ko dwi, 24se n kwei-te n pa Aron de o bia bam, ko woli de pi-bea kam nɔna yam. Banto wó zeiŋi-te wɛɛne ba yaare-te amo yiga ne se ko bere we ba kwei-te ba pa amo mo. 25Konto kwaga ne, se n jwoŋi nɔna yam de bworobworo kom maama n daŋe zwɛɛm kaanem dem baŋa ne se n zwɛ-te kaanem dakaa kam baŋa ne. Te nyoa kam lwom wó taa ywona de pa amo, ye de pwoli amo wo. 26Ko ná ye pwɛɛm totoŋe pi-bea kam, kwei ka nyɔɔne seeni nɔna yam, se n zeiŋi-ya wɛɛne n yaare amo yiga ne, se n laam daare n wane-ya n di.
27Á ná yeini á pwɛ kaanem tiina amo ŋwaane, á wó kwei pi-bia kam nyɔɔne dem de ka chwei dem á na zeiŋi amo yiga ne to á pɔɔre-ya se ya taa ye amo nyem. Aron de o bia bam mo wó taa tei-ya. 28Isarele tiina bam ná yeini ba ja yazura kaanem ba ba se ba zwɛ amo ŋwaane, varem wom nyɔɔne dem dedaane o chwei dem nɔna yam wó taa ye pɛɛre delo ba na jege se ba pa-ne to. Ko maa ye kaanem tiina bam nyem mo se ba wane ba di. Amo ni dem mo konto se ko taa vei wuu.
29Aron nam ná tega, se á tiŋi o kaanem gwaaro tem se te taa cheigi o bu wolo na wó leiri o yuu ne o ji kaanem nakwe tu to. Ba ná lage ba tiŋi kotu, o jege se o zo gwaaro tem konto mo. 30Wolo na wó leiri Aron yuu ne to, ye se ba kwei da yarepɛ mo ba pwɛ‑o ba zege o totoŋe dem ŋwaane. O wó zo gwaaro tem mo da yarepɛ yam maama wone ye o zo amo di-yuu kom wone o toŋe o pa-ne.
31Kwei pwɛɛm totoŋe pi-bea kam nɔna yam n vo wara-jei selo na ye se yera to ne, n saŋe-ya. 32Aron de o bia bam yerane mo wó kwei nɔna yam konto de bworobworo kolo na wo tetɔgɔ kom wone to ba di wara-jei sem manchwo-peena ni ne. 33Wodiu kom konto ye kolo amo na tɔge ko ŋwaane a ma saare ba wɛleera pa se ba ji amo kaanem tiina to mo. Nɔɔn-nɔɔno ba jege chwoŋa se o di-ko, ko ná dae kaanem tiina bam yerane, ko na ye a nyem to ŋwaane. 34Nɔna yam de bworobworo kom ná zege te poore tega, se á zwɛ-te. Á daa yé di-te, te na ye a nyem to ŋwaane.
35Kwei da yarepɛ se n ma n tiŋi Aron de o bia bam amo kaanem totoŋa yam ŋwaane. Yɔɔre n ke se ko maŋe de a na bere‑m tei to. 36Dɛ maama wone se n go nabea n ma n kaane n pa-ne wɛleera saarem ŋwaane. Ko ta wó pa se kaanem dakaa kam fɔge ka kwɛ. Nmo nam ta wó kwei swolim nuga mo n ma n turi dakaa kam yera ne se ko pa se ka taa ye wose. 37Nmo ná ke konto dakaa kam baŋa ne se ko yi da yarepɛ, ka wó yɔɔre ka taa ye wose mo amo ŋwaane. Nɔɔno wolo de woŋo kolo maama na dwei-ka to de nam pwɛ mo amo ŋwaane.
Dɛ maama pɛɛra yam
38Dɛ maama wone nmo jege se n pa ba kaane tento mo ba pa-ne dakaa kam baŋa ne:
Kwei-na pi-bale selei na jege bene dedoa to á ma á ke kaanem á pa-ne. 39Dedoa wó kwei ka kaane zezeŋa ne mo, se kadwoŋi kam kaane dedaan-ni maŋa ne. 40Á ná kwei zezeŋa pi-bala kam á toŋe, se á kwei mun-bwei bwɛ selei á viiri de Olivi nuga kalo na ye chekke to bɔŋa dedoa ye á woli-ya kaanem dem wone á pa-ne. Ta kwei-na sa-sona bɔŋa dedoa á ke se ka taa ye wo-nyɔɔro pɛɛre. 41Ko ná ye dedaan-ni pi-bala kam, ta kwei-na muni, de nuga, de sa-sona konto dwoŋi á woli da á ke kaanem á pa-ne. Ko wó taa ye wodiu pɛɛre ko pa-ne. Ko nyoa kam lwom wó taa ywona ko pa-ne ye ko pwoli amo wo.
42Abam de á bia wó taa ke zwɛɛm pɛɛre dem konto wara-jei sem manchwo-peena yam ni ne mo á pa-ne. Nam ta‑á zwɛ-ya dɛ maama, ye amo de wó jeeri abam dáane se dé ŋɔɔne daane. 43Chega to, amo wó ba a jeeri Isarele tiina bam dáane, ye a nenɔŋ-fɔrɔ kom mo wó tiini ko nyeene jei sem konto ne se se taa ye wose.
44A maa wó pwɛ wara-vwei dem de de kaanem dakaa kam maama se te taa ye wose. A nam ta wó pɔɔre Aron de o bu-baara bam se ba ji amo kaanem tiina. 45A maa wó taa zoore de Isarele tiina bam, se a taa ye ba Wɛ. 46Banto de maa wó lɔre we amo mo ye ba Tu Baŋa Wɛ wom. A nam jaane-ba mo a nwoŋi Ejipti ne a ba ywo-seeni se a taa zoore de-ba. Chega to, amo mo ye ba Tu Baŋa Wɛ wom.”",https://www.bible.com/bible/3661/EXO.29.KBG
NWOŊIM 30,"Talwoŋa zwɛɛm dakaa
1“Pa se ba kwei golesaa dɛ ba ma ke dakaa kalo talwoŋ-ywoŋa na wó taa zwɛ de baŋa ne to. 2Pa se ba ke-ka se ka sɛ sem taa mae daane, dedɔrɔ baŋa de kayɔlɔ baŋa seeni. Ko wó taa ye jatwogo de noa ni maŋem bedwe mo, se wɛ-baŋa maŋem taa ye jatwogo de noa ni maŋem kuni belei. Daa dedoa mo wó ke dakaa kam dedaane nyea yana se ya cheili wɛɛne nenɛɛne nabea nyea tei. 3Kwei-na sabu-seŋa kalo na ye chekke to á kwoli dakaa kam maama, ye á daare á ma sabu-seŋa kam á tɔge ka nia yam. 4Ta ke-na sabu-seŋa kwana yalei á meeli-ya dakaa kam sɛ selei sem ne, se ya maŋe de ka nia yam kuri seeni. Laam tore-na dɛ ya wone se nɔɔna taa mae ba zeŋe-ka. 5Dɛ sem konto wó taa ye golesaa dɛ mo á wó ma á ke ye á daare á kwei sabu-seŋa á kwoli se maama. 6Á maa wó zege dakaa kam konto se ka taa wo gare-jale delo na chege amo di-yun-gala kam to yiga ne. Ni-gwonim dakaa kam de ka ni-pugu kom wó taa wo gare-jale dem kwaga ne. Ko maa ye wɛleera saarem ni-pugu kom seeni mo amo wó jeeri‑m se dé ŋɔɔne.
7Dɛ maama tetete se Aron yeini o zo o fɔge o kwɛ min-zwonnu tem, se o daare o zwɛ talwoŋ-ywoŋa dakaa kam baŋa ne. 8O wó yeini o ke konto mo dedaan-ni maŋa ne. Talwoŋ-ywoŋa wó taa zwɛ ka pa amo Baŋa Wɛ mo maŋa maama se ko taa vei wuu. 9Yé zwɛ-na talwoŋ-yɔɔ dakaa kam konto baŋa ne. Nam yé ke-na zwɛɛm kaanem, naa muni pɛɛre kaanem, naa wo-nyɔɔro kaanem ka baŋa ne. 10Aron nam wó taa kwɛ dakaa kam bedwe mo bene maama wone. O ná lage o kwɛ-ka, se o kwei wɛleere kaanem varem wom jana o ma taare ka nyea yana yam. Á nam wó ta‑á ke konto mo bene maama wone se ko taa vei wuu. Kokuri to, dakaa kam ye wose mo, ba na pwɛ-ka ba pa amo to ŋwaane.”
Wara-jei sem kwɛɛm lampwoo
11 Baŋa Wɛ daa ma ta de Moses o we:
12“Pa se ba jeeli Isarele baara bam ni se n lɔre ba na mae tei. Á na lage á ke konto, nɔɔno maama jege se o kwei sabu o tiŋi o tete ŋwea ŋwaane mo. Konto wó che se, á ná wora á jeeli ba ni, se jawe-chɛɛro yé daane-ba. 13-15Sabu kom ba dedoa dedoa na wó ŋwe to wó taa mae daane mo. Nadum bá ŋwe o dwoni yiniga tu. Yiniga tu de nam bá ŋwe se ko muri nadum na wó ŋwe tei to. Nɔɔno wolo maama na yi bena finlei ye o tɔge o wo jeelim dem wone to wó ŋwe sɛkɛle chichworo mo, se ko dunni tɔge wara-jei sem maŋem chekke. Sɛkɛle dedoa maa ye gɛra kuni finlei. Sabu kom wó taa ye ŋwea jwoŋim pɛɛra mo ko pa-ne. 16Nmo nam ná jwoŋi sabu kom konto Isarele tiina bam tei ne, se á ta‑á ma-ko á kwɛ wara-jei sem de se totoŋa yam. Ko wó taa guli Isarele tiina bam de a na jwoŋi ba ŋwea tei to.”
Channa ware-zoŋa kam
17 Baŋa Wɛ ta ma ta de Moses o we:
18“Pa se ba kwei channa ba ma ke ware-zoŋa de ka na wó taa zege woŋo kolo baŋa ne to. Laam kwei-ka á zege wara-vwei dem dedaane kaanem dakaa kam tetare laŋa ne se á daare á mɔ na á ke da. 19Aron de o bia bam wó yeini ba ma na bam konto mo ba se ba je de ba nɛ. 20Ba ná yeini ba boŋe se ba fɔɔre ba yi amo tei wara-jei sem ne naa se ba zwɛ pɛɛra kaanem dakaa kam baŋa ne, ba wó yeini ba da yiga mo ba kwɛ ba tete de na bam konto. Ko ná dae konto ba wó te mo. 21Banto de ba dwi dem jege se ba taa se ba je de ba nɛ mo, se ba yé te. Amo ni dem mo konto se ko taa vei wuu.”
Wɛ swolim nuga kam
22 Baŋa Wɛ daa ma ta de Moses o we
23“Pa se ba nane talwoŋa dwi dento maama yɔle yɔle, se ba daare ba viiri te maama ba ke daane: Ko nam ye Mura maaro kilo teredo, de Kinamon kilo tetɔ, de feil-kasogo kilo tetɔ, 24de Kasia tio poro kilo teredo mo. Kwei-na talwoŋa dwia yanto á viiri de Olivi nuga se ka yi kunkwollu tena. Nam maŋe-na te maama se te dunni taa tɔge wara-jei sem maŋem chekke. 25Laam pa se wolo na tiini o yei terale nuga keim to viiri te maama daane o ke-ka. Amo swolim nuga kam konto wó taa ye ka yera mo amo ŋwaane.
26Nmo laam ma‑n wó kwei-ka n taare wara-vwei dem, de ni-gwonim dakaa kam, 27de bworobworo tabolo kom de ko yera zela maama, de min-zwon-zego kom de ko yera wonnu tem, de talwoŋ-ywoŋa zwɛɛm dakaa kam, 28de zwɛɛm kaanem dakaa kam dedaane ka yera zela yam, de ware-zoŋa kam dedaane ka na zege woŋo kolo baŋa ne to maama. 29Nmo nam ná tɔge chwoŋa kam konto n kwɛ-te, te laam wó taa ye te yera mo te pa-ne. Te na pwɛ amo ŋwaane konto to, wolo maama ná dwei-te, konto tu de pwɛ mo amo ŋwaane.
30Nmo nam ná lage n tiŋi Aron de o bu-baara bam amo kaanem totoŋa yam ŋwaane, se n turi-ba de nuga kam konto. 31Nam ta de Isarele tiina bam we, ‘Amo swolim nuga kanto mo á wó ta‑á ma á turi amo kaanem tiina se á pwɛ-ba amo ŋwaane se ko taa vei wuu. 32Ka ye ka yera mo ka pae amo. Á ba jege se á ta‑á mae-ka á turi á yera yɔɔ yɔɔ. Yé ke-na ka dwi se á ma á toŋe totoŋe dedwoŋi. Abam nam wó pa se ka taa ye ka yera mo maŋa maama. 33Wolo nam ná ve ni dento ye o kwei nuga kam konto o ma toŋe totoŋ-yɔɔ, ba wó le kotu mo se o daa yé tɔge o woli Isarele dwi dem wone.’ ”
Talwoŋ-ywoŋa kam
34 Baŋa Wɛ daa ma ta o bere Moses o we:
“Pa se ba kwei wonnu tento ba ma ke talwoŋ-ywoŋa kam: Setakete maaro, de Onicha, de Galibanum, dedaane Faraniki talwoŋ-ywoŋa na ye chekke to. Maŋe-te se te bɔŋa kam taa mae daane. 35Laam pa se wolo na yei terale keim lanyerane to gwaane-te daane. Yɛ mo wó woli da se ka ji talwoŋ-ywoŋa kalo na ye chekke ye ka ye ka yera amo ŋwaane to. 36Nmo laam ma‑n wó zwɛ ka wone n nane yɔle-yɔle. N ta wó ja-ka n zo wara-vwei dem wone se n zezage ni-gwonim dakaa kam yiga ne, mɛ amo na wó jeeri‑m to. Pa se talwoŋa kam konto tiini ka taa ye ka yera ka pa-ne. 37Yé ke-na ka dwi se á ma á toŋe totoŋe dedwoŋi á pa á tete. Ba na kwei talwoŋ-ywoŋa kam konto ba pa amo to ŋwaane mo ka ye wose. 38Wolo nam ná ve ni dento ye o ke ka dwoŋi, ba wó le kotu mo se o daa yé tɔge o woli Isarele dwi dem wone.”",https://www.bible.com/bible/3661/EXO.30.KBG
NWOŊIM 31,"Bezaleli de Oholiaba taane
1 Baŋa Wɛ déem ma ta de Moses o we:
2“Amo mo kuri Yuri bu Bezaleli. O kwo-nakwe maa ye Hura ye wonto nwoŋi Judah dwi dem wone. 3Amo kwei a jworo mo a pa‑o, pa se o jege swa, de yi-poro, de yeino se ko tiini ko gaale, ye o wae o gɔgere wonnu dwi dwi. 4O ta wae o kwei sabu-seŋa, de lu-nyenno, de channa o ma naane wonnu telo na tiini te lana to. 5O ta wae o kwei kandwa-nyenno de dɛ o sara o ma gɔgere wonnu dwi dwi. 6Amo nam le Dan dwi tu Ahisamaki bu Oholiaba mo se ba taa toŋe daane. Gɔgɔ kolo maama na daare to, a ta pɛ-ba swa dwi dwi se ba de tɔge ba woli se kolo maama amo na bere‑m to wane ko toŋe chekke. Wonnu tem mo tento:
7Wara-vwei dem, de ni-gwonim dakaa kam, de wɛleera saarem ni-pugu kom na kwoli-ka to, dedaane wonnu telo maama na pae se vwei dem lamma to mo konto,
8de tabolo kom de ko zela yam, de sabu-seŋa min-zwon-zego kom de ko zela yam maama, de talwoŋa zwɛɛm dakaa kam,
9de zwɛɛm kaanem dakaa kam de ka zela yam maama, de ware-zoŋa kam de ka na wó zege woŋo kolo baŋa ne to,
10de nenɔŋa gwaaro telo kaanem tu Aron de o bia bam na jege se ba zo-te se ba toŋe kaanem totoŋa to, 11de Wɛ swolim nuga kam, de talwoŋ-ywoŋa kam ba na wó zwɛ Wɛ di-yuu kom ne to.
Nam pa se ba ke woŋo maama se ko tɔge amo na bere‑m tei to.”
Siu dɛ dem taane
Nwoŋim 20:8-11; Chullu 23:3; Nia Gulim 5:12-15
12 Baŋa Wɛ ta ma ta de Moses o we:
13“Ta Isarele tiina bam se ba taa yei da yarepɛ dɛ dem ni ne. Abam ná ke á tɔge amo ni dem da yarepɛ dɛ dem ŋwaane, ko wó taa ye maana abam de á dwi maama tei ne, se á lɔre we amo Baŋa Wɛ mo kuri abam se á ta‑á ye amo nyem. 14Da yarepɛ dɛ dem wó taa ye de yera mo amo ŋwaane. Wolo nam ná chɔge de chullu tem, o jege se o te mo. Nɔɔno wolo maama ná toŋe totoŋa dɛ dem konto ne, kotu daa yé tɔge o woli Isarele dwi dem wone. 15Kwei-na da yaredo á toŋe á totoŋa. Ko daare se da yarepɛ dɛ dem taa ye de yera de pae amo Baŋa Wɛ. Ko maa ye siu dɛ mo. Wolo ná toŋe de dɛ dem ne, se á go kotu. 16Isarele tiina bam de ba dwi maama wó taa nege da yarepɛ dɛ dem mo ye ba tɔge de chullu tem se ko taa vei wuu. 17Dɛ dem konto ye maana dɛ mo de pa amo de Isarele tiina bam se ko taa vei wuu, se á guli we amo kwei da yaredo mo a ma a naane wɛyuu de tega baŋa. A laam ma sii da yarepɛ dɛ dem ne, a naanem totoŋe dem na ti to ŋwaane.”
18 Baŋa Wɛ na ŋɔɔne de Moses Sinayi Peo kom yuu ne o ti to, mo o kwei kandwa-pelɛ selei sem o pa‑o. Wɛ nam ya mo mɛ o tete jeŋa o popone o ni-gwonim dem botara ya baŋa ne.",https://www.bible.com/bible/3661/EXO.31.KBG
NWOŊIM 32,"Sabu-seŋa na-mɔra
1Moses déem nam ya maŋe peo kom yuu ne mo o dáane. Nɔɔna bam ma vo ba jeeri Aron tei ne ba we, “Moses mo seene o ja debam o nwoŋi Ejipti ne o ba ywo-seeni. Dé nam yeiri kolo na yi‑o to. Nam ke woŋo se ko lwoni wɛ n pa debam se ko taa tɔge debam yiga.”
2Aron ma leiri-ba o we, “Le-na sabu-seŋa zwa-kwana yam abam kaana de á bia de á bukwa bam na ke ba zwa ne to á ja á ba á pa-ne.” 3Nɔɔna bam ma seene ba ja sabu-seŋa zwa-kwana yam konto ba vo ba pa‑o. 4Aron na jwoŋi sabu-seŋa kam to, o ma nyeene-ka ye o laam mɔ kamɔgɔ nenɛɛne na-mɔra o pa-ba. Nɔɔna bam na nɛ-ka to, mo ba bage de kwor-dɛa ba bere daane ba we, “Isarele tiina bam, á wɛ dem mo tento, de na jaane debam de ja nwoŋi Ejipti ne de ba ywo-seeni.”
5Aron ma na kolo na ke to ye o lɔ bimbini na-mɔra kam yiga ne. O ma ta o we, “Jwa ne, se dé maama jeeri dé di kuri dé ma zuli Baŋa Wɛ.” 6Tega na poore tetete to, nɔɔna bam ma ba ba go vara se ba ma ke zwɛɛm kaanem, ye ba kwei badaara ba ke yazura kaanem se ba di nɔna yam. Ba déem lɛɛre ba di wodi-fɔrɔ mo ye ba nyɔa, ba daare ba zaŋe ba kwɛɛre yɔɔ yɔɔ.
7 Baŋa Wɛ ma ta de Moses o we, “Ke lela n tu n nɔɔna bam tei ne. N na jaane balo n nwoŋi Ejipti teo kom ne to bobo se ba toŋe jworim mo. 8Ba gare ba ve chwoŋa kalo amo na bere-ba se ba tɔge to mo, ye ba ke jwoni na nye de na-mɔra. Ba maa tɛ daane ba we, ‘Isarele tiina bam, á wɛ dem mo tento, de na jaane abam de nwoŋi Ejipti ne de ba ywo-seeni.’ ”
9 Baŋa Wɛ ta ma ta o we, “Moses, amo nɛ we nɔɔna banto zwabania tiini ka gaale. 10Amo bane nam zaŋe de-ba mo ye ko maŋe se a chɔge-ba. Yé che a yiga de a boboŋe dem. Amo nam ta wó zege nmo baŋa ne se a pa n dwi dem puli de ji te-zɔŋɔ.”
11Moses ma kwaane o lwoori o Tu Baŋa Wɛ wom se o leiri o boboŋe dem. O ma ta o we, “Baŋa Wɛ, nmo mo mɛ n dam-fɔrɔ n ja nɔɔna banto n zege Ejipti ne n ba ywo-seeni. Kɔ ŋwaane mo nmo bane wó zaŋe de-ba se n chɔge-ba? 12Nmo ná chɔge-ba, Ejipti tiina bam wó taa tɛ we, ‘Wɛ gane o nɔɔna bam mo o ja o vo peero tem jei ne se o go-ba. Ba yere maa wó saare logo baŋa ne!’ Ja! Yage n ban-zɔŋɔ kom, se n leiri n boboŋa se n yé chɔge-ba, ba na ye nmo tete nɔɔna bam to ŋwaane. 13Guli n ni-gwonim dem n déem na ke de Abaraham, de Izaak dedaane Jakob to gula. Nmo tete ne mo n dugi de-ba we ba dwi dem wó ba de puli nenɛɛne wɛyuu chalechwe na ye tei to, se ba daare ba taa tei tega kanto.” 14Moses na tage konto to, Baŋa Wɛ ma leiri o boboŋe dem o ya na jega se o chɔge nɔɔna bam to, ye o daa wo chɔge-ba.
15Moses ma pipiri o kwei chwoŋa o maa tu peo kom kuri ne. O déem zei kandwa-pelɛ selei selo Wɛ ni-gwonim dem botara na popone ya baŋa ne, yiga de kwaga to mo. 16Baŋa Wɛ tete ni taane mo o déem nam popone de o jeŋa. O ma sare-ya o tiŋi kandwa-pelɛ sem baŋa ne.
17Moses zeinnu Josua déem ma ni nɔɔna bam na jege sɔɔ kolo ba ke to ŋwa. O ma ta de Moses o we, “Sɔɔ konto nye nenɛɛne tiguri-kaasa mo to nɔɔna bam na gilimi mɛ to wone.” 18Moses de ma leiri‑o o we, “Sɔɔ konto wo bere we ba wane ba dona, ko nam wo bere we ba dona di-ba. Ko ye kwɛɛra sɔɔ mo.”
19Moses na fɔɔre o yi peo kom kuri ne to, mo o nɛ ba jwoni dem. O ta ma na nɔɔna bam na sae tei to. O bane ma tiini de zaŋe. O ban-zɔŋɔ kom baŋa ne, mo o dole kandwa-pelɛ sem de dam peo kom teiŋa ne ye ya lɔ. 20O ta ma kwei na-mɔra jwoni dem o de mini ne pa se de nyeene. O laam ma cho-de pa se de ji muni, ye o daare o viiri de muni dem de na o kwei o pa nɔɔna bam se ba nyɔ.
21Moses ma daare o bwei Aron o we, “Nɔɔna banto ke bɛ mo ba chɔge n yiga ye n pa se ba tiini ba tusi tento?” 22Aron ma leiri‑o o we, “Ja! Yé pa se n bane zaŋe de amo, se n maŋe n yei we, ba ná boŋe se ba ke kolo, nɔɔno ware-ba o gwi. 23Ba tu amo tei ne mo ba we, ‘Moses na jaane debam o nwoŋi Ejipti ne o ba ywo-seeni to, dé yeiri kolo na yi‑o to. Nam ke woŋo se ko lwoni wɛ n pa debam se ko taa tɔge debam yiga.’ 24Amo de ma ta de-ba se ba ja ba sabu-seŋa zwa-kwana ba ja ba ba ba pa-ne. Ba na le-ya ba pa-ne to, mo a dole-ya a de mini wone ye ya ji na-mɔra kanto!”
25Moses ma maane we nɔɔna bam daa ware ba ja. O ta lɔre we ko zege Aron yera ne mo ye ba ke konto, kolo ŋwaane nɔɔna bam déem ya toŋe jworim mo pa se ba dona mɔne-ba. 26O ma che nɔɔna bam na gilimi jei selo ne to ni dem, ye o ta o we, “Wolo maama ná zege o pa Baŋa Wɛ se konto tu ba amo tei ywo-seeni.” Levi dwi dem maama ma fɔɔre ba yi o tei ba zege. 27O ma ta de-ba o we, “Isarele Baŋa Wɛ wom mo pɛ abam ni se á maama kwei á se-zɔɔro á zo nɔɔna bam wone á ta‑á goe yɔɔ. Yé kuri-na á chorro, de á badwonna, de á fara á yage.”
28Levi dwi tiina bam ma sɛ Moses ni dem, ye dɛ dem konto ne ba go nɔɔna morro tetɔ (3,000). 29Moses ta ma ta-ba o we, “Abam na sɛ Wɛ ni dem ye á go á bia de á chorro to ŋwaane, á laam wó ta‑á ye Baŋa Wɛ kaanem tiina mo se á ta‑á toŋe á pa o nɔɔna bam. Baŋa Wɛ swolim dem laam nam wo á baŋa ne.”
30Tega na poore to, Moses ma ta de nɔɔna bam o we, “Abam ya tiini á ke wɛleere. Amo nam wó jwoori a di Baŋa Wɛ tei se a kwaane a ke abam de Baŋa Wɛ daane se o ma o chɛ abam.”
31Moses ma jwoori o di Baŋa Wɛ tei ye o ta ded‑o o we, “Nɔɔna bam tiini ba ke wɛleere ba ja ba gaale. Ba kwei sabu-seŋa mo ba ke jwoni ba pa ba tete. 32Ja! Amo nam lwoori‑m se n yage ba wɛleere dem n chɛ-ba. Ko nam ná dae konto, se n yɔɔre n saare amo yere se de yé taa wo nmo tɔnɔ kom wone.” 33Baŋa Wɛ ma leiri‑o o we, “Aawo! Wolo ná ke o tusi amo yiga ne, mo amo wó saare kotu yere a yage se de daa yé taa wo amo tɔnɔ kom wone. 34Nam jwoori n vo n tɔge nɔɔna bam yiga se á vo mɛ amo na tage dede‑m se á vo to. Amo maleka kam wó taa wo á yiga ne. Maŋa nam ná yia, amo laam wó waare-ba ba wɛleere dento ŋwaane.”
35 Baŋa Wɛ ma pa se jawe-chɛɛro to Isarele tiina bam baŋa ne de ba na pɛ se Aron ke sabu-seŋa na-mɔra jwoni dem o pa-ba to.",https://www.bible.com/bible/3661/EXO.32.KBG
NWOŊIM 33,"Isarele tiina bam yage Sinayi peo kom jei sem
1 Baŋa Wɛ daa ma ta de Moses o we, “Zaŋe-na se á kɛ! Nam ja Isarele tiina bam n na jaane n nwoŋi Ejipti ne n ba ywo-seeni to, se á vo tega kalo amo na gwoni ni dedaane á nabaara Abaraham, de Izaak, de Jakob se a pa banto de ba dwi dem to. 2Amo wó toŋe maleka se ka tɔge á yiga ka bere abam chwoŋa. Amo tete nam wó zeili Kanaan tiina bam, de Amori tiina bam, de Hiti tiina bam, de Pɛrizi tiina bam, de Hivi tiina bam, de Jebusi tiina bam maama. 3Ba tega kam á na maa vei to tiini ka ywomma de varem de kɔnɔ. Amo nam za bá tɔge de abam se dé vo, á na ye zwabani-nyena to ŋwaane. Amo ná tɔge de abam, a wae a chɔge abam chwoŋa ne.”
4Nɔɔna bam na nigi ta-chɛɛre dem konto to, ba maa keera ye ba ve se ba zo gare-laaro de wo-nyenno. 5Baŋa Wɛ nam ya wuuri o ta Moses mo se o ta de Isarele tiina bam we, “Baŋa Wɛ ná maŋe o tɔge de abam fenfee de, o wó chɔge abam mo, á zwa na ba ni to ŋwaane. Nam lɔɔre-na á yera wo-nyenno se Wɛ laam lɔre o na wó ke abam tei to.” 6Konto ŋwaane, Isarele tiina bam na zege Sinayi peo kom jei sem ne ba maa kɛ to, ba daa wo kwei wo-nyenno ba ke ba yera ne.
Jeerim vwei dem
7Ba ná yeini ba beeri ba yi mɛ ba na wó tigisi to, Moses déem yeini o vo dáa dáa mo de-ba o chwi vwei dedwoŋi. O déem bwoi-de we, ‘Jeerim vwei’ mo. Wolo maa na yeini o lage se o ni Baŋa Wɛ kwora to wó vo o zo vwei dem wone mo.
8Moses ná yeini o maa vei se o zo jeerim vwei dem wone, nɔɔna bam maama wó nwoŋi ba zege ba vwoa yam nia ne mo. Ba laam maa nii‑o se o vo o yi vwei dem o zo de wone. 9O nam ná zo vwei dem wone, kunkwoŋo kolo na zege deiki to laam yeini ko ba ko dɔge vwei dem ni dem ne mo, ye Baŋa Wɛ laam zege kunkwoŋo kom wone o ŋɔɔne de Moses. 10Nɔɔna bam nam ná nɛ kunkwoŋo kom konto, ba wó yeini ba zege ba vwoa yam nia ne mo, ye ba chɔɔle tega ne ba zuli Wɛ. 11Moses ná yeini o zo vwei dem wone, Baŋa Wɛ ŋɔɔne ded‑o jaja nenɛɛne nɔɔno na ŋɔɔne de o dwoŋi tei to mo. Ko kwaga ne Moses maa yeini o jwoori nɔɔna bam tei, mɛ ba na zoore to. Nɔn-doŋo wolo na ye Moses zeinnu to maa yeini o maŋe jeerim vwei dem wone. Wonto maa ye Nun bu Josua.
Baŋa Wɛ nenɔŋ-fɔrɔ kom
12Moses déem tage de Baŋa Wɛ mo o we, “Nmo seene n bere-ne we a tɔge nɔɔna banto yiga se a ja-ba a vo tega kam baŋa. Nmo nam ta wo pɛ se a lɔre a zeinnu wom mo. Nmo ta ma‑n tɛ we nmo yei amo wo ye a kikia su n yi. 13Tento maama nam ná seene ko ye chega, se n bere-ne n chwei sem chekke. Konto wó pa se a fɔge a sɛ nmo ni lanyerane, ye a ta ke nmo boboŋa yam na lage tei to. Nam yé swei we n tete mo kuri dwi dem konto nɔɔna bam se ba taa ye nmo nyem.” 14Baŋa Wɛ ma leiri Moses o we, “Amo tete mo wó taa wo nmo tei ne, ye a pa se n bochare zuri.”
15Moses ma ta o we, “Nmo nam ná ba lage n tɔge debam se dé vo, se n yé pa se dé gɔ naga. 16Nmo nam ná tɔge n wo dé tei ne ye dé via, nɔɔna maama wó lɔre we nɔɔna banto kikia su nmo yi. Ba ta wó lɔre we debam ye dé yera mo logo baŋa nɔɔna maama wone.”
17 Baŋa Wɛ laam ma ta de Moses o we, “Amo wó ke kolo maama nmo na lage to, a na yei nmo wo ye n kikia su amo yi to ŋwaane.”
18Moses daa ma ta de Baŋa Wɛ o we, “A lwoori‑m mo se n pa-ne pwola se a na nmo nenɔŋ-fɔrɔ kom chekke.”
19 Baŋa Wɛ ma leiri o we, “Amo mo ye Baŋa Wɛ wom. Amo wó duri wolo maama a na kuri to yibwona ye a ke zaane kotu yuu ne. Amo nam wó bere‑m a lanyerane dem se n yia na-de, ye a daare a pa se n ni a yere dem chekke. 20Nmo nam ba jege se n na a yibia mo, kolo ŋwaane wolo maama ná nɛ amo yibia, konto tu wó te mo. 21Nii ywo! Peo kodwoŋi zege ywo-seeni bwola bwola. Véi n ta‑n zege ko baŋa ne. 22Amo nam ná lage a tɔge n tei ne se a kɛ de a nenɔŋ-fɔrɔ kom, a wó ja‑m se n seigi peo gugworo ne, ye a kwoli n yibia de a jeŋa, se a wane a gaale‑m a kɛ. 23Ko kwaga ne a laam wó dɔne a jeŋa se n wane n na amo kwaga kam. Se ko ná ye amo yibia, n ba jege se n na-ka.”",https://www.bible.com/bible/3661/EXO.33.KBG
NWOŊIM 34,"Kandwa-pelɛ selo na ke belei tu to
1Dɛ dedwe Baŋa Wɛ déem tage de Moses o we, “Daa‑n sare kandwa-pelɛ selei nenɛɛne boboa nyena yam a na ke ye n lɔ-ya to. Amo wó jwoori a popone a nia yam ya baŋa ne. 2Nam ti n yiga se jwa tetete n di Sinayi peo kom yuu n ba amo tei se dé jeeri daane. 3Nɔɔn-nɔɔno nam ba jege se o tɔge dede‑m o di peo kom yuu. Nɔɔna bam maama jege se ba maŋe peo kom dáa ne mo. Yé pa-na se á pei, de á bone, de á naane taa bwola peo kom teiŋa ne se de di gaao.” 4Moses ma sare kandwa-pelɛ selei ne boboa nyena yam na ye tei to. Tega na poore tetete to, o ma ja-ya o di Sinayi peo kom yuu, nenɛɛne Baŋa Wɛ na tage tei to.
5 Baŋa Wɛ ma chu kunkwoŋo kom wone o zege Moses tei ne. Moses na zege da ye Wɛ maa beene to, mo Wɛ déem bwoŋi o tete yere dem chekke o we, ‘Taa Wuu Tu Baŋa Wɛ’. 6Baŋa Wɛ ma tɔge Moses yiga ne o kɛ ye o we:
“Amo mo ye Baŋa Wɛ wom,
Taa Wuu Tu Baŋa Wɛ!
A jege nɔɔna ŋwaŋa,
ye a ke zaane a ke ba yuu ne.
A maa yeini a peene a bane de-ba.
A swono kom gaale,
ye a chega kam de bá fɔge ka ti.
7Amo bá fɔge a yage a swono kom,
ne a na gwoni ni de a nɔɔna bam
de ba dwia yam se ko taa vei wuu tei to.
A maa kwei nɔɔna lwarem
de ba wɛleera a maa chɛ-ba.
Se ko ná ye balo na gɛ bora to,
a yeini a waare-ba mo de ba bia maama
se ko yi ba naaro,
de ba na-jwooru dwia yatɔ naa yana laŋa ne.”
8Moses ma ke lela o chɔɔle o yuu tega ne se o zuli Baŋa Wɛ. 9O ma lwoori‑o o we, “Amo Teiru, a kikia nam ná seene ya su nmo yi, se n tɔge debam se dé vo. Chega ŋwaane to, nɔɔna bam seene ba ye zwabani-nyena mo. Nam kwei ba wɛleera de ba tusim kikia n ma‑n chɛ-ba. Ta pa se dé taa ye nmo tete nyɔn-mage nɔɔna, se n ta‑n tei debam.”
10 Baŋa Wɛ daa ma ta o we:
“Nii mo! Amo ta lage a gwoni ni de abam mo. Nmo nɔɔna bam yiga ne mo amo wó ke wo-kenkagela yalo dwoŋi ta na wo fɔge ya ke logo baŋa ne to. Teene delo na bwola de abam to wó taa zege ba nia ye foone ja-ba mo, wo-kenkagela yalo amo Baŋa Wɛ na wó ke abam tetare ne to ŋwaane.
11Abam nam jege se á sɛ á ke nia yalo a zem na bere abam se á ke tei to mo. Á ná ke konto, amo de wó zeili Amori tiina bam, de Kanaan tiina bam, de Hiti tiina bam, de Pɛrizi tiina bam, de Hivi tiina bam dedaane Jebusi tiina bam maama se ba nwoŋi ba daare tega kam ba pa abam. 12Ta‑á yei-na se á yé ke ni-sɛɛm de nɔɔna balo na zoore tega kam konto ne to. Se á ná me de-ba, ba wó soge abam se á tusi amo yiga ne. 13Nam ke-na tento de-ba: Chɔge-na ba bimbina yam, de ba kandwa-siswollu tem na ye ba jwona to. Gwoni-na ba Asera nyenyego dɛ sem á de tega ne. 14Amo lage chega mo á tei ne se á ta‑á zuli amo yerane. Yé zuli-na wo-gaa á woli amo wone, amo yi na page abam baŋa ne to ŋwaane.
15Nam yé ke-na ni-sɛɛm dedaane nɔɔna balo na zoore tega kam konto ne to. Abam ná me de-ba, ba wó soge abam se á ta‑á zuli ba jwona yam, ye á daare á woli ba wone se á tɔge á di ba jwona wodiiru tem mo. 16Abam baara bam ná di jei sem konto bukwa ba maa ke kaana, kaana bam konto nam mo wó gane-ba se ba zuli ba jwona yam. 17Yé zaŋe-na á mɔ kamɔgɔ se ko taa ye jwoni ko pa abam.
18Abam wó ta‑á di Bworobworo-memene kuri dem mo. Bene maama wone, se á kwei da yarepɛ á ma á di bworobworo kolo sabɔle na wo woli ko wone to, Abibi chana kam ne. Ko déem ye chana kam konto ne mo abam nwoŋi Ejipti teo kom wone.
19Abam dwi dem wone, bu-kwe sem de á vara maama wone cheeri-bia bam ye amo nyem mo. 20Ko nam ná ye bonaga cheeri-bu, se á kwei pipeila á leiri ka yuu ne. Konto ná ware, se á bwori ka ba á go. Abam wó kwei wonnu mo á leiri á bu-kwe sem yuu ne á pa-ne.
Nɔɔn-nɔɔno yé vei de je-kore o ba amo yiga ye o ba zei pɛɛre.
21Kwei-na da yaredo á toŋe á totoŋa, se á daare á sii da yarepɛ dɛ dem ne. Ko ze ná ye mena varem maŋa naa wodiiru zagem maŋa de, se á sii da yarepɛ dɛ dem ne.
22Abam wodiiru tem ná dɛ yiga se te ke kwea maŋa ne, se á di Ga-kwea kuri. Chaara zagem maŋa de nam ná yi se á taa di Faao kuri dem. 23Bene maama wone se abam baara bam jeeri amo yiga ne kuni betɔ, se ba zuli-ne. Kolo ŋwaane, amo mo ye Isarele tiina Baŋa Wɛ wom. 24Amo lage a zeili dwia yalo na wo dáane ye abam ta wo zo da to mo, se á ná yeini á jeeri kuni betɔ se á di kura yanto, nɔɔn-nɔɔno yé kwaane se o jwoŋi á tega kam. A nam ta wó pa se á tega kam yale ka pa abam.
25Abam ná kwei varem se á ke kaanem, yé woli-na bworobworo kolo sabɔle na wo ko wone to da se á ke pɛɛre á pa-ne. Nam yé pa-na se Atɔgebabaŋa wodiu maŋe á tei ne ko poore tega.
26Bene maama wone se á ja á kare sem wodiiru telo na lwoori yiga te ke ye te lamma to á ja á jeeri abam Tu Baŋa Wɛ wara-jei sem ne.
Nɔɔn-nɔɔno yé kwei bebala de ka nu nayela o saŋe mini wone.”
27 Baŋa Wɛ daa ta ma ta de Moses o we, “Popone wonnu tento maama n tiŋi, se ko ye a nia yam baŋa ne mo amo ke ni-sɛɛm dedaane nmo de Isarele tiina bam maama.” 28Moses nam ya maŋe peo kom yuu ne da finna mo. Wea de tete ne maama mo o déem wora de Baŋa Wɛ, ye o ba di wodiu, o nam ba nyɔ na. O ma popone Wɛ nia fuga kam na bere Wɛ ni-sɛɛm de o nɔɔna bam to, o daŋe kandwa-pelɛ sem baŋa ne.
Moses yibia na nyeene tei to
29Moses ma zege peo kom yuu ne o tu nɔɔna bam tei, ye o zei kandwa-pelɛ sem Wɛ ni-gwonim dem botara na popone da to. Moses de Baŋa Wɛ nam ya na ŋɔɔne daane to, mo o yibia tiini ka nyeena ye o yeiri ko ni ne. 30Aron de Isarele tiina bam maama na nɛ we Moses yibia kam nyeene to, ba ma kɔre se ba fɔɔre ba yi o yera. 31Moses na maane konto to, mo o bwoŋi Aron de Isarele nakwa bam se ba ba o tei. Ba na yi da to, o ma ŋɔɔne de-ba. 32Nɔɔna bam maama laam ma fɔɔre ba yi ba gilimi Moses. O de ma kwei Baŋa Wɛ nia yam o ya na pɛ‑o Sinayi peo kom yuu ne to o pa-ba.
33Moses yibia nam ta nyeene mo. O na ŋɔɔne de nɔɔna bam o ti to, mo o kwei gare-fefala o ma o kwoli o yibia. 34Moses déem ná lage se o zo wara-vwei dem ne se o de Baŋa Wɛ ŋɔɔne daane, o yeini o le gare-fefala kam mo. O laam maa ná nwoŋi pwooni se o daa yeini o lwoni Baŋa Wɛ na bere tei maama to o bere nɔɔna bam, 35ba daa ta ma na we o yibia tiini ka nyeene mo. Moses ma ná yeini o ŋɔɔne de-ba o ti, o wó jwoori o kwei o gare-fefala kam mo o kwoli o yibia. O déem ma yɔɔre o ke konto mo taa se ko taa nii o daa ná boŋe se o vo o ŋɔɔne de Baŋa Wɛ.",https://www.bible.com/bible/3661/EXO.34.KBG
NWOŊIM 35,"Siu dɛ chullu
1Moses ma bwoŋi Isarele tiina kɔgɔ kom maama ye o ta de-ba o we, “Baŋa Wɛ na tage se á ke tei to mo tento: 2Kwei-na da yaredo á ma‑á toŋe á totoŋa. Ko daare se da yarepɛ dɛ dem taa ye de yera de pa abam. Ko maa ye siu dɛ, amo Baŋa Wɛ ŋwaane. Wolo ná toŋe de dɛ dem konto ne, se á go kotu. 3Yé tɔre-na mini á sam wone se á saŋe wodiiru da yarepɛ dɛ dem ne.”
Wara-jei sem yera zela yam
4Moses ta ma ta de Isarele tiina kɔgɔ kom o we, “Baŋa Wɛ na tage se á ke wonnu telo to mo tento: 5Ja-na pɛɛra á ba á pa Baŋa Wɛ. Wolo wo nam ná dɛa, se kotu ja pɛɛra yanto dwi:
sabu-seŋa, de lu-nyenno, dedaane channa,
6de gare-ŋone selo nyenyero na ye nazwon-pupwia, de nasoŋ-pupwia, de nasoŋo chwɛ-chwɛ to, de gare-fefale, dedaane boŋo koro,
7de pi-bea twanno telo ba na seini to, de twan-nyenno,
de golesaa dɛ,
8de min-zwonnu nuga,
de talwoŋ-ywoŋa kalo ba na wó ma ba ke Wɛ swolim nuga kam, de kalo ba na wó zwɛ wara-vwei dem totoŋa ŋwaane to,
9de Onika kandwa, de kandwa-nyenno ya dwi ya dwi, se ba ke-ya kaanem nakwe tu wom gare-wogo kom ne, ba daare ba ke yadwonna o gare-pale dem ne.
10Abam balo nam ná wae ba toŋe totoŋe dwi delo chekke, se ba kwei ba yeino kom ba woli se kolo maama Baŋa Wɛ na pɛ ni se á ke to tɔge chwoŋa. 11Ko maa ye tento:
Wara-jei sem dedaane se vwei dem, de gwaaro, de tankwallo telo na wó kwoli-de to, de gwoli sem, dedaane ywoa yam, de ya dagare sem, de da-dɛɛro tem, de luuru telo te na zege te baŋa ne to,
12ko woli de Wɛ ni-gwonim dakaa kam, de dɛ selo ba na wó taa ma zeŋe-ka to,
de wɛleera saarem ni-pugu kom,
de gare-jale delo na chege Wɛ di-yun-gala kam to,
13de tabolo kom, de ko dɛ selo ba na wó taa maa zeŋe-ko to, de ko yera zela yam maama, de bworobworo kolo na tigi da Wɛ ŋwaane to,
14de min-zwon-zego kom de ko zela yam maama, de min-zwonnu terepɛ tem, dedaane te nuga kam,
15de talwoŋ-ywoŋa zwɛɛm dakaa kam, de dɛ selo ba na wó taa ma zeŋe-ka to,
de talwoŋ-ywoŋa kam tete, de Wɛ swolim nuga kam,
dedaane gare-jale delo na wó pale wara-vwei dem ni ne to,
16de zwɛɛm kaanem dakaa kam, dedaane ka channa luu kolo na meeli ka yera ne to, de dɛ selo ba na wó taa maa zeŋe-ka to, de ka yera zela yam maama,
dedaane channa ware-zoŋa kam, de ka na wó zege woŋo kolo baŋa ne to,
17de konkɔlɔ kom gare-jala yam, de dɛ selo ya na wó pale se baŋa ne to, de se luuru tem,
de gare-jale delo na wó che konkɔlɔ kom manchwo-peena ni dem to,
18de paara yalo na wó chwi ya ja vwei dem de konkɔlɔ kom zela yam to, de ya ŋone sem,
19ko ta woli de nenɔŋa gwaaro telo Wɛ kaanem tu Aron de o bu-baara bam na wó taa zoore se ba yeini ba zo Wɛ diga kam wone ba ke kaanem ba pa‑o to.”
20Moses déem na ŋɔɔne o ti to, nɔɔna bam ma jwoori ba vwoa ne ba daare‑o. 21Balo maama na boŋe keim ye ba jege wopwolo ko ŋwaane to ma ja pɛɛra ba ba ba pa Baŋa Wɛ se ya woli wara-jei sem totoŋa yam, de kaanem totoŋa yam, dedaane kaanem tiina bam gwaaro tem sɔɔm. 22Baara de kaana balo maama wo na pwoli to ma ja sabu-seŋa wo-nyenno dwi dwi ba ba. Ba pɛɛra yam déem ye sabu-seŋa gwoli, de zwa-kwana, de jafola, dedaane zambila mo. Ba maama ma zeiŋi ba pɛɛra yam wɛɛne ba yaare-ya Baŋa Wɛ yiga ne.
23Badwonna déem ma ja gare-ŋone selo nyenyero na ye nazwon-pupwia, de nasoŋ-pupwia, de nasoŋo chwɛ-chwɛ to, de gare-fefale, dedaane boŋo koro, de pi-bea twanno telo ba na seini to, de twan-nyenno ba ba. 24Balo maa ná jege lu-nyenno, naa channa, naa golesaa dɛ selo na wó woli totoŋa yam to, ba de ma ja-te ba ba ba zeiŋi Baŋa Wɛ yiga ne. 25Kaana balo de na yei gare-ŋone ŋom to de ma ja gare-fefale de gare-ŋone selo ba na ŋoge to ba ja ba ba. Gare-ŋone sem nyenyero maa ye nazwon-pupwia, de nasoŋ-pupwia, de nasoŋo chwɛ-chwɛ. 26Kaana bam badwonna de ma kwei boŋo koro ba ma ŋo gare-ŋone.
27Yiga tiina bam ma ja Onika kandwa de kandwa-nyenno dwi dwi ba ba se ba kwei-ya ba meeli kaanem yiga tu gare-wogo kom dedaane o gare-pale dem yera ne. 28Ba ta ma ja min-zwonnu nuga kam, de wo-talwooru telo ba na wó woli talwoŋ-ywoŋa kam wone dedaane Wɛ swolim nuga kam wone to ba ja ba ba. 29Moses nam ya tage Baŋa Wɛ na lage se Isarele tiina bam ke totoŋa yalo to o bere-ba, pa se nɔɔna bam dedɛ boboŋa ja se ba ja wo-ywoŋo pɛɛra ba ba ba ke Wɛ jeŋa ne.
Bezaleli dedaane Oholiaba taane
30Moses laam ma ta de Isarele tiina bam o we, “Nii-na. Baŋa Wɛ mo kuri Yuri bu Bezaleli. Wonto kwo-nakwe maa ye Hura ye o nwoŋi Judah dwi dem wone. 31Wɛ kwei o jworo mo o pa‑o, pa se o jege swa, de yi-poro, de yeino se ko tiini ko gaale, ye o wae o gɔgere wonnu dwi dwi. 32O wae o kwei sabu-seŋa, de lu-nyenno, de channa o maa ke wonnu telo na tiini te lana to. 33O ta wae o kwei kandwa-nyenno de dɛ o sara o maa gɔgere wonnu dwi dwi. O yɔɔre o ye gɔgɔ mo chekke. 34Ahisamaki bu Oholiaba de maa wora, o na nwoŋi Dan dwi dem wone to. Baŋa Wɛ ma pa wonto de Bezaleli swa se ba bere nɔɔna gɔgɔ totoŋa dwi dwi na ye tei to. 35Baŋa Wɛ ta pɛ-ba swa dedɛ, ye ba wae ba gɔgere wo-laaro dwi dwi nenɛɛne ba na boŋe tei to. Ba ta wae ba sɔ gare-fefale ye ba kwei gare-ŋone selo nyenyero na ye nazwon-pupwia, de nasoŋ-pupwia, de nasoŋo chwɛ-chwɛ to ba ma gɔgere nyenyero ba ke da. Ba maa wae ba ke wo-laaro dwi maama pa se te tɔge chwoŋa lanyerane.",https://www.bible.com/bible/3661/EXO.35.KBG
NWOŊIM 36,"1Ko ná ye Bezaleli de Oholiaba dedaane gwaro telo maama Baŋa Wɛ na pɛ-ba swa dedaane yi-poro se ba taa wae ba ke wara-jei sem de se zela yam maama to, banto jege se ba yɔɔre ba toŋe se ko tɔge kolo maama Baŋa Wɛ na bere tei to mo.”
2Moses déem ma bwoŋi Bezaleli de Oholiaba dedaane gwaro telo maama Baŋa Wɛ na pɛ-ba dam ye ba boboŋa ja se ba toŋe to se ba ba. O laam ma ta-ba se ba bobo totoŋa yam. 3Ba de maa jwoŋi pɛɛra yalo maama nɔɔna bam na pɛ se ba maa ke wara-jei sem to Moses jeŋa ne. Se ko ná ye nɔɔna bam, ba ta yɔɔre ba jaane wo-ywoŋo pɛɛra mo ba tui Moses tei dɛ maama zezeŋa ne, ye ya laam tiini ya gaale. 4Tontoŋena bam laam ma yage wara-jei sem totoŋa ye ba vo Moses tei ba we, 5“Pɛɛra yalo nɔɔna bam na jaane ba ba totoŋa yam ŋwaane to daga ya dwoi totoŋe delo Baŋa Wɛ na pɛ debam ni se dé toŋe to.”
6Moses ma toŋe kwora se ka yi nɔɔna bam maama se ba daa yé ja pɛɛra ba ba wara-jei sem totoŋa yam ŋwaane. Ba ma seene ba yage. 7Kokuri to, ba na maŋe ba pa tei to yi se ko toŋe totoŋa yam se ya ti.
Wara-jei sem
8Gwaro telo na tiini ba jege swa to déem ma ke daane ba ke wara-jei sem. Ba ma kwei gare-jale-laaro fuga na nwoŋi gare-fefale delo na ye chekke to, ye ba daare ba kwei gare-ŋone selo nyenyero na ye nazwon-pupwia, de nasoŋ-pupwia, de nasoŋo chwɛ-chwɛ to ba ma gɔgere cherubi nyenyero ba ke gare-jala yam yera ne. 9Gare-jala fuga kam maama déem mae daane mo. Gare-jale dedwe dedɔrem maa ye jatwogo de noa ni maŋem kuni finlei-nana. De kayɔlɔ baŋa maa ye jatwogo de noa ni maŋem kuni bena. 10Ba ma nyaane gare-jala yanu ba twoŋi daane, ba ta daare ba nyaane yanu yadwonna yam de ba twoŋi daane. Te laam ma ji gare-puna yalei. 11-12Ba daa ta maa kwei gare-ŋone selo nyenyero na ye nazwon-pupwia to ba ke kuna finnu ba lei gare-pum ni-dedɔrɔ kom seeni. Ba ma daare ba ke konto gare-pum dedwoŋi dem ne. Ba ma ke kuna yam gare-puna yalei nia dedwaaro tem na jeeri daane to yera ne. 13Ba ta ma ke sabu-seŋa gwoli finnu mo se se ja gare-puna yalei yam se ke daane. Ko ma pa se gare-puna yalei yam meeli daane pa se wara-jei sem ji woŋo dedoa.
14Ba déem ma kwei boŋo koro ba sɔ gare-jala se ba ma-ya ba pu wara-vwei dem yuu kom seeni. Ya maama ke daane se ya taa ye fuga-dedoa mo. 15Ya maa mae daane mo. Ya dedɔrem baŋa ye jatwogo de noa ni maŋem kuni fintɔ. Ya kayɔlɔ baŋa maa ye jatwogo de noa ni maŋem kuni bena. 16Ba ma kwei gare-jala yanu ba twoŋi daane se ya ji gare-pum, ye ba daare ba kwei gare-jala yaredo yam na daare to mo ba twoŋi daane se ya de ji gare-pum. 17Ba ma ke kuna finnu ba lei gare-pum ni-dedɔrɔ kom seeni, ye ba daare ba ke konto gare-pum dedwoŋi dem ne. 18Ba déem ta kwei channa ba maa ke gwoli finnu pa se se twoŋi gare-puna yalei yam daane se ya ji gɔrɔ dedoa. 19Ba ta ma pwoni pi-bɛ tankwallo ba daare ba seini-te nasoŋo se ba maa kwoli wara-vwei dem, ye ba kwei twan-nyenno ba daŋe boboa twanno tem baŋa ne.
20Ba déem ma kwei golesaa dɛ ba ma ke ywoa yalo na zege cheppe to, se ba ma ke wara-vwei dem. 21Ywei maama dedɔrem baŋa maŋem maa ye jatwogo de noa ni maŋem kuni fuga mo, ye de kayɔlɔ baŋa seeni ye jatwogo de noa ni maŋem dedoa de chichworo. 22Ba laam ma sare nwa balei ywei maama yera ne se ba pa ywei maama taa wae de twoŋi dedaane dedwoŋi na saŋe-de to. 23Ba ta ke ywoa finlei se ya zege ya maŋe de wara-vwei dem tega-kuri seeni, 24ye ba daare ba kwei lu-nyenno ba maa ke wonnu telo na wó teili ywoa yam to finna, pa se luuru telei taa zege ywei dedoa maama ŋwaane. Te maa jege chwiim jei selei mo se ywei nwa bam wane ba zege se wone. 25Ba daa ta ma ke konto se ko maŋe de wara-vwei dem baŋa seeni saŋa kam de, se ywoa finlei taa zege da. 26Ba ma ke lu-nyenno wonnu finna se te teili ywoa yam. Luuru telei maa wora ywei dedoa maama ŋwaane. 27Ko ná ye saŋa kalo na wo bira-kwaga ne ye ka jeeri wɛ-zoore seeni to, ba ma ke ywoa yaredo se ba chwi-ya dáane. 28Ba ta ma ke ywoa yalei ba woli da se ba chwi-ya vwei dem kwaga saŋa kam gugworru telei tem ne. 29Ba ma twoŋi gugworru ywoa yam konto se ya meeli daane. Ko zege tega kam ne mo ko meeli se ko taa diini baŋa kam mɛ sabu-seŋa kwane dem na leigi da to. 30Bira-kwaga kam seeni ywoa yam déem ye nana mo, ye ya jege luuru fuga-teredo telo na teili-ya to.
31-32Ba ma kwei golesaa dɛ mo ba ma-se ba gare wara-vwei dem sɛ sem maama. Dagare senu mo gare ywoa yam na wo saŋa kalo maama ne to, se ya ja daane chekke. Tega-kuri seeni saŋa kam, de baŋa seeni saŋa kam de bira-kwaga seeni saŋa kam mo konto. 33Tetare dagara kam ma tole ka zege saŋa kam daa dedoa ne ka vo ka yi daa kadwoŋi kam, ka twoŋi ywoa yam maama ka ke daane. 34Ba déem ta kwei sabu-seŋa ba kwoli ywoa yam, ye ba daare ba maa ke kwana ba meeli ywoa yam yera ne se dagare sem taa tore ya wone. Ba ta ma kwoli dagare sem de sabu-seŋa.
35Ba ta ma kwei gare-fefale de gare-ŋone selo nyenyero na ye nazwon-pupwia, de nasoŋ-pupwia, de nasoŋo chwɛ-chwɛ to ba ma sɔ gare-jale delo na wó che Wɛ di-yun-gala kam to. Ba ma daare ba gɔgere cherubi nyenyero ba ke gare-jale dem yera ne. 36Ba ta ma sare golesaa da-dɛɛro tena mo ba taare-se de sabu-seŋa, se gare-jale dem lei se yera ne. Ba laam ma ke sabu-seŋa gwoli sena ba meeli se yera ne, ye ba daare ba kwei lu-nyenno ba ma ke luuru se te teili da-dɛɛro tem.
37Ko ná ye wara-vwei ni dem, ba ma kwei gare-fefale selo na ye chekke to de gare-ŋone selo nyenyero na ye nazwon-pupwia, de nasoŋ-pupwia, de nasoŋo chwɛ-chwɛ to ba ma sɔ gare-jale delo na wó lei ni dem ne to. Ba ma daare ba gɔgere nyenyero gare-jale dem yera ne. 38Ba ma ke da-dɛɛro tenu, ye ba meeli gwoli te yera ne. Ba ma kwoli se yuni tem de se nia yam de sabu-seŋa. Ba ta ma kwei channa ba ma mɔ luuru tenu se te teili da-dɛɛro tem, ye ba pale gare-jale dem dɛ sem baŋa ne.",https://www.bible.com/bible/3661/EXO.36.KBG
NWOŊIM 37,"Wɛ ni-gwonim dakaa kam
1Bezaleli déem ma kwei golesaa dɛ o ma ke Wɛ ni-gwonim dakaa kam. Ka maa ye jatwogo de noa ni maŋem kuni belei de chichworo mo dedɔrɔ baŋa ne. Kayɔlɔ baŋa maa ye jatwogo de noa ni maŋem dedoa de chichworo. Ka baŋa seeni de maa ye jatwogo de noa ni maŋem dedoa de chichworo. 2O ma kwei sabu-seŋa na tiini ka ye chekke to o ma kwoli ka yiga de ka kwaga maama, ye o pa se sabu-seŋa tɔge ka nia yam maama. 3O ta ma mɔ sabu-seŋa kwana yana. O ma kwei ya dedoa dedoa o meeli dakaa kam nɛ sena maama yera ne. Kwana yalei maa wo dakaa kam saŋa dedoa ne, yalei maa wo saŋa kadwoŋi ne. 4O ma gwoni golesaa dɛ selei o daare o kwei sabu-seŋa o kwoli dɛ sem konto maama. 5O ma kwei-se o tore kwana yana yam wone se ba taa mae ba zeŋe dakaa kam.
6O ma kwei sabu-seŋa kalo na tiini ka ye chekke to o ma ke wɛleera saarem ni-pugu se ko pu dakaa kam. Ka dedɔrɔ baŋa maa ye jatwogo de noa ni maŋem belei de chichworo, ka kayɔlɔ baŋa de maa ye jatwogo de noa ni maŋem dedoa de chichworo. 7-8O ta ma kwei sabu-seŋa o ma mɔ wonnu telei na nye de malese ye ba bwoi-ba we cherubi to. Cherubi selei sem meeli se zege ni-pugu kom dɛ selei sem ne mo. O déem kwei sabu-seŋa kandwɛ-dale dedwe mo o mage-de o ke cherubi selei sem dedaane ni-pugu kom tete. 9Cherubi sem déem jeeri daane mo, ye se yibia chɔɔle tega ne se se taa nii dakaa kam ni-pugu kom seeni. Se vɔna de maa yarege wɛɛne, ye se laam kwaare se vɔna yam daane se ma-ya se kwoli ni-pugu kom.
Bworobworo tabolo kom
10Bezaleli daa ma kwei golesaa dɛ o ma ke tabolo. Ko dedɔrem baŋa maŋem ye jatwogo de noa maŋem belei mo, ye ko kayɔlɔ baŋa maŋem dem ye jatwogo de noa ni maŋem bedwe. Ko wɛ-baŋa seeni maŋem maa ye jatwogo de noa ni maŋem dedoa de chichworo mo. 11O déem ma kwei sabu-seŋa na ye chekke to o kwoli ko yiga de ko kwaga maama, ye o daare o pa se sabu-seŋa kam tɔge ko nia yam. 12Sabu-seŋa kam na tɔge tabolo kom nia yam to déem ye da-yiga noa maŋem mo. 13O ta ma kwei sabu-seŋa o mɔ kwana yana o meeli tabolo kom nɛ sena sem na wo mɛ to. 14Kwana yam konto nam meeli ya bwola de tabolo kom nia yam mo, ye dɛ selo ba na wó taa mae ba zeŋe-ko to tore ya wone. 15O laam ma sare golesaa dɛ ye o daare o taare-se dedaane sabu-seŋa. 16Ko kwaga ne mo o kwei sabu-seŋa na ye chekke to o ke zwe dwi dwi tabolo kom totoŋa yam ŋwaane. Se maa ye zon-tanlɛ, de kabeili, de kambi selo na wó taa toŋe wo-nyɔɔro pɛɛra totoŋa to.
Min-zwon-zego kom
17Bezaleli nam ta kwei sabu-seŋa kalo na ye chekke to o ma ke woŋo kolo min-zwonnu na wó taa zege ko baŋa ne to. O déem mɛ sabu-seŋa kandwɛ-dale dedwe mo o mage se o mɔ ko kuri, de ko daa kam, de zwe selo min-zwonnu tem na wó zege se wone to. Zwe sem maa nye de pun-kogela mo. 18Min-zwon-zego kom ya jege nɛ seredo mo, ye se nwoŋi tetare daa kam yera ne. Nɛ setɔ maa wo jazem baŋa ne ye setɔ wo jagwia baŋa ne. 19Nenɔŋa punnu tetɔ mo wo naga maama ne, se te taa nye de Aamonda pun-kogela de te vɔɔro. Nɛ seredo sem maama maa ye konto mo. 20Ko tetare daa kam tete déem jege nenɔŋa punnu tena mo na nye de Aamonda pun-kogela de te vɔɔro to. 21Pun-kogele dedwe maama na wo daa kam yera ne to mo teili nɛ selei selo maama na jeeri daane ka yera ne to. Konto to, pun-kogela yatɔ mo teili nɛ seredo sem. 22O ma mage sabu-seŋa kandwɛ-dale dedwe mo o ma ke pun-kogela yam, de nɛ seredo sem, de tetare daa kam tete maama. 23O ta ma ke min-zwonnu terepɛ se te taa zege da, ye o daare o kwei sabu-seŋa kam o ma ke wonnu telo na wó fɔge te kwɛ mini dem to, dedaane zon-tanlɛ selo ba na wó taa mae ba pɛ tentwarem dem to. 24O déem kwei sabu-seŋa kalo ye chekke ye ka dunni maŋe de kilo fintɔ-tenu (35) to mo o ma ke min-zwon-zego kom de ko zela yam maama.
Talwoŋ-ywoŋa dakaa kam
25Bezaleli daa ma kwei golesaa dɛ o ma ke dakaa kalo talwoŋ-ywoŋa na wó taa zwɛ ka baŋa ne to. Ka sɛ sem déem mae daane mo, dedɔrɔ baŋa de kayɔlɔ baŋa seeni. Saŋa maama maa ye jatwogo de noa ni maŋem bedwe mo. Ko daare ka wɛ-baŋa maŋem ye jatwogo de noa ni maŋem kuni belei mo. O ma ke-ka dedaane nyea yana se ya cheili wɛɛne nenɛɛne nabea nyea tei. 26O maa kwei sabu-seŋa kalo na ye chekke to o kwoli dakaa kam maama, ye o daare o ma sabu-seŋa kam o tɔge ka nia yam maama. 27O laam ma ke sabu-seŋa kwana yalei o meeli-ya dakaa kam sɛ selei sem ne se ya maŋe de ka nia yam kuri seeni. Kwana yam ye se ba tore dɛ mo ya wone se nɔɔna taa mae ba zeŋe dakaa kam. 28Dɛ sem tete maa ye golesaa dɛ mo o mɛ o ke, ye o daare o kwei sabu-seŋa o kwoli se maama.
29Bezaleli déem ma viiri Wɛ swolim nuga kam na ye ka yera to. O ma daare o guuri wonnu telo na wó pa se talwoŋ-ywoŋa kam taa ye chekke to.",https://www.bible.com/bible/3661/EXO.37.KBG
NWOŊIM 38,"Zwɛɛm kaanem dakaa kam
1Bezaleli déem kwei golesaa dɛ mo o ke dakaa se ba taa zwɛ kaanem de baŋa ne. O ma ke-ka pa se ka sɛ sena sem taa mae daane, jatwogo de noa ni maŋem kuni benu. Ko daare ka wɛ-baŋa maŋem dem maa ye jatwogo de noa ni maŋem kuni betɔ. 2O ma sare wonnu tena na nye de nyea o ke dakaa kam gugworru tena tem ne. Tento de dakaa kam maama déem ye woŋo dedoa mo, ye o ma channa o taare ka dedaane ka nyea yam maama. 3O ta ma kwei channa o ke dakaa kam yera totoŋa zela maama. O ma mɔ zwe selo ba na wó taa mae ba pɛ tentwarem to, de sɛbullu, de na-zwe, de mini zon-tanlɛ, dedaane wonnu telo na wó taa mae te chu nɔna to. 4O ma maŋe dakaa kam tetare ne o ke wo-daŋɔ o meeli ka yera ne. O laam ma kwei channa luuru o sɔ o lɛɛne daane, ye o daare o ke woŋo kom konto se ko yi wo-daŋɔ kom kuri ne. 5O ta ma ke channa kwana yana mo o meeli dakaa kam sɛ sena sem ne se ya maŋe de channa lɛɛna yam, se dɛ wane se taa tore da. 6O ma sare golesaa dɛ selo ba na wó taa mae ba zeŋe dakaa kam to, ye o daare o taare-se de channa. 7O ma kwei-se o tore kwana yana yam na wo dakaa kam sɛ sem ne to. O déem na ke dakaa kam to mo o twoŋi dɛ sem daane se ka taa ye wo-wogo.
Channa ware-zoŋa kam
8Kaana badwonna déem yeini ba wo wara-jei sem manchwo-peena yam ni ne ba zeini totoŋa. Bezaleli ma jwoŋi channa niiru ba tei ne ye o kwei-te o ma mɔ ware-zoŋa kam de ka na wó taa zege woŋo kolo baŋa ne to.
Wara-jei sem konkɔlɔ kom
9Bezaleli déem chege wara-jei sem konkɔlɔ kom mo. O ma sɔ gare-fefale se se kaare-ko. Ko tega-kuri seeni maŋem ye jatwogo de noa ni maŋem kuni bi mo dedɔrɔ baŋa ne, 10ye gare-jala yam pale da-dɛɛro finlei baŋa ne mo, te na zege channa luuru finlei baŋa ne to. O déem mɛ lu-nyenno o mɔ gwoli o meeli dɛ sem yera ne ye o ke se lu-vɔɔro tem. 11Konkɔlɔ kom baŋa seeni saŋa kam déem ye bedwe de tega-kuri seeni saŋa kam mo. 12Se ko ná ye saŋa kalo na jeeri wɛ-zoore seeni to, ka maŋem ye jatwogo de noa ni maŋem kuni finnu mo dedɔrɔ baŋa ne. Ba ma daŋe gwaaro tem da-dɛɛro fuga de te luuru fuga kam baŋa ne se ba ma kwoli saŋa kam konto. Ba ma meeli lu-nyenno gwoli dɛ sem yera ne ye ba ke se lu-vɔɔro tem. 13Konkɔlɔ kom wɛ-puli seeni saŋa kam maŋem de déem ye jatwogo de noa ni maŋem kuni finnu mo dedɔrɔ baŋa ne.
14Wara-jei sem manchwoŋo ni dem maa wo wɛ-puli seeni saŋa kam ne mo. Ni dem jazem seeni mo ba leigi gwaaro telo dedɔrem na ye jatwogo de noa ni maŋem kuni fuga-benu ye te daŋe da-dɛɛro tetɔ de te luuru tetɔ tem baŋa ne to. 15Ni dem jagwia seeni de maa ye konto mo. 16Ba déem kwei gare-fefale selo na ye chekke to ba ma sɔ gwaaro telo na wó che wara-jei sem konkɔlɔ kom to. 17Ba déem mɛ channa mo ba ke luuru telo na teili da-dɛɛro tem to. Se ko ná ye gwoli sem de lu-vɔɔro tem, lu-nyenno mo ba mɛ ba ke-te se te meeli da-dɛɛro tem maama yera ne. Ba ma kwoli da-dɛɛro tete yuni tem de sabu-seŋa.
18Ko nam ná ye manchwoŋo ni dem gare-jale dem tete, ba déem mɛ gare-fefale de gare-ŋone selo nyenyero na ye nazwon-pupwia, de nasoŋ-pupwia, de nasoŋo chwɛ-chwɛ to mo ba sɔ-de. Ba ta ma gɔgere-de de nyenyero lanyerane. Gare-jale dem konto ye jatwogo de noa ni maŋem kuni finlei mo dedɔrɔ baŋa ne, ye de ye jatwogo de noa ni maŋem kuni benu wɛ-baŋa seeni, nenɛɛne konkɔlɔ kom gwaaro tem na mae tei to. 19Gare-jale dem pale da-dɛɛro tena na chwi channa luuru tena baŋa ne to mo. Ba mɛ lu-nyenno mo ba ke se gwoli sem de se lu-vɔɔro tem ye ba kwoli se yuni tem. 20Ba ta ma kwei channa ba ma ke paara yalo na wó taa jaane vwei dem de konkɔlɔ kom gwaaro tem dedaane dɛ sem maama to.
Zela yalo ba na mɛ ba ke wara-jei sem to
21Zela yalo maama ba déem na mɛ ba ke wara-jei sem mɛ Wɛ ni-gwonim kandwa yam na tigi to dum na mae tei to mo tento. Vwei dem dedaane de zela yam maama mo konto. Moses ma pa se Levi dwi tiina bam popone-te ba tiŋi. Wɛ kaanem tu Aron bu Itamara déem nam mo nii jeelim dem baŋa ne. 22Yuri bu Bezaleli ya nwoŋi Judah dwi dem wone mo. O maa nii totoŋe dem maama baŋa ne, nenɛɛne Baŋa Wɛ déem na maŋe o bere we ba ke tei to. 23Ahisamaki bu Oholiaba de ya nwoŋi Dan dwi dem wone mo. O maa tiini o woli Bezaleli pa se ba ke woŋo maama. Oholiaba déem ye gɔgɔ mo chekke, ye o wae o mae gare-fefale, de gare-ŋone selo nyenyero na ye nazwon-pupwia, de nasoŋ-pupwia, de nasoŋo chwɛ-chwɛ to o gɔgere wo-laaro.
24Ko ná ye sabu-seŋa kalo nɔɔna bam na jaane ba ba ba pa Baŋa Wɛ wara-jei sem totoŋa ŋwaane to, ka dum maŋem dem déem maa ye kilo moro dedoa (1000) mo, se ko tɔge wara-jei sem maŋem chekke na ye tei to.
25Lu-nyenno tem Moses déem na jwoŋi nɔɔna bam jeelim dem baŋa ne to maŋem dem de maa ye kilo morro tetɔ de bia yana de fintɔ (3,430) mo. 26Nɔɔno wolo maama na yi bena finlei ye o tɔge o wo jeelim dem wone to ya ŋwe sɛkɛle chichworo mo, se ko dunni tɔge wara-jei sem maŋem chekke. Ba na jeeli nɔɔna bam ni to, ba nɛ we baara moro kuni bia yaredo de yatɔ, dedaane bia yanu de finnu (603,550) mo wora, ye ba jwoŋi lu-nyenno tem konto ba tei ne ba ma toŋe. 27Ba ma kwei lu-nyenno kilo morro tetɔ de bia yana (3,400) ba ma ke luuru bi (100) se te teili wara-vwei dem de de gare-jale dem. Luu maama maa ye lu-nyenno kilo fintɔ-tena (34) mo ba mɛ ba ke. 28Lu-nyenno kilo fintɔ (30) telo na daare to mo ba mɛ ba ke gwoli sem dedaane lu-vɔɔro tem, ye ba ta ma-te ba kwoli da-dɛɛro yuni tem.
29Ko nam ná ye channa kalo nɔɔna bam na kwei ba pa Baŋa Wɛ to, ka maŋem dem ye kilo morro telei de bia yana de finlei-tenu (2,425) mo. 30Channa kam konto mo ba mɛ ba ke luuru telo na teili wara-vwei dem ni dɛ sem de de gwaaro tem. Ba ta ma kwei-ka ba ke zwɛɛm kaanem dakaa kam, de ka tetare luu kom, de ka yera zela yam maama. 31Ba déem ta mɛ channa kam ba ke luuru telo na teili konkɔlɔ kom dɛ sem de ko gwaaro tem, dedaane manchwoŋo ni dem dɛ sem de de gare-jale dem, ko woli de paara yalo na wó taa jaane wara-vwei dem de de konkɔlɔ kom gwaaro tem de te dɛ sem maama mo.",https://www.bible.com/bible/3661/EXO.38.KBG
NWOŊIM 39,"Wɛ kaanem tiina gwaaro tem
1Gwaro tem déem ma kwei gare-ŋone selo nyenyero na ye nazwon-pupwia, de nasoŋ-pupwia, de nasoŋo chwɛ-chwɛ to ba ma sɔ nenɔŋa gwaaro se Aron de kaanem tiina bam maama taa zoora, ko maŋe de ba ná yeini ba zo Wɛ wara-jei sem di-yuu kom wone se ba toŋe. Ko maama déem ke ko tɔge nenɛɛne Baŋa Wɛ ya na bere Moses tei to mo.
Gare-wogo kom
2Gwaro tem ma kwei gare-fefale selo na ye chekke to, ye ba laam woli de gare-ŋone selo nyenyero na ye nazwon-pupwia, de nasoŋ-pupwia, de nasoŋo chwɛ-chwɛ to ba ma sɔ gare-wogo kom. 3Ba ma tiini ba mage sabu-seŋa pa se ka chaane ka ji ŋon-memene. Ba ma kwei-se ba gɔgere nyenyero ba woli de gare-fefale sem de gare-ŋone selo nyenyero na ye nazwon-pupwia, de nasoŋ-pupwia, de nasoŋo chwɛ-chwɛ to. 4Ba déem ta ke vovwe selei mo ba pa se tɔge gare-wogo kom vɔna yam seeni se ko pa gɔrɔ kom yiga de kwaga twoŋi daane. 5Ba ta ma ke teiŋa vovoa se ka de taa ye bedwe de gare-wogo kom. Ba déem kwei wonnu telo ba na mɛ ba sɔ gare-wogo kom to mo ba ma ke vovoa kam. Konto maama déem ke ko tɔge de Baŋa Wɛ ya na bere Moses tei to mo.
6Ba ma kwei Onika kandwa-nyenno tem ye ba sare Isarele dwi maama yere ba ke ya baŋa ne. Ba ta ma kwei sabu-seŋa ba tɔge ya nia yam maama. 7Ba laam ma meeli kandwa-nyenno tem ba lei gare-wogo kom vɔna vovwe sem yera ne. Ya ye kandwa-gula mo se ya guli Isarele tiina bam ba dwia yam yera. Konto déem ke ko tɔge de Baŋa Wɛ ya na bere Moses tei to mo.
Nyɔɔne gare-pale dem
8Ba ta ma kwei gare-fefale selo na ye chekke to ba ma ke gare-yi delo na wó pale Aron nyɔɔne ne to. Ba déem mɛ gare-ŋone selo nyenyero na ye sabu-seŋa, de nazwon-pupwia, de nasoŋ-pupwia, de nasoŋo chwɛ-chwɛ to ba gɔgere-de nenɛɛne gare-wogo kom de na ye tei to mo. 9Ba déem maŋe da-yiga noa maŋem mo ba ke gare-pale dem pa se de nia yana yam maama taa mae daane, ye ba daare ba piri-de kuni belei. 10Ba ma daare ba tigisi kandwa-nyenno dwi dwi se ya peini gene sena de kandwa-nyenno tetɔ. Boboa gena kam kandwa-nyenno tem ye Rubi, de Topazi, dedaane Berili. 11Gena balei tu kandwa-nyenno tem maa ye Tukwazi, de Safira, dedaane Emeraleda. 12Gena batɔ tu wom maa jege kandwa-nyenno tento: Jakinfa, de Agate, dedaane Ametisita. 13Se gena bana tu wom kandwa-nyenno tem maa ye Berili, de Onika dedaane Jasipa. Ba ta ma kwei sabu-seŋa ba tɔge kandwa yam konto maama nia yam. 14Ba ma sare Isarele dwi maama yera fuga-yalei yam kandwa yam baŋa ne. Kandwɛ maama déem bere yere dedwe se de taa ye maana.
15Ba déem ma kwei sabu-seŋa na ye chekke to ba jujugi ba ma ke chaponno nenɛɛne ŋona dwoŋi, se ko twoŋi de gare-pale dem. 16Ba ta ma ke sabu-seŋa kuna yalei de sabu-seŋa kwana yalei, ye ba kwei-ya ba lei gare-pale dem baŋa seeni gugworru telei tem ne. 17Ba laam ma kwei sabu-seŋa chaponno tem ba tore kwana yalo na leigi gare-pale dem yera ne to wone. 18Ba ta ma ja chaponno tem nia yadwonna yam ba vo ba kuni dedaane kuna yalei yam se te ja gare-wogo kom vɔna vovwe sem. 19Ba maa ke sabu-seŋa kwana yalei se ya meeli gare-pale dem kuri dem seeni. Ya maa wo de kwaga seeni na sale de gare-wogo kom to mo. 20Ba ta maa ke sabu-seŋa kwana yalei yayam ba meeli-ya gare-wogo kom yera ne se ya taa bwola de ko vɔna vovwe sem kuri seeni. Ya maa wo ko teiŋa vovoa kam baŋa seeni, gare-yia yam na twoŋi daane mɛ to. 21Ba laam maa kwei gare-ŋona kalo nyenyego na ye nazwon-pupwia to, ba ma vɔ kwana yalei yam na wo gare-pale dem kuri ne to de yalo na wo gare-wogo kom vɔna yam seeni to ba ke daane. Ko ma pa se gare-pale dem yé taa bibiga. Ko maama déem ke ko tɔge Baŋa Wɛ ya na bere Moses se o ke tei to.
Kaanem tiina gwaaro tedwonna
22Ba déem ma kwei gare-ŋone selo nyenyego na ye nazwon-pupwia to yerane mo ba ma sɔ gare-bwora kalo kaanem tu wom na wó zo ye o daare o zo gare-wogo kom o daŋe ka baŋa ne to. 23Ba ma bɔɔre bɔɔne ko tetare ne se nɔɔno yuu wane ko tɔge da ko zo. Ba laam ma bɛɛre ba dem seeni maama se ko yé kaare. 24Ba ma kwei gare-ŋone selo nyenyero na ye nazwon-pupwia, de nasoŋ-pupwia, de nasoŋo chwɛ-chwɛ to ba gɔgere Pomegara tio-bia nyenyero pa se te kaare gɔrɔ kom kuri nia yam maama te pu. 25Ba laam ma kwei sabu-seŋa kalo na ye chekke to ba ma ke lwoŋina balwa se ba meeli-ya ba ke da. 26Lwoŋini dedoa wora Pomegara tio-bia balei maama tetare ne mo pa se ba saŋe daane. Ba ma ke konto mo ba kaare gɔrɔ kom kuri seeni nia yam maama. Gɔrɔ kom maa ye se kaanem tiina bam zo-ko se ba taa toŋe ba pa Baŋa Wɛ. Ko maama déem ke ko tɔge nenɛɛne Baŋa Wɛ ya na bere Moses tei to.
27Ba laam ma kwei gare-fefale ba ma sɔ Aron gare-dedwaaro se Aron de o bia bam taa zoora. 28Ba ta ma ke Aron yuu gare-yi dem dedaane o bia bam yipwi sem. Ba ma kwei gare-fefale ba ma ke gare-kuri-kukwi sem. 29Ba ma ke Aron teiŋa vovoa kam de gare-fefale ye ba gɔgere-ka de gare-ŋone selo nyenyero na ye nazwon-pupwia, de nasoŋ-pupwia, de nasoŋo chwɛ-chwɛ to. Ko maama déem ke ko tɔge nenɛɛne Baŋa Wɛ na bere Moses tei to.
30Ba laam ma kwei sabu-seŋa na ye chekke to ba mage-ka ba ke wo-pelɔgɔ se ko taa dɔge Aron yuu ne. Ba ma sare ko baŋa ne we: ‘Wose mo Baŋa Wɛ ŋwaane’. 31Ba ta ma kwei gare-ŋona kalo nyenyego na ye nazwon-pupwia to ba ma vɔ-ko ba meeli Aron yuu gare-yi dem yiga seeni. Ko maama déem ke ko tɔge nenɛɛne Baŋa Wɛ ya na bere Moses tei to.
Moses kaare wara-jei sem o nii
32 Baŋa Wɛ wara-jei sem ma ke se ti. Isarele tiina bam déem ke kolo maama Baŋa Wɛ na bere Moses se o ke to mo. 33Ba laam ma ja vwei dem tete de de wo zela yam maama ba vo ba bere Moses. Ko maa ye tento:
Gwaaro tem, de sabu-seŋa gwoli sem, de ywoa yam, de dagare sem, de da-dɛɛro tem, dedaane vwei dem kuri luuru tem maama,
34de wonnu telo ba na mɛ ba kwoli wara-vwei dem baŋa kam: pi-bea twanno telo ba na seini to, de twan-nyenno,
de gare-jale delo na wó che Wɛ di-yun-gala kam to,
35de Wɛ ni-gwonim dakaa kam, de dɛ selo na wó taa maa zeŋe-ka to, dedaane ka ni-pugu kom,
36de tabolo kom, dedaane ko yera zela yam maama,
de bworobworo kolo na wó taa tigi Baŋa Wɛ yiga ne to,
37de sabu-seŋa min-zwon-zego kom, de ko yera wonnu tem maama,
ko woli de min-zwonnu terepɛ tem, de nuga kam na wó ke-da to,
38de talwoŋ-ywoŋa zwɛɛm dakaa kam sabu-seŋa na kwoli ka maama to,
de Wɛ swolim nuga kam, de talwoŋ-ywoŋa kam,
de gare-jale delo na wo wara-vwei dem ni dem ne to,
39de channa kaanem dakaa kam, de luu kolo na meeli ka yera ne to, de ka yera zela yam maama, ko ta woli de dɛ selo na wó taa zeŋe-ka to,
de ware-zoŋa kam, dedaane ka na wó taa zege woŋo kolo baŋa ne to,
40de konkɔlɔ kom gare-jala yam, de dɛ selo baŋa ne ya na wó pale to, de se luuru tem,
ko ta woli de gare-jale delo na wó che konkɔlɔ kom manchwoŋo ni dem to,
de ŋone sem, de paara yalo na wó chwi ya ja vwei dem to,
dedaane wara-jei sem zela yam maama,
41dedaane nenɔŋa gwaaro telo Wɛ kaanem tu Aron de o bia bam na wó taa zoore se ba yeini ba zo Wɛ diga kam wone ba ke kaanem ba pa‑o to.
42Isarele tiina bam déem seene ba ke kolo maama Baŋa Wɛ na bere Moses se ba ke to lanyerane. 43Moses na nii ba totoŋa yam to, mo o maane we ba ke se ko tɔge tei maama Baŋa Wɛ na bere se ba ke to chekke. O ma sɔɔle Wɛ swolim o ke ba yuu ne.",https://www.bible.com/bible/3661/EXO.39.KBG
NWOŊIM 40,"Wara-jei sem chwiim
1 Baŋa Wɛ daa ma ta de Moses o we:
2“Ta‑n yei se n chwi amo wara-jei sem ben-doore dem boboa dɛ dem ne. 3Laam kwei ni-gwonim dakaa kam Wɛ nia fuga kam na wo ka wone to, n ja n zo n zege wara-vwei dem ne. Nmo nam wó pale gare-jale dem mo se de kwoli-ka de che Wɛ di-yun-gala kam wone. 4Nam ta ja tabolo kom n zo n zege vwei dem ne, se n daare n tigisi ko yera zela yam ko baŋa ne. Laam ja min-zwon-zego kom n ja n zo da, se n kwei min-zwonnu terepɛ tem n zege ko baŋa ne. 5N ma‑n wó kwei talwoŋ-ywoŋa dakaa kam mo n zege se ka taa wo ni-gwonim dakaa kam yiga ne, Wɛ di-yun-gala kam wone. Laam pale gare-jale delo na wó taa wo wara-vwei ni dem ne to.
6Ko ná ye zwɛɛm kaanem dakaa kam, se n zege-ka se ka taa bwola de wara-vwei ni dem. 7Laam kwei channa ware-zoŋa kam n zege wara-vwei dem de zwɛɛm kaanem dakaa kam tetare laŋa ne. Mɔ na n su-ka. 8Nmo ta wó che konkɔlɔ n kaare wara-vwei dem maama, se n daare n kwei gare-jale delo na wó che manchwo-peena yam to n pale da.
9Nmo nam ná ke konto maama, kwei Wɛ swolim nuga kam, se n ma‑n kwɛ wara-jei sem de se zela yam maama se ya taa ye wose ya pa-ne. 10Ta kwei swolim nuga kam n ma‑n kwɛ zwɛɛm kaanem dakaa kam dedaane ka yera zela yam, se ya taa ye wose ya pa-ne, 11se n daare n kwɛ ware-zoŋa kam de ka na zege woŋo kolo baŋa ne to se te de taa ye te yera.
12Nmo laam ma‑n wó pa se Aron de o bu-baara bam jeeri wara-vwei dem ni ne se n pa ba swɛ ba yera ba kwɛ ba tete amo ŋwaane. 13Kwei kaanem gwaaro tem n zo Aron, se n daare n ma nuga kam n turi‑o. Ke konto n pwɛ Aron o kaanem totoŋa yam ŋwaane, se o taa toŋe o pa-ne. 14Nam ta kwei gare-dedwaaro tem n zo Aron bia bam de, 15se n daare n turi-ba de nuga kam, nenɛɛne n na ke tei de ba kwo wom to. Konto mo wó pa se ba de ba dwi tiina taa ye amo kaanem tiina se ko taa vei wuu.”
16Moses déem ke ko maama se ko tɔge Baŋa Wɛ ya na bere‑o tei to. 17Bena yalei bene dem boboa chana kam boboa dɛ dem ne mo ba déem chwi wara-jei sem. 18Moses ma pa ba chwi vwei dem ywoa yam ya luuru tem baŋa ne, se ba daare ba tore dagare sem da. Ba ta ma chwi da-dɛɛro tem. 19O ta ma kwei gwaaro telo na kwoli wara-vwei dem yuu kom to o pu ko jei ne, ye o daare o kwei tankwallo tem o daŋe te baŋa ne. Ko maama déem ke ko tɔge nenɛɛne Baŋa Wɛ ya na bere‑o tei to.
20Moses ma kwei Wɛ ni-gwonim kandwa-pelɛ selei sem o tiŋi dakaa kam wone. O ta ma kwei dɛ selo na wó taa mae se zeŋe dakaa kam to o tore ka kwana yam wone. O ma daare o kwei wɛleera saarem ni-pugu kom o pu ka ni. 21O laam ma ja dakaa kam o zo o zege wara-vwei dem wone, ye o kwei gare-jale dem o maa che Wɛ di-yun-gala kam se dakaa kam taa wora. Ko déem ke ko tɔge kolo maama Baŋa Wɛ ya na bere Moses se o ke to.
22Moses ta ma ja tabolo kom o zo o zege wara-vwei dem baŋa seeni, gare-jale dem yiga ne. 23O ma tiŋi bworobworo ko baŋa ne, se ko taa wo Baŋa Wɛ yiga ne, nenɛɛne Wɛ na bere‑o se o ke tei to.
24O ta ma kwei min-zwon-zego kom o zege se ko maŋe de tabolo kom ye ko wo vwei dem tega-kuri seeni. 25O ma zege min-zwonnu terepɛ tem maama te zega jei ne, se te taa wo Baŋa Wɛ yiga ne, nenɛɛne Wɛ na bere‑o se o ke tei to.
26Moses déem ma zege sabu-seŋa talwoŋ-ywoŋa dakaa kam gare-jale dem yiga ne. 27O laam ma zwɛ talwoŋ-ywoŋa ka baŋa ne, nenɛɛne Baŋa Wɛ na bere‑o se o ke tei to. 28O ta ma pa se ba kwei gare-jale dedwoŋi dem ba che wara-vwei ni dem.
29Moses laam ma kwei zwɛɛm kaanem dakaa kam o zege konkɔlɔ kom ne, vwei dem ni yiga ne. O ta ma kwei vara de muni pɛɛra o ke kaanem de baŋa ne. O déem ke ko maama se ko tɔge Baŋa Wɛ ya na bere‑o se o ke tei to.
30O ma kwei ware-zoŋa kam o zege kaanem dakaa kam de wara-vwei dem tetare laŋa ne. O ma pa se ba mɔ na ba ke da se kaanem tiina taa wae ba zare ba tete. 31Moses de Aron, dedaane Aron bia bam maa zege ko yiga ne ba zare ba jea dedaane ba nɛ sem. 32Maŋa kalo maama ba ná lage ba ke kaanem dakaa kam baŋa ne, naa ba ná zo vwei dem wone, ba jege se ba zare ba tete konto mo, se ko tɔge Baŋa Wɛ ya na bere Moses se o ke to.
33Moses laam ma pa se ba che konkɔlɔ ba kaare wara-vwei dem de kaanem dakaa kam maama. O ma kwei gare-jale delo na wó che ko manchwoŋo ni dem to o pale da. Konto na ke to, Moses déem ma ti totoŋe dem maama.
Baŋa Wɛ nenɔŋ-fɔrɔ kom
34Kunkwoŋo kom déem ma chu ko kwoli wara-vwei dem pa se wara-jei sem maama su de Baŋa Wɛ nenɔŋ-fɔrɔ kom. 35Moses daa ware se o zo vwei dem wone, kunkwoŋo kom de Wɛ nenɔŋ-fɔrɔ kom ŋwaane.
36Isarele tiina bam veiŋa maama wone, kunkwoŋo kom ná yeini ko zaŋe wara-jei sem ne, ba de wó zaŋe ba tɔge ba via mo. 37Kunkwoŋo kom nam ná maŋe da, ba de wó maŋe jei sem konto ne se ko taa nii maŋa kalo ko daa na wó zaŋe to. 38Ba ná wo mɛ maama ba veiŋa wone, Baŋa Wɛ wo ba tei ne mo. Wea ne mo kunkwoŋo kom yeini ko dɔge wara-jei sem yuu ne. Ko maa ná ye tete ne, mini mo wo kunkwoŋo kom yera ne de pae pwooni.",https://www.bible.com/bible/3661/EXO.40.KBG
CHULLU 1,"Zwɛɛm pɛɛre kaanem
1 Baŋa Wɛ déem zege wara-vwei dem ne mo o bwoŋi Moses, ye o ta ded‑o o we, 2“Ta de Isarele tiina bam we:
Abam wolo ná yeini o boŋe se o ja pɛɛra o ba o kaane o pa Baŋa Wɛ, se o le o sɔŋɔ vara bam wone o ja o ba.
3Wolo ná kuri se o kwei naao o ma o ke zwɛɛm kaanem, se o nii o naane dem wone o le nabea kalo na ba jege gɛɛ ka yera ne to o ja o ba. Kotu laam maa wó ja-ka o vo o zege wara-vwei ni dem ne, se Baŋa Wɛ laam sɛ se o jwoŋi-ka. 4Kotu ta wó kwei o jeŋa mo o daŋe nabea kam yuu ne se ko bere we varem wom leiri o yuu ne mo, se Wɛ wane o saare o wɛleera yam o yage. 5O laam maa wó gwoni nabea kam ba Baŋa Wɛ yiga ne, se Aron dwi dem na ye kaanem tiina to de laam kwei ka jana bam ba ja vo ba dole dole kaanem dakaa kam na wo wara-vwei ni dem ne to sɛ sena sem yera ne. 6Kotu ta wó pwoni varem wom mo se o daare o cha o nɔna yam muga-muga. 7Kaanem tiina bam de maa wó tɔre mini kaanem dakaa kam baŋa ne, ye ba daare ba tigisi dɛ ba daŋe mini dem baŋa ne. 8Ba ta wó kwei varem wom nɔna, de o yuu, de o lara kam maama ba daŋe dɛ sem na jege mini to baŋa ne mo. 9Ko nam ná ye varem wom nɛ sem, de o loro tem, se kotu zare tento yiga se kaanem tu wom laam zwɛ te maama kula kaanem dakaa kam baŋa ne. Pɛɛre dem konto ye zwɛɛm kaanem mo. De lwom maa ywomma de pae Baŋa Wɛ.
10Ko nam ná ye pia, naa boŋo mo kotu kuri se o ma o ke zwɛɛm kaanem, se o le pi-bea naa bo-bala o vara bam wone, ye gɛɛ tere ka yera ne. 11O laam maa wó ja varem wom o vo kaanem dakaa kam saŋa kalo na jeeri baŋa seeni to o go‑o Baŋa Wɛ yiga ne. Kaanem tiina bam de maa wó kwei varem wom jana bam ba dole dole kaanem dakaa kam sɛ sena sem yera ne. 12Nɔɔno wom ta wó cha varem wom nɔna yam muga-muga, se kaanem tu wom kwei o nɔna yam, de o yuu, de o lara maama o tigisi dɛ selo na jege mini ye se wo kaanem dakaa kam baŋa ne to ne. 13Ko nam ná ye varem wom nɛ sem, de o loro tem, se kotu zare tento yiga se kaanem tu wom laam zwɛ te maama kula kaanem dakaa kam baŋa ne. Pɛɛre dem konto ye zwɛɛm kaanem mo. De lwom maa ywomma de pae Baŋa Wɛ.
14Ko nam ná ye zuna dwi dem mo kotu kuri se o ma ke zwɛɛm kaanem o pa Baŋa Wɛ, se o kwei kunkwoŋa, naa kunkwon-puuri o ma o toŋe. 15Kaanem tu wom mo wó ja-ka o yi kaanem dakaa kam jei sem se o jujugi ka yuu o gwori ye o daare o zwɛ ka yuu kom kaanem dakaa kam baŋa ne. O laam maa wó zulimi zuŋa kam se ka jana lwoori ba ke kaanem dakaa kam saŋa ne. 16O ta wó le ka fonfɔlɔ kom de kolo maama na wo ko wone to, ye o daare o dole-te o yage kaanem dakaa kam saŋa kalo na jeeri wɛ-puli seeni to ne, tentwarem na dogele mɛ to. 17Kaanem tu wom ta wó ja kunkwoŋa kam mo ka vɔna seeni o kaare belei se ka yé tore. O maa wó kwei-ka o zwɛ dɛ sem na jege mini ye se wo kaanem dakaa kam baŋa ne to. Pɛɛre dem konto ye zwɛɛm kaanem mo. De lwom maa ywomma de pae Baŋa Wɛ.",https://www.bible.com/bible/3661/LEV.1.KBG
CHULLU 2,"Wodiu pɛɛre kaanem
1Abam wolo ná boŋe se o ja muni pɛɛre o ba se o kaane o pa Baŋa Wɛ, kotu jege se o beeri mun-bwei delo na lamma chekke to. O wó lwo Olivi nuga de baŋa ne, se o daare o woli Faraniki talwoŋ-ywoŋa da. 2O laam maa wó ja o pɛɛre dem o vo Aron dwi dem kaanem tiina bam tei. Ba dedoa mo wó zwɛ muni dem na gwaane de nuga to, de talwoŋ-ywoŋa kam maama o ke o ja-bɔŋɔ ne. O laam wó zwɛ pɛɛre dem popɔra kanto mo kaanem dakaa kam baŋa ne se ka taa ye gulim pɛɛre ka pa Wɛ. Pɛɛre dem konto lwom maa ywomma de pae Baŋa Wɛ. 3Muni pɛɛre delo ta na daare to wó taa ye Aron de o bia bam nyem mo. De maa tiini de ye wose mo, de na nwoŋi Baŋa Wɛ wodiu pɛɛra yam wone to ŋwaane.
4Abam wolo nam ná boŋe se o wɔ bworobworo kura wone se o kwei o ma ke kaanem dento dwoŋi, kotu jege se o kwei mun-bwei delo na tiini de lamma chekke, ye sabɔle wo woli da to. O wae o gwaane muni dem de nuga o ma ke bworobworo kom, naa se o kwei muni dem o ma wɔ bworobworo-memene o daare o ma nuga o taare taare de maama. 5Kotu nam ná lage se o wɔ bworobworo kom luu baŋa ne, se o kwei mun-bwei delo na tiini de lamma chekke to o ma ke wodiu pɛɛre dem konto. O wó woli nuga da, se o yé pa se sabɔle woli de wone. 6Ko kwaga ne, o wó fɔ-ko mena-mena mo, ye o daare o lwo nuga ko baŋa ne, se ko taa ye wodiu pɛɛre. 7Kotu nam ná saŋe o wodiu pɛɛre dem kambia wone, se o kwei mun-bwei delo na tiini de lamma chekke to, ye o woli nuga de wone.
8Nmo ná mɛ wonnu tem konto n ke wodiu pɛɛre dem se n kaane n pa Baŋa Wɛ, n laam wó ja-de n vo n pa Wɛ kaanem tu wom. Wonto de laam wó ja-de o vo kaanem dakaa kam teiŋa. 9O wó kwei pɛɛre dem o pɔɔre popɔra kadwoŋi se ka taa ye gulim pɛɛre ka pa Wɛ, ye o zwɛ-ka kaanem dakaa kam baŋa ne. Pɛɛre dem konto lwom maa ywomma de pae Baŋa Wɛ. 10Wodiu pɛɛre delo ta na daare to wó taa ye Aron de o bia bam nyem mo. De maa tiini de ye wose mo, de na nwoŋi Baŋa Wɛ wodiu pɛɛra yam wone to ŋwaane.
11Abam wolo ná lage se o kwei wodiu pɛɛre o kaane o pa Baŋa Wɛ, se o yé woli sabɔle de wone. Kokuri to, sabɔle dedaane tooro dae se abam ma-te á zwɛ á ke pɛɛre á pa Baŋa Wɛ. 12Kotu nam ná lage se o kwei wodiiru telo na lwoori yiga te ke to o pa Baŋa Wɛ, o jege chwoŋa se o woli sabɔle de tooro te wone. Ko nam dae se á kwei wonnu tem konto á zwɛ kaanem dakaa kam baŋa ne se te lwom taa ywomma. 13Á nam jege se á woli yɛ á wodiu pɛɛra yam maama wone. Kokuri to, yɛ dem zege de pae ni-gwonim delo Wɛ na ke de abam to mo. Konto ŋwaane, yeini á zezage yɛ á wodiu pɛɛra yam wone.
14Abam wolo nam ná boŋe se o kwei o kara wodiu kolo na dɛ yiga ko ke to o pa Baŋa Wɛ, se kotu kwei ko bia o nɔ ko wodi-doŋo maŋa ne ye o daare o wɔ de mini. 15O ta wó gwaane nuga ko wone o daare o kwei talwoŋ-ywoŋa o woli da, se ko taa ye wodiu pɛɛre mo. 16Kaanem tu laam maa wó pɔɔre gulim pɛɛre popɔra ko wone se o kwei o zwɛ o pa Wɛ. Men-bia bam chichworo de nuga kam chichworo dedaane talwoŋ-ywoŋa kam maama mo o jege se o kwei o zwɛ konto, ko na ye wodiu pɛɛre mo ko pae Baŋa Wɛ to ŋwaane.",https://www.bible.com/bible/3661/LEV.2.KBG
CHULLU 3,"Yazura pɛɛre kaanem
1Abam wolo ná boŋe se o ke yazura pɛɛre o kaane o pa Baŋa Wɛ, ye kotu ná kuri na-bala, naa na-choa o vara bam wone, ko wó taa ye kalo na ba jege gɛɛ ka yera ne to mo. 2Kotu laam maa wó kwei o jeŋa o daŋe varem wom yuu ne ye o daare o gwoni varem wom ba wara-vwei dem ni dem ne. Aron dwi dem kaanem tiina bam maa wó kwei varem wom jana bam ba dole dole kaanem dakaa kam sɛ sena sem yera ne. 3Nɔɔno wom wó le o yazura pɛɛre dem wone kolo na wó taa ye pɛɛre ko pae Baŋa Wɛ to. Ko maa wó taa ye lara kalo na meeli varem wom wo-zela yam yera ne to maama, 4dedaane o tapwale-bia balei bam de lara kalo na meeli da to mo. O ta wó le chwɛ dem kuri seeni mo o woli da. 5Kaanem tiina bam laam maa wó kwei wonnu tem konto maama ba ja vo ba tiŋi kaanem dakaa kam baŋa ne ba zwɛ-te ba woli de zwɛɛm pɛɛre delo na maŋe de wora mini ne to. Pɛɛre dem konto lwom maa ywomma ko pae Baŋa Wɛ.
6Nɔɔno nam ta wó wane o ma pia, naa boŋo se o ma o ke yazura pɛɛre o pa Baŋa Wɛ. Ko wae ko ye wo-bala naa wo-kana kalo na ba jege gɛɛ ka yera ne to. 7Ko ná ye pia mo nɔɔno wom jaane o ba, se o ja-ka o jeeri Baŋa Wɛ yiga ne. 8O laam maa wó kwei o jeŋa o daŋe ka yuu ne ye o daare o gwoni varem wom ba wara-vwei dem yiga ne. Aron bia bam laam maa wó kwei varem wom jana bam ba dole dole kaanem dakaa kam sɛ sena sem yera ne. 9Nɔɔno wom wó le o yazura pɛɛre dem wone kolo na wó taa ye pɛɛre ko pae Baŋa Wɛ to. Ko maa wó taa ye varem wom lara kam maama, de lara kalo na meeli o wo-zela yam yera ne to de. Ba jege se ba gwoni o nabili dem tetare kua kam seeni, se ba le nabili-bwogo kom de ko lara kam. 10Ba ta wó le varem wom tapwale-bia balei bam de lara kalo na meeli da to, de chwɛ dem kuri seeni ba woli da. 11Kaanem tu wom laam wó kwei-te o ja o vo o zwɛ kaanem dakaa kam baŋa ne, se ko taa ye nɔna mo na ye pɛɛra ya pae Baŋa Wɛ.
12Ko nam ná ye boŋo mo nɔɔno jaane o ba se o ma o ke pɛɛre dem konto o pa Baŋa Wɛ, 13kotu wó kwei o jeŋa mo o daŋe ko yuu ne, ye o daare o gwoni ko ba wara-vwei dem yiga ne. Aron bia bam maa wó kwei boŋo kom jana bam ba dole dole kaanem dakaa kam sɛ sena sem maama yera ne. 14Nɔɔno wom wó le o pɛɛre dem wone kolo na wó taa ye pɛɛre ko pae Baŋa Wɛ to. Ko nam ye lara kalo na meeli boŋo kom wo-zela yam yera ne to mo, 15dedaane ko tapwale-bia balei bam de lara kalo na meeli da to. O ta wó le chwɛ dem kuri seeni mo o woli da. 16Kaanem tu wom laam maa wó kwei-te o ja o vo o zwɛ kaanem dakaa kam baŋa ne, se ko taa ye wodiu na ye pɛɛre ko pae Baŋa Wɛ to. Pɛɛre dem konto lwom maa ywomma ko pae Baŋa Wɛ.
Varem wom lara kam maama ye Baŋa Wɛ nyem mo. 17Abam ná vei á wo jei selo maama ne, á ba jege se á fɔge á di lara naa jana. Abam de á kwaga kam maama jege se á ta‑á tɔge Wɛ ni dem konto se ko taa vei wuu.”",https://www.bible.com/bible/3661/LEV.3.KBG
CHULLU 4,"Wɛleere saarem kaanem
1 Baŋa Wɛ laam ma ta de Moses o we:
2“Ta de Isarele tiina bam we: Abam wolo ná ke woŋo kolo Baŋa Wɛ nia yam na bere we ko chuli to, ye kotu ná wo paale o ke o tusi mo, pa-na se o ke tento:
3Wɛ kaanem tiina yiga tu wom mo ná ke o tusi konto dwoŋi, pa se o wɛleere jene ba nɔɔna bam maama yuu ne, o wó ja na-bala kalo na ba jege gɛɛ to mo o ba se o ma o ke wɛleere saarem kaanem o pa Baŋa Wɛ. 4O jege se o ja na-bala kam mo o ja o ba wara-vwei dem ni ne se o jeeri Baŋa Wɛ yiga ne. O laam wó kwei o jeŋa o daŋe ka yuu ne, se o daare o gwoni ka ba dáane. 5Kaanem tiina yiga tu wom maa wó lwo na-bala kam jana badwonna o ke zoŋa ne o ja o zo wara-vwei dem wone. 6O laam maa wó kwei o noa o laŋe jana bam, ye o miisi jana bam se ko jeeri gare-jale delo na leigi de che Wɛ di-yun-gala kam to. O jege se o ke konto Baŋa Wɛ yiga ne kuni berepɛ mo. 7O ta wó ma jana bam o taare talwoŋa zwɛɛm bimbini na wo wara-vwei dem ne ye de zege Baŋa Wɛ yiga ne to, de nyea yana yam seeni. Jana balo laam na daare to mo, o wó ja-ba o vo o zege wara-vwei ni dem ne ye o daare o lwo-ba zwɛɛm kaanem dakaa kam teiŋa ne. 8Kaanem tiina yiga tu wom laam jege se o le wɛleere saarem na-bala kam lara kam maama, de lara kalo na meeli ka wo-zela yam yera ne to de mo. 9O ta wó le ka tapwale-bia balei bam de lara kalo na meeli da to, de chwɛ dem kuri seeni o woli da. 10O na wó le wonnu tem konto to ye bedwe de o na yeini o ke tetei de na-bala kalo nɔɔno na jaane o ba se o ma ke yazura pɛɛre o pa Wɛ to. O laam maa wó zwɛ te maama zwɛɛm kaanem dakaa kam baŋa ne. 11Ko ná daare na-bala kam tankɔlɔ kom, de ka nɔna yam, de ka yuu kom, de ka nɛ sem, de ka wo-zela yam, de ka loro tem, 12kaanem tiina yiga tu wom jege se o kwei te maama na daare to o ja nwoŋi ba tigisim jeiga kam o yi dáa dáa. Jei sem konto wó taa ye pwola kalo ba na kwɛ Wɛ chullu tem ŋwaane ye ba dole zwɛɛm kaanem tentwarem da to. O wó kwei tento maama o ja o vo dáane o zwɛ dɛ selo na jege mini to baŋa ne, ba na dogele tentwarem mɛ to.
13Ko nam ná ye Isarele tiina kɔ-fɔrɔ kom maama ná ke ba tusi Wɛ yiga ne, ye ba wo paale ba ke, ba ta wó ga ba bora mo, ba na ke kolo Baŋa Wɛ nia yam na bere we ko chuli to ŋwaane, de ba ná maŋe ba wo lɔre we ba tusi mo de. 14Ba ná tu ba maane ba tusim dem ni ne, ko jege se ba ja na-bala mo ba ba se ba ma ke wɛleere saarem kaanem ba pa Wɛ. Ba wó kwei-ka ba ja ba vo wara-vwei dem yiga ne. 15Isarele nakwa bam maa wó vo Baŋa Wɛ yiga ne ba kwei ba je ba daŋe na-bala kam yuu ne, ye ba dedoa gwoni ka ba o go. 16Kaanem tiina yiga tu wom maa wó lwo na-bala kam jana badwonna o ke zoŋa ne o ja o zo wara-vwei dem wone. 17O laam maa wó kwei o noa o laŋe jana bam, ye o miisi jana bam se ko jeeri Wɛ di-yuu kom gare-jale dem. O jege se o ke konto Baŋa Wɛ yiga ne kuni berepɛ mo. 18O ta wó ma jana bam o taare talwoŋa zwɛɛm bimbini delo na wo wara-vwei dem ne ye de zege Baŋa Wɛ yiga ne to, de nyea yana yam seeni. Jana balo laam na daare to mo, o wó ja-ba o vo o zege wara-vwei ni dem ne ye o daare o lwo-ba zwɛɛm kaanem dakaa kam teiŋa ne. 19Kaanem tiina yiga tu wom ta wó lɔɔne na-bala kam lara maama mo, ye o daare o zwɛ-ka kaanem dakaa kam baŋa ne. 20O na yeini o ke tetei de na-bala kalo o na zwɛ o tete wɛleera saarem ŋwaane to mo, o ta wó ke konto dwoŋi de na-bala kam konto. Kaanem tu wom wó da chwoŋa kam konto o ma le nɔɔna bam lwarem se Wɛ de kwei ba tusim dem o yage o ma chɛ-ba. 21O ta jege se o kwei na-bala kam o ja o nwoŋi ba tigisim jeiga kam o vo dáa dáa, ye o daare o zwɛ-ka, nenɛɛne o na ke tei de na-bala kakam kam to. Ko maa ye wɛleere saarem kaanem mo ko pae Isarele nɔn-kɔgɔ kom maama.
22Yiga tiina bam wone dedoa ná ke o tusi Wɛ yiga ne, ye o wo paale o ke, o ta wó ga o bora mo, o na ke kolo o Tu Baŋa Wɛ nia yam na bere we ko chuli to ŋwaane. 23Ba ná pɛ o maane we o sage chwoŋa, se o ja bo-bala kalo na ba jege gɛɛ to o ba o ke kaanem. 24O jege se o kwei o jeŋa mo o daŋe ka yuu ne, se o laam gwoni ka ba o go. O wó ke konto ko maŋe de jeiga kalo ba na yeini ba goe zwɛɛm kaanem vara bam Baŋa Wɛ yiga ne to mo. Nɔɔno wom kaanem dem konto ye wɛleere saarem kaanem mo. 25Kaanem tu wom laam maa wó de o noa boŋo kom jana ne, se o ma jana bam o taare zwɛɛm kaanem dakaa kam nyea yana yam. Jana balo na daare to ye se o lwo-ba zwɛɛm kaanem dakaa kam teiŋa ne mo. 26Se ko ná ye varem wom lara kam maama, o jege se o zwɛ ka maama mo kaanem dakaa kam baŋa ne, nenɛɛne o na zwɛ lara o ma ke yazura pɛɛre dem tei to. Kaanem tu wom wó da chwoŋa kam konto mo o ma le nɔɔno wom lwarem, se Wɛ de kwei o tusim dem o ma chɛ‑o.
27Á kɔgɔ kom wone nɔɔno de nɔɔno ná ke o tusi Wɛ yiga, ye o wo paale o ke, o ta wó ga o bora mo, o na ke kolo Baŋa Wɛ nia yam na bere we ko chuli to ŋwaane. 28Ba ná pɛ o maane o tusim dem ni ne, se o ja bo-choa kalo na ba jege gɛɛ ka yera ne to o ba o ke kaanem o wɛleere dem ŋwaane. 29O jege se o kwei o jeŋa mo o daŋe ka yuu ne, se o laam gwoni ka ba, jeiga kalo ba na yeini ba goe zwɛɛm kaanem vara bam da to. 30Kaanem tu wom laam maa wó de o noa boŋo kom jana ne, se o ma jana bam o taare zwɛɛm kaanem dakaa kam nyea yana yam. Jana balo na daare to ye se o lwo-ba zwɛɛm kaanem dakaa kam teiŋa ne mo. 31O ta jege se o lɔɔne ko lara kam mo, nenɛɛne o na ke tei dedaane yazura pɛɛre varem lara kam to. O ta wó zwɛ lara kam kaanem dakaa kam baŋa ne se ka lwom taa ywomma ko pae Baŋa Wɛ. Kaanem tu wom wó da chwoŋa kam konto o ma le nɔɔno wom lwarem, se Wɛ de kwei o tusim dem o ma chɛ‑o.
32Nɔɔno nam ná kuri pia o ma o ke wɛleere kaanem, kotu wó ja pi-choa mo na ba jege gɛɛ ka yera ne to o ja o ba. 33O laam maa wó kwei o jeŋa o daŋe pia kam yuu ne, ye o daare o gwoni ka ba se ko taa ye wɛleere saarem kaanem. O wó ke konto jeiga kalo ba na yeini ba goe zwɛɛm kaanem vara bam da to. 34Kaanem tu wom laam maa wó de o noa boŋo kom jana ne, se o ma jana bam o taare zwɛɛm kaanem dakaa kam nyea yana yam. Jana balo na daare to ye se o lwo-ba zwɛɛm kaanem dakaa kam teiŋa ne mo. 35O ta jege se o lɔɔne pia kam lara kam mo, nenɛɛne o na ke tei dedaane yazura pɛɛre pia lara kam to. O ta wó kwei lara kam o daŋe Baŋa Wɛ pɛɛra yadwonna yam baŋa ne o daare o zwɛ-ka kaanem dakaa kam baŋa ne. Kaanem tu wom wó da chwoŋa kam konto o ma le lwarem delo nɔɔno wom na ke to, se Wɛ de kwei o tusim dem o ma chɛ‑o.",https://www.bible.com/bible/3661/LEV.4.KBG
CHULLU 5,"Wɛleere saarem taane
1Abam wolo ná nɛ keim de o yi, naa o nigi de ŋwa, ye ba ná bwoŋi‑o se o ba o pa maana, kotu ná ve se o zaŋe o ta o bere chega keim dem konto baŋa ne, o tusi mo. O maŋe se o na waarem ko ŋwaane.
2Abam wolo ná dwei wo-teko kolo na jege digiru Wɛ chullu tem seeni to, ye o ná wo maane ko ni ne, kotu wɛleere ta wo o yuu ne mo. Wo-teko kom ná ye ga-varem, naa sɔŋɔ varem, naa tega-veilu, ye kotu ná dwei-ko, o digiri o tete mo de chullu tem.
3Abam wolo ta ná dwei woŋo kolo na nwoŋi nabiina yera yam ne ye ko biini nɔɔna to mo, ko ná maŋe ko jege digiru dwi delo, kotu ya ná wo maane ye o laam ba o lɔre ko ni ne, o wɛleere ta wo o yuu ne mo.
4Ko ta woli da, abam wolo ná wo zuri o yera ye o du duuri yɔɔ yerane, ko ná ye o gwoni ni se o ke totoŋ-laao naa totoŋ-balɔrɔ, kotu tusi mo. O ná dugi duuri yɔɔ yɔɔ woŋo kolo maama ŋwaane, ne o ya ná maŋe o yeiri ko ni ne ye o laam ba o lɔre, kotu wɛleere wo o yuu ne mo.
5Chwei sento maama wone mo, abam wolo ná tu o maane we o sage chwoŋa, se o ta o wɛleera jaja Wɛ yiga ne. 6Kotu nam wó ja pi-choa naa bo-choa mo o ja o ba o ke wɛleere saarem kaanem o pa Baŋa Wɛ se o ma o ŋwe o wɛleere jene. Kaanem tu wom maa wó kwei varem wom o ma o le kotu lwarem dem Wɛ yiga ne.
7Wolo nam ná ware varem o yi, se kotu ja kunkwona balei, naa kunkwon-puura balei o ba, se o ma o ŋwe o wɛleere jene. O wó kwei zuŋa dedoa o ma o ke wɛleere saarem kaanem, se dedoa kam de toŋe zwɛɛm kaanem. 8Kotu wó ja kunkwona bam o vo o ke kaanem tu wom jeŋa ne. Kaanem tu wom maa wó bobo o kwei dedoa o ma o ke wɛleere saarem kaanem dem. O jege se o bwori ka ba mo se o yé gwori ka yuu. 9O ta wó ma ka jana bam badwonna o miisi kaanem dakaa kam saŋa dedoa ne. Jana balo na daare to, se o lwo ba maama o yage kaanem dakaa kam teiŋa ne. Konto ye wɛleere saarem kaanem dem mo. 10O maa wó ma kunkwoŋa kadwoŋi kam o ke zwɛɛm kaanem dem, nenɛɛne de chwoŋa kam na ye tei to. Kaanem tu wom jege se o tɔge konto baŋa mo o ma le nɔɔno wom lwarem dem, se Wɛ kwei kotu tusim dem o ma chɛ‑o.
11Nɔɔno nam ná ba jege kunkwona balei, naa kunkwon-puura balei se o ja o ba, kotu nam wó ja mun-bwei bwɛ selei o ja o ba o ma o ke wɛleere saarem kaanem mo. O nam yé woli nuga naa talwoŋ-ywoŋa de wone, kokuri to, ko ye wɛleere saarem kaanem mo. 12Kotu wó ja muni dem o vo o ke kaanem tu wom jeŋa ne. Kaanem tu wom wó zwɛ jaguli-yi se de taa ye gulim pɛɛre de pa Wɛ mo. O wó zwɛ-de kaanem dakaa kam baŋa ne o woli de wodiu pɛɛra yadwonna na zwɛ ya pae Baŋa Wɛ to. Konto ye wɛleere saarem kaanem dem mo. 13Kaanem tu wom wó tɔge chwoŋa kam konto mo, se o le nɔɔno wom lwarem dem Wɛ yiga ne, se Wɛ de yage o tusim dem o ma chɛ‑o. Muni delo maama ná daare, de ye kaanem tu wom nyem mo, nenɛɛne wodiu pɛɛre ná daare, ko de na ye o nyem tei to.”
Wɛleere jene kaanem
14 Baŋa Wɛ ta ma ta de Moses o we:
15“Abam wolo maama ná sage chwoŋa ye o ná pini Baŋa Wɛ wonnu telo na ye wose to baŋa ne, ye o wo paale o ke o tusi konto, kotu wó ja pi-bala kalo na ba jege gɛɛ ka yera ne to mo o ja o ba o pa Baŋa Wɛ se o ŋwe o wɛleere dem jene. Pi-bala kam sabu wó maŋe de lu-nyenno telo dunni na tɔge wara-jei sem maŋem chekke to. Konto ye wɛleere jene kaanem dem mo. 16Kotu ta wó jwoori o ŋwe o na pini Wɛ kolo baŋa ne to jene dem, se o ta ŋwe jene dem popɔra dedoa senu maama wone o woli da. O wó ŋwe tento maama o pa Wɛ kaanem tu wom, se wonto laam kwei pi-bala kam o ma ke wɛleere jene kaanem se o le nɔɔno wom lwarem dem Wɛ yiga ne. Wɛ maa wó yage kotu tusim dem o ma chɛ‑o.
17Abam wolo ná chɔge o ke kolo na chuli Baŋa Wɛ ni delo maama wone to, ye o ya ná yeiri ko ni ne de, kotu tusim dem wo o yuu ne mo ye o maŋe se o na waarem. 18Kotu nam jege se o ja pi-bala kalo na ba jege gɛɛ ka yera ne to mo o ja o ba o ke kaanem tu wom jeŋa ne se wonto ma o ke wɛleere jene kaanem. Varem wom sabu wó maŋe de kolo na ye chekke to. Ko ná ke konto, kaanem tu wom wó le nɔɔno wom lwarem dem Wɛ yiga ne, de o na tusi ye o wo paale o ke tei to. Wɛ maa wó yage kotu tusim dem o ma chɛ‑o.
19Konto ye wɛleere jene kaanem mo, kotu na tusi Baŋa Wɛ yiga ne pa se o wɛleera wo o yuu ne to ŋwaane.”",https://www.bible.com/bible/3661/LEV.5.KBG
CHULLU 6,"1 Baŋa Wɛ ta ma ta de Moses o we:
2“Abam wolo ná tusi ye o nwoŋi Baŋa Wɛ kwaga ne de o na gane o dwoŋi tei to, kotu na jege se o ke tei to mo tento. Ko wó taa ye nenɛɛne o ná pini o dwoŋi woŋo mo o ya na kwei o pa‑o se o taa nia, naa o ná yɔɔre o vere o dwoŋi wonnu, naa o ná ke swa o gane‑o, 3naa o ná nɛ woŋo kolo na jei to ye o fɔ vwa we o wo nɛ-ko, naa o ná fɔge vwa wonnu tedwonna ŋwaane pa se o tusi ne nabiina na yeini ba tusi tei maama to. 4Nɔɔno ná tusi konto dwoŋi ye o maane we o wɛleere dem wo o yuu ne, kotu jege se o jwoori o ŋwe kolo o na vere to o pa o dwoŋi wom mo. Ko ná ye wonnu telo o na pini to, naa jejegero telo o na vere to, naa wo-jiu kolo o na nɛ to, 5naa woŋo kolo o na fɔge vwa ko baŋa ne to, se o jwoori o ŋwe te maama ni ne, ye o ta woli ko sabu popɔra dedoa popɔre senu maama wone. O maa wó ke konto mo o pa te tu wom dɛ dem o na tu se o ke o wɛleere jene kaanem dem to. 6Kotu ta jege se o ja pi-bala kalo na ba jege gɛɛ ka yera ne to mo o ba o pa Baŋa Wɛ se o ma o ŋwe o wɛleere jene. O wó kwei pi-bala kam o ke Wɛ kaanem tu jeŋa ne se o ma o ke wɛleere jene kaanem dem. Ka sabu wó maŋe de kolo na ye chekke to. 7Kaanem tu wom wó tɔge chwoŋa kam konto mo se o le nɔɔno wom lwarem dem Baŋa Wɛ yiga ne. Wɛ ta wó yage wɛleera yalo maama o na ke konto dwoŋi to o ma chɛ‑o.”
Wɛ kaanem tiina bam totoŋa
Vara zwɛɛm kaanem
8 Baŋa Wɛ ta ma ta de Moses o we:
9“Ta n bere Aron de o bu-baara bam amo nia yanto we: Zwɛɛm kaanem dem jege se de ke tento mo. Ba na zwɛ varem wolo ba kaane ba pa Wɛ to jege se o maŋe kaanem dakaa kam baŋa ne mo, se o zwɛ tete dem maama wone se tega laam ba ka poore. Abam nam wó pa se kaanem dakaa kam mini dem taa di taa mo. 10Tega ná poore, kaanem tu wom wó zo o gare-bwora kam de o gare-kuri-kukua kam, ba na mɛ gare-fefale ba sɔ-te to mo. O laam maa wó pɛ tentwarem delo varem wom na zwɛ o daare kaanem dakaa kam ne to, se o ta la-de o tiŋi kaanem dakaa kam teiŋa ne. 11Kaanem tu wom laam maa wó lɔɔre o zula gwaaro tem o tiŋi o daare o zo gwaaro tedwonna, ye o kwei tentwarem dem o ja o nwoŋi ba tigisim jeiga kam o vo o yi pwola kalo ba na kwɛ Wɛ chullu tem seeni to o lwo o yage dáane.
12Kaanem dakaa kam baŋa mini dem dae se de dwei. Zezeŋa maama ne kaanem tu wom jege se o woli dɛ mo mini dem ne se de taa di. O laam maa wó tigisi zwɛɛm kaanem varem wom mini dem baŋa ne, se o daare o zwɛ varem lara kalo na ye yazura pɛɛre ka pa Wɛ to. 13Mini dem jege se de taa di mo taa, se de yé dwei kɔtaa!
Wodiu pɛɛre kaanem
14Wodiu pɛɛre kaanem dem jege se de ke tento mo. Aron bu-baara bam mo wó ja pɛɛre dem konto ba vo kaanem dakaa kam yiga ne se ba kwei-de ba pa Baŋa Wɛ. 15Ba wolo na zege se o toŋe kaanem totoŋa to maa wó zwɛ pɛɛre dem muni de nuga o ja-bɔŋɔ ne, o woli de talwoŋ-ywoŋa kam maama. O wó kwei pɛɛre dem popɔra kanto mo o zwɛ kaanem dakaa kam baŋa ne se ka taa ye gulim pɛɛre ka pa Wɛ. Pɛɛre dem konto lwom maa ywomma de pae Baŋa Wɛ. 16Wodiu kolo maama na daare to wó taa ye Aron de o bia bam nyem mo. Ba wó di-ko Wɛ wara-vwei dem konkɔlɔ ne mɛ na ye wose to. 17Ba jege se ba kwei muni dem ba ma ba wɔ bworobworo, ye sabɔle tere ko wone. Kokuri to, pɛɛre dem de ye wose mo, ne wɛleere saarem kaanem dem de wɛleere jene kaanem dem de na ye tei to. Baŋa Wɛ pɔɔre wodiu kom konto o wodiu pɛɛra yam wone mo o pa kaanem tiina bam. 18Aron diga kam baara maama mo jege chwoŋa se ba di-ko. Ni dem konto wó taa wora taa ko pae Aron de o kwaga kam, se ba wane ba jwoŋi ba nyem Baŋa Wɛ wodiu pɛɛra yam wone. Wolo maama nam ná dwei wodiu kom konto, kotu de pwɛ mo amo ŋwaane.”
19 Baŋa Wɛ ta ma ta Moses o we:
20“Ba ná lage ba lwo nuga Aron dwi dem nɔɔno yuu ne se ba tiŋi‑o se o ji kaanem tu, dɛ dem konto ne nɔɔno wom wó ja mun-bwei bwɛ selei se ko maŋe de wodiu pɛɛre dem na yeini de ke tei to mo o ba. O maa wó kwei muni dem bɔŋa dedoa o ma o ke kaanem zezeŋa ne, se o daare o ma bɔŋa dedoa o ma o ke kaanem dedaan-ni ne. 21O ta wó woli nuga mo muni dem ne, ye o daare o kware-de luu baŋa ne. O laam wó mumugi wodiu kom o ma ke wodiu pɛɛre o pa Baŋa Wɛ se de lwom taa ywomma de pa‑o. 22Aron bu wolo ba na lage ba tiŋi‑o se o ji Wɛ kaanem nakwe tu to tete mo wó kwɛ wodiu pɛɛre dento dwoŋi. O jege se o zwɛ pɛɛre dem maama mo o ma ke kaanem, de maama na ye Baŋa Wɛ nyem to ŋwaane. Keim dem konto wó taa wora mo wuu. 23Muni pɛɛre delo Wɛ kaanem tu na yeini o ke to, ko dae se o di wodiu kom de fenfee de. Ko fe se o zwɛ ko maama mo kula.”
Wɛleere saarem kaanem
24 Baŋa Wɛ ta ma ta Moses o we:
25“Ta de Aron de o bia bam we: Wɛleere saarem kaanem dem jege se de ke tento mo. Ba wó go wɛleere saarem varem wom ba pa Baŋa Wɛ jeiga kalo ne ba na yeini ba go zwɛɛm kaanem varem wom da to mo. Kokuri, kaanem dem konto tiini de ye wose mo. 26Kaanem tu wolo nam ná ke kaanem dem konto, o wó di varem wom wara-vwei dem konkɔlɔ kom ne mɛ na ye wose to mo. 27Kolo maama ná dwei varem wom konto, ko de pwɛ mo amo ŋwaane. Varem wom jana ná taŋe gɔrɔ kolo, se á maŋe jei selo na ye wose to wone á zare-ko. 28Ba ná kwei dɔgɔ kambia ba ma saŋe nɔna yam, se ba laam lɔ-ka. Ko nam ná ye channa kambia mo ba mɛ ba saŋe, se ba fɔge ba titigi-ka se ka gɔ lanyerane, ye ba daare ba seeri. 29Baaro wolo maama na nwoŋi kaanem tiina dwi dem wone to jege chwoŋa se o di wɛleere saarem varem nɔna yam mo. Ya nam tiini ya ye wose mo. 30Ko daare ko ná ye wɛleere saarem varem wolo jana ba na jaane ba zo wara-vwei dem wone se ba le lwarem Wɛ yiga ne to, á ba jege chwoŋa se á di varem wom konto. Ko ye se á zwɛ o maama á pa Baŋa Wɛ mo.”",https://www.bible.com/bible/3661/LEV.6.KBG
CHULLU 7,"Wɛleere jene kaanem
1“Wɛleere jene kaanem dem jege se de ke tento mo. Kaanem dem konto tiini de ye wose mo. 2Ba wó go wɛleere jene kaanem varem wom jeiga kalo ba na yeini ba go zwɛɛm kaanem varem wom da to mo. Kaanem tu wom laam wó kwei varem wom jana mo o dole dole kaanem dakaa kam sɛ sena sem ne. 3Nɔɔno wom jege se o lɔɔne varem wom lara maama se ba ma ke kaanem ba pa Wɛ. Ko maa wó taa ye o nabili-bwogo kom, de lara kalo na meeli o wo-zela yam yera ne to, 4dedaane o tapwale-bia balei bam de lara kalo na meeli da to mo, ko ta woli de o chwɛ dem kuri dem seeni. 5Kaanem tu wom maa wó zwɛ wonnu tem konto maama kaanem dakaa kam baŋa ne, se te taa ye pɛɛre te pae Baŋa Wɛ. Konto ye wɛleere jene kaanem mo. 6Baaro wolo maama na nwoŋi kaanem tiina dwi dem wone to jege chwoŋa se o di varem wom nɔna yam. Ba nam jege se ba di-ya jeiga kalo na ye wose to ne mo, ya na tiini ya ye wose to ŋwaane.
7Wɛleere jene kaanem dem dedaane wɛleere saarem kaanem dem maama jege chulu dedoa mo. Kaanem tu wolo na ke-ya o ma le nɔɔno lwarem Wɛ yiga ne to mo jege chwoŋa se o di ya nɔna yam. 8Ko nam ná ye zwɛɛm pɛɛre kaanem dem, Kaanem tu wolo na kaane-de o pa Wɛ to mo tei varem wom tankɔlɔ kom. 9Ko ta ná ye muni pɛɛre delo maama ba na wɔga kura wone, naa ba na saŋe, naa ba na wó kware luu baŋa ne to, ko ye kaanem tu wolo na ke kaanem dem to nyem mo. 10Ko daare muni pɛɛra yadwonna yam yalo na ye wodi-gwei to, Aron bu-baara bam maama wó chɛ-te mo ba pa daane se ko taa mae daane, nenɛɛne nuga ná woli muni dem wone, naa ka ná wo woli da de.
Yazura pɛɛre kaanem
11Yazura pɛɛre kaanem delo nɔɔno na wó ke o pa Baŋa Wɛ to jege se de ke tento mo. 12Nɔɔno ná ke pɛɛre konto dwoŋi se o ma ke Wɛ lei, kotu jege se o kwei bworobworo o ja o ba o woli de kaanem dem varem wom. O wó gwaane muni de nuga mo o ma ke bworobworo kolo sabɔle na tere ko wone to. O ta wó kwei muni dem o ma wɔ bworobworo-memene o daare o ma nuga o taare taare de maama. O daa ta wó kwei mun-bwei mo o gwaane de nuga o ma wɔ bworobworo dwi dedwoŋi. 13Kotu ná ke yazura pɛɛre kaanem lei keim ŋwaane, o ta jege se o kwei bworobworo kolo sabɔle na woli ko wone to o ja o ba o woli da. 14Kotu laam wó le bworobworo dwia yam konto maama wone dedoa dedoa o ba o ma ke kaanem o pa Baŋa Wɛ. Bworobwooru tem konto wó taa ye kaanem tu wolo na kwei yazura kaanem varem wom jana bam o dole dole kaanem dakaa kam yera ne to nyem mo. 15Ko ná ye varem wom tete nɔna yam, ba jege se ba di ya maama dɛ delo wone ba na ke kaanem dem to mo. Ba yé pa se tega poore ye ya ta wora.
16Nɔɔno nam ná ke yazura pɛɛre kaanem ni-gwonim ŋwaane, naa ko ye o wo-ywoŋo pɛɛre mo, ba wó di varem wom nɔna yam dɛ dem ba na ke kaanem dem to wone, ba jege chwoŋa se ba tiŋi nɔna yalo ba na di ba daare to se tega ná poore, se ba di-ya. 17Kaanem dem nɔna yam konto ta ná wora ya yi da yatɔ dɛ dem ne, se á zwɛ-ya. 18Da yatɔ dɛ dem ne, yazura kaanem dem nɔna yam ná daare ye nɔɔno ná di-ya, Baŋa Wɛ bá sɛ o jwoŋi kotu pɛɛre dem. Kaanem dem bá taa jege nyɔɔre de pa wolo na ke-de to. De jigi wo-zɔɔne mo Wɛ tei ne, ye kotu maŋe se o na waarem.
19Nɔna yam ná dwei woŋo kolo maama na jege digiru Wɛ chullu tem seeni to, ko dae se á di-ya. Á jege se á zwɛ nɔna yam konto mo. Ko daare ko ná ye nɔna yadwonna yam, wolo maama na kwɛ o tete Wɛ ŋwaane to jege chwoŋa se o di-ya. 20Wolo nam na wo kwɛ o tete de o digiru to ná tɔge o di yazura kaanem dem nɔna yalo na ye Baŋa Wɛ nyem to, ba wó le kotu se o daa yé tɔge o woli Isarele dwi dem wone mo. 21Ko ta woli da, nɔɔno wolo ná dwei woŋo kolo na jege digiru Wɛ chullu tem seeni to, ko ná maŋe ko ye nabiinu wo-digiru, naa varem wo-digiru, naa wo-zɔɔne delo Wɛ na chuli to, ye o ná tɔge o di kaanem dem nɔna yam, ba jege se ba le kotu de se o daa yé tɔge o woli Isarele dwi dem wone mo.”
Wɛ chuli se Isarele tiina bam di jana dedaane lara
22 Baŋa Wɛ ta ma ta de Moses o we:
23“Ta n bere Isarele tiina bam we: Yé di-na lara kalo na wo naane yera ne to, naa pei yera ne to, naa bone yera ne to. 24Á vara bam dedoa ná tege o tete toone, naa kago-vara ná tore‑o, á jege chwoŋa se á kwei o lara kam á ke kolo maama á na lage to, se á nam yé di-ka. 25Wolo ná di vara balo dwi na maŋe se ba ma ba ke wodiu pɛɛre ba pa Baŋa Wɛ to lara, ba jege se ba le kotu se o daa yé tɔge o woli Isarele dwi dem wone mo. 26Abam ná vei á zoore jei selo maama ne, yé fɔge á di-na varem jana, naa zuna jana. 27Abam wone wolo ná di jana, ba jege se ba le kotu se o daa yé tɔge o woli Isarele dwi dem wone mo.”
Kaanem tiina na wó jwoŋi kolo kaanem dem ne to
28 Baŋa Wɛ ta ma ta de Moses o we:
29“Ta de Isarele tiina bam we: Wolo maama ná boŋe se o ja yazura pɛɛre o ba o ke kaanem o pa Baŋa Wɛ, se o pɔɔre de wone kolo na wó taa ye Baŋa Wɛ tete nyem to. 30Kotu nam wó ja-de de o tete je mo o ba o ke wodiu pɛɛre o pa Baŋa Wɛ. O wó kwei varem wom lara kam de o nyɔɔne seeni nɔna yam, o zeiŋi-te wɛɛne se te taa ye pɛɛre te pa Baŋa Wɛ. 31Kaanem tu wom maa wó zwɛ varem wom lara kam kaanem dakaa kam baŋa ne o pa Wɛ, se ko ná ye varem wom nyɔɔne dem, de ye Aron de o bia bam nyem mo. 32Abam ná ke yazura pɛɛre kaanem maama, se á kwei varem wom jazem chwei dem á pa kaanem tu wom se de taa ye o nyem. 33Ko ye kaanem tu wolo na kwei varem wom lara de o jana bam o ma o ke yazura kaanem dem to mo wó jwoŋi-de. 34Ko ná ye yazura pɛɛre kaanem delo Isarele tiina bam na yeini ba ke to, amo Baŋa Wɛ mo jwoŋi varem wom nyɔɔne dem, de o jazem chwei dem mo ba tei ne a daare a kwei-ya a pa Aron dwi dem kaanem tiina bam. Amo ni dem konto wó taa wora mo taa wuu.”
35 Baŋa Wɛ wodiu pɛɛra yam wone popɔra kam konto mo pɔɔre ka pa Aron de o bia bam, ko zege dɛ dem ba na tiŋi-ba se ba ji Baŋa Wɛ kaanem tiina to. 36Ko maa ye dɛ delo ne ba na lwogi nuga ba yuni ne se ba ji Wɛ kaanem tiina to, mo Baŋa Wɛ pɛ Isarele tiina bam ni se ba taa jaane pɛɛra yam konto ba tui ba pa ba de ba dwi dem. O nam ke se ni dem konto taa wora wuu mo.
37Chullu tem konto mo wora kaanem dwi dwi ŋwaane. Ko maa ye zwɛɛm pɛɛre kaanem dem, de wodiu pɛɛre kaanem dem, de wɛleere saarem kaanem dem, de wɛleere jene kaanem dem, de kaanem tiina tiŋim kaanem dem, dedaane yazura pɛɛre kaanem dem. 38Baŋa Wɛ déem na kwei nia yanto o pa Moses se Isarele tiina bam taa tɔge-ya ba ma kwei ba pɛɛra yam ba ke kaanem ba pa‑o to, de ba déem wo Sinayi Peo kom teiŋa ne mo kagoa kam yuu ne.",https://www.bible.com/bible/3661/LEV.7.KBG
CHULLU 8,"Wɛ kaanem tiina kwɛɛm taane
Nwoŋim 29:1-37
1 Baŋa Wɛ daa ta ma ta Moses o we:
2-3“Pa se Aron de o bu-baara bam ba ba jeeri wara-vwei dem manchwo-peena ni dem ne. Nam ta ja ba kaanem gare-laaro tem, de Wɛ swolim nuga kam, de tetɔgɔ kolo na jege bworobworo-memene sem ko wone to n woli da n ja n ba. Kwei wɛleere saarem kaanem nabea kam, de pi-bɛ selei sem n ja n ba. Nam ta de Isarele kɔ-fɔrɔ kom maama se ba de da ba jeeri dáane.”
4Moses ma seene o ke kolo Baŋa Wɛ na tage to, pa se Isarele tiina bam jeeri wara-vwei dem ni ne. 5O ma ta de nɔn-kɔgɔ kom o we, “Baŋa Wɛ na pɛ ni delo se de ke to mo tento.”
6Moses ma pa se Aron de o bia bam nwoŋi ba zege, ye o daare o pa ba swɛ ba yera ba kwɛ ba tete Wɛ ŋwaane. 7O laam ma kwei kaanem gare-dedɔrɔ kom o zo Aron. O ma kwei vovoa kam o vɔ Aron teiŋa ne, ye o daare o pa o zo gare-bwora kam. O ma kwei gare-wogo kom o zo‑o ye o ta kwei ko teiŋa vovoa kam o vɔ o ke da. 8O ta ma kwei nyɔɔne gare-pale dem o zo‑o ye o daare o ke Yurim de Tumim kandwa yam de gare-fɛɛla wone. 9O déem ta kwei yuu gare-yi dem mo o ba o yuu ne. O ma daare o kwei sabu-seŋa wo-pelɔgɔ kolo na bere we kaanem tu wom ye Wɛ nyem to o lei vovoa kam o tiri dem seeni, se ko tɔge ni delo Baŋa Wɛ ya na pɛ Moses se o ke to.
10Moses déem ma kwei Wɛ swolim nuga kam o lwo o yage Wɛ wara-vwei dem maama de wonnu telo maama na wo de wone to yera ne, se te taa ye te yera Baŋa Wɛ ŋwaane. 11O ta ma kwei nuga kam o miisi kaanem dakaa kam yera ne kuni berepɛ, ye o daare o miisi ka yera zela yam, de channa ware-zoŋa kam dedaane ka na zege woŋo kolo baŋa ne to, se te maama taa ye te yera Baŋa Wɛ ŋwaane. 12Ko ta ná ye Aron, Moses déem lwogi Wɛ swolim nuga kam wonto yuu ne mo o tiŋi‑o Wɛ kaanem totoŋa ŋwaane, se o de taa ye Wɛ nyem. 13Moses laam ma pa se Aron bia bam de nwoŋi ba zege o yiga ne. O ma kwei kaanem gare-dedwaaro o zo ba maama. O ma vɔ vovwe ba tei ne ye o daare o kwei ba yipwi o pu ba yuni ne. O déem ke Baŋa Wɛ ya na bere‑o se o ke tei to mo.
14Moses ma ja nabea kam ba na wó kwei ba ke wɛleere saarem kaanem dem to o ja o nwoŋi. Aron de o bia bam de ma daŋe ba je ka yuu ne. 15Moses ma gwoni ka ba. O ma lwoori ka jana bam badwonna o daare o ma o noa o laŋe-ba o ma o taare kaanem dakaa kam ka nyea yana yam seeni se o kwɛ-ka Wɛ ŋwaane. O laam ma lwo jana balo na daare to kaanem dakaa kam teiŋa ne. O na ke tei maama to pɛ se kaanem dakaa kam ye wose mo, pa se ka maŋe de wɛleere saarem totoŋa. 16Moses ta ma lɔɔne nabea kam lara kalo na meeli ka wo-zela yam yera ne to, o woli de ka chwɛ dem kuri seeni dem, de ka tapwale-bia bam de lara kalo na meeli da to maama. O déem ma zwɛ te maama kaanem dakaa kam baŋa ne. 17Ko ná ye nabea kam tankɔlɔ kom, de ka nɔna yam, de ka wo-zela yalo na daare to, o jaane-te o nwoŋi dáa ne mo, ye o zwɛ-te se ko tɔge ni delo Baŋa Wɛ ya na pɛ‑o se o ke to.
18Moses ta ma ja pi-bea kalo ba na wó ma ba ke zwɛɛm pɛɛre kaanem dem to o nwoŋi o zege. Aron de o bu-baara bam de ma kwei ba je ba daŋe ka yuu ne. 19O laam ma gwoni ka ba. Moses ma lwoori ka jana bam o dole dole kaanem dakaa kam sɛ sena sem maama ne. 20O ta ma gwoni pia kam nɔna yam yera muga-muga. O laam ma kwei ka nɔna yam, de ka yuu kom, de ka lara kam o zwɛ. 21O ma zare ka wo-zela yam de ka nɛ sem yiga se o laam zwɛ te maama kula kaanem dakaa kam baŋa ne se ko tɔge ni delo Baŋa Wɛ ya na pɛ‑o se o ke tei to. Zwɛɛm kaanem dem konto maa ye wodiu pɛɛre de pa Baŋa Wɛ. De lwom maa ywomma de pa‑o.
22Moses daa ma ja pi-bea kadwoŋi kam na wora kaanem tiina kwɛɛm ŋwaane to o ja o nwoŋi. Aron de o bia bam de ma kwei ba je ba daŋe ka yuu ne. 23O ma gwoni ka ba. Moses ma daare o lwoori ka jana bam badwonna o taŋe Aron jazem zwɛ dem ne, de o jazem no-kweo kom, dedaane o jazem namimbu-kweo kom. 24Moses ta ma pa se Aron bia bam nwoŋi ye o kwei pia kam jana o taŋe ba dedoa dedoa jazem zwa yam, de ba jazem no-kweero tem, ko woli de ba jazem namimbi-kweero tem. O laam ma daare o kwei jana balo na daare to o dole dole o yage kaanem dakaa kam sɛ sena sem ne. 25Moses ma lɔɔne pia kam lara kam maama, de ka nabili-bwogo kom, de lara kalo na meeli o wo-zela yam yera ne to, o ta woli chwɛ dem kuri seeni dedaane tapwale-bia balei bam de lara kalo na meeli da to. O déem ta kwei ka jazem chwei dem mo o woli da. 26O laam ma kwei tetɔgɔ kom de ko bworobworo-memene selo na ye Baŋa Wɛ nyem to o le bworobworo dwia yatɔ yam wone dedoa dedoa, ye sabɔle tere te wone. O laam ma kwei te maama o daŋe lara kam de pia kam jazem chwei dem baŋa ne. 27O ma kwei wonnu tem konto maama o ke Aron de o bia bam je sem ne se ba zeiŋi-te wɛɛne se te taa ye pɛɛre te pa Baŋa Wɛ. 28Konto kwaga ne mo Moses jwoŋi-te ba jeŋa ne o daare o daŋe-te zwɛɛm kaanem varem wolo na wo kaanem dakaa kam baŋa ne to o zwɛ, se ko taa ye kaanem tiina kwɛɛm kaanem. Kaanem dem konto ye wodiu pɛɛre mo ko pae Baŋa Wɛ. De lwom maa ywomma de pa‑o. 29Moses laam ma kwei pi-bea kam nyɔɔne dem o zeiŋi wɛɛne se de taa ye pɛɛre de pae Baŋa Wɛ. Wonto tete popɔra mo konto o na jege chwoŋa se o le-ka kaanem tiina kwɛɛm pi-bea kam wone, ne Baŋa Wɛ ya na pɛ‑o ni se o ke tei to.
30Konto na ti to, mo Moses kwei Wɛ swolim nuga kam dedaane jana balo na wo kaanem dakaa kam baŋa ne to badwonna o miisi Aron de o gwaaro tem yera ne. O ta ma miisi-te Aron bia bam de ba de gwaaro tem yera ne. Keim dem konto déem pɛ se Aron de o bia bam dedaane ba gwaaro tem maama ye te yera mo Baŋa Wɛ ŋwaane.
31Moses laam ma ta Aron de o bu-baara bam o we, “Kwei-na kaanem dem nɔna yalo na daare to á vo á saŋe wara-vwei dem ni ne, se á maŋe dáane á di-ya de bworobworo kolo amo na le tetɔgɔ kom wone to, nenɛɛne Wɛ na pɛ ni we, Aron de o bia bam jege chwoŋa se ba di-ya tei to. 32Ko ná ye nɔna yalo de bworobworo kolo á na wó di á daare to, se á zwɛ-te. 33Nam maŋe-na wara-vwei dem ni ne da yarepɛ, se chulu kolo na ye abam kwɛɛm ŋwaane to ná ti, se á nwoŋi pwooni. 34Baŋa Wɛ déem pɛ ni we dé ke tento mo se dé wane dé le abam lwarem dem o yiga ne. 35Abam jege se á maŋe wara-vwei dem ni ne da yarepɛ, wea de tete maama, ko na ye Wɛ ni dem to ŋwaane. Wolo nam ná ve ye o nwoŋi pwooni, kotu jege se o te mo. Mo ni delo Baŋa Wɛ na pɛ amo to.”
36Aron de o bu-baara bam de déem ma ke kolo maama Baŋa Wɛ na pɛ Moses ni se ba ke to.",https://www.bible.com/bible/3661/LEV.8.KBG
CHULLU 9,"Wɛ kaanem tiina bobo ba totoŋa
1Da nana dɛ dem ne ye ba ke kaanem tiina kwɛɛm chulu kom ba ti to, mo Moses bwoŋi Aron, de o bu-baara bam, de Isarele nakwa bam se ba jeeri. 2O ma ta Aron o we, “Beeri na-bala na ba jege gɛɛ ka yera ne to se n ma‑n ke wɛleere saarem kaanem n pa Baŋa Wɛ, se n daare n beeri pi-bala na ba jege gɛɛ to de se n ma n ke zwɛɛm pɛɛre kaanem n pa‑o. 3Nam ta de Isarele tiina bam se ba beeri bo-bala wɛleere saarem kaanem ŋwaane. Ba ta maa wó beeri na-bala na ye bene, de pi-bala na ye bene to mo se ba ma ba ke zwɛɛm pɛɛre kaanem. Te nam ba jege se gɛɛ taa wo te yera ne. 4Ba ta wó beeri nabea, de pi-bea mo se ba ma ba ke yazura pɛɛre kaanem ba pa Baŋa Wɛ. Ba ta wó ja muni pɛɛre delo nuga na viiri de wone to se ba ma ba ke kaanem. Kokuri to, Baŋa Wɛ zem wó ba o veere o tete ba tetare ne.”
5Ba ma seene ba ja kolo maama Moses na pɛ-ba ni se ba ja ba ba to ba jeeri Wɛ wara-jei sem manchwo-peena yam ne. Isarele tiina kɔ-fɔrɔ kom maama de ma fɔɔre ba yi jei sem se ba zuli Baŋa Wɛ. 6Moses déem ma ta de-ba o we, “Tento maama tɔge ni delo Baŋa Wɛ na pɛ abam se á ke to, se o laam ba o veere o tete de o nenɔŋ-fɔrɔ kom abam yiga ne.”
7O ma daare o ta Aron o we, “Fɔɔre n yi kaanem dakaa kam se n ke wɛleere saarem kaanem dem, de zwɛɛm pɛɛre kaanem dem, se n tɔge tento baŋa n ma n le nmo tete lwarem dedaane nɔɔna bam lwarem Wɛ yiga ne. Ta kwei Isarele tiina vara bam n ma‑n ke kaanem ba ŋwaane, se n le ba lwarem Wɛ yiga ne, nenɛɛne Baŋa Wɛ na pɛ ni se n ke tei to.”
8Aron ma seene o yi kaanem dakaa kam ye o kwei na-bala kalo na wora o tete wɛleere saarem ŋwaane to o gwoni ka ba. 9O bia bam ma ja ka jana ba yi o tei ba pa‑o, ye o kwei o noa o laŋe jana bam. O laam ma kwei-ba o taare kaanem dakaa kam nyea yam, ye o daare o lwo balo na daare to kaanem dakaa kam teiŋa ne. 10O ma lɔɔre na-bala kam lara kam, de ka tapwale-bia bam, de chwɛ dem kuri seeni dem maama o kwei-te o zwɛ kaanem dakaa kam baŋa ne, nenɛɛne Baŋa Wɛ na pɛ Moses ni se ba ke tei to. 11Ko nam ná ye varem wom nɔna yam, de o tankɔlɔ kom, o jaane-te mo o nwoŋi ba tigisim jeiga kam o vo dáa o zwɛ.
12Ko kwaga ne, Aron ma kwei varem wolo na wora zwɛɛm pɛɛre kaanem ŋwaane to o gwoni o ba. O bia bam ma ja ka jana bam ba vo ba pa‑o. O de ma kwei-ba o dole dole o yage kaanem dakaa kam sɛ sena sem ne. 13Ba ma kwei varem wom nɔna yam yera yera ba ja vo ba pa‑o, de o yuu kom de. O ma zwɛ te maama kaanem dakaa kam baŋa ne. 14O ta ma zare varem wom wo-zela yam, de o nɛ sem, ye o laam kwei te maama o daŋe zwɛɛm pɛɛre dem baŋa ne o zwɛ o pa Wɛ.
15Aron déem ta ke kaanem nɔɔna bam maama ŋwaane. O ma kwei bo-bala kalo na wora ba wɛleere saarem ŋwaane to o gwoni ka ba, ye o ke kaanem o pa Wɛ se o saare ba wɛleera, nenɛɛne o na ke tei dedaane o tete nyem dem to.
16O laam ma kwei zwɛɛm pɛɛre dem o ke kaanem se ko maŋe de de chwoŋa kam na ye tei to. 17O déem ta ma kwei wodiu pɛɛre dem de o woli da. O ma zwɛ muni jaguli-yi de wone o kwei o woli dɛ maama ba na ke zwɛɛm pɛɛre delo tetete to wone, ye o zwɛ-te kaanem dakaa kam baŋa ne.
18O ta ma kwei na-bala kam de pi-bala kam na wora se se ke yazura pɛɛre kaanem nɔɔna bam ŋwaane to o gwoni se ba. O bia bam ma ja vara bam jana ba vo ba pa‑o. O de ma kwei-ba o dole dole o yage kaanem dakaa kam sɛ sena sem ne. 19Ba laam ma tigisi lara kalo maama na wo na-bala kam de pi-bala kam yera ne to. Ko maa ye vara bam nabili-bworu tem, de lara kalo na meeli ba wo-zela yam yera ne to, de ba tapwale-bia bam, de ba chwa yam kuri seeni mo. 20Tento maama mo ba déem kwei ba daŋe vara bam nyɔɔna baŋa ne, ye Aron kwei lara kam o zwɛ kaanem dakaa kam baŋa ne. 21Ko daare vara bam nyɔɔna yam, de ba jazem chwa yam, Aron déem zeiŋi-te wɛɛne mo, se te ta ye pɛɛre te pae Baŋa Wɛ. Ko nam ke nenɛɛne Moses na pɛ-ba ni se ba ke tei to mo.
22Aron déem na ke kaanem dem dwi maama o ti to, o ma zeiŋi o je o jeeri Isarele kɔ-fɔrɔ kom ye o kwei Wɛ zaane o ma swɛ ba swolim. O laam ma zege kaanem dakaa kam teiŋa ne o jwoori o tu tega.
23Moses dedaane Aron ma zo wara-vwei dem wone. Ba daa na nwoŋi to, mo ba kwei Wɛ zaane ba ma swɛ nɔɔna bam swolim. Baŋa Wɛ ma veere o nenɔŋ-fɔrɔ kom nɔɔna bam maama yiga ne. 24Min-vogo ma pɔpɔ ko nwoŋi Baŋa Wɛ tei ne ko chu ko di zwɛɛm pɛɛre dem, dedaane lara kam maama na wo kaanem dakaa kam baŋa ne to kula! Nɔɔna bam maama na nɛ konto to, mo ba bage de kwor-dɛa ye ba daare ba vwi ba yibia tega ne ba zuli Wɛ.",https://www.bible.com/bible/3661/LEV.9.KBG
CHULLU 10,"Nadab dedaane Abihu na tege tei to
1Aron bia balei Nadab dedaane Abihu déem ma kwei ba mini zon-tanlɛ sem, ye ba dedoa dedoa ke mini o zoŋa kam wone o daare o woli talwoŋ-ywoŋa da. Ba laam ma zo Baŋa Wɛ yiga ne, se ba zwɛ-te ba zuli‑o, ye ba kaanem dem konto nam ya wo dɛ chwoŋa, kokuri Baŋa Wɛ wo pɛ ni se ba zwɛ min-yɔɔ konto dwoŋi. 2Min-vogo ma pɔpɔ ko nwoŋi Baŋa Wɛ tei ne ko chu nɔɔna balei bam baŋa ne ko di-ba pa se ba te Baŋa Wɛ yiga ne. 3Moses ma ta Aron o we, “Ko ye tento ŋwaane mo Baŋa Wɛ ŋɔɔne o bere debam ye o we,
‘Balo na twɛ amo tei se ba toŋe ba pa-ne to
jege se ba lɔre we amo ye wose mo.
Amo nɔɔna bam maama de maa jege se ba pa-ne zula.’ ”
Aron na nigi konto to, mo o maŋe da chemm.
4Moses déem ma toŋe o bwoŋi Misayeli de Elizafan se ba ba. Banto déem ye Aron kwo nyaane Yuzeli bia mo. Moses ma ta-ba o we, “Ba-na á zeŋe á chorro tem á ja á nwoŋi wara-jei sem ni ne. Ja-ba á nwoŋi á vo dáa dáa tigisim jeiga kam ne.” 5Ba ma seene ba ke tei Moses na tage to. Ba ma ja twa bam ba gwaaro tem seeni ba nwoŋi dáa dáa.
6Moses ta ma ta Aron dedaane o bia balei balo na daare to, Eleaza de Itamara, o we, “Yé vugimi á yu-ywei, nam yé kaare-na á gwaaro de á wo na chɔge tei maama to de. Abam ná ke konto, á de wó te mo. Baŋa Wɛ bane ta maa wó zaŋe Isarele tiina kɔ-fɔrɔ kom maama baŋa ne. Ko daare, á chorro Isarele dwi tiina bam wó wane ba keeri Nadab de Abihu lwi sem, de Baŋa Wɛ na pɛ se mini di-ba de chɔge to. 7Abam nam yé yage-na wara-vwei dem ni ne se á nwoŋi. Á ná ke konto leile, á wó te mo. Kokuri to, Baŋa Wɛ swolim nuga kam wo abam yuu ne mo, ye ka pɔɔre abam se á ta‑á ye á yera Wɛ totoŋa ŋwaane.” Ba déem ma sɛ Moses ni dem.
8 Baŋa Wɛ laam ma ta de Aron o we, 9“Nmo dedaane n bia bam ná yeini á zo wara-vwei dem wone, ko dae se á nyɔ sana. Abam ná ke konto, á wó te mo. Amo ni dento wó taa wora mo wuu ko pae abam de á dwi dem. 10De maa ye se á wane á pɔɔre wonnu telo na ye te yera amo ŋwaane to, de telo na wora dɛ dɛ totoŋa ŋwaane to daane. Á ta maa wó pɔɔre telo na maŋe de Wɛ chullu tem to, de telo na jege digiru chullu tem seeni to daane. 11Ko ye abam totoŋe mo se á kwei a nia yalo a na tɔge Moses baŋa a pa Isarele tiina bam to, á bere ba maama.”
12Moses déem ma ta Aron de o bia balo na daare to, Eleaza de Itamara, o we, “Ko ná ye muni delo ta na daare Baŋa Wɛ pɛɛra yam wone to, se á kwei-de á wɔ bworobworo-memene selo sabɔle na tere de wone to. Á laam wó maŋe kaanem dakaa kam teiŋa ne mo á di bworobworo kom dáane, ko na yɔɔre ko ye ko yera ko pa Wɛ to ŋwaane. 13Maŋe-na jei selo na ye wose to ne á di-ko. Kokuri to, Baŋa Wɛ pɔɔre-ko se ko taa ye abam de á bia bam popɔra mo o wodiu pɛɛra yam wone. Mo ni delo o na pɛ amo to. 14Ko nam ná ye varem wom nyɔɔne de o chwei dem ba na zeiŋi wɛɛne ba zuli Wɛ to, abam de á diga tiina, baara de kaana, mo jege chwoŋa se á di-te jeiga kalo na kwɛ ka maŋe de chullu tem to ne. Wɛ pɔɔre-te Isarele tiina yazura pɛɛra yam wone se te taa ye abam de á bia bam nyem mo. 15Isarele tiina bam jege se ba kwei varem chwei dem de o nyɔɔne dem ba woli de o lara kam ba zeiŋi-te wɛɛne se te taa ye wodiu pɛɛre te pae Baŋa Wɛ. Varem wom nyɔɔne dem de o chwei dem ye abam de á bia bam nyem mo. Baŋa Wɛ ni dem konto wó taa wora taa wuu mo.”
16Moses déem ma bwei wɛleere saarem pɛɛre boŋo kom bwia. O ma maane we ba maŋe ba zwɛ ko maama. O bane ma zaŋe de Eleaza dedaane Itamara ye o bwei-ba o we, 17“Bɛ mo ke ye abam wo maŋe wara-jei sem ne á di varem wom nɔna yam? Pɛɛre dem konto tiini de ye wose mo. Baŋa Wɛ kwei-de o pa abam Isarele tiina bam wɛleera saarem ŋwaane, se á ma‑á ke kaanem á le ba lwarem o yiga ne mo. 18Nii-na! Ba wo jaane boŋo kom konto jana ba zo wara-vwei dem wone. Konto ŋwaane, ko ya ye se á di ko nɔna yam wara-jei sem ne mo, nenɛɛne amo na pɛ ni se á ke tei to.”
19Aron ma leiri Moses o we, “Nam nii! Nɔɔna bam zem kwei ba wɛleere saarem pɛɛre dem de ba zwɛɛm pɛɛre dem mo ba ke kaanem ba pa Baŋa Wɛ. De konto de, amo de nam nɛ lɛɛro dento dwoŋi. Konto to, a ya ná seene a di wɛleere saarem varem wom nɔna yam zem, Baŋa Wɛ ya wó jwoŋi a keim dem na?” 20Moses na nigi konto to, o wo ma to.",https://www.bible.com/bible/3661/LEV.10.KBG
CHULLU 11,"Wodiiru telo na maŋe de dim de telo na wo maŋe to
Nia Gulim 14:3-21
1 Baŋa Wɛ déem ma ta Moses de Aron o we:
2“Ta-na de Isarele tiina bam we: Vara balo na kare ba vei tega baŋa ne to wone, abam jege chwoŋa se á di vara banto dwi mo:
3Á wae á di varem wolo maama napɔɔna na lɔge belei ye ba yeini ba done gaao ba guli ba jwoori ba done to.
4-6Vara badwonna nam done gaao ba guli ba jwoori ba dona, ye ba napɔɔna laam wo lɔge belei. Ko dae se abam di-ba. Kona, de pe-ware, de zwona ye konto dwoŋi mo. Vara bam konto wo maŋe de chullu tem. 7Teira de nam wo maŋe se á di-ya. Ya napɔɔna lɔge belei chekke, ye ya laam ba done gaao ya gula ya jwoori ya dona. 8Vara bam konto maama dwi dae se á done ba nɔna. Ba ná tega, bere á yé dwei-ya. Ba wo maŋe de chullu tem abam tei ne.
9Ko ná ye wonnu telo na wo naneero tem wone, naa bwi sem wone to, ywona yalo maama na jege nabili-pelwaro, ye poro ta kwoli te yera to, á jege chwoŋa se á di-ya. 10Ko daare ko ná ye wonnu telo maama na zoore na wone ye te ba jege nabili-pelwaro dedaane poro te yera ne to, te ná maŋe te ye ywona naa wo-korro mo, wonnu tento dwi ye wo-zɔɔna mo te pae abam. 11Konto ŋwaane, abam dae se á di-te, nam yé dwei-na te wo-tegero de. 12Woŋo kolo maama na zoore na wone to ná ba jege nabili-pelwaro dedaane poro, ko ye wo-zɔɔne mo abam tei ne.
13Ko ta ná ye zuna, á wó chuli ba dwia yanto mo. Ba dae se á di-ba, ba na ye wo-zɔɔna to ŋwaane.
Maaro, de duura dwi maama, 14de chilachi, de kalwonnu dwi maama, 15de bachangaaro dwi maama, 16-18de kunkwooru dwi maama, de lenlane, de naneo zuna, de kawuli dwi maama, de bugacheeni, de nakelakɔro, 19de buga ni zuna, de kabakollo dwi maama, de pɛbia, dedaane jenjwaano.
20Wo-korro telo na jege vɔna ye te kare te vei tega ne to wó taa ye wo-zɔɔna abam tei ne. 21Á nam jege chwoŋa se á di wo-korro tem konto dwia yalo nɛ sem na pae te jwolisa tega ne to. 22Te maa ye kayere, de manchwanno, de charebombore, de wo-korro tento dwi. Tento maama maŋe se á di-te. 23Se ko ná daare wo-korro telo na jege vɔna ye te ta kare te tuuri tega ne to, te ye wo-zɔɔna mo te pae abam.
Wo-zɔɔna chullu tem
24Wonnu tem konto maama ná tega, te yera yam wó lɔgese wolo maama ná dwei-ya, pa se kotu taa jege digiru Wɛ chullu tem seeni se ko yi dedaan-ni maŋa. 25Wolo ná kwei te wo-teko, kotu maŋe se o zare o gwaaro mo, se dedaan-ni maŋa ná yia, se o laam kwɛ o tete de chullu tem.
26Vare-dwi delo maama na wo lɔge de napɔɔna yam tetare ne belei chekke to, naa dwi delo na ba guli gaao o jwoori o done o liri to wo maŋe de chullu tem. Wolo maa ná dwei wo-teko konto dwi, kotu de jege digiru Wɛ chullu tem seeni mo. 27Vara balo maama na vei nɛ sena baŋa ne ye ba mae jataala mo ba via to wo maŋe de Wɛ chullu tem. Wolo maa ná dwei ba wo-tegero, kotu de wó taa jege digiru chullu tem seeni mo se ko yi dedaan-ni maŋa. 28Wolo maama ná zeŋe vara bam konto wo-teko, kotu jege se o zare o gwaaro mo se dedaan-ni maŋa ná yia, se o laam kwɛ o tete de chullu tem, vara bam konto na ye wo-digiru te pae abam to ŋwaane.
29Ko nam ná ye tega-veila, te dwia yanto mo ye wo-digiru te pae abam:
Twarro, de baywoa, de titwoa, de balworu dwi maama, 30de kachelachoro, de kweeru, de balei, de bwe, de puswollu, de manlɛ.
31Tega-veila maama wone, wonnu tem konto ye wo-digiru te pae abam. Te dwi ná tega ye nɔɔno wolo ná dwei-ko, kotu de wó taa jege digiru Wɛ chullu tem seeni se ko yi dedaan-ni maŋa. 32Wonnu tem konto nam ná tega ye te to woŋo kolo maama baŋa ne, ko de wó taa jege digiru mo. Ko ná ye daa mo ba mɛ ba ke-ko, naa gɔrɔ, naa tankɔlɔ, naa gare-nyenyaaro de, ba nam ná jege-ko ba toŋe totoŋe delo to maama de, ba jege se ba misi-ko na wone mo, se dedaan-ni maŋa ná yia, se ko laam kwɛ de chullu tem. 33Wo-digiru tem konto dedoa ná tega ye ko to kɔɔro wone, woŋo kolo maama na wo kɔɔro wom wone to de wó taa jege digiru. Ba jege se ba lɔ kɔɔro wom mo. 34Na ná zege kɔɔro wom konto ne ye ba lwo ba dwei wodiu kolo ya na maŋe se ba di-ko to, ko de daa bá maŋe se ba di-ko. Wo-nyɔɔro telo maama na wo kɔɔro wom konto wone to de nam jege digiru Wɛ chullu tem seeni mo. 35Wo-digiru tem ná tega ye te to te dwei woŋo kolo maama, ko de wo taa jege digiru mo. Ko ná ye kura, naa kambia mo te dwei, abam jege se á chɔge kura yam, naa kambia kam mo. 36Ko nam ná ye buli-yi, naa gwoŋo kolo ba na koge se nɔɔna taa vei ba mɔɔne na ko wone to, ye wo-teko kom ná to jei sem konto wone, se bá taa jege digiru. Se wolo nam ná liiri wo-teko kom, kotu mo wó taa jege digiru Wɛ chullu tem seeni. 37Wo-digiru tem konto ná tega ye te to wo-dwa balo abam na lage á du to wone, wo-dwa bam ta bá taa jege digiru. 38Se wo-dwa bam ná wo na wone ba bugi mo, ye wo-teko kom ná to ba wone, wo-dwa bam wó taa jege digiru te pae abam.
39Varem wolo na maŋe de dim to ná tega ye wolo dwei‑o, kotu wó taa jege digiru Wɛ chullu tem seeni mo se ko yi dedaan-ni maŋa. 40Wolo ná di varem wom konto nɔna yadwonna, kotu wó zare o gwaaro mo, se dedaan-ni maŋa ná yia, se o laam kwɛ o tete de chullu tem. Wolo de ná kwei varem wom, o de wó zare o gwaaro mo, se dedaan-ni maŋa ná yia, se o de laam kwɛ o tete de chullu tem.
41Ko nam ná ye tega-veila, te maama ye wo-zɔɔna mo. Ko chula se á di-te. 42Tento ná tuura, naa te ná vei nɛ sena baŋa ne, naa te ná jege nɛ dedɛ mo te via de, ko chula se á di-te. Te ye wo-zɔɔna mo. 43Nam yé chɔge-na á tete de-te, se á tɔge te ŋwaane á ji wo-digiru. 44Amo mo ye abam Tu Baŋa Wɛ wom. Pɔɔre-na á tete de wo-digiru maama, se á ta‑á ye wose. Kokuri to, amo tete ye wose tu mo. Nam yé chɔge-na á tete de tega-veila, naa wo-korro telo na kare te vei tega kam baŋa ne to. 45Amo mo ye Baŋa Wɛ wom. A déem jaane abam a nwoŋi Ejipti ne se a taa ye abam Tu Wɛ wom mo. Nam ta‑á ye-na wose, amo tete na ye wose tu to ŋwaane.”
46Wɛ nia yanto wora se abam ta‑á yei vara, de zuna, de wonnu telo na zoore na wone to, de tega-veila ni ne mo. 47Abam maa wó da ya baŋa se á wane á pɔɔre kolo na jege digiru Wɛ chullu tem seeni ye ko wo maŋe de dim to, dedaane kolo na maŋe de chullu tem ye á jege chwoŋa se á di-ko to.",https://www.bible.com/bible/3661/LEV.11.KBG
CHULLU 12,"Ka-sɔŋɔ na wó kwɛ o tete tei to
1 Baŋa Wɛ daa ma ta de Moses o we:
2“Ta de Isarele tiina bam we: Kaane ná jaane puga ye o lo bakeira, o jege digiru Wɛ chullu tem seeni se ko yi da yarepɛ mo. Ko ta nye de o na yeini o ye tei o chana zarem maŋa ne to mo. 3Da nana dɛ dem ne, se o pa ba gwoni o bu wom peini. 4Kaane wom ta wó peene se da fintɔ-yatɔ mo kɛ, se o laam kwɛ o jana pworim digiru tem o ti. Da yam konto ne o digiru kwɛɛm maŋa kam ta ná wo ti, ko dae se o dwei woŋo kolo na ye wose to, naa se o zo Wɛ wara-jei sem ne.
5Kaane wom nam ná loge busankana, o wó taa jege digiru se ko yi da fuga-yana mo, ne o na yeini o ye tei o chana zarem maŋa ne to. O ta wó peene se da fuseredo-yaredo mo kɛ, se o laam kwɛ de o jana-pworim digiru tem.
6Ko ná ye bakeira mo, naa busankana mo o loga, ye o digiru kwɛɛm maŋa kam ná ti, se o ja pi-bala kalo na yi bene to o vo wara-jei sem manchwo-peena ni ne o kwei-ka o pa kaanem tu wom, se o ma o ke zwɛɛm pɛɛre kaanem o pa Wɛ. Kaane wom ta wó ja kunkwoŋa naa kunkwon-puuri o vo o pa‑o se o ma o ke wɛleere saarem kaanem. 7Kaanem tu wom laam wó kwei-te o ke kaanem o pa Baŋa Wɛ se o le kaane wom digiru tem Wɛ yiga ne. Konto ná kea, kaane wom laam wó ba o kwɛ de o jana-pworim digiru tem.
Kaane lora kwaga ne, se ba toŋe ba tɔge Wɛ ni dem konto, ne ko ná ye bakeira naa busankana mo o loga. 8Kaane nam ná ware pia se o yi, se o ja kunkwona balei naa kunkwon-puura balei o vo o pa kaanem tu wom, se o kwei ba dedoa o ma o ke zwɛɛm pɛɛre kaanem dem, se kadwoŋi kam o ma o ke wɛleere saarem kaanem dem. Kaanem tu wom wó ke konto se o le kaane wom digiru tem Wɛ yiga ne. Kaane wom laam wó ba o kwɛ mo de o digiru tem.”",https://www.bible.com/bible/3661/LEV.12.KBG
CHULLU 13,"Yera jaweero taane
1 Baŋa Wɛ déem ta ma ta Moses dedaane Aron o we, 2“Wolo ná maane we wo-zwanno zaŋe o yera ne, naa o yera yam ná birigi, naa ya-tora mo jege‑o, ye ko ná jigi jawe-chɛɔ kolo na lɔgese nɔɔna to, se ba ja kotu ba vo Aron naa o dwi tu na ye kaanem tu to tei. 3Kaanem tu wom maa wó nii kotu ŋɔne dem zii. Koro telo na wo de jei sem ni ne to ná peere, ye jei sem ná nye se peini gwoŋo se dwoni o yera yam mɛ na gilimi da to, ko ye jaweo kolo na lɔgese nɔɔna to mo. Kaanem tu wom ná nii o na konto, o wó pa ko nwoŋi pwooni ne we kotu wo maŋe de chullu tem kikia. 4Ŋɔne dem nam ná ye ŋɔn-pwona, ye jei sem ba nye se peini gwoŋo se ko dwoni o yera yam mɛ na gilimi-de to, ye de ni koro tem de ná wo peere, kaanem tu wom wó pa se ba pe kotu mo dáa dáa o yerane se ko yi da yarepɛ. 5Da yarepɛ dɛ dem ná yia, kaanem tu wom wó jwoori o fɔge o nii nɔɔno wom yera maama mo zii. O ná nii o na we ŋɔne dem wo leiri, ye de ta wo jage o yera jei sedwonna ne, o ta wó pa se ba pe kotu mo da yarepɛ ba woli da. 6Da yarepɛ yam konto ná ti, ye o ná jwoori o nii kotu pa se o na we ŋɔne dem wora de jia mo se de wo jage o yera yam ne, kaanem tu wom wó pa se ko nwoŋi pwooni ne we kotu maŋe dedaane chullu tem kikia, ŋɔne dem na dae jawe-chɛɔ to ŋwaane. Nɔɔno wom konto wó zare o gwaaro mo se o laam maŋe de chullu tem kikia.
7Kaanem tu wom nam ná pɛ se ko nwoŋi pwooni ne we nɔɔno maŋe de chullu tem, ye ko kwaga seeni kotu ŋɔne dem jage o yera yam maama ne, o jege se o jwoori o vo kaanem tu wom tei mo se o nii‑o. 8Kaanem tu wom wó jwoori o fɔge o nii nɔɔno wom yera yam zii. O ná maane we o ŋɔne dem seene de wora de jage mo, o wó pa se ko nwoŋi pwooni ne we nɔɔno wom wo maŋe dedaane chullu tem. Ko ye jawe-chɛɔ kolo na lɔgese nɔɔna to mo jege‑o.
9Wolo ná jege jawe-chɛɔ kolo na lɔgese nɔɔna to o yera yam ne, se ba ja kotu ba vo kaanem tu tei. 10Kaanem tu wom ná maane we ko ye wo-zɔŋɔ mo ye ko peere pa se ko ni koro tem de peere, ye mwara ná wo ko wone, 11jaweo kom ye jawe-chɛɔ kolo dwi na ba jia to mo. Kaanem tu wom wó pa se ko nwoŋi pwooni ne we kotu wo maŋe de chullu tem kikia. Ko dae se ba pe‑o ba ke dáa ne, ko na maŋe ko bere jaja we o wo maŋe de chullu tem to ŋwaane.
12Nɔɔno wolo ná jege jaweo o yera yam ne, ye ko ná jage ko yi o yera yam maama pa se kaanem tu maane ko na ye tei, ko zege o yuu ne ko tu o napera ne, 13kaanem tu wom mo wó fɔge o nii kotu yera yam maama zii, ye jaweo kom ná seene ko kwoli ya maama, o wó pa se ko nwoŋi pwooni ne we kotu maŋe de chullu tem mo. Kokuri to, o yera yam maama ná peere, ko bere we o maŋe de chullu tem mo. 14Kotu yera yam nam ná jwoori ya mage pwooru pa se mwara zo, ko bere we o wo maŋe de chullu tem. 15Kaanem tu wom ná fɔge o nii‑o zii, ye o ná nɛ pwooru o yera ne de mwara, o wó pa ko nwoŋi pwooni ne we kotu wo maŋe de chullu tem mo. Ko bere we ko seene ko ye jawe-chɛɔ kolo na lɔgese nɔɔna to mo pa se nɔɔno wom wo maŋe de chullu tem. 16O ŋɔne dem nam ná jei ye jei sem peere, kotu wó jwoori o vo kaanem tu wom tei mo. 17Kaanem tu wom de wó jwoori o fɔge o nii‑o zii. O ná maane we jei sem seene se peere, o laam wó pa se ko nwoŋi pwooni ne we nɔɔno wom laam maŋe de chullu tem kikia. Chega to, kotu seene o kwɛ o maŋe de chullu tem mo.
18Nɔɔno ná jege ŋɔn-pwona o yera ne ye ka laam ba ka jei, 19o ta ná maane we jei sem konto ne woŋo daa ŋone mo ye ko peere, naa ko ná seene, o jege se o ja o tete mo o vo kaanem tu tei o bere‑o. 20Kaanem tu wom maa wó nii kotu yera yam zii. Ŋɔne dem jei sem ná nye se tiŋi gwoŋo se dwoni o yera yam mɛ na gilimi da to, ye koro telo na wo de jei sem ni ne to ná peere, o wó pa ko nwoŋi pwooni mo we nɔɔno wom wo maŋe de chullu tem kikia. Ko bere we ko ye jawe-chɛɔ mo na bobo ŋɔn-pwona kam jei sem ne. 21Kaanem tu wom nam ná nii o na we koro tem wo peere, ye jei sem de ba nye se tiŋi gwoŋo, ye o ta ná maane we ŋɔne dem wora de jia, o wó pe kotu o yage dáa dáa o yerane mo da yarepɛ. 22Wo-zɔŋɔ kom ná jage kotu yera yam ne, kaanem tu wom wó pa se ko nwoŋi pwooni ne we kotu wo maŋe de chullu tem mo. Ko ye jaweo kolo na lɔgese nɔɔna to mo. 23Se wo-zɔŋɔ kom nam ná ba leira ye ko wo jage o yera yam ne, ko ye kalɔŋɔ mo ŋɔn-pwona kam na ke ka daare to. Kaanem tu wom wó pa ko nwoŋi pwooni ne we kotu maŋe de chullu tem kikia.
24Mini ná di wolo yera yam ye jei sem ya-nɔna yam ná peere naa ya ná ye nasoŋ-pupwiu, 25se kaanem tu nii kotu zii. Koro telo na wo ŋɔne dem ni ne to ná peere, ye jei sem de ná nye se tiŋi gwoŋo, ko bere we ko ye jawe-chɛɔ kolo na lɔgese nɔɔna to mo bobo ŋɔne dem wone konto. Kaanem tu wom wó pa se ko nwoŋi pwooni ne we kotu wo maŋe de chullu tem kikia. 26Ko daare, kaanem tu wom ná nɛ we koro telo na wora to wo peere, ye jei sem de ba nye se tiŋi gwoŋo, ye o ta ná maane we ŋɔne dem wora de jia, o wó pe kotu mo dáa ne da yarepɛ. 27Da yarepɛ dɛ dem ná yia, se kaanem tu wom jwoori o nii‑o zii. O ná maane we jaweo kom jage kotu yera yam ne, o wó pa ko nwoŋi pwooni ne we o wo maŋe de chullu tem. Kokuri, ko seene ko ye jawe-chɛɔ kolo na lɔgese nɔɔna to mo jege‑o. 28Jaweo kom nam ná wo jage ye ŋɔne dem ná lage de jei, ko bere we ko ye kulu mo zaŋe zwɛɛm dem kwaga ne. Kaanem tu wom wó pa se ko nwoŋi pwooni ne we kotu maŋe de chullu tem. Kokuri, ko ye ŋɔn-lɔŋɔ mo mini na zwɛ ko daare to.
29Baaro naa kaane wolo ná jege ŋɔne o yuu ne naa o titwoga ne, 30kaanem tu mo wó fɔge o nii-de zii. O maa ná maane we ŋɔne dem nye de tiŋi gwoŋo de dwoni o yera yam mɛ na gilimi da to, ye koro telo na wora to ná ye ko-memene ye te ke nenɛɛne su-muni dwoŋi tei, o wó pa se ko nwoŋi pwooni ne we kotu wo maŋe de chullu tem kikia. Jaweo kom konto nye de sankwɛ mo na jaane nɔɔno yuu naa o titwoga. Ko maa ye jawe-chɛɔ na wae ko lɔgese nɔɔna to. 31Kaanem tu wom nam ná nɛ we ŋɔne dem ba nye de tiŋi gwoŋo, ye koro-zwonnu de tere jei sem ne, o wó pe kotu mo o ke dáa dáa o yerane da yarepɛ. 32Da yarepɛ dɛ dem ná yia, se kaanem tu wom daa nii kotu ŋɔna yam zii. O ná nɛ we ya wo jage o yera yam ne, ye koro tem ba jege su-muni nyenyego, ye jei sem de maa ba nye se tiŋi gwoŋo, 33o wó pa se ba cheeri kotu yuu mo, se ba daare ba gigili ŋɔne dem jei ba yage. Kaanem tu wom ta wó pe kotu dáa dáa mo o yerane da yarepɛ o woli da. 34Da yarepɛ yam konto ná kɛ, kaanem tu wom daa wó fɔge o nii ŋɔne dem mo. De ta ná wo jage o yera yam ne, ye jei sem de ba moora, o laam wó pa se ko nwoŋi pwooni ne we kotu maŋe de chullu tem mo. Nɔɔno wom maa wó zare o gwaaro se o laam maŋe de chullu tem. 35Ba ná pɛ se ko nwoŋi pwooni ne we wolo maŋe de chullu tem, ye ba laam ba ba maane we o ŋɔne dem jage mo de vei yiga, 36kaanem tu wom daa wó fɔge o nii kotu yera yam mo zii. O ŋɔne dem nam ná seene de jage o yera yam ne mo, ko daa dae se o lɔre koro tem na ye tei to, se ko bere jaja we kotu wo maŋe de chullu tem mo konto. 37Se kaanem tu wom ná boŋe we ŋɔne dem maŋe de jeiga kam ne, ye koro-zwonnu jwoori te wo jei sem ne, ko bere we sankwɛ sem jei mo. O maa wó pa se ko nwoŋi pwooni ne we kotu maŋe de chullu tem.
38Baaro naa kaane wolo ná nɛ we o yera jei selo ke pwae ye ko nyeena, 39kaanem tu wó nii jei sem konto zii. Ko ná yɔɔre ko peere fee mo, ko bere we ko ye ya-tora yerane mo. Kotu maŋe de chullu tem kikia.
40-41Yu-kapworo tu maŋe de chullu tem. Wolo yuu ná fane ko tete ne, naa o kolɔgɔ seeni, kotu maŋe de chullu tem. 42Ŋɔne nam ná wo kotu yuu ne mɛ yu-ywei na tera to, ye de sena, de ye nasoŋ-pupwiu de woli da, ko bere we ko ye jawe-chɛɔ kolo na lɔgese nɔɔna to mo konto. 43Kaanem tu wom wó fɔge o nii kotu zii mo. O maa ná nɛ we ŋɔne dem seene de ye nasoŋo, nenɛɛne jaweo kolo na lɔgese nɔɔna to, 44ko bere we jawe-chɛɔ mo jege nɔɔno wom konto, pa se o wo maŋe de chullu tem. Kaanem tu wom wó pa se ko nwoŋi pwooni ne we o wo maŋe de chullu tem mo, ŋɔne delo na wo o yuu ne to ŋwaane.
45Jawe-chɛɔ ná wo wolo maama yera ne, kotu wó taa zoore gare-zenzwara mo, ye o yage o yuu se ko vugimi. O laam maa wó yeini o kwei o je o kwoli o yibia ye o tɔɔle de kwor-dɛa we, ‘Amo wo maŋe de chullu tem ywoo!’ 46Jaweo kom ná lwoori ko wo o yera ne, o ta wo maŋe de chullu tem. Kotu wó taa zoore o yerane mo dáa dáa, se o yé twɛ de abam na zoore mɛ to.
Gelangɔɔro taane na wó taa ye tei to
47-49Nɔɔno wolo ná maane we gelangɔɔro wo o gɔrɔ yera ne, kotu jege se o ja-ko mo o vo o bere kaanem tu. Gɔrɔ kom ná ye pei koro mo ba mɛ ba sɔ-ko, naa ko ye gare-fefale naa tankɔlɔ mo, ye ko ná maŋe ko ye gare-yi de, ko maama ye bedwe mo. Gelangɔɔro ná wora ye ko ná seene, naa ko jege sa-nyoa nyenyego, ko bere we ko ye kolo dwi na wae ko jage ko ke wonnu tedwonna yera ne to mo. 50Kaanem tu wom wó nii gɔrɔ kom konto zii, ye o daare o pe-ko o tiŋi dáa ne da yarepɛ. 51Da yarepɛ dɛ dem ná yia, se o jwoori o fɔge o nii gɔrɔ kom, naa woŋo kolo gelangɔɔro na wo ko yera ne to. O ná nɛ we gelangɔɔro jei sem jage mo, ko bere we ko ye jawe-chɛɔ kolo na dana to. Woŋo kom seene ko wo maŋe de chullu tem. 52Ko jege se kaanem tu wom zwɛ gɔrɔ kom mo kula, jaweo kom na wae ko lɔgese wonnu tedwonna ko chɔge to ŋwaane.
53Kaanem tu wom nam ná nii gɔrɔ kom naa tankɔlɔ kom, ye o maane we gelangɔɔro tem wo jage ko yera ne, 54o wó pa ni mo se ba zare-ko, se ba daare ba tiŋi-ko dáa ne da yarepɛ ba woli da. 55Ba ná ke konto, o daa ta wó nii-ko mo. O maa ná nɛ we gelangɔɔro kom wo jage, ye ko nyenyego kom ta wo leiri, woŋo kolo yera ne jaweo kom konto na wora to wo maŋe de chullu tem. Ko jege se ba zwɛ-ko mo. Ko ná maŋe ko biini ko yiga ne, naa ko kwaga ne de, ko maama ye bedwe mo.
56Ba nam ná zare gɔrɔ kom ba daare, ye kaanem tu wom ná nii o na we jaweo kom wora ko jia, o wó kaare ko jei sem mo o yage o daare gɔrɔ kom naa tankɔlɔ kom. 57O nam ná ke konto, ye gelangɔɔro tem ta ná jwoori ko nae gɔrɔ kom yera ne, naa tankɔlɔ kom yera ne mo, ko bere we jaweo kom lage ko jage mo. Ba jege se ba zwɛ woŋo kolo gelangɔɔro na wo ko yera ne to mo. 58Ba nam ná zare gɔrɔ kom, ye jaweo kom ná seene ko nwoŋi ko yera ne, ba ta wó jwoori ba zare-ko se ko laam maŋe de chullu tem kikia.”
59Wɛ nia yanto wora se á ta‑á yei gelangɔɔro totoŋa ni ne, nenɛɛne ko ná jege gɔrɔ naa tankɔlɔ kolo maama yera ne, se á lɔre á na wó ke tei á pɔɔre kolo na maŋe de chullu tem to de kolo na wo maŋe de-te to daane.",https://www.bible.com/bible/3661/LEV.13.KBG
CHULLU 14,"Yera jaweero kwɛɛm chullu
1 Baŋa Wɛ ma ta de Moses o we:
2“Nɔɔno yera jaweo ná ti ye kotu lage se o kwɛ o tete de chullu tem, ba jege se ba ke tento mo. Dɛ dem konto ne ba wó ja‑o ba yi kaanem tu wom tei mo. 3Kaanem tu wom wó nwoŋi kɔ-fɔrɔ kom na zoore mɛ to o vo o yi‑o dáa dáa se o fɔge o nii nɔɔno wom zii. Kotu jaweo kom ná seene ko jei, 4kaanem tu wom maa wó pa ni se ba ja zuna balei na maŋe de chullu tem ye ba ta ŋwe to, de Sedare daa dedoa, de gare-ŋon-seŋa, de Husopa vɔɔro ba ba ba pa‑o, se o ma-te o kwɛ nɔɔno wom. 5O ta wó pa ba ba mɔ buli yi na-doora ba daare ba lwo-ba kikeira wone. Ba laam maa wó gwoni zuŋa kam dedoa ba kikeira kam baŋa ne. 6Kaanem tu wom laam wó kwei zuŋa kalo ta na ŋwe to, de Sedare daa kam, de gare-ŋon-seŋa kam, de Husopa vɔɔro tem maama o de-te zuŋa kalo ba na go to jana bam wone. 7O maa wó miisi jana bam mo nɔɔno wolo na lage kwɛɛm to yera ne kuni berepɛ, se o daare o ta se ko nwoŋi pwooni we nɔɔno wom maŋe de chullu tem. O laam wó yage zuŋa kalo na ŋwe to mo pwola ne se ka jaane ka viiri.
8Nɔɔno wolo na lage kwɛɛm se o maŋe de chullu tem to nam ye se o zare o gwaaro mo, ye o cheeri o yuu maama, o daare o swɛ yera. Konto bere we o laam seene o kwɛ de chullu tem mo. O jege chwoŋa se o jwoori o zo kɔ-fɔrɔ kom wone, se o nam ba jege se o zo o vwei dem wone se ko ke da yarepɛ. 9Da yarepɛ dɛ dem ná yia, se o fane o yera koro de o ywei maama nywa! Ko maa ye o yu-ywei, de o twana, de o yi-kunnu tem mo. O laam maa wó zare o gwaaro ye o daare o swɛ o yera. Konto bere we o laam kwɛ mo o maŋe de chullu tem.
10Da nana dɛ dem ná yia, se nɔɔno wom laam ja pi-bale selei de pi-choa dedoa na jege bene, ye te ba jege gɛɛ te yera ne to o ba ware-jei sem ne. O ta wó woli mun-bwei bwɛ seredo na viiri de Olivi nuga to se ko taa ye wodiu pɛɛre. O nam ta wó ja nuga kabɔɔ dedoa o woli da o ba. 11Kaanem tu wolo na lage o kwɛ‑o to maa wó ja nɔɔno wom de o pɛɛra yam o vo wara-vwei dem ni ne se ba jeeri Baŋa Wɛ yiga ne. 12Kaanem tu wom laam wó kwei pi-bale sem dedoa o woli de nuga kabɔɔ kom ye o daare o zeiŋi-te wɛɛne, se o ma o ke wɛleere jene kaanem o pa Baŋa Wɛ nɔɔno wom ŋwaane. 13O maa jege se o gwoni pi-bala kam konto ba wara-jei sem ne, mɛ ba na yeini ba go wɛleere saarem vara de zwɛɛm kaanem vara da to. Pɛɛre dem na ye wɛleere jene kaanem to, pia kam ye Wɛ kaanem tu wom nyem mo, ne wɛleere saarem vara de na ye tei to. Pɛɛre dem konto tiini de ye wose mo. 14Kaanem tu wom laam wó kwei wɛleere jene kaanem pia kam jana bam badwonna, ye o taŋe-ba wolo na lage kwɛɛm to jazem zwɛ dem ne, de o jazem no-kweo kom, dedaane o jazem namimbu-kweo kom ne. 15O ta wó pwori kabɔɔ kom wo nuga kam o ke o tete jagwia ja-bɔŋɔ wone. 16O laam wó ma o jazem noa o laŋe nuga kam, ye o miisi-ka kuni berepɛ Baŋa Wɛ yiga ne. 17O ta wó kwei nuga kam na daare o ja-bɔŋɔ ne to o ma o taŋe wolo na lage kwɛɛm to jazem zwɛ dem, de o jazem no-kweo kom, dedaane o jazem namimbu-kweo kom, se ko woli de pia kam jana bam na maŋe ba taare da to. 18O laam jege se o kwei nuga kalo na daare o ja-bɔŋɔ ne to mo o lwo nɔɔno wom yuu ne. Kaanem tu wom wó toŋe konto mo se o le nɔɔno wom digiru Baŋa Wɛ yiga ne.
19Ko kwaga ne se kaanem tu wom kwei pi-choa kam o ma o ke wɛleere saarem kaanem wolo na lage kwɛɛm de o digiru tem to ŋwaane. O daa ta wó daare o go pi-bala kalo na daare to o ma o ke zwɛɛm pɛɛre kaanem dem. 20O laam wó kwei-ka o woli de wodiu pɛɛre dem o zwɛ-te kaanem dakaa kam baŋa ne. Kaanem tu wom jege se o tɔge chwoŋa kam konto mo o le nɔɔno wom digiru Wɛ yiga ne pa se o maŋe de chullu tem.
21Yiniga nam ná jege nɔɔno wom ye o ware pɛɛra yam maama o yi, se kotu ja pi-bala dedoa o ba se ba zeiŋi-ka wɛɛne ba ma ba ke wɛleere jene kaanem o ŋwaane. O ta wó woli mun-bwei bwɛ selei na viiri de nuga to se ko taa ye wodiu pɛɛre. O ta wó ja nuga kabɔɔ dedoa o woli da o ba. 22Kotu nam ta wó kwei kunkwona balei naa kunkwon-puura balei se ko maŋe de o dam na wae tei to. Ba wó kwei ba dedoa ba ke wɛleere saarem kaanem, se kadwoŋi kam taa ye zwɛɛm kaanem ŋwaane. 23Da nana dɛ dem ne nɔɔno wom wó ja wonnu tem konto o vo wara-jei sem ni ne o pa kaanem tu wom, se o wane o kwɛ o tete Baŋa Wɛ yiga ne. 24Kaanem tu wom wó kwei pi-bala kam na wora wɛleere jene kaanem ŋwaane to o woli de nuga kabɔɔ kom ye o daare o zeiŋi-te wɛɛne, se te taa ye pɛɛre te pae Baŋa Wɛ. 25O ta wó gwoni wɛleere jene kaanem pi-bala kam ba, ye o daare o kwei ka jana bam badwonna o taŋe-ba wolo na lage kwɛɛm to jazem zwɛ dem ne, de o jazem no-kweo kom, dedaane o jazem namimbu-kweo kom mo. 26O ta wó pwori kabɔɔ kom wo nuga kam mo o ke o tete jagwia ja-bɔŋɔ wone. 27O maa wó ma o jazem noa o laŋe nuga kam, ye o miisi-ka kuni berepɛ Baŋa Wɛ yiga ne. 28O ta wó kwei nuga kam na daare o ja-bɔŋɔ kom ne to o ma o taŋe wolo na lage kwɛɛm to jazem zwɛ dem ne, de o jazem no-kweo kom, dedaane o jazem namimbu-kweo kom, ne o na maŋe o ke tei de pia kam jana bam to. 29O laam jege se o kwei nuga kalo na daare o ja-bɔŋɔ ne to mo o lwo nɔɔno wom yuu ne, se o le kotu digiru Baŋa Wɛ yiga ne. 30Kaanem tu wom laam maa wó kwei kunkwona bam, ne nɔɔno wom na wane kolo o ja o ba to. 31O maa wó kwei ba dedoa o ma ke wɛleere saarem kaanem, ye o daare o ma kadwoŋi kam o ma ke zwɛɛm pɛɛre kaanem. O laam wó kwei wodiu pɛɛre dem o woli da o ke kaanem o pa Baŋa Wɛ. Kaanem tu wom jege se o tɔge chwoŋa kam konto o le nɔɔno wom digiru Wɛ yiga ne pa se o maŋe de chullu tem mo.”
32Wɛ nia yanto wora se á ta‑á yei nɔɔno wolo jawe-chɛɔ na jege‑o o yera ne ye ko ba ko jei to ni ne mo. Kotu ná lage kwɛɛm se o maŋe de chullu tem ye o ware se o yi pɛɛra yam chekke, o na jege se o ke tei to mo konto.
Nɔɔna sam ná kokɔŋe
33 Baŋa Wɛ daa ma ta Moses de Aron o we:
34“Abam ná zo Kanaan tega kam wone, mɛ a na lage a pa abam se a ta‑á tei to, ye amo ná pɛ se jaweo jage á sɔŋɔ kolo kabiri ne pa se ko kokɔŋe, 35se sɔŋɔ kom konto tu vo kaanem tu tei o ta o bere‑o we, ‘A maane we a sɔŋɔ kabiri sem jege jaweo, nenɛɛne ko lage ko kokɔŋe mo tei.’ 36Kaanem tu wom maa wó pa ni se ba lu sɔŋɔ kom zela maama ba ja ba nwoŋi pwooni se o wane o vo o nii-ko zii. Ba ná wo ke konto, zela yalo maama na wo sɔŋɔ kom wone to de wó taa jege digiru Wɛ chullu tem seeni. Kaanem tu wom laam wó vo o zo sɔŋɔ kom wo, 37se o nii ko kabiri sem na ye tei to. O ná nɛ we jaweo mo wora ye ko nyenyego ye nasen-sena, naa ko nye de sa-nyoa, ye ko jei sem ná moore se dwoni ba na fɔge kabiri sem mɛ seeni to, 38o laam wó nwoŋi sɔŋɔ kom ne mo ye o pa se ba pe-ko ba zege da yarepɛ. 39Da yarepɛ dɛ dem ná yia, kaanem tu wom wó jwoori sɔŋɔ kom ne mo se o daa nii-ko. O ná nɛ we jaweo kom laam jage mo kabiri sem yera ne, 40se o pa ni se ba le sɔŋɔ kom kandwa yalo jaweo kom na jege to, naa ya seene to, se ba ja-ya ba nwoŋi teo kom wone ba vo ba dole ba yage jeiga kalo ba na pɔɔre wo-zɔɔna ŋwaane to. 41Ba laam wó kɔgese sɔŋɔ kom wo kabiri sem mo se ba ja-te ba vo ba dole ba yage jeiga kalo ba na pɔɔre wo-zɔɔna ŋwaane to. 42Ba ta wó beeri kandwa yadwonna se ya leiri boboa nyena yam yuu ne, ye ba jwoori ba kwei teero ba ma fɔge kabiri sem ba zege.
43Ba ná le sɔŋɔ kom konto kandwa, ye ba kɔgese-ko, ba daare ba jwoori ba fɔge-ko, ye ko kabiri sem ta ná kokɔŋe, 44kaanem tu wom daa wó vo o nii sɔŋɔ kom mo. O ná maane we jaweo kom ta jage sɔŋɔ kom kabiri sem ne maama, ko bere we ko ye jawe-chɛɔ mo, pa se sɔŋɔ kom konto wo maŋe de chullu tem. 45O laam wó pa se ba de-ko tega ne. Ba maa wó chwooli ko kandwa maama, de ko dɛ maama, de ko teero maama ba vo ba dole ba yage jeiga kalo ba na pɔɔre wo-zɔɔna ŋwaane to. 46Ba nam ná pe sɔŋɔ kom konto ye nɔɔno ta ná zo ko wone, konto tu wó taa jege digiru Wɛ chullu tem seeni se ko yi dedaan-ni maŋa. 47Wolo de nam ná peini ko wone, naa o ná di wodiu ko wone, kotu jege se o zare o gwaaro mo.
48Ba nam ná jwoori ba fɔge sɔŋɔ kom kabiri sem, ye kaanem tu wom ná yi da o nii o na we jaweo kom wo jwoori ko jage jei jei, o laam wó ta se ko nwoŋi pwooni mo we sɔŋɔ kom maŋe de chullu tem. Kokuri to, jaweo kom ti maama. 49Kaanem tu wom jege se o kwei zuna balei, de Sedare daa, de gare-ŋon-seŋa, de Husopa vɔɔro mo se o ma o kwɛ sɔŋɔ kom se ko maŋe de chullu tem. 50O ta wó pa ba ba mɔ na-doora buli-yi ne ba daare ba lwo-ba kikeiri wone, se o daare o gwoni zuŋa kam dedoa ba kikeira kam baŋa ne. 51O laam wó kwei Sedare daa kam, de Husopa vɔɔro tem, de gare-ŋon-seŋa kam, de zuŋa kalo ta na ŋwe to mo, o de te maama zuŋa kalo ba na go to jana bam na viiri de na-doora bam to wone. O jege se o kwei tento maama o ma o miisi jana bam sɔŋɔ kom kabiri sem ne kuni berepɛ. 52Kaanem tu wom wó tɔge chwoŋa kam konto o ma zuŋa kam jana bam, de na-doora bam, de zuŋa kakam kam, de Sedare daa kam, de Husopa vɔɔro tem, de gare-ŋon-seŋa kam maama o kwɛ sɔŋɔ kom. 53O laam maa wó ja zuŋa kalo na ŋwe to o nwoŋi teo kom daa ne, ye o yage-ka pwola ne se ka jaane ka viiri. Ko wó tɔge chwoŋa kam konto mo se kaanem tu wom ke kaanem sɔŋɔ kom ŋwaane, se ko wane ko maŋe de chullu tem.”
54-56Wɛ nia yanto wora se abam ta‑á yei yera jawe-chɛɛro telo na lɔgese nɔɔna to, de ya-tora, de wo-zwanno, de sankwɛ, de ŋɔn-pwei ni ne mo. Ya ta wora gwaaro telo na ke gelangɔɔro to ŋwaane, de sam delo kabiri na kokɔŋe to ŋwaane. Ya ta wora wo-ŋonno, de yera bibeilim, de yera foosem ŋwaane mo. 57Á wó tɔge nia yanto mo á pɔɔre wonnu telo na maŋe de chullu tem to dedaane telo na jege digiru ye te wo maŋe to daane.
Nia yanto mo bere jaweero telo na wae te lɔgese nɔɔna to chullu tem.",https://www.bible.com/bible/3661/LEV.14.KBG
CHULLU 15,"Nɔɔna yera na nwoŋim chullu
1 Baŋa Wɛ ma ta de Moses dedaane Aron o we:
2“Ta de Isarele tiina bam we: Baaro ná weele o peini ne pa se na nwoŋa de ni ne, na bam konto pae se o wo maŋe de chullu tem. 3Kotu peini dem na bam ná yɔɔre ba nwoŋi mo naa ba ná kɔge de, o ta jege digiru Wɛ chullu tem seeni mo.
4Baaro wom konto na wó taa tigi woŋo kolo baŋa ne to, de o na wó jeini kolo maama baŋa ne to de dɛ te digiri mo. 5Wolo maama ná dwei woŋo kolo baŋa ne nɔɔno wom na tigi to, se kotu zare o gwaaro. O ta wó swɛ o yera mo, se dedaan-ni maŋa ná yia, se o laam kwɛ de chullu tem. 6Wolo maama de ná jeini kotu na jeini woŋo kolo baŋa ne to, se o zare o gwaaro. O ta wó swɛ o yera mo, se dedaan-ni maŋa ná yia, se o laam kwɛ de chullu tem.
7Ko ta ye bedwe mo de nɔɔno ná dwei baaro wolo peini ni na nwoŋi na to. Kotu de jege se o zare o gwaaro ye o daare o swɛ o yera, se dedaan-ni maŋa ná yia, se o laam kwɛ de chullu tem. 8Baaro wom ná twe lileeru pa se te dwei wolo, kotu de jege se o zare o gwaaro mo ye o swɛ o yera, se dedaan-ni maŋa ná yia, se o laam kwɛ de chullu tem.
9Baaro wom na dɔge gɔrɔ kolo naa pɔlɔ kolo baŋa ne to de digiri mo. 10Wolo ná dwei woŋo kolo maama baaro wom na dɔge ko baŋa ne to, kotu de digiri Wɛ seeni mo se ko yi dedaan-ni maŋa. Wolo de ná zeŋe woŋo konto dwoŋi, o jege se o zare o gwaaro mo ye o swɛ o yera, se dedaan-ni maŋa ná yia, se o laam kwɛ de chullu tem.
11Baaro wolo peini ni na nwoŋi na to ná wo sane o je ye o dwei wolo maama, se o zare o gwaaro o daare o swɛ o yera, se dedaan-ni maŋa ná yia, se o laam kwɛ de chullu tem.
12Baaro wom ná dwei kamɔgɔ woŋo kolo maama, ba jege se ba lɔ-ko mo ba dole ba yage. Ko nam ná ye daa zoŋa se ba zare-ka.
13Baaro wom peini ni daa ná ba nwoŋi na, se o cheigi da yarepɛ se o kwɛ o tete de chullu tem. O jege se o zare o gwaaro mo, ye o daare o mɔ na-doora buli-yi ne o swɛ o yera. O ná ke konto, o laam wó maŋe de chullu tem. 14Da nana dɛ dem ná yia, se o kwei kunkwona balei naa kunkwon-puura balei o ja o vo wara-jei sem ni ne o pa kaanem tu wom, se o wane o kwɛ o tete Baŋa Wɛ yiga ne. 15Kaanem tu wom maa wó kwei kunkwoŋa dedoa o ma o ke wɛleere saarem kaanem. O ta wó ma kadwoŋi kam o ke zwɛɛm pɛɛre kaanem mo. O jege se o ke konto mo se o le nɔɔno wom digiru Baŋa Wɛ yiga ne pa se o kwɛ de chullu tem o yera na nwoŋim ŋwaane.
16Baaro nywanno ná nwoŋi yɔɔ, se o swɛ o yera yam maama, se dedaan-ni maŋa ná yia, se o laam kwɛ de chullu tem. 17Gɔrɔ kolo, naa tankɔlɔ kolo ná dwei kotu nywanno tem, se o zare-ko. Ko de digiri Wɛ seeni se ko yi dedaan-ni maŋa mo. 18Baaro de o kaane ná peini daane ba ti, se ba maama swɛ ba yera, se dedaan-ni maŋa ná yia, se ba laam kwɛ de chullu tem.
19Kaane ná jege o chana wone zarem o ke, o bá maŋe de chullu tem se ko yi da yarepɛ. Wolo nam ná dwei‑o yanto da yam ne, kotu de wo maŋe de chullu tem mo. 20Da yam konto wone kaane wom na tigi woŋo kolo baŋa ne to, de o na wó jeini kolo maama baŋa ne to de wo maŋe de chullu tem. 21Wolo maama ná dwei kaane wom peiga jei, se kotu zare o gwaaro o daare o swɛ o yera, se dedaan-ni maŋa ná yia, se o laam kwɛ de chullu tem. 22Wolo maama de ná dwei kotu na jei woŋo kolo baŋa ne to, se o zare o gwaaro o daare o swɛ o yera, se dedaan-ni maŋa ná yia, se o laam kwɛ de chullu tem. 23Ko ná maŋe ko ye woŋo kolo maama kaane wom na jeini naa o tigi ko baŋa ne to mo de, ye wolo ná dwei-ko, kotu wo maŋe de chullu tem se ko yi dedaan-ni maŋa.
24Baaro nam ná peini ded‑o ya da yam wone, ye kaane wom kalugu jana bam ná dwei‑o, kotu de dɛ o wo maŋe de chullu tem mo se ko vo ko yi da yarepɛ. Da yam konto wone o na wó peini woŋo kolo maama baŋa ne to de digiri de chullu tem mo.
25Kaane wolo jana bam nam ná nwoŋi konto dwoŋi, ye ko dae o chana wone zarem da yam wone, naa jana bam nwoŋim ná gaale de da yam na yeini ya ye tei to, kotu de bá maŋe de chullu tem da yam konto maama wone. Ko ta ye bedwe de o zarem dem ná tɔge chwoŋa ye o wo maŋe de chullu tem tei to mo. 26Da yam konto wone, woŋo kolo maama baŋa ne kaane wom na wó peini, naa o na wó jeini to de dɛ te digiri mo, ne ko na ye tei o chana wone zarem da yam ne to. 27Wolo ná dwei wonnu tem konto, se kotu zare o gwaaro ye o daare o swɛ o yera, se dedaan-ni maŋa ná yia, se o laam kwɛ de chullu tem.
28Kaane chana zarem ná ti, se o cheigi da yarepɛ se o laam kwɛ o tete de chullu tem. 29Da nana dɛ dem ná yia, se o kwei kunkwona balei naa kunkwon-puura balei o ja o vo wara-jei sem ni ne o pa kaanem tu wom. 30Kaanem tu wom maa wó kwei kunkwoŋa dedoa o ma o ke wɛleere saarem kaanem. O ta wó ma kadwoŋi kam o ke zwɛɛm pɛɛre kaanem mo. O jege se o ke konto mo se o le kaane wom digiru Baŋa Wɛ yiga ne pa se o kwɛ de chullu tem o chana zarem ŋwaane.
31Á wó pa se Isarele tiina bam taa tɔge chwei sem konto se ba pɔɔre ba tete de wonnu telo na wae te pa se ba digiri ba tete de chullu tem to. Ba ná wo ke konto, ba wó digiri amo wara-jei sem na wo ba tetare ne to, pa se ba tɔge keim dento baŋa ne ba te.”
32Wɛ nia yanto wora se abam ta‑á yei baaro wolo na digiri de chullu tem o peini ni na nwoŋim ŋwaane to, de wolo na digiri o nywanno nwoŋim ŋwaane to ni ne mo. 33Ya ta wora se á ta‑á yei kaane wolo na wo o chana zarem maŋa ne to, de balo maama na jege digiru ba yera na nwoŋim ŋwaane to ni ne, ba ná maŋe ba ye baara naa kaana mo de. Ya ta wora se á ta‑á yei baaro wolo na wó peini de kaane o chana zarem da yam ne to ni ne mo.",https://www.bible.com/bible/3661/LEV.15.KBG
CHULLU 16,"Wɛleera saarem dɛ dem totoŋa
1Aron bia balei na tege to kwaga ne Baŋa Wɛ déem ŋɔɔne dedaane Moses. Ba déem tega de ba na wo tɔge chwoŋa se ba twɛ Baŋa Wɛ yiga to ŋwaane mo. 2Baŋa Wɛ ma ta de Moses o we:
“Kaane n zembaaro Aron we, ko dae se o ná lage maŋa de maŋa kalo, se o zo amo di-yun-gala kam gare-jale dem na chege-ka to. O ná fe o zo se o twɛ amo ni-gwonim dakaa kam, o wó te mo, ko na ye jeiga kalo amo na yeini a veere a tete kunkwoŋo wone to ŋwaane. Wɛleera saarem ni-pugu kolo na pui ni-gwonim dakaa kam to baŋa ne mo konto.
3Aron nam ná yeini o zo amo wara-jei sem wone, se o ke tento: o wó kwei na-bala se o ma o ke wɛleere saarem kaanem, de pi-bala se o ma o ke zwɛɛm kaanem o ja o zo. 4O maa wó swɛ o yera ye o daare o zo Wɛ zula gare-laaro telo ba na mɛ gare-fefale ba sɔ to mo. Yiga to, o wó zo gare-dedɔrɔ kom dedaane gare-kuri-kukua kam se o daare o vɔ vovoa kam o teiŋa ne, ye o daare o kwei yuu gare-yi dem o ma ba o yuu kom. 5Isarele kɔ-fɔrɔ kom de wó le bo-bale selei mo ba pa Aron se o ma o ke wɛleere saarem kaanem ba ŋwaane. Ba ta wó pa‑o pi-bala se o ma o ke zwɛɛm kaanem.
6Aron maa wó kwei na-bala kam o ke wɛleere saarem kaanem se o le o tete lwarem de o diga tiina lwarem Wɛ yiga ne. 7O ta wó ja bone delei dem mo o vo wara-vwei dem ni ne o zege Baŋa Wɛ yiga ne. 8O jege se o ta jɔrɔ mo dáane se o lɔre boŋo kolo na wó taa ye Baŋa Wɛ nyem to, de kolo na wó toŋe Azazeli chulu to. 9Aron laam maa wó kwei boŋo kolo na ye Baŋa Wɛ nyem to o go o ma o ke wɛleere saarem kaanem. 10Ba nam wó kwei boŋo kolo na zege Azazeli chulu ŋwaane to ba pa Baŋa Wɛ ye ko ŋwe. Ba ta wó pa se ko le nɔɔna bam lwarem Wɛ yiga ne ye ba kwei-ko ba yage kagoa chwoŋa ne se ko viiri Azazeli chulu kom ŋwaane.
11Ko na jege se ko ke tei to, Aron wó ja na-bala kam o ba, se o kwei-ka o ma o ke wɛleere saarem kaanem se o le o tete lwarem de o diga tiina lwarem Wɛ yiga ne. O wó gwoni ka ba o go, 12ye o daare o kwei min-chala zoŋa, se o twoŋi mini Baŋa Wɛ kaanem dakaa kam baŋa ne o ke ka wone. O ta wó mɔ talwoŋ-ywoŋa jaguli-yia yalei, se o laam ja zoŋa kam de talwoŋ-ywoŋa kam o yɛɛre gare-jale dem o zo de yiga ne. 13O maa wó zege Baŋa Wɛ yiga ne, se o kwei talwoŋ-ywoŋa kam o daŋe min-chala yam baŋa ne. Nyoa laam wó guguli ka zaŋe ni-gwonim dakaa kam baŋa ne ka pe wɛleera saarem ni-pugu kom se o yé na-ko. O ná ke konto, o bá te. 14Konto kwaga ne, o laam wó de o noa mo na-bala kam jana wone, ye o miisi-ba Wɛleera saarem jei sem yiga ne. O ta wó miisi-ba kuni berepɛ mo ni-gwonim dakaa kam yiga ne.
15Aron ta wó go boŋo kolo na wora nɔɔna bam wɛleera saarem ŋwaane to mo, se o ja ko jana bam o zo gare-jale dem yiga ne. O wó kwei boŋo kom jana bam mo o miisi wɛleera saarem jei sem yiga ne, de dakaa kam yiga ne, nenɛɛne o ya na ke na-bala kam jana bam tei to. 16O jege se o tɔge chwoŋa kam konto mo o kwɛ Wɛ di-yun-gala kam se ko maŋe de chullu tem, Isarele tiina bam na tusi ye ba chɔge chullu tem de ba wɛleera yam to ŋwaane. O ta maa wó ke konto dwoŋi o kwɛ wara-vwei dem maama se de maŋe de chullu tem, de na wo Isarele tiina zoorem jei sem tetare ne ye ba yeini ba chɔge de chullu tem to ŋwaane. 17Aron nam ná zo Wɛ di-yun-gala kam wone se o le lwarem dem Wɛ yiga ne, nɔɔn-nɔɔno dae se o tɔge o zo wara-vwei dem wone. O wó maŋe da o yerane mo, o le o tete lwarem, de o diga tiina lwarem, de Isarele tiina kɔgɔ kom maama lwarem Wɛ yiga ne. 18O ná ke konto maama o ti, o nam ta wó nwoŋi o yi kaanem dakaa kam na zege Baŋa Wɛ yiga ne to se o kwɛ-ka se ka maŋe de chullu tem. O wó kwei na-bala kam de boŋo kom jana mo o ma o taare dakaa kam nyea yana yam. 19O laam maa wó de o noa jana bam wone o kwei-ba o miisi kuni berepɛ dakaa kam baŋa ne, se o ma o kwɛ-ka o jwoori o ke Wɛ jeŋa ne, Isarele tiina bam na tusi ye ba chɔge chullu tem to ŋwaane.
20Aron nam ná kwɛ Wɛ di-yuu kom, de wara-vwei dem maama, de kaanem dakaa kam o ti, se o laam ja boŋo kolo na wora Azazeli chulu kom ŋwaane ye ko ta ŋwe to o nwoŋi o zege. 21O laam wó kwei o je selei o daŋe boŋo kom yuu ne mo, se o daare o bore Isarele tiina bam zwabania kikia de ba wɛleera maama, o yage ko yuu ne. Ba wó le nɔɔno mo chulu totoŋe dem konto ŋwaane, se o vaŋe-ko o vo o yage kagoa ne. 22Boŋo kom wó zeŋe Isarele tiina wɛleera yam maama ko ja ko vo kagoa yuu ne, se nɔɔno wom laam bwoli-ko se ko viiri.
23Aron laam wó jwoori o zo wara-vwei dem wone, se o lɔɔre gare-laaro telo o ya na lɛ-te ye o zo Wɛ di-yuu kom wone to. O maa wó yage-te vwei dem wone. 24Ko kwaga ne, o wó zege jei selo na ye wose to ne mo o swɛ o yera, ye o daare o zo o tete gwaaro tem. O laam maa wó nwoŋi se o ke zwɛɛm kaanem o ma o le o tete lwarem Wɛ yiga ne, o daare o ke zwɛɛm kaanem dedwoŋi o ma o le nɔɔna bam de lwarem. 25O ta wó kwei wɛleere saarem varem lara kam mo o zwɛ kaanem dakaa kam baŋa ne.
26Wolo nam na wó ja boŋo kom o vo o yage kagoa yuu ne Azazeli chulu kom ŋwaane to de jege se o zare o gwaaro mo se o daare o swɛ o yera. Ko kwaga ne o laam jege chwoŋa se o jwoori o taa zoore Isarele tiina kɔgɔ kom wone. 27Ko ná ye wɛleere saarem na-bala kam, de wɛleere saarem boŋo kom, Aron na jaane te jana o zo Wɛ di-yun-gala kam se o le lwarem dem to mo, ba jege se ba ja vara bam konto ba nwoŋi ba vo dáa se ba zwɛ-ba. Ko nam ye ba tankwallo, de ba nɔna, de ba wo-zela maama mo ba wó zwɛ. 28Wolo na wó zwɛ-te to jege se o zare o gwaaro mo se o daare o swɛ o yera. Ko kwaga ne o laam jege chwoŋa se o jwoori o taa zoore Isarele tiina kɔgɔ kom wone.
29Abam jege se á tɔge amo Baŋa Wɛ ni dento mo se ko taa vei wuu: Bene maama wone, ko ná yi chane serepɛ chana kam da fuga dɛ ne, se á vɔ ni, ye á bá toŋe de dɛ dem wone. Abam balo na ye tembia to dedaane veira balo na zoore á wone to maama jege se á peene á tete konto dwoŋi mo. 30Ko ye dento dɛ dem wone mo kaanem tu wom wó le abam wɛleera maama Baŋa Wɛ yiga ne, se o fɔge o kwɛ abam se á maŋe de chullu tem. 31De dɛ dem wó taa ye de yera mo de pae abam, se á sii de wone ye á vɔ ni. Á wó tɔge amo ni dem konto mo se ko taa vei wuu. 32Maŋa maama wone wolo ba na yeini ba tiŋi se o leiri o kwo yuu ne o jwoŋi Wɛ kaanem totoŋe dem to mo wó zo Wɛ zula gare-laaro tem o ke wɛleera saarem totoŋe dem. 33O jege se o kwɛ Wɛ di-yun-gala kam, de wara-vwei dem maama, de kaanem dakaa kam, se te maŋe de chullu tem. O ta wó le kaanem tiina lwarem dedaane Isarele tiina kɔ-fɔrɔ kom maama lwarem Wɛ yiga ne.
34Amo ni dem konto wó taa wora mo taa wuu ko pae abam. Bene maama wone á jege se á ke konto mo á ma‑á le Isarele tiina bam wɛleera maama Wɛ yiga ne.”
Moses ma seene o pa ko ke ne Baŋa Wɛ na pɛ‑o ni se o ke tei to.",https://www.bible.com/bible/3661/LEV.16.KBG
CHULLU 17,"Vara gom chullu
1 Baŋa Wɛ daa ma ta de Moses o we:
2“Ta amo ni dento n bere Aron de o bia bam, ko woli de Isarele tiina bam maama: 3-4Isarele dwi tu wolo ná zege jei selo maama ne o go naao, naa pia, naa boŋo se o ma ke kaanem, ye o wo jaane varem wom o vo wara-jei sem se ba go‑o wara-vwei dem ni ne ba kaane ba pa Baŋa Wɛ, kotu sage de chullu tem mo de o na pwori jana tei to. Ko daa dae se o tɔge o woli Isarele dwi dem wone. 5Ni dento wó che Isarele tiina bam se ba yé taa kare pwola ne ba ke kaanem yɔɔ yɔɔ. Ba laam maa wó yeini ba ja ba kaanem vara maama ba jeeri wara-vwei dem ni ne ba pa Baŋa Wɛ. Kaanem tu wom wó kwei ba pɛɛra yam konto o ke kaanem o pa Baŋa Wɛ se ya taa ye yazura pɛɛra kaanem. 6Kaanem tu wom maa wó kwei varem jana bam o dole dole o yage kaanem dakaa kam na wo wara-vwei ni dem ne to sɛ sem ne. O ta wó zwɛ varem lara kam, se ka lwom dem taa ywomma de pae Baŋa Wɛ. 7Isarele tiina bam dae se ba ywori Wɛ kwaga ne se ba taa goe ba vara pwola ne ba kaane ba pae chichiri na jiri bone to.
Isarele tiina bam de ba kwaga kam jege se ba tɔge ni dem konto mo se ko taa vei wuu.
8Daa‑n ta ta de-ba we: Ko ná ye Isarele dwi tiina naa veira balo na zoore ba wone to, ba wolowolo ná go varem se o ma o ke zwɛɛm kaanem naa kaanem delo maama, 9ye o ná wo jaane kaanem dem o jeeri wara-vwei dem ni ne se o ke kaanem o pa Baŋa Wɛ, se á le konto tu se o daa yé tɔge o woli Isarele dwi dem wone.”
Jana dim chullu
10“Isarele tiina bam de veira balo na zoore ba wone to wone wolo ná di jana, amo wó nwoŋi kotu kwaga ne. A ta wó le‑o Isarele dwi dem wone. 11Ko na ye tei to, woŋo maama jege ko ŋwea ko jana bam ŋwaane mo. Amo ma kwei jana bam a pa abam se á ta‑á ma-ba á ke kaanem se á le á wɛleera amo yiga ne. Ko ye jana bam konto mo pae á wɛleera saare, ba na leiri ŋwea kam yuu ne to ŋwaane. 12Konto ŋwaane mo pɛ se a ta de Isarele tiina bam we, ba wolowolo de veira balo maama na zoore ba wone to dae se ba di jana.
13Isarele tiina bam de veira balo na zoore de-ba to wolo ná vei se o tɔɔne, ye o ná go varem wolo, naa zuŋa kalo na maŋe de dim chullu tem baŋa ne to, kotu jege se o lwoori ka jana bam tega ne mo o daare o kwei kasolo o ma o kwoli-ba. 14Kokuri to, woŋo maama yeini ko jege ko ŋwea ko jana bam ŋwaane mo. Amo ma da ko ŋwaane a we, Isarele tiina bam dae se ba di woŋo ye jana bam ta wo ko yera ne, se wolo ná di jana, kotu daa bá tɔge o woli amo nɔɔna bam wone.
15Nɔɔno wolo nam ná nɛ varem wolo na tege o tete toone, naa kago-vara na tore‑o ba go to, ye kotu ná di varem wom nɔna, se o zare o gwaaro o daare o swɛ o yera, se dedaan-ni maŋa ná yia, se o laam kwɛ de chullu tem. Ni dem konto wora de pae Isarele tembia de veira balo na zoore ba wone to mo. 16Kotu nam ná ve se o zare o gwaaro ye o swɛ o yera, o tusim dem wo o yuu ne mo ye o maŋe se o na waarem.”",https://www.bible.com/bible/3661/LEV.17.KBG
CHULLU 18,"Sare-peiga taane
1 Baŋa Wɛ daa ma ta de Moses o we:
2“Ta de Isarele tiina bam we: Amo mo ye abam Tu Baŋa Wɛ wom. 3Abam déem zoore Ejipti ne mo, nam yé lwoni-na ba kikia yam. Amo nam na lage a pa abam zo Kanaan tega kam ne konto to, yé lwoni-na ba de kikia. 4Yɔɔre á ta‑á tɔge amo nia yam yerane. Ta‑á yei-na se á sɛ amo bera yam. Amo mo ye abam Tu Baŋa Wɛ wom. 5Abam wolo kikia nam ná seene ya tɔge amo bera yam de a nia yam, kotu wó na ŋwea ya baŋa ne. Amo mo ye Baŋa Wɛ wom.
6Abam wolowolo yé ke sare-peiga de o choro. Amo mo ye Baŋa Wɛ wom.
7Yé yaale n kwo yuu se n peini de n nu. Nmo nam dae se n yaale n nu de konto.
8Nam yé zo n kwo kaana wone se n ke sare-peiga de ba wolowolo. Keim dem konto yaale n kwo mo.
9Yé ke sare-peiga de n nakɔ, o ya ze ye n nakɔ vekke, naa á ná ye nu daane, naa kwo daane mo de. Ko ye bedwe mo de wolo á na bege daane sɔŋɔ kodoo ne, naa wolo na bege jei sedwonna ne, ye á lɔre daane to.
10Yé ke sare-peiga de n naa. Ko ná ye n bu-baaro bukɔ mo, naa n bukɔ bu de, wolo ná peini ded‑o, kotu yaale o tete mo.
11Yé ke sare-peiga de n kwo kaana bam wolo bukɔ. O ná ye bukɔ wolo n kwo na loge to, o ye n nakɔ mo konto.
12Yé ke sare-peiga de n kwo nakɔ, wonto na ye n kwo choro to ŋwaane.
13Yé ke sare-peiga de n nu nyaane, naa o zembaaro, banto na ye n nu chorro to ŋwaane.
14Yé yaale n kwo choro, se n peini de o kaane. O ye n nu mo konto.
15Yé ke sare-peiga de n bu-kaane.
16Yé yaale n zembaaro, naa n nyaane se n peini de o kaane.
17Nmo de kaane wolo na ke sare-peiga daane to, nam daa‑n yé swo o bukɔ, naa o naa. Banto maama ye chorro mo. Keim dem konto tiini de jege chaveera mo.
18N kaane ta ná ŋwe, yé zaŋe n swo o nyaane naa o zembaaro n ma n ke n kaane. Ko wó pa se ba zwe kazwe daane mo.
19Kaane ná jege o chana zarem o ke, yé peini ded‑o, se o wo maŋe de chullu tem.
20Yé peini de n dwoŋi kaane. Konto wó pa se n digiri Wɛ chullu tem seeni mo.
21Ko ná ye bia balo nmo na loge to, se n yé kwei ba wolowolo n pa se ba kaane‑o ba pa Moleka jwoni dem. Konto wó pa se á yaale á Tu Wɛ wom yere. Amo mo ye Baŋa Wɛ wom.
22Baaro ba jege se o peini de o dwoŋi baaro, ne baaro na peini de kaane tei to. Keim dem konto yɔɔre de ye wo-zɔɔne mo.
23Baaro dae se o ke sare-peiga de varem. Kaane de nam ba jege se o kwei o tete o pa varem peini ded‑o. Kikia yam konto yɔɔre ya jege chaveera mo.
24Abam yé zaŋe-na á tɔge kikia yanto baŋa á digiri á tete de chullu tem. Dwi-gɛ tiina balo nam na zoore ywo-seeni to kare ba ke kikia yam konto mo, ye ba digiri ba tete. Amo laam maa lage a zeili-ba se ba nwoŋi ba daare tega kam ba pa abam. 25Ba wo-zɔɔna yam chɔge tega kam mo. Konto ŋwaane a lage a pa cham ba ka baŋa ne, pa se ka ve ka nɔn-bia bam ka dole ka yage. 26Abam nam jege se á yɔɔre á sɛ amo nia yam de a bera yam mo. Á ba jege se á ke wo-zɔɔna kikia yanto dwoŋi, ne á ná ye tembia naa á ye veira mo de. 27Dwi-gɛ tiina balo ya na zoore tega kam ne to yeini ba ke keim-balwaaro tento maama mo pa se ba chɔge tega kam. A laam maa jege abam a vei dáane. 28Abam de nam ná ke konto dwoŋi á chɔge tega kam, ka lage ka ve abam ka dole ka yage, ne ka na maŋe ka ke tei de dwi-gɛ tiina bam to mo. 29Chega to, abam wolo maama nam ná kare o ke wo-zɔɔna yam konto, konto tu daa bá tɔge o woli Isarele dwi dem wone.
30Ta á sɛ-na a nia yam. Nam yé tɔge á ke wo-zɔɔna yanto na chuli keim ye dwi-gɛ tiina balo ya na zoore tega kam ne to yeini ba ke-ya to. Abam ná ke-ya, á wó chɔge á tete de chullu tem mo. Amo nam mo ye abam Tu Baŋa Wɛ wom.”",https://www.bible.com/bible/3661/LEV.18.KBG
CHULLU 19,"Wo-pwoŋo de chega taane
1 Baŋa Wɛ daa ma ta de Moses o we:
2“Ta de Isarele kɔ-fɔrɔ kom maama we: Pɔɔre-na á tete se á ta‑á ye wose, se amo wolo na ye á Tu Baŋa Wɛ wom to tete mo ye wose tu. 3Abam wone nɔɔno maama jege se o taa nege o nu de o kwo mo. Abam ta jege se á ta‑á yei amo siu da yam ni ne mo. Amo mo ye abam Tu Baŋa Wɛ wom. 4Yé lɔ-na amo kwaga ne á zuli jwona. Ta yé kwei-na luuru á ma‑á mɔ wa-yɔɔro á pa á tete. Amo mo ye abam Tu Baŋa Wɛ wom.
5Abam ná go varem se á ma‑á ke yazura pɛɛre á kaane á pa Baŋa Wɛ, tɔge-na ko totoŋe dem chwoŋa se amo sɛ a jwoŋi-de. 6Á jege se á di varem wom konto nɔna yam mo á ti dɛ delo wone á na kwei‑o á ke kaanem to, naa tega ná poore se á di-ya. Nɔna yam konto ná yi da yatɔ dɛ dem, se á zwɛ-ya. 7Kokuri to, nɔna yam na yi da yatɔ, ye nɔɔno wolo ná di-ya, a bá jwoŋi kotu pɛɛre dem, ya na wo maŋe de chullu tem to ŋwaane. 8Wolo nam ná di da yatɔ nɔna bere we o kwei kolo na pɔɔre amo ŋwaane to mo o pa ko ye wo-yɔɔ. Konto tu daa bá tɔge o woli Isarele dwi dem wone.
9Abam ná vei á kare sem ne se á zage á wodiiru á jwoori sam, yé gwei-na wodiiru telo maama na wo á kare sem ni ne to, nam yé lare-na mena yalo wodi-zagena bam na daare to. 10Ko ye bedwe mo de á ná gwori Vini tio-bia á kadwi sem wone, se á yé jwoori á gwori-ba á ke belei, naa á twɛ tio-bia balo na to tega ne to. Yage-na tento maama á pa yiniga tiina, de veira balo na zoore de abam to, se ba de wane ba lare ba di. Amo mo ye abam Tu Baŋa Wɛ wom.
11Yé ŋɔ n dwoŋi wonnu, nam yé gane‑o, naa n fɔ vwa n pa‑o.
12Yé ma amo yere n du duuri vwa taane baŋa ne. Konto bere we n yaale amo yere dem mo. Amo mo ye Baŋa Wɛ wom.
13Yé pini n dwoŋi, nam yé vere o wonnu. Nmo de nɔɔno ná maŋe daane se o toŋe o pa‑m, se n pa‑o ŋweero telo o na jege se o jwoŋi to lela. Yé yage se tega ná poore, se n laam pa‑o.
14Yé zaŋe n twe zɔ-kɔgɔ. Nam yé tiŋi da-bunnu lilwei chwoŋa ne se o gare o to tega ne. Kɔre-na amo wolo na ye abam Tu Baŋa Wɛ wom to.
15Yé kweele-na chega á taane dim baŋa ne. Ko dae se á tɔge nɔɔno kwaga o yiniga ŋwaane, naa o dunni ŋwaane. Nam tɔge-na chega kam yerane.
16Yé ta‑á kare á jage sawea se á ma‑á chɔge á dwonna. Abam wolowolo yé kweele chega se o pa o dwoŋi ga o ŋwea. Amo mo ye Baŋa Wɛ wom.
17Yé ta‑n jege n dwoŋi joo n bochare ne. N dwoŋi wom nam ná tusi, se n yɔɔre n kaane‑o, se wonto wɛleere yé taa wo n yuu ne.
18Yé pa n bane zaŋe n dwoŋi baŋa ne se n yiri jene o keim-balɔrɔ ŋwaane. Yé ta‑n chuli n dwoŋi. Nam ta‑n swoi‑o se ko maŋe de n na swoi n tete tei to. Amo mo ye Baŋa Wɛ wom.
19Ta‑á sɛ-na amo bera yam maama. Yé pa-na se vara dwi na ye yera yera to di daane ba lo. Yé kwei-na wo-dwa na ye dwi dwi to á du kara dedoa wone. Nam yé zo-na gɔrɔ kolo ba na mɛ gare-yia na ye yera yera ba ma sɔ-ko to.
20Nɔɔno ná peini de kaba-kana kalo ba na boŋe se ba kwei ba pa nɔɔno wodwoŋi to, ye kotu ta ná wo ŋwe kaba-kana kam jene se o taa tei o tete, ba wó waare-ba mo. Ko dae se ba te. Kokuri to, kaba-kana kam ta wo yi se o taa tei o tete. 21Baaro wom jege se o ja pi-bala mo o vo wara-vwei dem ni ne, se o ma o ke wɛleere jene kaanem o pa Baŋa Wɛ. 22Kaanem tu wom de maa wó kwei pi-bala kam konto o ke kaanem o ma o le nɔɔno wom tusim dem Baŋa Wɛ yiga ne. Wɛ laam maa wó kwei konto tu wɛleera o ma o chɛ‑o.
23Abam ná zo Kanaan tega kam wone, ye á jeiri teeni delo na leiri bia pa se nɔɔna di to, se á chuli de wo-bia bam bena yatɔ. Yé di-na tio-bia bam konto, ba na wo maŋe de chullu tem to ŋwaane. 24Bena yana bene dem ná yia, se á pɔɔre tio-bia bam maama se ba taa ye Baŋa Wɛ nyem, se á di ywoni amo ŋwaane. 25Ko daare, bena yanu bene dem wone, á laam jege chwoŋa se á di á kare wo tio-bia bam. Abam ná ke tento maama, á teeni dem wó puli ye de taa leiri bia dedɛ de pa abam. Amo mo ye abam Tu Baŋa Wɛ wom.
26Yé di-na nɔna de ya wo jana. Nam yé tɔge-na yi-nara de chichiri vora kikia kwaga. 27Á ná fane á yuni, se á daare á tiri seeni yu-ywei sem. Nam yé fane-na á twana nia yam.
28Yé ke-na daale á yera yam ne, naa se á gwoni á yera, lua chullu ŋwaane. Amo mo ye Baŋa Wɛ wom.
29Yé yigi n bukɔ n de kabworim wone. Keim dem konto ye n jege‑o mo n yaala. Ko ta wó pa se á teo kom maama su de kabworim de puseŋa kikia mo.
30Ta‑á yei-na amo siu da yam ni ne, se á daare á ta‑á nege amo wara-jei sem. Amo mo ye Baŋa Wɛ wom.
31Yé zaŋe-na á vo yi-nara naa chichiri vora tei se ba veere wonnu ba bere abam. Á ná ke konto, á wó digiri á tete de chullu tem mo. Amo mo ye abam Tu Baŋa Wɛ wom.
32Nɔn-kwe ná yeini ba yi á tei, se á zaŋe wɛɛne á zuli-ba. Konto mo bere we á kɔre amo. Amo mo ye Baŋa Wɛ wom.
33Ko ná ye veira balo na zoore abam tetare ne to, se á yé bɛɛse-ba. 34Á wó ta‑á ke-ba ne á na wó ke á dwonna Isarele tiina bam tei to mo. Nam ta‑á swoi-ba ne á na swoi á tete tei to. Guli-na we á de déem ye veira mo Ejipti teo kom wone. Amo mo ye abam Tu Baŋa Wɛ wom.
35Abam ná lage á maŋe wonnu á yeigi á pa á dwonna, se á yé pini-ba te dunni naa te kamunim baŋa ne. 36Abam bwɛ sem, de wonnu telo á na mae á maŋe wonnu dunni na mae tei to jege se te taa ye chekke mo. Amo mo ye abam Tu Baŋa Wɛ wom. A déem mo jaane abam a nwoŋi Ejipti ne a ba ywo.
37Nam yɔɔre á ta‑á tɔge amo bera yam de a nia yam, se á ta‑á ke ya maama. Amo mo ye Baŋa Wɛ wom.”",https://www.bible.com/bible/3661/LEV.19.KBG
CHULLU 20,"Tusim na jege waarem tei to
1 Baŋa Wɛ daa ma ta Moses o we:
2“Ta de Isarele tiina bam we: Abam balo na ye Isarele dwi tiina de veira balo na zoore á wone to wolo maama ná kwei o bu o ke kaanem o pa Moleka jwoni dem, kotu jege se o te mo. Á teo nɔn-kɔgɔ kom maama wó dole‑o de kandwa mo ba go. 3Amo wó nwoŋi kotu kwaga ne se o daa yé tɔge o woli Isarele dwi dem wone. Kokuri to, o ke o chɔge amo wara-jei sem mo ye o daare o yaale amo yere dem na ye wose to, de o na kwei o bu o ke Moleka jwoni dem jeŋa ne to ŋwaane. 4Á teo kom nɔɔna bam yiga nam ná tera de konto tu na ke keim-lɔŋɔ kolo to, ye ba ve se ba go‑o ko ŋwaane, 5amo tete mo wó nwoŋi kotu dedaane o sɔŋɔ tiina bam maama kwaga ne se ba daa yé tɔge ba woli ba dwi tiina bam wone. Amo ta wó ke konto de balo maama na dɛ ba zuli Moleka ba daare amo to mo.
6Abam wolo ná ywori amo kwaga ne o daare o vo yi-nara naa chichiri vora tei se ba veere wonnu ba bere‑o, amo wó nwoŋi konto tu kwaga ne. A nam wó le‑o se o daa yé tɔge o woli Isarele dwi dem wone. 7Pɔɔre-na á tete de wo-digiru maama, se á ta‑á ye wose. Kokuri to, amo mo ye abam Tu Baŋa Wɛ wom. 8Ta‑á sɛ-na amo bera yam, se á ta‑á tɔge-ya. Kokuri to, amo mo ye Baŋa Wɛ. A maa pae se abam ye wose.
9Wolo maama ná sɔɔle lwarem o pa o kwo naa o nu, konto tu jege se o te mo. Ko nam wó taa ye o tete yiga mo de o na wó te to.
10Nɔɔno ná ke kabwoŋa de o dwoŋi kaane, se ba go baaro wom de kaane wom maama. 11Nɔɔno nam ná peini de o kwo kaane, o yaale o kwo wom mo konto. Baaro wom de kaane wom maama mo jege se ba te. Ko wó taa ye ba tete yiga de ba na wó te to. 12Nɔɔno nam ná peini de o bu-kaane, ba maama balei jege se ba te mo. Ba yɔɔre ba toŋe kolo na jege chaveera to mo. Ko wó taa ye ba tete yiga de ba na wó te to. 13Baaro de o dwoŋi baaro ná peini daane, ne baaro na yeini o peini de kaane tei to, ba yɔɔre ba toŋe wo-zɔɔne mo. Ba maama balei jege se ba te mo. Ko wó taa ye ba tete yiga de ba na wó te to. 14Nɔɔno ná di kaane ye o ta swo o kaane wom nu o woli da, ko ye puseŋa kikia mo konto o kea. Ba jege se ba zwɛ banto batɔ maama mo ba go. Yé sɛ-na se keim-lɔŋɔ kom konto ke á tetare ne.
15Baaro wolo ná ke sare-peiga de varem, kotu jege se o te mo, se á daare á go varem wom de. 16Kaane nam ná kwei o tete o pa varem peini ded‑o, á wó go kaane wom de varem wom maama mo. Ba jege se ba te mo. Ko wó taa ye ba tete yiga de ba na wó te to.
17Nɔɔno ná swo o nakɔ, ba ná ye nu daane, naa kwo daane mo de, ye ba peini daane, ba yɔɔre ba ke chaveera keim mo. Ba wó ja-ba ba vo ba dwi tiina yiga ne mo, ye ba zeili-ba se ba daa yé tɔge ba woli ba dwi tiina bam wone. Baaro wom na peini de o nakɔ wom to ŋwaane, ko wó ni wonto mo. 18Nɔɔno ná peini de kaane wolo ta na jege o chana zarem o ke to, ba maama tusi chullu tem seeni pa se ba digiri. Ba jege se ba zeili ba maama mo, se ba daa yé tɔge ba woli ba dwi tiina bam wone.
19Ko dae se baaro peini de o nu zembaaro, naa o nu nyaane, naa o kwo nakɔ. Wolo ná ke keim dem konto, kotu yaale o choro mo. Ba maama maŋe se ba na waarem mo. 20Nɔɔno nam ná peini de o kwo zembaaro kaane, naa o kwo nyaane kaane, o yaale o kwo choro kom mo. Baaro wom de kaane wom yɔɔre ba maŋe se ba na waarem mo. Ba nam bá na dwi. 21Nɔɔno ná swo o zembaaro kaane, naa o nyaane kaane, ye o peini ded‑o, kotu jege digiru Wɛ chullu tem seeni mo, ye o ta yaale o choro kom. Ba nam bá na dwi.
22Nam yɔɔre á ta‑á tɔge amo bera yam de a nia yam, se á ta‑á ke ya maama. Abam ná wo ke konto, amo na lage a ja abam a zo tega kalo wone to wó ve abam mo. 23Ko nam ná ye dwi-gɛ tiina balo amo na lage a zeili-ba se ba daare tega kam ba pa abam to, se á yé ta‑á tɔge-na ba chwei sem. Amo nam chuli-ba mo, ba na ke wo-zɔɔna yanto dwoŋi to ŋwaane. 24Amo nam gwoni ni mo de abam se a kwei ba tega kanto a pa abam se á ta‑á tei-ka ye á zoore ka wone. Tega kam konto tiini ka ywomma de varem de kɔnɔ. Amo mo ye abam Tu Baŋa Wɛ wom. A ma pɔɔre abam se á ta‑á ye á yera de dwi-gɛ tiina maama. 25Konto ŋwaane abam jege se á ta‑á pɔɔre vara de zuna balo na maŋe de chullu tem to, de balo na jege digiru chullu tem seeni to daane mo. Nam yé digiri-na á tete de wonnu telo amo na pɛ se te taa ye wo-zɔɔna te pae abam to, ne te ná ye vara de zuna de tega-veila de. 26Pɔɔre-na á tete amo ŋwaane se á ta‑á ye wose. Kokuri to, amo Baŋa Wɛ wom ye wose mo. A ma pɔɔre abam se á yɔɔre á ta‑á ye á yera de dwi-gɛ tiina maama, se á daare á ta‑á ye amo tete nɔɔna bam.
27Abam wone baaro wolo, naa kaane wolo ná ye yi-naro naa chichiri voro, kotu jege se o te mo. Á wó dole-ba de kandwa mo á go. Ko wó taa ye ba tete yiga de ba na wó te to.”",https://www.bible.com/bible/3661/LEV.20.KBG
CHULLU 21,"Wɛ kaanem tiina bam taane
1 Baŋa Wɛ ta ma ta de Moses o we:
“Ta de Aron dwi kaanem tiina bam we: Kaanem dwi tu ná tega, o nam yé da ko ŋwaane o digiri o tete de chullu tem. 2Ko nam ná ye o choro, o jege chwoŋa se o zo kotu lua ne. Ko ná ye o nu, naa o kwo, naa o bu-baaro, naa o bukɔ, naa o zembaaro, naa o nyaane, 3naa o nakɔ wolo ta na wo zo baro ye o wo ba sɔŋɔ ne to, o jege chwoŋa se o digiri o tete ba lwi baŋa ne. 4Se ko ná ye balo na bwola ded‑o kadiri ŋwaane to mo, ko dae se o digiri o tete banto lwi baŋa ne.
5Kaanem tiina dae se ba cheeri ba yuni, naa ba fane ba twana nia yam, naa ba gwoni ba yera lua chullu ŋwaane. 6Ba maŋe se ba pɔɔre ba tete mo ba pa ba Tu Wɛ wom, se ba yé yaale o yere dem. Ko na ye tei to, banto yeini ba kwei wodiu pɛɛra mo ba pae Baŋa Wɛ. Pɛɛra yanto na ye wodiu ya pae ba Tu Wɛ wom to ŋwaane, kaanem tiina bam jege se ba taa jege wo-pwoŋo mo.
7Kaanem tu dae se o kwei ka-bworo o ma ji o kaane. O nam ba jege se o di kaane wolo na zo baro ye o yage‑o to. Kokuri to, kaanem tiina pɔɔre ba tete mo ba pa ba Tu Wɛ wom. 8Nɔɔna maama nam jege se ba taa nege kaanem tiina bam, ba na pɔɔre ba tete Wɛ ŋwaane to mo. Banto mo kwei wodiu pɛɛra yam ba pae abam Tu Wɛ wom. Amo mo konto. Amo ye Baŋa Wɛ wom na ye wose to mo. A ma pɔɔre abam se á de ta‑á ye wose amo ŋwaane. 9Kaanem tu bukɔ ná digiri o tete ka-bworo totoŋa baŋa ne, kotu yaale o kwo yere mo. Ba jege se ba zwɛ‑o mo se o te.
10Ko ná ye Wɛ kaanem yiga tu wom, ba lwogi Wɛ swolim nuga wonto yuu ne mo ba pɔɔre‑o ba zege o totoŋe dem ŋwaane, ye o jege chwoŋa se o taa zoore kaanem gare-laaro tem. Ko nam dae se kotu vugimi o yu-ywei, naa o kaare o tete gwaaro lua chullu ŋwaane. 11O ba jege se o twɛ too, ko ná maŋe ko ye o kwo, naa o nu de. O ná ve ye o ke konto, o wó digiri o tete de chullu tem mo. 12Kaanem yiga tu wom dae se o yage wara-jei sem o nwoŋi se o keeri lua. O keim dem konto wó chɔge ware-jei sem de chullu tem mo. Ko ye o Tu Wɛ wom swolim nuga mo ba mɛ ba pɔɔre‑o kaanem totoŋe dem ŋwaane. Amo mo ye Baŋa Wɛ wom.
13Kaanem yiga tu wom nam maŋe se o beeri bukɔ wolo na yeiri baara to mo, se o di‑o o ke o kaane. 14O dae se o kwei kadeim, naa kaane wolo na zo baro ye o yage‑o to, naa ka-bworo o maa ke o kaane. Kaanem yiga tu wom wó swo bukɔ wolo na yeiri baara, ye o ta ye o tete dwi dem bukɔ to mo. 15Ko ná dae konto, bia balo o na wó lo to bá maŋe de chullu tem se ba ji amo kaanem tiina. Amo mo ye Baŋa Wɛ wom. A ma pɔɔre kaanem yiga tu wom se o taa ye amo nyem.”
16 Baŋa Wɛ ta ma ta de Moses o we:
17“Ta de Aron we: Ko zege leile se ko taa vei wuu, n dwi dem wone wolo yera ná jege gɛɛ, konto tu dae se o kwei wodiu pɛɛra o kaane o pa o Tu Wɛ wom. 18Wolo ná ye lilwei, naa gwana, naa o yibia ná chɔge, naa o yera yam ná ba mae daane mɛ seeni, 19naa o naga ná bwori, naa o jeŋa ná bwori mo, 20o nam ná jege pɔnɔ, naa o ná ye naale, naa o yia ta ná chɔge, naa o ná jege ŋɔna naa pwooru o yera ne, naa ba ná lwe kotu manchala mo, o dae se o ke kaanem wara-vwei dem wone. 21Amo kaanem tu Aron dwi tu wolo maama yera ná jege gɛɛ, kotu ba jege chwoŋa se o kwei wodiu pɛɛra o kaane o pa o Tu Wɛ wom. Ko dae se o ke konto, o yera yam na jege gɛɛ to ŋwaane. 22Nɔɔno wom konto nam jege chwoŋa se o da o di wodiu kolo ba na mɛ ba ke kaanem ba pa Wɛ to, ko ná maŋe ko ye kolo ba na pɔɔre Wɛ ŋwaane ye ko tiini ko ye wose to mo de. 23Se o nam dae se o zo wara-vwei dem ne o twɛ gare-jale dem mo. O ta dae se o yi kaanem dakaa kam yiga. Kokuri to, o jege gɛɛ o yera yam ne. Ko ná dae konto, o wó chɔge amo wara-jei sem de se zela yalo na pɔɔre amo zula ŋwaane to. Amo mo ye Baŋa Wɛ wom. Amo ma pɔɔre wonnu tem konto se te taa ye wose amo ŋwaane.”
24Moses déem tage wonnu tem konto maama o bere Aron, de o bia bam, de Isarele tiina bam maama.",https://www.bible.com/bible/3661/LEV.21.KBG
CHULLU 22,"Wodiu pɛɛra yam taane
1 Baŋa Wɛ daa ma ta de Moses o we:
2“Ta Aron de o bia bam we, ba ta taa nii pɛɛra yalo Isarele tiina bam na jaane ba tui ba pa-ne to baŋa ne, se ba nege-ya, ya na ye wose to ŋwaane. Ko ná dae konto, ba wó yaale amo yere dem na ye wose to. Amo mo ye Baŋa Wɛ wom. 3Ta n bere-ba we: Abam dwi dem wone wolo ná jege digiru chullu tem seeni, ye o ta fɔɔre o yi o dwei pɛɛra yalo Isarele tiina bam na jaane ba tui ba pa Baŋa Wɛ to, kotu daa bá zege amo yiga ne o toŋe o pa-ne. Amo mo ye Baŋa Wɛ wom.
4Aron dwi kaanem tiina bam wone, wolo maama ná jege yera jawe-chɛɔ kolo na lɔgese nɔɔna to, naa o peini ni na mo ná nwoŋa pa se o daa wo maŋe de chullu tem, konto tu ba jege chwoŋa se o da o di kaanem wodiu pɛɛra yam. O jege se o kwɛ o tete de chullu tem mo se o daare o di. Kaanem tu ná dwei kolo na digiri twa ŋwaane to, naa o nywanno ná nwoŋa, o de wó taa jege digiru Wɛ chullu tem seeni mo. 5Ko ta ye bedwe mo de o ná dwei tega-veilu, naa o ná dwei nɔɔno wolo na jege digiru chullu tem seeni to. 6Kaanem tu ná to tento wone, o ta wó digiri mo se ko yi dedaan-ni maŋa. O ta bá wane o di kaanem wodiu pɛɛra yam, ko ná dae we o swɛ o yera o ma kwɛ o tete. 7Wɛ ná zoa, konto tu laam wó maŋe de chullu tem. O maa jege chwoŋa se o di wodiu pɛɛra yam, wodiu kom konto na ye kaanem tiina bam nyem to ŋwaane. 8Kaanem tu ba jege se o di varem wolo na tege o tete toone to, naa kago-vara na tore‑o ba go to. O ná di nɔna yam konto, ko wó pa se o digiri de chullu tem mo. Amo mo ye Baŋa Wɛ wom.
9Kaanem tiina bam maama jege se ba taa tɔge chullu chwei sem a na pɛ-ba to mo. Ko ná dae konto, ba tusim wó taa wo ba yuu ne mo, ye ba te, ba na yaale amo bera yam to ŋwaane. Amo mo ye Baŋa Wɛ wom. Amo mo pɔɔre-ba se ba taa ye wose amo ŋwaane.
10Ko ná ye kaanem wodiu pɛɛra yam, wolo na dae kaanem tiina dwi dem nɔɔno to ba jege chwoŋa se o di-ya. Veiru wolo ná zoore kaanem tu wom tei ne, naa tontoŋeno wolo kaanem tu wom ná jene‑o se o toŋe o pa‑o mo, banto dae se ba di. 11Kaanem tu nam ná jege kabaa kalo, kotu wó da o di kaanem tu wom wodiu kom, ne o ná ye kabaa kalo kaanem tu wom na yeigi de sabu to, naa o ye wolo ba na loge‑o kaanem tu wom sɔŋɔ wone to. 12Kaanem tu bukɔ nam ná zo wolo na dae kaanem tu to, wonto dae se o da o di kaanem wodiiru tem. 13Bukɔ wom nam ná jigi kadeim, naa o ná yage o baro, ye o ba jege bia se ba taa nii o baŋa ne pa se o jwoori o vo o kwo sɔŋɔ ne o jei da, kotu jege chwoŋa se o di o kwo wodiu pɛɛra yam wone. Kaanem tiina dwi dem nɔɔna yerane mo jege chwoŋa se ba di wodiu kom konto.
14Nɔn-yɔɔ nam ná di kaanem pɛɛra wodiu, ye o wo paale o ke, se o jwoori o ŋwe o na di tei to o pa kaanem tu wom, se o ta woli wodiu kom kwora kuni benu maama wone, popɔra dedoa o pa‑o. 15Kaanem tiina bam dae se ba gwooni pɛɛra yalo Isarele tiina bam na jaane ba tui ba pae Baŋa Wɛ to, 16de ba na wó pa se nɔn-yɔɔro da ba di ya wone to. Konto ná kea, ko wó pa se nɔɔna bam wɛleera mo taa wo ba yuu ne, se waarem ba ba baŋa. Amo mo ye Baŋa Wɛ wom. Amo ma pɔɔre pɛɛra yam konto se ya taa ye wose amo ŋwaane.”
Kaanem totoŋa yam taane
17 Baŋa Wɛ daa ma ta de Moses o we:
18“Ta Aron, de o bia bam, de Isarele tiina bam maama we: Isarele dwi tu, naa veiru wolo na zoore de-ba to ná lage se o ke zwɛɛm pɛɛre kaanem o pa Baŋa Wɛ, ko ná ye ni-gwonim ŋwaane, naa ko ye o wo-ywoŋo pɛɛre mo de, varem wom dae se o taa jege gɛɛ o yera ne. 19Ko ná ye na-bala, naa pi-bala, naa bo-bala mo kotu jaane o ba, Wɛ wó sɛ o jwoŋi-ka, ne ko ná dae we ka jege gɛɛ ka yera ne. 20Abam wolo nam ná kwei varem wolo na jege gɛɛ o yera ne to se o ma ke kaanem o pa Baŋa Wɛ, Wɛ bá jwoŋi kotu kaanem dem.
21Wolo nam ná boŋe se o ke yazura pɛɛre kaanem o pa Baŋa Wɛ, ko ná ye ni-gwonim ŋwaane, naa ko ye o wo-ywoŋo pɛɛre mo de, varem wom dae se o taa jege gɛɛ o yera ne. Konto baŋa ne mo Wɛ wó jwoŋi o pɛɛre dem. 22Yé zaŋe-na á kwei vare-lilwoa, naa vara balo naga na bwori naa ba yera fuuli to, naa balo na jege ŋɔna naa yera jaweero dwi dwi to, se á ja á ba wara-jei sem ne á ma á ke kaanem á pa Baŋa Wɛ. 23Naao kolo naa pia kalo yera nam na ba mae daane to mo, á wó wane á kwei á ma‑á ke yazura pɛɛre kaanem delo na ye n wo-ywoŋo pɛɛre to. Ko daare, yé kwei-na vara bam konto dwoŋi á ma‑á ke kaanem delo na ye ni-gwonim ŋwaane to. 24Yé kwei-na varem wolo manchala ba na mage naa ya chɔge tei maama to, naa ba na lwe wolo to, á ke kaanem á pa Baŋa Wɛ. Ko dae se á ke konto dwoŋi maŋa kalo maama á na wó ta‑á zoore á tega kam wone to. 25Á ná jwoŋi vara bam konto dwoŋi dwi-gɛ tiina tei ne, se á yé kwei-ya á ke wodiu pɛɛre á pa á Tu Wɛ wom. Banto vara bam yera seene ya chɔge mo. Wɛ bá sɛ o jwoŋi kaanem dem.”
26 Baŋa Wɛ daa ma ta Moses o we:
27“Sɔŋɔ vara ná loga, bu maama wó maŋe o nu tei ne mo da yarepɛ, ne ko ná ye noa, naa pipeila, naa bobona mo. Da nana dɛ dem ne se ko taa via, ka laam wó maŋe se ba kwei-ka ba ma ke wodiu pɛɛre ba pa Baŋa Wɛ. 28Yé kwei-na varem de o bu á go á ma‑á ke kaanem dɛ dedwe wone.
29Abam wolo ná boŋe se o ke lei-keim kaanem o pa Baŋa Wɛ, se o tɔge kaanem dem chwoŋa chekke. Konto baŋa ne mo Wɛ wó jwoŋi kotu pɛɛre dem. 30Ba nam jege se ba di varem wom nɔna yam maama dɛ delo wone ba na ke kaanem dem to mo. Ba yé pa se tega poore ye ya ta wora. Amo mo ye Baŋa Wɛ wom.
31Yɔɔre á ta‑á tɔge amo nia yam ye á ke á tɔge ya na bere tei to. Amo mo ye Baŋa Wɛ wom. 32Yé yaale-na amo yere dem, de na ye wose to ŋwaane. Isarele tiina bam maama jege se ba sɛ amo mo we a ye wose. Amo mo ye Baŋa Wɛ wom. Amo ma pɔɔre abam mo se á de taa ye wose. 33Amo nam jaane abam a nwoŋi Ejipti ne a ba ywo, se a taa ye abam Tu Wɛ wom mo. Amo mo ye Baŋa Wɛ wom.”",https://www.bible.com/bible/3661/LEV.22.KBG
CHULLU 23,"Kura dim taane
1 Baŋa Wɛ daa ma ta Moses o we:
2“Ta de Isarele tiina bam we: Da yalo á kɔgɔ kom na wó jeeri amo Baŋa Wɛ yiga ne se á di kuri to mo tento:
Wɛ siu dɛ
Nwoŋim 20:8-11; 31:12-17; Nia Gulim 5:12-15
3Kwei-na da yaredo á toŋe á totoŋa maama. Da yarepɛ dɛ dem nam ye siu dɛ mo de pae abam. Abam ná maŋe á wo jei selo maama ne, dɛ dem konto ye de yera mo Baŋa Wɛ ŋwaane. Á wó jeeri daane se á zuli Wɛ ye á ba toŋa de fenfee de.
Atɔgebabaŋa de Bworobworo-memene kuri dem
Nwoŋim 12:1-20; Jeelim 28:16-25; Nia Gulim 16:1-8
4 Baŋa Wɛ nam pɛ ni se á ta‑á di kura yanto ya maŋa ne mo. Ya da yam ná yeini ya yi, se á jeeri daane á zuli Wɛ ya wone.
5Boboa chana kam da fuga-yana dɛ dem dedaan-ni maŋa ne mo á wó bobo se á di Atɔgebabaŋa kuri dem á ma‑á zuli Baŋa Wɛ. 6Tega ná poore ye da fuga-yanu dɛ dem ná yia, se á bobo á di Bworobworo-memene kuri dem á ma‑á zuli Baŋa Wɛ. Kwei-na da yarepɛ á di bworobworo kolo sabɔle na tera ko wone to. 7Da yam konto boboa dɛ dem ne, se á jeeri daane á zuli Wɛ. Yé toŋe-na á dɛ dɛ totoŋa yam. 8Da yarepɛ yam maama wone se á yeini á ja wodiu pɛɛra kaanem á ba á ke á pa Baŋa Wɛ. Ko daare da yarepɛ dɛ dem ná yia, á wó jeeri daane mo se á zuli Wɛ, ye á bá toŋe á dɛ dɛ totoŋa yam.”
Da-yiga wodiiru pɛɛra
9 Baŋa Wɛ ta ma ta de Moses o we:
10“Ta de Isarele tiina bam we: Abam ná tu á zo tega kalo amo na lage a kwei a pa abam to wone, ye á bobo á zage á wodiiru, ja-na men-zɔgɔ kolo á na bobo á vɔ to á vo kaanem tu wom tei á pa‑o. 11Kaanem tu wom de maa wó zeiŋi á wodiiru tem Baŋa Wɛ yiga ne se Wɛ jwoŋi-te abam tei ne. Ko nam ye dɛ delo na saŋe Wɛ siu dɛ dem to wone mo o wó ke konto. 12Dɛ delo ne á na wó pa ba zeiŋi á wodiiru tem Wɛ yiga ne to, se á ta kwei pi-bala na ye bene ye ka ba jege gɛɛ ka yera ne to, á ke zwɛɛm kaanem á pa Baŋa Wɛ. 13Abam nam ta wó woli mun-bwei bwɛ sena na viiri de nuga to mo, se ko taa ye á wodiu pɛɛre ko pa Baŋa Wɛ. Pɛɛre dem konto lwom dem maa ywomma de pae Baŋa Wɛ. Abam ta wó kwei sana bɔŋa dedoa á ma‑á ke wo-nyɔɔro pɛɛre á woli da. 14Abam ná bobo á zage á wodiiru tem, se á yé di-na bworobworo, naa men-wɔa, naa men-gwoa, ye á ta wo jaane pɛɛra yam konto á ba á pa á Tu Wɛ wom. Abam de á kwaga kam wó ta‑á ke á tɔge ni dento na bere tei to mo se ko taa vei wuu.
Ga-kwea kuri dem
Nwoŋim 23:16; 34:22; Jeelim 28:26-31; Nia Gulim 16:9-12
15Ko ná zege dɛ delo na saŋe Wɛ siu dɛ dem ye á zeiŋi á boboa mena yam Wɛ yiga ne to, se á jeeli da yarepɛ kuni berepɛ. 16Da finnu mo á wó jeeli se ya yi dɛ delo na saŋe Wɛ siu dɛ dem na ke berepɛ to, se á laam ja wodi-doŋo pɛɛra á ba á pa Baŋa Wɛ. 17Abam ná zoore jei selo maama ne, se á ja bworobwooru telei telei á ba wara-jei sem ne se á zeiŋi-te Baŋa Wɛ yiga ne. Nɔɔno maama wó kwei mun-bwei bwɛ sena mo o woli de sabɔle o ma wɔ bworobworo kom konto. Ko wó taa ye á da-yiga wodiiru pɛɛra mo á kwei á pa Baŋa Wɛ. 18Á kɔgɔ kom nam wó beeri pi-bale serepɛ na ye bene dedoa ye se ba jege gɛɛ se yera ne to, de na-bala dedoa, de pi-bɛ selei. Á maa wó kwei vara bam konto á woli de bworobwooru pɛɛra yam á ke zwɛɛm kaanem á pa Baŋa Wɛ. Á ta wó kwei wodiu pɛɛra de wo-nyɔɔro pɛɛra á kaane á pa‑o. Pɛɛra yam konto lwom dem maa ywomma de pae Baŋa Wɛ. 19Abam ta maa wó kwei bo-bala á ma‑á ke wɛleere saarem kaanem, se á daare á kwei pi-bale selei na ye bene bene to se á ma‑á ke yazura pɛɛre kaanem. 20Kaanem tu wom nam mo wó zeiŋi pei selei sem wɛɛne, se se taa ye pɛɛre se pa Baŋa Wɛ, tento de bworobwooru pɛɛra yam maama. Pɛɛra yam konto mo Baŋa Wɛ pɔɔre o pa o tete, se ya taa ye kaanem tu wom nyem. 21Dento dɛ dem ne, á wó pa se á maama jeeri daane se á zuli Baŋa Wɛ ye á bá toŋe á dɛ dɛ totoŋa yam. Abam ná zoore jei selo maama ne, se abam de á kwaga kam maama taa tɔge ni dento se ko taa vei wuu.
22Abam ná vei á kare sem ne se á zage á wodiiru á jwoori sam, yé gwei-na wodiiru telo maama na wo á kare sem ni ne to, nam yé lare-na mena yalo wodi-zagena bam na daare to. Yage-na tento maama á pa yiniga tiina, de veira balo na zoore de abam to, se banto de lare ba di. Amo mo ye abam Tu Baŋa Wɛ wom.”
Nabwanno wum kuri dem
Jeelim 29:1-6
23 Baŋa Wɛ ma ta Moses o we:
24“Ta de Isarele tiina bam we: Bene maama wone chane serepɛ chana kam boboa dɛ dem ne, se á pa de ji siu dɛ na ye de yera Wɛ ŋwaane. Á jege se á wu nabwanno ye á daare á jeeri daane á zuli Wɛ. 25Yé toŋe-na á dɛ dɛ totoŋa yam dento dɛ dem ne. Yɔɔre á ke-na wodiu pɛɛre kaanem á pa Baŋa Wɛ.”
Wɛleera saarem dɛ dem
Jeelim 29:7-11
26 Baŋa Wɛ ta ma ta de Moses o we:
27“Chane serepɛ chana kam da fuga dɛ dem nam mo ye Wɛleera saarem dɛ dem. Dɛ dem konto wone á wó jeeri daane á zuli Wɛ. Á jege se á peene á tete mo, se á daare á ke wodiu pɛɛre kaanem á pa Baŋa Wɛ. 28Nam yé toŋe-na dɛ dem konto wone. Kokuri to, de ye Wɛleera saarem dɛ dem ba na wó le á wɛleera Baŋa Wɛ yiga ne de wone to mo. 29Dɛ dem konto maama ne wolo maama ná wo peene o tete, ba jege se ba le kotu se o daa yé tɔge o woli Isarele dwi dem wone mo. 30Wolo maama de ná toŋe dento dɛ dem ne, amo Baŋa Wɛ tete mo wó pa se o ga o ŋwea amo nɔɔna bam tetare ne. 31Dɛ dem konto dae se abam toŋe de wone de fenfee de. Abam na wó ta‑á zoore jei selo maama ne to, abam de á kwaga kam maama jege se á ta‑á tɔge ni dem konto se ko taa vei wuu mo. 32Chana kam da nogo dɛ dem dedaan-ni maŋa ne, se ko vo ko yi ka da fuga dɛ dem dedaan-ni maŋa ne, de wó taa ye siu dɛ mo de pa abam, se á peene á tete de wone.”
Vwoa chwiim kuri dem
Nwoŋim 23:16; Jeelim 29:12-34; Nia Gulim 16:13-15
33 Baŋa Wɛ ma ta de Moses o we:
34“Ta de Isarele tiina bam we: Bene maama wone chane serepɛ chana kam da fuga-yanu dɛ dem ne se á bobo á di Vwoa chwiim kuri dem. Ba nam wó di-de da yarepɛ mo. 35Kuri dem boboa dɛ dem wone, se á jeeri daane á zuli Wɛ ye á bá toŋe á dɛ dɛ totoŋa yam. 36Ko woli da, da yarepɛ yam konto dɛ maama wone, á wó ta‑á jaane wodiu pɛɛra mo á tui á kaane á pae Baŋa Wɛ. Da nana dɛ dem ne, se á daa jeeri daane á zuli Wɛ. Á laam maa wó kwei wodiu pɛɛre á kaane á pa Baŋa Wɛ á kweeli. Dɛ dem konto ye de yera Wɛ ŋwaane mo. Á ba jege se á toŋe á dɛ dɛ totoŋa yam de wone.
37Kura yalo Baŋa Wɛ na zege se Isarele tiina bam taa di bene maama wone to mo konto. Á wó pa ya taa ye da yalo á na wó jeeri daane ya wone á zuli Wɛ, ye á jaane wodiu pɛɛra á tui á pa Baŋa Wɛ to mo. Pɛɛra yam konto wó taa ye zwɛɛm kaanem pɛɛra, de wodiu pɛɛra, de wo-nyɔɔro pɛɛra, de kaanem delo maama á na wó ke á pa Wɛ to mo. Á wó ta‑á jaane pɛɛra yam á tui da yalo na maŋe de-ya to mo. 38Abam nam wó taa di kura yanto á woli de Wɛ siu da yam maama. Pɛɛra yam konto mo á ta wó woli de pɛɛra yalo á na yeini á jaane á tui á pae Baŋa Wɛ to, dedaane pɛɛra yalo á na ke wo-ywoŋo ŋwaane naa ni-gwonim ŋwaane to.
39Konto to, chane serepɛ chana kam da fuga-yanu dɛ dem ná yia ye á zage á kare wodiiru maama á ti, se á bobo á di kuri dem konto. Á wó kwei da yarepɛ mo á di-de. De boboa dɛ dem ne wó taa ye siu dɛ mo. De da nana dɛ dem na ti kuri dem to de maa ye konto. 40Da yam konto boboa dɛ dem ne, se á beeri tio bu-laaro, de konkwara tio-nɛ, de teeni dwi dwi vɔɔro, de nabara ni teeni, ye á kwei-ya á ma‑á zuli á Tu Baŋa Wɛ wom da yarepɛ yam wone. 41Bene maama chane serepɛ chana kam wone á wó kwei da yarepɛ mo se á di kuri dento á zuli Baŋa Wɛ. Abam de á dwi dem jege se á ta‑á tɔge ni dento mo se ko taa vei wuu. 42Abam balo na ye Isarele tembia to ye se á chwi vwoa mo, se á jeini ya kuri ne da yarepɛ. 43Konto mo wó pa se á bia lɔre we amo déem na jaane ba nabaara bam a nwoŋi Ejipti wone to, a pɛ se ba zoore vwoa wone mo. Amo mo ye abam Tu Baŋa Wɛ wom.”
44Moses déem tage tento maama o bere Isarele tiina bam ba na wó taa di kura yalo Baŋa Wɛ na tiŋi o pa-ba se ba taa zuli‑o ya wone to mo.",https://www.bible.com/bible/3661/LEV.23.KBG
CHULLU 24,"Wara-vwei dem min-zwonnu tem
1 Baŋa Wɛ ta ma ta de Moses o we:
2“Ta de Isarele tiina bam se ba ja Olivi nuga kalo na ye chekke to ba ba ba pa‑m min-zwonnu tem ŋwaane. Konto mo wó pa se te mini taa di taa, ye de ba dwia. 3Dɛ maama wɛ-zoore maŋa ne, Aron wó nii mo se min-zwonnu tem taa di Baŋa Wɛ yiga ne taa, se tega vo ka poore. Te nam wó taa wo wara-vwei di-yuu kom ne mo mɛ gare-jale dem na kwoli ni-gwonim dakaa kam to. Abam de á dwi dem wó taa tɔge ni dento mo taa wuu. 4Aron maa wó pa se min-zwonnu tem taa zege sabu-seŋa min-zwon-zego kom yuu ne konto, se te mini taa di taa Baŋa Wɛ yiga ne.
Wara-vwei dem bworobworo kom
5Nam viiri-na mun-bwei se á ma-de á wɔ bworobwooru fuga-telei. Abam wó kwei muni bwɛ sena mo á ma á ke bworobworo maama. 6Laam kwei-na bworobwooru tem á tiŋi gene selei. Teredo wó taa wo gena maama wone. Te nam wó taa tigi tabolo kolo sabu-seŋa na kwoli ko maama ye ko zege Baŋa Wɛ yiga ne to baŋa ne mo. 7Ta kwei-na talwoŋ-ywoŋa á ke gena maama wone, se kanto leiri bworobwooru tem yuu ne ka ji wodiu pɛɛre ka pa Baŋa Wɛ. 8Wɛ siu dɛ maama wone, Aron wó tiŋi bworobwooru tem konto mo Baŋa Wɛ yiga ne. Isarele tiina bam jege se ba taa ke konto mo maŋa maama se ko taa vei wuu. 9Bworobwooru tem konto ye Aron de o bia bam nyem mo. Ba nam jege se ba di-te jeiga kalo na ye wose to ne mo, te na tiini te ye wose to ŋwaane. Baŋa Wɛ pɔɔre-te o pɛɛra yam maama wone se te taa ye kaanem tiina bam nyem mo.”
Nɔɔno ná lwɛ Baŋa Wɛ kotu na wó na waarem delo to
10-11Nɔɔno wodwoŋi déem wora o kwo na ye Ejipti tu. O nu maa ye Isarele tu, o yere mo Selomifa. Wonto kwo yere mo Dibiri, ye o nwoŋi Dan dwi dem wone. Nɔɔno wom déem nwoŋi o ke jara de Isarele tu ba zoorem jei sem ne. Ba jara yam ne, mo nɔɔno wom sɔɔle lwarem o ma lwɛ Baŋa Wɛ yere dem. Ba ma ja‑o ba vo Moses tei. 12Ba ma ja nɔɔno wom ba pe, ye ba daare ba cheigi se Baŋa Wɛ veere o boboŋa o bere-ba nɔɔno wom taane dem baŋa ne.
13 Baŋa Wɛ laam ma ta de Moses o we:
14“Ja-na nɔɔno wom á nwoŋi abam na zoore mɛ to á vo dáa. Balo maama na nigi nɔɔno wom ta-balɔrɔ to maa wó daŋe ba je o yuu ne. Isarele tiina kɔ-fɔrɔ kom laam maa wó dole‑o de kandwa ba go. 15Nam ta de Isarele tiina bam maama we, wolo ná lwɛ o Tu Wɛ wom, konto tu tusim dem wó taa wo o yuu ne mo ye o maŋe se o na waarem. 16Wolo maama ná yaale Baŋa Wɛ yere, konto tu jege se o te mo. Á kɔgɔ kom maama jege se á dole‑o á go mo. O ná ye Isarele tu, naa o ye veiru mo de, kotu maŋe se o te mo.
17Nɔn-goro waarem ye se ba go o de mo. 18Nɔɔno nam ná go o dwoŋi varem, se o jwoori o yiri varem o pa varem wom tu. Woŋo kolo na ŋwe to mo wó leiri woŋo kolo na gɛ ko ŋwea to yuu ne. Ŋwea mo ba wó yiri ba ma ba leiri ŋwea. 19Nɔɔno ná ke zonne o dwoŋi yera ne, se ba ke o de zonne se de maŋe de zonne delo o na ke o dwoŋi wom yera ne to. 20Wolo ná bwori o dwoŋi yera kua, se ba bwori kotu de yera kua. Yi mo ba wó le ba ma leiri yi. Yeili de mo ba wó guri ba ma leiri yeili. Zonne delo maama o na ke o dwoŋi yera ne to, mo ba wó ke o de yera ne. 21Nɔɔno ná go varem, se o jwoori o yiri varem wom o pa o na go wolo varem to. Wolo nam ná go o dwoŋi nabiinu, se ba go o de. 22Ni dento zege de pae Isarele tiina maama mo, de veira balo na zoore de abam to. Amo mo ye abam Tu Baŋa Wɛ wom.”
23Moses ma yɔɔre o kwei Wɛ nia yam konto maama o pa Isarele tiina bam. Ba laam ma ja nɔɔno wom ba nwoŋi ba kɔgɔ kom zoorem jeiga kam ba vo dáa. Ba ma dole‑o de kandwa ba go. Konto to, Isarele tiina bam déem ke ne Baŋa Wɛ na pɛ Moses ni se ba ke tei to mo.",https://www.bible.com/bible/3661/LEV.24.KBG
CHULLU 25,"Bena yarepɛ bene dem
Nwoŋim 23:10-11; Nia Gulim 15:1-11
1Moses déem na wo Sinayi peo kom yuu ne to, Baŋa Wɛ ma ta ded‑o o we:
2“Ta de Isarele tiina bam we: Abam ná zo tega kalo amo Baŋa Wɛ na lage a pa abam se á ta‑á tei to wone, se á pa tega kam sii bene delo maama na ke yarepɛ to wone. 3Kwei-na bena yaredo se á du á kadwi, de á kare sem wone. Nam ta fɔge-na á kwɛ á Vini teeni, se á daare á la á wodiiru á zo diga bena yaredo wone. 4Se ko ná ye bena yarepɛ bene dem, yage-na tega kam se ka de sii. De wó taa ye siu bene mo de pae Baŋa Wɛ. Yé du-na á kadwi de á kare wone, nam yé kwɛ-na á Vini teeni dem. 5Ko ná ye wodi-twaro telo na ke te tete yerane to, yé la-te á ja á zo diga. Ta yé gwori-na Vini tio-bia balo teeni dem na leiri de tete yerane to. Bene dem maama wone, tega kam wó yɔɔre ka sii mo. 6De ko de, ka ta wó ke wodiiru ka pa abam, pa se abam tete, de á kabɛ, baara de kaana maama, de balo á na jene se ba toŋe ba pa abam to, de veira balo na zoore abam tei ne to, 7de á sɔŋɔ vara, de kago-vara maama di te wone mo. Á jege chwoŋa se á di wodiiru telo maama tega kam na ke to.
Wonnu yirim bene dem
8Yeini á jeeli bena yarepɛ yarepɛ kuni berepɛ, se bena finna-nogo kɛ. 9Bena finnu bene dem ne, ko ná yi chane serepɛ chana kam da fuga dɛ ne, á wó pa se ba taa kare tega kam jei maama ne ba wui nabwanno. Wɛleera saarem dɛ dem ne mo á wó ke konto. 10Abam wó pɔɔre bene dem konto se de taa ye de yera Wɛ ŋwaane. Á wó taa kare tega kam maama ne á tɔɔle á bere nɔɔna maama we wonnu yirim bene dem mo yia. De ye ywoni dim bene mo de pae abam. Abam wolo maama ya ná kwei o nabaara tega o yeigi, se kotu jwoori o taa tei-ka. Ba ná yeigi wolo se o ji kabaa, se kotu de jwoori o chorro tei zɛɛra. 11Bena finnu bene dem na ye ywoni dim bene de pae abam to ŋwaane, yé du-na á kadwi de á kare wone, nam yé la-na wodi-twaro á ja á zo diga. Ta yé gwori-na Vini tio-bia balo teeni dem na leiri de tete yerane to. 12Bene dem konto maama ye de yera mo Wɛ ŋwaane. Nam di-na á kadwi de á kare wodiiru telo na ke te tete yerane to.
13Wonnu yirim bene dem konto wone, abam wolo maama ya ná kwei o nabaara tega o yeigi, se kotu jwoori o taa tei-ka. 14Konto ŋwaane abam ná lage á yeigi tega á pa daane, nam lɔre-na se á yé pini daane. 15Nmo ná boŋe se n yeigi tega n dwoŋi tei ne, se n jeeli ka sabu se ko maŋe de bena yalo na maŋe ya kɛ ya gaale wonnu yirim bene dem to. N dwoŋi wom maa wó jwoŋi sabu se ko maŋe de bena yalo ta na daare se á ta‑á zage wodiiru ye wonnu yirim bene dem daa yi to. 16Bena yalo na daare to ná daga, se tega kam sabu ke ko ke yiga ne. Wonnu yirim bene delo nam daa na beene to ná twɛ se de yi, se á pa sabu kom tu tega. Kokuri to, tega kam tu lage o yeigi wodiiru zagem bena mo o pa o dwoŋi wom. 17Ta‑á kɔre-na á Tu Wɛ wom, se á yé pini daane. Amo mo ye abam Tu Baŋa Wɛ wom.
18Nam tɔge-na amo nia yam, de a bera yam maama se á ta‑á ke-ya. Konto wó pa se á ta‑á zoore tega kam wone de wo-zuru. 19Tega kam de nam wó ke wodiu lanyerane ka pa abam, se á ta‑á di á sui ye á jege yazura.
20Nɔɔno nam wae o bwei we, ‘Bɛ mo dé nam wó di bena yarepɛ bene dem wone, ye dé ba jege chwoŋa se dé du tega ne, dé maa dae se dé zage wodiu dé zo diga?’ 21Ko na ye tei to, amo Baŋa Wɛ wó swɛ tega kam swolim pa se bena yaredo bene dem wone, abam kare sem, de á kadwi sem ke wodiu kolo na wó yi bena yatɔ to. 22Bena nana bene dem ná yia ye á lage á du tega kam ne, á ta wó ta‑á jege wodiu kolo á na zage bena yaredo bene dem wone to á di. Á ta wó di wodiu kom konto se ko yi bena nogo bene dem wodiiru zagem maŋa kam.
23Abam dae se á kwei tega á yeigi á pa nɔɔno se kotu taa tei-ka taa wuu. Tega kam ye amo Baŋa Wɛ nyem mo. Abam ye veira mo amo na sɛ se á ta‑á jege-ka á toŋa. 24Á ná jege tega jei selo maama ne ye á yeigi-ka á pa daane, chwoŋa wó taa tigi mo se tega kam tu jwoori o yeigi-ka.
25Yiniga ná tiini ka ja abam wolo, pa se konto tu kwei o tega o yeigi, o yera nɔɔno wolo na maŋe se o nii‑o to wó jwoori o yeigi tega kam se ba taa tei-ka. 26Yiniga tu nam ná kwei o tega o yeigi, ye o ná ba jege yera nɔɔno se kotu jwoori o yeigi-ka, kotu jeŋa ná tu ka gara pa se o boŋe se o jwoori o yeigi o tega kam o ya na kwei-ka o yeigi o pa wolo to tei ne, 27o jege chwoŋa se o ke konto. O nam wó jeeli bena yam se ko zege maŋa kalo o ya na yeigi-ka o pa nɔɔno wom to, ye o laam ŋwe tega kam sabu o pa‑o se ko maŋe de bena yalo ta na daare to. O daa maa wó jwoori o taa tei tega kam. 28Kotu nam ná ba jege sabu se o ŋwe ne ko na maŋe tei to, wolo na yeigi tega kam o tei ne to nam mo wó taa tei-ka se ko yi wonnu yirim bene dem. Maŋa kam konto ne mo ba laam wó kwei tega kam ba jwoori ba pa ka tu.
29Wolo ná jege o sɔŋɔ teo kolo na lɔge ko pe to wone, ye o kwei-ko o yeigi o pa nɔɔno wodwoŋi, o jege chwoŋa se o kwei bene dedwe o jwoori o yeigi-ko nɔɔno wom tei ne. 30Bene dedoa nam ná kɛ, ye kotu ná ware se o jwoori o yeigi o sɔŋɔ kom, chwoŋa daa tera se o jwoori o yeigi-ko. Ko lɛɛre ko ye wolo na yeigi-ko to de o dwi dem nyem mo se ko taa vei wuu. Wonnu yirim bene dem ná yia, sɔŋɔ kom daa bá jwoori ko ji wolo na yeigi-ko o pa to nyem. 31Ko daare sam na wo te-balwa balo na wo lɔge ba pe to wone, dento kikia nye de tega yeiga na ye tei to mo. Wolo ná kwei o sɔŋɔ kom konto o yeigi, kotu jege chwoŋa se o jwoori o yeigi-ko maŋa de maŋa. Ko maa ná yi wonnu yirim bene dem, ba wó jwoori ba kwei-ko ba pa kotu mo.
32Ko nam ná ye Levi dwi tiina na zoore teene delo wone to, Levi dwi tu wolo ná yeigi o sɔŋɔ o pa nɔɔno wodwoŋi, kotu jege chwoŋa se o jwoori o yeigi-ko nɔɔno wom tei ne maŋa de maŋa. 33Ba ná yeigi sɔŋɔ kolo maama na wo Levi tiina teene dem wone to, chwoŋa wora se ba jwoori ba yeigi-ko maŋa de maŋa. Wonnu yirim bene dem ná yia, sɔŋɔ kom wó jwoori ko ji Levi dwi tu wom nyem mo. Kokuri to, sam delo na wo Levi dwi tiina teene dem wone to yerane mo ye banto jejegero Isarele dwi tiina tega kam maama wone. 34Ko daare ko ná ye vara pwoli selo na kaare Levi tiina teene dem to, chwoŋa tera se ba kwei-se ba yeigi. Tega kam konto ye ba nyem mo se ko taa vei wuu.
Yiniga tiina wolim taane
35Abam chorro Isarele tiina bam wolo ná ware se o nii o tete baŋa ne o yiniga ŋwaane, se á woli kotu ne á na wó ke tei de veira balo na zoore abam tei ne to. Konto wó pa se o de wane o zo de abam. 36Nmo ná jene sabu n pa yiniga tu, se n yé pa se o ŋwe sabu-daŋɔ o pa‑m. Nam kɔre-na á Tu Wɛ wom! Woli-na á dwonna bam se ba taa zoore á tei ne. 37Ko dae se á dɔne nyɔɔre á chorro tem baŋa ne de á na jene kolo maama á pa-ba to, ne ko ná ye sabu, naa wodiu de.
38Amo mo ye abam Tu Baŋa Wɛ wom. A déem jaane abam a nwoŋi Ejipti ne se a daare a pa abam Kanaan tega kam, se a taa ye abam Tu Wɛ wom mo.
39Abam chorro Isarele tiina bam wolo yiniga ná jaane‑o pa se o kwei o tete o yeigi o pa‑m se n ta‑n tei‑o, ko dae se nmo pa o taa toŋa o pa‑m ne kabaa tei. 40Yage se o taa zoore nmo tei ne, ne o ye veiru naa wolo n na jene se o toŋe o pa‑m to. O nam wó taa toŋa o pa‑m se ko taa nii wonnu yirim bene dem maŋa mo. 41Bene dem konto ná yia, se n yage o de o bia se ba viiri. O wó jwoori o sɔ-yuu tiina bam tei mo se o taa zoore o nabaara tega kam baŋa ne. 42Chega to, Isarele tiina bam ye amo Baŋa Wɛ tontoŋena mo. Amo mo jaane-ba a nwoŋi Ejipti wone a ba ywo-seeni. Konto ŋwaane ko dae se nɔɔno yeigi-ba ne kabɛ tei to. 43Yé bɛɛse-ba-na! Nam kɔre-na á Tu Wɛ wom se á ta‑á sɛ o ni.
44Abam nam jege chwoŋa se á vo teene delo na gilimi abam to wone á yeigi kabɛ, á pa á tete. 45Ko ta ná ye dwi-gɛ tiina balo na tu ba zoore abam jei sem ne to, de ba bia, á ta jege chwoŋa se á yeigi-ba se ba ji á kabɛ se á ta‑á tei-ba. 46Á ná tega á daare-ba, á wó wane á pa se ba ji á bia kabɛ, se ba toŋe ba pa banto de se ko taa vei ba toone. Ko daare ko ná ye á chorro Isarele tiina bam, yé bɛɛse-ba-na.
47Dwi-gɛ tu wolo na zoore abam jei sem ne to ná duni, ye yiniga ná jaane Isarele tu wodwoŋi pa se o kwei o tete o yeigi o pa dwi-gɛ tu wom naa o sɔŋɔ tiina, 48chwoŋa wora se ba jwoori ba yeigi Isarele tu wom veiru wom tei ne. Isarele tu wom choro mo wó jwoori o yeigi‑o. Ko ná ye o nyaane, naa o zembaaro, 49naa o kwo choro, naa wonto bu, naa o yera nɔɔno wodwoŋi mo, banto jege chwoŋa se ba jwoori ba yeigi‑o se o taa tei o tete. Ko nam dáa ná dae konto, kotu jeŋa ná tu ka gara, o wó wane o jwoori o yeigi o tete. 50Kotu wó jeini de wolo na yeigi‑o to, ye ba jeeli bena yam se ko zege maŋa kalo o na yeigi o tete to, se ko yi wonnu yirim bene delo na wó ba to. Sabu kolo kotu na wó ŋwe to jege se ko maŋe de ba na yeini ba jene nɔɔna ba toŋe ye ba ŋwe-ba tei to mo. 51Bena dedɛ nam ta ná dɔra se wonnu yirim bene dem yi, nɔɔno wom wó jwoori o ŋwe se ko maŋe de konto mo o pa veiru wom. 52Bena yalo na daare to nam ná ba daga, se o jwoori o ŋwe sabu fenfee ne ba na jeeli-ko tei to.
53Kotu ta ná wo veiru wom tei ne o toŋa, veiru wom jege se o ke‑o ne ba na jene nɔɔno bene de bene wone pa se o toŋe tei to mo. Yé sɛ-na se veiru wom taa jege Isarele tu wom o bɛɛsa. 54Nɔɔn-nɔɔno ná wo wane se o tɔge chwei sento maama wone se o jwoori o yeigi o dwoŋi Isarele tu, wonnu yirim bene dem ná yia, ba nam jege se ba yage Isarele tu wom se o de o bia viiri zɛɛra mo.
55Isarele tiina bam ye amo Baŋa Wɛ tontoŋena mo. Amo mo jaane-ba a nwoŋi Ejipti wone. Amo mo ye abam Tu Baŋa Wɛ wom.”",https://www.bible.com/bible/3661/LEV.25.KBG
CHULLU 26,"Ni-sɛɛm na wó ja Wɛ swolim delo de ba to
1“Yé zaŋe-na á ke jwona se á zuli-ya. Nam yé mɔ-na kamwaro, naa se á cheili kandwa, naa a sare-ya á pa se ya ji wa-yɔɔro se á zuli-ya. Amo mo ye abam Tu Baŋa Wɛ wom.
2Ta‑á yei-na amo siu da yam ni ne, se á daare á ta‑á nege amo wara-jei sem. Amo mo ye Baŋa Wɛ wom.
3Abam ná sɛ amo bera yam, ye á toŋe á tɔge amo nia yam, 4amo de wó toŋe doa se ka ne ka maŋa ne, se á wodiiru ke lanyerane. Abam teeni dem de maa wó lei bia dedɛ. 5Abam wodiiru na wó puli dedɛ konto to, abam ta wó ta‑á zage wodiiru mo ye á Vini tio-bia maŋe ba yi se á gwori-ba. Abam nam bá gwori á teeni bia á ti, de duum maŋa na yi se á du á wo-dwa. Abam wó ta‑á jege á di á sui á boboŋa, ye á zoore á tega kam ne de wo-zuru.
6Amo wó pa se á ta‑á zoore tega kam ne de yazura. Á maa wó peini á dɔ ye foone ba jege abam. Amo wó le kago-vara se ba yé taa wo abam tega kam wone, ye a daare a che á dona. 7Chega to, abam wó zeili á dona á di dam ba baŋa ne, ye á go-ba. 8Abam nɔɔna banu wó na dam se á zeili á dona bam nɔɔna bi. Abam nɔɔna bi de wó zeili ba nɔɔna morro fuga ye á wane-ba á go.
9Amo yiga wó taa wora de abam, pa se á na bia dedɛ ye á puli de dam. A maa wó su ni-gwonim delo a na tiŋi de abam to. 10Abam wodiiru na wó tiini te gaale to ŋwaane, ko ná yi se á zage wodiiru, ben-dwoori dem wodiu ta wó taa wo á tuli ne, pa se á dole-ko á yage se á na jei á ke á wodi-doŋo da.
11Amo maa wó ba a taa zoore abam tetare ne. Amo bere a bá yaale abam. 12Amo wó taa wo á tei ne. A maa wó taa ye abam Tu Wɛ wom, ye abam de wó taa ye amo nɔɔna. 13Amo mo ye abam Tu Baŋa Wɛ wom. A ma ja abam a nwoŋi Ejipti ne, se á daa yé ta‑á ye Ejipti tiina kabɛ. A ma chɔge dam delo ya na nye abam de se tega ne to, ye a jwoŋi abam pa se á vei ye á yuni wo wɛɛne.”
Zwabania taane
14“Abam nam ná ba sɛ amo kwora, ye á ba tɔge a nia yam maama, 15á ná nwoŋi amo bera yam kwaga ne, á daare á chɔge ni-gwonim delo a na ke de abam to, 16amo laam wó waare abam tento mo: lɛɛro wó yi abam lela, nenɛɛne jawe-chɛɛro, de sesa-dwonnu, de paa. Tento mo lage te dwei á yia, se á daare á bugi á jei. Abam ná dugi wodiiru, ko bá jwoŋi abam. Kokuri to, á dona mo lage ba vere-te á tei ne ba di ba daare abam. 17Amo tete mo lage a nwoŋi abam kwaga ne, pa se á dona di abam jara wone. Nɔɔna balo na chuli abam to wó di dam á baŋa ne. Á ta wó kwaane se á duri á lu ye nɔɔn-nɔɔno ba zeili abam.
18Tento maama nam ná yi abam ye á ta ve se á sɛ amo kwora, a laam wó pa se á waarem dem puli de ke da kuni berepɛ mo á wɛleera yam ŋwaane. 19Amo maa wó pa se á kamunim dem ba de tu tega. Amo wó che se doa yé ne ka pa abam, se á tega kam ko ye ka taa dana nenɛɛne luu na ye tei to. 20Abam totoŋ-dɛɛra yam maama bá ja kuri ya pa abam. Kokuri to, tega kam bá ke wodiiru ka pa abam, á teeni dem de nam bá lei bia.
21Konto maama nam ná kea, ye abam ta ná ve-ne, ye á ba sɛ a kwora kam, amo laam wó pa se á cham dem puli mo de ke kuni berepɛ de woli da. 22Amo wó saase kago-vara a yage abam yera ne mo. Ba maa wó go á bia, ye ba daare ba chɔge á vara bam. Á kɔgɔ kom wó ba ko mɔ, pa se nɔɔna daa bá taa wo á chwei sem yuu ne ba via.
23De konto maama de, abam ta ná ve amo koresem dem konto, 24amo de wó ve abam. A ta wó waare abam kuni berepɛ mo a daa woli da á wɛleera yam ŋwaane. 25A lage a pa se jara mo zaŋe abam de á dona tetare ne, abam na chɔge ni-gwonim delo amo na ke de abam to ŋwaane. Abam ná duri se á zo á te-kamunnu tem wone á seigi da se á lu, amo wó pa se jawe-chɛɛro ja abam dáane. Abam dona laam maa wó na chwoŋa se ba wane abam. 26Amo wó pa se á ga wodiu se á di. Bworobworo wɔɔm jeiga dedoa wone mo kaana fuga wó lare muni ba wɔ bworobworo se ba di sem tiina di. Ba nam ná chɛ bworobworo kom se ba pa daane, diga maama wó na fenfee yerane mo. Á ná nɛ wodiu, á bá wane-ko á di á su.
27De konto maama de, abam ta ná ba sɛ amo kwora kam ye á ve-ne, 28amo laam wó yɔɔre a le a bane mo se de zaŋe abam baŋa ne. Amo ta wó waare abam á wɛleera yam ŋwaane kuni berepɛ mo. 29Kana wó tiini ka ni abam mo pa se á ja á tete bia á di. 30Amo nam wó chɔge wara-jei bimbina yam mɛ á na vei da á kaane á wa yam to. A ta wó yigi á bimbina yalo á na zwɛ talwoŋa ya baŋa ne to a de tega ne. A laam wó dogele á twa a daŋe á jwona yam baŋa ne, ya na ye wo-yɔɔro to ŋwaane. Amo wó chuli abam. 31A maa wó pa se á teene dem ji di-dwonnu yerane, ye a daare a chɔge wara-jei selo á na vei da á zuli á wa yam to. Á ná zwɛ wonnu á pa-ne, te lwom bá pwoli a wo. 32Amo tete nam mo lage a chɔge á tega kam. Abam dona ná tu se ba zo ka wone, ko wó so-ba dedɛ. 33Amo wó zeili abam a jage a yage teene dedwonna wone, jara-keim ŋwaane. Abam maama wó nwoŋi á daare á tega kam mo se ka ji di-dwonnu yerane. 34-35Ko maa wó pa se tega kam na siu, ne ko ya na maŋe se ka na bena yarepɛ maama wone to. Abam ná zoore ka wone ye á wo pɔɔre siu bene dem á pa-ka, ka laam wó sii bena yalo maama abam na wó jage á ta‑á wo á dona bam teene dem wone to.
36Abam balo na wó wori to, amo wó pa á vɔna pare ye foone ja abam á dona teene dem wone. Vɔɔ tete ná siiri tega ne á wó duri mo ko dɔnne ŋwaane. Á wó boŋe we nɔɔna mo pare abam se ba ja ye á duri se á lu. Á wó to tega ne, ye nɔɔn-nɔɔno tera. 37Abam nam wó duri á tiri á to á daŋe da-baŋa ne, ye nɔɔn-nɔɔno ba pare abam. Abam bá ta‑á jege dam se á wane á dwoni de á dona. 38Á wó te á dona teene dem wone, pa se á dwi dem jei dáane. 39Abam wone balo fenfee na wó daare á dona teene dem wone to de maa wó bugi ba jei. Ko nam wó taa ye wɛleera yalo ba de ba nabaara na ke to ŋwaane mo ba lage ba bugi ba jei konto.
40Ko kwaga seeni, ba nam wó wane ba sɛ we ba de ba nabaara bam seene ba tusi, ye ba daare ba chuli ba wɛleera, de ba na ywori amo kwaga ne ye ba ve amo, 41pa se amo de ve banto ye a daare a zeili-ba a ja vo ba dona teene dem ne tei to. Ba ná seene ba tu ba tete ba daare ba leiri ba boboŋ-balwaaro tem, ye ba sɛ waarem delo amo na pɛ-ba to, 42amo de wó guli a ni-gwonim dem a na ke de ba nabaara Jakob, de Izaak, de Abaraham to. Amo ta wó guli ba tega kam gula se a fɔge-ka. 43Amo nam wó zeili-ba ba tega kam ne se ka wane ka na siu, ne ko ya na maŋe se ka sii bena yarepɛ maama wone tei to. Ba ná viiri ba daare tega kam, ka laam wó na siu konto dwoŋi. Ba jege se ba na waarem delo na wó maŋe de ba wɛleera yam to mo, ba na yɔɔre ba ve amo nia yam de a bera yam to ŋwaane.
44De ko de, ba ná maŋe ba wo ba dona teene dem wone, amo bá yɔɔre a ve-ba. Amo bá yiri ni-gwonim delo a na ke de-ba to ye a daare a chɔge-ba a ti. Amo mo ye ba Tu Baŋa Wɛ wom. 45A nam daa wó jwoori a guli ni-gwonim delo a na ke de ba nabaara bam to, ye a woli-ba. Amo déem jaane ba nabaara bam konto a ja nwoŋi Ejipti ne se a taa ye ba Tu Wɛ wom, ye dwi-gɛ tiina bam zege ba nia. Amo seene a ye Baŋa Wɛ wom mo.”
46 Baŋa Wɛ déem zege Sinayi peo kom yuu ne o tɔge Moses baŋa o pa Isarele tiina bam o nia yam, de o bera yam, de o chullu tem konto mo, se ba taa tɔga.",https://www.bible.com/bible/3661/LEV.26.KBG
CHULLU 27,"Nɔɔno na wó kwei ni Baŋa Wɛ tei ne to
1 Baŋa Wɛ daa ma ta de Moses o we:
2“Ta de Isarele tiina bam we: Wolo ná kwei o yera nɔɔno se o ma gwoni ni o pa Baŋa Wɛ, kotu wó wane o ŋwe sabu se ko leiri o nɔɔno wom yuu ne. Nɔɔno de nɔɔno kwora na maŋe de lu-nyenno sɛkɛle na ye chekke to mo tento:
3Baaro ná maŋe de bena finlei se ko yi bena fuseredo, se á ŋwe lu-nyenno sabu-dala finnu o ŋwaane.
4Kaane nam ná maŋe de bena yam konto, se á ŋwe lu-nyenno sabu-dala fintɔ o ŋwaane.
5Bakeira ná maŋe de bena yanu se ko yi bena finlei, se á ŋwe lu-nyenno sabu-dala finlei o ŋwaane.
Busankana nam ná maŋe de bena yam konto, se á ŋwe lu-nyenno sabu-dala fuga o ŋwaane.
6Bakeira ná maŋe de chana dedoa se ko yi bena yanu, se á ŋwe lu-nyenno sabu-dala yanu o ŋwaane.
Busankana bena nam ná maŋe de bena yam konto, se á ŋwe lu-nyenno sabu-dala yatɔ o ŋwaane.
7Baaro ná kwe o yi bena fuseredo o daŋe, se á ŋwe lu-nyenno sabu-dala fuga-yanu o ŋwaane.
Kaane nam ná maŋe de bena yam konto, se á ŋwe lu-nyenno sabu-dala fuga o ŋwaane.
8Nɔɔno wolo ná ke ni-gwonim dem konto, ye o ba jege sabu kolo na maŋe de ni dem to, se kotu ja o nɔɔno wom o yi kaanem tu tei. Kaanem tu wom ná nii nɔɔno wom, o laam wó jeeli ni-gwonim tu wom na wó ŋwe bagera se ko maŋe de o dam na wae tei to.
9Wolo nam ná kwei vara balo na maŋe de kaanem to se o ke ni-gwonim o pa Baŋa Wɛ, vara bam konto dwoŋi maama wó ji wose mo Baŋa Wɛ ŋwaane. 10Chwoŋa tera se kotu kwei vare-gaa o leiri wodwoŋi wom yuu ne. Ko ná maŋe ko ye o kwei vare-ŋom mo o leiri vare-nabwom yuu ne, o dae se o ke konto. Wolo nam ná ke konto, vara balei bam maama wó ji Baŋa Wɛ nyem mo. 11Ko nam ná ye varem wolo na wo maŋe de kaanem o pa Baŋa Wɛ to mo kotu lage se o ma o gwoni o ni dem, o nam wó ja varem wom o vo kaanem tu wom tei ne mo. 12Kaanem tu wom ná nii varem wom na jege lam tei to, o wó ta o bere nɔɔno wom o na wó ŋwe bagera to. O nam ná tage tei, ko zege konto mo. 13Varem wom tu nam ná lage se o jwoori o yeigi o varem wom, se o ŋwe varem wom sabu kom, ye o ta woli sabu kom popɔra dedoa senu maama wone.
14Nɔɔno nam ná kwei o sɔŋɔ se o ke-ko Baŋa Wɛ jeŋa ne, kaanem tu mo wó yi da se o nii ko dunni na mae tei to. Kaanem tu nam ná bere ko sabu se ko taa ye tei, ko zege konto mo. 15Sɔŋɔ kom tu nam ná lage se o jwoori o yeigi-ko, se o ŋwe ko sabu kom, ye o ta woli sabu kom popɔra dedoa senu maama wone. O ná ke konto, sɔŋɔ kom wó jwoori ko taa ye o nyem.
16Nɔɔno wolo ná fɔge o nabaara tega wone se o ke-ka Baŋa Wɛ jeŋa ne, ba wó jeeli ka kwora se ko maŋe de wo-dwa na wó maŋe tei se ba du ka wone to mo. Ba wó maŋe lu-nyenno sabu-dala finnu mo mena ywollu tetɔ maama ŋwaane. 17Ko ná ye wonnu yirim bene dem wone mo kotu kwei tega kam o pa Baŋa Wɛ, o wó ŋwe ka sabu jeelim maama na ye tei to mo. 18Se ko ná ye wonnu yirim bene dem kwaga ne mo o kwei-ka se o pa Baŋa Wɛ, ba wó jeeli ka sabu ni se ko maŋe de bena yagera ta na daare se wonnu yirim bene delo na beene to laam yi mo. Kotu bá ŋwe se ko yi ka sabu kom maama. 19Nɔɔno wom ná boŋe se o jwoori o yeigi o tega kam, se o ŋwe ka sabu kom, ye o ta woli sabu kom popɔra dedoa senu maama wone. O ná ke konto, tega kam wó jwoori ka taa ye o nyem. 20Kotu nam ná wo jwoori o yeigi-ka Baŋa Wɛ tei ne, ye o ná kwei-ka o yeigi o pa nɔɔno wodwoŋi, o daa ba jege chwoŋa se o jwoori o yeigi-ka. 21Wonnu yirim bene dem ná kaare de yi, ye ba lage ba kwei tega kam konto ba pa, ka wó yɔɔre ka ji wose mo Baŋa Wɛ ŋwaane. Ba jege se ba pɔɔre-ka ba pa Wɛ kaanem tiina se ba taa tei-ka taa wuu.
22Nɔɔno wolo nam ná kwei tega kalo na dae o nabaara tega ye o tete yeigi-ka nɔɔno wodwoŋi tei ne to mo se o ke-ka Baŋa Wɛ jeŋa ne, 23kaanem tu wom mo wó jeeli ka sabu ni se ko maŋe de bena yagera ta na daare se wonnu yirim bene dem yi to. Nɔɔno wom laam maa wó ŋwe ka sabu kom dɛ dem konto wone nɔɔ. Sabu kom konto ye Baŋa Wɛ nyem mo. 24Wonnu yirim bene dem ná yia, se nɔɔno wom kwei tega kam konto o jwoori o pa o na yeigi-ka wolo tei ne to, se wonto dwi dem taa tei-ka.
25Sabu kom konto maama dunni jege se ko tɔge wara-jei sem maŋem chekke mo. Sɛkɛle dedoa maa ye gɛra kuni finlei.
26Nɔɔn-nɔɔno ba jege se o kwei wo-kwea kalo o varem na loge to o ke Baŋa Wɛ jeŋa ne, ka na maŋe ka ye Baŋa Wɛ nyem to ŋwaane. Ko ná ye á naane dem wone, naa á pei sem wone, naa á bone dem wone, tento wo-kwe selo maama na ye wo-bɛ to ye Baŋa Wɛ nyem mo. 27Ko nam ná ye vara balo na wo maŋe de kaanem to wone wo-kwea, ka tu wom jege chwoŋa se o jwoori o yeigi-ka. O wó ŋwe ka sabu kom ye o ta woli sabu kom popɔra dedoa senu maama wone. Kotu nam ná wo jwoori o yeigi varem wom konto, ba jege chwoŋa se ba kwei‑o ba yeigi ba pa nɔn-gaa se ko maŋe de varem wom sabu na ye tei to.
28Wolo nam ná yɔɔre o kwei o woŋo kolo maama o ke Baŋa Wɛ jeŋa ne, ko ná ye o choro, naa o varem, naa o nabaara tega mo, woŋo kom konto yɔɔre ko ye wose mo Baŋa Wɛ ŋwaane. Nɔɔno wom daa ba jege chwoŋa se o jwoori o yeigi-ko, naa o kwei-ko o yeigi o pa nɔn-gaa, ko na ye Wɛ nyem taa wuu to ŋwaane.
29Ba nam ná pɔɔre nabiinu wolo ba yɔɔre ba ke Wɛ jeŋa ne chɔgem ŋwaane, chwoŋa daa tera se ba jwoori ba yeigi konto tu Baŋa Wɛ tei ne. Ba jege se ba go‑o mo.
30Tega kam wodiu popɔre fuga maama wone popɔra dedoa ye Baŋa Wɛ nyem mo, ne ko ná ye wodiiru, naa tio-bia de. Abam nam wó pɔɔre-ko se ko taa ye wose Baŋa Wɛ ŋwaane. 31Nɔɔno nam ná boŋe se o jwoori o yeigi wodiiru tento telo, se o ŋwe te sabu kom ni ne ye o ta woli sabu kom popɔra dedoa senu maama wone. 32Sɔŋɔ vara fuga maama wone dedoa ye wose mo Baŋa Wɛ ŋwaane. Nam jeeli-na á vara bam maama se á le wolo na ye fuga tu maama to á pa Baŋa Wɛ. 33Abam ba jege se á paale á kuri á vare-ŋona de á vare-balwaaro wone, naa se á leiri balo á na maŋe á le to yuu ne. Abam ná kwei varem se á leiri wodwoŋi yuu ne á pa Baŋa Wɛ, vara balei bam maama nam wó taa ye Baŋa Wɛ nyem mo. Á ba jege chwoŋa se á jwoori á yeigi-ba de sabu.”
34 Baŋa Wɛ déem zege Sinayi peo kom yuu ne mo o ta o nia yam konto o bere Moses Isarele tiina bam ŋwaane.",https://www.bible.com/bible/3661/LEV.27.KBG
JEELIM 1,"Ba jeeli Isarele tiina bam ni
1Bena yalei bene dem chane selei chana kam boboa dɛ delo Isarele tiina bam na nwoŋi Ejipti teo kom ne to mo Baŋa Wɛ ŋɔɔne de Moses Sinayi kagoa kam ne. Wara-vwei dem wone mo o déem ŋɔɔne ded‑o ye o we:
2“Nmo de Aron jege se á jeeli Isarele tiina bam ni mo. Jeeli-ba-na sɔ-yuu de sɔ-yuu, diga de diga wone se á lɔre baaro maama de o yere. 3Á maa wó jeeli balo bam na yi bena finlei ba daŋe ye ba yi jara keim to ni, se á pɔɔre-ba kɔgɔ de kɔgɔ. 4Ko na ye tei to, dwi maama wó le ba sɔ-yuu yiga tu dedoa mo se kotu woli abam.
5-15Baara balo na zege dwi maama ŋwaane se ba woli abam de á totoŋe dem to yera mo tento:
Dwi dem Yiga tu wom
Ruben Sedura bu Elizura
Simeon Zurisadayi bu Selumeli
Judah Aminadabi bu Naason
Isakara Zuwara bu Netaneli
Zebulun Helon bu Eliabi
Josɛf bu Efrayim Amihuda bu Elisama
Josɛf bu Manasɛ Pedazura bu Gamaleli
Benjamin Gideoni bu Abidan
Dan Amisadayi bu Ahiyezera
Asere Ocharan bu Pageli
Gad Deweli bu Eliasafe
Nafitali Enan bu Ahira”
16Nɔɔna bam konto mo ba déem le Isarele dwia yam maama wone, se ba leiri ba kɔgɔ kom maama yuu ne ba toŋe totoŋe dem konto. Banto mo ye yiga tiina ba sɔ-yuni tem ne.
17Moses de Aron na lɔre nɔɔna bam konto yera yam to, ba déem ma seene ba ja-ba se ba woli totoŋe dem. 18Chane selei chana kam boboa dɛ ne mo ba bwoŋi Isarele tiina kɔ-fɔrɔ kom maama ba ke daane. Ba ma popone ba sɔ-yuni tem de ba di sem yera ba tiŋi. Ko ná ye baara balo maama na yi bena finlei ba daŋe to, ba déem popone nɔɔno maama de o yere. 19Ba ke se ko maŋe de Baŋa Wɛ na pɛ Moses ni se o ke tei to mo. Sinayi kagoa kam ne mo ba jeeli baara bam tento dwoŋi:
20-43Isarele dwia yam maama wone ba déem jeeli baara balo na yi bena finlei ba daŋe ye ba yi jara keim to ni. Ba ma popone ba yera ba tiŋi, nɔɔno maama de o sɔ-yuu kom de o diga kam mo.
Dwi dem Baara bam ni
Isarele bu-kwea Ruben 46,500
Simeon 59,300
Gad 45,650
Judah 74,600
Isakara 54,400
Zebulun 57,400
Josɛf bu Efrayim 40,500
Josɛf bu Manasɛ 32,200
Benjamin 35,400
Dan 62,700
Asere 41,500
Nafitali 53,400
44Moses de Aron dedaane Isarele yiga tiina fuga-balei bam déem na jeeli nɔɔna bam ni tei to mo konto. Nɔɔno maama nam zege o pae o diga kam mo. 45Ko nam ye Isarele tiina baara balo na yi bena finlei ba daŋe ye ba yi jara keim to mo ba jeeli ba ni. 46Baara bam maama maa ye nɔɔna morro bia yaredo de tetɔ, dedaane bia yanu de finnu (603,550).
47Ba déem nam wo jeeli Levi dwi tiina bam ba woli de dwia yadwonna yam. 48Kokuri to, Baŋa Wɛ déem ya maŋe o ta de Moses mo o we:
49“Abam ná lage á jeeli Isarele tiina bam ni, se á yé jeeli Levi dwi tiina bam á woli da. 50Ko nam na ye tei to, abam wó pa se Levi tiina bam mo taa nii amo wara-jei sem, dedaane jei sem konto wo zela yam baŋa ne. Banto mo wó yeini ba zeŋe wara-vwei dem de de zela yam ba ja kɛ. Ba ta wó taa toŋe de wo totoŋa ba pa-ne, se ba daare ba chwi ba vwoa ba che wara-jei sem. 51Abam ná lage á gɔ á vwoa yam se á vo jeiga kadwoŋi, ko ye banto mo wó gɔ wara-vwei dem, se ba ja-de ba kɛ. Á ná yi jeiga kam, banto mo wó chwi vwei dem jei-doŋa kam ne. Wolo maama ná dae Levi dwi tu ye o ná tiini o yi wara-vwei dem yera, se ba go konto tu.
52Ko nam ná ye Isarele tiina bam maama, ba jege se ba chwi ba vwoa mo sɔ-yuu de sɔ-yuu, se kɔgɔ maama taa jege tuta na popone ko yere jaja to. 53Ko daare, Levi tiina bam wó chwi ba vwoa ba kaare Wɛ wara-jei sem mo. Konto wó pa se ba che se nɔɔn-nɔɔno yé yi dáane se ko pa a bane zaŋe Isarele tiina kɔgɔ kom baŋa ne ko ŋwaane. Ko ye Levi dwi tiina bam mo wó taa nii wara-vwei dem wonnu maama baŋa ne.”
54Isarele tiina bam déem ma yɔɔre ba ke ba tɔge ni delo Baŋa Wɛ na pɛ Moses se ba ke to.",https://www.bible.com/bible/3661/NUM.1.KBG
JEELIM 2,"Ba na chwi ba vwoa yera yera tei to
1 Baŋa Wɛ déem ta ma ta de Moses de Aron o we:
2“Isarele tiina bam maama jege se ba chwi ba vwoa yam mo dwi de dwi na ye dáa dáa ba kaare wara-jei sem. Nɔɔno maama maa wó taa jege o kɔgɔ gwɛɛm yere de o sɔ-yuu kom yere na gweere ya bere jaja to.
3-9Ko ná ye wara-jei sem wɛ-puli seeni daa kam, dwia yanto mo wó jeini se Judah dwi dem taa wo ba yiga ne. Dwi maama wó jeini de ba yiga tu tento dwoŋi mo:
Dwi dem Yiga tu wom Baara bam ni
Judah Aminadabi bu Naason 74,600
Isakara Zuwara bu Netaneli 54,400
Zebulun Helon bu Eliabi 57,400
Ba maama: 186,400
Judah kɔgɔ kom mo wó to Isarele tiina kɔ-fɔrɔ kom yiga ne se ba taa via.
10-16Ko ná ye wara-jei sem tega-kuri seeni daa kam, dwia yanto mo wó jeini se Ruben dwi dem taa wo ba yiga ne. Dwi maama wó jeini de ba yiga tu tento dwoŋi mo:
Dwi dem Yiga tu wom Baara bam ni
Ruben Sedura bu Elizura 46,500
Simeon Zurisadayi bu Selumeli 59,300
Gad Deweli bu Eliasafe 45,650
Ba maama: 151,450
Ruben kɔgɔ kom konto mo wó saŋe Judah kɔgɔ kom se Isarele tiina kɔ-fɔrɔ kom taa via.
17Levi tiina bam nam mo wó zeŋe wara-vwei dem ba taa via kɔ-fɔrɔ kom tetare laŋa ne. Kɔgɔ maama wó taa via nenɛɛne ba na yeini ba chwi ba vwoa yam jei selo ne to mo, se nɔɔno maama taa vei de o kɔgɔ kom gwɛɛm yere na gweere de bere jaja to.
18-24Ko ná ye wara-jei sem wɛ-zoore seeni daa kam, dwia yanto mo wó jeini se Efrayim dwi dem taa wo ba yiga ne. Dwi maama wó jeini de ba yiga tu tento dwoŋi mo:
Dwi dem Yiga tu wom Baara bam ni
Efrayim Amihuda bu Elisama 40,500
Manasɛ Pedazura bu Gamaleli 32,200
Benjamin Gideoni bu Abidan 35,400
Ba maama: 108,100
Efrayim kɔgɔ kom konto mo wó saŋe ba ke batɔ tu se Isarele tiina kɔ-fɔrɔ kom taa via.
25-31Ko ná ye wara-jei sem baŋa seeni daa kam, dwia yanto mo wó jeini se Dan dwi dem taa wo ba yiga ne. Dwi maama wó jeini de ba yiga tu tento dwoŋi mo:
Dwi dem Yiga tu wom Baara bam ni
Dan Amisadayi bu Ahiyezera 62,700
Asere Ocharan bu Pageli 41,500
Nafitali Enan bu Ahira 53,400
Ba maama: 157,600
Dan kɔgɔ kom konto mo wó kweeli Isarele tiina kɔ-fɔrɔ kom maama wone ba taa via. Ba maama wó taa vei de ba kɔgɔ kom gwɛɛm yere na gweere de bere jaja to mo.”
32Ba déem na jeeli Isarele tiina kɔ-fɔrɔ kom sɔ-yuu de sɔ-yuu to, ba kɔgɔ kom maama na ke daane to ye baara morro bia yaredo de tetɔ, de bia yanu de finnu (603,550). 33Ko daare, ba déem wo jeeli Levi dwi dem ni ba woli Isarele kɔ-fɔrɔ kom ne. Ko maa ye se ko tɔge de Baŋa Wɛ na pɛ Moses ni se o ke tei to mo.
34Isarele tiina bam déem ma yɔɔre ba ke ba tɔge ni delo Baŋa Wɛ na pɛ Moses se ba ke to. Ba déem yeini ba chwi ba vwoa konto dwoŋi mo, sɔ-yuu de sɔ-yuu, kɔgɔ de kɔgɔ. Ba déem ta na gwɛ ba maa kɛ to, nɔɔno maama tɔge de o sɔ-yuu tiina mo o via.",https://www.bible.com/bible/3661/NUM.2.KBG
JEELIM 3,"Levi dwi dem taane
1Maŋa kam Baŋa Wɛ déem na ŋɔɔne de Moses Sinayi peo kom yuu ne to, Aron de Moses diga kam tiina mo tento: 2Aron déem jege bu-baara bana mo. Nadab mo ye o bakeiri-kwea. Abihu ma saŋe o kwaga, de Eleaza, dedaane Itamara. 3Ba déem nam lwogi nuga Aron bu-baara bam konto yuu ne mo ba le-ba se ba taa ye Wɛ kaanem tiina ye ba toŋe ba pa‑o. 4Baŋa Wɛ nam pɛ se Nadab de Abihu te mo. Kokuri to, Sinayi kagoa kam seeni mo banto déem kwei min-yɔɔ ba zwɛ se ba ma zuli Baŋa Wɛ, ye o wo pɛ chwoŋa se ba zwɛ mini dem konto dwoŋi. Ba maa ba jege bia. Konto ŋwaane, Eleaza de Itamara yerane déem mo toŋe Wɛ kaanem tiina totoŋe ye ba kwo Aron ta ŋwe.
5 Baŋa Wɛ ta ma ta de Moses o we:
6“Pa se Levi dwi dem nwoŋi ba zege kaanem tu Aron yiga ne, se ba taa toŋe ba woli‑o. 7Banto wó taa toŋe wara-jei sem totoŋa mo ba pae Aron de Isarele tiina kɔ-fɔrɔ kom maama. 8Ba wó taa nii wara-vwei dem wo zela yam baŋa ne, ye ba daare ba taa toŋe totoŋa yalo maama na maŋe de wara-jei sem to ba pae Isarele tiina bam. 9Pɔɔre Levi tiina bam se ba taa toŋe ba woli Aron de o bia bam. Le-ba Isarele dwi tiina bam maama wone se ba yɔɔre ba taa toŋe totoŋa yam konto yerane. 10Ko nam ye se n tiŋi Aron de o bu-baara bam mo se ba taa ye amo kaanem tiina. Nɔn-gaa ná tiini o yi wara-vwei dem yera, se ba go kotu.”
11 Baŋa Wɛ daa ta ma ta de Moses o we:
12“Amo kuri Levi dwi tiina bam mo se ba taa ye amo nyem. A le-ba Isarele tiina bam wone se ba leiri bakeiri-kwe selo maama abam na wó lo to yuu ne mo. 13Kokuri to, amo déem na go Ejipti tiina bakeiri-kwe sem maama to, a daare Isarele tiina bakeiri-kwe sem de ba vare-kwe sem mo se ba taa ye amo nyem. Levi tiina bam mo jege se ba leiri bakeiri-kwe sem yuu ne ba ji amo nyem. Amo mo ye Baŋa Wɛ wom.”
Ba jeeli Levi tiina bam ni
14Sinayi kagoa kam ne mo Baŋa Wɛ déem tage de Moses o we, 15“Jeeli Levi dwi tiina bam ni se ko tɔge de ba sɔ-yuni tem, de ba di sem. Nam jeeli ba baara balo na yi chana se ko taa vei to n popone ba yera n tiŋi.” 16Moses ma seene o ke tei Baŋa Wɛ na pɛ ni se o ke to.
17Levi bia bam yera mo tento:
Gereson, de Kohafe, de Merari.
18Gereson sɔ-yuni tem ye Libini de Simeyi mo. 19Kohafe sɔ-yuni tem maa ye Amiram, de Izehara, de Heboron, de Yuzeli. 20Merari sɔ-yuni tem de maa ye Mahili de Musi.
Levi dwi tiina sɔ-yuni tem mo konto.
Gereson sɔ-yuu kom de ba totoŋe dem
21Libini de Simeyi di sem déem nwoŋi Gereson sɔ-yuu kom wone mo. 22Ba baara balo na yi chana se ko taa vei ye ba jeeli ba ni to déem ye morro terepɛ de bia yanu (7,500). 23Banto sɔ-yuni tem déem mo jege se ba yeini ba chwi ba vwoa wara-vwei dem kwaga ne, de wɛ-zoore seeni. 24Gereson sɔ-yuu kom yiga tu wom déem ye Layeli bu Eliasafe mo.
25Ko déem ye Gereson sɔ-yuu tiina totoŋe mo se ba taa nii wara-vwei dem baŋa ne, de gwaaro telo na kwoli-de to, de gare-jale delo na leigi de ni dem ne to. 26Ba ta wó taa nii gare-jala yalo na kwoli wara-jei sem konkɔlɔ kom mɛ vwei dem tete de kaanem dakaa kam na wora to, de gare-jale delo na leigi konkɔlɔ kom ni dem ne to, de ŋone selo ba na mae ba chwi wara-vwei dem to. Ba ta jege se ba taa nii wonnu tem konto totoŋa yam maama baŋa ne se ya ke lanyerane.
Kohafe sɔ-yuu kom de ba totoŋe dem
27Amiram, de Izehara, de Heboron, de Yuzeli di sem déem nwoŋi Kohafe sɔ-yuu kom wone mo. 28Ba baara balo na yi chana se ko taa vei to déem ye morro nana de bia yaredo (8,600) mo. Banto totoŋe dem mo ye se ba taa nii wara-vwei dem wo zela yam baŋa ne. 29Ba sɔ-yuni tem déem mo jege se ba yeini ba chwi ba vwoa yam wara-vwei dem tega-kuri seeni. 30Kohafe sɔ-yuu kom yiga tu wom déem ye Yuzeli bu Elizafan mo.
31Ko déem ye Kohafe sɔ-yuu tiina totoŋe mo se ba taa nii Wɛ ni-gwonim dakaa kam baŋa ne, de tabolo kom, de min-zwon-zego kom, de kaanem dakɛ sem, dedaane zela yalo kaanem tiina bam na yeini ba kwei ba ma toŋe ba totoŋa to, de gare-jale delo na leigi de che Wɛ di-yun-gala kam to, dedaane wonnu tem konto maama totoŋa yam baŋa ne.
32Wɛ kaanem tu Aron bu Eleaza déem mo ye Levi dwi dem yiga tiina bam yuu tu. Ba ma tiŋi wonto se o taa nii balo maama na toŋe wara-vwei dem totoŋa yam to baŋa ne.
Merari sɔ-yuu kom de ba totoŋe dem
33Mahili de Musi di sem déem nwoŋi Merari sɔ-yuu kom wone mo. 34Ba baara balo na yi chana se ko taa vei ye ba jeeli ba ni to déem ye morro teredo de bia yalei (6,200) mo. 35Merari sɔ-yuu kom yiga tu wom déem ye Abihali bu Zureli mo. Banto sɔ-yuni tem déem mo jege se ba yeini ba chwi ba vwoa yam wara-vwei dem baŋa seeni.
36Ko déem nam ye Merari sɔ-yuu tiina totoŋe mo se ba taa nii ywoa yalo na jaane wara-vwei dem pa de zege to, dedaane da-gare sem, de ywoa yam, de dɛ sem na zege luuru telo baŋa ne to, de se zela yam maama baŋa ne. Ba ta jege se ba taa nii wonnu tem konto totoŋa yam maama baŋa ne mo. 37Ko ta ye Merari sɔ-yuu tiina totoŋe mo se ba taa nii wara-jei sem konkɔlɔ ywoa yam, de da-dɛɛra yam na zege luuru telo baŋa ne to, de paara yam, dedaane ŋone sem baŋa ne.
38Ko nam ná ye Moses, de Aron, de Aron bu-baara bam, ba yeini ba chwi ba vwoa yam wara-jei sem yiga ne mo, se ko jeeri wɛ-puli seeni. Banto mo lage ba taa nii wara-vwei dem de de totoŋa yam baŋa ne ba pae Isarele tiina bam. Nɔn-gaa ná tiini o yi wara-vwei dem yera, se ba go kotu. 39Levi dwi dem baara balo na yi chana ye Moses de Aron jeeli ba ni sɔ-yuu de sɔ-yuu, ne Baŋa Wɛ na pɛ-ba ni se ba ke tei to déem ye morro finlei-telei (22,000) mo.
Levi tiina de bakeiri-kwe sem jeilo kom
40 Baŋa Wɛ daa ma ta de Moses o we, “Jeeli Isarele tiina bakeiri-kwe selo maama na yi chana se ko taa vei to se n popone ba yera n tiŋi. 41Abam nam wó pa se Levi dwi tiina bam leiri á bakeiri-kwe sem yuu ne ba ji amo nyem. Amo mo ye Baŋa Wɛ wom! Levi tiina vara bam de wó leiri Isarele tiina maama vare-kwe sem yuu ne ba taa ye amo nyem.”
42Moses ma seene o jeeli Isarele tiina bakeiri-kwe sem ni, nenɛɛne Baŋa Wɛ na pɛ‑o ni se o ke tei to. 43Bakeiri-kwe selo na yi chana se ko taa vei ye ba popone ba yera to déem maa ye morro finlei-telei de bia yalei de fuserepɛ-batɔ (22,273).
44 Baŋa Wɛ laam ma ta de Moses o we:
45“Laam pɔɔre Levi tiina bam se banto leiri Isarele tiina bakeiri-kwe sem yuu ne ba ji amo nyem. Ta pɔɔre Levi tiina vara bam se banto de leiri Isarele tiina bam maama vare-kwe sem yuu ne. Levi dwi tiina bam wó taa ye amo nyem mo. Amo mo ye Baŋa Wɛ wom. 46Ko na ye tei to, Isarele tiina bakeiri-kwe sem ni daga ba dwoi Levi tiina bam ni na mae tei to, de nɔɔna 273. Abam jege se á jwoori á yeigi nɔɔna bam konto mo. 47Á wó ŋwe sɛkɛle sabu-dala yanu mo bu-kwea maama ŋwaane. Sabu kom konto dunni jege se ko tɔge wara-jei sem maŋem chekke na ye tei to mo. Sɛkɛle dedoa maa ye gɛra kuni finlei. 48Á wó kwei sabu kom konto á pa Aron de o bu-baara bam, se á ma‑á jwoori á yeigi bakeiri-kwe selo na dwoi Levi tiina bam ni na mae tei to.”
49Moses ma sɛ ye o jwoŋi bakeiri-kwe sem konto yera sabu se o jwoori o yeigi-ba. 50Sabu kom maama déem ye sɛkɛle sabu-dala moro dedoa de bia yatɔ de fuseredo-yanu (1,365) mo. Ko dunni maa tɔge wara-jei sem maŋem chekke na ye tei to. 51Moses laam ma kwei-ko o pa Aron de o bu-baara bam, nenɛɛne Baŋa Wɛ na pɛ ni se o ke tei to.",https://www.bible.com/bible/3661/NUM.3.KBG
JEELIM 4,"Kohafe tiina bam taane
1 Baŋa Wɛ déem tage de Moses o we:
2“Pɔɔre Kohafe tiina bam Levi dwi tiina badaara bam wone se n jeeli ba ni, sɔ-yuu de sɔ-yuu, diga de diga. 3Ko ná ye baara balo na jege bena fintɔ se ko taa vei bena finnu ye ba yi se ba toŋe Baŋa Wɛ wara-jei sem totoŋa to, se n popone banto yera n tiŋi. 4Kohafe tiina bam totoŋa yam konto ye se ba taa nii wonnu telo na tiini te ye wose to baŋa ne mo.
5Ko ná yeini ko yi se á gɔ á vwoa yam se á vo jeiga kadwoŋi, Aron de o bia bam mo wó zo wara-vwei dem wone ba pare gare-jale delo na chege Wɛ di-yun-gala kam to, se ba ma-de ba kwoli Wɛ ni-gwonim dakaa kam. 6Ba laam wó kwei twan-nyenno ba kwoli-ka, se ba daare ba kwei gare-yi delo nyenyego na ye nazwon-pupwia to ba ma ba pu-ka. Ko kwaga ne, se ba laam tore dakaa kam zeŋem dɛ sem ka yera ne.
7Ko maa ná ye tabolo kolo baŋa ne ba na yeini ba ke bworobworo kolo na tigi da Wɛ ŋwaane to, ba ta wó kwei gare-yi delo nyenyego na ye nazwon-pupwia to mo ba kwoli-ko. Ba laam maa wó kwei zon-tanlɛ sem, de talwoŋ-ywoŋa zwe sem, de kabeili sem, de sana pɛɛra kikeiri sem, ba zege ko baŋa ne. Bworobworo kom jege se ko yeini ko taa wo tabolo kom baŋa ne mo maŋa maama. 8Ba ná tigisi wonnu tento maama tabolo kom baŋa ne ba ti, se ba kwei gare-yi nasoŋo chwɛ-chwɛ ba lware ba pu-te, se ba daare ba ma twan-nyenno ba kwoli te maama. Ko kwaga ne se ba laam tore tabolo kom zeŋem dɛ sem ko yera ne.
9Ba ta wó kwei gare-yi delo nyenyego na ye nazwon-pupwia to ba ma kwoli min-zwon-zego kom, de ko min-zwonnu tem, de wonnu telo na fɔge te kwɛ mini dem to, de tentwarem zon-tanlɛ sem, dedaane nuga kabɔɔro tem maama. 10Ba jege se ba kukuli-ko mo, de ko yera zela yam maama, twan-nyenno wone, se ba laam kwei-ko ba daŋe ko zeŋem dɛ sem baŋa ne.
11Ba daa ta wó kwei gare-yi delo nyenyego na ye nazwon-pupwia to mo ba ma kwoli sabu-seŋa kaanem dakaa kam, se ba daare ba kwei twan-nyenno ba ma pu-ka. Ko kwaga ne se ba laam tore dakaa kam zeŋem dɛ sem ka yera ne.
12Aron de o bia bam ta wó kwaleme zela yalo maama ba na jege ba toŋe wara-jei sem wone to ye ba daare ba kukuli-te gare-yi delo nyenyego na ye nazwon-pupwia to wone. Ba laam maa wó kwei twan-nyenno ba ma ba pu te ni, ye ba daare ba kwei-te ba daŋe zeŋem dɛ sem baŋa ne. 13Ba ta wó kwoori tentwarem delo maama na wo zwɛɛm kaanem dakaa kam wone to mo ba yage, se ba daare ba kwei gare-yi na ye nasoŋ-pupwiu to ba ma kwoli-ka. 14Ba nam ta wó kwei zela yalo ba na jege ba toŋe kaanem dakaa kam totoŋa to mo ba tiŋi gare-yi dem konto baŋa ne. Ko maa ye mini zon-tanlɛ sem, de dɛ selo ba na jege ba chu ba le nɔna to, de sɛbullu tem, dedaane na-zwe sem mo. Ba ta wó kwei twan-nyenno mo ba ma ba pu te maama, ye ba laam tore dakaa kam zeŋem dɛ sem ka yera ne.
15Abam ná ti yiga se á gɔ á vwoa yam se á vo jeiga kadwoŋi, se Kohafe tiina bam ba ba zeŋe wara-jei sem yera zela de wonnu telo maama na woli ka totoŋa to se á kɛ. Ko nam ye se Aron de o bia mo da yiga ba kwoli wonnu tem konto. Te na tiini te ye wose te pae Wɛ to ŋwaane, Kohafe tiina yé dwei-te. Ba ná dwei te kolo, ba jege se ba te mo. Mo wonnu telo Kohafe sɔ-yuu tiina bam na jege se ba zeŋe ba ja kɛ to.
16Kaanem tu Aron bu Eleaza nam mo wó taa nii min-zwonnu tem wo nuga kam, de talwoŋ-ywoŋa kalo na wó zwɛ to, de dɛ dɛ wodiu pɛɛra yam, de Wɛ swolim nuga kam baŋa ne. Wonto ta wó taa nii wara-vwei dem dedaane de yera zela yalo maama na pɔɔre Baŋa Wɛ zula ŋwaane to baŋa ne.”
17 Baŋa Wɛ ta ma ta de Moses de Aron o we:
18“Yé pa-na se Kohafe sɔ-yuni dwi dem ti Levi tiina bam wone. 19Ba nam ná lage ba zeŋe zela yalo na ye wose to, ba na wó ke tei se ba yé te to mo tento: Aron de o bia bam mo wó zo wara-vwei dem wone se ba bere nɔɔno maama o totoŋe de woŋo kolo o na wó zeŋe to. 20Kohafe tiina bam tete nam ba jege chwoŋa se ba zo wara-vwei dem wone ba taa kare ba nii de yera zela yam, se ko yé pa ba te.”
Gereson tiina bam taane
21 Baŋa Wɛ déem tage de Moses o we:
22“Nam ta jeeli Gereson tiina bam ni, sɔ-yuu de sɔ-yuu, diga de diga. 23Ko ná ye baara balo na jege bena fintɔ se ko taa vei bena finnu ye ba yi se ba toŋe Baŋa Wɛ wara-jei sem totoŋa to, se n popone banto yera n tiŋi. 24Gereson tiina bam totoŋa yam de zela yalo ba na wó zeŋe to mo tento: 25Ba wó taa zeŋe wara-vwei dem tete, dedaane gare-jala yalo na kwoli-de to, de twan-nyenno telo na daŋe da to, de gare-jale delo na leigi vwei dem ni ne to, 26de gare-jala yalo na kwoli wara-jei sem konkɔlɔ kom mɛ vwei dem tete de kaanem dakaa kam na wora to maama, de konkɔlɔ kom ni gare-jale dem, dedaane gwaaro tem konto ŋone de te yera zela maama. Gereson tiina bam mo wó taa toŋe wonnu tem konto maama totoŋa yam. 27Aron de o bia bam mo wó taa nii Gereson tiina totoŋa yam baŋa ne. Á wó pa-ba ni se ba lɔre woŋo de woŋo kolo maama ba na wó zeŋe to. 28Mo totoŋa yalo Gereson dwi tiina bam na jege se ba taa toŋa wara-vwei dem ŋwaane to. Kaanem tu Aron bu Itamara nam mo wó taa nii-ba se ba taa toŋe ba totoŋa yam.”
Merari tiina bam taane
29“Ta jeeli Merari tiina bam ni, sɔ-yuu de sɔ-yuu, diga de diga. 30Ko ná ye baara balo na jege bena fintɔ se ko taa vei bena finnu ye ba yi se ba toŋe Baŋa Wɛ wara-jei sem totoŋa to, se n popone banto yera n tiŋi. 31Merari tiina bam na wó taa toŋe totoŋa yalo maama wara-vwei dem seeni to mo ye se ba zeŋe wonnu tento tem: ywoa yalo wara-vwei dem na leigi ya yera ne to, dedaane de da-gare sem, de de da-dɛɛra yam, de luuru telo baŋa ne dɛ sem na zege to, 32de da-dɛɛra yalo na kaare wara-jei konkɔlɔ kom to, de ya zegem wonnu tem, de paara yam maama, de ŋone sem, de zela yalo maama na wora totoŋa yam konto ŋwaane to. Á wó pa nɔɔno maama ni se o lɔre woŋo de woŋo kolo o na wó zeŋe to. 33Mo totoŋa yalo maama Merari dwi tiina bam na jege se ba taa toŋa wara-vwei dem ŋwaane to. Kaanem tu Aron bu Itamara nam mo wó taa nii-ba se ba taa toŋe ba totoŋa yam.”
Ba na jeeli Levi dwi tiina bam ni tei to
34Moses de Aron, dedaane Isarele kɔgɔ kom nakwa bam ma seene ba jeeli Kohafe tiina bam ni, sɔ-yuu de sɔ-yuu, diga de diga. 35Ko ná ye baara balo na yi bena fintɔ se ko taa vei bena finnu, ye ba yi se ba taa toŋe wara-jei sem totoŋa to, 36ba na gage-ba se ko tɔge de ba sɔ-yuni tem to, ba ye baara morro telei de bia yarepɛ de finnu (2,750) mo. 37Kohafe sɔ-yuni tem baara balo maama na toŋe wara-jei sem totoŋa, ye Moses de Aron jeeli ba ni to mo konto. Ba déem jeeli-ba se ko maŋe de Baŋa Wɛ na pɛ Moses ni se o ke tei to mo.
38Ba déem ma jeeli Gereson tiina bam ni, sɔ-yuu de sɔ-yuu, diga de diga. 39Ko ná ye baara balo na yi bena fintɔ se ko taa vei bena finnu, ye ba yi se ba taa toŋe wara-jei sem totoŋa to, 40ba na gage-ba se ko tɔge de ba sɔ-yuni tem to, ba ye baara morro telei de bia yaredo de fintɔ (2,630) mo. 41Gereson sɔ-yuni tem baara balo maama na toŋe wara-jei sem totoŋa, ye Moses de Aron jeeli ba ni to mo konto. Ba déem jeeli-ba se ko maŋe de Baŋa Wɛ na pɛ Moses ni se o ke tei to mo.
42Ba déem ma jeeli Merari tiina bam ni, sɔ-yuu de sɔ-yuu, diga de diga. 43Ko ná ye baara balo na yi bena fintɔ se ko taa vei bena finnu, ye ba yi se ba taa toŋe wara-jei sem totoŋa to, 44ba na gage-ba se ko tɔge de ba sɔ-yuni tem to, ba ye baara morro tetɔ de bia yalei (3,200) mo. 45Merari sɔ-yuni tem baara balo maama na toŋe wara-jei sem totoŋa, ye Moses de Aron jeeli ba ni to mo konto. Ba déem jeeli-ba se ko maŋe de Baŋa Wɛ na pɛ Moses ni se o ke tei to mo.
46Ko déem ma pa se Moses de Aron, dedaane Isarele nakwa bam jeeli Levi tiina bam maama ni, sɔ-yuu de sɔ-yuu, diga de diga. 47Ko ná ye baara balo na yi bena fintɔ se ko taa vei bena finnu, ye ba yi se ba taa toŋe wara-jei sem totoŋa ye ba zeŋe se zela to, 48ba maama déem ye baara morro nana de bia yanu de funɔnɔ (8,580) mo. 49Ba déem jeeli-ba se ko tɔge de Baŋa Wɛ ni dem mo. Moses ma pa se nɔɔno maama lɔre o totoŋe dem de woŋo kolo o na wó zeŋe to.
Konto to, ba déem jeeli Levi tiina bam maama ni nenɛɛne Baŋa Wɛ na pɛ Moses ni se o ke tei to mo.",https://www.bible.com/bible/3661/NUM.4.KBG
JEELIM 5,"Wɛ chullu tem digiru taane
1 Baŋa Wɛ déem tage de Moses o we, 2“Wolo maama ná jege jawe-chɛɔ na wae ko lɔgese nɔɔna to o yera ne, naa wolo yera na mo ná nwoŋi, naa wolo ná dwei too pa se o wo maŋe de chullu tem, se n pa Isarele tiina bam ni se ba le konto tu á na zoore jei selo ne to. 3Ko ná ye kaane naa baaro mo de, se á pa wolo maama na jege digiru Wɛ chullu tem seeni to nwoŋi o vo dáa, se kotu yé chɔge jei selo á na zoore ye amo wo á tetare ne to.” 4Isarele tiina bam ma sɛ Baŋa Wɛ ni dem konto ye ba pa ba maama nwoŋi ba vo dáa.
Tusim jene taane
5 Baŋa Wɛ daa ma ta de Moses o we:
6“Ta n bere Isarele tiina bam we: Baaro naa kaane wolo maama ná ywori Baŋa Wɛ kwaga ne ye o ke o chɔge o dwoŋi yiga, konto tu tusim dem wo o yuu ne mo. 7Wolo na tusi to mo jege se o chuli o tusim dem jaja, se o daare o ŋwe o na jaane kolo o chɔge to maama ni o jwoori o pa nɔɔno wom. O ta wó jeeli sabu kom popɔra dedoa senu maama wone o woli da o pa‑o. 8Nɔɔno wom nam ná tega ye o wo daare o yera nɔɔno se kotu jwoŋi tusim jene dem sabu kom konto, se á pa ko taa ye Baŋa Wɛ nyem. Wolo na tusi to wó ŋwe-ko o pa kaanem tu wom mo. O ta wó ja pi-bea o woli da o vo, se kaanem tu wom kwei-ka o ke kaanem se o le konto tu tusim dem Wɛ yiga ne o yage. 9Pɛɛra yalo maama Isarele tiina bam na yeini ba jaane ba tui wara-jei sem ne se ba ma zuli Baŋa Wɛ to wó taa ye kaanem tu wolo na jwoŋi-ya to nyem mo. 10Nɔɔno maama wae o kuri pɛɛra yalo o na wó pa Wɛ to. Kaanem tu maama nam wó taa tei pɛɛra yalo ba na kwei ba pa‑o to mo.”
Baara de kaana tetare laŋa taane
11 Baŋa Wɛ ta ma ta de Moses o we:
12-13“Nam ta de Isarele tiina bam we: Nɔɔno ná jege kaane, o kaane wom konto wae o chɔge o tete de baaro wodwoŋi. Keim dem konto ná seigi kan-baro wom yiga ne, ye nɔɔn-nɔɔno ná tera o na nɛ-de, 14baaro wom jege kazwe o zwe o kaane wom ŋwea de baara seeni, nenɛɛne o ná ywori o baro kwaga ne, naa o ná wo toŋe vwa de o baro wom. 15Ko ná ke konto dwoŋi, baaro wom wó ja o kaane wom mo o vo o yi kaanem tu wom tei. O ta wó kwei chaara muni bwɛ selei o kazwe sem ŋwaane, se pɛɛre dem konto pa chega kam nwoŋi pwooni ne. O nam yé lwo nuga muni dem wone o viiri, naa o daŋe talwoŋ-ywoŋa de baŋa ne. Kokuri to, muni dem ye pɛɛre delo baaro wom na jaane o ba o boboŋa daanem ŋwaane to mo, se ko pa o kaane wom tusim ba de lɔre jaja.
16Kaanem tu wom maa wó pa se kaane wom ba o zege Baŋa Wɛ yiga ne. 17O ta maa wó mɔ na balo na ye wose to o lwo o ke kasantana wone. O ta wó pɛ wara-jei sem tega kasolo ye o daare o yuŋi o viiri na bam wone. 18Kaanem tu wom wó pa se kaane wom zege da, ye o daare o bwoli kaane wom yu-kwala. O maa wó ke muni pɛɛre dem konto kaane wom jeŋa ne. Kaanem tu wom tete maa wó taa zei na-chɛɛra bam na lage ba ja waarem ba ba to o jeŋa ne. 19O laam maa wó pa se kaane wom pwooli o ni ye o ta we, ‘Nmo ná wo chɔge n tete de baaro wodwoŋi, Wɛ wó pa se sensɔle-balɔrɔ kolo na tɔge de na banto to yé ke‑m kolokolo. 20Ko daare, nmo na zoore de n baro to, n ná seene n nwoŋi o kwaga ne mo n vo n chɔge n tete de baaro wodwoŋi, 21-22Baŋa Wɛ wó pa se sensɔle-balɔrɔ taa tɔge‑m n dwi tiina bam wone, se n dwi tiina de sɔɔle lwarem ba yage n yera ne. Wɛ wó pa se, na banto ná zo n wo, se n yiga kam vɔ daane, se n puga kam de foose.’
Kaanem tu wom ná pɛ se kaane wom du duuri sensɔla kam ŋwaane, kaane wom de maa wó leiri we, ‘Ameena. Amo sɛ se ko ke konto.’
23Kaanem tu wom laam wó popone sensɔle-balɔrɔ kom konto o ke tɔnɔ wone. O maa wó seeri poponem dem o yage na-chɛɛra bam wone, 24se o laam kwei te maama o pa kaane wom se o nyɔ. Ko ma bere we sensɔle-balɔrɔ kolo na tɔge de na banto to zo o wone, se ko wane ko ke‑o zonne. 25Kaanem tu wom ta wó jwoŋi muni pɛɛre delo na wora kazwe ŋwaane to kaane wom jeŋa ne, se o zeiŋi-de wɛɛne o pa Baŋa Wɛ. O laam maa wó kwei-de o ja vo o twɛ kaanem dakaa kam. 26O wó zwɛ muni pɛɛre dem wone o ke o ja-bɔŋɔ ne. O laam maa wó zwɛ pɛɛre dem popɔra kanto dakaa kam baŋa ne se ko taa ye gulim pɛɛre ko pa Wɛ. Ko kwaga ne, o wó pa se kaane wom nyɔ na-chɛɛra bam. 27Kaane wom ná seene o chɔge o de o baro wom laŋa ne, ye na bam ná zo o wo, ba wó tiini ba ke‑o zonne mo, pa se ko taa jege‑o ko ni. O yiga kam wó vɔ daane, se o puga kam de foose. Kaane wom wó taa ye vɛɛsa mo o dwi tiina bam tei ne. 28O nam ná wo ke o chɔge ye o ba jege digiru Wɛ chullu tem seeni, kolokolo bá ke‑o. Chwoŋa ta wó taa wora se o lo bia.
29Á jege se á tɔge chwoŋa kam konto, nenɛɛne baaro ná jege o kaane ye o boboŋa ná daane‑o o kaane wom ŋwaane. Kaane wom ná seene o tusi mo, 30naa o baro wom boboŋa ná jege‑o ya daana konto dwoŋi, ye o yeiri chega kam o tia, á wó ke konto mo. Kaanem tu wom wó pa se kaane wom ba o zege Baŋa Wɛ yiga ne se o daare o ke chullu tem konto maama o yera ne. 31Ko ná tu we, kan-baro wom mo ba jege chega, se o kaane wom wo tole, ba ba jege se ba waare baaro wom ko ŋwaane. Kaane wom nam ná seene o tole mo, ba jege se ba waare‑o mo o tusim dem ŋwaane.”",https://www.bible.com/bible/3661/NUM.5.KBG
JEELIM 6,"Naziri tu na wó taa ke tei to
1 Baŋa Wɛ daa ma ta de Moses o we:
2“Ta de Isarele tiina bam we: Abam baaro wolo maama naa kaane ná gwoni ni se o taa ye Naziri tu ye o pɔɔre o tete o ke Baŋa Wɛ jeŋa ne, 3kotu nam taa yei ko ni ne se o daa yé nyɔ sana dwi dwi. Ko ná ye sa-dɛɛra, naa sa-nyɔna, naa Vini tio nyoa, se o yé zaŋe o nyɔ! O ta yé di Vini tio-bia, ba ná maŋe ba ko de. 4Kotu ta ná pɔɔre o tete se o taa ye Naziri tu, o yé di kolokolo na nwoŋi Vini teeni yera ne. O nam yé di de wo-dwa bam, naa o lɔɔre de wo-bia poro o done.
5Maŋa kalo maama o ta na pɔɔre o tete o ni-gwonim dem ŋwaane to, o ba jege se o fane o yu-ywei sem o yage. O nam yage-se se se taa dɔra, se ko bere we o pɔɔre o tete o pa Baŋa Wɛ se o taa ye wose mo. 6Da yam konto ne o ta ba jege se o yi too yera, o na kwei o tete o ke Baŋa Wɛ jeŋa ne to ŋwaane. 7Ko ná maŋe ko ye o kwo, naa o nu, naa o nyaane, naa o zembaaro, naa o nakɔ mo ná tega, se o yé yi too wom yera. Ko dae se o chɔge o ni-gwonim dem, o yu-ywei sem na bere we o pɔɔre o tete o pa Wɛ to ŋwaane. 8Maŋa kam maama wone o na pɔɔre o tete konto to, o ye wose mo Baŋa Wɛ ŋwaane.
9Nɔɔno nam ná pɔpɔ o te Naziri tu jeŋa ne mo, ko bere we o ni-gwonim dem mo chɔge, pa se o yu-ywei sem daa ba jege kuri. Kotu jege se o cheigi da yarepɛ wɛɛne mo, se o kwɛ o tete de chullu tem, ye o fane o yu-ywei sem. 10Tega na wó poore se ko taa ye da nana dɛ to, se o ja kunkwona balei, naa kunkwon-puura balei o vo wara-jei sem ne o pa kaanem tu wom. 11Kaanem tu wom wó kwei kunkwona bam dedoa o ma o ke wɛleera saarem kaanem nɔɔno wom ŋwaane, ye o daare o kwei kadwoŋi kam o ma o ke zwɛɛm pɛɛre kaanem. Naziri tu wom na tusi de o na yi too yera to ŋwaane, kaanem dem wó le o tusim dem Wɛ yiga ne. Dɛ dem konto ne mo ba wó jwoori ba kwɛ o yu-ywei sem Wɛ ŋwaane. 12Naziri tu wom nam jege se o daa jwoori o pɔɔre o tete mo o ke Baŋa Wɛ jeŋa ne. O na maŋe o pɔɔre o tete da yalo wone to daa ba jege kuri, too wom na pɛ se o chɔge o tete de chullu tem to ŋwaane. O maa wó kwei pi-bala na ye bene to, se ba ma ba ke wɛleera jene kaanem ba pa‑o.
13Nɔɔno ná gwoni ni o ma o pɔɔre o tete se o taa ye Naziri tu, ye o ni-gwonim maŋa kam ná ti, se o ke tento dwoŋi: Ba wó ja konto tu ba vo ba zege wara-jei sem ni ne. 14O laam wó ja vara batɔ na ba jege gɛɛ ba yera ne to mo o ba o ke kaanem o pa Baŋa Wɛ. O wó taa jege pi-bala na ye bene to, se o ma o ke zwɛɛm pɛɛre kaanem. O ta wó taa jege pi-chwɛ na ye bene to, se o ma o ke wɛleera saarem kaanem, ye o daare o taa jege pi-bɛa se o ma-ka o ke yazura pɛɛre kaanem. 15O nam ta wó taa jege tetɔgɔ de bworobwooru dwi dwi telo sabɔle na wo woli te wone to. Ba wó kwei mun-bwei ba viiri de nuga ba ma ke bworobwooru tedwonna, ye ba daare ba ke bworobworo-memena yalo na taare de nuga to. Kotu ta wó kwei wodiu pɛɛra de wo-nyɔɔro pɛɛra o woli da.
16Kaanem tu wom laam maa wó jwoŋi wonnu tem konto maama o ba o ke kaanem o pa Baŋa Wɛ. O wó ke wɛleera saarem kaanem se o daare o ke zwɛɛm kaanem dem. 17O maa wó kwei pi-bɛa kam, o woli de tetɔgɔ kom wo bworobwooru tem o ke Wɛ jeŋa ne, se o ma o ke yazura pɛɛre kaanem dem. O ta wó kwei wodiu pɛɛra yam dedaane wo-nyɔɔro pɛɛra yam o woli da o ke kaanem o pa Baŋa Wɛ.
18Ko kwaga ne Naziri tu wom wó zege wara-jei sem ni ne mo o fane o yuu. O maa wó kwei o yu-ywei sem na bere we o pɔɔre o tete Wɛ ŋwaane to o dole o de mini delo na wora de zwɛ yazura pɛɛre dem ŋwaane to wone.
19O na fane o yuu o ti to, kaanem tu wom wó kwei pi-bɛa kam vɔŋɔ kolo na saŋe ko be to, dedaane bworobwooru dwia yalei na wo tetɔgɔ kom wone to dedoa dedoa o ke kotu jeŋa ne. 20Kaanem tu wom maa wó jwoori o jwoŋi-te, ye o zeiŋi-te wɛɛne o pa Baŋa Wɛ. Wonnu tem konto ye Wɛ kaanem tu wom nyem mo se te woli de varem wom nyɔɔne delo o na zeiŋi wɛɛne to de chwei delo o na ke Wɛ jeŋa ne to. Konto ná ke ko ti, nɔɔno wom laam jege chwoŋa se o nyɔ sana.
21Naziri tu ná gwoni ni se o pɔɔre o tete Baŋa Wɛ ŋwaane, kotu jege se o tɔge nia yam konto mo. O jeŋa nam ná gara, o wó wane o ke o dwoni konto. Se o nam jege se o ke se ko maŋe de o na gwoni ni se o ke kolo maama to.”
Wɛ kaanem tu na wó swɛ nɔɔna bam swolim tei to
22 Baŋa Wɛ daa ma ta de Moses o we, 23“Ta n bere Aron de o bia bam ba na wó ke tei ba sɔɔle Wɛ swolim ba pa Isarele tiina bam to. Ba wó taa tɛ we:
24‘Baŋa Wɛ wó swɛ abam swolim,
se o daare o taa kwoli abam.
25 Baŋa Wɛ yibia wó jeeri abam seeni,
se o daare o ke zaane abam yuu ne.
26 Baŋa Wɛ wó pa se o yiga taa wo á wone,
se á ta‑á jege yazura.’
27Konto to, ba wó ma amo yere ba ma sɔɔle swolim ba ke Isarele tiina bam yuu ne. Amo maa wó seene a swɛ ba swolim.”",https://www.bible.com/bible/3661/NUM.6.KBG
JEELIM 7,"Wara-jei sem fɔgem pɛɛra
1Moses déem na yɔɔre o chwi wara-vwei dem o ti to, mo o kwei nuga o ma taare wara-jei sem de se wo zela yam maama se o pɔɔre-ya o pa Wɛ. O ta ma daare o taare kaanem dakaa kam, dedaane ka yera zela yam, ye o pɔɔre-te o pa Wɛ. 2Sɔ-yuni tem yiga tiina balo na nwoŋi Isarele dwia yam maama wone to laam ma ja pɛɛra ba vo wara-jei sem. Nɔɔna bam konto ye balo déem ya na jeeli nɔɔna bam ni to mo. 3Ba déem maa jege ba pɛɛra se ba ke-ya Baŋa Wɛ jeŋa ne. Ba ma ja torokooro teredo, dedaane nabɛ fuga-selei ba vo. Yiga tu maama déem jege o nabea mo, ye ba balei ke daane ba lage toroko dedoa. Ba ma ja-te ba vo ba yi wara-jei sem ni.
4 Baŋa Wɛ ma ta de Moses o we, 5“Jwoŋi pɛɛra yam nɔɔna bam tei ne, se Levi tiina taa ma-te ba toŋe wara-jei sem totoŋa. Kwei-te n pa Levi tiina bam se ko maŋe de nɔɔno maama totoŋe na ye tei to.”
6Moses ma seene o jwoŋi torokooro tem de nabɛ sem ye o kwei-te o pa Levi tiina bam. 7O déem kwei torokooro tem telei mo de nabɛ sena o pa Gereson tiina bam, se ko maŋe de ba totoŋa yam. 8O ma daare o kwei torokooro tena de nabɛ nana o pa Merari tiina bam, se te maŋe de banto de totoŋa yam. Wɛ kaanem tu Aron bu Itamara mo nii ba maama totoŋa yam baŋa ne. 9Se ko ná ye Kohafe tiina bam, Moses déem wo pɛ-ba torokooro naa nabɛ. Kokuri to, banto totoŋe dem ye se ba taa zeŋe wara-jei sem yera zela yalo na tiini te ye wose to mo ba bakale baŋa ne.
10Ba déem na kwei nuga ba ma taare kaanem dakaa kam se ba pɔɔre-ka ba pa Baŋa Wɛ ba ti to, mo yiga tiina bam ta jaane pɛɛra yadwonna ba woli da ba vo dakaa kam seeni se ba ke-ya Wɛ jeŋa ne. 11Baŋa Wɛ déem tage de Moses o we, “Dɛ maama wone yiga tiina bam dedoa mo wó ja o pɛɛra o ba se o ma fɔge o kwɛ dakaa kam o pa Wɛ.”
12-83Ba déem na tu ba pa ba pɛɛra yam tei to tɔge chwoŋa kanto mo:
Dɛ dem Dwi dem Yiga tu wom
1 Judah Aminadabi bu Naason
2 Isakara Zuwara bu Netaneli
3 Zebulun Helon bu Eliabi
4 Ruben Sedura bu Elizura
5 Simeon Zurisadayi bu Selumeli
6 Gad Deweli bu Eliasafe
7 Efrayim Amihuda bu Elisama
8 Manasɛ Pedazura bu Gamaleli
9 Benjamin Gideoni bu Abidan
10 Dan Amisadayi bu Ahiyezera
11 Asere Ocharan bu Pageli
12 Nafitali Enan bu Ahira
Yiga tiina bam konto maama dedoa dedoa déem na jaane pɛɛra yalo ba vo to nam ye bedwe mo. Ba dedoa dedoa pɛɛra yam déem ye:
Lu-nyenno zon-tanlaŋa dedoa, ka dunni na ye sɛkɛle bi de fintɔ (130) to.
Lu-nyenno ware-zoŋa dedoa, ka de dunni na ye sɛkɛle fuserepɛ (70) to.
(Lu-nyenno wonnu tem konto dunni déem tɔge wara-jei sem maŋem chekke na ye tei to mo.)
Zwe sem konto maama su dedaane mun-bwei delo na viiri de nuga se ba ma ba ke wodiu pɛɛre kaanem dem to mo.
Sabu-seŋa zoŋa kadwoŋi, ka dunni na ye sɛkɛle fuga ye ka su de talwoŋ-ywoŋa to.
Na-bala dedoa, de pi-bea dedoa, de pi-bala na ye bene to, se ba kwei-te ba ma ba ke zwɛɛm pɛɛre kaanem.
Bo-bala dedoa se ba ma ba ke wɛleera saarem kaanem.
Nabɛ selei, de pi-bɛ senu, de bo-bwaalo tenu, de pi-bale senu na ye bene to se ba ma ba ke yazura kaanem.
84-88Yiga tiina bam na jaane pɛɛra yalo se ba ma kwɛ kaanem dakaa kam ba pa Wɛ to ná ke daane, ya maama ye tento mo:
Lu-nyenno zon-tanlɛ fuga-selei, dedaane lu-nyenno ware-zwe fuga-selei, se maama dunni na ye sɛkɛle morro telei de bia yana (2,400) to, se ko tɔge wara-jei sem maŋem chekke na ye tei to.
Sabu-seŋa zwe fuga-selei, se maama dunni na ye sɛkɛle bi de finlei (120) to, se ko tɔge wara-jei sem maŋem chekke na ye tei to. Zwe sem maama déem su dedaane talwoŋ-ywoŋa mo.
Na-bale fuga-selei, de pi-bɛ fuga-selei, de pi-bale fuga-selei se dedoa dedoa na ye bene bene to, dedaane wodiu pɛɛra se ya tɔge ya woli da se ba kwei te maama ba ma ba ke zwɛɛm pɛɛra kaanem.
Bo-bale fuga-selei se ba kwei-se ba ma ke wɛleera saarem kaanem.
Nabɛ finlei-sena, de pi-bɛ fuseredo, de bo-bwaalo fuseredo, de pi-bale fuseredo se na ye bene dedoa dedoa to, se ba ma ba ke yazura kaanem.
89Moses déem ná yeini o zo wara-vwei dem wone se o ŋɔɔne de Baŋa Wɛ, o yeini o ni Wɛ kwora kam mo na ŋɔɔne ka nwoŋi Wɛ ni-gwonim dakaa kam baŋa seeni. Ko déem ye cherubi selei sem na zege dakaa kam ni-pugu kom baŋa ne to tetare ne mo Baŋa Wɛ yeini o ŋɔɔne de Moses.",https://www.bible.com/bible/3661/NUM.7.KBG
JEELIM 8,"Wara-vwei dem min-zwonnu tem
1 Baŋa Wɛ déem ma ta de Moses o we, 2“Ta de Aron se o zege min-zwonnu terepɛ tem min-zwon-zego kom baŋa ne, se te taa nyeene te pwooni te jeeri ko yiga kam seeni.”
3Aron ma sɛ ye o zege min-zwonnu tem pa te pwooni nyeene te jeeri ko yiga kam seeni, ne Baŋa Wɛ na pɛ Moses ni se o ke tei to. 4Ba déem ya kwei sabu-seŋa mo ba mage ba gɔgere min-zwon-zego kom maama, se ko zege ko kuri dem ne ko yi pun-kogela yam na wo ko baŋa seeni to. Ko maa ye Baŋa Wɛ déem na pɛ Moses ni se ba ke-ko tei to mo chekke.
Ba na pɔɔre Levi tiina bam ba totoŋa ŋwaane tei to
5 Baŋa Wɛ ta ma ta de Moses o we:
6“Nmo jege se n pɔɔre Levi tiina bam mo se ba taa ye ba yera de Isarele tiina bam maama, se n daare n kwɛ-ba de chullu tem. 7Nmo nam na wó kwɛ-ba tei to ye se n misi na mo ba yera ne wɛleera saarem ŋwaane. Ta pa se ba fane ba yera yam jei maama koro ba yage, se ba daare ba zare ba gwaaro. Keim dem konto wó kwɛ-ba. 8Ba laam maa wó ja na-bala, dedaane wodiu pɛɛre delo na maŋe to ba ba. Wodiu pɛɛre dem maa ye mun-bwei na viiri de nuga to mo. Nmo de maa wó ja na-bala kadwoŋi n ba se n ma‑n ke wɛleera saarem kaanem. 9Pa se Levi tiina bam ba ba zege wara-jei sem ni ne, se Isarele tiina kɔgɔ kom maama de ba ba jeeri da. 10Nmo ta wó pa se Levi tiina bam ba amo Baŋa Wɛ yiga ne, se Isarele tiina bam de kwei ba je ba daŋe ba baŋa ne. 11Aron maa wó kwei Levi tiina bam o ke amo jeŋa ne, ne o zeiŋi-ba amo yiga ne mo tei to. Ba ye Isarele tiina bam maama pɛɛre mo ba na kwei se ba taa toŋe ba pa-ne. 12Levi tiina bam laam wó daŋe ba je nabɛ selei sem yuni ne. Nabea dedoa ye se ba kwei-ka ba ke wɛleera saarem kaanem, se ba kwei kadwoŋi kam ba ke zwɛɛm pɛɛre kaanem delo na wó le Levi tiina bam wɛleera amo yiga ne to. 13Ta daare n pa se Levi tiina bam zege Aron de o bia bam yiga ne, ye n ke se ko taa nye de n zeiŋi-ba mo amo Baŋa Wɛ yiga ne.
14Nam ke konto se n ma‑n pɔɔre Levi tiina bam, se ba taa ye ba yera Isarele tiina bam maama wone. Levi tiina bam wó taa ye amo nyem. 15Nmo ná pɛ se ba kwɛ ba tete de chullu tem konto, ye n daare n kwei-ba n ke amo jeŋa ne, ba laam jege chwoŋa se ba taa toŋe wara-jei sem totoŋa. 16Banto mo wó leiri Isarele tiina bakeiri-kwe selo maama abam na wó lo to yuu ne. Amo mo kuri-ba se ba yɔɔre ba taa ye amo nyem. 17Kokuri to, Isarele tiina bam wone, de ba vara wone wo-kwe selo na ye baara to maama ye amo nyem mo. Amo déem na go Ejipti tiina bakeiri-kwe sem to, mo a kuri se Isarele tiina bakeiri-kwe sem taa ye a nyem. 18A laam nam kwei Levi tiina bam mo se ba leiri Isarele tiina bakeiri-kwe sem yuu ne. 19A ma yɔɔre a kuri-ba Isarele tiina bam maama wone a pa Aron de o bia bam, se ba taa toŋe wara-jei sem totoŋa. Ba jege se ba fɔge ba kwɛ Isarele tiina bam tusim mo amo yiga ne, se ba yé na chɔgem de ba na tiini ba fɔɔre ba yi amo wara-vwei dem seeni to ŋwaane.”
20Moses, de Aron, de Isarele tiina kɔ-fɔrɔ kom maama ma nii ko baŋa ne pa se Levi tiina bam ke kolo maama Baŋa Wɛ na pɛ ni se ba ke to. 21Levi tiina bam ma kwɛ ba tete de chullu tem, ye ba daare ba zare ba gwaaro. Aron de ma ke se ko bere we o zeiŋi-ba o ke Baŋa Wɛ jeŋa ne. O ta ma ke chullu telo na le ba wɛleera Wɛ yiga ne to, pa se ba fɔge ba kwɛ ba tete Wɛ ŋwaane. 22Ko kwaga ne, Levi tiina bam déem ma bobo ba totoŋa wara-jei sem ne, ye Aron de o bia bam nii ba baŋa ne. Konto to, Isarele tiina bam déem pɛ se Levi tiina bam ke kolo maama Baŋa Wɛ na pɛ Moses ni se ba ke to.
23 Baŋa Wɛ ta ma ta de Moses o we, 24“Ko ná ye Levi tiina bam, ba baara balo na yi bena finlei-yanu ba daŋe to mo jege se ba ba ba toŋe wara-jei sem totoŋa. 25Ba nam ná tu ba yi bena finnu, se ba yage wara-jei totoŋa yam, ba daare ba jeini ba sii. 26Ba nam jege chwoŋa se ba woli ba dwonna Levi tiina se ba toŋe ba totoŋa wara-jei sem ne, se banto daa bá taa jege ba tete totoŋe. Nmo wó tɔge chwoŋa kam konto mo n pa se Levi tiina bam taa toŋe ba totoŋa.”",https://www.bible.com/bible/3661/NUM.8.KBG
JEELIM 9,"Atɔgebabaŋa kuri dem
Nwoŋim 12:1-14; Chullu 23:5-8; Nia Gulim 16:1-8
1Isarele tiina bam déem na nwoŋi Ejipti teo kom ne ye bene dedoa kɛ se ko vo ko yi bena yalei bene dem boboa chana kam to, mo Baŋa Wɛ ŋɔɔne de Moses Sinayi kagoa kam ne ye o we, 2“Pa se Isarele tiina bam di Atɔgebabaŋa kuri dem ka maŋa kam ne. 3Chana kanto da fuga-yana dɛ dem ná yia, se ba di kuri dem wɛ-zoore maŋa ne se ko taa via. Ba nam jege se ba di-de se ko maŋe de de dim chwoŋa kam mo.”
4-5Moses ma ta de nɔɔna bam ye ba de seene ba di Atɔgebabaŋa kuri dem Sinayi kagoa kam ne konto. Ko déem ye boboa chana kam da fuga-yana dɛ dem wɛ-zoore maŋa ne mo ba di-de. Isarele tiina bam déem ke nenɛɛne Baŋa Wɛ na pɛ Moses ni se ba ke tei to mo.
6Nɔɔna badwonna déem wo maŋe de chullu tem, pa se chwoŋa wo peini ka pa-ba se ba tɔge ba di kuri dem de dɛ dem ne. Ko maa ye ba déem na dwei too ŋwaane to mo. Dɛ dem konto ne ba ma vo Moses de Aron tei, 7ye ba ta ba we, “Debam seene dé dwei too pa se dé wo maŋe de chullu tem. Konto nam wó che se dé yé tɔge de Isarele tiina kɔ-fɔrɔ kom dé kwei dé pɛɛra dé pa Baŋa Wɛ ka maŋa kam ne na?” 8Moses ma leiri-ba o we, “Zuri-na á yera se a bwei Baŋa Wɛ se dé lɔre dé na wó ke tei abam ŋwaane to.”
9 Baŋa Wɛ de ma ta de Moses o we:
10“Ta n bere Isarele tiina bam we: Abam de á kwaga kam balo maama ná dwei too pa se ba wo maŋe de chullu tem, naa ba ná vei chwoŋa mo yiga yiga, ba de wó taa jege chwoŋa se ba di Atɔgebabaŋa kuri dem. 11Ba nam jege se ba cheigi se chane selei chana kam da fuga-yana dɛ dem ná yia se ba di-ko wɛ-zoore maŋa ne se ko taa via. Ba wó di pipeila kam nɔna mo, ye ba di bworobworo-memene selo sabɔle na tere ko wone to, dedaane dwoa vɔɔ-chɛɛro ba woli da. 12Ba yé pa se wodiu kom konto zege ko poore tega, naa se ba bwori varem wom kwi de dedoa de. Ba ná lage ba di Atɔgebabaŋa kuri dem, ba jege se ba ke ba tɔge de dim chwoŋa kam maama mo. 13Wolo nam ná maŋe de chullu tem, ye o ná wo vei chwo-dɔrɔ, kotu ná ve se o di Atɔgebabaŋa kuri dem, o nam daa bá tɔge o woli Isarele dwi dem wone, o na wo jaane o pɛɛra o ba amo yiga ne ka maŋa kam ne to ŋwaane. O tusim dem konto wó taa wo o yuu ne ye o maŋe se o na waarem mo.
14Ko ta ná ye veiru wolo ná zoore abam tei ne ye o lage se o di Atɔgebabaŋa kuri dem, kotu de jege se o di-de se ko maŋe de de dim chwoŋa kam mo. Chwoŋa dedoa mo wora ko pae tembia de veira.”
Kunkwoŋo na kwoli wara-vwei dem tei to
Nwoŋim 40:34-38
15Dɛ delo wone ba déem na chwi wara-jei sem to, mo kunkwoŋo chugi ko kwoli wara-vwei dem mɛ Wɛ ni-gwonim kandwa yam na tigi to maama. Ko na zege wɛ-zoore maŋa ne se ko yi te-pora to, kunkwoŋo kom déem nye de mini mo. 16Ko nam yeini ko ke konto mo dɛ maama wone. Kunkwoŋo mo yeini ko kwoli wara-vwei dem, ye tete ne ko nye de mini. 17Kunkwoŋo kom ná yeini ko zaŋe wara-vwei dem baŋa ne ye ko via, Isarele tiina bam de wó zaŋe ba vei ba tɔge-ko mo. Ko ná yi mɛ ye ko zege, Isarele tiina bam de wó chwi ba vwoa ba jeini dáane mo. 18Baŋa Wɛ déem yeini o tɔge konto baŋa ne mo o bere Isarele tiina bam maŋa kalo ba na wó gɔ ba vwoa yam ba kɛ to, de ba na wó chwi ba vwoa yam ba jeini jei selo ne to. Kunkwoŋo kom ná yeini ko maŋe wara-vwei dem baŋa ne, Isarele tiina bam de wó maŋe jei sem konto ne mo. 19Ko ná maŋe da taa, ye ko ba zaŋa, Isarele tiina bam de wó maŋe jei sem konto ne mo, ne Baŋa Wɛ na bere-ba se ba ke tei to. 20Kunkwoŋo kom déem wae ko maŋe vwei dem baŋa ne da fenfee. Isarele tiina bam nam sɛ ba tɔge Baŋa Wɛ ni dem mo. Ba ma yeini ba chwi ba vwoa ba maŋe jeiga kam ne, naa ba gɔe ba vwoa yam se ba nwoŋi ba kɛ, nenɛɛne Baŋa Wɛ na bere-ba se ba ke tei maama to. 21Kunkwoŋo kom bere ko wae ko maŋe vwei dem baŋa ne se ko zege wɛ-zoore maŋa ne ko yi te-pora, se ko laam zaŋe ko kɛ. Tega ná poore ye kunkwoŋo kom ná gɔga, nɔɔna bam de wó gɔ mo. Maŋa kalo maama kunkwoŋo kom ná zaŋe, ko ná ye wea ne naa tete ne mo de, ba de wó zaŋe mo ba kɛ. 22Kunkwoŋo kom déem ná ke da yalei, naa chana, naa bene, ye ko ná yɔɔre ko maŋe wara-vwei dem baŋa ne, Isarele tiina bam de wó maŋe jei sem konto ne mo. Ko ná zaŋe ko vei maŋa kalo ne, ba de wó zaŋe ba tɔge ko kwaga mo ba via. 23Ba déem yeini ba chwi ba vwoa ba jeini, naa ba gɔ ba vwoa yam se ba nwoŋi ba kɛ, nenɛɛne Baŋa Wɛ na pɛ-ba ni se ba ke tei maama to mo. Nɔɔna bam déem sɛ ba tɔge Baŋa Wɛ na tɔge Moses baŋa o pa-ba ni se ba ke kolo maama to mo.",https://www.bible.com/bible/3661/NUM.9.KBG
JEELIM 10,"Lu-nyenno nabwanno de te wum
1 Baŋa Wɛ ma ta de Moses o we:
2“Nam pa se ba kwei lu-nyenno ba mage-te se ba ma ba ke nabwanno telei. Nmo laam ma‑n wó yeini n pa se ba kwei-te ba ma ba bwoŋi nɔɔna bam ba ke daane, naa se ba gɔ ba vwoa ba vo jei sedwoŋi. 3Ba ná yeini ba wu nabwanno telei tem titwon-twono, se nɔɔna bam maama da ba jeeri‑m wara-jei sem ni ne. 4Se ba ná wugi nabɔnɔ dedoa yerane, ko ye sɔ-yuni yiga tiina bam mo wó ba ba jeeri‑m.
5Ba ná yeini ba wu nabwanno tem ba kɔe, ko bere we Isarele dwia yalo na jei wara-vwei dem wɛ-puli seeni to mo jege se ba gɔ ba vwoa ba nwoŋi ba kɛ. 6Ba daa ná wugi-te ba ke belei tu, se dwia yalo na jei vwei dem tega-kuri seeni to de gɔ ba vwoa. Ba ná wugi nabwanno tem ba kɔ, ko wó bere nɔɔna bam we maŋa kam yia se ba nwoŋi ba kɛ. 7Ko nam ná yeini ko ye se nɔɔna bam maama jeeri daane, se ba wu nabwanno tem ba leiri te kwori.
8Aron bia bam na ye kaanem tiina to mo jege se ba taa wui nabwanno tem. Amo ni dem konto wó taa wora taa wuu mo ko pa abam de á kwaga kam maama. 9Á ná nwoŋi se á kwaare jara de á dona balo na tu se ba chɔge á tega kam to, se á pa se ba wu nabwanno tem ba kɔ tigura ŋwaane. Ko ná ke konto, abam Tu Baŋa Wɛ wom wó ni ko ŋwa, se o jwoŋi abam o yage á dona bam jeŋa ne. 10Abam nam ta na yeini á di ywoni da yalo wone to, se á wu nabwanno tem. Ko ná ye á lage á di chan-doŋa kuri naa kuri dedwoŋi, se á wu-te, se ko bere we á jege á zwɛɛm pɛɛra de á yazura pɛɛra mo á beene se á ke kaanem á pa Wɛ. Nabwanno tem wó pa se abam Tu Wɛ wom nii á baŋa ne. Amo mo ye abam Tu Baŋa Wɛ wom.”
Isarele tiina bam yage Sinayi jei sem
11Dento bene dem chane selei chana kam da finlei dɛ dem ne mo kunkwoŋo kom ya na dɔge wara-vwei dem baŋa ne to zaŋe. 12Ko ma pa se Isarele tiina bam de gɔ ba vwoa ba yage Sinayi kagoa kam ye ba tole ba via. Kunkwoŋo kom déem ma vo ko yi Paran kagoa kam ko maŋe dáane ko zege. 13Ba na bobo ba zaŋe se ba vo jeiga kadwoŋi konto to, ko ye Baŋa Wɛ na tɔge Moses baŋa o pa-ba ni se ba ke tei to mo.
14Judah dwi dem de ba kwaga kam déem ma bobo se ba nwoŋi ba kɛ, ye ba zei ba gwɛɛm yere dem. Aminadabi bu Naason déem nam mo wo ba kɔgɔ kom maama yiga ne. 15Zuwara bu Netaneli maa wo Isakara dwi dem yiga ne. 16Helon bu Eliabi maa wo Zebulun dwi dem yiga ne.
17Ba laam ma kore wara-vwei dem, se Gereson tiina de Merari tiina bam zeŋe de zela yam ba taa vei ba tɔge Judah kɔgɔ kom kwaga.
18Ruben dwi dem de ba kwaga kam déem ma saŋe se ba nwoŋi ba kɛ, ye ba zei ba gwɛɛm yere dem. Sedura bu Elizura déem nam mo wo ba kɔgɔ kom maama yiga ne. 19Zurisadayi bu Selumeli maa wo Simeon dwi dem yiga ne. 20Deweli bu Eliasafe maa wo Isakara dwi dem yiga ne.
21Kohafe tiina de ma zeŋe wara-jei wo-zela yalo na tiini ya ye wose to ba vei ba tɔge-ba. Ba ná yeini ba yi mɛ ba daa na wó jeini to, dedaane nɔɔna badwonna maŋe ba chwi wara-jei sem ko jei ne.
22Efrayim dwi dem de ba kwaga kam déem ma saŋe se ba nwoŋi ba kɛ, ye ba zei ba gwɛɛm yere dem. Amihuda bu Elisama déem nam mo wo ba kɔgɔ kom maama yiga ne. 23Pedazura bu Gamaleli maa wo Manasɛ dwi dem yiga ne. 24Gideoni bu Abidan maa wo Benjamin dwi dem yiga ne.
25Dan dwi dem de ba kwaga kam déem ma kweeli se ba nwoŋi ba kɛ, ye ba zei ba gwɛɛm yere dem. Amisadayi bu Ahiyezera déem nam mo wo ba kɔgɔ kom maama yiga ne. 26Ocharan bu Pageli maa wo Asere dwi dem yiga ne. 27Enan bu Ahira maa wo Nafitali dwi dem yiga ne.
28Isarele tiina kɔ-fɔrɔ kom maama ná yeini ba zaŋe se ba nwoŋi ba vo jeiga kalo, ko ye chwoŋa kam konto seeni mo ba tɔga ye ba vei ba maa kɛa.
29Midian tu Reweli bu Hobabi de déem tɔge o wo ba tei ne. Reweli maa ye Moses tembaaro. Moses ma ta de Hobabi o we, “Ko laam yi se debam zaŋe dé vo jei selo Baŋa Wɛ na gwoni ni se o kwei o pa debam to. O nam pɛ se dé lɔre we dé ná yi da, ko wó taa lana ko pae debam. Nmo de nam ba se dé maama kɛ, se dé wó nii nmo baŋa ne ye n tɔge n na wo-laaro.” 30Hobabi ma leiri‑o o we, “Aawo! Amo de lage se a jwoori a tete teo mo, se a taa zoore a nɔɔna tei ne.”
31Moses daa ma ta o we, “Ja! Pa se dé maama kɛ, se nmo wó ta‑n bere debam chwoŋa kam, nmo na yei kagoa kam jei sem lanyerane to ŋwaane. 32Ko kwaga ne, n ná dɛ dé kwaga se dé yi da, dé wó chɛ wo-laaro telo maama Baŋa Wɛ na wó pa debam to, se nmo de da n na te wone.”
33Nɔɔna bam maama déem ma yage Sinayi peo kom jei sem ye ba vei taa, da yatɔ. Ba na maa vei to, Baŋa Wɛ ni-gwonim dakaa kam maa wo ba yiga ne, se ka bere-ba jei se ba jeini da. 34Ba ná zaŋe se ba nwoŋi dɛ delo maama wone, Baŋa Wɛ kunkwoŋo kom maa yeini ko wo ba tei ne ye ba via.
35Ba déem ná yeini ba zeŋe Baŋa Wɛ ni-gwonim dakaa kam se ba nwoŋi, Moses mo yeini o lwoori Wɛ ye o we,
“Dé Tu Baŋa Wɛ, zaŋe se n zeili n dona bam,
se n pa ba duri ba jage nmo yiga ne!”
36Ba nam ná yeini ba zege ye ba zoore dakaa kam, o daa wó lwoori Wɛ mo o we,
“Dé Tu Baŋa Wɛ, ba n jeini n twɛ de Isarele kɔ-fɔrɔ kom,
se n ta‑n nii debam maama baŋa ne,
se dé ye kɔgɔ de kɔgɔ, kuni moro mo.”",https://www.bible.com/bible/3661/NUM.10.KBG
JEELIM 11,"Isarele tiina pompona kam
1Nɔɔna bam déem na nɛ cham dwi dwi to, mo ba yɔɔre ba poone ye Baŋa Wɛ ni ba pompona kam. O na nigi to, o bane ma zaŋe de-ba ye o pa se mini di ba na chwi ba vwoa yam mɛ daa dedoa to nia yam. 2Nɔɔna bam ma lwoori Moses se o woli-ba. O de ma lwoori Wɛ, ye mini dem dwei. 3Ba ma bwoŋi jei sem yere we ‘Tabera’. Ko maa ye Baŋa Wɛ na pɛ se mini zwɛ ba vwoa yam to ŋwaane mo.
4Nɔn-wo-korro déem tɔge ba wo Isarele tiina bam wone pa ba via. Banto fera ma tiini ya zo wodiiru tedwonna. Isarele tiina bam de ma bobo se ba ŋwaana ba we, “Dé ya ná nɛ nɔna se dé done, ko ba gare tento na? 5Dé déem na wo Ejipti wone to, dé nae ywona dé di zɛɛra. Dé ta di nyambɔla, de gaana, de gaburu dwi dwi, de gaaliki, ne dé boboŋa na lage tei to mo. 6Nam nii! Dé yera chɛ mo. Wodiu kolo yerane dé na yɔɔre dé nae to ye Manna kanto mo!”
7Manna déem nye dedaane nyansaŋa bia mo. Ko maa ye napwoŋo ne sabare-keira maaro tei. 8-9Manna yam déem yeini ya tɔge de nyɔnɔ mo ya toe tete ne. Nɔɔna bam maa yeini ba nwoŋi ba pɛ-ya ba cho, naa ba zɔ-ya, ye ba laam saŋe muni dem ba ke nenɛɛne pɛɛla dwoŋi tei. Ba déem ná di-ya, ya nye de bworobworo mo ba na wɔge de nuga.
10Diga maama de ka nɔɔna déem wo ba vwoa yam ni ne mo ba poona, ye Moses ni ba pompona kam. Baŋa Wɛ bane ma tiini de zaŋe pa se Moses wo chɔge ko ŋwaane. 11O ma lwoori Baŋa Wɛ ye o we, “Amo Tu Wɛ, bɛ mo ke ye n kwei cham dento n pa-ne? Bɛ mo a ke a chɔge n yiga, ye n pa se nɔɔna banto jege-ne ba daana? 12Ko dae amo mo naane-ba, a nam wo loge-ba. Nmo ta wó pa se a ke-ba a ja-kukworo ne, a daare a ja-ba se dé vo dé yi tega kalo nmo na gwoni ni de dé nabaara se n kwei n pa-ba to na? 13Ba nam na tiini ba poone nɔna ŋwaane konto to, amo lage a na-ya yein-seeni mo a pa-ba? 14Totoŋe dem n na kwei n pa-ne to tiini de dwoi a jaanem. Amo yerane ware nɔɔna bam a ja. 15Ko ná ye tento mo n kuri se ko taa ye amo yera ne, se n duri amo yibwona n daare n le a ŋwea lela se a sii de yaara yanto!”
Nakwa fuserepɛ
16 Baŋa Wɛ déem ma ta de Moses o we:
“Nam kuri Isarele nakwa fuserepɛ balo nmo na yei we ba ye yiga tiina ye nɔɔna nege-ba lanyerane to. Pa se ba tɔge de nmo ba ba wara-jei sem se á maama zege amo yiga ne. 17Amo wó tu a ba a ŋɔɔne dede‑m dáane ye ba zege ba nia. Amo laam maa wó pwori jworo kolo n na jege n toŋe n totoŋa yam to wone a ke banto de yera ne. Konto mo wó pa se ba de wane ba da ba woli‑m se n ta‑n nii nɔɔna bam baŋa ne, ye ko daa bá taa ye nmo yerane mo wó taa jege-ba n nia.
18Se ko ná ye nɔɔna bam, se n ta de-ba we: ‘Kwɛ-na á tete se á jwa wó na nɔna se á done. Baŋa Wɛ seene o ni á pompona kam de á na tage á we, á fera zo nɔna donem, ye á Ejipti ŋwea kam ya gare á leile ŋwea kam to. Tɔ. Baŋa Wɛ wó pa abam nɔna ye á jege se á done-ya mo. 19Á nam na wó done nɔna yam tei to, ko dae dɛ dedwe, naa da yalei, naa da yanu, naa da fuga, naa da finlei wone. 20Se chana wone, á wó done nɔna mo dɛ maama taa se ya ba ya taa lwoi á momwa ne. Á lage á leere-ya mo. Kokuri to, á ve Baŋa Wɛ wolo na wo á tetare ne to mo, ye á poone o yiga ne we ko ya dae se á nwoŋi Ejipti teo wone.’ ”
21Moses ma leiri Baŋa Wɛ o we, “Baara bam na wo amo tei ne ye ba vei tega ne to ye morro bia yaredo (600,000) mo. Nmo laam nam tage we n wó pa ba maama nɔna se ba taa done dɛ dɛ se ko yi chana mo na? 22Dé ná lage dé go dé naane dem maama, de dé vare-balwa bam maama, ko ta bá yi ba dim. Dé ná gɔɔne naneo wo ywona yam maama dé pa-ba, ko bere ko bá yi-ba!” 23Baŋa Wɛ ma bwei‑o we, “Amo dam dem muri mo na? Cheigi fee se n ma‑n lɔre we kolo a na tage to lage ko ke mo.”
24Moses ma nwoŋi o vo o ta de nɔɔna bam kolo Baŋa Wɛ na tage to. O ma kuri Isarele nakwa fuserepɛ, ye o daare o pa ba zege ba kaare wara-jei sem. 25Baŋa Wɛ ma tu wara-vwei dem ne ye kunkwoŋo kom kwoli‑o. O ma ŋɔɔne de Moses, ye o daare o pwori jworo kolo Moses na jege o ma o toŋe to wone o pa nakwa fuserepɛ bam dedoa dedoa. Jworo kom na tu ba baŋa ne konto to, mo ba bobo se ba taa pworisa. Ba nam daa wo pworisi ba woli da maŋa kadwoŋi ne.
26Eledadi de Medadi de déem wo nakwa fuserepɛ bam wone mo. Ba ma maŋe ba vwoa yam seeni, ye ba wo tɔge ba zo wara-jei sem ne. Ba na wora konto to, mo jworo kom tu ba baŋa. Ba de ma bobo se ba taa pworisa. 27Nɔn-doŋo kodwoŋi ma duri o vo o yi Moses tei, ye o ta o bere‑o o we, Eledadi de Medadi wora ba pworisa ba vwoa yam seeni. 28Nun bu Josua nam déem maŋe o zege o nɔn-donne maŋa ne mo o toŋe o woli Moses. O ma ta de Moses o we, “Dé kwo, che-ba de ba keim dem konto!”
29Moses ma leiri‑o o we, “Ko ye amo ŋwaane mo n jege boboŋa konto dwoŋi na? Nam yage! Amo tei ne, Baŋa Wɛ ya ná pɛ se o nɔɔna bam maama su de o jworo pa se ba pworisi nenɛɛne Wɛ ni-jwoŋina bam na yeini ba ke tei to, ko ya gara.” 30Moses dedaane nakwa fuserepɛ bam maama laam ma jwoori nɔɔna bam na chwi ba vwoa jei selo ne to.
Baŋa Wɛ toŋe lwi pa se nɔɔna pɛ-se
31 Baŋa Wɛ déem ma pa se vo-dɛɔ tiini ko dole. Vio kom ma kale lwi pa se se nwoŋi naneo kom seeni, ye se laam ba se kaare nɔɔna bam na chwi ba vwoa mɛ to seeni. Se déem na jaane wɛɛne tei to zaŋe ko yi jatwogo maŋem kuni belei mo de tega kam. Se ma faare tega kam maama se ko vo ko yi dɛ dedwe veiŋa mo jei maama ne. 32Da yalei puna puna mo nɔɔna bam déem kwei, wea de tete maama, ba ma ba jaane lwi sem. Ba na lage-se ba tiŋi to nɔɔno maama lwi sem dunni déem wo muri kuriwaa bia bi. Ba déem ma jare-se ba tiŋi jei sem maama ne. 33Lwi sem nɔna yam ta na wo nɔɔna bam nia ne ye ba ta wo di ba ti to, mo Baŋa Wɛ bane zaŋe de-ba. O ma pa se jawe-chɛɛro to ba tetare ne. 34Ba déem ma kwei nɔɔna bam dedɛ ba suli, jaweero tem na go-ba to ŋwaane. Ba ma bwoŋi jei sem konto we ‘Kiberof-Hataava’, kokuri to ba suli balo fera na zo nɔna wone to jei sem konto ne mo.
35Isarele tiina bam laam ma zaŋe Kiberof-Hataava ne ba vo ba yi Hazerofa. Ba déem ma chwi ba vwoa dáane.",https://www.bible.com/bible/3661/NUM.11.KBG
JEELIM 12,"Miriam de Aron nwoŋi Moses kwaga ne
1Miriam de Aron déem maa jege Moses ba lwɛa, o na di Kusi tiina bukɔ o ma ke o kaane to ŋwaane. 2Ba maa we, “Moses yerane mo Baŋa Wɛ yeini o tɔge o baŋa o ŋɔɔne de o nɔɔna bam na? O ba tɔge debam de baŋa o ŋɔɔne de-ba na?” Baŋa Wɛ ma ni ba ŋwaana yam. 3Ko nam ná ye Moses, o déem tiini o tu o tete tega ne mo se ko dwoni logo baŋa nɔɔna maama.
4 Baŋa Wɛ ma pɔpɔ o ta de Moses, de Aron, de Miriam o we, “Zaŋe-na á ba wara-jei sem ne se á maama zege amo yiga ne.” Ba ma seene ba vo ba zege da. 5Baŋa Wɛ laam ma chu o ba o zege wara-vwei ni dem ne, ye kunkwoŋo na zege deiki to kwoli‑o. O ma bwoŋi Aron de Miriam se ba fɔɔre ba yi o tei. Banto balei bam ma ke konto. 6Baŋa Wɛ ma ta-ba o we:
“Nam fɔge á cheigi-na amo taane dento!
Amo Baŋa Wɛ ná yeini a pa se a ni-jwoŋinu wo abam tetare ne,
a wó veere wonnu a bere‑o,
ye a daare a ŋɔɔne ded‑o dendwea wone mo.
7Ko nam ná ye a tontoŋeno Moses,
amo ba ke konto dwoŋi ded‑o.
Amo yɔɔre a kwei a nɔɔna bam
a ke wonto jeŋa ne mo se o taa nii-ba.
8A maa yeini a pa se dé jeeri daane yibia de yibia,
se a ŋɔɔne ded‑o jaja,
ye ko dae de dende mo a maa bere‑o wonnu.
Wonto mo yɔɔre o nii o nae amo nyenyego.
Konto to, bɛ mo ye á ba fona se á ta‑á jege amo tontoŋeno Moses á ŋwaana?”
9 Baŋa Wɛ bane ma tiini de zaŋe de Aron de Miriam ye o zaŋe o kɛ o daare-ba.
10Kunkwoŋo kom ma gɔ ko tete wara-vwei dem baŋa ne. Sento nɛ sem ni ne mo Miriam yera tiini ya peere dedaane naywaane jaweo kom. Aron ma pipiri o nii o na kolo na ke Miriam yera ne to. 11O ma tiini o lwoori Moses o we, “Dé kwo, jan ja! Dé lwoori‑m se n yé waare debam dé tusim dento ŋwaane. Debam tiini dé toŋe jworim mo. 12Nii ko baŋa ne se Miriam yé taa nye de bu-too wolo yera na moore to!”
13Moses de ma kaase o jare Baŋa Wɛ ye o we, “Amo tu Wɛ, jan ja! Pa se o na yazura.”
14 Baŋa Wɛ ma leiri Moses o we, “Miriam kwo ya ná twe lileeru o ke o yibia ne, ko ya wó pa se o di chaveera se ko yi da yarepɛ mo. Konto ŋwaane, pa-na se o nwoŋi dáa Isarele tiina bam wone, se á daare á pe‑o da yarepɛ. Ko kwaga ne se á pa‑o chwoŋa se o jwoori o taa zoore ba wone.” 15Ba ma seene ba ke konto. Isarele tiina bam déem ma maŋe jei sem konto ne se ko yi da yarepɛ. Miriam ma jwoori o zo ba wone, ye ba zaŋe ba kɛ.
16Konto kwaga ne mo ba zaŋe Hazerofa ne ye ba laam vo ba yi Paran kagoa kam. Ba ma chwi ba vwoa dáane.",https://www.bible.com/bible/3661/NUM.12.KBG
JEELIM 13,"Nɔɔna vei se ba ŋɔ ba nii Kanaan tega kam
1 Baŋa Wɛ ma ta de Moses o we, 2“Le nɔɔna se ba vo ba ŋɔ ba nii Kanaan tega kam, ko na ye tega kalo a na lage a pa Isarele tiina bam to ŋwaane. Kuri yiga tu dedoa dedoa Isarele dwi maama wone.”
3Ba déem ta na wo Paran kagoa kam ne to mo Moses toŋe yiga tiina fuga-balei se ba nwoŋi nenɛɛne Baŋa Wɛ na pɛ‑o ni se o ke tei to. 4-15Nɔɔna bam yera mo tento:
Dwi dem Yiga tu wom
Ruben Zakura bu Sammua
Simeon Hori bu Safate
Judah Jefunɛ bu Kaleb
Isakara Josefa bu Igale
Efrayim Nun bu Hosea
Benjamin Rafu bu Paliti
Zebulun Sodi bu Gadeli
Manasɛ Susi bu Gadi
Dan Gemali bu Ameli
Asere Mikayeli bu Setura
Nafitali Vofisi bu Nahibi
Gad Machi bu Geweli
16Nɔɔna balo Moses na toŋe se ba vo ba ŋɔ ba nii Kanaan tega kam to yera yam mo konto. Moses déem leiri Nun bu Hosea yere se de taa ye Josua.
17Moses déem na lage o toŋe-ba se ba vo ba zo Kanaan tega kam wone to, mo o tage de-ba o we, “Tɔge-na tega-kuri seeni kagoa kam, se á laam ta‑á tole á diini baŋa seeni se á vo á yi zwonnu laŋa kam. 18Kwaane-na se á lɔre tega kam konto na ye tei to. Fɔge-na á nii nɔɔna balo na zoore da to kɔgɔ na mae tei, dedaane ba dam na mae tei to. 19Ta maane-na á nii ba tega kam lana na? Ba yɔɔre ba che teene delo ba na zoore de wone to ba pe mo naa de zege waao mo? 20Ba tega kam ke wodiiru lanyerane na? Teeni wora na? Vɔ-na á wo ye á kwaane-na se á gwori teeni bia badwonna á ja á ba se dé nii.” Ko déem nam ye maŋa kalo Vini tio-bia na bobo ba bera se nɔɔna gwori-ba to mo.
21Nɔɔna bam ma seene ba di baŋa seeni ba tole ye ba nii tega kam na ye tei to. Ba zege Zin kagoa kam ne mo ba vo ba yi Rehobi. Jei sem konto bwola de Lebo-Hamafa mo. 22Ba daa ma tɔge tega-kuri seeni kagoa kam ba kɛ ba yi Heboron. Ba déem chwi teo kom konto bena yarepɛ mo ye ba daare ba chwi Zoan teo na wo Ejipti wone to. Ba déem na yi Heboron teo kom to, mo ba nɛ nɔn-sawaara balo na zoore da to. Banto maa ye Anaki bia batɔ sɔ-yuu tiina, ba yera na ye Ahiman, de Sesayi, de Talimayi to. 23Nɔɔna bam déem ma vo ba yi Esekola nabara kam. Ba na yi da to, ba ma gwoni Vini tio naga de ka tio-bia na ye wo-zɔgɔ dedoa to. Ba ma gwoni daa ba daŋe tio-bia bam ka baŋa ne ye nɔɔna balei kwei-ka ba daŋe ba bakale baŋa ne ba via, ka na dwoi nɔn-doa zeerim to ŋwaane. Ba déem ta jege Pomegara bia dedaane mɔɔro mo ba woli da. 24Ba bwoŋi jei sem konto we Esekola nabara kam, kolo ŋwaane dáane mo Isarele tiina bam déem gwoni Vini tio bu-zɔgɔ kom. 25Ba déem kwei da finna mo ba beeri ba nii tega kam ni maama ye ba daare ba jwoori Moses tei.
Nɔɔna bam jwoori ba lwoni ba beira kam
26Nɔɔna fuga-balei bam déem jwoori ba vo Kadese na wo Paran kagoa kam wone to. Isarele tiina kɔ-fɔrɔ kom maama déem wo dáane mo. Nɔɔna bam ma vo ba ta ba bere Moses, de Aron, de nɔn-kɔgɔ kom maama kolo ba yi na nɛ to. Ba ta ma bere-ba tio-bia balo ba na gwori Kanaan ne ba ja ba nwoŋi da ba ba to. 27Ba ma ta de Moses ba we, “Debam seene dé vo dé beeri tega kalo wone nmo na toŋe debam se dé vo dé nii to. Dé ma maane we ka ye te-ywoŋa mo. Ka tiini ka lana de varem de kɔnɔ. Nii ka teeni bia badwonna dé na jaane dé ba to! 28Nɔɔna balo na zoore da to nam mo tiini ba dana. Ba teene dem de maa yala, ye de lɔ de pe. Dé ta nɛ we Anaki dwi tiina de zoore dáane mo. 29Amaleki tiina bam de zoore tega-kuri seeni kagoa kam ne mo. Hiti tiina bam, de Jebusi tiina, de Amori tiina bam de maa wo zwonnu laŋa kam ne. Ko daare ye Kanaan tiina bam de zoore Mediterania naneo kom ni ne, de Jɔdan buga kam ni ne.”
30Kaleb ma zaŋe Moses yiga ne ye o ta se nɔn-kɔgɔ kom maama zuri ba bochara. O maa we, “Pa-na se dé yɔɔre dé vo dé jwoŋi tega kam dé taa tei! Dé wó wane ka nɔɔna bam dé di!”
31O na tɔge de balo pa ba vo ba kaare jei sem ba nii to ma leiri ba we, “Dé bá wane nɔɔna bam konto dé jeeri de jara. Ba tiini ba dana ba dwoi debam.” 32Ba laam ma ŋɔɔne ta-balɔrɔ tega kam seeni ba bere Isarele tiina bam. Ba maa we, “Tega kalo dé na vei dé nii to wó chɔge balo na zoore ka wone to. Ka nɔn-bia bam maama ye nɔn-wagela mo. 33Chega ŋwaane to, debam nɛ Nefili dwi tiina dáane. Anaki tiina mo nwoŋi banto dwi dem wone. Ba na tiini ba ye nɔn-sawaara tei to, debam nii dé tete se dé taa ye manchwanno mo de pae-ba. Ba de maa nii debam pa dé nye de manchwanno ba yiga ne.”",https://www.bible.com/bible/3661/NUM.13.KBG
JEELIM 14,"Nɔɔna bam ywori Moses kwaga ne
1Isarele tiina kɔgɔ kom maama déem yɔɔre ba kaase tete dem konto ne ye ba keeri bɔge-bɔge. 2Ba maa jege Moses de Aron ba poona ye ba we, “Dé ya ná tege Ejipti wone, naa kagoa kanto wone, ko ya wó taa gara. 3Baŋa Wɛ jege debam o zoore Kanaan tega kam wone se bɛ mo? Ko ye se ba go debam mo, se ba daare ba vere dé kaana de dé bia ba taa tei. Dé ná jwoori Ejipti teo, ko gara!” 4Ba ma ŋɔɔne ba bere daane ba we, “Pa-na se dé kuri yiga tu se konto tu ja debam o jwoori Ejipti.”
5Moses de Aron maa vwi ba yibi sem tega ne ye nɔn-kɔgɔ kom maama déem jeeri ba yiga ne. 6Nun bu Josua de Jefunɛ bu Kaleb ma kaare ba gwaaro wo-chechɔgɔ ŋwaane. Banto balei déem tɔge ba wo balo na vei ba nii tega kam to wone mo. 7Ba ma ta de nɔn-kɔgɔ kom maama ba we, “Tega kalo dé na vei dé kaare dé nii to lana lanyerane. 8Baŋa Wɛ yi nam ná su dé kikia, o wó ja debam o zo te-ywoŋa kam konto wone, ye o daare o kwei-ka o pa debam. Ka ywomma mo de varem de kɔnɔ. 9Nam yé pa-na se dé lɔ Baŋa Wɛ kwaga ne. Yé kɔre-na foone de nɔɔna balo na zoore tega kam wone to, dé na wó wane-ba dé di to ŋwaane. Woro daa tera se ba duri ba seigi ko wone. Baŋa Wɛ nam wo dé tei ne. Yé pa-na se dé taa kɔre foone!”
10Isarele tiina kɔ-fɔrɔ kom boboŋa ma ja se ba dole Moses de Aron de kandwa ba go. Baŋa Wɛ ma pɔpɔ o chu o zege wara-vwei dem baŋa ne o veere o tete de o nenɔŋ-fɔrɔ kom o bere Isarele tiina bam maama.
Moses lwoori Wɛ o pa nɔɔna bam
11 Baŋa Wɛ ma ta de Moses o we, “Tetɛ mo amo wó peene a tete de nɔɔna banto? Ba wó taa jege-ne ba gwoona taa se ba vo ba maŋe yei ne mo? A ke wo-kamuna dedɛ ba tetare ne, ye ba ta ve-ne. 12Amo laam nam lage a chɔge-ba de jawe-chɛɛro mo. A wó pa se ba dwi dem ti se a daare a pa nmo ji dwi-doore kwo. Dwi delo na wó zege nmo yera ne to wó taa daga, ye de ta dana de dwoi banto na ye tei to.”
13Moses ma leiri Baŋa Wɛ o we, “Nmo nam ná ke konto, Ejipti tiina bam wó ni ko ŋwa. Nmo déem kwei n dam-fɔrɔ kom n vere n nɔɔna bam Ejipti tiina bam jeŋa ne mo. 14Banto wó pa se balo na zoore Kanaan tega kam ne to lɔre ko ni ne. Ba nam maŋe ba yei we nmo, debam Tu Baŋa Wɛ wom wo n nɔɔna bam tei ne. Ba lɔre we n veere n tete jaja n bere debam, ye n yeini n pa n kunkwoŋo kom wo dé baŋa ne. Ba ta lɔre we n tɔge debam yiga mo ne kunkwoŋo na zege deiki to wea maama ne, ye n daare n ji ne mini tei tete ne. 15Nmo nam ná zaŋe n go n nɔɔna bam bedwe baŋa ne, dwi-gɛ tiina balo na yei nmo ni ne to wó ta we, 16‘Ko ye ba Baŋa Wɛ wom na ware se o ja-ba o zo tega kalo wone o na gwoni ni se o pa-ba to ŋwaane mo o go-ba kagoa kam wone.’ 17Konto ŋwaane, de Teiru Baŋa Wɛ, pa se n dam-kamunu kom bere jaja. Nmo maŋe n ta n tete taane we:
18 Baŋa Wɛ yeini o peene o bane.
O swono kom nam ba tia.
O maa kwei nɔɔna wɛleera de ba tusim
o yage o maa chɛ-ba.
Se ko ná ye balo na gɛ bora to,
o yeini o waare-ba de ba bia maama mo
se ko yi ba naaro,
de ba na-jwooru dwia yatɔ naa yana laŋa ne.
19Nmo swono kom na seene ko gaale to ŋwaane, a lwoori‑m se n kwei nɔɔna banto wɛleera n ma n chɛ-ba. Ta ke n pa-ba nenɛɛne n na maŋe n yeini n ke tei de-ba ko zege ba na nwoŋi Ejipti teo ne to.”
20 Baŋa Wɛ ma leiri Moses o we:
“A sɛ nmo wɛ-lworo kom ye a kwei ba wɛleera a yage a chɛ-ba. 21Ne amo na jege ŋwea taa wuu tei ye a dam dem wó ba de lɔre jaja logo baŋa jei maama wone tei to, a nam dugi de a tete mo we, 22ko ná ye nɔɔna balo na nɛ a nenɔŋ-fɔrɔ kom de wo-kenkagela yalo a na ke Ejipti wone dedaane kagoa kam wone to, banto ve se ba sɛ amo ni, ye ba ta kwaane se ba faŋe-ne ba nii kuni dedɛ. 23Mo kokuri ba wolowolo bá zo tega kalo a na gwoni ni de ba nabaara bam se a pa-ba to wone. Balo maama na gwooni amo to bá na tega kam konto. 24Amo tontoŋeno Kaleb boboŋa nam ye ya yera mo de o dwonna bam boboŋ-balwaaro tem. O kwei o bochare maama mo o ma o tɔge-ne. Konto ŋwaane amo wó pa se o zo tega kalo o na vei o nii to se o de o kwaga kam taa tei-ka. 25Tɔ. Amaleki tiina de Kanaan tiina bam na zoore bwollu laŋa kam ne ye ba che á chwoŋa to ŋwaane, jwa tetete se á maama jwoori á pipiri á mage á yuni kagoa kam seeni se á kwei Nane-soŋo chwoŋa kam á ta‑á via.”
26 Baŋa Wɛ daa ma ta de Moses de Aron o we:
27“Tetɛ mo amo wó peene a tete de puseŋ-nyena banto? Ba wó taa jege-ne ba poona taa se ba vo ba maŋe yei ne mo? Amo nigi Isarele tiina bam pompona kam ba na tiini ba ke to. 28Konto to, ta-na á bere-ba we:
‘Ne amo Baŋa Wɛ na jege ŋwea tei to, ko ye chega mo we a seene a lage a ke abam ne á na tage tei ye a ni to mo. 29Abam wó te kagoa kanto wone mo se á yera yam faare tega kam jei maama ne. Á baara balo maama na yi bena finlei ba daŋe ye ba tɔge ba wo jeelim dem wone to wó te mo, ba na poone amo to ŋwaane. 30Abam wolowolo bá zo tega kalo amo déem na dugi duuri se a pa abam se á jeini da to. Jefunɛ bu Kaleb de Nun bu Josua yerane mo wó zo da. 31Ko nam ná ye á bia balo á na jege ba lwia we tega kam tiina wó vere-ba ba taa tei to, a lage a pa se ba zo tega kalo abam na ve se á jwoŋi to mo ba taa tei. 32Se ko daare abam tete, á wó te kagoa kanto wone mo 33á daare á bia bam. Banto maa wó da á zwabania kikia yam ŋwaane ba beeri kagoa kanto wone ye ba yaare taa, bena finna, se ko yi maŋa kalo abam nɔn-kweero tem maama na wó te ba ti to. 34Á na kwei da finna á kaare tega kam maama á nii to, mo amo de kwei dɛ maama se de taa ye bene á na wó yaare de wone to. Amo wó pa se á yaare bena finna á wɛleera yam ŋwaane, se á ma‑á lɔre we amo nwoŋi á kwaga ne.’
35Amo Baŋa Wɛ mo tage konto! A wó yɔɔre a pa kolo maama a na tage to ba puseŋ-nyena banto baŋa ne, ba na ke ni daane se ba yaale amo to ŋwaane. Ba lage ba te kagoa kanto wone mo.”
36Ko ná ye Moses déem na toŋe nɔɔna balo se ba vo ba ŋɔ ba nii tega kam ye ba jwoori ba ŋɔɔne ta-balwaaro ka ŋwaane pa se nɔn-kɔgɔ kom maama poone‑o to, 37Baŋa Wɛ kwei jawe-chɛɛro mo o de banto wone pa se ba te. 38Balo na vei ba nii tega kam to, ko ye Nun bu Josua, de Jefunɛ bu Kaleb yerane mo wori ba wone.
Nɔɔna bam gɛ chwoŋa se ba zo ba jwoŋi tega kam
39Moses déem na jaane Baŋa Wɛ kwora kam o ba o lwoni o bere nɔɔna bam to, mo ba wo chɔge ye ba keeri lanyerane. 40Tega na poore tetete to, mo ba zaŋe se ba vo Kanaan zwonnu laŋa kam. Ba maa we, “Dé tiini dé tusi dedaane dé na ve Baŋa Wɛ ni dem to. Dé laam ti yiga se dé vo dé kwei tega kam Baŋa Wɛ na gwoni ni se o pa debam to.”
41-42Moses ma leiri-ba o we, “Abam nam ve Baŋa Wɛ ni se bɛ? Yé véi-na, se ko bá maŋe ko pa abam. Baŋa Wɛ na tere á tei ne to ŋwaane, á dona wó wane abam ba di mo. 43Amaleki tiina de Kanaan tiina bam ná nwoŋi ba kwaare jara de abam, ba wó go abam, á na ywori Baŋa Wɛ kwaga ne ye o daa tere á tei ne to ŋwaane.”
44De konto de, nɔɔna bam ta ma fe ba tete ye ba yɔɔre ba vo ba di zwonnu laŋa kam seeni. Moses wo dɛ de-ba o vo. Baŋa Wɛ ni-gwonim dakaa kam de nam wo nwoŋi ba zoorem jeiga kam ne. 45Amaleki tiina de Kanaan tiina bam déem ma nwoŋi ba zwonnu jei sem ne ba ba ba jeeri-ba de jara. Ba ma di Isarele tiina bam ye ba pare-ba ba vo ba yi Horama teo.",https://www.bible.com/bible/3661/NUM.14.KBG
JEELIM 15,"Kaanem chwoŋa na wó taa ye tei to
1 Baŋa Wɛ déem ma ta de Moses o we:
2“Ta n bere Isarele tiina bam we: Abam ná tu á zo tega kalo a na lage a pa abam se á ta‑á zoore da to wone, 3ye á ná lage á ke kaanem se á ma á pwoli Baŋa Wɛ wo, á wó le varem á naane dem, naa á pei sem, naa á bone dem wone se á kwei á zwɛ, se ko nyoa kam taa ywomma ka pae Baŋa Wɛ. Ko ná ye zwɛɛm pɛɛre kaanem, naa ni-gwonim pɛɛre kaanem, naa á tete wo-ywoŋo pɛɛre kaanem, naa kaanem delo á na ke kuri dedwoŋi ŋwaane to, á jege se á ke konto mo. 4Abam wolo maama ná jaane varem konto dwoŋi o ba se o ke kaanem o pa Baŋa Wɛ, kotu wó ja wodiu pɛɛre o ba o woli da. Pɛɛre dem konto wó taa ye mun-bwei bwɛ selei na viiri dedaane nuga bɔŋa dedoa to. 5O ta wó ja sa-sona bɔŋa dedoa se ka taa ye wo-nyɔɔro pɛɛre ka woli de pi-bala kalo maama o na lage o ma o ke zwɛɛm pɛɛre kaanem naa kaanem dedwoŋi to wone.
6Ko nam ná ye pi-bea mo kotu kwei se o ma o ke kaanem, se o ja mun-bwei bwɛ sena na viiri de nuga bɔŋa dedoa de chichworo to o ba o woli da. 7O ta wó ja sa-sona bɔŋa dedoa de chichworo o woli da se ka taa ye wo-nyɔɔro pɛɛre. Kaanem dem konto lwom wó taa ywomma de pae Baŋa Wɛ.
8Nmo nam ná kwei na-bala se n ma‑n ke zwɛɛm pɛɛre kaanem naa kaanem dedwoŋi mo, ko ná ye ni-gwonim pɛɛre, naa yazura pɛɛre kaanem mo n lage n ke na pa Baŋa Wɛ, 9se n kwei mun-bwei bwɛ seredo na viiri de nuga bwɛ selei to n woli da. 10Nmo ta wó woli sa-sona bwɛ selei se ko taa ye wo-nyɔɔro pɛɛre. Kaanem dem konto wó taa ye zwɛɛm pɛɛre mo. De nyoa kam wó taa ywomma ka pae Baŋa Wɛ.
11-12Á wó tɔge chwoŋa kam konto mo de varem wolo maama á na wó ja á ba á pa Wɛ to, ko ná maŋe ko ye na-bea, naa pi-bea, naa pi-bala, naa boŋo. 13Abam balo na ye tembia to jege se á ke konto dwoŋi de zwɛɛm pɛɛra yalo á na wó ja á ba se ya lwom dem taa ywomma de pae Baŋa Wɛ to mo. 14Ko ta ná ye veira balo na zoore abam wone maŋa kalo maama to, banto de jege se ba tɔge chwoŋa kalo á na tɔge to de zwɛɛm pɛɛre kaanem delo lwom na wó taa ywomma de pae Baŋa Wɛ to. 15Á kɔgɔ kom maama wó taa tɔge chwoŋa dedoa mo, ko ná maŋe ko ye tembia naa veira balo na zoore abam wone to de. Wɛ ni dem konto wó taa wora taa wuu mo. Kokuri to, Baŋa Wɛ yiga ne, Isarele tiina dedaane veira maama ye bedwe mo. 16Abam balo na ye tembia to dedaane veira balo na zoore abam wone to jege se á ta‑á tɔge Wɛ nia yam bedwe mo ye popɔra tera.”
17 Baŋa Wɛ daa ta ma ta de Moses o we:
18“Ta n bere Isarele tiina bam we: Abam ná tu á zo tega kalo a na lage a pa abam se á ta‑á zoore da to, 19ye á ná lage á di wodiu kolo tega kam na ke ka pa abam to, se á le ko wone á ma‑á ke pɛɛre se á zeiŋi-de wɛɛne á pa Baŋa Wɛ. 20Abam ná bobo á zage mena ye á kwei-ya á cho muni, se á ma-de á fɔge bworobworo se ko taa ye pɛɛre ko pae Baŋa Wɛ. Pɔɔre-na konto á pa Wɛ ne á na yeini á ke tei de mena yalo á na fere to. 21Abam de á dwi delo maama na saŋe se ko taa vei wuu to wó le mun-bwei delo á na bobo á cho to wone mo á ma á ke pɛɛre á pa Baŋa Wɛ.
22Abam nam ná wo wane nia yanto Baŋa Wɛ na pɛ Moses to se á tɔge, ye á ná wo paale á chɔge-ya, chwoŋa wora se á saare á tusim dem konto. 23Á ná maŋe á chɔge ni delo maama Baŋa Wɛ na bobo o tɔge Moses baŋa o pa abam to, naa ni delo maama na zege de pa á kwaga kam to, 24ye á wo paale á chɔge-de, ye abam maama ya ná yeiri ko ni ne, se á kɔgɔ kom ja na-bala á ma‑á ke zwɛɛm kaanem se de lwom dem taa ywomma de pae Baŋa Wɛ. Á ta wó ja wodiu pɛɛre de wo-nyɔɔro pɛɛre na maŋe to á woli da, ye á daare á ja bo-bala á ba á ma‑á ke wɛleera saarem kaanem. 25Kaanem tu wom laam maa wó tɔge ko chwoŋa ne se o le Isarele tiina bam maama tusim dem Wɛ yiga ne. Baŋa Wɛ wó yage ba wɛleera o ma chɛ-ba, ba na wo paale ba tusi ye ba daare ba ja zwɛɛm pɛɛre dem dedaane wɛleera saarem pɛɛre dem ba ba ba ke kaanem ba pa‑o to ŋwaane. 26Konto ná kea, Wɛ wó seene o kwei á maama wɛleera o ma chɛ abam, ko ná maŋe ko ye Isarele tiina de veira de, á kɔgɔ kom maama na tɔge daane á tusi to ŋwaane.
27Ko nam ná ye abam wone nɔɔno dedoa ná tusi ye o wo paale o ke, kotu wó ja bo-choa kalo na ye bene dedoa to o ba o ma o ke wɛleera saarem kaanem. 28Kaanem tu wom maa wó tɔge ko chwoŋa se o le konto tu tusim dem Baŋa Wɛ yiga ne. Konto ná kea, Wɛ wó yage o wɛleera o ma chɛ‑o. 29Ni dento zege de pae wolo maama na tusi ye o wo paale o ke to mo, kotu ná ye Isarele tu naa veiru de.
30Wolo maama nam ná zeiŋi o tete ye o paale o ke wɛleere, konto tu ná ye Isarele tu naa veiru mo de, ba jege se ba le‑o se o daa yé tɔge o woli Isarele dwi dem wone, o na yaale Baŋa Wɛ to ŋwaane. 31O na ke tei to bere we o gwooni Baŋa Wɛ kwora kam ye o ta daare o chɔge o nia yam. O wɛleera yam wó taa wo o yuu ne. Á jege se á yɔɔre á le‑o se o daa yé tɔge o woli a nɔɔna bam wone.”
Siu dɛ chullu tem chɔgem taane
32Isarele tiina bam déem ta na wo kagoa kam wone ba kare ba vei to, mo dɛ dedwe ba jaane nɔɔno na wora o puuri dɛ Wɛ siu dɛ dem ne. 33Ba ma ja‑o ba vo ba yi Moses de Aron de nɔn-kɔgɔ kom maama tei. 34Ba ma pe‑o se ba cheigi ba nii, ba na yeiri ko na wó maŋe se ba ke‑o tei to ŋwaane. 35Baŋa Wɛ ma ta de Moses o we, “O jege se o te mo. Ja-na nɔɔno wom á nwoŋi á vo dáa se Isarele kɔ-fɔrɔ kom dole‑o de kandwa ba go.” 36Ba ma seene ba ja‑o ba vo ba dole‑o ba go, nenɛɛne Baŋa Wɛ na pɛ Moses ni se ba ke tei to.
Ba gwaaro nia yam kuna taane
37 Baŋa Wɛ daa ma ta de Moses o we:
38“Ta n bere Isarele tiina bam we: Á wó seere á gare-dwanno tem se zɔla taa wo te nia yana yam maama ne, se á daare á nyaane ŋone selo nyenyego na ye nazwon-pupwia to á ke zɔle maama yera ne. Á jege se á ta‑á ke á gwaaro tem konto dwoŋi mo taa wuu. 39Á wó ta‑á nii á kuna yam konto, ye á guli Baŋa Wɛ nia yam maama se á ta‑á tɔge-ya. Ko ta wó pa se abam bá ywori Wɛ kwaga ne á daare á tɔge wo-yɔɔro telo á fera na zo to. 40Konto to, á wó toŋe á tɔge amo nia yam maama. Á ta wó pɔɔre á tete á pa á Tu Wɛ wom. 41Amo mo ye abam Tu Baŋa Wɛ wom. A nam jaane abam a nwoŋi Ejipti wone, se a taa ye abam Tu Wɛ wom mo. Chega to, amo mo ye abam Tu Baŋa Wɛ wom.”",https://www.bible.com/bible/3661/NUM.15.KBG
JEELIM 16,"Kora de Datan de Abiram chichuŋu
1Izehara bu Kora déem ye Levi dwi tu mo ye o nwoŋi Kohafe sɔ-yuu kom wone. O ma ke ni de Ruben dwi tiina badwonna se ba dwoni de Moses. Nɔɔna bam konto maa ye Eliabi bia balei Datan de Abiram, dedaane Peleti bu Ona mo. 2Ba déem dwoni de Moses, ye Isarele kɔgɔ kom yiga tiina bia yalei de finnu balo nɔɔna na nege to maa zege ba kwaga ne. 3Ba laam ma vo ba jeeri Moses de Aron, ye ba ta de-ba ba we, “Abam zeiŋi á tete á gaale ko na maŋe se á ke tei to. Á boŋe we á gare Isarele tiina bam maama mo na? Dé kɔgɔ kom wone nɔɔno maama ye Wɛ nyem mo. Baŋa Wɛ maa wo nɔɔno maama tei ne. Bɛ nam mo ye á zeiŋi á tete Baŋa Wɛ kɔgɔ kom maama yiga ne?”
4Moses na nigi ba taane dem to, mo o vwi o yibia tega ne. 5O laam ma ta o bere Kora de o kwaga kɔgɔ kom o we, “Jwa tetete Baŋa Wɛ tete wó bere debam wolo o na seene o pɔɔre se o taa ye o nyem to. O ta wó pa kotu chwoŋa se o fɔɔre o twɛ o tei. Nɔɔno wolo o na seene o kuri to mo wó zege o yiga ne. 6Kora, nmo de n kɔgɔ kom maama jege se á ke tento mo: kwei-na min-chala zwe 7se á jwa ke min-chala se wone. Á ta wó kwei talwoŋ-ywoŋa á ke á woli da se á daare á vo Baŋa Wɛ yiga ne. Baŋa Wɛ wó kuri wolo o na pɔɔre se o taa ye o nyem to. Abam Levi dwi tiina mo zeiŋi á tete á gaale!”
8Moses ta ma ta de Kora o we, “Nam cheigi-na lanyerane, abam Levi dwi tiina bam! 9Baŋa Wɛ pɔɔre abam Isarele dwi tiina bam maama wone se á ta‑á toŋe á pa‑o o wara-jei sem ne, se á daare á ta‑á zege Isarele tiina kɔgɔ kom yiga ne á woli-ba Wɛ zula seeni. O na kwei totoŋe dem konto o pa abam to dae kolokolo abam tei ne na? 10O pɛ chwoŋa se nmo, Kora, de n dwonna Levi tiina badaara bam taa tui o yiga ne. Nmo nam boŋe se n ji Wɛ kaanem tu mo n woli da na? 11Chega ŋwaane to, nmo de n kwaga kɔgɔ kom na zeiŋi á tete tei to, ko ye á chiŋi jara de Baŋa Wɛ mo. Á jege Aron á ŋwaana se bɛ mo?”
12Moses ma toŋe o bwoŋi Eliabi bia, Datan de Abiram. Ba ma toŋe kwora o tei ne ba we, “Dé bá ba nmo tei! 13Nmo jaane debam n nwoŋi Ejipti te-ywoŋa kalo na lana de varem de kɔnɔ to wone n ba ywo-seeni se dé te kagoa kanto wone. Ko nam dae kolokolo nmo tei ne ye n ta boŋe se n di dam dé baŋa ne! 14Nmo ta wo pɛ se dé zo tega kalo na ywomma de varem de kɔnɔ to. N wo pɛ se dé taa tei tega se dé du wonnu ka wone, naa dé jeiri Vini teeni dé gwori de bia. Daa‑n yé boŋe se n gane nɔɔna banto. Dé bere dé ba beena n tei!”
15Moses bane ma tiini de zaŋe ye o ta de Baŋa Wɛ o we, “Yé pa n yiga taa wo nɔɔna banto pɛɛra yam wone. A wo chɔge ba yiga, a nam wo jwoŋi ba bonaga dedoa tete de.”
16Moses laam ma ta de Kora o we, “Jwa ne se nmo de n kwaga kɔgɔ kom ba á zege Baŋa Wɛ yiga ne. Abam maama de Aron wó ba á jeeri da. 17Abam nɔɔno maama wó ja o min-chala zoŋa kam de ka wo talwoŋ-ywoŋa mo o ja o jeeri se o zwɛ o pa Baŋa Wɛ. Aron de wó ke konto. Á min-chala zwe sem maama wó taa ye bia yalei de finnu mo.”
18Tega na poore to, nɔɔna bam maama ma seene ba kwei ba zwe de se wo min-chala, ye ba laam daŋe talwoŋ-ywoŋa se wone. Ba ma vo ba jeeri Moses de Aron ye ba maama zege wara-jei sem ni ne. 19Kora déem ya pɛ se Isarele tiina kɔgɔ kom maama ba ba jeeri wara-jei sem ni ne ba zege Moses de Aron yiga ne. Ba maama na tu ba zege da konto to, Baŋa Wɛ ma veere o tete de o nenɔŋ-fɔrɔ kom o bere ba maama, 20ye o ta de Moses de Aron o we, 21“Abam balei kɛ-na dáa á daare Isarele tiina kɔ-fɔrɔ kom, se a yɔɔre a lage a ti-ba mo leile konto.” 22Moses de Aron ma vwi ba yibia tega ne ba lwoori Wɛ ba we, “Dé Tu Wɛ, nmo ŋwaane mo nabiina maama ŋwe. Nɔɔno dedoa nam ná ke o tusi, nmo wó da ko ŋwaane n ke bane de nɔn-kɔgɔ kom maama mo na?”
23 Baŋa Wɛ ma ta de Moses o we, 24“Nam ta de kɔ-fɔrɔ kom maama se ba ja ba tete ba vo dáa ba daare Kora, de Datan, de Abiram vwoa yam.” 25Moses ma zaŋe o vo Datan de Abiram tei ye Isarele nakwa bam de tɔge o kwaga. 26Moses maa jege nɔn-kɔgɔ kom o kaane ye o we, “Lage-na jei á vo, se á daare puseŋ-nyena banto. Nam yé zaŋe-na á dwei ba kolokolo, se á de tɔge de-ba á te ba wɛleera yam ŋwaane.” 27Nɔɔna bam maama ma seene ba vo dáa ba daare Kora, de Datan, de Abiram vwoa yam. Datan de Abiram déem nwoŋi mo ba zege ba vwoa yam ni ne, ye ba kaana de ba bia de zege ba tei ne.
28Moses laam ma ta o we, “Keim dento baŋa ne mo abam wó ma á sɛ we Baŋa Wɛ mo toŋe-ne, se ko dae a tete boboŋa ŋwaane mo a ke totoŋa yalo a na jege a ke to. 29Nɔɔna banto ná tege ba tete toone, ko bere we Baŋa Wɛ wo toŋe-ne, se a tete mo ke a boboŋa. 30Baŋa Wɛ nam ná ke wo-kenkagele delo ta na wo maŋe de ke to, pa se tega kam bɔke belei ka jwoŋi-ba ka li, ye banto de ba wonnu maama ná zo tega kuri ne ye ba ŋwe, ko wó pa se á lɔre we ba na gwooni Baŋa Wɛ to ŋwaane mo o ke konto.”
31Moses na yɔɔre o ta konto o ti to, mo tega kam mɛ seeni nɔɔna bam na zege to bɔke belei. 32Ka ma jwoŋi ba de ba di sem tiina ka li. Tega kam déem ta ligi Kora de o kwaga tɔgena bam maama mo, de ba jejegero maama. 33Ba de ba wonnu maama na sirimi ba zo gwoŋo kom wone konto to, mo tega kam jwoori ka kwoni ka tete. Nɔɔna bam konto laam jei, ye ba daa tera Isarele tiina kɔgɔ kom wone. 34Isarele tiina bam déem nigi nɔɔna bam na laare bɔge-bɔge tei to. Ba de ma duri se ba lu ye ba laare ba we, “Dé vae se tega kam li debam de!”
35Ko ta ná ye nɔɔna bia yalei de finnu balo na mɛ ba mini zwe sem ba zwɛ talwoŋ-ywoŋa ba pa Baŋa Wɛ to, min-vogo mo pɔpɔ ko nwoŋi Baŋa Wɛ tei ne ko chu ba baŋa ne ko go-ba.
36 Baŋa Wɛ ma ta de Moses o we, 37“Ta de Aron bu Eleaza se o beeri tentwarem dem wone o twɛ min-chala zwe sem. O ná ke konto, se o laam le min-chala yalo na wo se wone to o dole o yage yiga yiga. Kokuri to, zwe sem laam ye wose mo, 38ba na kwei-se ba ma ke pɛɛra ba pa Baŋa Wɛ to ŋwaane. Nɔɔna balo na ke konto to laam tege mo ba wɛleera ŋwaane. Mo kokuri, á jege se á kwei zwe sem á mage á ke daane se se chaane se ji channa-pelaga, se á daare á kwei á ma á kwoli kaanem dakaa kam. Konto ná kea, min-chala zwe sem wó ji maana mo se pa Isarele tiina bam.”
39Kaanem tu Eleaza ma seene o twɛ zwe selo nɔɔna bam na jaane ba vo Wɛ yiga ne ye Wɛ go-ba to. O ma pa se ba mage-se ba ke channa-pelaga na chaane to, ye ba kwei-ka ba kwoli kaanem dakaa kam. 40Ko maa ye maana ko pa Isarele tiina bam se ba taa yei we nɔɔn-nɔɔno dae se o zwɛ talwoŋ-ywoŋa o pa Baŋa Wɛ ye o wo nwoŋi Aron dwi dem wone. Nɔn-gaa ná kwaane se o ke konto, kotu wó na chɔgem nenɛɛne Kora de o kwaga tɔgena bam na nɛ tei to mo. Eleaza déem ke nenɛɛne Baŋa Wɛ na tɔge Moses baŋa o pa‑o ni se o ke tei to mo.
41Tega na poore to mo Isarele tiina kɔ-fɔrɔ kom maama vei Moses de Aron tei ye ba poone ba we, “Abam balei mo go Wɛ nɔɔna bam badaara.”
42Nɔɔna bam na yɔɔre ba jeeri ba gilimi-ba to, mo Moses de Aron pipiri se ba nii wara-jei sem seeni, dedaane kunkwoŋo kom tu ko kwoli wara-vwei dem ye Baŋa Wɛ pɔpɔ o veere o tete de o nenɔŋ-fɔrɔ kom o bere ba maama. 43Moses de Aron ma vo ba zege wara-vwei dem yiga ne. 44Baŋa Wɛ ma ta de Moses o we, 45“Fɔɔre á zege-na dáa ne de nɔn-kɔgɔ kom se a laam yɔɔre a ti ba maama bedwe baŋa ne.” Ba de ma vwi ba yibia tega ne.
46Moses ma ta de Aron o we, “Zaŋe n kwei n min-chala zoŋa kam n daare n le min-chala kaanem dakaa kam mini wone n ke zoŋa kam wone. Ta kwei talwoŋ-ywoŋa n woli da n vo n zo nɔn-kɔgɔ kom wone se n ma n saare ba wɛleera Wɛ yiga ne. Ke lela! Baŋa Wɛ bane zaŋe nɔɔna bam baŋa ne mo pa se jawe-chɛɔ maŋe ko to ba wone ko jege-ba ko goe.” 47Aron ma seene o ke kolo Moses na tage to. O kwei o mini zoŋa kam mo o ja o duri o zo nɔn-kɔgɔ kom wone, ye jawe-chɛɔ kom ta jege nɔɔna bam ko goe. O ma zwɛ talwoŋ-ywoŋa kam o pa Baŋa Wɛ se o le ba wɛleera Wɛ yiga ne. 48O ma zege twa bam de nɔɔna balo ta na ŋwe to tetare ne. Aron keim dem konto ma che jaweo kom dam, ye nɔɔna bam daa ba toa. 49De ko de, Isarele tiina balo na tege jaweo kom ŋwaane to déem ye nɔɔna morro fuga-tena de bia yarepɛ (14,700). Twa bam konto déem mo woli de balo na maŋe ba te Kora keim-balɔrɔ kom ŋwaane to.
50Jaweo kom na tu ko yage to, mo Aron jwoori wara-jei sem ni ne o vo o zege Moses tei ne.",https://www.bible.com/bible/3661/NUM.16.KBG
JEELIM 17,"Aron nacheiga na kwi vɔɔro tei to
1 Baŋa Wɛ ma ta de Moses o we, 2“Ta de Isarele tiina bam se n jwoŋi nachei fuga-selei ba tei ne. Ba nabaara sɔ-yuni tem maama yiga tu wom wó kwei o nacheiga kam o pa‑m se n popone kotu yere n ke ka yera ne. 3Ko ná ye Levi dwi dem nacheiga kam, se n popone Aron yere n ke ka yera ne. Konto to, ba sɔ-yuni tem maama yiga tu nacheiga kam wó taa wora. 4Nam kwei nachei sem konto n ja n zo wara-vwei dem wone n tiŋi Wɛ ni-gwonim dakaa kam yiga ne, mɛ seeni a na yeini a jeeri‑m to. 5Ko ná ye nɔɔno wolo amo na kuri se o taa ye a kaanem yiga tu wom to, kotu nacheiga kam wó kwi de vɔɔro. A maa wó tɔge ko baŋa ne se Isarele tiina bam na yɔɔre ba jege‑m ba poona tei to yage.”
6Moses ma ta Wɛ ni dem o bere Isarele tiina bam. Ba yiga tiina bam ma seene ba pa‑o ba nachei fuga-selei, sɔ-yuu maama de ko nacheiga. Aron nacheiga kam de ma woli da Levi dwi dem ŋwaane. 7Moses ma ja se maama o zo wara-vwei dem wone o tiŋi Wɛ ni-gwonim dakaa kam yiga ne.
8Tega na poore to mo Moses jwoori o zo wara-vwei dem wone. O na zo to, mo o nɛ we Aron nacheiga kam, ka na zege ka pae Levi dwi dem to kwi vɔɔro. Ka ta ke punnu de, ye Alimodi tio-bia na bege to leigi ka yera ne. 9Moses ma ja nachei sem maama ya na tigi Baŋa Wɛ dakaa kam yiga ne to o nwoŋi pwooni, se Isarele tiina bam maama na. Yiga tiina bam maama ma lɔre ba nachei ye ba kwei-se.
10 Baŋa Wɛ laam ma ta de Moses o we, “Ja Aron nacheiga kam n jwoori n zo n tiŋi ni-gwonim dakaa kam yiga ne. Ka ye maana mo ka pa zwabani-nyena bam we, ba ná wo yage ba pompona kam amo ŋwaane, a wó chɔge-ba.” 11Moses ma ke tei Baŋa Wɛ na pɛ‑o ni se o ke to.
12Isarele tiina bam laam ma ta de Moses ba we, “Debam maama lage dé te mo! Chwoŋa tera se dé jwoŋi dé tete dé yage! 13Dé ná fɔɔre dé twɛ Baŋa Wɛ wara-vwei dem yera, lɛɛro wó yi debam mo se dé te! Debam maama nam wó sɛ se dé te na?”",https://www.bible.com/bible/3661/NUM.17.KBG
JEELIM 18,"Wɛ kaanem tiina de Levi dwi tiina totoŋa yam taane
1 Baŋa Wɛ déem ma ta de Aron o we:
“Nmo de n bia, ko woli de á chorro Levi dwi tiina bam mo jege se á ta‑á nii se nɔɔn-nɔɔno yé chɔge wara-jei chullu tem. Ko nam ná ye Wɛ kaanem tiina bam, nmo de n bia bam mo jege se á ta‑á nii ba baŋa ne, se ba yé ke ba chɔge. 2Nmo dé n bia ná yeini á toŋe wara-vwei dem totoŋa, se á pa se á chorro Levi dwi tiina bam taa tui ba woli abam wone ba taa toŋa. 3Ta‑á nii ba baŋa ne se ba taa toŋe wara-jei sem maama totoŋa yam. Nam yé pa-na se ba yi ba dwei wara-vwei dem wo-zela yam, naa kaanem dakaa kam. Á ná pɛ-ba chwoŋa pa se ba ke konto, abam de banto maama wó te mo. 4Banto mo wó woli abam wone se á ta‑á toŋe wara-jei sem totoŋa yam maama. Ko ná dae banto yerane, nɔn-gaa ba jege chwoŋa se o twɛ abam totoŋa jei sem.
5Nmo de n bia bam wó nii wara-vwei dem tete, de kaanem dakaa kam totoŋa baŋa ne, se amo bane daa yé zaŋe de Isarele tiina bam. 6Amo tete mo kuri Levi dwi dem Isarele dwia yam maama wone se ba taa ye a nyem. A laam ma kwei-ba a pa abam kaanem tiina bam se ba taa zeini abam. 7Nmo de n bia bam yerane mo wó taa toŋe kaanem tiina totoŋa yam. Abam mo jege chwoŋa se á ta‑á ke kaanem á pa-ne dakaa kam baŋa ne, ye á ta daare á gaale á zo wara-vwei gare-jale dem yiga ne. Kaanem totoŋe dem á na wó toŋe to ye pɛɛre mo amo na kwei a pa abam. Nɔn-gaa ná kwaane se o twɛ á totoŋa jei sem, kotu jege se o te mo.”
Wɛ kaanem tiina bam pɛɛra taane
8 Baŋa Wɛ ma ta de Aron o we:
“Amo kwei pɛɛra yalo maama Isarele tiina bam na yeini ba jaane ba tui ba pa-ne to mo a ke abam jeŋa ne se á ta‑á nii ya kaanem baŋa ne. Amo nam pɔɔre abam nyem mo ya wone se á ta‑á jega taa wuu. 9Ko ná ye pɛɛra yalo na tiini ya ye wose ye nɔɔna jaane ba tui ba pa-ne to, á wó pɔɔre á nyem pɛɛra yalo ba na wo zwɛ kaanem dakaa kam baŋa ne to wone mo. Ko ná ye ba wodiu pɛɛra yam, de ba wɛleera saarem pɛɛra yam, de ba wɛleere jene pɛɛra yam, nmo de n bia wó jwoŋi á nyem ya maama wone. 10Á nam jege se á maŋe wara-jei sem wone mo á di wonnu tem konto, te na tiini te ye wose to ŋwaane. Á baara bam maama mo jege chwoŋa se ba di-te. Nam pa-na se te taa ye wose abam tei ne.
11Ko ta ná ye pɛɛra yalo á na wó pɔɔre Isarele tiina pɛɛra yalo á na zeiŋi wɛɛne á yaare-ya amo yiga ne to wone, amo kwei tento se te taa ye nmo de n bia bam nyem mo. Nmo bu-baara de n bukwa jege chwoŋa se ba di-te taa wuu. N diga tiina bam wolo maama ná maŋe de chullu tem, kotu jege chwoŋa se o jwoŋi te wone o di.
12Ko ta ná ye pɛɛra yalo nɔɔna na yeini ba pɔɔre ba nuga wone, de ba Vini sa-sona wone, de ba wodiiru telo maama na yeini te lwoori yiga te ke to wone ba ja ba ba ba pa-ne to, amo kwei tento a pa abam mo. 13Wodiiru telo maama tega kam na yeini te ke ye nɔɔna ja-te ba ba ba pa-ne to wó taa ye abam nyem. N diga tiina bam wolo maama ná maŋe de chullu tem, kotu jege chwoŋa se o jwoŋi te wone o di.
14Woŋo kolo maama Isarele tiina bam na yɔɔre ba kwei ba ke amo jeŋa ne to de wó taa ye abam nyem. 15Isarele tiina bam bakeiri-kwe sem, de ba vare-kwe sem ba na yeini ba ja ba ba se ba pa-ne to maama ye abam nyem mo. Á nam wó pa se ba ŋwe sabu mo se ko leiri ba bakeiri-kwe sem yuu ne. Ko ta ná ye vare-kwe selo na wo maŋe de chullu tem to, ba wó ŋwe sabu se ŋwaane. 16Ba ná lage ba ŋwe sabu ba bakeiri-kwe sem ŋwaane, abam wó jwoŋi sɛkɛle sabu-dala yanu mo bu wolo na yi chana to ŋwaane. Sabu kom konto dunni jege se ko tɔge de wara-jei sem maŋem chekke na ye tei to mo. Sɛkɛle dedoa maa ye gɛra kuni finlei. 17Ko nam ná ye vare-kwea kalo na ye naao, naa pia, naa boŋo, ko dae se á jwoŋi sabu ko ŋwaane. Vara bam konto dwoŋi yɔɔre ba ye amo nyem mo. Á jege se á kwei ba jana á miisi kaanem dakaa kam yera ne mo, ye á daare á zwɛ ba lara kam á ma‑á ke zwɛɛm kaanem á pa-ne, se ka lwom dem taa ywomma de pa-ne. 18Vara bam konto nɔna nam ye abam nyem mo se á di, nenɛɛne á na jege chwoŋa se á di vara nyɔɔna yalo á na zeiŋi wɛɛne amo ŋwaane to, de ba jazem chwoa yam tei to. 19Pɛɛra yalo maama Isarele tiina bam na pɔɔre se ba kwei ba pa-ne to mo amo kwei-ya se ya taa ye nmo de n bia bam nyem, bakeiri de busankane maama. Ya wó taa ye abam nyem taa wuu. Amo ni dem konto wó yɔɔre de taa wora ko pae nmo de n kwaga kam se ko taa vei wuu.”
20 Baŋa Wɛ laam ma ta de Aron o we:
“Ba ná lage ba pɔɔre tega kam ba pa Isarele tiina bam, nmo bá‑n tɔge n jwoŋi n popɔra ka wone. Nmo daa bá‑n na n nyɔn-mage nyem, ko ná dae amo yerane. Amo tete nam mo yɔɔre a maŋe a pa‑m.
21Ko ta ná ye Levi dwi tiina bam, amo wó pa ba jwoŋi ba ŋweero totoŋa yalo ba na jege ba toŋe wara-vwei dem wone to baŋa ne. Isarele tiina bam ná yeini ba le popɔra dedoa ba wonnu tem popɔre fuga maama wone se ba pa-ne, amo wó kwei amo popɔra kam konto a pa Levi dwi tiina bam. 22-23Banto yerane mo jege se ba taa nii wara-vwei dem baŋa ne, se nɔɔn-nɔɔno yé chɔge de chullu tem. Nɔn-gaa daa ba jege chwoŋa se o fɔɔre o yi wara-vwei dem. Wolo ná ke konto, kotu tusim dem wó taa wo o yuu ne ye o jege se o te mo. Levi tiina bam de jege se ba na waarem ko ŋwaane. Ni dento a na pɛ abam to wó taa wora mo taa wuu ko pae abam de á kwaga kam.
Levi tiina bam nam bá tɔge ba jwoŋi ba popɔra tega kam pɔɔrem baŋa ne, ne ba chorro Isarele tiina bam na wó na tei to. 24Ko na ye tei to, amo kwei Wɛ-teiri pɛɛra yalo Isarele tiina na jaane ba tui ba pa-ne to a pa-ba se ya taa ye ba popɔra. Konto ŋwaane mo a nam tage Levi tiina bam taane a we, ba bá tɔge ba na ba popɔra Isarele tiina tega kam pɔɔrem baŋa ne.”
25 Baŋa Wɛ laam ma ta de Moses o we:
26“Ta n bere Levi tiina bam we: Abam ná jwoŋi Wɛ-teiri pɛɛra yalo na ye abam nyem to Isarele tiina bam tei ne, se á de le popɔra dedoa fuga maama wone á pa Baŋa Wɛ. Ya wó taa ye abam tete Wɛ-teiri pɛɛra á na le banto Wɛ-teiri pɛɛra yam wone to mo. 27Baŋa Wɛ wó jeeli á Wɛ-teiri pɛɛra yam konto, nenɛɛne á ya ná kwei á tete mena naa sa-doora á pa‑o to mo. 28Á wó tɔge chwoŋa kam konto á le Isarele tiina bam Wɛ-teiri pɛɛra yam maama wone, se á de ke pɛɛra á pa‑o. Á ma‑á wó kwei abam tete Wɛ-teiri pɛɛra yam konto á pa Wɛ kaanem tu Aron. 29Á jege se á le wonnu telo na tiini te lana to á pɛɛra yam wone mo se te taa ye Baŋa Wɛ nyem. Pɔɔre-na-te á pa‑o.
30Ta ta de Levi tiina bam we: Abam ná pɔɔre wonnu telo na tiini te lana to á pa Wɛ, o wó jeeli á pɛɛra yam konto, nenɛɛne á ya ná kwei á tete mena naa sa-doora á pa‑o to mo. 31Abam de á diga tiina jege chwoŋa se á kwei kolo na daare á pɛɛra yam wone to á di mɛ seeni á na lage to. Kokuri to, pɛɛra yam konto ye á ŋweero telo á na nɛ wara-vwei dem totoŋa baŋa ne to mo. 32Á ná yɔɔre á le wonnu telo na tiini te lana to se te taa ye á Wɛ-teiri pɛɛra á pa‑o, á bá na chɔgem chullu tem seeni. Pɛɛra yalo Isarele tiina bam na jaane ba tui ba pa-ne to ye wose mo. Ko dae se á kwei-ya á di yɔɔ yɔɔ. Á ná tɔge chwei sem konto, á bá te chullu tem chɔgem ŋwaane.”",https://www.bible.com/bible/3661/NUM.18.KBG
JEELIM 19,"Wɛleera saarem chullu tem
1 Baŋa Wɛ déem ma ta de Moses de Aron o we:
2“Amo Baŋa Wɛ tiŋi a ni dento mo se á ta‑á tɔge-de. Ta-na á bere Isarele tiina bam we: Ba jege se ba ja na-chwɛ-soŋo kolo na ba jege gɛɛ ko yera ne ye ba ta wo kwei-ko ba ma toŋe to mo ba ba ba pa abam. 3Á wó kwei-ko á pa kaanem tu Eleaza. O de maa wó ja-ko o nwoŋi o vo dáa, pa se ba go-ko ye o zege o nia. 4Eleaza ta wó de o noa na-chwɛ dem jana wone, ye o laam pipiri o jeeri wara-jei sem yiga seeni o miisi jana bam kuni berepɛ. 5Ko daare naao kom tete, de ko tɔnɔ kom, de ko nɔna yam, de ko jana bam, de ko wo-zela yam maama ye se ba zwɛ mo kula ye kaanem tu wom zege o nia. 6Na-chwɛ dem na jege de zwɛ konto to, kaanem tu wom laam wó kwei Sedare daa dedoa, de Husopa tio vɔɔro, de gare-ŋon-seŋa, o dole-te o de mini dem wone. 7Konto kwaga ne se kaanem tu wom swɛ o yera o daare o zare o gwaaro. O laam jege chwoŋa se o jwoori o taa zoore Isarele tiina kɔgɔ kom wone. O laam maa wó digiri chullu tem seeni se ko yi dedaan-ni maŋa. 8Nɔɔno wolo de na zwɛ na-chwɛ dem to de wó zare o gwaaro mo ye o daare o swɛ o yera. Wonto de wó digiri chullu tem seeni mo se ko yi dedaan-ni maŋa.
9Wolo na maŋe de chullu tem to maa wó pɛ na-chwɛ dem tentwarem dem, ye o ke-de pwola kalo ba na kwɛ Wɛ ŋwaane to ne. Jeiga kam konto nam wó taa ye dáa dáa mo de á na zoore mɛ to. Ba ta wó yeini ba viiri tentwarem dem na wone se Isarele tiina bam ma ba kwɛ ba tete de chullu tem wɛleera saarem ŋwaane. 10Wolo na pɛ tentwarem dem to de wó zare o gwaaro mo. O de wó digiri chullu tem seeni se ko yi dedaan-ni maŋa mo. Abam Isarele tiina bam de veira balo na zoore á wone to jege se á tɔge ni dento mo se ko taa vei wuu.
11Wolo ná dwei too, konto tu digiri chullu tem seeni mo se ko taa vei da yarepɛ. 12O jege se o kwei chullu kwɛɛm na bam mo o ma o kwɛ o tete de chullu tem. O wó ke konto da yatɔ dɛ dem ne, dedaane da yarepɛ dɛ dem ne mo, se o laam maŋe de chullu tem. O ná wo kwɛ o tete da yam konto ne, o yɔɔre o ta wo maŋe de chullu tem mo. 13Nɔɔno nam ná dwei too, ye o ve se o kwɛ o tete chullu tem ŋwaane, kotu chɔge Baŋa Wɛ wara-jei sem mo. Ba le‑o se o daa yé woli Isarele tiina bam wone. O ta digiri chullu tem seeni mo, ba na wo kwei chullu kwɛɛm na bam ba miisi o yera ne to ŋwaane.
14Nɔɔno ná wo vwei ne ye o te, chullu tem bere we wolo maama na wora ye kotu te, de wolo na zo da o maŋe de o toone dem to maama digiri mo chullu tem seeni se ko taa vei da yarepɛ. 15Kambia naa kɔɔro naa zoŋa kalo ná wo vwei dem wone ye ka ni wo pugi, ka de wo maŋe de chullu tem.
16Nɔɔno wolo ná wo pwooni yiga ne pa se o dwei too, kotu wó digiri chullu tem seeni se ko taa vei da yarepɛ. Ko ná ye wolo na tega jara-keim baŋa ne to, naa wolo na tege o tete toone to mo kotu dwei, ko ta ye bedwe mo. O ta ná dwei too kua, naa o dwei yibeeli, kotu digiri mo se ko taa vei da yarepɛ maŋa ne.
17Á ná lage á kwɛ wolo na digiri chullu tem seeni to, á wó kwei na-chwɛ delo ba na zwɛ wɛleera saarem ŋwaane to tentwarem mo á ke kikeira wone á daare á lwo na-doora á woli da. 18Nɔɔno na maŋe de chullu tem to laam wó kwei Husopa tio vɔɔro o de na bam wone o daare o miisi vwei dem, de de wo-zela yam, de nɔɔna balo na wo de wone ye nɔɔno wom te to. Ko ta ye bedwe mo de wolo ná dwei too, naa too kua, naa yibeeli. Ba jege se ba miisi kotu de chullu kwɛɛm na bam mo. 19Á wó miisi wolo na digiri to da yatɔ dɛ dem ne, dedaane da yarepɛ dɛ dem ne, se o laam maŋe de chullu tem. Nɔɔno wom wó zare o gwaaro mo o daare o swɛ o yera. Dedaan-ni maŋa ná yia, o wó maŋe de chullu tem. 20Nɔɔno ná digiri chullu tem seeni, ye o ve se o kwɛ o tete de chullu tem, ba jege se ba le kotu se o daa yé woli Isarele tiina kɔgɔ kom wone mo, o na chɔge Baŋa Wɛ wara-jei sem to ŋwaane. O ta digiri mo chullu tem seeni, ba na wo kwei chullu kwɛɛm na bam ba miisi o yera ne to ŋwaane. 21Nia yanto nam wó taa wora taa wuu ya pa abam.
Wolo na kwei chullu kwɛɛm na bam o miisi nɔɔna to de jege se o zare o gwaaro mo. Wolo maama de ná dwei na bam konto, kotu wó digiri chullu tem seeni, se ko taa nii dedaan-ni maŋa. 22Wolo na digiri chullu tem seeni to ná dwei woŋo kolo maama, woŋo kom konto de digiri mo. Wolo de nam ná dwei woŋo kom, o de wó digiri o tete se ko taa nii dedaan-ni maŋa mo.”",https://www.bible.com/bible/3661/NUM.19.KBG
JEELIM 20,"Na nwoŋi peo wone se nɔɔna bam nyɔ
1Isarele tiina kɔ-fɔrɔ kom déem ma beeri ba vo ba yi Zin kagoa kam boboa chana kam ne. Ba ma vo ba chwi ba vwoa Kadese ne ba zoore da. Ba na wora to, Miriam déem ma te ye ba suli‑o da.
2Na déem tera se Isarele tiina bam nyɔ. Ba maama ma la daane ba vo ba yi Moses de Aron tei se ba dwoni de-ba. 3Ba ma bwɛ Moses ye ba we, “Debam de déem ya ná tɔge dedaane dé chorro tem dé te Baŋa Wɛ wara-jei sem yiga ne, ko ya gare tento. 4Nmo nam yɔɔre n ja debam na ye Baŋa Wɛ kɔgɔ kom to mo n ba n dole n yage kagoa kanto ne, se debam dedaane dé vara maama te. 5Bɛ mo ye n ja debam n nwoŋi Ejipti teo wone se dé ba dé zege kasol-gwiu konto ne? Wodiiru ware se te ke ywo-seeni, kaporro nam tera, Vini teeni de tera, Pomegara teeni de maa tera. Na de nam tera se dé nyɔ!”
6Moses de Aron ma tutwoni ba kɛ ba daare nɔn-kɔgɔ kom ba vo ba zege wara-vwei dem ni ne. Ba ma vwi ba yibia tega ne, ye Baŋa Wɛ pɔpɔ o chu o veere o tete ko tɔge de o nenɔŋ-fɔrɔ kom o bere-ba. 7Baŋa Wɛ ma ta de Moses o we, 8“Zaŋe n kwei n nacheiga kam se nmo de n zembaaro Aron vo á la kɔ-fɔrɔ kom maama á ke daane. Laam zege ba yiga ne n ŋɔɔne de peo kolo na zege tento to. Na wó ta ba nwoŋi ko yera ne. Chega to, nmo wó pa na taa nwoŋi peo kom wone ba pae nɔn-kɔgɔ kom de ba vara bam se ba taa nyɔa.”
9Moses ma seene o vo o zo Baŋa Wɛ wara-vwei dem wone o kwei o nacheiga kam ne Baŋa Wɛ na pɛ ni se o ke tei to. 10O de Aron ma ja nɔn-kɔgɔ kom maama ba vo ba zege peo kom yiga ne. Moses laam ma ta de nɔɔna bam o we, “Abam zwabani-nyena banto, cheigi-na! Debam mo jege se dé pa se na ta ba nwoŋi peo konto ne se á nyɔ na?” 11O laam ma zeiŋi o jeŋa wɛɛne ye o kwei o nacheiga kam o ma mage peo kom kuni belei. Na-fɔrɔ ma pɔpɔ ba wuura ye ba chuura, pa se nɔɔna bam de ba vara nyɔ.
12Ko daare Baŋa Wɛ ma ta de Moses de Aron o we, “Abam nam wo ke á wo-dedoa de amo se ko pa Isarele tiina bam lɔre we, amo yɔɔre a ye wose. Á wo-dedoa kam na muri to ŋwaane, a daa bá pa abam chwoŋa se á ja amo nɔn-kɔgɔ kom á vo á zo tega kalo a na lage a pa-ba to wone.”
13Ba déem jege jei sem konto ba bwoi we ‘Meriba’ mo. Dáane mo Isarele tiina bam mage kantɔgɔ dedaane Baŋa Wɛ. O de ma bere-ba o wo-pwoŋo kom na ye tei to.
Edom teo pɛ ve se o pa Isarele tiina bam chwoŋa se ba kɛ
14Moses déem ma zege Kadese ne o toŋe kwora o pa Edom teo pɛ o we:
“Debam ye nmo tete chorro Isarele dwi tiina bam mo. Nmo maŋe n yei yaara yalo maama na yi debam to ni ne. 15Dé nabaara déem vei ba zo Ejipti teo wone ba maŋe da bena dedɛ. Ko kwaga ne mo Ejipti tiina bam bɛɛse dé kwoa bam de debam de. 16Dé na keeri dé jare Baŋa Wɛ to, mo o nigi dé wɛ-lworo kom. O ma tɔge o maleka baŋa ne o ja debam o nwoŋi teo kom konto ne. Dé laam nam tu dé jei Kadese ne mo, ko na wo abam teo kom siseini ni ne to. 17Dé maa lwoori nmo mo se n pa debam chwoŋa se dé tɔge n tega kam baŋa dé kɛ. Dé bá tɔge á kare de á kadwi seeni. Dé maŋe dé bá mɔ na á vola yam ne dé nyɔ. Dé nam wó yɔɔre dé tole chwo-fara kam yerane mo taa se dé vo dé bɛ abam laŋa kam. Dé bere dé bá ywori chwoŋa kam ne.”
18Edom pɛ wom ma leiri o we, “Aawo! Debam bá pa abam chwoŋa se á tɔge dé laŋa kam á kɛ. Abam nam ná fe se á tɔge da á kɛ, dé wó nwoŋi dé jeeri abam de jara.”
19Isarele tiina bam ma jwoori ba leiri ba we, “Dé nam wó maŋe chwo-fara kam ni ne mo dé taa via. Debam de dé vara ná nyɔge á na, dé wó ŋwe dé pa abam. Dé na lwoori kolo yerane to mo ye se dé tɔge á laŋa kam ne dé kɛ.”
20Edom pɛ wom ma yɔɔre o ve ye o we, “Dé bá sɛ se á tɔge ywo-seeni á kɛ.”
O ma pa se o jar-keira kɔ-fɔrɔ kom nwoŋi de dam se ba jeeri Isarele tiina bam de jara. 21Konto to, Edom tiina bam wo pɛ Isarele tiina bam chwoŋa se ba tɔge ba laŋa kam ba kɛ. Ko déem pɛ se Isarele tiina bam pipiri mo ba jwoori kwaga se ba kwei chwo-gaa.
Aron toone
22Isarele kɔ-fɔrɔ kom maama déem ma zege Kadese ne ba vo ba yi Hora peo kom 23na wo Edom laŋa kam siseini ne to. Ba na wora to mo Baŋa Wɛ tage de Moses de Aron o we, 24“Aron lage o maŋe ywo-seeni mo o te. O bá zo tega kalo a na lage a pa Isarele tiina bam to wone, abam balei na nwoŋi amo ni dem kwaga ne Meriba jei sem ne to ŋwaane. 25Moses, nam ja Aron de o bu Eleaza se á maama di Hora peo kom yuu. 26Pa se Aron lɔɔre o kaanem gare-laaro tem, se n kwei-te n zo o bu Eleaza. Kokuri to, Aron lage o te peo kom yuu ne mo.”
27Moses maa seene o ke tei Baŋa Wɛ na pɛ ni se o ke to. Isarele kɔ-fɔrɔ kom maama déem zege ba nia mo ye wonto, de Aron, dedaane Eleaza di Hora peo kom yuu. 28Moses ma lɔɔre Aron kaanem gwaaro tem, ye o daare o kwei-te o zo Eleaza. Aron ma maŋe peo kom yuu ne o te.
Moses de Eleaza ma zege peo kom yuu ne ba maa tu tega. 29Nɔɔna bam na yɔɔre ba lɔre we Aron tege to, mo ba maama keeri o lua kam da fintɔ.",https://www.bible.com/bible/3661/NUM.20.KBG
JEELIM 21,"Isarele tiina bam wane Kanaan tiina bam
1Arada teo pɛ déem mo wora. O maa ye Kanaan dwi tu ye o zoore tega-kuri seeni kagoa kam ne. O ma ni we Isarele tiina bam wo Atarim chwoŋa kam ne mo ba vei ba beene o jei sem. O ma nwoŋi o jeeri-ba de jara ye o ja ba badaara o pe. 2Isarele tiina bam ma du duuri de Baŋa Wɛ ba we, “Nmo ná woli pa se dé wane nɔɔna banto dé di, debam de gwoni ni se dé yɔɔre dé chɔge ba teene dem maama dé pa nmo.” 3Baŋa Wɛ ma cheigi ba wɛ-lworo kom ye o sɛ o woli-ba pa se ba di Kanaan tiina bam. Ba ma yɔɔre ba chɔge ba teene dem de de nɔn-bia bam. Konto ŋwaane mo ba bwoŋi jei sem yere we Horama.
Channa basankwea kam
4Isarele tiina bam déem na zaŋe Hora peo kom ne to, ko jege se ba kaare ba yage Edom laŋa kam dáa ne mo. Ba ma kwei Nane-soŋo chwoŋa kam ba kɛ. Ba nam na wo chwoŋa ne ba vei to, mo nɔɔna bam daa wo wane ba ja ba tete. 5Ba maa ŋwaane Wɛ de daane Moses ye ba we, “Moses, bɛ mo ye nmo yɔɔre n ja debam n nwoŋi Ejipti wone, se dé ba dé te kagoa kanto wone? Wodi-laao tera ywo-seeni. Na de maa tera se dé nyɔ. Dé yera de laam chɛ de wodi-yɔɔ konto.”
6 Baŋa Wɛ ma pa se basankwe selo ni na chana to to Isarele tiina bam wone, ye se done ba dedɛ se go. 7Nɔɔna bam badwonna ma vo Moses tei ba ta ba we, “Dé na ŋɔɔne dé chɔge Baŋa Wɛ de nmo to, ko ye wɛleere mo dé kea. Nam lwoori Baŋa Wɛ n pa debam, se o pa se basankwe sento viiri se daare debam.” Moses de ma lwoori Wɛ o pa nɔɔna bam.
8 Baŋa Wɛ ma ta de Moses o we, “Nam yɔɔre n mɔ basankwea, se n daare n kwei-ka n lei daa yera ne. Basankwe sem ná done wolo maama, kotu wó kwoni o nii-ka se o ma jwoŋi o ŋwea.” 9Moses ma kwei channa o ma o mɔ basankwea o daare o lei-ka daa yera ne o zege-ka deiki. Wolo maama basankwe sem na done ye o kwoni o nii channa basankwea kam to mo jwoŋi o ŋwea o yage.
Ba kwei chwoŋa ba maa vei Moaba
10Isarele tiina bam daa ma zaŋe ba vo ba yi Obofe teo ba jeini da. 11Ba ma zege Obofe ne, ba zaŋe ba vo ba yi Ye-Abarim ba jeini da. Jei sem konto maa ye Moaba wɛ-puli seeni kagoa kam ne mo. 12Ba daa ma zaŋe dáane ba vo ba jeini Zereda nabara kam ni ne. 13Ba laam ma zaŋe ba vo ba bɛ Aranon buga kam, ye ba vo ba jeini kagoa kalo na wo Amori tiina laŋa kam siseini ni ne to. Aranon buga kam déem mo ye siseini na tigi Moaba tiina bam de Amori tiina bam tetare ne to. 14Konto ŋwaane nam mo tei Baŋa Wɛ Jara-keim Tɔnɔ kom tage jei sem konto taane we:
“Waheba teo na wo Sufa laŋa ne, de ko nabare sem, de Aranon buga kam, 15de nabare sem siswooru tem konto na tigi Moaba siseini ni ne, ye te kɛ te yi Ara teo to.”
16Ba ma zege jei sem konto ne ba vo ba yi Beeri teo. Vole maa wo teo kom konto ne, ye dáane mo Baŋa Wɛ déem tage de Moses o we, “La nɔɔna bam n ke daane se a lage a pa-ba na mo se ba nyɔ.” 17Kanto maŋa ne mo Isarele tiina bam leeni leiŋa kanto ba we:
“Vole dem na buri na
de pa debam to,
debam de wó ke wopwolo
ye dé leeni lei!
18Pwa mo koge vole dem!
Naduna de ma fɔge-de!
Ba kwei ba paare nachei sem mo
ba ko-de!”
Isarele tiina bam déem ma zaŋe kagoa kam ne ba vo ba jeini Matana ne. 19Ba maa zaŋe Matana ne ba vo Nahaleli. Ba daa zege da ba vo ba yi Bamofe. 20Ba ma zege Bamofe ne ba vo ba yi bwolo kodwoŋi na wo Moaba laŋa kam ne to. Ba ma jeini mɛ na twɛ de Pisiga peo kom to. Peo kom yuu maa yɔɔre ko jeeri kagoa kam seeni.
Ba na di Pɛ Sihon de Pɛ Oga tei to
21Isarele tiina bam déem ma toŋe kwora ba pa Amori tiina Pɛ Sihon, ye ba we:
22“Dé lwoori nmo mo se n pa debam chwoŋa se dé tɔge n tega kam baŋa dé kɛ. Dé bá ywori chwoŋa kam ne dé tɔge á kare de á kadwi seeni. Dé maŋe dé bá mɔ na á vola yam ne dé nyɔ. Dé nam wó yɔɔre dé tole chwo-fara kam yerane mo taa se dé vo dé bɛ abam laŋa kam.”
23Pɛ Sihon ma ve se Isarele tiina bam tɔge o laŋa kam ne ba kɛ. O ma bwoŋi o jar-keira bam maama o ke daane, ye ba nwoŋi ba vo kagoa kam wone se ba jeeri Isarele tiina bam. Ba na yi Jahaza seeni to, mo ba déem kwaare jara de-ba. 24Isarele tiina bam déem ma di-ba. Ba ma vere ba tega kam ba tei, ko zege Aranon buga kam ni ne, se ko yi Jaboke buga kam. Ba nam wo bɛ Jaboke buga kam ba kɛ, ko na ye Amon tiina bam siseini dem ye de fɔge de che de dam to ŋwaane. 25Isarele tiina bam déem vere Amori tiina teene dem maama, de ba te-fɔrɔ Hesebon de ko nawuura yam mo. Ba maa lɛɛre ba zoore de wone. 26Hesebon ye teo kolo Amori tiina Pɛ Sihon na jei o di o paare ko wone to mo. O déem nam ya ke jara de Moaba tiina bam pɛ mo, pa se o vere ba tega kam maama se ko vo ko yi Aranon buga kam seeni.
27Konto ŋwaane nam mo tei lein-leena bam yeini ba seini Hesebon teo kom ba we:
“Ba-na á zo Hesebon teo kom wone,
se á jwoori á fɔge á lɔ-ko.
Pa-na se Pɛ Sihon te-fɔrɔ kom
zege de dam!
28Min-fɔrɔ déem nwoŋi Pɛ Sihon teo Hesebon wone
ko jage ko di Moaba teo Ara,
de naduna balo na zoore
Aranon peero tem wone to.
29Moaba tiina bam, lɛɛro yi abam!
Abam balo na zuli á jwoni Chemosi to,
chɔgem to abam baŋa ne!
Á jwoni dem ve abam mo
pa se Amori tiina Pɛ Sihon chwooli abam.
Á baara ma duri ba jage jei maama sae!
O ma zi á bukwa o ja o viiri.
30Debam laam nam yɔɔre
dé wane-ba dé di mo,
ko zege Hesebon ne
se ko yi Dibon seeni.
Dé chɔge-ba mo se ko vo ko yi Nofa,
se ko ta yi Medeba seeni.”
31Isarele tiina bam déem na jeini Amori tiina tega kam ne to, 32mo Moses toŋe nɔɔna se ba vo ba ŋɔ ba nii Jazera teo kom. Ba na nii-ko to, Isarele tiina bam ma vo ba di teo kom konto de ko nawuura yam. Ba ma zeili Amori tiina bam na zoore jei sem konto ne to.
33Ko kwaga ne mo Isarele tiina bam pipiri ba kwei Basan chwoŋa kam ba via. Basan teo Pɛ Oga ma nwoŋi de o jar-keira bam maama o vo o jeeri-ba Ederi ne se ba kwaare jara.
34 Baŋa Wɛ déem ma ta de Moses o we, “Yé ta‑n fona de Pɛ Oga. Amo lage a kwei pɛ wom de o nɔɔna bam maama a ke nmo jeŋa ne, se á jwoŋi ba tega kam á ta‑á tei mo. Abam nam jege se á chɔge pɛ wom konto dedaane o nɔɔna bam mo nenɛɛne á na ke Amori tiina Pɛ Sihon na di paare Hesebon ne tei to.”
35Isarele tiina bam ma yɔɔre ba ti Pɛ Oga, de o bia, de o jar-keira bam maama pa se nɔɔn-nɔɔno daa wo daare. Ba maa lɛɛre ba zoore o tega kam ne.",https://www.bible.com/bible/3661/NUM.21.KBG
JEELIM 22,"Pɛ Balaki bwoŋi Balaam se o ba o woli‑o
1Isarele tiina bam déem ma gɔ ba vwoa yam ba vo ba yi Moaba laŋa kam te-kampare ba jeini da. Jei sem konto wo Jɔdan buga kam ni ne mo ye Jeriko de wo bubɛ dedwoŋi dem seeni.
2Zipore bu Balaki déem mo ye Moaba teo pɛ. O ma lɔre kolo maama Isarele tiina bam na ke de Amori tiina bam to. 3Foone ma tiini de zo o de o nɔɔna bam, Isarele tiina bam kɔgɔ kom na daga to ŋwaane. Moaba tiina bam nagwola ma te Isarele tiina bam ŋwaane. 4Ba ma ta de Midian tiina nakwa bam ba we, “Isarele tiina kɔgɔ kom lage ko ba ko chɔge debam de dé wonnu tem maama, ne nabea na yɔɔre ka gaane gaao pwola ne tei to mo.”
5Moaba Pɛ Balaki déem toŋe kwora o pa Beora bu Balaam se o ba o tei. Balaam déem zoore Amawa teo kodwoŋi ne, ko yere mo Petora. Ko déem wo Yuferata buga kam ni ne mo. Pɛ Balaki maa we:
“Nɔn-dwi dedwoŋi mo zege Ejipti ne ba ba ywo-seeni. Ba yɔɔre ba jage jei maama mo, ye ba laam ba ba jeini amo tega kam ni ne. 6Nɔɔna bam konto dana ba dwoi debam. Nam ba n sɔɔle lwarem n yage ba yera ne, se ko pa dé wane-ba dé zeili se ba viiri ba daare debam. Amo yei lanyerane we nmo ná yeini n sɔɔle Wɛ swolim n yage wolo yera ne, konto tu wó seene o jwoŋi Wɛ swolim mo. N ma‑n ná sɔɔle lwarem n daŋe wolo yuu ne, kotu wó seene o na lɛɛro mo.”
7Moaba de Midian tiina nakwa bam ma zaŋe se ba vo Balaam tei. Ba ma kwei kwora se ba ŋwe‑o o yi-nɛɛre totoŋe dem ŋwaane. Ba na yi da to mo ba pɛ‑o Balaki ni dem.
8Balaam ma leiri-ba o we, “Maŋe-na ywo-seeni á peini, se tega ná poore, se a laam leiri á taane dem, ne Baŋa Wɛ na veere o boboŋa o bere-ne tei to.” Moaba dedɛɛra bam ma maŋe o sɔŋɔ ne ba peini.
9Tete ne, Baŋa Wɛ ma ba Balaam tei ye o we, “Nɔɔna banto ye bera mo ye ba ba nmo sɔŋɔ?” 10Balaam ma leiri o we, “Moaba teo Pɛ Balaki mo toŋe-ba se ba ba ba ta de amo we, 11nɔn-dwi dedwoŋi mo nwoŋi Ejipti ne ba ba ba jage tega kam baŋa maama. O laam maa lage se a vo o tei, se a sɔɔle lwarem a daŋe ba baŋa ne, se o wane-ba o zeili se ba viiri ba daare‑o.”
12Wɛ ma ta ded‑o o we, “Yé sɛ n tɔge Balaki tontoŋena bam kwaga se á vo o tei. Nam yé sɔɔle lwarem n daŋe nɔn-kɔgɔ kom konto baŋa ne, se amo maŋe a swɛ ba swolim mo.”
13Tega na poore to, Balaam ma yi Balaki tontoŋena bam tei ye o ta de-ba o we, “Jwoori-na á tete teo, se Baŋa Wɛ ve se a da de abam a vo.” 14Moaba tiina dedɛɛra bam ma zaŋe ba jwoori ba vo ba ta de Balaki ba we, “Balaam wo sɛ se o tɔge debam se dé ba nmo tei.”
15Balaki daa ma toŋe o dedɛɛra badwonna se ba vo Balaam tei. Banto tiini ba ye naduna, ye ba daga ba dwoi boboa nɔɔna bam. 16Ba na yi Balaam tei to, mo ba we, “Zipore bu Balaki toŋe ni o we, n yé pa kolokolo che‑m se n ba omo tei. 17N nam ná tua, Balaki wó pa‑m kwora yalo maama n na lage to. O ta wó ke kolo maama n na lage se o ke o pa‑m to. Nam yɔɔre n ba n sɔɔle lwarem n daŋe nɔɔna bam yuu ne n pa‑o.”
18Balaam maa wo sɛ ye o leiri-ba o we, “Pɛ Balaki ná maŋe o lɔ sɔ-fɔrɔ mo, ye o laam su ko ni de sabu-seŋa dedaane lu-nyenno se o kwei o pa-ne de, amo ta bá wane a ve ni delo amo Tu Baŋa Wɛ wom na kwei o pa-ne to. A ba jege chwoŋa se a ke wo-kamunu naa wo-balaŋa de, ye ko dae kolo Baŋa Wɛ na pɛ amo ni se a ke to. 19Nam maŋe-na ywo-seeni á peini, nenɛɛne á dwonna bam daama na ke tei to. Amo ta wó nii Baŋa Wɛ jege boboŋe dedwoŋi se o daa veere o bere-ne na?”
20Tete dem konto ne, Baŋa Wɛ ma ta de Balaam o we, “Nɔɔna bam na tu se ba bwoŋi‑m se n vo Moaba to, tɔge de-ba n vo. Nmo nam wó ke kolo yerane amo na wó bere‑m se n ke to mo.” 21Tega na poore to, Balaam ma zaŋe o vɔ o bonaga de zela. O na diini-ka to, o ma tɔge de Moaba dedɛɛra bam pa se ba kɛ.
Balaam de o bonaga kam
22 Baŋa Wɛ bane nam ya zaŋe de Balaam mo o na tɔge de-ba o maa vei to ŋwaane. Balaam déem diini o bonaga mo ye ba via. O tontoŋena balei de maa tɔge ba via. Ba na maa vei to, Baŋa Wɛ maleka ma zege ka che Balaam chwoŋa se o yé kɛ. 23Bonaga kam na nɛ we Baŋa Wɛ maleka kam chege ba chwoŋa ye se-zɔɔ wo ka jeŋa ne to, mo ka yage chwoŋa kam ye ka lɔ ka zo gaaro wone. Balaam maa mage-ka ye o ja-ka o jwoori o de chwoŋa kam ne.
24 Baŋa Wɛ maleka kam ma vo ka yi chwoŋa kam mɛ na ye memena ye ka tigi kabiri selei laŋa ne to. Kadwi selo Vini teeni na wo se wone to maa tigi chwoŋa kam jazem de jagwia ne. Maleka kam maa zege da ka che chwoŋa kam. 25Bonaga kam daa ma na Baŋa Wɛ maleka kam. Ka ma peene ka tete de kabira kam pa se kabiri kam kweere Balaam napere. O daa ma mage o bonaga kam.
26 Baŋa Wɛ maleka kam ta ma fɔɔre ka yi ka zege chwoŋa kam mɛ na tiini ka peene to ne. Laŋa daa tera se bonaga kam tɔge jazem naa jagwia seeni ka kɛ. 27Ka de na nɛ konto to, mo ka to tega ne ka tiga. Balaam daa maa ware o bane o ja. O ma kwei o nacheiga o jege bonaga kam o maga. 28Se nɛ sem ni ne, mo Baŋa Wɛ pɛ bonaga kam chwoŋa se ka ŋɔɔne. Ka ma bwei Balaam ka we, “Bɛ mo a ke a chɔge pa se n yɔɔre n mage-ne kuni betɔ tento dwoŋi?” 29Balaam ma leiri-ka o we, “Ko ye nmo na pɛ se a nye de jworo to ŋwaane mo. A ya ná maŋe a jege se-zɔɔ ywo-seeni, a ya wó go‑m lela.”
30Bonaga kam laam maa we, “Amo dae nmo tete bonaga mo ye n jege-ne n diini maŋa maama na? A nam yeini a ke tento dwoŋi nmo yera ne na?” Balaam ma leiri we, “Aawo! N ta wo ke tento dwoŋi.”
31Konto baŋa ne mo Baŋa Wɛ pore Balaam yia, pa se o na Baŋa Wɛ maleka kam na chege chwoŋa kam ka zega ye se-zɔɔ wo ka jeŋa ne to. Balaam na nɛ to, o ma tiiri o vwi o yibia tega ne.
32Maleka kam ma bwei‑o ka we, “Bɛŋwaane mo nmo mage n bonaga kam kuni betɔ konto? Amo nwoŋi se a ba a dwoni de nmo, kokuri to, a nɛ we chwoŋa kalo n na kwei to ba jege kuri. 33Ko ná dae n bonaga kam ŋwaane, tento a ya go‑m. Ka nɛ-ne mo pa se ka ywori chwoŋa kam ne kuni betɔ. Ko ya ná dae konto, a ya wó go‑m ye a daare a yage n bonaga kam pa se ka viiri.”
34Balaam ma leiri maleka kam o we, “Amo ke a tusi. A ya yeiri we nmo chege chwoŋa mo se n dwoni de amo. De ko de, nmo yi ná wo su a veiŋa kam, amo wó jwoori sɔŋɔ.”
35 Baŋa Wɛ maleka kam ma ta ded‑o ka we, “Ta tɔge de nɔɔna bam n kɛ. Nam lɔre se n ta kolo yerane amo na wó bere‑m se n ta to.” Balaam laam ma da de Balaki dedɛɛra bam o kɛ.
36Balaki na nigi we Balaam wo chwoŋa ne o beene o tei to, mo o nwoŋi o vo se o jeeri‑o Moaba teo kodwoŋi ne. Ko déem wo Aranon buga kam ni ne mo, se ko maŋe de o laŋa kam siseini. 37O na yi da to, o ma bwei Balaam o we, “Bɛ mo ke ye n wo sɛ a kwora kam a na toŋe to? Bɛ mo ye n wo tu lela? Nmo boŋe se a jeŋa muri se a ŋwe‑m mo na?” 38Balaam ma leiri‑o o we, “Ko ná ye tei maama, a laam tua. A nam ba jege chwoŋa se a ta taane se de dwoni tei yerane Wɛ na bere-ne se a ta to.”
39Ba ma tɔge daane ba vo Kiriaf-Huzofa. 40Ba na yi da to, Balaki ma kwei naane de pei o ke kaanem. O ma fɔ nɔna yam wone o kwei o pa Balaam de o teo dedɛɛra balo na tɔge ded‑o to. 41Tega na poore to, Balaki ma zaŋe o ja Balaam o vo Bamofe-Baal. Balaam na zege dáane to, o wae o nii o nae Isarele tiina kɔ-fɔrɔ kom wone nɔɔna bam badaara.",https://www.bible.com/bible/3661/NUM.22.KBG
JEELIM 23,"Balaam boboa taane dem
1Balaam ma ta de Balaki o we, “Pa se ba ke kaanem bimbina yarepɛ jei sem konto ne, se n daare n ja na-bale serepɛ dedaane pi-bɛ serepɛ n ba n pa-ne.” 2Balaki ma seene o ke konto. Ba balei ma kwei na-bala de pi-bea ba ma ke kaanem bimbini maama baŋa ne.
3Balaam laam ma ta de Balaki o we, “Ta‑n zege n zwɛɛm pɛɛra yam teiŋa ne konto. Amo wó fɔɔre a vo dáa se a nii Baŋa Wɛ wó jeeri-ne na? O ná veere kolo maama de amo, amo de wó ba a ta a bere‑m.” O laam ma vo o di peo yuu mɛ teeni na tera to.
4Wɛ ma ba o tei. Balaam ma ta o we, “Amo ke bimbina yarepɛ mo, ye a kaane na-bala de pi-bea bimbini maama baŋa ne.” 5Baŋa Wɛ ma kwei o kwora o pa Balaam ye o ta ded‑o we, “Nam jwoori Balaki tei, se n ta amo kwora kam n bere‑o.”
6Balaam ma jwoori Balaki tei, dedaane o ta zege o zwɛɛm pɛɛra yam teiŋa ne mo. Moaba dedɛɛra bam de maa wo o tei ne. 7Balaam ma bobo se o tole taane dem ye o we:
“Moaba teo pɛ Balaki mo jaane amo
o pa a nwoŋi Aram peero tem na wo wɛ-puli seeni to ne
a ba ywo-seeni.
O maa boŋe se a sɔɔle lwarem
a daŋe Isarele tiina bam yuu ne
se ko chɔge-ba.
8Wɛ nam na wo sɔɔle lwarem o pa Isarele tiina bam to ŋwaane,
amo wó ke tɛ mo a sɔɔle lwarem a daŋe ba yuu ne?
Amo wó na chwoŋa yein-seeni mo se a bwɛ-ba,
ye Baŋa Wɛ wo bwɛ-ba?
9Amo na zege peero tem yuu ne to,
a yɔɔre a na-ba mo.
Isarele dwi tiina ye balo na pɔɔre ba tete
se ba yé tɔge ba taa wo dwi-gɛ tiina bam wone to mo.
10Isarele tiina bam kɔgɔ daga dedɛ
ne kasol-bia na ye tei to mo.
Nɔɔn-nɔɔno ware-ba se o ga o ti.
Amo ná lage a te,
Wɛ wó pa se a toone taa nye de nɔn-ŋona toone na ye tei to mo,
pa se a ŋwea kweeli de bochare-zuru.”
11Balaam na tole taane dem o ti to, mo Balaki tage ded‑o o we, “Bɛ mo konto n jege n ke a yera ne? A bwoŋi‑m se n ba n sɔɔle lwarem mo n yage a dona baŋa ne. Nmo daa‑n ma‑n zege n sɔɔle Wɛ swolim n pa-ba.” 12Balaam ma leiri‑o o we, “Baŋa Wɛ nam ná we a ta kolo, ko dae se a ta konto yerane mo na?”
Balaam taane belei tu
13Balaki daa ma ta‑o o we, “Ba se dé vo jeiga kadwoŋi. Nmo wó na Isarele tiina bam badwonna da, ye ko dae ba maama. Nmo laam ma‑n wó zege dáane n sɔɔle lwarem n yage ba baŋa ne.” 14O ma ja Balaam o vo o di Pisiga peo kom yuu o zege Zofim te-kampare jei sem ne. Balaam daa ma lɔ kaanem bimbina yarepɛ. O ta ma kwei na-bala de pi-bea o daŋe kaanem bimbini maama baŋa ne. 15Balaam ma ta de Balaki o we, “Ta‑n zege n zwɛɛm pɛɛra yam teiŋa ne konto. Amo wó fɔɔre a vo dáa se a jeeri de Baŋa Wɛ.”
16 Baŋa Wɛ daa maa jeeri‑o, ye o daare o kwei o kwora o pa Balaam ye o we, “Jwoori Balaki tei se n ta amo kwora kam n bere‑o.”
17Balaam ta na jwoori Balaki tei to, dedaane o ta zege o zwɛɛm pɛɛra yam teiŋa ne mo. Moaba dedɛɛra bam ta maa wo o tei ne. Balaki ma bwei Balaam o we, “Baŋa Wɛ wom tage o we bɛ mo?”
18Balaam ma bobo se o tole taane dem ye o we:
“Zipore bu Balaki, ba n cheigi a taane dem!
Fɔge n cheigi se n ni ko kuri chekke.
19Wɛ dae nabiinu,
se o taa kare o fɔe vwa,
naa se o taa jege ni-zɛ ni-zɛ.
O ná yeini o gwoni o ni,
o seene o ke o tɔge o na tage tei to mo.
20Wɛ pɛ-ne ni se a sɔɔle swolim mo
a daŋe nɔɔna banto yuu ne.
Wonto nam ná swɛ wolo swolim,
ko daa ware ko kwane.
21Amo nii a na Isarele tiina bam
na ye tei to.
Cham de wo-chechɔgɔ bá yi-ba.
Ba Tu Baŋa Wɛ wom mo wo ba tei ne.
Ba maa zeiŋi o yere we,
o ye ba Pɛ.
22 Baŋa Wɛ mo jaane-ba o nwoŋi Ejipti wone.
O na jaŋe tei o pa-ba to
nye de nabea kalo na ware ka ja to mo.
23Liri tera se na wó wane Isarele dwi tiina bam se chɔge.
Yi-nɛɛre de ba toŋa ba yera ne pa se ko bwei-ba.
Nɔɔna wó taa tɛ Jakob bia bam taane ba we,
‘Nii-na Wɛ na ke kolo o pa-ba to.’
24Nii-na! Ba kɔgɔ kom nye de nywoŋo!
Ko lage ko zaŋe ko zi varem mo ko di.
Ko daa bá peini ko sii,
ye ko wo done nɔna yam maama ko su,
ko daare ko nyɔ vara bam jana ko ti.”
25Balaam na tole taane dem o ti to, mo Balaki bage‑o ye o we, “Yage! Nmo ná ware n sɔɔle lwarem n ke ba yera ne, nam yé sɔɔle lam n ke ba yuu ne!” 26Balaam ma leiri‑o o we, “Amo maŋe a pa se n maane we kolo Baŋa Wɛ na tage de amo to yerane mo a jege se a ta.”
Balaam taane betɔ tu
27Balaki daa ma ta de Balaam o we, “Pa se dé daa leiri jeiga, se dɛ delo Wɛ wó pa‑m chwoŋa dáane se n sɔɔle lwarem n daŋe Isarele tiina bam baŋa ne n pa-ne.” 28O ma ja Balaam o vo o di Peora peo kom yuu ne. Jeiga kam konto tole ka nii kagoa kam mo.
29Balaam ma ta de Balaki o we, “Nam lɔ kaanem bimbina yarepɛ ywo-seeni, se n daare n ja na-bale serepɛ de pi-bɛ serepɛ n ba n pa-ne.” 30Balaki ma ke konto, pa se Balaam kwei na-bala de pi-bea o kaane bimbini maama baŋa ne.",https://www.bible.com/bible/3661/NUM.23.KBG
JEELIM 24,"1Balaam déem yɔɔre o lɔre we Baŋa Wɛ lage se o swɛ Isarele tiina bam swolim mo. Konto ŋwaane, o daa wo nii o tankwa yam wone se o lɔre kolo na wora, nenɛɛne o ya na maŋe o ke tei to. O ma pipiri o yibia o nii kagoa kam seeni. 2O ma kwoni o nii o na Isarele tiina bam na chwi ba vwoa yam dwi de dwi. Se nɛ sem ni ne mo Wɛ Jworo tu o baŋa ne. 3O ma bobo se o tole taane dem o we:
“Amo, Beora bu Balaam taane mo tento.
A yi-nɛɛre dem pae se a lɔre wonnu jaja.
4A maa yeini a ni Wɛ kwora,
pa se a lwoni o taane dem a bere nɔɔna.
A vwi a yibia tega ne ye a ta nae mo,
pa se Dam-fɔrɔ Tu Wɛ wom veere wonnu o bere-ne.
5Isarele tiina bam,
nii á vwoa yam na chwi de nenɔŋa tei!
Jei selo á na zoore to tiini se lana.
6Á vwoa yam nye de nabare
selo na jage jei maama to.
Ya ta nye de gaara
yalo na ke buga ni ne to mo.
Abam zoorem jei ta maa ye nenɛɛne
kenkaa-vɔɔro telo Baŋa Wɛ na jeiri to,
de Sedare teeni na zege buga ni ne to mo.
7Doa wó taa nene dedɛ ka pa-ba,
pa se ba wo-dwa ke lanyerane.
Ba pɛ wó taa dana o dwoi Pɛ Agagi,
se o yere zaŋe de jage jei maama ne.
8 Baŋa Wɛ mo jaane-ba o nwoŋi Ejipti wone.
O na yeini o jaŋe tei o pa-ba to
nye de nabea kalo na ware ka ja to mo.
Ba wó wane dwia yalo na dwoni de-ba to ba li,
se ba daare ba chochoge ba kwi,
ye ba zɔ-ba de ba che-tɛɛra yam.
9Isarele tiina kɔgɔ kom nye de nywoŋo
na tigi ko dɔ to mo.
Nɔɔn-nɔɔno bá sɛ se o vo o zaŋe-ko.
Wolo ná sɔɔle swolim o ke abam yuu ne,
Wɛ de wó swɛ konto tu swolim.
Se wolo ná sɔɔle lwarem o pa abam,
Wɛ de wó sɔɔle lwarem mo o ke konto tu de yera ne.”
10Balaam na tole o taane dem o ti to, mo Balaki bane zaŋe o baŋa ne. O ma pu o jagula o mage daane ye o we, “Amo bwoŋi‑m se n ba n sɔɔle lwarem mo n chɔge a dona. Nmo nam sɔɔle lam n pa-ba tento n ke betɔ mo. 11Laam ta‑n viira! Amo ya seene a ta we a lage a ŋwe‑m dedɛ mo n totoŋa ŋwaane. Baŋa Wɛ nam wo pɛ‑m chwoŋa se n ke kolo na wó pa n na n ŋweero tem to.”
12Balaam ma leiri‑o o we, “Amo maŋe a ta de nɔɔna balo nmo na toŋe a tei ne to a we, 13‘Pɛ Balaki ná maŋe o lɔ sɔ-fɔrɔ mo, ye o laam su ko ni de sabu-seŋa dedaane lu-nyenno se o kwei o pa-ne de, amo ta bá wane a ve ni delo Baŋa Wɛ na kwei o pa-ne to. A ba jege chwoŋa se a tɔge a tete boboŋa baŋa ne a ke wo-laao naa wo-balɔrɔ. Baŋa Wɛ na yeini o pa-ne ni se a ta kolo to yerane mo a jege se a ta.’ 14Tɔ. A nam seene a lage a jwoori a tete nɔɔna bam tei ne mo. Nam cheigi, se a ta a bere‑m Isarele tiina bam jwa na wó ke tei de nmo nɔn-bia bam to.”
Balaam taane bena tu
15Balaam ma bobo se o tole taane dem ye o we:
“Amo, Beora bu Balaam taane mo tento.
A yi-nɛɛre dem pae se a lɔre wonnu jaja.
16A maa yeini a ni Wɛ kwora,
pa se a lwoni o taane dem a bere nɔɔna.
A yeini a jwoŋi yeino mo Yuu-tu Wɛ wom tei ne.
A vwi a yibia tega ne ye a ta nae mo,
pa se Dam-fɔrɔ Tu Wɛ wom le wonnu o bere-ne.
17A na nɛ tei veera wone to dae leile woŋo.
Ko ta ba bwola se ko ke.
A ma na we dedɛɛro wó nwoŋi Jakob dwi dem wone,
ne chalechoa na puli tei to.
Pɛ wom konto wó jeini Isarele teo kom wone.
O maa wó mage Moaba tiina yuni tem o chochoge.
O ta wó chɔge Sɛfi dwi tiina bam maama.
18Wonto ta wó wane Edom tiina bam o di,
ye o pa se ba tega kam ji o nyem,
ba na ye o dona to ŋwaane.
Ko daare, Isarele tiina bam wó di yiga de dam.
19Dedɛɛro wó nwoŋi Jakob dwi dem wone.
Wonto wó chɔge balo maama ta na daare teo kom wone to.”
20Balaam ma pipiri o nii Amaleki tiina bam seeni. O ta ma tole o taane dem o we:
“Amaleki dwi tiina bam ya jege dam
ba dwoi logo baŋa dwi tiina bam maama.
Ba kweelim jei nam wó taa ye chɔgem yerane mo.”
21Balaam ta ma nii Keni tiina bam seeni. O ma tole o taane dem o we:
“Abam Keni tiina bam na zoore mɛ to dana lanyerane.
Á peiga jei maa wo peero gugworru wone.
22Nam lɔre-na we Asuri tiina bam jeŋa ná zo abam,
á maŋa yi mo konto se ba chɔge abam ba ti.”
23Balaam ta ma tole o taane dem o we:
“Lɛɛro wo á yuni ne!
Baŋa Wɛ ná boŋe se o ke konto,
wɔ mo wó wori?
24Nabwooru mo lage te nwoŋi Kitim teo kom ne te ba,
se te nɔɔna zaŋe Asuri tiina de Ebera tiina baŋa ne
ba bɛɛse-ba.
Kitim tiina bam de nam wó ba ba na ba chɔgem.”
25Balaam na tole o taane dem maama o ti to, o laam ma zaŋe o jwoori o tete sɔŋɔ. Balaki de ma zaŋe o viiri.",https://www.bible.com/bible/3661/NUM.24.KBG
JEELIM 25,"Moaba tiina soge Isarele tiina boboŋa
1Isarele tiina bam déem ma vo ba zoore Sitim ne. Ba baara bam badaara ma vo ba lage Moaba tiina bukwa se ba ke kabwoŋa de-ba. 2Moaba tiina bukwa bam konto laam ma soge Isarele tiina bam ba de ba jwona yam kaanem wone. Ko ma pa se Isarele tiina bam lɛɛre ba zuli Moaba tiina jwona yam, ye ba daare ba di ya wodiiru. 3Konto baŋa ne mo Isarele tiina bam déem tɔge ba zuli Moaba tiina jwoni Baal-Peora. Baŋa Wɛ bane ma zaŋe de-ba, 4ye o ta de Moses o we, “Nam zaŋe n ja nɔɔna banto yiga tiina bam n yɔɔre n go amo yere zula ŋwaane. Ke konto pwooni yiga ne jaja se nɔɔna maama taa zega ba nia. Konto wó pa se amo Baŋa Wɛ bane to de Isarele tiina bam.” 5Moses ma ta de Isarele tiina dedɛɛra bam o we, “Go-na baara balo maama na wo abam wone ye ba tɔge ba zuli Baal-Peora jwoni dem to.”
6Ko na ke fee to, mo Isarele tu wodwoŋi jaane Midian tiina bukɔ o zo o chorro tem vwei wone. Konto maama de Moses dedaane Isarele nɔn-kɔgɔ kom maama wo Baŋa Wɛ wara-jei sem ni ne mo ba keera. Ba maama ma na nɔɔno wom na ke tei to. 7Kaanem tu Finehase de ma na-ba. O déem ye Eleaza bu mo, ye o kwo-nakwe ye Aron. O ma nwoŋi kɔ-fɔrɔ kom na wo mɛ to ne, ye o daare o kwei chichwei 8o ja o vo o tɔge nɔɔno wom kwaga o zo o vwei dem wone. Finehase na yi da to, mo o yɔɔre o moore chichwei dem ba maama yera ne o vo o ja bukɔ wom puga. Baŋa Wɛ ma da o keim dem ŋwaane o pa se jawe-chɛɔ kolo na wora ko goe Isarele tiina bam laam ti. 9De ko de, balo na maŋe ba te de jaweo kom to ye nɔɔna morro finlei-tena (24,000) mo.
10 Baŋa Wɛ ma ta de Moses o we, 11“Ko ná dae kaanem tu Finehase ŋwaane, amo ya wó go Isarele tiina bam maama a ti a ban-zɔŋɔ kom ŋwaane. Wonto nam jege chega lanyerane o pa-ne, ye o seene o yia amo ŋwaane se nɔɔna taa zuli amo yerane. 12Konto ŋwaane nam ta ded‑o we, amo gwoni ni a pa‑o se yazura taa wo o tei ne. 13Wonto de o kwaga kam wó taa ye amo kaanem tiina mo se ko taa vei wuu. O na seene o yia amo zula ŋwaane pa se o le Isarele tiina tusim dem amo yiga ne to ŋwaane mo tei a gwoni ni a pa‑o konto dwoŋi.”
14Isarele tu wolo ba déem na jaane‑o de bukɔ wom ye ba go-ba to ye Salu bu Zimiri mo. O déem ye Simeon dwi dem sɔ-yuu kodwoŋi yiga tu mo. 15Midian tiina bukɔ wom yere maa ye Kozibi. O kwo Zura déem ye Midian tiina sɔ-yuu-kamunu yiga tu mo.
16 Baŋa Wɛ ma ta de Moses o we, 17“Zaŋe-na Midian tiina bam baŋa ne se á wane-ba á di. 18Ba déem dwoni de abam mo de ba na soge abam se á zuli ba jwoni Baal-Peora to. Ba ta pɛ se á ke á tusi ba bukɔ Kozibi ŋwaane. Wonto maa ye Midian tiina dedɛɛro bukɔ ye o ba o te jaweo kolo na puri Baal-Peora zulim ŋwaane to baŋa ne.”",https://www.bible.com/bible/3661/NUM.25.KBG
JEELIM 26,"Ba daa jwoori ba jeeli nɔɔna bam ni
1Jawe-chɛɔ kom na kwori to, mo Baŋa Wɛ tage o bere Moses de kaanem tu Aron bu Eleaza o we, 2“Jeeli-na Isarele tiina kɔgɔ kom maama ni. Jeeli-ba sɔ-yuu de sɔ-yuu maama wone se á lɔre ba baara balo na yi bena finlei ba daŋe ye ba maŋe se ba ke jara to ni.”
3Isarele tiina bam déem ya chwi ba vwoa yam Moaba laŋa kam te-kampare ne mo. Jei sem konto wo Jɔdan buga kam ni ne mo ye Jeriko de wo bubɛ dedwoŋi dem seeni. Moses de Eleaza ma seene ba sɛ Wɛ ni dem. Ba ma ta de nɔɔna bam ba we, 4“Jeeli-na baara bam se á lɔre balo na yi bena finlei ba daŋe to ni.”
Isarele tiina balo déem na nwoŋi Ejipti teo kom ne to mo tento:
5Ruben na ye Jakob bakeiri-kwea to dwi dem sɔ-yuni déem ye:
Hanoki sɔ-yuu kom, de Pallu sɔ-yuu, 6de Hezeron sɔ-yuu, de Karimi sɔ-yuu mo. 7Ruben sɔ-yuni tem déem jege baara morro finna-tetɔ de bia yarepɛ de fintɔ (43,730) mo. 8Pallu bu déem ye Eliabi mo. 9Eliabi bia maa ye Nemuweli, de Datan, de Abiram.
Datan de Abiram déem ye nɔɔna balo na ye dedɛɛra ba kɔgɔ kom wone ye ba dwoni de Moses de Aron de Baŋa Wɛ tete to mo. Ba déem tɔge de Kora mo ba lɔ Baŋa Wɛ kwaga ne. 10Ba na ke konto to, mo tega kam déem bɔke belei, ye ka li-ba pa se ba tɔge de Kora ba te. Wonto kwaga tɔgena bam maama de ma te maŋa kalo ne min-vogo na pɔpɔ ko nwoŋi ko zwɛ nɔɔna bia yalei de finnu (250) ko go to. 11Kora sɔ-yuu kom maama déem nam wo ti.
12Simeon dwi dem sɔ-yuni déem ye:
Nemuweli sɔ-yuu kom, de Jamin sɔ-yuu, de Jakin sɔ-yuu, 13de Zera sɔ-yuu, de Sawuli sɔ-yuu mo. 14Simeon sɔ-yuni tem déem jege baara morro finlei-telei de bia yalei (22,200) mo.
15Gad dwi dem sɔ-yuni déem ye:
Zefon sɔ-yuu kom, de Hagi sɔ-yuu, de Suni sɔ-yuu, 16de Ozini sɔ-yuu, de Eri sɔ-yuu, 17de Arodi sɔ-yuu, de Areli sɔ-yuu mo. 18Gad sɔ-yuni tem déem jege baara morro finna de bia yanu (40,500) mo.
19Judah bia Era de Onan déem ya tege Kanaan tega kam ne mo. 20Judah dwi dem sɔ-yuni déem ye:
Sela sɔ-yuu kom, de Pɛreza sɔ-yuu, de Zera sɔ-yuu kom mo. 21Pɛreza bia de ba sɔ-yuni tem maa ye: Hezeron sɔ-yuu kom, de Hamuli sɔ-yuu mo. 22Judah sɔ-yuni tem déem jege baara morro fuserepɛ-teredo de bia yanu (76,500) mo.
23Isakara dwi dem sɔ-yuni déem ye:
Tola sɔ-yuu kom, de Pua sɔ-yuu, 24de Jasubi sɔ-yuu, de Simiron sɔ-yuu mo. 25Isakara sɔ-yuni tem déem jege baara morro fuseredo-tena de bia yatɔ (64,300) mo.
26Zebulun dwi dem sɔ-yuni déem ye:
Seredi sɔ-yuu kom, de Elon sɔ-yuu, de Jahaleli sɔ-yuu mo. 27Zebulun sɔ-yuni tem déem jege baara morro fuseredo de bia yanu (60,500) mo.
28Josɛf déem jege bia balei mo: Manasɛ, de Efrayim.
29Manasɛ dwi dem sɔ-yuni déem ye:
Makira sɔ-yuu kom, de Gilead sɔ-yuu mo. Makira maa ye Gilead kwo. Gilead bia de ba sɔ-yuni tem maa ye: 30Yizera sɔ-yuu kom, de Heleke sɔ-yuu, 31de Asireli sɔ-yuu, de Sɛkɛm sɔ-yuu, 32de Semida sɔ-yuu, Hefera sɔ-yuu kom mo. 33Hefera bu Zelofehada déem nam ba jege bakeira. O busankane sem yera maa ye Maala, de Noah, de Hogela, de Milika, dedaane Tiraza. 34Manasɛ sɔ-yuni tem déem jege baara morro finnu-telei de bia yarepɛ (52,700) mo.
35Efrayim dwi dem sɔ-yuni déem ye:
Sutela sɔ-yuu kom, de Bechere sɔ-yuu, de Tahan sɔ-yuu mo. 36Sutela bu maa ye Eran de o diga kam. 37Efrayim sɔ-yuni tem déem jege baara morro fintɔ-telei de bia yanu (32,500) mo.
Manasɛ de Efrayim dwia yam konto de ba sɔ-yuni tem mo nwoŋi Josɛf yera ne.
38Benjamin dwi dem sɔ-yuni déem ye:
Bela sɔ-yuu kom, de Asabeli sɔ-yuu, de Ahiram sɔ-yuu, 39de Sufam sɔ-yuu, de Hufam sɔ-yuu mo. 40Bela bia de ba sɔ-yuni maa ye: Aradi sɔ-yuu, de Naaman sɔ-yuu mo. 41Benjamin sɔ-yuni tem déem jege baara morro finna-tenu de bia yaredo (45,600) mo.
42Dan dwi dem sɔ-yuu déem ye:
Suham sɔ-yuu kom mo. 43Dan kwaga kam maama nwoŋi Suham sɔ-yuu kom wone mo. Ko déem nam jege baara morro fuserepɛ-tena de bia yana (64,400) mo.
44Asere dwi dem sɔ-yuni déem ye:
Imina sɔ-yuu kom, de Isivi sɔ-yuu, de Beria sɔ-yuu mo. 45Beria bia de ba sɔ-yuni maa ye: Hebera sɔ-yuu, de Malikeli sɔ-yuu mo. 46Asere déem jege bukɔ mo, o yere na ye Sera. 47Asere sɔ-yuni tem déem jege baara morro finnu-tetɔ de bia yana (53,400) mo.
48Nafitali dwi dem sɔ-yuni déem ye:
Jahazeli sɔ-yuu, de Guni sɔ-yuu, 49de Jezera sɔ-yuu, de Silem sɔ-yuu mo. 50Nafitali sɔ-yuni tem déem jege baara morro finna-tenu de bia yana (45,400) mo.
51Isarele tiina balo maama ba déem na jeeli to ye baara morro bia yaredo dedoa dedaane bia yarepɛ de fintɔ (601,730) mo.
52 Baŋa Wɛ laam ma ta de Moses o we, 53“Abam ná tu se á pɔɔre tega kam á pa Isarele tiina bam, se á taa yei ba yera yam na daga tei to ni ne. 54Isarele tiina bam sɔ-yuu maama wó jwoŋi tega kam popɔra se ko maŋe de ba sɔ-yuu kom nɔɔna na mae tei to mo. Á jege se á jeeli ba yera yalo á na popone á tiŋi to ni mo. 55Ko nam ye se á ta jɔrɔ mo á ma‑á pɔɔre tega kam á pa-ba. Ba maama wó jwoŋi ba tega se ko maŋe de ba yera yam ni na mae tei to mo. 56Á wó ta jɔrɔ mo se sɔ-yuu maama jwoŋi ba nyem, ne ba ná maŋe ba ye kɔ-kamunu naa kɔ-balaŋa mo de.”
57Ko ta ná ye Levi dwi tiina bam, banto sɔ-yuni tem déem ye:
Gereson sɔ-yuu kom, de Kohafe sɔ-yuu, de Merari sɔ-yuu mo. 58Banto bia de ba sɔ-yuni maa ye: Libini sɔ-yuu kom, de Heboron sɔ-yuu, de Mahili sɔ-yuu, de Musi sɔ-yuu, de Kora sɔ-yuu mo.
Kohafe bu déem maa ye Amiram. 59Wonto déem di Levi bukɔ, Jokebedi o ma ke o kaane. Ba déem ya loge‑o Ejipti wone mo. Jokebedi de Amiram déem nam loge bakeiri selei mo, Aron de Moses. Banto de ba nakɔ Miriam.
60Aron déem jege bia bana mo: Nadab, de Abihu, de Eleaza, de Itamara. 61Nadab de Abihu déem tege mo, ba na kwei min-yɔɔ ba zwɛ se ba ma zuli Baŋa Wɛ, ye o wo pɛ chwoŋa se ba zwɛ mini dem konto dwoŋi to ŋwaane.
62Ba na jeeli Levi dwi dem to, ba baara balo na yi chana to maa ye morro finlei-tetɔ (23,000). Ba nam wo jeeli-ba ba woli Isarele dwi tiina badwonna bam wone. Kokuri to, ba déem ba jege se ba tɔge ba jwoŋi ba popɔra tega chɛɛm baŋa ne.
63Isarele tiina bam na zoore Moaba laŋa kam te-kampare ne ye Moses de Eleaza jeeli ba ni to mo ba déem popone baara bam yera konto dwoŋi. Ba maa wo Jɔdan buga kam ni ne ye Jeriko de wo bubɛ dedwoŋi dem seeni. 64Ko ná ye balo Moses de Aron ya na jeeli Sinayi kagoa kam ne to, ba wolowolo déem daa tera se ba daa jeeli‑o. 65Kokuri to, Baŋa Wɛ maŋe o ta banto taane o we, “Ba jege se ba te kagoa kam wone mo.” Balo yerane na daare ba wone to mo ye Jefunɛ bu Kaleb, de Nun bu Josua.",https://www.bible.com/bible/3661/NUM.26.KBG
JEELIM 27,"Zelofehada bukwa bam taane
1Maala, de Noah, de Hogela, de Milika, dedaane Tiraza déem ye Hefera bu Zelofehada bukwa mo. Hefera maa ye Gilead bu. Gilead de maa ye Makira bu. Makira maa ye Manasɛ bu. Manasɛ maa ye Josɛf bu. 2Bukwa banto déem ma zaŋe ba vo wara-jei sem ni ne ba yi Moses, de kaanem tu Eleaza, de Isarele yiga tiina, de ba kɔ-fɔrɔ kom maama tei. Ba ma zege ba yiga ne ye ba ta ba we, 3“Debam kwo déem tege kagoa kam ne, ye o ba jege bakeiri. O nam ya tɔge o tere Kora kwaga tɔgena bam wone. Banto déem ke ni daane se ba lɔ Baŋa Wɛ kwaga ne. Dé kwo nam tege o tete wɛleera baŋa ne mo. 4Abam nam wó sɛ se debam kwo yere jei o sɔ-yuu kom wone, de o na ba jege bakeira to ŋwaane na? Pa-na se debam balo na ye o bukwa to jwoŋi tega kalo na wó taa ye dé nyem to, ne dé kwo chorro tem na wó jwoŋi ba nyem tei to.”
5Moses ma ja ba taane dem o vo Baŋa Wɛ yiga. 6Baŋa Wɛ ma ta ded‑o o we, 7“Zelofehada bukwa bam wo ba chega wone. Pɔɔre-na tega ba kwo chorro tega kam wone á pa-ba. Banto mo jege se ba jwoŋi tega kalo na ye ba kwo nyem to. 8Nam ta n bere Isarele tiina bam we: ‘Nɔɔno ná tega ye o ba jege bakeira, se o bukɔ lɛɛre o jwoŋi o tega o ta tei. 9O nam ná tega ye o ba jege bukɔ de, se o chorro jwoŋi o tega kam. 10O nam ná maŋe o ba jege chorro de, se o kwo chorro tem jwoŋi o tega kam. 11O ná yɔɔre o ba jege chorro naa o kwo chorro, se wolo de daa na ye o yera nɔɔno ye konto tu bwola ded‑o to jwoŋi-ka o taa tei. Amo ni mo konto a na kwei a pa Isarele tiina bam se ko taa vei wuu. Ko maa ye ni delo amo Baŋa Wɛ na pɛ nmo, Moses to mo.’ ”
Josua leiri Moses yuu ne
12 Baŋa Wɛ ma ta de Moses o we, “Amo wó pa se n vo Abarim peero tem wone, ye n di peo kolo na wora to yuu. Nmo ná diina, se n nii n na tega kalo a na lage a kwei a pa Isarele tiina bam to. 13Nmo nam ná nii-ka n ti, n de lage n te mo nenɛɛne n zembaaro Aron na tege tei to. 14Kokuri to, á déem na wo Zin kagoa kam wone ye Isarele tiina kɔgɔ kom jege-ne ba poona to, abam balei nwoŋi a ni dem kwaga ne ye á wo pɛ se Isarele tiina bam maane ba lɔre we, amo yɔɔre a ye wose mo.” (Konto déem ke Meriba-kadese na wo Zin kagoa kam wone to mo, mɛ na na nwoŋi peo kom yera ne to.)
15Moses ma leiri Baŋa Wɛ o we, 16“Nabiina maama Ŋwea Tu Baŋa Wɛ, nam beeri nɔɔno n leiri amo yuu ne, se o taa nii nɔn-kɔgɔ konto baŋa ne. 17Wonto wó taa tɔge nɔɔna bam yiga ye ba taa nwoŋi ba ke jara, ye ba daare ba jwoori ba sam wone. Ko ná dae konto, nmo Baŋa Wɛ nɔn-kɔgɔ kom wó taa nye de pei-kɔgɔ na wora ye se ba jege nayero tei to mo.”
18 Baŋa Wɛ ma ta de Moses o we, “Nun bu Josua nam ye wolo amo jworo na wo o tei ne se o wane o toŋe n totoŋe dem to mo. Kwei n jeŋa n daŋe o yuu ne se o leiri n yuu ne o taa toŋa. 19Pa se o vo o zege kaanem tu Eleaza, de Isarele kɔ-fɔrɔ kom maama yiga ne, se n tiŋi‑o o totoŋe dem ŋwaane ye nɔɔna bam maama zege ba nia. 20Ke dam delo nmo na jege to dwoŋi n pa‑o, se Isarele tiina kɔgɔ kom taa sɛ‑o. 21O de nam jege se o taa vei Eleaza tei mo, se wonto wane o tɔge Yurim memaŋa kandwɛ dem baŋa ne o lɔre amo Baŋa Wɛ boboŋa na ye tei to. Konto to, Eleaza wó bere‑o amo ni dem se o yeini ja nɔɔna bam o nwoŋi se ba kwaare jara, naa se ba jwoori ba sam wone.”
22Moses déem seene o ke Baŋa Wɛ ni dem na bere tei to mo. O ma ja Josua o vo Eleaza de nɔn-kɔgɔ kom maama tei se o zege ba yiga ne. 23O ma kwei o je o daŋe Josua yuu ne, ye o tiŋi‑o yiga tu totoŋe dem ŋwaane, ne Baŋa Wɛ déem na pɛ ni se o ke tei to.",https://www.bible.com/bible/3661/NUM.27.KBG
JEELIM 28,"Isarele tiina bam kaanem chullu tem
Dɛ dɛ wone pɛɛra
Nwoŋim 29:38-43; Chullu 6:8-13
1 Baŋa Wɛ déem ma ta de Moses o we:
2“Kwei amo ni dem n pa Isarele tiina bam we: Ko ná yeini ko yi ka maŋa se á zuli-ne, se á ja wodiu pɛɛra yalo lwom dem na ywomma amo tei ne to á ja á ba á pa-ne.
3Ta ta de-ba we: Dɛ maama, á ná lage á kwei á wodiu pɛɛra á pa Baŋa Wɛ, se á ja pi-bale selei na ye bene bene ye se ba jege gɛɛ se yera ne to á ba á ma‑á ke dɛ dɛ zwɛɛm kaanem. 4Á nam wó kwei pei sem dedoa mo á kaane zezeŋa ne, se dedaan-ni maŋa ne, se á daa kaane kadwoŋi kam. 5Á ta wó lage mun-bwei bwɛ selei mo na viiri dedaane Olivi nuga kalo na ye chekke to bɔŋa dedoa se ko taa ye wodiu pɛɛre ye á woli-de kaanem dem wone. 6Pɛɛre dento dwoŋi mo ye dɛ dɛ wone zwɛɛm kaanem dem ye de lwom dem ywomma de pae Baŋa Wɛ. Sinayi peo kom ne mo Baŋa Wɛ déem pɛ ni se ba bobo ba ke zwɛɛm kaanem dem konto. 7Á jege se á ke wo-nyɔɔro pɛɛre mo á woli pia maama kaanem wone. Kwei-na sana bɔŋa dedoa á ja á vo á lwo-ka wara-vwei dem wone á pa Baŋa Wɛ. 8Dedaan-ni maŋa ne, se á kaane pi-bala kadwoŋi kam. Á ta wó ke ka wodiu pɛɛre dem de ka wo-nyɔɔro pɛɛre dem á woli da se ko maŋe de á na ke tei zezeŋa ne to mo. Á ná yeini á ke zwɛɛm kaanem konto dwoŋi, de lwom dem ywomma de pae Baŋa Wɛ mo.
Wɛ siu dɛ pɛɛra
9Ko ná yeini ko ye Wɛ siu dɛ, á pɛɛra yam wó taa ye pi-bale selei na ye bene bene ye se ba jege gɛɛ se yera ne to, dedaane wo-nyɔɔro pɛɛre, de wodiu pɛɛre delo na ye mun-bwei bwɛ selei na viiri de nuga to. 10Siu dɛ maama ne mo á jege se á ke zwɛɛm kaanem konto dwoŋi á woli á dɛ dɛ zwɛɛm kaanem dem de de wo-nyɔɔro pɛɛre dem wone.
Chana maama pɛɛra yam
11Chana maama boboa dɛ ne se á yeini á ja na-bale selei, de pi-bea, de pi-bale serepɛ na ye bene bene to á ja á ba á ma‑á ke zwɛɛm kaanem á pa Baŋa Wɛ. Vara bam maama nam ba jege se ba taa jege gɛɛ ba yera ne. 12Na-bala maama kaanem ŋwaane se á kwei wodiu pɛɛre na ye mun-bwei bwɛ seredo na viiri dedaane nuga to á woli da. Ta kwei-na mun-bwei bwɛ sena na viiri de nuga to á ma‑á ke wodiu pɛɛre á woli pi-bea kam kaanem wone. 13Ko nam ná ye pi-bala maama kaanem mo, se á kwei wodiu pɛɛre na ye mun-bwei bwɛ selei na viiri de nuga to á woli da. Pɛɛra yanto maa ye zwɛɛm kaanem á na ke á pa Baŋa Wɛ ye de lwom dem ywomma de pa‑o to. 14Á ta wó kwei sana bwɛ selei mo á ma‑á ke wo-nyɔɔro pɛɛre á woli na-bala maama kaanem wone. Ko ta ná ye pi-bea kam kaanem, wo-nyɔɔro pɛɛre dem wó taa ye sana bɔŋa dedoa de chichworo. Wo-nyɔɔro pɛɛre delo á na wó woli pi-bala maama kaanem wone to wó taa ye sana bɔŋa dedoa. 15Chana maama boboa dɛ ne á ta jege se á beeri bo-bala mo á ma‑á ke wɛleera saarem kaanem á pa Baŋa Wɛ á woli dɛ dɛ zwɛɛm kaanem dem dedaane de wo-nyɔɔro pɛɛre dem wone.
Atɔgebabaŋa kuri dem pɛɛra
Chullu 23:4-8
16Bene maama wone boboa chana kam da fuga-yana dɛ dem ne mo á wó ke kaanem á pa Baŋa Wɛ Atɔgebabaŋa ŋwaane. 17Dɛ dem na saŋe to wone á wó bobo se á di kuri da yarepɛ. Ya da yam wone á wó ta‑á di bworobworo-memene selo sabɔle na tere ko wone to mo. 18Kuri dem dim boboa dɛ dem ne, se á yage á dɛ dɛ totoŋa yalo á na yeini á toŋa to, se á daare á jeeri daane á zuli Wɛ. 19Á jege se á ke zwɛɛm kaanem mo se de taa ye wodiu pɛɛre de pa Baŋa Wɛ. Á wó ja na-bale selei, de pi-bea dedoa, de pi-bale serepɛ na ye bene bene to á ma‑á ke zwɛɛm kaanem dem. Vara bam maama nam ba jege se ba taa jege gɛɛ ba yera ne. 20Na-bala kalo maama á na wó ma á ke kaanem to, se á kwei wodiu pɛɛre na ye mun-bwei bwɛ seredo ye á viiri dedaane nuga to á woli da. Ko ná ye pi-bea kam kaanem, wodiu pɛɛre dem wó taa ye mun-bwei bwɛ sena mo. 21Wodiu pɛɛre dem wó taa ye mun-bwei bwɛ selei pi-bala maama kaanem ŋwaane. 22Á ta wó kwei bo-bala dedoa mo á woli da se á ma‑á ke wɛleera saarem kaanem se á le nɔɔna bam wɛleera Wɛ yiga ne. 23Á jege se á kwei pɛɛra yam konto maama mo á ke kaanem á woli zezeŋa maama zwɛɛm kaanem dem wone. 24Kuri dem dim da yarepɛ yam maama wone mo á jege se á ke wodiu pɛɛra yam konto dwoŋi á zwɛ á pa Baŋa Wɛ se ya lwom dem taa ywomma de pa‑o. Á wó woli-ya dɛ dɛ zwɛɛm kaanem dem dedaane de wo-nyɔɔro pɛɛre dem wone mo. 25Kuri dem tiim dɛ dem ne, se á daa yage á dɛ dɛ totoŋa yalo á na yeini á toŋa to, se á daare á jeeri daane á zuli Wɛ.
Ga-kwea kuri dem pɛɛra
Nwoŋim 23:16; Chullu 23:15-21; Nia Gulim 16:9-12
26Ga-kwea kuri dem ná yeini de yi, ye á ná lage á ja á da-yiga wodiiru pɛɛra á ba á pa Baŋa Wɛ, dento dɛ dem ne á jege se á yage á dɛ dɛ totoŋa yalo á na yeini á toŋa to mo, se á jeeri daane á zuli Wɛ. 27Á nam wó kwei na-bale selei mo, de pi-bea dedoa, de pi-bale serepɛ na ye bene bene to á ma‑á ke zwɛɛm kaanem se de lwom dem taa ywomma de pae Baŋa Wɛ. Vara bam maama nam ba jege se ba taa jege gɛɛ ba yera ne. 28Na-bala maama kaanem ŋwaane se á kwei wodiu pɛɛre na ye mun-bwei bwɛ seredo na viiri dedaane nuga to á woli da. Ko ná ye pi-bea kam kaanem, wodiu pɛɛre dem wó taa ye mun-bwei bwɛ sena mo. 29Wodiu pɛɛre dem wó taa ye mun-bwei bwɛ selei pi-bala maama kaanem ŋwaane. 30Á ta wó kwei bo-bala dedoa mo á woli da se á ma‑á le á wɛleera Wɛ yiga ne. 31Pɛɛra yam konto maama dedaane ya wo-nyɔɔro pɛɛra yam á jege se á ma‑á ke kaanem á woli dɛ dɛ zwɛɛm kaanem dem dedaane de wodiu pɛɛre dem wone mo. Ta‑á yei-na se vara bam yé taa jege gɛɛ ba yera ne.",https://www.bible.com/bible/3661/NUM.28.KBG
JEELIM 29,"Nabwanno wum kuri dem pɛɛra
Chullu 23:23-25
1Bene maama wone chane serepɛ chana kam boboa dɛ dem ne, se á yage á dɛ dɛ totoŋa yalo á na yeini á toŋa to se á daare á jeeri daane á zuli Wɛ. Dɛ dem konto ne á wó wu nabwanno mo. 2Á jege se á kwei na-bala dedoa mo, de pi-bea dedoa, de pi-bale serepɛ na ye bene bene to á ma‑á ke zwɛɛm kaanem se de lwom dem taa ywomma de pae Baŋa Wɛ. Vara bam maama nam ba jege se ba taa jege gɛɛ ba yera ne. 3Na-bala kam kaanem ŋwaane se á kwei wodiu pɛɛre na ye mun-bwei bwɛ seredo ye de viiri dedaane nuga to á woli da. Ko ná ye pi-bea kam kaanem, wodiu pɛɛre dem wó taa ye mun-bwei bwɛ sena mo. 4Wodiu pɛɛre dem wó taa ye mun-bwei bwɛ selei pi-bale serepɛ sem dedoa dedoa kaanem ŋwaane. 5Á ta wó kwei bo-bala dedoa mo á woli da se á ma‑á ke wɛleera saarem kaanem se á le nɔɔna bam wɛleera Wɛ yiga ne. 6Nam kwei-na pɛɛra yam konto maama á ke kaanem á woli chan-doŋa zwɛɛm kaanem, de dɛ maama zwɛɛm kaanem, dedaane ya wodiu pɛɛra yam de ya wo-nyɔɔro pɛɛra yam wone, ne Wɛ na pɛ abam ni se á ta‑á ke tei to. Ya ye wodiu pɛɛra mo á na ke á pa Baŋa Wɛ. Ya lwom dem maa ywomma de pa‑o.
Wɛleera saarem dɛ dem pɛɛra
Chullu 23:26-32
7Chane serepɛ chana kam da fuga dɛ dem ne, se á jeeri daane á zuli Wɛ. Dɛ dem konto wone á jege se á gwooni á tete mo se á yage totoŋa dwi maama. 8Nam kwei-na na-bala dedoa, de pi-bea dedoa, de pi-bale serepɛ na ye bene bene to á ma‑á ke zwɛɛm kaanem se de lwom dem taa ywomma de pae Baŋa Wɛ. Vara bam maama ba jege se ba taa jege gɛɛ ba yera ne. 9Na-bala kam kaanem ŋwaane se á kwei wodiu pɛɛre na ye mun-bwei bwɛ seredo na viiri dedaane nuga to á woli da. Ko ná ye pi-bea kam kaanem, wodiu pɛɛre dem wó taa ye mun-bwei bwɛ sena mo. 10Wodiu pɛɛre dem wó taa ye mun-bwei bwɛ selei pi-bale serepɛ sem dedoa dedoa kaanem ŋwaane. 11Á ta wó kwei bo-bala dedoa mo á woli da se á ma‑á ke wɛleera saarem kaanem. Nam ke-na pɛɛra yam konto maama á woli de wɛleera saarem kaanem delo na le nɔɔna bam wɛleera Wɛ yiga ne to, dedaane dɛ dɛ zwɛɛm kaanem dem, de de wodiu pɛɛre dem, de wo-nyɔɔro pɛɛra yam maama.
Vwoa chwiim kuri dem pɛɛra
Chullu 23:33-43; Nia Gulim 16:13-15
12Chane serepɛ chana kam da fuga-yanu dɛ dem ne se á yage totoŋa yalo á na yeini á toŋa dɛ dɛ to se á daare á jeeri daane á zuli Wɛ. Á wó ke da yarepɛ mo á di kuri á ma‑á zuli Baŋa Wɛ. 13Boboa dɛ dem ne, kwei-na na-bale fuga-setɔ, de pi-bɛ selei, dedaane pi-bale fuga-sena na ye bene bene to á ma‑á ke zwɛɛm kaanem á pa Baŋa Wɛ se de lwom dem taa ywomma de pa‑o. 14Na-bale fuga-setɔ sem dedoa dedoa kaanem ŋwaane se á kwei wodiu pɛɛre na ye mun-bwei bwɛ seredo na viiri dedaane nuga to á woli da. Ko ná ye pi-bɛ selei sem dedoa dedoa kaanem, wodiu pɛɛre dem wó taa ye mun-bwei bwɛ sena mo. 15Wodiu pɛɛre dem wó taa ye mun-bwei bwɛ selei pi-bale fuga-sena sem dedoa dedoa kaanem ŋwaane. 16Á ta wó kwei bo-bala dedoa mo á woli da se á ma‑á ke wɛleera saarem kaanem. Nam ke-na pɛɛra yam konto á woli dɛ dɛ zwɛɛm kaanem dem, de de wodiu pɛɛre dem, de wo-nyɔɔro pɛɛre dem wone.
17Da yalei dɛ dem wone, se á kwei na-bale fuga-selei, de pi-bɛ selei, dedaane pi-bale fuga-sena na ye bene bene to á ma‑á ke kaanem. Vara bam maama nam dae se ba taa jege gɛɛ ba yera ne. 18Á wó ke wodiu pɛɛra dedaane wo-nyɔɔro pɛɛra á woli da, se ya maŋe de vara bam ni na mae tei to. 19Á ta wó kwei bo-bala dedoa mo á woli da se á ma‑á ke wɛleera saarem kaanem. Nam ke-na pɛɛra yam konto á woli dɛ dɛ zwɛɛm kaanem dem, de de wodiu pɛɛre dem, de wo-nyɔɔro pɛɛra yam wone.
20Da yatɔ dɛ dem ne, se á kwei na-bale fuga-dedoa, de pi-bɛ selei, dedaane pi-bale fuga-sena na ye bene bene to á ma‑á ke kaanem. Vara bam maama nam dae se ba taa jege gɛɛ ba yera ne. 21Á wó ke wodiu pɛɛra dedaane wo-nyɔɔro pɛɛra á woli da, se ya maŋe de vara bam ni na mae tei to. 22Á ta wó kwei bo-bala dedoa mo á woli da se á ma‑á ke wɛleera saarem kaanem. Nam ke-na pɛɛra yam konto á woli dɛ dɛ zwɛɛm kaanem dem, de de wodiu pɛɛre dem, de wo-nyɔɔro pɛɛre dem wone.
23Da yana dɛ dem ne, se á kwei na-bale fuga, de pi-bɛ selei, dedaane pi-bale fuga-sena na ye bene bene to á ma‑á ke kaanem. Vara bam maama nam dae se ba taa jege gɛɛ ba yera ne. 24Á wó ke wodiu pɛɛra dedaane wo-nyɔɔro pɛɛra á woli da, se ya maŋe de vara bam ni na mae tei to. 25Á ta wó kwei bo-bala dedoa mo á woli da se á ma‑á ke wɛleera saarem kaanem. Nam ke-na pɛɛra yam konto á woli dɛ dɛ zwɛɛm kaanem dem, de de wodiu pɛɛre dem, de wo-nyɔɔro pɛɛre dem wone.
26Da yanu dɛ dem ne, se á kwei na-bale nogo, de pi-bɛ selei, dedaane pi-bale fuga-sena na ye bene bene to á ma‑á ke kaanem. Vara bam maama nam dae se ba taa jege gɛɛ ba yera ne. 27Á wó ke wodiu pɛɛra dedaane wo-nyɔɔro pɛɛra á woli da, se ya maŋe de vara bam ni na mae tei to. 28Á ta wó kwei bo-bala dedoa mo á woli da se á ma‑á ke wɛleera saarem kaanem. Nam ke-na pɛɛra yam konto á woli dɛ dɛ zwɛɛm kaanem dem, de de wodiu pɛɛre dem, de wo-nyɔɔro pɛɛre dem wone.
29Da yaredo dɛ dem ne, se á kwei na-bale nana, de pi-bɛ selei, dedaane pi-bale fuga-sena na ye bene bene to á ma‑á ke kaanem. Vara bam maama nam dae se ba taa jege gɛɛ ba yera ne. 30Á wó ke wodiu pɛɛra dedaane wo-nyɔɔro pɛɛra á woli da, se ya maŋe de vara bam ni na mae tei to. 31Á ta wó kwei bo-bala dedoa mo á woli da se á ma‑á ke wɛleera saarem kaanem. Nam ke-na pɛɛra yam konto á woli dɛ dɛ zwɛɛm kaanem dem, de de wodiu pɛɛre dem, de wo-nyɔɔro pɛɛre dem wone.
32Da yarepɛ dɛ dem ne, se á kwei na-bale serepɛ, de pi-bɛ selei, dedaane pi-bale fuga-sena na ye bene bene to á ma‑á ke kaanem. Vara bam maama nam dae se ba taa jege gɛɛ ba yera ne. 33Á wó ke wodiu pɛɛra dedaane wo-nyɔɔro pɛɛra á woli da, se ya maŋe de vara bam ni na mae tei to. 34Á ta wó kwei bo-bala dedoa mo á woli da se á ma‑á ke wɛleera saarem kaanem. Nam ke-na pɛɛra yam konto á woli dɛ dɛ zwɛɛm kaanem dem, de de wodiu pɛɛre dem, de wo-nyɔɔro pɛɛre dem wone. 35Da nana dɛ dem ná yia, á ta wó yage totoŋa yalo á na yeini á toŋa dɛ dɛ to se á jeeri daane á zuli Wɛ. Dɛ dem konto ye de yera Wɛ ŋwaane mo. 36Nam kwei-na na-bala dedoa, de pi-bea dedoa, de pi-bale serepɛ na ye bene bene to á ma‑á ke zwɛɛm kaanem se de lwom dem taa ywomma de pae Baŋa Wɛ. Vara bam maama ba jege se ba taa jege gɛɛ ba yera ne. 37Á wó ke wodiu pɛɛra dedaane wo-nyɔɔro pɛɛra á woli da, se ya maŋe de vara bam ni na mae tei to. 38Á ta wó kwei bo-bala dedoa mo á woli da se á ma‑á ke wɛleera saarem kaanem. Nam ke-na pɛɛra yam konto á woli dɛ dɛ zwɛɛm kaanem dem, de de wodiu pɛɛre dem, de wo-nyɔɔro pɛɛre dem wone.
39Á jege se á ke pɛɛra yam konto mo á pa Baŋa Wɛ á kura dim maŋa ne. Ko ná ye zwɛɛm kaanem pɛɛra yam, de wodiu pɛɛra yam, de wo-nyɔɔro pɛɛra yam, de yazura pɛɛra yam, á wó ke-ya á woli de á wo-ywoŋo pɛɛra yam, de pɛɛra yalo á na ke ni-gwonim ŋwaane to mo.”
40Moses déem ma yɔɔre o ta de Isarele tiina bam kolo maama Baŋa Wɛ na pɛ‑o ni se o ta to.",https://www.bible.com/bible/3661/NUM.29.KBG
JEELIM 30,"Ni-gwonim taane
1Moses déem ma ta de Isarele nakwa bam o we, 2“Baŋa Wɛ ni dem mo tento:
Baaro ná gwoni ni o pa Baŋa Wɛ, naa o ná dugi duuri se o kwei woŋo o pa‑o, se konto tu yé jwoori o ni dem kwaga ne. O jege se o ke kolo maama o na tage to mo.
3Ko nam ná ye bukɔ na zoore o kwo sɔŋɔ ne to ná gwoni ni naa o du duuri se o ke woŋo o pa Baŋa Wɛ, 4ye o kwo ná lɔre ko ni ne, pa se o chem, ko jege se bukɔ wom seene o ke o ni dem na bere tei maama to mo. 5Se o kwo nam ná nigi o bukɔ wom ni-gwonim dem ŋwa, pa se o yiri-de o yage, bukɔ wom daa dae se o ke o tɔge kolo o na gwoni ni naa o du duuri se o ke to. Baŋa Wɛ wó kwei o kikia o chɛ‑o, o kwo na wo sɛ to ŋwaane.
6Bukɔ ni nam ná vere pa o du duuri naa o gwoni ni se o ke woŋo, se ko lwoori o ban-zore, 7o jege se o ke nenɛɛne o ni dem na bere tei maama to mo, ko ná dae we o baro wom mo nigi de ŋwa ye o yiri-de o yage. 8O baro wom nam ná nigi ye o yiri-de, kaane wom daa dae se o ke o tɔge kolo o na dugi duuri naa o gwoni ni se o ke to. Baŋa Wɛ wó kwei o kikia o chɛ‑o.
9Kadeina de balo ban-zore na chɔge to ná dugi duuri naa ba gwoni ni ba pa Wɛ, ba jege se ba ke ba nia yam na bere tei maama to mo.
10Kaane nam ná zoore o baro sɔŋɔ ne ye o gwoni ni naa o du duuri, 11o baro wom ná nigi ko ŋwa pa se o wo tage ded‑o we o yiri o ni dem o yage, kaane wom jege se o ke o tɔge o ni dem na bere tei maama to mo. 12O baro wom nam ná nigi ye o yiri-de, kaane wom daa dae se o ke o tɔge kolo o na gwoni ni naa o du duuri se o ke to. Baŋa Wɛ wó kwei o kikia o chɛ‑o, o baro wom na wo sɛ to ŋwaane.
13Nɔɔno kaane ná dugi duuri naa o gwoni ni se o gwooni o tete, o baro wom jege chwoŋa se o sɛ o ni dem konto, naa se o yiri-de o yage. 14O baro wom nam ná nigi o ni dem ŋwa pa se da yalei kɛ ye o ta maŋe da chemm, ko bere we o sɛ se o kaane wom ke o tɔge o ni dem na bere tei maama to mo. Kaane wom maa jege se o ke se ko tɔge de o ni dem mo, o baro wom na lɔre de ni ne ye o chem to ŋwaane. 15Da yalei nam ná kɛ ye o baro wom laam yiri kotu ni dem o yage, kaane wom tusim dem wó taa wo o baro wom yuu ne mo.”
16Nia yanto mo Baŋa Wɛ déem pɛ Moses baara de ba kaana seeni, dedaane bukwa balo ta na zoore ba kwoa tei ne to seeni.",https://www.bible.com/bible/3661/NUM.30.KBG
JEELIM 31,"Isarele de Midian jara yam
1 Baŋa Wɛ déem ma ta de Moses o we, 2“Zaŋe n pa se Isarele tiina bam jwoori ba chɔge Midian tiina bam de ba na ke-ba tei to. Dento keim dem kwaga ne, n jege se n te mo.”
3Moses ma ta de nɔɔna bam o we, “Ti-na á yiga se á jar-keira badwonna nwoŋi ba vo ba kwaare jara de Midian tiina bam. Baŋa Wɛ lage o tɔge abam baŋa mo o waare-ba. 4Le-na nɔɔna moro moro Isarele dwi maama wone se ba vo ba ke jara yam.” 5Ba ma seene ba le nɔɔna morro fuga-telei (12,000) se ba nwoŋi ba vo ba kwaare jara yam, dwi maama de de nɔɔna moro. 6Moses ma pa ba nwoŋi ye Wɛ kaanem tu Eleaza bu Finehase de wo ba tei ne. Finehasi ma kwei wara-jei zela yadaara o woli da, dedaane nabwanno se ba wu-te jara-keim ŋwaane.
7Isarele tiina jar-keira bam ma nwoŋi ba jeeri Midian tiina de jara, nenɛɛne Baŋa Wɛ na pɛ Moses ni se ba ke tei to. Ba ma wane-ba ye ba go ba baara bam maama. 8Ba déem go Midian pwa banu bam de mo: Evi, de Rekem, de Zura, de Hura, dedaane Reba. Ba ta ma go Beyora bu Balaam ba woli da. 9Ba laam ma lɛɛre ba pɛ Midian tiina kaana de ba bia, ba daare ba vere ba vara, de ba jejegero maama ba ja ba viiri. 10Ba ma zwɛ teene delo Midian tiina bam na zoore de wone to, de ba vwoa yam. 11Ba laam ma pɛ kolo maama ba na vere ba dona tei ne to, ko woli de nɔn-bia de vara maama ba ja ba viiri. 12Ba ma ja nɔɔna bam, de vara bam, de jejegero tem maama se ba vo ba bere Moses, de Eleaza, dedaane Isarele kɔ-fɔrɔ kom maama. Konto to, de ba ya chwi ba vwoa yam Moaba laŋa kam te-kampare ne mo, jei selo na wo Jɔdan buga kam ni ne ye Jeriko de wo bubɛ dedwoŋi dem seeni to.
13Moses de Wɛ kaanem tu Eleaza, dedaane Isarele kɔ-fɔrɔ kom maama ma nwoŋi ba na zoore mɛ to ba vo ba jeeri ba jar-keira bam. 14Moses bane déem ma zaŋe de jar-keira dedɛɛra balo na jwoori jara yam wone to. Banto ye balo na nii nɔɔna moro baŋa ne de balo na nii nɔɔna bi baŋa ne to mo. 15O ma bwei-ba o we:
“Bɛ mo ye abam yage Midian tiina kaana bam maama pa se ba ta ŋwe? 16Nii-na! Kaana banto déem mo sɛ Balaam ni pa se ba soge dé baara bam se ba ywori Baŋa Wɛ kwaga ne ba daare ba zuli Baal-Peora to. Ba na ke tei konto to pɛ se jawe-chɛɔ ja Baŋa Wɛ nɔn-kɔgɔ kom mo ko chɔge-ba. 17Konto ŋwaane, zaŋe-na á go ba bia balo maama na ye bakeiri to, de ba kaana balo na peini de baara to maama. 18Ko nam ná ye ba bukwa balo ta na yeiri baara to, yage-ba-na se á di-ba á ma‑á ke á kaana.
19Abam wolo maama ná go nɔɔno naa o ná dwei too jara-keim baŋa ne, se kotu taa zoore dáa dáa de kɔgɔ kom maama se ko yi da yarepɛ. Da yam konto da yatɔ dɛ dem ne, dedaane ya da yarepɛ dɛ dem ne, kotu wó kwɛ o tete, de balo o na jaane jara-keim baŋa ne to se ba maama maŋe de chullu tem. 20Á ta jege se á zare á gwaaro, dedaane kolo maama á na jege ye ba kwei varem tɔnɔ, naa boŋo koro, naa dɛ ba ma ke-te to mo pa se te laam kwɛ.”
21Wɛ kaanem tu Eleaza de ma ta de jar-keira bam o we, “Baŋa Wɛ na kwei nia yalo o pa Moses se o pa abam to mo tento:
22-23Ko ná ye wonnu telo maama na ba zwɛ mini wone to, ne sabu-seŋa, de lu-nyenno, de channa, de luuru dwi dedwonna na ye tei to, á jege se á kwei-te á de mini wone pa se te kwɛ chullu tem seeni mo. Á ná le-te mini dem wone, se á ma chullu kwɛɛm na bam á miisi te yera ne se te laam kwɛ te ti. Ko nam ná ye wonnu telo mini na wó zwɛ to, se á miisi-te de chullu kwɛɛm na bam se te kwɛ. 24Da yarepɛ dɛ dem ne, á wó zare á gwaaro, se á maŋe de chullu tem. Abam laam jege chwoŋa se á jwoori á ba á ta‑á zoore kɔgɔ kom wone.”
Ba chɛ jejegero ba pa daane
25 Baŋa Wɛ ma ta de Moses o we, 26“Nmo de kaanem tu Eleaza, de Isarele sɔ-yuni yiga tiina bam mo jege se á jeeli kolo maama jar-keira bam na di Midian tiina bam ye ba ja ba ba ywo-seeni to, ko ná ye ba nabiina de vara de. 27Laam pɔɔre-te kuni belei, se a kwei popɔra dedoa á pa jar-keira bam, ye á daare á kwei popɔra kadwoŋi kam á pa Isarele tiina kɔgɔ kolo na daare to. 28-29Ko ná ye jar-keira popɔra kam, zo ka wone n le nɔɔno dedoa naa varem dedoa ba bia yanu maama wone, se n kwei n pa Eleaza. Nɔɔna bam konto, de vara bam konto ye Baŋa Wɛ nyem mo. 30Ko nam ná ye Isarele tiina badaara bam popɔra, n jege se n le nɔɔno dedoa naa varem dedoa mo ba finnu maama wone, se n kwei n pa Levi tiina bam, ba na toŋe wara-jei sem totoŋa to ŋwaane.”
31Moses de Eleaza ma ke tei Baŋa Wɛ na bere Moses to.
32Jar-keira bam déem na vere wonnu telo ba ja ba jwoori ye te daare to mo tento:
Pei morro bia yaredo de fuserepɛ-tenu (675,000), 33de naane morro fuserepɛ-telei (72,000), 34de bonɛ morro fuseredo-dedoa (61,000), 35dedaane bukwa balo na yeiri baara to morro fintɔ-telei (32,000).
36Jar-keira balo na vei jara-keim wone ye ba jwoori to popɔra kam déem ye tento mo:
Pei morro bia yatɔ de fintɔ-terepɛ dedaane bia yanu (337,500). 37Ba ma le pei bia yaredo de fuserepɛ-senu (675) se wone ba pa Baŋa Wɛ. 38Naane morro fintɔ-teredo (36,000). Ba ma le naane fuserepɛ-delei (72) de wone ba pa Baŋa Wɛ. 39Bonɛ morro fintɔ de bia yanu (30,500). Ba ma le bonɛ fuseredo-dedoa (61) se wone ba pa Baŋa Wɛ. 40Nɔɔna morro fuga-yaredo (16,000). Ba ma le nɔɔna fintɔ-balei (32) ba wone ba pa Baŋa Wɛ.
41Moses ma kwei Baŋa Wɛ nyem o pa Eleaza, nenɛɛne Baŋa Wɛ na pɛ‑o ni se o ke tei to.
42-43Isarele tiina badaara bam popɔra kalo Moses déem na pɔɔre jar-keira bam jejegero tem wone o pa Isarele nɔn-kɔgɔ kom to maa ye:
Pei morro bia yatɔ de fintɔ-terepɛ dedaane bia yanu (337,500), 44de naane morro fintɔ-teredo (36,000), 45de bonɛ morro fintɔ de bia yanu (30,500), 46de nɔɔna morro fuga-taredo (16,000).
47Moses ma zo Isarele tiina kɔgɔ kom popɔra kam wo o le nɔɔno dedoa naa varem dedoa ba finnu maama wone, ne Baŋa Wɛ na pɛ‑o ni se o ke tei to. O maa kwei nɔɔna bam de vara bam konto o pa Levi dwi tiina balo na toŋe wara-jei sem totoŋa to.
48Jar-keira bam dedɛɛra balo na nii nɔɔna moro baŋa ne de balo na nii nɔɔna bi baŋa ne to déem ma vo Moses tei, 49ye ba ta ded‑o ba we, “Dé kwo, debam na jeeli dé nɔɔna bam ni, kɔgɔ de kɔgɔ to, dé maane we nɔɔn-nɔɔno wo jei. 50Konto ŋwaane dé laam kwei sabu-seŋa jejegero telo dé na jaane dé kɔɔne Midian tiina bam yera ne to mo dé ba se dé pa Baŋa Wɛ. Sabu-seŋa wonnu tem maa ye bɛ, de jafola, de zwa-kwana, de wonnu tedwonna. Dé ke konto se dé ma dé ke Baŋa Wɛ lei ye dé daare dé le dé tusim o yiga ne mo.”
51Moses de Wɛ kaanem tu Eleaza ma jwoŋi sabu-seŋa jejegero tem jar-keira dedɛɛra bam tei ne. 52Ba déem na jeeli te dunni to, te déem yi kilo bi de funogo (190) mo. Ba ma kwei te maama ba pa Baŋa Wɛ. 53Ko daare jar-keira bam maama de déem jwoŋi ba nyem wonnu telo ba na vere Midian tiina bam tei ne to wone mo. 54Moses de Eleaza déem ma jwoŋi sabu-seŋa wonnu tem dedɛɛra bam tei ne ba ja ba vo ba tiŋi wara-jei sem wone, se ko taa ye gula ko pae Isarele tiina bam Baŋa Wɛ ŋwaane.",https://www.bible.com/bible/3661/NUM.31.KBG
JEELIM 32,"Dwia yalo na jeini Jɔdan buga kam wɛ-puli seeni to
Nia Gulim 3:12-22
1Ko ná ye Ruben de Gad dwia yam, ba vara kɔgɔ déem daga dedɛ. Ba ma na we Jazera tega kam de Gilead tega kam lana se vara bam taa di ba sui. 2Ba ma vo Moses, de Wɛ kaanem tu Eleaza, dedaane Isarele kɔgɔ kom yiga tiina badwonna bam tei, ye ba we, 3-4“Baŋa Wɛ seene o woli debam pa se dé di Atarofa, de Dibon, de Jazera, de Nimira, de Hesebon, de Elealɛ, de Sebam, de Nebo, de Beon. Dé nam maane we tega kalo na gilimi teene dento to tiini ka lana de vara kɔnɔ. Chega to, dé vara kɔgɔ kom daga dedɛ. 5Dé kwo, nmo yi ná su dé kikia yam, sɛ se dé yé bɛ Jɔdan buga kam. Kwei ywo-seeni tega kam n pa debam se dé taa tei.”
6Moses ma leiri Ruben dwi tiina de Gad dwi tiina bam o we:
“Abam nam boŋe se á maŋe ywo-seeni, se á chorro Isarele tiina bam taa vei ba ke jara mo na? 7Abam ná ke konto, á chorro tem vɔna wó pare mo pa se ba ga chwoŋa se ba bɛ Jɔdan buga kam ba vo ba zo tega kalo Baŋa Wɛ na kwei o pa-ba to wone. 8Amo déem na zege Kadese-Baranea ne, ye a toŋe á kwoa bam se ba vo ba nii tega kam to, ba déem ke abam kikia yam dwoŋi mo. 9Ba déem vei ba yi Esekola nabara kam ba nii ba na tega kam na ye tei to. Ba laam ma jwoori dé tei, ye ba pa Isarele tiina bam vɔna pare ye ba we, dé yé zo tega kalo Baŋa Wɛ na kwei o pa debam to wone. 10Dento dɛ dem ne mo Baŋa Wɛ bane zaŋe, ye o du duuri o we:
11‘Nɔɔna balo maama na maŋe ba yi bena finlei ba daŋe ye ba nwoŋi Ejipti teo wone to bá na chwoŋa se ba zo tega kalo wone amo na gwoni ni de ba nabaara Abaraham, de Izaak, de Jakob se a pa-ba to wone. Kokuri to, ba wo yɔɔre ba ke ba wo-dedoa de amo. 12Jefunɛ bu Kaleb, de Nun bu Josua yerane mo wó zo da, banto na ke ba wo-dedoa de amo Baŋa Wɛ to ŋwaane.’
13 Baŋa Wɛ bane déem na zaŋe de Isarele tiina bam konto to, mo o pɛ se ba kaare kagoa kam wone ba beeri taa, bena finna. O ke-ba konto se ko vo ko yi balo na ke lwarem ba pa‑o to maama laam mo tege ba ti.
14Nii-na! Abam nam daa zege se á tɔge á kwoa totoŋ-naga kam mo, se Baŋa Wɛ bane daa tiini de zaŋe Isarele tiina bam baŋa ne de woli da. Á ye puseŋ-nyena mo! 15Abam zem ná ywori Baŋa Wɛ kwaga ne, á wó pa se o de ve nɔɔna bam maama mo o yage kagoa kanto wone. Abam wó pa se ba na ba chɔgem.”
16Ruben dwi tiina, de Gad dwi tiina bam ma leiri Moses ba we:
“Dé ya boŋe se dé lɔ jei selo dé na wó pe dé pei sem, de dé bone dem se wone to, se dé daare dé lɔ teene delo dé kaana de dé bia na wó taa zoore da to mo. 17Konto ná kea, dé wó kwei dé jara zela dé to dé dwonna Isarele tiina bam yiga ne se dé vo dé pa ba zo ba tega kam wone. Dé bia bam nam wó taa zoore teene delo na fɔge de pe to wone mo, se tega kam tembia yé wane ba ke-ba kolokolo. 18Dé nam bá jwoori ywo-seeni, ko ná dae we Isarele dwi tiina maama nɛ ba jeiŋa jei se ba jeini. 19Debam tete bá tɔge dé jwoŋi tega kalo na tigi Jɔdan buga kam bubɛ dedwoŋi dem seeni to, dé na nɛ dé tega kam ywo-seeni to ŋwaane.”
20Moses ma leiri-ba o we:
“Abam ná seene yia mo se á ke konto, ti-na yiga se á nwoŋi á vo á ke jara yam Baŋa Wɛ ŋwaane. 21Nam pa-na se á baara bam maama kwei ba jara zela yam ba tɔge ba bɛ Jɔdan buga kam ba vo ba jeeri dé dona bam de jara, se ko taa nii Baŋa Wɛ ná zeili-ba dé yiga ne 22pa se dé wane ba maama dé di dé daare dé jwoŋi ba tega kam. Konto maama ná kea, se abam de jwoori ywo-seeni á jeini tega kalo wone Baŋa Wɛ na kwei o pa abam se á ta‑á tei to. Baŋa Wɛ de Isarele tiina bam daa bá taa jege abam jene.
23Abam nam ná wo ke se ko tɔge de á ni dem, ko ye á tusi Baŋa Wɛ chwoŋa ne mo konto. Ta‑á yei-na we, á wɛleere dem konto wó ba de lɔre jaja mo. 24Tɔ. Lɔ-na teene se á kaana de á bia taa zoore de wone. Ta fɔge-na jei se á pe á pei sem, de á bone dem se wone. Nam ta ke-na á na gwoni ni se á ke tei to.”
25Gad dwi tiina de Ruben dwi tiina bam ma leiri Moses ba we:
“Dé kwo. Dé wó ke tei nmo na pɛ debam ni se dé ke to. 26Dé kaana, de dé bia, de dé vara mo wó maŋe Gilead teene dem laŋa ne. 27Ko daare, dé baara bam maama wó ti yiga se dé vo dé ke jara yam Baŋa Wɛ ŋwaane. Dé maa wó bɛ Jɔdan buga kam dé vo dé kwaare jara nenɛɛne nmo na tage tei to.”
28Moses de laam ma pa Wɛ kaanem tu Eleaza, de Nun bu Josua, dedaane Isarele sɔ-yuni yiga tiina bam ni ye o we, 29“Ruben dwi tiina de Gad dwi tiina baara bam maama jege se ba kwei ba jara zela ba tɔge de abam ba bɛ Jɔdan buga kam, se ba vo ba ke jara Baŋa Wɛ ŋwaane ba woli abam se á de jwoŋi á tega. Konto ná ke pa se á na á jeiŋa jei, se á laam kwei Gilead laŋa kam á pa-ba se ba taa tei. 30Ba nam ná wo sɛ se ba bɛ ba vo ba ke jara yam, se á pa ba de tɔge ba jwoŋi ba tega Kanaan laŋa kam ne, mɛ á maama na wó jwoŋi á nyem to.”
31Gad dwi tiina bam, de Ruben dwi tiina bam ma leiri ba we, “Dé kwo, dé wó ke se ko tɔge de Baŋa Wɛ ni dem. 32Dé wó kwei dé jara zela dé tɔge dé bɛ Jɔdan buga kam dé zo Kanaan laŋa kam wone se dé ke jara Baŋa Wɛ ŋwaane. Ko kwaga ne dé laam wó jwoori dé jeini ywo-seeni se dé taa tei tega kanto na wo Jɔdan buga kam wɛ-puli seeni to.”
33Moses déem ma kwei tega o pa Gad dwi tiina bam, de Ruben dwi tiina bam, de Josɛf bu Manasɛ dwi chichworo kom se ba taa tei. O na pɛ-ba tega kalo to maa ye: Amori tiina Pɛ Sihon paare dim laŋa kam, dedaane Basan teo Pɛ Oga paare dim laŋa kam mo, ko ná ye ba tega kam maama, de ba teene dem de de nawuura yam.
34Gad tiina bam déem ma fɔge ba lɔ Dibon, de Atarofa, de Arowa, 35de Aterofa-Sofan, de Jazera, de Jogebeha, 36de Bɛte-Nimira, dedaane Bɛte-Haran. Ba ma lɔ teene dem konto ba pe, ye ba daare ba fɔge jei se ba pe ba pei se wone.
37Ruben tiina bam de ma jwoori ba lɔ Hesebon, de Elealɛ, de Kiriafayim, 38de Nebo, de Baal-Meon, ko woli de Sibima. Ba déem pɛ teene dem konto de yera mo. De yera badwonna de déem leiri mo.
39Manasɛ bu Makira sɔ-yuu tiina bam déem vei Gilead teo kom ba ke jara ba di-ko, ye ba zeili Amori tiina bam ya na zoore da to. 40Konto ŋwaane Moses ma kwei Gilead laŋa kam o pa Makira sɔ-yuu tiina bam se ba taa zoore da. 41Jayira na nwoŋi Manasɛ dwi dem wone to, de ma vo o ke jara o di Gilead nawuura yam. O ma pa se ba lɛɛre ba bwoi-ya we ‘Jayira te-balwa bam’. 42Noba de ma vo o ke jara o di Kenafa teo de ko nawuura yam. O déem ma pa se ba lɛɛre ba bwoi teo kom yere we ‘Noba’.",https://www.bible.com/bible/3661/NUM.32.KBG
JEELIM 33,"Isarele tiina bam chwo-veili
1Isarele tiina bam na nwoŋi Ejipti teo kom ne ba kɛ to, Moses de Aron déem mo to ba yiga ne pa se ba via. 2Baŋa Wɛ ma pa Moses ni se o taa popone mɛ de mɛ maama ba na yeini ba yi se ba chwi ba vwoa yam to. Isarele tiina bam na tɔge jei selo ye Moses popone se yera o tiŋi to mo tento:
3Bene delo wone ba na nwoŋi Ejipti ne to, ko ye bene dem konto boboa chana kam da fuga-yanu dɛ ne mo ba zege Ramesesa ne ba nwoŋi se ba kɛ. Ko ye dɛ delo na saŋe Atɔgebabaŋa kuri dɛ dem to mo konto. Ba déem gwɛ de baare ba maa kɛa ye Ejipti tiina bam yɔɔre ba zege ba nii mo. 4Banto maa wora ba suli ba twa, Baŋa Wɛ na mage ba bakeiri-kwe sem maama o go to ŋwaane. Baŋa Wɛ dɛ keim dem konto baŋa ne mo o chɔge Ejipti tiina jwona yam dam.
5Isarele tiina bam déem nwoŋi Ramesesa teo ne, ba vo ba yi Sukofa mo ba chwi ba vwoa ba jeini. 6Ba ma zege dáane ba vo Etam. Ko maa wo kagoa kam ni ne. 7Ba daa ma pipiri ba vo Pi Hahirofa. Jei sem konto wo Baal-Zefon wɛ-puli seeni mo. Ba ma chwi ba vwoa Migidola seeni. 8Ba na yage Pi Hahirofa to, ba ma tɔge Nane-soŋo kom wone ba bɛ ba zo kagoa kam wone. Ba ma kwei da yatɔ ba beeri Etam kagoa kam wone ba vo ba yi Mara. Ba ma chwi ba vwoa dáane. 9Ba na yage Mara to, ba ma vo Elim. Buli-yia fuga-yalei, dedaane konkware fuserepɛ mo wo jei sem konto ne. Ba ma chwi ba vwoa ba jeini da. 10Ba daa na yage Elim to, ba ma jwoori Nane-soŋo kom ni ne ba jeini da. 11Ba na yage Nane-soŋo kom seeni to, ba ma vo ba chwi ba vwoa Sin kagoa kam wone. 12Ba ma zaŋe Sin kagoa kam ne ba vo ba chwi ba vwoa Dofeka ne. 13Ba ma zaŋe Dofeka ne ba vo ba chwi ba vwoa Alusi ne. 14Ba ma zaŋe Alusi ne ba vo ba chwi ba vwoa Refidim ne. Jei sem konto ne na déem tera se nɔɔna bam taa nyɔa. 15Ba na yage Refidim to, ba laam ma zo Sinayi kagoa kam ne.
16-36Isarele tiina bam déem na yage Sinayi kagoa kam to, ba ma beeri taa. Ba na vei ba zege jei selo ne ye ba chwi ba vwoa yam to mo tento:
Kiberof-Hataava, de Hazerofa, de Ritama, de Rimon-Pɛreza, de Libina, de Risa, de Kehelata, de Sefere peo kom, de Harada, de Makelofa, de Tahafe, de Tera, de Mitika, de Hasemona, de Moserofa, de Bene-Jakan, de Hora-Hagidagadi, de Jotibafa, de Aberona, de Ezion-Gebera, de Kadese na wo Zin kagoa kam ne to.
37Ba déem na yage Kadese to, ba ma vo Hora peo kom na wo Edom laŋa kam siseini ni ne to. Ba ma chwi ba vwoa ba jeini da. 38Ba na wora to, mo Baŋa Wɛ pɛ Aron ni se o di peo kom yuu. Aron ma di ye o daare o te. Isarele tiina bam na nwoŋi Ejipti teo ne to bena finna bene dem, chane senu chana kam boboa dɛ ne mo o tega. 39O maa jege bena bi de finlei-yatɔ (123).
40Arada teo pɛ na zoore Kanaan kagoa kam na wo tega-kuri seeni to ma ni we Isarele tiina bam beene o jei sem seeni. 41-47Isarele tiina bam déem na yage Hora peo kom ba daare ba beeri ba zege jei selo ne ye ba chwi ba vwoa to mo tento:
Zalemona, de Punon, de Obofe, de Ye-Abarim na wo Moaba laŋa kam siseini ni ne to, de Dibon-Gad, de Alemon-Dibilafayim, de Abarim peero jei selo na bwola de Nebo peo kom to.
48Ba déem na yage Abarim peero tem to, ba ma vo Moaba laŋa kam te-kampare ba jeini. Jei sem konto wo Jɔdan buga kam ni ne mo ye Jeriko de wo bubɛ dedwoŋi dem seeni. 49Isarele tiina bam ma chwi ba vwoa Jɔdan buga kam ni ne, ko zege Bɛte-Jesimofa ne se ko taa vei Abel-Sitim.
50Ba na wo Moaba laŋa kam te-kampare ne konto to, mo Baŋa Wɛ tage de Moses o we:
51“Nam ta de Isarele tiina bam we: Abam ná bɛ Jɔdan buga kam se á zo Kanaan tega kam wone, 52se á kwaane á fe balo na zoore tega kam ne to á zeili-ba. Yɔɔre á chɔge-na ba jwona yalo ba na kwei kandwa de luuru ba ma ke to, dedaane ba wara-jei bimbina yam. 53Laam daare á jeini-na ba tega kam wone, se amo mo kwei-ka a pa abam se á ta‑á tei. 54Nam pɔɔre-na tega kam se á dwia yam maama jwoŋi ba nyem, sɔ-yuu de sɔ-yuu. Abam wó ta jɔrɔ mo, se á ma‑á pɔɔre-ka á pa-ba. Sɔ-yuu maama wó jwoŋi tega se ko maŋe de ba ni na mae tei to mo, ne ba ná maŋe ba ye kɔ-kamunu naa kɔ-balaŋa de.
55Abam nam ná ve se á zeili balo na zoore tega kam ne to, ba balo na daare to wó pa á yera chɛ, nenɛɛne da-chɔrɔ mo chugi á yia, naa sabare mo zɔ á yera yam. Á ná tu á jeini tega kam ne, ba lage ba taa daane abam mo taa. 56Amo Baŋa Wɛ laam maa wó chɔge abam de, nenɛɛne a na boŋe se a ke-ba tei to.”",https://www.bible.com/bible/3661/NUM.33.KBG
JEELIM 34,"Kanaan tega kam siseina
1 Baŋa Wɛ déem ma ta de Moses o we:
2“Pa Isarele tiina bam ni se n daare n bere-ba we: Kanaan tega kam ye tega kalo ba na wó pɔɔre ba pa abam se á ta‑á tei to mo. Á ná tu á zo tega kam konto, se á ta‑á yei we ka siseini mo tento:
3Tega-kuri seeni siseini dem wó tɔge Zin kagoa kam, Edom laŋa kam siseini na wo mɛ to. Wɛ-puli daa kam seeni, siseini dem wó bobo Yɛ naneo kom ne mo. 4Ka ta ma vo ka lɛɛne Nɔŋɔ zwonnu chwoŋa kam tega-kuri seeni ka kɛ ka yi Zin se ka daare ka tɔge Kadese-Baranea kuri seeni ka vo ka yi Hazare-Adara de Azemon. 5Ka laam wó pipiri ka taa tɔge Ejipti bu-nɔgɔ kom se ka vo ka kweeli Mediterania naneo kom ni ne.
6Ko ná ye á tega kam wɛ-zoore seeni siseini dem, de ye Mediterania naneo kom mo.
7Á baŋa seeni siseini dem wó zege Mediterania naneo kom ni ne mo de tole de yi Hora peo kom. 8Ka wó zege dáane ka vo ka yi Lebo-Hamafa, de Zedadi, 9de Ziforon, se ka laam kweeli Hazara-Enan ne.
10Ko nam ná ye á wɛ-puli seeni siseini dem, ka wó zege Hazara-Enan ne mo ka tole ka yi Sefam. 11Ka ta wó tu kuri ka vo Ribila na wo Ayin wɛ-puli seeni to. Ka ná zege dáane ka wó vo ka yi zwonnu telo na wo Galili naneo kom bubɛ delo na jeeri wɛ-puli seeni to mo, 12se ka laam tu ka tɔge Jɔdan buga kam ka vo ka kweeli Yɛ naneo kom ne.
Abam tega kam siseina yana yam mo konto.”
13Moses déem ma ta de Isarele tiina bam o we, “Tega kanto mo abam jege se á ta jɔrɔ se á pɔɔre-ka á ta‑á tei. Baŋa Wɛ pɛ ni se á kwei-ka á pɔɔre á pa á dwia nogo de chichworo kom mo. 14Kokuri to, Ruben dwi dem, de Gad dwi dem, dedaane Manasɛ dwi chichworo kom maŋe ba na ba tega kam. 15Tega kalo ba na lage ba jwoŋi ba taa tei to wo Jɔdan buga kam wɛ-puli seeni, mɛ na jeeri Jeriko bubɛ dedwoŋi dem seeni to mo.”
16 Baŋa Wɛ daa ma ta de Moses o we, 17“Nɔɔna balo na wó pɔɔre tega kam ba pa abam to yera mo tento: Wɛ kaanem tu Eleaza, de Nun bu Josua. 18Nam le nɔɔno dedoa dedoa Isarele dwi maama wone n woli da. Nɔɔna bam konto mo wó woli-ba se ba pɔɔre tega kam.” 19-28Baara bam yera mo tento:
Dwi dem Yiga tu wom
Judah Jefunɛ bu Kaleb
Simeon Amihuda bu Semuwel
Benjamin Chisilon bu Elidad
Dan Jogili bu Buki
Manasɛ Efodi bu Hanneli
Efrayim Sifitan bu Kemweli
Zebulun Paranaki bu Elizafan
Isakara Azan bu Paliteli
Asere Selomi bu Ahihuda
Nafitali Amihuda bu Pedaheli
29Nɔɔna bam konto déem ye balo Baŋa Wɛ na pɛ-ba ni se ba tɔge ba pɔɔre Kanaan tega kam ba pa Isarele tiina bam se ba taa tei to mo.",https://www.bible.com/bible/3661/NUM.34.KBG
JEELIM 35,"Levi dwi tiina bam teene dem
1Isarele tiina bam déem ta wo Moaba laŋa kam te-kampare ne mo. Jei sem konto wo Jɔdan buga kam ni ne mo ye Jeriko de wo bubɛ dedwoŋi dem seeni. Ba na wora to, Baŋa Wɛ ma ta de Moses o we, 2“Ta de Isarele tiina bam we ba ná jwoŋi ba tega kam, se ba le teene ka wone ba pa Levi tiina bam se ba taa zoore de wone. Ta pa-ba pwoli selo na gilimi teene dem konto maama to se ba taa kɔne ba vara. 3Konto mo wó pa se ba de taa jege teene ba zoore da, ye ba jege pwoli se ba taa kɔne ba vara dwi maama.
4Ba ná lɔge ba teene dem ba pe, se ba zege teo maama kabiri sem teiŋa ne ba jeeli naba-laara bia yanu (500) dɛ sena sem maama ne se ko taa ye ba vara pwola. 5Daa ta jeeli-na naba-laara moro (1,000) teo kom daa maama seeni, se pwoli sem siseina taa tigi konto ye teo kom zege se tetare ne. Levi tiina bam teo maama wó taa jege vara pwoli selo na gilimi-ko to se ba taa kɔne ba vara.
Ka-duri-ka-zo-ka-seigi teene dem
Josua 20:1-9
6Nam le-na teene deredo Levi tiina teene dem wone se de taa wora ka-duri-ka-zo-ka-seigi ŋwaane. Nɔɔno ná go o dwoŋi ye o wo paale o ke, se konto tu duri o zo teene dem konto dedoa wone o seigi. Abam ta jege se á kwei teene finna-delei á pa Levi dwi tiina bam á woli da, 7se ba teene dem maama laam taa ye finna-nana, dedaane de vara pwoli selo na kaare-de to. 8Á wó kuri teene dem konto á le Isarele dwi maama tega kam wone se Levi dwi tiina taa zoore de wone. Konto ŋwaane á jege se á le teene se ko maŋe de dwi maama tega kam na mae tei to, ne ba ná ye kɔ-kamunu naa kɔ-balaŋa mo de.”
9 Baŋa Wɛ ta ma ta de Moses o we:
10“Nam ta de Isarele tiina bam we: Abam ná bɛ Jɔdan buga kam ye á zo Kanaan tega kam wone, 11se á kuri teene dedwonna á zege ka-duri-ka-zo-ka-seigi ŋwaane. Nɔɔno ná go o dwoŋi ye o wo paale o ke, se konto tu duri o zo teene dem konto dedoa wone o seigi. 12Konto mo wó pa se o wane o duri o vo o lu wolo na beeri o gom to jeŋa ne. Ba bá na chwoŋa se ba go kotu ye teo kom nakwa bam wo nigi o ni taane se ba lɔre kolo na ke to. 13Le-na teene deredo ka-duri-ka-zo-ka-seigi ŋwaane. 14Teene detɔ wó taa wo Jɔdan buga kam wɛ-puli seeni. Detɔ de wó taa wo Kanaan tega kam wone. 15Teene deredo dem konto wó taa wora Isarele tiina, de veira, de balo maama na zoore de-ba to ŋwaane mo, se wolo maama ná go o dwoŋi ye o wo paale o ke, se konto tu duri o zo de dedoa wone o jwoŋi o tete.
16Nɔɔno nam ná kwei luu o mage o dwoŋi pa se kotu te, ko ye nɔɔno wom paale o ke mo. O ye nɔn-goro mo ye ba jege se ba go o de mo. 17-18Nɔɔno ta ná zei kandwɛ-kamunu, naa da-lɔŋɔ o jeŋa ne, ye o ná kwei-ko o mage o dwoŋi pa se kotu te, ko bere we o paale o ke mo. O ye nɔn-goro mo ye ba jege se ba go o de mo. 19Ba na go wolo to yera nɔɔno mo jege se o beeri nɔn-goro wom. O maa ná nɛ‑o, se o yɔɔre o go‑o.
20Ko ta woli da, nɔɔno ná chuli o dwoŋi, ye o yigi kotu o de tega ne, naa o ná paale o dole‑o de woŋo, 21naa o ná mage‑o de o jagula, pa se o dwoŋi wom te, o ye nɔn-goro mo ye o maŋe se ba go o de mo. Ba na go wolo to yera nɔɔno jege se o beeri nɔn-goro wom jei mo se o go‑o.
22Ko nam ná dae we o ya chuli o dwoŋi mo, ye o ná yigi‑o o de tega ne, naa o dole‑o de woŋo, ko bere we o wo paale o ke. 23O ta ná zei kandwɛ-kamunu ye o dole yɔɔ pa se ko vo ko mage o dwoŋi, ko bere we o wo paale o ke konto, o na ba chuli o dwoŋi wom to ŋwaane. O dwoŋi wom ná tega o keim dem konto baŋa ne, 24se teo kom nakwa di nɔɔno wom de wolo o na go to yera nɔɔno taane dem se ba tɔge bera yam konto ba bore chega kam. 25Nakwa bam nam ná di taane dem ye ba pa wolo bora, se ba jwoŋi‑o too wom yera nɔɔno jeŋa ne. Ba laam maa wó pa o jwoori ka-duri-ka-zo-ka-seigi teo kolo wone o ya na duri o vo o seigi da to. O wó taa zoore teo kom konto wone mo se ko taa nii kaanem yiga tu wom ná tega.
26Nɔɔno wom nam ná nwoŋi ka-duri-ka-zo-ka-seigi teo kom wone, 27ye too wom yera nɔɔno ná nɛ‑o o ja o go, o toone dem bá taa wo kotu yuu ne. Kotu jege chwoŋa se o go‑o. 28Wolo na wo paale o go o dwoŋi wom to jege se o yeini o taa wo ka-duri-ka-zo-ka-seigi teo kom wone mo, se kaanem yiga tu wom ná tega, se o laam jwoori o viiri o tete teo.
29Á ná zoore mɛ maama, abam de á kwaga kam maama jege se á ta‑á tɔge nia yanto mo se ko taa vei wuu.
30Nɔɔno ná zaŋe o go o dwoŋi, á ba jege chwoŋa se á go kotu, ko ná dae we nɔɔna mo pɛ maana we o seene o ye nɔn-goro. Nɔn-doa yerane ni taane nam bá wane de pa nɔɔno te.
31Nɔn-goro ye se ba go‑o mo. Konto tu bá wane o ŋwe sabu se o ma jwoŋi o ŋwea.
32Ko ta woli da, wolo ná zo ka-duri-ka-zo-ka-seigi teo kodwoŋi wone o na wo paale o go nɔɔno to ŋwaane, konto tu bá wane o ŋwe sabu se o ma o jwoori o tete sɔŋɔ lela, ye kaanem yiga tu wom ta wo tege.
33Nɔn-gora chɔge tega kam mo. Nam yé pa-na se tega kalo á na zoore ka wone to taa chɔga keim dem konto ŋwaane. Nɔɔno ná yɔɔre o go o dwoŋi, ye á wo go nɔn-goro wom, too wom jana bam chɔge tega kam mo. 34Amo Baŋa Wɛ mo zoore Isarele tiina bam tetare ne. Konto ŋwaane, yé pa-na se tega kalo amo de abam na jei ka wone to chɔge.”",https://www.bible.com/bible/3661/NUM.35.KBG
JEELIM 36,"Zelofehada bukwa bam taane
1Gilead sɔ-yuu kom yiga tiina déem ma zaŋe dɛ dedwe ba fɔɔre ba yi Moses dedaane Isarele sɔ-yuni tedaara yiga tiina bam tei. Gilead kwo maa ye Makira. Wonto kwo de maa ye Josɛf bu Manasɛ. 2Ba ma ta de Moses ba we, “Dé kwo, Baŋa Wɛ déem pɛ nmo mo ni se n ta jɔrɔ n ma‑n pɔɔre tega kam n pa Isarele dwia yam maama. O ta ma pa ni se n kwei tega kalo ya na wó taa ye debam choro Zelofehada nyem to n pa o bukwa bam. 3Banto nam ná zo banna na nwoŋi Isarele sɔ-yuu kodwoŋi wone to, ba tega kam laam wó ji sɔ-yuu kom konto nyem mo se ba woli-ka ba tete tega kam wone. Ko maa wó pa se debam tega kam muri. 4Ko nam ná yi ywoni dim bene dem pa se Isarele tiina kwei ba wonnu ba jwoori ba pae te tiina, Zelofehada bukɔ wolo maama ná zo baro sɔ-yuu-gaa wone, kotu tega laam wó lɛɛre ka ji sɔ-yuu kom konto nyem, pa se dé nabaara bam sɔ-yuu kom ga-ka.”
5Moses déem na lɔre Baŋa Wɛ ni na ye tei de taane dem to, o ma pa Isarele tiina bam ni we, “Josɛf dwi dem nɔɔna na tage kolo to ye chega mo. 6Baŋa Wɛ na pɛ ni delo Zelofehada bukwa bam ŋwaane to mo tento:
Ba jege chwoŋa se ba kuri banna balo ba na wó zo to. Ko nam jege se ba banna nwoŋi ba kwo sɔ-yuu kom wone mo. 7Tega kalo Isarele sɔ-yuu maama na wó jwoŋi to jege se ka maŋe ba tete sɔ-yuu kom de ba kwaga kam tei ne mo. Ka bá lɛɛre ka ji sɔ-yuu kodwoŋi nyem. 8Bukɔ wolo maama ná jwoŋi tega Isarele sɔ-yuu kolo maama ŋwaane o tei, se kotu beeri baro o zo o kwo sɔ-yuu kom wone. Konto wó pa se Isarele tu maama taa tei tega kalo o na jwoŋi o nabaara sɔ-yuu kom ŋwaane to. 9Sɔ-yuu maama tega bá lɛɛre ka ji sɔ-yuu kodwoŋi nyem. Isarele sɔ-yuni tem maama tega kam jege se ka maŋe sɔ-yuu kom konto tei ne, se ba taa tei-ka.”
10Zelofehada bukwa bam déem ma seene ba sɛ Baŋa Wɛ ni dem o na pɛ Moses to. 11Maala, de Tiraza, de Hogela, de Milika, dedaane Noah mo konto. Ba ma zo ba kwo chorro tedwonna. 12Ba banna déem nwoŋi Josɛf bu Manasɛ sɔ-yuni tem wone mo. Konto ŋwaane ba tega kam maŋe ba kwo sɔ-yuu kom tei ne ye ba tei-ka.
13 Baŋa Wɛ na tɔge Moses baŋa ne o pa Isarele tiina bam nia de chullu telo to mo konto. Ka maŋa ne, de ba ta wo Moaba laŋa kam te-kampare ne mo. Jei sem konto wo Jɔdan buga kam ni ne ye Jeriko wo bubɛ dedwoŋi dem seeni.",https://www.bible.com/bible/3661/NUM.36.KBG
NIA GULIM 1,"Wɛ pɛ Isarele tiina bam ni se ba yage Sinayi jei sem
1Moses déem na ŋɔɔne tetei maama de Isarele tiina bam ye ba ya ta wo kagoa kam wone to mo popone te tigi tɔnɔ konto wone. O na ŋɔɔne de-ba to, de ba ya ta wo Jɔdan buga kam wɛ-puli seeni ba bwola de Sufa teo kom. Ba maa wo bwol-fɔrɔ kom ne. Paran wo daa dedoa ne mo. Tofeli, de Laban, de Hazerofa dedaane Dizahabi maa wo kakam daa ne. 2Nɔɔno ná zege Sinayi peo kom ne o tɔge Edom peero chwoŋa kam se o vo Kadese-Baranea, ko yeini ko ye da fuga-dedoa mo o wó ma o yi da. 3Ko nam na ke tei to, ko ye bena finna bene dem chane fuga-dedoa boboa dɛ dem ne mo Moses déem tage de Isarele tiina bam kolo maama Baŋa Wɛ na pɛ‑o ni se o ta o bere-ba to. 4Konto maama de Moses ya maŋe o di Amori tiina Pɛ Sihon na di o paare Hesebon ne to mo jara wone. O ma di Basan teo Pɛ Oga de jara wone. Oga paare dem maa di Asetarof dedaane Ederi teene dem ne mo.
5Moses na bobo se o taa maŋe Wɛ ni taane dem se nɔɔna bam lɔre to, de ba ya ta wo Jɔdan buga kam wɛ-puli seeni mo. Moaba laŋa kam ne mo konto. O ma ta o we:
6“Debam ya ta na wo Sinayi Peo kom teiŋa ne to, mo debam Tu Baŋa Wɛ tage debam o we: ‘Abam tiini á jeini ywo-seeni á dáane. 7Zaŋe-na á gɔ á vwoa yam se á ta‑á vei Amori tiina zwonnu laŋa kam ne, dedaane teene delo maama na gilimi jei sem konto to. Ko nam ye maama se ko taa vei peero tem laŋa kam maama mo. Ta véi-na á yi wɛ-zoore seeni bwollu tem, dedaane tega-kuri seeni kagoa kam, ko ta woli de teene delo na wo Mediterania naneo kom ni ne to. Véi-na jei selo maama Kanaan tiina na zoore to dedaane Lebanon laŋa kam, se á kɛ á yi Yuferata buga kam seeni. 8Nii-na ywo! Amo Baŋa Wɛ kwei tega kanto mo a pa abam. Laam zo-na ka wone á kwei-ka á ta‑á tei, se amo déem maŋe a gwoni ni mo de abam nabaara Abaraham, de Izaak, de Jakob se a kwei tega kam konto a pa-ba se ba de ba kwaga kam taa tei.’ ”
Ba kuri yiga tiina
9“Dé ya ta na wo Sinayi Peo kom ne to, mo amo tage de abam a we, ‘Ko tiini ko chamma ko gaale se amo yerane taa nii abam baŋa ne. 10Abam Tu Baŋa Wɛ mo pɛ se abam laam tiini á puli dedɛ nenɛɛne chalechwe sem na daga tetei to. 11Baŋa Wɛ nam gwoni ni dedaane dé nabaara bam we o wó pa se dé puli dedɛ. Wɛ wó swɛ abam swolim se o pa á dwi dem puli kuni moro mo. 12Abam na jege á taana de á ni-kantɔgɔ á daane-ne tei to, amo yerane laam nam wó ke tetɛ mo se a taa nii á baŋa ne? 13Nam kuri-na nɔɔna balo na jege swa de yi-poro to se ba nwoŋi á dwi maama wone. Ba wó taa ye balo á na yei ba wo lanyerane to. Amo laam wó pa-ba dam se ba taa ye á yuu tiina.’
14Tɔ. Abam déem ma sɛ we boboŋe dem konto lana mo se dé ke. 15Amo ma le nɔɔna bam konto na ye yuu tiina to á dwia yam wone. Banto jege swa mo ye á yei ba wo, ye a daare a pa-ba dam se ba taa nii á baŋa ne. Ba badwonna ma ji jar-keira yiga tiina balo na nii nɔɔna moro, naa nɔɔna bi, naa nɔɔna finnu naa nɔɔna fuga baŋa ne to. Badaara de ma ji dedɛɛra á dwia yam wone. 16Ko ná ye balo na wó taa kwɛ á taana to, amo déem pɛ-ba ni a we, ‘Zuri-na á yera se á cheigi nɔɔna bam taane dwi maama se á daare á ma á bore bora á pa-ba. Ko ná ye Isarele dwi tu de o dwoŋi mo jege taane, naa ko ná ye Isarele dwi tu de veiru wodwoŋi, se á yé kuri-ba daane. 17Ko ná maŋe ko ye naduna naa nabwona de, se á yé kuri-ba daane de á na bore ba bora tei to. Ko dae se abam taa kɔre nɔɔna yia de taane dim. Ko ye Wɛ mo wó pa se á na boboŋa se á bore chega bora. Taane delo nam ná dana de dwoi abam jaanem, se á ja-de á ba á pa amo se a nii de baŋa ne.’
18Ko maama wone a maŋe a ta a bere abam kolo maama á na jege se á ke to mo.”
Nɔɔna vei ba nii Kanaan tega kam
Jeelim 13:1-33
19“Dé déem ke kolo Baŋa Wɛ na pɛ debam ni se dé ke to. Dé ma zege Sinayi peo kom seeni dé vo dé tɔge kagoa kam wone ka na yala ye ka jege foone dedɛ ka pa debam to. Dé ma tole konto taa dé vo dé twɛ Amori tiina zwonnu laŋa kam, ye dé yi Kadese-Baranea ne. 20Amo déem ma ta de abam a we, ‘Abam laam tu á twɛ Amori tiina bam zwonnu laŋa kam mo. Debam Tu Baŋa Wɛ wom laam nam lage o kwei-ka mo o pa debam. 21Chega to, Baŋa Wɛ maŋe o kwei tega kam o ke á jeŋa ne. Nam zaŋe-na á vo á zo ka wone á jwoŋi-ka á ta‑á tei. Baŋa Wɛ wom á nabaara bam na tɔge to maŋe o ta abam se á ke konto mo. Yé ta‑á kɔre-na foone. Yé pa-na se á vɔna pare.’
22Abam maama déem ma ba amo tei ye á we, ‘Nam pa se dé toŋe nɔɔna badwonna se banto da yiga ba vo ba ŋɔ ba nii logo kom. Ba laam maa wó wane ba jwoori debam tei ba pa dé lɔre chwoŋa kalo chekke dé na wó tɔge to, dedaane teene delo dwi na wo jei sem ne to.’
23Abam boboŋe dem déem maa lamma amo tei ne. A ma seene a kuri nɔɔna fuga-balei se ba nwoŋi abam dwia yam maama wone, dwi maama nɔɔno dedoa. 24Nɔɔna bam konto de déem ma zaŋe ba vo ba tole zwonnu laŋa kam ba vo ba yi Esekola nabara kam. Ba ma fɔge ba nii jei sem maama. 25Ba ma ja tega kam wodiiru tedwonna ba ba debam tei ye ba we, ‘Tega kalo debam Tu Baŋa Wɛ na lage o pa debam to tiini ka lamma dedɛ.’ ”
Nɔɔna bam ya lɔge Baŋa Wɛ kwaga ne
26“Ko nam na ke tei to, abam déem ma lɔ á Tu Baŋa Wɛ ni dem kwaga ne ye á ve se á zo logo kom wone. 27Abam maa wo á vwoa yam ne ye á nyenyɔna da-tei ne á we, ‘Ko ye Baŋa Wɛ na chuli debam to ŋwaane mo o jaane debam o ja o ba o ke Amori tiina bam jeŋa ne se ba go debam. 28Dé daa bá wane dé vo jei sem konto ne. Dé na toŋe dé chorro telo to jwoori mo ye ba ke foone debam kuri ne. Ba maa we, tega kam konto tiina bam damma mo ye ba daa ta dɔra ba dwoi debam. Ba maa zoore teene delo na lɔge de dam ye de kabiri sem diini vili vili se yi wɛyuu to mo. Nɔn-sawaara de maa wo ba wone.’
29Amo déem ma ta de abam a we, ‘Yé ta‑á kɔre-na foone de nɔɔna bam konto. 30Se abam Tu Baŋa Wɛ wom wó tɔge abam yiga se á vo. Wonto mo lage o jaŋe o pa abam, nenɛɛne á déem na nɛ o na toŋe tetei maama o pa abam Ejipti ne to. 31Kagoa kam yuu ne de, abam daa ta nɛ Baŋa Wɛ na nii á baŋa ne tetei maama to. O maa jege abam konto mo ga taa, o ba o yi ywo-seeni, nenɛɛne kwo na jege o bu ye ba via chwoŋa yuu ne tei to.’
32Amo déem tage konto maama de abam ye á ta wo sɛ se á ke á wo-dedoa de á Tu Baŋa Wɛ. 33Baŋa Wɛ ya yeini o da abam yiga mo o kwɛ á chwoŋa kam, ye o beeri jei selo á na wó pu á vwoa to. Tete maama ne o wo mini wone o tɔge á yiga, se ko daare wea ne o yeini o wo kunkwoŋo wone mo o ma o bere abam chwoŋa se á ta‑á tɔge ka wone á via.
34 Baŋa Wɛ déem na nigi á nyenyɔna kam to, o bane ma zaŋe. O ma du duuri o we, 35‘Amo bá sɛ se nɔɔna banto dedoa zo te-ŋoŋa kalo a na pwooli de ba nabaara bam se a pa-ba to, ba na ye nɔn-lwanno to ŋwaane, 36ko ná dae Jefunɛ bu Kaleb yerane. Nɔɔna balo zem na wora to wone wonto yerane mo wó de o naga tega kam konto ne. Amo nam wó kwei-ka a pa o de o dwi dem, kokuri to wonto mo kwei o bochare maama o ma o tɔge-ne.’
37Ko déem ye abam ŋwaane mo Baŋa Wɛ bane zaŋe dedaane amo. O ma ta de amo o we, ‘Nmo tete de bá zo tega kam wone. 38Ko daare nmo zeinnu Josua na ye Nun bu to nam mo wó zo ka wone. Pa se wonto taa jege baare, se ko ye wonto mo wó tɔge Isarele tiina bam yiga se ba zo ba jeini tega kam ne ba taa tei-ka.’
39 Baŋa Wɛ déem ma daare o ta de nɔɔna bam maama o we, ‘Se ko ná ye abam bia balo ta na muri ye á ya kɔre we á dona wó go-ba to, de balo ta na wo yi se ba taa yei lam de lwarem daane to, banto mo wó wane ba zo tega kam wone. Amo wó pa-ba chwoŋa se ba taa tei tega kam. 40Ko daare ko ná ye abam, jwoori-na á pipiri á kwei chwoŋa kalo na maa vei Nane-soŋo kom seeni to se á zo kagoa kam wone á ta‑á via.’
41Á na nigi konto to, á ma leiri-ne á we, ‘Debam seene dé ve dé Tu Baŋa Wɛ ni dem. De laam nam wó vo se dé ke jara yam, nenɛɛne o na pɛ debam ni se dé ke tetei to.’
Abam déem tage konto dwoŋi ye á daare á kwei á jara zela yam se á vo jara-keim ne, kokuri to á ya boŋe we ko bá taa chana se á vo á jwoŋi zwonnu laŋa kam. 42Baŋa Wɛ ma ta de amo o we, ‘Nam kaane nɔɔna bam se ba yé zaŋe ba vo ba ke jara yam, bɛŋwaane amo bá taa wo ba tei ne. Ba dona maa wó da ko ŋwaane ba di-ba.’
43Amo ma ta konto a bere abam, ye á wo sɛ a taane dem. Abam na zeiŋi á tete to ŋwaane mo á nwoŋi Baŋa Wɛ ni dem kwaga ne ye á vo zwonnu laŋa kam ne se á kwaare jara yam. 44Amori tiina bam na zoore jei sem konto ne to déem ma nwoŋi ba jeeri abam. Ba ma zeili abam nenɛɛne twe mo ba chiŋi ba yage tei to. Ba ma pare abam konto taa ba vo ba yi Edom laŋa kam. Ba na yi Horama teo kom to dedaane ba di abam maama. 45Abam déem ma jwoori ye á daare á vo Baŋa Wɛ yiga ne á keeri á lwoori wolim o tei ne. O nam wo sɛ se o cheigi á wɛ-lworo kom. 46Abam déem ma jeini Kadese ne á dáane.”",https://www.bible.com/bible/3661/DEU.1.KBG
NIA GULIM 2,"Ba kare kagoa kam ne ba beera
1“Dé déem ma ke tei Baŋa Wɛ na tage de amo to. Dé ma zaŋe dé pipiri de kwei chwoŋa kalo na maa vei Nane-soŋo kom seeni to, se dé vo dé zo kagoa kam wone. Dé ma tiini dé beeri taa dé jijira ye dé kekare dé kaare Edom peero tem laŋa kam ne.
2 Baŋa Wɛ déem ma ta de amo o we:
3‘Abam tiini á kekare peero tento laŋa kam ne á dáane dedɛ. Ko laam maŋe mo se á pipiri á ta‑á vei baŋa seeni. 4Nam pa nɔɔna bam amo nia yanto: Abam laam lage á tɔge Esawu dwi tiina bam tega kam ne mo á kɛ. Banto ye á chorro ye ba zoore Edom laŋa kam ne. Ba wó taa kɔre foone de abam. Nam zuri-na á yera de-ba. 5Yé zaŋe á gwe ba jara. Kokuri to, amo ba lage a kwei ba tega kam a pa abam, de ka na-baare yi dedoa de. Amo maŋe a kwei Edom peero laŋa kam mo a pa Esawu dwi dem se ba taa tei. 6Á ná maa tɔge ba tega kam wone á kɛa, á wó wane á ma sabu-seŋa á yeigi wodiiru dedaane na ba tei ne.’
7Abam Tu Baŋa Wɛ wom maŋe o ke zaane abam yuu ne pa se kolo maama á na jege á toŋe to ke lanyerane. Á déem na beeri kagoa kanto jei sem maama wone to, o jege abam mo o nia. Bena finna yanto maama wone o wo abam tei ne, ye á nae woŋo kolo maama á na gɛ to.
8Konto ŋwaane mo, dé tɔge Edom laŋa kam wone mɛ dé chorro Esawu dwi tiina bam na zoore to dé kɛ. Dé ma lɔŋe chwoŋa kalo na tɔge Araba te-kampare ka kɛ to. Chwoŋa kam konto zege tega-kuri seeni mo Elafa de Ezion-Gebera ne. Dé laam ma pipiri dé kwei kagoa chwoŋa kalo na maa vei Moaba to.
9 Baŋa Wɛ daa ma ta de amo o we, ‘Yé daane-na Moaba tiina bam, se ba ye Lot dwi dem mo. Yé kwaare-na jara de-ba, se amo mo maŋe a kwei Ara jei sem a pa-ba. A ba lage a pa abam ba tega kam.’
10Emi tiina déem ya mo zoore laŋa kam konto ne. Banto déem jege dam ye ba kɔgɔ kom gaale. Ba maa ye nɔn-sawaara se ko maŋe de Anaki tiina bam na ye tei to. 11Nɔɔna déem yeini ba pa se Emi dwi dem de Anaki dwi dem ye Refayi tiina mo. Moaba tiina bam de maa bwoi-ba we Emi tiina. 12Ko nam ná ye Edom laŋa kam, Hori tiina mo ya zoore jei sem konto ne. Esawu dwi tiina bam laam ma zaŋe ba baŋa ne ye ba daare ba zeili-ba. Ba na chɔge ba teo kom konto to, ba ma jwoŋi ba tega kam ba tei, se ko maŋe de Isarele tiina bam de na lage ba ke tei ba zeili ba dona ba daare ba jwoŋi tega kalo Baŋa Wɛ na kwei o pa-ba to.
13 Baŋa Wɛ laam ma pa debam ni se dé zaŋe dé bɛ Zereda nabara kam. Debam déem ma seene dé ke konto. 14Bena fintɔ-nana tetare ne mo dé kwei dé ma dé zege Kadese-Baranea ne dé vo dé yi Zereda nabara kam dé bɛ. Ko déem ke konto ye balo maama ya na maŋe ba yi jara-keim boboa ne to laam tu ba te, nenɛɛne Baŋa Wɛ déem na dugi duuri we ba lage ba te kagoa kam ne tei to mo. 15Ko déem ye Baŋa Wɛ tete jeŋa mo o mɛ o chɔge-ba, se ko pa ba maama te dedoa dedoa ba vo ba ti.
16Jar-keira bam konto dwi dem na tega maama ye ba wolowolo daa tera Isarele tiina kɔgɔ kom wone to, 17mo Baŋa Wɛ tage o bere amo o we, 18‘Zem dɛ dem ne mo abam wó tɔge Moaba tiina teo Ara seeni á kɛ. 19Á laam maa wó zo Amon tiina laŋa kam. Ta‑á yei-na se á yé daane-ba. Yé kwaare-na jara de-ba, se amo ba lage a pa abam Amon tiina tega kam. Amo maŋe a kwei tega kam konto mo a pa Lot dwi tiina bam se ba taa tei-ka.’
20Jei sem konto maama de déem ye Refayi tiina tega mo. Banto badwonna maa zoore ka wone. Amon tiina bam déem jege-ba ba bwoi we Zamzummi tiina mo. 21Banto déem jege dam ye ba kɔgɔ kom gaale. Ba maa ye nɔn-sawaara se ko maŋe de Anaki tiina bam na ye tei to. De konto maama, Baŋa Wɛ mo chɔge-ba pa se Amon tiina bam wane ba zeili-ba ye ba daare ba jwoŋi ba tega kam ba tei. 22Baŋa Wɛ déem ya maŋe o ke konto dwoŋi mo o woli Esawu dwi tiina bam na zoore Edom ne to. O déem ya chɔge Hori tiina bam mo pa se Edom tiina bam wane ba zeili-ba ye ba daare ba jwoŋi ba tega kam. Ba ta zoore da de zem maama. 23Ko daa ta ná ye Awa tiina bam, banto déem zoore te-balwa balo na wo Mediterania naneo kom ni ne to, se ko taa vei Gaza teo kom seeni. Filisi tiina bam na nwoŋi Kiriti ne to ma go-ba, ye ba daare ba jwoŋi Awa tiina tega kam ba zoore da.
24 Baŋa Wɛ ta ma ta debam o we, ‘Zaŋe-na á kwaleme á zela yam se á vo á bɛ Aranon nabara kam. Nii-na ywo! Amo mo lage a kwei Hesebon teo Pɛ Sihon a ke abam jeŋa ne se á wane‑o á di. A maa wó kwei o tega kam de a pa abam. Véi-na á kwaare jara ded‑o, se á daare á jwoŋi o jei sem á ta‑á tei. 25Ko zege zem dɛ dem ne se ko taa via, amo lage a pa se logo baŋa teene dem maama taa kɔre abam foone mo. Ba ná maŋe ba ni abam ŋwa, ko ye se ba yera mo taa sae vare-vare ye ba bochara di abam ŋwaane.’ ”
Ba di Pɛ Sihon jara baŋa ne
Jeelim 21:21-30
26“Debam déem ta na wo Kedemofa kagoa kam ne to, mo amo toŋe kwora a pa Hesebon teo Pɛ Sihon. A déem tage ded‑o mo se o pa dé ke ni-sɛɛm daane se jara yé taa wora dé tetare ne. 27A ma ta a we, ‘Debam ná maa tɔge nmo teo kom ne dé kɛa, dé wó kwei chwoŋa mo yɔrɔ-tɔtɔ dé taa via. Dé ba lage dé ywori jazem naa jagwia seeni. 28Wodiu kolo maama dé na wó di, dedaane na balo dé na wó nyɔ to, de wó yeigi abam tei ne. Nam pa debam pwola se dé tɔge á jei sem ne dé kɛ. 29Debam nam jege se dé vo dé yi Jɔdan buga kam mo se dé bɛ-ka dé kɛ. Nam ta‑á yei-na we, Esawu dwi tiina balo na zoore Edom ne to dedaane Moaba tiina bam na zoore Ara ne to maŋe ba pa debam pwola pa dé tɔge ba laŋa kam ne dé kɛ.’
30Pɛ Sihon déem ma ve amo kwora kam konto. O wo sɛ se o pa debam pwola se dé tɔge o tega kam baŋa ne dé kɛ. Kokuri, debam Tu Baŋa Wɛ déem mo pɛ se Sihon wo kom ke dam, se o na pwola o ke‑o á dam kuri ne, nenɛɛne ko laam na ye tei leile tento to.
31 Baŋa Wɛ laam ma ta de amo o we, ‘Nii-na! Amo lage a kwei Pɛ Sihon de o teo kom mo a ke abam jeŋa ne. Nam véi-na yiga se á mage jara de-ba á jwoŋi ba tega kam á ta‑á tei.’
32Jayaza ne mo Pɛ Sihon de o nɔɔna bam déem nwoŋi se ba kwaare jara dedaane debam. 33Debam Tu Baŋa Wɛ ma kwei‑o o ke debam jeŋa ne. Dé ma mage‑o dé go, ye dé daare dé go o bia dedaane o nɔɔna bam maama dé woli da. 34Dé ma yɔɔre dé chɔge Pɛ Sihon teene dem maama dé ke-de Wɛ dam kuri ne. Dé ta ma chɔge de nɔn-bia bam maama: baara, de kaana dedaane bia. Nɔɔn-nɔɔno déem wo daare. 35Se ko ná ye ba vara bam dedaane ba jejegero tem, dé vere-te pa se te ji dé nyem mo. 36Debam Tu Baŋa Wɛ wom mo woli debam ye dé di teene dem maama. Ko na zege Arowa teo na wo Aranon bwolo kom ni ne to, dedaane teo kolo na wo bwolo kom tetare ne to, se ko taa vei Gilead laŋa kam to mo dé wane maama. Teo déem tera ko na dana ko dwoi debam wanem. 37Konto maama baŋa ne, dé ta sɛ mo se dé ke tetei dé Tu Baŋa Wɛ wom na bere debam to. Dé déem wo zo Amon tiina bam jei sem. Ko ná ye tega kalo na wo Jaboke nabara kam ni seeni to, de teene delo na wo zwonnu tem laŋa kam ne to, dé wo kwaare jara jei sem konto ne.”",https://www.bible.com/bible/3661/DEU.2.KBG
NIA GULIM 3,"Ba wane Pɛ Oga ba di
Jeelim 21:33-35
1“Konto maama na ke ko ti to, dé laam ma mage dé yuu Basan seeni. Pɛ Oga déem mo ye jei sem konto pɛ. O ma nwoŋi dedaane o jar-keira bam maama se ba kwaare jara dedaane debam Ederi ne. 2Baŋa Wɛ ma ta de amo o we, ‘Nam yé ta‑n kɔre‑o, se amo mo lage a kwei Pɛ Oga de o jar-keira bam a ke abam jeŋa ne, se á jwoŋi ba tega kam á ta‑á tei. Abam nam jege se á chɔge pɛ wom konto dedaane o nɔɔna bam mo nenɛɛne á na ke Amori tiina Pɛ Sihon na di paare Hesebon ne tei to.’
3Debam Tu Baŋa Wɛ wom ma seene o woli debam. O déem kwei Pɛ Oga de o nɔɔna bam maama mo o ke debam jea ne pa se dé mage ba maama dé go. Ba wolowolo wo daare. 4Dé ma wane teene dem maama Aragobi laŋa kam ne Pɛ Oga déem na di o paare Basan ne mɛ to. De ye teene fuseredo mo. Teo déem wo daare ye dé wo di-ko. 5Teene dento maama déem lɔge mo de pe de dam. De kabiri sem maa tiini se dɔra. Luuru mo ba déem ta mɛ ba che teene dem manchwoŋo nia yam. Te-balwa de déem wora, ye dento wo fɔge de che konto dwoŋi. 6Dé ma yɔɔre dé chɔge Pɛ Oga teene dem maama dé ke-de Wɛ dam kuri ne, nenɛɛne dé na maŋe dé chɔge Pɛ Sihon laŋa kam tei to. Dé ma chɔge de nɔn-bia bam maama: baara, de kaana, dedaane bia. 7Se ko ná ye ba vara bam dedaane ba jejegero tem, dé ma vere-te pa se te ji dé nyem.
8Sihon dedaane Oga déem ye Amon tiina bam pwa mo. Banto paare laŋa kam wo Jɔdan buga kam bubɛ delo na yɔɔre wɛ-puli seeni to mo. Ba laŋa kam déem tole ka zege Aranon nabara kam ne mo se ka yi Heremon peo kom na wo baŋa seeni to. Debam déem ma jwoŋi jei sem konto maama dé tei. 9(Sidon tiina bam jege Heremon peo kom ba bwoi we Sirion mo. Ko daare ye Amori tiina bam bwoi-ko we Senira.) 10Dé déem mage jara mo dé vere teene delo maama na wo peero tem laŋa ne to. Dé ta ma wane Gilead laŋa kam de Basan maama se ko yi Saleka dedaane Ederi. Teene delei dem konto de déem tɔge de wo Basan laŋa kam ne mo, mɛ Oga na di o paare dem to. 11Pɛ Oga déem mo kweeli Refayi tiina bam jeŋa ne. Ba déem na mɛ kolo ba suli‑o ko wone to ye luuru mo ba mɛ ba ke-ko. Ko dedɔrem baŋa maŋem maa ye jatwogo maŋem kuni nogo. Ko daare ye ko kayɔlɔ baŋa seeni maŋem maa ye jatwogo maŋem kuni bena. Ko daa ta wo Amon tiina teo Raba ne mo.”
Jɔdan buga kam wɛ-puli seeni tega kam
Jeelim 32:1-42
12“Dé na jwoŋi tega kam dé tei konto to, mo amo déem kwei laŋa kadwoŋi a pɔɔre a pa Ruben dwi dem dedaane Gad dwi dem. Banto laŋa kam déem zege Arowa teo kom na wo Aranon buga kam ni ne to se ko taa vei baŋa seeni, ko woli de Gilead zwonnu laŋa kam chichworo de teene delo na wo jei sem konto ne to mo. 13Gilead tega kam chichworo kolo na daare to mo amo déem kwei a pa Manasɛ dwi chichworo kom. A ta ma kwei Basan maama a woli da a pa-ba. Pɛ Oga laŋa kam mo konto. (Aragobi laŋa kam na wo Basan ne to mo ba déem jege ba bwoi we Refayi tiina tega kam.) 14Nɔɔno wodwoŋi déem maa wo Manasɛ dwi dem wone, o yere mo Jayira. Wonto ma mage o vere Aragobi laŋa kam maama o vo o yi Gesura dedaane Maaka siseini dem. O ma pa se ba lɛɛre ba bwoi Basan teene dem konto we ‘Jayira teene’. Ko ta ye konto mo de zem maama. 15Se ko ná ye Gilead tega kam chichworo kolo na wo baŋa seeni to, amo déem kwei-ka a pa Makira na ye Manasɛ dwi tu to mo. 16A ma daare a kwei laŋa kalo na zege Gilead ne se ka yi Aranon nabara kam tetare ne to a pa Ruben dwi dem dedaane Gad dwi dem. Ba laŋa kam baŋa seeni siseini dem maa ye Jaboke buga kam. Amon tiina laŋa kam siseini mo konto. 17Wɛ-zoore seeni mo ba tega kam siseini dem déem tɔge Jɔdan buga kam, ko na zege Galili naneo kom seeni se ko taa vei tega-kuri seeni ko vo ko yi Araba naneo kom. (Yɛ naneo kom mo konto.) Pisiga peo kom teiŋa maa wo tega kam wɛ-puli seeni.
18Amo déem ma pa abam ni dento we, ‘Debam Tu Baŋa Wɛ wom mo kwei tega kanto o pa abam se á ta‑á tei. Abam balo nam na ye jar-keira to jege se á kwei á jara zela ye á daare á tɔge Isarele dwi tiina badwonna bam yiga á bɛ Jɔdan buga kam, ba na ye á chorro to ŋwaane. 19Se ko daare á kaana, de á bia, dedaane á vara bam maama mo, á wó pa se banto maŋe á teene delo amo na maŋe a kwei a pa abam to wone. Kokuri a yei we abam vara bam tiini ba daga dedɛ. 20Abam jege se á woli á chorro tem mo se ba jaŋe ba di tega kalo na wo Jɔdan buga kam wɛ-zoore seeni to. Baŋa Wɛ nam ná tu o pa se ba sii de jara yam ye ba daare ba jeini ba tega kam ne, nenɛɛne abam na nɛ tei to, abam de laam wó jwoori mɛ amo na kwei a pa abam to mo á ta‑á wora.’
21Maŋa kam konto ne amo déem kwei ni dento a pa Josua we, ‘Nmo tete yi nɛ n Tu Baŋa Wɛ na toŋe tei dedaane pwa balei banto, Sihon de Oga to. Teo kolo maama abam nam na wó vo to, Baŋa Wɛ ta lage o toŋe konto mo ba yera ne. 22Konto ŋwaane, yé ta‑á kɔre-na foone de-ba. Abam Tu Baŋa Wɛ mo lage o jaŋe o pa abam.’ ”
Wɛ wo sɛ se Moses bɛ o vo o zo Kanaan tega kam
23“Kanto maŋa kam ne, a déem ma tiini a lwoori Wɛ a we, 24‘Yuu-tu Baŋa Wɛ, amo ye n tontoŋeno mo. Nmo laam nam bobo se n bere-ne nmo jeŋa na jege dam se n ma‑n ke wo-kenkagela yalo to. Kokuri to, wɛ dedwoŋi tera wɛyuu ne naa tega baŋa ne se de wane de ke nmo wo-kamuna yam dwoŋi. 25Ja, pa amo chwoŋa se a de tɔge a bɛ Jɔdan buga kam a zo te-ŋoŋa kalo na wo bubɛ dedwoŋi dem ne to, se a wane a na zwonnu tem laŋa kam na tiini ka lana to, dedaane Lebanon jei sem.’
26 Baŋa Wɛ nam wo sɛ se o cheigi a wɛ-lworo kom. Abam kɔgɔ kom ŋwaane mo o bane déem tiini de zaŋe de amo, ye o ta o bere-ne o we, ‘Pa se ko kweeli! Daa‑n yé ŋɔɔne taane dem konto de amo! 27Za n diini Pigisa peo kom yuu ne. Dáane mo n wó wane n nii n kaare tega kam jei maama. Nii n yiga ne, de n kwaga ne, ko woli de n jazem de n jagwia maama. Fɔge n nii n na, kokuri n bá‑n tɔge n bɛ Jɔdan buga kam. 28Véi n ta de Josua se o bochare ke dam. Ke baare n ke o kuri ne, se wonto mo lage o da amo nɔɔna bam yiga se ba bɛ ba zo tega kam nmo na wó na to. O ta wó pa ba jwoŋi-ka ba taa tei.’
29 Baŋa Wɛ na tage konto o ti to, dé déem ma maŋe bwolo kom konto seeni, ko na twɛ dedaane Bɛte-Peora to.”",https://www.bible.com/bible/3661/DEU.3.KBG
NIA GULIM 4,"Wɛ nia yam taane
1“Isarele dwi tiina bam, ta‑á cheigi-na Wɛ nia yalo amo na lage a bere abam zem tento to, dedaane o chullu tem maama. Á ná sɛ á tɔge-ya, ko wó pa se á wori ye á daare á zo á jwoŋi tega kalo á nabaara Baŋa Wɛ wom na lage o pa abam se á ta‑á tei to. 2Ta‑á yei-na se á yé woli kolokolo nia yalo a na lage a pa abam to wone, nam yé le-na kolokolo ya wone á yage. Za á ke-na á tɔge Baŋa Wɛ nia yalo maama a na wó pa abam tento to.
3Abam tete déem nɛ Baŋa Wɛ na ke tei Baal-Peora jei sem ne to. Á nɛ we o go abam wone balo maama na sɛ ba zuli Baal-Peora jwoni dem to mo. 4Ko daare ye abam balo maama na sale Baŋa Wɛ to daa ta ŋwe de zem maama.
5Nii-na! Amo kwei a Tu Baŋa Wɛ chullu tem de o nia yam a bere abam nenɛɛne o na pɛ-ne ni se a ke tei to. Abam jege se á sɛ á ta‑á tɔge-ya mo, nenɛɛne á ná zoore tega kalo á na wó jwoŋi á ta‑á tei to wone. 6Seene-na á yia á ta‑á sɛ-ya, se dwi-gɛ tiina wó lɔre we á jege swa de yi-poro lanyerane. Banto wó ba ba ni Wɛ chullu tem ye ba ta ba we, ‘Te-zɔŋɔ konto tiina seene ba jege yi-poro de swa dedɛ.’ 7Dwi-gɛ tiina wa yam ba bwola de-ba, ba teo kom ná maŋe ko ye te-fɔrɔ tei. Debam Tu Baŋa Wɛ nam tiini o bwola de debam ye o yeini o cheigi dé wɛ-lworo kom maŋa kalo maama dé na wó bwoŋi‑o to. 8Dwi-gɛ tiina tera ba na jege chullu dedaane bera yalo na tɔge chega nenɛɛne Wɛ nia yanto dwoŋi amo na wora a pae abam zem to.
9Nam ta‑á cho-na á tete. Ta‑á yei-na se á yé zaŋe á swei wo-kamunnu telo Wɛ na ke ye á yi na-te to. Abam ta ná wo á ŋwea wone, lwoni-na-te á bere á bia dedaane á naaro tem maama. 10Guli-na dɛ dem abam déem na wo Sinayi peo kom teiŋa ne ye á zege Baŋa Wɛ yiga ne to. Dento dɛ dem ne mo Baŋa Wɛ tage amo o we, ‘Moses, pa se nɔɔna bam la ba jeeri-ne se ba wane ba cheigi a kwora. Konto wó pa se ba taa kɔre amo maŋa kalo maama ba na jege ŋwea tega baŋa ne to, se ba daare ba bere ba bia se ba de taa zuli-ne.’
11Abam déem tu á zege peo kom teiŋa ne. Min-vogo ma zaŋe peo kom baŋa ne ko di wɛyuu. Kunkwon-lilirru ma kwoli jei sem maama pa ko ke lim. 12Baŋa Wɛ déem ma zege mini dem tetare ne o ŋɔɔne de abam. Abam ma ni o botare-bia bam ye á wo nɛ o nyenyego de fenfee de. O kwora kam yerane mo á niga. 13O déem pɛ se á lɔre ni-gwonim delo o na lage o ke de abam to. O ma pa abam ni se á sɛ á tɔge o Nia Fuga kam, ye o daare o popone-ya o tiŋi kandwa-pelɛ selei baŋa ne. 14Ka maŋa ne, mo Baŋa Wɛ déem pɛ-ne ni se a bere abam o chullu tem de o nia yam se á sɛ á ta‑á tɔge-ya, nenɛɛne á ná tu á bɛ Jɔdan buga kam ye á zoore tega kalo á na wó jwoŋi á ta‑á tei to wone.
Ko chula se ba taa kaane jwona
15Dɛ dem Baŋa Wɛ na zege mini dem wone o ŋɔɔne de abam Sinayi peo kom yuu ne to, á déem wo nɛ o nyenyego. Konto ŋwaane, ta‑á yei-na 16se á yé biini á tete se á mɔ nyenyego se ko ji jwoni ko pa abam. Ko ná maŋe ko ye baaro nyenyego, naa kaane nyenyego, 17naa tega baŋa varem, naa zuŋa kalo dwi maama na kare wɛɛne ka jaane to, 18naa tega-veilu, naa ywoni de, se á yé mɔ-na te nyenyego. 19Ko ta woli da, abam na kwoni á yuni á na wea kam, naa chana kam, naa chalechwe sem, naa wonnu telo maama na wo wɛyuu ne to, nam yé ke-na fera se á tiiri á zuli-te. Baŋa Wɛ yage-te wɛyuu ne logo baŋa dwi maama ŋwaane mo. 20Ko daare ko ná ye abam, á ye balo Baŋa Wɛ na le o ja nwoŋi min-vogo yaara dwoŋi ne to mo. O déem vere abam Ejipti tiina jeŋa ne se á ta‑á ye wonto tete nyɔn-mage nɔɔna mo. Á chega nam seene á ye konto mo de zem maama.
21Abam ŋwaane mo Baŋa Wɛ bane déem zaŋe de amo. O ma ta o du o we, amo bá da a bɛ Jɔdan buga kam se a zo te-ŋoŋa kalo o na lage o pa abam se á ta‑á tei to wone. 22Konto ŋwaane, amo jege se a maŋe ywo-seeni mo a te. A bá da a bɛ Jɔdan buga kam. Abam nam wó bɛ á zo á jwoŋi te-ŋoŋa kam konto á ta‑á tei. 23Nam tiini á ta‑á yei se á yé swei ni-gwonim delo á Tu Baŋa Wɛ wom na ke de abam to. Yé ke-na jwoni dwi delo maama nyenyego á zege se á zuli-ko, Baŋa Wɛ na chuli-ko to ŋwaane. 24Kolo ŋwaane, abam Tu Baŋa Wɛ yi page abam baŋa ne mo. O maa nye de min-fɔrɔ kolo na di wo-yɔɔro maama to mo.
25Abam ná tu á zo tega kam ye á jeini da á dáane, pa se á lo bia dedaane naaro dedɛ, se á yé biini á tete de á na ke jwoni nyenyego á zege se á ta‑á zuli tei to. Konto wó taa ye lwarem mo Baŋa Wɛ yiga ne ye ko pa se o bane zaŋe de abam. 26Zem dɛ dento ne a kwei wɛyuu kom de tega kam baŋa maama mo, se te taa ye maana abam de Baŋa Wɛ tetare ne. Abam ná ve Wɛ ni dento, se á dwi yɔɔre de jei tega kalo á na lage á bɛ Jɔdan buga kam á zo to baŋa ne. Abam ná zaŋe á zuli jwona, se á yé dáane te-ŋoŋa kam baŋa ne. Á wó na chɔgem mo. 27Baŋa Wɛ wó ja abam o jage o yage teene dem maama tetare ne. O ná zeili abam o yage teene delo wone, á lage á te mo se á nɔɔna bam fenfee yerane daare de wone. 28Abam ná zoore jei sem konto maama ne, á wó ta‑á zuli nabiina na kwei dɛ dedaane kandwa ba ma ba ke jwona yalo to mo. Yanto ware se ya nii ya na wonnu naa se ya ni kwori. Ya nam ware wodiu se ya di, ya maa ba ni lwom. 29Abam na wó ta‑á zoore teene delo maama ne to, nenɛɛne á ná boŋe se á jwoori á beeri á Tu Baŋa Wɛ jei, abam wó na‑o. Ko nam wó tɔge dedaane á ná seene á yia á beeri‑o dedaane á boboŋa maama de á wo maama mo. 30Abam ná tu á zo cham wone, pa se wonnu tento maama yi abam, ko kwaga ne á laam wó pipiri á jwoori á Tu Baŋa Wɛ wom tei, se á sɛ o ni. 31Kolo ŋwaane, Baŋa Wɛ tiini o jege abam yibwona. O bá fɔge o de abam o yage. O nam bá chɔge abam. O bá swei ni delo o déem na gwoni dedaane abam nabaara bam ye o du duuri de baŋa ne to.
Isarele dwi tiina bam ye ba yera
32Boŋe-na á nii ko na ye tei faŋa faŋa to, se á lɔre kolo na wora to. Ko na zege dɛ dem Wɛ na bobo o naane nabiina se ko ba ko yi zem to, beeri-na tega baŋa ni maama ne, se á nii wo-kamunu konto dwoŋi fɔge ko ke jei selo ne na? Bwei-na á nii nɔɔno nigi keim dem konto dwi ŋwa jei ne na? 33Dwi dedwoŋi tiina wora ye ba ni ba wɛ dem kwora na zege mini wone ka ŋɔɔne de-ba ye ba ta ŋwe na? Abam yerane mo nɛ keim dem konto dwoŋi. 34Dwi dedwoŋi tiina wɛ ke kokeiri de vere de nɔɔna bam teo kodwoŋi jeŋa ne pa se ba ji wɛ dem konto tete tiina na? Se abam tete yi mo nɛ abam Tu Baŋa Wɛ wom na toŋe de o dam-fɔrɔ o ke wo-kamunnu dedaane wo-kenkagela se o ma faŋe Ejipti tiina bam o nii ye o daare o tɔge jara baŋa ne o vere abam ba jeŋa ne tei to.
35 Baŋa Wɛ déem pɛ se á na o keina yanto maama se á wane á lɔre we wonto yerane mo ye Wɛ chekke, ye wɛ dedwoŋi tera se de dwoni ded‑o. 36O ma pa se o kwora mo zege wɛɛne ka ba á tei se o ma o kaane abam se á ta‑á sɛ o ni. O ta ma pa se á zege tega baŋa ne á na o min-fɔrɔ kom o na tɔge ko wone o ŋɔɔne de abam to. 37O na jege á nabaara bam swono to ŋwaane mo o kuri abam na ye ba naaro to, se á ta‑á ye o nɔɔna. Baŋa Wɛ tete déem mɛ o dam-fɔrɔ mo o le abam Ejipti wone. 38O laam ma da á yiga o zeili dwi-gɛ tiina balo na daga ba dwoi abam, ye ba ta dana ba dwoi abam to, se o pa á kwei ba tega kam á ta‑á tei, nenɛɛne ko na ye tei zem tento to.
39Laam nam kwei chega kam konto á ke á bochare ne zem, se á sɛ we Baŋa Wɛ mo ye wolo na tei wɛyuu dedaane tega baŋa maama. Wɛ dedwoŋi daa tera. 40Ta‑á toŋe-na á tɔge Baŋa Wɛ nia yalo a na pɛ abam zem tento to. Abam ná sɛ o bera yam konto, á ŋwea wó ke lanyerane ka pa abam de á kwaga kam. Á laam maa wó ta‑á zoore tega kalo Baŋa Wɛ na kuri se á ta‑á tei taa wuu to wone á dáane.”
Ka-duri-ka-zo-ka-seigi teene dem
Jeelim 35:9-15
41Moses déem na tage konto maama o ti to, o ma le teene detɔ na wo Jɔdan buga kam wɛ-puli seeni to o zege dáane. 42Teene dem konto wora se nɔɔno ná wo paale o dwoŋi, ye o ná go‑o, se kotu duri o zo de wone mo se o jwoŋi o tete ŋwea. 43Ruben dwi dem wone o déem le Bezere mo. Teo kom konto maa wo zwonnu yuu ne ye ka ta ye kagoa laŋa. O ta ma le Ramofa o pa Gad dwi dem. Teo kom konto maa wo Gilead laŋa kam ne. O ma daare o le Golan o pa Manasɛ dwi dem. Teo kom konto maa wo Basan laŋa kam wone.
Wɛ nia yam pulim taane
44Wɛ nia yanto mo Moses déem tole o bere Isarele tiina bam. 45-46Yanto mo ye bera de chullu dedaane chwei selo Isarele tiina na jege se ba taa tɔge to. Maŋa kalo ba na nwoŋi Ejipti wone ye ba vo ba yi bwolo kolo na bwola dedaane Bɛte-Peora to mo Moses kwei Wɛ nia yam konto o bere-ba. Jɔdan buga kam wɛ-puli seeni mo konto, jei selo Amori tiina Pɛ Sihon na di o paare Hesebon ne to. Moses dedaane Isarele tiina bam déem na zege Ejipti ne ba maa kɛ to mo ba wane Pɛ Sihon ba di. 47Ba déem ta ma vere o tega kam dedaane Basan teo Pɛ Oga tega kam maama. Pwa banto balei maa ye Amori tiina pwa balo na di ba paare Jɔdan buga kam wɛ-puli seeni to. 48Ba laŋa kam konto déem zege Arowa teo kom seeni mo, ko na wo Aranon nabara kam ni ne to, ka yi Sirion peo kom seeni. (Peo kom yere dedwoŋi mo ye Heremon.) 49Tega kam maa tɔge Jɔdan buga kam wɛ-puli seeni dem maama mo ka yi Araba naneo kom. Pisiga peo kom teiŋa maa wo ka wɛ-puli seeni.",https://www.bible.com/bible/3661/DEU.4.KBG
NIA GULIM 5,"Wɛ nia fuga kam
Nwoŋim 20:1-17
1Moses déem ma bwoŋi Isarele tiina bam se ba jeeri daane, ye o ta-ba o we:
“Isarele tiina bam, cheigi-na se Wɛ bera yam dedaane Wɛ nia yam mo tento a wora a tɛ de abam zem. Seene-na á yia se á ta‑á zamese-ya, se á daare á ta‑á ke á tɔge ya na bere tei to. 2Debam Tu Baŋa Wɛ mo déem gwoni ni dedaane debam Sinayi peo kom yuu ne. 3Ko dae dedaane de kwoa bam yerane mo o ke ni-gwonim dem de-ba. O déem ke-de dedaane debam balo ta na ŋwe zem tento to mo. 4Baŋa Wɛ tete déem ma zege mini dem wone o ŋɔɔne de abam jaja peo kom yuu ne. 5Maŋa kam konto ne, abam déem kɔre foone mo se á di peo kom yuu, mini dem na wora to ŋwaane. Amo maa zege abam de Baŋa Wɛ tetare laŋa ne, se a lwoni Wɛ taane dem a bere abam. Baŋa Wɛ déem tage o we:
6Amo mo ye abam Tu Baŋa Wɛ wom. Amo maa ye wolo na jaane abam a ja nwoŋi Ejipti teo kom ne ye a vere abam á kabɛɛne dem ne a yage to.
7Daa á yé zuli-na jwona á woli amo wone.
8Yé zaŋe-na á mɔ kamɔgɔ se ko taa ye jwoni ko pa abam. Á yé mɔ woŋo se ko lwoni wɛyuu wonnu, naa tega baŋa wonnu, naa tega kuri na wo wonnu. 9Abam ba jege se á tiiri te yiga ne naa á zuli-te. Kokuri to, amo mo ye abam Tu Baŋa Wɛ wom. Amo yi page abam baŋa ne mo. Ko ná ye balo na ve amo to, a yeini a waare-ba de ba bia maama se ko vo ko yi ba dwi dem kuni betɔ naa bena laŋa ne. 10Ko nam ná ye balo na swoi-ne ye ba sɛ a nia yam to, a maa yeini a jege ba swono taa, se ko yi ba dwi dem kuni moro laŋa ne.
11Á yé zaŋe á bwoŋi á Tu Baŋa Wɛ yere kafɛ ŋwaane, se Baŋa Wɛ wó waare wolo maama na ke konto to.
12Ta‑á yei-na se á pɔɔre Wɛ siu dɛ dem da yam maama wone á pa Wɛ. Baŋa Wɛ maŋe o pa abam o ni dem konto. 13Da yarepɛ maama wone, abam jege da yaredo mo se á ma‑á toŋe totoŋa dwi maama. 14Ko nam ná ye da yarepɛ dɛ dem, abam Tu Baŋa Wɛ pɔɔre-de mo o pa o tete, se de ta ye siu dɛ. Dento dɛ dem ne, nɔɔn-nɔɔno ba jege se o toŋe totoŋe. Ko maa ye abam, de á bia, de á bukwa, de á kabɛ, de á ka-nyaana maama mo bá taa toŋa. Ko woli da, abam nabɛ, de á bonɛ, dedaane á vara bam maama, de veira balo na zoore á teo wone to de bá taa toŋe totoŋa dɛ dem konto ne. Abam kabɛ sem de jege se ba tɔge ba sii mo dento dɛ dem ne, nenɛɛne abam na wó sii tei to. 15Guli-na we abam de déem ye kabɛ mo Ejipti ne. Abam Tu Baŋa Wɛ ma tɔge o dam baŋa ne o toŋe wo-kamunnu o ma vere abam á kabɛɛne dem ne o ja o nwoŋi. Konto ŋwaane mo o we á jege se á pɔɔre siu dɛ dem se de taa ye de yera.
16Ta‑á nege-na á kwoa de á niina. Abam Tu Baŋa Wɛ pɛ abam ni dem konto mo se ko pa á ta‑á jege momwɛ-dɛɛre. Á ŋwea maa wó ke lanyerane maŋa kalo á na wó ta‑á zoore tega kalo o na lage o pa abam to wone.
17Yé zaŋe-na á go nɔɔno.
18Yé ke-na kabwoŋa de nɔɔno wodwoŋi kaane.
19Yé ŋɔ-na kolokolo.
20Yé zaŋe-na á bore vwa bora á ma á vane á dwonna.
21Yé pa-na se á fera zo á dwonna kaana. Nam yé kwei-na á boboŋa á daŋe ba sam baŋa ne, naa ba tega baŋa ne, naa ba kabɛ, naa ba ka-nyaana baŋa ne. Ta yé pa-na se á yi su á dwonna nabɛ, naa ba bonɛ, naa woŋo kolo maama na ye ba nyem to.
22Isarele kɔgɔ kom maama déem na jeeri peo kom teiŋa ne to, mo Baŋa Wɛ ŋɔɔne de kwor-dɛa o pa debam o nia fuga kam konto. O ma zege mini dem de kunkwon-lilirru tem wone mo o ŋɔɔne o nia yam, ye kolokolo déem wo woli ya wone. O laam ma popone-ya o daŋe kandwa-pelɛ selei baŋa ne o kwei o pa-ne.
23Abam déem na nigi we kwora mo nwoŋi lim wone ka yi abam, ye peo kom de tɔre mini konto to, mo balo na ye yuu tiina de nakwa abam dwi maama wone to tu amo tei, 24ye ba we, ‘Debam Tu Baŋa Wɛ wom seene o bere debam o nenɔŋ-fɔrɔ kom dedaane o kamunni dem na tiini de daga tei to. Zem dɛ dento, dé nigi o kwora kam na nwoŋi mini wone ka yi debam tei to, ye dé lɔre we nabiinu wó wane o ni Baŋa Wɛ na ŋɔɔne ded‑o ye kotu wó ta wo o ŋwea wone. 25Debam nam ba lage se dé te! Debam Tu Baŋa Wɛ daa ta ná ŋɔɔne dedaane debam ye dé ni o kwora kam, min-fɔrɔ kom wó wane ko go debam. 26Wɔ mo wora nabiina maama wone o na wó wane o ni Ŋwea Tu Baŋa Wɛ kwora na nwoŋi mini wone ka ŋɔɔne ded‑o nenɛɛne dé zem na nigi-ka to, ye kotu ta ŋwe? 27Konto to, nmo nam tutwoni n twɛ debam Tu Baŋa Wɛ, se n cheigi kolo maama o na jege se o ta o bere debam to, se n laam ba n lwoni n bere debam, se dé wó sɛ o ni dem.’
28 Baŋa Wɛ déem ma ni abam na tage kolo to, ye o ta de amo o we, ‘Amo nigi nɔɔna bam na tage kolo maama ba bere‑m to. Ba na tage kolo to nam lamma! 29Amo ya lage se ba boboŋa ja se ba taa kɔre amo ye ba sɛ a nia yam maŋa maama. Konto ya wó pa se banto ŋwea ke lanyerane ka pa-ba de ba kwaga kam se ko taa vei wuu. 30Véi n ta-ba se ba jwoori ba vwoa yam ne. 31Se ko ná ye nmo, nmo wó maŋe ywo-seeni mo se a bere‑m a ni dem maama. Ko ná ye a chullu tem de a bera yam maama, nmo wó lwoni n bere nɔɔna bam se ba taa tɔge-ya mo tega kalo a na lage a pa-ba se ba taa tei to wone.’
32Konto to, Isarele tiina bam, ta‑á yei-na se á ke á tɔge Baŋa Wɛ na pɛ abam ni se á ke to. Yé ywori-na o chwoŋa kam wone á vo jazem naa jagwia seeni. 33Ta‑á tɔge-na abam Tu Baŋa Wɛ wom na bere abam chwoŋa kalo se á da to. Konto wó pa se, á ná zo tega kalo o na lage o pa abam se á ta‑á tei to, á wó zo ka wone á dáane ye á ŋwea ke lanyerane.”",https://www.bible.com/bible/3661/DEU.5.KBG
NIA GULIM 6,"Baŋa Wɛ ni delo na dwoi maama to
1“Baŋa Wɛ ni dem mo tento. O déem pɛ amo ni se a pa abam mo lɔre o chullu tem de o bera yam maama na ye tei to se á ta‑á tɔge-ya nenɛɛne á ná tu á bɛ Jɔdan buga kam, ye á zo se á jwoŋi á tega kam á ta‑á tei. 2Abam de á bia dedaane á kwaga kam maama jege se á ta‑á kɔre á Tu Baŋa Wɛ wom mo taa wuu, ye á ke á tɔge o nia yanto, de o chullu tem a na wora a pae abam tento to, se á wane á dáane tega kam ne de momwɛ-dɛɛre. 3Cheigi-na Isarele tiina bam, se á ta‑á yei se á sɛ Wɛ nia yam maama. Konto wó pa se á ŋwea ke lanyerane ka pa abam, se á ta puli de kɔgɔ á ji te-fɔrɔ. Á tega kam wó taa lana de varem de kɔnɔ, nenɛɛne á nabaara Baŋa Wɛ wom déem na gwoni ni se o ke o pa abam tei to.
4Cheigi-na Isarele tiina bam, debam Tu Baŋa Wɛ wom ye o yerane dedoa mo. 5Ta‑á swoi-na á Tu Baŋa Wɛ dedaane á bochare maama, de á boboŋa maama, ko woli de á dam maama.
6Ko jege se Wɛ nia yanto a na wora a bere abam zem to taa tigi á bochare ne mo. 7Pa-na se á bia de lɔre-ya. Ta‑á tɛ-na ya taane maŋa maama, nenɛɛne á ná jei sɔŋɔ ne ye á lara, naa á ná tɔge daane á vei chwoŋa yuu ne, ko ta woli de á ná peini tete ne, naa á ná zaŋe zezeŋa maama ne. 8Lwoni-na-ya á tiŋi tɔnɔ ne se á daare á vɔ-ya á je ne, dedaane á tira ne, se á ta‑á guli ya gula. 9Popone-na-ya á tiŋi á di sem ni-bworru tem ne, se á daare á ta popone-ya á yage á manchwo-nia dɛ sem ne.
10 Baŋa Wɛ déem nam ya maŋe o gwoni ni mo de á nabaara Abaraham, de Izaak, dedaane Jakob, se o kwei tega kam konto o pa abam. Leile konto o lage o pa á zo ka wone. Te-kamuna maa wora, ye abam wo lɔge-de. 11Sɔ-fwaaro de maa wora ye te jege zela dedɛ abam na wo tiŋi-ya da. Abam ta maa wó nyɔ vola yalo á na wo koge to na bam, ye á daare á di teeni delo á na wo jeiri to bia bam, Vini tio-bia de Olivi tio-bia de woli da. Abam nam ná tu á nae á di á sui, 12se á yé swei-na Baŋa Wɛ ni ne, kokuri wonto mo jaane abam o ja o nwoŋi Ejipti ne, á déem na ye kabɛ mɛ to.
13Ta‑á kɔre-na abam Tu Baŋa Wɛ wom, ye á toŋe á ke o boboŋa. Á ná gwoni ni de nɔɔno, se á ma Baŋa Wɛ yere dem yerane á du duuri. 14Nam yé zaŋe-na á zuli wa yadwonna á woli da, nenɛɛne dwi-gɛ tiina na gilimi abam ye ba zuli wa yalo to. 15Lɔre-na se abam Tu Baŋa Wɛ wom wo á tetare ne, ye o yi page abam baŋa ne. Á ná tɔge wa yadwonna, o bane wó zaŋe de abam, ye o daare o chɔge abam tega kam baŋa ne.
16Ta‑á yei-na se á yé faŋe abam Tu Baŋa Wɛ á nii, nenɛɛne á déem na ke tei Massa ne to. 17Nam ta‑á cho-na á tete se á sɛ Baŋa Wɛ nia yam, de o chullu tem, ko woli dedaane o bera yam maama. 18Ta‑á ke-na kolo maama na lana ye ko su Wɛ yi to. Konto mo, á ŋwea wó ke lanyerane ka pa abam, ye á daare á zo á jwoŋi te-ŋoŋa kanto kam á ta‑á tei, nenɛɛne Baŋa Wɛ na pwooli de á nabaara bam se o ke tei to. 19Abam laam wó wane á dona maama á di, ye á daare á zeili-ba, nenɛɛne Baŋa Wɛ na tage tei to.
20Jwa seeni maŋa de maŋa, abam bia wó ba ba bwei abam we, ‘Bɛŋwaane mo debam Tu Baŋa Wɛ déem pɛ abam o nia yanto, de o bera yam, dedaane o chullu tem maama, se dé taa tɔga?’ 21Abam laam maa wó ta á bere-ba we:
‘Debam déem ye Ejipti Pa-faro wom kabɛ mo. Baŋa Wɛ déem ma tɔge o dam-fɔrɔ kom baŋa ne o jwoŋi debam o yage. 22Debam yi déem mo nɛ o na ke wo-kenkagela dedaane totoŋ-kamuna yalo na jege foone to, ye o yage-ya Ejipti tiina bam de ba Pa-faro wom baŋa ne dedaane o nakwa maama yuu ne to. 23O déem ma ja debam o nwoŋi teo kom konto ne, ye o daare o ja debam o ba ywo-seeni, se dé wane dé zo tega kanto nenɛɛne o déem na pwooli dedaane dé nabaara bam se o ke tei to. 24Debam Tu Baŋa Wɛ laam ma pa debam ni se dé taa sɛ o nia yanto maama ye dé kɔre‑o. Dé ná seene dé ke konto, wonto de wó taa nii debam baŋa ne, ye o daare o pa se dé woŋo maama da chwoŋa ko pa debam, nenɛɛne ko na ye tei zem to. 25Dé ná seene dé yia dé tɔge o bera yam konto maama, nenɛɛne o na pɛ debam ni tei to, ko wó pa dé na chega o yiga ne.’ ”",https://www.bible.com/bible/3661/DEU.6.KBG
NIA GULIM 7,"Baŋa Wɛ na tei o nɔɔna bam tei to
1“Abam Tu Baŋa Wɛ wom wó pa á ta‑á tei tega kalo á na lage á zo leile to. O maa wó pa á na dam se á di dwi-gɛ tiina dedɛ ye á zeili-ba tega kam ne: Hiti tiina bam, de Giragasi tiina bam, de Amori tiina bam, de Kanaan tiina bam, de Pɛrizi tiina bam, de Hivi tiina ko woli de Jebusi tiina bam. Dwia konto maama yarepɛ daga dedɛ ye ya ta damma ya dwoi abam. 2Baŋa Wɛ nam wó ke-ba á jeŋa ne se á wane-ba á di. O ná seene o ke konto, se á yɔɔre á chɔge-ba. Abam nam yé ke-na ni-sɛɛm de-ba, naa á duri ba ŋwaŋa de fee de. 3Daa ta lɔre-na se á yé kwei ba bukwa á ma á ji á kaana, naa á kwei-ba á pa á bia. Nam yé zaŋe-na á kwei á tete bukwa á pa-ba se ba di ba ma ba ke ba kaana. 4Abam ná sɛ pa se konto ke, ba wó soge á bia mo pa se ba tusi ba taa zuli wa-yɔɔro ye ba daare ba lɔ Baŋa Wɛ kwaga ne. Konto nam wó pa se Baŋa Wɛ bane mo zaŋe abam baŋa ne se o chɔge abam lela.
5Konto ŋwaane, abam ná wane dwi-gɛ tiina bam konto, se á mage ba kaanem bimbina yam á de tega ne. Á ta jege se á lɔ kandwa yalo ba na chwi ba jwona ŋwaane to. Gwoni-na ba Asera nyenyego dɛ sem á de tega ne, se á daare á ke mini á zwɛ ba jwona yam maama. 6Kokuri to, abam ye nɔɔna balo na ye á Tu Baŋa Wɛ wom nyem mo. O déem kuri abam mo logo baŋa dwi maama wone se á ta‑á ye wonto tete lonne jejegero.
7Nam lɔre-na we Baŋa Wɛ na kuri abam konto to, ko dae we á kɔgɔ mo daga ko dwoi dwi-gɛ tiina maama. Chega ŋwaane to, abam déem mo tiini á muri nɔɔna maama wone. 8Ko nam ye o na jege abam swono to ŋwaane mo Baŋa Wɛ kuri abam se á ta‑á ye o nyem. Ko ta maa ye o na pwooli dedaane á nabaara bam se o ke tei to ŋwaane mo. Mo kokuri o déem toŋe de dam o jwoŋi abam Ejipti Pa-faro wom jeŋa ne o yage pa se á nwoŋi teo kolo á ya na ye kabɛ da to wone. 9Ta‑á yei-na we abam Tu Baŋa Wɛ wom yerane mo ye Wɛ chekke. Á wae á sale‑o, ye o bá kwane o ni de ni-gwonim delo o na ke o swono kom ŋwaane to. O ta wó taa swoi balo na swoi‑o ye ba tɔge o nia yam to, ye o bá yage-ba, se ko yi ba dwi dem kuni moro laŋa ne. 10Ko nam ná ye balo na ve‑o to, o wó yɔɔre o waare-ba. O bá dáane ye o chɔge-ba lela. 11Mo kokuri, ta‑á yei-na se á ta‑á toŋe á tɔge Wɛ nia yam, de o bera yam, de o chullu tem, ne amo na pɛ abam zem to.
Wɛ swolim na wó ba ba baŋa tei to
12Abam ná cheigi Wɛ nia yanto ye á daare á toŋe á tɔge-ya de chega, Baŋa Wɛ swono kolo na ba ti to de wó taa wora de abam, ne o na gwoni ni tei de á nabaara bam to. 13O wó taa swoi abam, ye o swɛ abam swolim pa se á kɔgɔ kom puli dedɛ. Á ná zo tega kalo Baŋa Wɛ na pwooli de á nabaara bam se o pa abam to, o zaane wó taa wo á bia baŋa ne, de á wodiiru baŋa ne, ne ko ná ye mena, de sana, de nuga maama. O zaane ta wó taa wo á vara baŋa ne, á naane, de á pei, dedaane de bia maama 14Abam wó na Wɛ swolim á dwoni tega baŋa dwia yam konto maama. Wolo na ba lore to, naa varem wolo na ba lore to daa bá taa wo abam wone. 15Baŋa Wɛ tete mo wó che abam de jaweero dwi maama. O bá pa chwoŋa se jawe-chɛɛro telo dwi na to Ejipti tiina bam yera ne to ba abam baŋa. O nam wó kwei-te o ke á dona yera ne mo. 16Nam chɔge-na dwi-gɛ tiina balo maama Baŋa Wɛ na wó kwei o ke á jeŋa ne se á chɔge to. Yé duri-na ba yibwona, nam yé zuli-na nɔɔna bam konto jwona. Abam ná ke konto, ba wó soge abam se á tusi amo yiga ne.
17Abam wae á boŋe á tete ne we, ‘Debam bá wane teene dento nɔɔna dé zeili, ba na tiini ba dana ba dwoi debam to ŋwaane.’ 18Nam yé ta‑á fona de-ba. Guli-na abam Tu Baŋa Wɛ na toŋe tei o chɔge Ejipti Pɛ wom de o nɔn-bia bam to. 19Abam tete yi mo nɛ Baŋa Wɛ na tɔge o dam baŋa ne o toŋe wo-kamunnu dedaane wo-kenkagela pa se jawe-chɛɛro ja Ejipti tiina bam ye o daare o vere abam ba jeŋa ne tei to. Guli-na á Tu Baŋa Wɛ wom déem na ke tei, se o ta wó ma dam dem konto mo o chɔge nɔɔna banto abam laam na kɔre tento to. 20O maa wó pa se vuvuga to á dona tetare ne, se balo na duri ba lu ba seigi to tete de na chɔgem. 21Mo kokuri, á ba jege se á ta‑á kɔre nɔɔna bam konto. Baŋa Wɛ wora de abam. Wonto nam mo jege dam-fɔrɔ ye o maŋe se nɔɔna taa kɔre‑o. 22Abam Tu Baŋa Wɛ wom tete mo lage o taa zeili dwi-gɛ tiina bam konto o yage fee fee se abam zo ba tega kam wone. Abam bá yɔɔre á zeili-ba bedwe baŋa ne. Ko ná ke konto, kago-vara mo wó puli da ba daane abam. 23Baŋa Wɛ nam wó kwei á dona bam o ke á jeŋa ne. O wó de vuvuga ba tetare ne, se ba na chɔgem ba ti. 24O maa wó kwei ba pwa o ke á jeŋa ne, se á go-ba pa se ba dwi saare logo baŋa ne. Nɔɔn-nɔɔno bá wane abam o che de á na lage á ke kolo to. Abam maa wó chɔge ba maama. 25Zwɛ-na ba jwona yam. Yé pa-na se á fera zo sabu-seŋa, naa lu-nyenno telo na wo jwona yam yera ne to. Nam yé lɔɔne-na-te. Abam ná ke konto, te wó ja abam ne kalanchogo tei. Jwona kaanem ye totoŋ-vɛɛsa mo á Tu Baŋa Wɛ yiga ne. 26Yé ja-na wo-zɔɔna yam konto dwi á zo á sam wone, se konto ná kea abam de wó na chɔgem mo ne wonnu tem konto na maŋe de chɔgem tei to. Yɔɔre á ta‑á chuli-te-na, se te maŋe de chɔgem mo.”",https://www.bible.com/bible/3661/DEU.7.KBG
NIA GULIM 8,"Ba yé swei Baŋa Wɛ swia
1“Nam toŋe-na á tɔge Wɛ ni delo maama a na pɛ abam zem tento to de chega, se ko pa á ta‑á ŋwe ye á kɔgɔ kom puli dedɛ. Abam maa wó zo tega kalo Baŋa Wɛ na gwoni ni de á nabaara bam se o pa abam to wo á ta‑á tei. 2Guli-na we abam Tu Baŋa Wɛ wom déem tɔge abam yiga kagoa chwo-dɔrɔ kom ne bena finna mo. O ma pa se cham dedɛ yi abam se o ma pa á yage kamunni, se o daare o lɔre kolo na wo á bochare ne to mo, se o nii á wó sɛ o ni naa á bá sɛ. 3O na pɛ se á tu á tete tei to, o pɛ se kana mo ni abam, ye o laam pa abam Manna se á di. Konto nam ye wodiu kolo abam de á nabaara ya na yeiri to mo. O nam ke konto se ko pa se abam lɔre we ko dae wodiu yerane mo pae se nabiina ŋwe, se ko ye Baŋa Wɛ ni taane dem maama mo pae nɔɔna ŋwea. 4Bena finna yam konto maama wone abam gwaaro tem wo zareme, ye á napera de wo foose chwoŋa kam cham ŋwaane. 5Nam maane-na á bochare ne we á Tu Baŋa Wɛ wom de yɔɔre o korese abam mo, ne kwo na korese o bu tei to.
6Konto to, yɔɔre á sɛ á Tu Baŋa Wɛ nia yam. Ta‑á tɔge-na o chwei sem, se á daare á ta‑á kɔre‑o. 7Kokuri to, abam Baŋa Wɛ wom jege abam o zoore te-ŋoŋa wone mo. Bu-tole, de chwaro mo wo ka wone, ye buli-yia tae ya nwoŋi ka bwollu de ka peero jei sem ne. 8Tega kam konto ke mena dwi dwi, de Vini teeni, de kaporro, ko ta woli de Pomegara teeni, de Olivi teeni, dedaane tooro. 9Jei sem konto ne wodiiru gaale, ye kolokolo zore bá ja abam. Tega kam peero jege luuru te wone, ye channa-seŋa de wo ka zwonnu tem wone.
10Abam nam ná di ka wodiiru á su, se á tei á Tu Baŋa Wɛ wom de te-ŋoŋa kalo o na pɛ abam to. 11Ta‑á yere-na á tete se á yé swei abam Tu Baŋa Wɛ wom. Yé swei-na o ni ne, se á ve o nia yam, de o bera yam, de o chullu tem a na pɛ abam zem to. 12Ko ná dae konto, abam ná di tega kam wodiiru á su, ye á ta lɔ sɔ-laaro á zoore te wone, 13ye á vara de ná puli dedɛ, ye á lu-nyenno de á sabu-seŋa daga pa se á jejegero tem puli te pa abam, 14á wó bere á tete, ye á swei á Tu Baŋa Wɛ wom ni ne. Wonto nam mo ye wolo na jaane abam o ja nwoŋi Ejipti teo kom ne pa se o vere abam á kabɛɛne dem ne o yage to. 15O ma ja abam o tɔge kagoa kam wone, ka na yala ye ka tiini ka jege foone ka pa abam to. Basankwe selo ni na chamma to wora, ye nwanno de gaale. Jeiga kam konto na koge ye na tera jei jei to, o pɛ se na ta ba nwoŋi pe-liliru wone. 16Kagoa kam wone mo Baŋa Wɛ yɔɔre o kwei Manna o kɔne abam. Ko nam ye wodiu kolo á nabaara na yeiri to mo. O ma pa se cham dedɛ yi abam se o ma pa á tu á tete, se o daare o faŋe abam o nii, se ko kwaga seeni á ŋwea ke lanyerane ka pa abam. 17Konto ŋwaane, abam wolowolo yé fɔge o boŋe o tete ne we, ‘Amo dam de a jeŋa totoŋa mo pɛ-ne a jejegero tem.’ 18Nam guli-na we, ko ye á Tu Baŋa Wɛ wom mo pae abam dam se á ma á ji naduna. O nam ke konto se ni-gwonim delo o na ke de á nabaara bam to mo su lanyerane, ne ko na ye tei de zem maama tento to.
19Yé swei-na á Tu Baŋa Wɛ wom ni ne se á pipiri á beeri wa yadwonna se á zuli-ya. Chega ŋwaane to, abam ná ke konto, ko wó bwei abam mo. 20Baŋa Wɛ wó ke abam ne o na lage o ke tei de teene delo na wora ye abam laam lage á zo ba tega kam wone to mo. O wó yɔɔre o chɔge abam mo, á na wo sɛ á Tu Baŋa Wɛ wom kwora to ŋwaane.”",https://www.bible.com/bible/3661/DEU.8.KBG
NIA GULIM 9,"Baŋa Wɛ zeina yam taane
1“Isarele tiina bam, cheigi-na! Abam zem lage á bɛ Jɔdan buga kam mo, se á zeili dwia yalo na daga ye ba ta dana ba dwoi abam to ba tega kam ne. Nɔɔna bam konto zoore te-fwaaro wone, te kabiri sem na diini wɛɛne vili vili se yi wɛyuu to mo. 2Ba maa dɔra ye ba ta dana. Ba ye nɔn-sawaara balo na nwoŋi Anaki dwi dem ne to mo. Abam nam nigi ba na tɛ ba taane we, ‘Wɔ mo wó wane o dwoni de Anaki tiina bam?’ 3Nam lɔre-na we á Tu Baŋa Wɛ wom lage o da á yiga o bɛ buga kam, se o chɔge-ba mo. Ko wó taa nye de min-fɔrɔ na di wo-yɔɔro maama kula tei to mo. Maŋa kalo abam na wó vo á zo da to mo o lage o di-ba, se á wane-ba á zeili á daare á chɔge-ba lela ne Baŋa Wɛ na pwooli de abam tei to.
4 Baŋa Wɛ nam ná zeili-ba konto o pa abam, yé ta-na á tete ne we, ‘Debam totoŋ-ŋona ŋwaane mo Baŋa Wɛ kwei tega kanto o pa debam se dé taa tei!’ Aawo! Ko ye tega kam tiina totoŋ-lwanno ŋwaane mo o lage o zeili-ba. 5Ko dae á na ye nɔn-ŋona, ye á kikia tɔge chega to ŋwaane mo abam lage á jwoŋi ba tega kam á ta‑á tei. Ko ye banto wo-zɔɔna kikia ŋwaane mo Baŋa Wɛ wó zeili-ba, se ko ke ne o na pwooli de á nabaara Abaraham, de Izaak, de Jakob tei to. 6Lɔre-na we abam Tu Baŋa Wɛ wom ba lage o pa abam te-ŋoŋa kanto á na ye nɔn-ŋona to ŋwaane, se abam dae kɔtaa! Abam nam yɔɔre á ye zwabani-nyena mo.
Sabu-seŋa na-mɔra jwoni dem gula
7Guli-na abam déem na wo kagoa kam ne ye á tiini á pa se á Tu Baŋa Wɛ bane zaŋe tei to. Ko na zege dɛ delo ne abam na nwoŋi Ejipti ne, se ko yi á na zege ywo leile to, abam yɔɔre á lɔ o kwaga ne mo maŋa maama. 8Sinayi peo kom ne mo á tiini á chuchugi o bane pa se o lage se o chɔge abam. 9Amo déem diini peo kom yuu ne mo, se a jwoŋi kandwa-pelɛ selei selo baŋa ne Baŋa Wɛ ni-sɛɛm dem o na ke de abam to na popone de ke da to. A ma maŋe dáane da finna, wea de tete maama, ye a ba di wodiu, a nam ba nyɔ na. 10Baŋa Wɛ ma kwei kandwa yalei yam o na mɛ o tete jeŋa o popone o nia yam maama ya baŋa ne to o pa-ne. Dɛ dem Isarele kɔgɔ kom maama na jeeri peo kom teiŋa ne to, mo Baŋa Wɛ zege peo kom yuu ne o ŋɔɔne min-vogo wone de abam.
11Amo na ke da finna peo kom yuu ne wea de tete maama to, mo Baŋa Wɛ kwei kandwa yalei yam, o na popone ni-sɛɛm dem ya baŋa ne to o pa-ne. 12Baŋa Wɛ déem ma ta amo o we, ‘Ke lela n tu tega se n yi nɔɔna balo n na jaane n nwoŋi Ejipti ne to tei. Ba chɔge ba tete mo, ye ba ta ke wɛleere. Ba gare ba yage ni delo a na pɛ-ba se ba taa tɔge to mo, ye ba ma sabu-seŋa ba ke jwoni ba pa ba tete.’
13 Baŋa Wɛ ta ma ta de amo o we, ‘Amo yei nɔɔna banto na ye balo to. Ba yɔɔre ba ye zwabani-nyena mo. 14Nam ta‑n zege dáa ne n nii-ne. A lage a chɔge-ba mo se ba yere saare logo baŋa maama ne. Amo laam maa wó zege nmo baŋa ne, a pa se te-fɔrɔ bobo de nmo kwaga kam. Banto teo kom maa wó taa daga ye ko dana ko dwoi nɔɔna banto na ye tei leile to.’
15Amo ma seene a pipiri a zege peo kom yuu ne a tu tega, ye a zei kandwa-pelɛ selei selo baŋa ne ni-sɛɛm dem na popone de ke da to. Peo kom nam ya ta yɔɔre ko di de min-vogo mo. 16Amo na seene a nii to, a nɛ sabu-seŋa na-mɔra kalo abam na mɔɔne se ka taa ye á jwoni to. A ta nɛ we á ke lela á ywori Baŋa Wɛ chwoŋa wone ye á ke wɛleere o yiga ne. 17A na nɛ konto to, mo a de yɔɔre a zeiŋi ni-sɛɛm kandwa yalo a ya na zei to wɛɛne, ye a feiri-ya tega ne a lɔ. Abam yibia ne mo a ke keim dem konto.
18Amo daa ma vwi a yibia tega ne Baŋa Wɛ yiga ne pa se da finna maama wone a ba di kolokolo, a nam ba nyɔ na, wea de tete maama. A ke konto bɛŋwaane abam ke wɛleere delo Baŋa Wɛ na yɔɔre o chuli to ye á pa se o bane tiini de zaŋe. 19Foone ya tiini de jege-ne mo de Baŋa Wɛ na wó ke abam tei to ŋwaane. O bane déem tiini de zaŋe mo ye o boŋe se o yɔɔre o chɔge abam. De ko de, a na lwoori Wɛ to, o cheigi-ne. 20Baŋa Wɛ bane ya ta zaŋe de Aron de mo ye o boŋe se o chɔge wonto de. A maa na lwoori Wɛ a pa Aron to, Baŋa Wɛ déem sɛ a wɛ-lworo kom konto de. 21A déem ma kwei woŋo kolo na pɛ se á ke wɛleere dem to, sabu-seŋa na-mɔra kam mo konto. A ma nyeene-ka, ye a daare a nɔne-ka mura-mura. A laam ma kwei-ka a dole a yage bu-dura ne pa se na bam zeŋe-ka ba ja ba viiri.
22Abam déem ta na vei á yi Tabera ne, de Massa ne, de Kiberof-Hataava ne to, á pɛ se Baŋa Wɛ bane zaŋe mo. 23Abam nam na yi Kadese-Baranea ne to mo Baŋa Wɛ pɛ abam ni o we, ‘Zo-na tega kalo a na pɛ abam to á kwei-ka á ta‑á tei.’ Abam ma ve Baŋa Wɛ ni dem konto, ye á wo pɛ‑o chega. 24Chega to, ko zege a na lɔre abam maŋa kalo ne to, á yɔɔre á ye balo na ve Baŋa Wɛ ni to mo.
25Konto ŋwaane nam mo pɛ se amo de to Baŋa Wɛ yiga ne, ye a ja o teiŋa da finna, wea de tete maama. Ko maa ye o na ti yiga se o chɔge abam de á na pɛ se o bane zaŋe to ŋwaane mo a ke konto. 26Amo ma lwoori Baŋa Wɛ ye a we, ‘Yuu-tu Baŋa Wɛ, ja! Yé chɔge nmo tete nɔɔna bam. Ba ye nmo nyɔn-mage nɔɔna balo n na kwei n dam-fɔrɔ kom n ma‑n vere-ba n ja n nwoŋi Ejipti teo ne to mo. 27Guli n tontoŋena Abaraham, de Izaak, de Jakob ni ne, se n yé jeeli nɔɔna banto wo-dɛɔ de ba keim-lwanno, de ba wɛleera yam. 28Nmo nam ná chɔge nɔɔna banto, Ejipti tiina bam wó ta we nmo wo wane n nɔɔna bam se n ja n zo tega kalo n na gwoni ni se n pa-ba to. Ba ta wó ta we, “Baŋa Wɛ na chuli o nɔɔna bam to ŋwaane mo o jaane-ba o vo kagoa kam wone se o go-ba!” 29Nam nii! Nɔɔna banto ye nmo tete nɔɔna balo n na kuri se ba taa ye nmo nyɔn-mage nɔɔna to. N tɔge n dam baŋa ne n toŋe wo-kamunnu n ma‑n ja-ba n nwoŋi Ejipti ne n ba ywo.’ ”",https://www.bible.com/bible/3661/DEU.9.KBG
NIA GULIM 10,"Wɛ jwoori o tiŋi o nia yam o pa Moses
1“Ka maŋa kam ne, Baŋa Wɛ ma ta de amo o we, ‘Sare kandwa-pelɛ selei ne boboa nyena yam, n daare n kwei daa n ma‑n ke dakaa, se n laam di peo kom yuu n ba a tei. 2Se a lage a jwoori a popone botare selo a na ke boboa kandwa yam ne ye n lɔ to mo a ke kandwa yanto baŋa ne. Ko kwaga ne, n jege se n kwei-ya mo n tiŋi dakaa kam wone.’
3A ma kwei golesaa dɛ a ma a ke dakaa a daare a sare kandwa-pelɛ selei ne boboa nyena yam. A ma zeeri kandwa yam a ja a di peo kom yuu. 4Baŋa Wɛ ma jwoori o popone o nia fuga kam o tiŋi kandwa yam baŋa ne, nenɛɛne boboa poponem dem dwoŋi. O ya zege min-vogo wone o tɔɔle o nia yam konto se abam ni dɛ dem á déem na gilimi o yiga ne to. O na jwoori o popone-ya to, o laam ma kwei kandwa yam o pa amo. 5A ma zege peo kom yuu ne a tu tega, ye a daare a kwei kandwa yam a tiŋi dakaa kalo a na ke to wone. A ke Baŋa Wɛ na we a ke tei maama to ye ya ta wora de zem maama.
6Isarele tiina bam déem ya zege Jaakan dwi tiina buli sem seeni mo ba vo ba yi Mosera. Ba na yi da to mo Aron tega ye ba suli‑o jei sem konto ne. O bu Eleaza ma leiri o yuu ne o ji Wɛ kaanem nakwe tu. 7Ba ma zege dáane ba vo Gudigoda. Ba daa ma zege Gudigoda ne ba vo ba yi Jotibafa, mɛ bu-nwaro na daga da to.
8Ka maŋa kam ne, Baŋa Wɛ ma pɔɔre Levi dwi dem o pa o tete, se ba taa zeeri dakaa kam, se ba kwori ba taa zege o yiga ne ba toŋe ba pa‑o ye ba kwei Wɛ yere ba ma swɛ Isarele dwi tiina bam maama swolim. Ba ta wora ba ke konto dwoŋi de zem maama. 9Konto ŋwaane mo tei Levi tiina bam ba jege se ba jwoŋi tega nenɛɛne ba chorro tem na nɛ ba nyem tega kam pɔɔrem baŋa ne tei to. Baŋa Wɛ tete mo ye ba nyem, nenɛɛne o na pwooli de-ba tei to.
10Amo nam ta ke da finna mo peo kom yuu ne, wea de tete maama, ne a ya na ke boboa kam ne tei to. Baŋa Wɛ ma sɛ a wɛ-lworo kom pa se o wo chɔge abam. 11O ma ta de amo o we, a zaŋe a da abam yiga se á wane á zo á ta‑á tei tega kam nenɛɛne o na pwooli de á nabaara bam se o ke tei to.
Ta‑á kɔre-na Baŋa Wɛ
12Konto to, Isarele tiina bam, kikia dwi dɔ mo abam Tu Baŋa Wɛ wom beeri á tei ne? Ko ye se á ta‑á kɔre á Tu Baŋa Wɛ wom, se á ta‑á tɔge o chwei sem, se á ta‑á swoi‑o lanyerane, se á daare á ta‑á toŋe á pa‑o de á bochare de á boboŋa maama mo, 13ye á toŋe á tɔge o nia de o bera yalo maama amo na pɛ abam zem to. Á ná seene á ke konto dwoŋi, á ŋwea wó ke lanyerane ko pa abam. 14Chega ŋwaane to, abam Tu Baŋa Wɛ wom mo tei wɛyuu baŋa kam maama, dedaane logo baŋa de kolo maama na wo ko wone to. 15Baŋa Wɛ boboŋa nam dɛ á nabaara bam se o taa jege ba swono. O ma daare o kuri abam balo na ye ba bia to logo baŋa dwi maama wone, se á ta‑á ye wonto tete nyem, nenɛɛne á ta na ye tei de zem maama to. 16Konto to, kwɛ-na á bochara ne Wɛ na pɛ abam ni se á ke tei to, se á daa yé ke zwabania. 17Kokuri, abam Tu Baŋa Wɛ wom mo tei wa maama. O maa ye yuu tiina maama Yuu-tu. O ye Wɛ kamunu ye o tiini o jege foone. Wonto nam ba kuri nɔɔna daane de o na bore ba bora tei to ye o ba jwoŋi dim. 18Ko ná ye botara de kadeina, o yeini o toŋe de chega mo o pa-ba. O ta kwori o swoi veira balo na zoore á wone to, ye o woli-ba de wodiiru de gwaaro. 19Abam de jege se á ta‑á swoi veira mo, á de déem na ye veira Ejipti teo kom ne to ŋwaane. 20Ta‑á kɔre-na á Tu Baŋa Wɛ wom ye á toŋe á pa‑o. Ta‑á sale-na wonto. Á ná gwoni ni de nɔɔno, se á ma Baŋa Wɛ yere dem yerane á du duuri. 21Wonto mo ye wolo á na jege se á ta‑á tei‑o to. O toŋe wo-kenkagela na jege foone to á yibia ne se o ma jwoŋi abam. 22Á nabaara bam déem zaŋe ba vo Ejipti teo kom ye ba ye nɔɔna fuserepɛ yerane mo. Leile konto abam Tu Baŋa Wɛ wom pɛ se á kɔgɔ kom puli ko daga ne wɛyuu chalechwe sem na ye tei to.”",https://www.bible.com/bible/3661/DEU.10.KBG
NIA GULIM 11,"Baŋa Wɛ jege dam
1“Konto to á jege se á ta‑á swoi abam Tu Baŋa Wɛ wom mo. Ta‑á toŋe á tɔge o nia yam, de o chullu tem, de o bera yam maama. 2Lɔre-na we a zem ŋɔɔne de abam mo ye ko dae á bia balo na wo nɛ Baŋa Wɛ koresem to. Banto tete yi wo nɛ Baŋa Wɛ kamunni dem dedaane o dam delo o na mɛ o vere abam to. 3O déem toŋe wo-kenkagela Ejipti teo kom ne se o ma waare ko Pa-faro wom de o nɔɔna bam maama. 4O ma chɔge ba jar-keira bam de ba sisei de se torokooro tem. Banto na kwaane se ba zeili abam ba ja to, Baŋa Wɛ ma pa se ba misi Nane-soŋo kom ne ba te. Ko dɛ konto mo ye ba na ba chɔgem se ko ba ko yi zem. 5Á bia bam wo nɛ Baŋa Wɛ na toŋe tei o zeini abam maŋa kalo á na beeri taa kagoa kam wone á ba á yi ywo-seeni to. 6Ba wo nɛ Baŋa Wɛ na ke Ruben dwi tu Eliabi bia Datan de Abiram tei to. Wɛ déem pɛ se tega kam puri Isarele tiina kɔgɔ kom tetare ne ka li-ba, de ba sɔŋɔ tiina, de ba vwoa yam, dedaane ba jejegero maama. 7Abam tete yia mo nɛ totoŋ-kamunnu telo maama Baŋa Wɛ na toŋe to.
8Konto ŋwaane, sɛ-na Wɛ nia yalo amo na pɛ abam zem to maama, se á jwoŋi dam á wane á bɛ á zo tega kam á ta‑á tei-ka. 9Á laam maa wó ta‑á zoore tega kalo Baŋa Wɛ na pwooli de á nabaara bam se o pa banto de ba bia bam to wone á dáane. Tega kam tiini ka ywomma de varem de kɔnɔ. 10Tega kam á na lage á zo to dae ne Ejipti logo kom, á déem na zoore mɛ to. Jei sem konto ne á yeini á du wonnu mo ye á kwori á yage na da se ko chɛ á yera ne, nenɛɛne nɔɔno na ke gaare tei to. 11Tega kalo á nam na lage á zo to jege zwonnu de bwollu mo, ye doa nena da lanyerane. 12Abam Tu Baŋa Wɛ wom yi page tega kam konto baŋa ne mo. O maa nii-ka bene dem maama wone.
13Konto to, á jege se á sɛ Wɛ nia yalo amo na bere abam zem to, se á daare á ta‑á swoi á Tu Baŋa Wɛ wom ye á toŋe á pa‑o de á bochare dedaane á wo maama. 14Á ná ke konto, Baŋa Wɛ we, o laam wó toŋe doa pa se ka ne ka maŋa ne, duum de kwea wɛɛne. Tega kam wó ke wodiiru dedɛ se á na mena, de sana, de nuga maama. 15Á vara de wó na gaao lanyerane se ba di. Wodiiru telo maama á na lage to wó yi abam se á ta‑á di á sui.
16Nam ta‑á yei-na se ba yé soge abam se á ywori Baŋa Wɛ kwaga ne á daare á ta‑á zuli wa-yɔɔro ye á toŋe á pa-ya. 17Á ná ke konto, Baŋa Wɛ bane wó zaŋe de abam. O ta wó che doa kam se ka daa yé taa nena. Te-ŋoŋa kalo o na lage o pa abam to daa bá ke wodiiru ka pa abam, pa se á dwi ti lela logo baŋa ne.
18Ta‑á guli-na Wɛ nia yalo a na bere abam to se á ke-ya á bochare ne. Lwoni-na-ya á tiŋi tɔnɔ ne se á daare á vɔ-ya á je ne, dedaane á tira ne, se á ta‑á guli ya gula. 19Pa-na se á bia de lɔre-ya. Ta‑á tɛ-na ya taane maŋa maama, nenɛɛne á ná jei sɔŋɔ ne ye á lara, naa á ná tɔge daane á vei chwoŋa yuu ne, ko ta woli de á ná peini tete ne, naa á ná zaŋe zezeŋa maama ne. 20Popone-na-ya á tiŋi á di sem ni-bworru tem ne, se á daare á ta popone-ya á yage á manchwo-nia dɛ sem ne. 21Ke-na konto se abam de á kwaga kam wane á zo tega kam ne á dáane. Ka maa ye tega kalo Baŋa Wɛ na gwoni ni de á nabaara bam se o pa-ba to, ye á wó ta‑á tei-ka taa wuu, se ko maŋe de wɛyuu de logo baŋa ta na wora maŋa kalo to wone.
22Ta‑á yei-na se á ke á tɔge Wɛ ni dem maama, ne amo zem na bere abam se á ke tei to: Ta‑á swoi-na á Tu Baŋa Wɛ wom ye á tɔge o chwei sem maama. Nam sale-na o yera ne. 23Á ná seene á ke konto dwoŋi, Baŋa Wɛ wó zeili dwi tiina balo na maŋe ba wo logo kom wone to mo. O ta wó pa abam dam se á wane á jwoŋi teene delo na dana ba dwoi abam to se á ta‑á tei. 24Tega kalo maama á nɛ na wó nɔ ka baŋa ne to wó taa ye abam nyem mo. Abam laŋa kam wó zege kagoa kalo na wo kuri seeni to se ka vo ka yi Lebanon peero tem na wo baŋa seeni to. Ka daa ta wó zege Yuferata bu-zaŋa kam na wo wɛ-puli seeni to se ko yi Mediterania naneo kom na wo wɛ-zoore seeni to. 25Á ná vei mɛ maama logo kom ne, á Tu Baŋa Wɛ wom wó pa se abam foone mo ja jei sem nɔɔna bam, ne o na pwooli se o ke tei to. Nɔɔn-nɔɔno daa bá wane abam o cheiŋi.
26Nii-na! Amo zem kwei Wɛ swolim dedaane o sɔɔlem mo a tiŋi abam tetare ne, se á wane á kuri kolo á na lage to. 27Abam ná sɛ á tɔge Wɛ nia yalo amo zem na pɛ abam to, Wɛ wó swɛ abam swolim. 28Á nam ná ve o nia yanto ye á zuli dwi-gɛ tiina wa-yɔɔro tem, Wɛ wó sɔɔle lwarem mo o yage á baŋa ne.
29Ne abam Tu Baŋa Wɛ wom ná jaane abam o zo tega kam se á ta‑á tei, á jege se á zege Gerizim peo kom yuu ne á tɔɔle Wɛ swolim dem, ye á daare á zege Ebal peo kom yuu ne á tɔɔle o sɔɔlem dem. 30Á yei we, peero tem konto wo Jɔdan buga kam bubɛ dedwoŋi ne se ko taa vei wɛ-zoore seeni mɛ Kanaan tiina bam na zoore bwolo kom ne to. Te maa bwola de Giligal teo kom. Morɛ tei-zɔŋɔ kom seeni mo konto.
31Abam laam lage á bɛ Jɔdan buga kam se á zo tega kalo á Tu Baŋa Wɛ wom na pɛ abam se á ta‑á tei to mo. Á na tu á ba á jeini da á ti, 32se á tiini á ta‑á yei se á ta‑á toŋa á tɔge Wɛ nia yam de o chullu tem maama ne amo zem na pɛ abam tei to.”",https://www.bible.com/bible/3661/DEU.11.KBG
NIA GULIM 12,"Baŋa Wɛ zula jeiga kam
1“Wɛ nia yam de o chullu tem mo tento. Ta‑á yei-na se á ta‑á tɔge-ya maŋa kalo maama á na zoore logo kolo Baŋa Wɛ na pɛ abam se á ta‑á tei to wone. Wonto maa ye á nabaara Baŋa Wɛ wom mo.
2Abam ná tu á ba á zeili logo kom dwi tiina bam, se á chɔge jei selo maama ba na yeini ba kaane ba jwona da to. Ko ná ye peero yuu ne, naa zwonnu baŋa ne, naa tangwana baŋa ne, á jege se á yɔɔre á chɔge ba jwona kaanem jei sem maama mo. 3Mage-na ba kaanem bimbina yam á de tega ne, se á daare á lɔ kandwa yalo ba na chwi ba jwona ŋwaane to. Gwoni-na ba Asera nyenyego dɛ sem á de tega ne, se á daare á ke mini á zwɛ-se, ye á chɔge ba jwona yam maama pa se ya yera saare jei sem konto ne.
4Abam nam ná zuli á Tu Baŋa Wɛ wom, se á yé ke nenɛɛne nɔɔna banto na zuli ba jwona yam tei to. 5Baŋa Wɛ wó kuri jeiga kadwoŋi Isarele dwi tiina bam maama tega kam wone, se ka taa ye o zoorem jei nɔɔna na wó vo ba zuli o yere da to. 6Dáane mo á wó ja á zwɛɛm kaanem vara bam á ja vo á kaane á pa‑o. Ko ta ná ye á kaanem dwi maama, de á Wɛ-teiri pɛɛra, de á jeŋa pɛɛra, de á ni-gwonim pɛɛra, de á wo-ywoŋo pɛɛra maama, ko ta woli de á vara bam na dɛ yiga ba lo bia balo to, á jege se á kwei-ya á vo jei sem konto á pa Baŋa Wɛ. 7Abam dedaane á sɔŋɔ tiina bam wó vo á jeini á Tu Baŋa Wɛ yiga ne á di wodiiru telo á na toŋe te ŋwaane to, ye á kwori á jege wopwolo Baŋa Wɛ na swɛ abam swolim to ŋwaane.
8Maŋa kam ná yia, á daa ba jege se á ta‑á ke nenɛɛne debam zem na yeini dé ke ye dé zuli Wɛ tei to. Leile konto nɔɔno maama yeini o zuli Wɛ ne o na lage tei to mo. 9Bɛŋwaane abam ta wo yi tega kalo á Tu Baŋa Wɛ wom na lage o pa abam se á ta‑á tei to se á daare á na wo-zuru ka wone. 10Á nam ná bɛ Jɔdan buga kam, ye á vo á jeini tega kam konto ne, Baŋa Wɛ wó pa se á dona daa yé daane abam pa se á sii de wo-zuru. 11Maŋa kam konto ne Baŋa Wɛ wó kuri jeiga dedoa se ka taa ye o zoorem jei nɔɔna na wó vo ba zuli o yere da to. Dáane mo á jege se á ja kolo maama amo na bere abam to á ja á vo á ma ke kaanem á pa‑o: vara zwɛɛm kaanem, dedaane á kaanem dwi delo maama, de á Wɛ-teiri pɛɛra, de á jeŋa pɛɛra, de á ni-gwonim pɛ-laaro tem. 12Dáane mo á wo di ywoni á Tu Baŋa Wɛ wom yiga ne, abam de á bia de á tontoŋena bam, baara de kaana maama. Levi dwi tiina balo na zoore abam tei ne to de wó tɔge de abam ba vo da, banto na ba jege ba tete tega se ba taa tei to ŋwaane. 13Ta‑á yei-na se ko dae we á ná yi mɛ maama, se á zwɛ varem á ma á ke kaanem da. 14Ko nam jege se á vo jeiga kalo yerane Baŋa Wɛ na kuri Isarele dwi tiina bam maama tega kam wone to, se á ke kaanem da á pa‑o, ye á daare á ke kolo maama amo na bere abam se á ke to.
15Chwoŋa nam wora se á go á sɔŋɔ-vara bam á di mɛ maama á na zoore to. Á wae á di á sui, ne á Tu Baŋa Wɛ wom na woli abam de vara balo to. Ko maa nye de á na lage á di woŋa naa feira ye nɔɔna maama jege chwoŋa se ba di, ba ná maŋe ba kwɛ ba tete Wɛ ŋwaane naa ba wo kwɛ ba tete mo de. 16Ko nam chula se á di vara bam jana mo. Á pa-na se jana bam lwo tega ne, ne á na wó lwo na á yage tei to. 17Ko daare ko ná ye wodiiru telo á na jege se á ma‑á ke kaanem to, ko chula se á di tento tem á sam dem ne. Ko ná ye á Wɛ-teiri pɛɛra yalo na ye mena naa sana naa nuga to, de á vara bam na dɛ yiga ba lo bia balo to, de á ni-gwonim pɛɛra, de á wo-ywoŋo pɛɛra dedaane á jeŋa pɛɛra yam maama, 18á jege se á kwei-ya á ja vo jeiga kalo á Tu Baŋa Wɛ wom na wó kuri to ye á daare á di-ya o yiga ne. Abam de á bia de á tontoŋena, baara de kaana maama, dedaane Levi tiina balo na zoore abam tei ne to mo wó vo á di ywoni Baŋa Wɛ yiga ne de kolo maama á na toŋe ko ŋwaane to. 19Ta‑á yei-na se á yé swei Levi dwi tiina bam ni ne maŋa kalo maama á na wó ta‑á zoore á tega kam ne to.
20Abam Tu Baŋa Wɛ wom ná tu o ba o pa se á laŋa kam yale nenɛɛne o na pwooli o pa abam tei to, pa se á fera zo nɔna dim, á wae á done á sui. 21Jeiga kalo Baŋa Wɛ na wó kuri se nɔɔna taa zuli o yere da to ná tiini ka ye yiga yiga de abam, á wae á le varem vara balo Baŋa Wɛ na pɛ abam to wone á goe ye á daare á di á sam ne á sui, ne amo na bere abam tei to. 22Ko maa nye de á na lage á di woŋa naa feira ye nɔɔna maama jege chwoŋa se ba di, ba ná maŋe ba kwɛ ba tete Wɛ ŋwaane naa ba wo kwɛ ba tete de. 23Ko nam chula se á di vara bam jana mo, kokuri ŋwea kam mo jege kuri jana bam ŋwaane. Ko nam dae se abam di ŋwea kam dedaane nɔna yam. 24Yé kwei-na jana bam á ma á ji wodiu. Nam kwei-na-ba á lwo tega ne, ne á na wó lwo na á yage tei to. 25Á ná seene á ve jana bam dim, ko wó pa se Baŋa Wɛ wo pwoli lanyerane. Á ŋwea maa wó ke lanyerane ka pa abam de á kwaga kam maama.
26Kwei-na á Wɛ kaanem pɛɛra yam de á ni-gwonim pɛɛra yam á ja á vo jeiga kalo Baŋa Wɛ na wó kuri to. 27Ko ná ye zwɛɛm kaanem, se á zwɛ varem wom Baŋa Wɛ kaanem bimbini dem baŋa ne, nɔna yam de jana bam maama. Ko nam ná ye kaanem delo á na wó di de nɔna yam to, á jege se á lwo jana bam bimbini dem baŋa ne á yage mo.
28Ta‑á yei-na se á ta‑á sɛ Wɛ nia yalo maama amo na bere abam to, se ko pa á ŋwea ke lanyerane ka pa abam de á kwaga kam maama taa wuu, á kikia na wó taa tɔge chwoŋa ye ya pwoli á Tu Baŋa Wɛ wom wo to ŋwaane.
Ba yé taa zuli jwona
29Abam ná lage á zo dwi-gɛ tiina logo kom, á Tu Baŋa Wɛ wom wó zeili-ba á yiga ne pa se ba daare ba tega kam se á jwoŋi-ka á ta‑á tei. 30Baŋa Wɛ ná tu o ba o chɔge dwi-gɛ tiina bam konto, yé pa-na se ba soge abam se á tɔge ba jwona yam. Yé bwei-na nenɛɛne: ‘Nɔɔna banto yeini ba tɔge chwoŋa kɔ mo ba zuli ba jwona yam? Debam de lage dé ke konto dwoŋi mo.’ 31Abam ba jege se á zuli á Tu Baŋa Wɛ wom ne banto na zuli ba jwona yam tei to. Kokuri, dwi-gɛ tiina bam konto yeini ba ke totoŋ-zɔɔna yalo maama Baŋa Wɛ na chuli to ba ma zuli ba jwona yam. Ba bere ba zwɛ ba bia mo mini wone ba ma ke kaanem ba pa ba jwona yam.
32Ta‑á yei-na se á ta‑á tɔge Wɛ nia yalo maama amo na bere abam to. Yé zaŋe-na á woli kolokolo ya wone, nam yé le-na kolokolo ya wone á yage.",https://www.bible.com/bible/3661/DEU.12.KBG
NIA GULIM 13,"1Sampwora naa yi-naro ná zaŋe abam wone ye o wuuri o ta o bere abam wo-kenkagela na lage ya ke tei to, 2ye wo-kenkagela yam ná seene ya ke ne o na tage tei to, o wó wane o soge abam se á zuli dwi-gɛ tiina wa-yɔɔro, ye o ta nenɛɛne: ‘Pa-na dé zaŋe dé tɔge wa yadwonna se dé zuli-ya.’ 3Sampwora naa yi-naro ná tage konto dwoŋi, yé cheigi-na o taane. Ko nam ye á Tu Baŋa Wɛ wom mo maane abam se o nii, á seene á swoi‑o de á bochare maama de á boboŋa maama naa á ba swoi. 4Ta‑á tɔge-na abam Tu Baŋa Wɛ wom se á ta‑á kɔre‑o. Sɛ-na o nia yam ye á cheigi o kwora kam, se á ta‑á toŋe á pa‑o ye á sale‑o.
5Ko nam ná ye sampwora naa yi-naro konto dwoŋi, ko jege se á go‑o mo, o na soge abam se á lɔ á Tu Baŋa Wɛ wom kwaga ne to ŋwaane. Baŋa Wɛ nam ye wolo na jaane abam o ja nwoŋi Ejipti teo kom ne pa se o vere abam á kabɛɛne dem ne o yage to mo. O ye nɔn-balɔrɔ mo ye o lage se o pa á ywori Baŋa Wɛ na pɛ abam chwoŋa kalo se á ta‑á tɔge to wone. Konto ŋwaane, á jege se á saare lwarem dem konto mo á tetare ne.
6Ko ta ná ye n nu-puga bu, naa n tete bia, naa n ka-swono, naa n chilwoŋ-zɔŋɔ, kotu wó wane o waase o ta de nmo o we, ‘Pa dé vo dé zuli wa yayam.’ Wa yam konto mo abam de á nabaara bam ya yeiri. 7Ya nam ye wa yalo dwi-gɛ tiina na zuli to, ba ná maŋe ba ye dwia yalo na bwola de abam to, naa ba ná ye yiga yiga de. 8Yé zaŋe n sɛ kotu gana yam. Bere n yé cheigi‑o de. Daa‑n yé duri o ŋwaŋa naa n kwaane n kwoli o kikia yam. 9Ja‑o n go! Nmo tete wó da yiga n dole‑o de kandwa se nɔɔna babam de laam tɔge ba dole. 10Dole-o-na de kandwa á go, o na kwaane se o ja abam o ywori abam Tu Baŋa Wɛ wom kwaga ne to ŋwaane. Baŋa Wɛ nam ye wolo na jaane abam o nwoŋi Ejipti teo kom ne pa se o vere abam á kabɛɛne dem ne o yage to mo. 11Isarele tiina bam maama ná nigi kolo na ke to, foone wó ja-ba, pa se abam wone nɔɔn-nɔɔno daa bá toŋe keim-lɔŋɔ konto dwoŋi.
12Ko daa ta ná ye teene delo abam Tu Baŋa Wɛ wom na lage o pa abam se á ta‑á zoore de wone to, á wae á ni we, 13nɔn-wo-korro tedwonna zaŋe teo kodwoŋi ne ye ba soge ba teo kom nɔɔna pa se ba ywori Baŋa Wɛ chwoŋa wone se ba daare ba zuli wa yayam. Abam nam ya yeiri wa yam konto zula. 14Á ná nigi kanto sawea kam dwoŋi, kwaane-na á tɔge ka nɛ se á lɔre chega kam. Ko ná ye chega mo we totoŋ-lɔŋɔ kom seene ko ke abam tetare ne, 15ko jege se á zaŋe á kwei á se-zɔɔro mo á vo á go teo kom konto nɔɔna bam maama ka, de ba vara bam de, se á yɔɔre á chɔge teo kom konto fase. 16Ta daare-na á la ba jejegero tem maama á ke daane teo kom kapworo ne, se á laam zwɛ teo kom de ko woŋo maama á ma‑á ke kaanem á pa Baŋa Wɛ. Ko jege se ko taa ye di-dwonnu yerane mo se ko taa vei wuu, se nɔɔn-nɔɔno daa yé jwoori o lɔ teo kom konto. 17Ko ná ye teo kom wonnu telo maama na maŋe de chɔgem Wɛ ŋwaane to, yé pa se á fera zo kolokolo se á kwei. Á ná sɛ Baŋa Wɛ ni dem konto, o bane wó zuri ye o daare o duri abam ŋwaŋa, pa se á kɔgɔ kom puli dedɛ, ne o na pwooli de á nabaara bam se o ke tei to.
18Konto ŋwaane abam jege se á cheigi abam Tu Baŋa Wɛ kwora kam ye á sɛ o nia yam maama, ne amo zem na bere abam tei to. Ta‑á ke-na kolo na jege chega o yiga ne to.”",https://www.bible.com/bible/3661/DEU.13.KBG
NIA GULIM 14,"Wonnu telo na chula to
1“Abam ye á Tu Baŋa Wɛ nɔɔna mo. Konto to á ná lage a keeri twa, yé gwe-na á yera yam, nam yé cheeri-na á yuni te tira seeni. 2Abam seene á ye á Tu Baŋa Wɛ nyem mo. Logo baŋa nɔɔna maama wone mo o kuri abam se á ta‑á ye o tete nɔɔna o yi na su to.
Wonnu telo na maŋe de dim to
Chullu 11:1-47
3Yé zaŋe-na á di wo-yɔɔro telo Baŋa Wɛ na chuli te dim to. 4Á wae á di vara banto dwi:
Naao, naa pia, naa boŋo, 5naa woŋa, naa feira, naa siga, naa kagoa wo boŋo, naa nambworo, naa kagoa wo pia.
6Á ta wae á di varem wolo maama napɔɔna na lɔge belei ye ba yeini ba done gaao ba guli ba jwoori ba done to. 7Ko nam dae se á di kone, naa zwoni, naa pe-ware, se vara bam konto done gaao ba guli ye ba napɔɔna laam wo lɔge belei. Konto ŋwaane banto wo maŋe se á di-ba. 8Teira de nam wo maŋe se á di-ya. Ya napɔɔna lɔge belei ye ya laam ba done gaao ya gula ya jwoori ya dona. Konto ŋwaane ko chula se á di ya nɔna. Ya ná tega, bere á yé dwei-ya.
9Ko nam ná ye wonnu telo na zoore na wone to, á wae á di ywona yalo na jege nabili-pelwaro ye ya ta jege poro pa te kwoli ya yera to. 10Ko daare ko ná ye woŋo maama na wo na wone ye ko ba jege nabili-pelwaro dedaane poro na kwoli-ko to, ko chula se á di-ko. Ko wo maŋe de dim.
11Á wae á di zuna balo maama na maŋe de dim to. 12Ko daare á ba jege se á di zuna banto dwi:
Maaro, de duura dwi maama, 13de chilachi, de kalwonnu dwi maama, 14de bachangaaro, 15-17de kunkwooru dwi maama, de lenlane, de naneo zuna, de kawuli dwi maama, de nakelakɔro, de bugacheeni, 18de buga ni zuna, de kabakollo, de pɛbia, de jenjwaano.
19Wo-korro telo na jege vɔna ye te kare te vei tega ne to de chula. Á ba jege se á di-te. 20Á za wae á di wo-korro telo na maŋe de dim to.
21Yé zaŋe-na á di varem wolo na tega o tete ne to. Á wae á kwei á pa veira balo na zoore abam teo kom ne to se ba di, naa á kwei á yeigi á pa sa-teena. Abam Tu Baŋa Wɛ wom kuri abam se á ta‑á ye o tete nɔɔna mo.
Nɔɔn-nɔɔno yé kwei bebala de ka nu nayela o saŋe mini wone.
Wɛ-teiri pɛɛra
22Bene maama wone ta‑á yei-na se á le á kare sem wodiiru popɔra dedoa fuga maama wone á pa Wɛ. 23Laam ja-na Wɛ-teiri wodiiru tem konto á ja vo jeiga kalo Baŋa Wɛ na wó kuri se nɔɔna taa zuli o yere da to. Ko ná ye á mena yam, de á sa-doora bam, de á nuga kam, de á vara bam na dɛ yiga ba lo bia balo to, se á vo á di Wɛ-teiri dem á Tu Baŋa Wɛ yiga ne, se á ta‑á kɔre‑o taa wuu. 24Baŋa Wɛ nam ná yɔɔre o ke zaane abam yuu ne pa se á na wodiiru dedɛ, ye o wara-jei sem ná ye yiga yiga ka pa abam se á ja á wodiiru tem á yi da, se á ke tento: 25Kwei-na á Wɛ-teiri wodiiru tem á yeigi á jwoŋi sabu, se á daare á ja sabu kom á vo Baŋa Wɛ zula jeiga kam. 26Á ná yi da, se á laam ma á yeigi kolo maama á na lage to se á di. Ko ná ye naane, naa pei, naa sana, abam de á sɔŋɔ tiina bam wó di-te á Tu Baŋa Wɛ wom yiga ne de wopwolo.
27Za ta‑á yei-na se á yé swei-na Levi dwi tiina balo na zoore abam tei ne to ni ne, banto na ba jege ba tete tega se ba taa tei to ŋwaane. 28Bena yatɔ bene dem maama ná yeini de yi, se á kwei-na Wɛ-teiri wodiiru tem maama á la-te jeiga dedoa á teo maama wone. 29Wodiiru tem konto wó taa ye Levi dwi tiina bam nyem mo, banto na ba jege ba tete tega to ŋwaane. Abam ta jege se á kwei-te á pa veira, de botara, de kadeina balo na zoore abam wone to mo. Ba maama wó wane ba ba ba jwoŋi wodiu ba di ba su. Ke-na konto se ko pa á Tu Baŋa Wɛ zaane taa wo á baŋa ne de kolo maama á na lage á toŋe to.”",https://www.bible.com/bible/3661/DEU.14.KBG
NIA GULIM 15,"Jena chɛɛm taane
Nwoŋim 23:10-11; Chullu 25:1-7
1“Bena yarepɛ bene dem maama ná yeini de yi, se á kwei-na balo na jege á jena to á yage á chɛ-ba. 2Á na wó ke tei to mo tento: Wolo maama na kwei sabu o jene o pa o dwoŋi Isarele tu to jege se o yage jene dem o ma chɛ‑o mo. Kotu daa yé boŋe se o jwoŋi o sabu kom o choro kom tei ne, Baŋa Wɛ na bere we ko ye jena saarem bene to ŋwaane. 3Ko ná ye veiru, n wae n jwoŋi n jene dem o tei ne. Ko daare ko ná ye n tete nɔɔna bam jena yam mo, se n yage n chɛ-ba.
4Abam Tu Baŋa Wɛ wom wó swɛ abam swolim pa se á na ywoni tega kalo o na lage o pa abam se á ta‑á tei to wone. Konto ŋwaane, yiniga bá ja abam dedoa tete de, 5ne á ná sɛ o ni ye á toŋe á tɔge bera yalo maama amo na bere abam zem tento to. 6Chega to, Baŋa Wɛ wó swɛ abam swolim ne o na pwooli se o ke tei to. Konto to, á wo ta‑á jena á pae dwi-gɛ tiina dedɛ ye á ba jege se á di jena ba tei ne. Á wó ta‑á jege dam dwi-gɛ tiina baŋa ne. Teo kodwoŋi nam bá di dam abam baŋa ne.
7Á ná zo tega kalo á Tu Baŋa Wɛ wom na lage o pa abam to, ye yiniga ná jaane á dwoŋi Isarele tu wolo na zoore á teo wone to, yé ve-na se á woli‑o, á na jege wo-chɛɔ to ŋwaane. 8Á nam jege se á ke wo-ywoŋo mo ded‑o se á jene tei maama o na wó taa laga se o ma ji nɔɔno to. 9Ta‑n yei se n yé pa se boboŋ-lɔŋɔ ba n kana ne ye n ta nenɛɛne: ‘Bena yarepɛ bene dem na ye jena saarem bene to bwola.’ Nmo ná boŋe konto dwoŋi ye n ve se n jene n pa n dwoŋi Isarele tu wolo yiniga na jaane‑o to, ko ye puseŋa keim mo n kea. Nɔɔno wom wó wane o keeri o jare Baŋa Wɛ nmo ŋwaane, ye Wɛ wó pa n to de n bora. 10N jege se n pa yiniga tu zɛɛra mo se n yé ke wo-chɛɔ ded‑o. N Tu Baŋa Wɛ wom laam wó swɛ nmo swolim pa se kolo maama n na jege n toŋe to ke lanyerane ko pa‑m. 11Maŋa maama yiniga na jaane balo to wó taa wo abam wone. Konto to amo pɛ abam ni se á ke wo-ywoŋo á pa Isarele tiina balo cham na jege-ba to.
Bena yarepɛ yarepɛ bene dem taane
Nwoŋim 21:1-11
12Hiburu tu ná kwei o tete o yeigi o pa nmo se o taa ye n kabaa, o ná ye baaro naa kaane, kotu wó toŋe o pa‑m bena yaredo mo. Bena yarepɛ bene dem ná yia, se n yage‑o se o taa tei o tete. 13N nam ná yage‑o, yé pa o viiri de je-yaara. 14Pwoli n wo se n le kolo maama n na jege to wone n pa‑o, ko ná maŋe ko ye n vara bam wone, de n wodiiru tem wone, de n sana bam wone. Nmo Tu Baŋa Wɛ na ke zaane n yuu ne o pa‑m wonnu telo to, se nmo de ke n kabaa kam lanyerane konto dwoŋi. 15Guli-na we abam de déem ye kabɛ mo Ejipti ne, ye á Tu Baŋa Wɛ wom laam ba o jwoŋi abam o yage. Mo kokuri a zem tage Wɛ ni dem konto a bere abam.
16N kabaa kam nam wó wane o ta de nmo we o ba lage se o viiri, o na swoi nmo de n sɔŋɔ tiina bam ye n ke‑o lanyerane to ŋwaane. 17O ná tage konto dwoŋi, ko jege se n ja‑o mo n vo n pa se o sale manchwo-peena bworo kom, se n daare n kwei silwei n puri o zwɛ dedoa. Konto bere we o wó taa ye nmo kabaa se ko taa nii o toone. N kabaa kam ná ye kaane, se n ke‑o de konto dwoŋi.
18Nmo ná yage n kabaa se o viiri, se n yé pa ko taa ye wo-chɛɔ ko pa‑m. Kokuri o toŋe o pa‑m bena yaredo mo ye o totoŋa yam daga ya dwoi wolo na toŋe o pa‑m ŋweero ŋwaane to totoŋa kuni belei. N Tu Baŋa Wɛ wom laam wó swɛ nmo swolim pa se kolo maama n na jege n toŋe to ke lanyerane ko pa‑m.
Sɔŋɔ-vara bu-kwe sem
19Le-na wo-bale selo á vara bam na dɛ yiga ba lo to se á kwei á pa á Tu Baŋa Wɛ wom. Yé ma-na naane dem konto á toŋe totoŋe, nam yé fane á pei sem konto koro. 20Bene maama wone abam de á sɔŋɔ tiina tiina bam jege se á vo jeiga kalo Baŋa Wɛ na wó kuri to ye á di wonnu tem konto o yiga ne. 21Varem wolo nam ná jege gɛɛ o yera ne, ne o ná ye vare-gwana, naa vare-lilwei, naa o jege tusim dwi delo, ko wo maŋe se á kwei wonto dwi á ma‑á ke kaanem á pa Baŋa Wɛ. 22Á nam jege se á kwei vara bam konto dwoŋi á di á sam ne mo. Ko nye de á na lage á di woŋa naa feira ye nɔɔna maama jege chwoŋa se ba di, ba ná maŋe ba kwɛ ba tete Wɛ ŋwaane naa ba wo kwɛ ba tete mo de. 23Ko nam chula se á di vara bam jana. Pa-na se jana bam lwo tega ne, ne á na wó lwo na á yage tei to.”",https://www.bible.com/bible/3661/DEU.15.KBG
NIA GULIM 16,"Atɔgebabaŋa kuri dem
Nwoŋim 12:1-20
1“Bene maama Abibi chana kam ne, á jege se á di Atɔgebabaŋa kuri dem á ma á zuli á Tu Baŋa Wɛ wom, kokuri kanto chana kam dɛ dedoa ne mo o jaane abam tete ne o ja nwoŋi Ejipti teo ne. 2Á ná lage á di Atɔgebabaŋa kuri dem, véi-na jeiga kalo á Tu Baŋa Wɛ wom na wó kuri se nɔɔna taa zuli o yere da to á ja varem wolo á na le á naane dem wone naa á pei sem naa bone dem wone to á go á ma ke kaanem á pa‑o. 3Á ná jeini á di varem wom nɔna yam, se á yé di bworobworo kolo na jege sabɔle to. Da yarepɛ wone á jege se á di bworobworo kolo sabɔle na wo woli ko wone to nenɛɛne á déem na ke tei ye á lage lela se á nwoŋi Ejipti ne á ya na yaare da to. Á ná yeini á di yaara bworobworo kom konto dwoŋi, á wó guli dɛ delo á na zaŋe á nwoŋi Ejipti ne to gula. 4Da yarepɛ yam maama wone, nɔɔn-nɔɔno ba jege se sabɔle ta wo o sɔŋɔ ne. Varem wolo á na wó go kuri dem boboa dɛ dem dedaan-ni ne to, á jege se á di o nɔna yam maama mo se tega laam poore. 5Abam ná wo teo kolo maama ne á Tu Baŋa Wɛ na lage o pa abam to, se á yé go Atɔgebabaŋa vara bam jei de jei, 6ko ná dae jeiga kalo o na wó kuri se nɔɔna taa zuli o yere da to yerane. Wɛ-zoore maŋa ne mo á wó go vara bam se ko maŋe de maŋa kalo á na yage Ejipti to. 7Saŋe-na nɔna yam á di Wɛ jeiga kam ne, se tega ná poore, á laam zaŋe á jwoori á vwoa ne. 8Da yaredo yalo na saŋe to wone, á wó di bworobworo kolo na ba jege sabɔle ko wone to mo, se da yarepɛ dɛ dem ná yia, á la daane se á kɔgɔ kom maama zuli á Tu Baŋa Wɛ wom. Á ba jege se á toŋe dɛ dem konto ne.
Ga-kwea kuri dem
Nwoŋim 34:22; Chullu 23:15-21
9Á ná bobo se á zage á wodiiru tem, jeeli-na da yarepɛ yarepɛ kuni berepɛ, 10se á laam di Ga-kwea kuri dem á ma‑á zuli á Tu Baŋa Wɛ wom. Kwei-na á wo-ywoŋo pɛɛra se ko maŋe de Baŋa Wɛ na ke zaane á baŋa ne tei to á ja vo á zuli‑o. 11Á jege se á vo jeiga kalo á Tu Baŋa Wɛ wom na wó kuri se nɔɔna taa zuli o yere da to á di kuri dem de wopwolo o yiga ne. Ko wó taa ye abam, de á bia, de á kabɛ, ko woli de Levi tiina, de veira, de botara, de kadeina balo maama na zoore á tetare ne to mo. 12Guli-na we á déem ye kabɛ mo Ejipti ne, se á ke á yuu ne se á sɛ Wɛ nia yanto maama.
Vwoa chwiim kuri dem
Nwoŋim 23:16; Chullu 23:33-43; Jeelim 29:12-34
13Á ná fere á wodiiru tem maama á ti, ye á ta kwori á ŋoke á Vini tio-bia bam maama á ti, á laam jege se á ke da yarepɛ á di Vwoa chwiim kuri dem mo. 14Tɔge-na de á bia, de á kabɛ, ko woli de Levi tiina, de veira, de botara, de kadeina balo maama na zoore á teene dem ne to, á di kuri dem de wopwolo. 15Á wó vo jeiga kalo á Tu Baŋa Wɛ wom na wó kuri to á ke da yarepɛ á di kuri dem á ma‑á zuli‑o. Á wó ta‑á jege wopwolo lanyerane, Baŋa Wɛ na ke zaane á baŋa ne de á wodiiru de kolo maama á na toŋe to ŋwaane.
16Bene maama wone kuni betɔ mo á baara bam jege se ba vo jeiga kalo á Tu Baŋa Wɛ wom na wó kuri to ba jeeri o yiga ne ba zuli‑o. Ko wó taa ye Bworobworo-memene kuri dem, de Ga-kwea kuri dem, de Vwoa chwiim kuri dem mo. Nɔɔno maama nam jege se o taa zei pɛɛre mo o ja vo o ma zuli Baŋa Wɛ. 17Nɔɔno maama wó kwei pɛɛre se ko maŋe de Baŋa Wɛ na ke zaane o baŋa ne o woli‑o tei to mo o ja jeeri.
Bora borem
18Teo kolo maama á Tu Baŋa Wɛ na lage o pa abam to wone, kuri-na nakwa de yiga tiina se ba wane ba tɔge chega ba di nɔɔna taane. 19Nmo nam ná di nɔɔno taane, n dae se n zege vwa wone, naa n pu nɔɔn-nɔɔno kwaga n bora borem ne. Ko dae se n jwoŋi dim, bɛŋwaane pɛɛra wae ya dwei nɔn-ŋona tete yia ye ya kweele chega taane ya pa se de ji vwa. 20Yɔɔre-na á tɔge chega borem lanyerane se ko pa á wane á zo tega kalo á Tu Baŋa Wɛ wom na lage o pa abam to wone á dáane.
21Á ná lage á lɔ bimbini á pa á Tu Baŋa Wɛ wom, ta‑á yei-na se á yé kwei daa á ma‑á sare Asera nyenyego á zege da se á zuli-ko. 22Nam ta yé chwi-na kandwɛ se de taa ye jwoni de pa abam. Baŋa Wɛ chuli wonnu tem konto maama.",https://www.bible.com/bible/3661/DEU.16.KBG
NIA GULIM 17,"1Yé kwei-na varem wolo na jege gɛɛ naa tusim o yera ne to á ma‑á kaane á pa á Tu Baŋa Wɛ wom, se o chuli konto.
2Abam ná tu á ba á zoore jei selo Baŋa Wɛ na lage o pa abam to ne, dɛ delo á wó na we baaro naa kaane zaŋe o ke lwarem á Tu Baŋa Wɛ wom yiga ne ye o lɔ Wɛ ni-gwonim dem kwaga ne. 3Wonto na chɔge Wɛ nia yam tei to ye nenɛɛne o ná kuni dwonna o zuli jwona naa o zuli wea kam, naa chana kam, naa chalechwe sem. 4Sawea kanto dwoŋi ná to á zwa ne, á jege se á tɔge ka nɛ se á lɔre chega kam. Nɔɔno wom nam ná seene o toŋe wo-lɔŋɔ kom konto Isarele teo kom ne, 5se á ja konto tu á nwoŋi á vo teo kom dáa ne á dole‑o de kandwa á go. 6Ko nam jege se nɔɔna balei naa batɔ mo pa maana ye ya lɔ o kwaga ne se ba laam go‑o. O ba jege se o te nɔɔno dedoa yerane maana baŋa ne. 7Maana-para bam mo jege se ba da yiga ba dole kandwa se nɔɔna bam maama pu ba kwaga ba dole kotu. Kanto chwoŋa kam mo á wó tɔge á ma‑á saare lwarem dem konto abam tetare ne.
Taana yalo na dana ya dwoi to taane
8Nɔɔna ná jege taana ye ya chamma ya dwoi á yiga tiina bam se ba bore bora, se á kwei taana yam konto dwoŋi á ja á vo jeiga kalo á Tu Baŋa Wɛ wom na wó kuri se nɔɔna zuli‑o da to. Ne ko ná ye nɔn-gora taane, naa zonne keim taane, naa jejegero maŋem taane, ye á ware se á pɔɔre chega kam, 9ko maŋe se á vo á guli taane dem á bere Levi dwi tiina balo na ye Wɛ kaanem tiina to, de wolo na nii taana yam baŋa ne da yam konto ne to, se banto wó bore chega bora ba pa abam. 10Ba ná guri taane dem Baŋa Wɛ zula jeiga kam ne ye ba ta se á ke kolo maama, se á fɔge á ke-ko. 11Sɛ-na ba bora borem dem á daare á tɔge ba na wó bere abam ni delo se á ke to maama, se á yé tusi de fenfee de. 12Wolo maama nam ná zeiŋi o tete ye o ve wolo na di taane dem to ni, naa o ve Wɛ kaanem tu wolo na toŋe o pa Baŋa Wɛ to ni, kotu jege se o te mo. Kanto chwoŋa kam mo á wó tɔge á ma‑á saare lwarem dem konto Isarele teo kom ne. 13Ko kwaga ne Isarele tiina bam maama ná nigi kolo na ke to, foone wó ja-ba, pa se ba daa yé zeiŋi ba tete ba ve bora borem.
Isarele tiina bam Pɛ
14Abam ná tu á zo tega kalo á Tu Baŋa Wɛ wom na lage o pa abam to, á laam wó boŋe se á tiŋi pɛ se o taa tei abam, nenɛɛne teene delo na gilimi abam to na jege pwa tei to. 15Nam tiŋi-na wolo yerane á Tu Baŋa Wɛ wom na wó kuri to se o ji á pɛ. O jege se o taa ye abam tete dwi tu mo. Yé zaŋe á tiŋi-na veiru se o ji á pɛ. 16Pɛ wom ba jege se o sisein-nɔɔna tiini se puli se gaale. O nam ba jege se o toŋe nɔɔna se ba vo Ejipti ba yeigi sisein-nɔɔna ba pa‑o, kokuri Baŋa Wɛ pɛ abam ni we, á daa yé jwoori á vo dáane. 17Pɛ wom ba jege se o taa jege kaana dedɛ, banto na wae ba pae se o lɔ Wɛ kwaga ne to ŋwaane. O nam ba jege se o tiini o beeri dunni o pa o tete.
18O ná bobo se o di paare, ko jege se o vo Wɛ kaanem tiina bam tei mo o beeri Wɛ nia yam se ba lwoni ya dwonna ba tiŋi tɔnɔ wone ba pa‑o. 19O ta ná ŋwe, tɔnɔ kom wó taa wo o tei ne se o taa wae o gare Wɛ nia yam konto dɛ maama. Konto wó pa se o taa kɔre Baŋa Wɛ ye o daare o toŋe o tɔge Wɛ nia yam de o chullu tem maama. 20Ko ta wó che pɛ wom se o yé zeiŋi o tete we o gare o chorro tem, se o yé ywori Wɛ nia chwoŋa kam wone o vo jazem naa jagwia seeni. Ko ná ke konto, o paare dem wó dáane, ye o dwi dem de wó taa jege paare Isarele teo kom wone ba di.”",https://www.bible.com/bible/3661/DEU.17.KBG
NIA GULIM 18,"Levi dwi tiina
1“Wɛ kaanem tiina bam de Levi dwi tiina bam maama ba jege se ba jwoŋi ba nyem tega kam pɔɔrem baŋa ne, ne ba dwonna Isarele tiina bam na wó na tei to. Ba nam wó na chwoŋa se ba jwoŋi ba teiri pɛɛra yalo nɔɔna na kaane ba pa Baŋa Wɛ to wone, nenɛɛne ko na maŋe se ba jwoŋi to. 2Ba ba jege se ba taa tei ba tete tega, ne ba chorro tem na nɛ tei to. Baŋa Wɛ tete mo ye ba nyem, nenɛɛne o na pwooli de-ba tei to.
3Nɔɔno ná tu o kaane naao naa pia o pa Wɛ, kaanem tiina bam jege chwoŋa se ba le vɔŋɔ, de peyaa, de puga ba pa ba tete. 4Ko ta ná ye Wɛ pɛɛra yalo na ye mena, de sa-doora, de nuga, de pei-koro, ye te lwoori yiga te ke to, wonnu tento de wó taa ye Wɛ kaanem tiina nyem mo. 5Kokuri to, abam Tu Baŋa Wɛ wom pɔɔre Levi dwi dem Isarele dwia yam maama wone se banto de ba bia taa toŋe ba pa‑o o wara-jei sem ne, se ko taa vei wuu.
6Levi tu ná boŋe se o nwoŋi á teo kolo maama o na zoore to ne se o vo jeiga kalo Baŋa Wɛ na wó kuri to, o jege chwoŋa se o ke konto, 7se o vo o toŋe o pa o Tu Baŋa Wɛ wom ne o dwonna Levi tiina bam de na toŋe ba pa‑o tei to. 8Wonto de jege chwoŋa se o taa jwoŋi o wodiu se ko taa mae de babam bam na jwoŋi tei to mo, de o ná maŋe o jwoŋi kolo o kwo jejegero tem baŋa ne de.
Wo-zɔɔna kikia
9Á ná tu á zo á Tu Baŋa Wɛ wom na lage o pa abam tega kalo to wone, se á yé lwoni totoŋ-zɔɔna yalo dwi-gɛ tiina balo na zoore da ye ba toŋe to. 10-11Ko chula se abam wolo zwɛ o bu mini wone o ma ke kaanem. Ko ta chula se yi-nara, de vora, de chera, de liri-mwa tiina taa wo abam tetare ne ba toŋe ba totoŋa. Baŋa Wɛ chuli balo na dole sabu-pwona ba ma beeri ba nii ba yiga to de, dedaane chichiri vora maama. 12O chuli balo maama na toŋe totoŋ-vɛɛsa yam konto dwoŋi to. Ko maa ye konto ŋwaane mo o lage o da á yiga o zeili dwi-gɛ tiina bam se abam wane á zo da. 13Abam nam jege se á yɔɔre á tɔge á Tu Baŋa Wɛ wom chwei sem, se á yé tusi de fenfee de.
Baŋa Wɛ ni-jwoŋinu
14 Dwi-gɛ tiina balo á na wó zeili to yeini ba cheigi vora de yi-nara veera yam mo. Abam Tu Baŋa Wɛ wom nam wo pɛ abam pwola se á ke konto. 15O za wó toŋe o ni-jwoŋinu á tei ne, ne amo na ye tei to. Wonto wó nwoŋi abam tete dwi dem wone mo. Nam cheigi-na o taane dem.
16Abam déem na gilimi daane Sinayi peo kom teiŋa ne dɛ delo to, á lwoori á we, á daa ba lage se á ni Baŋa Wɛ kwora kam vekke, á nam ba lage se á na Wɛ min-vo-fɔrɔ kom, á na fona we á wó te to ŋwaane. 17Baŋa Wɛ ma ta de amo o we:
‘Nɔɔna bam na lwoori kolo to maama jege chega. 18Amo wó pa se amo ni-jwoŋinu nwoŋi ba dwi wone, ne nmo de na ye tei to, ye a toŋe‑o ba tei ne. Amo wó bere‑o a taane dem, se o lwoni o bere nɔɔna bam. 19O na wó taa ŋɔɔne amo yere ŋwaane to, wolo maama ná ve se o sɛ o ni, amo tete wó seene yia mo a bwei kotu. 20Sampwora kalo maama nam ná mɛ amo yere o ŋɔɔne taane ye ko dae amo mo pɛ‑o taane dem, konto tu jege se o te mo. Ko ta ye bedwe mo de sampwora kalo na wó ma wa yadwonna yere o pworisi to, wonto de jege se o te mo.’
21Á nam wae á bwei nenɛɛne, á wó ke tɛ mo á lɔre we sampwora kanto na ŋɔɔne kolo to seene ko ye Baŋa Wɛ taane naa ko dae. 22Ne sampwora ná mɛ Baŋa Wɛ yere o ŋɔɔne taane ye kolo o na tage to wo ke, ko bere we ko dae Baŋa Wɛ kwora mo o ŋɔɔne. Sampwora kam konto zeiŋi o tete mo o ŋɔɔna. Á ba jege se á ta‑á kɔre‑o.”",https://www.bible.com/bible/3661/DEU.18.KBG
NIA GULIM 19,"Ka-duri-ka-zo-ka-seigi teene
Jeelim 35:9-34; Josua 20:1-9
1“Abam Tu Baŋa Wɛ wom laam wó chɔge dwia yalo á na lage á kwei ya tega á ta‑á tei to. Á wó vo á zeili-ba ye á daare á ta‑á zoore ba teene de ba sam wone. 2Á ná tu á zoore tega kam ne, se á kuri teene detɔ se nɔɔno maama wane o ke lela o duri o vo o yi de dedoa wone. 3Pɔɔre-na tega kam laŋa kam kuni betɔ se á daare á fɔge chwei se nɔɔno ná go o dwoŋi, se o wane o duri o lu o zo teene dem konto dedoa wone o seigi da.
4Mo ko na wó ke tei ko pa nɔɔno wolo na go o dwoŋi ye o wo paale o ke to. Ko ná dae we ba ya maŋe ba done daane, nɔɔno wom konto wó wane o duri o zo teo kom o jwoŋi o tete o yage. 5Ko maŋe de nɔɔna balei ná dɛ daane ba zo kagoa se ba gwoni dɛ. Ba dedoa ná wora o zage tio pa se o dwooru yuu le ko mage wodwoŋi wom ko go, o wó wane o duri o vo o zo teene dem konto dedoa o seigi se o jwoŋi o tete. 6Ko ná dae konto, ye chwoŋa kam ná tiini ka dɔra, wolo na tege to yera nɔɔno wó wane o pare nɔn-goro wom o yi ye o tɔge o ban-zɔŋɔ kom baŋa o ja‑o o go. Kotu nam wo maŋe se o te, o na wo paale o go o dwoŋi wom to ŋwaane. 7Mo kokuri a pɛ abam ni we á kuri teene detɔ ka-duri-ka-zo-ka-seigi ŋwaane.
8Abam Tu Baŋa Wɛ wom ná pɛ se á laŋa kam tiini ka yale, ne o na pwooli de á nabaara bam se o ke tei to, ye á ba á tei tega kam maama, 9ko jege se á ta kuri teene detɔ mo á woli da. Á nam wó ta‑á tɔge Wɛ nia yalo maama amo na pɛ abam zem tento to, se á ta‑á swoi á Tu Baŋa Wɛ wom ye á tɔge o chwei sem, se o laam woli tega kam maama o pa abam se á ta‑á tei. 10Á jege se á kuri teene detɔ á woli da, se nɔɔna balo na wo maŋe se ba te to yé te. Abam ná wo ke konto, ye nɔɔno ná tega konto dwoŋi tega kalo Baŋa Wɛ na lage o pa abam to wone, o jana wó ta wo á yuu ne.
11Nɔɔno nam ná maŋe o chuli o dwoŋi ye o beeri pwola se o go‑o, ko ye o paale mo. Konto tu laam ná duri o vo o zo teene dento dedoa wone se o seigi, 12o tete teo kom nakwa mo jege se ba toŋe ba ja‑o ba jwoori ba teo kom, se ba daare ba ke‑o wolo o na go to yera nɔɔno jeŋa ne. O jege se o te mo. 13Yé duri-na nɔn-goro ŋwaŋa. Saare-na keim-lɔŋɔ konto dwoŋi Isarele laŋa kam ne se á ŋwea wane ka ke lanyerane ka pa abam.
Faŋa faŋa siseina yam
14Abam ná tu á zo tega kalo á Tu Baŋa Wɛ wom na lage o pa abam se á ta‑á tei to wone, nɔɔn-nɔɔno yé zaŋe o di o zo o dwoŋi siseini delo na maŋe de lɔ de tiga faŋa faŋa to.
Maana para taane
15Taane ná wora ye nɔɔno dedoa yerane mo ná pɛ maana keim-lɔŋɔ ŋwaane, ko bá wane ko pa se nɔɔno to de o bora. Ko jege se maana-para taa ye balei naa batɔ mo se ba bere we kotu gɛ bora. 16Nɔɔno ná kwaane se o pa ko zo o dwoŋi yera ye o bwɛ‑o Wɛ nia chɔgem baŋa ne, 17ba maama balei mo jege se ba vo ba zege Baŋa Wɛ yiga ne ba tole taane dem ba bere Wɛ kaanem tiina bam de balo na nii taana yam baŋa ne da yam konto ne to. 18Banto mo wó nii ba taane dem wone zii ba kwaane ba lɔre ko ye chega naa vwa. Ba ná nɛ we nɔɔno wom bwɛ o dwoŋi Isarele tu vwa wone, 19ba jege se ba waare kotu de waarem delo o ya na boŋe se o pa o dwoŋi na to mo. Kanto chwoŋa kam mo á wó tɔge á ma‑á saare lwarem dem konto abam tetare ne. 20Ko kwaga ne Isarele tiina bam maama ná nigi kolo na ke to, foone wó ja-ba, pa se nɔɔn-nɔɔno daa bá ke keim-lɔŋɔ konto dwoŋi. 21Yé duri-na vwa-nyem ŋwaŋa. Ŋwea mo ba wó chɔge ba ma ba leiri ŋwea, yi mo ba wó le ba ma leiri yi, yeili mo ba wó guri ba ma leiri yeili, jeŋa mo ba wó le ba ma leiri jeŋa, naa naga mo ba wó ma leiri naga.”",https://www.bible.com/bible/3661/DEU.19.KBG
NIA GULIM 20,"Tigura seeni taane
1“Á ná nwoŋi se á kwaare jara de á dona, ye á ná nɛ we ba jar-keira, de ba torokooro, de ba sisein-nɔɔna daga te dwoi abam, yé kɔre-na foone. Á Tu Baŋa Wɛ wom na vere abam Ejipti tiina jeŋa ne to wó taa wo á tei ne. 2Á ná nwoŋi se á ke jara yam, Wɛ kaanem tu mo wó nwoŋi o zege á yiga ne o ta de jar-keira bam o we:
3‘Cheigi-na, Isarele tiina bam, á zem na lage á kwaare jara de á dona to, yé kɔre-na foone. Nam yé pa-na se á yera ta sae, naa se á vɔna pare. 4Abam Tu Baŋa Wɛ wom mo lage o da á yiga o ja jara yam o pa abam, se á wane á dona á di.’
5Ko kwaga ne jar-keira dedɛɛra bam wó zaŋe ba ta de nɔɔna bam maama ba we:
‘Abam wolo maama ná lɔge diga ye o ta wo lwoori Wɛ swolim o yage ka baŋa ne, se kotu jwoori sɔŋɔ! Kotu ná zo jara wone ye o te, nɔn-gaa mo wó jwoŋi-ka o taa tei.
6Abam wolo nam ná puli o Vini teeni gaare ye o ta wo nɛ chwoŋa se o di tio-bia bam ywoni, se kotu de jwoori sɔŋɔ! Kotu ná zo jara wone ye o te, nɔn-gaa mo wó vo o di tio-bia bam.
7Abam wolo de ná jei se o wuli kaane leile ye o ta wo di‑o, se kotu jwoori sɔŋɔ! Kotu de ná zo jara wone ye o te, nɔn-gaa mo wó di kaane wom.’
Dedɛɛra bam ta wó ta ba woli da ba we:
8‘Abam wolo baare ná jei ye foone jege‑o, kotu jwoori sɔŋɔ, se o yé pa se nɔɔna badwonna bam wo leere.’ 9Dedɛɛra bam ná ŋɔɔne tento ba ti, ba laam wó kuri yiga tiina se ba taa nii jar-keira bam popɔra maama baŋa ne.
10Abam ná yeini á lage á kwaare jara de teo kolo, pa-na ko nɔn-bia bam pwola se ba lwoori yibwona abam tei ne. 11Ba ná sɛ ba pa abam ye ba pore ba teo kom ni se á wane á zo, á wó fe teo kom nɔɔna bam maama se ba taa toŋe totoŋ-chɛɛra ba pa abam. 12Ko daare teo kom nɔɔna ná ve, ye ba daare ba kwaare jara de abam, ko jege se á kaare-ko mo á pu. 13Á Tu Baŋa Wɛ wom ná ke teo kom konto á jeŋa ne se á wane-ko, se á go baaro wolo maama na wo ko wone to. 14Ko nam ná ye kaana bam, de bia bam, de vara bam, á wae á kuri ba wone se á kwei á pa á tete, ko woli de jejegero telo maama na wo teo kom ne to. Á jege chwoŋa se á kwei kolo maama na ye á dona nyem to á ta‑á jega. Ko ye Baŋa Wɛ mo kwei-te o pa abam. 15Mo abam na wó toŋe tei de teene delo na ye yiga yiga, ye de dae tega kanto teene mɛ ne abam na wó zo to.
16Ko daare ko ná ye teene delo á Tu Baŋa Wɛ wom na lage o pa abam se á ta‑á tei to, á jege se á go nɔɔna balo maama de vara balo maama na wo de wone to mo. 17Yɔɔre á chɔge ba maama fase Wɛ ŋwaane. Ko ná ye Hiti tiina, de Amori tiina, de Kanaan tiina, de Pɛrizi tiina, de Hivi tiina, de Jebusi tiina bam maama, se á chɔge-ba ne Baŋa Wɛ na pɛ abam ni se á ke tei to. 18Ko ná dae konto, ba wó pa se á ke wɛleere á chɔge á Tu Baŋa Wɛ yiga ye á lwoni totoŋ-zɔɔna yalo ba na toŋe ba ma zuli ba jwona yam to mo.
19Abam ná vei á kwaare jara de teo kodwoŋi, ye á ná kaare-ko á pu á dáane, yé zage-na teeni delo na wo teo kom ni ne to á de tega ne. Á jege chwoŋa se á di de tio-bia bam, se á yé chɔge teeni dem. Teeni dem dae á dona se á kwaare jara de dento. 20Ko nam ná ye teeni delo á na yei we de ba leiri bia to, á jege chwoŋa se á zage-de ye á daare á kwei dɛ sem á ma‑á ke jara zela yalo na wó woli abam se á kaare teo kom á pu se á laam wane ko nɔn-bia bam to.”",https://www.bible.com/bible/3661/DEU.20.KBG
NIA GULIM 21,"Nɔn-gora taane
1“Abam ná tu á zoore tega kalo wone á Tu Baŋa Wɛ wom na lage o pa abam se á ta‑á tei to, á ná nɛ ba na go nɔɔno pwola ne ye á yeiri wolo na go‑o to, 2á nakwa de balo na nii taana baŋa ne to mo wo nwoŋi ba vo ba maŋe too wom na tigi mɛ to se ko vo yi teene delo na bwola de ka jeiga kam to. 3Teo kolo na ye bwola bwola de jeiga kam to nakwa bam laam maa wó lage na-chwɛ delo ba ta na wo mɛ ba toŋe to. 4Ba jege se ba ja naao kom ba vo bwolo kolo nɔɔna ta na wo vage naa ba du wodiiru da ye nabara kalo na na buri to wora. Dáane mo ba wó jujugi ko ba ba bwori. 5Levi dwi kaanem tiina de jege se ba taa wora mo se ba nii totoŋe dem. Kokuri to á Tu Baŋa Wɛ wom kuri banto mo se ba taa toŋe ba pa‑o ba daare ba taa sɔɔle Wɛ swolim ba ke o nɔɔna yuu ne. Baŋa Wɛ pɛ-ba dam se ba kwɛ taane delo maama na jege ni-kantɔgɔ naa zonne keim to. 6Teo kolo na bwola de jeiga kam to nakwa bam laam maa wó sane ba je na-teko kom baŋa ne, 7ye ba ta jaja ba we, ‘Ko dae debam mo go nɔɔno wom. Dé yia nam wo nɛ wolo na toŋe dento totoŋe dem to. 8Baŋa Wɛ, dé lwoori‑m se n yage Isarele tiina tusim n ma‑n chɛ-ba, se dé ye nmo nɔɔna mo nmo na vere n yage to. Nɔɔno wonto na wo ke kolokolo ye ba go‑o to, yé pa se ko taa wo debam yuu ne.’ Ba ná tage konto, Baŋa Wɛ wó yage keim-balɔrɔ kom o ma chɛ abam. 9Á ná tɔge ni delo Baŋa Wɛ na pɛ abam to, á wó saare lwarem dem á tetare ne, ye o toone dem bá taa wo á yuu ne.
Kaana balo ba na vere jara baŋa ne to taane
10Abam ná kwaare jara de á dona ye á Tu Baŋa Wɛ wom kwei-ba o ke á jeŋa ne pa se á wane-ba ye á ja ba badwonna á ja viiri, 11abam wolo ná nɛ kaane na lamma ba wone ye n lage se n di n ma‑n ke kaane, 12n jege chwoŋa se n ja kotu n vo sɔŋɔ. O laam wó cheeri o yuu, ye o daare o dɔɔre o ja-fwa. 13O jege se o lɔɔre gwaaro telo o ya na zo o tete teo ne to ye o leiri o zo tedwonna. O maa wó maŋe nmo sɔŋɔ ne chana dedoa o keeri o kwo de o nu. Chana dedoa kam kwaga ne n laam jege chwoŋa se n peini ded‑o, n na pɛ se o ji n kaane to ŋwaane.
14Ko ná wora ko wora ye n daa‑n ba lage‑o, se n yage‑o se o viiri zɛɛra. O jege chwoŋa se o vo mɛ o na lage to. N na fe‑o pa se o peini dede‑m to ŋwaane, n bá‑n wane n yeigi‑o n jwoŋi sabu naa n bɛɛse‑o ne n kabaa tei.
Bu-kwea taane
15Nɔɔno wolo ná jege kaana balei pa se ba maama lo bakeiri ba pa‑o, ye bu-kwea kam ná maŋe o dae o ka-swono kom bu, 16o na wó pɔɔre o jejegero tem o pa o bia bam tei to, o ba jege chwoŋa se o kwei-te o woli o ka-swono kom bu wom de pɛɛre delo na ye bu-kwea kam nyem to. 17O nam jege se o zege wolo na ye o bu-kwea kam chekke to kwaga ne, ye o pa‑o o jejegero tem maama wone popɔra kuni belei, ne ko na maŋe se bu-kwea jwoŋi tei to, ko ná maŋe ko dae o ka-swono kom bu de.
Zwabani-nyem taane
18Nɔɔno wolo ná jege bu na ye yi-dɛɛre de zwabani-nyem ye o ba sɛ o kwo de o nu, ne ba na maŋe ba waare‑o tei maama de, 19o tiina bam jege se ba ja‑o mo ba vo o teo kom manchwo-peena yam ni ne ba jeeri teo kom nakwa bam se ba di o taane. 20Ba wó ta de nakwa bam ba we, ‘Dé bu ye yi-dɛɛre de zwabani-nyem mo. O yeini o ba sɛ debam ni taane. O ta kwori o ye nɔn-kwolo de sa-nyɔro.’ 21Teo kom baara bam maama laam jege se ba la mo ba dole‑o de kandwa ba go. Á ná ke konto, á wó saare lwarem dem á tetare ne. Isarele tiina bam maama ná nigi kolo na ke to, foone wó ja-ba.
Chullu tedwonna
22Nɔɔno ná ke keim-lɔŋɔ kolo na maŋe de toone to, ye ba ná go‑o ba daare ba lei o yera daa baŋa ne, 23ko dae se á pa se too wom taa page daa kam baŋa ne se tega ba ka poore. Á jege se á ke too wom dɛ dem konto ne mo. Wolo ba ná leigi daa yuu ne ba go, Wɛ sɔɔlem mo wo kotu yuu ne. Á nam jege se á suli‑o mo tega ne se ko yé chɔge tega kalo á Tu Baŋa Wɛ wom na lage o pa abam se á ta‑á tei to.”",https://www.bible.com/bible/3661/DEU.21.KBG
NIA GULIM 22,"Chullu tedwonna
1“N ná nɛ n dwoŋi naao naa o pia na maa jia, yé pu n yia n yage se varem wom jei. Nam ja-ko n jwoori n vo n pa kotu. 2Kotu nam ná wo yiga yiga naa n ná yeiri wolo na tei varem wom, ja-ko n vo n sɔŋɔ se n ta‑n nii-ko. Kotu laam ná tu o beeri o varem wom, se n kwei n pa‑o. 3Ko ta ná ye n dwoŋi bonaga, naa o gɔrɔ, naa o woŋo kolo maama mo ná jei, se n ke konto dwoŋi. Yé pu n yia n yage se ko jei. 4N ná wo chwoŋa ne, ye n ná nɛ n dwoŋi bonaga naa o naao ná toa, yé gaale n kɛ. Woli‑o se o ja-ko o zege.
5Kaana dae se ba zo baara gwaaro. Baara de nam ba jege se ba zo kaana gwaaro. Abam Tu Baŋa Wɛ wom chuli balo na toŋe yanto totoŋa to.
6N ná nɛ zuŋa na jei ka pwogo ne tio yuu ne naa tega ne, ye ka ná vɔge chechara baŋa ne mo naa ka wora de ka bia mo, ko dae se n kwei zuŋ-nu wom. 7N jege chwoŋa se n ja ka bia bam, naa chechara yam n viiri se n daare nu wom se o kɛ. Ke konto se n ŋwea ke lanyerane ye n wane n dáane tega kam baŋa ne.
8Abam wolo ná lage o lɔ diga, kotu jege se o lɔ naware mo o kaare ka nayuu kom o che. N ná ke konto, ye nɔɔno ná zege ko yuu ne o to tega ne, kotu jana bá taa wo n yuu ne.
9Abam wolo ná dugi Vini teeni o gaare ne, kotu yé du wo-gaa o woli o gaare dem konto ne. N ná ke konto, wodiiru dwi dwi dem konto bá taa ye nmo nyem. N jege se n pɔɔre-te mo n pa Wɛ.
10Yé pa se nabea de bonaga sale daane se vaŋe vɔrɔ.
11Nam yé zo gɔrɔ kolo ba na mɛ gare-ŋone yera yera ba ma sɔ-ko to, ne ko ná ye lɔŋɔ dedaane pei koro gare-ŋone.
12Ko ná ye gare-daŋɔ kolo n na wó zo to, se n seere-ko se kuna taa wo ko nia yana yam ne.
Baro de o kaane taane
13Nɔɔno ná swo kaane o peini ded‑o ye ko kwaga ne o daa ba lage‑o, 14o wó wane o fɔ vwa o daŋe o baŋa ne we, o na tu o peini de kaane wom to, o lɔre we o maŋe o lɔre baara ye o laam swoi‑o. O ná pɛ se kaane wom tiini o na chaveera konto dwoŋi, 15bukɔ wom kwo de o nu mo jege se ba kwei gɔrɔ kolo na bere we bukɔ wom lɔre baara o baro wom tei ne to mo ba ja vo teo kom manchwo-peena yam ni ba bere teo kom nakwa. 16Bukɔ wom kwo wó ta we, ‘A kwei a bukɔ a pa nɔɔno wonto se o di o ma ke o kaane, ye leile o daa ba lage‑o. 17O nam fɔge vwa o pa‑o we, o lɔre baara ye o laam zo‑o. Nii-na ba boboa sare-peiga gɔrɔ na taŋe de jana to mo tento. Konto nam bere we a bukɔ wom lɔre baara wonto tei ne mo.’
18Teo kom nakwa bam laam wó ja nɔɔno wom mo ba waare‑o lanyerane. 19Ba ta jege se ba jwoŋi lu-nyenno sabu-dala bi mo baaro wom tei ne se ba kwei ba pa bukɔ wom kwo, baaro wom na chɔge Isarele tiina bukɔ to ŋwaane. Bukɔ wom daa ta wó taa ye o kaane se ko taa nii o toone mo. O ba jege chwoŋa se o yage‑o.
20Baaro wom nam na tage tei to ná ye chega mo ye kolokolo tera se ko bere we bukɔ wom maŋe o wo lɔre baara, 21ba jege se ba ja bukɔ wom mo ba nwoŋi o kwo sɔŋɔ ne, ye ba zege‑o pwooni yiga ne se teo kom baara bam dole‑o de kandwa ba go. O ta na zoore o kwo sɔŋɔ ne to o ke ka-bworo totoŋ-zɔɔna pa se chaveera di Isarele tiina bam. Konto ŋwaane, á jege se á saare lwarem dem konto mo á tetare ne.
22Baaro ná peini de nɔɔno wodwoŋi kaane ye á peere-ba, á jege se á go ba maama balei mo, se á wane á saare lwarem dem konto Isarele laŋa kam ne.
23Ba ná kwei bukɔ ba pa se o zo baro ye kotu ta wo peini ded‑o, nɔɔno wodwoŋi ná nɛ‑o teo wone o ja o peini, 24á wó ja-ba á nwoŋi teo kom dáa mo á dole de kandwa á go. Bukɔ wom jege se o te, o na wo teo wone ye o wo kaase se ba jwoŋi‑o ba yage to ŋwaane. Ko daare baaro wom jege se o te de o na chɔge bukɔ wolo na ye nɔɔno wodwoŋi kaane to mo. Konto ŋwaane, á jege se á saare lwarem dem konto mo á tetare ne.
25Nɔɔno nam ná wo pwola ne mo ye o zi bukɔ wolo na lage o zo baro to, baaro wom yerane mo jege se o te. 26Á ba jege se á ke busankana kam kolokolo. O wo ke o tusi se ko maŋe de o toone. Keim konto dwoŋi nye de nɔɔno na li o dwoŋi o go to mo, 27se baaro wom zi bukɔ wom pwola ne mo ywoo. Nɔɔn-nɔɔno tera se o jwoŋi bukɔ wom o yage, de o na maŋe o kaase tei to de.
28Nɔɔno ná jeeri bukɔ wolo ta na yeiri baara to o zi‑o, ye ba ná peere-ba, 29o wó ŋwe bukɔ wom kwaga kwora mo o pa bukɔ wom kwo se ko maŋe de lu-nyenno sabu-dala finnu. O ta jege se o di‑o o ma ke o kaane mo, o na zi‑o o peini ded‑o to ŋwaane. O ŋwea maama wone pwola tera se o yage‑o maŋa de maŋa.
30Nɔɔn-nɔɔno yé fɔge o ke o kwo chaveera se o peini de o kwo kaane wodwoŋi.”",https://www.bible.com/bible/3661/DEU.22.KBG
NIA GULIM 23,"Baŋa Wɛ kɔgɔ kom chullu
1“Nɔɔno wolo ba na lwe to de wolo ba na gwoni o peini ba yage to ba jege chwoŋa se o tɔge o taa wo Baŋa Wɛ nɔn-kɔgɔ kom wone.
2Bia balo de ba na wo loge kadiri wone to de ba naaro se ko taa vei kuni fuga laŋa ne to de bá tɔge ba taa wo Baŋa Wɛ nɔn-kɔgɔ kom wone.
3Ko ta ná ye Amon de Moaba tiina bam, banto de ba jege chwoŋa se ba tɔge ba taa wo Baŋa Wɛ nɔn-kɔgɔ kom wone, ko woli de ba naaro se ko taa vei kuni fuga laŋa ne. 4Kokuri á déem na nwoŋi Ejipti ne á maa kɛa to, ba ve se ba woli abam de na de wodiu, ye ba kwori ba yeigi Beora bu Balaam de sabu se o sɔɔle lwarem o yage á baŋa ne. Beora déem zoore Mesopotamia teo Petora ne mo. 5Abam Tu Baŋa Wɛ wom déem maa wo sɛ Balaam sɔɔlem dem, o na tiini o swoi abam to ŋwaane. O ma pipiri sɔɔlem dem o pa de ji swolim de pa abam. 6Maŋa kalo maama abam dwi dem na wó taa wora to, se á yé zaŋe á toŋe totoŋa á ma‑á zeini Amon de Moaba tiina bam se á pa ba taa zoore de yazura.
7Nam yé gwooni-na Edom tiina, se ba ye á chorro mo. Á ta yé gwooni Ejipti tiina bam, se á déem ye veira mo ba teo kom ne. 8Banto naaro tem ko zege dwi kuni betɔ laŋa ne se ko taa tua jege chwoŋa se ba tɔge ba taa wo Baŋa Wɛ nɔn-kɔgɔ kom wone.
Jar-keira bam tigisim jeiga kwɛɛm
9Á ná tigisi daane se á kwaare jara de á dona, se á ta‑á cho-na á tete de kolo maama na jege digiru Wɛ chullu tem seeni to.
10Nɔɔno wolo nywanno tem ná lwogi tete ne, kotu jege se o nwoŋi dáa mo se o daa yé jwoori nɔn-kɔgɔ kom wone dɛ dem konto ne, o na chɔge o tete de Wɛ chullu tem to ŋwaane. 11Dedaan-ni ne mo o wó swɛ o yera, ye wɛ ná zoa, o laam jege chwoŋa se o jwoori o peini jar-keira bam tigisim jeiga kam ne.
12Lage-na jei na ye dáa dáa de á tigisim jeiga kam to se á ta‑á vei á zege nɛ da. 13Á ná lage á vo á zege nɛ sem, le-na vɔrɔ á zela yam ne á ja vo se á ko gwoŋo. Á ná zege á ti, se á daare á suli beinnu tem. 14Pa-na se á tigisim jeiga kam taa ye wose, á Tu Baŋa Wɛ wom na kare o choa abam se o pa á wane á dona á di to ŋwaane. Ko dae se o na wo-zɔɔne á tetare ne se o viiri o daare abam.
Wɛ nia dwi dwi
15Dwi-gɛ tu kabaa ná duri ka yi á teo kom se ka dale á tei ne, yé zeili‑o á pa o jwoori o tu tei. 16Pa‑o chwoŋa se o kuri á teene dem wone mɛ o na wó taa zoore to. Á ba jege se á bɛɛse‑o.
17Isarele tu, baaro naa kaane, ba jege se o bwoori jwona zulim ŋwaane. 18Á nam ba jege se á kwei kabworim kikia sabu á ja á vo Baŋa Wɛ wara-jei sem se á ŋwe kampwola jene. Abam Tu Baŋa Wɛ wom chuli kabworim dwi maama.
19N ná mɛ wodiu mo naa sabu naa woŋo kolo maama mo n jene n pa n dwoŋi Isarele tu, yé ta‑n lage nyɔɔre ko baŋa ne. 20Ko nam ná ye veira, n jege chwoŋa se n na nyɔɔre ba jena baŋa ne, se n yé ta‑n lage nyɔɔre n dwoŋi Isarele tu tei ne. Á ná tu á zo tega kam á tei, tɔge-na ni dem konto se á Tu Baŋa Wɛ wom wó swɛ abam swolim se kolo maama á na jege á toŋe to ke lanyerane ko pa abam.
21N ná gwoni ni n pa Baŋa Wɛ, yé dáane se n kwei n ni dem. Á Tu Baŋa Wɛ wom wó bwei‑m n wɛleere dem konto ŋwaane. 22N nam ná wo gwoni ni n pa Wɛ, wɛleere de bá taa wora. 23N ná gwoni ni, ko ye n tete boboŋa ŋwaane mo pɛ se n pwooli. Konto to, nii ko baŋa ne se n kwei n ni dem lela.
24N ná tɔge n dwoŋi gaare o na dugi Vini teeni de wone to n via, n jege chwoŋa se n di de tio-bia bam ne n na wae tei to. Za n yé gwori n ke n tampɔgɔ ne n ja n viiri. 25Ko ta ná ye n dwoŋi kara mo n tɔge da n via, n jege chwoŋa se n bwori mena n yu n done. Za n yé ma sekwara n ma‑n gaane-ya.”",https://www.bible.com/bible/3661/DEU.23.KBG
NIA GULIM 24,"Baaro de o kaane taane
1“Abam wolo ná swo o kaane ye o laam ba o ba lage kaane wom, o na ke kolo na jege chaveera to ŋwaane, kotu wó wane o popone kaane yagem tɔnɔ o pa‑o ye o zeili‑o se o viiri. 2O ná ke konto ye kaane wom vo o zo baaro wodwoŋi, 3pa se wonto de laam ba o boŋe we o daa ba lage kaane wom ye o de popone kaane yagem tɔnɔ o ma zeili‑o o sɔŋɔ ne, naa o baro balei tu wom ná tega, 4o boboa baro wom ba jege chwoŋa se o jwoori o swoi‑o maŋa de maŋa, kaane wom na chɔge o tete de baaro wodwoŋi wom to ŋwaane. O ná jwoori o swoi‑o, o chugi Baŋa Wɛ yi mo. Yé ja-na wɛleere dem konto dwoŋi á vo á chɔge tega kalo á Tu Baŋa Wɛ wom na lage o pa abam se á ta‑á tei to.
5Nɔɔno ná swo ka-dooro ye ba ta wo ke bene dedoa daane, o dae se ba woli‑o jar-keira wone, naa se ba pa o toŋe kɔgɔ wo totoŋa. Pa-na se o kwɛ totoŋa bene dedwe se o wane o maŋe sɔŋɔ ne o pa se o kaane wom wo pwoli.
Wɛ nia yadwonna
6N ná kwei woŋo n jene n pa nɔɔno ye o lage se o tiŋi daare, nam yé kwei o diga kam namim n ja n viiri, ko na ye kolo o de o diga tiina na mae ba ke ba ni-wodiu to ŋwaane.
7Nɔɔno wolo maama ná zi o ja o dwoŋi Isarele tu se o fe‑o se o ji o kabaa naa o yeigi‑o mo o pa kabɛɛne ne, kotu jege se o te mo. Ke-na konto se á saare lwarem dem konto á tetare ne.
8Naywaane jaweo kom ná jege‑m, fɔge n ta‑n yei se n ke ne Wɛ kaanem tiina bam na wó bere‑m tei maama to. Tɔge-na bera yalo amo na maŋe a pa-ba to chekke. 9Guli-na á Tu Baŋa Wɛ wom na toŋe tei de Miriam maŋa kalo á na nwoŋi Ejipti ne á maa kɛ to.
10N ná kwei woŋo n jene n pa nɔɔno, ye tɔge n zo o diga se n jwoŋi gɔrɔ kolo o na lage o ma tiŋi daare to. 11Ta‑n pɔe pwooni ne se o tete ja o nwoŋi o pa‑m. 12O ná ye yiniga tu, yé pa se o gɔrɔ kom peini n sɔŋɔ ne. 13Wɛ ná lage de zo, se n jwoori n kwei o gɔrɔ kom n pa‑o se o ma o kwoli o tete. Keim dem konto wó pa se o ke nmo lei ko ŋwaane. N Tu Baŋa Wɛ wom de wó pa ko taa ye totoŋ-laao mo n kea.
14Nabwom ná toŋe o pa‑m sabu ŋwaane, se n yé zaŋe n peene‑o, o ya ze ye n choro Isarele tu, naa veiru mo na zoore n teo kom wone to. 15Dɛ maama ŋwe o sabu n pa‑o se wɛ laam zo. O na ye yiniga tu to, o teena wo sabu kom baŋa ne mo. N ná wo ŋwe‑o, o wó kaase o jare Baŋa Wɛ mo n ŋwaane, pa se ko ji wɛleere n yuu ne.
16Kwoa ba jege se ba te ba bia kikia ŋwaane. Bia de nam ba jege se ba te ba kwoa kikia ŋwaane. Nɔɔno ná maŋe se o te, ko wó taa ye o tete yuu lwarem ŋwaane mo.
17Ko ná ye botara de veira balo na zoore á wone to, yé vane-na ba chega se ba yé na bora. Nam yé kwei kadeim gare-jale n ma n tiŋi daare. 18Guli-na we abam déem ye kabɛ mo Ejipti ne, ye á Tu Baŋa Wɛ wom laam ba o jwoŋi abam o yage. Mo kokuri a tage Wɛ ni dem konto a pa abam se á ta‑á tɔga.
19Abam ná wora á gwei á wodiiru tem ye á ná pɛ á daare men-pwoa yadwonna á yage kara ne, daa yé jwoori-na á vo á pɛ-ya. Yage-na-ya á pa veira, de botara, de kadeina se á Tu Baŋa Wɛ zaane taa wo á baŋa ne de kolo maama á na lage á toŋe to. 20Á ná sugi á Olivi teeni dem se de tio-bia bam to ye á pɛ-ba, su-na bedwe yerane. Balo laam na daare to wó taa ye veira, de botara, de kadeina nyem mo se ba vo ba lare.
21Á ná gwori á Vini tio-bia bam, se á ta vo á gwori-ba bedwe yerane. Balo na daare to ye veira, de botara, de kadeina nyem mo se ba laam vo ba lare. 22Yé fɔge á swei we abam de déem ye kabɛ mo Ejipti ne. Mo kokuri a tage Wɛ ni dem konto a pa abam se á ta‑á tɔga.”",https://www.bible.com/bible/3661/DEU.24.KBG
NIA GULIM 25,"Wɛ nia yadwonna
1“Abam nɔɔna balei ná saŋe daane se ba di taane, ba wó bore bora ba pa dedoa ye wowom wom to. 2Wolo na to to ná maŋe se ba mage‑o, dedɛɛro wom wó pa se o peini o puga baŋa ne mo se ba laam fere‑o. Ferem dem na wó taa mae tei to nam jege se de maŋe de lwarem delo o na ke to mo. 3Ba jege chwoŋa se ba fere‑o se ko yi kuni finna mo. Ko ba jege se ko dwoni konto. Ko ná dwoni konto, á wó tiini á gwooni kotu mo.
4N ná jege nabea n ma n toŋe n faao, yé vɔ ka ni se ka yé wane men-bia bam ka di.
5Chorro telei ná zoore daane sɔŋɔ dedoa ne ye dedoa ná tega ye o ba jege bakeira, o kadeim wom ba jege se o zo pwooni yiga nɔɔno. Too wom choro kom mo jege se o swo kadeim wom, ne ko na maŋe se o ke tei to. 6Ba na wó lo da-yiga bakeira kalo to wó taa ye too wom bu mo, se o dwi dem yé saare Isarele dwi tiina bam wone.
7Too wom choro kom nam ná ba lage se o swoi‑o, kadeim wom wó vo teo kom manchwo-peena yam ni ne o jeeri nakwa bam mo ye o ta de-ba we, ‘Amo baro choro kom ba lage se o toŋe kolo na wó pa se o choro kom na dwi Isarele dwia yam wone to.’ 8Teo kom nakwa bam laam maa wó bwoŋi‑o se o ba ye ba ŋɔɔne ded‑o. O ta ná ve se o swo kadeim wom, 9kaane wom laam wó fɔɔre o yi o tei mo nakwa bam yiga ne, ye o le nɔɔno wom natere dedwe o daare o twe lileeru o ke o yibia ne, ye o ta o we, ‘Tento mo ba jege se ba ke de wolo na ve se o pa o choro kom lo dwi to.’ 10Isarele dwi tiina bam laam wó taa bwoi nɔɔno dwi dem konto we, ‘Ba na le nɔɔno wolo natere dedwe to sɔŋɔ tiina’.
11Baara balei ná jege daane ye ba dedoa kaane yi se o zeini o baro wom, o ná jaane baaro wowom wom manchala seeni mo o vaŋe, 12yé duri-na kaane wom ŋwaŋa. Nam gwoni-na o jeŋa.
13-14Yé zaŋe n pini nɔɔna de n na maŋe wonnu tei n yeigi to. Ko dae se n ta‑n jege luuru telei n tampɔgɔ wone n ma n maŋe wonnu dum, naa n jege bwɛ selei na dae bedwe to. 15Nam ma luuru de bwɛ selo na ye chekke to yerane n ta‑n ma n maŋe wonnu n yeiga. Ke konto se n wane n dáane tega kalo á Tu Baŋa Wɛ wom na lage o pa abam to wone de momwɛ-dɛɛre. 16Kokuri to, abam Tu Baŋa Wɛ wom chuli balo na toŋe yanto totoŋa ye ba pini ba dwonna to.
Amaleki tiina bam chɔgem
17Guli-na Amaleki tiina bam déem na ke abam tei maŋa kalo á na nwoŋi Ejipti ne á maa kɛ to. 18Á déem na bugi ye á bwona maŋa kalo to, ba jeeri abam chwoŋa ne ye ba go abam balo na wo kwaga ne ba waleme ba vei to maama. Konto mo ba mɛ ba bere we ba ba kɔre Wɛ. 19Mo kokuri, á Tu Baŋa Wɛ wom ná tu o pa se á dona maama daa yé daane abam ye á sii de wo-zuru tega kalo o na lage o pa abam se á ta‑á tei to wone, se á laam saare Amaleki tiina bam logo baŋa maama ne se nɔɔn-nɔɔno daa yé guli ba gula. Yé swei-na se á ke konto!”",https://www.bible.com/bible/3661/DEU.25.KBG
NIA GULIM 26,"Wodiiru zagem pɛɛra
1“Abam ná tu á zo tega kalo á Tu Baŋa Wɛ wom na lage o pa abam se á ta‑á tei to ye á ná jeini da, 2nɔɔno maama jege se o le wodiiru telo na lwoori yiga te ke o tega kam ne to o ke kayaa wone, se o ja o vo jeiga kalo Baŋa Wɛ na wó kuri se nɔɔna zuli o yere da to mo. 3Nmo wó vo n ta de Wɛ kaanem tu wolo na wora o nii jei sem da yam konto ne to n we:
‘A tɛ chega Baŋa Wɛ wolo nmo na toŋe n pa‑o to yiga ne we amo seene a zo tega kalo Baŋa Wɛ na gwoni ni de dé nabaara bam we o wó pa debam to wone.’ 4Kaanem tu wom wó jwoŋi n kayaa kam o zege Baŋa Wɛ kaanem bimbini dem yiga ne. 5Nmo laam wó ta taane dento nmo Tu Baŋa Wɛ wom yiga ne we:
‘Amo nabaaro déem ye Aram tu na yeini o beeri to mo. O déem ma ja o diga tiina o vo Ejipti o zoore dáane. Ba déem na vei da to, ba ye fenfee yerane mo, ye ba laam ba ba puli ba ji dwi delo na dana lanyerane. 6Ejipti tiina bam ma bɛɛse debam de je-dɛa ye ba fe debam pa se dé toŋe totoŋ-dɛɛra dé pa-ba. 7Dé laam ma kaase dé jare dé nabaara Baŋa Wɛ wom se o zeini debam dé chanɛɛre dem wone. O déem ma maane dé yaara yam dedaane dé wo-chechɔgɔ kom, ye o daare o sɛ dé wɛ-lworo kom. 8Baŋa Wɛ ma tɔge o dam baŋa ne o toŋe wo-kamunnu dedaane wo-kenkagela se o ma fugi Ejipti tiina bam ye o daare o vere debam ba jeŋa ne. 9O ma ja debam o ja ba ywo-seeni ye o pa debam te-ŋoŋa kanto na ywomma de varem de kɔnɔ to. 10Mo kokuri amo laam kwei wodiiru telo na lwoori yiga te ke tega kam ne to se a pa‑o. Baŋa Wɛ, ko ye nmo mo pɛ-ne wodiiru tem konto.’
Laam kwei kayaa kam n zege Baŋa Wɛ bimbini dem yiga ne se n daare n tiiri n zuli‑o da. 11Nmo dedaane n sɔŋɔ tiina wó di ywoni lanyerane, wo-laaro telo Baŋa Wɛ na ke o pa abam to ŋwaane. Levi tiina de veira balo na zoore á tetare ne to dé wó tɔge de abam ba di ywoni.
Wodiiru Wɛ-teiri
12Bena yatɔ bene dem maama wone, á ná le popɔra dedoa á wodiiru tem popɔre fuga wone se á pa Wɛ, kwei-na Wɛ-teiri dem konto á pa Levi tiina, de veira, de botara, de kadeina. Á ná ke konto, balo na zoore á teene dem ne to wó na wodiu ba di ba su. 13Á laam maa wó daare á ware á Tu Baŋa Wɛ wom á ta we:
‘Amo seene a tɔge n ni dem ye a le Wɛ-teiri delo na ye nmo nyem to a sɔŋɔ ne a kwei a pa Levi tiina, de veira, de botara, de kadeina mo. A bere a wo lɔge n bera yam kwaga ne naa a swei ya swia de fenfee de. 14Ko ná ye Wɛ-teiri dem, maŋa kalo a na wo lua wone to de, a wo di wodiiru tem konto kolokolo. A na digiri Wɛ chullu tem seeni to, a wo le kolokolo te wone a ja nwoŋi. A nam wo kwei-te a ma zuli twa. Amo Tu Baŋa Wɛ, a tɔge nmo ni dem chekke ye a ke nmo na bere-ne tei to maama. 15Konto to, zege n wɛyuu sɔŋɔ kom ne n tiiri n nii n nɔɔna Isarele tiina bam se n swɛ debam swolim, se n daare n nii tega kalo n na pɛ debam ne n na gwoni ni de dé nabaara bam se n ke tei to. Ka maa ye te-ŋoŋa na ywomma de varem de kɔnɔ to.’
Baŋa Wɛ nɔɔna na maŋe se ba toŋe tei to
16Abam Tu Baŋa Wɛ wom zem bere abam se á toŋe á tɔge o nia yanto de o chullu tento lanyerane. Ta‑á sɛ-na-ya de á boboŋa maama de á bochare maama. 17Á zem tage jaja we Baŋa Wɛ mo ye abam Tu Wɛ, se á ta‑á tɔge o chwei sem chekke. Á nam ta wó toŋe á tɔge o nia yam, de o bera yam, de o chullu tem maama, ye á sɛ o kwora kam. 18Baŋa Wɛ de zem tage jaja we o kuri abam se á ta‑á ye o tete nɔɔna balo o na jega lonne ŋwaane to, ne o na maŋe o pwooli tei to. Abam nam ye se á ta‑á sɛ o nia yam mo. 19O ta wó pa se á yere zaŋe de dwoni dwia yalo maama o na ke to, pa se á na zula de tia ba tei ne. Abam wó ta‑á ye nɔɔna balo á Tu Baŋa Wɛ wom na pwɛ o pa o tete, ne o na maŋe o pwooli se o ke tei to.”",https://www.bible.com/bible/3661/DEU.26.KBG
NIA GULIM 27,"Ba popone Wɛ nia yam kandwa baŋa ne
1Moses de Isarele nakwa bam laam ma ta de nɔɔna bam ba we, “Ta‑á tɔge-na Wɛ ni dem maama a na bere abam zem to. 2Á ná tu á bɛ Jɔdan buga kam á zo tega kalo á Tu Baŋa Wɛ wom na lage o pa abam to, á jege se á chwi kandwa-kamuna, á daare á fɔge-ya lanyerane de te-pwonnu. 3Á laam wó daare á popone Wɛ nia yanto maama á ke da. Á ná bɛ á zo tega kalo Baŋa Wɛ na lage o pa abam to, á jege se á ke konto mo. Ka maa ye te-ŋoŋa na ywomma de varem de kɔnɔ, nenɛɛne á nabaara Baŋa Wɛ wom na pwooli se o pa abam tei to. 4Á ná bɛ Jɔdan buga kam á kɛ á vo á yi Ebal peo kom, se á chwi kandwa yam konto á daare á fɔge-ya, ne a zem na bere abam se á ke tei to. 5Á ta wó kwei kandwa yadwonna á ma lɔ bimbini á pa á Tu Baŋa Wɛ wom. Á nam yé ma-na luuru á sare kandwa yam á ma á lɔ-de. 6Beeri-na kandwa-dale se á ma á lɔ bimbini dem, se á daare á ke zwɛɛm kaanem de baŋa ne á pa Baŋa Wɛ. 7Á ta wó ke yazura kaanem da, ye á tɔge daane á di ye á ke wopwolo á Tu Baŋa Wɛ wom yiga ne. 8Á jege se á popone Wɛ nia yanto maama á ke kandwa yalo á na chwi to baŋa ne mo, se botare sem taa nae jaja.”
Zwabania wó ja sɔɔlem ka ba
9Moses de Levi dwi tiina balo na ye Wɛ kaanem tiina to déem ma ta de Isarele tiina bam maama ba we, “Isarele tiina bam, cheigi-na sɔɔ se á ni a taane dem. Abam zem jigi á Tu Baŋa Wɛ tete nɔɔna mo. 10Konto to, sɛ-na o kwora kam se á ta‑á toŋe á tɔge o nia yam de o bera yam ne a zem na pɛ abam tei to.”
11Dɛ dem konto ne mo Moses déem tage de Isarele tiina bam o we:
12“Á ná bɛ Jɔdan buga kam á ti, Isarele dwia yanto mo jege se ya zege Gerizim peo yuu ne se ba kwei Wɛ zaane ba ma swɛ nɔɔna bam swolim: Simeon, de Levi, de Judah, de Isakara, de Josɛf, de Benjamin. 13Se dwia yanto de zege Ebal peo yuu ne se ba sɔɔle lwarem ba ke da: Ruben, de Gad, de Asere, de Zebulun, de Dan, de Nafitali.
14Levi tiina bam mo maa jege se ba tɔɔle botare-bia banto de kwor-dɛa ba ta we:
15‘Nɔɔno wolo ná kwei daa o ma sare jwoni, naa o mɔ kamɔgɔ, se o seigi o taa zuli-de, Wɛ wó sɔɔle lwarem o yage kotu baŋa ne, Baŋa Wɛ na chuli woŋo kolo gɔgɔ na ke o zuli to ŋwaane.’
Nɔɔna bam maama maa wó leiri we, ‘Ameena’.
16‘Nɔɔno wolo ná ba nege o kwo de o nu, Wɛ wó sɔɔle lwarem o yage kotu baŋa ne.’ Nɔɔna bam maama maa wó leiri we, ‘Ameena’.
17‘Nɔɔno wolo ná fofɔ o dwoŋi siseini, Wɛ wó sɔɔle lwarem o yage kotu baŋa ne.’ Nɔɔna bam maama maa wó leiri we, ‘Ameena’.
18‘Nɔɔno wolo ná gane lilwei se o tusi o chwoŋa, Wɛ wó sɔɔle lwarem o yage kotu baŋa ne.’ Nɔɔna bam maama maa wó leiri we, ‘Ameena’.
19‘Nɔɔno wolo ná kweele veiru, naa botaro, naa kadeim chega kam, Wɛ wó sɔɔle lwarem o yage kotu baŋa ne.’ Nɔɔna bam maama maa wó leiri we, ‘Ameena’.
20‘Nɔɔno wolo ná yaale o kwo yuu ye o peini de o kwo kaane wodwoŋi, Wɛ wó sɔɔle lwarem o yage kotu baŋa ne.’ Nɔɔna bam maama maa wó leiri we, ‘Ameena’.
21‘Nɔɔno wolo ná lage varem ye o peini ded‑o, Wɛ wó sɔɔle lwarem o yage kotu baŋa ne.’ Nɔɔna bam maama maa wó leiri we, ‘Ameena’.
22‘Nɔɔno wolo ná lage o nakɔ ye o peini ded‑o, o ná maŋe o ye o kwo bu naa o nu bu de, Wɛ wó sɔɔle lwarem o yage kotu baŋa ne.’ Nɔɔna bam maama maa wó leiri we, ‘Ameena’.
23‘Nɔɔno wolo ná peini de o tenkaane, Wɛ wó sɔɔle lwarem o yage kotu baŋa ne.’ Nɔɔna bam maama maa wó leiri we, ‘Ameena’.
24‘Nɔɔno wolo ná seigi o go nɔɔno, Wɛ wó sɔɔle lwarem o yage kotu baŋa ne.’ Nɔɔna bam maama maa wó leiri we, ‘Ameena’.
25‘Nɔɔno wolo ná jwoŋi sabu se o go nɔɔno wolo na wo maŋe se o te to, Wɛ wó sɔɔle lwarem o yage kotu baŋa ne.’ Nɔɔna bam maama maa wó leiri we, ‘Ameena’.
26‘Nɔɔno wolo ná ve Wɛ nia yanto se o taa toŋe o tɔge-ya, Wɛ wó sɔɔle lwarem o yage kotu baŋa ne.’ Nɔɔna bam maama maa wó leiri we, ‘Ameena’.”",https://www.bible.com/bible/3661/DEU.27.KBG
NIA GULIM 28,"Ni-sɛɛm wó ja Wɛ swolim de ba
Chullu 26:3-13; Nia Gulim 7:12-24
1“Á ná sɛ á Tu Baŋa Wɛ wom kwora ye á toŋe á tɔge o nia yam amo na pɛ abam zem tento to, Baŋa Wɛ wó pa se á yere zaŋe de dwoni teene delo maama na wo logo kom baŋa ne to. 2Sɛ-na o ni dem chekke se swolim dento maama taa ye á nyem ye de woli abam maŋa maama:
3Wɛ swolim wó taa wo á teene dem baŋa ne de á kare sem baŋa ne. 4Wɛ swolim wó taa wo á bia baŋa ne, de á wodiiru baŋa ne, de á vara baŋa ne, ne ko ná ye á naane, de á pei, de de bia maama. 5Wɛ swolim wó taa wo á mena tetwaro baŋa ne, de á nwanno tem baŋa ne. 6Wɛ swolim wó taa wo á kikia maama baŋa ne, ne ko ná ye totoŋa yalo á na ke diga ne, de yalo á na ke pwooni ne to maama.
7Á dona ná nwoŋi se ba kwaare jara de abam, Baŋa Wɛ wó wane-ba o pa abam. Ba kɔgɔ kom wó da chwoŋa dedoa ba ba abam baŋa, ye ba laam jage ba da chwei serepɛ ba duri se ba lu abam jeŋa ne.
8 Baŋa Wɛ wó swɛ swolim o ke á tuli baŋa ne, de á jeŋa totoŋa maama baŋa ne, pa se á na swolim lanyerane tega kalo o na lage o pa abam to wone.
9Abam ná sɛ Baŋa Wɛ ni maama ye á tɔge o chwei sem, o wó fɔge abam pa se á ta‑á ye o tete nɔɔna, ne o na pwooli se o ke tei to. 10Ko maa wó pa se logo baŋa nɔɔna maama lɔre we á ye Baŋa Wɛ wom nyem, se ba ta kɔre abam. 11Baŋa Wɛ wó pa se á ŋwea maama ke lanyerane, se á ta‑á jege bia dedɛ, de vara dedɛ, de wodiiru dedɛ, ne á ná tu á zo tega kalo ne o na pwooli de á nabaara se o pa abam to. 12Baŋa Wɛ wó zege o wɛyuu sɔŋɔ kom ne o toŋe doa se ka ne á kare sem ne, pa se wodiiru telo á na dugi to ke lanyerane. O na wó ke zaane á totoŋa maama baŋa ne to wó pa se á ta‑á jene á pae dwi-gɛ tiina dedɛ. Abam nam bá jwoŋi jena nɔɔn-nɔɔno tei ne. 13Baŋa Wɛ wó pa á ta‑á wo nɔɔna maama yiga ne mo, ye á bá ta‑á wo ba kuri ne. Chega to, á ná sɛ á Tu Baŋa Wɛ wom kwora ye á toŋe á tɔge o nia yam amo na pɛ abam zem tento to, á wó ta‑á vei yiga mo maŋa maama ye á daa bá jwoori kwaga. 14Ko ná ye Wɛ nia yalo a na pɛ abam zem to, yé ywori-na ya wone se á vo jazem naa jagwia seeni. Á nam yé zaŋe á zuli wa-yɔɔro.
Zwabania wó ja sɔɔlem ka ba
Chullu 26:14-46
15Abam ná ve á Tu Baŋa Wɛ kwora kam ye á wo sɛ se á tɔge o nia yam amo na pɛ abam zem to chekke, lwarem dento maama wó ba á baŋa:
16 Baŋa Wɛ wó sɔɔle lwarem o yage á teene dem de á kare baŋa ne. 17Baŋa Wɛ wó sɔɔle lwarem o yage á mena tetwaro baŋa ne, de á nwanno baŋa ne. 18Baŋa Wɛ wó sɔɔle lwarem o yage á bia baŋa ne, de á wodiiru baŋa ne, de á vara baŋa ne, ne ko ná ye á naane, de á pei, de de bia maama. 19Baŋa Wɛ wó sɔɔle lwarem o yage á kikia maama baŋa ne, ne ko ná ye totoŋa yalo á na ke diga ne, de yalo á na ke pwooni ne to maama.
20 Baŋa Wɛ wó ja lɛɛro de cham o ba abam baŋa ne, pa se á boboŋa vugimi de kolo maama á na lage á toŋe to. Chɔgem wó ba de ti abam lela, á na toŋe lwarem totoŋa ye á lɔ Baŋa Wɛ kwaga ne to ŋwaane. 21Baŋa Wɛ wó ja jawe-chɛɛro dwi dwi o ba abam baŋa ne, pa se nɔɔn-nɔɔno daa yé daare tega kalo á na lage á zo se á ta‑á tei to wone. 22O wó pa sesa-dwonnu, de paa, de yera foosem ba te ja abam. O ta wó toŋe wulim de da-kore de jawe-chɛɛro dwi dwi se te chɔge wodiiru telo á na dugi to. Lɛɛro tento maama wó taa jaane abam se ko ta nii á toone. 23Kunkwonnu bá taa wo wɛyuu ne. Tega kam wó ko mo kaŋ-kaŋ ne luuru tei. 24Á na teene doa, ka bá ba, ye fwogo de kasol-koro yerane mo á wó na. Te wó ba te chɔge abam te ti.
25 Baŋa Wɛ wó kwei abam o ke á dona jeŋa ne. Á kɔgɔ kom wó da chwoŋa dedoa á vo á kwaare jara de-ba, ye á laam jage á da chwei serepɛ á duri se á lu ba jeŋa ne. Logo baŋa dwi tiina maama ná nɛ kolo na wó ba abam baŋa to, ko wó tiini ko so-ba ye foone ja-ba. 26Á ná tega, zuna de kago-vara mo wó ba ba di abam yera ye nɔɔn-nɔɔno daa bá daare se o zeili-ba o yage.
27 Baŋa Wɛ wó pa se ŋɔn-pwoni lei abam yera ne, ne o déem na ke tei de Ejipti tiina bam to. O ta wó pa se sankwɛ, de tambwala, de kasili-nabiina to abam yera ne, ye yɔɔrem tera. 28Baŋa Wɛ wó pa se á yuni vuvugi, á yia de wó dwei ye á boboŋa vugimi. 29Wea tetare ne de á wó ta‑á kare á taane mo ne lilwoa tei. Á bá na nyɔɔre á totoŋa baŋa ne. Maŋa maama de, nɔɔna wó taa bɛɛse abam, ye ba vere á wonnu tem. Nɔɔn-nɔɔno nam bá taa wora se o jwoŋi abam o yage.
30Nɔɔno wolo ná vei o cha kaane se o di, nɔn-gaa wó zi kaane wom. Wolo ná lɔge diga, kotu bá zo ka wone. Wolo ná dugi kara, kotu bá na ka wodiiru o di. 31Ba wó zage á naane ba go á yibia ne, ye á bá na nɔna yam á done. Abam ná zege á nia, ba wó vere á bonɛ ba vaŋe ba ja kɛ, ye ba daa bá jwoori ba pa abam. Ba wó vere á pei sem ba kwei ba ke á dona jeŋa ne ye nɔɔn-nɔɔno tera se o woli abam. 32Ba ta wó ja á bia bam, bakeiri de busankane, ba vo ba ke dwi-gɛ tiina jeŋa ne. Á wó ta‑á zege chwoŋa ni ne taa á nia se á bia bam jwoori ye á ga. Á bá wane kolokolo á ke. 33Sa-teena mo wó ba ba vere wodiiru telo á na koore luluŋu á na to. Á wó yeini á ta‑á nae yaara de bɛɛsem yerane mo. 34Keim-chɛɛre delo á yia na wó na to wó pa se á yu-punnu vugimi. 35Baŋa Wɛ wó waare abam pa se ŋɔn-pwoni jwoŋi á nɛ sem maama. Se wó kwoli á yera yam maama ye se ba jia.
36 Baŋa Wɛ wó zeili abam de pɛ wolo á na wó kuri se o taa tei abam to se á jage á vo sa-teo yiga yiga, teo kolo abam de á nabaara bam ya na yeiri ko ni ne to. Jei sem konto ne á wó ta‑á zuli jwona yalo ba na mɛ dɛ dedaane kandwa ba ma ke-ya to. 37Teene delo wone Baŋa Wɛ na wó jage abam to tiina ná nɛ kolo na wó ke abam to, ko wó so-ba dedɛ. Á wó ji memaŋa de wo-mɔnɔ á pa-ba.
38Á wó du dedɛ á kare ne, ye á ba á zage fenfee, kayere na wó di á wodiu kom to ŋwaane. 39Á wó jeiri Vini teeni á daare á nii de baŋa ne, ye á bá gwori de bia bam naa á ŋoke nyoa bam se á nyɔ, kanzwa na wó chɔge á teeni dem to ŋwaane. 40Olivi teeni wó nwoŋi á tega kam jei maama ne, ye á za bá na de nuga mo, de bia bam maama na wó siiri to ŋwaane. 41Á wó lo bia, bakeiri de busankane, ye á bá ta‑á nii-ba, á dona na wó ja-ba ba ja viiri to ŋwaane. 42Á teeni dedaane á wodiiru maama ye kayere mo wó deilimi se ti.
43 Dwi-gɛ tiina balo na zoore abam teo kom ne to wó fɔge ba taa puli de dam, ye abam tete wó ta‑á jwoori kwaga. 44Banto wó taa jege sabu ba jene ba pae abam. Abam nam bá ta‑á jega se á jene á pa-ba. Ba wó taa ye abam yuu tiina mo, se á ta‑á wo ba dam kuri ne.
45Chega ŋwaane to, abam ná ve á Tu Baŋa Wɛ kwora kam ye á wo sɛ se á tɔge o nia yam de o bera yam maama, lwarem dento dwoŋi wó ba á baŋa de bá yage se ko yi á laam na tu á chɔge á ti to. 46Tento maama mo wó taa ye maana se nɔɔna lɔre we Wɛ ban-zɔŋɔ wo abam de á kwaga kam baŋa ne taa wuu.
47Abam wo sɛ se á ta‑á zuli á Tu Baŋa Wɛ wom de wopwolo ye á toŋe á pa‑o, de o na maŋe o pa á jeŋa jege wo-laaro dedɛ to. 48Mo kokuri á laam wó ta‑á toŋe á pae á dona balo Baŋa Wɛ na wó toŋe se ba wane abam to. Kana wó ja abam, na-nyɔm de wó ja abam. Zore de wó ja abam woŋo maama wone ye á ta‑á vei kalambwolo. Á wó ji kabɛ ye á na bɛɛsem se ko taa nii á ná tu á chɔge á ti.
49 Baŋa Wɛ wó le dwi delo na wo yiga yiga ye á ba ni ba taane to se ba popo ba ba abam baŋa ne, ne maao na yeini ko chaale ko wodiu tei to. 50Ba maa ye balo na jege wo-dɛɔ ye ba ba duri nɔɔn-nɔɔno ŋwaŋa, nɔn-kwe de bia de to mo. 51Ba wó ba ba vere á vara de á wodiiru maama ye ba daare abam se á pu de kana. Ba bere ba bá daare kolokolo, mena, de sana, de nuga, de naane, de pei, de bone. Ba wó vere te maama ba daare abam se á laam ba á chɔge á ti.
52Á dona wó nwoŋi ba ba tega kalo á Tu baŋa Wɛ wom na lage o pa abam to ba kaare á teene dem maama ba pu. Ko ná ye kabiri-dɛɛro telo na dɔra ye á boŋe we te wó che á dona yiga to, tento wó to tega ne buri-buri. 53Á dona na wó peene abam konto to, ko wó pa se á chɔɔre ye á laam di bia balo á Tu Baŋa Wɛ wom na pɛ se á lo to. 54-55Á dona ná kaare á teene dem maama ba pu, nɔn-yero wolo maama na bere o jege yibwona to de lage o di o tete bia mo, o na yaare de kana to ŋwaane. O nam bá sɛ se o chɛ nɔna yam o pa o choro, naa o ka-swono, naa o bia balo ta na daare to. 56Ka-yero wolo de na jege yibwona ye o yeiri yaara to de wó ma o kwaga o ya o baro wolo o na swoi to de o bia maama. 57O wó seigi o di bu-seseŋa kalo o na loge to de ka nyeene, ye o ba ke o chɛ o pa o diga tiina, kana na jege‑o ye wodiu tera to ŋwaane.
58Abam ná wo sɛ se á toŋe á tɔge bera yalo maama na popone ya tiŋi tɔnɔ konto ne to, ye á ná ve se á zuli á Tu Baŋa Wɛ yere-kamunu kom, 59o wó waare abam de á bia pa se jawe-chɛɛro lɔgese abam maama ye te bá jei. 60Jaweero telo dwoŋi Ejipti tiina déem na nɛ ye á jege te lwia to wó ba á baŋa ye á bá na te yɔɔrem jei. 61Baŋa Wɛ ta wó pa se jaweero de yaara yalo na maŋe ya wo popone ya tiŋi Wɛ nia tɔnɔ konto ne to ba abam baŋa se te chɔge abam fase. 62Á kɔgɔ kom seene ko puli ne wɛyuu chalechwe sem na daga tei to mo. De ko de, abam fenfee yerane mo wó daare, á na ve á Tu Baŋa Wɛ ni to ŋwaane. 63Ko ya pwoli Baŋa Wɛ wo mo se o ke abam lanyerane pa se á puli dedɛ. Ko laam nam wó pwoli o wo se o chɔge abam pa se á ti. O wó pa se ba vuuri abam ba gɔ tega kalo á na lage á zo to ne.
64 Baŋa Wɛ wó zeili abam pa se á jage á vo á yi logo baŋa teene dem maama. Dáane mo á wó ta‑á zuli jwona yalo ba na mɛ dɛ dedaane kandwa ba ma ba ke to. Abam de á nabaara ya yeiri wa-yɔɔro tem konto ni ne. 65Jei sem konto ne, á bá na kugu jei de bochare-zuru. Baŋa Wɛ wó pa se lwia taa jege abam. Á yia wó ba ya dwei ye á vɔna pare. 66Á bochara wó taa jaana ye foone jege abam wea de tete maama. Á wó ta‑á kɔre foone de toone maŋa maama. 67Á ná zaŋe zezeŋa ne, á wó ta nenɛɛne, ‘Ko ya ná ye dedaan-ni mo tento, ko ya wó taa gara.’ Dedaan-ni ne á maa wó ta we, ‘Ko ya ná ye zezeŋa mo konto, ko wó taa gara.’ Á wó ta‑á tɛ konto dwoŋi de wo-lwanno telo á yia na wó na pa se foone ja abam to. 68Baŋa Wɛ wó pa se á zo nabwooru á jwoori á vo Ejipti, de o na maŋe o pa abam ni se á daa yé da chwoŋa kam konto to. Á ná yi da, á wó kwaane se á yeigi á tete á pa á dona se á ji ba kabɛ, ye nɔɔn-nɔɔno bá sɛ se o yeigi abam.”",https://www.bible.com/bible/3661/DEU.28.KBG
NIA GULIM 29,"Ba jwoori ba ke ni-gwonim de Wɛ
1 Baŋa Wɛ déem na lage o gwoni ni de Isarele tiina bam Moaba laŋa ne to, taane delo o na tage de Moses se o lwoni o bere-ba to mo tento. Tento de nam ta lage te tɔge te woli de ni-gwonim delo Baŋa Wɛ na maŋe o ke o pa-ba Sinayi peo yuu ne to mo. 2Moses ma bwoŋi Isarele tiina bam maama ye o ta de ba o we:
“Abam tete maŋe á na Baŋa Wɛ déem na toŋe kolo de Ejipti Pa-faro wom de o nakwa de o teo kom maama to. 3Á yia mo nɛ chana yalo, de wo-kenkagela yalo, de wo-kamunnu telo Baŋa Wɛ na ke o ma faŋe Ejipti tiina bam o nii to. 4De zem maama de, o ta wo pɛ abam yia poore se á wane á ni kolo maama á na nɛ to kuri.
5 Baŋa Wɛ tage o we, ‘Bena fintɔ mo a tɔge abam yiga kagoa kam wone ye dé via. Á gwaaro nam wo zareme, ye á natera de wo chɔge. 6Á na beeri konto to, á wo di bworobworo ye á wo nyɔge sana. De ko de, a woli abam se á wane á lɔre we amo mo ye abam Tu Baŋa Wɛ wom.’
7Dé na yi ywo-seeni to, Hesebon teo Pɛ Sihon de Basan teo Pɛ Oga ma nwoŋi se ba kwaare jara de debam. Dé déem ma wane-ba. 8Dé ma kwei ba tega kam dé pɔɔre dé pa Ruben dwi dem, de Gad dwi dem, de Manasɛ dwi chichworo kom se ba taa tei.
9Ta‑á yei-na se á tɔge kolo maama na popone ko tiŋi ni-gwonim dem konto ŋwaane to, se ko pa kolo maama á na lage á toŋe to taa ke lanyerane ko pa abam. 10Zem dɛ dem ne, abam maama zege á Tu Baŋa Wɛ wom yiga ne mo, de á yuu tiina, de á nakwa, de á dedɛɛra, de Isarele baara bam maama, 11ko ta woli de á kaana, de á bia, de veira balo na zoore de abam ye ba gwoni dɛ ba daare ba mɔɔne na ba zeŋe ba pae abam to maama. 12Á tu se á sɛ ni-gwonim delo á Tu Baŋa Wɛ wom na dugi duuri o ma ke de abam zem to mo. 13Ni-gwonim dem konto bere we á seene á ye o nɔɔna bam se o de taa ye abam Tu Wɛ wom, ne o na maŋe o pwooli tei de abam, de á nabaara Abaraham, de Izaak, de Jakob to. 14-15Ko dae abam balo zem na zege debam Tu Baŋa Wɛ wom yiga ne to yerane mo o lage o du duuri o ma ke ni-gwonim dem konto de-ba, se ko ta ye á kwaga kam de mo o lage o ke o pa-ba.
16Á wó wane á guli dé déem na zoore Ejipti ne ye dé daare dé tɔge teene dedwonna wone dé kɛ dé ba ywo ye ko ke debam tei to. 17Á nɛ dwia yanto tiina na zuli wo-zɔɔna de jwona yalo ba na mɛ dɛ, de kandwa, de lu-nyenno, de sabu-seŋa ba ma ke to. 18Ta‑á yei-na se abam wolowolo yé lɔ dé Tu Baŋa Wɛ wom kwaga ne se o daare o vo o zuli dwi-gɛ tiina jwona. Ko ná ye abam balo zem na wora to wone baaro, naa kaane, naa sɔŋɔ kolo, naa dwi delo maama, se á yé zaŋe á ke konto.
Wolo maama ná tɔge jwo-yɔɔro, kotu wó taa nye de tei-kugu kolo na bege se ko laam ba ko lei tio-bi-balwaaro to mo. 19O wae o ni ni-gwonim dento na bere wonnu telo to ye o boŋe o yuu ne we, o ta wó na lanyerane de o na maŋe o jege yi-dɛɛre ye o ba tɔge Wɛ chwoŋa to de. Kotu nam wó ja chɔgem o ba abam maama baŋa ne, nɔn-ŋona de nɔn-balwaaro maama. 20Baŋa Wɛ bá yage nɔɔno wom konto wɛleera o ma chɛ‑o. O ban-zɔŋɔ za mo wó tɔrege kotu baŋa ne, pa se chana yalo maama na popone ya tiŋi tɔnɔ konto wone to ba kotu baŋa ne se ko taa nii o yere ná saare logo baŋa maama ne. 21Baŋa Wɛ wó le‑o Isarele dwia yam maama wone se o tiini o na chɔgem. Sɔɔlem delo maama na popone Wɛ nia tɔnɔ kom wone o ni-gwonim dem ŋwaane to maa wó to kotu baŋa ne. 22Abam kwaga kam de sa-teena balo na nwoŋi yiga yiga to jwa wó na chɔgem delo Baŋa Wɛ na wó pa de to tega kam baŋa ne se yaara dedɛ ta wora to. 23Á tega kam maama wó chɔge, yɛ de chilibugu na wó li-ka to ŋwaane. Ba bá wane kolokolo ba du ka wone. Wodiiru de bá ke da, ye gaaro tete bá wane te nwoŋi. Laŋa kam maama wó taa nye de Sodom, de Gomora, de Adema, de Zeboyiim teene dem déem na chɔge tei, Baŋa Wɛ ban-zɔŋɔ kom ŋwaane to. 24Dwi-gɛ tiina maama ná nɛa, ba wó taa bwei nenɛɛne, ‘Bɛ laam mo ke ye Baŋa Wɛ chɔge ba tega kam konto dwoŋi? Bɛŋwaane mo o bane tiini de zaŋe de-ba konto?’
25Nɔɔna wó leiri-ba ba we:
‘Ko wó taa ye we, Baŋa Wɛ nɔɔna bam chɔge ni-gwonim delo o na ke de-ba maŋa kalo o na jaane-ba o nwoŋi Ejipti ne to, de o na ye ba nabaara Wɛ wom to. 26De konto de, ba déem yage‑o ba daare ba zuli wa-yɔɔro mo, te na ye wa yalo ba ya na yeiri, ye Wɛ wo sɛ se ba zuli-ya to. 27Konto laam mo pɛ se Baŋa Wɛ bane zaŋe ba baŋa ne, ye o pa se sɔɔlem delo maama na popone tɔnɔ konto ne to ba ba tega kam baŋa ne. 28Baŋa Wɛ ma vuuri-ba o le ba tega kam ne, ye o laam dole-ba o yage sa-teo ne, o ban-lom dem ŋwaane. Dáane mo ba ta wora de zem maama.’
29Wo-siseigiru wora, te na maŋe te wo dé Tu Baŋa Wɛ wom boboŋa ne, se ko daare bera yalo o na veere o pa debam to, yanto mo ye debam de dé kwaga kam nyem se ko taa vei wuu, se dé wane dé taa tɔge o nia yam maama.”",https://www.bible.com/bible/3661/DEU.29.KBG
NIA GULIM 30,"Ba na wó ke tei se Baŋa Wɛ jwoori o ke-ba lanyerane
1“Amo laam nam bere abam Wɛ swolim dem de o sɔɔlem dem na wó taa ye tei to. Wonnu tento maama ná seene te ke abam baŋa ne, ye á Tu Baŋa Wɛ wom ná zeili abam o jage se á ta‑á zoore dwi-gɛ tiina tetare ne, á wó guli te gula. 2Abam de á kwaga kam laam ná pipiri á jwoori á Tu Baŋa Wɛ wom tei ye á sɛ o ni de á boboŋa maama de á wo maama, ne amo zem na bere abam tei maama to, 3Baŋa Wɛ wó duri á ŋwaŋa ye o jwoori o ke abam lanyerane. O wó pa á zege teene delo wone o na jage abam to se á jwoori ywo. 4Á ná maŋe á jage mo a zo logo kom gugworru yiga yiga de, Baŋa Wɛ wó la abam dáane o ja jwoori ywo. 5O wó pa á jwoori á zo tega kalo á nabaara déem na tei to, se abam tete de taa tei-ka. O ta wó pa se á fɔge á puli á dwoni á nabaara bam déem na ye tei to. 6Baŋa Wɛ wó kwɛ abam de á bia bochara, se á ta‑á wae á swoi‑o de á boboŋa maama, de á wo maama, se á dáane tega kam ne. 7O ta wó pa se lwarem delo o ya na sɔɔle o ke abam baŋa ne to yage abam se de pipiri de ba á dona baŋa ne, de balo maama na chuli abam to. 8Á wó jwoori á sɛ Baŋa Wɛ kwora ye á toŋe á tɔge o nia yam maama amo na pɛ abam zem to. 9Á Tu Baŋa Wɛ wom wó pa se á ŋwea ke lanyerane ye á totoŋa maama taa jege nyɔɔre. O ta wó pa á ta‑á jege bia dedɛ, de vara dedɛ, de wodiiru dedɛ. Ko wó pwoli o wo se o ke abam lanyerane, ne o yi déem na page á nabaara bam baŋa ne tei to mo. 10Abam nam jege se á sɛ á Tu Baŋa Wɛ wom kwora ye á toŋe á tɔge o nia de o bera yalo na popone ya tiŋi Wɛ nia tɔnɔ konto ne to mo. Á jege se á pipiri á jwoori o tei mo de á boboŋa maama de á wo maama.
Ŋwea de toone taane
11Wɛ nia yalo amo na pɛ abam zem to ba tiini ya dwoi á jaanem. 12Ko dae we ya tigi wɛyuu ne mo, se á ta‑á bwei da-tei ne we, ‘Wɔ mo wó wane o di o ja-ya o jwoori o ba o pa debam, se dé wane dé ni se de daare dé sɛ?’ 13Ko dae we ya wo naneo kom kakam daa ne, se á ta‑á bwei nenɛɛne, ‘Wɔ mo wó yɛ na o bɛ naneo kom o ja-ya o jwoori o ba o pa debam, se dé wane dé ni ye dé daare de sɛ?’ 14Aawo, ya zege ywo mo ya bwola de abam. Ya maŋe ya wo á ni ne de á bochara ne. Konto to, sɛ-na-ya chekke.
15Amo zem pɛ abam chwoŋa mo se á kuri lanyerane de balɔrɔ tetare ne kolo á na lage to, se á ta kuri ŋwea de toone de tetare ne. 16Amo zem pɛ abam ni se á ta‑á swoi á Tu Baŋa Wɛ wom se á daare á ta‑á tɔge o chwei sem, ye á sɛ o nia yam de o bera yam de o chullu tem maama. Á ná seene á ke konto, Baŋa Wɛ wó swɛ abam swolim pa se á fɔge á puli tega kalo á na lage á zo á jeini ka wone to. 17Ko daare, á ná lɔge o kwaga ne ye a ve o nia yam, ye á fera ná zo wa-yɔɔro se á zuli-te, 18ta‑á yei-na we á wó na chɔgem se á ti lela. Á ná vei á bɛ Jɔdan buga kam se á zo tega kam á ta‑á tei, á bá dáane ka wone ye á te.
19Zem dɛ dento ne a kwei wɛyuu kom de tega kam baŋa maama mo, se te taa ye maana abam de Baŋa Wɛ tetare ne. A pɛ abam chwoŋa se á kuri ŋwea de toone tetare ne, se á ta kuri Wɛ swolim de o sɔɔlem dem tetare ne. Konto to, twori-na ŋwea, se abam de á kwaga kam wane á ta‑á ŋwe, 20se á daare á ta‑á swoi á Tu Baŋa Wɛ wom á kwori á sɛ o kwora ye á sale‑o. Baŋa Wɛ ye wolo na wó pa abam momwɛ-dɛɛre, ne á ná zo tega kalo o na pwooli de á nabaara Abaraham de Izaak de Jakob se o pa-ba to wone.”",https://www.bible.com/bible/3661/DEU.30.KBG
NIA GULIM 31,"Josua jeini Moses jeiŋa jei ne
1Moses daa ta ma vo o ta de Isarele tiina bam o we:
2“Amo laam jege bena bi de finlei mo. A daa bá wane a da á yiga. Ko ta woli da, Baŋa Wɛ tage jaja de amo o we, a bá tɔge a bɛ Jɔdan buga kam. 3Abam Tu Baŋa Wɛ wom tete mo lage o da á yiga se á bɛ á vo á chɔge teene delo na wora to, ye á daare á zeili-ba pa se ba daare ba tega kam se á jwoŋi-ka á ta‑á tei. Josua mo wó taa wo á yiga ne ye á bɛ. Ko maama wó ke ne Baŋa Wɛ na bere tei to mo. 4Baŋa Wɛ wó chɔge nɔɔna bam konto ne o déem na ke Amori tiina pwa Sihon de Oga tei ye ba de ba teene dem maama chɔge to. 5Chega to, Baŋa Wɛ wó ke-ba á jeŋa ne se á wane-ba. Ko nam jege se á tɔge nia yalo amo na pɛ abam to se á chɔge-ba á ti. 6Ke-na dam á ke á tete kuri ne se á ta‑á jege baare. Yé ta‑á kɔre-na foone de-ba. Á Tu Baŋa Wɛ wom wo á tei ne. O bá fɔge o yage abam. O nam bá pa se á to.”
7Moses laam ma bwoŋi Josua o ta tento ded‑o Isarele tiina bam maama yiga ne o we:
“Yɔɔre n ke dam n ke n tete kuri ne, se n daare n ta‑n jege baare. Nmo mo jege se n da amo nɔɔna bam yiga se ba vo ba zo tega kalo ne Baŋa Wɛ na pwooli de ba nabaara se o pa-ba to. Nmo ta wó pɔɔre tega kam n pa-ba se ba taa tei. 8Baŋa Wɛ tete mo wó taa wo n tei ne se á ta‑á via. O bá fɔge o yage‑m. O nam bá pa se n to. Konto to, yé ta‑n lwia. Nam yé pa n vɔna pare.”
Wɛ nia yam garem
9Moses laam ma popone Wɛ nia yam o tiŋi, ye o daare o kwei-ya o pa Wɛ kaanem tiina bam de Isarele nakwa bam. Kaanem tiina bam déem nwoŋi Levi dwi dem wone mo ye ba yeini ba zeeri Wɛ ni-gwonim dakaa kam. 10-11O ma ta de-ba o we:
“Bena yarepɛ bene dem maama ná yia, bene delo á na wó ma‑á chɛ balo na jege á jena to, se á ga Wɛ nia yam konto se Isarele tiina bam maama cheigi. Ko ye maŋa kalo ba na wó vo jeiga kalo Baŋa Wɛ na wó kuri ye ba jeeri o yiga ne se ba di Vwoa chwiim kuri dem to mo á jege se á ga á de ba zwa ne. 12Á wó bwoŋi nɔɔna bam maama, baara, de kaana, de bia, de veira balo na zoore á tei ne to, se ba maama la daane ba cheigi Wɛ nia yam. Konto wó pa se ba lɔre ba na wó ke tei ba taa kɔre Baŋa Wɛ ye ba toŋe ba tɔge o bera yam maama chekke. 13Ba kwaga kam de jwa wó ba ba cheigi Wɛ nia yam ye ba ya yeiri-ya. Banto de jege se ba lɔre ba na wó ke tei ba taa kɔre á Tu Baŋa Wɛ wom, maŋa kalo maama á na wó ta‑á zoore tega kalo ne á na lage á bɛ Jɔdan buga kam á jwoŋi se á ta‑á tei to.”
Wɛ na bere Moses tei o kweeli to
14 Baŋa Wɛ laam ma ta de Moses o we:
“Ko gɛ fee se n te. Bwoŋi Josua se á laam ba á zo wara-vwei dem ne se á tiŋi‑o se o ji á yiga tu.”
Moses de Josua ma vo ba zo vwei dem ne. 15Kunkwoŋo na zege deiki to ma ba ko dɔge vwei dem ni dem ne, ye Baŋa Wɛ zege kunkwoŋo kom wone. 16O ma ta de Moses o we:
“Ko bá dáane se n te. Nmo toone dem kwaga ne nam, nɔɔna banto bam wó zaŋe ba yage amo ba vo se ba taa zuli tega kalo ba na lage ba zo to wa-yɔɔro. Ba wó lɔ amo kwaga ne ye ba daare ba chɔge ni-gwonim delo a na ke de-ba to. 17Ko ná ke konto, a bane wó zaŋe ba baŋa ne lela, pa se a ma a kwaga a ya-ba. Amo yiga bá taa wo ba wone pa se ba na chɔgem. Yaara de chana dedɛ na wó ba ba baŋa ne to, ba wó ta nenɛɛne, ‘Bɛŋwaane mo yaara yanto wo debam baŋa ne? Ko dae debam Tu Wɛ wom na yage debam to ŋwaane mo na?’ 18Dɛ dem konto ne, amo yiga bere ka bá ta wo ba wone, ba na toŋe lwarem delo ye ba pipiri ba vo ba zuli wa-yɔɔro to ŋwaane.
19Konto ŋwaane, popone-na leiŋa kanto, se nmo, Moses, laam kwei-ka n ma‑n zamese Isarele tiina bam se ba wane ba taa leeni-ka. Leiŋa kam wó taa ye maana mo amo de banto laŋa ne we ba tusi. 20Amo lage a kale-ba a ja zo te-ŋoŋa kanto na ywomma de varem de kɔnɔ, ne amo na pwooli de ba nabaara se a ke tei to mo. Ba nam ná zo ba jeini da, ba wó taa nae wodiu ba di ba sui pa se ba nu lanyerane, ye ba daare ba pipiri ba taa zuli wa-yɔɔro. Ba wó ve amo ba daare ba chɔge ni-gwonim delo a na ke de-ba to. 21Yaara de chana dedɛ ná to ba baŋa ne, ba laam wó guli leiŋa kanto gula se ka taa ye maana mo we ba tusi. A maŋe a lɔre kolo ba na boŋe ba kana ne to ye a ta wo jaane-ba a zo tega kalo a na pwooli se a pa-ba to wone.”
22Dɛ dem konto ne, Moses ma popone leiŋa kam ye o kwei-ka o zamese Isarele tiina bam. 23Baŋa Wɛ ma pa Nun bu Josua ni ye o we, “Pa n bochare ke dam se n ta‑n jege baare. Nmo mo lage n tɔge Isarele tiina bam yiga se á vo á zo tega kalo ne a na pwooli se a pa-ba to. Amo nam wó taa wo nmo tei ne.”
24Moses ma popone Wɛ nia yam maama nyɔ o ke tɔnɔ ne. 25O na ti to, o ma ta de Levi tiina balo na zeeri Baŋa Wɛ ni-gwonim dakaa kam to o we, 26“Jwoŋi-na Wɛ nia tɔnɔ konto á ja vo á tiŋi á Tu Baŋa Wɛ wom ni-gwonim dakaa kam teiŋa ne. Ko wó taa tigi da mo se ko taa ye maana we abam Isarele tiina bam tusi. 27A yei abam maama na jege wo-dɛɔ ye á zwa de ba ni tei to. Nii a ta na ŋwe a wo abam tei ne, ye á maŋe á ve Baŋa Wɛ ni dem, se a ná tega, ko bá dwoni konto na? 28Nam bwoŋi-na á dwia yam maama nakwa de á dedɛɛra se ba la daane se a ŋɔɔne wonnu tento de-ba se ba ni. A lage a kwei wɛyuu kom de tega kam baŋa maama mo, se te taa ye maana banto de Baŋa Wɛ tetare ne. 29A yei we amo toone dem kwaga ne, á wó biini á tete de wo-zɔɔna, ye á daare á ve Wɛ nia yalo a na bere abam to. Jwa seeni á wó toŋe lwarem kikia á chɔge Baŋa Wɛ yiga ye á zuli wonnu telo á na mɛ á jea á ke to. Baŋa Wɛ bane wó zaŋe pa se chanɛɛre to abam baŋa ne.”
Moses leiŋa kam
30Moses laam ma leeni leiŋa kanto maama o vo o kweeli ye Isarele tiina kɔgɔ kom maama cheigi:",https://www.bible.com/bible/3661/DEU.31.KBG
NIA GULIM 32,"1“Tega baŋa, ba n cheigi a taane dem!
Se wɛyuu de, ba n ni kolo a na jege se a ta to!
2Wɛ wó pa a berem dem to á zwa ne
ne kunkwoŋo na siiri tei to mo,
ne nyɔnɔ de na to tega ne tei to.
A botare sem wó taa nye de do-mimina na siiri
men-chena de ga-lɛɛro baŋa ne tei to mo.
3A lage a zeiŋi Baŋa Wɛ yere!
Ba-na dé zuli dé Tu Wɛ wom de o kamunni dem.
4 Baŋa Wɛ maa ye peo mo o pae debam.
O totoŋa maama lana dedɛ,
ye o chwei sem de yɔɔre se jege chega.
Nɔɔna wae ba sale o yera ne,
ye o ba kwane o ni.
Kolo maama o na toŋe to ye chega mo.
5Abam Wɛ nɔɔna bam nam lɔge o kwaga ne.
Á ye chaveera yerane mo,
ye chwoŋa daa tera se á ta‑á ye o nɔɔna,
á na tiini á tusi to ŋwaane.
6Agɛboŋa tiina, mo á na wó ke Baŋa Wɛ tei na?
Á ba jege swa!
Wonto mo ye á Kwo de á Keiru.
O maa ye wolo na pɛ abam kugu jei logo baŋa ne to.
7Guli-na faŋa faŋa da yam de á nabaara bam gula.
Bwei-na á kwoa de nɔn-kwe sem,
se ba ta ba bere abam kolo déem na ke to.
8Yuu-tu Wɛ wom mo pɔɔre logo baŋa dwia maama,
o daare o pa nabiina dwi maama ba tega kam.
O ma pa teo maama taa jege ko siseini,
se ko tɔge wɛyuu kɔgɔ kom na mae tei to.
9Ko daare Jakob de o kwaga kam mo o kuri o pa o tete,
se ba taa ye o tete nyɔn-mage nɔɔna.
10O déem nɛ o nɔɔna bam
ba na kare ba beeri kagoa yuu ne,
mɛ sam na tera ye vio yerane mo zɔre ko yaga to.
O ma cho-ba ye o nii ba baŋa ne,
o yi na page ba baŋa ne to ŋwaane.
11 Baŋa Wɛ ma korese-ba lanyerane,
ne maao na kɔne ko bia
ye ko yarege ko vɔna ko kɔgese-ba lanyerane tei to.
12 Baŋa Wɛ yerane mo yeini o kale o nɔɔna bam,
ye wa-yɔɔro wo dɛ te zeini‑o.
13O ma pa-ba chwoŋa se ba taa tei logo kom zwonnu tem yuu,
ye ba di wodi-twaro.
Ba déem lɔɔne tooro mo peero jei ne,
ba daare ba na nuga kandwa jei ne,
mɛ Olivi teeni na leiri bia lanyerane to.
14Ba naane de ba bone pɛ-ba nayela dedɛ de nayel-pepala.
Ba vara de déem nugi lanyerane,
pei, de bone, de naane maama.
Ba ta ma na men-dala se ba di,
de Vini sa-ywoŋo se ba nyɔ.
15Wɛ nɔn-swonnu tem déem jaane duum,
ye ba laam ji zwabani-nyena.
Ba ma di wodiu ba su pa se ba nu lanyerane.
Ba lɔge ba Keiru Wɛ kwaga ne.
Chega to, o ye ba vereno,
o ta kwori o ye peo o pa-ba,
ye ba ta ve‑o.
16 Baŋa Wɛ bane ma zaŋe ba baŋa ne,
ba na yage‑o ye ba daare ba zuli wa-yɔɔro de wo-zɔɔna to ŋwaane.
Ko déem pɛ se o ke kazwe ba ŋwaane.
17Ba déem kaane ba pa tangwana,
ba ma leiri Wɛ yuu ne.
Ba ya yeiri wa-yɔɔro tem konto.
Te maa ye jwo-doora yalo ba nabaara ya na wo zuli to.
18Ba swei Dam-fɔrɔ Tu Baŋa Wɛ wom swia,
de o na maŋe o ye wolo na pɛ-ba ŋwea to de.
Ba mɛ ba kwaga ba ya wolo na loge-ba to.
19 Baŋa Wɛ ma na ba na ke tei to,
ye o daare o ve-ba,
ba na ye o bia ye ba ke puseŋa ded‑o to ŋwaane.
20O déem tage o we:
A yiga daa bá taa wo ba wone.
Nam yage se dé nii ko na lage ko ke-ba tei to.
Ba ye a bia ye ba ta ba kɔre amo,
pa se ba tiini ba tusi.
21Ba tɔge jwo-yɔɔro mo
pa se a bane zaŋe,
ye a ke kazwe ba ŋwaane.
Mo kokuri a lage a tɔge dwi-gɛ tiina balo na ye nɔn-yɔɔro to baŋa ne
a ma pa a tete nɔɔna bam bane zaŋe
se ba de ke kazwe.
22Amo bane dem wó zaŋe de tɔrege mo ne mini tei,
se de di logo baŋa de ko wodiiru maama,
de vo de yi tega kam kuri kuri,
dedaane peero tem kura ga kula.
23A ta wó ja cham dedɛ
a ba a yage ba baŋa ne,
pa se ba tiini ba na zonne,
ne a ná tage a che-tɛɛra maama ba baŋa ne a ti tei to.
24Kana, de paa, de jawe-chɛɛro dwi maama wó ja-ba,
se ba yaare ba te.
A ta wó toŋe kago-vara de tega-veila
a yage ba yera ne se te done-ba te go.
25Ba ná nwoŋi pwooni yiga, ba dona wó go-ba.
Ba nam ná maŋe diga ne, foone wó ja-ba.
Nɔn-donno, de busankane, de bu-sese, de nɔn-kwe de bá daare.
Ba maama wó te.
26A ya wó ta we, ‘A lage a chɔge-ba zɔŋ-zɔŋ mo,
se ba yera saare logo baŋa ne
se nɔɔn-nɔɔno yé guli ba gula.’
27A nam ba lage se ba dona taa jege fia
ye ba mage ba nyɔɔna ba we,
‘Debam mo wane Isarele tiina bam
se ko dae Baŋa Wɛ mo kea.’
28Isarele tiina nam ba jege swa
ye ba boboŋa tera.
29Ba ya ná jege swa,
ba ya wó wuuri ba lɔre kolo na lage ko ke-ba to.
Ba nam ware se ba ni kokuri.
30Bɛ mo wó pa nɔɔno dedoa wane nɔɔna moro o zeili,
ye nɔɔna balei wane nɔɔna morro kuni fuga?
Ko ye Baŋa Wɛ na yage-ba to ŋwaane mo.
Wolo na ye peo o pa-ba to
mo kwei-ba o ke ba dona jeŋa ne.
31 Baŋa Wɛ na ye debam peo to,
dé dona bam yei we
ba ba jege wɛ delo dam na yi debam Baŋa Wɛ wom dam to.
32Ba nye de Vini teeni na leiri tio-bi-balwaaro to mo.
Ba kugu jei maa wo Sodom de Gomora ne.
33Ba Vini tio-bia pa nyoa na tiini ka chana
ne sana balo ba na mɛ basankwe vea ba ma ke to.
34 Baŋa Wɛ maa we:
‘Amo maŋe a yei a na wó ke Isarele tiina dona bam tei to.
Ko wo a boboŋa ne se ka maŋa ná yia, se a le-de.
35Amo mo wó jwoori a ŋwe ba keim-balwaaro jene,
se ba na kolo na maŋe de-ba to.
Dɛ wó ba ye ba to tega ne,
se lɛɛro laam ba te chɔge-ba
pa se ba daa bá zaŋe wɛɛne.’
36 Baŋa Wɛ wó zaŋe o bore o nɔɔna bam bora.
O ná nɛ we ba dam ti
ye ba wolowolo daa wo daare
tembia dedaane kabɛ de,
o laam wó duri ba yibwona.
37O maa wó bwei o nɔɔna we:
‘Á wa-yɔɔro tem nam bɛ,
ye á ya boŋe se á sale ya yera ne?
38Á kwei á vara bam lara á ma‑á kaane-ya,
se á kwei á sana bam á ma‑á ke pɛɛra á pa-ya.
Ya wó zaŋe ya ba ya zeini abam na?
Ya wó wane ya kwoli abam ya che na?
39Lɔre-na we, amo yerane mo ye Wɛ chekke.
Wɛ dedwoŋi daa tera.
Amo mo pae nabiina momwɛ tia,
ye a daare a pae badwonna jege ŋwea.
A maa ke zonne nɔɔna yera ne,
ye a daare a yɔɔre-ba.
Nɔɔn-nɔɔno tera o na wó wane o dwoni de amo.
40A lage a zeiŋi a jeŋa wɛɛne se a du duuri we,
Ne amo na jege ŋwea taa wuu to,
41a laam wó dwori a se-zɔɔ,
se ko taa jege ni ye ko nyeena.
A ta wó kwei-ko a taa zia se a zage a dona,
ye a waare balo na chuli-ne to.
42A che-tɛɛra yam nia wó taare de jana.
A se-zɔɔ kom de wó zɔ ba ya-nɔna yam.
Ba jar-keira bam wolowolo bá lu.
Ko ná ye balo na nɛ zonne de balo ba na jaane ba vɔ to,
a wó go ba maama,
ye a gwo ba yiga tiina bam yuni.’
43Logo baŋa dwi tiina maama,
tɔge-na de Wɛ nɔɔna bam
se á ta‑á tei Baŋa Wɛ de wopwolo.
O lage o ŋwe balo na goe o nɔɔna bam to jene,
se o waare o dona bam maama.
Ko nam ná ye o nɔɔna bam,
o wó yage ba wɛleera o ma chɛ-ba,
se o pa ba tega kam fɔge ka kwɛ lanyerane.”
44Moses ma tɔge de Nun bu Josua o vo o leeni leiŋa kanto se Isarele tiina bam wane ba ni. 45O na tole ka botare sem maama o ti to, 46o laam ma ta de-ba o we, “Ta‑á yei-na se á guli taane delo a na pɛ abam zem tento to. Lwoni-na á bere á bia, se ba de wane ba sɛ ba tɔge Wɛ bera yam maama na popone ya tiŋi tento to. 47Bera yanto dae ta-gwoa. Ya jege ŋwea ya pae abam mo konto. Á ná tɔge-ya chekke, á wó wane á dáane tega kalo wone á na lage á bɛ Jɔdan buga kam á zo á ta‑á tei to.”
Moses nii o na Kanaan tega kam
48Dɛ dem konto ne mo Baŋa Wɛ tage de Moses o we:
49“Zaŋe n vo Abarim zwonnu laŋa kam na wo Moaba ne to. N ná yi da, diini Nebo peo kom yuu na jeeri Jeriko teo kom to se n nii n na Kanaan tega kam. A lage a kwei tega kam konto a pa Isarele tiina bam se ba taa tei. 50Ko kwaga ne n wó te peo kom yuu ne mo, ne n zembaaro Aron na maŋe o te Hora peo yuu ne tei to. 51Abam balei déem ve amo ni mo Isarele tiina bam yiga ne, maŋa kalo á na beeri Zin kagoa wone á vo á yi Meriba-kadese buli-yi seeni to. Á déem wo pɛ amo zula nɔɔna bam yiga ne. 52Konto ŋwaane, nmo wó zege yiga yiga mo n nii n na tega kam. N za‑n bá‑n na pwola se n zo tega kalo a na lage a pa Isarele tiina bam to wone.”",https://www.bible.com/bible/3661/DEU.32.KBG
NIA GULIM 33,"Moses lwoori Wɛ swolim Isarele dwia yam maama ŋwaane
1Wɛ swolim delo o tontoŋeno Moses déem na sɔɔle o ke Isarele tiina bam yuu ne ye o laam te to mo tento:
2“Baŋa Wɛ déem zege Sinayi peo kom ne
o ba o veere o tete o pa o nɔɔna bam.
O ma zaŋe Edom zwonnu tem yuu ne
nenɛɛne wea na puli tei to,
ye o zege Paran peo yuu ne
o nyeene pwooni ba baŋa ne.
Malese kɔgɔ kɔgɔ mo wo o tei ne,
ye mini de wo o jazem seeni de pepela.
3Chega to, Baŋa Wɛ jege o nɔɔna bam swono.
O maa cho balo o na pɔɔre o pa o tete to.
Konto ŋwaane mo ba chɔɔle ba tete o yiga ne
se ba sɛ o bera yam.
4Dé sɛ Wɛ nia yalo Moses na pɛ debam to,
ya na ye debam dwi dem lonne na dwoi maama to.
5Isarele dwi tiina de ba yiga tiina bam maama na lage daane to,
Baŋa Wɛ déem mo jigi pɛ o nɔn-swonnu tem baŋa ne.”
Ruben dwi dem yera taane:
6“Wɛ bá pa se Ruben dwi dem saare,
de ba na maŋe ba ba daga to de.”
7Judah dwi dem yera taane:
“Baŋa Wɛ, cheigi Judah dwi tiina bam,
de ba na lwoori zeinim nmo tei ne to.
Pa se ba jwoori ba fɔge de ba dwia yadwonna yam.
Kwei dam n ke ba jeŋa ne,
se ba dona yé wane-ba.”
8Levi dwi dem yera taane:
“Baŋa Wɛ, kwei n Yurim de Turim kandwa yam
n ke n tontoŋena Levi dwi tiina bam jeŋa ne
se ba ma lɔre n boboŋa.
Ba na wo Massa ne to,
nmo déem faŋe-ba mo n nii.
Ba ta na wo Meriba buli-yi dem seeni to,
n ta jaane de-ba mo.
9Ba nam bere ba chega de nmo,
ye ba toŋe ba tɔge n bera yam de n ni-gwonim dem,
se ko dwoni ba kwoa, de ba niina, de ba chorro, de ba bia.
10Ba yeini ba bere n nɔɔna Isarele tiina bam
se ba taa sɛ n bera yam.
Ba ta zwɛ talwoŋ-ywoŋa nmo yiga ne,
ye ba daare ba zwɛ vara n bimbini dem baŋa ne
ba ma ke kaanem ba pa‑m.
11 Baŋa Wɛ, swɛ Levi dwi dem swolim,
se ba taa jege dunni,
se ba kikia de taa pwoli nmo wo.
Chɔge ba dona maama,
se ba daa yé jwoori ba zaŋe.”
12Benjamin dwi dem yera taane:
“Dwi dento mo Baŋa Wɛ tiini o swoi.
O maa cho-ba se kolokolo yé yi-ba.
O maa wo ba tei ne maŋa maama,
pa se ba sii o woro wone.”
13Josɛf dwi dem yera taane:
“Baŋa Wɛ wó swɛ ba tega kam swolim,
pa se nyɔnɔ nwoŋi wɛyuu,
se na de taa bura ba nwoŋi tega kuri ne ba pa-ba.
14Wea wó taa pae se ba wodiiru taa bera lanyerane,
ye ba na dedɛ chane sem maama wone.
15Faŋa faŋa zwonnu tem wó faare de teeni-bia,
ye wodiiru de wó ke lanyerane peero tem yuu ne.
16Josɛf dwi tiina wó na wo-laaro telo maama na puli tega baŋa ne to.
Baŋa Wɛ wolo déem na zege sabara kam wone o ŋɔɔne to
wó ke zaane ba yuu ne.
Wɛ wó zeini-ba konto,
Josɛf déem na jigi o chorro tem yiga tu to ŋwaane.
17Josɛf jege dam ne nabea mo tei.
O bia balei, Efrayim de Manasɛ nye de kago-vara nyea yam
na wae ba dona ya chua to mo.
Efrayim jege jar-keira morro kuni fuga,
ye Manasɛ de jege jar-keira morro morro.
Ba wae dwi-gɛ tiina bam ba zeila
ba ja vo ba yi logo baŋa kweelim jei.”
18Zebulun de Isakara dwia yam yera taane:
“Zebulun dwi tiina bam, ta‑á jege-na wopwolo,
de á na nwoŋi á beeri yiga yiga tei to.
Isakara dwi tiina bam, ta‑á jege-na wopwolo,
de á na maŋe sɔŋɔ ne tei to.
19Ba wó bwoŋi dwia yadwonna tiina
se ba ba ba di peo kom yuu
ye ba ke kaanem delo na ye chekke to ba pa Wɛ.
Ba nae ba dunni dem pipiu baŋa ne mo,
ye ba na tɔge naneo kom wo ba beeri to
ba ta guri wonnu telo na seigi kasolo kom wone to de.”
20Gad dwi dem yera taane:
“Baŋa Wɛ ye wolo na wó pa Gad laŋa kam taa daga to.
Tei-na o yere!
Gad yɔɔre o pɔe mo ne nywoŋo tei.
O lage o zi varem
se o ja ko jeŋa naa ko yuu o kaare.
21O ma kuri tega kalo na tiini ka lamma to o pa o tete.
Isarele dwia yam yiga tiina bam na gilimi daane
se ba pɔɔre tega kam to,
mo ba le nakwe popɔra ba pa‑o.
O ma toŋe o tɔge Baŋa Wɛ chwoŋa kam chekke,
ye o sɛ Wɛ nia yalo o na pɛ Isarele tiina bam to.”
22Dan dwi dem yera taane:
“Dan nye de nywoŋ-pɔla mo.
O zege Basan ne mo o faŋe o nwoŋi.”
23Nafitali dwi dem yera taane:
“Nafitali dwi tiina totoŋa yam mo su Baŋa Wɛ yi,
ye Wɛ tiini o swɛ ba swolim.
Ba laŋa kam wó tɔge naneo kom
de tega-kuri seeni maama.”
24Asere dwi dem yera taane:
“Wɛ wó swɛ Asere dwi tiina bam swolim,
se ko dwoni dwia yadwonna yam maama.
Ba chorro tem wó taa swoi-ba.
Ba ta wó na Olivi nuga dedɛ ba tega kam ne.
25Ba wó ma luuru de channa mo
ba fɔge ba pe ba teene dem manchwo-nia yam.
Ba ta wó na dam se ko yi ba ŋwea da yam maama.”
26“Baŋa Wɛ nɔn-swonnu tem,
wɛ dedwoŋi daa tera de na nye de Baŋa Wɛ wom.
O jege nenɔŋa mo ye o dɔge kunkwonnu baŋa ne
o kaare wɛyuu maama o duri o ba se o zeini abam.
27Taa-wuu Baŋa Wɛ mo ye abam dalem jei.
O maa teili abam o jea ne ye o ba yaga.
O daa ta zeili á dona á yiga ne
ye o we, ‘Yɔɔre á chɔge-ba-na!’
28Konto to, Isarele dwi tiina bam nɛ pwola
se ba taa zoore de wo-zuru.
Jakob kwaga kam nɛ ba kugu jei.
Wɛyuu nyɔnɔ maa bugi tega kam
ye ka su de mena de sa-ywoŋo.
29Isarele dwi tiina bam, á jege yu-ywoŋo!
Dwi tera de na nye de abam.
Ko ye abam mo Baŋa Wɛ jwoŋi o yage.
O maa kwoli abam
ne jara nantana na kwoli nɔɔno jara wone tei to.
O daa ta nye de se-zɔɔ á jeŋa ne
se o zeini abam jara wone.
O wó pa á wane á dona á di,
pa se ba lwoori yibwona á tei ne.
Á nam wó nɔne-ba á se tega ne.”",https://www.bible.com/bible/3661/DEU.33.KBG
NIA GULIM 34,"Moses toone dem
1Moses déem ma zege Moaba pwaro tem ne o vo o yi Nebo peo kom. O ma di Pisiga peo kom yuu na jeeri Jeriko teo kom to. Dáane mo Baŋa Wɛ bere‑o tega kam maama, ko zege Gilead laŋa kam ne se ko vo ko yi Dan laŋa kam. 2Wɛ daa ta bere‑o Nafitali laŋa kam maama, de Efrayim de Manasɛ jei sem, de Judah laŋa kam se ko taa vei wɛ-zoore seeni ko vo ko yi Mediterania naneo kom, 3ko ta woli de tega-kuri kagoa kam, de bwolo tega kalo na tole ka zege Jeriko ne se ko vo ko yi Zoara to. Ba déem jege Jeriko ba bwoi we ‘Konkware teo kom’.
4 Baŋa Wɛ ma ta de Moses o we, “Tega kanto mo amo dugi duuri ka ŋwaane a pwooli de Abaraham, de Izaak, de Jakob se a kwei-ka a pa ba kwaga kam. A laam nam pɛ se n na-ka de n yia mo, ko daare n bá‑n na chwoŋa se n bɛ n vo n zo ka wone.”
5 Baŋa Wɛ tontoŋeno Moses ma te dáane, Moaba laŋa kam ne. Ko déem ke nenɛɛne Baŋa Wɛ na wuuri o ta tei to. 6Ba ma suli‑o Moaba bwolo kodwoŋi ne, ko na jeeri Bɛte-Peora to. Nɔɔn-nɔɔno nam yeiri mɛ chekke ba na ke‑o to de zem maama. 7Moses na tege to, o déem jaane bena bi de finlei mo. O déem ya ta jege dam, ye o yia de dana lanyerane.
8Isarele tiina bam déem ma maŋe Moaba laŋa kam ne ba kwei da fintɔ ba ma keeri Moses lua kam se ba laam ke ba ti.
9Ko nam ná ye Nun bu Josua, Wɛ déem pɛ‑o swa lanyerane, Moses na kuri wonto se o leiri o yuu ne to ŋwaane. Mo kokuri Isarele tiina bam déem sɛ Josua ni ye ba toŋe ba tɔge nia yalo Baŋa Wɛ ya na pɛ Moses to.
10 Baŋa Wɛ déem ŋɔɔne de Moses jaja mo. Wɛ ni-jwoŋinu wodwoŋi daa ta wo zaŋe Isarele tiina bam wone o na nye de Moses 11ye o toŋe wo-kamunnu de wo-kenkagela se ya ta nye de yalo Baŋa Wɛ na toŋe Moses se o toŋe Ejipti Pa-faro wom, de o nakwa, de o teo kom maama yiga ne to dwoŋi. 12Nɔɔn-nɔɔno daa tera o na jege dam konto dwoŋi se o wane o ke wo-kamunnu na jege foone se te maŋe de Moses na toŋe tei Isarele tiina bam maama yibia ne to.",https://www.bible.com/bible/3661/DEU.34.KBG
JOSUA 1,"Josua jigi Isarele tiina bam yiga tu
1Wɛ tontoŋeno Moses toone dem kwaga ne, Baŋa Wɛ ma ŋɔɔne dedaane Nun bu Josua. Wonto déem mo yeini o woli Moses. Baŋa Wɛ maa we:
2“Amo tontoŋeno Moses tega. Nmo laam nam zaŋe n to amo nɔɔna Isarele tiina bam yiga ne se á bɛ Jɔdan buga kam á zo tega kalo amo na wó pa abam to. 3Amo lage a ke kolo a déem na tage dedaane Moses to mo. Abam ná gwɛ á yi jei selo maama, amo wó kwei tega kam a pa abam. 4Abam laŋa kam siseini wó zege kagoa kalo na wo kuri seeni to, ka tole konto ka yi Lebanon peero tem na wo baŋa seeni to. Ka wɛ-puli seeni siseini dem maa wó zege Yuferata bu-zaŋa kam ne ka tɔge Hiti tiina tega kam maama seeni, se ka laam taa vei Mediterania naneo kom na wo wɛ-zoore seeni to. 5Amo wó taa wo nmo tei ne maŋa maama, nenɛɛne a déem na wo Moses tei ne tei to. Amo bá fɔge a yage‑m. Nɔɔn-nɔɔno de nam bá wane o dwoni de nmo.
6Ke dam n ke n tete kuri ne, se n daare n ta‑n jege baare. Kokuri, nmo mo lage n tɔge nɔɔna bam yiga se á zo á jwoŋi tega kalo a na gwoni ni se a pa á nabaara bam to. 7Yɔɔre n ke dam n tete kuri ne, se n daare n tiini n ta‑n jege baare. Nam ta sɛ Wɛ nia yalo amo tontoŋeno Moses na bere‑m to. Yé virigi n kwaga n ya-ya, se yanto mo wó pa‑m yiga-veiŋa. 8Maŋa maama, se n ta‑n zamese Wɛ nia tɔnɔ kom, se n daare n zo ya wo n boŋe ya boboŋa. Nmo ma‑n ná sɛ o nia yam na bere tei maama to, nmo wó seene n na yiga-veiŋa chekke. 9Amo nam maŋe a ta dede‑m we n ke dam n ke n tete kuri ne se n ta ta‑n jege baare. Yé ta‑n fona, nam yé pa se n vɔna pare. Kokuri, amo mo ye nmo Tu Baŋa Wɛ wom. Jei selo maama nmo na wó vo to, amo wó taa wora de nmo.”
10Josua laam ma pa Isarele tiina dedɛɛra bam ni o we, 11“Véi-na nɔɔna bam tiga jei sem ne, se á ta de-ba we, ‘Ti-na á wodiiru yiga se da yatɔ maŋa ne mo á lage á bɛ Jɔdan buga kam se á zo tega kalo abam Tu Baŋa Wɛ wom na gwoni ni se o pa abam to.’ ”
12Josua ta ma ta de Ruben dwi dem, de Gad dwi dem dedaane Manasɛ dwi chichworo kom o we: 13“Guli-na Wɛ tontoŋeno Moses déem na tage tei dedaane abam to. O déem we, ‘Abam Tu Baŋa Wɛ lage o pa abam tega kanto mo se á jeini da.’ 14-15Nam pa-na se á kaana, de á bia, dedaane á vara bam maŋe ywo-seeni. Abam nɔɔna balo maama na yei jara keim to maa wó vɔ ba jara zela diŋ-diŋ, ye ba tɔge de á dwonna Isarele tiina bam se á bɛ Jɔdan buga kam á vo á woli banto se ba wane ba jwoŋi tega kalo na wo buga kam bubɛ delo na jeeri wɛ-zoore seeni ye abam Tu Baŋa Wɛ wom kwei o pa-ba to. Wɛ maa ná pɛ Isarele tiina bam maama ba jeiŋa jei, se abam de laam jwoori á tega kam na wo Jɔdan bubɛ delo na jeeri wɛ-puli seeni ye Wɛ tontoŋeno Moses kwei o pa abam to wone.”
16Ba de ma leiri‑o ba we, “Dé wó sɛ nmo ni dem maama n na pɛ debam to, ye n ná toŋe debam jei selo maama, dé wó vo. 17Debam wó taa sɛ nmo ni maŋa maama mo nenɛɛne dé déem na sɛ Moses ni tei to. Dé nam teene we nmo Tu Baŋa Wɛ wom wó taa wo n tei ne nenɛɛne o déem na wora de Moses tei to. 18Wolo maama nam ná gwooni‑m ye o ve se o sɛ nmo taane, se ba go‑o. Konto ŋwaane, yɔɔre n ke dam n tete kuri ne, se n daare n ta‑n jege baare de n totoŋa yam.”",https://www.bible.com/bible/3661/JOS.1.KBG
JOSUA 2,"Rahaba woli Isarele tiina badwonna
1Isarele tiina bam déem maŋe Sitim ne mo ba tei ba vwoa. Ba na wora to mo Josua le nɔɔna balei o toŋe-ba ye o we, “Véi-na á ŋɔ á nii Kanaan tega kam maama, ko fɔge ko dae Jeriko teo kom.” Nɔɔna bam ma seene ba vo ba yi teo kom. Ba ma zo ka-bworo dedoa sɔŋɔ ba peini. Kaane wom yere mo Rahaba.
2Jeriko teo Pɛ wom ma ni soswea we, “Isarele tiina badwonna mo tu debam teo tete dento, se ba ŋɔ-ko ba nii.” 3Pɛ wom ma pa kwora se ba ta de Rahaba we, “Pa se dé jeŋa zo nɔɔna balo na tua ba zo nmo sɔŋɔ kom ne to, bɛŋwaane ba boŋe se ba ŋɔ dé teo kom mo ba nii se ba di dam debam baŋa ne.”
4Rahaba déem nam ya seigi nɔɔna bam mo. O ma jwoori o leiri Pɛ wom kwora kam o we, “Nɔɔna seene ba ba ywo-seeni, amo nam yeiri ba na nwoŋi mɛ to. 5Wɛ ya na jege de zoore ye ko maŋe se ba pe teo kom bworru tem maŋa kalo to, mo ba nwoŋi amo sɔŋɔ ne ba maa viira. Amo nam daa wo lɔre ba na kwei chwoŋa kalo to. Dɛ delo á ná ke lela ye á pɛ ba kwaga á pu, á wó ja-ba chwoŋa ne.” 6O déem nam ya jaane-ba mo o di o sɔŋɔ kom nayuu, ye o kwei-ba o seigi pupwonnu kuri ne. 7Pɛ wom nɔɔna bam ma tɔge chwoŋa kalo na vei jei selo ba na yeini ba tɔge da ba bɛ Jɔdan buga kam to. Ba na yɔɔre ba nwoŋi teo kom wone se ba pare-ba to, mo ba pe ko ni dem.
8Tete dem konto ne Rahaba déem daa ma jwoori o di nɔɔna bam tei, ye ba ta ba dɔa. 9O ma ta de-ba o we, “Amo yei we Baŋa Wɛ kwei tega kanto mo o pa abam. Debam maama yera sae mo abam ŋwaane, ye nɔɔna maama ywo-seeni tiini ba fona de abam. 10Debam maŋe dé ni we á déem na maa nwoŋi Ejipti ne to, Baŋa Wɛ pɛ se Nane-soŋo kom pwɛ mo ye abam nɔne te-kora baŋa ne á kɛ. Dé ta yei abam na ke tei ye á yɔɔre á go Sihon de Oga to. Banto mo ye Amori tiina pwa balei bam na zoore Jɔdan buga kam wɛ-puli seeni to. 11Nii-na mo! Debam na nigi wonnu tento maama to, mo dé baare maama jei, ye nɔɔn-nɔɔno daa ba jege dam se o jeeri abam de jara. Chega to, abam Tu Baŋa Wɛ wom ye Wɛ-kamunu mo, ye o tei wɛyuu dedaane tega baŋa maama. 12Konto ŋwaane, kwei-na Baŋa Wɛ yere dem á ma á pwooli de amo we, abam wó ke amo diga tiina bam lanyerane, nenɛɛne amo de na ke abam lanyerane tei to. Ta bere-ne-na memaŋe se a ma a lɔre we, 13abam bá sɛ se á nɔɔna bam chɔge amo, de a kwo, de a nu, de a nabwa, de a chorro maama, de ba de kwaga kam, se ba yé ga ba ŋwea.”
14Nɔɔna bam de ma leiri‑o ba we, “Nmo ná lwoori n wo pɛ debam keim dento nwoŋi pwooni, debam de pwooli we, Baŋa Wɛ ná kwei jei sento o pa debam, dé wó ke‑m lanyerane. Wɛ wó le dé ŋwea nenɛɛne dé ná ve se dé ke dé na tage tei de nmo to.”
15Rahaba sɔŋɔ kom déem ya lɔge teo kom kabira yera ne mo. O ma lei ŋona pa se ka tɔge takworo ni ne se nɔɔna bam dɔɔle-ka ba tu tega. 16O ya maŋe o ta de-ba o we, “Mage-na á yum zwonnu laŋa kam seeni, se balo na pare abam to yé na abam. Maŋe-na da á seigi da yatɔ, se ba ná jwoori ywo-seeni, se á laam viiri.”
17Nɔɔna bam ma ta ba we, “Dé wó nii se kampwola kalo n na pɛ debam pwooli to seene ka toŋe. 18Dé nam ná tu se dé jeeri teo kom de jara, se nmo yage ŋon-naseŋa kanto se ka taa leigi n takworo kom ni ne. Nmo ma‑n wó ja n kwo, de n nu, de n nabwa, de n chorro tem maama n ba ywo-seeni se ba taa wo nmo sɔŋɔ kom wone. 19Nmo yera nɔɔna bam wolo ná nwoŋi nmo sɔŋɔ kom wone o kare teo kom ne o beera ye o te, ko bá taa ye debam yiga. Ko daare dé pwooli we wolo maama ná wo nmo sɔŋɔ wone, ye o ná tega, se lɛɛro taa tɔge debam. 20Nam ta lɔre we, n ná pɛ se dé boboŋe dento nwoŋi pwooni, kampwola kanto dé na pwooli de nmo to daa bá ja debam.”
21Kaane wom ma sɛ ye o leiri-ba o we, “Dé nam jeini abam ni dem kwaga ne.” O ma bane-ba o yage chwoŋa ne, ye o daare o lei ŋon-naseŋa kam takworo kom ni ne o yage da.
22Baara bam ma duri ba vo ba seigi zwonnu laŋa kam seeni. Pɛ wom nɔɔna bam ma pare-ba ba pwoli. Ba maa na nii chwei sem maama ye ba ga ba ŋwa to, mo ba jwoori Jeriko teo kom wone. 23Nɔɔna balei bam ma zege zwonnu tem seeni ba tu tega. Ba laam ma bɛ Jɔdan buga kam, ye ba jwoori ba vo Josua tei. Ba ma ta kolo maama na ke to ba bere‑o. 24Ba ma ta‑o ba we, “Chega to, Baŋa Wɛ maŋe o kwei tega kam mo o pa debam. Jei sem konto nɔɔna bam maama tiini ba fom mo debam ŋwaane, ye ba yera sae vare-vare.”",https://www.bible.com/bible/3661/JOS.2.KBG
JOSUA 3,"Ba na bɛ Jɔdan buga kam tei to
1Ba déem ma maŋe dáane ba peini ye tega poore. Josua dedaane Isarele tiina bam maama ma gwoni tega ba zaŋe Sitim ne ba vo ba yi Jɔdan buga kam. Ba ma tei ba vwoa ye ba laam cheigi maŋa kalo ba na wó bɛ buga kam to. 2Ba déem na ke da yatɔ jei sem konto ne to, mo Isarele dedɛɛra bam tole nɔɔna bam peiga jei ne, 3ye ba tɛ ba we, “Abam ná yɔɔre á na we, Levi dwi dem na ye kaanem tiina to zeŋe Wɛ ni-gwonim dakaa kam, se á nwoŋi á peiga jei sem á pɛ ba kwaga á pu. 4Abam ta na wo tɔge chwoŋa kanto to, Wɛ ni-gwonim dakaa kam mo wó bere abam chwoŋa. Nam ta‑á yei á tete se á yé tiini á yi ka yera. Ta‑á ye dáa dáa se ko maŋe de naba-laara moro laŋa.”
5Josua laam ma ta de nɔɔna bam o we, “Kwɛ-na á tete, se ko maŋe de Wɛ na lage tei to, kokuri Baŋa Wɛ jwa lage o ke wo-kenkagela mo á tetare ne.”
6Josua ta ma ta de kaanem tiina bam o we, “Kwei-na ni-gwonim dakaa kam á zeŋe, se á tɔge dé maama yiga se dé bɛ Jɔdan buga kam.” Ba de ma kwei-ka ba to nɔɔna bam yiga ne.
7Dento dɛ dem ne mo Baŋa Wɛ tage de Josua o we, “Ko zege zem se ko taa via, a lage a pa se nmo ji nɔn-yuu mo Isarele tiina maama wone. Leile konto mo ba lage ba lɔre we, amo wo nmo de tei ne, nenɛɛne a déem na wora de Moses tei to. 8Nam ta de kaanem tiina balo na zeŋe amo ni-gwonim dakaa kam to se ba ná yi buga kam ni dem se ba zo na bam wone. Ba laam maa wó vo fee ba maŋe da ba zege.”
9Josua de ma ta dedaane nɔɔna bam maama o we, “Ba-na ywo-seeni se á cheigi abam Tu Baŋa Wɛ wom na jege kolo se o ta de abam to. 10Abam zem wó lɔre we, Wɛ wolo na jege ŋwea to wora de abam. Wonto mo lage o zeili Kanaan tiina bam, de Hiti tiina bam, de Hivi tiina bam, de Pɛrizi tiina bam, de Giragasi tiina bam, de Amori tiina bam, dedaane Jebusi tiina bam maama se ba nwoŋi ba daare tega kam ba pa abam. 11Nii-na mo! Baŋa Wɛ mo tei logo baŋa maama, ye wonto ni-gwonim dakaa kam lage ka da abam yiga ka bɛ Jɔdan buga kam. 12Abam nam jege se á nii Isarele dwia fuga-yalei yam wone mo á le nɔɔno dedoa dedoa dwi maama wone. 13Dakaa kanto ye Baŋa Wɛ wolo na tei logo baŋa maama to nyem mo. Kaanem tiina balo na zeŋe-ka to maa ná nɔne ba nɛ Jɔdan buga kam wone, na balo na duri ba tui to wó kɔ, ye ba tigisi daane nenɛɛne kabira dwoŋi.”
14Isarele tiina bam ma zaŋe ba gɔ ba vwoa yam, ye ba laam vei ba maa kɛa se ba bɛ buga kam. Kaanem tiina bam de ma zeŋe ni-gwonim dakaa kam ba tɔge ba yiga. 15Bene maama wone, ko ná yeini ko yi wodiiru zagem maŋa, Jɔdan buga kam yeini ka su mo ka wɛɛle ka nia yam maama ne. De konto maama de, kaanem tiina balo na zeŋe ni-gwonim dakaa kam to na yɔɔre ba nɔne ba nɛ buga kam wone to, 16mo na-dura bam na tole ba maa tu to koga. Ko na yɔɔre ko maŋe de teo kolo yere na ye Adama to, mo na bam bobo se ba tigisi daane nenɛɛne kabira dwoŋi to. Teo kom konto déem ye yiga yiga mo ye ko bwola dedaane Zarefan. Na déem daa ba duri se ba zo Araba naneo kom wone. (Yɛ naneo kom mo konto.) Buga na bam ma we pa se nɔɔna bam na pwola ba bɛ Jɔdan buga kam. Jei sem déem nam bwola dedaane Jeriko mo. 17Kaanem tiina bam na zeŋe dakaa kam to de yɔɔre ba zege buga kam tetare ne mo. Ba maa zege te-kora baŋa ne taa, se ko taa nii maŋa kalo Isarele kɔgɔ kom maama na bɛ ba ti to.",https://www.bible.com/bible/3661/JOS.3.KBG
JOSUA 4,"Nɔɔna bam tigisi gula kandwa
1Isarele nɔn-kɔgɔ kom maama na bɛ Jɔdan buga kam ba ti to mo Baŋa Wɛ tage de Josua o we, 2“Ta de Isarele dwia fuga-yalei yam se dwi maama le nɔɔno dedoa. 3Banto wó vo mɛ kaanem tiina bam na zege buga kam tetare ne to, ba kwei kandwa-kamuna fuga-yalei. Ba laam maa wó ja-ya ba nwoŋi ba vo ba tigisi jei selo abam na wó chwi á vwoa zem tete ne to.”
4Josua ma seene o kuri nɔɔna fuga-balei pa ba dedoa maama nwoŋi Isarele dwi maama wone, ye o bwoŋi-ba o ke daane. 5O ma daare o ta de-ba o we, “Zo-na buga kam tetare se á gaale jei selo ba na zeŋe Baŋa Wɛ ni-gwonim dakaa kam ba zege to. Abam dedoa dedoa maa wó kwei kandwɛ-kamunu o dwi dem ŋwaane, o daŋe o bakale baŋa ne o ja o ba mɛ dé na wó peini zem to. 6Kandwa yam konto lage ya taa ye gula mo ya pae abam. Abam bia jwa ná bwei abam ba we, ‘Kandwa yanto na tigisi ywo-seeni to kuri mo bɛ?’, 7se á ta de-ba we, ‘Ya guli debam maŋa kalo Wɛ ni-gwonim dakaa kam na wora ka bɛ Jɔdan buga kam, ye buga kam na kɔ to mo. Ya ye gula mo ya pae Isarele kɔgɔ kom se ko taa vei wuu.’ ”
8Nɔɔna bam ma sɛ ba ke Baŋa Wɛ na bere Josua se ba ke tei maama to. Ba fuga-balei bam dedoa maama ma kwei kandwɛ dedwe se ko maŋe de ba dwia yam ni na mae tei to. Ba ma ja kandwa yam ba vo jei selo nɔɔna bam na lage ba peini tete dem konto ne to, ye ba tigisi-ya da. 9Josua ma pa se nɔɔna badwonna maŋe Jɔdan buga kam tetare ne ba tigisi kandwa fuga-yalei. Ba tigisi-ya mɛ seeni kaanem tiina bam na zeŋe ni-gwonim dakaa kam ba zege to mo. Kandwa yam konto ta wora de zem maama.
10Kaanem tiina bam déem maŋe buga kam tetare ne mo ba zeŋe Wɛ ni-gwonim dakaa kam taa, ye Isarele kɔgɔ kom de ke kolo maama Baŋa Wɛ na bere Josua se ba ke to. Moses de ya maŋe o pa Josua ni dem konto mo.
Nɔɔna bam ma ke lela ba bɛ kakam daa kam ne. 11Ba maama na bɛ ba ti to, kaanem tiina bam ma zeŋe Wɛ ni-gwonim dakaa kam ba bɛ bubɛ dedwoŋi dem ne, ye nɔɔna bam maama zege ba nia. 12-13Jar-keira balo déem na bɛ to yi morro finna (40,000). Ba ye nɔɔna balo na ti yiga se ba ke jara to mo. Ko nam ye Ruben dwi dem, de Gad dwi dem dedaane Manasɛ dwi chichworo kom jar-keira bam déem mo to Isarele kɔgɔ kom maama yiga ne, nenɛɛne Moses ya na bere-ba se ba ke tei to. Ba maama déem ma bɛ ba vo ba yi te-kampare jei selo na bwola de Jeriko to, ye Baŋa Wɛ wo ba tei ne.
14Kikia yam konto Baŋa Wɛ na ke dento dɛ dem ne to pɛ se Josua na yere-kamunu Isarele kɔgɔ kom wone. Ba ma yɔɔre ba nege‑o taa se ko yi o ŋwea tiim maŋa, nenɛɛne ba déem na nege Moses tei to.
15 Baŋa Wɛ daa ma ta dedaane Josua o we, 16“Pa kaanem tiina bam na zeŋe Wɛ ni-gwonim dakaa kam to ni se ba bɛ buga kam.” 17Josua ma seene o ke konto. 18Kaanem tiina bam na yɔɔre ba zeŋe Wɛ ni-gwonim dakaa kam ba bɛ Jɔdan buga kam to, mo ka na bam daa duri ba su ba wɛɛle buga kam ni maama.
19Boboa chana kam da fuga dɛ dem ne mo Isarele tiina bam déem bɛ Jɔdan buga kam. Ba ma yi Giligal ye ba chwi ba vwoa da. Teo kom konto wo Jeriko teo wɛ-puli seeni mo. 20Ko nam ya ye Giligal ne mo Josua pɛ se ba tigisi gula kandwa fuga-yalei yam ba na jaane ba nwoŋi Jɔdan buga kam ne to. 21Josua ma ta de nɔɔna bam o we, “Maŋa beena se á bia bwei abam we, ‘Kandwa yanto tigisi ywo-seeni bɛŋwaane mo?’ 22Abam maa wó ta á bere-ba we, ‘Dé na yi ywo-seeni to mo Baŋa Wɛ pɛ se Isarele tiina bam nɔne te-kora baŋa ne ba bɛ Jɔdan buga kam.’ 23Abam ta maa wó pa se ba lɔre we, dé Tu Baŋa Wɛ pɛ se buga kam we á yibia ne nenɛɛne o déem na ke tei Nane-soŋo kom ni ne ye dé nɔɔna bam maama bɛ to. 24O nam ke konto mo se logo baŋa teene dem maama lɔre we, Baŋa Wɛ ye Wɛ-kamunu ye o jege dam. Konto maa wó pa se abam ta‑á zuli‑o se ko taa vei wuu.”",https://www.bible.com/bible/3661/JOS.4.KBG
JOSUA 5,"Isarele tiina pein-gwoŋa kam
1Amori tiina pwa bam déem wo Jɔdan buga kam wɛ-zoore seeni mo, ye Kanaan tiina pwa bam de zoore Mediterania naneo kom nia yam ne. Banto maama ma ni we Baŋa Wɛ pɛ se Jɔdan buga kam we mo pa se Isarele tiina bam bɛ. Ba na nigi konto to, ba vɔna maama ma pare, ye ba nagwola te. Ba daa ba lage se ba jeeri Isarele tiina bam de jara.
2Kanto maŋa ne mo Baŋa Wɛ tage de Josua o we, “Ke fane se n ma n gwoni Isarele tiina balo na daare to peina.” 3Josua ma seene o ke fane ye o gwoni nɔɔna bam peina zwoŋo kodwoŋi yuu ne, ko yere mo Gibeaf-Haaralof.
4Ko déem ye fefeo mo se Josua gwoni nɔɔna bam peina, kokuri baara balo na bege ba yi jara keim ye ba de da ba nwoŋi Ejipti teo kom ne to maama tege kagoa kam yuu ne mo. 5Balo maama nam na tɔge ba nwoŋi Ejipti ne to mo gwoni ba peina, se ko ná ye balo maama ba na loge kagoa yuu ne, maŋa kalo ba na beeri ka wone to, banto peina wo gwoni. 6Isarele tiina bam nam ya kare kagoa kam yuu ne mo ba beera bena finna. Ba déem ke konto mo se ko taa nii maŋa kalo nɔn-kweero telo na dɛ ba zege Ejipti ne ba nwoŋi ye ba yi jara keim to maama na tege ba ti to. Banto déem ve Baŋa Wɛ ni mo pa se o du duuri we, ba bá da ba zo tega kalo o na gwoni ni se o pa debam, ye ka tiini ka ywomma de varem de kɔnɔ to.
7Josua gwoni nɔɔna bam konto bia peina mo. Banto mo leiri ba kwoa yuu ne. Ba peina nam ya ta wo gwoni, ba na loge-ba kagoa kam yuu chwo-veili dem baŋa ne to ŋwaane. 8Nɔɔna bam na gwoni ba peina yam konto to, Isarele kɔgɔ kom ma maŋe dáane pa ba ŋɔna yam jei.
9 Baŋa Wɛ laam ma ta de Josua o we, “Amo zem lɔɔre Ejipti teo chaveera yalo maama ya na wo abam baŋa ne to a yage dáa ne.” Isarele tiina bam ma bwoŋi jei sem konto yere we Giligal. Dedaane zem maama, ba ta bwoi yere dem konto mo.
10Isarele tiina bam déem ma chwi ba vwoa yam Giligal na wo Jeriko te-kampare laŋa kam ne to. Ba na wora to, ba maama ma di Atɔgebabaŋa kuri dem. Ba di-de boboa chana kam da fuga-yana dɛ dem ne mo se ko maŋe de chana kalo ba na nwoŋi Ejipti ne to. 11Ba na di Atɔgebabaŋa kuri dem ba ti ye tega poore to, mo ba bobo se ba di tega kam wodiiru. Ba déem di bworobworo kolo na ba jege sabɔle ko wone to, de mena yalo ba na wɔge to mo. 12Dento dɛ dem ne, ba na di tega kam baŋa wodiu to, mo Baŋa Wɛ chege se Manna yam daa yé zege wɛɛne ya to se Isarele tiina bam pɛ. Ko na zege kanto maŋa ne to, Isarele tiina bam laam lɛɛre ba di Kanaan tega kam wodiiru mo.
Isarele tiina bam di Jeriko
13Dɛ dedwe Josua na twɛ Jeriko to, mo o tole o na nɔɔno na zege o yiga ne. Kotu zei se-zɔɔ mo o jeŋa ne. Josua ma fɔɔre o yi nɔɔno wom tei ye o bwei‑o o we, “Nmo tɔge n woli debam kɔgɔ kom wone mo naa n woli dé dona bam wone mo?”
14Nɔɔno wom ma leiri‑o o we, “Amo ba tɔge á wolowolo! Chega ŋwaane to, amo mo ye Baŋa Wɛ jar-keira bam yiga tu. Konto ŋwaane mo a nam tu ywo-seeni.”
Josua na nigi konto to, mo o to o vwi o yibia tega ne ye o jɔɔne‑o. Josua ta ma ta ded‑o o we, “Amo tu, a ye nmo tontoŋeno mo. Ta n bere-ne kolo a na jege se a ke to.”
15 Baŋa Wɛ jar-keira yiga tu wom laam ma ta ded‑o o we, “Le n natera yam, se nmo na zege mɛ to ye wose mo.” O ma seene o ke konto.",https://www.bible.com/bible/3661/JOS.5.KBG
JOSUA 6,"1Jeriko teo kom maama déem pe mo ko zega Isarele tiina bam ŋwaane. Nɔɔna daa ba jege chwoŋa se ba zo teo kom wone naa ba nwoŋi pwooni. 2De konto maama, Baŋa Wɛ ta tage de Josua mo o we, “Amo kwei Jeriko teo kom, de ko pɛ, de o jar-keira bam maama a ke nmo jeŋa ne. 3Abam maama de á jar-keira bam jege se á vo mo á kaare teo kom bedwe dɛ maama, se ko yi da yaredo. 4Kaanem tiina barepɛ mo wó taa jege nabwanno ba tɔge Wɛ ni-gwonim dakaa kam yiga ne ba kɛa. Da yarepɛ dɛ dem ne, á wó vo á kaare teo kom kuni berepɛ mo, ye kaanem tiina balo na zei nabwanno tem to de maa wó taa wui-te. 5Kaanem tiina bam wó ba ba tiini ba wu nabwanno tem ba dáane. Ko ná ke konto, se n pa nɔn-kɔgɔ kom laare de tiguri-kaasa, se teo kom kabiri-dɛɛro tem wó to tega ne buri-buri. Nɔɔna bam maama laam wó duri ba yɔɔre ba zo teo kom ba jage jei maama.”
6Nun bu Josua ma bwoŋi kaanem tiina bam ye o ta-ba o we, “Kwei-na Wɛ ni-gwonim dakaa kam á zeŋe. Ta kuri-na kaanem tiina barepɛ se ba taa wo ni-gwonim dakaa kam yiga ne ba taa zei nabwanno.”
7O ma daare o pa nɔɔna bam maama ni we, “Ta‑á vei á kaare teo kom na. Jar-keira bam nam mo wó taa wo Wɛ ni-gwonim dakaa kam yiga ne.”
8Josua na yɔɔre o ŋɔɔne de nɔɔna bam o ti to, mo kaanem tiina barepɛ bam kwei ba nabwanno terepɛ tem ba wui ye ba via. Kaanem tiina badwonna ma zeŋe Baŋa Wɛ ni-gwonim dakaa kam ba tɔge ba kwaga. 9Jar-keira bam maa wo Wɛ ni-gwonim dakaa kam kwaga ne ye ba badwonna de wo kaanem tiina bam yiga ne. Kaanem tiina barepɛ bam ma yɔɔre ba jege ba nabwanno tem ba wui.
10Josua nam ya pɛ nɔn-kɔgɔ kom ni mo o we, “Nɔɔn-nɔɔno ba jege se o bage tiguri-kaasa, nam yé ŋɔɔne-na taane á bere daane, se ko taa nii maŋa kalo amo na wó bere abam we á ke tei maama to!” 11Ba ma sɛ Josua ni dem maama, ye ba zeŋe Wɛ ni-gwonim dakaa kam ba kaare teo kom ni bedwe. Ba na kaare bedwe konto to, ba laam ma jwoori ba na chwi ba vwoa yam mɛ to ba peini se tega poore.
12Josua ma zaŋe te-pora ni ne, ye kaanem tiina bam de daa kwei Wɛ ni-gwonim dakaa kam ba zeŋe. 13Kaanem tiina balo de na jege nabwanno tem to tɔge dakaa kam yiga mo ye ba wui-te. Jar-keira bam de ma tɔge dakaa kam kwaga, ye badwonna wo kaanem tiina bam yiga ne. Maŋa kam konto maama ne, kaanem tiina bam lɛɛre ba wui ba nabwanno tem mo. 14Da yalei dɛ dem ne nɔn-kɔgɔ kom maama de ma saŋe ba kwaga ba vo ba kaare teo kom ni bedwe, ye ba laam jwoori ba vwoa yam ne. Ba ke konto mo taa, se ko yi da yaredo.
15Da yarepɛ dɛ dem ne, Isarele tiina bam gwoni tega mo ba zaŋe. Ba ma tɔge naga kalo ba na yeini ba tɔga ba kaare teo kom to. Dento dɛ dem ne ba za kaare kuni berepɛ mo. 16Kaarem berepɛ tu wom baŋa ne, mo kaanem tiina bam wugi nabwanno tem ba dáane. Josua de ma pa ni o we, “Laare-na de tiguri-kaasa, kokuri Baŋa Wɛ mo kwei teo kom o ke á jeŋa ne! 17Teo kom de kolo maama na wo ko wone to ye Baŋa Wɛ nyem mo. Zwɛ-na te maama á pa‑o. Ka-bworo Rahaba, de balo na wo o sɔŋɔ kom ne to yerane mo wó lu. Kokuri wonto mo ye wolo na seigi dé na toŋe balo se ba ŋɔ ba nii tega kam to. 18Wonnu maama teo kom ne to zege se á yɔɔre á chɔge-te mo. Konto to, yé kwei-na teo kom kolokolo, se á ná ke konto, á de wó da á na chɔgem mo. Ko kwaga ne, á wó ja cham á ba á pa Isarele tiina bam maama. 19Teo kom sabu-seŋa dedaane lu-nyenno de ko channa de ko luuru tem maama ye Baŋa Wɛ nyem mo. Tento maama ye se á la-te mo á pa Baŋa Wɛ.”
20Nɔɔna bam na yɔɔre ba ni nabwanno tem kwori to, mo ba tiini ba laare tiguri-kaasa. Jeriko kabiri-lilirru tem ma to tega ne maama vim! Nɔɔna bam maama ma duri ba zo teo kom wone ba jwoŋi-ko ba tei. 21Ba ma kwei teo kom maama ba pa Baŋa Wɛ ye ba ma se-zɔɔro ba go nɔɔna balo maama na wo ko wone to. Baara, de kaana, de nɔn-kwe, dedaane nɔn-donno, wolowolo wo daare. Ba ta ma chɔge varem dwi maama, naane de pei de bonɛ maama.
22Josua ma ta nɔɔna balei balo ba déem na toŋe se ba ŋɔ ba nii teo kom to o we, “Véi-na ka-bworo kom sɔŋɔ, se á kwei ni delo á na gwoni o yiga ne to. Véi á ja-na wonto, de o sɔŋɔ tiina maama á ba ywo-seeni.” 23Nɔn-donno telei tem ma vo ba ja Rahaba de o nu de o kwo, ko woli de o dwi delo maama na zoore ded‑o to ba ja ba nwoŋi. Ba ma pa ba jeini ba twɛ de Isarele nɔɔna bam maama na wo mɛ to.
24Isarele tiina bam ma zwɛ teo kom dedaane kolo maama na wo ko wone to. Teo kom sabu-seŋa dedaane lu-nyenno de ko channa de ko luuru tem maama, ba ma la tento ba pa Baŋa Wɛ. 25Se ko ná ye ka-bworo Rahaba, ko dɛ chwoŋa kanto mo ye Josua woli pa se o de o diga kam daa wo tege nenɛɛne Jeriko nɔɔna bam. Wonto déem mo seigi nɔɔna balo Josua na toŋe se ba vo ba ŋɔ ba nii teo kom to. O ma lɛɛre o zoore dedaane Isarele tiina bam se ko yi zem maama.
26Kanto maŋa kam ne Josua ma zege o du duuri dento o we, “Baŋa Wɛ wó pa se wolo maama na boŋe se o jwoori o lɔ Jeriko teo kom to na o lɛɛro.
Kotu bu-kwea mo wó te
se teo kom biri-beira laam zege.
Se wolo maama na wó ke ko bworru-kamuna yam da to
de ga o jeŋa bu.”
27 Baŋa Wɛ déem maa wo Josua tei ne maŋa maama. O yere ma zaŋe jei sem maama ne.",https://www.bible.com/bible/3661/JOS.6.KBG
JOSUA 7,"Akane na ke wɛleere delo to
1Isarele tiina bam déem toŋe vwa mo wonnu telo Baŋa Wɛ na we te maŋe de chɔgem to baŋa ne. Akane déem mo ŋɔge wonnu tem tedwonna. O déem ye Karimi bu mo, ba maa ye Zabidi diga tiina. Ba ta ye Judah dwi dem nɔɔna mo na ye Zera sɔ-yuu tiina. Akane kikia yam ŋwaane mo Baŋa Wɛ bane zaŋe de Isarele tiina maama.
2Josua ma zege Jeriko ne o toŋe nɔɔna badwonna se ba vo ba ŋɔ ba nii Ayi teo kom na ye tei to. Ko déem wo Bɛtel wɛ-puli seeni mo se ko maŋe dedaane Bɛte-Aven.
3Ba ma vo ye ba jwoori ba ta dedaane Josua ba we, “Teo kom konto ye te-balaŋa mo. Dé ná jaane nɔɔna morro telei naa morro tetɔ dé vo se dé jeeri-ba, dé wó di-ba. Yé toŋe kɔgɔ kom maama.” 4Konto ŋwaane, ba déem le nɔɔna morro tetɔ mo pa ba vo se ba jeeri Ayi tiina bam. Ayi tiina bam ma wane Isarele tiina bam ba di pa ba pipiri ba duri. 5Ba zege ba teo kom manchwo-peena ni ne ba de Isarele tiina bam, se ko yi peero tem laŋa. Ba ma go Isarele tiina bam nenɛɛne nɔɔna fintɔ-baredo zwoŋo kom teiŋa ne. Keim dem konto so Isarele tiina bam mo. Ba vɔna ma pare, ye foone zo-ba.
6Josua wo ma pɛ. O déem ma kaare o gwaaro, ye o daare o to o vwi o yibia tega ne. O déem ta bibili Wɛ ni-gwonim dakaa kam yiga ne taa, se ko yi dedaan-ni maŋa. Isarele nakwa bam de déem ke konto mo ye ba pɛ kasolo ba taare ba yuni maama. 7Josua laam maa we, “Tento maama ye bɛ? Yuu-tu Baŋa Wɛ, bɛŋwaane mo nmo jaane debam n bɛ buga kam n ba ywo-seeni? N lage n kwei debam mo n ke Amori tiina bam jeŋa ne na? Nmo we ba chɔge debam mo na? Debam ya ná maŋe Jɔdan buga daa kakam kam ne, ko ba gare tento na? 8Amo Teiru, kɔ mo amo daa jege se a ta, ye dé dona pa se dé pipiri dé duri tento? 9Kanaan tiina bam dedaane dwia yalo maama na zoore ywo-seeni to laam ná nigi tento, ba wó na baare se ba ba ba gilimi debam ba ke tetare ne. Ba laam maa wó pa se dé yere jei tega baŋa ne. Konto ná kea, nmo yere-kamunu nenɔŋ-fɔrɔ kom nam daa bɛ?”
10 Baŋa Wɛ ma ta Josua o we:
“Zaŋe wɛɛne! Ko ke tetɛ mo ye n vwi n yibia tega ne konto? 11Isarele tiina bam mo tusi, ye ba ve ni-sɛɛm delo na wo amo de banto tetare ne to. Ba ma ŋɔ wonnu telo a na we te ye amo nyem to. Ba ŋweene dem kwaga ne, ba ta fɔge vwa. Ba ta daare ba kwei wonnu tem konto ba woli ba tete wonnu wone. 12Konto ŋwaane nam pa se á duri á dona bam yiga ne. Lɛɛro nam wo Isarele yuu ne ye ba maŋe de chɔgem. Abam nam ná wo chɔge wonnu telo ya na ye se te chɔge ye á kwei-te to, amo daa bá taa wo á tetare ne.
13Zaŋe n vo n ta se nɔɔna bam kwɛ ba tete se ba jwa jeeri-ne! Kokuri Isarele tiina Baŋa Wɛ wom tage tento mo: ‘Abam kwei wonnu telo na jege se te taa ye Baŋa Wɛ nyem to mo á woli á wonnu wone. Abam nam ná wo le-te á wonnu tem wone, á bá wane á dona bam á di.’
14Abam kɔgɔ kom maama jwa wó jeeri Baŋa Wɛ yiga ne. Baŋa Wɛ maa wó le Isarele dwi delo na tusi to. Dwi dem laam maa wó nwoŋi sɔ-yuu de sɔ-yuu se Baŋa Wɛ le sɔ-yuu kolo na tusi to. Sɔ-yuu kom de wó nwoŋi mo diga maama wone, se Baŋa Wɛ le diga kalo na tusi to, ye diga kam konto de laam ma nwoŋi nɔɔno dedoa dedoa, se Baŋa Wɛ le wolo na tusi to. 15Ba ná nɛ nɔɔno wolo na ŋɔge wonnu telo á na jege se á chɔge to, ba laam wó zwɛ kotu mo. Ba ta jege se ba ja o yera woŋo maama mo ba woli da ba nwoŋi ba zwɛ. Kokuri, o tiini o ke wo-balɔrɔ mo na dae se ko ke Isarele ne. O chɔge ni-sɛɛm delo Wɛ de o nɔɔna bam na ke daane to mo.”
16Tega na poore to, Josua ma pa se Isarele tiina bam nwoŋi se Wɛ le dwi delo na tusi to. Judah dwi dem mo ba déem le. 17Judah dwi dem ma nwoŋi sɔ-yuu de sɔ-yuu. Ba ma le Zera sɔ-yuu kom. Zera di sem na bobo se te nwoŋi to, Zabidi diga kam mo ba le. 18Zabidi diga kam nɔɔna bam ma nwoŋi nɔɔno dedoa dedoa ye ba le Karimi bu Akane.
19Josua laam ma ta de Akane we, “Amo bu, nmo zege Baŋa Wɛ wom na ye Isarele tiina Wɛ to yiga ne mo. Konto to, pa‑o zula se n daare n ta chega. Ta n keim dem maama jaja n bere-ne, se n yé seigi kolokolo amo yiga ne.”
20Akane ma leiri‑o o we, “Amo seene a tusi a chɔge Baŋa Wɛ wom na ye Isarele tiina Wɛ to yiga. Amo nam ke tento mo: 21Dé na zo se dé wane Jeriko to mo a nɛ gare-laao na nwoŋi Babilonia to, dedaane lu-nyenno sabu-dala bia yalei, ko ta woli de sabu-seŋa kandwɛ-dale na tiini de dumma de dwoi kilo chicheiro to. Amo fera ma tiini ya zo-te, pa se a kwei. Amo koge tega a vwei dem wone mo a seigi tento maama. Á wó na-te dáane ye lu-nyenno tem seigi te maama kuri ne.”
22Josua ma toŋe nɔɔna se ba vo o vwei dem ne ba buŋi ba nii ko ye chega mo na. Ba ma duri ba vo ye ba seene ba na wonnu tem maama na seigi da. Lu-nyenno tem seene te wo vwei dem tega ne, kuri kuri. 23Nɔɔna bam ma kwei wonnu tem vwei dem ne ba ja nwoŋi ba ba Josua dedaane Isarele tiina bam tei ne. Ba ma jale te maama Baŋa Wɛ yiga ne.
24Josua dedaane Isarele kɔgɔ kom maama déem ma ja Akane, ba woli de lu-nyenno tem, de gare-laao kom, de sabu-seŋa kandwɛ-dale dem, ko woli de o bia maama, bakeiri de busankane, ba ja ba tu Akore bwolo kom ne. Ba déem ta ma ja o bonɛ, de o naane, de o pei, ko woli de o vwei dem tete. O woŋo maama mo ba jaane ba woli da ba vo bwolo kom. 25Josua laam ma ta ded‑o o we, “Bɛŋwaane mo ye n ja cham dento n ba n pa debam? Baŋa Wɛ de nam wó pa cham yi‑m zem.”
Isarele tiina bam maama laam ma dole‑o de kandwa ba go. Ba déem ta dole o woŋo maama mo ba go. Ko kwaga ne, ba déem ma zwɛ wonto de o diga tiina bam de o wonnu maama. 26Ba laam ma tigisi kandwa o baŋa ne. Kandwa-dogela yam ta wora dedaane zem maama. Ko nam na zege kanto maŋa ne se ko yi zem to, ba jege jei sem konto ba bwoi we, Cham bwolo mo. Ko ma pa se Baŋa Wɛ ban-lom dem to.",https://www.bible.com/bible/3661/JOS.7.KBG
JOSUA 8,"Isarele tiina bam di Ayi teo kom
1 Baŋa Wɛ laam ma ta Josua o we, “Yé ta‑n fona, nam yé pa se n vɔna pare. Ja á kɔgɔ kom maama na ye jar-keira to n vo n jeeri Ayi teo kom, se amo seene a kwei teo kom Pɛ, de o nɔɔna bam, ko woli de teo kom tete dedaane ba laŋa kam maama mo a pa abam. 2Ke-na Ayi teo kom de ko Pɛ nenɛɛne á na ke Jeriko de ko Pɛ wom tei to. Tento mo za wó leiri: Wonnu telo maama á na wó di Ayi teo kom wone to ye á nyem mo se á ta‑á jega. Ko maa ye ba naane dem de ba jejegero mo konto. Nam véi-na á vwɛ se ko taa bwola de teo kom.”
3Josua ma kuri jar-keira balo na yei jara keim chekke to, se ba yi nɔɔna morro fintɔ. Tete dem konto ne, ba ma vo se ba kwaare jara dedaane Ayi tiina bam. 4O déem ma pa nɔɔna bam ni dento:
“Baare-na teo kom kwaga á vwɛ konto bwola bwola se ko taa twɛ de teo kom, se á daare á cheigi ziim, ko ná ba ye tei ŋwaane. 5Ko daare jar-keira balo maama na tɔge de amo to wó vo se dé jeeri-ba dedaane jara. Ayi tiina bam maa wó nwoŋi nenɛɛne boboa kam ne to, se ba kwaare jara dedaane debam. Dé maa wó tutwoni se dé duri dé daare-ba. 6Dé lage dé pa ba pare debam mo, ye dé wora dé gane-ba mo konto se ba maama nwoŋi ba daare ba teo kom. Kokuri, ba wó boŋe ba tete ne we, ‘Dé daa pɛ se Isarele tiina bam duri debam yiga ne nenɛɛne boboa kam to.’ 7Maŋa kalo ne ba maama ná nwoŋi ba ti ye ba daa ba ŋwae de ba teo kom to, mo abam wó zaŋe á na vwɛ mɛ to se á zo á vere ba teo kom. Baŋa Wɛ mo wó kwei-ko o pa abam. 8Á maa ná nɛ we á vere teo kom maama, se á zwɛ-ko. Baŋa Wɛ we á ke konto mo, amo de nam pɛ abam ni se á ke konto.”
9Nɔɔna bam ma zaŋe tete dem konto ne, ba vo ba vwɛ jei na twɛ dedaane teo kom to. Ayi wɛ-zoore daa kam seeni mo ba vwɛ, Bɛtel de Ayi tetare laŋa ne. Se ko ná ye Josua, wonto maŋe dáane mo tete dem konto. O ma peini o nɔɔna bam tei ne.
10Tega na jege ka poore to, Josua ma la Isarele jar-keira bam o ke daane. O de Isarele nakwa bam ma to ba yiga ne ye ba laam kwei Ayi chwoŋa ba maa kɛa. 11Ba ma vo ba maŋe Ayi teo kom baŋa seeni daa kam ne ba chwi ba vwoa. Bwolo mo déem tigi ba dedaane Ayi teo kom tetare ne. 12Tete dem konto ne, Josua ma pa nɔɔna morro tenu vo ba seigi Bɛtel dedaane Ayi tetare ne, se ko maŋe de teo kom wɛ-zoore seeni. 13Ba na ke tei to mo tento: Ba nɔn-kɔgɔ kom ma zege ba maŋe dedaane teo kom baŋa seeni daa kam, ye balo na seigi ba vwɛ to zege ba maŋe de teo kom wɛ-zoore seeni. Josua tete laam ma vo bwolo kom ne tete dem konto.
14Tega kam na poore ye Ayi teo Pɛ na-ba to, o ma ke lela o la o nɔɔna bam pa se ba kwaare jara dedaane Isarele tiina bam. Ya déem ke ya maŋe de bwolo kom siseira kam ne mo. Ayi teo Pɛ maa wo lɔre we nɔɔna badwonna mo vwɛ se ba zo o teo kom wone. 15Josua dedaane Isarele kɔgɔ kom maama ma ke nenɛɛne ba lage ba duri mo se ba lu, ye ba déem kwei kagoa chwoŋa kam ba maa kɛa. 16Ayi teo Pɛ wom ma bwoŋi o teo kom nɔɔna bam maama se ba nwoŋi ba pare Isarele tiina bam. Ko dɛ chwoŋa kam konto ne mo, ye ba maama nwoŋi ba daare ba teo kom. 17Nɔɔn-nɔɔno déem daa wo daare Ayi ne naa Bɛtel teo ne. Ba maama déem nwoŋi mo se ba pare ba ja Isarele tiina bam. Ba teo kom manchwo-peena yam ma daare ya tiga woo.
18 Baŋa Wɛ ma ta de Josua o we, “Twe n chichwei dem n jeeri Ayi teo kom, se a lage a kwei teo kom mo a ke n jeŋa ne.” Josua ma ke Baŋa Wɛ na bere se o ke tei to. 19Josua na yɔɔre o tei o chichwei dem o jeeri Ayi teo kom to mo nɔɔna balo na vwɛ ba cheiga teo kom ni ne to pɔpɔ ba nwoŋi ba vwɛɛm jei sem ne. Ba ma zo ba di teo kom ye ba daare ba zwɛ-ko.
20Ayi teo nɔɔna bam na pipiri se ba nii to, ba nɛ we nyoa mo zaŋa ba teo kom ne kulululu. Ba daa maa yeiri ba na wó ke tei tei ba lu, kolo ŋwaane Isarele tiina balo ya na duri ba yɔɔre kagoa kam seeni to jwoori ba pipiri mo ba kwaare jara de-ba. 21Josua de nɔɔna balo na wo o tei ne to maane we, balo na vwɛ teo kom ni ne to wane-ko. Ba ma pipiri ba jeeri Ayi tiina bam ba di-ba jara wone. 22Isarele tiina balo de ya na vwɛ teo kom teiŋa ne ye ba laam wo ko wone to ma nwoŋi ba bobo se ba zege kwaga ne ba taa goe Ayi tiina bam. Banto déem laam wo Isarele tiina bam tetare ne mo. Ba wolowolo wo daare. Nɔɔn-nɔɔno nam wo lugi. 23Ko daare Ayi teo Pɛ wom yerane mo ba jaane ye o ta ŋwe. Ba ma ja‑o ba vo Josua tei.
24Isarele tiina bam déem ma pare Ayi teo kom nɔɔna balo maama na nwoŋi ko wone to ye ba go ba maama nyɔ pwola kam ne! Konto kwaga ne mo ba duri ba zo teo kom wone ba go balo maama na wo ko wone to. 25Ayi nɔn-bia bam maama, baara de kaana déem ye morro fuga-telei (12,000) mo. Isarele tiina bam ma ti ba ni dem maama nyɔ! Nɔɔn-nɔɔno déem daa wo daare. 26Kokuri, Josua chichwei delo o na zei to ta twe konto mo taa, se ko yi maŋa kalo Isarele tiina bam na yɔɔre ba chɔge Ayi nɔɔna bam maama to. 27Isarele tiina bam déem ya wo chɔge teo kom vara de ko jejegero tem. Baŋa Wɛ déem pɛ Josua ni se o pa-ba chwoŋa se ba kwei tento ba taa jega. Ba ma seene ba ke konto.
28Josua ma zwɛ Ayi teo kom pa se ko ji tampuuri ko ba yi zem. 29Se ko ná ye Ayi teo Pɛ wom, Josua kuuni‑o mo o yage tio yera ne pa se o leiga da konto taa, se ko yi dedaan-ni maŋa. Wɛ-zoore maŋa ne, Isarele tiina bam ma fwoli‑o ba ja ba vo ba dole ba yage teo kom manchwoŋo ni ne. Ba déem ma la kandwa ba pane o maama. Kandwa yam déem diini mo vili vili ye ya ta wora se ko ba yi zem.
Ba guli Baŋa Wɛ ni-gwonim dem gula
30Ba déem ma vo ba yi Ebal Peo kom jei sem. Josua ma tigisi kandwa dáane o lɔ bimbini o ma zuli Isarele Baŋa Wɛ wom. 31Wɛ tontoŋeno Moses déem na popone kolo maama se ba taa ke to mo o déem kea. Ko popone Wɛ nia yam tɔnɔ kom ne we, “Seene-na kandwa yalo á na wo mɛ luuru naa kolokolo á ma á gwoni to, se ko taa ye kaanem bimbini ko pa-ne.” Ba na lɔge-de to, ba ma ke zwɛɛm pɛɛra dedaane yazura pɛɛra ba kaane ba pa Baŋa Wɛ. 32Josua ma zege Isarele kɔgɔ kom yiga ne o popone Wɛ nia yam o ke kandwa baŋa ne se ko lwoni Wɛ nia yalo Moses na popone to. 33Isarele kɔgɔ kom maama, tembia dedaane veira, ko woli de ba nakwa de ba yiga tiina de ba dedɛɛra balo na nii ba baŋa ne to maama déem pɔɔre mo kuni belei ba zega. Popɔra dedoa déem zege ye ba kwaga jeeri Gerizim Peo kom mo. Popɔra kadwoŋi kam de maa zega ye ba kwaga jeeri Ebal Peo kom. Levi dwi kaanem tiina bam laam maa wo ba tetare ne ye ba zeŋe Wɛ ni-gwonim dakaa kam. Ba ke konto maama se ko tɔge dedaane Wɛ tontoŋeno Moses déem na bere we ba taa ke tei to ye ba laam kwei Wɛ zaane ba ma swɛ Isarele tiina bam swolim.
34Konto kwaga ne Josua daa ma jwoori o ga Wɛ nia yam maama, Wɛ swolim dedaane o sɔɔlem delo maama Moses déem na popone o tiŋi Wɛ nia tɔnɔ kom wone to. 35Taane tera Moses na popone o tiŋi Wɛ nia tɔnɔ kom wone ye Josua wo gage se Isarele tiina kɔgɔ kom maama ni. O déem gage ko maama mo nyɔ pa se ba cheigi. Kaana bam de bia bam maama déem woli da mo ba cheigi ye veira bam de déem wo maŋe kwaga ne.",https://www.bible.com/bible/3661/JOS.8.KBG
JOSUA 9,"Gibeon tiina gane Isarele tiina bam
1Teene dem na wo Jɔdan buga kam wɛ-zoore seeni to pwa maama ma ni kolo na ke to. Pwa bam konto déem zoore zwonnu laŋa kam ne mo, dedaane wɛ-zoore seeni bwollu tem ne. Ba badwonna maa zoore ba twɛ dedaane Mediterania naneo kom ni dem, ye ko tole ko maa vei baŋa ne se ko maŋe de Lebanon. Ko maa ye Hiti tiina, de Amori tiina, de Kanaan tiina, de Pɛrizi tiina, de Hivi tiina, dedaane Jebusi tiina pwa bam mo konto. 2Pwa bam konto maama ma sɔ ni se ba jar-keira bam maama gwaane daane se ba laam ke jara de Josua dedaane Isarele kɔgɔ kom maama.
3Ko daare Gibeon tiina bam na nigi Josua de o kwaga kam na ke tei Jeriko dedaane Ayi teene dem baŋa ne to, 4mo ba ke swa se ba wane ba jwoŋi ba tete ba yage. Ba ma ke wodiu, ye ba kwei-ko ba ke ywollu-dwonnu wone ba daŋe ba bonɛ baŋa ne. Ba lɔɔro tem de déem maa dwoori lanyerane ye te kaare kaare. 5Gwaaro telo nɔɔna bam na lɛ to déem maa ye gare-zenzwara, ye ba kwei natere-gorro ba zo. Ba wodiiru de déem ma kuuni, ye kodwoŋi de ko.
6Josua de o nɔɔna bam déem maŋe Giligal ne mo ba chwi ba vwoa. Gibeon tiina bam ma vo ba yi da, ye ba ta de Josua dedaane Isarele tiina bam ba we, “Debam teo ba ŋwae. Dé nam tu abam tei se dé ke ni-sɛɛm mo de abam.”
7Isarele tiina bam ma leiri-ba we, “Dɛ delo abam zoore ywo bwola bwola mo. Ko maa ná ye konto, debam bá wane dé ke ni-sɛɛm de abam.”
8Nɔɔna bam ma leiri Josua we, “Debam tu se dé sɛ dé pa abam.”
Josua ta ma jwoori o bwei-ba o we, “Abam ye bera mo, ye á nwoŋi yei mo?”
9Ba ma leiri‑o ba we:
“Debam nwoŋi teo yiga yiga mo dé ba ywo. Ko nam ye abam Tu Baŋa Wɛ wom yere-kamunu kom ŋwaane mo dé tua. Dé nigi o na ke tei maama Ejipti ne to. 10Dé ta nigi Baŋa Wɛ na toŋe tei dedaane Amori tiina pwa balei bam na zoore Jɔdan buga kam wɛ-puli seeni to. Ko maa ye Hesebon teo Pɛ Sihon mo dedaane Basan teo Pɛ Oga paare dem na di Asetarof ne to. 11Debam teo nakwa dedaane dé nɔn-bia bam maama ma ta debam ba we, ‘Kwei-na wodiiru chwo-dɔrɔ kom ŋwaane se á vo á jeeri Isarele tiina bam. Nam ta-na de-ba we: Debam lage se dé sɛ dé pa abam. Abam de nam sɛ se dé ke-na ni-sɛɛm daane.’ 12Nii-na debam bworobworo konto! Dé yɔɔre de wɔ-ko dé ti mo ye dé kwei chwoŋa se dé ba ywo. Leile konto ko nam kuuni mo ye ko ko. 13Lɔɔro tento dé na ke na te wone to ya ye lɔ-donno mo. Te laam nam dwoori mo, ye te bage bage. Dé natera dedaane dé gwaaro maama ma chɔge chwo-dɔrɔ kom baŋa ne mo.”
14Isarele nakwa bam ma jwoŋi Gibeon tiina wodiu kom ba laŋe ba nii, ye ba wo bwei se ba lɔre Baŋa Wɛ boboŋa. 15Josua ma ke ni-sɛɛm de nɔɔna bam se Isarele tiina bam yé go-ba. Isarele nakwa bam de déem ma du duuri se ko seene ko taa ye konto.
16Ba na ke ni-sɛɛm dedaane Gibeon tiina bam ba ti to, mo da yatɔ wɛɛne ba nigi we nɔɔna bam zoore ba twɛ-ba. 17Isarele tiina bam déem ma kaare laŋa kam se ba nii Gibeon tiina teene dem na wo mɛ to. Ba ma kwei da yatɔ ba yi ba teene dem. Teene dem yera déem mo ye Gibeon, de Chefira, de Beerofa, dedaane Kiriaf-Jeerim. 18Isarele tiina bam maa wo jeeri Gibeon nɔɔna bam de jara, ba yiga tiina bam na lwoori yiga ba ke ni-sɛɛm de-ba ye ba ma Isarele tiina Baŋa Wɛ wom yere mo ba du duuri ba pa-ba to ŋwaane.
Isarele kɔgɔ kom maama ma bobo se ba poone ba yiga tiina bam, ni-sɛɛm dem ŋwaane. 19Ba yiga tiina bam ma leiri-ba ba we, “Debam na lwoori yiga dé ma Isarele tiina Baŋa Wɛ wom yere dé ma dé du duuri dem to, dé daa bá wane-ba kolokolo se dé ke. 20Ko ye se dé yé go-ba mo. Dé ná chɔge ni-sɛɛm dento, Baŋa Wɛ bane wó zaŋe debam baŋa ne mo.” 21Ba daa maa we, “Ba ná ŋwe, dé wó pa se ba taa gwoni dɛ ye ba daare ba mɔɔne na ba pae Isarele kɔgɔ kom maama.” Isarele nakwa bam déem na bwɛ se ba ke kolo to mo konto.
22Josua ma bwoŋi Gibeon tiina bam ye o bwei-ba o we, “Bɛŋwaane mo á gane debam konto? Abam tage we á teo ba ŋwae, ye á laam zoore ywo-seeni bwola bwola. 23Lɛɛro laam nam mo wo á yuu ne. Ko zege zem dɛ dem se ko taa vei wuu, á wó ta‑á ye balo na gwoni dɛ mo, ye á daare á mɔɔne na debam Wɛ sɔŋɔ kom totoŋa ŋwaane.”
24Ba ma leiri Josua ba we, “Dé ye n tontoŋena mo. Dé maŋe dé ni abam Baŋa Wɛ wom na pɛ o tontoŋeno Moses kwora we, o di wɔnɔ tega kanto maama baŋa ne o pa abam, se á daare á chɔge ka nabiina bam maama tei to. Ko ma tiini ko pa se foone zo debam ye dé ke dé na ke tei maama to. 25Dé laam nam to nmo pwoa ne. Ke debam tei maama n na nɛ we ko tɔge chwoŋa to.”
26Josua ma sɛ. O maa wo pɛ pwola se Isarele tiina bam go-ba. 27Ko na zege dento dɛ dem ne se ko yi zem to, Josua pɛ se Gibeon nɔɔna bam taa gwoni dɛ mo ye ba daare ba mɔɔne na ba pae Isarele kɔgɔ kom maama. Ba déem ta ke konto mo Baŋa Wɛ kaanem bimbini dem totoŋa ŋwaane. Ko nam ye jei selo Baŋa Wɛ na kuri to ne mo ba ke konto.",https://www.bible.com/bible/3661/JOS.9.KBG
JOSUA 10,"Dɛ dem wea kam na zege cheppe to
1Adoni-Zɛdeka na ye Jerusalem teo Pɛ to déem nigi we Josua di Ayi teo kom. O ta nigi we Josua yɔɔre o chɔge teo kom maama de ko Pɛ, nenɛɛne o na maŋe o lwoori yiga o ke tei de Jeriko teo de ko Pɛ tei to. O ta nigi Gibeon tiina bam na ke ni-sɛɛm dedaane Isarele tiina bam pa se ba zoore de-ba tei to. 2Ko ma pa se foone tiini de zo wonto de o teo nɔɔna bam, kolo ŋwaane Gibeon déem ye te-fɔrɔ mo ko dwoi Ayi teo kom. Ko nɔn-bia bam de déem nam ya ye jar-keira mo chekke.
3Mo kokuri Pɛ Adoni-Zɛdeka toŋe se pwa banto jeeri ba woli‑o: Heboron teo pɛ Hoham, de Jaremuf teo pɛ Piram, ko woli de Lakisi teo pɛ Jafia, dedaane Egilon teo pɛ Debiri. 4O ma pa-ba kwora kanto we, “Ba-na á woli-ne se dé ke jara dedaane Gibeon tiina bam. Kokuri to, ba ke ni-sɛɛm mo dedaane Josua de o nɔɔna Isarele tiina bam.”
5Amori tiina pwa banu banto ma la ba jar-keira bam ba ke daane: Jerusalem pɛ, de Heboron pɛ, de Jaremuf pɛ, de Lakisi pɛ, ko woli de Egilon pɛ. Ba maama laam ma ba ba gilimi Gibeon tiina bam ba ke tetare ne se ba chɔge-ba.
6Gibeon tiina bam ma toŋe kwora lela se ka yi Josua, ye Isarele tiina bam ta wo Giligal ne. Ba maa we, “Debam ye nmo tontoŋena mo. Nam yé swei-na debam swia. Ke-na lela á ba á jwoŋi debam á yage. Kokuri Amori tiina bam maama na zoore zwonnu tem laŋa ne to mo gilimi daane se ba chɔge debam.”
7Josua ma zaŋe Giligal ne dedaane o jar-keira bam maama se o vo ba tei, ye balo na wara de jara keim chekke to de wo ba wone. 8Baŋa Wɛ ma ta dedaane Josua o we, “Yé ta‑n kɔre foone. A lage a pa se nmo mo di-ba. Nɔɔn-nɔɔno tera o na wó wane o dwoni de nmo.”
9Josua de o jar-keira bam déem kwei tete dem maama mo ba zege Giligal ne ba vo ba yi Gibeon tiina bam. Ko ma pa se ba pɔpɔ ba zaŋe Amori tiina bam baŋa ne. 10Baŋa Wɛ ma pa se Amori tiina bam boboŋa jei, ye Isarele tiina bam déem go ba dedɛ Gibeon ne. Amori tiina bam badwonna ma kwei zwonnu laŋa chwoŋa kam na wo Bɛte-Horon seeni to. Ba na duri se ba lu to, mo Isarele tiina bam pare-ba ba goe ba vo ba kwaare Azeka dedaane Makeda na wo tega-kuri seeni to. 11Amori tiina bam maa na zege Bɛte-Horon ne ba duri ba vei Azeka seeni konto to, mo Baŋa Wɛ tɔge ba kwaga o dole-ba dedaane do-kandwa taa, se ba vo ba yi Azeka. Do-kandwa yam déem ma go ba dedɛ se ko dwoni balo Isarele tiina bam na go to.
12Dɛ delo wone Baŋa Wɛ déem na pɛ Isarele tiina bam di Amori tiina bam to, mo Josua zege Isarele kɔgɔ kom yiga ne o lwoori Baŋa Wɛ o we:
“Wea, ta‑n zege konto cheppe
Gibeon teo baŋa ne!
Chana, nmo de maŋe Ayijalon
bwolo kom ne konto n zege!”
13Wea kam ma maŋe da, ka zege cheppe. Chana kam de daa maa wo fofɔ ka vo yiga, se ko taa nii Isarele tiina bam na di ba dona bam ba ti to. Keim dento maama nam popone mo de tigi Jasare tɔnɔ kom wone. Wea kam déem ma maŋe wɛyuu kom tetare ne ka zege cheppe. Ka maa wo vei ka to, se ko maŋe de dɛ-puni. 14Dé ta wo fɔge dé na dɛ nenɛɛne dɛ dem konto, pa se Baŋa Wɛ cheigi nabiinu kwora konto dwoŋi. Baŋa Wɛ ma woli de Isarele tiina bam ye ba ke jara yam.
15Josua dedaane Isarele tiina bam maama daa ma jwoori Giligal ne, mɛ ba ya na maŋe ba zoore to.
Ba go Amori tiina pwa banu
16Jara yam ta na wora ya ke konto to, Amori pwa banu bam ma duri ba vo ba seigi peo kodwoŋi bɔɔne wone. Jei sem wo Makeda laŋa ne mo. 17Nɔɔno ma na-ba ye o chɔ o bere Josua ba na wo mɛ to. 18Josua de ma pa ni we, “Lage-na kandwa kamuna á ma á pe peo bɔɔne delo ba na seigi da to ni, se á ta daare á beeri nɔɔna se ba yere bɔɔne dem. 19Ko daare abam wolowolo yé maŋe kwaga ne! Pare-na á dona bam, se á che ba yiga se ba yé zo ba teene dem wone. Kolo ŋwaane, abam Baŋa Wɛ wom pɛ abam dam se á di-ba mo.”
20Josua dedaane o jar-keira bam ma wane Amori tiina jar-keira bam maama ba ti. Ba fenfee yerane mo duri ba lu ba vo ba zo ba teene delo na lɔge de pe to wone. 21Konto kwaga ne, Isarele jar-keira bam maama ma jwoori Makeda dedaane yazura. Dáane mo Josua ya wora o cheigi-ba. Nɔɔn-nɔɔno daa maa ware se o ta Isarele tiina bam yera wo-lɔŋɔ.
22Josua ma ta o we, “Dɔne-na kandwa yam peo bɔɔne dem ni ne, se á ja pwa banu bam á ba amo tei.” 23Nɔɔna bam ma ja Jerusalem pɛ, de Heboron pɛ, de Jaremuf pɛ, de Lakisi pɛ, ko woli dedaane Egilon pɛ ba ba o tei. 24Josua laam ma bwoŋi Isarele jar-keira bam maama ye o ta dedaane bembɛ selo na tɔge ded‑o ba vo ba ke jara yam to o we, “Fɔɔre-na á yi ywo, se á kwei á nɛ á daŋe pwa banto dedoa dedoa ba ne.” Ba de ma seene ba ke konto.
25O daa ta ma ta de-ba o we, “Yé kɔre-na foone. Nam yé pa-na se á vɔna pare. Ke-na dam á tete kuri ne se á daare á ja baare. Abam dona balo maama á na wó ke jara de-ba to, Baŋa Wɛ lage o ke-ba konto dwoŋi mo.” 26Josua laam ma go pwa banu bam, ye o kwei ba yera yam o lei teeni denu yera ne. Pwa bam ma maŋe teeni dem yera ne se ko yi dedaan-ni maŋa.
27Wɛ-zoore maŋa ne, Josua ma pa ni se ba bwoli twa bam teeni dem yera ne, ye ba laam dole-ba ba de peo bɔɔne delo wone ba ya na seigi to. Ba ma jwoori ba kwei kandwa kamuna ba ma ba pe de ni. Dáane mo ya ta wora se ko yi zem maama.
Josua di teene dedwonna tega-kuri seeni
28Josua déem ma wane Makeda teo de ko pɛ wom maama. O déem yɔɔre o chɔge ba maama mo ye nɔɔn-nɔɔno wo daare teo kom wone. Josua déem toŋe dedaane Makeda pɛ wom nenɛɛne o na maŋe o da yiga o toŋe tei de Jeriko pɛ wom mo.
29Josua dedaane Isarele jar-keira bam maama zege dáane mo ba vo Libina. Ba déem ma ke jara dedaane teo kom konto tiina. 30Baŋa Wɛ déem ta ma pa se ba di Libina tiina bam. Nɔɔn-nɔɔno wo lugi da. Josua ma toŋe dedaane Libina teo pɛ wom de o nɔɔna bam ne o na ke tei Jeriko ne to.
31Josua dedaane o kɔgɔ kom ma zege Libina ne ba kɛ ba yi Lakisi. Ba ma gilimi teo kom ba pu, ye ba ke jara de ko. 32Jara yam keim da yalei dɛ dem ne mo Baŋa Wɛ pɛ ba di teo kom konto. Isarele tiina bam ma go teo kom nɔɔna maama, ne ba déem na ke tei Libina ne to. 33Kanto maŋa kam ne, Gezere teo Pɛ Horam de ma ba se o da o woli Lakisi tiina bam. Josua ma ti wonto de o jar-keira bam maama, nɔɔn-nɔɔno wo daare.
34Josua laam ma ja o nɔɔna bam maama o vo Egilon. Ba ma gilimi teo kom ba pu, ye ba ke jara de-ba. 35Ba déem kwei dɛ dedwe yerane mo ba ma wane teo kom. Ba ma yɔɔre ba chɔge ko nɔɔna bam maama, ne ba déem na ke Lakisi tei to.
36Josua de o nɔɔna bam ma zege Egilon ne ba vo se ba ke jara dedaane Heboron tiina. 37Ba déem ma wane teo kom konto dedaane ko nawuura yam maama. Ba déem go ko pɛ wom de ko nɔn-bia bam maama. Ba maa wo daare nɔɔn-nɔɔno teo kom wone. Ba déem toŋe de-ba nenɛɛne ba na ke tei maama Egilon baŋa ne to mo.
38Isarele tiina bam daa ma pipiri ba vo ba ke jara dedaane Debiri teo. 39Ba déem ma wane teo kom de ko pɛ maama. Ba di teo kom nɔɔna maama, dedaane ko nawuura yam mo, ye ba go ko nɔɔna maama. Josua déem na toŋe tei Heboron dedaane Libina yera ne to, mo o ta ke konto Debiri teo pɛ de o nɔɔna bam yera ne.
40Josua déem ma di laŋa kam konto maama. O déem wane pwa bam de ba nɔɔna bam maama: balo na zoore zwonnu laŋa kam ne, dedaane wɛ-zoore seeni bwollu tem ne, de tega-kuri seeni kagoa kam wone, ko woli de wɛ-puli seeni peero laŋa kam ne. Josua nɔɔna bam ma yɔɔre ba chɔge ba maama, ye nɔɔn-nɔɔno wo daare. Isarele Baŋa Wɛ wom nam ya maŋe o pa-ba ni se ba ke konto mo. 41Josua wane nɔɔna bam mo se ko zege Kadese-Baranea na wo kuri seeni to ko taa vei Gaza. O ta ma di-ba se ko zege Gosen laŋa kam ne, se ko yi Gibeon na wo baŋa seeni to. 42Josua déem na di pwa banto de ba teene dem maama bedwe baŋa ne to, ko ye Isarele tiina Baŋa Wɛ wom na jaŋe o pa-ba to ŋwaane mo.
43Konto maama kwaga ne to, Josua dedaane Isarele jar-keira bam maama jwoori ba vo ba zoore Giligal ne mo.",https://www.bible.com/bible/3661/JOS.10.KBG
JOSUA 11,"Josua ke jara dedaane baŋa seeni pwa bam
1Hazora teo pɛ Jabin déem ma ni Isarele tiina bam na di wɔnɔ laŋa kam maama baŋa ne tei to. O ma toŋe kwora o pa Pɛ Jobaba. Wonto déem ye Madon teo pɛ mo. O kwora kam ta ma yi Simiron teo pɛ, dedaane Akasaf teo pɛ wom de. 2O déem ta ma guli dedaane pwa balo maama na wo baŋa seeni peero tem laŋa ne to, de pwa balo na wo Galili kuri seeni se ko maŋe dedaane Jɔdan buga kam to, ko woli de balo na wo wɛ-zoore seeni bwollu tem ne se ko taa vei Dora na wo naneo kom ni ne to. 3Pɛ Jabin ta ma pa kwora yi Kanaan tiina bam. Banto zoore Jɔdan buga kam wɛ-puli seeni de ka wɛ-zoore seeni maama ne mo. O ta ma toŋe kwora Amori tiina bam, de Hiti tiina bam, de Pɛrizi tiina bam, dedaane Jebusi tiina bam tei ne. Banto nam zoore zwonnu laŋa ne mo. O kwora kam ta ma yi Hivi tiina bam de. Banto déem zoore Mizipa laŋa ne mo, Heremon Peo kom teiŋa ne. 4Pwa bam konto maama ma zaŋe ba la ba jar-keira bam ba ke daane vulululu, nenɛɛne naneo ni kasolo na daga tei to. Ba sisein-nɔɔna de sisei-torokooro maa gaale. 5Pwa bam de ba jar-keira bam laam ma la daane Merom bu-nɔgɔ kom ni ne, se ba ke jara dedaane Isarele tiina bam.
6 Baŋa Wɛ ma ta de Josua o we, “Yé kɔre foone de-ba. Jwa kanto maŋa ne, ba maama wó ji twa mo á yibia ne. Abam maa wó pa se ba sisein-nɔɔna bam gwarege, se á daare á zwɛ ba sisei-torokooro tem maama.”
7Josua dedaane Isarele kɔgɔ kom maama ma pɔpɔ ba zaŋe pwa bam de ba nɔɔna bam baŋa ne. Ba ma ke jara de-ba Merom bu-nɔgɔ kom jei sem ne. 8Baŋa Wɛ ma pa se Isarele tiina bam di-ba. Ba ma pare-ba ba pa se ba duri ba yɔɔre ba yi Miserefofa-Mayim, dedaane Sidon te-fɔrɔ kom. Badwonna ma kwei wɛ-puli seeni chwoŋa kam ba vo Mizipa bwolo kom ne. Ba ke jara yam mo taa. Ba ma go ba dona bam maama ye wolowolo wo daare. 9Josua déem ma ke kolo maama Baŋa Wɛ na pɛ‑o ni se o ke to. O déem pɛ se ba sisein-nɔɔna bam maama ji wo-gwane mo, ye o daare o zwɛ ba sisei-torokooro tem maama.
10Josua laam ma jwoori o pipiri o vo o ke jara de Hazora teo kom. O ma wane teo kom nɔɔna de ba pɛ wom maama, ye o go-ba. Kanto maŋa ne, Hazora déem mo ye teene dem konto maama te-fɔrɔ. 11Isarele tiina bam ma yɔɔre ba chɔge teo kom konto nɔɔna bam maama. Ba wo pɛ pwola se nɔɔn-nɔɔno taa ŋwe. Ba déem ta ma zwɛ teo kom.
12Josua ta ma di pwa badwonna bam dedaane ba teene dem maama. O ma yɔɔre o go-ba, nenɛɛne Baŋa Wɛ tontoŋeno Moses déem na pɛ ni se ba ke tei to. 13Ko nam ná ye teene delo maama na lɔge di-dwonnu baŋa ne vili vili to, Josua de o nɔɔna bam déem wo zwɛ-de. Hazora yerane mo ba zwɛ. 14Isarele tiina bam na di teene delo maama to, ba déem kwei de jejaano tem maama, ko woli de ba vara mo ba jega. Ba ma daare ba go nɔn-bia bam maama, ye nɔɔn-nɔɔno wo daare. 15Baŋa Wɛ déem na pɛ o tontoŋeno Moses ni delo to, mo o taga o bere Josua. O de maa toŋe tei maama Baŋa Wɛ na bere Moses we ba ke to.
Wɔnɔ dim taane
16Josua déem ma di wɔnɔ laŋa kam maama wuu baŋa ne, ko zege zwonnu laŋa kam ne, se ko taa tu tega-kuri kagoa kam seeni. Ko daa ta vei Gosen seeni, de wɛ-zoore seeni bwollu tem, de Jɔdan bwolo kom, ko woli dedaane peero laŋa kam maama. 17Isarele tiina tega kam laam ma zege Halaka Peo kom ne, mɛ na bwola de Seyira to, se ka vo baŋa seeni ka yi Baal-Gad na wo Lebanon bwolo kom ne ye ko wo Heremon Peo kom teiŋa ne to mo. Josua déem ma wane pwa balo na tei laŋa kam konto maama to mo, ye o daare o go-ba. 18O dedaane pwa bam konto déem ma ke jara yam ba daane, ye o laam di-ba. 19Hivi tiina balo na zoore Gibeon teo kom ne to yerane déem mo ke ni-sɛɛm de Isarele tiina bam. Teene delo maama na daare to, Isarele tiina bam di-ba jara keim baŋa ne mo. 20Ko déem nam ye Baŋa Wɛ mo pɛ se ba bochara ke dam, se ba ke jara de Isarele tiina bam. O dɛ ko baŋa ne se o pa ba yɔɔre ba na chɔgem, ye yibwona tera ko wone. Konto maama nam ke ko maŋe de Baŋa Wɛ na pɛ Moses ni tei to mo.
21Kanto maŋa kam ne mo Josua déem chɔge nɔn-sawaara balo na ye Anaki tiina to. Ba déem zoore Isarele de Judah zwonnu laŋa kam ne mo. Ba teene dem maa ye Heboron de Debiri de Anaba. Josua déem yɔɔre o chɔge ba maama mo dedaane ba teene dem. 22Anaki tiina bam déem daa maa wo daare Isarele tega kam baŋa ne, se ba badwonna déem za ta daare ba zoore Gaza ne, de Gafa ne, dedaane Asedodi wone. 23Ko dɛ chwoŋa kam konto mo ye Josua jwoŋi tega kam maama, nenɛɛne Baŋa Wɛ déem na maŋe o pa Moses ni tei to. Josua de ma pɔɔre pɔɔre tega kam o pa Isarele tiina bam, se ko tɔge dwi dedaane dwi se ba taa tei.
Nɔɔna bam laam ma sii de jara-keim.",https://www.bible.com/bible/3661/JOS.11.KBG
JOSUA 12,"Pwa balo Isarele tiina bam na wane to
1Moses ya ta na wo tege to, Isarele tiina bam maŋe ba di pwa balei balo na zoore Jɔdan buga kam wɛ-puli seeni to. Ba déem go-ba mo ye ba daare ba jwoŋi ba tega kam ba tei. Ba tega kam zege Aranon bwolo kom ne mo, ka laam tɔge Jɔdan buga kam wɛ-puli seeni ka di baŋa seeni ka yi Heremon Peo kom.
2Da-yiga pɛ wom ye Amori tiina pɛ Sihon, o déem na zoore Hesebon wone to mo. O paare laŋa kam zege Arowa na wo Aranon bwolo kom ni ne to mo ka yi Jaboke buga kam. Buga kam konto déem mo ye Amon tiina bam siseini. Teo kolo na wo Aranon bwolo kom tetare ne to, ko woli de Gilead tega kam chichworo tɔge te wo laŋa kam wone. 3Pɛ Sihon laŋa kam ya ta ma zege Galili naneo kom kuri seeni ka tɔge Jɔdan buga kam wɛ-puli seeni, ka vo ka yi Araba naneo kom. Yɛ naneo kom mo konto. O tega kam ta ma yi Bɛte-Jesimofa, se ka laam ta tu tega-kuri seeni ka yi Pisiga peo kom teiŋa.
4Moses de o nɔɔna bam déem ta ma di Basan teo Pɛ Oga. Wonto déem mo kweeli Refayi tiina bam jeŋa ne. O déem jege o paare dem o di Asetarof dedaane Ederi teene dem ne mo. 5Jei sento maama déem mo ye o paare dim laŋa kam: Heremon Peo kom, de Saleka, dedaane Basan laŋa kam maama na vei ka yi Gesura tiina de Maaka tiina laŋa siseini dem na wo wɛ-zoore seeni to. O déem ta ma tei Gilead chichworo kolo na wo baŋa seeni to. O paare laŋa kam déem kɛ ka yi Hesebon Pɛ Sihon laŋa siseini dem.
6 Baŋa Wɛ tontoŋeno Moses dedaane Isarele tiina bam déem mo wane pwa balei bam konto. O ma kwei ba tega kam o pɔɔre pɔɔre o pa Ruben dwi dem, de Gad dwi dem, ko woli dedaane Manasɛ dwi dem chichworo, se ba taa tei.
7Ko maa ná ye pwa balo na zoore Jɔdan buga kam wɛ-zoore seeni to, Josua de Isarele tiina bam déem mo wane banto. Ba laŋa kam maa zege Baal-Gad na wo Lebanon bwolo kom ne to, se ko yi Halaka Peo kom na wo Seyira seeni to. Josua déem ma kwei tega kam konto maama o pɔɔre pɔɔre o pa Isarele tiina bam se ba taa tei. 8Mɛ o na pɔɔre o pa-ba to woli de zwonnu tem laŋa kam, dedaane wɛ-zoore seeni bwollu tem. Ka daa maa kwei Jɔdan bwolo kom dedaane laŋa kam konto maama, se ko taa vei kagoa kam na wo tega-kuri seeni to. Nɔɔna balo déem na zoore teene dem konto maama wone to ye Hiti tiina, de Amori tiina, de Kanaan tiina, de Pɛrizi tiina, de Hivi tiina, dedaane Jebusi tiina bam mo.
9Pwa balo na zoore Jɔdan buga kam wɛ-zoore seeni ye Isarele tiina bam wane-ba to maa ye:
Jeriko teo Pɛ, Ayi teo Pɛ (Ayi bwola de Bɛtel), 10Jerusalem teo Pɛ, Heboron teo Pɛ, 11Jaremuf teo Pɛ, Lakisi teo Pɛ, 12Egilon teo Pɛ, Gezere teo Pɛ, 13Debiri teo Pɛ, Gedera teo Pɛ, 14Horama teo Pɛ, Arada teo Pɛ, 15Libina teo Pɛ, Adulam teo Pɛ, 16Makeda teo Pɛ, Bɛtel teo Pɛ, 17Tapua teo Pɛ, Hefera teo Pɛ, 18Afeka teo Pɛ, Lasaron teo Pɛ, 19Madon teo Pɛ, Hazora teo Pɛ, 20Simiron-Meron teo Pɛ, Akasaf teo Pɛ, 21Taanaka teo Pɛ, Megido teo Pɛ, 22Kedesa teo Pɛ, Jokeneam na wo Kamele ne to teo Pɛ, 23Dora na wo Nafofa-Dora ne to teo Pɛ, Goyim na wo Giligal ne to teo Pɛ, 24Tiraza teo Pɛ.
Pwa bam maama ná woli daane, ba ye pwa fintɔ-dedoa (31) mo.",https://www.bible.com/bible/3661/JOS.12.KBG
JOSUA 13,"Tega kalo ta na daare se ba di to
1Josua déem na tiini o kwe maŋa kalo to, mo Baŋa Wɛ tage ded‑o o we:
“Nmo laam kwe dedɛ, ye tega kam jei dedɛ ta wora se á vo á jwoŋi á ta‑á tei. 2Jei sento nam mo daare se nɔɔna vo ba jwoŋi: Filisi tiina laŋa kam, ko woli de Gesura tiina laŋa kam maama. 3Ka zege Sihora bu-nɔgɔ kom ne mo, Ejipti siseini dem na wo mɛ to, se ko yi Ekoron siseini dem na wo baŋa seeni to. Jei sem konto maama ye Kanaan tiina laŋa mo. Filisi dedɛɛra banu teene dem maa ye: Gaza, de Asedodi, de Asekelon, de Gafa, dedaane Ekoron. Ko woli de Awa tiina laŋa kalo na wo kuri seeni to, 4dedaane Kanaan tiina tega kalo na zege Sidon tiina teo Ara ne se ka ta vo ka yi Afeka laŋa kam, Amori tiina siseini dem na wo mɛ to. 5Abam ta maa wó jwoŋi Gebale tiina laŋa kam á woli da, dedaane Lebanon tega kam maama na wo wɛ-puli seeni ye ka zege Baal-Gad na wo Heremon Peo kom tega-kuri seeni to, ka vo ka yi Lebo-Hamafa.
6Sidon tiina laŋa kam maama tɔge ka woli da mo. Banto zoore zwonnu jei sem na wo Lebanon peero tem dedaane Miserefofa-Mayim tetare ne to mo. Amo tete nam mo lage a zeili nɔɔna bam konto maama, se abam wane á zo da. Nmo nam yɔɔre n pɔɔre tega kam n pa Isarele tiina bam nenɛɛne a na pɛ nmo ni se n ke tei to. 7Kwei tega kam konto maama n pɔɔre n pa Isarele dwia nogo kolo na daare to, dedaane Manasɛ dwi dem chichworo, se ba taa tei.”
Jɔdan buga kam wɛ-puli seeni tega kam popɔre sem
8Ko ná ye Manasɛ dwi dem chichworo kodwoŋi kom, ko woli dedaane Ruben dwi dem, de Gad dwi dem, Baŋa Wɛ tontoŋeno Moses déem maŋe o pa banto ba tega kam popɔra Jɔdan buga kam wɛ-puli seeni mo. 9Ba laŋa kam yale konto mo ka yi Arowa na wo Aranon bwolo kom ni ne to, de teo kolo na wo bwolo kom tetare ne to, ko woli de te-kampare jei selo maama na zege Medeba ne se ko yi Dibon to. 10Ka ta yi teene delo maama na ye Amori tiina Pɛ Sihon nyem to. Wonto déem nam di paare Hesebon wone mo. Ka ta ma vo ka yi Amon teo siseini dem. 11Ba tega kam déem tɔge Gilead jei sem de Gesura tiina de Maaka tiina laŋa kam maama, dedaane Heremon Peo kom jei sem maama, ko woli de Basan maama, se ka vo ka yi Saleka mo. 12Basan teo Pɛ Oga laŋa kam maama de ye ba nyem mo. Wonto déem di o paare Asetarof dedaane Ederi ne mo. Wonto déem mo kweeli Refayi tiina bam jeŋa ne. Moses déem maa di-ba, ye o zeili-ba o daare tega kam konto. 13Isarele tiina bam déem maa wo zeili Gesura tiina bam de Maaka tiina bam. Nɔɔna bam konto de déem maa tɔge ba zoore de Isarele tiina bam se ko yi zem maama.
14Moses déem na pɔɔre tega kam o pa Isarele tiina bam to, Levi dwi dem yerane mo wo tɔge ba jwoŋi tega kam popɔra. Baŋa Wɛ maŋe o pa Moses ni we, banto popɔra wó nwoŋi pɛɛra yalo Isarele tiina bam na jaane ba tui ba zwɛ Wɛ bimbini dem baŋa ne ba pa ba Tu Baŋa Wɛ wom to mo.
Ruben dwi dem tega kam
15Moses déem kwei tega kanto mo o pa Ruben dwi dem. O ma pa sɔ-yuu maama de ko nyem se ba taa tei.
16Banto laŋa kam yale konto mo ka yi Arowa na wo Aranon bwolo kom ni ne to, de teo kolo na na wo bwolo kom tetare ne to, ko woli de te-kampare jei selo maama na bwola de Medeba to. 17Hesebon de ye ba nyem mo, dedaane teene delo maama na wo te-kampare dem konto maama ne to: Dibon, de Bamofe-Baal, de Bɛte-Baal-Meon, 18de Jahaza, de Kedemofa, de Mefaafa, 19de Kiriafayim, de Sibima, dedaane Zeref-Sahare. Teo konto maa wo zwoŋo kolo na wo bwolo kom ni ne to baŋa ne mo. 20Ko ta woli de Bɛte-Peora, de tega kalo na wo Pisiga peo kom teiŋa ne to, de Bɛte-Jesimofa, 21dedaane teene delo maama na wo te-kampare jei sem ne to. Amori tiina Pɛ Sihon déem na di paare Hesebon wone ye o tei laŋa kalo maama to de maa ye Ruben dwi dem nyem. Moses déem ma di pɛ wom konto de Midian pwa bam maama mo: Evi, de Rekem, de Zura, de Hura, dedaane Reba. Banto déem mo tei tega kam ba pa Pɛ Sihon. 22Isarele tiina bam déem ma go Beora bu Balaam wolo na ye voro to ba woli de nɔɔna babam bam. 23Ruben dwi dem tega kam déem vei ka kweeli Jɔdan buga kam bubɛ baŋa ne mo. Ba déem kwei teene dem konto de de nawuura yam maama ba tei, diga maama de ka nyem.
Gad dwi dem tega kam
24Moses déem ta ma kwei tega kadwoŋi o pa Gad dwi dem. O ma pa sɔ-yuu maama de ko nyem se ba taa tei.
25Banto laŋa kam ma kwei Jazera de teene delo maama na wo Gilead laŋa kam ne, ko ta woli de Amon tiina tega kam chichworo, se ko taa vei Arowa na wo Raba wɛ-puli seeni to. 26Ba laŋa kam zege Hesebon ne, se ka vo ka yi Ramaf-Mizipa dedaane Betonim. Ka ta zege Mahanayim ne, se ka yi Debiri laŋa kam. 27Jɔdan bwolo kom seeni to, ba tega kam ma kwei Bɛte-Haram, de Bɛte-Nimira, de Sukofa, dedaane Zafon. Hesebon teo Pɛ Sihon laŋa kalo ya ta na daare to de maa ye ba nyem. Gad dwi dem tega kam déem vei ka kweeli Jɔdan buga kam bubɛ baŋa ne mo, ka ta tɔge buga kam wɛ-puli seeni ka yi Galili naneo kom ni. 28Ba déem kwei teene dem konto de de nawuura yam maama ba tei, sɔ-yuu maama de ko nyem.
Manasɛ dwi dem chichworo tega kam
29Moses déem ta ma kwei tega kadwoŋi o pa Manasɛ sɔ-yuu kom chichworo. O ma pa diga maama de ka nyem se ba taa tei. 30Banto laŋa kam ma kwei Mahanayim, se ko taa vei Basan laŋa kam maama ne, Pɛ Oga déem na di o paare dem mɛ to. Teene fuseredo delo Jayira ya na di ye de wo Basan ne to de ta woli da mo. 31Gilead laŋa kam chichworo de maa woli da, dedaane Pɛ Oga déem na di o paare dem teene delo ne to, Asetarof dedaane Ederi mo konto. Jei sem konto maama déem laam jigi Manasɛ bu Makira sɔ-yuu kom chichworo nyem mo.
32Mo ko na ke tei ye Moses déem wo Moaba bwollu tem laŋa kam ne o pɔɔre tega kalo na wo Jeriko teo de Jɔdan buga kam wɛ-puli seeni to. 33Se ko na daare Levi dwi tiina bam to, Moses déem wo pɔɔre tega kadwoŋi o pa banto ba nyem se ba taa tei. Kokuri to, Isarele Baŋa Wɛ wom mo maŋe o pwooli o pa-ba we, wonto wó taa ye ba jejaano paro.",https://www.bible.com/bible/3661/JOS.13.KBG
JOSUA 14,"Jɔdan buga kam wɛ-zoore seeni tega kam popɔre sem
1Kanaan tega kam na wo Jɔdan buga kam wɛ-zoore seeni to déem ta daare se ba pɔɔre-ka ba pa Isarele tiina bam. Wɛ kaanem tu Eleaza, ko woli de Nun bu Josua, dedaane Isarele dwi tiina nakwa bam déem laam ma pɔɔre tega kam konto ba pa Isarele tiina bam maama. 2Ba déem tage jɔrɔ mo tega kam ŋwaane ba pɔɔre-ka ba pa Isarele dwia nogo de chichworo kolo na daare to, nenɛɛne Baŋa Wɛ na maŋe o pa Moses ni se o ke tei to. 3-4Ko ná ye dwia yalei de chichworo kodwoŋi kom, Moses ya maŋe o pa banto na ba jeiŋa jei. Banto tega kam wo Jɔdan buga kam wɛ-puli seeni mo. Moses nam wo pɛ Levi dwi tiina tega kam dwoŋi. O déem za kuri teene de vara pwoli mo o pa-ba, se ba de wane ba taa zoore de wone ye ba ke kɔnɔ. Ko daare Josɛf dwi dem déem pɔɔre kuni belei mo: o bia balei Manasɛ dedaane Efrayim dwia yam mo konto. 5Isarele tiina bam déem na pɔɔre tega kam tei to ke ko maŋe dedaane Baŋa Wɛ ya na bere Moses se ba ke tei to mo.
Kaleb jwoŋi Heboron
6Isarele tiina bam déem ta maa wo Giligal ne. Ba na wora to mo Judah dwi tiina toŋe nɔɔna Josua tei ne. Ba dedoa déem ye Jefunɛ bu Kaleb, o na nwoŋi Kenizi sɔ-yuu kom ne to. Kaleb ma ta de Josua o we, “Yé swei Baŋa Wɛ déem na tage debam balei taane tetei maama o bere o tontoŋeno Moses, ye dé déem ta wo Kadese-Baranea ne to. 7Maŋa kam konto ne amo déem jege bena finna mo. Moses déem zege Kadese-Baranea ne o toŋe ne, se a vo a ŋɔ a nii tega kanto na ye tei to. Amo déem ma ja ta-ŋom a ba a pa‑o, de a wo maama. 8Se ko ná ye amo chorro telo déem na tɔge de amo ba vo se dé ŋɔ dé nii tega kam to, ba déem ke foone mo nɔɔna bam maama kuri ne. Amo déem nam yɔɔre a tɔge a Tu Baŋa Wɛ wom mo de a wo maama. 9Dento dɛ dem ne mo Moses déem tage o pwooli de amo o we, ‘Nmo na nɔne n naga Kanaan tega kalo ne konto to wó taa ye nmo nyem. Nmo de n bia mo wó taa tei-ka se ko taa vei wuu, n na tɔge Baŋa Wɛ de n wo maama to ŋwaane.’
10Tɔ. Moses na tage Baŋa Wɛ taane dem konto o bere-ne, se ko yi zem to, ko ye bena finna-yanu mo. Maŋa kam konto ne debam Isarele tiina ta wo kagoa yuu ne mo dé via. Nii amo! Amo ta ŋwe nenɛɛne Baŋa Wɛ na tage tei to, pa se a zem jege bena funɔnɔ yanu mo. 11De zem maama amo nam ta dana, ye a wara mo, nenɛɛne a déem na ye tei dɛ dem Moses na toŋe-ne to. Dam dem ta wora se a ma a ke jara de totoŋa yalo maama a na lage to. 12Konto to, kwei zwonnu laŋa kalo Baŋa Wɛ déem na pwooli se ka taa ye amo nyem to n pa-ne. Nmo wó guli we Anaki tiina bam mo wo daane. Ba teene dem ma lɔ de di vili vili. De ko de, Baŋa Wɛ na wo amo tei ne to ŋwaane, a wó wane-ba a zeili, nenɛɛne Baŋa Wɛ na tage se a ke tei to.”
13Jefunɛ bu Kaleb na tage konto maama o ti to, Josua ma sɔɔle Wɛ swolim o yage o yuu ne. O ma daare o kwei Heboron o pa‑o, se ko taa ye o tete jejegero. 14Ko na zege dɛ dem konto ne se ko yi zem to, Heboron laam lɛɛre ko ji Jefunɛ bu Kaleb dedaane o bia nyem mo. Kokuri, wonto déem tɔge Isarele Baŋa Wɛ wom mo dedaane o wo maama. 15Kanto maŋa ya ta na wo yi to, ba déem jege teo kom mo ba bwoi we Kiriaf-Araba, Araba déem na ye Anaki tiina bam nɔn-sawɔrɔ to ŋwaane.
Tega kam laam ma sii ye jara daa tera.",https://www.bible.com/bible/3661/JOS.14.KBG
JOSUA 15,"Judah dwi dem tega kam
1Ba déem na kuri tega kalo ba pa Judah dwi dem to tole ka tu tega-kuri seeni mo ka tɔge Edom siseini dem ka vo ka yi Zin kagoa kam mo.
2Ba tega kam tega-kuri seeni bobo Yɛ naneo kom kuri nabili seeni mo. 3Ka ma vo ka lɛɛne Nɔŋɔ zwonnu chwoŋa kam tega-kuri seeni ka kɛ ka yi Zin kagoa kam ne. Ka ta maa vei Kadese-Baranea kuri seeni konto, ka daare ka yi Hezeron ne. Ka laam ma di Adara ne ka pipiri ka yɔɔre Karaka seeni. 4Ka ma zege dáane ka tɔge Azemon ne, ka tole taa ka yi Ejipti bu-nɔgɔ kom, ye ka laam vo ka kweeli Mediterania naneo kom ni ne mo. Judah dwi dem tega kam tega-kuri seeni siseini mo konto.
5Ko daare ba tega kam wɛ-puli seeni siseini dem wó taa tole Yɛ naneo kom ni dem mo konto, se ka vo ka yi Jɔdan buga kam ni dem ne. Baŋa seeni siseini dem de maa wó bobo jei sem konto ne, Jɔdan buga kam na zo Yɛ naneo kom mɛ to, 6ye ka laam vo ka yi Bɛte-Hogala. Ka ta ma tɔge Bɛte-Araba baŋa seeni ka kɛ ka yi Bohan Kandwɛ dem. Bohan déem ye Ruben bu mo. 7Ka na zege dáane to, ka laam ma kwei Akore bwolo kom, ka yi Debiri ne, ka daare ka pipiri baŋa seeni ka di Giligal ne. Giligal déem yɔɔre Adumim sisworo kom na wo bwolo kom tega-kuri seeni to. Ko na zege dáane to, siseini dem laam ma kɛ de yi En-Semesa buli-yia yam ne mo, se ka yi En-Rogele. 8Siseini dem ta tole de tɔge Ben-Hinom bwolo kom ne mo, se ko taa vei Jebusi tiina teo kom zwoŋo kom tega-kuri seeni. Jerusalem mo konto. De daa ta ma kɛ de di baŋa seeni se ko maŋe de Hinom bwolo kom wɛ-zoore dem seeni, Refayim bwolo kom baŋa seeni na kweeli mɛ to mo. 9Ka zege zwoŋo kom baŋa ne ka vo ka yi Nefatoa buli-yia yam ne mo, se ka yi teene delo na wo Eforon Peo kom teiŋa ne to. Ka daa ma gugwoli ka yɔɔre Baala seeni. (Kiriaf-Jeerim mo konto.) 10Ba tega kam na kwei Baala wɛ-zoore seeni to, ka vo ka tɔge Seyira Peo kom mo, ka vo ka yi Jeerim peo sisworo kom. (Chesalon mo konto.) Ka laam ma tu ka vo Bɛte-Semesa teo kom, ka daare ka tɔge Timina seeni ka kɛ. 11Siseini dem ta kɛ de vo zwoŋo kolo na wo Ekoron baŋa seeni to mo, de pipiri de yɔɔre Sikeron de daare de kɛ de gaale Baala peo kom. De ma yi Jaminia teo kom ne, ye de vo de kweeli Mediterania naneo kom ne.
12Judah dwi dem tega kam wɛ-zoore seeni siseini dem mo déem ye Mediterania naneo kom ni dem. Judah sɔ-yuni tem maama déem zoore siseina yanto wone mo.
13 Baŋa Wɛ déem ya pɛ Josua ni mo se o fɔ Judah laŋa kam wone o pa Jefunɛ bu Kaleb. Josua de ma seene o ke konto. Ba déem kwei Heboron mo ba pa‑o. Teo kom konto ya ye Araba nyem mo. Wonto maa ye Anaki tiina nabaaro. 14Kaleb déem ma zeili Anaki dwia yatɔ yam na wo Heboron ne to, o daare jei sem konto. Banto déem mo ye: Sesayi, Ahiman, dedaane Talimayi. 15Konto kwaga ne to, o vei o ke jara mo dedaane Debiri teo kom tiina. (Boboa ne to, teo kom konto yere déem mo ye Kiriaf-Sefera.) 16Kaleb déem ma ta o we, “Amo wó kwei a bukɔ Akisa a pa nɔɔno wolo maama na wó wane o vo o ke jara dedaane Kiriaf-Sefera tiina bam ye o wane-ba to.” 17Kenazi bu Ofineli déem ma vo o ke jara yam, ye o wane teo kom nɔɔna bam. Kenazi de déem ye Kaleb choro mo. O ma kwei o bukɔ Akisa o pa Ofineli, se o di o ma o ji o kaane.
18Kadiri dem maŋa kam ne mo, o tage de o baro wom se ba beeri tega ba jwoŋi o kwo wom tei ne. O déem ma di bonaga o vo o tu o kwo yiga ne, ye o kwo bwei‑o o we, “Bɛ mo nmo lage se a ke a pa‑m?” 19Akisa ma leiri‑o o we, “A lwoori se n ke-ne zaane mo. Nmo na pɛ-ne tega kalo to ye kagoa yerane mo. Konto to, a lage mɛ na na buri to mo se n kwei n pa-ne.” Kaleb ma beeri buli-yia jei o pa‑o, baŋa seeni de tega-kuri seeni maama.
20Tega kanto mo ba déem pɛ Judah dwi dem, sɔ-yuu maama de ko nyem.
21Teene dento déem wo tega-kuri seeni mo, de na ba tware de Edom siseini dem to:
Kabezele, de Edera, de Jagura, 22de Kina, de Dimona, de Adada, 23de Kedesa, de Hazora, de Ifanan, 24de Zifi, de Telem, de Bealofa, 25de Hazora-Hadata, de Keriof-Hezeron (Hazora mo konto), 26de Amam, de Sema, de Molada, 27de Hazara-Gada, de Hesemon, de Bɛte-Peleta, 28de Hazara-Suali, de Beeriseba, de Biziofia, 29de Baala, de Iyim, de Ezem, 30de Eletolada, de Kesila, de Horama, 31de Zikalag, de Madamana, de Sansana, 32de Lebaof, de Silihim, de Ayin, dedaane Rimon.
De déem ye teene finlei-nogo mo de de nawuura yam maama.
33Teene dento de maa wo wɛ-zoore bwollu tem seeni mo:
Esatola, de Zora, de Asena, 34de Zanoa, de En-Ganim, de Tapua, de Enam, 35de Jaremuf, de Adulam, de Sokoo, de Azeka, 36de Saarayim, de Aditayim, de Gedera, dedaane Gederotayim.
De ye teene fuga-dena mo, dedaane de nawuura yam.
37Teene dento de ta woli da mo:
Zenan, de Hadasa, de Migadal-Gad, 38de Dilean, de Mizipa, de Joketeeli, 39de Lakisi, de Bozekafa, de Egilon, 40de Kabon, de Laamasa, de Kitilisi, 41de Gederofa, de Bɛte-Dagon, de Naama, de Makeda.
Teene fuga-deredo mo konto, de de nawuura yam.
42Teene dento de ta wora:
Libina, de Efera, de Asan, 43de Ifata, de Asena, de Neziba, 44de Keila, de Akiziba, dedaane Maresa.
Dento ye teene nogo mo, de de nawuura yam.
45Ekoron dedaane ko te-balwa bam de ko nawuura yam maama.
46Ko na zege Ekoron ne se ko tɔge wɛ-zoore seeni:
teene delo maama na bwola de Asedodi to, 47Asedodi, de Gaza, de de te-balwa, de de nawuura yam maama, se ko ta tu Ejipti bu-nɔgɔ kom, ko vo ko tole Mediterania naneo kom ni.
48Ko na maŋe dedaane zwonnu laŋa kam to, teene dento mo wora:
Samira, de Jatira, de Sokoo, 49de Dana, de Kiriaf-Sana (Debiri mo konto), 50de Anaba, de Esetemoo, de Anim, 51de Gosen, de Holon, de Giloo.
Teene fuga-dedoa mo konto, de de nawuura yam maama.
52Arab, de Duma, de Esan, 53de Janim, de Bɛte-Tapua, de Afeka, 54de Humata, de Heboron, de Ziora.
De ye teene nogo mo, de de nawuura yam.
55Maon, de Kamele, de Zifi, de Juta, 56de Jezerele, de Jokadeam, de Zanoa, 57de Kayin, de Gibea, de Timina.
Dento de ye teene fuga mo, de de nawuura yam.
58Halula, de Bɛte-Zura, de Gedora, 59de Marafa, de Bɛte-Anofa, de Eletekon.
Teene deredo mo konto, de de nawuura yam.
60Kiriaf-Baal (Kiriaf-Jeerim mo konto), dedaane Raba.
De ye teene delei mo, dedaane de nawuura yam.
61Ba laŋa kalo na wo kagoa kam seeni to, teene dento de maa wora:
Bɛte-Araba, de Midin, de Sekaka, 62de Nibisan (konto maa ye ‘Yɛ Teo’ mo), ko woli de En-Gedi.
Dento de maa ye teene deredo, de de nawuura yam.
63Jebusi tiina bam déem zoore Jerusalem ne mo. Judah tiina bam nam wo wane-ba ba zeili. Jebusi tiina bam dedaane Judah tiina bam maa zoore daane de zem maama.",https://www.bible.com/bible/3661/JOS.15.KBG
JOSUA 16,"Efrayim dwi de Manasɛ dwi taane
1Ba déem na kuri tega kalo ba pa Josɛf dwi dem to bobo Jɔdan buga kam ne, ka na bwola de Jeriko mɛ to mo. Ka zege Jeriko buli-yia yam wɛ-puli seeni mo, ka tɔge kagoa kam ne ka kɛ ka yi Bɛtel teo kom na wo zwonnu laŋa kam ne to. 2Ka na zege Bɛtel ne to, ka tɔge Luzi ye ka tole ka zo Atarofa, Ariki tiina bam na zoore mɛ to mo. 3Ka laam ma tu wɛ-zoore seeni ka yi Jafeleti tiina jei sem, se ko taa vei Bɛte-Horon kuri seeni. Ka daa ta ma kɛ ka vo Gezere, se ka vo ka kweeli Mediterania naneo kom ni ne.
4Ko dɛ konto mo ye Manasɛ de Efrayim jwoŋi ba tega kam pɔɔrem dem. Josɛf bia balei bam mo konto.
Efrayim dwi dem tega kam
5Laŋa kanto mo ba déem pɔɔre ba pa Efrayim dwi dem, sɔ-yuu maama de ko nyem:
Ba tega kam na jeeri wɛ-puli seeni to zege Atarof-Adara ne mo. Ka laam ma tole konto, ka di Bɛte-Horon baŋa seeni, 6ye ko kɛ ko yi Mediterania naneo kom. Se ko ná ye baŋa seeni siseini dem, tega kam yi Mikimefa mo. Ka laam ma gugwoli wɛ-puli seeni ka kɛ ka yage Tanafa-Siloo, ka gaale dáane ka yi Janoa na wo wɛ-puli seeni to. 7Tega kam daa zege Janoa ne konto ka vo Atarofa de Naara seeni mo. Ka ma daare ka yi Jeriko, ye ka laam vo ka kweeli Jɔdan buga kam ne. 8Ko na zege Tapua ne to, tega kam siseini yale mo de vo wɛ-zoore seeni. De ma tɔge Kana bu-nɔgɔ kom de vo de kweeli Mediterania naneo kom ni ne. Mo tega kalo Efrayim dwi dem déem na jwoŋi se ba taa tei to mo konto, sɔ-yuu maama de ko nyem. 9Efrayim tiina bam déem ta jwoŋi teene dedwonna na wo Manasɛ dwi dem laŋa kam wone mo.
10Kanaan tiina déem ya zoore Gezere teo wone ye Efrayim tiina bam wo zeili-ba. Banto de Efrayim tiina bam maa zoore daane de zem maama. Efrayim tiina bam déem za fe-ba mo, se ba taa toŋe totoŋ-chɛɛra.",https://www.bible.com/bible/3661/JOS.16.KBG
JOSUA 17,"Manasɛ dwi dem tega kam
1Ba déem ma ke tega kam jei sedwoŋi ba pa Manasɛ dwi dem. Manasɛ déem ye Josɛf bu-kwea mo, o de bu-kwea ya maa ye Makira. Wonto déem ye bembea mo. O maa ye Gilead tiina kwo. O ya maŋe o jwoŋi Gilead de Basan laŋa kam na wo Jɔdan buga kam wɛ-puli seeni to mo. 2Ko nam ná ye dwia yadwonna na nwoŋi Manasɛ yera ne to, ba déem pɔɔre tega Jɔdan buga kam wɛ-zoore seeni mo ba pa-ba, sɔ-yuu maama de ko nyem. Banto maa ye: Abizeri, de Heleke, de Asireli, de Sɛkɛm, de Hefera, dedaane Semida. Baara balo na ye Josɛf bu Manasɛ bia to mo konto.
3Hefera bu Zelofehada déem loge bukwa banu mo ye o ba jege bakeira. O nabaara maa ye Gilead de Makira. Ba ye Manasɛ dwi dem tiina mo. Zelofehada bukwa bam yera mo ye: Maala, de Noah, de Hogela, de Milika, dedaane Tiraza.
4Kaana bam konto ma zaŋe ba vo Isarele nakwa bam tei, de Eleaza na ye Wɛ kaanem tu to de Josua de tei. Ba ma ta de-ba ba we, “Baŋa Wɛ déem pɛ Moses ni se o ná lage o ke tega o pa dé dwi dem baara bam, se o pɔɔre ka wone o pa debam de.” Josua ma ke o tɔge Baŋa Wɛ ni dem. O ma pa-ba tega se ba taa tei, nenɛɛne o déem na ke tei de ba baara bam to. 5-6Manasɛ dwi dem déem nɛ jei kuni fuga mo tega kam pɔɔrem baŋa ne, se ko woli de ba ya na maŋe ba jege tega kalo Jɔdan bubɛ dedwoŋi dem seeni to. Gilead de Basan laŋa kam mo konto. Ko nam ye Manasɛ dwi delo na ye kaana to de déem na jwoŋi tega nenɛɛne ba baara bam na jwoŋi tei to ŋwaane mo ko ye konto.
7Manasɛ dwi dem laŋa kam ma zege Asere dwi dem siseini ne, se ko taa vei Mikimefa na wo Sɛkɛm wɛ-puli seeni to mo. Siseini dem ta zege Mikimefa ne mo de tu kuri seeni, de yi Tapua tiina na zoore mɛ to. 8Tega kalo na gilimi Tapua teo to nam ye Manasɛ dwi dem nyem mo, ye Tapua teo kom tete ye Efrayim nyem. Ko déem jei Manasɛ siseini baŋa ne mo. 9Ba laŋa siseini dem ta tole tega-kuri seeni mo de yi Kana bu-nɔgɔ kom ne. De ma tɔge bu-nɔgɔ kom baŋa seeni konto ko vo ko zo Mediterania naneo kom wone. Teene dedwonna maa na tɔge bu-nɔgɔ kom kuri seeni to déem ye Efrayim teene mo, ye de wo Manasɛ siseini wone. 10Efrayim tega kam wo bu-nɔgɔ kom kuri seeni mo. Manasɛ tega kam maa wo ko baŋa seeni, ye Mediterania naneo kom jei ko wɛ-zoore seeni. Asere dwi dem tega wo baŋa seeni mo, ye Isakara dwi dem tega wo wɛ-puli seeni.
11Teene dedwonna déem ye Manasɛ dwi dem nyem mo, ye de wo Isakara dedaane Asere dwia yam tega baŋa ne. De maa ye: Bɛte-San, de Ibeleyam, de Dora tiina (Nafofa-Dora mo konto), de Endora, de Taanaka dedaane Megido, ko ta woli de dento nawuura yam de.
12Manasɛ dwi tiina nam wo wane ba zeili balo na zoore teene dem konto ne to. Ko ma pa se Kanaan tiina bam de yɔɔre ba zoore de wone. 13Isarele tiina bam maa na tu ba dana maŋa kalo to, ba ta wo zeili Kanaan tiina bam. Ba déem jege-ba ba pa se ba toŋe totoŋ-chɛɛra mo ba pa-ba.
Josɛf dwi tiina lwoori Josua ba tega kam ŋwaane
14Ko na wora ko wora to, Josɛf dwi tiina ma vo ba lwoori Josua ba we, “Bɛ mo ke ye n pa debam tega kam pɔɔrem dedoa yerane se dé taa tei? Nii Baŋa Wɛ na tiini o ke zaane debam yuu ne pa se dé kɔgɔ kom daga tei!”
15Josua de ma leiri-ba o we, “Abam na daga konto ye á maane we Efrayim zwonnu laŋa kam muri se á pɔɔre-ka á pa daane to, nam zo-na Pɛrizi tiina dedaane Refayi tiina kagoa kam wone. Dáane mo abam wó wane á de teeni ye á daare á chɛ gula se tega taa wora ka pa abam.” 16Ba daa ma leiri‑o ba we, “Zwonnu laŋa kam seene ka muri debam dedɛ. Dé ta maa bá wane dé jeeri Kanaan tiina balo na zoore bwollu tem ne to dé zeili. Banto mae luuru mo ba ma ke torokooro ba jege ba ke ba jara, ko ná ye balo na zoore Bɛte-San seeni de balo na wo Jezerele bwollu tem ne to maama de.”
17Josua ma ta de Efrayim dwi dem de Manasɛ dwi dem o we, “Abam seene á ye nɔn-kɔgɔ mo ye á jege dam. Abam nam wó wane á na tega a woli a tega kam ne. 18Zwonnu seeni laŋa kam na ye goa to ye se á kwei á pɔɔre á pa daane mo. Véi-na dáane á zage gula á na lage tei maama to. Ko nam ná ye Kanaan tiina balo na zoore jei sem konto ne ye ba jege dam, pa ba taa jege jara-keim torokooro to maama de, á wó wane-ba á zeili á daare ba tega kam á ta‑á tei.”",https://www.bible.com/bible/3661/JOS.17.KBG
JOSUA 18,"Ba pɔɔre tega kadwoŋi kam
1Ko na woli fee ye Isarele tiina bam laam jwoŋi Kanaan tega kam maama ba tei to, mo ba kɔgɔ kom maama jeeri Siloo ne. Ba ma chwi Baŋa Wɛ jeerim vwei dem dáane. 2Ba ya ta wo pɔɔre tega ba pa Isarele kɔ-fɔrɔ kom wo dwia yarepɛ se ba taa tei.
3Josua ma bwei Isarele tiina bam o we, “Dɛ dɔ mo abam boŋe se á vo á jwoŋi tega kam á nabaara Baŋa Wɛ wom na maŋe o kwei o pa abam to á ta‑á tei? 4Kuri-na nɔɔna batɔ batɔ se ba nwoŋi Isarele dwi maama wone. Amo wó toŋe-ba se ba vo ba beeri tega kam mɛ de mɛ ba boboŋa na dɛ to ne. Ba ná popone kolo maama ba yi na su to ba tiŋi, se ba jwoori ba ja-te ba ba ba bere-ne. 5Judah dwi dem wó maŋe ba tega kam na wo kuri seeni to ne. Josɛf dwi tiina de maa wó taa wo baŋa seeni de ba tega kam. Dé wó pɔɔre tega kalo na daare to kuni berepɛ mo. 6Abam nam ná popone tega kam popɔra berepɛ kam na nye tei maama to, se á ja ka memaŋa á ba á pa-ne. Amo laam wó ta jɔrɔ a pa abam se Baŋa Wɛ bere tega kam seina. 7Nam yé swei-na we Levi dwi tiina bam bá tɔge ba jwoŋi tega. Banto kaanem totoŋa yam ba na toŋe ba pa Baŋa Wɛ to mo ye kolo Wɛ na pɔɔre o pa-ba to. Ko nam ná ye Gad dwi dem, de Ruben dwi dem dedaane Manasɛ dwi chichworo kom, Baŋa Wɛ tontoŋeno Moses mo maŋe o pɔɔre tega o pa-ba. Ka nam wo Jɔdan bubɛ delo na jeeri wɛ-puli seeni to mo.”
8Nɔɔna bam na kwei chwoŋa se ba vo ba maŋe tega kam to, Josua ma ta-ba o we, “Véi-na á maane tega kam lanyerane se á popone ka memaŋa na ye tei to. Abam laam maa wó jwoori Siloo ywo-seeni. Amo de wó ta jɔrɔ Baŋa Wɛ yiga ne a pa abam.”
9Nɔɔna bam ma seene ba ke konto. Ba nɔne tega kam ni maama mo ba ja, ye ba ta pɔɔre-ka laŋa de laŋa kuni berepɛ. Ba ma popone ba bere laŋa maama na ye tei to de ka teene. Ba na ti to, mo ba jwoori Josua de nɔn-kɔgɔ kom maama tei Siloo ne. 10Josua ma ta jɔrɔ se o lɔre Baŋa Wɛ na lage se tega kam pɔɔre ka pa-ba tei to. O laam ma pɔɔre pɔɔre tega kam o pa Isarele dwia yalo na daare to maama.
Benjamin dwi dem tega kam
11Ba na tage jɔrɔ to, Benjamin dwi dem mo bobo se ba na ba tega kam popɔra, sɔ-yuu maama de ko nyem. Ba tega kam déem wo Judah dwi dem de Josɛf dwi dem tega tetare ne mo.
12Ka baŋa seeni siseini dem zege Jɔdan buga kam ne mo de di Jeriko baŋa. Ba tega kam daa ma tɔge wɛ-zoore seeni ka kwei zwonnu laŋa kam ka vo ka yi Bɛte-Aven kagoa kam. 13Siseini dem zege dáane de vo de kɛ Luzi kuri seeni mo. Bɛtel mo konto. Ka ta kɛ ka yi Atarof-Adara mo. Teo kom konto wo peo baŋa ne mo, ko na wo Bɛte-Horon kuri seeni to. 14Ka ma pipiri ka kwei peo kom wɛ-zoore seeni daa kam ka duri ka vo kuri seeni, ka maa vei Kiriaf-Baal. Kiriaf-Jeerim mo konto. Ko maa ye Judah dwi tiina nyem. Benjamin wɛ-zoore seeni siseini dem mo konto.
15Ko nam ná ye ba tega-kuri seeni siseini dem, de déem bobo Kiriaf-Jeerim ni ne mo de vo de yi Nefatoa buli-yia yam seeni. 16Ka ta vo ka yi peo kolo na wo Refayim bwolo kom baŋa seeni ye ko tole ko nii Hinom bwolo kom teiŋa to. Siseini dem ta siseiri de tɔge bwolo kom de tu kuri de kɛ Jebusi tiina teo kom kuri seeni, de yi En-Rogele. 17Ba tega kam zege dáane ka diini baŋa seeni mo ye siseini dem gugwoli de yi En-Semesa, de Gelilofa. Jei sem konto lɛɛne Adumim sisworo kom mo. Siseini dem daa ta ma kɛ de yi Bohan Kandwɛ dem. Bohan déem ye Ruben bu mo. 18Siseini dem ma kɛ Bɛte-Araba sisworo kom baŋa seeni de tu de zo Jɔdan bwolo kom wone. 19Tega kam laam ma tole ka gaale Bɛte-Hogala baŋa seeni sisworo kom, ka vo ka kweeli Yɛ naneo kom baŋa seeni bubɛ dem ne, Jɔdan buga kam na vei ka guri mɛ to mo. Dento nam mo ye Benjamin kuri seeni siseini dem.
20Jɔdan buga kam tete mo ye Benjamin tega kam wɛ-puli seeni siseini dem. Siseina yalo ba déem na pɔɔre se Benjamin dwi dem taa jege to mo konto.
21Benjamin dwi dem déem jwoŋi teene dento mo, sɔ-yuu maama de ko nyem:
Jeriko, Bɛte-Hogala, Emeki-Kezizi, 22Bɛte-Araba, Zemarayim, Bɛtel, 23Awim, Para, Ofera, 24Kefare-Amoni, Ofini, Geba. De déem ye teene fuga-delei mo dedaane de nawuura yam.
25Ko ta woli de Gibeon, Rama, Beerofa, 26Mizipa, Chefira, Moza, 27Rekem, Irapeela, Tarala, 28Zela, Hayelefa, Jebusi tiina teo Jerusalem, Gibea, Kiriaf-Jeerim.
Dento nam ya ye teene fuga-dena mo dedaane de nawuura yam maama. Tega kam konto mo ba déem pɛ Benjamin dwi dem, pa se sɔ-yuu maama na ko nyem.",https://www.bible.com/bible/3661/JOS.18.KBG
JOSUA 19,"Simeon dwi dem tega kam
1Simeon dwi dem déem mo saŋe se ba jwoŋi ba popɔra kam. Ba tega kam déem tole ka vo ka gaale Judah tega siseini dem mo. 2Teene dento nam ya wo Simeon tega kam ne mo:
Beeriseba (Seba mo konto), de Molada, 3de Hazara-Suwala, de Bala, de Ezem, 4de Eletolada, de Betula, de Horama, 5de Zikalag, de Bɛte-Marakabota, de Hazara-Susa, 6de Bɛte-Lebayofa, de Saruhen.
Dento ye teene fuga-detɔ mo, dedaane de nawuura yam.
7Ko ta woli de Ayin, de Rimon, de Efera, de Asan. Ba teene dem konto ye dena mo de de nawuura yam maama. 8Te-balwa na gilimi teene dem konto to déem tole kuri seeni mo de yi Baalafe-Beya mo. Rama mo konto.
Tega kam konto mo ba déem pɛ Simeon dwi dem, sɔ-yuu maama de ko nyem.
9Judah popɔra kam déem daga ka dwoi ba nɔn-bia bam. Konto ŋwaane mo Simeon dwi tiina déem jwoŋi Judah tega kam kadwoŋi ba jega.
Zebulun dwi dem tega kam
10Tega kam popɔra batɔ tu mo ba déem pɛ Zebulun dwi dem, sɔ-yuu maama de ko nyem:
Ba tega kam déem tole ka vo ka yi Saridi mo. 11Ka siseini dem tɔge wɛ-zoore seeni ka yi Marala. Ka déem ta ma vo ka dwei Dabesɛfa, se ko laam yi bu-nɔgɔ kolo na wo Jokeneam wɛ-puli seeni to. 12Ko nam ná ye ba tega kam daa kakam kam, ka zege Saridi ne mo ka yɔɔre wɛ-puli seeni ka yi Kisilofa-Tabora siseini, ka daare ka ta yi Daberafa dedaane Jafia. 13Ka ta tole wɛ-puli seeni mo ka yi Gafa-Hefera dedaane Efakazina, ye ka laam pipiri ka da Nea seeni ka vo ka yi Rimon. 14Ka siseini dem baŋa seeni pipiri mo de jeeri Hanafona, se de vo de kweeli Ifitah-Eli bwolo kom ne.
15Zebulun teene déem ye fuga-delei mo dedaane de nawuura yam maama. Ba teene dem dedwonna mo tento:
Katafa, de Nahalali, de Simiron, de Idala, de Bɛtelehem.
16Teene dem konto de de nawuura yam mo ba déem pɛ Zebulun dwi dem, sɔ-yuu maama de ko nyem.
Isakara dwi dem tega kam
17Ko ná ye tega kam popɔra bana tu wom, ba déem kwei-ka ba pa Isakara dwi dem mo, sɔ-yuu maama de ko nyem. 18Banto laŋa kam ba déem na jwoŋi to mo tento:
Jezerele, de Kesulofa, de Sunem, 19de Hafarayim, de Sion, de Anaharafa, 20de Rabifa, de Kision, de Ebeza, 21de Remefa, de En-Ganim, de En-Hada, de Bɛte-Pazeza. 22Ba siseini dem ta vei de dwei Tabora peo kom, de Sahazuma, dedaane Bɛte-Semesa. Ka laam ma vo ka kweeli Jɔdan buga kam ne.
Isakara dwi dem teene dem nam ye fuga-deredo mo, de de nawuura yam. 23Teene dem konto de de nawuura yam mo ba déem pɛ Isakara dwi dem, sɔ-yuu maama de ko nyem.
Asere dwi dem tega kam
24Asere dwi dem déem ma jwoŋi tega kam popɔra banu tu, sɔ-yuu maama de ko nyem. 25Ba teene dem nam ya ye:
Helikafa, de Hali, de Beten, de Akasaf, 26de Alam-Mɛlɛka, de Amada, de Misala.
Tega kam wɛ-zoore seeni siseini dem déem yi Kamele peo kom dedaane Sihora-Libinafa. 27Ka ta ma gugwoli ka vo wɛ-puli seeni ka yi Bɛte-Dagon se ka laam vo ka dwei Zebulun dwi dem laŋa kam ka daare ka yi Ifitah-Eli bwolo kom. Ba tega kam ta vei baŋa seeni ka yi Bɛte-Emeke, de Neyeli. Ka ma kɛ ka vo Kabuli, 28de Eboron, de Rehobi, de Hamon, dedaane Kana, se ka kɛ ka vo ka yi Sidon teo kamunu. 29Ba siseini ta ma pipiri de yɔɔre Rama seeni, de tole de yi Tura, de na ye teo kolo na lɔge ko pe de dam to. Siseini dem laam ma gugwoli de vo Hosa seeni, de vo de kweeli Mediterania naneo kom ne. Ba laŋa kam déem ta yi Mahalaba, de Akiziba, 30de Wuma, de Afeka, de Rehobi.
Teene dem déem ye finlei-delei mo, de de nawuura yam maama. 31Teene dem konto de de nawuura yam mo ba déem pɛ Asere dwi dem, sɔ-yuu maama de ko nyem.
Nafitali dwi dem tega kam
32Nafitali dwi dem mo déem jwoŋi tega kam popɔra baredo tu wom, sɔ-yuu maama de ko nyem.
33Ba siseini dem ma zege Helefa ne de yi tei-zɔŋɔ kolo na zege Zaananim ne to. De ta tole de vo Adami-Nekeba de Jaminia mo se de yi Lakum, ye de laam kweeli Jɔdan buga kam ne. 34De daa ma gugwoli wɛ-zoore seeni de vo Azanof-Tabora, de Hukoka. Ba tega kam kuri seeni déem dwei Zebulun dwi dem laŋa kam mo. Asere laŋa kam ma jeeri ka wɛ-zoore seeni. Jɔdan buga kam de jeeri wɛ-puli seeni.
35Ba teene dento mo lɔge de pe de dam: Zidim, de Zera, de Hammafa, de Rakafa, de Kinerefa, 36de Adama, de Rama, de Hazora, 37de Kedesa, de Ederi, de En-Hazora, 38de Yiron, de Migadal-Eli, de Horem, de Bɛte-Anafa, de Bɛte-Semesa.
De déem ye teene fuga-nogo mo, dedaane de nawuura yam maama. 39Teene dem konto de de nawuura yam mo ba déem pɛ Nafitali dwi dem, sɔ-yuu maama de ko nyem.
Dan dwi dem tega kam
40Dan dwi dem nam mo jwoŋi tega kam popɔra barepɛ tu wom, sɔ-yuu maama de ko nyem. 41Teene dento wo banto laŋa ne mo:
Zora, de Esatola, de Irasemesa, 42de Saalabin, de Ayijalon, de Ifala, 43de Elon, de Timina, de Ekoron, 44de Eleteke, de Gibefon, de Baalafe, 45de Jehudi, de Beneberaka, de Gafa-Rimon, 46de Mejarekon, de Rakon, de jei selo maama na jeeri Jopa to.
47Dan dwi dem nam ya gɛ ba tega kam mo. Ko ma pa se ba fe ba vo ba jeeri Lesem tiina bam de jara. Ba ma di-ba ye ba jwoŋi ba tega kam ba zoore ka wone. Dan dwi tiina laam maa bwoi tega kam yere we Dan, se ko maŋe de ba nabaaro wom yere dem.
48Teene dem konto de de nawuura yam mo ba déem pɛ Dan dwi dem, sɔ-yuu maama de ko nyem.
Josua tega kam
49Isarele tiina bam nam ya na pɔɔre tega kam ba pa daane to, ba déem daare laŋa kadwoŋi mo ba pa Nun bu Josua se o taa tei. 50Baŋa Wɛ nam maŋe o pa-ba ni mo se ba kwei mɛ maama Josua na wó kuri to ba pa‑o. O ma kuri Timinaf-Sera na wo Efrayim zwonnu laŋa kam ne to, ye ba kwei-ko ba pa‑o. O ma fɔge o lɔ teo kom konto o zoore ko wone.
51Ko déem na ke tei Wɛ jeerim vwei dem na wo Siloo ne konto to, ko nam ye Wɛ kaanem tu Eleaza, de Josua, de Isarele sɔ-yuni yiga tiina bam mo zege Baŋa Wɛ yiga ne ba pɔɔre pɔɔre tega kam ba pa daane. Ba ma pɔɔre-ka ba ti, pa se Isarele dwi maama jwoŋi ba tega.",https://www.bible.com/bible/3661/JOS.19.KBG
JOSUA 20,"Ka-duri-ka-zo-ka-seigi teene dem
Jeelim 35:6-34
1Maŋa kadwoŋi ne mo Baŋa Wɛ tage de Josua o we, 2“Laam ta de Isarele tiina bam se ba le teene dedwonna, ka-duri-ka-zo-ka-seigi ŋwaane, nenɛɛne a na maŋe a ta de Moses se o bere‑m tei to. 3Wolo ná wo paale o go nɔɔno, o wó wane o duri o vo o seigi teo kom konto wone se o lu balo na beeri o gom to jeŋa ne. 4O maa ná duri o vo o yi teene dem konto dedoa, o wó vo ko manchwoŋo ni ne o lwoni o taane dem de teo kom nakwa bam mo. Banto maa wó beeri jei ba pa‑o se o zo ba teo kom o taa zoore de-ba. 5Wolo na beeri o gom to nam ná pare‑o o yi da, ko dae se teo kom tiina le‑o ba pa konto tu, kolo ŋwaane o wo paale o go nɔɔno wom. O nam ya ba chuli‑o. 6Teo kom nakwa bam wó di o taane se ba lɔre ko ke ko maŋe mo naa o paale o go o dwoŋi wom mo. O ná wo paale o ke, ba maa wó yage se o taa zoore de-ba se ko yi kaanem yiga tu wom ná tega. Konto mo o laam wó wane o jwoori o tete teo kom.”
7Ko ma pa se ba le Galili teo Kedesa na wo Nafitali zwonnu laŋa kam ne to ba zege ko ŋwaane. Ba ta le Sɛkɛm na wo Efrayim zwonnu laŋa kam ne to mo, de Kiriaf-Araba na wo Judah zwonnu laŋa kam ne to. Teo kom konto laam mo ye Heboron. 8Ko daare teene delo na wo Jɔdan buga kam wɛ-puli seeni to mo ba kuri Bezere na wo Ruben dwi dem laŋa kam ne to. Jei sem konto ye te-kampare mo ka yi kagoa kam na wo Jeriko wɛ-puli seeni to. Ba ta ma le Gad dwi dem teo Ramofa na wo Gilead ne to, dedaane Manasɛ dwi dem teo Golan na wo Basan ne to.
9Isarele tiina bam ma kuri teene dem konto ba tiŋi ka-duri-ka-zo-ka-seigi ŋwaane. Ko maa ye se nɔɔno ná wo paale o go nɔɔno, o ná ye Isarele tu naa veiru, se konto tu duri o zo de wone o seigi se wolo o na go to yera nɔɔna yé yi‑o ba go. Ko ta ye se teo kom nakwa bam wane o taane dem mo ba di de chega.",https://www.bible.com/bible/3661/JOS.20.KBG
JOSUA 21,"Levi dwi tiina teene dem
1Konto kwaga ne mo balo na wo Levi dwi tiina yiga ne to vei kaanem tu Eleaza, de Nun bu Josua dedaane Isarele dwia yam maama yiga tiina bam tei. 2Maŋa kam kam konto ne de ba ta zoore Kanaan teo Siloo wone mo. Levi yiga tiina bam ma yi ba tei ba ta ba we, “Baŋa Wɛ nam ya maŋe o pa Moses ni mo we, debam jege se dé jwoŋi teene mo dé taa zoore da se dé daare dé taa kɔna.” 3Isarele tiina bam tete déem ma da Baŋa Wɛ ni dem ŋwaane ba le ba dwia yam dedoa dedoa teene dedwonna ba pa-ba se ba taa zoora. Ba ta ma pa-ba vara pwoli se ba taa maa kɔne vara.
Kohafe sɔ-yuu tiina teene dem
4Ba ma ta jɔrɔ se ba lɔre Baŋa Wɛ na lage se teene dem pɔɔre de pa Levi dwi tiina bam tei to. Kohafe tiina bam nam mo dɛ yiga ba na ba teene dem popɔra, diga maama de ka nyem. Banto balo na ye Wɛ kaanem tu Aron diga kam to ma jwoŋi teene fuga-detɔ, ye de maama wo Judah de Simeon dedaane Benjamin dwia yam laŋa wone. 5Ko maa na daare Kohafe tiina balo to, ba de déem nɛ teene fuga mo na wo Efrayim dwi dem, de Dan dwi dem, dedaane Manasɛ dwi chichworo kom laŋa wone. 6Ko nam ná ye Gereson tiina bam, banto déem nɛ teene fuga-detɔ mo na wo Isakara dwi dem, de Asere dwi dem, de Nafitali dwi dem, de Manasɛ dwi chichworo kokom kom laŋa wone. 7Merari tiina bam de ma na teene fuga-delei na wo Ruben dwi dem, de Gad dwi dem, dedaane Zebulun dwi dem laŋa wone, diga maama de ka nyem.
8 Baŋa Wɛ déem na pɛ Moses ni se ba pɔɔre teene dem ba pa Levi tiina bam tei to mo Isarele tiina bam de kea, ko woli dedaane vara pwoli se ba taa kɔne ba vara.
9Ko ná ye Judah dwi dem dedaane Simeon dwi dem laŋa kam, teene dento mo ba déem le se ba pa 10balo na ye Kohafe sɔ-yuu tiina ye ba ye Aron bia to. Ba pɛ-ba teene dem konto kolo ŋwaane jɔrɔ kom kuri banto mo yiga.
11Judah zwonnu laŋa kam ne mo ba le Kiriaf-Araba ba pa-ba, ko woli dedaane ko vara pwoli sem. Ba laam bwoi-ko we Heboron mo. Araba déem ye Anaki kwo mo. 12Se ko ná ye teo kom kare sem dedaane ko nawuura yam, ba ya maŋe ba kwei tento ba pa Jefunɛ bu Kaleb mo se o taa tei. 13Heboron ya ye teo kolo ba na tiŋi ka-duri-ka-zo-ka-seigi ŋwaane to mo. Wɛ kaanem tu Aron bia bam ma jwoŋi-ko. Ba ta ma woli teene dento:
Libina, 14de Jatira, de Esetemoa, 15de Holon, de Debiri, 16de Ayin, de Juta, de Bɛte-Semesa. Teene dento dedaane de vara pwoli sem ye teene nogo mo ya na ye Simeon dedaane Judah laŋa kam nyem. 17Ko daare Benjamin laŋa kam ne mo ba pɛ-ba teene dena mo: Gibeon, de Geba, 18de Anatofe, de Alemon mo ko woli dedaane de vara pwoli sem.
19Konto to, teene fuga-detɔ dedaane de vara pwoli sem mo ba déem kwei ba pa Aron diga tiina bam na ye kaanem tiina to. 20Ko maa ná ye Levi dwi dem na ye Kohafe sɔ-yuu kom ye ba dae Aron bia to, ba le teene dena mo Efrayim dwi dem laŋa kam ne ba pa-ba.
21Sɛkɛm déem ye laŋa kam konto teo mo. Ko maa ye teo kolo ba na tiŋi ka-duri-ka-zo-ka-seigi ŋwaane to mo. Ko maa wo Efrayim zwonnu laŋa kam ne. Ba déem kwei-ko ba pa-ba, ba woli de Gezere, 22de Kibizayim, de Bɛte-Horon. Teene dena dem konto dedaane de vara pwoli mo ba pɛ-ba.
23Dan laŋa kam ne mo ba le teene dento ba pa-ba:
Eleteke, de Gibefon, 24de Ayijalon, de Gafa-Rimon. Teene dena dedaane de vara pwoli sem mo konto. 25Manasɛ dwi chichworo kom na wo wɛ-zoore seeni to laŋa ne mo ba ma kwei teene dento ba pa-ba: Taanaka, de Gafa-Rimon. Teene delei dedaane de vara pwoli sem mo konto.
26Ko maa bere we Kohafe sɔ-yuu tiina balo na dae Aron bia to déem jwoŋi teene fuga mo dedaane de vara pwoli sem.
Gereson sɔ-yuu tiina teene dem
27Ko daare ko ná ye Levi dwi tiina balo na ye Gereson sɔ-yuu tiina to, ba déem le teene dento mo ba pa-ba:
Manasɛ dwi chichworo kodwoŋi kom laŋa ne mo ba le: Basan teo Golan dedaane Be-Esetara. Golan ya ye teo kolo ba na tiŋi ka-duri-ka-zo-ka-seigi ŋwaane to mo. Ba nam kwei teene delei dem konto mo dedaane de vara pwoli sem ba pa-ba.
28Ba ma jwoŋi teene dento Isakara dwi dem laŋa ne: Kision, de Daberafa, 29de Jaremuf, de En-Ganim. Teene dena de de vara pwoli mo ba le ba pa-ba.
30Ba déem ta jwoŋi teene dento Asere dwi dem laŋa ne: Misale, de Abedon, 31de Helikafe, de Rehobi. Teene dena de de vara pwoli sem mo ba pɛ-ba.
32Ko na daare Nafitali dwi dem laŋa kam to, ba jwoŋi teene dento mo: Kedesa na wo Galili ne to, de Hamofa-Dora, de Karatan. Kedesa ya ye teo kolo ba na tiŋi ka-duri-ka-zo-ka-seigi ŋwaane to mo. Ba nam kwei teene detɔ dem konto de de vara pwoli sem ba pa-ba.
33Ko maa bere we Gereson sɔ-yuu tiina bam déem jwoŋi teene fuga-detɔ mo dedaane de vara pwoli sem.
Merari sɔ-yuu tiina teene dem
34Merari tiina bam laam mo daare ye ba ta ye Levi dwi dem wone. Ba ma jwoŋi teene dento mo ba pa-ba:
Zebulun dwi dem laŋa kam ne mo ba le teene dento: Jokeneam, de Karata, 35de Dimina, de Nahalali. Teene dena dedaane de vara pwoli sem mo konto.
36Ko na ye Ruben dwi dem laŋa kam to, ba jwoŋi teene dento mo ba pa-ba: Bezere, de Jahaza, 37de Kedemofa, de Mefaafa. De ta maa ye teene dena de de vara pwoli sem.
38Gad dwi dem laŋa ne mo ba ta ma jwoŋi teene dento: Ramofa na wo Gilead ne to, de Mahanayim, 39de Hesebon, de Jazera. Ramofa ya ye teo kolo ba na tiŋi ka-duri-ka-zo-ka-seigi ŋwaane to mo. Ba nam kwei teene dena dem konto de de vara pwoli sem ba pa-ba.
40Ko maa bere we Merari sɔ-yuu tiina bam déem jwoŋi teene fuga-delei mo dedaane de vara pwoli sem.
41Konto to, Isarele dwi tiina tega kam maama wone mo Levi tiina bam déem jwoŋi teene finna-nana dedaane de vara pwoli sem. 42Teo maama maa jege vara pwoli selo na kaare-ko to.
43 Baŋa Wɛ déem ma pa Isarele tiina bam tega kalo maama o ya na gwoni ni de ba nabaara se o pa-ba to. Ba de ma jaŋe ba di-ka ye ba jeini ka wone. 44Baŋa Wɛ déem ma pa ba sii de jara keim, ne o na gwoni ni de ba nabaara bam se o ke tei to. Isarele tiina dona bam wolowolo wo wane-ba ba chɔge, Baŋa Wɛ na pɛ-ba dam se ba di-ba to ŋwaane. 45Baŋa Wɛ déem na gwoni ni se o ke wo-laaro telo maama o pa Isarele tiina bam to mo o seene o ke o pa-ba. Dedoa tete wo maŋe kwaga ne.",https://www.bible.com/bible/3661/JOS.21.KBG
JOSUA 22,"Isarele dwia yadwonna jwoori wɛ-puli seeni
1Josua laam ma toŋe ni se Ruben dwi tiina bam de Gad dwi tiina bam dedaane Manasɛ dwi chichworo kom na wo wɛ-puli seeni to ba se o na-ba. 2O ma ta-ba o we, “Abam ke chega de á na ke kolo maama Baŋa Wɛ tontoŋeno Moses déem na pɛ ni se á ke to. Kolo maama amo de maa na bere se á ke to, á seene á ke-ko. 3Abam peene mo ye á sɛ á Tu Baŋa Wɛ nia yam, á daare á woli á chorro tem taa se ko yi leile. Á maa wo nwoŋi ba kwaga ne. 4Ko nam yi se á jwoori á sam dem na wo Jɔdan buga kam wɛ-puli seeni, ye Baŋa Wɛ tontoŋeno Moses kwei o pa abam to. Kolo ŋwaane, Baŋa Wɛ na gwoni ni se o pa á chorro tem sii de jara keim to, o seene o ke konto mo. 5Nam kwaane-na se á ta‑á ke kolo maama Moses na bere se á ke to. O maŋe o bere abam se á ta‑á swoi á Tu Baŋa Wɛ wom, ye á daare á ta‑á jege chega á pa‑o. Abam ta jege se á zuli‑o mo ye á sɛ o ni dedaane á bochara de á dam maama.”
6-8Josua laam ma sɔɔle Wɛ swolim o ke ba yuu ne ye o daare o bane-ba o yage chwoŋa ne se ba viiri. O na bane-ba o yage chwoŋa ne konto to, o ma ta o we, “Abam ma‑á jwoori á sam de jejegero dedɛ mo á na vere á dona tei ne. Abam vara daga lanyerane, ye á ta jege lu-nyenno, de sabu-seŋa, de channa, de luuru, de gwaaro dedɛ. Véi-na á chɛ te maama de á chorro. Wɛ wó pa se á yi lanyerane.”
Ko ná ye Manasɛ dwi dem, Moses déem pɔɔre ba chichworo mo o pa-ba tega Basan laŋa kam ne. Josua de ma kwei tega o pa ba chichworo kodwoŋi kom Jɔdan buga kam wɛ-zoore seeni, se ba jeini de Isarele dwia yadwonna yam.
9Ruben dwi tiina bam de Gad dwi tiina bam dedaane Manasɛ dwi chichworo kom maama ma kwei chwoŋa ba maa jwoori ba sam ne. Ba yage Isarele tiina badwonna bam mo Kanaan teo Siloo ne. Ba ma jwoori ba tete tega kam na wo Gilead ne ye Moses kwei o pa-ba se ko tɔge de Baŋa Wɛ ni dem to.
Baŋa Wɛ gula bimbini dem
10Ruben tiina bam, de Gad tiina bam, de Manasɛ dwi chichworo kom ma vo ba yi Gelilofa. Jei sem konto de wo Kanaan laŋa kam ne mo, ye ko wo Jɔdan buga kam ni ne. Ba ta na wo bɛ buga kam to, ba ma zege dáane ba lɔ bimbin-kamunu ba yage da. 11Ko na wora ko wora to mo Isarele dwia yadwonna nigi we Ruben tiina bam, de Gad tiina bam de Manasɛ dwi chichworo kodwoŋi kom mo lɔge kaanem bimbini ba zege Gelilofa ne, ko na maŋe de banto bubɛ dem na wo Jɔdan buga kam ne to. 12Isarele kɔgɔ kom maama ma jeeri Siloo ne, se ba vo ba kwaare jara de ba chorro tem na wo Jɔdan buga kam wɛ-puli seeni to.
13Ba ma toŋe Wɛ kaanem tu Eleaza bu Finehase se o vo o ŋɔɔne de-ba se ko laam daare se ba jeeri-ba de jara. 14Ba ta ma le yiga tiina fuga se ba nwoŋi ba dwia fuga kam maama wone ba tɔge de Finehase ba vo ba tei. Banto maama jege sam mo ba nii de baŋa ne. 15Finehase de nɔɔna fuga bam ma vo Gilead ba jeeri de Ruben tiina bam, de Gad tiina de Manasɛ dwi chichworo kodwoŋi kom, ye ba ta de-ba ba we, 16“Baŋa Wɛ kɔ-fɔrɔ kom mo toŋe debam á tei ne se dé bwei abam dé nii kolo ŋwaane á daa na ba jege chega dedaane Baŋa Wɛ to. Bɛ mo kea ye abam lɔ Baŋa Wɛ kwaga ne, ye á daare á lɔ bimbini se á ta‑á ke kaanem de baŋa ne? Abam daa ba zuli Baŋa Wɛ wom. 17Abam swei wɛleere delo dé déem na ke Peora ne ye Baŋa Wɛ waare debam to mo na? O pɛ se jawe-chɛɔ to dé wone ye ko go dé kɔgɔ kom dedɛ. Wɛleere dem konto nam ta wo nwoŋi dé tetare ne. 18Abam daa boŋe se á nwoŋi Baŋa Wɛ kwaga ne mo na? Abam zem ná ve‑o, o bane jwa wó zaŋe mo dedaane Isarele tiina kɔ-fɔrɔ kom maama. 19Abam tega kam nam ná chɔge mo pa se á ware Baŋa Wɛ se á zuli‑o ka wone, se á bɛ Jɔdan buga kam á ba á ta‑á zoore debam tei ne Baŋa Wɛ vwei dem na wo mɛ to. Yé ywori-na Baŋa Wɛ kwaga ne, dedaane debam maama kwaga ne, se á ke bimbini á woli debam Tu Baŋa Wɛ kaanem bimbini dem wone. 20Nam ta guli-na maŋa kam Zera bu Akane na chɔge Wɛ yiga ye o kwei wonnu telo Baŋa Wɛ na we te ye o nyem to. Ko déem dae Isarele tiina kɔ-fɔrɔ kom maama mo nɛ waarem ko ŋwaane na? Nɔɔna dedɛ mo dɛ ba te Akane wɛleere dem ŋwaane se ko déem dae o yerane mo tega.”
21Ruben tiina bam, de Gad tiina bam, de Manasɛ dwi chichworo kom ma leiri-ba ba we:
22“Yuu-tu Baŋa Wɛ wom mo dwoi maama! Wonto mo wó ta o pa debam! O yei kolo ŋwaane dé na ke bimbini dem to. Ta‑á yei-na we dé bere dé wo baare Baŋa Wɛ kwaga ne. Ko nam ná dae konto, se dé yé lu zem dɛ dento. 23Dé taane dem ná ye vwa se Baŋa Wɛ waare debam. Dé wo ke bimbini dem se dé ma nwoŋi Baŋa Wɛ kwaga ne. Dé nam wo boŋe se dé kwei-de dé ma dé ke vara zwɛɛm kaanem, naa wodiu-kaanem, naa yazura kaanem se dé jwoŋi swolim Baŋa Wɛ tei ne. 24Debam dɛ foone ŋwaane mo dé ke konto. Dé tete mo boŋe dé ja we, abam bia jwa wó bwei debam bia ba we, ‘Abam dedaane Isarele Baŋa Wɛ wom jege bɛ mo se á ke daane? 25Baŋa Wɛ kwei Jɔdan buga kam o ma o ji siseini mo se ka pɔɔre debam Isarele tiina bam dedaane abam Ruben tiina de Gad tiina bam daane. Abam dae Baŋa Wɛ nyem!’ Tɔ. Ko ná ke konto, abam bia wó che debam bia se ba yé tɔge ba zuli Baŋa Wɛ. 26Konto nam mo pɛ se dé ke bimbini dem. Ko dae se dé ma dé ke vara zwɛɛm kaanem de kaanem dwi maama. 27Dé ke-de se de taa ye maana mo debam de abam tetare ne. De ta wó ji maana de pa debam bia dedaane abam bia. Ko ná ye vara zwɛɛm kaanem naa kaanem dwi maama, dé wó taa jaane dé pɛɛra dé tui Baŋa Wɛ vwei dem ne se dé ma zuli‑o. Ko ta wó pa se á bia jwa yé ta we, debam bia ba jege kolokolo se ba ke dedaane Baŋa Wɛ wom. 28Dé ta boŋe we ko ná ye konto, debam bia wó ta de abam bia we, ‘Nii-na! Debam kwoa ke bimbini mo na lwoni Baŋa Wɛ kaanem bimbini dem. Ba nam wo ke-de se ba taa ke kaanem da ba zuli Baŋa Wɛ, se de ye maana mo de pa debam dedaane abam.’ 29Wɛ wó che se dé yé baare o kwaga ne dé daare dé ke bimbini dé kwei-de dé ke vara zwɛɛm kaanem, naa wodiu-kaanem, naa yazura kaanem dé pa‑o. Debam bá sɛ se dé ke bimbini dé ma zuli Baŋa Wɛ, ko ná dae kaanem bimbini delo na wo Baŋa Wɛ wara-jei sem ne to.”
30Wɛ kaanem tu Finehase de Isarele kɔgɔ kom yiga tiina fuga bam ma cheigi Ruben tiina, de Gad tiina, de Manasɛ dwi chichworo kom ni dem maama. Ba wo ma to de taane dem. 31Eleaza bu Finehase ma ta de-ba o we, “Debam laam lɔre we Baŋa Wɛ seene o wo dé tei ne. Kokuri to, abam wo chɔge Baŋa Wɛ yiga. Ko ta bere we abam wo pɛ chwoŋa se Baŋa Wɛ waare debam Isarele tiina bam.”
32Finehase de Isarele kɔ-fɔrɔ yiga tiina bam ma zaŋe Gilead ne ba jwoori ba vo Kanaan. Ba ma lwoni ba bere Isarele tiina bam maama ba dedaane Ruben de Gad tiina bam jeiŋa kam na tu tei to. 33Isarele tiina bam wo ma to ye ba bobo se ba taa tei Wɛ. Ba ya boŋe se ba ke jara de Ruben de Gad tiina bam mo se ba ti ba dwi dem. Ba laam ma dole boboŋe dem konto ba yage. 34Ruben de Gad tiina bam ma ta ba we, “Bimbini dento ye maana mo de pae debam maama we, Baŋa Wɛ mo seene o ye debam Tu Wɛ.” Ba maa jege-de ba bwoi we ‘Maana Bimbini’.",https://www.bible.com/bible/3661/JOS.22.KBG
JOSUA 23,"Josua na tage taane delo o kweeli to
1Ko na wora ko wora to, Baŋa Wɛ déem laam ma pa se Isarele tiina bam dona maama daa ba daane-ba. Josua de nam ya tiini o kwe mo ka maŋa ne. 2Dɛ dedwe mo o bwoŋi Isarele tiina nakwa bam, de ba yiga tiina bam, dedaane dedɛɛra balo na nii ba baŋa ne to. O ma ta de-ba o we, “Amo tiini a kwe dedɛ. 3Abam nam nɛ á Tu Baŋa Wɛ wom na dɛ abam ŋwaane o ke tei maama de teene delo ya na wo ywo to. Wonto mo jaŋe o di-de o pa abam. 4Teene delo ta na daare se á di-de jara baŋa ne to, abam yei we amo maŋe a pɔɔre-de a pa á dwia yam maama se ba di ba daare ba taa tei. Amo ta pɔɔre teene delo maama dé na maŋe dé di ko zege Jɔdan buga kam ne se ko yi Mediterania naneo kom seeni to a pa abam. 5Abam ná vei se á jeeri-ba de jara, Baŋa Wɛ wó pa se ba duri abam yiga ne. O ni-gwonim dem ŋwaane mo o lage o zeili-ba se abam wane ba tega kam á jwoŋi.
6Konto ŋwaane, ke-na dam á tete kuri ne se á daare á ke á tɔge Wɛ nia tɔnɔ kom Moses na popone to chekke. Yé kuri-na yadwonna á yage. 7Abam ba jege se á ta‑á ye de teene delo na gilimi abam to. Yé zuli-na ba jwona. Ta lɔre-na se á yé kwei ya yera á ma á ke ni-gwonim kolokolo baŋa ne. 8Abam nam ye se á ta‑á jege chega mo de á Tu Baŋa Wɛ wom nenɛɛne á na ke tei se ko yi zem tento to.
9Kokuri, abam na jeeri teene delo na daga ye de ta tiini de dana to, Baŋa Wɛ zeili-ba mo, ye nɔɔn-nɔɔno ware se o dwoni de abam. 10Baŋa Wɛ na jaŋe o pa abam to ŋwaane mo pa se á wone dedoa tete wó zeili á dona moro, nenɛɛne o na gwoni ni de abam we o wó ke tei to. 11Nam kwaane-na á ta‑á swoi á Tu Baŋa Wɛ wom.
12Abam nam ná nwoŋi á chega kam kwaga ne, pa se á ye de teene delo na gilimi abam to, ye á sɛ se á taa di da-bukwa, 13nam lɔre-na se Baŋa Wɛ wom daa bá zeili-ba se abam zo. Teene dem konto maa wó jwoori de ji da-bunnu á yiga ne. De wó taa nye de fena kalo na fere ka zoore á yera to mo, ye de ta ji sabare se zɔa á yia. Ba wó yaare abam taa se ko yi maŋa kalo Baŋa Wɛ na wó saare abam yere te-ywoŋa kalo o na kwei o pa abam to baŋa ne.
14Ko daa bá dáane se amo te. Abam tete nam yei we Baŋa Wɛ seene o ke o ya na gwoni ni se o ke tei maama to, kolokolo wo maŋe kwaga ne. 15Nam lɔre-na se Baŋa Wɛ na pɛ se wo-laaro tem maama seene te ke nenɛɛne o na gwoni ni tei to, o nam ta wó wane o chɔge abam nenɛɛne o na tage tei to, se á yere saare te-ywoŋa kanto o na pɛ abam to baŋa ne. 16Abam ná ve se á tɔge Baŋa Wɛ ni-sɛɛm dem, ye á bobo se á ta‑á zuli wa yadwonna, lɔre-na we o bane wó zaŋe de abam mo se o chɔge abam lela. Abam wolowolo daa ma bá daare te-ywoŋa kanto o na kwei o pa abam to baŋa ne.”",https://www.bible.com/bible/3661/JOS.23.KBG
JOSUA 24,"Isarele tiina fɔge ba ke ni-sɛɛm de Baŋa Wɛ
1Josua laam ma bwoŋi Isarele tiina bam maama se ba jeeri Sɛkɛm ne, banto de ba nakwa bam, de ba yiga tiina dedaane dedɛɛra balo na nii ba baŋa ne to. Ba maama ma ja ba tete ba yi Wɛ yiga.
2Josua ma ta de nɔɔna bam maama o we, “Isarele Tu Baŋa Wɛ wom kwora mo tento:
Boboa kam ne abam kwoa nabaara bam ya ta wo Yuferata buga kam bubɛ dedwoŋi dem ne mo. Ba dwi dem maama déem maa zuli jwona. Abaraham de Nahora kwo Tera de déem tɔge ba zuli-ya mo. 3Amo déem ma kuri abam nabaaro Abaraham. Amo ma pa se o nwoŋi da tega kalo na kɛ ka bɛ Yuferata buga kam to, ye a tiini a pa‑o dwi na daga. Da-yiga to a déem kwei Izaak mo a pa‑o. 4Ko na yi se Izaak lo bia to, a ma kwei Jakob de Esawu a pa‑o. Amo ma pa Esawu tei Seyira zwonnu laŋa kam, ye a kuri se Jakob de o bia bam tu ba vo Ejipti teo ba zoore da.
5Dáane mo amo toŋe Moses dedaane Aron se ba tɔge á yiga. A ma pa se ko zo Ejipti tiina bam yera ye a ja abam a nwoŋi ba teo kom ne. 6Amo na jaane á nabaara bam a nwoŋi Ejipti ne to, ba ma yi Nane-soŋo kom ni. Ejipti tiina bam déem ya kwei sisein-nɔɔna de se torokooro mo ba ma pare á nabaara bam ba vo ba yi Nane-soŋo kom ni ne. 7Ba déem ma keeri ba jare-ne se a woli-ba. Amo Baŋa Wɛ ma tiŋi lim banto de Ejipti tiina bam tetare ne ye a ta pa se naneo kom di Ejipti tiina bam. Ba yibia ne mo a ke konto Ejipti tiina bam baŋa ne.
Ko kwaga ne, á nabaara bam laam ma zo kagoa ne ba daane ka wone. 8Amo ma ja abam teo nɔɔna bam a yi Amori tiina bam tega kam. Banto déem zoore Jɔdan buga kam wɛ-puli seeni mo. Nɔɔna bam konto na nwoŋi se ba ke jara de abam to, a ma pa se á di-ba. Abam ma yɔɔre á chɔge-ba, ye á jwoŋi ba tega á laam tei. 9Moaba teo pɛ Balaki na ye Zipore bu to déem ma boŋe se o ke jara de abam. O déem ma beeri Beora bu Balaam jei, se o ba o sɔɔle lwarem o yage abam yuu ne. 10Amo ma jwoŋi abam a yage Balaki jeŋa ne de a na ve se a cheigi Balaam taane dem to. A ma pa se o jwoori o sɔɔle swolim dedɛ o pa abam.
11Abam déem na bɛ Jɔdan buga kam á vo á yi Jeriko to, ba teo kom tiina nwoŋi mo se ba ke jara de abam. Amori tiina bam, de Pɛrizi tiina, de Kanaan tiina, de Hiti tiina, de Giragasi tiina, de Hivi tiina, dedaane Jebusi tiina de ta jeeri abam mo de jara ye amo pa se abam di ba maama. 12Abam déem na gwɛ tega kam ne á ma‑á vei to, amo ma vugimi á dona boboŋa ye ba duri ba daare abam. Ko dae á se-zɔɔro de á tɛ mo á kwei á ma á zeili-ba. Ko nye de amo ya na ke Amori tiina pwa balei bam tei to mo. 13Abam wo yaare tega kanto ŋwaane, amo mo kwei-ka a pa abam. Abam laam zoore teene delo á na wo lɔge to wone mo, á nam wo de kare ye á jege-se á di. Abam ta jege teeni-bia á di ye á wo jeiri-de.”
14Josua laam ma ta de-ba o we, “Ko nam ye se abam ta‑á zuli Baŋa Wɛ de á chega maama mo. Dole-na jwona yalo á kwoa bam déem na jege ba zuli Yuferata buga bubɛ dedwoŋi dem ne to, de yalo ba déem na jege ba zuli Ejipti ne to á yage, se á zuli Baŋa Wɛ yerane. 15Abam wo nam ná wo dɛ se á ta‑á zuli Baŋa Wɛ, se á kuri wɛ delo á na wó zuli to. Abam wó zuli wa yalo á kwoa bam déem na jege ba zuli Yuferata buga bubɛ dedwoŋi dem ne to mo, naa á laam na zoore Amori tiina tega ne to, á wó zuli ba jwona yam mo? Ko nam ta wo á tei ne. Se ko ná ye amo de a diga tiina maama, debam wó taa zuli Baŋa Wɛ mo.”
16Nɔɔna bam maama ma leiri‑o ba we, “Debam bá yage Baŋa Wɛ wom se dé daare dé zuli wa yadwonna. 17Baŋa Wɛ mo ye debam Wɛ. Debam dedaane dé kwoa ya ye kabɛ mo Ejipti wone, ye dé yi na o na toŋe wo-kenkagela se o ma o vere debam o ja o nwoŋi Ejipti ne tei to. Dwi-gɛ tiina déem seene ba gilimi debam jei maama ne. De ko de, dé ná vei mɛ maama, Baŋa Wɛ yeini o kwoli debam mo. 18Debam déem na gwɛ tega kam ne dé maa beene to, mo Baŋa Wɛ zeili Amori tiina bam dedaane teene dedɛ, se debam na pwola dé zo tega kanto wone. Baŋa Wɛ yerane mo ye debam Wɛ, ye debam de wó taa zuli wonto mo.”
19Josua daa ma ta de nɔɔna bam o we, “Baŋa Wɛ ye wose mo. Abam bá wane‑o á zuli. O yi nam page abam baŋa ne mo. Abam maa ná lɔge o kwaga ne naa á ná ke wɛleera, o bá kwei o chɛ abam. 20Abam ná yage‑o se á daare á zuli wa-yɔɔro, wonto de wó pipiri o yage abam mo. O maa na boŋe se o ke abam lanyerane to, o laam wó waare abam mo, ye o daare o chɔge abam.”
21De konto maama de, nɔɔna bam ta leiri Josua ba we, “Debam boboŋa tiini ya ja se dé taa zuli Baŋa Wɛ mo.”
22Josua laam ma ta-ba o we, “Abam tete mo pɛ maana we á kuri se á ta‑á zuli Baŋa Wɛ mo.” Ba maama ma leiri we, “Ɛɛ! Debam tete mo pɛ maana.”
23Josua ma ta o we, “Ko nam ná ye konto, chɔge-na wa-gɛ sem ta na wo á tetare ne to, se á daare á kwei á bochare maama á pa Isarele Tu Baŋa Wɛ wom.” 24Nɔɔna bam de ma ta we, “Debam wó zuli dé Baŋa Wɛ wom mo, se dé daare dé sɛ wonto yerane ni.”
25Dɛ dem konto ne mo Josua zege Sɛkɛm ne o woli Isarele tiina bam se ba ke ni-sɛɛm de Baŋa Wɛ. O ta ma pa-ba nia se ba taa tɔga. 26O déem ta popone wonnu tem konto maama o ke Wɛ nia tɔnɔ kom wone mo. O ma daare o kwei kandwɛ-kamunu o chwi tei-zɔŋɔ kom kuri ne se ko maŋe dedaane Baŋa Wɛ wara-jei sem. 27Josua ma ta nɔɔna bam o we, “Kandwɛ dento nigi Baŋa Wɛ na tage tei maama de debam to. Ko bere we de ye maana mo dé maama tei ne, se abam yé lɔ Baŋa Wɛ ni dem kwaga ne.”
Ba suli Josua te-ywoŋa kam ne
28Josua déem ma pa se nɔɔna bam maama jage se ba vo ba jeini mɛ ba na pɔɔre tega kam ba pa-ba to ne. 29Wonnu tento maama ke ko ti mo, ye Nun bu Josua na ye Baŋa Wɛ tontoŋeno to laam te. O tege ye o jege bena bi de fuga mo. 30Josua nam ya jege o tete tega Timinaf-Sera ne. Ka wo Gaasa Peo kom baŋa seeni mo, Efrayim zwonnu laŋa kam ne. Ba ma kwei‑o ba suli ka wone.
31Josua ŋwea maŋa kam maama ne, Isarele tiina bam yɔɔre ba sɛ Baŋa Wɛ ni mo chekke. Ba nakwa badaara de déem nɛ kolo maama Baŋa Wɛ na ke o pa Isarele tiina bam to. Banto ta na ŋwe to, ba kɔ-fɔrɔ kom ta zuli Baŋa Wɛ mo, ye ba wo ywori o ni dem kwaga ne. 32Isarele tiina bam déem ya zeŋe Josɛf kwi sem mo ba ja ba nwoŋi Ejipti ne ba yi dáane. Ba ma suli-se Sɛkɛm ne, tega kalo Jakob déem na yeigi Hamora bia bam tei ne to. Hamora nam ya ye Sɛkɛm kwo mo. Jakob déem ma ŋwe sabu-dala bi ba tega kam ŋwaane. Josɛf dwi dem laam ma jwoŋi tega kam konto ba tei.
33Aron bu Eleaza de déem ma te. Ba ma suli‑o Gibea ne, teo kolo ba na pɔɔre ba pa o bu Finehase Efrayim zwonnu laŋa kam ne to.",https://www.bible.com/bible/3661/JOS.24.KBG
YIGA TIINA 1,"Isarele tiina bam jaŋe se ba jwoŋi Kanaan tega kam maama
1Josua toone dem kwaga ne, Isarele tiina bam ma bwei se ba lɔre Baŋa Wɛ boboŋa ye ba we, “Isarele dwia yam wone dwi dɔ mo wó lwoori yiga se ba kwaare jara de Kanaan tiina bam?”
2 Baŋa Wɛ ma leiri o we, “Judah dwi tiina bam mo wó da yiga ba vo ba jeeri-ba de jara. Amo nam wó pa se ba di-ba ye ba daare ba taa tei tega kam.”
3Judah tiina bam ma vo Simeon tiina bam tei, ba na ye chorro to ŋwaane, ye ba ta we, “Kanaan tiina mo zoore tega kalo Baŋa Wɛ na kwei o pa debam to baŋa ne. Nam ba-na á zeini debam se dé di-ba, se á de ná lage á ke jara á tega kam ŋwaane se debam de woli abam.” 4-5Simeon tiina bam ma sɛ ba woli Judah tiina bam ye ba vo ba jeeri Kanaan tiina bam dedaane Pɛrizi tiina bam de jara. Jara yam nam ke Bezeki ne mo. Kanaan de Pɛrizi tiina kɔgɔ kom nam ya ye morro fuga mo, ye Baŋa Wɛ woli-ba pa se ba di Kanaan tiina bam dedaane Pɛrizi tiina bam maama. Judah tiina bam ma na Pɛ Adoni-Bezeki na wo mɛ seeni to. Ba ma yi‑o de jara, 6ye Adoni-Bezeki kwaane se o duri o lu ba jeŋa ne, ye o wo wane. Ba na jaane‑o to, mo ba gwoni o nu-kweero tem dedaane o namimbi-kweero tem ba yage. 7Ba na jege keim dem konto ba ke to, mo Adoni-Bezeki tage o we, “Amo de ya jaane pwa fuserepɛ mo a gwoni ba nu-kweero dedaane ba namimbi-kweero tem, pa se ba twɛ wodi-mumuga kalo amo na di ye ka siiri tega ne to ba di. Wɛ zem laam wora o ŋwe o jene mo a baŋa ne.” Ba ma ja‑o ba vo Jerusalem ye o te.
8Judah tiina bam ma jeeri Jerusalem teo kom de jara. Ba ma di-ko, ye ba go ko nɔn-bia bam ba daare ba zwɛ-ko.
9Kanaan tiina badwonna nam ya zoore zwonnu laŋa kam ne mo, de tega-kuri kagoa kam seeni, dedaane wɛ-zoore seeni bwollu tem ne. Judah tiina bam déem ta ma zege Jerusalem ne ba vo ba kwaare jara de ba maama. 10Ba ma pa se jara yam yi Kanaan tiina balo na wo Heboron teo wone to. Boboa kam ne, jei sem konto yere déem ye Kiriaf-Araba mo. Dáane mo ba di Sesayi, de Ahiman dedaane Talimayi de ba dwi dem maama.
11Judah tiina bam daa ma zege dáane ba vo se ba jeeri Debiri tiina de jara. Boboa ne to, teo kom konto yere déem mo ye Kiriaf-Sefera. 12Judah dwi tu dedoa yere mo Kaleb. O déem ma ta o we, “Amo wó kwei a bukɔ Akisa a pa nɔɔno wolo maama na wó wane o vo o ke jara dedaane Kiriaf-Sefera tiina bam ye o wane-ba to.” 13Kenazi bu Ofineli déem ma vo o ke jara yam, ye o wane teo kom nɔɔna bam. Kenazi de ye Kaleb nyaane mo. O ma kwei o bukɔ Akisa o pa Ofineli, se o di o ma o ji o kaane.
14Kadiri dem maŋa kam ne mo, Akisa tage de o baro wom se ba beeri tega ba jwoŋi o kwo wom tei ne. O déem ma di bonaga o vo o tu o kwo yiga ne, ye o kwo bwei‑o o we, “Bɛ mo nmo lage se a ke a pa‑m?” 15Akisa ma leiri‑o o we, “A lwoori se n ke-ne zaane mo. Nmo na pɛ-ne tega kalo to ye kagoa yerane mo. Konto to, a lage se n beeri buli-yia jei mo n pa-ne.” Kaleb ma beeri buli-yia jei o pa‑o, baŋa seeni de tega-kuri seeni maama.
16Moses tembaaro dwi dem mo ye Keni tiina bam. Ba ma zege Jeriko ne ba woli dedaane Judah tiina bam ye ba vo Judah kagoa kam kuri seeni. Ba maa zoore Arada ne dedaane jei sem konto nɔɔna bam.
17Judah dwi dem ma nwoŋi ba woli Simeon dwi dem ye ba vo ba kwaare jara de Kanaan tiina balo na zoore Zefafa ne to. Ba ma di teo kom konto ye ba yɔɔre ba chɔge-ko pa se ko ji Wɛ nyem. Konto ŋwaane mo ba laam bwoŋi teo kom konto yere we ‘Horama’. 18Judah tiina bam ta ma di Gaza, de Asekelon, de Ekoron, teene dem konto maama dedaane de nawuura yam.
19 Baŋa Wɛ déem mo woli Judah tiina bam ye ba di teene delo maama na wo zwonnu laŋa kam ne to. Se ko ná ye Kanaan tiina balo na zoore bwollu tem seeni to, ba déem wo wane banto ba di, nɔn-dwoa bam konto na mae luuru mo ba ke jara-keim torokooro to ŋwaane. 20Moses na pɛ ni se ba ke tei to mo ba de kea. Ba kwei Heboron mo ba pa Kaleb. Wonto de déem ya zeili Anaki bia batɔ bam mo o daare jei sem konto o jwoŋi o tei. 21Benjamin dwi tiina bam déem wo wane se ba zeili Jebusi tiina bam. Nɔn-dwoa bam konto zoore Jerusalem ne mo, ye de zem maama, Jebusi tiina bam gwaane de Benjamin tiina bam mo ba zoore teo kom konto ne.
22-23Josɛf dwi tiina bam de ma vo ba jeeri Bɛtel de jara. Boboa ne to teo kom yere ye Luzi mo. Baŋa Wɛ déem ma woli-ba. Ba ma toŋe nɔɔna se ba vo ba ŋɔ ba nii teo kom na ye tei to. 24Balo na vei se ba ŋɔ ba nii to ma na nɔɔno na zege teo kom wone o maa nwoŋa. Ba déem ma ta‑o ba we, “Nmo ná bere debam chwoŋa se dé wane dé zo abam teo kom wone, dé bá ke‑m kolokolo dé chɔge.” 25Nɔɔno wom ma seene o bere-ba chwoŋa kam, ye ba de vo ba zo teo kom wone ba go ko nɔn-bia maama ye ba yage nɔɔno wom de o diga tiina se ba taa ŋwe. 26Nɔɔno wom laam ma vo o zoore Hiti tiina bam laŋa ne. O déem lɔge teo mo ye o bwoŋi-ko yere we Luzi. Teo kom ta jege yere dem konto de zem maama.
27Manasɛ dwi dem déem wo wane se ba zeili Bɛte-San tiina bam, naa Taanaka tiina bam, naa Dora tiina bam, naa Ibeleyam tiina bam, na Megido tiina bam dedaane balo maama na zoore teene dem nawuura yam ne to. Kokuri to, Kanaan tiina bam yɔɔre ba ja we ba wó taa wo teene dem konto ne mo. 28Isarele tiina bam maa na tu ba dana maŋa kalo to, ba fe Kanaan tiina bam se ba taa toŋe totoŋ-chɛɛra mo ba pa-ba. Ba nam ya wo zeili ba maama ba ti.
29Kanaan tiina badwonna de déem zoore Gezere ne, ye Efrayim dwi dem wo zeili-ba. Kanaan tiina bam déem ma lɛɛre ba zoore de-ba. 30Zebulun tiina bam de maa wo zeili Kanaan tiina balo na zoore Kitiron ne dedaane Nahalali ne to. Ba yage-ba mo pa ba tɔge ba zoore de-ba ye ba laam fe-ba se ba taa toŋe totoŋ-chɛɛra ba pa-ba. 31Asere dwi dem maa wo zeili Kanaan nɔn-dwoa balo na zoore Akoo, de Sidon, de Ahalabi, de Akiziba, de Heliba, de Afeka, de Rehobi teene dem wone to mo, 32pa se ba tɔge ba zoore de-ba. 33Nafitali dwi tiina de maa wo zeili balo na zoore Bɛte-Semesa de Bɛte-Anafa ne to. Ko ma pa se Nafitali tiina bam dedaane tega kam konto nɔɔna bam lɛɛre ba zoore daane. Nafitali tiina bam déem za fe teene dem konto tiina bam mo se ba taa toŋe totoŋ-chɛɛra ba pa-ba. 34Amori tiina bam dam déem dwoi Dan dwi dem dam. Ba ma che-ba ba yage zwonnu laŋa kam ne pa se ba daa wo wane se ba tu ba ba bwollu tem seeni. 35Amori tiina bam déem ma yɔɔre ba maŋe Ayijalon ne, de Saalibim ne, dedaane Heresi Peo kom seeni ba zoora. Ko daare maŋa kalo Josɛf dwi dem na tu ba na dam to, mo ba fe Amori tiina se ba taa toŋe totoŋ-chɛɛra ba pa-ba. 36Amori tiina bam tega kam siseini déem zege zwonnu chwoŋa kalo ba na bwoi we ‘Nɔŋɔ chwoŋa’ to mo, ka vo ka tɔge Sela seeni ka kɛ yiga.",https://www.bible.com/bible/3661/JDG.1.KBG
YIGA TIINA 2,"Baŋa Wɛ Maleka kam
1Maŋa dedoa mo Baŋa Wɛ maleka kam zege Giligal ne ka jeeri Bokim ne. Ka déem ma kwei Wɛ kwora kanto ka pa Isarele tiina bam:
“Amo mo jaane abam a nwoŋi Ejipti ne a ba ywo-seeni, pa se á zo tega kalo a na gwoni ni dedaane á nabaara bam se a pa-ba to, ye a we, ‘A bere a bá nwoŋi ni-sɛɛm delo a na ke de abam to kwaga ne. 2Ko nam dae se abam dedaane tega kam konto nɔɔna ke ni-sɛɛm daane. Abam jege se á ja ba jwona kaanem bimbina yam á chɔge á yage mo.’
Abam nam ve ni dem konto a na pɛ abam to. Bɛŋwaane mo ye á ke konto? 3Konto ŋwaane, amo daa bá zeili teene dem tiina a yage se a daare ba tega kam a pa abam se á ta‑á tei. Ba wó taa ye á dona mo ye ba daane abam dedɛ. Ba jwona yam de maa wó ja abam ne kalanchorro tei.”
4Isarele tiina bam na nigi maleka kam taane dem to, mo ba maama mage ni ye ba keera. 5Ba ma bwoŋi jei sem konto yere we Bokim. Ba déem ma ke kaanem dáane ba pa Baŋa Wɛ.
Josua toone
6Josua déem ta na ŋwe to, o ma pa Isarele tiina bam chwoŋa se ba viiri. Nɔɔno maama ma vo se kotu jwoŋi o tega popɔra o taa tei. 7Josua ŋwea maŋa kam maama ne, Isarele tiina bam déem toŋe ba tɔge Baŋa Wɛ boboŋa mo. Ba nakwa badwonna de déem dɛ ba na Baŋa Wɛ na ke wo-kenkagela yalo o pa Isarele dwi tiina nam to. Josua na tega ye banto ta ŋwe maŋa kalo to ne, Isarele tiina bam ta tɔge Baŋa Wɛ de chega mo.
8 Baŋa Wɛ tontoŋeno Josua na ye Nun bu to déem nɛ bena bi dedaane fuga mo ye o laam te. 9Ba déem ma kwei‑o ba suli o tete tega kam ba na pɔɔre ba pa‑o to ne. Ka wo Timinaf-Heresa ne mo, Efrayim zwonnu laŋa kam ne. Ka déem maŋe dedaane Gaasa Peo kom baŋa seeni mo.
10Banto dwi dem maama ma te ba ti. Dwi dedwoŋi déem daa ma zaŋe Isarele wone. Banto yeiri Baŋa Wɛ wom ye ba wo lɔre kolo de kolo maama o na ke o pa Isarele dwi tiina bam to. 11Isarele tiina bam déem ma toŋe lwarem ba chɔge Baŋa Wɛ yiga, ye ba bobo se ba taa kaane Baal jwona yam. 12Ba déem nwoŋi Baŋa Wɛ wom na ye ba nabaara Wɛ ye o ja-ba o ja o nwoŋi Ejipti ne to kwaga ne mo, ye ba daare ba sɛ nɔn-dwoa balo na gilimi-ba to jwona se ba taa kaana. Ba kikia yam konto déem ma pa se Baŋa Wɛ bane zaŋe, 13ba na ve wonto ye ba daare ba tɔge Baal dedaane Asetare jwona yam to ŋwaane. 14Baŋa Wɛ déem tɔge o ban-zɔŋɔ kom ŋwaane mo o kwei Isarele tiina bam o yage venverena jeŋa ne, se ba bɛɛse-ba, ye o daare o ke-ba ba dona balo na gilimi-ba to jeŋa ne, pa se ba ware ba dona bam se ba jeeri de jara. 15Isarele tiina bam déem ná yeini ba nwoŋi se ba ke jara, Baŋa Wɛ wó che-ba mo, nenɛɛne o na maŋe o lwoori yiga o kaane-ba we, o wó ke tei to. Isarele tiina bam maa tiini ba wo cham wone.
16Ko kwaga ne Baŋa Wɛ déem ta yeini o le jwoŋina mo o pa-ba. Jwoŋina bam laam mo daa yeini ba jwoŋi-ba ba yage venverena bam jeŋa ne. 17Konto maama wó ke, ye Isarele tiina bam ta lage jwona mo se ba taa kaana. Ba ba nege ba jwoŋina balo na tei-ba to. Ba maa yage chwei selo ba kwoa déem na tɔge to. Ba maa yeini ba yage Wɛ chwoŋa lela ye ba daa ba sɛ Baŋa Wɛ nia yam. 18Isarele tiina bam dona ná yeini ba pa se ko zo ba yera, Baŋa Wɛ déem yeini o ŋwane o pa-ba mo ye o toŋe jwoŋinu ba ŋwaane. Wɛ ma yeini o woli kotu pa se o jwoŋi-ba ba dona jeŋa ne o yage. Jwoŋinu wom ná wo tege, ko yeini ko zura mo ko pa Isarele tiina bam. 19Ko daare, jwoŋinu wom ná yɔɔre o te, ba daa yeini ba ywori mo ba to ba chwo-dwoi sem wone. Ba daa yeini ba ke lwarem mo ba dwoni ba kwoa bam kikia yam. Ba maa yeini ba jwoori ba zo jwo-kaanem wone, ye ba pa se ba wo dana de lwarem keim.
20 Baŋa Wɛ bane laam ma tiini de zaŋe de Isarele tiina bam ye o we:
“Nɔɔna banto yɔɔre ba chɔge ni-sɛɛm delo amo dedaane ba nabaara na ke daane to mo. Ba ta ma ve se ba sɛ amo ni dem. 21Konto ŋwaane amo daa bá zeili teene delo Josua na tege o daare ye ba wo di-de to. 22Amo wó yage se teene dem konto taa wora mo se a taa ma a faŋe Isarele tiina bam a nia, ba wó sɛ ba tɔge Baŋa Wɛ nenɛɛne ba kwoa bam na tɔge tei to, naa ba bá tɔge.”
23Konto ŋwaane mo Josua déem wo di teene dem konto maama. Josua toone dem kwaga ne de, Isarele tiina bam ta wo wane-de ba di lela, pa se teene dem tiina bam ta daare tega kam baŋa ne.",https://www.bible.com/bible/3661/JDG.2.KBG
YIGA TIINA 3,"Teene delo ta na daare se ba di to
1Isarele tiina badaara déem wo me de jara yalo na yeini ya ke Kanaan tega kam ne to. Mo kokuri Baŋa Wɛ pɛ se tega kam teene dedwonna daare, se o yeini o kwei-de o faŋe Isarele tiina bam o nia. 2Baŋa Wɛ déem lage se Isarele tiina bam maama mo me dedaane jara-keim, se ba kwaga kam na yeiri jara-keim to de taa yei ya laŋa. 3Balo na daare tega kam ne to maa ye: Filisi tiina de ba pwa banu bam, de Kanaan tiina bam maama, ko ta woli de Sidon tiina bam dedaane Hivi tiina balo na zoore Lebanon peero tem seeni, ko na zege Baal-Heremon Peo kom ne se ko yi Lebo-Hamafa seeni to. 4Teene dem konto ta daare se Baŋa Wɛ tɔge de baŋa ne o faŋe Isarele tiina bam o nii, ba wó tɔge o nia yam nenɛɛne Moses na maŋe o bere ba nabaara bam se ba taa ke tei to, naa ba bá tɔge.
5Konto to, Isarele tiina bam déem lɛɛre ba zoore dedaane Kanaan tiina bam, de Hiti tiina bam, de Amori tiina bam, de Pɛrizi tiina bam, de Hivi tiina bam dedaane Jebusi tiina bam mo. 6Ba na gwaane daane konto to, Isarele tiina bam déem ma sɛ se ba de teene dem konto tiina di da-bukwa. Ko déem dɛ chwoŋa kam konto mo ye ba bobo se ba taa kaane teene dem jwona yam.
Ofineli yera taane
7Isarele tiina bam déem tiini ba toŋe lwarem ba chɔge Baŋa Wɛ yiga. Ba swei ba Baŋa Wɛ wom swia, ye ba daare ba zuli Baal dedaane Asera jwona yam. 8Baŋa Wɛ bane déem ma tiini de zaŋe dedaane-ba. O ma pa pwola pa se Mesopotamia teo Pɛ Kusan Risatayim di-ba. Isarele tiina bam déem ma toŋe ba pa‑o bena nana. 9Ba ma kaase ba jare Baŋa Wɛ, pa se o le jwoŋinu o pa-ba. Ko nam ye Kenazi bu Ofineli mo. Kenazi de déem maa ye Kaleb nyaane. O ma seene o jwoŋi Isarele tiina bam o yage. 10Baŋa Wɛ jworo ma chu Ofineli baŋa ne de dam, pa se o ji Isarele tiina bam yiga tu. O déem ma jeeri Pɛ Kusan Risatayim de jara, ye Baŋa Wɛ kwei pɛ wom o ke o jeŋa ne, pa se o di‑o. 11Isarele tiina bam déem ma sii de jara se ko yi bena finna, ye Ofineli laam te.
Ehuda yera taane
12Isarele tiina bam déem daa ma tiini ba toŋe lwarem ba chɔge Baŋa Wɛ yiga. O ma pa pwola pa se Moaba teo Pɛ Egolon di-ba. 13Egolon ma sɔ ni dedaane Amon tiina bam de Amaleki tiina bam, ye ba vo ba kwaare jara de Isarele tiina bam. O déem ma vere Jeriko teo kom o tei. 14Isarele tiina bam ma toŋe ba pa Pɛ Egolon bena fuga-nana.
15Konto kwaga ne, Isarele tiina bam déem ma kaase ba jare Baŋa Wɛ, pa se o le jwoŋinu o pa-ba. Ko déem nam ye Gera bu Ehuda mo. Gera ye Benjamin dwi tu mo. Ehuda maa ye nɔn-gwia. Isarele tiina bam déem ma toŋe‑o se o ja pɛɛra o vo o pa Moaba teo Pɛ Egolon. 16Ehuda déem ma pa ba ke se-zɔɔ na jege nia yalei ba pa‑o. Ko dedɔrem maŋe dedaane jatwogo maŋem mo. O ma kuni-ko o yage o jazem chwei seeni, ye o daare o ma o gwaaro tem o kwoli-ko. 17Pɛ Egolon nam ya tiini o ye nɔn-zɔŋɔ mo. Ehuda ma yi o tei ye o kwei pɛɛra yam o pa‑o. 18O na pɛ pɛ wom o pɛɛra yam o ti to, mo o toŋe nɔɔna balo na dɛ ded‑o ba zeŋe-ya to se ba jwoori sɔŋɔ. 19Ehuda na yi mɛ ba na sare kandwa Giligal ne to, mo o tete zege dáane o jwoori Egolon tei ne ye o we, “Pɛ, amo jege taane mo se a seigi a ta a bere‑m.”
Pɛ wom déem ma pa o tontoŋena bam maama ni we, ba yage-ba ba yerane. Nɔɔno maama ma nwoŋi pwooni.
20Pɛ wom déem nam ya jei o yerane mo di-balaŋa na wo o sɔŋɔ kom nayuu ne to, ko na zura to ŋwaane. Ehuda ma yi o yera ye o ta o we, “Wɛ mo pɛ-ne kwora se a ta a bere‑m.” Pɛ wom ma zaŋe o zege wɛɛne. 21Ehuda ma kwei o jagwia kam o le se-zɔɔ kom na wo o jazem chwei ne to. O laam ma moore ko maama Egolon puga ne. 22Se-zɔɔ kom maama déem maŋe o puga kam ne mo de ko jeŋa kam maama ye ko bere ko ta ko nwoŋi o kwaga ne. Pɛ wom yera lara ma kwoli-ko. Ehuda ma yage-ko da. 23O ma pe nayuu diga kam ni o yage‑o da, ye o daare o nwoŋi o maa kɛa.
24O déem na kɛ o daare to, Pɛ wom tontoŋena ma di nayuu kom ye ba na we diga kam nia pe mo. Ba déem ma boŋe we o ga wora o zege nɛ mo ka wone. 25Ba na cheigi taa ko ba ko kɛ maŋa ye o ta wo pore diga kam to, mo ba beeri bwor-bu ba ma pore. Ba ma na we ba tu wom tege mo o tigi tega ne.
26Ba déem na cheigi taa se Pɛ wom pore to, dedaane Ehuda maŋe o duri o lu o gaale ba na sare kandwa yam mɛ to, o kɛ o yi Seyira teo kom. 27O na yi Efrayim zwonnu laŋa kam ne to mo o wugi nabɔnɔ se Isarele tiina bam maama nwoŋi se ba vo ba ke jara. O ma tɔge ba yiga o ja-ba o siseiri o tu zwonnu tem ne. 28O ma pa-ba ni we, “Ta‑á tɔge-na amo. Kokuri, Baŋa Wɛ mo kwei á dona Moaba tiina bam o ke á jeŋa ne, se á di-ba.” Nɔɔna bam maama ma tɔge Ehuda kwaga. Ba ma vo ba yi jei selo Moaba tiina na yeini ba tɔge-da ba bɛ Jɔdan buga kam to. Ba ma cheiŋi chwoŋa kam se nɔɔn-nɔɔno yé tɔge-da o kɛ. 29Dɛ dem konto ne, ba go Moaba tiina balo na tiini ba yei jara laŋa chekke to, ko maŋe de nɔɔna morro fuga mo, ye ba wolowolo wo lugi. 30Isarele tiina bam ma di Moaba tiina bam pa se ba toŋe ba pa-ba. Ba déem ma sii de jara se ko yi bena funɔnɔ.
Samgare yera taane
31Jwoŋinu wolo déem na saŋe o jwoŋi Isarele tiina bam o yage to mo ye Samgare. O déem ye Anafa bu mo. O ma kwei zaangwoli o ma go Filisi tiina bia yaredo.",https://www.bible.com/bible/3661/JDG.3.KBG
YIGA TIINA 4,"Debora yera taane
1Ehuda toone kwaga ne, mo Isarele tiina bam daa tiini ba toŋe lwarem ba chɔge Baŋa Wɛ yiga. 2Ba wɛleere dem konto ŋwaane mo Baŋa Wɛ pɛ chwoŋa se Kanaan teo Pɛ Jabin di-ba. Wonto déem wo Hazora teo ne mo ye o di o paare dem. Sisera mo wo o jar-keira bam yiga ne, ye o déem zoore Harosɛf-Hagoyim ne. 3Jabin déem jege sisei-torokooro bia nogo mo se o ma ke jara. Torokooro tem maa ye telo ba na mɛ luuru ba ke-te. O maa tiini o jege puseŋa o ke Isarele tiina bam yera ne bena finlei. Ba ma keeri ba jare Baŋa Wɛ se o jwoŋi-ba o yage.
4Wɛ sampwora kadwoŋi déem wora o yere mo Debora. O maa ye Lapidofa kaane. Wonto mo nii Isarele tiina bam baŋa ne da yam konto ne. 5O déem yeini o jei konkwara kadwoŋi kuri ne mo. Isarele tiina bam maama maa yeini ba tui o tei se o nii ba taane baŋa ne o pa-ba. Jei sem déem wo Efrayim zwonnu tem laŋa ne mo, ko maŋe de Rama de Bɛtel tetare ne. 6Dɛ dedwe mo o déem toŋe o bwoŋi Abinowam bu Baraki. Wonto nwoŋi Kedesa ne mo, Nafitali dwi dem wone. O ma ta‑o o we, “Isarele tiina Baŋa Wɛ wom pɛ nmo ni dento mo:
‘Véi n kuri nɔɔna morro fuga se ba nwoŋi Nafitali dedaane Zebulun dwia yam wone. Nmo laam ma‑n wó da ba yiga se á vo á jeeri Tabora Peo kom ne. 7Amo wó soge Jabin jar-keira bam yiga tu Sisera se o nwoŋi o vo o yi Kison buga kam o jeeri abam de jara. O wó taa jege o jara-keim torokooro tem dedaane o jar-keira bam maama. Amo nam wó ke-ba n jeŋa ne pa se n di-ba.’ ”
8Baraki ma leiri Debora o we, “Nmo ná sɛ se n da debam kwaga se dé vo, amo wó vo. Ko nam ná dae konto, amo de bá vo.”
9O ma leiri Baraki o we, “Amo wó tɔge‑m se dé vo. Nmo nam na jaane boboŋe delo to, n bá‑n na yere de ŋwaane, kokuri Baŋa Wɛ lage o kwei Sisera o ke kaane jeŋa ne mo se o go‑o.”
Debora déem ma zaŋe o tɔge Baraki ye ba vo Kedesa. 10Baraki ma bwoŋi jar-keira se ba nwoŋi Nafitali dedaane Zebulun dwia yam wone ba ba ba woli‑o. Bembɛ morro fuga ma nwoŋi ba da o kwaga. Debora de ma da o vo.
11Keni tu dedoa déem wora o yere mo Hebera. Wonto déem pwɛ o tete mo Keni tiina badwonna bam wone. Banto ye Hobabi dwi dem mo. Hobabi maa ye Moses dɔ. Hebera ya vei o chwi o vwei se ko maŋe dedaane tei-zɔŋɔ kom na wo Zaananim ne to. Ko déem bwola de Kedesa mo.
12Sisera déem ma ni we Abinowam bu Baraki vei Tabora Peo kom ne. 13O ma pa se o torokooro bia nogo dedaane o jar-keira bam maama zege Harosɛf-Hagoyim ne ba vo ba jeeri Kison buga kam ni ne. Torokooro tem maa ye telo ba na mɛ luuru ba ke-te to.
14Debora déem laam ma ta Baraki o we, “Zaŋe se dé kɛ! Baŋa Wɛ zem kwei Sisera mo o ke n jeŋa ne. Nam véi n jeeri‑o de jara, se Baŋa Wɛ mo lage o da n yiga.”
Baraki déem ma seene o ja o nɔɔna morro fuga pa se ba zege Tabora Peo kom yuu ne ba tu tega. 15Baraki na nwoŋi se o jeeri-ba to, mo Baŋa Wɛ pɛ se vuvuga to Sisera de o jar-keira bam tetare ne, dedaane ba torokooro tem maama. Sisera déem ma zege o toroko kom wone o faŋe o chu tega ne, ye o laam duri se o lu. 16Baraki ma pare ba jar-keira bam dedaane ba torokooro tem taa se ko vo ko yi Harosɛf-Hagoyim. O de o nɔɔna bam ma go Sisera jar-keira bam maama. Dedoa tete déem wo daare.
17Sisera déem ma duri de o napera o vo se o zo Keni tu Hebera kaane Jayeli vwei wone. O vei da kolo ŋwaane, Jabin de Hebera diga kam ni ywona daane mo.
18Jayeli déem ma nwoŋi se o jeeri Sisera, ye o ta‑o o we, “Amo tu, duri n ba n zo amo vwei dem ne. Yé ta‑n kɔre foone.” O déem ma duri o zo da, ye kaane wom de seigi‑o, o daare o kwei gwaaro o ma o kwoli‑o. 19Sisera ma ta de Jayeli o we, “Ja! Pa-ne na fee se a nyɔ, kokuri, na-nyɔm mo lage de go-ne.” O déem ma kwei loa de ka wo nayela o pa‑o se o nyɔ, ye o jwoori o kwoli‑o. 20Sisera ta ma ta‑o o we, “Ta‑n zege vwei dem ni ne n nia, se nɔɔno wolo ná tu o bwei we, nɔɔno wo ywo-seeni na, se n ta we, ‘Aawo’ ”
21Sisera déem na tiini o bugi to ŋwaane, o yɔɔre o dɔ mo o beiri. Jayeli déem ma kwei o vwei dem paare dedwe dedaane bagwori, o laam vwɛ o yi o yera o go‑o o tiŋi da. O déem page paare dem mo o da nɔɔno wom zwa-kwaale ne o ja tega ne.
22Baraki déem ma pare Sisera o yi vwei dem. Jayeli na nɛ‑o to, o ma jeeri‑o, ye o ta o we, “Ba n nii nɔɔno wolo n na kare n beeri to.” Baraki ma zo de Sisera tigi da, ye paare dem tɔge o zwa-kwaale ne de ja tega.
23Dɛ dem konto ne, Baŋa Wɛ ma pa se Kanaan teo Pɛ Jabin daa ba jege dam Isarele tiina bam baŋa ne. 24Isarele tiina bam déem ma tiini ba na dam, ye ba jege Jabin ba fe taa, se ko yi maŋa kalo ba na chɔge‑o ba ti to.",https://www.bible.com/bible/3661/JDG.4.KBG
YIGA TIINA 5,"Debora dedaane Baraki leiŋa
1Dɛ dem konto ne mo Debora dedaane Abinowam bu-baaro Baraki déem leeni leiŋa kanto we:
2Isarele tiina bembɛ mo jwoŋi yiga,
ye nɔɔna bam maama de sɛ ba nwoŋi se ba ke jara yam.
Baŋa Wɛ maŋe de tia mo!
3Abam pwa de dedɛɛra maama, cheigi-na,
se a leeni leiŋa a tei Isarele tiina Baŋa Wɛ wom.
Amo wó leeni a zuli Baŋa Wɛ mo!
4 Baŋa Wɛ, nmo déem zege Seyira laŋa ne n nwoŋi n beene!
Nmo yɔɔre n nwoŋi Edom ne mo n beene!
N na ma‑n beene to mo tega kam ziziŋi,
ye wɛyuu kom de maa chuura de na.
5Peero tem de dɔne mo Sinayi Tu Baŋa Wɛ yiga ne.
Te ma ziziŋi Isarele Baŋa Wɛ wom yiga ne.
6Maŋa kalo Anafa bu Samgare na nii tega kam baŋa ne to
ko woli dedaane Jayeli maŋa ne,
chwo-veila déem daa ba tɔge pempala ba via,
se ba tɔge chwo-balɛ yerane mo.
7Nɔɔna déem daa ba zoore Isarele teene nawuura yam ne ya,
se ko taa nii maŋa kalo Debora na nwoŋi
se o nii Isarele tiina bam baŋa ne,
ye o ye ba maama nu to.
8Isarele tiina bam déem na kuri se ba taa zuli wa-gɛ to,
jara mo to ba teene dem ne.
Ba jar-keira morro finna bam wone,
wɔ déem mo zei jara nantana naa chichwei?
9A wo mo dɛ Isarele bembɛ sem
de nɔɔna balo na sɛ ba tɔge ba ke jara to kikia yam.
Baŋa Wɛ maŋe de tia mo!
10Cheigi-na á nii,
abam balo na dɔge bonɛ-pwonnu baŋa ne
ye á jei pwal-laaro baŋa ne to,
ko woli de abam balo na vei tega ne to.
11Cheigi-na se á wó ni lei-mɔra na leeni ba ke sɔɔ tei to.
Ba kare ba tɛ Baŋa Wɛ na ke wo-kamunnu telo to.
Ba ta maa tɛ Isarele tiina bam na di ba dona tei to.
Baŋa Wɛ nɔɔna bam ma zaŋe ba teene dem wone
se ba jeeri manchwo-peena yam ne.
12Debora, zaŋe wɛɛne!
Zaŋe wɛɛne se n mɔ leiŋa
se nɔɔna sɛ.
Abinowam bu Baraki,
nmo de zaŋe wɛɛne,
se n ja balo n na di to n ja n viiri.
13Balo na daare ye ba jege chega to ma vo ba dedɛɛra bam tei.
Baŋa Wɛ nɔɔna bam ma da o ŋwaane
ba woli-ne se dé ke jara.
14Ba badwonna nwoŋi Efrayim dwi dem wone,
ba na ye balo na zeili Amaleki tiina ba tega kam ne to.
Ba maa tɔge Benjamin dwi tiina de ba chorro tem kwaga.
Jara yiga tiina de déem ma nwoŋi Makira ne ba ba.
Dedɛɛra badwonna de nwoŋi Zebulun ne ba jeeri.
15Isakara bembɛ sem ma tɔge Debora kwaga.
Chega to, Isakara nɔɔna bam de ma tɔge Baraki kwaga
ba yɔɔre ba tu bwolo kom ne mo se ba kwaare jara yam.
Ko nam ná ye Ruben dwi dem tiina,
banto ya ta jei boboŋa wone mo.
16Bɛŋwaane mo á maŋe kwaga ne ye á yere pei sem?
Á boŋe se á cheigi nayera na jege wi ba wui tei to mo na?
Chega ŋwaane to, Ruben dwi dem ya ta jei boboŋa wone mo.
17Gilead tiina bam de ma maŋe
Jɔdan buga kam wɛ-puli seeni.
Dan dwi tiina de ma maŋe kwaga ne de ba nabwooru tem.
Asere dwi dem déem ma maŋe naneo kom ni ne.
Banto wo nwoŋi ba teene dem ne.
18Ko daare Zebulun tiina bam dedaane Nafitali tiina bam
déem sɛ se ba ga ba ŋwea jara wone mo.
19Kanaan teene pwa bam nwoŋi se ba ke jara.
Ba ma kwaare jara Taanaka ne,
se ko maŋe dedaane Megido bwi sem.
Ba nam gɛ lu-nyenno wonnu se ba ja ba viiri.
20Wɛyuu chalechwe sem ma ke jara se vane Sisera.
Se kare wɛyuu kom maama ne mo se via,
ye se lɔ o kwaga ne.
21Kison na-ŋone sem ma chwooli-ba se ja viiri;
Kison bu-tola kam na wora taa wuu to mo konto.
Amo wó da konto ŋwaane a vo yiga mo de dam.
22Sisein-nɔɔna bam wurigi mo se maa kɛa.
Se napɔɔna yam maa guri tega.
23 Baŋa Wɛ maleka kam maa we:
“Sɔɔle-na lwarem á yage Meroza teo kom baŋa ne!
Sɔɔlem tiini de taa wo ko nɔn-bia bam de yuu ne,
kokuri, ba wo sɛ ba nwoŋi se ba woli Baŋa Wɛ,
se o nɔɔna bam wane ba jeeri ba dona babɛ sem jara wone.”
24Jayeli mo tiini o jege yu-ywoŋo kaana maama wone!
O maa ye Keni tu Hebera kaane
ye o jege yu-ywoŋo o dwoi kaana balo maama na zoore vwoa wone to.
25Sisera déem lwoori na mo se o nyɔ.
Jayeli ma kwei nayela o pa‑o.
O déem ma beeri veira zoŋa,
o ke nayel-pepala da o pa‑o.
26O déem zei vwei paare mo o jagwia ne,
ye o jazem dem jege bagwori.
O ma pa paare dem o lɔ Sisera yuu kom o chochoge.
Paare dem ma tɔge o zwa-kwaale ne de nwoŋi de ja tega.
27Sisera sesare mo o to tega ne o tiga.
O maŋe Jayeli nɛ seeni mo o te o tiga yiri-titi.
28Sisera nu maa zege o diga takworo ni ne o yere jei maama.
O ta ma leesi o nii chwoŋa ne ye o we,
“Bɛ mo ke pa se o dáane konto, ye o ta wo tu?
A ta wo nigi o toroko kom na maa beene to.
Bɛŋwaane mo o sisein-nɔɔna bam napɔɔna ta ba dɔna?”
29Kaana balo na zege o tei ne to ma leiri taane ba bere‑o,
ye o jege-de o ma zuri o bochare taa we,
30“Ba na dáane to, ba wora ba pɔɔre wonnu telo ba na vere jara wone to mo ba pae daane.
Jar-keiru maama bá ga kaane dedoa naa balei se o ja o jwoori sɔŋɔ.
Gare-nyenno maa wó taa ye Sisera nyem,
ye zambili-nyenno tem taa ye amo tete nyem.
Ko ye wonnu tento ŋwaane mo pɛ ba dáane.”
31 Baŋa Wɛ, sɛ se nmo dona maama te toone dem konto dwoŋi.
Ko daare balo na swoi nmo to,
pa se ba taa nyeena de dam
ne wea na nye de dam ka pulim maŋa ne tei to.
Isarele tiina bam déem ma sii de jara se ko yi bena finna.",https://www.bible.com/bible/3661/JDG.5.KBG
YIGA TIINA 6,"Gideon yera Taane
1Isarele tiina bam déem daa ma toŋe lwarem ba chɔge Baŋa Wɛ yiga. O ma kwei-ba o ke Midian tiina jeŋa ne, ye ba pa se ko zo Isarele tiina bam yera bena yarepɛ. 2Midian tiina bam maa dana ba dwoi Isarele tiina bam ye ba tiini ba bɛɛse-ba. Konto ma pa se Isarele tiina bam yeini ba beeri jei ba seiga peero yuni ne, de te bɔɔna wone, de te gugworru telo maama wone. 3Isarele tiina bam déem ná yeini ba du ba wo-dwa, Midian tiina bam wó tɔge de Amaleki tiina dedaane dwia yalo maama na zoore wɛ-puli seeni to mo ba ba ba jeeri-ba de jara. 4Ba déem tui ba jei Isarele tega baŋa ne mo, ye ba jaane wodiiru telo maama Isarele tiina bam na dugi to ba chɔga. Ba ma jaane-te ba chɔge konto ba tega kam maama ne taa, se ko yi Gaza seeni. Ba ta ma yeini ba vere ba pei, de ba naane, dedaane ba bonɛ, pa se Isarele tiina bam daa ba jege ba ni-wodiu. 5Midian tiina bam yeini ba ja ba vara mo ba ba ye ba daare ba chwi ba vwoa dáane. Banto de ba kona yam ni déem ware ko ga ko ti. Ba maa wó yeini ba meeli tega kam maama nenɛɛne kayere tei to, ye ba deilimi-ka nywa! 6Ba ma pa se yini-gwia tiini ka ja Isarele tiina bam pa se ba kaase ba jare Baŋa Wɛ se o jwoŋi-ba o yage.
7Isarele tiina bam déem na dɛ Midian tiina bam kikia ŋwaane ba keeri ba jare Baŋa Wɛ konto to, 8o ma toŋe sampwora kadwoŋi se ka ja kwora kanto ka vo ka pa-ba:
“Amo, Isarele tiina Baŋa Wɛ wom mo we, amo mo jaane abam a ja a nwoŋi Ejipti teo kom ne ye a vere abam a yage á kabɛɛne dem ne. 9A ma jwoŋi abam Ejipti tiina bam jeŋa ne a yage. A ta ma jwoŋi abam a yage nɔn-dwoa balo maama na bɛɛse abam to jeŋa ne. Amo ma zeili á dona bam pa se ba nwoŋi ba daare ba tega kam ye abam laam tei. 10A ma ta de abam we, ‘Amo mo ye abam Tu Baŋa Wɛ wom. Konto to, á ba jege se á zuli jwona yalo Amori tiina bam na zula ye á laam wo ba tega kam ne to.’ Abam nam wo sɛ amo kwora kam.”
11 Baŋa Wɛ maleka kam ma vo ka jei tei-zɔŋɔ kom na wo Ofera ne to kuri ne. Ko ye Abizeri tu Joasa nyem mo. O bu Gideon maa zege da o fere banina peo gwoŋo wone. Ba déem yeini ba nɔne Vini tio-bia mo gwoŋo kom konto wone. Gideon déem nam ke konto se o seigi mena yam Midian tiina bam yiga ne mo. 12Baŋa Wɛ maleka kam déem ma yi Gideon tei ne ka we, “Nmo tiini n ye bembea mo, ye Baŋa Wɛ de wo n tei ne.”
13Gideon ma leiri o we, “Amo tu, Baŋa Wɛ ná seene o wo dé tei ne, bɛ mo ye kikia yanto maama jege ya ke dé yera ne? Wo-kenkagela yalo dwi dé kwoa bam na maŋe ba bere debam we o toŋe ba tetare ne to daa wo yein-seeni mo? Ba déem ta bere debam we, Baŋa Wɛ mo jaane-ba o ja o nwoŋi Ejipti ne. Leile nam, Baŋa Wɛ dole debam mo o yage, o daare o ke debam Midian tiina bam jeŋa ne.”
14 Baŋa Wɛ tete déem laam ma pa Gideon ni o we, “Véi n ma n dam dento n na jege to n toŋe, se n jwoŋi Isarele tiina bam n yage Midian tiina jeŋa ne, se amo tete mo toŋe‑m.”
15Gideon ma leiri o we, “Amo Teiru, amo lage a ke tetɛ mo a jwoŋi Isarele tiina bam a yage? Debam diga kam mo tiini ka bwona Manasɛ dwi dem wone. Amo ta ma tiini a ye balaŋa dé diga kam nɔɔna maama wone.” 16Baŋa Wɛ ma leiri‑o o we, “Amo wó taa wo n tei ne, ye nmo wó chochoge Midian tiina bam maama nenɛɛne ba ye nɔɔno dedoa mo tei.”
17Gideon ma ta o we, “N yi ná seene de su amo kikia, se n ke wo-memaŋe n bere-ne. Konto wó pa se a lɔre we nmo Baŋa Wɛ mo ŋɔɔne de amo. 18Ja! Ta yé vei. Cheigi-ne se a vo a ja a pɛɛre a ba a pa‑m, se n laam kɛ.” Baŋa Wɛ de ma leiri o we, “Tɔ. A wó cheigi‑m, véi se n ba.”
19Gideon ma vo sɔŋɔ o saŋe bo-choa, ye o ta kwei muni kuriwaa bu dedoa o ma ke bworobworo kolo na ba jege sabɔle to. O ta ma ke nɔna yam tetɔgɔ wone ye o daare o lwo ya nyoa bam o ke kambia wone, o laam ja o vo o pa‑o tei-zɔŋɔ kom kuri ne.
20Wɛ maleka kam ma ta ded‑o ka we, “Kwei nɔna yam dedaane bworobworo kom n daŋe peo konto yuu ne, se n daare n lwo nyoa bam te baŋa ne.” Gideon ma seene o ke konto. 21Baŋa Wɛ maleka kam nam ya zei nacheiga mo o jeŋa ne. O ma kwei nacheiga kam ye o ma ka ni dem seeni o dwei nɔna yam dedaane bworobworo kom. Peo kom déem ma ja mini, ye de zwɛ te maama. Baŋa Wɛ maleka kam déem ma jei.
22Gideon déem ma maane we, ko ye Baŋa Wɛ maleka mo o nɛa. Foone ma tiini de zo‑o ye o laare we, “Yuu-tu Baŋa Wɛ, amo nɛ nmo tete maleka kam jaja.” 23Baŋa Wɛ ma ta‑o o we, “Pa n bochare zuri! Yé ta‑n fona, se n bá‑n te.”
24Gideon déem ma lɔ bimbini se o ma zuli Wɛ jei sem konto ne, ye o bwoŋi-de we, ‘Baŋa Wɛ ye Bochare-zuru Tu mo.’ Bimbini dem konto ta wo Ofera ne, mɛ na ye Abizeri sɔ-yuu tiina nyem to mo.
25Tete dem konto ne mo Baŋa Wɛ déem tage Gideon o we, “Véi n ja n kwo nabea kam, dedaane kadwoŋi na ye bena yarepɛ to, se n laam ma n gwɛɛne bimbini delo n kwo na kaane Baal de baŋa ne to n de tega ne. N ta wó gwoni Asera nyenyego daa kam na sale de yera ne to mo n de tega ne. 26Nmo ta jege se n zege zwoŋo konto yuu ne mo n lɔ bimbini delo na yɔɔre to n pa n Tu Baŋa Wɛ. Ta kwei Asera nyenyego daa kam n na gwoni to n ma n tɔre mini se n zwɛ nabea belei tu wom n kaane n pa Baŋa Wɛ.”
27Gideon déem ma le nɔɔna fuga o tontoŋena bam wone ye ba vo ba ke kolo Baŋa Wɛ na bere‑o se o ke to. O nam ya kɔre o chorro dedaane teo kom nɔɔna bam mo. Mo kokuri, o wo wane se o ke konto wea ne, ye o ke tete ne.
28Tega na poore tetete to, mo teo kom tiina zaŋe ba na we, Baal bimbini dem bwori mo de to tega ne. Ba ta nɛ we Asera nyenyego daa kam de gwoni mo ya ka daa tera. Ba ta nɛ we nɔɔna kwei nabea balei tu wom ba ma ke kaanem ba yage bimbini delo ba na lɔge ba zege to baŋa ne. 29Ba ma bwɛ daane ba we, “Wɔ mo ke tento?” Ba na yɛ ko wone to mo ba maane we, ko ye Joasa bu Gideon mo ke keim dem.
30Teo kom nɔɔna bam ma vo Joasa tei ba ta ba we, “Pa se n bu wom nwoŋi o ba ywo-seeni se dé go‑o, kolo ŋwaane, o vaare Baal bimbini dem mo o de tega ne, ye o daare o gwoni Asera nyenyego daa kam na yeiri de yera ne to o woli da.”
31Joasa déem ma ta de balo maama na tu ba ta taane ba bere‑o to o we, “Abam wó wane Baal jaŋa á jwoŋi á jaŋe á pa‑o na? Wolo maama na wó jaŋe o pa Baal to wó te mo se tega laam poore. Baal ná seene o ye wɛ, yage-o-na se o tete jaŋe o jaŋa, kokuri to, wonto bimbini mo ba vaare ba de tega ne.” 32Ko na zege dɛ dem konto ne to, mo ba lɛɛre ba jege Gideon ba bwoi we ‘Jerubi-Baal’. Kokuri to o kwo Joasa ya tage o we, “Yage-na se Baal tete jaŋe o jaŋa, ko na ye wonto bimbini dem mo ba vaare ba de tega ne to ŋwaane.”
33Midian tiina bam, de Amaleki tiina bam dedaane dwia yalo maama na zoore wɛ-puli seeni to déem ma woli daane, ye ba bɛ Jɔdan buga kam ba vo ba chwi ba vwoa Jezerele bwolo kom wone. 34Baŋa Wɛ jworo ma chu Gideon baŋa ne dedaane dam. O ma wu nabɔnɔ o bwoŋi Abizeri sɔ-yuu kom o ke daane se ba tɔge o kwaga. 35O ta ma toŋe kwora o bwoŋi Manasɛ tiina bam maama se ba nwoŋi jara ŋwaane. O kwora kam déem ta yi Asere tiina bam, de Zebulun dedaane Nafitali tiina bam. Ba maama ma nwoŋi ba pɛ o kwaga ba pu.
36Gideon déem ma lwoori Wɛ o we, “A lage se a lɔre n na gwoni ni de amo we nmo wó tɔge amo baŋa ne n jwoŋi Isarele dwi tiina n yage to wó seene ko ji chega mo na. 37Tankɔlɔ mo tento a lage a tiŋi mɛ dé na fere mena to. Tega ná poore, ye nyɔnɔ ná bugi tankɔlɔ kom yerane, ye tega kam ná koga, mo a wó lɔre we nmo wó seene n da amo baŋa ne n jwoŋi Isarele tiina n yage nenɛɛne n na tage tei to.” 38Ko déem seene ko ke konto mo. Tega na poore to, Gideon ŋoke na mo tankɔlɔ kom yera ne o su zoŋa.
39Gideon daa ma lwoori Wɛ o we, “Yé pa se n bane zaŋe de amo. Sɛ se a ta faŋe‑m a nii de woŋo dedoa. Pa se tankɔlɔ kom yera ne ko, se nyɔnɔ bugi tega kam maama.” 40Tete dem konto ne Wɛ ta ke konto mo. Tega na poore to, tankɔlɔ kom yerane mo koga, ye tega kam maama bugi de nyɔnɔ.",https://www.bible.com/bible/3661/JDG.6.KBG
YIGA TIINA 7,"Gideon kwaare jara de Midian tiina
1Tega na poore to, Gideon dedaane o jar-keira bam ma zaŋe zezeŋa ne ba vo ba chwi ba vwoa Haroda buli-yi dem seeni. Midian tiina bam déem wo baŋa seeni mo. Ba de ma chwi ba vwoa bwolo kolo na wo Morɛ zwoŋo kom teiŋa ne to wone. 2Baŋa Wɛ déem ma ta Gideon o we, “Nɔɔna balo na tɔge nmo kwaga to tiini ba daga. A ná di Midian tiina bam a pa‑m, nɔɔna bam wó taa jege kamunim ba pae ba tete we banto mo di-ba. Ba bá pa a na a zula. 3Konto to, ta n bere nɔɔna bam maama we, wolo ná fona, se kotu jwoori o viiri o daare debam.” Nɔɔna morro finlei-telei (22,000) ma jwoori sɔŋɔ, ye morro fuga (10,000) maŋe Gideon tei ne.
4 Baŋa Wɛ ta ma ta Gideon o we, “N nɔɔna bam ta tiini ba daga dedɛ. Ja-ba n vo buga kam seeni se a pɔɔre balo na wó tɔge nmo to a pa‑m. Amo na wó ta wolo we, o da dede‑m se á vo á kwaare jara yam to mo wó vo, se a ná we wolo bá vo, kotu dae se o tɔge.”
5Gideon ma ja nɔɔna bam maama o vo buga kam. Baŋa Wɛ laam ma ta‑o o we, “Maane balo na wó lagese na bam nenɛɛne kukura na ke tei to, dedaane balo de na wó kuni ba nadwoona tega ne ye ba nyɔ na bam to, se n pɔɔre-ba daane.” 6Konto na ke to, nɔɔna bia yatɔ (300) déem mo mɛ ba je ba kase na bam ba nyɔ. Balo maama na daare to kuni dwoona mo tega ne ye ba nyɔ na bam.
7 Baŋa Wɛ laam ma ta Gideon o we, “Amo lage a tɔge nɔɔna bia yatɔ yanto baŋa ne mo a jwoŋi n nɔɔna bam maama a yage, se a daare a kwei Midian tiina bam a ke n jeŋa ne se n di-ba. Ta balo maama na daare to se ba jwoori sɔŋɔ.” 8Gideon déem ma pɔɔre nɔɔna bia yatɔ yam se ba taa wo o tei ne. O ma pa se Isarele tiina balo na daare to jwoori ba viiri. O déem ma jwoŋi ba zela dedaane ba nabwanno tem o pa balo na daare ba maŋe o tei ne to. Midian tiina bam nam ya tigi bwolo kom ne ye ba wo Gideon de o nɔɔna bam kuri seeni mo.
9Tete dem konto ne, Baŋa Wɛ ma ta Gideon o we, “Zaŋe n vo Midian tiina bam na tigi mɛ to n kwaare jara de-ba, se a lage a kwei-ba a ke n jeŋa ne mo. 10Nmo nam ná fona se n jeeri-ba de jara mo, se n zaŋe n tɔge dedaane n tontoŋeno Pura se á vo da á nii. 11Nmo ná yi ba tei ye n ni ba lara yam, nmo wó na baare se n jeeri-ba.” Gideon dedaane o tontoŋeno Pura ma da daane ba vo ba dona bam vwoa yam ni seeni. 12Midian tiina bam, dedaane Amaleki tiina bam, de wɛ-puli seeni nɔɔna bam maama ya jare ba tete mo bwolo kom tega ne, nenɛɛne kayere na tiini se yo tei to. Ba kona yam kɔgɔ de maa tiini ya gaale nenɛɛne naneo ni kasolo na daga tei to.
13Gideon déem yi da o maŋe, dedaane nɔɔno mo wora o tɛ o dendwɛ o bere o dwoŋi. Kotu maa we, “Amo dwɛ we bworobworo mo bibili ko zo debam na tigi mɛ tento to, ye ko laam mage vwei dedaane dam pa se de pipiri de pu tega ne.” 14O dwoŋi wom ma leiri‑o o we, “Konto maama tɛ Joasa bu Gideon se-zɔɔ kom taane mo. O ye Isarele tu mo, ye Wɛ pa‑o dam se o di Midian tiina dedaane debam jar-keira bam maama!”
15Gideon na nigi dendwɛ dem dedaane de kuri o ti to, mo o kuni nadwoona o zuli Baŋa Wɛ. O laam ma jwoori Isarele jar-keira bam na wo mɛ to, ye o ta-ba o we, “Zaŋe-na wɛɛne, se Baŋa Wɛ lage o pa se á di Midian tiina bam mo.” 16O déem ma pɔɔre o jar-keira bia yatɔ bam kuni betɔ. O ma pa nɔɔno maama nabɔnɔ. O ta ma pa se kotu zei mini ye kamɔgɔ laam kwoli-de. 17O ma pa ba maama ni o we, “Tɔge-na amo kwaga se á maane á nii amo na wó ke tei to. Amo ná yi dé dona bam tiga jei sem ni, ye a ke kolo maama, se abam de ta‑á nii-ne ye á daare á de ke konto. 18Amo dedaane balo na wo a tei ne to wó wu dé nabwanno tem. Abam ná nɛ konto, se á de wu á nabwanno tem á kaare dé dona bam tiga jei sem maama ne. Á laam maa wó laare wɛɛne we, ‘Baŋa Wɛ ŋwaane, dedaane Gideon ŋwaane!’ ”
19Ko déem na yi tete-koro maŋa kalo Midian tiina yerena bam na leiri daane to, mo Gideon dedaane nɔɔna bi delo na wo o tei ne to vei ba yi ba dona bam vwoa yam ni. Ba ma wu ba nabwanno tem, ye ba daare ba lɔ ba kamwaro tem ba na zei to. 20Gideon nɔɔna bam popɔra kuni betɔ kom maama déem mo wugi ba nabwanno, ye ba daare ba lɔ ba kamwaro tem. Ba déem ma zei mini ba jagwia seeni, ye ba nabwanno tem wo ba jazem seeni. Ba laam ma laare wɛɛne we, “Se-zɔɔ kom ye Baŋa Wɛ ŋwaane dedaane Gideon ŋwaane mo!” 21Nɔɔna bam maama maŋe mɛ ba na zege konto to mo ba kaare ba dona bam ba ke tetare ne. Ba dona bam maa kare ba chwoosi ye ba duri se ba lu.
22Maŋa kalo Gideon nɔɔna bam na jege ba nabwanno tem ba wui konto to, dedaane Baŋa Wɛ pɛ se ba dona bam mo kwei ba se-zɔɔro ba beeri da-jei se ba go. Midian tiina jar-keira bam déem kwei Zerera chwoŋa kam mo ba duri ba vo ba yi Bɛte-Sita. Ba ta ma yi Abel-Mehola na bwola dedaane Tabafa to. 23Isarele tiina balo na nwoŋi Nafitali dwi wone, de Asere dwi wone, de Manasɛ dwi dem maama wone to ma nwoŋi ba pare Midian tiina bam, ne ba na jwoŋi ni se ba ke tei to. 24Gideon déem ta toŋe nɔɔna mo Efrayim zwonnu laŋa kam maama ne se ba ta-ba we, “Nwoŋi-na á ke jara dedaane Midian tiina bam. Che-na Jɔdan buga kam dedaane bu-tole sem se ko yi Bɛte-Bara seeni. Yé pa-na se Midian tiina bam na pwola ba bɛ bwi sem.”
Efrayim tiina bam déem ma seene ba nwoŋi ba che Jɔdan buga kam de bu-tole sem nia maama, se ko yi Bɛte-Bara. 25Ba déem na zeili Midian tiina bam to, mo ba jaane ba yiga tiina balei. Oreba dedaane Zeebi mo konto. Oreba peo kom ne mo ba déem go Oreba, ye ba daare ba go Zeebi mɛ ba na nɔne Vini tio-bia to ye ba bwoi-ko we ‘Zeebi nɔnem jeiga’.
Ba déem ma gwoni Oreba dedaane Zeebi yuni tem ba le ye ba ja-te ba vo ba pa Gideon. Maŋa kam konto ne, dedaane Gideon zoore Jɔdan buga kam wɛ-puli seeni mo.",https://www.bible.com/bible/3661/JDG.7.KBG
YIGA TIINA 8,"Gideon di Midian tiina bam o ti
1Efrayim tiina bam déem ma yi Gideon tei ye ba ŋwaana ba we, “Bɛŋwaane mo n ya wo bwoŋi debam se dé de nwoŋi dé tɔge dé ke jara de Midian tiina bam? Bɛ mo dé ke‑m ye n ke debam konto?” Ba déem ma tiini ba bwɛ‑o.
2O ma leiri-ba o we, “Amo na ke tei to wo yi kolo abam na ke to. Abam Efrayim tiina na toŋe fenfee kolo to daga ko dwoi amo diga kam maama na ke tei to. 3Kolo ŋwaane, Wɛ woli abam pa se á go Midian dedɛɛra balei bam, Oreba dedaane Zeebi. Amo na ke tei maama to yi konto na?” O taane dem konto ma pa se ba bane dem zuri.
Zeba dedaane Zalemuna taane
4Konto maama dedaane Gideon dedaane nɔɔna bia yatɔ bam laam yi Jɔdan buga kam mo ye ba bɛ-ka. Ba ma tiini ba bugi ye kana de chɛ-ba. 5O ma ta Sukofa tiina bam o we, “Ja! Pa-na a kwaga tɔgena bam bworobworo se ba di, kolo ŋwaane ba tiini ba bugi mo. Dé wora dé pare Midian pwa Zeba dedaane Zalemuna mo se dé ja.”
6Sukofa teo nakwa bam ma leiri ba we, “Abam ta wo jaane Zeba dedaane Zalemuna á ke á jeŋa ne, ye n lage se dé pa n jar-keira bam bworobworo. Dé bá sɛ.”
7Gideon daa ma ta-ba o we, “Á na tage konto dwoŋi to, Baŋa Wɛ nam ná pɛ se dé ja Zeba dedaane Zalemuna, amo wó kwei kagoa yuu sabare mo a ma a fere abam!”
8O na zege dáane to, o vei Peneli mo. O ta ma lwoori-ba nenɛɛne o ya na ke tei Sukofa ne to. Peneli tiina bam de déem ta leiri‑o Sukofa tiina bam leira yam dwoŋi mo. 9O ma ta ba de o we, “Amo ná di pwa bam ye a jwoori de yazura, a lage a vaare á di-dedɔrɔ konto mo a de tega ne!”
10Zeba de Zalemuna dedaane ba jar-keira bam déem ma vo ba wo Karekore ne. Nɔɔna balo maama na nwoŋi wɛ-puli jei sem se ba ke jara to laam daare nɔɔna morro fuga-tenu (15,000) yerane mo, kokuri ba nɔɔna morro bi dedaane finlei (120,000) mo tega jara yam wone. 11Gideon déem ma kwei pipiu tiina chwoŋa kalo na tigi Noba dedaane Jogebeha wɛ-puli seeni to, o vo o dare o dona bam de jara. 12Midian pwa balei bam, Zeba dedaane Zalemuna ma zaŋe ba duri se ba lu. Gideon de o nɔɔna bam ma pare-ba ba ja. Konto ma pa se vuvuga to ba dona bam maama tetare ne.
13Gideon ma zege jara jei sem ne o maa jwoori sɔŋɔ. O nam ya tɔge Heresa zwonnu tem sisworo chwoŋa kam mo. 14Ba na maa kɛ to mo ba nɛ Sukofa tiina nɔn-doŋo dedoa. Gideon ma ja‑o se o bwei‑o teo kom yiga tiina bam bwia. Nɔn-doŋo kom ma popone ba nakwa fuserepɛ barepɛ bam yera o pa‑o. 15Gideon ma vo Sukofa tiina bam tei o ta-ba o we, “Nam nii-na Zeba de Zalemuna mo tento! Abam ya ve se á woli-ne ye á ta we, ‘Nmo ta wo jaane Zeba de Zalemuna, ye n lage se dé woli n nɔɔna bam na bugi to de bworobworo.’ ” 16O ma pa se teo kom nakwa bam nwoŋi pwooni, ye o kwei kagoa yuu sabare o ma fere-ba. 17O ta ma vo o vaare Peneli di-dedɔrɔ kom o de tega ne, ye o daare o go teo kom konto nɔɔna bam.
18Gideon laam ma bwei Zeba de Zalemuna o we, “Nɔɔna bera dwi mo abam déem goa Tabora ne?” Ba ma leiri‑o ba we, “Ba ye nenɛɛne nmo na ye tei to mo. Ba maama nye de pa-bia mo.”
19O daa ma ta-ba o we, “Nɔɔna balo á na go konto to ye amo chorro mo, amo tete nu-bia. Ŋwea Tu Baŋa Wɛ wó zege amo chega kam kwaga ne we, abam ya ná wo go-ba, amo de ya wó yage abam.” 20Gideon ma ta o bu-kwea Jefere o we, “Véi n go-ba!” Bu wom maa wo sɛ se o le o se-zɔɔ kom, o ta na ye bu ye foone jege‑o to ŋwaane.
21Zeba dedaane Zalemuna déem ma ta Gideon ba we, “Nmo tete yi n go debam, kokuri to, nabiinu na ye tei to, o dam de mae konto mo.” Gideon ma seene o vo o go-ba. O ma daare o le lu-nyenno telo na wo ba kona yam ba ne to o ja o viiri.
Gideon na ke jwoni delo to
22Ko na ke fee to, mo Isarele tiina bam vei ba ta de Gideon ba we, “Debam lage se nmo mo di paare dé baŋa ne, se n bu dedaane n naa de jwa di paare dé baŋa ne. Kokuri, nmo mo jwoŋi debam n yage Midian tiina bam jeŋa ne.”
23Gideon déem ma leiri-ba o we, “Amo bá sɛ se a di paare á baŋa ne. A bu de nam bá di abam paare. Baŋa Wɛ mo wó taa ye abam Pɛ.” 24O laam ma ta-ba o we, “Woŋo dedoa a na wó lwoori abam se á ke á pa-ne to mo tento: nɔɔno maama pa-ne sabu-seŋa zwa-kwane dedoa se ko nwoŋi wonnu telo o na jwoŋi dé dona bam tei ne to wone.” Kokuri to, Midian tiina bam déem yeini ba lei zwa-kwana mo ba zwa ne, ba na ye Isameli dwi tiina to ŋwaane.
25Nɔɔna bam déem ma leiri ba we, “Dé sɛ de wopwolo.” Ba ma lware gare-jale tega ne pa se nɔɔno maama kwei zwa-kwane dedoa o na jwoŋi ba dona bam jeŋa ne to o de da. 26Gideon na tɔge ko baŋa ne o na sabu-seŋa kalo to daga dedɛ, se ko maŋe de kilo finlei to. O ta ma na lu-nyenno wonnu de zambili-laaro, ko woli dedaane nenɔŋa gwaaro telo Midian pwa na zoore to, de wo-laaro telo ba na de ba kona yam ba ne to. 27Gideon ma kwei sabu-seŋa kam konto o ma o mɔɔne kaanem gare-wogo nyenyego o zege o tete teo Ofera wone. Isarele tiina maama ma dole ba chega de Wɛ ba yage, ye ba daare ba zuli nyenyego kom. Ko ma lɛɛre ko ji kalanchogo kolo na jaane Gideon de o sɔŋɔ tiina to, pa se ba da ko ŋwaane ba tusi dedɛ.
Gideon toone
28Isarele tiina bam déem yɔɔre ba di Midian tiiina bam mo lanyerane, pa se Midian tiina bam daa ware-ba se ba daane. Gideon ta na ŋwe to, Isarele tiina bam déem ma sii de jara se ko yi bena funɔnɔ.
29Joasa bu Gideon ma jwoori o tete sɔŋɔ o zoore da. 30O bu-baara maa ye fuserepɛ, kokuri to, o kaana daga dedɛ. 31O ta jege ka-bia kadwoŋi Sɛkɛm ne. Kaane wom ma lo bakeira o pa‑o, ye o de pa bu wom yere we Abimeleka.
32Gideon kwe lanyerane mo ye o laam te. Ba ma suli‑o o kwo Joasa yibeeli dem wone. De déem wo Abizeri dwi tiina teo Ofera ne mo.
33Gideon na yɔɔre o te to, mo Isarele tiina bam daa dole ba chega de Wɛ ba yage, ye ba jwoori ba kaane Baal jwona yam. Ba vei ba kwei Baal-Berifa mo se jwoni dem konto taa ye ba wɛ. 34Isarele tiina bam ma yɔɔre ba swei Baŋa Wɛ swia. Wonto nam ya mo jwoŋi-ba o yage ba dona balo maama na gilimi-ba to jeŋa ne. 35Ba maa wo ke lanyerane de Gideon sɔŋɔ tiina bam, de wo-laaro telo maama o na ke o pa-ba to de.",https://www.bible.com/bible/3661/JDG.8.KBG
YIGA TIINA 9,"Abimeleka yera taane
1Gideon bu Abimeleka déem ma vo Sɛkɛm. O nabanna maama déem wo dáane mo. O ma ta de o nu wom chorro tem maama o we, 2“Véi-na á ta Sɛkɛm tiina nakwa bam maama we, ‘Kɔ mo gara? Gideon bia fuserepɛ bam maama ná nii á baŋa ne mo gara, naa nɔɔno dedoa ná nii abam baŋa ne mo gara?’ Yé swei-na we, amo de abam ye jana dedaane yera dedoa mo.”
3O nabanna bam déem ma vo ba jeeri Sɛkɛm nakwa bam dedaane taane dem konto. Ba maama ma boŋe ba ja se ba tɔge o kwaga, kokuri to Abimeleka ye ba choro mo. 4Ba ma le lu-nyenno sabu-dala fuserepɛ Baal-Berifa diga kam ne ba pa‑o. Abimeleka ma kwei sabu kom o ma ŋwe nɔn-yɔɔro tedwonna se ba taa tɔge o kwaga. 5O déem ma vo Ofera teo kom o zo o kwo sɔŋɔ. O ma ja o chorro tem fuserepɛ na ye Gideon bia to o daŋe pelɔrɔ baŋa ne, ye o go ba maama. Gideon jeŋa-bu Jotam ma duri o seigi pa se wonto yerane lu o jeŋa ne. 6Sɛkɛm tiina bam maama dedaane Bɛte-Millo tiina bam laam ma jeeri daane tei-zɔŋɔ kom na wo Sɛkɛm ne to kuri ne ba tiŋi Abimeleka paare.
7Jotam déem ma ni kolo maama na ke to. O ma vo o zege Gerizim peo kom yuu ne, ye o tiini o laare o we:
“Sɛkɛm tiina bam, cheigi-na a taane dento, se Wɛ de wane o cheigi abam taane. 8A sensɔla kampwo! Teeni déem mo beeri wolo na wó di paare de baŋa ne to. De ma ta Olivi tio kom de we, ‘Ta‑n di paare dé baŋa ne.’ 9Olivi tio kom ma leiri-de ko we, ‘Amo nuga kam yeini ka pa se wa dedaane nabiina maama mo na zula lanyerane. A bá yage a nuga kam totoŋa se a ja a nɛ a ba a taa zuula teeni dedwonna dem baŋa ne.’
10Teeni dem daa ma vo kaporo tei ne de we, ‘Ba n ta‑n nii dé baŋa ne.’ 11Kaporo kom de ma leiri-de ko we, ‘Amo bia bam na jege sonno dedaane ywoni tei to, a bá yage-ba se a ja a nɛ a ba a taa zuula teeni dedwonna dem baŋa ne.’
12Teeni dem daa ma vo Vini tio kom tei de ta we, ‘Ba n ta‑n di paare dé baŋa ne.’ 13Vini tio kom ma ta ko we, ‘Amo bia bam na ke sana balo to yeini ba jaane wopwolo mo ba tui wa dedaane nabiina tetare ne. A bá yage konto totoŋa se a daare a ja a nɛ a ba a taa zuula teeni dedwonna dem baŋa ne.’
14Teeni dem maama laam ma ga ga de ta sabare-mangwola de we, ‘Ba n ta‑n di paare dé baŋa ne.’ 15Sabare-mangwola kam déem ma ta teeni dem ka we, ‘Á boboŋa ná seene ya ja se á kuri-ne se a ji á pɛ, nam ba-na á dale amo woro kom ne. Ko nam ná dae konto, amo wó pa se mini nwoŋi sabare-mangwola kam ne ka zwɛ Lebanon Sedare teeni dem maama!’
16Tɔ. Abam na kuri Abimeleka se o ji á pɛ to, á tɔge boboŋ-laaro de chega chwoŋa mo na? Abam ta ke tento se á ma á zuli Gideon dedaane o sɔŋɔ tiina mo na? Abam na ke tei tento to maŋe de o totoŋa yam na ye tei to na? 17Ko ná ye amo kwo Gideon, wonto tiini o fere o tete á ŋwaane dedɛ. O déem toŋe o dole o ŋwea mo o yage, se o jwoŋi abam o yage Midian tiina bam jeŋa ne. 18Abam nam ke bɛ mo á pa amo kwo sɔŋɔ kom zem dɛ dento ne? Á zaŋe á go o bia fuserepɛ mo pelɔrɔ baŋa ne, ye á laam kuri o kaba-kana kam bu Abimeleka se o taa ye Sɛkɛm maama Pɛ, o na ye á choro to ŋwaane. 19Ko nam ná ye boboŋ-laaro de chega baŋa ne mo á tɔge á ke tento á pa Gideon dedaane o sɔŋɔ tiina bam zem dɛ dem dento ne, Wɛ wó pa se á ni ywoni Abimeleka ŋwaane. O de nam wó na wopwolo abam ŋwaane. 20Ko nam daa ná dae konto, se mini nwoŋi Abimeleka yera ne de zwɛ Sɛkɛm tiina nakwa bam dedaane Bɛte-Millo tiina bam kula! Mini ta maa wó nwoŋi Sɛkɛm dedaane Bɛte-Millo tiina bam de yera ne de zwɛ Abimeleka kula!”
21Jotam déem na tage konto o ti to, o ma duri o kɛ. O ma vo o yi Beeri teo ye o zoore dáane, o na kɔre foone de o choro Abimeleka to ŋwaane.
Abimeleka paare dim
22Abimeleka déem ma di paare Isarele ne bena yatɔ. 23Wɛ ma pa se ni-ba-ywoŋa zo Abimeleka dedaane Sɛkɛm tiina nakwa bam tetare ne. Ba déem ma lɔ o kwaga ne. 24Konto maama ke se ba maama mo na ba waarem, de ba na ke keim-lɔŋɔ ba go Gideon bia fuserepɛ bam to. Sɛkɛm tiina bam ya woli Abimeleka se o go-ba mo. 25Sɛkɛm tiina bam na lage se ba chɔge Abimeleka to, ba yeini ba pa se nɔɔna mo vo ba vwɛ peero tem seeni. Wolo maama laam maa ná yeini o tɔge dáane se o kɛ, venverena ma nwoŋi ba vere-ba. Abimeleka déem ma ni kolo maama na jege ko ke to.
26Ebedi bu Gaale déem ma tɔge dedaane o chorro tem o vo o wo Sɛkɛm ne. Sɛkɛm tiina nakwa bam maa jege o chega. 27Dɛ dedwe ba maama ma vo ba kare se ba gwori Vini tio-bia. Ba laam ma kwei-ba ba ma ke sana ba jege ba nyɔa, ye ba daare ba di ywoni. Ba déem ta zo ba jwoni dem diga mo ba ke kuri se ba zuli-de. Ba na wora ba di to, mo ba jege Abimeleka ba ke ba mɔna. 28Ebedi bu Gaale déem ma ta kɔgɔ kom o we, “Wɔ mo ye Abimeleka, se debam Sɛkɛm tiina taa toŋe dé pa‑o? Wonto dae Gideon bu mo na? O kwaga saŋeno dae Zebula mo na? Bɛ mo ye debam Sɛkɛm bia wó taa kɔre Abimeleka? Dé nam jege se dé toŋe dé pa dé kwo Hamora mo. 29Nɔn-kɔgɔ konto maama ya ná zege amo kwaga ne, a ya wó zeili Abimeleka. Amo ya wó ta‑o we, ‘N ná ye baaro, ke n jar-keira bam n ke daane se dé jeeri!’ ”
30Teo kom yuu tu Zebula déem na nigi Gaale taane dem konto to, mo o bane tiini de zaŋe. 31O ma seigi o toŋe nɔɔna Abimeleka tei ne se ba ta we, “Ebedi bu Gaale dedaane o chorro mo tu ba zoore ywo-seeni. Ba nam soge teo kom maama mo pa se ba lɔ nmo kwaga ne. 32Konto to, nmo dedaane n nɔɔna bam maama kwaane-na á ba tete ne á seigi teo kom pwola kam ne. 33Tega maa ná jege ka poora, se á zaŋe á pɔpɔ á zo teo kom wone. Gaale dedaane o kɔgɔ kom laam maa ná nwoŋi se ba jeeri abam, á wó wane á ke-ba á na lage tei to.”
34Abimeleka dedaane o jar-keira bam maama déem ma nwoŋi ba vo ba vwɛ Sɛkɛm pwola kam ne. Ba nam ya pɔɔre ba tete kuni bena mo. 35Tega na poore ye ba zaŋe mɛ ba ya na vwɛ to, dedaane Gaale nwoŋi o zege teo kom manchwo-peena ni ne mo. 36Gaale déem ma na-ba ye o ta Zebula o we, “Nii nɔɔna na zege peero tem seeni ba siseiri ba maa tu ywo-seeni!” Zebula de ma leiri‑o o we, “Peero tem lunlunnu mo nye de nabiina nmo yibia ne.”
37Gaale daa ma ta o we, “Ba seene ba ye nɔɔna mo, ye ba zege tega kam tetare seeni ba beena! Ba kɔgɔ dedoa de ma nwoŋi vora bam tei-zɔŋɔ kom seeni ba beena.” 38Zebula ma leiri o we, “Nmo ni-wɛɛle dem vei yeim mo? Nmo ya taga n su n ni mo we, Abimeleka ye wɔ mo se debam taa toŋe dé pa‑o? Nɔɔna banto mo n ya‑n gwooni to, laam nam nwoŋi n jeeri-ba de jara se dé nii!”
39Gaale ma da Sɛkɛm tiina bam yiga pa se ba nwoŋi ba kwaare Abimeleka dedaane jara. 40Abimeleka déem ma pare Gaale de o nɔɔna bam pa se ba duri. Nɔɔna dedɛ déem mo nɛ zonne se ko vo ko kwaare ba teo kom manchwo-peena yam ni ne. 41Abimeleka déem ma maŋe Aruma ne o zoora. Zebula de ma zeili Gaale dedaane o chorro tem pa se ba nwoŋi ba daare Sɛkɛm teo kom.
42Tega na poore to, Sɛkɛm tiina bam nwoŋi ba vo pwola kam ne mo. Abimeleka ma lɔre ko ni ne. 43O de déem ma ke o jar-keira bam daane, ye o pɔɔre-ba kuni betɔ. O ta ma vo o pa ba vwɛ pwola kam ne ye o cheigi Sɛkɛm tiina bam. Ba na nwoŋi teo kom ni ne ye o na-ba to, mo o zaŋe o jeeri-ba de jara. 44Abimeleka dedaane o kɔgɔ kom popɔra dedoa mo vei ba che teo kom manchwo-peene dem ba zega. Popɔre selei na daare o jar-keira bam wone to de laam ma duri ba vo pwola kam ne ba jeeri Sɛkɛm tiina bam, ye ba go-ba. 45Jara yam ke dɛ dem konto maama ne mo. Abimeleka ma kwaane o di teo kom. O ma vaare-ko o de tega ne, ye o daare o go ko nɔn-bia bam maama. O laam ma kwei yɛ o zezage teo kom tega kam baŋa jei maama ne.
46Teo kom nakwa balo na wo Sɛkɛm di-dedɔrɔ kom wone to déem ma ni ko na ke tei to. Ba ma duri ba zo El-Berifa di-yuu kom wone se ba seigi. 47Abimeleka ma lɔre ba na seigi mɛ to. 48O ma tɔge dedaane o nɔɔna bam maama o vo Zalemon peo kom yuu ne. O ma kwei dwooru o gwoni dɛ o daŋe o bakale baŋa ne, ye o ta o nɔɔna bam maama o we, “Kolo maama á na nɛ amo na ke to, se á de ke konto.” 49Ba maama ma gwoni tio nɛ ba zeŋe ba tɔge Abimeleka kwaga. Ba ma ja-te ba vo di-yuu kom teiŋa ne ba tigisi te maama ba yeiri ko yera ne. Ba laam ma zwɛ diga kam, pa se nɔɔna balo maama na wo Sɛkɛm di-dedɔrɔ kom wone to te nyɔ! Ba yi nɔɔna moro, baara dedaane kaana maama.
50Abimeleka déem ma vo o kaare Tebeza maama o pu, se o wane teo kom konto o di. 51Teo kom nam ya jege di-dedɔrɔ kolo na dana to. Nɔɔna bam maama, baara dedaane kaana, ko woli de teo kom nakwa bam maama ma duri ba vo ba zo diga kam. Ba ma fɔge ba pe ka ni dem ye ba daare ba di nayuu kom baŋa. 52Abimeleka ma vo o yi di-dedɔrɔ kom se o chɔge-ko. O na yi ko ni dem seeni se o zwɛ-ko to, 53kaane wodwoŋi ma zege nayuu kom ne o dole namin-kamunu o de o yuu ne o lɔ o yu-kwoli-champoa kam.
54Abimeleka ma bwoŋi nɔn-doŋo wolo na zei o jara-keim zela yam to o ta‑o o we, “Le n se-zɔɔ kom n ma n go-ne, se a ba lage se ba taa tɛ amo taane we, Kaane mo go-ne.” Nɔɔno wom de ma seene o zɔ‑o o go. 55Isarele tiina bam na nɛ we ba Pɛ Abimeleka tege to, ba maama ma jwoori ba vo ba sam.
56Wɛ déem nam tɔge chwoŋa kanto mo o ŋwe jene Abimeleka yera ne dedaane lwarem delo o na ke o kwo wom to. Kokuri to, o go o chorro fuserepɛ mo. 57Wɛ ta ma pa se Sɛkɛm tiina bam na ba totoŋ-lwanno tem ŋweero. Ko déem ke ko tɔge sɔɔlem delo maama Gideon bu Jotam na tage o pa-ba to mo.",https://www.bible.com/bible/3661/JDG.9.KBG
YIGA TIINA 10,"Tola yera taane
1Abimeleka toone kwaga ne mo Pua bu Tola déem tu o jwoŋi Isarele tiina bam o yage. O nwoŋi Isakara dwi dem ne mo, ye o kwo-nakwe yere ye Dodo. O maa zoore Efrayim zwonnu laŋa kam teo kodwoŋi ne, ko yere na ye Samira to. 2O nii Isarele tiina bam baŋa ne bena finlei-yatɔ mo, ye o laam te. Ba déem ma suli‑o Samira ne.
Jayira yera taane
3Wonto de toone kwaga ne mo Jayira tua o wora. O ye Gilead tu mo, ye o nii Isarele tiina bam baŋa ne bena finlei-yalei. 4O maa jege bu-baara fintɔ. Banto maa jege bonɛ fintɔ ba yeini ba diina. Ba daa ta maa jege teene fintɔ Gilead laŋa kam ne ba nia. De zem maama, nɔɔna ta bwoi teene dem we Havofa-Jayira mo. 5Jayira ma te, ye ba suli‑o Kamon ne.
Amon tiina bam na pɛ ko zo Isarele tiina bam yera tei to
6Isarele tiina bam déem daa ma toŋe lwarem ba chɔge Baŋa Wɛ yiga. Ba déem zuli Baal de Asetare jwona yam mo. Ba daa ta maa zuli jwona yalo na ye Aram tiina wa, de Sidon tiina wa, de Moaba tiina wa, ko kwei Amon tiina wa, dedaane Filisi tiina bam wa mo. Ba kikia yam konto ma pa se ba yage Baŋa Wɛ, ye ba daa ba zuli‑o. 7Baŋa Wɛ bane ma tiini de zaŋe dedaane Isarele tiina bam, ye o pa chwoŋa se Filisi tiina bam dedaane Amon tiina bam di-ba. 8Bene dem konto wone, ba pɛ se ko zo Isarele tiina bam yera mo, pa se ba teiŋa bugi. Ba ma bɛɛse Isarele tiina balo na zoore Gilead ne to bena fuga-nana mo. Jei sem konto maa wo Jɔdan buga kam bubɛ delo na jeeri wɛ-puli seeni to. Amori tiina bam na zoore mɛ seeni to mo konto. 9Amon tiina bam ma bɛ Jɔdan buga kam, ye ba ba ba ke jara dedaane Judah tiina bam, de Benjamin tiina bam, dedaane Efrayim tiina bam maama. Isarele tiina wo ma tiini ko pɛ. 10Isarele tiina bam ma kaase ba jare Baŋa Wɛ ye ba we, “Chega ŋwaane to, debam tusi mo n yiga ne, kokuri to dé yage nmo na ye debam Wɛ wom to mo ye dé laam vo dé zuli Baal jwona yam.”
11 Baŋa Wɛ déem ma leiri-ba o we, “Amo maŋe a wo jwoŋi abam mo a yage Ejipti tiina bam de Amori tiina bam de Amon tiina bam dedaane Filisi tiina bam jeŋa ne na? 12Ko ta ke konto mo ye Sidon tiina bam de Amaleki tiina bam de Midian tiina bam yaare abam. Á ma á keeri á jare-ne, ye a jwoŋi abam a yage ba maama jeŋa ne. 13Tento maama ke mo, ye á ta ve amo á daare á jege wa yadwonna á zula. Konto to, amo daa bá jwoŋi abam a yage. 14Véi-na á keeri á jare wa yalo á laam na kuri á pa á tete to, se ya jwoŋi abam ya yage á cham dem wone.”
15Isarele tiina bam déem ma ta Baŋa Wɛ ba we, “Debam ke wɛleere dedɛ. Ke n na lage tei to debam yera ne, se n jwoŋi debam n yage zem dɛ dento.” 16Ba laam ma dole ba wa-yɔɔro telo na wo ba tetare ne to ba yage, ye ba daare ba zuli Baŋa Wɛ. Baŋa Wɛ daa maa ware se o taa chem ye o nii Isarele tiina bam de ba cham dem.
Jefeta yera taane
17Amon tiina bam déem ma bwoŋi daane se ba kwaare jara de Isarele tiina bam. Ba ma vo ba chwi ba vwoa Gilead ne. Isarele tiina bam de ma ke ba tete daane ba jeeri Mizipa ne ba chwi ba vwoa da. 18Gilead nɔn-yum tem ma bwɛ daane we, “Wolo maama na sɛ se o da yiga o ja jara yam o jeeri Amon tiina bam to mo wó taa ye Gilead tiina bam maama yuu tu.”",https://www.bible.com/bible/3661/JDG.10.KBG
YIGA TIINA 11,"1Gilead tu Jefeta déem ye babea mo jara-keim laŋa ne. O nu maa ye ka-tola ye o kwo yere ye Gilead. 2Gilead kaane wom de déem loge bia ded‑o. Bia bam maa na ke nɔɔna to, mo ba zeili Jefeta ba yage gaao ne ye ba ta‑o ba we, “Dé kwo jejegero tem dae se nmo tɔge n jwoŋi te wone, nmo na ye ka-gaa bu to ŋwaane.” 3Jefeta ma duri o yage o chorro tem, ye o vo o zoore Toba teo ne. Paweero ma vo da ba sale o yera ne, pa se ba kare jei sem maama ba vere nɔɔna.
4Ko na ke fee to, Amon tiina bam ma kwaare jara dedaane Isarele tiina bam. 5Jara yam na zaŋe konto to, mo Gilead nakwa bam vei Toba se ba ja Jefeta ba jwoori. 6Ba ma ta‑o ba we, “Ba n to dé yiga ne, se dé vo dé ke jara dedaane Amon tiina bam.”
7Jefeta ma ta-ba o we, “Abam déem chuli-ne mo, ye á fe-ne á zeili se a nwoŋi a daare a kwo sɔŋɔ kom. Bɛŋwaane mo á cham maŋa ne á daa beeri amo jei?”
8Gilead nakwa bam ma leiri‑o ba we, “De konto maama de, dé pipiri dé beene nmo tei mo, se n tɔge dé yiga se dé ke jara dedaane Amon tiina bam. Konto kwaga ne, nmo laam wó ta‑n ye Gilead tiina bam maama yuu tu mo.”
9Jefeta ta ma bwei-ba o we, “Chega to, abam ná jaane-ne á jwoori se dé ke jara dedaane Amon tiina bam, ye Baŋa Wɛ ná kwei-ba o ke dé jeŋa ne pa se dé di-ba, á wó sɛ se a taa ye á yuu tu na?”
10Gilead nakwa bam ma leiri‑o ba we, “Baŋa Wɛ ye maana tu dé tetare ne we, debam sɛ se dé ke nmo na tage tei to.” 11Jefeta ma tɔge-ba o jwoori o vo Mizipa. Nakwa bam ma sɛ se o taa tei-ba, ye o daare o ye ba jara yiga tu. Jefeta na wo Mizipa ne to, o ma jwoori o ta o taane dem maama Baŋa Wɛ yiga ne.
12Jefeta déem ma toŋe kwora Amon tiina Pɛ wom tei ne o bwei o we, “Bɛ mo tigi debam laŋa ne pa se n ba se n ke jara dedaane debam?”
13Amon tiina Pɛ wom ma leiri Jefeta nɔɔna bam o we, “Maŋa kalo Isarele tiina bam déem na zege Ejipti ne ba beene to, ba vere a tega kalo na zege Aranon buga kam ne ka tole Jaboke buga kam, se ko taa vei Jɔdan buga kam maama to mo. Abam nam jege se á jwoori á pa-ne a tega mo de bochare-zuru.”
14Jefeta daa ma toŋe nɔɔna Amon tiina Pɛ wom tei ne dedaane kwora kanto:
15“Jefeta we, ko dae we Isarele tiina bam déem jwoŋi Moaba tiina dedaane Amon tiina tega mo. 16Kolo na wora to mo ye we, Isarele tiina bam na nwoŋi Ejipti ne to, ba kwei kagoa chwoŋa kam mo ba vo ba yi Nane-soŋo kom, ba zege dáane ba vo ba yi Kadese. 17Ba ma toŋe nɔɔna Edom Pɛ tei ne we, ‘Pa debam pwola se dé tɔge n tega kam baŋa ne dé kɛ.’ Edom Pɛ ma ve. Ba ta ma lwoori chwoŋa Moaba tiina Pɛ tei ne, ye o de wo sɛ se ba kɛ. Konto ma pa se Isarele tiina bam maŋe Kadese ne.
18Ba déem ma kare kagoa kam ne ba via, ye ba bebare Edom tega kam dedaane Moaba tega kam. Ba vei konto mo taa ba tɔge Moaba tega kam wɛ-puli seeni. Ba ma vo ba chwi ba vwoa Aranon buga kam bubɛ dedwoŋi dem ne. Ba wo zo Moaba laŋa kam, kokuri to Aranon buga kam mo ye Moaba laŋa kam siseini.
19Isarele tiina bam déem ma toŋe kwora Amori tiina Pɛ Sihon tei ne. Wonto ya jege o paare o di Hesebon ne mo. Ba maa we, ‘Pa debam chwoŋa se dé tɔge n tega kam baŋa dé vo dé teo.’ 20Sihon maa wo pɛ Isarele tiina bam chega se ba tɔge o tega kam baŋa ne ba kɛ. O ma ke o jar-keira bam o ke daane pa se ba jeeri Jahaza ne, ye ba laam ke jara dedaane Isarele tiina bam.
21Isarele tiina Baŋa Wɛ wom ma pa se Sihon dedaane o nɔɔna bam maama zo Isarele jeŋa pa se ba di-ba. Ko laam ma pa se Isarele dwi tiina jwoŋi Amori tiina na zoore tega kam konto ne to ba tei. 22Ba ma jwoŋi Amori tiina tega kam maama, ko na zege Aranon buga kam ne se ko tole ko yi Jaboke buga kam to. Ko daa ta zege kagoa kam ne se ko yi Jɔdan buga kam to.
23Chega ŋwaane to, Isarele tiina Baŋa Wɛ wom mo zeili Amori tiina bam ye o kwei ba tega o pa debam Isarele tiina bam. Chwoŋa kɔ mo á jega se á ma á jwoŋi-ka? 24Abam wɛ dem yere na ye Chemosi to na pɛ abam kolo se á ta‑á tei to, pa-na se á yi su-ko, se debam de wó taa jege kolo maama debam Tu Baŋa Wɛ na kwei o pa debam to mo. 25Nmo boŋe we n gare Zipore bu Balaki na ye Moaba tiina Pɛ to mo na? O wo sɛ se o dwoni dedaane Isarele tiina bam, naa se o jeeri-ba de jara. Ko dae chega na? 26Isarele tiina bam na zoore Hesebon de Arowa de de nawuura yam ne, ko woli de teene delo na wo Aranon buga kam bubɛ ne to zem jege bena bia yatɔ mo. Bɛ mo ye abam wo kwaane se á jwoori á jwoŋi teene dem konto? 27Amo wo ke kolokolo a chɔge n yiga. Nmo nam na kwaane n beeri jara dedaane amo to, n wo ke lanyerane. Baŋa Wɛ nam ye wolo na bore chega bora to mo. Wonto zem mo wó di bora Isarele tiina bam dedaane Amon tiina bam tetare ne.”
28Amon tiina Pɛ wom déem maa wo cheigi kwora kalo Jefeta na toŋe o pa‑o to.
29 Baŋa Wɛ jworo déem ma chu Jefeta baŋa ne de dam. O ma zaŋe o tɔge Gilead de Manasɛ laŋa kam maama o kɛ o yi Gilead teo Mizipa. O ma zege dáane o vo Amon tiina bam na gilimi mɛ to. 30Jefeta ma gwoni ni dedaane Baŋa Wɛ we, “Nmo ná kwei Amon tiina bam n ke amo jeŋa ne pa se a di-ba, 31a ná maa jwoori sɔŋɔ de yazura ye woŋo kolo maama na wó da yiga ko nwoŋi amo sɔŋɔ ne se ko jeeri-ne to wó taa ye nmo Baŋa Wɛ nyem mo se a ma a ke zwɛɛm kaanem a pa‑m.”
32Jefeta ma bɛ buga kam o vo se o jeeri Amon tiina bam de jara. Baŋa Wɛ ma kwei-ba o ke Jefeta jeŋa ne pa se o di-ba. 33O déem tiini o wane-ba mo se ko zege Arowa ne se ko tole ko yi Minifa laŋa kam maama. Teene finlei mo o dia o ta vo o yi Abel-Keramim ne. Ko dɛ chwoŋa kam konto mo ye Isarele tiina bam di Amon tiina bam.
34Jefeta déem ma jwoori Mizipa. Maŋa kalo o na yɔɔre o maa yi sɔŋɔ to, mo o bukɔ nwoŋi se o jeeri‑o. O jege senyɛ mo o wɔe ye o sae o jeeri o kwo wom. Bukɔ wom konto yerane mo Jefeta loga, bakeira naa busankana daa wo woli da. 35O maa na nɛ‑o to, mo o wo chɔge dedɛ. O ma kaare o gwaaro ye o laare o we, “A bukɔ, n go-ne! N tiini n ja cham n ba n pa-ne! Amo wuuri a gwoni ni dedaane Baŋa Wɛ ye a daa bá jwoori a ni dem kwaga ne.”
36Bukɔ wom de ma leiri o we, “A kwo, nmo na gwoni ni dedaane Baŋa Wɛ tei to, nam ma-ne n ke kolo n na tage de Wɛ we n wó ke to. Kokuri to Baŋa Wɛ pɛ se n ŋwe jene n dona Amon tiina bam baŋa ne.” 37O laam ma lwoori o kwo o we, “Amo nam lwoori‑m se n ke woŋo dedoa n pa-ne. Pa-ne pwola se a kwei chane selei a vo peero tem seeni, se a tɔge dedaane a yuudwonna a taa beera, se a keeri a na yeiri baaro ye a lage a te to ŋwaane.”
38Jefeta ma sɛ ye o we, “Tɔ. Nam véi!” O ma pa se o lage jei o vo o ke chane selei, wonto dedaane o yuudwonna maama. Ba ma maŋe peero tem laŋa ne ba keeri o na yeiri baaro ye o lage o te to ŋwaane. 39Chane selei sem déem na ti to, o ma jwoori o kwo wom tei. Jefeta ma kwei‑o o ke o na gwoni ni dedaane Baŋa Wɛ se o ke tei to ye bukɔ wom ta wo lɔre baaro.
Ko ma zege konto baŋa ne pa se Isarele tiina na chulu we, 40bene maama wone ba bukwa wó ma da yana mo ba nwoŋi ba keeri se ba guli Gilead tu Jefeta bukɔ wom gula.",https://www.bible.com/bible/3661/JDG.11.KBG
YIGA TIINA 12,"Jefeta de Efrayim tiina bam taane
1Efrayim dwi tiina bam déem ma ke ba tete daane jara-keim ŋwaane. Ba ma bɛ Jɔdan buga kam ba vo Zafon. Ba ma yi Jefeta tei, ye ba ta‑o ba we, “Nmo na vei se n ke jara dedaane Amon tiina bam to, bɛ mo ye n wo bwoŋi debam se dé tɔge dé ke jara yam? Dé lage dé zwɛ n sɔŋɔ kom de n tete maama mo.”
2Jefeta ma leiri-ba o we, “Amo de a diga kam ya mo jege ta-kamunu dedaane Amon tiina bam. Amo ma toŋe a ta abam, ye á wo sɛ se á ba á jwoŋi-ne á yage ba jeŋa ne. 3A na maane we abam wo ti á yiga se á woli-ne to, mo a dole a ŋwea a yage ye a lɛɛne siseini dem a vo a jeeri Amon tiina bam. Baŋa Wɛ ma pa se a di-ba. Chwoŋa kɔ mo abam zem jega se á ba á jeeri amo de jara?”
4Jefeta déem ma ja Gilead jar-keira bam maama o ke daane se ba kwaare Efrayim tiina bam de jara. Efrayim tiina bam ma ta Gilead tiina bam taane ba we, “Abam Gilead tiina bam ye nɔn-yɔɔro mo ye á nwoŋi Efrayim dedaane Manasɛ dwia yam wone á ba ywo-seeni.” Konto ŋwaane, Gilead tiina bam ma kwaane ba di Efrayim tiina bam.
5Gilead tiina bam ma vo ba cheiŋi jei selo Efrayim tiina bam na yeini ba tɔge da ba bɛ Jɔdan buga kam to. Efrayim tu laam ná boŋe se o bɛ buga kam o jwoori sɔŋɔ, ye o ná lwoori chwoŋa ba tei ne se o kɛ, Gilead tiina bam wó bwei‑o mo we, “Nmo ye Efrayim tu mo na?” O ná we, ‘Aawo!’, 6ba wó bwei kotu mo we, ‘Ta we, Chibolɛf!’ Kotu ma yeini o we, ‘Sibolɛf’, kokuri o ware yere dem konto o bwoŋi lanyerane. Gilead tiina bam ma yeini ba ja‑o ba go Jɔdan bubɛ dem konto ne. Da yam konto ne, Efrayim tiina bam morro finna-telei (42,000) mo tega.
7Gilead tu Jefeta déem nii Isarele tiina bam baŋa ne bena yaredo mo ye o laam te. Ba ma kwei‑o ba suli o tete teo Gilead wone.
Ibazan de Elon de Abedon taane
8Jefeta na tege to, Bɛtelehem tu dedoa o yere na ye Ibazan to, mo nii Isarele tiina bam baŋa ne. 9O maa jege bakeiri fintɔ de bukwa fintɔ. O déem kwei o bukwa fintɔ bam o pa baara balo na dae o tete sɔ-yuu kom nɔɔna to mo. O daa ta ma jwoŋi bukwa fintɔ sɔ-yuni tedwonna tei ne o pa o bu-baara bam se ba ma ba ke kaana. Wonto nii Isarele tiina bam baŋa ne bena yarepɛ mo, 10ye o laam te. Ba ma kwei‑o ba suli Bɛtelehem ne.
11Ibazan de toone kwaga ne, Elon na ye Zebulun tu to mo nii Isarele tiina bam baŋa ne bena fuga, 12ye o laam te. Ba ma kwei‑o ba suli Zebulun tiina teo Ayijalon ne.
13Elon toone kwaga ne, Hileli bu Abedon de daa mo nii Isarele tiina bam baŋa ne. Hileli nwoŋi Pirafon teo mo. 14Abedon bia maa ye finna, ye o naaro ye fintɔ. Ba déem jege bonɛ fuserepɛ mo ba diina. Hileli bu Abedon déem nii Isarele tiina bam baŋa ne bena nana mo, 15ye o laam te. Ba ma kwei‑o ba suli Pirafon ne. Jeiga kam konto wo Efrayim laŋa kam ne, Amaleki tiina bam na zoore zwonnu tem ne mɛ to mo.",https://www.bible.com/bible/3661/JDG.12.KBG
YIGA TIINA 13,"Samson lora taane
1Isarele tiina bam déem daa ma toŋe lwarem ba chɔge Baŋa Wɛ yiga. Baŋa Wɛ ma pa chwoŋa pa se Filisi tiina bam di-ba, ye ba pa ko zo ba yera bena finna.
2Nɔɔno wodwoŋi déem mo wora, o yere mo Manoa. O maa ye Dan dwi tu ye o zoore Zora teo ne. O ya jege kaane o na ye kadega to mo. 3Baŋa Wɛ maleka kam ma vo kaane wom tei ka ta‑o ka we, “Ko seene ko ye chega we n wo loge bu. Ko nam bá daane n lage n kwei puga mo n lo bakeira. 4Nam lɔre we n ba jege se n nyɔ sa-dɛɛra, naa se n di wodi-yɔɔro telo na chuli to. 5Nmo wó ja puga n lo n bu wom konto. O lora kam kwaga ne ko ba jege se fana gwoni o yu-ywei sem. Kokuri to o biini maŋa ne se ko taa via, bu wom ye se n pɔɔre‑o mo n ke Wɛ jeŋa ne se o taa ye Naziri tu. Wonto mo lage o bobo se o jwoŋi Isarele tiina bam o yage Filisi tiina bam jeŋa ne.”
6Kaane wom ma vo o ta o baro o we, “Wɛ nɔɔno dedoa mo tu amo tei. O nyenyego kom ya tiini ko jege foone, nenɛɛne Baŋa Wɛ maleka nyenyego na ye tei to. Amo wo bwei‑o se a lɔre o na nwoŋi mɛ to, o de nam wo tage o yere o bere-ne. 7Nɔɔno wom ma ta o bere-ne we, a lage a ja puga a lo bakeira mo. Konto ŋwaane a ba jege se a nyɔ sa-dɛɛra naa a di wodi-yɔɔro telo na chuli to. Kokuri to bu wom wó taa ye Naziri tu na ye o yera mo Wɛ ŋwaane, ko zege o biini ne se ko taa nii o toone maŋa.”
8Manoa déem ma lwoori Baŋa Wɛ o we, “Amo Teiru, ja! Pa se Wɛ tontoŋeno wolo n na toŋe debam tei ne to jwoori o ba, se o bere debam dé na wó ke tei dé nii bu wonto baŋa ne lanyerane to.”
9Wɛ ma sɛ Manoa wɛ-lworo kom. O kaane wom jei pwola ne mo ye Wɛ maleka kam jwoori ka ba o tei ye Manoa ya tera. 10Kaane wom ma duri lela o vo o ta o baro wom o we, “Nɔɔno wolo ya na tu a tei ne to daa jwoori o ba!”
11Manoa ma zaŋe o da o kaane wom kwaga. Ba na yi nɔɔno wom tei to, mo Manoa bwei‑o o we, “Nmo mo ye nɔɔno wolo ya na ŋɔɔne dedaane amo kaane to na?” O de ma leiri we, “Ɛɛ!”
12Manoa laam ma bwei‑o o we, “Nmo taane dem nam ná jigi chega, bu wom konto ŋwea dedaane o totoŋa wó taa ye tɛ mo?” 13Maleka kam ma leiri ka we, “Ko jege se n kaane wom kwei kolo maama a na tage a bere‑o to mo o ke o bochare ne. 14Wonto tete ba jege se o di woŋo kolo maama na nwoŋi Vini tio yera ne to. O ta ba jege se o nyɔ sa-dɛɛra, naa o di wo-yɔɔro telo na chuli to. O yɔɔre o ye se o ke o tɔge kolo maama a na bere‑o to mo.”
15-16Manoa déem wo lɔre we nɔɔno wom ye Baŋa Wɛ maleka kam mo. O ma ta maleka kam o we, “Zuri n yera konto se dé beeri boŋo dé ma dé ke na dé pa‑m.” Baŋa Wɛ maleka kam ma leiri‑o ka we, “Abam ná maŋe á wo pɛ-ne chwoŋa se a viiri, a ta bá di á wodiu kom. Á nam ná jege boŋo, se á ja-ko á zwɛ á ke kaanem á pa Baŋa Wɛ.”
17Manoa daa ma ta Baŋa Wɛ maleka kam o we, “Nmo yere nam mo ye bɛ? Se n taane dem ná jigi chega se debam de wane dé ke‑m zula.” 18Baŋa Wɛ maleka kam ma leiri‑o ka we, “Bɛŋwaane mo ye n bwei a yere dem bwia? De tiini de ye yere-kenkagele mo.”
19Manoa ma ja boŋo o woli de wodiu pɛɛre. O laam ma kwei-te o tiŋi peo baŋa ne o kaane o pa Baŋa Wɛ. Baŋa Wɛ ma ke wo-kenkagele ye Manoa dedaane o kaane wom zege ba nia. 20Min-vogo kom na zege peo bimbini dem ne de jaane de diini wɛ to, mo Baŋa Wɛ maleka kam tɔge de mini dem ka di. Manoa de o kaane wom na nɛ konto to, mo ba vwi ba yibia tega ne. 21Baŋa Wɛ maleka kam daa maa wo jwoori Manoa dedaane o kaane wom tei ne. Ko ma pa se Manoa lɔre we nɔɔno wolo na tu ba tei to ye Baŋa Wɛ maleka mo.
22Manoa ma ta o kaane wom o we, “Ko zege ko nii mo we debam lage dé te mo, kokuri dé nɛ Wɛ yibia!” 23O kaane wom ma leiri‑o o we, “Baŋa Wɛ boboŋa ya ná ye se o go debam, o ya bá jwoŋi zwɛɛm pɛɛre dedaane wodiu pɛɛre dé tei ne. O nam ya ta bá bere debam wo-kenkagela yanto, naa o ŋɔɔne wonnu tento dedaane debam.”
24Kaane wom déem ma lo bakeira. Ba ma pa o yere we, ‘Samson’. Bu wom ma ke nɔɔno ye Baŋa Wɛ swolim wo o yuu ne. 25Samson déem zoore teo kodwoŋi ne, ko na wo Zora dedaane Esatola tetare ne ye ko yere ye Mahanɛ-Dan to. O na wora to mo Baŋa Wɛ jworo yeini ko chu o baŋa ne ko zeini‑o de dam.",https://www.bible.com/bible/3661/JDG.13.KBG
YIGA TIINA 14,"Samson kadiri taane
1Dɛ dedwe mo Samson vei Timina. O ma na Filisi tiina bukɔ dedoa. 2O déem ma jwoori o ta de o kwo dedaane o nu o we, “Amo nɛ bukɔ mo Timina ne, o na ye Filisi tiina bam bukɔ. Véi-na á swo‑o á pa-ne se a di a ma ke a kaane.”
3O kwo dedaane o nu ma leiri‑o ba we, “Bukwa mo ti nmo tete dwi tiina wone na? Debam dwi dem wone nɔɔn-nɔɔno mo tera o na su nmo yi pa se n ma n vei Filisi tiina banto na ye dwi-gɛ to tetare ne se n beeri n kaane na?” Samson ta ma fe o kwo ye o we, “Kaane wom konto mo amo boboŋa tɔga. Véi n swoi‑o n pa-ne.”
4O kwo dedaane o nu maa yeiri we Baŋa Wɛ tɔge chwoŋa kanto mo se o na pwola o ma o chiŋi jara de Filisi tiina bam. Ka maŋa ne, Filisi tiina bam déem di dam Isarele tiina baŋa ne mo.
5Samson dedaane o kwo de o nu ma vo Timina. Ba maa wo chwoŋa ne ba twɛ Vini teeni kare sem na wo teo kom pwola ne to. Nywoŋ-pɔla ma pɔpɔ ka nwoŋi ka jeeri Samson ye ka laara. 6Baŋa Wɛ jworo ma chu o baŋa ne dedaane dam, ye o kwei o je-bwori yerane o ma o kaare nywoŋo kom nenɛɛne ko ye bobona mo to. O nam wo tage kolo o na ke to o bere o kwo dedaane o nu. 7O ma vo teo wo pa se o de kaane wom lare daane. Samson wo ma da kaane wom dedɛ.
8Ko na ke da fenfee to, Samson ma jwoori o vo se o laam swo o kaane wom. O na yi mɛ o ya na go nywoŋo kom to, o ma ywori se o nii ko ye tetɛ mo. O ma maane we twe mo zo nywoŋ-teko kom wone, ye se ke tooro. 9O ma lɔɔne tooro tem, ye o di-te o maa kɛa. O na yi o kwo de o nu tei to, mo o pɛ-ba tooro tem ye ba de di. O maa wo tage o bere-ba we te nwoŋi nywoŋ-teko yera ne mo.
10Samson kwo ma vo Timina se ba ke kadiri dem. Samson ma ke kuri, ne nɔn-donno déem na yeini ba ke kadiri ŋwaane tei to. 11Filisi tiina bam na nɛ‑o to, mo ba pɛ‑o ba nɔn-donno fintɔ se ba taa wo o tei ne.
12Samson ma ta nɔn-donno tem o we, “Cheigi-na dendea kanto a na lage a ta to. Amo wó pa abam da yarepɛ se á ma á lɔre-ka, se kuri dem laam ti. Á ná lɔre ka kuri, amo wó pa abam gare-fefale fintɔ, dedaane gare-laaro fintɔ. 13Abam nam ná wo lɔre dendea kam kuri, abam mo wó pa-ne gare-fefale fintɔ dedaane gare-laaro fintɔ tem.” Ba ma leiri o taane dem ba we, “Dé sɛ. Ta n dendea kam se dé cheigi.”
14O ma ta-ba o we:
“Wodiu mo nwoŋi diru yera ne pa se a di,
Wo-sonno de ma nwoŋi dedɛɛro wom yera ne.”
Da yatɔ maama mo nɔɔna bam jaŋe dedaane dendea kam, ye ba wo lɔre ka kuri.
15Da yana dɛ dem ne mo ba tage Samson kaane wom ba we, “Soge n baro wom se o ta dendea kam kuri o bere debam. Ko ná dae konto, dé lage dé zwɛ nmo dedaane n kwo sɔŋɔ tiina maama mo dé go. Abam na bwoŋi debam se dé ba ywo-seeni to, ko ye se á vere debam mo na?”
16Samson kaane wom ma ka yi-na o yiga ne ye o we, “A maane we n ba lage amo lanyerane. N de dendea mo n pa a kwo sɔŋɔ tiina bam ye n laam wo tage ka kuri n bere-ne.” O de ma leiri kaane wom o we, “Ta‑n yei we amo maŋe a wo tage taane dento a bere a kwo dedaane a nu. Bɛ mo wó taa tei se a ta de kuri a bere‑m?”
17Da yarepɛ maama wone mo kaane wom yɔɔre o nyenyɔne Samson yiga ne. Kuri dem da yarepɛ yam maama wone kaane wom kane yi-na konto mo ye o nyenyɔne Samson yiga ne. O na bilisi‑o konto ye da yarepɛ dɛ dem yi to, Samson ma ta dendea kam kuri o bere‑o. O de ma vo o maŋe-de o bere nɔn-donno tem.
18Wea na lage ka zo da yarepɛ dɛ dem ne to, mo teo kom nɔɔna bam tage Samson ba we:
“Bɛ daa mo sona ko dwoi tooro?
Bɛ nam daa mo dana ko dwoi nywoŋo?”
Samson ma leiri-ba o we:
“Abam ya ná wo jaane amo na-chwɛ dem á ma á va,
abam ya bá lɔre a dendea kam kuri.”
19 Baŋa Wɛ jworo ma chu Samson baŋa ne dedaane dam. O ma zaŋe o vo Asekelon o go teo kom konto nɔɔna fintɔ. O daa ta vere ba jejegero mo ye o daare o kwei ba gare-nyenno tem o pa balo na lɔre o dendea kam kuri to. O ma jwoori o vo o kwo sɔŋɔ ye o bane ta wo zuri.
20Ba déem ma kwei Samson kaane wom ba pa nɔn-doŋo kom na jigi o badwoŋi kadiri maŋa kam ne to.",https://www.bible.com/bible/3661/JDG.14.KBG
YIGA TIINA 15,"Samson yiri o jene Filisi tiina bam yuu ne
1Ko déem na ke fee se ko maŋe de banina zagem maŋa to, mo Samson vei se o kaare o kaane wom o nii. O ma ja boŋo o vo se o pa‑o. O ma ta o kaane wom kwo o we, “A lage se a zo a kaane wom diga mo.” Kaan-kwo wom maa wo sɛ, ye o we, 2“Amo ya boŋe we n daa‑n ba lage‑o mo, pa se a kwei‑o a pa n yuudwoŋi wom. Kaane wom nyaane mo tento, ye o maŋe o lamma o dwoi zembaaro wom. N ná lage‑o, se a kwei a pa‑m.”
3Samson ma ta ba maama o we, “Amo laam nɛ chwoŋa se a toŋe kolo a na lage to Filisi tiina bam yera ne, ye ko bá taa ye a yiga!”
4Samson ma vo o ja nywoŋ-kuri bia yatɔ (300). O vɔge-se mo selei selei se nabila yam seeni, ye o daare o beeri gaao o vɔ-ko o meeli se nabila yam ne. 5O ma tɔrege mini gaaro tem wone, ye o yage nywoŋ-kuri sem se se duri se zo Filisi tiina bam kare sem wone pa se mini dem zwɛ ba wodiiru tem maama. Mena yalo na bege ya ti ye ba ta wo zage-ya to, de men-pwoa yam, de Vini teeni, de Olivi teeni dem maama mo chɔge.
6Filisi tiina bam ma bwei daane ba we, “Wɔ mo ke tento?” Ba ma leiri ba we, “Samson mo toŋe konto. Ko nam ye Timina tu wom na kwei Samson kaane wom o pa o yuudwoŋi wom to ŋwaane mo o ke konto.” Filisi tiina bam ma vo ba zwɛ kaane wom de o kwo ba go. 7Samson ma du duuri o we, “Abam na toŋe totoŋ-lɔŋɔ konto to, amo ná wo yiri a jene á yera ne, a bá yage.” 8O ma tiini o seene yia o jeeri-ba de jara, ye o go ba dedɛ. Ko kwaga ne mo o vei Etam, o vo o zoore peo bɔɔne wone.
9Filisi tiina bam déem ma vo ba chwi ba vwoa Judah laŋa ne, ye ba kwaare jara dedaane Lehi tiina bam. 10Judah dwi tiina bam ma bwei-ba ba we, “Bɛŋwaane mo abam tu se á kwaare jara dedaane debam?” Ba de ma leiri ba we, “Debam tu se dé ja Samson mo se dé vo dé ke‑o nenɛɛne o na ke debam tei to.”
11Judah tiina bam nɔɔna morro tetɔ ma vo peo bɔɔne dem na wo Etam ne to, ye ba laam ta Samson ba we, “Nmo yei we Filisi tiina bam mo tei debam. Bɛ mo ye n ke debam konto?” O ma leiri o we, “Ba na ke-ne tei to ŋwaane mo amo de ke-ba konto.”
12Nɔɔna bam ma ta‑o ba we, “Dé nam tu se dé ja nmo dé ke Filisi tiina bam jeŋa ne mo.” Samson ma leiri-ba o we, “Du-na duuri á pa-ne we abam tete bá go-ne.” 13Ba ma sɛ ye ba we, “Debam za laga se dé vɔ‑m mo, dé laam kwei‑m dé ke ba jeŋa ne, se de bá go‑m.”
Ba déem ma kwei ŋon-dwe selei ba ma vɔ‑o, ye ba ja‑o ba nwoŋi peo bɔɔne dem ne ba jwoori ba teo kom. 14Ba na jaane‑o ba yi Lehi to, mo Filisi tiina bam chwoosi ba yaga ye ba duri ba jeeri se ba jwoŋi‑o. Baŋa Wɛ jworo kom ma chu o baŋa ne de dam. Ŋone sem ma kɔ lela nenɛɛne mini na to bobɔɔro wone ye ko ye tei to. 15Samson ma dole o yi o na bonaga peyaa-ku-doŋa na tigi dáane. O ma twe o jeŋa o kwei-ka o ma o go nɔɔna moro. 16Samson ma ta o we:
“A kwei bonaga peyaa kua mo,
a ma a go-ba a tigisi pwei de pwei a tiŋi.
Amo mɛ bonaga peyaa kua mo,
a ma a go nɔɔna moro.”
17O na ŋɔɔne konto o ti to, mo o dole peyaa kua kam o yage. Ba déem ma pa jei sem yere we ‘Ramafa-Lehi’.
18Samson keim dento maama kwaga ne mo na-nyɔm tiini de chɛ‑o. O ma keeri o jare Baŋa Wɛ o we, “Nmo mo tɔge n tontoŋeno baŋa ne n di jara yanto. N laam nam lage se a te leile mo dedaane na-nyɔm, se dwi-gɛ tiina banto ja-ne mɔle yerane na?” 19Baŋa Wɛ ma pa se bɔɔne puri tega ne, ye na ta ba nwoŋi pa se o nyɔ. O ma jwoori o na dam. Lehi ne mo konto kea. Ba maa bwoi jei sem yere we, ‘En-Hakore.’ Buli-yi dem ta wo Lehi ne dedaane zem maama.
20Maŋa kalo ne Filisi tiina bam na tei tega kam to, Samson mo nii Isarele tiina bam baŋa ne bena finlei.",https://www.bible.com/bible/3661/JDG.15.KBG
YIGA TIINA 16,"Samson dedaane Delila taane
1Dɛ dedwe mo Samson déem zaŋe o vo Gaza teo o na ka-tola. O ma zo o peini ded‑o. 2Ba ma ta Gaza tiina bam ba we, “Samson wo ywo-seeni mo!” Ba de ma vo o na wo mɛ to, ye ba kaare-ko ba pu. Tete dem konto ne ba ma cheigi teo kom manchwo-peena yam ne. Ba maa tigi ba sia ye ba we, “Dé wó gwoni tega zezenzeŋa mo dé vo dé li‑o dé go.”
3Samson ma tigi o cheigi tete-koro maŋa. Tega na kweere to, mo o vei o vaŋe teo kom manchwo-peo kom o guri. Dɛ selo na moore tega ne to, de bworo kolo ba na mae ba pe teo kom ni to, de ko beiŋa kam maama mo o vaŋe o le. O ma kwei-te o daŋe o bakale baŋa ne o ja o di o tiŋi peo kolo na tole ko nae Heboron to yuu ne.
4Konto na ke ko kɛ to, mo Samson daa nɛ kaane wodwoŋi, o na zoore Sorɛki bwolo ne. Kaane wom yere mo ye Delila. Samson boboŋa ma zo o wone. 5Filisi teene yuu tiina bam ma vo kaane wom tei ba ta‑o ba we, “Kwaane n soge‑o se n lɔre o dam-fɔrɔ kom na nwoŋi mɛ to, se dé lɔre dé na wó ke tei dé ja‑o dé vɔ mɔle mɔle to. Se debam dedoa dedoa wó ŋwe‑m lu-nyenno sabu-dala bia fuga-dedoa (1100) ko ŋwaane.”
6Delila ma da ko ŋwaane o bwei Samson we, “Ja! Ta n bere-ne nmo dam-fɔrɔ kom na nwoŋi mɛ to. Ba nam wó ke tɛ mo ba wane‑m ba ja se n yé wane lege-lege n ke?” 7Samson ma leiri‑o o we, “Ba ná kwei taŋa ŋon-donno terepɛ telo ta na wo koge to ba ma vɔ-ne, amo wó taa bwona mo ywale-ywale nenɛɛne nɔɔna maama na ye tei to.”
8Filisi yuu tiina bam ma beeri taŋa ŋon-donno terepɛ ta na wo koge to, ba ja ba vo ba pa kaane wom, ye o ma-se o vɔ Samson. 9Delila nam ya pɛ se nɔɔna badwonna mo dale diga kadwoŋi ne ye ba cheiga. O ma laare o bwoŋi Samson o we, “Samson! Filisi tiina bam beene se ba ja‑m ywoo!” Samson ma pɛ o zaŋe o vaŋe taŋa ŋone sem o kɔ lela nenɛɛne gare-ŋona na dwei mini ye ka di tei to. Ba maa wo wane ba lɔre o dam-fɔrɔ kom na zege mɛ to.
10Delila daa ma ta‑o o we, “Nmo na gane-ne konto to, a maane we n jege-ne mo n mɔna. Ja! Ta n bere-ne nɔɔna na wó ke tei ba ja‑m to.” 11Samson ma ta‑o o we, “Ba ná mɛ ŋon-dwe selo ba ta na wo mɛ ba ke kolokolo to ba ma ba vɔ-ne, a laam wó taa bwona mo nenɛɛne nɔɔna maama na ye tei to.”
12Delila ma beeri ŋon-dwe o ma o vɔ‑o. O daa ta ma pa se nɔɔna bam dale diga kam ne ba cheiga. O laam ma laare o we, “Samson! Filisi tiina bam beene se ba ja‑m ywoo!” Samson déem ma zaŋe o vaŋe tento o kɔ nenɛɛne gare-ŋona dwoŋi to.
13Delila daa ma ta‑o o we, “Nmo ta jege-ne mo n gana, ye n daare n mɔne-ne. N bá‑n ta ba na wó ke tei ba ja‑m to n bere-ne na?” O ma leiri‑o o we, “Nii a yu-ywei sem na pane kuni berepɛ tei to, se n laam ja-se n ke daane n vɔ n ke paare yera ne, nenɛɛne ba na dole gare-yi tei to. N ná ke konto, amo wó taa bwona mo nenɛɛne nɔɔna maama na ye tei to.”
14Delila ma gane‑o pa se o dɔ. O ma ja o yu-ywei sem na pane kuni berepɛ to o vɔ o meeli gare-yi ba na wora ba dole to yera ne, ye o daare o pa-se de paare. O laam ma laare o we, “Samson! Filisi tiina bam beene se ba ja‑m ywoo!” O ma pɛ o zaŋe dɔɔm wone, ye o vaŋe paare dem o guri. Gare-yi-dolo kom dedaane gare-yi dem maama maa wo o yera ne.
15Kaane wom ma ta‑o o we, “Nmo na tɛ we n swoi-ne to, bɛ mo ye n wo ke n wo dedaane amo? N gane-ne tento n ke kuni betɔ, ye n ta wo sɛ se n ta n dam-fɔrɔ kom na zege mɛ to.”
16Dɛ maama o ma tiini o jege Samson yia o gigila de taane dem konto. Samson yera ma ba ya chɛ, ye o kare o beeri toone jei. 17O ma ga ko ŋwa ye o ta o chega kam o bere kaane wom o we, “Fana ta wo gwoni amo yu-ywei sento. Ko zege maŋa kalo a na wo a nu puga ne to mo Wɛ pɔɔre-ne se a taa ye Naziri tu a pa‑o. Ba ná fane a yu-ywei sem, amo wó ga a dam dem mo, pa se a taa bwona ywale-ywale nenɛɛne nɔɔna maama na ye tei to.”
18Delila ma lɔre we o tage o chega maama mo o bere‑o. O ma toŋe o bwoŋi Filisi yuu tiina bam ye o ta de-ba o we, “Jwoori á ba-na, se o laam tage chega kam jei o bere-ne.” Nɔɔna bam ma ja o sabu kom ba woli da ba ba ba pa‑o. 19O ma gane Samson pa se o peini o nɛ baŋa ne o dɔ. O laam ma bwoŋi nɔɔno pa se kotu ba o fane Samson yu-ywei sem na pane kuni berepɛ to. Delila ma gane Samson pa se o ba o ga o dam dem. 20O ma laare o we, “Samson! Filisi tiina bam beene se ba ja‑m ywoo!”
O ma pɛ o zaŋe dɔɔm wone ye o sigi o tete ne o we, “Amo wó vere a tete mo a yage nenɛɛne a na yeini a maŋe a ke tei to.” O daa wo lɔre we Baŋa Wɛ yage‑o. 21Filisi tiina bam ma ja‑o, ye ba daare ba chochɔrege o yi-chele-bia ba le. Ba ma ja‑o ba vo Gaza teo wone, ye ba kwei channa chegero ba ma lei‑o ba zege. O déem na wo peena diga ne konto to, ba maa jege‑o ba choe ba muni. 22Samson yu-ywei sem daa ma bobo se se taa nwoŋa.
Samson toone
23Filisi yuu tiina bam ma jeeri daane se ba kaane ba jwoni Dagon, se ba daare ba di kuri dedaane wopwolo. Ba maa we, “Dé wɛ dem pɛ se dé jeŋa zo dé dono Samson.” 24Nɔn-kɔgɔ kom maa na nɛ‑o to, mo ba bobo se ba taa seini ba wɛ dem ye ba we:
“Dé wɛ dem pɛ se dé jeŋa zo
dé dono wom.
Wonto ya mo chɔge dé teo kom,
ye o go debam dedɛ.”
25Ba na wora ba di ywoni konto to, mo ba bwɛ daane ba we, “Ja-na Samson á ba ywo-seeni se o taa ke mola se dé taa mɔna.” Ba ma ja Samson ba nwoŋi peena diga kam ne ba ba ba tei ne. O ma seene o ke pa se ba mɔna. Ba ma pa o zege sɔŋɔ kom ywoa yalei tetare ne. 26Samson ma ta bu wolo na jege‑o o vaŋe to o we, “Pa se a dwei ywoa yalo na jege sɔŋɔ konto ya zege to, se a lage se a sale ya yera ne mo.”
27Sɔŋɔ kom déem nam su de nɔɔna mo, baara de kaana. Filisi yuu tiina bam maama de maa wora. Sɔŋɔ kom nayuu nɔɔna bam ye morro tetɔ mo na zege ba nii Samson na ke tei to, ye ba ke‑o ba mɔna. 28Samson ma lwoori Baŋa Wɛ o we, “Yuu-tu Baŋa Wɛ, guli amo gula, se n jwoori n pa-ne dam bedwe yerane. Amo Tu Wɛ, pa se a daa ke keim dedwe a ma yiri jene Filisi tiina bam baŋa ne, de ba na le a yi-chele-bia bam to.”
29Samson ma to o gorege ywoa yalei yalo na jege sɔŋɔ kom ya zege ko tetare ne to. O jazem maa jege ywei dedwe, ye jagwia kam de jege dedem dem. O laam ma yigi-ya. 30O ta ma laare o we, “Yage se amo dedaane Filisi tiina bam tɔge daane dé te.” O ma tiini o yigi sɔŋɔ kom ywoa yam dedaane o dam maama, pa se ko to ko li Filisi yuu tiina bam dedaane nɔɔna balo maama na wo ko wone to. Ko ma pa se Samson toone dɛ ne, o na go nɔɔna balo to daga ba dwoi balo o na ŋwe ye o go to.
31O chorro tem dedaane ba sɔŋɔ tiina maama ma ba ba kwei o yera yam ba jwoori sɔŋɔ. Ba ma suli‑o o kwo Manoa yibeeli dem ne. Zora dedaane Esatola tetare laŋa ne mo konto. O déem nii Isarele tiina bam baŋa ne bena finlei mo.",https://www.bible.com/bible/3661/JDG.16.KBG
YIGA TIINA 17,"Mika na jege jwona yalo to
1Nɔɔno wodwoŋi déem zoore Efrayim zwonnu laŋa kam ne, o yere maa ye Mika. 2O ma ta de o nu o we, “Nmo lu-nyenno sabu-dala bia fuga-dedoa na jei to, a nigi n na sɔɔle n yage wolo na ŋɔge-ko to yuu ne. Amo ya mo ŋɔge-ko a kwei. Nam nii n sabu kom a jwoori a jege a beene se a pa‑m.” O nu wom ma leiri o we, “Amo bu, Baŋa Wɛ swolim taa wo n yuu ne.”
3Mika ma kwei sabu kom o pa o nu. O de ma leiri o we, “A jwoŋi sabu kom a bu wom jeŋa ne ye a jwoori a kwei-ko a pa Baŋa Wɛ mo a bu wom ŋwaane. A lage se ba ma-ko ba ma ke jwoni nyenyego, ye ba daare ba ma lu-nyenno ba kwoli ko maama.” 4Mika na kwei-ko o pa o nu to, o nu wom ma le sabu-dala bia yalei o pa gɔgɔ, pa se o ma o ke jwoni, ye o daare o ma lu-nyenno o taare-de o pa‑o. Ba ma pa se de zege Mika sɔŋɔ ne.
5Mika déem ya kwɛ diga mo o sɔŋɔ kom ne se ka taa ye wara-jei. O ma ke o jwona de kaanem gare-wogo o zege da, ye o daare o kuri o bia bam dedoa se o taa ye kaanem tu o pa‑o. 6Kanto maŋa ne, Pɛ ta tere Isarele logo kom wone, nɔɔno maama maa ke o boboŋa na lage tei to.
7Nɔn-doŋo dedoa de déem wora. O maa ye Levi dwi tu ye o zoore Bɛtelehem na wo Judah laŋa kam wone to. 8Nɔɔno wom ma nwoŋi da Bɛtelehem ne se o beeri jei-gaa o zo o taa toŋe o totoŋa. O ma beeri o yi Mika sɔŋɔ na wo Efrayim zwonnu laŋa kam ne to. 9Mika ma bwei nɔɔno wom o we, “Nmo nwoŋi yein-seeni mo?” O de ma leiri o we, “Amo ye Levi tu mo, ye a laam zoore Bɛtelehem na wo Judah ne to. A nam kare a beeri mɛ a na wó taa zoore ye a na totoŋa to mo.”
10Mika laam ma ta o we, “Nam ta‑n zoore ywo-seeni. Nmo laam wó ta‑n bere-ne chwei ye n daare n kaane n pa-ne. Bene maama wone, amo wó pa‑m lu-nyenno sabu-dala fuga, dedaane gwaaro, ye a ta pa‑m n ni-wodiu.” 11Levi dwi tu wom ma sɛ ye o lɛɛre o zoore Mika sɔŋɔ ne. Mika de ma jwoŋi‑o nenɛɛne o bu tei. 12O ma le‑o o zege pa se o ye kaanem tu o pa‑o. Nɔɔno wom de ma lɛɛre o maŋe Mika sɔŋɔ ne. 13Mika ma ta o we, “Amo yei we Baŋa Wɛ laam wó ke-ne lanyerane, a na jege Levi dwi tu a sɔŋɔ ne pa se o ye a kaanem tu to ŋwaane.”",https://www.bible.com/bible/3661/JDG.17.KBG
YIGA TIINA 18,"Dan tiina vei ba wo Layisi ne
1Wonnu tento maama déem na jege te ke to, Isarele tiina bam ya ta ba jege pɛ. Ka maŋa ne, Dan dwi tiina bam ma kare ba beeri tega se ba taa zoore ka wone. Kokuri, tega kalo Isarele tiina bam na pɔɔre ba pa daane to, Dan tiina bam ya ta wo nɛ ba tete laŋa ka wone. 2Dan tiina bam ma le ba dwi dem wo babɛ senu ba na nwoŋi sɔ-yuu maama wone to. Ba ma zege Zora dedaane Esatola ne ba toŋe-ba ba we, “Véi-na á kaare tega kam, se á daare á ŋɔ á nii ka maama na ye tei to.” Ba déem ma kaare taa ba vo ba yi Efrayim zwonnu laŋa kam. Ba ma vo Mika sɔŋɔ ba zo ba peini dáane.
3Ba na wo Mika sɔŋɔ ne to, mo ba maane Levi dwi tu wolo na zoore da to kwor-taŋa ba lɔre. Ba ma yi o tei ba bwei‑o ba we, “Wɔ mo jaane‑m o ba ywo-seeni? Nmo wo ywo n ke bɛ mo?” 4O de ma leiri-ba o we, “Amo dedaane Mika mo maŋe daane, o nam ke-ne lanyerane, ye o ta ŋwe-ne pa se a lɛɛre a ye o kaanem tu.”
5Ba ma ta‑o ba we, “Nam lwoori Wɛ n pa debam se dé lɔre dé chwoŋa kam wó ja ywoni ka ba ka pa debam, naa ka bá ja ka ba.” 6Kaanem tu wom ma leiri-ba o we, “Yé pa-na se á bochara taa maga, se Baŋa Wɛ yiga wora á chwoŋa kam wone.”
7Babɛ senu sem ma nwoŋi dáane ba to chwoŋa ne ba maa kɛa. Ba ma vo ba yi Layisi. Teo kom nɔɔna bam zoore yalem mo daane, ye foone ba jege-ba nenɛɛne Sidon tiina bam tei to. Woŋo maama tiini ko yi-ba, ye ba jejegero gaale. Ba ya zoore da de ywoni mo de wo-zuru. Ba teo kom maa ye yiga yiga dedaane Sidon tiina bam. Ba maa ba toŋa dedaane nɔɔna badwonna.
8Babɛ senu sem ma jwoori Zora dedaane Esatola ne. Ba dwi tiina bam ma bwei ba kwaga. 9Ba de ma leiri-ba ba we, “Pa-na se dé vo dé jeeri Layisi tiina bam de jara. Kokuri to, debam na vei dé na tega kam to, ka lamma lanyerane. Yé ta‑á jei-na ywo-seeni á chɔga. Zo-na á jwoŋi ba tega kam á ta‑á tei. 10Abam ná yi ba teo kom, á wó na we jei sem daga dedɛ. Nɔɔna bam maa zoore da yalem, ye woŋo maama tiini ko yi-ba. Baŋa Wɛ de ma kwei tega kam o ke á jeŋa ne se á ta‑á tei.”
11Dan dwi tiina bam nɔɔna bia yaredo ma zege Zora dedaane Esatola ne ba nwoŋi de ba jara-keim zela se ba vo ba jeeri-ba. 12Ba ma vo ba twɛ Kiriaf-Jeerim na wo Judah laŋa kam ne to ba chwi ba vwoa da. Jei sem wo Kiriaf-Jeerim wɛ-puli seeni mo. De zem maama ba ta bwoi jei sem yere we, ‘Mahanɛ-Dan’. 13Ba ma zege dáane ba vo Efrayim zwonnu laŋa kam ne ba vo ba yi Mika sɔŋɔ kom.
14Babɛ senu sem ya na vei ba ŋɔ ba nii Layisi to ma ta de ba dwonna bam ba we, “Abam yei we sam dento dedoa wone jwoni wora ba na gɔgere de lu-nyenno na? Kaanem gare-wogo, de jwona yadwonna de maa wora. Jeeli-na á nii á na wó ke tei dedaane tento maama to.” 15Ba ma ywori ba zo Mika sɔŋɔ, ba vo Levi dwi tu nɔn-doŋo kom tei, ye ba bwei o kwaga. 16Dan tiina jar-keira bia yaredo yam déem ma che manchwo-peena yam ni ba zega. 17Babɛ senu sem ma zo sɔŋɔ kom wone ba kwei jwoni delo na gɔgere to, dedaane kaanem gare-wogo kom, ko woli dedaane jwona yadwonna yam maama. Kaanem tu wom ma maŋe manchwo-peena yam ne dedaane jar-keira bia yaredo yam.
18Nɔɔna banu bam na zo Mika sɔŋɔ kom wone ba kwei jwoni delo na gɔgere to, dedaane kaanem gɔrɔ kom dedaane o jwona yadwonna yam to, kaanem tu wom ma bwei-ba o we, “Bɛ mo konto abam wora á ke?” 19Ba ma leiri‑o ba we, “Daa‑n yé jwoori n puri n ni. Ta‑n tɔge debam, se n ji dé kwo dedaane debam kaanem tu. Nmo ná tu n ji kaanem tu n pa Isarele dwi dem sɔ-yuu kodwoŋi ba gare n ná ye nɔɔno dedoa dedaane o sɔŋɔ tiina yerane kaanem tu na?” 20Kaanem tu wom ma sɛ ba taane dem. O ma kwei kaanem gɔrɔ kom dedaane jwona yam maama, ye o laam pɛ ba kwaga o pu se ba kɛ. 21Ba maama ma to chwoŋa ne ba maa kɛa, ye ba bia bam, de ba vara, dedaane ba zela wo yiga ne.
22Dan nɔɔna bam na kɛ ba yi yiga fee to, mo Mika bwoŋi o dedaane balo na zoore daane to o ke daane. Ba ma pare Dan tiina bam ba ja. 23Ba ma chwoosi ba bwoŋi Dan tiina bam, ye ba de leiri ba bwei Mika ba we, “Bɛ mo ke ye nmo pɛ nɔn-kɔgɔ konto n ke n kwaga ne?”
24Mika maa we, “Abam kwei amo jwona yalo a na ke to, dedaane a kaanem tu wom mo á ja á viiri. Bɛ mo ye á daa ta jege ni se á bwei-ne we, ‘Bɛ mo kea?’ Bɛ mo abam daa daare á pa-ne?”
25Dan tiina bam ma leiri Mika taane dem ba we, “Yé ta‑n ŋwaana! Nmo ná lage n tete, daa‑n yé jwoori n puri n ni. Ko ná dae konto, ban-lom tiina na wo dé tetare ne to wó yi‑m, se n dedaane n sɔŋɔ tiina bam maama ga á ŋwea.” 26Dan tiina bam ma kwei chwoŋa ba maa kɛa. Mika ma na we ba tiini ba damma ba dwoi‑o. O de ma jwoori sɔŋɔ.
27Dan tiina bam déem ma kwei Mika na ke wonnu telo to, dedaane o kaanem tu wom ye ba laam vo ba yi Layisi. Teo kom nɔɔna ya zoore daane yalem mo, ye kolokolo ba daane-ba. Dan tiina bam ma go ba maama ye ba daare ba zwɛ ba teo kom maama. 28Jwoŋinu maa tera se o woli-ba, kokuri jei sem konto dɔra mo dedaane Sidon teo kom. Ba maa ba toŋe dedaane nɔɔna badwonna. Teo kom konto wo bwolo ne mo, ye ko bwola de Bɛte-Rehoba.
Dan tiina bam déem ma jwoori ba lɔ teo kom konto ba zege, ye ba lɛɛre ba zoore ko wone. 29Ba ma leiri teo kom yere ba bwoi we ‘Dan’. Ba kwei ba nabaaro Isarele bu Dan yere dem mo ba ma bwoŋi teo kom. Boboa ne to, teo kom yere nam ya ye Layisi mo. 30Dan tiina bam ma kwei Mika jwoni dem ba zege da, ye ba jege-de ba kaana. Geresom bu Jonatan mo jigi ba kaanem tu. O ye Moses naa mo. Jonatan dwi tiina maa ye ba kaanem tiina se ko yi maŋa kalo Isarele tiina dona bam na zeili-ba ye ba daare ba tei tega kam to. 31Dan tiina bam déem yeini ba kaane Mika jwoni dem, maŋa kalo maama Wɛ wara-vwei dem na wo Siloo teo ne to mo.",https://www.bible.com/bible/3661/JDG.18.KBG
YIGA TIINA 19,"Levi dwi tu de o ka-bia taane
1Kanto maŋa kam ne, pɛ déem ta tera Isarele logo kom wone. Levi dwi tu wodwoŋi maa wora. O maa zoore Efrayim zwonnu laŋa kam ne, mɛ na ye yiga yiga de sam to. Levi tu wom ma vo Judah teo Bɛtelehem o di kaane o ja vo sɔŋɔ se o taa ye o ka-bia. 2O ka-bia kam maa ba jege chega ded‑o, ye o jwoori o kwo sɔŋɔ na wo Bɛtelehem ne to o zoore da chane sena. 3Kan-baro wom ma ja boboŋa se o vo o ŋɔɔne de o kaane wom se o ja‑o o jwoori o tei. O ma ja o tontoŋeno dedaane o bonɛ selei o woli da o vo. Kaane wom ma pa o zo o kwo tei ye o kwo de jeeri‑o de wopwolo. 4Kaan-kwo wom ma fe‑o pa se o maŋe da o peini da yatɔ. Ba maama ma di ye ba nyɔa daane.
5Da yana dɛ dem ne, Levi tu wom ma zaŋe zezeŋa ne se o viiri. Kaan-kwo wom ma ta‑o o we, “Saare n ni, se n na dam n viiri.” 6Baara bam konto balei ma maŋe da ba di ye ba nyɔ daane. Kaane wom kwo ma ta Levi tu wom o we, “Ta maŋe ywo-seeni n peini, se n di ywoni.” 7Levi tu wom ta ma kwaane se o viiri. Kaan-kwo wom daa ta ma fe‑o pa se o maŋe da o peini.
8Da yanu dɛ dem ne, baaro wom ma zaŋe zezeŋa ne o bwoli chwoŋa se o kɛ. Kaan-kwo wom daa ma ta o we, “Cheigi se n saare n ni, se wea maŋa ne nmo laam wó wane n viiri.” Banto balei daa ma di daane. 9Nɔɔno wom dedaane o ka-bia kam de o tontoŋeno wom daa ma zaŋe se ba viiri. O tembaaro wom daa ma jwoori o ta o we, “Ko gɛ fee mo se tega yi. Daa‑n ta peini ywo se n di ywoni, se wɛ dem to mo konto. Te-pora maŋa ne abam wó wane á gwoni tega á zaŋe á kɛ.” 10Baaro wom daa maa wo sɛ se o peini tete dem konto ne. O ma ja o ka-bia kam dedaane bonɛ selei sem, ye o kwei chwoŋa o laam vo o yi Jebusi tiina teo kom na ye Jerusalem to.
11Ba na twɛ Jebusi to, dedaane tega kam wora ka yi mo. Levi tu wom tontoŋeno ma ta o we, “Pa se dé ywori Jebusi tiina bam tei ne dé peini se tega ná poore, se dé laam viiri.” 12Levi tu wom ma leiri‑o o we, “Debam bá vo dé zo veira teo mɛ na dae Isarele dwi tiina na zoore to. Dé wó fɔɔre dé kɛ dé yi teo kodwoŋi mo.” 13O ta ma ta o tontoŋeno wom o we, “Kwaane se dé vo dé yi Gibea naa Rama teo se dé peini da.”
14Ba ma gaale Jebusi ba kɛ. Ba ma vo ba yi Gibea, de wɛ zo mo. Jei sem konto wo Benjamin laŋa kam ne mo. 15Ba ma ywori dáane se ba peini. Ba ma vo ba jei teo kom lara jei sem ne. Nɔɔn-nɔɔno maa wo tu ba tei se o ja-ba o ja o vo o sɔŋɔ se ba peini.
16Ba na wora to mo nɔn-kwea kadwoŋi déem nwoŋi o kara o tɔge da o maa jwoori sɔŋɔ. Wonto déem zoore Gibea ne ye o ya nwoŋi Efrayim zwonnu laŋa kam ne mo. O dae Benjamin dwi tu nenɛɛne teo kom tiina na ye tei to. 17Nɔn-kwea kam ma maane we, chwo-veilu mo jei teo kom lara jei sem ne. O ma bwei‑o o we, “Nmo nwoŋi yei ne mo n ba n jei ywo-seeni, ye n nam ma‑n vei yei mo?”
18Levi tu wom ma leiri‑o o we, “Debam zege Judah teo Bɛtelehem ne mo dé maa jwoori sɔŋɔ. A sɔŋɔ kom wo Efrayim zwonnu laŋa kam na ye yiga yiga de sam to mo. Nɔɔn-nɔɔno nam wo tu o ja debam o vo o sɔŋɔ se dé peini dé poore tega. 19Debam nam jege dé vara bam wodiu. Wodiu de sana maa wora se amo de a kaane wom dedaane a tontoŋeno wom di. Dé jege kolo maama dé na lage to.”
20Nɔn-kwea kam ma leiri o we, “Wɛ wó pa abam yazura. Á ba amo tei, se a nii á baŋa ne. Yé maŋe-na pwola kanto ne á peini.” 21O ma ja-ba o vo sɔŋɔ, ye o pa ba bonɛ sem wodiu. O veira bam ma zare ba nɛ, ye ba jeini se ba di wodiu.
22Ba na wora ba di ywoni konto to, mo teo kom nɔn-wo-korro tedwonna tua ba kaare sɔŋɔ kom ba pu ye ba dɔne ko bworo kom. Ba ma ta nɔn-kwea kam ba we, “Pa se veiru wom na tu o wo n tei ne to nwoŋi o ba ywo-seeni, se debam lage se dé lage‑o mo!”
23Nɔn-kwea kam ma nwoŋi o vo ba tei, ye o ta-ba o we, “A badwonna bam, yé ke-na lwarem dem konto, se ko wo maŋe! Yé swei-na we nɔɔno wom ye amo veiru mo. 24Nii-na amo bukɔ mo tento! O ta yeiri baara. Veiru wom de maa vei de o ka-bia mo. A wó ja banto a ba a pa abam se á ke-ba á na lage tei to. Se ko ná ye nɔɔno wonto, yé ke-na totoŋ-lɔŋɔ kom konto o yuu ne, se ko tiini ko jege chaveera mo.” 25Teo kom nɔɔna bam maa wo sɛ. Levi tu wom ma fe o yigi o ka-bia kam o pa o nwoŋi o vo ba tei. Ba ma zi‑o ba lage tete dem konto maama taa se ko taa nii te-pora. Tega na poore to mo ba yage‑o.
26Tega na jege ka poore to, mo kaane wom kwaane o vo o to o tigi nɔn-kwea kam diga ni ne, mɛ o baro wom déem na tigi da to. Wɛ puli mo ye o ta maŋe da o tiga. 27Tega kam na poore pa se Levi tu wom pore diga kam ni se o nwoŋi to, mo o nɛ we o ka-bia kam tigi diga kam ni ne, ye o kwaane se o ja ka ni dem. 28Nɔɔno wom ma ta o ka-bia kam o we, “Zaŋe se dé viiri.” Kaane wom maa wo leiri. O ma kwei‑o o daŋe o bonaga baŋa ne, ye o kwei chwoŋa o maa viira.
29O na yi sɔŋɔ to, mo o zo diga o lage seo o ma o gwoni o ka-bia yera yam kuni fuga-belei. O ma pɔɔre pɔɔre kaane wom yera yam o toŋe o pa Isarele dwia fuga-yalei yam maama. 30Wolo maama déem na nɛ keim dem konto to maa we, “Keim dento dwoŋi ta wo fɔge de ke se dé na. Ko na zege maŋa kalo Isarele tiina bam na nwoŋi Ejipti ne to, se ko yi zem maama, dé ta wo nigi tento! Bwɛ-na se dé nii dé wó ke tetɛ mo!”",https://www.bible.com/bible/3661/JDG.19.KBG
YIGA TIINA 20,"Isarele tiina kwaare jara de Benjamin tiina
1Isarele dwi tiina bam maama déem nwoŋi ba ke daane mo se ba kwaare jara. Ba ma vo Mizipa ba jeeri Baŋa Wɛ yiga ne. Ko na zege Dan laŋa kam seeni se ko yi Beeriseba, ko woli de Gilead laŋa kam to mo ba maama nwoŋi. 2Isarele nakwa bam ma zege ba dwia yam maama ne ba da ba jeeri de Wɛ nɔɔna bam. Ba kɔgɔ kom maa ye jar-keira morro bia yana (400,000) ye ba zei se-zɔɔro. 3Benjamin dwi dem ma ni we Isarele dwia yadwonna yam maama mo jeeri Mizipa wone. Isarele tiina bam maama ma bwei ba we, “Ko dɛ chwoŋa kɔ mo ye keim-lɔŋɔ konto toŋe?” 4Levi dwi tu wolo kaane ba na go to ma tole o we:
“Amo dedaane a ka-bia kam mo beeri de vo de yi Benjamin teo Gibea, ye dé boŋe se dé maŋe da dé peini se tega poore. 5Tete ne mo teo kom nɔɔna bam dɛ amo ŋwaane ba ba ba kaare sɔŋɔ kolo wone dé na tigi da to ba pu. Ba boboŋe dem mo ya ye se ba go amo. Ba laam ma zi a ka-bia kam ba lage pa se o te. 6A na maane we nɔɔna banto tiini ba toŋe chave-totoŋe Isarele teo kom ne to ŋwaane mo a gwoni a ka-bia kam yera yam, ye a laam pɔɔre-ya yera yera a toŋe a pa Isarele dwi maama. 7Konto to, abam maama na ye Isarele dwi tiina to, laam ja-na taane dem se dé lɔre kolo dé na wó ke to.”
8Isarele tiina bam maama ma ta dedaane kwora dedoa ba we, “Debam bá jwoori dé sam. Debam wone dedoa tete bá jwoori sɔŋɔ. 9Dé na wó ke tei to mo tento: Dé wó ta jɔrɔ mo se dé lɔre balo na wó da yiga ba vo se ba jeeri Gibea tiina bam de jara to. 10Isarele dwi dem maama wone mo, dé wó kuri nɔɔna fuga se ba nwoŋi nɔɔna bi maama wone, se nɔɔna bi de nwoŋi nɔɔna moro maama wone, ye nɔɔna moro nwoŋi nɔɔna morro fuga maama wone. Banto totoŋe wó taa ye se ba beeri wodiu mo ba pa jar-keira bam. Konto wó pa se jar-keira bam ná yi Gibea, ba wó wane ba yiri ba jene de nɔn-balwaaro tem lwarem kikia yam ba na ke Isarele teo kom ne to.”
11Nɔɔna bam maama déem ma ke ni dedoa se ba jeeri Gibea tiina bam se ba waare-ba. 12Isarele dwi tiina bam maama ma toŋe kwora ba pa Benjamin dwi tiina na wo mɛ maama to we, “Bɛŋwaane mo ye lɛɛro tento ke abam tetare ne? 13Ko dae se dé sɛ lwarem totoŋe dento dwoŋi Isarele ne. Konto to, pa-na se Gibea teo nɔn-wo-korro tem na ke totoŋe dem konto to nwoŋi pwooni se dé go-ba.”
Benjamin tiina bam maa wo sɛ ba cheigi ba dwonna Isarele tiina bam kwora kam. 14Ba ma zege ba teene dem maama wone ba nwoŋi. Ba ta ma vo ba jeeri Gibea ne se ba kwaare jara dedaane Isarele tiina badaara bam maama. 15Dɛ dem konto ne Benjamin tiina bam ma la jar-keira morro finlei-teredo ba ke daane. Nɔɔno maama ma zei o se-zɔɔ. Banto ma vo ba woli de nɔɔna bia yarepɛ balo na maŋe ba wo Gibea ne ye ba yei jara-keim laŋa to. 16Banto maama wone nɔɔna bia yarepɛ déem ye nɔn-gwei mo. Ba maama ná dole napana ba jeeri yu-yua de, ba bá ga-ka. 17Se ko ná ye Isarele dwi tiina balo maama na daare to, ba déem lage jar-keira morro bia yana mo ba ke daane. Ba maama maa yei jara keim chekke.
18Isarele tiina bam ma vo Bɛtel ba jeeri wara-jei sem ne. Ba ma bwei Wɛ ba we, “Debam dwi dɔ mo wó tɔge yiga ba jeeri Benjamin tiina bam?” Baŋa Wɛ ma leiri o we, “Pa-na se Judah dwi tiina bam da yiga ba vo ba jeeri-ba.”
19Tega na poore to, Isarele tiina bam ma gɔ ba vwoa yam ba vo Gibea ba chwi pa se ya bwola dedaane teo kom. 20Ba ta ma nwoŋi ba vwoa yam ne ba vo ba zege teo kom yiga ne se ba jeeri Benjamin tiina bam dedaane jara. 21Dɛ dem konto ne Benjamin tiina bam de ma nwoŋi teo kom ne ba jeeri Isarele tiina jar-keira bam. Ba ma go Isarele tiina bam nɔɔna morro finlei-telei (22,000). 22-23Isarele dwia yadwonna yam ma ke baare da kuri ne. Ba ta ma vo wara-jei sem ne ye ba keeri taa ba jare Baŋa Wɛ, se ko yi dedaan-ni maŋa. Ba maa we, “Dé daa ta véi dé jeeri dé chorro Benjamin tiina bam dedaane jara na?” Baŋa Wɛ ma leiri o we, “Véi-na á jeeri-ba de jara.” Ba ma jwoori ba vo ba fɔge ba zege nenɛɛne boboa dɛ dem ne ba na maŋe ba ke tei to.
24Da yalei dɛ dem ne, ba daa ma vo se ba jeeri Benjamin tiina bam dedaane jara. 25Dɛ dem konto ne, Benjamin tiina bam na nwoŋi Gibea teo kom ba kwaare jara de-ba. Ba daa ma go nɔɔna morro fuga-nana na yei jara keim chekke to.
26Isarele tiina bam maama ma jwoori ba vo Bɛtel ba keeri ba jare Baŋa Wɛ. Ba ya vɔge ni mo se ko yi dedaan-ni maŋa, ye ba daare ba kwei zwɛɛm pɛɛra dedaane yazura pɛɛra ba kaane ba pa Baŋa Wɛ. 27-28Kanto maŋa ne, dedaane Wɛ ni-gwonim dakaa kam wo Bɛtel ne mo. Finehase na ye Eleaza bu, ye o kwo-nakwe ye Aron to mo toŋe dakaa kam totoŋa o ma zuli Wɛ. Isarele tiina bam ma bwei Baŋa Wɛ ba we, “Dé véi se dé jeeri dé chorro Benjamin tiina bam de jara, naa dé yage ba yera?” Baŋa Wɛ ma leiri-ba o we, “Véi-na, se amo jwa wó pa se á di-ba.”
29Isarele tiina bam ma jwoori Gibea teo, ye ba pa se nɔɔna badwonna vwɛ ba kaare teo kom maama. 30Da yatɔ dɛ dem ne, ba daa ta ma vo ba jeeri Benjamin tiina bam de jara. Ba vei ba zege mɛ ba na maŋe ba zege kuni belei maama wone to mo. 31Benjamin tiina bam maama ma nwoŋi ba daare ba teo kom se ba jeeri-ba. Ba ta ma pa se ko zo Isarele tiina bam yera nenɛɛne boboa kam ne ba na ke tei to. Teo kom pwola kam ne mo ba go Isarele tiina bam nɔɔna fintɔ balo na duri ba tɔge chwei selo na vei Bɛtel dedaane Gibea to. 32Benjamin tiina bam maa tɛ daane we, “Debam daa di tega ba yera ne mo nenɛɛne boboa kam ko na ke tei to.” Se ko ná ye Isarele tiina bam, banto maa we, “Pa-na se dé tutwoni nenɛɛne dé wora dé duri mo se dé lu, se dé wane dé vaŋe-ba dé ja dé nwoŋi teo kom ne dé yi chwo-fare sem seeni.”
33Isarele tiina bam ma tutwoni ba vo ba jwoori ba tigisi Baal-Tamara ne ba zega. Isarele tiina balo ya na vwɛ ba kaare Gibea teo kom se ko maŋe dedaane ko wɛ-zoore seeni to ma pi ba nwoŋi. 34Isarele jar-keira bam wone, ba ya kuri nɔɔna morro fuga balo na tiini ba yei jara-keim chekke to mo. Banto ma vo ba yi Gibea ba jeeri Benjamin tiina bam de baare. Jara yam ma ba ya chɛ dedɛ. Benjamin tiina bam maa wo lɔre we ba momwɛ tiim maŋa bwola. 35Dɛ dem konto ne, Baŋa Wɛ pɛ se Isarele dwia yadwonna yam mo di Benjamin dwi tiina bam. Ba déem go Benjamin jar-keira morro finlei-tenu de bi (25,100) mo. 36Benjamin tiina bam ma maane we Isarele tiina bam di-ba.
Isarele tiina bam di Benjamin tiina bam
Isarele tiina bam nam ya tutwoni mo Benjamin tiina bam yiga ne ba jwoori kwaga, kokuri to, ba teena yam daŋe balo ba na pɛ se ba vwɛ ba kaare Gibea teo kom to baŋa ne mo. 37Nɔɔna balo ya na vwɛ to yɔɔre ba vɔɔre ba zaŋe mo ba duri ba zo Gibea teo kom ne, ye ba laam jage teo kom jei maama ne ba go wolo maama na zoore ko wone to. 38Isarele jar-keira balo na daare to nam ya ke ni-sɛɛm de balo na vwɛ to mo de memaŋe dento, we ba ná zo da se ba zwɛ-ko se nyoa zaŋe wɛɛne guli-guli. 39Konto maa ná kea, Isarele tiina bam wó pipiri se ba jeeri Benjamin tiina bam de jara yam. Kanto maŋa kam ne, dedaane Benjamin tiina bam ya go Isarele tiina bam nɔɔna fintɔ mo. Ba maa tɛ daane ba we, “Ɛhɛɛ! Dé daa wora dé di Isarele tiina bam nenɛɛne boboa kam ne ko na ke tei to.”
40Nyoa déem ma bobo se ka nwoŋi teo kom ne ka zaŋa guli guli ka maa diini wɛ. Benjamin tiina bam ma pipiri ba na we nyoa mo zaŋe ba teo kom maama wone. 41Isarele tiina bam ma pipiri ba de jeeri-ba de jara yam. Benjamin tiina bam boboŋa ma jei, kokuri ba lɔre we chɔgem mo yi-ba. 42Ba ma kwaane se ba duri ba lu Isarele tiina bam, ye ba kwei kagoa chwoŋa kam ba dura. Isarele tiina bam maa wo pɛ-ba chwoŋa se ba lu. Ba badwonna ma nwoŋi ba teene dem ne ba ke Benjamin tiina bam ba tetare ne, ye ba laam go-ba. 43Ba na ke-ba tetare ne konto to, Isarele jar-keira bam ta pare Benjamin tiina bam konto mo ba kɛ ba vo Gibea wɛ-puli seeni, ye ba yɔɔre ba goe-ba chwoŋa kam yuu ne. 44Benjamin tiina jar-keira balo na yei jara laŋa chekke to morro fuga-nana mo tega. 45Benjamin jar-keira badwonna ma duri ba yɔɔre kagoa kam seeni se ba kwaane ba vo ba yi Rimon peo kom. Isarele tiina bam na pare-ba to, ba ma go nɔɔna morro tenu chwoŋa kam yuu ne. Ba ta ma pare-ba taa ba vo ba yi Gidom teo, ye ba go Benjamin jar-keira morro telei ba woli da.
46Ko kweelim ne to Benjamin jar-keira bam morro finlei-tenu na ye jara bembɛ to maama mo tega dɛ dem konto ne. 47Ba nɔɔna bia yaredo ma wane ba duri ba yi Rimon peo kom ye ba lu. Banto maŋe jei sem konto ne mo chane sena. 48Isarele tiina bam laam maa na jwoori jara yam wone to, ba ma vo ba zo Benjamin tiina teene dem maama wone, ye ba go nɔɔna balo maama na zoore de wone to. Ba ta go teene dem vara de kolo maama ba na nɛ to mo, ye ba daare ba zwɛ-de.",https://www.bible.com/bible/3661/JDG.20.KBG
YIGA TIINA 21,"Ba beeri kaana ba pa Benjamin tiina
1Isarele tiina bam déem ya jeeri Mizipa ne ba du duuri we, “Debam wolowolo bá pa Benjamin dwi tu di debam bukɔ kɔtaa!”
2Ba jara yam na ti to, Isarele tiina bam ma la daane ba gilimi Bɛtel ne. Ba ma tiini ba kaase ye ba keera se ko taa vei dedaan-ni ne, ba wo na pɛ to ŋwaane. 3Ba ma lwoori Wɛ ba we, “Debam Tu Isarele tiina Baŋa Wɛ wom, bɛŋwaane mo wonnu tento to debam baŋa, pa se sɔ-yuu kodoo lage ko jei Isarele dwi tiina bam tetare ne?”
4Tega na poore tetete to, nɔɔna bam ma zaŋe ba lɔ kaanem bimbini ye ba kwei zwɛɛm pɛɛra de yazura pɛɛra ba kaane ba pa Baŋa Wɛ. 5Isarele tiina bam maama ma bwei daane we, “Debam na tu dé jeeri Baŋa Wɛ yiga ne konto to, Isarele sɔ-yuu kɔ mo wo dɛ ba jeeri?” Ba bwei konto kolo ŋwaane ba ya dugi duuri mo we, wolo maama ná wo tɔge o jeeri Mizipa ne, se ba go kotu.
6Isarele tiina bam maama wo ma pɛ, ba chorro Benjamin dwi tiina bam ŋwaane. Ba ta maa we, “Zem dɛ dento, Benjamin sɔ-yuu kom wora ko jei mo Isarele ne. 7Debam nam ya na dɛ yiga dé du duuri we dé bá pa ba di dé wolowolo bukɔ to, dé laam wó na kaana yei ne mo, se dé pa Benjamin tiina baara balo fenfee na daare to?”
8Ba daa ta ma bwei daane ba we, “Isarele sɔ-yuu kɔ mo wo dɛ ko ba Mizipa se dé maama jeeri Baŋa Wɛ yiga ne?” Ba ma maane we nɔɔn-nɔɔno wo nwoŋi Jabese Gilead ne o ba o woli ba kɔgɔ kom wone. 9Kokuri to, ba ya jeeli nɔɔna bam ni mo, ye ba wo nɛ Jabese Gilead nɔɔna bam wolowolo da.
10Isarele tiina kɔgɔ kom ma kuri ba jar-keira morro fuga-balei (12,000) balo na tiini ba ye babɛ to se ba vo Jabese Gilead. Ba ma pa-ba ni dento we, “Abam ná yi da, se á kwei á se-zɔɔro tem á go nɔɔno wolo maama na wo dáane to, kaana ywoo, bia ywoo, yé daare-na nɔɔn-nɔɔno.” 11Ba ta maa we, “Go-na baaro dwi maama de kaane dwi maama se á daare kaana balo ta na yeiri baara to yerane.” 12Babɛ sem na yi Jabese Gilead to, mo ba maane we bukɔ-pwoli bia yana (400) wora ba ya ta na wo lɔre baara. Ba ma ja-ba ba vo Siloo teo, mɛ Wɛ kɔgɔ kom na jeeri to. Jei sem konto wo Kanaan tega baŋa ne mo.
13Isarele kɔgɔ kom maama ma ke ni dedwe ye ba toŋe kwora ba pa Benjamin tiina balo na seigi Rimon peo kom ne to we jara yam ti, konto to pwola laam wora se ba sɛ se ba ke daane. 14Benjamin tiina bam ma jeeri Isarele tiina bam, ye ba de pa-ba bukɔ-pwoli selo ba na wo go ye ba ja ba nwoŋi Jabese Gilead ne ba ba to. Bukwa bam déem maa wo yi Benjamin tiina baara bam.
15Isarele tiina bam wo ma tiini ko chɔge Benjamin tiina bam ŋwaane, kokuri to Baŋa Wɛ sɛ se gwoŋo mo peini Isarele dwia yam tetare ne. 16Ba kɔgɔ kom nakwa bam ma ta ba we, “Benjamin kaana bam maama tege ba ti. Dé laam nam wó na kaana yei ne mo se dé pa balo na daare Benjamin dwi dem wone to? 17Benjamin dwi tiina balo na daare to jege se ba puli mo. Isarele sɔ-yuu dedoa tete ba jege se ko jei. 18Debam nam dɛ yiga dé du duuri dento mo we, ‘Sensɔle-balɔrɔ wó taa wo wolo maama na wó pa Benjamin tiina bam o bukɔ to yuu ne.’ Konto ŋwaane, dé bá wane dé pa-ba dé bukwa se ba ji ba kaana.”
19Ba ma boŋe ba ja we, “Baŋa Wɛ kuri dem dé na yeini dé di bene maama Siloo ne to bá daane de yi.” Siloo wo Bɛtel teo kom baŋa seeni mo. Ko ta maa wo chwoŋa kalo na nwoŋi Bɛtel ne ka vei Sɛkɛm to wɛ-puli seeni. Lebona kuri seeni mo konto.
20Ba ma pa Benjamin tiina bam ni dento we, “Véi-na á seigi Vini teeni kare sem wone, 21se á ta‑á yera chwoŋa kam. Siloo tiina bukwa bam ná nwoŋi teo kom se ba tɔge ba sa kwɛɛra yam, se á zaŋe á na seigi mɛ to á nwoŋi á yi á ja-ba, baaro maama de o kaane, se á ja-ba á vo Benjamin laŋa kam á ta‑á jega. 22Bukwa bam kwoa naa ba nabwa ná wo sɛ se á ta‑á di-ba, debam laam wó lwoori-ba we, ‘Popo, yage-na chwoŋa se nɔɔna bam taa jege á bukwa bam ba di. Kokuri jara yam na ke to, debam wo wane dé lage kaana dé pa-ba. Abam de nam wo yiri á ni dem, kolo ŋwaane abam tete wo kwei á bukwa á pa-ba.’ ”
23Benjamin tiina bam déem ma seene ba ke konto. Ba vei Siloo seeni mo, ye ba kuri bukɔ-pwoli selo na sae to wone ba ja ba viiri, baaro maama de o kaane. Ba ma jwoori ba zoorem jei. Ba ma lɔ ba teene dem ba zoore de wone.
24Konto kwaga ne mo Isarele tiina bam maama laam jwoori ba sam. Sɔ-yuu maama de diga maama jwoori ba jeiŋa jei mo.
25Maŋa kam konto, pɛ déem ta tera Isarele ne. Nɔɔno maama maa ke o boboŋa na lage tei to.",https://www.bible.com/bible/3661/JDG.21.KBG
RUF 1,"Nawomi de Ruf taane
1Faŋa faŋa pa se dedɛɛra nii Isarele tiina bam baŋa ne ye ba ta wo tiŋi pɛ to, mo kana déem tu ba teo kom. Nɔɔno wodwoŋi déem maa wora, o na nwoŋi Judah teo kodwoŋi, ko yere mo Bɛtelehem. Nɔɔno wom de o kaane de o bakeiri selei ma zaŋe ba vo Moaba teo se ba taa zoore da maŋa fenfee wone. 2Nɔɔno wom yere mo Elimeleka. O kaane yere maa ye Nawomi. O bakeiri sem yera maa ye Maalon de Kilion. Ba déem ye Eferata dwi dem tiina mo ba na nwoŋi Judah teo, Bɛtelehem. Ba ma seene ba vo ba zoore Moaba teo kom ne. 3Ba na wora to, Elimeleka ma te ye o daare Nawomi de o bakeiri selei sem. 4Banto ma swo Moaba bukwa ba ma ke ba kaana. Dedoa yere mo Orepa, wodwoŋi wom yere maa ye Ruf. Ba déem ma zo Moaba ne ba yi bena fuga. 5Maalon de Kilion de déem ma te. Ko laam ma daare Nawomi, ye o daa ba jege baro naa bu-baara.
6Nawomi ta na wo Moaba laŋa ne konto to mo o nigi we Baŋa Wɛ woli o nɔɔna bam pa se ba na wodiu ba di. O na nigi konto to, o ma zaŋe dedaane o bu-kaana Orepa de Ruf, se o jwoori o vo o tete teo kom. 7Ba maama ma zaŋe ba yage ba déem na zoore mɛ to ye ba tɔge chwoŋa ba maa vei Judah teo kom. 8Nawomi ma ta de o bu-kaana balei bam o we, “Abam maama jwoori-na á niina tei. Baŋa Wɛ wó ke abam lanyerane, nenɛɛne abam ya na ke amo de á banna bam lanyerane tei to. 9Wɛ wó pa abam chwoŋa se á zo banna badwonna ye á na yazura ba sam ne.” O ma kukwori-ba ye ba keeri bɔge-bɔge. 10Ba ma leiri‑o ba we, “Dé bá yage‑m! Dé wó tɔge nmo mo dé vo n nɔɔna bam tei.”
11Nawomi maa we, “A bukwa bam, jwoori-na á daare-ne. Bɛŋwaane mo á boŋe se á tɔge-ne á vo? Amo daa lage a lo bakeiri se ba ji abam banna mo na? 12Jwoori-na á sam, se a tiini a kwe a kɛ ban-zore. A ya ná maŋe a boŋe we a wó wane a lo bia, ye a ná nɛ baro zem se a daare a lo bakeiri mo de, 13abam ta wó jeini á cheigi se á zo-ba na? Abam bá zo banna badwonna na? A bukwa bam, ko bá ke konto. Ko tiini ko chamma amo yerane ko dwoi abam, kolo ŋwaane Baŋa Wɛ mo chɔge a yiga.”
14Nawomi na tage konto to, ba daa ma keeri bɔge-bɔge. Orepa laam ma kukwori o baro nu Nawomi ye o bane‑o. Ko daare Ruf ma fɔge o pɛ Nawomi o ja. 15Nawomi na nɛ konto to, o ma ta de Ruf o we, “N wo nɛ na? Nmo yuudwoŋi wom maa jwoori o nɔɔna bam tei se o daare o taa zuli ba dwi jwona yam mo. Nmo de kwaane se n ke konto.”
16Ruf ma leiri‑o o we, “Yé fe-ne se a ke kolo a na vae to, se a bá ywori n kwaga ne. Nmo na lage n vo jei selo maama to, amo de wó tɔge a vo. Nmo na wó ta‑n zoore mɛ to, amo de wó zo dáane. Nmo nɔɔna bam wó taa ye amo de nɔɔna. Wɛ wolo nmo na zuli to mo, amo de wó zuli. 17Nmo na wó ba n te mɛ to, dáane mo amo de wó te se ba suli-ne da. Wɛ wó waare-ne lanyerane nenɛɛne a ná sɛ se woŋo pɔɔre debam daane ye ko dae toone yerane.” 18Nawomi na maane we Ruf seene o yia se o tɔge‑o to, o daa wo tage kolokolo.
19Ba ma vo taa ba vo ba yi Bɛtelehem. Ba na yi da to, ko ma ke teo kom nɔɔna bam yaau. Kaana bam ma bwei daane ba we, “Nawomi mo tento na?” 20Nawomi ma ta o we, “Dam-fɔrɔ Tu Wɛ wom pɛ se a ŋwea ke cham mo. Konto ŋwaane, daa á yé bwoŋi-na a yere we Nawomi. Nam ta‑á bwoi a yere we Mara. 21A na nwoŋi ywo-seeni to, a jeŋa wonnu déem daga dedɛ. Baŋa Wɛ laam ma pa se a jwoori de je-kore. Dam-fɔrɔ Tu Wɛ wom mo lɔge a kwaga ne ye o daare o ja cham dedɛ o ba a baŋa ne. Konto to, bɛŋwaane mo á daa wó ta‑á bwoi a yere we Nawomi? Ko ba jege kuri.”
22Ko déem ke konto mo ye Nawomi nwoŋi Moaba o jwoori o vo Bɛtelehem, wonto dedaane Moaba tiina bukɔ Ruf na ye o bu-kaane to. Maŋa kalo ba na bobo se ba zage chaara to mo ba yi da.",https://www.bible.com/bible/3661/RUT.1.KBG
RUF 2,"Ruf de Bowaza jeeri daane
1Nawomi choro kodwoŋi déem mo wora o na nwoŋi o baro Elimeleka sɔ-yuu kom to, o yere mo Bowaza. O maa ye nadum ye o jege yere lanyerane. 2Dɛ dedwe Moaba tiina bukɔ Ruf ma ta de Nawomi o we, “Pa se a vo kare sem wone a lare mena. Amo wó beeri nɔɔno wolo na wó pa-ne chwoŋa se a ke konto to.” Nawomi ma sɛ ye o we, “A bukɔ, nam véi.”
3Ruf ma nwoŋi o vo o beeri kare sem wone. O ma tɔge tontoŋena bam kwaga o lare mena yam. Ko na lage ko wonnu to, o ma vo o yi kara kalo na ye Bowaza nyem to. Wonto nwoŋi Elimeleka sɔ-yuu kom mo.
4Ko na ke fee to, Bowaza ma nwoŋi Bɛtelehem teo wo o yi kara kam. O ma ware o tontoŋena bam o we, “Baŋa Wɛ taa wo á tei ne!” Ba ma sɛ ye ba we, “Baŋa Wɛ wó swɛ nmo swolim!” 5Bowaza ma bwei o tontoŋena yiga tu wom o we, “Bukɔ wom ye wɔ bu mo?” 6Yiga tu wom ma leiri o we, “O ye Moaba tiina bukɔ mo ye o tɔge de Nawomi o ba ywo. 7O nam lwoori-ne mo se a pa‑o chwoŋa se o taa tɔge tontoŋena bam kwaga o lare mena yam. O tu zezeŋa ne mo o toŋe ywo ye o laam zaŋe o vo se o jeini vwei dem ne.”
8Bowaza ma vo o ta de Ruf o we, “A bukɔ, cheigi-ne. Daa‑n yé véi nɔn-gaa kara n lare mena, ko ná dae kara kanto ne. Maŋe ywo-seeni n tɔge de kaana bam se á ta‑á toŋa. 9Maane se n nii ba na wó gwei mena yam mɛ de mɛ to, se n ta‑n wo kaana bam tei ne. Amo kaane baara bam se ba yé daane‑m. Na-nyɔm ná jege‑m, se n twei na kɔɔra balo nɔn-donno tem na mɔɔne na ba ke da to wone n nyɔ.”
10Ruf na nigi konto to, o ma vwi o yibia tega ne ye o ta de Bowaza o we, “Amo tu, bɛŋwaane mo n yiga tiini ka wora de amo tento? Amo na ye veiru abam teo kom ne to, bɛŋwaane mo n ke-ne lanyerane konto?” 11Bowaza ma leiri‑o o we, “Amo lɔre woŋo kolo maama n na ke n pa Nawomi, ko zege n baro wom na tega se ko ba ko yi zem to. A nigi we n yage n kwo, de n nu, de n teo kom kwaga ne mo, ye n daare n ba n zoore ywo, de nɔɔna balo n na maŋe n yeiri to. 12Baŋa Wɛ wó jwoori o ŋwe nmo keim-laaro tem jene, pa se n na wo-laaro dedɛ o tei ne. N tu Isarele tiina Baŋa Wɛ wom tei mo se o yarege o vɔna o kwoli‑m, ye wonto wó seene o woli‑m.” 13Ruf ma leiri o we, “Amo tu, a ke n lei. N tiini n ke-ne lanyerane pa se a bochare zuri de n taane dem, ye a maŋe a wo yi n tontoŋena bam dedoa de.”
14Ba na jeini se ba di wodiu to, Bowaza ma ta de Ruf o we, “Ba n woli debam wone se dé di wodiu.” O ma jeini tontoŋena bam tei ne se o di. Bowaza ma daare o pa‑o men-wɔa. O ma di o su ye o daare kodwoŋi. 15Ruf laam ma zaŋe o maa vei se o lare mena yam. Bowaza ma pa o nɔn-donno tem ni o we, “Pa-o-na chwoŋa se o taa lare mena yam, de ko ná maŋe ko ye men-zwaro tem na wo mɛ to de. Á yé che-na o yiga. 16Á ná wora á pɛ mena yam, le-na men-ŋona yadwonna á paale á de tega ne se o wane o lare-ya. Yé bwɛ-o-na.”
17Ruf ma vo kara kam o wora o lare mena yam se ko taa vei dedaan-ni ne. O ma fere-ya ye o na se ko maŋe de kuriwaa bu dedoa. 18O ma kwei mena yam o zeŋe o jwoori teo kom wone ye o vo o bere o baro-nu Nawomi o na nɛ ko ma tei to. O ma daare o pa‑o wodiu kolo o ya na di o daare to. 19Nawomi ma bwei‑o o we, “N vei n toŋe wɔ kara ne mo ye n na tento maama? Ko ná ye wolo na nii n baŋa ne to, Wɛ wó swɛ o swolim.” Ruf ma ta o bere‑o o na vei o toŋe nɔɔno wolo kara ne to, ye o we, “Nɔɔno wom yere mo Bowaza.” 20Nawomi ma fɔge o ta o we, “Baŋa Wɛ wó swɛ Bowaza swolim! Wɛ ta yeini o ke lanyerane o pae nɔn-ŋwena de balo na tege to.” O ta ma ta o we, “Bowaza ye debam yera nɔɔno wolo na maŋe se o nii debam baŋa ne to.” 21Ruf daa ta ma ta o we, “Kolo na woli da to mo ye o pɛ chwoŋa se a tɔge de o tontoŋena bam a lare mena yam se ko taa nii ba kara kam totoŋa maama ná ti.” 22Nawomi ma leiri o we, “A bukɔ, n ná tɔge de Bowaza tontoŋ-kana bam n toŋa, ko gara. N ná vei nɔn-gaa kara, ba wae ba daane‑m.”
23Ruf ma seene o ke konto. O ma sale Bowaza tontoŋena bam yera ne o lare mena yam se ba ba ba ti mena yam zagem maama. O déem maa zoore o baro-nu Nawomi tei ne.",https://www.bible.com/bible/3661/RUT.2.KBG
RUF 3,"Ruf nɛ baro
1Dɛ dedwe, Nawomi ma ta de Ruf o we, “A bukɔ, ko maŋe se a kwaane a lage jeiŋa jei a pa‑m, se n ta‑n zoore da dedaane yazura. 2Chega to, Bowaza wolo n na toŋe o tontoŋ-kana bam tei ne to ye debam yera nɔɔno mo. Zem dedaan-ni ne o wó taa wo mena ferem jeiga kam ne se ba chaare o mena yam. 3Véi n swɛ n yera n daare n kwɛ n tete lanyerane de terale nuga dedaane gwaaro telo na lana to. Laam zaŋe n vo mena ferem jeiga kam se n jeeri‑o. Nam yé pa se o lɔre nmo ko taa nii o na di wodiu o ti to. 4O ná vei se o peini, maane o na tigi o dɔa mɛ to, se n laam vo n zeiŋi o gare-jale dem o nɛ sem seeni ye n daare n peini dáane. O wó ta de nmo n na wó ke woŋo kolo to.” 5Ruf ma leiri o we, “N na tage kolo maama to, amo wó ke.”
6Ruf déem ma vo mena ferem jeiga kam o ke kolo o baro-nu wom na tage o bere‑o to. 7Bowaza na di wodiu o ti to, o wo ma pwoli lanyerane. O ma vo men-pwoa yam teiŋa ne o tigi da o dɔa. Ruf ma lɔɔre o vo mɛmɛ o yi o tei. O ma puri o gare-jale dem o nɛ sem seeni ye o peini dáane. 8Tete-koro ne Bowaza yera maa sae ye o pipiri. O ma pɔpɔ o na kaane na tigi o nɛ sem seeni. 9O ma bwei o we, “Nmo ye wɔ mo?” O ma leiri o we, “N bukɔ Ruf mo. Amo tu, nmo ye debam yera nɔɔno wolo na maŋe se n nii amo baŋa ne to mo. Nam kwei n gare-jale n ma n pu amo se a zo n woro kom wone.”
10Bowaza ma leiri o we, “A bukɔ, Baŋa Wɛ wó swɛ nmo swolim. Nmo lanyerane keim dento dwoni faŋa keim dem. N wo sɛ n tɔge teo kom nɔn-donno tem kwaga, ba ya ze jege wonnu naa ba ná ye zora de. 11A bukɔ, nam yé ta‑n fona. N na lage woŋo kolo to, a wó ke a pa‑m. Teo kom nɔɔna bam maama maane we n ye ka-yero mo. 12Ko ye chega mo we amo ye n yera nɔɔno, se nɔɔno wodwoŋi wora o na wo yiga ne o dwoi amo se o nii n baŋa ne. 13Ta‑n tigi ywo-seeni tete dento maama, se tega ná poore, dé wó bwei dé nii o boboŋa tɔge keim dento naa ya ba tɔga. O ná sɛ se o ke konto, ko lamma. A dugi de Baŋa Wɛ wolo na ŋwe to yere we, o daa ná wo sɛ, amo wó taa nii n baŋa ne. Peini ywo-seeni se ko taa vei te-pora.”
14Ruf ma peini Bowaza nɛ sem seeni. O ma daare o gwoni tega o zaŋe lela se nɔɔn-nɔɔno yé na‑o. Kokuri to, Bowaza ba lage se nɔɔn-nɔɔno lɔre we Ruf tu o tei. 15Bowaza ma ta o we, “Dɔne n gare-vɔɔ kom n lware tega ne.” O ma lware-ko. Bowaza ma lwo chaara bwɛ seredo o ke da o daare o ja o zeŋe‑o. O laam ma jwoori o vo teo kom wo.
16Ruf na yi sɔŋɔ to, o baro-nu Nawomi ma bwei‑o o we, “A bukɔ, n na vei da to, ko ke tɛ mo?” Ruf ma ta o bere‑o woŋo kolo maama Bowaza na ke o pa‑o to, 17ye o we, “O we a yé jwoori de je-kore. O ma pa-ne mena yanto maama.” 18Nawomi laam ma ta de Ruf o we, “Nam zuri n yera se dé nii tento maama na lage ko ke tei to. Bowaza ná wo nɛ taane dem kuri, o bá sii.”",https://www.bible.com/bible/3661/RUT.3.KBG
RUF 4,"Bowaza swo Ruf
1Bowaza ma vo teo kom manchwo-peena yam ni o jeini mɛ nakwa bam déem na jei ba di taane to. Ko na ke fee to, o yera nɔɔno wolo de daa na tiini o bwola ye o ta o taane to ma tɔge da o maa kɛa. Bowaza ma bwoŋi‑o o we, “A choro, ba n jeini ywo.” O ma vo o jeini da. 2Bowaza ma bwoŋi teo kom nakwa fuga o pa ba de jeini ba tei ne. Ba na jeini to, 3o ma ta de o choro kom o we, “Nawomi laam nwoŋi Moaba o jwoori o ba. O maa lage se o kwei debam choro Elimeleka tega kam o yeigi. 4Amo na boŋe tei to, ko maŋe se n ta‑n yei ko ni ne. Nmo ná laga se n yeigi tega kam, se n yeigi-ka nakwa bam de nɔɔna balo maama na jei ywo to yiga ne. N ná lage n jwoŋi-ka, nam jwoŋi! N daa‑n ná ba laga, se n ta se a lɔre. Nmo mo wó da yiga se n yeigi-ka. Nmo nam ná wo yeigi-ka, amo wó wane a yeigi.” Nɔɔno wom ma leiri o we, o wó yeigi-ka.
5Bowaza maa we, “Tɔ. N nam ná yeigi tega kam Nawomi tei ne, ta‑n yei we, nmo wó lɛɛre n swo Ruf na ye kadeim ye o nwoŋi Moaba to n woli da. Konto mo wó pa se tega kam maŋe o bar-dwooru wom dwi jeŋa ne.” 6Nɔɔno wom na nigi konto to, o ma ta o we, “Ko nam ná ye konto, amo daa bá yeigi tega kam. A ná yeigi-ka, a bia jwa bá taa tei-ka. Nmo nam ná wó leiri a yuu ne n yeigi-ka, se n ke konto.”
7Ko déem na yeini ko ke tei Isarele tiina bam tei ne to, nɔɔna ná yeigi wonnu ba pa daane, ba dedoa mo wó le o natere o kwei o pa wodwoŋi wom, se ko bere we ba sɛ pipiu kom. Konto déem bere we keim dem tɔge chwoŋa chekke. 8Konto ŋwaane, Bowaza choro kom na tage o we, Bowaza mo wó yeigi tega kam to, o ma le o natere o pa‑o. 9Bowaza laam ma ta de nakwa bam, de balo maama na wora to o we, “Abam maama zem nɛ we amo yeigi woŋo kolo maama ya na ye Elimeleka nyem to, ko woli de o bia Kilion, de Maalon de wonnu maama Nawomi tei ne. 10Ko ná ye Moaba tiina bukɔ Ruf wolo na ye Maalon kadeim to, amo jwoŋi‑o a woli da pa se o ye a kaane. Konto wó pa se too wom yere taa wo o jejegero baŋa ne, ye o dwi taa twoŋi taa dé teo kom ne. Abam zem maane we ko ye chega.”
11Nakwa bam de balo maama na wo teo kom manchwo-peena yam ni ne to ma sɛ ye ba we, “Debam seene dé na kolo na ke to. Baŋa Wɛ wó pa se kaane wolo n zem na swo to lo bia, nenɛɛne Racheli de Leah déem na loge bia pa se Isarele dwi dem daga to. Wɛ wó pa se nmo tiini n ji nadum Eferata teo ne ye n ta‑n jege yere Bɛtelehem teo ne. 12Baŋa Wɛ wó pa kaane wonto lo bia dedɛ o pa‑m, pa se n dwi dem yere zaŋe nenɛɛne Judah de Tamara déem na loge Pɛreza ye o pa Judah sɔŋɔ kom yale tei to.”
Bowaza dwi dem se ko yi David
13Bowaza ma kwei Ruf o ma ke o kaane. Ba ma peini daane. Baŋa Wɛ ma pa se Ruf ja puga, ye o lo bakeira. 14Teo kom kaana bam laam ma ta de Nawomi ba we, “Baŋa Wɛ maŋe de tia! Kokuri to, o zem pɛ‑m naa se o taa nii n baŋa ne. Wɛ wó pa se bu wom yere zaŋe Isarele tiina maama tei ne! 15Wonto wó pa se n ŋwea daa taa jege ywoni ye o fɔge o nii nmo baŋa ne n kokweero maŋa ne. N bu-kaane Ruf mo loga. Wonto nam tiini o swoi‑m lanyerane ye o dwoi bu-baara barepɛ n tei ne.”
16Nawomi ma jwoŋi bu wom ye o kwei‑o o feiri o tete bochare ne. O ma lɛɛre o jege‑o o kɔna. 17Kaana balo na zoore ba bwola de-ba to maa we, “Nawomi bu mo tento.” Ba ma pa bu wom yere we Obeda. Wonto déem mo loge Jesse. Jesse de ma ba o lo Pɛ David.
18Pɛreza dwi dem taane mo tento:
Pɛreza déem mo loge Hezeron. 19Hezeron ma lo Ram. Ram de ma lo Aminadabi. 20Aminadabi ma lo Naason. Naason ma lo Salimon. 21Salimon ma lo Bowaza. Bowaza de ma lo Obeda. 22Obeda déem ma lo Jesse. Jesse de ma lo Pɛ David.",https://www.bible.com/bible/3661/RUT.4.KBG
1 SAMUWEL 1,"Samuwel lora de o biini taane
1Nɔɔno wodwoŋi déem mo wora, o yere mo Elikana. O déem nwoŋi Eferata dwi dem wone mo, de Zufa sɔ-yuu kom ne. O kwo yere maa ye Jeroham, ye o nabaara ye Elihu, de Tohu, de Zufa. O déem zoore Efrayim zwonnu laŋa kam teo kodwoŋi ne, ko yere mo Rama. 2Elikana kaana déem ye balei mo. Ba dedoa yere mo Hanna, wodwoŋi wom yere maa ye Penina. Penina déem maa jege bia ye Hanna ba jege bu.
3Bene maama ne, Elikana yeini o zege Rama ne o ja o diga kam maama mo o vo wara-jei sem na wo Siloo ne to se o zuli Paŋwa Tu Baŋa Wɛ, ye o daare o ke kaanem o pa‑o. Eli bia balei bam, Hofini dedaane Finehase déem mo ye Baŋa Wɛ kaanem tiina bam Siloo ne. 4Elikana ná yeini o ke kaanem konto, o yeini o maŋe nɔna yam mo o pa Penina, ye o daare o kwei yadwonna o pa o bia bam de. 5Se ko ná ye Hanna, Elikana yeini o maŋe nɔna yam kuni belei o pa‑o, o na tiini o swoi‑o to ŋwaane mo. Baŋa Wɛ nam wo pɛ pwola se wonto lo bia. 6Konto ŋwaane, Hanna ka-dwoŋi Penina maa yeini o ke‑o o mɔna, ye o daare o pae ko zoore o yera lanyerane. 7Ko maa ye konto mo bene de bene. Ba ná vei Baŋa Wɛ wara-jei sem ne, Penina wó tiini o pa ko chɛ Hanna yera mo. O de déem maa yeini o ve se o di wodiu, ye o lɛɛre o da keira yerane taa. 8O baro Elikana laam ma yeini o bwei we, “Hanna, bɛŋwaane mo ye n ve wodiu. Bɛ mo ye n wo tiini ko chɔge konto? Yé ta‑n keera. Amo ba dwoi bia fuga n tei ne na?”
9Maŋa dedoa ne, ba na vei Siloo ye ba di ba ti to, mo Hanna zaŋe o zo wara-jei sem ne, se o ware Baŋa Wɛ. Konto de Wɛ kaanem tu Eli déem ya jei diga kam ni ne, o na yeini o jei mɛ to. 10Hanna yiga ma tiini ka nyɔne, ye o keera. O ma lwoori Baŋa Wɛ, 11ye o pwooli o we, “Paŋwa Tu Baŋa Wɛ, amo ye nmo tontoŋeno mo. Nii lɛɛro tento a na wo te wone to, se n guli amo gula. Nmo ná wo swei amo swia, ye n ná pɛ-ne bakeira, amo nam lage a jwoori a kwei‑o mo a pa nmo, se o ŋwea maama wone o taa ye nmo nyem. Fan-choa de nam bá fɔge ka tɔge o yuu ka kɛ.”
12Hanna ma tiini o lwoori Baŋa Wɛ wara-jei sem ne o dáane, ye Eli de maa jei o nii‑o. 13Hanna wɛ-lworo kom maama déem ke o bochare ne mo. O ni-vɔɔro tem déem mage daane mo, ye o kwora ba zaŋa. Eli na nɛ konto to, o déem boŋe we kaane wom nyɔge sana mo o su. 14O ma ta de Hanna o we, “Nmo zo ywo se n bere n sa-nyɔre totoŋa mo na? Yage n sa-nyɔre kikia yam konto!”
15Hanna ma leiri‑o o we, “Aawo! Amo wo nyɔge sana kɔtaa! Amo ye kaane wolo na tiini a na daanem to mo. Konto ŋwaane nam mo amo yɔɔre a lwo a wo-chechɔgɔ kom maama a tiŋi Baŋa Wɛ yiga ne. 16Yé ta‑n boŋe we amo ga ye ka-yɔɔ mo, se ko ye a wo mo chɔge dedɛ ko ja kɛ jeŋa. Konto mo tei a tiini a lwoori Wɛ.”
17Eli laam ma ta ded‑o o we, “Ko nam ná ye konto, zaŋe n vo de yazura, se Isarele tiina Wɛ wom wó pa‑m n na beeri kolo to.” 18Hanna ma leiri o we, “Amo tu. A ke n lei. Wɛ wó pa a kikia su n yi.” O ma zaŋe o viiri, o vo o di wodiu. O yiga daa maa wo nyɔne.
19Tega na poore tetete to, Elikana diga tiina bam maama daa ma zo wara-jei sem ne ba zuli Baŋa Wɛ, ye ba daare ba jwoori sɔŋɔ Rama ne. Elikana déem ma peini de o kaane Hanna. Baŋa Wɛ ma sɛ Hanna na lwoori kolo o tei ne to. 20Hanna ma ba o ja puga ye o lo bakeira. O ma pa bu wom yere we ‘Samuwel’. Kokuri to, o déem tage mo o we, “Amo lwoori Baŋa Wɛ mo ye a jwoŋi‑o.”
Hanna ke Samuwel Wɛ jeŋa ne
21Bene dedwoŋi déem daa ma yi se Elikana de o diga tiina bam jwoori ba vo Siloo ba ke kaanem ba pa Baŋa Wɛ, se Elikana de kwei ni delo o ya na tiŋi o pa Wɛ to. 22Hanna maa wo tɔge de-ba o vo. O déem tage de o baro wom mo o we, “Yage se a ná tu a kwori bu wom yele, a tete wó ja‑o a vo wara-jei sem se a ke‑o Baŋa Wɛ jeŋa ne. O maa wó maŋe da se ko vo ko yi o toone.” 23Elikana ma leiri o we, “Nam ke kolo maama na maŋe ko pa‑m to. Maŋe ywo se bu wom waare. Baŋa Wɛ nam wó pa se o ni dem ji chega ko pa‑m.”
Hanna ma maŋe sɔŋɔ ne ye o kɔne o bu wom. 24Bu wom na tu o kwori yele to, mo Hanna jaane‑o o vo Siloo. O ta maa jege bena yatɔ nabea, dedaane muni kuriwaa bu dedoa, ko woli de lɔa wo sana. O déem ma ja Samuwel o vo wara-jei sem, de o ta na maŋe o ye bu-pwola to mo. 25Ba ma go nabea kam, ye ba daare ba ja bu wom ba vo Eli tei. 26Hanna ma ta de Eli o we, “Amo tu. Ko na ye chega to, amo mo ye kaane wolo déem na zege n tei ne ye a lwoori Baŋa Wɛ to. 27Ko ye bu wonto ŋwaane mo a ya lwoori Baŋa Wɛ, ye o pa-ne a na lage kolo to. 28Konto to, a lage o jwoori a kwei‑o mo a pa Baŋa Wɛ. Bu wom ŋwea kam maama wone, o ye Baŋa Wɛ nyem mo.” O na tage konto to, ba ma kuni nadwoona ba zuli Baŋa Wɛ dáane.",https://www.bible.com/bible/3661/1SA.1.KBG
1 SAMUWEL 2,"Hanna seini Baŋa Wɛ
1Hanna laam ma lwoori Wɛ o we,
“Amo Tu Baŋa Wɛ,
nmo pɛ se a wo pwoli dedɛ!
Amo jwoori a na dam Baŋa Wɛ ŋwaane mo.
Amo laam wó teere a dona baŋa ne,
kokuri to, a wo mo tiini ko pwoli nmo zeinim ŋwaane.
2 Baŋa Wɛ, nmo ye Wo-pwoŋo Tu ye n dwoŋi tera!
Nɔɔn-nɔɔno maa tera
o na mae dede‑m.
Peo kodwoŋi daa tera,
ko na jege dam ne debam Wɛ wom!
3 Baŋa Wɛ ye Wɛ wolo na yei totoŋe maama ni ne to mo.
O maa bore nɔɔna bora
ba totoŋa ŋwaane.
Konto ŋwaane, yage-na ni-wɛɛle taane!
Kweele-na á kamunni ŋwɛ selo
á na jege to á yage tega ne.
4Dedɛɛra tɛ sem bwori
ye ba dam maama ti.
Nabwona dam laam za fɔge
de puli mo taa.
5Balo ya na yeini ba di ba sui to
laam wora ba beeri totoŋa
se ba ma na ba ni-wodiu.
Balo kana ya na wɔe to de laam maa di lanyerane ba sui.
Kadega kam loge bia barepɛ mo.
Wolo bia ya na daga to laam tu
o ga o bu-kɔgɔ kom.
6 Baŋa Wɛ mo jaane toone de ŋwea o tui.
O maa pae se nɔɔna tu churu,
ye o ta pae se badwonna zaŋa.
7Wonto mo pae se nɔɔna ye nabwona,
ye o ta pae se badaara ye jejegero tiina.
O wae o pa se dedoa wo tega ne,
ye o daare o zeiŋi wodwoŋi.
8O yeini o liiri yiniga tu mo
bworu wone.
O maa le nabwom o lɛɛro wone.
O laam maa pa ba taa tɔge
ba jei pa-bia tetare ne,
se nɔɔna taa pa-ba zula lanyerane.
Kokuri, tega kam baŋa maama
ye Baŋa Wɛ nyem mo,
ye wonto mo chwi woŋo maama ko jeiga ne.
9O nii balo na zege de chega ba pa‑o to baŋa ne mo.
Nɔn-balwaaro nam wó tɔge lim wone mo ba jei.
Dam yerane ware de jwoŋi nɔɔno de yage.
10 Baŋa Wɛ mo wó chɔge o dona bam maama.
O lage o zege wɛyuu ne mo o bage o yage ba baŋa ne!
Baŋa Wɛ maa wó di nabiina maama taane.
Ko nam ná ye pɛ wolo o na tiŋi to,
o wó pa‑o dam
se nɔɔna maama taa pa‑o zula.”
11Elikana de Hanna ma jwoori ba sɔŋɔ Rama ne. Samuwel ma maŋe Siloo ne. O déem toŋe o pa Baŋa Wɛ mo, ye kaanem tu Eli nii o baŋa ne.
Eli bia bam taane
12Eli bia balei bam déem ye nɔn-wo-korro mo. Ba yiga maa tera de Baŋa Wɛ. 13Ba ta maa yeini ba chɔge Wɛ kaanem totoŋa chullu tem. Kokuri, nɔɔna ná tu se ba ke kaanem ba pa Wɛ, ye nɔna yam ta na wora ya saŋa maŋa kalo to, mo Wɛ kaanem tu tontoŋeno wom wó da o ba ye o zei da-chɔrɔ na jege nyea yatɔ to. 14Tontoŋeno wom laam wó chu o le nɔna yalo na wora ya saŋe to wone. Ko ná maŋe ko ye kambia ne, naa nakeina ne, naa woŋo kolo maama ne, nɔna yalo maama da-chɔrɔ kom na wó tore ko zɔ to mo wó taa ye Wɛ kaanem tu wom nyem. Ba déem jege kikia yam konto mo ba ke de Isarele tiina balo maama na tu Siloo se ba ke kaanem to.
15Se ko woli da to, ba déem ná yeini ba go varem ye ba ta wo lɔɔne varem wom lara ba zwɛ bimbini dem baŋa ne se ba daare, Wɛ kaanem tu tontoŋeno wom wae o tui o tɛ we, “Pa-ne nɔn-gwei delo kaanem tu wom na wó wɔ to, se o ba lage o jwoŋi nɔn-saŋa n tei ne se o di.” 16Nɔɔno wom ná zege se o ta we, “Yage se dé ná zwɛ lara kam dé daare, se n laam le nɔna yalo n na lage to,” tontoŋeno wom wó leiri mo o we, “Aawo! Pa-ne lela! Ko ná dae konto, a laam wó vere-ya de dam mo.”
17Eli bia bam wɛleere dem déem tiini de gaale mo ye de chɔge Baŋa Wɛ yiga. Kokuri, ba déem pɛ se Baŋa Wɛ kaanem pɛɛra yam ba jege kuri.
18Se ko ná ye Samuwel, wonto déem zege o biini ne mo o toŋe o pa Baŋa Wɛ. O nam ya zo gare-wogo kolo ba na mɛ gare-fefale ba sɔ se ko taa nye de Wɛ kaanem tiina gwaaro tem to mo. 19Bene maama, o nu wom yeini o sɔ gare-bwora balaŋa mo se o pa‑o. O ná tɔge de o baro o ba wara-jei sem se ba ke bene dem kaanem, o yeini o ja gare-bwora kam mo o ja o ba o pa‑o. 20Eli de maa yeini o sɔɔle Wɛ swolim o ke Elikana de o kaane Hanna yuu ne o we, “Baŋa Wɛ wó pa kaane wonto lo bia o pa‑m, se ba leiri bu wonto yuu ne, o na kwei bu wom o pa Baŋa Wɛ to ŋwaane.” Ba de laam maa yeini ba jwoori ba sɔŋɔ.
21 Baŋa Wɛ ma seene o ke zaane o ke Hanna yuu ne. O ma lo bakeiri setɔ dedaane busankane selei. Se ko ná ye Samuwel, wonto déem ke nɔɔno mo, ye o toŋe o pa Baŋa Wɛ.
22Eli déem laam tiini o kwe mo. O ma yeini o ni o bia bam na toŋe tei maama Isarele tiina bam yera ne to. O ta ma ni we o bia bam jaane kaana balo na yeini ba la Wɛ wara-vwei dem ni ne ba toŋe to ba gwala. 23Eli ma ta de-ba o we, “Nɔɔna maama tɛ wo-lwanno telo maama abam na jege á ke to taane ba bere-ne. Bɛ mo ye á jege totoŋ-dwoa yam konto á ke? 24Amo bia bam, Baŋa Wɛ nɔɔna bam na jege á taane ba tɛ tei to ba lamma. Nam yage-na kikia yam konto. 25Nɔɔno wolo ná ke o chɔge o dwoŋi nabiinu yiga, Baŋa Wɛ ta wó wane o zege kotu kwaga ne. Nɔɔno nam ná ke o chɔge Baŋa Wɛ tete yiga mo, o lage o ke tɛ mo?” De konto maama de, Eli bia bam ta wo sɛ o taane dem. Kokuri, Baŋa Wɛ boboŋa maŋe ya ja mo se o go-ba.
26Ko daare, Samuwel déem fɔge o ke nɔɔno mo. Baŋa Wɛ dedaane nabiina maama maa lage o taane.
Waarem delo na wó ba Eli sɔŋɔ baŋa ne to
27Wɛ tontoŋeno wodwoŋi déem ma ba Eli tei ye o we:
“Baŋa Wɛ ni dem mo tento: Isarele tiina bam déem ta na ye kabɛ Ejipti pa-faro wom jeŋa ne to, amo déem veere a tete dedaane nmo nabaaro Aron. 28Amo ma kuri n nabaaro wom konto Isarele dwia yam maama wone, se o taa ye amo kaanem tu. A maa pae se wonto de o dwi dem toŋe a kaanem bimbini dem totoŋa, ye ba zwɛ talwoŋ-ywoŋa ba pa-ne. Ba maa jege pwola se ba lɛ kaanem gare-wogo ba zo amo tei. A ta ma pa ba dwi dem chwoŋa se ba taa di a diga pɛɛra yam Isarele tiina bam na zwɛ ba kaane ba pa-ne to wone. 29Bɛ nam mo tei ye abam gwooni pɛɛra yalo amo na pɛ ni se á jwoŋi-ya á ma á ke kaanem á pa-ne a diga kam wone to? Nmo nam na ke tei to bere we n tiini n kɔre n bia bam se ko dwoni n na kɔre amo tei to. Kokuri, abam jege amo nɔɔna Isarele tiina bam wodi-laaro tem mo á di á nu bigila bigila.
30Amo wolo na ye Isarele tiina Baŋa Wɛ wom to ni dem mo tento: Amo déem ya pwooli mo we, á sɔ-yuu kom dedaane á dwi dem wó taa ye a kaanem tiina se ko taa vei wuu. Amo laam nam tɛ a we, ko daa bá taa ye konto. Kokuri, amo wó zuli balo dwi maama na zuli-ne to mo, se a daare a nii balo yiga na tere a wone to a chweese. 31Ta‑n yei we maŋa lage ka yi se a pa se n dwi dem ti. Nɔn-kweo daa bá taa wora n kwo dwi dem wone. Nmo diga tiina bam maama wó te ba nɔn-donne maŋa ne mo. 32Nmo wó na lɛɛro na tu amo wara-jei sem baŋa ne tei to. Nmo ta wó na amo na wó ke Isarele tiina bam lanyerane tei to, se ko daare abam dwi dem ne, nɔɔn-nɔɔno daa bá kwe se o laam te. 33Amo nam za wó pa se n bia bam wo dedoa daare se o taa toŋe a kaanem bimbini dem totoŋa. Wonto yia nam wó dwei pa se wo-chechɔgɔ yerane taa wora. Abam dwi dem na daare to maa wó te ba nɔn-donne maŋa ne.
34Nmo bia bam balei Hofini dedaane Finehase wó da daane mo ba te dɛ dedwe wone. Ko na wó ke-ba tei to ye se n wane n lɔre we kolo maama a na tage to wó ji chega. 35Amo laam wó kuri kaanem tu wodwoŋi na jege chega lanyerane to. Kotu wó taa toŋe ye o ke a boboŋa na lage kolo maama to o pa-ne. A maa wó pa se o dwi tiina fɔge ba puli lanyerane, se ba taa toŋe ba pae pɛ wolo a na wó kuri to. 36Abam dwi dem wone balo na wó daare to laam wó vo kaanem tu wom konto tei ba lwoori sabu dedaane wodiu. Ba wó ta ba we, ‘Popo, pa se debam de da dé toŋe kaanem tiina totoŋa yam, se debam de da dé laŋe wodiu.’ ”",https://www.bible.com/bible/3661/1SA.2.KBG
1 SAMUWEL 3,"Baŋa Wɛ veere o tete de Samuwel
1Samuwel déem ta na ye bu konto to, mo o toŋe o pa Baŋa Wɛ ye Eli nii o baŋa ne. Kanto maŋa ne, nɔɔna ba ni Baŋa Wɛ kwora. Wɛ maa ba veere wonnu dedɛ o bere nɔɔna.
2Eli yia yam déem lage ya dwei mo ye o ba nae lanyerane. Tete dedoa, o maa tigi o tiga jei ne o dɔa. 3Samuwel de maa tigi wara-jei sem ne se ko maŋe dedaane Wɛ ni-gwonim dakaa kam o dɔa. Ko déem ye tete-koro mo, ye Wɛ min-zwoŋo kom ya ta wo dwei.
4 Baŋa Wɛ laam ma bwoŋi Samuwel. O de ma leiri o we, “Nii-ne da.” 5O ma zaŋe o duri o zo Eli tei ye o we, “A kwo, nmo na bwoŋi-ne to, nii-ne da.” Eli ma ta ded‑o o we, “Amo wo bwoŋi‑m. Jwoori n vo n peini.” Bu wom ma jwoori o vo o peiga jei o peini.
6 Baŋa Wɛ daa ta ma bwoŋi o yere o we, “Samuwel!” Samuwel ma pɛ o zaŋe wɛɛne. O ma duri o vo Eli tei ye o ta ded‑o o we, “A kwo, nii-ne da, n na bwoŋi-ne to.” Eli ta ma leiri o we, “A bu, amo wo bwoŋi‑m. Jwoori n vo n peini.”
7Samuwel déem ya ta wo me de Baŋa Wɛ. Kokuri to, Baŋa Wɛ ya ta wo veere o kwora o bere‑o. 8Baŋa Wɛ ta ma bwoŋi Samuwel o ke kuni betɔ. Bu wom daa ma duri o vo Eli tei o we, “Amo kwo, n na bwoŋi-ne to, nii-ne da.”
Ko laam ma ba Eli yuu ne we, ko ye Baŋa Wɛ mo bwoi bu wom. 9O laam ma ta Samuwel o we, “Jwoori n vo n ta‑n tiga, se o daa ná bwoŋi‑m, se n ta we, ‘Amo Tu Baŋa Wɛ, ta‑n ŋɔɔna, se a ye n tontoŋeno ye a cheigi n taane dem mo.’ ” Samuwel ma seene o vo o peini o peiga jei ne.
10 Baŋa Wɛ ma jwoori o ba o zege da. O ma bwoŋi‑o ne o ya na maŋe o bwoŋi tei to o we, “Samuwel! Samuwel!” Samuwel ma leiri o we, “Amo Tu, ta‑n ŋɔɔna, se a ye n tontoŋeno ye a cheigi n taane dem mo.” 11Baŋa Wɛ laam ma ta o we, “Amo ti a yiga mo se a ke wo-kenkagele Isarele tiina bam wone. Balo maama na wó ni ko ŋwa to yera maa wó sɔɔre. 12Maŋa kam ná yia, amo wó toŋe kolo maama a na tage Eli sɔŋɔ kom ŋwaane to. A ná puli totoŋa, a nam wó ja-ya mo a yi ya gurim. 13Kokuri to, a maŋe a wuuri a kaane‑o we, a lage a waare o diga kam taa wuu, o bia bam keim-lwanno tem ŋwaane. Kolo ŋwaane, Eli ya yei o bia bam na tiini ba lwɛ amo dedɛ tei to ni ne, ye o wo de-ba chwoŋa ne. 14Konto ŋwaane mo, amo tage a du de Eli diga tiina bam a we, ‘Kaanem dwi de pɛɛra dwi daa bá taa wora, se ya wane ya saare ba tusim dem maŋa de maŋa.’ ”
15Samuwel na nigi konto to, o ma lɛɛre o tigi da se tega vo ka poore. O laam ma pore Wɛ wara-jei sem manchwo-peena yam. Foone déem maa tiini de jege‑o. O ma ware se o ta kolo Wɛ na veere o bere‑o to de Eli. 16Eli ma bwoŋi‑o we, “Amo bu Samuwel!” Samuwel ma leiri o we, “Nii-ne da.” 17Eli laam ma bwei‑o o we, “O tage bɛ mo de nmo? Yé zaŋe n seigi kolokolo amo yiga ne, se Wɛ wó pa n tiini n na lɛɛro, nenɛɛne n ná wo tage kolo maama o na ŋɔɔne dede‑m to n bere ne.”
18Samuwel ma tole Wɛ kwora kam maama nyɔ o bere‑o, o wo kweele kolokolo tega ne. Eli ma ta o we, “Baŋa Wɛ kwora kam mo konto. Yage se o ke kolo na wo o boboŋa ne to.”
19Samuwel déem maa wora o ke nɔɔno, ye Baŋa Wɛ wo o tei ne. Ko ma pa se kolo maama Samuwel na tɛ to yeini ko ji chega. 20Isarele tiina bam maama, ko na zege Dan ne se ko yi Beeriseba to, ba maama déem pɛ chega mo we Samuwel seene o ye Baŋa Wɛ sampwora mo chekke. 21Baŋa Wɛ déem ta yeini o veere o tete mo Siloo ne. O maa wó yeini o ba Samuwel tei o ŋɔɔne ded‑o.",https://www.bible.com/bible/3661/1SA.3.KBG
1 SAMUWEL 4,"1Samuwel de déem ma lwoni Baŋa Wɛ kwora pa ka yi Isarele tiina bam maama.
Filisi tiina vere Wɛ ni-gwonim dakaa kam
Isarele tiina bam déem ma nwoŋi se ba vo ba kwaare jara de Filisi tiina bam. Ba ma vo ba tei ba vwoa Ebeneza seeni, ye Filisi tiina bam vo ba tei ba vwoa Afeka seeni. 2Filisi tiina bam ma ke ba tete daane se ba ja jara yam. Ba ma vo ba yi Isarele tiina bam de jara. Ba ma wane Isarele tiina bam ye ba go ba jar-keira morro tena (4,000). 3Isarele tiina jar-keira balo na daare to ma zege jara kapworo ne ba jwoori ba ya na tigisi daane mɛ seeni to. Ba nakwa bam ma bwei daane ba we, “Bɛ mo ke ye Baŋa Wɛ pa se Filisi tiina bam wane debam zem konto?” Ba ta maa we, “Pa-na se dé toŋe nɔɔna se ba vo Siloo ba ja Wɛ ni-gwonim dakaa kam ba ba ywo-seeni. Konto wó pa se Baŋa Wɛ taa wo dé tei ne, ye o jwoŋi debam o yage dé dona bam jeŋa ne.”
4Ba ma toŋe nɔɔna Siloo ne, se ba vo ba ja Wɛ ni-gwonim dakaa kam ba ja ba ba ba tei ne. Ka maa ye jeiga kalo Paŋwa Tu Baŋa Wɛ na di paare cherubi sem tetare laŋa ne to mo. Eli bia balei, Hofini dedaane Finehase mo déem dɛ ba zeŋe dakaa kam ba ja ba ba.
5Ba na jaane Wɛ ni-gwonim dakaa kam ba yi ba tigisim dem jei ye Isarele tiina bam na-ka to, mo ba déem tiini ba chwoosi wɛ-wɛ pa se tega kam maama ziziŋi. 6Filisi tiina bam ma ni sɔɔ kom. Ba ma bwei daane ba we, “Sɔɔ konto na zaŋe Hiburu tiina bam vwoa yam ne to kuri mo bɛ?” Ba ma maane we ko ye Wɛ ni-gwonim dakaa kam mo tu ka yi Isarele tiina bam na tigisi daane mɛ to. 7Ko ma pa se foone tiini de zo Filisi tiina bam. Ba maa tɛ ba we, “Cham nam yi debam na! Ba wa yam mo tu ya zo ba tetare ne konto! Dé ta wo nɛ konto woŋo dwoŋi! 8Lɛɛro yi debam! Wɔ mo wó wane o jwoŋi debam o yage wa-dɛɛra yanto jeŋa ne? Ko ye wa yam konto mo déem pɛ se chanɛɛre dwi dwi ja Ejipti tiina bam kagoa kam ne ya go. 9Filisi tiina bam, á pa-na dé di baare! Ke-na jara yam ne babɛ tei! Ko ná dae konto, dé lage dé ji Hiburu tiina bam kabɛ mo, nenɛɛne banto de déem na ye debam kabɛ tei to. Konto to, jaŋe-na de baare!”
10Filisi tiina bam déem ma ke jara yam de ba dam maama. Ba ma wane Isarele tiina bam. Isarele tiina bam ma duri ba jwoori ba sam ne. Isarele tiina balo na tege de dɛ dem ne to kɔgɔ déem tiini ko gaale dedɛ, nenɛɛne jar-keira morro fintɔ (30,000). 11Filisi tiina bam ma vere Wɛ ni-gwonim dakaa kam, ye ba daare ba go Eli bia balei bam, Hofini dedaane Finehase.
Eli toone
12Dento dɛ dem ne mo Benjamin dwi tu dedoa zege jara kapworo kom ne o duri o vo o yi Siloo. Nɔɔno wom ya kaare o gwaaro, ye kasolo taare o yuu maama, o wo na chɔge to ŋwaane. 13Eli boboŋa maama déem nam ya duri ya da Wɛ ni-gwonim dakaa kam kwaga mo, se o lɔre kolo na kea ka baŋa ne to. O ma vo o jei chwoŋa ni ne, se o cheigi o ni jara-keim dem taane. Nɔɔno wom ma ba o zo teo kom wo o ta jara yam laŋa ya na vei tei to. Ba na nigi to, teo kom tiina bam maama maa chwoosa ba yaga bɔge-bɔge.
14Eli na nigi sɔɔ kom ŋwa to, mo o bwei o we, “Bɛ mo ke ye ba chwoosa konto?” Nɔɔno wom ma ke lela o vo o yi Eli tei o ta o bere‑o kolo na ke to. 15Eli bena déem laam ya ye funogo-nana (98) mo, ye o yia yam dwei. 16Nɔɔno wom ma ta o we, “Amo nwoŋi jara kapworo kom ne mo a ma a yi tento. Zem mo a zege dáane a duri a ba.” Eli ma bwei‑o o we, “Amo bu, bɛ mo ke da?” 17Nɔɔno wom ma leiri o we, “Ko ye lɛɛro mo dé nɛa. Isarele jar-keira bam duri Filisi tiina bam yiga ne se ba lu. Ba kɔgɔ dedɛ mo tega. Nmo de bia bam Hofini dedaane Finehase de tɔge ba te mo. Filisi tiina bam ta ma vere Wɛ ni-gwonim dakaa kam ba ja ba viiri!”
18Nɔɔno wom na yɔɔre o ta kolo na ke Wɛ ni-gwonim dakaa kam yera ne to, mo Eli yale o to o kwaga ne. O déem jei teo kom manchwo-peena ni ne mo, ye o to tega ne konto. O na yale o to o kolɔ-bea baŋa ne to, mo o ba bwori pa se o te. Kokuri to, o déem kwe mo dedɛ, ye o ta tiini o nu o gaale. Eli déem ya nii Isarele tiina bam baŋa ne bena finna mo.
19Eli bu Finehase kaane wom déem jege puga mo, ye ka be ka ti se o lo. O de ma ni we ba vere Wɛ ni-gwonim dakaa kam ba ja ba viiri, ye o baro wom dedaane o baro kwo wom maama tega. O na nigi to, mo o puga dɛ ka virigi ka lage lora. O maa wo wane o wori. 20O na lage o te o lora kam baŋa ne to, kaana balo na lwori‑o se o lo to ma ta ded‑o ba we, “Nam vɔ wo, se n loge bakeira mo.” O maa wo leiri kolokolo.
21Kaane wom déem ma pa o bu wom yere mo we, ‘Ikaboda’, ye o ta yere dem kuri o we, “Baŋa Wɛ nenɔŋ-fɔrɔ kom jei Isarele tiina bam tei ne!” Ko déem ye Filisi tiina bam na vere Wɛ ni-gwonim dakaa kam to ŋwaane, de o baro dedaane o baro kwo wom maama de na tege to ŋwaane mo o tage konto. 22O ma ta o we, “Baŋa Wɛ nenɔŋ-fɔrɔ kom nwoŋi ko daare Isarele teo kom, ba na vere Wɛ ni-gwonim dakaa kam ba ja ba viiri to ŋwaane.”",https://www.bible.com/bible/3661/1SA.4.KBG
1 SAMUWEL 5,"Wɛ ni-gwonim dakaa kam
1Filisi tiina bam déem na jaane Wɛ ni-gwonim dakaa kam ba vere Isarele tiina bam jeŋa ne konto to, ba déem zege Ebeneza ne ba ja-ka ba vo ba teo kolo yere na ye Asedodi to mo. 2Ba ma ja-ka ba zo ba jwo-dɛɛre diga kam ye ba daare ba zege-ka jwoni dem kamɔgɔ kom teiŋa ne. Jwoni dem yere mo ye Dagon. 3Tega na poore to, Asedodi tiina bam ma zaŋe ba vo ba zo diga kam. Ba ma na we Dagon to o yibia baŋa ne Baŋa Wɛ ni-gwonim dakaa kam yiga ne. Ba déem ma jwoori ba gɔ-de ba chwi de zega jei sem ne. 4Tega daa na poore to, mo ba nɛ we jwoni dem daa ta to Baŋa Wɛ ni-gwonim dakaa kam yiga ne. Jwoni dem yuu dedaane de jataala maama bwori mo te tigi diga kam ni ne dáa dáa. De yera yam yerane mo daare. 5Konto mo pɛ se, dedaane zem maama, balo maama na yeini ba zo Dagon diga kam ne to ba sɛ se ba nɔne diga kam ni dem jei sem ba kɛ, ko ná maŋe ko ye balo na tu se ba kaane Dagon to de.
6 Baŋa Wɛ ma pa ko tiini ko zo Asedodi tiina bam yera. Ko ma ni balo na zoore jei sem konto maama ne to ye foone zo-ba. O ma pa se kasili-nabiina ŋone ba yera ne. 7Asedodi tiina bam na maane kolo na jege ko ke to, ba ma laare ba we, “Ko ye Isarele tiina Wɛ dem mo wora o waare debam, dedaane dé wɛ Dagon. Dé yé pa se wonto ni-gwonim dakaa kam maŋe debam tei ne ywo.” 8Ba ma la Filisi tiina dedɛɛra bam ba ke daane se ba jeini ba bane. Ba ma bwei-ba ba we, “Dé laam nam wó ke tɛ mo dedaane Isarele tiina wɛ dem dakaa kam?” Ba ma bwɛ ba ja ye ba we, “Pa-na se nɔɔna kwei-ka ba ja vo Gafa.” Ba ma seene ba ja-ka ba vo ba yi da.
9Wɛ ni-gwonim dakaa kam na yɔɔre ka yi Gafa ka zege da to, mo Baŋa Wɛ pɛ se ko tiini ko zo teo kom konto tiina bam de yera. Vuvuga ma to teo kom jei maama ne. O ma de kasili-nabiina ba yera ne, nɔn-kweero dedaane bu-balwa maama. 10Ba daa ma pa Wɛ ni-gwonim dakaa kam vo Ekoron.
Ba na jaane-ka ba yi teo kom wo to, mo Ekoron tiina bam chwoosi ba yage ba we, “Ba jege Isarele tiina wɛ dem dakaa kam mo ba beene ywo! Nii ba na lage ba go debam de dé dwi dem maama tei!” 11Ba ma toŋe ba la Filisi dedɛɛra bam ba ke daane, ye ba ta ba we, “Toŋe-na Isarele tiina wɛ dem dakaa kam se ka jwoori ka na nwoŋi mɛ to. Se ko ná dae konto, ka wó wane ka go debam dedaane dé dwi dem maama ka ti.” Vuvuga ma to teo kom maama ne, ba na kɔre toone to ŋwaane. Baŋa Wɛ ma pa se ko tiini ko zo ba yera. 12Balo na wo tege to, kasili-nabiina mo ŋone ba yera ne. Nɔɔna bam déem maa kaase bɔge-bɔge.",https://www.bible.com/bible/3661/1SA.5.KBG
1 SAMUWEL 6,"Wɛ ni-gwonim dakaa kam jwoori Isarele teo
1Filisi tiina bam na vere Wɛ ni-gwonim dakaa kam Isarele tiina bam jeŋa ne to, ka déem maŋe ba tei ne chane serepɛ mo. 2Ba ma bwoŋi ba kaanem tiina de ba yi-nara, ye ba bwei-ba ba we, “Dé wó ke Baŋa Wɛ ni-gwonim dakaa kam tetɛ mo? Dé wó tɔge chwoŋa kɔ mo dé toŋe-ka se ka jwoori ka vo ka jeiga?” 3Ba ma leiri ba we, “Abam ná lage á toŋe Isarele tiina Wɛ dem dakaa kam se ka jwoori ka na nwoŋi mɛ to, ko nam ye se á toŋe-ka dedaane pɛɛre mo. Ko dae se dakaa kam jwoori ka vo bwori. Pɛɛre dem konto mo á lage á ma‑á ywoori ba wɛ dem, se de yage á wɛleere dem jene de ma chɛ abam. Konto mo wó pa se á jwoori á na yazura ye á daare á lɔre kolo ŋwaane o na tiini o pa ko zo á yera to.”
4Filisi tiina bam daa ma bwei ba we, “Pɛɛre dwi dɔ mo de nam wó toŋe se dé ma dé ywoori ba Wɛ dem?”
Ba daa ta ma leiri ba we:
“Jawe-chɛɔ kom na to á pwa banu bam de ba teene denu dem maama baŋa ne to, ko jege se á kwei sabu-seŋa mo, á ma á mɔ kasili-nabiina yanu dedaane baywoa yanu kamwaro, 5se te taa nye nenɛɛne telo na jege á teene dem te chɔge to. Konto mo á wó pa Isarele tiina Wɛ dem jwoŋi zula. Dɛ delo, abam ná ke konto, o wó jwoori o dɔne o je-dɛa abam baŋa ne, de á jwona yam, dedaane á tega kam maama baŋa ne, se á daa yé na cham. 6Bɛ mo ye á boŋe se á bochara ke dam yerane, nenɛɛne Ejipti tiina bam de ba Pa-faro wom de déem na ke tei to? Yé swei-na we Baŋa Wɛ ke kolo o boboŋa na lage to o yage ba baŋa ne, pa se ba ga ga ba yage Isarele tiina bam chwoŋa se ba jwoori ba tete teo. 7Konto to, kwei-na dɛ á ke toroko-doŋo. Laam beeri-na naane delei na loga, ye ba ta wo kwei-de se ba ma toŋe to. Ja-na naane dem á lei de toroko kom se de taa vaŋe-ko, se á daare á pwɛ nwa balo naane dem na loge to á pe. 8Laam kwei-na Baŋa Wɛ ni-gwonim dakaa kam á daŋe toroko kom baŋa ne. Ta beeri-na dakaa kadwoŋi, á ke sabu-seŋa wonnu telo á na mɔɔne se á ma á ywoori‑o to ka wone, se á daare á zege-ka Wɛ ni-gwonim dakaa kam takeiri ne. Abam ná ke konto á ti, se á laam kale naane dem á yage chwoŋa ne se de taa vaŋe toroko kom de via, 9ye á fɔge á nii. Naane dem ná lɛɛne debam siseini dem ye de kwei Bɛte-Semesa chwoŋa kam de maa kɛa, dé wó lɔre we ko ye Isarele tiina Wɛ dem mo seene o toŋe chanɛɛre dento o yage debam yera ne. Se naane dem ná tɔge chwo-gaa, dé wó lɔre we ko ke ko maŋe daane mo, se ko dae wo-lɔŋɔ.”
10Filisi tiina bam ma seene ba ke konto. Ba déem beeri naane delei delo na loge to mo ba lei toroko yera ne. Ko daare ye ba pe de nwa bam sɔŋɔ ne. 11Ba ma kwei Baŋa Wɛ ni-gwonim dakaa kam ba daŋe toroko kom baŋa ne, ye ba daare ba zege dakaa kalo sabu-seŋa baywoa de kasili-nabiina kamwaro tem na wo ka wone to ba ke da. 12Naane dem ma yɔɔre de kwei Bɛte-Semesa chwoŋa kam de maa kɛa. De yɔɔre de mage de yuu chwoŋa kam konto ne mo, ye de keeri de via. De daa wo ywori se de vo jazem seeni naa jagwia seeni. Filisi tiina dedɛɛra banu bam ma tɔge de kwaga ba vo ba yi Bɛte-Semesa ni ne.
13Bɛte-Semesa tiina bam déem ya wo ba bwollu tem ne mo ba gwei banina. Ba ma kwoni ba yuni ba nii, ye ba na Wɛ ni-gwonim dakaa kam. Ko ma pa se ba wo tiini ko pwoli dedɛ. 14Toroko kom dɛ konto mo taa ko vo ko yi nɔɔno dedoa kara ko zege da, peo kamunu kodwoŋi teiŋa ne. Nɔɔno wom yere mo Josua. O maa ye Bɛte-Semesa tu. Nɔɔna bam ma yɔɔre ba lɔ toroko kom dɛ sem ba ma dwei mini. Ba ma daare ba go naane dem ba zwɛ ba ma ba ke kaanem ba pa Baŋa Wɛ. 15Levi dwi tiina bam déem ya gɔge Baŋa Wɛ dakaa kam toroko kom baŋa ne ba ja tu tega. Ba ta ma kwei dakaa kalo sabu-seŋa kamwaro tem na wo ka wone to ba woli da. Ba ma zege tento maama peo kamunu kom baŋa ne. Dɛ dem konto ne Bɛte-Semesa tiina bam ma ke zwɛɛm pɛɛra de pɛɛra yadwonna ba kaane ba pa Baŋa Wɛ. 16Filisi tiina dedɛɛra banu bam déem zege mo ba nii totoŋa yam konto maama. Ba laam ma jwoori ba vo Ekoron dɛ dem konto ne.
17Sabu-seŋa kasili-nabiina kamwaro tenu tem déem zege te pae teene dento mo: Asedodi, de Gaza, de Asekelon, de Gafa, dedaane Ekoron. Filisi tiina bam déem kwei tento mo se ba ma ba ywoori Baŋa Wɛ ba wɛleere dem ŋwaane. 18Ba sabu-seŋa baywoa yanu yam de maa zege ya pae teene denu delo dedɛɛra bam na nii de baŋa ne to. De maa ye te-fwaaro delo na lɔge de pe de dam to, ko woli de te-balwa bam na wo chege to. Peo kamunu kolo baŋa ne ba na zege Baŋa Wɛ ni-gwonim dakaa kam to daa ta wo Bɛte-Semesa tu Josua bwolo kom ne de zem maama mo, se ko taa ye maana de kolo na ke da to.
19Ko daare, Baŋa Wɛ déem ma go Bɛte-Semesa tiina bam nɔɔna fuserepɛ, ba na leesi ba nii Wɛ ni-gwonim dakaa kam wone to ŋwaane. Teo kom nɔɔna bam ma keeri dedɛ, de Baŋa Wɛ na toŋe tei ba yera ne to. 20Bɛte-Semesa tiina bam ma bwei daane ba we, “Debam wone wɔ mo wó wane Baŋa Wɛ wom yiga ne o zege? O tiini o ye wose mo. Dé wó pa se o dakaa kam zege ywo ka vo nɔɔno wɔ tei ne mo?”
21Ba ma toŋe kwora Kiriaf-Jeerim tiina tei ne ba we, “Filisi tiina bam jaane Baŋa Wɛ ni-gwonim dakaa kam ba jwoori ba ba ba yage ywo-seeni mo. Konto to, ba-na á kwei-ka á ja á vo á tei.”",https://www.bible.com/bible/3661/1SA.6.KBG
1 SAMUWEL 7,"1Kiriaf-Jeerim tiina bam ma seene ba ba ba kwei Baŋa Wɛ ni-gwonim dakaa kam. Ba ma ja-ka ba vo ba zege nɔɔno wodwoŋi sɔŋɔ ne, o yere na ye Abinadaba. O déem zoore peo yuu ne mo. Ba ma kuri wonto bu Eleaza ye ba pwɛ‑o se o taa nii dakaa kam baŋa ne.
Samuwel nii Isarele tiina bam baŋa ne
2Wɛ ni-gwonim dakaa kam déem maŋe Kiriaf-Jeerim ne ka dáane taa, nenɛɛne bena finlei. Isarele tiina bam maa keeri chekke, ye ba lwoori Baŋa Wɛ se o jwoŋi-ba o yage. 3Samuwel déem ma zaŋe o ta de Isarele tiina kɔgɔ kom maama o we, “Abam ná seene á seene yia mo se á jwoori Baŋa Wɛ tei ne, ko nam ye se á le Asetare jwona yam de jwo-yɔɔro tem maama á tetare ne á dole á yage, se á daare á lwei á wo maama á pa Baŋa Wɛ. Abam ná zuli wonto yerane, o wó jwoŋi abam Filisi tiina bam jeŋa ne o yage.” 4Isarele tiina bam ma seene ba dole Baal dedaane Asetare jwona yalo na wo ba tetare ne to ba yage. Ba laam ma sɛ se ba taa zuli Baŋa Wɛ yerane.
5Samuwel ma toŋe ni o pa Isarele tiina bam se ba maama la ba jeeri Mizipa ne, se o de lwoori Baŋa Wɛ o pa-ba. 6Nɔɔna bam ma seene ba vo ba jeeri Mizipa ne. Ba na gilimi ba ti to, ba ma mɔ na ba lwo tega ne ba pa Baŋa Wɛ. Dɛ dem konto maama ne, ba ya vɔge ba nia mo ye ba we, “Dé seene dé ke lwarem dé chɔge Baŋa Wɛ yiga.” Isarele tiina bam déem na wo Mizipa ne konto to, Samuwel mo tu o ji ba yiga tu.
7Filisi tiina bam déem ma ni we Isarele tiina bam jeeri daane Mizipa ne. Ba dedɛɛra banu bam ma la ba jar-keira bam ba ke daane se ba vo ba kwaare jara de Isarele tiina bam. Isarele tiina bam na nigi ko ŋwa to, mo foone tiini de zo-ba. 8Ba ma ta de Samuwel ba we, “Fɔge n ta‑n lwoori dé Tu Baŋa Wɛ! Ta ja o teiŋa debam ŋwaane, se o jwoŋi debam Filisi tiina bam jeŋa ne o yage.” 9Samuwel ma kwei pi-choa o go o zwɛ ka maama puna o ma o kaane o pa Baŋa Wɛ. O laam ma kaase o lwoori Baŋa Wɛ Isarele tiina bam ŋwaane. Baŋa Wɛ de ma sɛ o wɛ-lworo kom.
10Samuwel ta na wora o ke kaanem dem o pa Baŋa Wɛ to, mo Filisi tiina bam fɔɔre ba twɛ se ba ja jara yam ba yi Isarele tiina bam. Ba ma yi da de Baŋa Wɛ zege wɛyuu ne o pa se doa tiini ka bage-ba pina-pina! Foone ma tiini de ja Filisi tiina bam, pa se ba duri Isarele tiina bam yiga ne ba jage jei maama ne! 11Isarele tiina bam ma da ko ŋwaane ba zege Mizipa ne, ba pare Filisi tiina bam taa, ba vo ba yi Bɛte-Kara kuri seeni. Ba maa jege-ba ba goe konto ye ba via.
12Samuwel ma kwei kandwɛ-kamunu o chwi-de Mizipa dedaane Sɛn tetare laŋa ne. O ma pa kandwɛ dem yere we, ‘Ebeneza’, ye o ta o we, “Se ko ba ko yi tento maama to, Baŋa Wɛ mo zeini debam.” 13Ko dɛ konto baŋa ne mo, ye Isarele tiina bam wane Filisi tiina bam. Baŋa Wɛ déem ma che-ba, pa se ba daa wo lɛɛne Isarele laŋa kam ne.
Samuwel ta na ŋwe to, Baŋa Wɛ déem lɔge Filisi tiina bam kwaga ne mo. 14Isarele tiina bam ma jwoori ba jwoŋi teene delo maama na wo Ekoron dedaane Gafa laŋa ne ye Filisi tiina bam ya vere-de ba tei ne to. Isarele tiina bam déem jwoori ba na ba tega kam ni maama mo. Yazura déem maa wora Isarele tiina bam dedaane Amori tiina bam laŋa ne.
15Samuwel déem nii Isarele tiina bam baŋa ne taa, ko vo ko yi o toone mo. 16Bene maama ne, o déem yeini o vei o kare teene dento mo: Bɛtel, de Giligal, dedaane Mizipa. Jei sento maama ne mo o yeini o kwɛ nɔɔna bam taana o pa-ba. 17O nam ná yeini o ti, o daa yeini o jwoori Rama mo o vo o jeini o tete sɔŋɔ ne. O na wora to, o ta ma nii Isarele tiina bam baŋa ne. O déem ma lɔ kaanem bimbini Rama ne o pa Baŋa Wɛ.",https://www.bible.com/bible/3661/1SA.7.KBG
1 SAMUWEL 8,"Isarele tiina we ba lage pɛ
1Samuwel déem ma ba o kwe dedɛ. O ma pa o bia bam ni se banto taa nii Isarele tiina bam baŋa ne. 2O bu-kwea kam yere mo ye Joweli. Wolo na saŋe wonto kwaga to yere maa ye Abija. Ba déem yeini ba jeeri Beeriseba ne mo, ye ba nii Isarele tiina bam baŋa ne. 3Samuwel bia bam nam wo tɔge ba kwo wom nɛ-bwora kam. Ba déem tɔge sabu-laga mo. Ba maa sɛ se nɔɔna yeigi-ba de sabu, ye ba daare ba kweele chega kam ba yage tega ne de ba na bore nɔɔna taana tei to.
4Isarele nakwa bam laam ma la ba jeeri daane, ye ba vo Samuwel tei Rama ne. 5Ba ma ta ded‑o ba we, “Leile konto, nmo tiini n kwe mo. N bia bam nam ba tɔge nmo nɛ-bwora. Konto to, tiŋi pɛ n pa debam, se kotu taa nii dé baŋa ne, nenɛɛne teene dedwonna dem na jege pwa tei to.”
6Nakwa bam na tage we ba lage pɛ to déem tiini ko daane Samuwel dedɛ. O ma lwoori Wɛ ko ŋwaane. 7Baŋa Wɛ ma leiri o we, “Cheigi nɔɔna bam taane dem, se n sɛ n ke kolo maama ba na tage dede‑m to. Kokuri, ko dae nmo mo ba ve, se ko ye amo mo ba we ba daa vae se a taa ye ba pɛ. 8Ba maŋe ba zege ko dɛ ne mo ba ve amo ye ba daare ba tɔge jwona kwaga, ko zege a na jaane-ba a nwoŋi Ejipti ne to, se ko ba ko yi zem dɛ dem. Ba laam maa wora ba ke nmo ne ba na maŋe ba ke amo de tei to. 9Konto to, za n sɛ ba kwora kam, se n daare n kaane-ba dedɛ se ba lɔre ba pɛ wom na wó toŋe tei ba yera ne to.”
10Samuwel laam ma tole Baŋa Wɛ na tage kolo to maama o bere nɔɔna balo na tu o tei se ba beeri pɛ to, 11ye o we, “Wolo abam na beeri se o di paare á baŋa ne to na wó toŋe kolo á yera ne to mo tento: o lage o fe á bakeiri mo se ba ji o jar-keira. O wó pa ba badwonna taa chwo o jara-keim torokooro, se badaara taa diini sisein-nɔɔna, ye badaara duri torokooro tem yiga ne ba kwɛ chwoŋa kam ba pa‑o. 12O ta lage o kuri á bia bam wone mo se ba taa ye o jar-keira yiga tiina, se badwonna taa nii nɔɔna moro baŋa ne, ye badwonna de taa nii nɔɔna finnu baŋa ne. O ta wó fe á bia bam mo se ba taa toŋe o kare sem ne ba vara ye ba daare ba zage mena. O wó pa ba ke jara zela de torokooro zela dwi maama se o ma kwaare jara. 13Ko ná ye á bukwa bam, o maa wó pa ba taa ke talwoŋ-ywoŋa dwi dwi ba pa‑o. Ba badaara de maa wó saŋe ba pa‑o, se badwonna de taa fɔge bworobworo. 14Pɛ wom lage o vere á kare selo na tiini se lamma to mo, de jei selo á na dugi Vini de Olivi teeni se wone to, se o daare o kwei-se o pa o tontoŋena. 15O ta maa wó jwoŋi á mena de á tio-bia fuga maama wone popɔra dedoa, se o kwei o pa o kwaga nɔɔna de o tontoŋena. 16Ko ta ná ye abam tete tontoŋena, baara de kaana, de á naane, de á bonɛ, o lage o jwoŋi balo maama na lana to mo o taa tei se ba taa toŋe ba pa‑o. 17O ta lage o jwoŋi á vare-mumugu fuga maama wone popɔra dedoa mo. Abam tete de nam wó ji o kabɛ. 18Dɛ dem ná tua ye á jege pɛ, á wó tiini á chwoosi á lwoori Baŋa Wɛ se o woli abam, pɛ wom na bɛɛse abam tei to ŋwaane. Dɛ dem konto ne Baŋa Wɛ nam ba lage o cheigi á taane dem.”
19Nɔɔna bam maa wo sɛ Samuwel kwora kam. Ba ma ta‑o ba we, “De konto maama de, debam ta lage pɛ mo se o taa di paare dé baŋa ne. 20Dé lage se dé taa nye nenɛɛne teene dedwonna dem na ye tei to mo. Dé pɛ wom wó taa nii dé baŋa ne, ye o ta wó tɔge dé yiga se dé yeini dé kwaare jara dwi maama!”
21Samuwel ma cheigi nɔɔna bam ni taane dem maama, ye o de vo o lwoni woŋo maama o bere Baŋa Wɛ. 22Baŋa Wɛ ma leiri o we, “Nam sɛ ba taane dem n daare n tiŋi pɛ n pa-ba.” Samuwel ma sɛ, ye o yage ni o pa Isarele tiina bam se ba maama jwoori ba sam.",https://www.bible.com/bible/3661/1SA.8.KBG
1 SAMUWEL 9,"Samuwel kuri Sɔɔl se o ji pɛ
1Benjamin dwi tu wodwoŋi déem mo wora, o yere mo Kisi. O maa ye nadum. O déem ye Abiyeli bu mo. O kwo-nakwe yere maa ye Zerora ye wonto de kwo yere ye Bekorafa. Banto déem nwoŋi Benjamin dwi tu Afiya sɔ-yuu kom ne mo. 2Kisi bu dedoa déem wora, o yere mo ye Sɔɔl. O maa ye nenɔm ye o dwoŋi tera Isarele tiina bam maama wone. O déem ye nɔn-wagele mo chekke. O maa ye nɔn-doŋo ye o tiini o dɔra o dwoi o yuudwonna bam maama.
3Dɛ dedwe mo Kisi bonɛ sedwonna ywori se jei. O ma ta o bu Sɔɔl o we, “Ja dé tontoŋena bam wone dedoa se á vo á beeri bonɛ sem.” 4Sɔɔl ma seene o ke konto. Wonto de o tontoŋeno wom ma tole Efrayim zwonnu laŋa kam maama, de Salisa jei sem maama, ba beeri bonɛ sem ba ga. Ba ma kɛ ba vo ba yi Saalim, ye ba wo nɛ-se dáane de. Ba ma daare ba tɔge Benjamin laŋa kam maama. Ba ta maa wo nɛ bonɛ sem jei sem konto mɛ mɛ.
5Ba laam ma beeri ba vo ba yi Zufa. Sɔɔl ma ta de o tontoŋeno wom o we, “Pa se dé jwoori sɔŋɔ. Tento wɛɛne, amo kwo daa ba nii bonɛ sem, o laam jei o boŋe debam boboŋa mo, dé na daane to ŋwaane.” 6Tontoŋeno wom ma leiri‑o o we, “Nii, Wɛ tontoŋeno dedoa wo teo konto ne. Nɔɔna tiini ba nege‑o, kokuri, kolo maama o na tɛ to yeini ko ke konto mo. Pa se dé beeri o jei dé vo, se dɛ delo wonto wó bere debam chwoŋa kalo de na wó tɔge to.”
7Sɔɔl laam ma bwei‑o o we, “Dé nam ná lage dé vo nɔɔno wom tei, bɛ mo dé wó ja dé vo dé pa‑o ye dé wodiu maama ti tento to? Kolokolo daa tera dé tampɔro tem wone, naa woŋo wora?” 8Tontoŋeno wom ma leiri‑o o we, “Nii mo! Amo jege sabu-dale balaŋa. Amo wó kwei dento mo a pa‑o, se o bere debam chwoŋa kalo dé na wó da to.” 9Faŋa to, Isarele tiina bam déem ná lage se ba vo Wɛ ni-jwoŋinu tei ba bwei woŋo Wɛ tei ne, ba yeini ba ta we, ‘Pa-na se dé vo dé na Yi-naro wom.’ Kokuri, ba déem bwoi Wɛ sampwori sem we, ba ye yi-nara mo. 10Sɔɔl laam ma ta o tontoŋeno wom o we, “Ko nam lamma, dé kɛ.” Ba ma kwei chwoŋa ba maa vei teo kolo Wɛ tontoŋeno wom na zoore da to.
11Ba na wora ba diini zwoŋo se ba vo ba yi teo kom to, mo ba jeeri bukwa na nwoŋi teo kom wone ba maa vei buga se ba mɔ na. Ba ma bwei-ba ba we, “Yi-naro wom zem wo ywo na?” 12Bukwa bam ma leiri ba we, “Ɛɛ! Nam ke-na lela, se o yɔɔre o wo abam yiga ne mo. Zem mo o daa ta tu debam teo. Kokuri, o lage o woli dé nɔɔna bam wone se ba ke kaanem zwoŋo yuu wara-jei bimbini dem baŋa ne. 13Á ná zo teo kom wo, á wó wane á yi‑o ye o ta wo diini o yi mɛ kaanem dem na wó ke to. Nɔɔna bam wó taa jei ba cheigi wonto mo se o ba o lwoori Wɛ swolim o ke kaanem dem baŋa ne, se wonto de nɔɔna bam maama laam wane ba di wodiu. Nam véi-na, se á wó na‑o.”
14Ba ma vo ba zo teo kom wone. Ba na maa zoore to, mo Samuwel de maa beene se o jeeri-ba. O déem wo chwoŋa ne mo, o diini o maa vei kaanem jei sem. 15Dɛ delo tega na wó poore se Sɔɔl ba o yi teo kom to, mo Baŋa Wɛ déem nam ya lwoori yiga o ta de Samuwel o we, 16“Jwa kanto maŋa ne, amo wó toŋe Benjamin dwi tu dedoa se o ba n tei. Ko ye se n lwo swolim nuga mo o yuu ne, se n ma n tiŋi‑o se o taa ye amo nɔɔna Isarele tiina bam yiga tu. Se wonto mo wó jwoŋi a nɔɔna bam o yage Filisi tiina jeŋa ne. Kokuri, a nii a na a nɔɔna bam cham dem, ye ba keira kam de yi-ne.”
17Samuwel yi na tu de peere Sɔɔl to, mo Baŋa Wɛ tage ded‑o o we, “Nɔɔno wonto mo a tage o taane a bere‑m to. Wonto mo wó taa nii amo nɔɔna bam baŋa ne.” 18Samuwel na wo teo kom manchwo-peena ni ne to mo Sɔɔl fɔɔre o vo o yi o tei. O ma bwei‑o o we, “Ja! Bere debam Yi-naro wom na zoore mɛ to.” 19Samuwel ma leiri‑o o we, “Amo mo ye Yi-naro wom. Nam da-na amo yiga se dé di zwoŋo kom baŋa dé vo kaanem jei sem. Zem mo dé wó tɔge daane dé di kaanem dem wodiu. Jwa zezeŋa ne, a ta wó ta kolo maama na wora to a bere‑m, se a daare a yage‑m chwoŋa ne se n viiri. 20Pa se n boboŋa taa tiga, se ko ná ye bonɛ selo na jei da yatɔ zem tento to, ba jwoori ba na-se. Nam lɔre we, Isarele tiina bam maama yi page nmo de n kwo sɔŋɔ kom baŋa ne mo.”
21Sɔɔl ma leiri o we, “Amo nam nwoŋi Benjamin dwi dem wone mo. Isarele dwia yam maama wone, Benjamin dwi dem mo tiini de muri. Amo ta na nwoŋi diga kalo ne to mo ye kalo nɔɔn-nɔɔno na yeiri ka ni ne to. Tetɛ mo ye nmo ŋɔɔne taane dento n pa-ne?”
22Samuwel déem ma ja Sɔɔl de o tontoŋeno wom o vo o zo jeerim diga kam wone. O ma pa se ba jeini mɛ yuu tiina na jei to. Balo ba na bwoŋi se ba jeeri da to maa ye nenɛɛne nɔɔna fintɔ. 23Samuwel ma ta de wolo na saŋe ba wodiu kom to o we, “Kwei nɔne delo a ya na pɛ‑m ye a ta dede‑m se n tiŋi de yera to n ja n ba n pa-ne.” 24Wodi-saŋeno wom ma kwei chwei dem de de nɔna yam maama o ja o vo o zege Sɔɔl yiga ne. Samuwel laam ma ta de Sɔɔl o we, “Ko ye nmo nyem mo. Di n na lage tei to, se a maŋe a tiŋi nɔne dento n ŋwaane mo, ye a laam bwoŋi nɔɔna banto maama se dé di daane.”
Dento dɛ dem ne, Sɔɔl dedaane Samuwel ma di wodiu daane. 25Ba na di ba ti to, ba ma zege da ba tu ba jwoori teo kom wone. Samuwel ma ja Sɔɔl o di sɔŋɔ kom nayuu baŋa ye ba lara. 26Tega na jege ka poore to, mo ba gwoni tega ba zaŋe. Samuwel ma ta de Sɔɔl ya na wo nayuu kom ne to o we, “Nam zaŋe n ti n yiga, se a bane‑m a yage chwoŋa ne se n viiri.” Sɔɔl na zaŋe o tu nayuu kom ne to, o de Samuwel ma nwoŋi pwooni ba kwei chwoŋa ba maa kɛa.
27Ba na vei ba yi teo kom ni dem to, Samuwel ma ta de Sɔɔl o we, “Ta de n tontoŋeno wom se o tɔge yiga o taa via.” Sɔɔl tontoŋeno wom na kɛ o ti to, mo Samuwel daa tage o we, “Zege konto, se a ta Wɛ kwora kam a bere‑m.”",https://www.bible.com/bible/3661/1SA.9.KBG
1 SAMUWEL 10,"1Ba na zege da konto to, Samuwel laam ma kwei Olivi nuga kabɔɔ. O ma lwo nuga kam Sɔɔl yuu ne ye o daare o kukwori‑o. O ma ta‑o o we:
“Baŋa Wɛ mo kwɛ nmo tento, ye o tiŋi‑m se n ta‑n ye o nɔɔna Isarele tiina bam yiga tu. [Nmo wó ta‑n nii ba baŋa ne ye n daare n jwoŋi-ba ba dona maama jeŋa ne n yage. Tento nam mo wó bere‑m we Baŋa Wɛ seene o tiŋi‑m se n ta‑n tei o nɔɔna bam:] 2Zem, nmo ná nwoŋi amo tei ne, ye n ná kɛ n yi Benjamin laŋa siseini dem, Racheli yibeeli dem na wo Zeliza ne to, n wó jeeri baara balei. Banto maa wó ta ba bere‑m we, ba jwoori ba na bonɛ selo n ya na kare n beeri to. Ba ta wó pa n maane we n kwo wom daa ba jege se lwia, se o laam jege lwia mo nmo tete ŋwaane ye o bwei o we, ‘Amo wó ke tɛ mo se a jwoori a na a bu wom?’
3Nmo ná zege dáane ye n vo n yi Tabora tei-zɔŋɔ kom, n ta wó jeeri baara batɔ na maa vei Bɛtel se ba ke kaanem ba pa Wɛ. Ba dedoa wó taa jege bebale setɔ, dedoa maa zei bworobwooru tetɔ, ye batɔ tu wom de jege lɔɔ de ko wo sa-doora bam. 4Ba ná jeeri‑m konto, ba wó ware‑m, ye ba daare ba pa‑m bworobwooru telei. Ko ná ke konto, se n jwoŋi bworobwooru tem ba jeŋa ne.
5N laam ná zege dáane, n wó vo n yi Wɛ zwoŋo kom na wo Gibea seeni to. Dáane mo Filisi tiina jar-keira bam jege tigisim jei. Nmo ná yi teo kom ni, n wó jeeri Wɛ sampwori sedwonna kɔgɔ na zege zwoŋo kom wara-jei sem ne ba maa tua. Ba maa wó taa tae kwanno dwi dwi, ye ba wɔe senyɛ, ba daare ba taa wu wui. Ba maa wó taa via ye ba pworisa. 6Baŋa Wɛ jworo laam wó ba nmo baŋa dedaane dam pa se n de woli ba wone n tɔge n ta‑n pworisa. Konto baŋa ne n lage n leiri mo n ji nɔn-gaa. 7Wo-kenkagela yam konto maama ná seene ya ke nmo yera ne, ko laam ye se n ke kolo maama na wó su n yi to, se Wɛ wora dede‑m.
8Nmo laam ma‑n wó da yiga n vo Giligal, se a laam ba. Amo nam ná tu a jeeri‑m, a laam wó ke zwɛɛm pɛɛra dedaane yazura pɛɛra a ma kaane a pa Wɛ. Nmo jege se n cheigi-ne da yarepɛ mo, se a laam ba a yi‑m Giligal ne. A ná tua, a laam wó bere‑m kolo daa na wora se n ke to.”
Sɔɔl jigi Isarele tiina pɛ
9Sɔɔl déem na pipiri se o kɛ o daare Samuwel to, mo Baŋa Wɛ pɛ o bochare leiri de ji bochare-doore. Dɛ dem konto ne woŋo maama seene ko ke ko maŋe dedaane Samuwel na tage tei to mo. 10Sɔɔl dedaane o tontoŋeno wom na dɛ ba yi Gibea to, mo ba nɛ Wɛ sampwori kɔgɔ na beene se ba jeeri-ba. Wɛ jworo ma ba Sɔɔl baŋa dedaane dam. O ma to ba wone o tɔge o pworisa. 11Nɔɔna balo déem na yei Sɔɔl faŋa to ma na o na ke tei ye o pworisi to, ye ba bwei daane ba we, “Keitaa! Bɛ mo yi Kisi bu wom tento? Sɔɔl de ga tɔge o wo sampwori sem wone mo na?”
12Jei sem konto nɔɔno dedoa ma ta o we, “Se sampwori sento sem, á yei ba kwoa na?” Ko maama na ke tei to déem ma lɛɛre ko ji sinseira we, “Sɔɔl de laam tɔge o wo sampwori sem wone mo na?” 13Sɔɔl na pworisi o ti to, o laam ma bɛ o di zwoŋo baŋa wara-jei sem.
14Sɔɔl kwo choro wodwoŋi déem ma na Sɔɔl de o tontoŋeno wom ye o bwei-ba o we “Abam ya vei yei ne mo?” Sɔɔl ma leiri o we, “Dé ya kare dé beeri bonɛ sem mo. Dé nam na wo nɛ-se to, mo dé vei Samuwel tei.” 15O kwo choro kom ma ta o we, “Nam ta n bere-ne Samuwel na tage kolo dede‑m to.” 16Sɔɔl ta ma leiri o we, “O yɔɔre o ta debam mo we dé kɔ jworo, se ba nɛ bonɛ sem.” Ko daare, Sɔɔl wo sɛ se o ta kolo Samuwel na ŋɔɔne ded‑o paare dim ŋwaane to.
17Samuwel déem ma bwoŋi Isarele tiina bam maama se ba ba Mizipa ba jeeri Baŋa Wɛ yiga ne. 18Ba na lage daane to, o ma ta de-ba o we, “Isarele tiina Baŋa Wɛ wom kwora mo tento: Isarele tiina bam, amo mo jaane abam a nwoŋi Ejipti ne a ba ywo-seeni. Amo ta ma vere abam Ejipti tiina jeŋa ne, ye a jwoŋi abam a yage teene delo maama déem na bɛɛse abam to jeŋa ne. 19Abam Tu Wɛ ye wolo na yeini o vere abam á cham de á yaara maama wone to mo. De konto de, abam ta lɔge Wɛ kwaga ne mo ye á we, á lage pɛ se o taa wo á yiga ne. Konto ŋwaane nam ba-na á tigisi á tete Baŋa Wɛ yiga ne, dwi de dwi, sɔ-yuu de sɔ-yuu.”
20Samuwel laam ma bwoŋi Isarele dwia yam maama se ba nwoŋi dwi de dwi ba zege o yiga ne. Wɛ ma kuri Benjamin dwi dem ba maama wone. 21Samuwel daa ma pa Benjamin dwi dem tutwoni de yi, sɔ-yuu de sɔ-yuu. Wɛ ma kuri Matiri sɔ-yuu kom ba wone. Se ko kweeli to, Kisi bu Sɔɔl mo Wɛ kuri Matiri sɔ-yuu kom wone. Nɔɔna déem ma vo ba beeri‑o ba ga. 22Ba na wo nɛ‑o to, ba ta ma bwei Baŋa Wɛ ba we, “Wonto ná seene o ye nɔɔno wom, o tu ywo-seeni na?” Baŋa Wɛ ma leiri o we, “Véi-na á nii. O seigi o tete mo zela yam wone.”
23Nɔɔna déem ma duri ba vo ba vaŋe‑o ba ja ba nwoŋi pwola. Sɔɔl na tu o zege nɔɔna bam tetare ne to, ba ma na we o zege wagele wagele mo, ye o dedɔrem dwoi nɔɔna bam maama. 24Samuwel laam ma ta de nɔɔna bam maama o we, “Nii-na, nɔɔno wonto mo Baŋa Wɛ kuri o pa abam. Nɔɔn-nɔɔno tera debam maama wone se kotu dwoni de wonto.” Nɔɔna bam maama ma kaase de kwor-dɛa ba we, “Wɛ wó pa dé pɛ wom momwɛ-dɛɛre.”
25Samuwel laam ma lwoni o bere nɔɔna bam se ba lɔre paare dim totoŋ-naga na wó taa ye tei maama to. O ta ma popone tento o ke tɔnɔ wone, ye o kwei-ko o tiŋi Baŋa Wɛ yiga ne. Konto kwaga ne mo o bane nɔɔna bam o pa ba jwoori ba sam. 26Sɔɔl de ma jwoori o vo o sɔŋɔ Gibea ne. Nɔɔna badwonna na ye babɛ to déem ma kwogili‑o ye ba tɔge‑o ba vo. Wɛ déem ya pɛ se banto boboŋa tɔge Sɔɔl mo. 27Nɔn-wo-korro tedwonna ba wo na ba ŋwae to de maa wora, ye ba ŋwaane ba we, “Nɔɔno wonto yi se o jwoŋi debam o yage na?” Ba na gwooni‑o konto to, ba wo sɛ se ba ja pɛɛra ba ba ba pa‑o. Sɔɔl ma chem.",https://www.bible.com/bible/3661/1SA.10.KBG
1 SAMUWEL 11,"Sɔɔl wane Amon tiina bam
1Amon tiina pɛ Nahasi déem lage o jar-keira o vo Jabese Gilead, se o li teo kom konto o jwoŋi o taa tei. Teo kom baara bam ma ta de Nahasi ba we, “Nam pa dé gwoni ni daane, se dé wó sɛ se n ta‑n tei debam.” 2O ma leiri-ba o we, “Amo beeri chaveera mo se a ke Isarele tiina bam yera ne. Konto to, á na lage se dé gwoni ni daane, ko nam jege se a chochɔrege a le nɔɔno maama jazem yi mo ywo-seeni, se a daare a gwoni ni de abam.” 3Teo kom nakwa bam ma ta‑o ba we, “Nam pa debam pwola se dé kwei da yarepɛ dé toŋe kwora Isarele tega kam maama ne dé beeri wolim. Dé ná beeri dé pwoli ye jwoŋinu ná wo tu se o vere debam n jeŋa ne o yage, dé laam wó ba dé sɛ‑m.”
4Nɔɔna badwonna ma ja kwora kam konto ba vo ba yi Gibea. Sɔɔl teo kom mo konto. Ba ma ta taane dem ba de Gibea tiina bam zwa ne. Ba de na nigi to, ba ma kaase bɔge-bɔge. 5Konto de Sɔɔl ya zege o kara ne mo o kale o nabɛ o maa jwoori sɔŋɔ. O na nigi sɔɔ kom to, mo o bwei o we, “Bɛ mo ke nɔɔna bam yera ne ye ba kaase konto ŋɔɔ?” Ba ma lwoni kwora kalo na nwoŋi Jabese ka ba to ba bere‑o.
6Sɔɔl na nigi to, Baŋa Wɛ jworo ma chu o baŋa de dam. O wo ma pɛ. 7O ma ja o nabɛ sem selei o go. O ta ma tore tore se nɔna yam mura-mura, ye o pa nɔɔna ja-ya ba jage se ya yi Isarele tiina maama. Nɔɔna bam ná yi jei selo maama, ba wó ta tento mo ba we, “Sɔɔl de Samuwel mo wora ba lae jar-keira ba ke daane. Wolo ná wo sɛ se o nwoŋi o tɔge ba kwaga, ba lage ba ke kotu ne ba na ke tei de nabɛ sento to mo.” Foone ma tiini de zo Isarele tiina bam Baŋa Wɛ ŋwaane. Ba maama jilli ma nwoŋi se ba vo ba kwaare jara. 8Sɔɔl ma pa nɔɔna bam maama jeeri Bezeki ne. Ba na jeeli ba ni to, Isarele jar-keira bam déem ye nɔɔna morro bia yatɔ (300,000) mo. Judah jar-keira bam maa ye nɔɔna morro fintɔ (30,000).
9Sɔɔl de o kwaga nɔɔna bam ma toŋe Jabese teo nɔɔna se ba jwoori ba teo kom de kwora kanto: “Jwa we-bere maŋa ne, dé wó ba dé jwoŋi abam dé yage.” Nɔɔna bam na jaane kwora kam ba yi Jabese Gilead ye ba ta to, teo kom tiina wo ma pwoli dedɛ. 10De ko de, ba ta toŋe kwora Amon tiina bam tei ne mo we, “Ko ta wo á tei ne. Dé jwa wo á jeŋa ne, se á ke debam á na boŋe tei to.”
11Tega na lage ka poore to, mo Sɔɔl pɔɔre o jar-keira bam kuni betɔ. O laam ma pa ba nwoŋi ye ba pɔpɔ ba zaŋe Amon tiina kɔgɔ kom baŋa ne. Ba ma wane-ba, ye ba go ba dedɛ se ko vo ko yi wea berem maŋa. Balo fee na lugi to ma duri ba jage jei maama ne. Nɔɔn-nɔɔno daa wo tɔge de o dwoŋi.
12Isarele tiina bam ma yi Samuwel tei ba we, “Nɔɔna balo na gwooni Sɔɔl ye ba we, ko ya wo maŋe se o di paare debam baŋa ne to, ba wo yei ne mo? Nam pa debam chwoŋa se dé go-ba!” 13Sɔɔl maa wo sɛ ye o we, “Zem dɛ dento, yé go-na nɔɔn-nɔɔno! Kolo ŋwaane to, ko ye zem dɛ dem mo Baŋa Wɛ jwoŋi Isarele tiina bam o yage.”
14Samuwel laam ma ta de nɔɔna bam o we, “Pa se dé jwoori-na Giligal se dé kwɛ Sɔɔl paare dem se de da chwoŋa nɔɔna maama yia ne.” 15Ba maama ma seene ba vo Giligal. Ba ma fɔge ba tiŋi Sɔɔl paare dem wara-jei sem ne, ye ba daare ba ke yazura pɛɛra ba ma ke kaanem ba pa Baŋa Wɛ. Jei sem konto ne mo Sɔɔl de Isarele tiina bam maama déem chake de wopwolo.",https://www.bible.com/bible/3661/1SA.11.KBG
1 SAMUWEL 12,"Samuwel bane Isarele tiina bam
1Samuwel ma ŋɔɔne de Isarele tiina bam o we, “Amo seene a cheigi abam kwora woŋo kolo maama á na tage de amo to baŋa ne. A ma tiŋi pɛ se o taa nii á baŋa ne. 2Ko zege a nɔn-donne maŋa ne mo a wo abam yiga ne se ko ba ko yi zem. Leile konto a tiini a kwe ye a yuu peere. Amo bia laam ye baara mo, ye ba wo á wone. Pɛ wom laam leiri amo yuu ne mo, se o taa nii á baŋa ne. 3Nii-na ne da, a jale a tete mo Baŋa Wɛ dedaane o pɛ wom yiga ne. Ta-na chega: abam wɔ mo amo vere o nabea naa o bonaga? Wɔ mo a nam ke‑o swa a pini? A bɛɛse wɔ mo abam wone? Wɔ mo sugi amo yia de pɛɛre se ko kwoli o keim-balɔrɔ? Amo ná tusi tei kolo maama wone, se á ta á bere-ne, se a jwoori a yiri-te a pa abam.” 4Nɔɔna bam ma leiri‑o ba we, “Kɔtaa! Nmo wo pini debam, n ma‑n wo bɛɛse debam. Nmo ta wo fɔge n jwoŋi vwa pɛɛre nɔɔno tei ne.”
5Samuwel daa ma leiri o we, “Zem dɛ dento ne, Baŋa Wɛ de o pɛ wom zege amo chega kam kwaga ne we abam wo nɛ amo tusim kolokolo baŋa ne.” Nɔɔna bam ma leiri ba we, “Ɛɛ! Baŋa Wɛ zege ye o nia.”
6Samuwel daa ma ta de nɔɔna bam o we:
“Baŋa Wɛ déem mo kuri Moses dedaane Aron ye o tɔge banto baŋa ne o ja abam kwoa bam o nwoŋi Ejipti ne. 7Ta‑á zege konto, se a lage a bwɛ abam mo Baŋa Wɛ yiga ne, se ko tɔge dedaane Baŋa Wɛ na ke wo-kamunnu telo maama o ma jwoŋi abam de á kwoa bam o yage to. 8Jakob de o dwi tiina déem na jeini Ejipti ne to, mo abam nabaara bam déem keeri ba jare Baŋa Wɛ. Wɛ ma pa Moses de Aron vere-ba ba ja nwoŋi Ejipti ne ba ba ba zoore tega kanto á laam na tei to ne.
9De konto de, á nabaara bam ma ba ba swei ba Tu Baŋa Wɛ wom swia. Konto ŋwaane mo o ke-ba ba dona jeŋa ne. Ko ma pa se Sisera wolo na ye Hazora teo jar-keira bam yiga tu to, de Filisi tiina bam, dedaane Moaba pɛ wom de o nɔɔna bam wane á nabaara bam ba di jara wone. 10Á kwoa bam déem daa ma keeri ba jare Baŋa Wɛ ye ba we, ‘Debam tusi mo. Dé pipiri dé yage Baŋa Wɛ zula ye dé daare dé zuli Baal dedaane Asetare jwona yam. Nam jwoŋi debam n yage dé dona jeŋa ne, se dé laam wó jwoori dé taa zuli‑m.’ 11Baŋa Wɛ ma kuri Gideon, de Baraki, de Jefeta, dedaane amo, Samuwel o pa abam. Wɛ ma tɔge nɔɔna bam konto baŋa ne o jwoŋi abam o yage á dona bam maama jeŋa ne, se á ta‑á wae á zoore de yazura.
12Abam nam na yɔɔre á na Amon tiina pɛ Nahasi na lage o kwaare jara de abam to, mo á tage de amo á we, ‘Lage pɛ n pa debam, se o taa nii dé baŋa ne.’ Á tage konto ye abam Tu Baŋa Wɛ wom ya mo maŋe o ye abam pɛ. 13Á nam nii-na á pɛ wom mo tento. O maa ye pɛ wolo á na lwoori Wɛ o ŋwaane ye Baŋa Wɛ kuri‑o o pa abam to. 14Nam seene-na yia á ta‑á kɔre Baŋa Wɛ se á daare á ta‑á zuli‑o ye á tɔge o chwei sem. Yé se-na á zwa á ve o nia yam. Abam maama de á pɛ wom ná tɔge á Tu Baŋa Wɛ konto dwoŋi, ko wó taa lana ko pa abam. 15Ko daare á na pɛ se á zwa se, ye á ve se á sɛ o nia yam, Baŋa Wɛ de wó lɔ abam de á pɛ wom kwaga ne mo.
16Nam ta‑á zege á na zege mɛ konto to, se Baŋa Wɛ wó ke wo-kamunu á yibia ne leile konto. 17Maŋa kanto dae te-pwoŋa mo na? Amo nam wó lwoori Baŋa Wɛ se o pa doa ba ka taa baga ka wuura ye ka nena. Abam ná nɛ do-fɔrɔ kom, á wó maane we á tiini á sa chwoŋa ye á chɔge Baŋa Wɛ yiga mo, de á na tage we á lage pɛ to.”
18Samuwel na seene o lwoori Baŋa Wɛ to, Wɛ ma pa do-fɔrɔ ba ka baga ye ka nena dɛ dem konto ne. Ko ma pa nɔɔna bam maama tiini ba kɔre Baŋa Wɛ dedaane Samuwel. 19Ba ma ta de Samuwel ba we, “Pwopwo, ja n Tu Baŋa Wɛ wom teiŋa n pa debam se dé yé te. Debam laam seene dé lɔre we dé wɛleera yam daga, ye dé ta woli ya wone mo dedaane dé na we dé lage pɛ to.”
20Samuwel laam ma leiri-ba o we, “Chega to, abam seene á ke wo-balɔrɔ. Nam yé ta‑á kɔre-na foone. Ko laam nam jege se á ta‑á tɔge Baŋa Wɛ de á wo maama mo, se á daa yé lɔ o kwaga ne. 21Yé zuli-na jwona. Yanto ba jege dam, ya nam bá wane abam ya jwoŋi ya yage cham wone. Ya ye wo-yɔɔro yerane mo. 22Baŋa Wɛ bá sɛ o ve abam balo na ye o nɔɔna bam to, o tete yere-zɔŋɔ kom ŋwaane. Kokuri to, wonto mo kuri abam se o pa á ta‑á ye o tete nɔɔna. 23Se ko ná ye amo, a ta wó taa lwoori Baŋa Wɛ a pa abam. Ko ya ná dae konto, a ya wó ke wɛleere mo. Amo za wó taa bere abam chwo-laaro telo na maŋe se á tɔge to. 24Ta‑á kɔre-na Baŋa Wɛ se á daare á ta‑á zuli‑o de á bochare maama. Guli-na wo-kamunnu telo maama o na ke o pa abam to. 25Nam ta‑á yei-na we, abam de á pɛ wom ná misi á yuni keim-balwaaro wone, Wɛ wó pa á yera maama saare tega baŋa ne mo.”",https://www.bible.com/bible/3661/1SA.12.KBG
1 SAMUWEL 13,"Sɔɔl ve Baŋa Wɛ ni dem
1Sɔɔl déem jege bena fintɔ mo ye o bobo se o di paare. O déem nam di paare Isarele tiina baŋa ne bena finna-yalei mo.
2Sɔɔl déem ma kuri Isarele tiina bam wone nɔɔna morro tetɔ se ba taa wo o tei ne. Nɔɔna morro telei ma maŋe Mikimasa ne, ko woli de Bɛtel zwonnu laŋa kam ne. Nɔɔna moro de maa wo o bu Jonatan tei ne. Banto ma vo Gibea na wo Benjamin laŋa kam ne to. Sɔɔl ma pa Isarele tiina jar-keira balo maama na daare to jwoori ba sam.
3Jonatan déem ma vo Gibea mɛ Filisi tiina jar-keira kɔgɔ kodwoŋi na gilimi to. O na yi da to, o ma jeeri-ba de jara ye Filisi tiina bam maama ni ko ŋwa. Sɔɔl de ma pa ba wu nabwanno Isarele teo kom maama wone se Hiburu tiina bam nwoŋi jara keim ŋwaane. 4Isarele tiina bam ma ni we Sɔɔl mo wane Filisi tiina jar-keira kɔgɔ kolo na wo Gibea ne to o zeili. Konto nam mo pɛ Isarele tiina bam kikia maama lwoi Filisi tiina bam momwa ne. Isarele tiina jar-keira bam maama ma sɛ Sɔɔl kwora kam ye ba vo ba jeeri‑o Giligal ne.
5Filisi tiina bam de déem ma bwoŋi ba jar-keira bam se ba nwoŋi ba kwaare jara dedaane Isarele tiina bam. Ba jara torokooro déem ye morro tetɔ (3,000) mo. Balo na diini sisein-nɔɔna to maa ye morro teredo (6,000). Ba jar-keira maama ni déem ware de ga de ti. Ba daga dedɛ nenɛɛne naneo ni kasolo mo tei. Ba ma tɔge daane ba vo Mikimasa ba chwi ba vwoa da. Jei sem konto jeeri Bɛte-Aven wɛ-puli seeni mo. 6Isarele tiina bam ma na we ko tiini ko zo ba yera, Filisi tiina bam na jege-ba ba peene to ŋwaane. Ba ma duri ba vo ba seigi peero bɔɔna wone, de punnu wone, de gugworru wone, de gwonnu wone, de vola wone se ba wane ba lu. 7Ba badwonna bere ba bɛ Jɔdan buga kam ye ba zo Gad dedaane Gilead laŋa kam ne mo.
Sɔɔl ma maŋe Giligal ne. Foone ma ja nɔɔna balo na wo o tei ne to pa se ba yera sae pɔm-pɔm. 8O déem peene mo se o cheigi Samuwel na wó ba maŋa kalo to. O ma cheigi da yarepɛ ne Samuwel na tage tei to. Samuwel yuu na ba nae to, Sɔɔl nɔɔna bam laam ma bobo se ba jage ba daare‑o. 9Sɔɔl ma ga ga o we, “Ja-na zwɛɛm pɛɛra yam dedaane yazura pɛɛra yam á ba á pa-ne.” O na jwoŋi-te nɔɔna bam tei ne to, mo o kwei varem wom o wora o zwɛ o ma o ke kaanem. 10O na yɔɔre o ti kaanem dem to dedaane Samuwel dɛ o yi da. Sɔɔl ma vo se o jeeri‑o o daare o zaane‑o.
11Samuwel ma bwei Sɔɔl o we, “Bɛ mo konto n kea?” Sɔɔl ma leiri‑o o we, “Maŋa kalo nmo na pɛ se n ba to na yia ye n ta wo tu to, amo nɔɔna bam ya wora ba jage ba daare-ne. Filisi tiina jar-keira bam de ma jeeri daane Mikimasa ne se ba kwaare jara dedaane debam. 12Amo ya ta maa jege lwia we ba wó ba Giligal ywo-seeni ba zaŋe a baŋa ne, ye a ta wo lwoori Baŋa Wɛ zeinim jara yam ŋwaane. Konto to amo boŋe we ko fee mo se a ke lela a ke kaanem dem.”
13Samuwel ma ta o we, “Nmo tiini n toŋe jworim dedɛ. Nmo wo tɔge ni delo nmo Tu Baŋa Wɛ na pɛ‑m se n da to. N ya ná dɛ-de chekke, Baŋa Wɛ ya wó pa nmo de n dwi dem di paare Isarele tiina baŋa ne, se ko taa vei wuu. 14Nam nii! N paare dem daa bá taa wora taa. Baŋa Wɛ maŋe o beeri o na nɔɔno wolo kikia na dɛ o wo to, ye o laam wó pa wonto mo taa nii o nɔɔna bam baŋa ne, nmo na wo dɛ Baŋa Wɛ ni dem to ŋwaane.”
15Samuwel ma zege Giligal ne o kwei o chwoŋa o maa kɛa. Nɔɔna balo ta na wo Sɔɔl tei ne to ma tɔge ded‑o ba vo Gibea na wo Benjamin laŋa kam ne to. Sɔɔl ma jeeli ba ni daane, o na we ba ta yi nɔɔna bia yaredo (600).
16Sɔɔl de o bu Jonatan dedaane ba kɔgɔ kom maama maa maŋe Benjamin teo Gibea ne ba tiga. Filisi tiina bam de maa maŋe Mikimasa ne ba tiga. 17Filisi tiina jar-keira badwonna ma zege ba na gilimi mɛ to ne ba pɔɔre ba tete kuni betɔ. Ba maa yeini ba nwoŋi se ba taa mage ba dona ye ba vere ba wonnu. Popɔra dedoa déem kwei Ofera chwoŋa kam na wo Suwali laŋa kam seeni to mo. 18Ba popɔra kadwoŋi de ma kwei Bɛte-Horon chwoŋa kam, ko daare ye popɔra kalo na daare to de kwei chwoŋa kalo na vei siseini dem laŋa ne, mɛ na maŋe de Zeboyim bwolo kom de kagoa kam to.
19Kanto maŋa kam ne, luru tera Isarele tiina teene dem maama wone. Kokuri to, Filisi tiina bam mo déem ya tage ba we, “Dé yé pa Hiburu tiina bam pwola se ba ke se-zɔɔro dedaane chichwoa ba ma daane debam.” 20Konto ŋwaane ko fee mo se Isarele nɔɔna maama vo Filisi tiina bam tei se ba dwori ba vaane, de ba dwoora, de ba sekware, de ba seene maama. 21Ko ná ye vaane, Filisi tiina bam maa yeini ba pa ba ŋwe sabu-dala yalei se ba dwori-de ba pa-ba. Ko daare ko ná ye dwoora, de pengasa, de chichwoa, ba wó ŋwe sabu-dale dedoa mo.
22Konto ŋwaane, dɛ dem na yi se Isarele tiina bam ke jara yam to, nɔɔno wolo maama na wo Sɔɔl de o bu Jonatan kwaga ne to ba jege se-zɔɔ naa chichwei o jeŋa ne. Sɔɔl de Jonatan yerane mo jege jara zela yam konto.
Jonatan kwaare jara de Filisi tiina
23Filisi tiina bam déem ma pa ba jar-keira kɔgɔ kodwoŋi vo ba che Mikimasa zwonnu chwoŋa kam.",https://www.bible.com/bible/3661/1SA.13.KBG
1 SAMUWEL 14,"1Dɛ dedwe mo Sɔɔl bu Jonatan tage de nɔn-doŋo wolo na yeini o zei o jara zela yam to o we, “Pa se dé bɛ dé vo mɛ Filisi tiina jar-keira bam na vei ba tigi to.” O nam wo pɛ se o kwo Sɔɔl lɔre ko ni ne.
2Sɔɔl déem maŋe Gibea teo kom laŋa kam seeni mo. O maa jei Pomegara tio kodwoŋi na wo Migoron ne to kuri ne. Jar-keira balo na daare ba maŋe o tei ne to maa ye nenɛɛne bia yaredo. 3Nɔɔna bam konto wone dedoa déem ye Ahituba bu Ahija. O maa ye Wɛ kaanem tu ye o jege kaanem gare-wogo kom. Ahituba déem ye Ikaboda choro de Finehase bu mo, ye o ta ye Eli naa. Eli déem ya ye Baŋa Wɛ kaanem tu Siloo ne mo. Nɔɔna bam maama nam wo lɔre we Jonatan nwoŋi ba tei ne.
4Chwoŋa kam na wo Mikimasa zwonnu tem ne ye Jonatan jeeli se o tɔge da o kɛ o vo o yi Filisi tiina jar-keira bam tei to, déem tigi pe-kamunnu telei tetare ne mo. Te dedoa yere déem mo ye Bozezi, ye kodwoŋi kom yere ye Senɛ. 5Peo dedoa déem jeeri baŋa seeni daa kam mo, ye ko yɔɔre Mikimasa. Kodwoŋi kom de maa wo tega-kuri seeni daa kam ne, ye ko yɔɔre Geba.
6Jonatan ma ta de nɔn-doŋo wolo na zei o jara zela yam to o we, “Nam pa dé bɛ dé yi nɔn-kafɛ tento na wo mɛ to! Dɛ delo Baŋa Wɛ wó woli debam se dé wane-ba. Baŋa Wɛ ná lage o jwoŋi o nɔɔna bam o yage, kolokolo bá cheiŋi‑o. Dé ná daga naa dé ná muri de, ko maama ye bedwe mo Wɛ tei ne.” 7Nɔn-doŋo wom ma leiri‑o o we, “Ke kolo maama n na boŋe n ja se n ke to, se a zege n kwaga ne de a wo maama.” 8Jonatan maa we, “Nam pa dé fɔɔre dé vo dé bere dé tete Filisi tiina bam. 9Ba ná tage ba bere debam we, ‘Ta‑á zege-na á cheigi debam se dé beene á tei’, de wó maŋe da mo, de bá di dé yi ba tei. 10Ko daare ba ná tage we, ‘Titwoni-na á di peo kom á ba-na ywo-seeni’, dé wó di dé yi-ba mo. Konto wó bere we Baŋa Wɛ mo seene o kwei-ba o ke debam jeŋa ne.”
11Banto balei bam ma vo ba zege mɛ Filisi tiina bam na wó na-ba to. Filisi tiina bam ma ta ba bere daane ba we, “Nii-na! Hiburu tiina bam laam wora ba pi ba nwoŋi bɔɔna yalo ba ya na seigi da to wone mo.” 12Ba laam ma tɔɔle ba ta Jonatan dedaane nɔn-doŋo wom ba we, “Tutwoni á yi-na ywo-seeni, se dé wane dé bere abam woŋo.” Jonatan ma ta o tontoŋeno wom o we, “Ta‑n tɔge a kwaga n diini, se Baŋa Wɛ mo ke nɔɔna bam konto Isarele tiina bam jeŋa ne.”
13Jonatan laam ma gwane o di peo kom, ye o tontoŋeno wom tɔge o kwaga. O ma jeeri Filisi tiina bam de jara o mage o de tega ne. O ná mage wolo o de tega ne, nɔn-doŋo wom wó tɔge o kwaga o go kotu. 14Ba na dɛ yiga ba jeeri Filisi tiina bam de jara konto to, Jonatan de o tontoŋeno wom déem go nɔɔna finlei mo jeiga dedoa ne, ka wo gaale naba-laara fintɔ.
15Foone ma tiini de ja Filisi tiina jar-keira balo maama déem na wo pwola ne to, de balo na nwoŋi vero ŋwaane to, de balo na yere ba tigisim jei to, de ba teo kom nɔn-bia bam maama. Tega kam ma ziziŋi, kokuri to Baŋa Wɛ mo ke se foone dem konto taa wora.
16Sɔɔl nɔɔna balo na zege Gibea ne ba tole ba nii kolo na wora ko ke to ma na we, Filisi tiina bam jage mo ye ba duri jei maama ne. 17Sɔɔl laam ma ta o nɔɔna bam maama o we, “Jeeli-na dé nɔɔna bam maama ni, se dé lɔre balo na tere ywo-seeni to.” Ba na jeeli ba ti to, mo ba maane we Jonatan de nɔn-doŋo wolo na zei o jara-keim zela yam to mo tera. 18Wɛ kaanem tu Ahija déem na jege kaanem zela yam o tei ne to, Sɔɔl ma ta ded‑o o we, “Ja gare-wogo kom n fɔɔre n yi ywo-seeni se dé bwei Baŋa Wɛ dé nii dé wó ke tɛ mo.” 19O ta na wora o ŋɔɔne de kaanem tu wom konto to, ba ma ni vuvuga sɔɔ na tiini ko zaŋe Filisi tiina bam tigisim jei sem ne. Sɔɔl ma ta‑o we, “Le n jeŋa gare-wogo kom ne. Maŋa daa tera se dé bwei Baŋa Wɛ dé nii.”
20Sɔɔl dedaane o jar-keira bam maama ma ke daane ba yɔɔre Filisi tiina bam jei sem se ba kwaare jara de-ba. Ba ma vo ba na we vuvuga tiini ka to Filisi tiina bam wone ye ba kwaare jara da-baŋa ne. 21Hiburu tiina balo ya na tɔge de Filisi tiina bam ba ke jara yam ba woli-ba to laam ma jwoori ba lɛɛne ba pu Isarele tiina balo na wo Sɔɔl de Jonatan tei ne to. 22Ko daare Isarele tiina balo ya na seigi Efrayim zwonnu laŋa kam ne to de ma ba ba ni we, Filisi tiina bam kwaane ba duri se ba lu Isarele tiina jeŋa ne mo. Ba de ma nwoŋi ba tɔge ba pare-ba de fora. 23Ba déem pɛ Filisi tiina bam konto ba pu mo taa ba vo ba gaale Bɛte-Aven. Mo chwoŋa kalo wone Baŋa Wɛ déem na dɛ o ma o jwoŋi Isarele tiina bam o yage dɛ dem konto ne to.
Jara yam kwaga kikia
24Dɛ dem konto ne mo Isarele tiina bam yera tiini ya bwona, kana na jege-ba to ŋwaane. Kokuri to, Sɔɔl déem ya dugi duuri mo ye o daare o pa ni dento o nɔɔna bam o we, “Wolo maama ná di wodiu zem ko lwoori wɛ-zoore maŋa ye a ta wo yiri a jene a dona bam baŋa ne, se sɔɔlem taa wo kotu yuu ne.” Ko ma pa se dɛ dem konto, o nɔɔna bam wolowolo wo laŋe wodiu o ni ne.
25Sɔɔl jar-keira bam maama ma tɔge gaao wone, mɛ teeni na gaale to ba kɛ. Ba ma na we tooro mo wora jei sem maama. 26Ba na dɛ da ba kɛ ye ba na tooro tem konto to, ba wolowolo wo laŋe-te. Sensɔla kam mo ba déem kɔre. 27Ko daare Jonatan déem wo nigi we o kwo dugi mo o pa nɔɔna bam. O ma kwei o nacheiga kam o twe o ma laŋe to-nuga. O laam ma weeri de o jeŋa o di. O yera ma daŋe, ye o ta wara. 28Nɔɔna bam dedoa ma ta de Jonatan o we, “Nmo kwo nam dugi mo o yage dé jar-keira bam baŋa ne we, ‘Lɛɛro taa wo wolo maama na wó di wodiu zem to baŋa ne.’ Ko ye konto ŋwaane mo dé maama bwona tento ye kana jege debam.” 29Jonatan ma ta o we, “Chega to, a kwo pɛ ko zo á maama yera chekke. Nii a na di tooro tem fenfee ye a jwoori a na dam tei! 30Dé nɔɔna bam ya ná nɛ chwoŋa se ba di wodiu kolo maama ba na vere Filisi tiina bam tei ne to, ko ya bá taa gare na? Tento ba ya wó na dam se ba go Filisi tiina bam dedɛ ba dwoni ba zem na go tei to.”
31Dento dɛ dem ne, Isarele tiina bam zege Mikimasa ne ba pare Filisi tiina bam taa ba vo ba yi Ayijalon. Ba na wane-ba ba ti konto to, dedaane ba yera yam bugi dedɛ kana ŋwaane. 32Ba ma ke lela ba pɛ wonnu telo ba na vere Filisi tiina bam tei ne to se ba na wodiu ba di. Ba ma go pei, de naane, de na-mɔre, ba daare ba jege nɔna yam ba buri ba di gweeni, ye vara bam jana wo lwoori ba lu tega ne.
33Nɔɔna ma ta Sɔɔl ba we, “Nii debam nɔɔna bam na ke wɛleere delo Baŋa Wɛ yiga ne. Ba jege nɔna mo ba done de ya yera jana.” Sɔɔl ma ta o we, “Abam chɔge á chega de Baŋa Wɛ. Bibili-na kandwɛ-kamunu á ja á ba ywo-seeni á pa-ne.” 34O daa ma ta o we, “Véi-na á da nɔɔna bam wone á ta se ba maama ja ba naane dedaane ba pei sem ba ba ywo-seeni. Ba jege se ba go vara bam maama kandwɛ dem baŋa ne ba daare ba di ywo mo. Ko dae se ba done nɔna yam de ya yera jana ba ma ke wɛleere Baŋa Wɛ yiga ne.” Tete dem konto ne, nɔɔna bam maama ma ja ba vara ba ba ba go dáane. 35Sɔɔl de ma lɔ kaanem bimbini se o ma o zuli Baŋa Wɛ. Mo bimbini delo o na dɛ yiga o lɔ o pa Baŋa Wɛ to.
36Sɔɔl ma ta de o nɔɔna bam o we, “Nam pa-na se dé vo dé pare Filisi tiina bam tete dento wone se ko taa nii te-pora maŋa ne. Dé wó go-ba ye dé daare dé vere ba zela. Dé yé daare nɔɔno dedoa de.” Ba ma leiri‑o ba we, “Ke kolo maama n na boŋe n ja se n ke to.” Kaanem yiga tu wom ma ta o we, “Yage-na se dé bwei Baŋa Wɛ se dé lɔre o boboŋa.” 37Sɔɔl ma bwei Wɛ o we, “A ja jara a jeeri Filisi tiina bam se n pa dé di-ba na?” Baŋa Wɛ maa wo leiri‑o dento dɛ dem ne.
38Ko ma pa Sɔɔl ta de Isarele jar-keira yiga tiina bam o we, “Á ba-na ywo se dé lɔre wɛleere dwi dɔ mo dé ke zem. 39A dugi dedaane Ŋwea Tu Baŋa Wɛ na pae Isarele tiina di ba jara to a we, wolo maama na ke wɛleere dem to wó te mo. Ko ná maŋe ko ye amo bu Jonatan de, o bá lu.” O na tage konto to, ba maama wone nɔɔn-nɔɔno wo leiri taane.
40Sɔɔl laam ma ta de Isarele jar-keira bam o we, “Abam maama véi-na dáa á zege kɔgɔ dedoa, se amo de a bu Jonatan de zege ywo-seeni.” Nɔɔna bam ma sɛ ye ba we, “Ke kolo nmo na boŋe n ja se n ke to.” 41Sɔɔl ma lwoori Isarele tiina Baŋa Wɛ wom o we, “Popo, bere-ne woŋo kolo ŋwaane n na wo leiri debam lworo kom zem to. Ko ná ye amo, naa a bu Jonatan yiga mo, pa se Yurim kandwɛ dem bere. Ko nam ná ye Isarele tiina kɔgɔ kom yiga mo, se n pa Tumim kandwɛ dem bere.” Jɔrɔ kom ma ja Jonatan de Sɔɔl, ye ko yage Isarele tiina kɔgɔ kom. 42Sɔɔl daa ma ta o we, “Laam pa Wɛ kuri amo de a bu Jonatan tetare ne.” Jɔrɔ kom ma le Jonatan.
43Sɔɔl laam ma bwei o bu wom o we, “Nmo ke bɛ mo n sa chwoŋa?” Jonatan ma ta o we, “Amo mɛ a nacheiga ni mo a laŋe tooro fenfee a di. Konto to, a nam jege se a te mo na?” 44Sɔɔl ma ta o we, “Jonatan, lɛɛro taa wo amo yuu ne nenɛɛne a ná wo pɛ se n te!”
45Isarele jar-keira bam ma ta de Sɔɔl ba we, “Konto bá ke! Ko dae Jonatan mo jaane wɔnɔ-kamunu konto o ba o pa debam Isarele tiina bam na? Debam dugi de ŋwea Tu Baŋa Wɛ yere dem we Jonatan yu-yua dedoa tete bá gɔ o yuu ne. Ko ye Wɛ mo woli‑o pa o ke kolo maama o na ke zem to!” Ko déem ke konto mo ye Isarele tiina kɔgɔ kom jwoŋi Jonatan momwɛ ba yage, ye o daa wo tege.
46Sɔɔl laam ma yage Filisi tiina bam zeilim. Filisi tiina bam ma jwoori ba tete teo.
Sɔɔl na di paare ye o ke kolo to
47Sɔɔl na tu o di paare Isarele tiina baŋa ne o ti to, o déem ke jara mo dedaane ba dona bam maama. Banto maa ye Moaba tiina, de Amon tiina, ko woli de Edom dwi tiina bam, de pwa balo na tei Zoba laŋa kam, dedaane Filisi tiina bam. O déem na jeeri balo maama to, o yeini o di-ba mo. 48Ko ta ná ye Amaleki tiina bam, o tiini o ke baare o wane-ba. Ko ma pa se o jwoŋi Isarele tiina bam o yage balo maama déem na jege-ba ba vere to jeŋa ne.
49Sɔɔl déem jege bakeiri setɔ mo: Jonatan, de Isivi, dedaane Maliki-Sua. O bukɔ-kwea yere mo ye Meraba, bukɔ-balaŋa kam yere maa ye Mikaale. 50O kaane wom déem ye Ahimaazi bukɔ mo, o yere ye Ahinoam. Nera bu Abenera déem mo ye Sɔɔl jar-keira bam yiga tu wom. Nera nam ta ye Sɔɔl kwo choro mo. 51Sɔɔl kwo Kisi dedaane Abenera kwo Nera maama kwo mo ye Abiyeli.
52Maŋa kalo maama Sɔɔl na ŋwe to, tigura dedɛ ma ke Isarele tiina bam dedaane Filisi tiina bam laŋa ne. Sɔɔl déem ná maane we nɔɔno wolo dana ye o ta jege baare, o wó pa kotu da o zo o jar-keira kɔgɔ kom wone mo.",https://www.bible.com/bible/3661/1SA.14.KBG
1 SAMUWEL 15,"Baŋa Wɛ pɛ Sɔɔl paare dem ti
1Samuwel déem tage de Sɔɔl o we, “Ko ye amo mo Baŋa Wɛ pɛ ni se a tiŋi nmo se n di paare o nɔɔna Isarele tiina bam baŋa ne. Konto to, cheigi kwora kalo Baŋa Wɛ na jege se o pa‑m to. 2Paŋwa Tu Baŋa Wɛ we:
‘A lage a waare Amaleki tiina mo ba déem na toŋe tei de Isarele tiina bam to ŋwaane. Maŋa kalo Isarele tiina bam na nwoŋi Ejipti ne ba maa beene to, Amaleki tiina bam chege ba chwoŋa ye ba jeeri-ba de jara mo. 3Konto to, vei n kwaare jara dedaane Amaleki tiina bam. Yɔɔre n chɔge-ba de ba woŋo maama. Yé ja ba ŋwaŋa. Go-na ba baara, de ba kaana, de ba bia, de ba bu-sese, ko woli de ba naane, de ba pei, de ba kona, de ba bonɛ.’ ”
4Sɔɔl ma bwoŋi o jar-keira bam o ke daane pa ba jeeri Telayim ne. Jar-keira morro fuga (10,000) mo nwoŋi Judah dwi dem ne. Nɔɔna morro bia yalei (200,000) de maa nwoŋi Isarele dwia yadaara yam ne. 5Sɔɔl laam ma da o kɔgɔ kom yiga ye ba vo Amaleki tiina teo kom. Ba ma vwɛ nabara kadwoŋi ne, ye ba cheigi se ba nwoŋi da ba zaŋe Amaleki tiina bam baŋa ne. 6Keni dwi tiina de déem zoore jei sem konto ne. Sɔɔl ma pa-ba kwora o we, “Maŋa kalo Isarele tiina bam na nwoŋi Ejipti ne ba maa kɛ to, abam kwoa déem ke-ba lanyerane. Konto to, zaŋe-na á vo yiga á daare Amaleki tiina bam, se a lage a chɔge ba maama mo. Ko nam dae se abam de da á te.” Keni tiina bam ma seene ba vo dáa ba daare Amaleki tiina bam.
7Sɔɔl laam ma jeeri Amaleki tiina bam de jara ye o di-ba. Jara yam bobo Havila ne mo ya vei taa ya yi Sura na wo Ejipti teo wɛ-puli seeni to. 8O ma ja Amaleki tiina pɛ Agagi ye o ta ŋwe. Se ko ná ye Amaleki teo nɔɔna bam maama, o go-ba mo nyɔ! 9Ko daare, Sɔɔl de o nɔɔna bam déem wo go pɛ Agagi. Ba ma yage teo kom vare-ŋona bam, naane de pei maama. Ba wo sɛ se ba go-te. Ko daare ko ná ye wo-kokware sem de telo na ba jege kuri to, ba yɔɔre ba chɔge tento maama mo nyɔ!
10 Baŋa Wɛ ma ta de Samuwel o we, 11“A wo chɔge mo, de a na pɛ Sɔɔl ji pɛ to. O lɔge amo kwaga ne mo, ye o ba sɛ se o ke a ni dem ne.” Samuwel wo ma pɛ, ye o tiini o lwoori Baŋa Wɛ tete dem maama ne o poore tega.
12Samuwel ma gwoni tega o zaŋe se o vo o beeri Sɔɔl jei. Ba ma ta ba bere‑o we, Sɔɔl vei Kamele mo, o nam chwi kandwɛ-kamunu mo o zege da se ko pa o na yere. Ba ta we, o na zege dáane to, o laam vei Giligal mo. 13Samuwel ma vo o yi Sɔɔl tei. Sɔɔl ma ware‑o o we, “Baŋa Wɛ swolim taa wo n yuu ne. Amo ke a tɔge Baŋa Wɛ ni dem chekke.” 14Samuwel ma bwei‑o we, “Chega? Bɛ nam daa mo ke ye a ni naane dem dedaane pei sem keira konto?” 15Sɔɔl ma leiri‑o o we, “Jar-keira bam mo vere vare-ŋona banto Amaleki tiina jeŋa ne ba ja ba se ba ma ke kaanem ba pa nmo Tu Baŋa Wɛ wom. Ko daare kolo maama laam na daare to, dé yɔɔre dé chɔge-te mo kula!” 16Samuwel ma bage‑o o we, “Pu n ni konto, se a ta kwora kalo Baŋa Wɛ na pɛ-ne diim tete ne to a bere‑m.” Sɔɔl ma leiri o we, “A nam cheiga.”
17Samuwel laam maa we, “Nmo ya maŋe n nii n tete we, n dae kolokolo yiga da. De ko de, Baŋa Wɛ nam mo pɛ n ji Isarele dwi tiina bam maama yiga tu. O ma tiŋi‑m se n ta‑n ye ba pɛ. 18Wonto mo pɛ‑m totoŋe se n toŋe, ye o we n véi n yɔɔre n chɔge Amaleki tiina bam, ba na ye puseŋ-nyena to ŋwaane. O bere‑m se n ke jara yam taa se ko taa nii n na ti ba maama to. 19Bɛ nam mo ye n wo sɛ o ni dem? Bɛ mo ke ye n ke lela n vo n pɛ ba jejegero tem se n ta‑n jega? Nmo toŋe lwarem mo n chɔge Baŋa Wɛ yiga!”
20Sɔɔl ma leiri o we, “Ko ná ye chega, amo ke Baŋa Wɛ ni dem mo chekke. A dɛ chwoŋa kalo o na toŋe-ne se a da to. A ma yɔɔre a chɔge Amaleki tiina bam, ye a daare a ja ba pɛ Agagi a ba ywo-seeni. 21Dé nam na di-ba to, mo a nɔɔna bam kuri pei selo na lamma to, dedaane naane delo na lamma to, ba le wonnu telo na maŋe de chɔgem to wone. Ba nam jaane-te ba ba Giligal ywo-seeni mo, se ba ma ba ke kaanem mo ba pa nmo Tu Baŋa Wɛ wom.”
22Samuwel maa we, “Kɔ mo pwoli Baŋa Wɛ wo? N ná sɛ kwora kalo o na pɛ‑m se n ke to mo naa n ná zwɛ vara ye n pae pɛɛra n ma n ke kaanem n pa‑o mo, kɔ mo gara? Nii-ywo! N ná sɛ Wɛ ni, konto gare n ná ke kaanem delo dwi maama n pa‑o. 23N ná lɔge Wɛ kwaga ne, konto de yi-nɛɛre ye bedwe mo. Yi-dɛɛre-nyem dedaane jwo-kaano de maa ba gare daane. Nmo na ve Baŋa Wɛ kwora kam to, o de ve‑m we n daa‑n bá‑n taa ye pɛ.”
24Sɔɔl ma leiri Samuwel o we, “Chega to, amo ke wɛleere. A ve Baŋa Wɛ kwora kam. A wo sɛ nmo na bere-ne se a ke tei to. A nam ya kɔre a nɔɔna bam mo, pa a ke banto na lage tei to. 25A nam lwoori‑m se n yage a wɛleere n ma n chɛ-ne, se n daare n da dedaane amo se dé jwoori sɔŋɔ, se a daa wane a zuli Baŋa Wɛ.” 26Samuwel ma leiri‑o o we, “Amo bá tɔge‑m a jwoori. Kokuri to, nmo ve Baŋa Wɛ kwora kam pa o de ve‑m we, n daa‑n bá‑n taa ye Isarele tiina pɛ.”
27Samuwel laam ma pipiri se o viiri. Sɔɔl ma ja o gɔrɔ kom ni dem seeni ye ko kaare. 28Samuwel ma ta‑o o we, “Nii! Baŋa Wɛ zem jwoori o jwoŋi Isarele tiina paare dem na wo n jeŋa ne to mo o daare‑m. O ma kwei-de o pa n dwoŋi wolo na gare‑m to. 29Isarele tiina Nenɔŋ-fɔrɔ Tu Baŋa Wɛ wom ba fɔe vwa, o taane de maa ba gɔe de yaga. Kokuri to, o dae nabiin-zwona, se o taa zae o ni.” 30Sɔɔl ma leiri o we, “Amo seene a ke wɛleere. De konto maama de, yé pa a na a chaveera Isarele nakwa bam dedaane ba kɔgɔ kom maama yiga ne. Nam jwoori n da de amo se a vo a zuli n Tu Baŋa Wɛ wom.” 31Samuwel ma sɛ. O ma da de Sɔɔl o jwoori pa Sɔɔl vo o zuli Baŋa Wɛ.
32Samuwel laam ma ta o we, “Ja-na Amaleki tiina pɛ Agagi á ja á ba ywo-seeni.” Agagi ma zaŋe o vo o yi o tei de baare ye o boŋe o wone we, “Cham de toone daa bá yi-ne.” 33Samuwel maa we, “Nmo mɛ n se-zɔɔ mo n pa kaana dedɛ ga ba bia. Konto chwoŋa kam ne mo nmo de nu wó ga o bia.” O ma zege Baŋa Wɛ yiga ne o kwei o se-zɔɔ kom o cha Agagi mura-mura Giligal ne.
34Samuwel ma jwoori o vo Rama. Sɔɔl de ma jwoori sɔŋɔ o tete teo Gibea ne. 35Samuwel daa wo jwoori o vo o na Sɔɔl se ko yi o toone. Sɔɔl totoŋ-naga déem za pɛ Samuwel yiga nyɔne dedɛ. Baŋa Wɛ de wo déem chɔge mo de o na pɛ Sɔɔl di paare Isarele tiina baŋa ne to.",https://www.bible.com/bible/3661/1SA.15.KBG
1 SAMUWEL 16,"Samuwel le David se o jwa ba o ji pɛ
1Dɛ dedwe mo Baŋa Wɛ tage de Samuwel o we, “Amo maŋe a ve Sɔɔl we, o daa bá taa ye Isarele tiina pɛ. N nam wó keeri o ŋwaane taa se n vo n maŋe yei ne mo? Zaŋe n kwei n kwara kam n su-ka de nuga, se n daare n vo Jesse sɔŋɔ Bɛtelehem ne. Kokuri to, amo kuri o bia bam dedoa mo se o ji pɛ.”
2Samuwel maa we, “Amo wó ke tetɛ mo a vo a ke konto? Sɔɔl ná niga, o wó go-ne mo.” Baŋa Wɛ ma leiri‑o o we, “Ja na-chwɛ n woli da, se n laam ta we n tu se n ke kaanem mo n pa Baŋa Wɛ. 3Ta daare n bwoŋi Jesse se o ba o taa wo kaanem dem wone. Amo wó bere‑m n na wó ke kolo ye a pa se n lɔre wolo a na kuri se o ji pɛ to. N ma n ná nɛ kotu mo n jege se n lwo nuga o yuu ne, se n tiŋi‑o paare.”
4Samuwel ma ke kolo Baŋa Wɛ na bere to, ye o vo Bɛtelehem. O na yi da to, teo kom nakwa ma nwoŋi ba jeeri‑o ye ba yera sae. Ba ma bwei‑o ba we, “Ko ye ywoni mo ye n vei n beene na?” 5Samuwel ma leiri-ba o we, “Ɛɛ, a tu de ywoni mo. Amo tu ywo se a ke kaanem mo a pa Baŋa Wɛ. Kwɛ-na á tete, se á ba á gwaane de amo se dé ke kaanem dem.” O ma vo o le Jesse de o bia bam pa ba kwɛ ba tete ye o daare o bwoŋi-ba se ba vo kaanem dem jeiga.
6Jesse dedaane o bia bam na yi da to, Samuwel ma na o bu-kwea Eliabi. O ma ta o wone we, “N nɛ naa n wo nɛ, baaro wonto na zege Baŋa Wɛ yiga ne to mo ye wolo o na kuri se o tiŋi pɛ to.” 7Baŋa Wɛ ma ta de Samuwel o we, “Yé jeeli n daŋe baaro wom yibia pwooni na ye tei to baŋa ne, naa o na ye nɔn-wagele to ne. Amo ve wonto mo. Amo Baŋa Wɛ ba nii wonnu o nae-te nenɛɛne nabiina na nae tei to. Nabiina nii ba nae pwooni yiga kam mo, Baŋa Wɛ nam nii o nae bochare-yi dem ne mo.”
8Jesse laam ma bwoŋi o bu Abinadaba o pa o vo Samuwel tei se o na‑o. Samuwel ma ta o we, “Baŋa Wɛ wo kuri wonto de.” 9Jesse daa ma toŋe Samma o tei ne. Samuwel ta maa we, “Baŋa Wɛ wo kuri wonto de.” 10Jesse bere o pa o bia barepɛ maama mo vo Samuwel tei ba da o yiga ne ba kɛ, ye Samuwel we, “Baŋa Wɛ wo kuri banto wolowolo.” 11O laam ma ga ga o bwei Jesse o we, “Nmo bia bam maama mo konto na?” Jesse ma ta o we, “Jeŋa-bu wom mo daare. Wonto nam wo pei sem kwaga ne mo o yere-se.” Samuwel maa we, “Toŋe n bwoŋi‑o se o ba. Wonto ná wo tu ywo-seeni, dé bá wane dé ke kaanem dem se dé di.”
12Jesse ma pa ba bwoŋi o jeŋa-bu David ye o ba. O maa ye lanno ye yazura yi‑o lanyerane. O yibia ta maa pwomma. Baŋa Wɛ ma ta de Samuwel o we, “Zaŋe n lwo nuga o yuu ne, se wonto mo a kuri.” 13Samuwel ma kwei kwara kam de ka wo nuga o lwo David yuu ne, o chorro tem yibia ne. Sento nɛ sem ni ne mo Baŋa Wɛ Jworo chugi David baŋa ne de dam. Ko maa wo o tei ne taa, ko zege dɛ dem konto ne se ko taa via. Samuwel laam ma jwoori o vo Rama.
David toŋa o pae Pɛ Sɔɔl
14 Baŋa Wɛ Jworo ma nwoŋi ko daare Sɔɔl. Baŋa Wɛ ma leiri o kwei jwori-lɔŋɔ o pa ko yeini ko daane‑o. 15Sɔɔl tontoŋena bam ma ta‑o ba we, “Dé maane we Wɛ mo pɛ se jwori-lɔŋɔ ba ko jege‑m ko daana. 16Pɛ, dé ye nmo tontoŋena mo. Konto, yage se dé beeri jei sem maama ne dé nii wolo na wae o tae kɔnɔ chekke to. Baŋa Wɛ ná pɛ se jwori-lɔŋɔ kom ba n baŋa ne ye kotu ná tage o kɔnɔ kom, nmo wo wó to.” 17Sɔɔl ma pa-ba ni o we, “Kwaane-na á beeri nɔɔno wolo na tae kɔnɔ lanyerane to á ja á ba á pa-ne.” 18Sɔɔl tontoŋena bam dedoa ma leiri o we, “Amo nɛ nɔɔno wodwoŋi, o ye Bɛtelehem tu Jesse bu mo. O yei kɔnɔ tam lanyerane. Nɔɔno wom ye babea ye o yei jara keim. O ni taane de ywomma, ye o yibia pwomma. Baŋa Wɛ maa wo o tei ne.”
19Sɔɔl ma toŋe kwora Jesse tei ne ye o we, “Nmo bu David wolo na yere n pei sem to mo a laga. Pa o ba a tei.” 20Jesse ma ja bonaga o daare o kwei bworobworo, dedaane lɔɔ de ko wo sana, de bo-chwɛ o daŋe ka baŋa ne. O ma toŋe o bu David se o ja o vo o pa Sɔɔl.
21Ko ke konto mo ye David da o zo Sɔɔl tontoŋena bam wone. Sɔɔl déem maa tiini o swoi David. O ma le‑o se o taa ye wolo na wó taa zei o jara zela yam to. 22Sɔɔl ma toŋe kwora o pa Jesse o we, “Amo wo tiini ko pwoli de n bu David. Konto to, yage se o maŋe a tei ne o taa toŋa o pa-ne.”
23Maŋa kalo maama Wɛ ná yeini o pa jwori-lɔŋɔ kom zo Sɔɔl, David wó ta o kɔnɔ kom mo. Konto ná yeini ko ke, Sɔɔl wo wó to mo, ye ko gara ko pa‑o. Jwori-lɔŋɔ kom maa yeini ko viiri ko daare‑o.",https://www.bible.com/bible/3661/1SA.16.KBG
1 SAMUWEL 17,"Goliafe dwoni de Isarele jar-keira bam
1Filisi tiina bam déem ma la ba jar-keira bam ba ke daane. Ba ma vo Judah teo kolo yere na ye Sokoo to se ba kwaare jara da. Ba déem chwi ba vwoa Efese-Damima ne mo. Jei sem konto wo Sokoo dedaane Azeka tetare laŋa ne mo. 2Sɔɔl dedaane Isarele jar-keira kɔgɔ kom de déem ma vo ba chwi ba vwoa Ela bwolo kom ne ba tigi da. Ba maa wora ba ti ba yiga se ba jeeri Filisi tiina bam de jara. 3Filisi tiina bam déem tigisi daane mo, ba zege zwoŋo dedoa yuu ne. Isarele tiina bam de maa zege zwoŋo kodwoŋi yuu ne, ye bwolo laam tigi ba maama tetare ne ko pɔɔre-ba daane.
4Filisi tiina bam déem nam ya jege ba babea kadwoŋi na nwoŋi Gafa to. O yere mo ye Goliafe. O ma nwoŋi ba tigisim jeiga kam se o dwoni de Isarele tiina bam. O dedɔrem déem dwoi jatwogo de noa ni maŋem kuni beredo mo. 5Channa yu-gwoŋo mo o déem yeini o ma o pu o yuu. Channa de mo ba déem mɛ ba sɔ o jara-keim gɔrɔ, ye ko dunni de déem tiini de gaale nenɛɛne kilo fuseredo (60) tei. 6Channa kam mo o mɛ o kwoli o nachere sem seeni. O ta jege channa se-zɔɔ mo o na peili o kwaga ne. 7Chichwei delo o déem na zei o jeŋa ne to tiini de duna de dwoi gare-yi sɔɔna da-kwolo na mae tei to. De yuu dedaane de ni-chechwaga kam tete dunni dem ye nenɛɛne kilo terepɛ (7). Nɔn-doŋo maa tɔge o yiga o zei o jara-keim nantana kam o via.
8Goliafe ma zaŋe o zege o bage Isarele tiina jar-keira bam o we, “Bɛŋwaane mo á maama wora á tigisi se á ke jara? Amo ye Filisi tiina bam babea mo. Abam de ye Sɔɔl jar-keira mo naa á dae? Le-na á wone nɔɔno dedoa, se kotu jeeri amo de jara. 9Nɔɔno wom konto ná wane amo o go, debam Filisi tiina maama wó ji abam kabɛ. Amo de daa ná wane kotu a go, abam de mo wó taa ye debam kabɛ ye á toŋe á pae debam. 10Amo nii Isarele jar-keira bam mo a gwooni. Le-na nɔɔno á pa-ne se dé jeeri daane de jara.” 11Sɔɔl dedaane o nɔɔna bam na nigi Filisi tu wom taane dem to, ba bochare ma di ye foone tiini de zo-ba.
David vei jara jei sem
12David kwo déem maa ye Eferata tu Jesse. Jesse déem nwoŋi Judah teo Bɛtelehem ne mo. O maa jege bakeiri nana. Sɔɔl paare dem maŋa kam ne to de Jesse kwe dedɛ mo. 13Jesse bu-kwe setɔ sem déem ya tɔge ba vo se ba woli Sɔɔl mo jara-keim baŋa ne. Eliabi mo ye ba maama nakwe, Abinadaba ma saŋe, ye Samma ye batɔ tu wom. 14David déem nam mo ye ba maama nyaane. O zembaara batɔ na vei ba wora ba woli Sɔɔl to, 15mo David yeini o vei sɔŋɔ Bɛtelehem ne ye o jwoora, se o taa nii o kwo pei sem baŋa ne.
16Goliafe lɛɛre o dole kandwona konto mo taa Isarele tiina bam yiga ne da finna, zezeŋa ne de dedaan-ni ne maama.
17Yanto da yam ne, mo Jesse tage de o bu David o we, “Kwei men-wɔa ywolo konto na maŋe de kuriwaa bu dedoa to, de bworobwooru fuga kanto, se n ke lela n ja n vo n pa n chorro tem na wo jara kapworo ne to. 18Nam ta kwei nayel-pepala banto fuga n woli da n vo n pa ba jar-keira yiga tu wom. Nmo laam ma‑n wó lɔre ko na ye tei n chorro tem yera ne, se n daare n ja taane n nwoŋi ba tei ne n ba se ko pa a kɔ jworo. 19Nmo chorro tem dedaane Isarele jar-keira bam maama nam wo Ela bwolo kom ne mo. Ba wora ba woli Sɔɔl mo se ba ke jara dedaane Filisi tiina bam.”
20David ma gwoni tega o zaŋe te-pora ni ne. O ma lage nɔɔno wodwoŋi o kwei pei sem o ke o jeŋa ne. O ta ma vɔ o zela yam o ke daane. O ma kwei chwoŋa o maa kɛa, nenɛɛne o kwo Jesse na maŋe tei o bere‑o to. O na dɛ dɛ o yi jara jei sem to, dedaane jar-keira bam de nwoŋi mo ba maa vei se ba chichei ba zege jara ŋwaane. Ba déem maa mage tiguri-kaasa. 21Isarele jar-keira bam dedaane Filisi jar-keira bam ma tigisi tigisi, ye ba yibia laam jeeri daane. 22David ma yage o wodiiru tem o pa wolo na nii jar-keira bam zela yam baŋa ne to. O laam ma duri o vo o yi jara yam yiga kam ne, ye o bwei o chorro tem kwaga. 23David déem ta zege o ŋɔɔne de o chorro tem mo, ye Goliafe na ye Filisi tiina bam babea to pi o nwoŋi. Wonto déem nwoŋi Gafa ne mo. O ma fɔɔre o nwoŋi dáa ne, ye o chichei o fɔge o zege. O daa ma bobo o toro tem. David ma ni o na twe Isarele tiina bam tei to. 24Isarele tiina bam na nɛ Goliafe konto to, ba duri mo o yiga ne, foone na tiini de ja-ba to ŋwaane.
25Isarele tiina bam déem maa ŋɔɔne da-tei ne ba we, “Nii-na nɔɔno wonto na yɔɔre o nwoŋi dɛ dɛ o gwooni debam tei! Pɛ Sɔɔl gwoni ni mo we, wolo maama ná go nɔɔno wonto, o wó pa kotu ŋweero dedɛ. O ta wó pa kotu mo o bukɔ se o ma o ke o kaane. Kotu sɔŋɔ tiina de daa bá taa ŋwe lampwoo.”
26David ma bwei balo na zege o tei ne konto to o we, “Nɔɔno ná zaŋe o go Filisi tu wonto, se chaveera yalo o na jege o ke de Isarele tiina bam to ti, bɛ nyɔɔre mo kotu wó na? Filisi tu wonto ye nɔn-kafɛ mo. O za ye wɔ mo se o taa zege o dwoni de Ŋwea Tu Baŋa Wɛ jar-keira bam?” 27Jar-keira bam ma tole taane dem ye ba ta kolo maama pɛ wom na wó ke o pa wolo na wó go Goliafe to ba bere David.
28David zemba-kwea Eliabi ma ni o na zege de nɔɔna bam o lare tei maama to. O bane ma tiini de zaŋe de David ye o bwei‑o o we, “Nmo tu ywo-seeni se n ke bɛ mo? Pei sem fenfee n na yage kagoa ne to, n pɛ wɔ mo nii-se? A lɔre n kamunni dem ni ne. Nmo paale n ba se n nii jara yam keim dem mo!” 29David ma bwei‑o o we, “Bɛ mo amo ke a ja a chɔge? Konto a yé bwei bwia de na?” 30O ma tutwoni o vo o jwoori o bwei nɔn-gɛ taane dem konto. Ba de ta ma pa‑o boboa nɔɔna bam leira yam.
31Nɔɔna badwonna ma ni David na ŋɔɔne tei to, ye ba vo ba lwoni ba bere Sɔɔl. Sɔɔl ma pa ba bwoŋi David. 32David na yi o tei ne to, o ma ta Sɔɔl o we, “Pɛ, ko ba jege se nɔɔn-nɔɔno taa kɔre foone de Filisi tu wonto. Amo ye n tontoŋeno mo. A wó vo a jeeri‑o de jara.” 33Sɔɔl ma leiri‑o o we, “Nmo bá‑n wane n jeeri nɔɔno wom se á ke jara. Ta‑n yei we n ye bu mo. Filisi tu wonto nam maŋe o seŋe o nɔn-donne maŋa ne mo, o lɔre jara keim.”
34Ko ma pa David leiri o we, “A kwo, amo yeini a jege a kwo pei mo a nia. Nywoŋo naa kago-vara dwi maama ná yeini ko ba ko ja a vara bam dedoa, 35a yeini a duri a vo a yi-ko, a daare a mage-ko mo se a vere a varem wom ko ni ne. Nywoŋo kom konto laam ná yeini ko pipiri se ko ja amo, a yeini a to a gorege ko ba ne mo, ye a laam daare a go-ko. 36Amo go nywonnu dedaane kago-vara badwonna konto dwoŋi a na. Filisi tu wom de dae kolokolo. A wó go‑o de. Ko ya wo maŋe se o gwooni Ŋwea Tu Baŋa Wɛ jar-keira bam. 37Baŋa Wɛ ye wolo na jwoŋi amo o yage nywonnu dedaane kago-vara babam jeŋa ne to mo. O ta wora se o jwoŋi-ne o yage Filisi tu wom jeŋa ne.” Sɔɔl laam ma ta de David o we, “Tɔ! Nam véi se Baŋa Wɛ wó taa wo n tei ne.”
38Sɔɔl déem kwei wonto tete jara gwaaro tem o zo David mo. O ma kwei channa yu-gwoŋo o ma pu o yuu kom, ye o ta kwei luu jara-keim gɔrɔ o ma kwoli o nyɔɔne dem. 39David ma kwei Sɔɔl se-zɔɔ kom o vɔ jara-keim gwaaro tem yera ne, ye o laam kwaane se o vo o nii. O na wo zo gwaaro tento dwoŋi o me to, veiŋa maa chamma ka pa‑o. O ma ta de Sɔɔl o we, “Jara zela yanto bá jwoŋi-ne, kokuri to amo wo toŋe de-te a na.” O ma lɔɔre te maama o tiŋi. 40O ma kwei o nayera da-lɔŋɔ kom, o daare o vo nabara ni ne o kuri kandwa-siswollu tenu. O ma de kandwa yam konto o nayera tampɔgɔ ne, ye o daare o kwei o napana, o laam maa vei se o jeeri Filisi tu wom.
41Filisi tu wom maa fofɔ o vei mɛmɛ o twɛ David. Nɔn-doŋo wolo na zei o jara-keim nantana kam maa wo o yiga ne o via. 42Goliafe na yɔɔre o nii o na David to, o maane we o ye bu mo. O ma gwooni‑o de o na ye bu-pwola na ye lanno to ŋwaane. 43O ma bwei David o we, “N boŋe we a ye kukura mo na, ye n jege da-lɔŋɔ n beene amo baŋa ne konto?” O ma kwei o teo kom jwo-dɛɛra yam yera o ma o sɔɔle lwarem o yage David yuu ne. 44O ta ma ta o we, “Fɔɔre n yi ywo-seeni, se a ná wo kwei n ya-nɔna yam a pa zuna dedaane kago-vara se ba di.”
45David ma leiri‑o o we, “Nmo jege se-zɔɔ de chichwei de kalaŋa mo n beene se n ma n jeeri amo de jara. Amo nam jege Paŋwa Tu Baŋa Wɛ wom yere mo a beene n baŋa ne. O maa ye wolo na tei Isarele jar-keira bam maama to. Ko nam ye wonto yere mo n jege n gwoona. 46Zem dɛ dento, Baŋa Wɛ wó ke‑m a jeŋa ne. A wó mage‑m a de tega ne, ye a gwoni n yuu. Zem, a ta lage a kwei Filisi jar-keira ya-nɔna yam mo a pa wɛyuu zuna de kago-vara se ba di. Tega baŋa nɔɔna maama laam wó sɛ de chega we, Wɛ wora o na tei Isarele tiina bam. 47Nɔn-kɔgɔ kolo maama na jeeri ywo-seeni to wó lɔre we, Baŋa Wɛ ná lage o jwoŋi nɔɔna o yage, ko dae se-zɔɔ naa chichwei mo o mae o jwoŋi-ba o yaga. Jara yam ye Baŋa Wɛ mo tei-ya. Wonto nam wó wane abam maama o ke debam jeŋa ne.”
48Filisi tu Goliafe daa ta maa fofɔ o beene David tei ne. David ma duri o yɔɔre jara jei sem ne se o vo o jeeri‑o. 49O laam ma tore o le kandwɛ o tampɔgɔ kom wone. O ma kwei kandwɛ dem o ke o napana kam ne, ye o vuvugi-ka o dole o yage. Kandwɛ dem ma yɔɔre de vo de lɔ Goliafe tiri, de moore de zo da. Goliafe ma to tega ne, ye o yibia vwi tega ne.
50Mo ko na tu tei, David déem mɛ napana dedaane kandwɛ mo o ma o di Goliafe. O ma mage‑o o go ye ko dae se-zɔɔ mo o mɛ o go‑o. 51David ma duri o yi o zege Goliafe baŋa ne. O ta ma le Goliafe tete se-zɔɔ ko pwolo ne, o ma go‑o o daare o gwoni o yuu.
Filisi tiina bam na maane we ba babea kam tege to, mo ba maama pipiri ba duri se ba lu. 52Isarele jar-keira bam dedaane Judah jar-keira bam ma laare de tiguri-kaasa, ye ba daare ba pɛ Filisi tiina bam kwaga ba pu. Ba ma pare-ba konto taa ba vo ba kwaare Gafa ni ne dedaane Ekoron manchwo-peena ne. Filisi tiina dedɛ twa maa maŋe Saarayim chwoŋa kam yuu ne ba tigi tigi konto, se ko vo ko yi Gafa dedaane Ekoron ne. 53Isarele jar-keira bam na zeili Filisi tiina bam ba ti ye ba jwoori to, ba ma lu kolo maama na wo ba tiga jei sem ne to ba ja ba viiri. 54David ma ja Goliafe yuu kom o ja o vo Jerusalem, se ko daare Goliafe jara-keim zela yam mo o jaane yanto o zo o tiŋi o tete vwei wone.
55Maŋa kalo David ya na maa vei se o jeeri Goliafe to, mo Sɔɔl ŋɔɔne o taane de o jar-keira yiga tu wom, Abenera mo konto. O ma bwei‑o o we, “Nɔn-doŋo kom ye wɔ bu mo?” Abenera ma leiri‑o o we, “Pɛ, ko na ye chega to, amo yeiri o kwo na ye wolo to.” 56Sɔɔl ma ta o we, “Nam véi n bwei se dé lɔre o na ye wolo bu to.”
57David na go Goliafe ye o zege jara pwola ne o jwoori o ba to, mo Abenera jaane‑o o ja o zo Sɔɔl tei ne. David ta jege Goliafe yuu kom mo o jeŋa ne. 58Sɔɔl ma bwei‑o o we, “A bu, n kwo ye wɔ mo?” David ma leiri‑o o we, “Pɛ, amo ye Bɛtelehem tu Jesse bu mo.”",https://www.bible.com/bible/3661/1SA.17.KBG
1 SAMUWEL 18,"David de Jonatan badwoŋo kom
1Sɔɔl dedaane David ma ti ba lara yam. Sɔɔl bu Jonatan bochare dedaane David bochare déem ma ba ya meeli daane. Jonatan maa jege David swono ne o na swoi o tete tei to. 2Ko déem zege dɛ dem konto ne, Sɔɔl lɛɛre o cheiŋi David mo pa o toŋe o pa‑o. David daa wo jwoori o kwo wom sɔŋɔ. 3Jonatan na swoi David ne o na swoi o tete tei to ŋwaane, o pɛ se ba gwoni ni mo daane. 4Jonatan ma lɔɔre o gare-bwora kam, ye o kwei-ka o pa David. O ta ma le o jara gwaaro tem o kwei o pa‑o, ko woli de o se-zɔɔ kom, de o taŋa kam, dedaane o tankila kam de.
5Sɔɔl déem ná toŋe David jei selo maama ne, ko yeini ko vei yiga lanyerane mo. Konto ŋwaane Sɔɔl ma pa‑o dam o jar-keira bam tetare ne. Sɔɔl keim dem konto ma pwoli nɔɔna bam maama wo, ye ko ta pwoli o nakwa bam de wo.
6David déem na go Filisi tu wom ye jar-keira bam maa jwoori sɔŋɔ to, mo kaana nwoŋi Isarele teene dem maama wone ba ba se ba jeeri Pɛ Sɔɔl. Ba maa leeni de wopwolo, ya ba sae. Ba maa jege senyɛ ba wɔe ye ba tae kwanno. 7Ba ma di ywoni ye ba leeni ba pa daane ba we:
“Sɔɔl go o dona bam
moro de moro mo.
Se ko ná ye David,
wonto ma go o dona bam
morro fuga de fuga.”
8Sɔɔl na nigi ba leiŋa kam to, o wo déem wo dɛ ka taane dem. O bane ma zaŋe. O ma jeeli o wone o we, “Ta‑n nii tei! Ba pɛ se David go nɔɔna morro fuga fuga mo, ye ko daare amo, a go moro moro yerane mo. Ko laam nam daare paare dem mo se ba jwoŋi ba pa wonto.” 9Ko na zege dɛ dem konto ne ko maa vei to, Sɔɔl déem daa ba jege David chega. O wo ta ma gweene de David keim maama.
10Tega déem na poore to, Wɛ ma pa jwori-lɔŋɔ ba ko jwoŋi Sɔɔl de dam. O maa wo o tete diga kam ne o kare o yirisa. David maa jege o kɔnɔ kom o tae ne o na yeini o ke tei to. Sɔɔl de maa zei chichwei o jeŋa ne. 11O ma boŋe o ja we, “A lage a dole‑o mo a tane de kabira kam.” O ma dole‑o kuni belei, ye David de liisi kuni belei wom maama.
12Sɔɔl déem ma kɔre David, kolo ŋwaane Baŋa Wɛ wo David tei ne mo ye o lɔ wonto kwaga ne. 13Sɔɔl ma le jar-keira moro o ke David kwaga ne ye o pa o nwoŋi da o tei ne. David de maa yeini o to o nɔɔna bam yiga ne ye ba vo jara-keim ne. 14O ná ke woŋo kolo maama, ko vei yiga mo lanyerane, Baŋa Wɛ na wo o tei ne to ŋwaane. 15Sɔɔl ma maane we David yɔɔre o di wɔnɔ o dona maama baŋa ne. Ko ma pa o tiini o kɔre David dedɛ. 16Se ko ná ye Isarele tiina bam dedaane Judah tiina bam, banto maama swoi David mo, o na tɔge ba yiga pa se ba di ba dona to ŋwaane.
David swo Sɔɔl bukɔ o ma ke o kaane
17Dɛ dedwe mo Sɔɔl tage de David o we, “Nii a bukɔ-kwea kam Meraba. Nmo ná jaŋe Baŋa Wɛ jara yam dedaane baare, ye n jege chega n pa-ne, amo de wó pa‑m Meraba, se n ma n ke n kaane.” Sɔɔl déem tage konto ye o boŋe o tete ne o we, “Amo bá ma a tete jeŋa a ma a go David. A nam wó pa Filisi tiina bam chwoŋa se ba go‑o.”
18David ma leiri Sɔɔl o we, “Amo ye wɔ mo ye a kwo dwi dem de ye bɛ mo Isarele dwia yam wone se a wane a ji pɛ bukɔ baro?” 19Maŋa kam ma ba ka yi se ba kwei Sɔɔl bukɔ Meraba ba pa David. Ba ma jwoori ba kwei‑o ba pa Mehola tu wodwoŋi, o yere na ye Adireli.
20Sɔɔl déem ta jege bukɔ wodwoŋi, o yere na ye Mikaale. O maa lage David ni taane. Sɔɔl na lɔre ko ni ne to, o wo ma pwoli. 21Sɔɔl daa ma boŋe o tete yera ne o we, “A ná kwei Mikaale a pa David se o ma o ke o kaane, a wó wane a tɔge o ŋwaane a gane David, se Filisi tiina bam na chwoŋa se ba go‑o.” O ma ta de David o we, “Pwola ta wora se n di amo bukɔ wodwoŋi.”
22Sɔɔl ma pa o nakwa bam ni se ba soge David boboŋa ye ba we, “N kikia yam su Pɛ wom yi mo. O nakwa bam boboŋa de dɛ‑m. Konto to, sɛ se n swo o bukɔ Mikaale n ma n ke n kaane.” 23Ba ma seene ba ta botare sem konto ba bere David, ye o leiri o we, “Abam ná wo lɔre! Á boŋe we ko ye mɔle mo se nɔɔno wane o ji pɛ bukɔ baro na? Amo dae kolokolo yiga da, ye a ta ye yiniga tu.”
24Sɔɔl nakwa bam ma lwoni kolo maama David na tage to ba bere‑o. 25Sɔɔl ma jwoori o ta-ba o we, “Ta-na á bere David we, ‘Filisi tiina bam na yaare pɛ dedɛ to, o ma lage se o ŋwe jene ba baŋa ne. Konto, pɛɛre delo yerane pɛ na lage se n pa‑o o bukɔ wom ŋwaane to mo ye Filisi tiina bi fwoli-twanno.’ ” Sɔɔl déem tage konto ye o boŋe se o ja Filisi tiina bam je mo o ma o go David.
26Pɛ nakwa bam ma jwoori ba ja pɛ kwora kam ba vo David tei. David na nigi to, o wo ma pwoli de taane dem, o na wó ji pɛ wom bukɔ baro to ŋwaane. Kadiri dɛ dem na lage de yi to, 27dedaane David lwoori o zaŋe de o nɔɔna bam ye ba vo ba go Filisi tiina bia yalei. O ma ja Filisi tiina fwoli-twanno tem o ba o jeeli te ni ne o bere Sɔɔl, se o wane o ji Pɛ tembaaro. Sɔɔl ma ga ga o kwei o bukɔ Mikaale o pa David se o ma o ke o kaane.
28Sɔɔl ma lɔre jaja we Baŋa Wɛ mo wo David tei ne. O ta ma maane we o bukɔ Mikaale seene o swoi David. 29Ko laam ma fɔge ko pa o tiini o kɔre‑o. Sɔɔl ma lɛɛre o done David taa, se ko yi o toone.
30Filisi jar-keira bam déem yeini ba tui ba ke jara mo de Isarele tiina bam ba ba yaga. Sɔɔl jar-keira yiga tiina bam maama wone David mo di Filisi tiina bam se ko dwoni ba maama. Ko ma pa David yere jage jei maama ne.",https://www.bible.com/bible/3661/1SA.18.KBG
1 SAMUWEL 19,"Sɔɔl na chuli David tei to
1Sɔɔl déem zaŋe dɛ dedwe mo o ta Jonatan dedaane o nakwa bam maama we, ba kwaane ba go David. Jonatan yiga déem nam maa tiini ka wo David wone. 2O ma vo o ta de David o we, “Amo kwo boŋe se o go‑m mo. Konto to, ta‑n jege n tete. Jwa zezeŋa ne, se n vo n seigi pwola ne n ta‑n wora. 3Amo wó da de a kwo se dé ba nmo na seigi mɛ to dé taa zega. A laam wó taa tɛ nmo taane ded‑o, se a nii o na wó leiri kolo to se a laam ba a ta a bere‑m.”
4Tega na poore to, Jonatan ma tei David o kwo Sɔɔl yiga ne. O ma ta de Sɔɔl o we, “Jan ja! Yé zaŋe n ke David n ja n chɔge, se o wo ke‑m lwarem. Chega to, kolo maama o na ke to ye se ko zeini nmo mo. 5Yé swei we o déem na vei se o go Goliafe to, ko ye o tete ŋwea mo o dole o yage. Baŋa Wɛ ma da wonto baŋa ne o di wɔnɔ o pa Isarele tiina bam maama. Nmo na nɛ konto to, n wo pwoli mo. Bɛ nam daa mo kea ye nmo lage se n ja nɔɔno wolo na wo ke kolokolo to n chɔge? Nmo ná go David, ko bá taa jege kuri.”
6Jonatan taane dem tiini de dwei Sɔɔl bochare. O ma du duuri o we, “Amo tɛ chega de ŋwea Tu Baŋa Wɛ yere we, David daa bá te.” 7Jonatan laam ma bwoŋi David ye o ta kolo maama na ke o de o kwo laŋa ne to, o bere‑o. O déem ta jaane‑o mo o vo Sɔɔl tei, pa o toŋe o pa Sɔɔl nenɛɛne boboa kam ne o ya na maŋe o toŋe o pa‑o tei to.
8Ko kwaga ne, jara daa jwoori ya chu Isarele tiina de Filisi tiina tetare ne. David déem ma di-ba ye o fe-ba pa se ba duri o yiga ne.
9Dɛ dedwe mo Sɔɔl wo o sɔŋɔ ne, ye o zei chichwei o jeŋa ne. David maa wo o tei ne o jege kɔnɔ o tae. Baŋa Wɛ ma pa jwori-lɔŋɔ ba ko jwoŋi Sɔɔl. 10O ma kwaane se o dole David de o chichwei dem o tane kabira yera ne. David ma liisi pa se chichwei dem moore de maŋe kabira kam yera ne. Tete dem konto ne David ma duri o lu.
11Sɔɔl ma toŋe nɔɔna se ba vo ba gilimi David sɔŋɔ ba yere-ko tete dem konto, se tega ná poore, se ba go‑o. David kaane Mikaale ma kaane‑o o we, “Nmo ná wo ke lela n lage jei n vo, jwa ne n lage n te mo.” 12O ma ja David o pa o tɔge takworo ne o chu, ye o duri o lu. 13Mikaale ma daare o kwei jwoni o tiŋi David sara ne. O ma kwei boŋo koro o kwɛ kwɛ o ke yuu kom seeni, ye o laam kwei gare-jale o ma kwoli ko maama. 14Sɔɔl tontoŋena bam na zo sɔŋɔ kom se ba ja David to, Mikaale ma ta de-ba o we, David weele mo. 15De konto maama de, Sɔɔl toŋe-ba mo se ba jwoori ba vo ba na David yera. O maa we, “Ja-o-na á ba ywo-seeni de o sara kam maama, se a go‑o.”
16Nɔɔna bam na jwoori ba vo ba na to, ba maane we jwoni yerane mo tigi sara kam ne, ye boŋo koro mo wo jwoni dem yuu seeni. 17Sɔɔl na lɔre kolo na ke to mo o bwei Mikaale o we, “Bɛ mo ke ye n gane-ne, ye n pa a dono wom chwoŋa se o duri o lu?” Mikaale ma leiri‑o o we, “David tage o we, a ná wo yage chwoŋa a pa‑o se o lu, o wó go-ne mo.”
18David déem na duri o lu konto to, o ma vo Samuwel tei Rama ne. O ma tole kolo maama Sɔɔl na ke‑o to o bere Samuwel. Ba laam ma da daane ba vo Nayofi ba zoore da. 19Nɔɔna ma vo ba ta de Sɔɔl ba we, “David wo Rama teo kodwoŋi ne mo, ko yere ye Nayofi.” 20Sɔɔl na nigi konto to, o ma toŋe nɔɔna se ba vo ba ja David. Ba na yi da to, ba ma na Wɛ sampwori sedwonna na zege ba pworisa, ye Samuwel wo ba yiga ne. Baŋa Wɛ jworo ma chu Sɔɔl nɔɔna bam maama baŋa ne. Ba de ma da ba to pworisim ne. 21Ba ma ta ba bere Sɔɔl kolo na ke to. O daa ma toŋe nɔɔna badwonna. Ba na yi da to, ba de bobo se ba taa pworisa mo. O daa ta ma toŋe nɔɔna o ke kuni betɔ, ye ba de to pworisim ne.
22Sɔɔl tete laam ma zaŋe o kwei Rama chwoŋa, se o da ba kwaga. O na vei o yi vole-kamunu kom na wo Seku ne to, mo o bwei nɔɔna o we, “Samuwel dedaane David wo yein-seeni mo?” Ba ma leiri‑o ba we, “Ba wo Rama teo Nayofi ne mo.”
23Sɔɔl ta na wo chwoŋa ne o maa vei Nayofi to, Wɛ jworo ma chu o de baŋa ne. O maa pworisi o via konto taa o vo o yi Nayofi. 24O na yi Samuwel tei to, mo o lɔɔre o gwaaro, ye o ta wora o pworisa dɛ dem maama wone. O ma tigi da tete dem konto maama ne, se tega ba ka poore. Ko déem ke konto mo ye ba seeri sinseira kam ba we, “Sɔɔl de tɔge o wo sampwori sem wone mo na?”",https://www.bible.com/bible/3661/1SA.19.KBG
1 SAMUWEL 20,"Jonatan na woli David tei to
1David déem ma zege Rama teo Nayofi ne o duri se o lu Sɔɔl, ye o daare o vo Jonatan tei. O ma bwei Jonatan o we, “Amo bere a ke bɛ mo a chɔge ye n kwo kwaane se o go-ne? Bɛ lwarem mo a ke‑o?” 2Jonatan ma leiri‑o o we, “Wɛ bá sɛ se ko ke konto. Nmo bá‑n te. Amo kwo bá ke woŋo ye o wo tage o pa a maane ko ni ne. Ko ná maŋe ko ye wo-balaŋa naa wo-kamunu, o yeini o ba seigi-ne. Ko bá wane ko ke konto!”
3David ma ta o du ye o we, “Jonatan, ko seene ko ye chega mo we n kwo beeri se o go-ne mo. O nam yei we nmo yiga tiini ka wo amo wone. Mo kokuri o wo pɛ se n lɔre o boboŋa, o na ba lage se o chɔge nmo wo to ŋwaane. Ŋwea Tu Baŋa Wɛ na seene o wora to, amo dugi wonto yere ŋwaane, de nmo tete yere ŋwaane we, amo tiini a bwola de toone.” 4Jonatan maa we, “Nmo na lage se a ke kolo maama to, a wó ke a pa‑m.”
5David ma leiri o we, “Nmo yei we jwa ne mo chan-doŋa kuri dem di. Ko maa jege se a taa tɔge a wo balo na jeini dedaane pɛ ba di wodiu to mo. Nam sɛ se a vo pwola a seigi da se ko vo ko yi jwa yiga dedaan-ni ne. 6Nmo kwo ná maane we a tera ye o bwei a bwia, se n ta we, ‘David ya lwoori chwoŋa mo a tei ne se o ke lela o vo Bɛtelehem o woli de o diga tiina se ba tɔge daane ba ke kaanem, nenɛɛne ba na yeini ba ke bene maama wone o sɔ-yuu kom maama ŋwaane to.’ 7Tɔ. Nmo ná tage konto, ye n kwo ná we, ‘Ko lamma’, ta‑n yei we kolokolo bá yi-ne. Se n taane dem baŋa ne, o bane ná zaŋe, lɔre se o boboŋa jaane se o go-ne mo. 8Ja! Nam ke woŋo konto n pa-ne, debam na ke ni-sɛɛm daane Baŋa Wɛ yiga ne to ŋwaane. Nmo nam daa‑n ná maane we a seene a ke lwarem mo, se nmo tete go-ne. Yé ja-ne n vo n pa n kwo.”
9Jonatan ma leiri o we, “Wɛ bá sɛ se ko ke konto. Amo ya ná maane we a kwo boboŋa jaane se o go‑m mo, a ya bá ta a bere‑m na?” 10David ma bwei‑o o we, “Konto to, n kwo ná leiri nmo de ban-zɔŋɔ, wɔ mo wó pa se a lɔre ko ni ne?” 11Jonatan maa we, “Pa se dé nwoŋi dé vo pwola kam wone.” Ba ma tɔge daane ba kɛ.
12Ba na zege da konto to, Jonatan ma ta de David o we, “Isarele tiina Baŋa Wɛ wom taa ye maana tu debam balei laŋa ne we, ko ná ke da yalei, amo wó bwei a kwo a lɔre o boboŋa na ye tei de nmo to. O boboŋa yam ná lamma, a wó pa n maane. 13O boboŋa nam ná jaane se o chɔge‑m, a ta wó pa‑m kwora, ye a daare a yage chwoŋa a pa‑m se n duri n lu. Baŋa Wɛ nam wó pa se ko tiini ko ni amo, nenɛɛne a ná wo ke kolo a na we a wó ke to. Amo ta lwoori Baŋa Wɛ mo a pa‑m, se o taa wora dede‑m nenɛɛne o déem na wo amo kwo tei ne tei to. 14Amo de lwoori‑m se n yé swei a swia. Amo ta ná ŋwe, ta ta‑n jege amo swono kom, ne Baŋa Wɛ na jege debam swono tei to. Amo nam ná tege de, 15se n ta ta‑n jege amo bia bam swono se ko taa vei wuu. Baŋa Wɛ ná tu o ba o chɔge nmo dona bam maama pa se ba yera saare logo baŋa ne, se n yé yage swono kom konto de a dwi dem.”
16Jonatan déem tɔge konto mo o ma o fɔge o ke ni-sɛɛm dedaane David de o dwi dem. O ma ta o we, “Baŋa Wɛ wó pa se David dona bam maama bere‑o chega.” 17Jonatan ta ma pa David tɔge o swono kom baŋa ne o du duuri ba ni-sɛɛm dem ŋwaane. Kokuri to, o déem tiini o swoi David mo nenɛɛne o na swoi o tete tei to.
18Ko kwaga ne, Jonatan ma ta de David o we, “Jwa dɛ dem mo ye chan-doŋa kuri dem. Nɔɔna bam wó lɔre we nmo tera, nmo jeiŋa jei sem na wó taa zege kafɛ to ŋwaane. 19Tega daa na wó poore to, se n zaŋe n kɛ yiga yiga n vo mɛ n na seigi boboa kam ne to, se ko maŋe dedaane Ezeli kandwɛ dem teiŋa ne. Laam ta‑n cheigi-ne dáane. 20Amo ná tua, a wó kwei a taŋa a ke nenɛɛne a lage a ta chena mo a jeeri kandwɛ dem konto. Chena yatɔ mo a wó ma a ta. 21A maa wó pa bu wolo na wo a tei ne to vo o beeri che-tɛɛra yam. Amo ná tage de bu wom a we, ‘Nii mo! Chena yam wo n saŋa kanto ne mo ya twɛ ywo-seeni. Kwei-ya n ja n ba.’ Se n ta‑n yei we ko ye yazura mo. Konto, n wó wane n nwoŋi n na seigi mɛ to n ba. Kokuri to, ŋwea Tu Baŋa Wɛ yere ŋwaane kolokolo bá ke‑m. 22A nam daa ná tage de bu wom a we, ‘Chena yam wo nmo yiga ne mo ya kɛ ya gaale‑m,’ se n lage jei n duri n viiri. Konto ye se n lɔre we Baŋa Wɛ mo pɛ‑m chwoŋa se n viiri. 23Nam yé swei debam balei ni-sɛɛm dem swia! Baŋa Wɛ mo ye maana tu debam laŋa ne taa wuu, se dé wane dé ke dé su ni-sɛɛm dem.”
24David déem ma vo o seigi pwola kam ne. Chan-doŋa kuri dɛ dem na yi to, pɛ Sɔɔl ma jeini de o dedɛɛra bam se o di kuri dem wodiu. 25O ma jeini o na maŋe o yeini o jei mɛ to ye o sale kabira. Jonatan ma jeini o jeeri‑o. Abenera de ma jeini Sɔɔl takeiri ne. Ko daare ye David jeiŋa jei sem mo tigi kafɛ. 26Sɔɔl ma na, ye o wo tage kolokolo dɛ dem konto ne. Kokuri to o ya boŋe we, “Dɛ delo woŋo mo chege David yiga pa se o wo tu. Tento o lage o kwɛ o tete se ko maŋe de chullu tem mo, se o laam ba o di kuri dem.” 27Tega daa na poore chan-doŋa da yalei dɛ dem ne to, Sɔɔl ma maane we David daa ta tera. O ma ga ga o bwei o bu Jonatan o we, “Bɛ mo ke ye Jesse bu wom wo tu se o di kuri dem wodiu diim dedaane zem maama?”
28Jonatan ma leiri‑o o we, “David seene o lwoori chwoŋa mo amo tei ne se o liisi fee o vo Bɛtelehem. 29O tage de amo we, ‘Ja! Debam diga kam mo jege kaanem se dé ke dé ma di kuri dé teo kom ne. Amo zembaaro ma toŋe o bwoŋi-ne. Nam sɛ dé badwoŋo kom ŋwaane, se n pa a vo se a jwoori.’ Konto ŋwaane nam mo pɛ se David zem tere ywo-seeni se o di wodiu nmo tei ne.”
30Sɔɔl na nigi Jonatan na tage kolo to, o bane ma zaŋe o baŋa ne ye o we, “Nmo dae amo bu chekke! N jege yi-dɛɛre ne n nu mo tei! A maane we n lɔge amo kwaga ne, ye n daare n tɔge Jesse bu David kwaga mo. Nmo na ke tei to ye n tete de n nu wom chaveera mo. 31Ta‑n yei we Jesse bu wom ta ná ŋwe, nmo bá wane n di ywoni. N bá‑n na chwoŋa se n di paare dem. Ke lela n toŋe nɔɔna se ba ja‑o ba ba ywo-seeni, se o jege se o te mo!” 32Jonatan ma leiri o kwo o bwei o we, “Bɛŋwaane mo o jege se o te? O ke kɔ mo o ja o chɔge?” 33Konto baŋa ne mo Sɔɔl kwei o chichwei o dole Jonatan se o kwaane o go. Jonatan laam ma maane we Sɔɔl seene yia mo se o go David. 34Jonatan ma pɛ o zaŋe wodiu kom baŋa ne de ban-zɔŋɔ, ye o daa wo di kolokolo chan-doŋa da yalei dɛ dem ne. O wo déem ma tiini ko chɔge de o kwo na jege kolo o toŋe David yera ne to.
35Tega na poore to, Jonatan ma zaŋe o da dedaane bu o vo pwola kalo David na seigi to, ne ba na maŋe ba bane ba tiŋi tei to. 36O ma ta de bu wom o we, “Duri n vo n twɛ che-tɛɛra yalo a na wó ta tento to n ja n ba n pa-ne.” Bu wom na bobo se o duri to, mo Jonatan vaŋe taŋa o ta chene o pa de gaale‑o de kɛ yiga ne. 37Bu wom na yi chene dem na to jei selo ne to, Jonatan ma tɔɔle o ta‑o o we, “Ta‑n via! Chene dem kɛ de wo n yiga ne mo.” 38O ta ma tɔɔle o we, “Ke lela! Yé ta‑n zega! Ta‑n via!” Bu wom ma twɛ chene dem ye o jwoori o pa o tu wom. 39Bu wom nam wo lɔre keim dem konto kuri. Jonatan dedaane David yerane mo yei kolo na wora to. 40Jonatan laam ma kwei taŋa kam de ka chena yam o pa bu wom. O ma ta‑o se o ja-ya o jwoori teo kom wone.
41Bu wom na kɛ o daare to, David ma zaŋe kandwa yalo kwaga ne o ya na seigi to, o nwoŋi o vo o yi Jonatan tei ye o daare o vwi o yibia tega ne kuni betɔ. O de Jonatan ma kukwori daane ye ba keera. David nam mo tiini o keeri o dwoni Jonatan. 42Jonatan laam ma ta de David o we, “Wɛ taa wo n tei ne! Za n yé swei we dé ke ni-sɛɛm mo daane Baŋa Wɛ yere ŋwaane we, Baŋa Wɛ ye maana tu debam balei laŋa ne, dedaane dé dwia yam laŋa ne se ko taa vei wuu.” Ba na ŋɔɔne ba ti to, David ma zaŋe o kɛ. Jonatan de ma jwoori o vo teo kom wo.",https://www.bible.com/bible/3661/1SA.20.KBG
1 SAMUWEL 21,"Sɔɔl na tɔge David nɛ tei to
1David déem ma vo Nobi. Wɛ kaanem tu maa wora, o yere mo Ahimeleka. David na tu o tei to, Ahimeleka ma nwoŋi se o jeeri‑o ye o yera sae. O ma bwei David o we, “Bɛ mo ye n vei n yerane ye nɔɔn-nɔɔno ba tɔge dede‑m?” 2David ma leiri‑o o we, “Pɛ mo toŋe-ne. O nam we a yé pa nɔɔn-nɔɔno lɔre ni delo o na pɛ-ne to. Ko ná ye a nɔɔna bam, a tage de-ba se ba taa cheigi-ne jei sedwoŋi ne mo. 3N jege wodiu n tei ne na? Lage bworobwooru tenu naa woŋo kolo maama dwi n na jege to n pa-ne.”
4Kaanem tu wom ma leiri‑o o we, “Bworobworo kolo yerane na wo amo tei ne to ye kolo na yeini ko tigi da Baŋa Wɛ ŋwaane to mo. Nmo de n nɔɔna bam nam ná wo peini de kaana da yanto ne, á wó wane á kwei-ko á di.” 5David maa we, “Chega to, debam de kaana wo yi daane. Amo nɔɔna bam ná maŋe ba yeini ba beeri yɔɔ yerane mo de, ba wó taa cho ba tete de kaana Wɛ ŋwaane. Konto laam na ye wo-chɛɔ to, ko tiini ko ke dwono mo!”
6Kaanem tu Ahimeleka ma kwei bworobworo kolo ya na tigi da Wɛ ŋwaane to o pa David. Bworobworo kom konto nam yeini ko wo Baŋa Wɛ yiga ne mo. Ba maa yeini ba jwoori ba kwei-ko ye ba daare ba leiri ba tiŋi bworobworo-loŋo da. Konto to, bworobworo kolo ba na jwoori ba kwei Baŋa Wɛ yiga ne to yerane mo wo kaanem tu wom tei ne. 7Sɔɔl tontoŋeno dedoa déem maa wora, o yere na ye Doegi. O maa ye Edom tu ye o kwori o ye Sɔɔl nayera bam yiga tu. Dɛ dem konto ne wonto déem wo Ahimeleka tei ne, o na jege se o kwɛ o tete Baŋa Wɛ yiga ne to ŋwaane.
8David ta ma bwei Ahimeleka o we, “Nmo wó ta‑n jege chichwei naa se-zɔɔ n tei ne na? Pɛ wom tontoŋa kam tiini ka lomma mo pa se a wo nɛ pwola se a kwei a se-zɔɔ kom. A maa ba jege jara zele de zele.” 9Ahimeleka ma leiri o we, “Se-zɔɔ kodwoŋi wora. Ko ye Filisi tu Goliafe wolo nmo déem na go Ela bwolo kom ne to nyem mo. Ko nam kukuli de gɔrɔ ko tigi a gare-wogo kom kwaga ne. N ná lage-ko se n kwei. Se-zɔɔ kodwoŋi daa tera.” David ma leiri o we, “Se-zɔɔ tera ko na dwoi-ko. Amo wó jwoŋi-ko.”
10Dɛ dem konto ne David déem ma zaŋe o duri se o lu Sɔɔl yiga ne. O ma vo o yi Gafa teo pɛ Akisi tei. 11Pɛ Akisi dedɛɛra bam na nɛ David to, ba ma ta de Akisi ba we, “Nɔɔno wonto ye David mo, ba teo pɛ wom. Ko dae konto na? O teo kom nɔɔna bam yeini ba sae ye ba leeni ba seini‑o mo ba we:
‘Sɔɔl go o dona bam
moro de moro.
Se ko ná ye David,
wonto ma go o dona bam
morro fuga de fuga.’ ”
12David na nigi konto to, o ma jeeli nɔɔna bam taane dem maama, ye ko pa foone tiini de ja‑o de Gafa teo pɛ Akisi. 13Konto ŋwaane, David na yeini o wo ba tei ne to, o maa ke nenɛɛne o yirisi mo. O déem kare o ke yuu-vuvuga kikia mo, ye o jege ba teo kom manchwoŋo ni bworru o kwɛɛra yɔɔ yɔɔ ye o beiri te yera ne. O ta maa yage o twana yam pa se o lileeru nwoŋi te bɔɔre ya maama. 14Pɛ Akisi ma ta de o nɔɔna bam o we, “Abam wo nɛ we nɔɔno wonto ye chichwoo mo na? Bɛŋwaane mo á nam jaane‑o á ba amo tei? 15Amo gɛ chichwooru mo ye á ja‑o á ba amo tei na? A ba lage se wonto taa wo a sɔŋɔ ne o jege-ne o daana!”",https://www.bible.com/bible/3661/1SA.21.KBG
1 SAMUWEL 22,"David seigi o tete Sɔɔl tei ne
1David déem ma zege Gafa teo kom ne, o duri o vo o seigi peo kodwoŋi bɔɔne wone. Jei sem konto bwola dedaane Adulam teo mo. O chorro de o sɔŋɔ tiina bam maama na nigi we o wo dáane to, ba ma vo o tei. 2Ko ta woli da, nɔɔna balo maama na wo cham wone to, de balo na jege nɔɔna jena to, ko woli dedaane balo maama ŋwea na ba ywomma to maama ma la ba vo David tei ne. Ba maama kɔgɔ déem ye bia yana mo. David ma ji banto maama yiga tu.
3David déem ma zege dáane o vo Moaba teo Mizipa. O ma ta de Moaba pɛ wom o we, “A lwoori‑m mo se n pa a kwo dedaane a nu taa wo nmo tei ne, se ko taa nii a na tu a lɔre Wɛ na jege kolo se o ke o pa-ne to.” 4David ma ja-ba o vo o yage Moaba pɛ wom sɔŋɔ ne. Ba maa wo pɛ wom tei ne maŋa kalo maama David déem na kare o seigi o tete jei sem konto ne to.
5Dɛ dedwe Wɛ sampwora Gaadi ma ba o ta de David o we, “Daa‑n yé maŋe gugworo kom ne ywo-seeni! Zaŋe n nwoŋi n vo Judah.” David ma pɛ o zaŋe o vo o zoore Herefa kagoa kam wone.
Sɔɔl pɛ ba go Nobi teo kaanem tiina
6Sɔɔl déem maa wo Gibea teo zwoŋo kodwoŋi yuu ne. O maa jei sana kuri ne, ye o zei chichwei o jeŋa ne. O dedɛɛra bam maama maa kaare‑o ba zega. Sɔɔl laam ma ba o lɔre we ba nigi David ŋwa mo. 7O ma ta de o nɔɔna bam o we, “Abam, Benjamin tiina bam, á boŋe we Jesse bu David ná di paare, o ta wó taa yei á ni ne, se o pa abam kare de kadwi ye o daare o pa á taa wo o jar-keira bam yiga ne na? 8Ko ye konto ŋwaane mo á ke ni daane se á lɔ amo kwaga ne na? Amo tete bu Jonatan mo ke ni dedaane Jesse bu wom se ba chɔge-ne, ye abam wolowolo wo pɛ se a lɔre ko ni ne. Abam bere we á yiga tere amo wone. Amo bu wom maŋe o soge a tontoŋeno pa se o kwaane o na pwola o go-ne, ye á wo tage á bere-ne!”
9Edom tu Doegi de déem tɔge o wo Sɔɔl nɔɔna bam tei ne. O na nigi Sɔɔl na tage kolo to, o maa we, “Maŋa kam a na wo Nobi ne to, mo a nɛ Jesse bu wom na tu Ahituba bu Ahimeleka tei. 10Ahimeleka ma bwei Baŋa Wɛ se o lɔre David yiga na ye tei to. O ta pɛ David wodiiru, ye o daare o kwei Filisi tu Goliafe se-zɔɔ kom o woli da o pa‑o.”
11Sɔɔl na nigi konto to, o ma toŋe o bwoŋi Ahimeleka dedaane o sɔŋɔ tiina maama se ba ba o tei. Banto déem ye Wɛ kaanem tiina mo Nobi teo ne. Ba maama na yi Sɔɔl tei to, 12o ma ta o we, “Ahituba bu, cheigi ywo!” O de ma leiri o we, “Pɛ, a cheiga.” 13Sɔɔl ma bwei‑o o we, “Bɛ mo ke ye nmo sɔ ni dedaane Jesse bu wom, se á ke á chɔge-ne? Nmo pɛ‑o wodiu, de se-zɔɔ, ye n ta ma‑n sɔɔle Wɛ n kwɛ o chwoŋa. Konto ma pa se o lɔ amo kwaga ne, ye o zem tɔge amo nɛ tento se o go-ne!”
14Ahimeleka ma leiri pɛ wom o we, “Pɛ, nɔɔn-nɔɔno tere nmo tontoŋena bam wone ye o jege chega o pa‑m nenɛɛne David na jege nmo chega tei to. O ta maa ye n bukɔ baro. Babɛ selo na yere nmo to maama wone, o wo ba yiga ne mo. O ta maa jege yere nmo sɔŋɔ kom maama wone. 15Chega to, ko dae dento dɛ ne mo a bobo se a sɔɔle Wɛ a pa‑o. A nam ke a chɔge mo na? Yé ja taane dento n jeeri amo de a sɔŋɔ tiina bam, se amo yeiri taane dem kolokolo ni ne.”
16Sɔɔl ta maa we, “Ahimeleka, nmo dedaane n dwi dem maama jege se á te mo.” 17O ma ta de balo na zege ba yere‑o to o we, “Zaŋe-na á go Baŋa Wɛ kaanem tiina bam! Kokuri to, ba sɔge ni dedaane David se ba chɔge-ne. Ba maane we David maa duri se o lu amo mo, ye ba wo tage ba bere-ne.” Pɛ dedɛɛra bam maa wo sɛ se ba ma ba je ba dwei Baŋa Wɛ kaanem tiina bam.
18Sɔɔl ma pipiri o ta de Edom tu Doegi o we, “Nmo nam zaŋe n go Baŋa Wɛ kaanem tiina bam!” Doegi ma seene o mage-ba o go. Wɛ kaanem tiina funɔnɔ banu mo tege de dɛ dem konto ne, ye ba maama zoore kaanem gare-wogo kom mo. 19Sɔɔl ma vo Nobi teo kom, mɛ kaanem tiina bam na zoore da to. O ma go teo kom nɔɔna bam maama. O pɛ ba go baara, de kaana, de ba bia, ko bere ko woli bu-sese de mo. Ba ta ma go ba naane, de ba bonɛ, ko woli de ba pei maama.
20Wolo yerane déem na lugi to mo ye Abiatara. O maa ye Ahimeleka bu mo, ye o kwo-nakwe ye Ahituba. O ma duri o vo o woli David kɔgɔ kom wone. 21O ma lwoni o bere‑o Sɔɔl na go Baŋa Wɛ kaanem tiina bam tei to. 22David ma leiri‑o o we, “Dento dɛ dem a na maŋe a na Doegi na wora to, a maane we o wó vo o ta o bere Sɔɔl o na nɛ kolo to. Abam sɔŋɔ kom maama na tege to, ko ye amo yiga mo. 23Konto ŋwaane, ta‑n wo amo tei ne. Yé ta‑n kɔre foone. A yei we Sɔɔl beeri debam balei mo se o go. Nmo nam ná wo amo tei ne, cham bá yi‑m.”",https://www.bible.com/bible/3661/1SA.22.KBG
1 SAMUWEL 23,"David jwoŋi Keila teo kom o yage
1Dɛ dedwe mo ba tage ba bere David ba we, “Filisi tiina bam mo vei se ba ke jara de Keila tiina. Ba nam vere ba mena ye ba ta wora ba fere-ya mo.” 2David ma bwei Baŋa Wɛ o we, “A véi a jeeri Filisi tiina bam de jara na?” Baŋa Wɛ ma leiri o we, “Zaŋe n vo n jeeri-ba se n jwoŋi Keila teo ba jeŋa ne n yage.”
3David nɔɔna bam ma ta‑o ba we, “Nii dé na maŋe dé wo Judah laŋa kam ne mo ywo-seeni, ye dé fona de Filisi tiina bam. Se dé laam nam ná lage dé jeeri-ba Keila ne, ko bá taa ye lɛɛro ko pa debam na?” 4David daa ma vo Baŋa Wɛ yiga ne se o bwei o lɔre o na wó ke tei to. Baŋa Wɛ ma leiri‑o o we, “Nam véi Keila leile konto, se amo wó ke Filisi tiina bam nmo jeŋa ne se n di-ba.”
5David de o nɔɔna bam ma zaŋe ba vo Keila ba jeeri Filisi tiina bam de jara. Ba ma wane-ba ye ba vere ba vara ba ja ba viiri. Ba ma go Filisi tiina bam dedɛ, ye ba daare ba jwoŋi Keila tiina bam ba yage. 6Ahimeleka bu Abiatara déem ya na duri o vo David tei Keila ne to, o ya kwei Wɛ kaanem gare-wogo kom mo o woli da.
7Sɔɔl déem ma ni we David vei Keila mo o wora. O ma ta o we, “Wɛ laam mo kwei David o ke amo jeŋa ne, kokuri to o vei o pe o tete mo teo kolo ba na yeini ba ma bworru kamuna ba pe ko nia yam to wone.” 8Sɔɔl ma bwoŋi o jar-keira bam se ba la daane, ba vo ba gilimi teo kom ba ke tetare ne, se ba daare ba ja David de o nɔɔna bam.
9David na nigi we Sɔɔl boboŋa jaane mo se o ba o ja‑o to, o ma ta de Wɛ kaanem tu Abiatara o we, “Kwei kaanem gare-wogo kom n ja n ba, se dé ma dé lɔre Wɛ boboŋa na ye tei to.” 10David laam ma lwoori Wɛ o we, “Isarele tiina Baŋa Wɛ wom, amo nigi we Sɔɔl lage o ba ywo-seeni mo o chɔge teo kom amo ŋwaane. 11A lage a bwei a nii, Sɔɔl wó seene o ba ywo, ne amo na nigi tei to na? Keila tiina bam wó ja amo ba kwei ba ke o jeŋa ne na? Popo a lwoori‑m se n pa a lɔre ko na wó ke tei to.” Baŋa Wɛ ma leiri o we, “Sɔɔl wó ba.” 12David daa ma bwei o we, “Se Keila tiina bam, ba wó kwei amo de a nɔɔna bam ba ke Sɔɔl jeŋa ne na?” Baŋa Wɛ ma leiri‑o o we, “Ɛɛ, ba wó kwei abam ba pa‑o.”
13David na nigi konto to, o dedaane o nɔɔna bam ma ke lela ba duri ba nwoŋi Keila ne. Ba maa kare ba vei jei selo maama ba na wó wane ba vo to. Sɔɔl na nigi we David daa tere Keila ne to, o ma leiri o boboŋa ye o wo vei da.
David lugi Sɔɔl jeŋa ne
14David déem maa wo Zifi kagoa kam ne o seigi zwonnu laŋa kam gugworru tem wone. Sɔɔl de ma yɔɔre o beeri‑o mo se o wane‑o o ja. Wɛ maa wo pɛ se Sɔɔl na o jei.
15David déem wo Zifi kagoa kam jei sedwoŋi ne, Horesi ne mo. O na wora to, o ma maane we Sɔɔl nwoŋi o ba se o go‑o. 16Sɔɔl bu Jonatan de nam ya vei Horesi. O ma vo David tei, o daare o pa o na baare Baŋa Wɛ dam ŋwaane. 17Jonatan ma ta‑o o we, “Yé ta‑n fona, se a kwo Sɔɔl bá yi‑m o ja. O maŋe o yei we, nmo mo lage n ta‑n ye Isarele tiina Pɛ, se amo laam saŋe n kwaga a taa wo n takeiri ne.” 18Banto balei daa ma ke ni-sɛɛm Baŋa Wɛ yiga ne se ba taa jege chega ba pa daane. Konto kwaga ne mo Jonatan jwoori o vo sɔŋɔ. David maa maŋe Horesi ne.
19Zifi tiina badwonna ma zaŋe ba vo Sɔɔl tei Gibea ne. Ba ma ta ded‑o ba we, “Pɛ, David tu o seigi debam laŋa kam Horesi zwonnu tem ne. O wo Hakila peo kom na wo Jesimon tega-kuri seeni to yuu ne mo. 20Nmo na kwaane n beeri‑o se n ja to, nam lage dɛ se n ba dé teo kom, se dé ja‑o dé ke nmo jeŋa ne.”
21Sɔɔl ma leiri o we, “Á ke chega. Baŋa Wɛ swolim taa wo á yuu ne, de á na lage a lanyerane to! 22Nam ta kwaane-na á woli-ne fee. Jwoori-na á vo á lɔre o na wo mɛ chekke to, dedaane nɔɔna balo na nɛ‑o dáane to. Amo nigi we o tiini o wae o peperega. 23Véi-na á fɔge á beeri á lɔre o seigim jei sem maama, se á laam ba á ta á bere-ne jaja. Ko kwaga ne, a laam wó da de abam a vo. O ta ná wo laŋa kam konto ne, a wó beeri a na o jeiga. Ko ná maŋe ko ye se a beeri Judah sɔ-yuni tem maama wone mo de, a ta wó ja‑o.”
24Nɔɔna bam ma ke lela ba lwoori Sɔɔl ba vo Zifi, ye Sɔɔl laam saŋe kwaga o yi da. David de o nɔɔna bam déem ya seigi Maon kagoa kam ne mo. Ba maa wo Araba bwolo kom na wo Jesimon tega-kuri seeni to ne mo. 25Sɔɔl de o nɔɔna bam ma nwoŋi se ba beeri David jei. David de ma ni Sɔɔl ŋwa. O de o nɔɔna bam ma vo peo-kamunu kodwoŋi na wo Maon kagoa kam ne to ba seigi da. Sɔɔl ma lɔre David na wo mɛ to. O ma vo Maon kagoa kam ne o pu o kwaga vira-vira. 26Sɔɔl de o nɔɔna bam maa wo peo kom daa dedoa ne mo ba via. David de o nɔɔna bam de maa wo ko daa kadwoŋi ne ba kwaane se ba lu Sɔɔl jeŋa ne. Sɔɔl de o nɔɔna bam ma daare fee se ba yi David de o nɔɔna bam tei se ba li-ba. 27Ko nɛ ni ne mo nɔɔno duri o vo o yi Sɔɔl tei ye o we, “Ke-na lela á ba! Filisi tiina bam mo chugi ba puri debam teo kom baŋa ne!”
28Sɔɔl ma ga ga o yage David zeilim. O ma jwoori o pipiri se o vo o jeeri Filisi tiina bam de jara. Konto ŋwaane mo ba jege jei sem konto yere ba bwoi we ‘Popɔra Peo’. 29David déem ma zege dáane o vo En-Gedi o seigi jei sem konto ne.",https://www.bible.com/bible/3661/1SA.23.KBG
1 SAMUWEL 24,"David yage Sɔɔl o pa o lu
1Jara yalo déem na wo Sɔɔl dedaane Filisi tiina bam tetare ne to ma ti. Sɔɔl na jwoori sɔŋɔ to mo o nigi we David wo En-Gedi kagoa kam seeni. 2O ma kuri jar-keira morro tetɔ Isarele tiina bam wone, balo na yei jara laŋa chekke to. O ma ke-ba o kwaga ne ye ba nwoŋi ba vo se ba beeri David de o nɔɔna bam jei. Ba ma vo ba yi peero tedwonna seeni ba na bwoi-te we ‘Kagoa wo bone peero’ to.
3Ba na wo chwoŋa ne to, mo ba yi jei selo nayera na yeini ba pe ba pei da to. Peo bɔɔne maa wora de na bwola de chwoŋa kam ni. Sɔɔl ma ywori o zo bɔɔne dem wone se o fo fea. Peo bɔɔne dem konto ne mo David de o nɔɔna bam de déem seigi. Banto nam jwoori ba wo yiga ne mo dáa dáa. 4David nɔɔna bam na nɛ Sɔɔl to ba ma ta de David ba we, “Nii pwola na tigi jaja ka pa‑m tei! Zem dɛ dento mo ye dɛ delo Baŋa Wɛ na tage de taane, de o na taga we, o wó kwei n dono wom o ke n jeŋa ne se nmo ke‑o n na lage tei to.” David ma vwɛ konto mɛmɛ o vo o ja Sɔɔl gɔrɔ kom kuri seeni o gwoni, ye Sɔɔl yeiri ko ni ne.
5Ko kwaga ne mo David boboŋa daane‑o dedɛ de kolo o na ke to. 6O ma ta de o nɔɔna bam o we, “Baŋa Wɛ wó che se amo kwei a jeŋa a ma a ke wolo na tei amo to zonne. Ko ye Baŋa Wɛ mo kuri‑o. Wɛ wó che se a chɔge a tu wom, kokuri to, Baŋa Wɛ swolim nuga mo wo o yuu ne.” 7Taane dem konto mo David mɛ o kuni o nɔɔna teiŋa, ye ko che pa se ba wo ke Sɔɔl kolokolo. Sɔɔl ma zaŋe peo bɔɔne dem wone o nwoŋi se o kɛ.
8David de laam ma pi o nwoŋi peo bɔɔne dem wone ye o zege dáa ne o bwoŋi Sɔɔl o we, “Pɛ! Amo tu, denlei!” Sɔɔl ma pipiri se o nii. David ma vwi o yibia tega ne o pa‑o zula, 9ye o ta o we:
“Amo kwo, bɛŋwaane mo n kare n cheigi balo na tɛ ba we amo kwaane se a chɔge‑m to taane? 10Nmo zem nɛ we, n na zo peo bɔɔne dem wone to, Baŋa Wɛ kwei nmo o ke amo jeŋa ne mo. A nɔɔna bam badwonna ya we dé go‑m mo, ye amo wo pɛ-ba chwoŋa. Amo ma ta-ba a we, ‘A bá sɛ a ke a tu wom zonne, o na ye wolo Baŋa Wɛ na kuri to ŋwaane.’ 11A kwo, fɔge n nii gare-zenzware dento a zei a jeŋa ne to! De nwoŋi nmo gɔrɔ kom kuri seeni mo. Amo na yi n yera to, a ya wó wane‑m a go. A na gwoni n gɔrɔ kom, ye a daare n tete a yage to, laam nam lɔre we a ba jege nmo lwarem puga a jei. A bere a wo lɔge nmo kwaga ne. Nmo laam ma‑n pu amo kwaga se n le a momwɛ, ye a wo ke‑m kolokolo a chɔge. 12Baŋa Wɛ nam mo wó bere debam balei wone wolo na jege bora to. Baŋa Wɛ mo wó ŋwe amo jene nmo yuu ne, dedaane n na jege amo n ke tei maama to. Se ko ná ye amo, a bá kwei a jeŋa a ma a dwei‑m de fee de. 13Faŋa tiina maa we, ‘Keim tɔge de tu mo.’ Konto to, amo bá ke nmo lwarem.
14Amo nam ye wɔ mo ye Isarele tiina pɛ pare-ne se o go? Amo ye kukuri-teka, naa yeenu mo nmo jege n zeila? Ko ba jege kuri. 15Baŋa Wɛ mo wó zo taane dento wone se o di-de debam balei laŋa ne. Wonto mo wó zege amo kwaga ne o woli-ne. O ta wó pa a na bora ye a lu nmo jeŋa ne.”
16David na tage konto maama o ti to, mo Sɔɔl bwei‑o o we, “Amo bu David, nmo kwora mo konto na?” Sɔɔl laam ma keeri baŋa baŋa. 17O ta ma ta o we, “Yage, se n jege chega, amo mo toŋe vwa. Nmo nam ke amo lanyerane, ye amo lage nmo chɔgem. 18Nmo zem pɛ se a lɔre we n lage a ni taane. Kokuri to, Baŋa Wɛ ya pɛ‑m pwola se n go-ne, ye n wo sɛ se n go-ne. 19Nɔɔno ná jeeri o dono ye o ja‑o, o daa wó yage‑o se o kɛ mɔle mɔle mo na? Nmo zem na ke-ne lanyerane to, Baŋa Wɛ mo wó ke zaane n yuu ne. 20Amo laam lɔre we nmo mo wó seene n ji Isarele tiina Pɛ, ye n paare dem wó zege chekke. 21A nam lwoori‑m mo se n ta n du de Baŋa Wɛ yere we, n ná tu n di paare, n bá‑n chɔge a dwi dem se de ti maama. Yé pa se a yere dem jei a kwo sɔŋɔ kom wone.”
22David ma seene o ta o du konto Sɔɔl yiga ne. Sɔɔl ma zaŋe o jwoori sɔŋɔ. David de o nɔɔna bam de ma jwoori ba vo ba seigim jei sem ne.",https://www.bible.com/bible/3661/1SA.24.KBG
1 SAMUWEL 25,"David de Abigali taane dem
1Samuwel déem ma ba o te. Isarele tiina bam maama ma jeeri o teo kom ne, se ba di o lua. Ba ma kwei‑o ba suli o tete teo Rama ne.
Ko kwaga ne, mo David vei o wo Paran kagoa kam wone. 2-3Kaleb dwi tu wodwoŋi déem zoore Maon teo kom ne, o yere mo Nabale. O déem ye nadum chekke. O maa jege pei morro tetɔ, ye o bone de ye moro. O maa jege tega Kamele seeni o nii o vara baŋa ne. O kaane yere déem mo ye Abigali. O maa ye boboŋa tu ye o yibia tiini ya lamma. Ko daare Nabale tete, wonto wo lona dedɛ ye o ta jege ban-jworo. Ko ma maŋe dedaane Nabale de o nɔɔna bam wo Kamele ne ba wora ba fane o vara bam koro.
4David déem na wo kagoa kam ne konto to, mo o nigi we Nabale tu se o fane o vara bam koro. 5O ma le o nɔn-donno tem fuga, o toŋe-ba Nabale tei ne ye o we, “Véi-na Nabale tei Kamele ne á da amo ŋwaane á ware‑o. 6Ta-na ded‑o we: ‘Wɛ wó pa nmo de n sɔŋɔ tiina maama yazura de momwɛ-dɛɛre! Wɛ wó pa se n jeŋa wonnu maama ke lanyerane! 7Amo nam nigi we nmo wora n pa ba fane n vara bam koro mo. A maa lage se n maane we, nmo nayera bam ya na wo debam tei ne to, dé wo daane-ba. Maŋa kalo maama ba na wo Kamele seeni to, ba kolokolo wo jei. 8Nam bwei n tontoŋena bam n nii, se ba wó ta konto mo. Zem na ye kuri dim dɛ to mo a lwoori‑m se n ke a nɔn-donno tem lanyerane, dé badwoŋo kom ŋwaane. Pa debam zeina yalo maama n na jege n jeŋa ne to.’ ”
9David nɔɔna bam ma ja o kwora kam ba vo ba pa Nabale. Ba laam ma zege se ba jwoŋi leira. 10Nabale ma leiri-ba o we, “David mo ye wɔ? Amo yeiri‑o. Jesse bu wonto nɛ o tete na? Leile konto, tontoŋeno wolo maama ná jeini o boŋe ga, o wó zaŋe mo o lɔ o tu kwaga ne se o taa tei o tete. 11Amo bá sɛ se a kwei a wodiu dedaane a na a pa nɔn-yɔɔro telo a na yeiri mɛ ba na nwoŋi to. A bá kwei vara balo a na go se a tontoŋena di to a pa abam.”
12David nɔɔna bam ma jwoori ba vo David tei, ye ba ta kolo maama Nabale na tage to ba bere‑o. 13David ma ta de o nɔɔna bam o we, “Nɔɔno maama kwei o se-zɔɔ o vɔ o teiŋa ne diŋ-diŋ!” Ba ma kwei ba se-zɔɔro tem ba vɔ. David tete de ma vɔ o se-zɔɔ kom o teiŋa ne. O maa tɔge nɔɔna bia yana yiga o maa vei Nabale baŋa. Nɔɔna bia yalei ma daare, se banto taa yere ba zela yam.
14Nabale tontoŋeno wodwoŋi ma ta de Nabale kaane Abigali o we, “David mo zege kagoa kam ne o toŋe nɔɔna debam tu Nabale tei ne se ba ware‑o, ye o twe-ba lanyerane. 15Chega ŋwaane nam, nɔɔna banto ya yɔɔre ba ke debam lanyerane mo. Ba wo daane debam. Maŋa kalo maama dé na wo ba tei ne dé beeri gaao kom wone to, dé kolokolo wo jei. 16Dé na jege dé pei sem dé yere gaao kom wone to, David nɔɔna bam mo kwoli debam, wea dedaane tete maama wone. 17Konto to, fɔge n jeeli se n nii n na wó ke kolo n woli dé maama to. Kokuri lɛɛro mo lage te yi dé tu wom de o sɔŋɔ kom maama, de o na tiini o ye puseŋ-nyeno, ye o ba sɛ o jwoŋi bera to ŋwaane.”
18Abigali ma ke lela o ke woŋo maama daane. O maa jege bworobwooru bia yalei (200), de sana lɔɔro telei, de pei senu ba ya na wɔge-se to, de men-wɔa ywolo-kamunu, de kekan-wogila bwɛ bi (100), de kapere-kora maasa bia yalei (200). O ma kwei wonnu tem konto maama o vɔ bonɛ baŋa ne. 19O ma ta de o tontoŋena bam o we, “Ja-na wonnu tento á ta‑á wo yiga ne se amo de wó saŋe á kwaga a ba.” Konto maama to, o wo pɛ o baro wom maane ko ni ne.
20Abigali ma di o bonaga baŋa ne o kwei chwoŋa o maa via. O wo chwoŋa kam ne mo, se ko maŋe dedaane mɛ na gugwoli ko kaare peo kom to. David de o nɔɔna bam maa tu peo kom yuu ne ba beena. Ba ma jeeri daane. 21David ya boŋe o ja we, “A yɔɔre a yaare a tete mo kafɛ ye a déem wora a yere Nabale jea wonnu kagoa kam wone. Amo ke‑o lanyerane pa se o kolokolo wo jei. Laam nam nii o na mɛ balɔrɔ mo o jwoori o leini lanyerane delo a na ke‑o to. 22Amo nam dugi de Wɛ se o pa lɛɛro yi amo, nenɛɛne tega daa ná poore ye a wo go baara balo maama na ye o dwi tiina to pa se ba wolowolo wo daare de dedoa de.”
23Abigali na yɔɔre o na David to, mo o zege o bonaga kam yuu ne o faŋe o chu. O laam ma chɔɔle o yibia tega ne o ware David. 24O ma ja David nadwooni ye o we:
“Amo tu, pa-ne pwola se a ŋɔɔne fee dede‑m. Ja! Sɛ se ko maama taa ye amo yiga, se n daare n cheigi a taane. 25Amo tu, yé pa se Nabale na ke tei to daane‑m, se o ye puseŋ-nyem mo. O yere na ye Nabale to, de kuri mo ye ‘nɔn-jworo’. Chega to, o ma seene o toŋe jworim. Se ko ná ye amo, a wo nɛ nɔɔna balo nmo na toŋe a baro tei ne to.
26Amo tu, a nɛ we ko ye Baŋa Wɛ mo chege nmo, se n yé ma lwarem n ma n ŋwe n dona. O ma che‑m se n yé ma n jeŋa n go-ba. Ŋwea Tu Baŋa Wɛ na seene o wora to, amo dugi wonto yere ŋwaane, de nmo tete yere ŋwaane we, nmo dona maama de balo dwi maama na boŋe balɔrɔ ba pa‑m to wó guri nenɛɛne Nabale na lage o guri tei to mo. 27Amo nam lwoori‑m mo se n jwoŋi pɛɛra yanto n tontoŋ-kana jeŋa ne, a na jaane a ba to, n pɔɔre-ya n pa n nɔɔna bam. 28Amo tu, a nam lwoori‑m mo se n ma n chɛ-ne de a ná ke kolo a ja a chɔge. Amo yei we Baŋa Wɛ wó pa n paare dem fɔge de zege taa, nmo na ye wolo na jaŋe Baŋa Wɛ jara n pa‑o to ŋwaane. Wɛ bá sɛ se n ke lwarem n ŋwea maama wone. 29Nɔɔno ná pare nmo se o go‑m, n Tu Baŋa Wɛ mo wó taa kwoli‑m se cham yé yi n ŋwea. Ko nam ná ye n dona bam, o ta maa wó pa se ba ŋwea yɔɔre ka jei, nenɛɛne nɔɔno na kwei kandwɛ o ke napana wone, ye o laam dole-ka pa kandwɛ dem jei tei to. 30A yei we Baŋa Wɛ wó seene o ke wo-laaro telo maama o na gwoni ni se o ke o pa‑m to. O ta wó pa se n ji Isarele tiina pɛ. 31Ko maama ná kea, nmo boboŋa daa bá chɔge, nenɛɛne n ya ná go nɔɔna kafɛ yerane. Nmo boboŋa bá daane‑m de n na mɛ n tete jeŋa n ŋwe n jene nɔn-gwia baŋa ne to. Amo tu, Baŋa Wɛ ná tu o ke‑m lanyerane konto, se n guli amo de gula.”
32David ma ta Abigali o we:
“Amo wó seini Isarele tiina Baŋa Wɛ wom mo, kokuri to, wonto mo toŋe‑m se n ba n jeeri-ne zem dɛ dento. 33A nam ta ke Wɛ lei nmo de ŋwaane. N ye boboŋa tu. Swa taane delo n na tage to ŋwaane, amo ta wo mɛ a jeŋa a go nɔɔna se a ŋwe a jene ba baŋa ne. 34Chega to, Baŋa Wɛ mo chege amo chwoŋa se a yé chɔge abam. Nmo ya ná wo ke lela n ba n jeeri debam, tento n baro wom de o nɔɔna maama na ye baara naa bakeiri to ya tega. Dé ya wó go baaro dwi maama na wo o sɔŋɔ kom ne to, se tega daa ba ka poore. Amo dugi de Isarele tiina Ŋwea Tu Baŋa Wɛ wom mo we a tɛ chega mo konto.”
35David ma jwoŋi Abigali pɛɛra yam ye o daare o ta‑o o we, “Jwoori n vo sɔŋɔ, se n daare n pa n wo taa tiga. Amo wó ke n na tage tei n bere-ne to.”
36Abigali ma jwoori o vo sɔŋɔ. O na nɛ o baro Nabale to, o ma maane we o ke wodi-fɔrɔ nenɛɛne pɛ na wó ke tei to mo. O ke kuri mo o pa nɔɔna se ba tɔge ba di. O ma di ywoni o ba o bugi de sana. Konto ŋwaane Abigali wo tage kolokolo de o baro wom dento tete dem ne. 37Tega laam na poore ye sana bam nwoŋi Nabale yia ne to, mo o kaane wom tole kolo maama na ke to o bere‑o. Nabale na nigi to, o bochare ma tiini de baane, ye o yera yam maama bobo se ya taa toa. 38Da fuga na ke ya woli da to mo Baŋa Wɛ fere Nabale pa o te.
39David na nigi we Nabale tege to, o ma seini Wɛ ye o we, “Amo wó ke Baŋa Wɛ lei, kokuri to, o bere we a jege chega Nabale yiga ne dedaane o na twe-ne to. O ta ma che a jeŋa pa se a wo toŋe lwarem, ye o daare o pa se Nabale keim-balɔrɔ kom jwoori ko to o tete yuu ne.” David laam ma toŋe kwora o pa Abigali we, o lage‑o mo se o ma o ke o kaane.
40David nɔɔna bam ma vo Kamele ba ta de Abigali ba we, “David mo toŋe debam n tei ne se dé ja‑m dé ba se n ta‑n ye o kaane.” 41O ma chɔɔle o yibia tega ne ye o leiri-ba o we, “Amo ye David tontoŋ-kana mo. A maa wó sɛ se a zare o tontoŋena bam nɛ.” 42Abigali ma ke lela o zaŋe o di bonaga, ye o pa o ka-nyaana banu tɔge‑o ba vo. Ba ma pɛ David nɔɔna bam kwaga ba pu ba vo ba yi David tei, pa se o ji o kaane.
43David nam ya maŋe o di Jezerele teo bukɔ Ahinoam mo o ma o ke o kaane. Abigali laam ma woli da o ye o kaane. 44Se ko ná ye o ka-kwea kam na ye Sɔɔl bukɔ Mikaale to, Sɔɔl déem ya kwei‑o mo o pa o zo Layisi bu Paliteli. Nɔɔno wom konto déem nwoŋi Galim mo.",https://www.bible.com/bible/3661/1SA.25.KBG
1 SAMUWEL 26,"David daa ta yage Sɔɔl o pa o lu
1Ziifi tiina badwonna déem ma zaŋe ba vo Gibea ye ba ta de Sɔɔl ba we, “David tu o seigi Hakila peo kom yuu ne, jei selo na jeeri Jesimon kagoa kam ne to mo.”
2Sɔɔl na nigi konto to, o ma la Isarele tiina jar-keira morro tetɔ balo na yei jara laŋa chekke to, ye ba vo Zifi kagoa kam se ba beeri David jei. 3Ba na yi chwoŋa kalo na wo Hakila peo kom teiŋa ne to ba ma zege ba chwi ba vwoa jei selo na jeeri Jesimon to ne. David ma maŋe kagoa kam wone. O ma ba o ni we Sɔɔl tu se o beeri o jei. 4O ma toŋe nɔɔna se ba ŋɔ ba nii Sɔɔl na wo mɛ to, ye ba lɔre we o seene o yi kagoa kam seeni.
5David na lɔre to, o laam ma zaŋe o vo o yi mɛ Sɔɔl de o nɔɔna bam na tigi to. O ma maane Sɔɔl de o jar-keira yiga tu Abenera na tigi mɛ chekke to. Abenera maa ye Nera bu. Sɔɔl maa tigi o dɔa ye jar-keira bam maama laam maa gilimi‑o ba ke tetare ne. 6Hiti tu Ahimeleka dedaane Joaba nyaane Abisayi mo zege David tei ne. Abisayi nu maa ye Zeruya. David ma bwei-ba o we, “Abam wɔ mo wó tɔge de amo, se dé vo dé yi Sɔɔl de o nɔɔna bam na tigi mɛ to?” Abisayi ma leiri o we, “Amo wó tɔge‑m se dé vo.”
7Dɛ dem konto tete ne David dedaane Abisayi ma lɔɔre ba vo Sɔɔl de o jar-keira bam tiga jei sem. Ba na yi da to, dedaane Sɔɔl tigi o jar-keira bam tetare ne mo o dɔa. O chichwei ma moore tega ne de maŋe de o yuu kom seeni. Abenera dedaane jar-keira bam maama maa gilimi‑o ba ke tetare ne, ye ba de dɔa. 8Abisayi ma ta de David o we, “Nii Baŋa Wɛ zem na kwei n dono wom o ke n jeŋa ne tei! Nmo ná sɛ, amo wó vaŋe o chichwei dem mo a le a jwoori a zɔ‑o a moore a yage tega ne. A maa wó zɔ‑o bedwe mo ye o te, a bá zɔ belei.”
9David ma leiri‑o o we, “Yé ke zonne o yera ne! Nɔɔno ná mage pɛ wolo Baŋa Wɛ na kuri to, kotu tusim wó taa wo o yuu ne. 10Ŋwea Tu Baŋa Wɛ yere ŋwaane, wonto mo wó mage Sɔɔl o go. Wɛ wae o pae se o toa o tete toone, naa o te jara-keim baŋa ne. 11Baŋa Wɛ nam wó che amo se a ma a jeŋa a go wolo Baŋa Wɛ swolim nuga na wo o yuu ne to. Nam pa se dé kwei o chichwei dem, de na moore o yuu seeni to, dedaane o na-kunkwolo kom dé ja dé viiri.” 12David ma gɔ Sɔɔl chichwei dem ye o daare o kwei o na-kunkwolo kom te na zege te maŋe o yuu seeni to, ye ba kɛ. Nɔɔn-nɔɔno nam wo nɛ-ba. Nɔɔn-nɔɔno de wo lɔre kolo na ke to. Ba maama maa tigi ba dɔa ye ba wo zaŋe, Baŋa Wɛ na pɛ ba tiini ba dɔ ba lusi to ŋwaane.
13David dedaane Abisayi ma jwoori ba tɔge bwolo kom ba bɛ daa kadwoŋi kam ne. Ba ma vo ba di peo kodwoŋi yuu ba zege da, ye pwola daga banto de Sɔɔl nɔɔna bam tetare laŋa ne. 14David laam ma nii Sɔɔl jar-keira bam seeni ye o tɔɔle o bwoŋi Abenera o we, “Abenera, nmo wora na? Zaŋe n leiri-ne!” Abenera de ma tɔɔle o leiri o we, “Nmo ye wɔ mo ye n ke sɔɔ konto n bwoŋi pɛ wom?” 15David ma jwoori o leiri‑o o we, “Abenera, nmo dae babea n dwoi Isarele jar-keira bam maama mo na? Bɛ mo ke ye n ware n pɛ wom se n ta‑n yera? Ba ya tu mo se ba go n tu wom. 16Nmo na ke tei tento to ba lana. Ŋwea Tu Baŋa Wɛ yere ŋwaane, nmo dedaane n kwaga nɔɔna bam maama maŋe se á te mo, kolo ŋwaane á wo fɔge á yere a tu wom Baŋa Wɛ na kuri to. Laam nam fɔge-na á nii! Pɛ wom chichwei dem ya na wo o yuu seeni to wo yei ne mo? Se o na-kunkwolo kom de bɛ?”
17Sɔɔl ma lɔre David kwora kam ye o bwei‑o o we, “Amo bu David, nmo mo konto na?” David ma leiri‑o o we, “Pɛ, amo mo konto.” 18O ta ma ta o we, “Amo na ye n tontoŋeno to, bɛ laam nam mo ke pa se nmo yɔɔre n pare amo konto se n zeili n ja? A ke bɛ mo a tusi? 19Amo tu, a lwoori‑m mo se n cheigi a taane dento. Ko ya ná ye Baŋa Wɛ mo na pɛ se n pare amo tento, a teene we o wó jwoŋi pɛɛre a jeŋa ne ye o leiri o boboŋa yam. Se ko ná ye nabiina mo kwei amo yuu ba mage de nmo nyem, Baŋa Wɛ wó pa se ba na lɛɛro. Kokuri to, ba fe-ne ba le a nabaara tega kam ne, Baŋa Wɛ na pɛ se ka taa ye amo nyem to, ye ba daare ba pa se a kare a zoore jwo-kaana teene ne. Ba laam maa we, a taa kaane jwona. 20Nam yé pa se a jana lu ka ke sa-teena tega ne, yiga yiga dedaane tega kalo na ye Baŋa Wɛ nyem to. Amo bere a ye wɔ mo? Yeenu dento, mo Isarele tiina pɛ tɔge-ne o para? Naa a ye luga mo ye n jege-ne n choa peero tem ne?”
21Sɔɔl ma ta David o we, “Amo bu David, jwoori n ba amo tei! Amo mo ke lwarem. Amo nam daa ba boŋe se a ke‑m zonne. Kokuri to, n zem bere we a jege lonne nmo yibia ne, ye n wo go-ne. Chega to, amo toŋe jworim. A tiini a tusi mo.” 22David daa ta maa we, “Pɛ, nii n chichwei dem mo tento. Toŋe n nɔn-donno tem dedoa se o ba o jwoŋi o ja o ba o pa‑m. 23Baŋa Wɛ mo yeini o bore o pa nɔɔno maama de o na jege chega de wo-dedoa tei to. Baŋa Wɛ ya pɛ-ne pwola se a go‑m zem, ye a wo ke konto, nmo na ye pɛ wolo o na kuri to ŋwaane. 24Amo zem na pɛ se n ŋwea kam jege kuri amo yibia ne to, a lwoori Wɛ mo se amo de ŋwea kam taa jege kuri o yibia ne se o taa cho-ne cham dwi maama wone.”
25Sɔɔl laam ma ta David o we, “Amo bu, Baŋa Wɛ swolim taa wo n tei ne. Nmo ná ke kolo maama, ko wó ke lam ko pa‑m.”
David ma kwei o chwoŋa o maa kɛa. Sɔɔl de ma jwoori o vo sɔŋɔ.",https://www.bible.com/bible/3661/1SA.26.KBG
1 SAMUWEL 27,"David vei o seigi Filisi tiina teo ne
1Dɛ dedwe mo David déem jeini o boŋe o tete ne o we, “Ko laam bwola se Sɔɔl ja-ne o go. A ná duri a vo a seigi Filisi tiina bam tetare ne, ko wó taa gara. A daa ná tera Isarele tiina teo kom maama ne, Sɔɔl wó beeri-ne o ga. Konto maa wó pa se a lu o jeŋa ne.”
2Ko ma pa se David dedaane o nɔɔna bia yaredo yam duri ba vo Maoka bu Akisi tei ne. Wonto déem ye Gafa teo pɛ mo. 3David de o nɔɔna bam ma vo ba maŋe Akisi tei ne ba zoore Gafa teo kom ne, nɔɔno maama de o diga tiina. David kaana balei bam déem maa tɔge ba wo o tei ne: Ahinoam na nwoŋi Jezerele to, dedaane Nabale kadeim Abigali na nwoŋi Kamele to. 4Sɔɔl ma ni we David duri o vo o wo Gafa ne. O ma yage David beira kam.
5Dɛ dedwe David ma ta de Akisi o we, “Pɛ, nmo yi ná seene de su de amo totoŋa yam, se n le n teene dem wone te-balaŋa dedoa se amo de a nɔɔna bam taa zoore da. Ko dae se amo de taa tɔge a zoore n tei ne te-fɔrɔ konto wone.” 6Akisi ma sɛ ye o kwei Zikalag dento dɛ dem ne o pa David. Ko na zege kanto maŋa ne se ko yi zem maama to, Zikalag lɛɛre ko ye Judah pwa bam mo tei-ko. 7David déem ma zo Filisi tiina bam tetare ne bene dedaane chane sena.
8Maŋa kam konto ne, David de o nɔɔna bam ma yeini ba kwaare jara de Gesura tiina, de Girizi tiina, ko woli de Amaleki tiina bam. Ko zege faŋa faŋa to, teene dem konto tiina déem zoore jei sem konto ne se ko vo ko yi Sura seeni de Ejipti seeni maama mo. 9David de o nɔɔna bam ná jeeri teo kolo maama, ba yeini ba chɔge ko maama mo. Ba ma go ko nɔɔna bam, baara de kaana maama, ye ba daare ba vere ba pei sem, de ba naane dem, de ba bonɛ, dedaane ba kona yam, ko woli de ba gwaaro maama. O laam ma yeini o jwoori o vo Akisi tei. 10Akisi de ma yeini o bwei‑o o we, “Nmo zem vei teo kɔ mo n chɔge-ko ye n daare n vere ba wonnu?” David de ma yeini o leiri o we, “Dé vei Judah teo kodwoŋi kagoa kam wone mo dé vere nɔɔna bam,” naa o wae o tɛ we, “Dé vei kagoa kam seeni mɛ Jerameeli tiina na wora to mo dé vere-ba,” naa o we, “Dé vei kagoa kam seeni mɛ Keni tiina na wora to mo dé vere-ba.” 11Konto ŋwaane mo David ná jeeri teo kolo de jara, o wó kwaane o go ko nɔɔna bam maama, baara de kaana. O ma yeini o we, “A ná wo go-ba, ba wó wane ba vo Gafa ba ta ba bere Akisi amo na yeini a ke kolo maama to mo.”
Maŋa kalo maama David na tu o wo Filisi tiina tetare ne to, o déem yeini o ke konto mo. 12Se ko ná ye Akisi, wonto déem ma kwei o chega maama o pa David. O ma jeeli o we, “David na tiini o ke o chɔge o tete nɔɔna Isarele tiina bam tei to, o kikia maama laam lwoi ba momwa ne mo. Leile konto se ko taa vei wuu, o laam wó taa toŋe o pa amo mo.”",https://www.bible.com/bible/3661/1SA.27.KBG
1 SAMUWEL 28,"1Ko na wora ko wora to, mo Filisi tiina bam déem lage ba jar-keira ba ke daane se ba kwaare jara dedaane Isarele tiina bam. Akisi ma ta de David o we, “Ko jege se n ta‑n yei we, nmo de n nɔɔna bam wó woli amo kɔgɔ kom wone mo, se dé vo dé ke jara yam.” 2David ma leiri‑o o we, “Dáane mo nmo wó wane n lɔre a na wó toŋe tei a pa‑m to.” Akisi ma leiri‑o o we, “Nmo na sɛ amo konto to, amo wó pa se n ta‑n yere-ne taa wuu.”
Sɔɔl vei o vo chichiri voro
3Samuwel déem nam ya maŋe o te, ye Isarele tiina bam maama di o lua. Ba ma daare ba kwei‑o ba suli o tete teo Rama ne. Sɔɔl nam lwoori yiga mo o zeili chichiri vora de yi-nara maama Isarele tega kam ne.
4Filisi jar-keira bam ma vo Sunem ba gilimi daane. Sɔɔl ma bwoŋi Isarele tiina bam o ke daane pa se ba jeeri Giliboa ne. 5Sɔɔl na yɔɔre o dole o yi o na Filisi jar-keira bam to, mo foone zo‑o, o bochare de ma di kwaa. 6O ma kwaane o bwei Baŋa Wɛ se o nii o na wó ke kolo to. Baŋa Wɛ nam wo sɛ o leiri‑o. Ko ná ye dendwea, naa Yurim de Tumim kandwa yam, naa sampwori, Baŋa Wɛ wo tɔge se baŋa ne o pa‑o leira de fenfee de. 7Sɔɔl laam ma ta de o nakwa bam o we, “Véi-na á beeri kaane wolo na wae o bwei chira se o lɔre kolo na wora to á pa-ne. Ko jege se a vo kotu tei ne mo a nii a yiga.” O nakwa bam ma ta‑o ba we, “Kaane wodwoŋi mo wo Endora ne, o na nae chekke.”
8Sɔɔl laam ma zaŋe tete ne o kwei gwaaro telo na dae o nyem to o zo. O na leini o tete konto to, o ma tɔge dedaane o nɔɔna balei ye ba nwoŋi se ba vo kaane wom tei. Ba na yi da to, Sɔɔl ma ta de kaane wom o we, “Kwei n voro zela yam se n bwoŋi chiru wodwoŋi n pa-ne. Pa chiru wolo a na wó bwoŋi o yere to nwoŋi o ba amo tei.”
9Kaane wom ma leiri o we, “Nmo nam yei Sɔɔl na ke kolo ye o zeili chichiri vora de yi-nara maama pa se ba nwoŋi Isarele tega ne to. Bɛ mo ye n lage n kwei kalanchogo n ma n ja amo? Nmo laam ma n lage se ba go amo de!” 10Sɔɔl ma ta o du o we, “Amo dugi de Ŋwea Tu Baŋa Wɛ yere we, n ná toŋe a totoŋe dem n pa-ne, n bá‑n na waarem ko ŋwaane.” 11Kaane wom ma bwei‑o o we, “Wɔ mo n lage se a bwoŋi se o nwoŋi o ba?” Sɔɔl ma leiri o we, “Bwoŋi Samuwel chiru n pa-ne.”
12Kaane wom na yɔɔre o na Samuwel to, mo o laare cheppe! O ma pipiri o ta de Sɔɔl o we, “Bɛ mo ke ye n gane-ne konto? Nmo mo ye Pɛ Sɔɔl!” 13Sɔɔl ma leiri‑o o we, “Yé ta‑n fona, za n ta kolo n na nɛ to n bere-ne.” Kaane wom ma ta o we, “A nɛ chiru mo na nwoŋi tega ne, ye o zaŋe o beene.” 14Pɛ wom ma bwei o we, “O nyenyego ye tetɛ mo?” Kaane wom ma leiri o we, “O ye nɔn-kwea mo na beene ye o zo gare-dedɔrɔ.”
Sɔɔl ma maane we ko seene ko ye Samuwel mo. O ma vwi o yibia tega ne se o pa‑o zula. 15Samuwel ma bwei Sɔɔl o we, “Bɛ mo ke ye n daane-ne konto? N jaane-ne n jwoori n ba ywo-seeni se a ke bɛ mo?” Sɔɔl ma ta o we, “A wo mo dia, ye a yeiri a na wó ke kolo to. Kokuri to, Filisi tiina bam jeeri-ne mo de jara. Baŋa Wɛ nam lɔge amo kwaga ne mo. O daa ba tɔge sampwori baŋa ne, naa dendwea baŋa ne se o leiri-ne. Konto ŋwaane nam mo tei a bwoŋi‑m se a lɔre a na wó ke tei to.”
16Samuwel ma ta o we, “Baŋa Wɛ nam na lɔge nmo kwaga ne pa se o ji n dono to, bɛ mo ye n daa‑n bwoŋi-ne se n bwei n nii n na wó ke tei? 17Baŋa Wɛ na ke kolo de nmo to ye kolo a na wuuri a ta a bere‑m to mo. O jwoŋi paare dem nmo jeŋa ne mo, ye o kwei-de o pa n dwoŋi. David mo konto! 18Kokuri to, Baŋa Wɛ déem pɛ‑m ni se n chɔge Amaleki tiina bam de ba wonnu tem maama, o bane na zaŋe de-ba to ŋwaane. Nmo nam wo sɛ n ke o ni dem konto chekke. Konto nam mo pɛ se Baŋa Wɛ zem ke‑m tento. 19Ko na wó ke tei to, Baŋa Wɛ lage o kwei nmo de Isarele tiina bam o ke Filisi tiina bam jeŋa ne mo. Jwa dɛ dem ne, nmo de n bia bam de wó te ye á ba churu ywo-seeni á woli amo wone. Ko ná ye Isarele jar-keira bam maama, Baŋa Wɛ wó ke-ba Filisi tiina bam jeŋa ne mo.”
20Sɔɔl na nigi taane dem konto maama to, mo o to tega ne o tigi da konto yirr. Samuwel taane dem ma tiini de pa foone zo‑o. O yera maa bwomma, o na wo di wodiu dɛ dem konto ne wea de tete maama to ŋwaane. 21Kaane wom ma fɔɔre o yi Sɔɔl yera, ye o maane we o bochare tiini de fwei. O ma ta‑o o we, “Ja, amo tu! Amo na sɛ nmo ni to, a yɔɔre a ve a ŋwea mo, ye a ke nmo na lage tei to a pa‑m. 22Konto to, a lwoori‑m mo se n sɛ amo na wó ta kolo to. Yage se a ke wodiu fee se n di. Konto wó pa n na dam se n wane n jwoori n viiri.”
23Sɔɔl ma ve ye o we, “Amo bá di wodiu.” O nɔɔna bam ma tɔge de kaane wom ba lwoori‑o. O laam ma sɛ. O ma kwaane o zaŋe wɛɛne, ye o daare o jeini gadwogo baŋa ne. 24Kaane wom ya jege na-paale o sɔŋɔ ne o na jege-de o kɔne to. Sento nɛ sem ni ne o ma ja-de o go. O ta ma kwei muni o ma fɔge bworobworo kolo na ba jege sabɔle ko wone to. 25O na ti wodiu kom yiga to, o ma kwei-ko o pa Sɔɔl dedaane o nɔɔna bam. Ba ma di ye ba daare ba gwoni tega ba zaŋe ba viiri.",https://www.bible.com/bible/3661/1SA.28.KBG
1 SAMUWEL 29,"Filisi tiina bam wo sɛ se ba woli David
1Filisi tiina bam déem ma la ba jar-keira bam ba ke daane, ye ba jeeri Afeka ne. Ko daare Isarele tiina bam de ma vo ba jeeri Jezerele buli-yi dem seeni. 2Filisi tiina jar-keira bam déem maa pɔɔre bi bi dedaane moro moro. Ba pwa banu bam ma gwɛ ba yiga ne ba via. David de o nɔɔna bam maa maŋe kwaga ne ba tɔge de Akisi ba de gwɛ ba via.
3Filisi jara dedɛɛra bam ma bwei ba we, “Hiburu tiina banto tɔge de debam se ba ke bɛ mo?” Akisi ma leiri-ba o we, “David de o nɔɔna bam mo konto. O déem ye Isarele tiina pɛ Sɔɔl babea mo. O nam nwoŋi Sɔɔl kwaga ne mo ye o daare o ba o me de amo. Dé na toŋe daane to, ko dwoi bene. Dɛ dem o na tu amo tei ne to se ko yi zem, a ta wo nɛ o wo-lɔŋɔ de fenfee de.”
4Filisi dedɛɛra bam bane ma zaŋe dedaane Akisi ye ba we, “Pa se nɔɔno wom jwoori o viiri! Pa o jwoori o vo teo kolo nmo na pɛ‑o se o taa zoore da to. Yé pa o tɔge debam se dé kwaare jara yam. Ta‑n yei we o wó wane o lɔ debam kwaga ne, ye o pipiri o go dé jar-keira badwonna. Konto wó pa se o de Sɔɔl jwoori ba ke daane. 5Yé swei we ko ye David wom konto taane mo Isarele tiina bam sae ye ba leeni ba seini‑o ba we:
‘Sɔɔl go o dona bam
moro de moro.
Se ko ná ye David,
wonto go o dona bam
morro fuga de fuga mo.’ ”
6Akisi ma bwoŋi David ye o ta‑o o we, “Amo dugi de ŋwea Tu Baŋa Wɛ we a seene a jege n chega mo. Ko zege nmo na tu n me dedaane amo to se ko yi zem maama, amo wo nɛ n wo-lɔŋɔ. Ko ya ná ye amo tei ne, a ya lage se n da dedaane amo mo se dé vo dé ke jara yam. Pwa babam bam nam wo pɛ‑m chega. 7Konto to, jwoori n vo sɔŋɔ chemm. Yé zaŋe n ke kolo na wó daane pwa bam to.”
8David ma leiri Akisi o we, “A ke bɛ mo a tusi? Nenɛɛne ko ná ye chega mo we n wo nɛ amo wo-lɔŋɔ de fenfee de, bɛ nam mo wó che se a yé tɔge a vo a ke jara a woli nmo wolo na ye a pɛ to, se dé di n dona bam?” 9Akisi ma jwoori o leiri o we, “Chega to, n totoŋa yam su amo yi. Amo maa nii nmo nenɛɛne a na nii Wɛ maleka tei to mo. De konto de, Filisi pwa badwonna bam nam mo ve, ye ba tɛ ba we, nmo bá‑n tɔge n vo n ke jara yanto. 10Konto to, jwa zezeŋa ne se á gwoni tega á zaŋe, nmo de nɔɔna balo maama na dɛ dede‑m ba ba amo tei to. Tega ná poore, pa se á kɔgɔ kom zaŋe á jwoori á viiri.”
11Tega na seene ka poore to, David de o nɔɔna bam ma gwoni tega ba zaŋe ba kwei Filisi teo chwoŋa ba maa jwoora. Filisi tiina bam de ma kɛ ba vo Jezerele.",https://www.bible.com/bible/3661/1SA.29.KBG
1 SAMUWEL 30,"David chɔge Amaleki tiina bam
1David de o nɔɔna bam na zege jara kapworo ne to, da yatɔ dɛ ne mo ba vei ba yi Zikalag. Ba ma maane we Amaleki tiina bam mo tu ba di Judah tega-kuri seeni kagoa kam maama. Ba ya tu ba ja jara dedaane Zikalag teo kom, ye ba daare ba zwɛ-ko. 2Ko ná ye teo kom kaana bam de bia bam maama, Amaleki tiina bam wo go-ba. Ba pɛ-ba mo ba ja viiri, ko woli dedaane balo maama na zoore teo kom wone to.
3David de o nɔɔna bam na jwoori to, ba ma na we ba teo kom maama zwɛ ko daare di-dwonnu mo ko zege. Ba ta ma na we dona mo tu ba pɛ ba kaana bam de ba bia, bakeiri sem de busankane sem, ba ja ba kɛ. 4David de o kwaga kɔgɔ kom ma tiini ba kaase ŋɔɔ! Ba ma keeri taa ye dam daa tere ba tei ne se ba keeri. 5Ba dona bam nam ya jaane David kaana balei bam de mo ba woli da ba ja ba kɛ. Banto ye Jezerele tiina bukɔ Ahinoam, dedaane Nabale kadeim Abigali mo. 6David boboŋa maama ma jei. Kokuri to, nɔɔna bam maama wo déem pɛ mo de ba na gɛ ba bia bam to. Ba ma ke bana se ba dole David de kandwa ba go. David ma sale Baŋa Wɛ yera ne pa se o na baare.
7David laam ma ta dedaane Wɛ kaanem tu Abiatara o we, “Kwei kaanem gare-wogo kom n ja n ba, se dé ma dé bwei Wɛ dé nii dé wó ke tetɛ mo.” Abiatara ma ja gare-wogo kom o ba o pa‑o. 8David ma bwei Baŋa Wɛ o we, “A zaŋe a pare dé dona banto na? A ná pɛ ba kwaga a pu, a wó yi-ba a ja na?” Wɛ ma leiri o we, “Ɛɛ, véi-na á zeili-ba, se á wó yi-ba. Abam nam ta wó jwoŋi á nɔɔna bam á yage.”
9David ma ja o nɔɔna bia yaredo yam se ba vo ba ja ba dona bam. Ba ma vo ba yi Besora nabara kam, ye o nɔɔna bam badwonna maŋe dáane. 10Nɔɔna bia yalei mo ware se ba bɛ ba daa vo yiga, ba na tiini ba bugi to ŋwaane. Ko daare David dedaane nɔɔna bia yana yam na daare to ma bɛ nabara kam ba maa kɛa.
11Ba na maa vei to, David nɔɔna bam badwonna ma vo ba na Ejipti tu wodwoŋi na beeri gaao kom wone. Ba ma ja‑o ba vo David tei, ye ba daare ba pa‑o wodiu se o di dedaane na se o nyɔ. 12Kapere-kora dedaane kekan-wogila bwɛ selei mo ba pɛ‑o ye o di. O na di o ti to mo o dam jwoori, kokuri to, da yatɔ maama mo o wo di wodiu ye o wo nyɔge na, wea dedaane tete maama.
13David ma bwei‑o o we, “Nmo ye wɔ nɔɔno mo? N nam nwoŋi yei mo?” Nɔn-doŋo kom ma leiri‑o o we, “Amo nwoŋi Ejipti mo, ye a laam ye Amaleki tu kabaa. Da yatɔ na kɛ to, mo a tu wom dole-ne o yage, a na weele to ŋwaane. 14Dé ya vei dé ja jara de teene delo na wo kagoa kam seeni ye Cherete tiina bam zoore da to mo, de Judah laŋa kam tega-kuri seeni, ye dé ta yi kagoa kalo Kaleb dwi tiina na wora to. Dé ma zwɛ Zikalag teo kom dé woli da.” 15David ma ta ded‑o o we, “Nmo wó wane n ja-ne n yi mɛ venverena banto na wora to na?” O ma leiri o we, “Ɛɛ, a wó sɛ a ja‑m se dé vo ba na wo mɛ to. Nam du de Wɛ yere we, n bá‑n go-ne, n nam bá‑n jwoori n kwei-ne n ke a tu wom jeŋa ne.”
16Ejipti tu wom ma ja-ba o ja o vo o yi Amaleki tiina bam na wo mɛ to. Ba déem laam jage jei sem maama ne mo. Ba maa di ba boboŋa ba daare ba nyɔ sana ye ba kwɛɛre yɔɔ. Kokuri to, wonnu telo ba na vere Filisi tiina bam de Judah tiina bam tei ne to tiini te gaale. 17Tega na lage ka yi to, David ma zaŋe ba baŋa ne. O ma lɛɛre o jeeri-ba de jara taa se ko vo ko yi tega na poore to wɛ-zoore maŋa ne. Nɔɔn-nɔɔno wo lugi, ko ná dae nɔn-donno bia yana yerane. Banto déem kwei kona mo ba di ye ba duri ba viiri. 18David ma jwoori o jwoŋi nɔɔna balo maama Amaleki tiina bam na jaane ba vere to, de ba jejegero tem maama. O ma jwoŋi o kaana balei bam de o woli da. 19Kolokolo déem wo jei. Nɔn-donno tem, de nɔn-kwe sem, de bakeiri de busankane sem maama, ko ta woli de ba jejegero tem maama, kolokolo wo daare ko maŋe ba dona bam tei ne. David déem jwoori o jwoŋi te maama. 20David ma ja vara bam maama pa se o nɔɔna bam kale-ba ba ke ba kɔgɔ kom yiga ne. Ba maa via ye ba we, “Wonnu tento maama ye David nyem mo jara yam ŋwaane.”
21David ma jwoori o vo o yi nɔɔna bia balei balo ya na bwona ye ba maŋe Besora nabara kam ni ne to tei. Banto ya ba jege dam se ba tɔge ba vo ba ja jara yam. Ba ma nwoŋi se ba jeeri David de o kwaga kam. David de ma tutwoni o yi-ba ye o daare o ware-ba dedaane wopwolo. 22Puseŋ-nyena de nɔn-yɔɔro déem maa wo David kwaga nɔɔna bam wone. Ba ma ta ba we, “Nɔɔna banto wo wane ba tɔge de debam ba vo ba ke jara yam. Konto ŋwaane, dé bá sɛ se dé pɔɔre wonnu telo dé na vere dé dona bam tei ne to dé pa-ba. Dé wó pa nɔɔno maama kwei o kaane de o bia bam yerane mo o ja o viiri!”
23David ma ta o we, “Amo nɔɔna bam, yé ke-na wo-loŋo dedaane woŋo kolo maama Baŋa Wɛ na pɛ debam to. Wonto mo kwoli debam, ye o daare o pa dé di dé dona balo ya na tu ba vere debam to. 24Abam taane dem tera. Nɔɔna bam maama wó chɛ kolo Wɛ na pɛ debam to, se ko taa mae daane. Balo na vei jara jei to, de balo na maŋe kwaga ne ba nii zela yam baŋa ne to maama wó jwoŋi ko mae daane mo.” 25Ko na zege dɛ dem konto ne to se ko ba ko yi zem, David lɛɛre o pa Isarele tiina bam tɔge ni dem konto mo.
26David ma ja kolo maama o na vere Amaleki tiina bam tei ne to, o ja o jwoori Zikalag. O ma pa ba le wonnu tem tedwonna ba ja ba vo ba pa Judah nakwa bam na ye o yuudwonna to, ye ba ta-ba ba we, “Nii-na, dé vere wonnu tento Baŋa Wɛ dona bam jeŋa ne mo. Abam de jwoŋi-na pɛɛre á ta‑á jega.” 27O déem le pɛɛra yam konto dwoŋi mo o toŋe o pa Bɛtel tiina bam, de tega-kuri kagoa kam teo Ramofa tiina bam, de Jatira tiina bam, 28ko ta woli de Arowa tiina bam, de Sifimofa tiina bam, dedaane Esetemoa tiina bam, 29de Rakali tiina bam. O ta ma toŋe pɛɛra o pa balo na zoore Jerameeli teene dem de Keni teene dem wone to, 30dedaane Horama tiina bam, de Borasan tiina bam, de Atachi tiina bam, 31ko ta woli de Heboron tiina bam. David déem toŋe pɛɛra yam se ya yi teene delo maama o de o nɔɔna bam na kare da ba kɛa ba beira kam wone to mo.",https://www.bible.com/bible/3661/1SA.30.KBG
1 SAMUWEL 31,"Sɔɔl na gɛ o ŋwea tei to
1 Tigisim 10:1-14
1Konto maama na jege ko ke to, dedaane Filisi tiina bam kwaare jara mo dedaane Isarele tiina bam. Isarele jar-keira bam ma jage sae ye Filisi tiina bam pare-ba. Ba ma go Isarele tiina bam dedɛ Giliboa peo kom yuu ne. 2Sɔɔl de o bia bam ma duri, ye Filisi tiina bam pɛ ba kwaga ba pu. Ba ma go Sɔɔl bia Jonatan, de Abinadaba, de Maliki-Sua. 3Jara yam ma tiini ya peene Sɔɔl dedɛ. O dona bam ma na‑o ye ba ta ba chena ba tɔ‑o pa ko tiini ko ke‑o zonne.
4Sɔɔl ma ta de nɔn-doŋo wolo na zei o jara zela yam to o we, “Le n se-zɔɔ kom n ma n zɔ-ne n go. Amo ba lage se Filisi nɔn-yɔɔro tento yi amo yera ba de zɔ-ne se ba mɔne-ne ba ke chaveera” Nɔn-doŋo kom maa wo sɛ se o go‑o, foone na tiini de jege‑o to ŋwaane. Konto baŋa ne to, Sɔɔl ma vaŋe o tete se-zɔɔ o le. O ma kwei-ko o moore o puga ne, ye o daare o to ko baŋa ne o te. 5Nɔn-doŋo kom na maane we Sɔɔl tege to, o de ma le o se-zɔɔ kom o to ko baŋa ne ye o de te o tigi o tu wom takeiri ne. 6Ko déem ke konto mo ye Sɔɔl de o bia batɔ bam maama tɔge daane ba te, ko woli de nɔn-doŋo wolo na zei o jara zela yam to, de o kwaga nɔɔna bam maama. Ba maama déem tega dɛ dem konto ne mo.
7Isarele tiina balo déem na zoore Jezerele bwolo kom seeni to, de balo na wo Jɔdan buga kam wɛ-puli seeni to ma lɔre we Sɔɔl de o bia bam tege mo, ye Isarele jar-keira bam maama duri ba jage. Ba na nigi konto to mo ba duri ba lage jei ba daare ba teene dem. Filisi tiina bam ma vo ba zoore de wone.
8Tega na poore to, Filisi tiina bam ma jwoori jara kapworo kom ne se ba zane ba le jejegero twa bam yera ne. Ba ma na we Sɔɔl de o bia batɔ bam tege mo ba tigi Giliboa peo kom yuu ne. 9Ba na nɛ to, ba ma gwoni Sɔɔl yuu ba le. Ba ma daare ba lɔɔre o jara zela yam na wo o yera ne to. Ba laam ma toŋe kwora se ka yi Filisi tiina teene dem maama we ba di Sɔɔl. Ba ma tɔɔle taane dem ba jwona di sem wone, de ba dwi tiina bam na wo mɛ to. 10Ko ná ye Sɔɔl jara zela yam, ba kwei-ya ba ja zo ba tiŋi ba jwoni Asetare diga kam ne mo. Ba ma daare ba kwei o yera yam ba vo ba pale Bɛte-San teo kabira kam yera ne.
11Nɔɔna balo déem na zoore Jabese Gilead ne to ma ni Filisi tiina bam na ke Sɔɔl tei maama to. 12Balo na tiini ba ye bembɛ ba wone to ma zaŋe tete ne ba vo ba yi Bɛte-San se tega laam poore. Ba ma pare Sɔɔl de o bia bam yera yam teo kom kabira yera ne. Ba laam ma ja-ya ba jwoori Jabese, ye ba daare ba zwɛ-ya. 13Ko kwaga ne mo ba lage ba kwi sem ba ke daane, ye ba kwei-se ba suli sana kadwoŋi kuri ne, Jabese teo wone. Ba ta ma di ba lwi ye ba vɔ ba nia da yarepɛ.",https://www.bible.com/bible/3661/1SA.31.KBG
2 SAMUWEL 1,"David nigi Sɔɔl na tege tei to.
1David déem di Amaleki tiina bam mo ye o daare o jwoori Zikalag. O maa maŋe da o ke da yalei dedaane Sɔɔl maŋe o te. 2David na jwoori ye ko ke da yatɔ to nɔɔno ma nwoŋi Sɔɔl jar-keira bam wone o ba o tei. Nɔɔno wom déem ya kaare o gwaaro mo, ye o daare o kwei kasolo o ma o taare o yuu o wo-chechɔgɔ kom ŋwaane. O ma yi David tei, ye o vwi o yibia tega ne o zuli‑o.
3David ma bwei‑o o we, “Nmo nwoŋi yei ne mo?” O de ma leiri o we, “Amo ya tɔge a wo Isarele jar-keira bam wone mo, ye a duri a lu jara yam wone a ba ywo-seeni.”
4David daa ma ta‑o o we, “Ta kolo maama na ke to n bere-ne.” Nɔɔno wom ma leiri o we, “Isarele jar-keira bam duri mo ba jage se ba lu. Ba dedɛ nɛ zonne mo, ba badwonna de ma te. Sɔɔl de o bu Jonatan de ma tɔge ba te.”
5David daa ma bwei nɔɔno wom o we, “N ke tɛ mo n lɔre we Sɔɔl de Jonatan seene ba te?”
6Nɔn-doŋo kom ma leiri o we, “Amo yɔɔre a zege Giliboa peo kom yuu ne mo ye a na Sɔɔl na sale o chichwei dem yera ne o zega. Ko ma maŋe dedaane dé dona bam diini ba sisein-nɔɔna de ba torokooro tem ba duri ba ma yi o tei. 7O ma pipiri o na amo ye o bwoŋi-ne se a vo a woli‑o. A ma sɛ ye a we, ‘Pɛ, nii-ne da!’ 8O ma bwei amo o we, ‘N ye wɔ mo?’. Amo ma leiri‑o a we ‘A ye Amaleki tu mo.’ 9O laam ma lwoori amo o we, ‘Fɔge n zege konto se n go-ne, se a dam maama ti, ye a toone dem bwola mo.’ 10O na tage konto to, a ma lɛɛre a go‑o, bɛŋwaane a lɔre we ko tiini ko ni‑o ye o daa bá wori. A laam ma dɔne paare yipuga kam na wo o yuu ne to, ye a daare a le o jeŋa baŋa kam, se a ja a ba a pa‑m. Amo tu, nii-te da.”
11David na nigi konto to, o wo déem ma chɔge. O ma ja o na zo gwaaro telo to o vaŋe o kaare. O nɔɔna bam maama de ma ke konto. 12Ba ma lɛɛre ba keeri taa ye ba vɔ ni se ko vo ko yi dedaan-ni maŋa. Ba wo déem chɔge dedɛ Sɔɔl de o bu Jonatan toone dem ŋwaane, dedaane Baŋa Wɛ tete nɔɔna bam maama ŋwaane, de Isarele tiina bam dedɛ na tege jara yam wone to ŋwaane.
13David daa ma bwei nɔn-doŋo kolo na jaane kwora kam o ba o pa‑o to o we, “Nmo nwoŋi yei ne mo?” O de ma leiri o we, “A ye Amaleki tu mo, ye a laam zoore Isarele tega kam ne.”
14David laam ma bwei‑o o we, “Bɛ mo tu n yuu ne pa se n ma n jeŋa n go Baŋa Wɛ na kuri wolo se o taa ye Pɛ to? Foone ba jege‑m na?” 15O ma bwoŋi o nɔɔna bam dedoa o pa‑o ni o we, “Zɔ‑o n go!” O de ma seene o vo o zɔ Amaleki tu wom o go. 16David nam ya tage de Amaleki tu wom mo o we, “Nmo toone dem ye n tete yiga mo. N mɛ n ni mo n ŋɔɔne n ve n tete bora, de n na we, nmo mo go Pɛ wolo Baŋa Wɛ na kuri to.”
David keeri Sɔɔl de Jonatan toone
17David déem laam ma leeni luseim leiŋa se o ma o guli Sɔɔl de Jonatan gula. 18O ta ma pa ni se ba kwei-ka ba bere Judah tiina maama. O ma bwoŋi leiŋa kam we ‘Taŋa Baŋa Leiŋa.’ Leiŋa kam konto popone ka tiŋi Jasare tɔnɔ kom wone mo. O maa we:
19“Isarele tiina bam,
dé bembɛ sem to dé peero tem yuu ne ba te.
Nii-na dé jar-keira dedɛɛra bam na tiini ba to tei!
20Yé ta-na taane dento se Gafa tiina ni.
Yé tɔɔle-na-de Asekelon teo kom pwooni ne.
Filisi tiina kaana ná nigi-de,
ba wó taa chake mo de wopwolo.
Balo na yeiri Wɛ to wó taa mɔna.
21Giliboa peero tem,
Wɛ bá sɛ se nyɔnɔ daa to á yuu ne.
Doa de nam daa bá ne.
Abam kare sem daa bá ke wodiiru.
Kokuri to, dáane mo babɛ sem jara zela yam maŋe teero wone.
Ba daa ba lage ba lwo nuga
ba ma taare Sɔɔl jara-keim nantana kam.
22Jonatan déem ná tage o taŋa,
o dona wó siiri mo bare-bare,
ba ze ná maŋe ba ye babɛ tei de.
Sɔɔl de ná le o se-zɔɔ,
wonto wó mage o dona mo o de,
ye ko bá jwoori kafɛ.
23Sɔɔl de Jonatan,
nɔɔna déem jege ba swono dedɛ!
Ba ŋwea wone, ba ye daane mo,
ba ta ma tɔge daane ba te.
Ba tiini ba wara ba dwoi maaro,
ye ba ta dana ba dwoi nywonnu.
24Isarele tiina kaana bam,
ta‑á keeri-na Sɔɔl toone dem ŋwaane!
Se o déem pɛ se á zo gare-laaro telo na ke sabu dedɛ to mo.
O ta ma kwɛ á gwaaro tem dedaane sabu-seŋa wonnu.
25Nii-na jar-keira bembɛ sem na to jara tetare ne tei!
Jonatan ma te o tigi peero tem yuu ne.
26Amo choro Jonatan,
a wo tiini ko chɔge nmo ŋwaane.
Nmo tiini n jege lonne n pa-ne!
Swono kolo nmo na jege n pa amo to
dwoi nɔɔno de o kaane swono na ye tei to.
27Nii-na jar-keira bembɛ sem na to jara wone tei!
Ba jara zela yam daa ba jege kuri!”",https://www.bible.com/bible/3661/2SA.1.KBG
2 SAMUWEL 2,"David jigi Judah tiina pɛ
1Konto kwaga ne, David ma bwei Baŋa Wɛ o we, “A jwoori Judah laŋa kam se a vo a taa zoore ba teene dem dedoa ne na?” Baŋa Wɛ ma leiri‑o o we “Ɛɛ, véi.”
David daa ma bwei‑o o we, “Teo kɔ mo a nam wó vo?” Baŋa Wɛ maa we, “Véi Heboron.”
2David ma zaŋe o vo Heboron se o taa zoore da, o de o kaana balei bam, Ahinoam dedaane Abigali. Ahinoam nam ya nwoŋi Jezerele ne mo, Abigali maa ye Kamele tu Nabale kadeim wom. 3David nɔɔna bam de ba sɔŋɔ tiina maama de déem ma tɔge ded‑o ba vo ba zoore Heboron teo kom de ko nawuura yam wone. 4Judah tiina nakwa bam ma vo Heboron ne, ye ba lwo nuga David yuu ne ba tiŋi‑o se o taa ye Judah tiina pɛ.
David ma ni we Jabese Gilead tiina mo kwei Sɔɔl ba suli. 5David ma toŋe nɔɔna ba tei ne de kwora kanto ye o we:
“Baŋa Wɛ wó swɛ abam swolim, de á na bere á pɛ wom chega á kwei‑o á suli to. 6Amo nam sɔɔle Baŋa Wɛ mo a pa abam se o de bere abam chega, o daare o ke abam lanyerane. Á keim-laao konto ŋwaane amo de wó ke abam lanyerane. 7Sɔɔl na tege to, nam ta jege-na baare, se á daare á ta‑á dana! Lɔre-na we Judah tiina bam tiŋi-ne mo se a taa ye ba pɛ.”
David sɔŋɔ kom dedaane Sɔɔl sɔŋɔ kom tetare jara yam taane
8Nera bu Abenera déem mo ye Sɔɔl jar-keira bam yiga tu. Sɔɔl na tege to, Abenera ma ja Sɔɔl bu Isi-Bosefa o bɛ Jɔdan buga kam o lu o vo Mahanayim. 9Abenera ma pa se Isi-Bosefa di paare Gilead teene dem baŋa ne, de Asuri tiina baŋa ne, de Jezerele jei sem baŋa ne, ko ta woli de Efrayim dwi tiina bam, de Benjamin dwi tiina bam, dedaane Isarele tiina badaara bam maama baŋa ne. 10Isi-Bosefa déem jege bena finna mo ye o bobo se o di paare. O ma jeini paare dem wone bena yalei.
Ko daare Judah dwi tiina bam ma pa David chega se o taa ye ba pɛ. 11David ma maŋe Heboron ne o di paare Judah tiina bam baŋa ne bena yarepɛ de chichworo.
12Dɛ dedwe Abenera de Isi-Bosefa dedɛɛra bam ma zege Mahanayim ne ba vo Gibeon. 13Zeruya bu Joaba de déem ma ja David dedɛɛra bam o vo o jeeri Abenera de o nɔɔna bam Gibeon bula kam ne. Nɔɔno maama de o jar-keira maa wo bula kam bubɛ ne, kɔgɔ dedoa wo bula kam daa kadwoŋi ne ye kɔgɔ kodwoŋi wo ka daa kakam kam ne pa se ba jeini ba jeeri daane. 14Abenera ma ta de Joaba o we, “Le n jar-keira bam wone nɔɔno dedoa dedoa se amo de le dedoa dedoa. Banto maa wó jeeri daane ba jaŋe balei balei se dé nii.” Joaba ma sɛ.
15Ba ma le Benjamin dwi dem nɔɔna fuga-balei na ye Isi-Bosefa kwaga nɔɔna to se ba nwoŋi ba jeeri David nɔɔna fuga-balei dedaane jara. 16Ba balei balei na wo jara yam wone to, ba maama ma ja da yu-ywei. Ba laam ma kwei se-zɔɔro ba moore da sɛ ne, ye ba go daane. Ko dɛ konto mo ye nɔɔna finlei-bana bam maama te. Ba ma pa jei sem konto yere we, ‘Se-zɔɔro Kapworo’. 17Ko na tu ko chɛ to, nɔɔna bam maama ma lɛɛre ba zo jara wone. David jar-keira bam ma di Abenera de Isarele jar-keira bam.
18Zeruya bia batɔ bam, Joaba, de Abisayi, de Asaheli déem tɔge ba wo jara yam wone. Ko ná ye Asaheli, wonto déem wara o dwoi feira. 19O ma zaŋe o yɔɔre o pare Abenera se o ja. O maa wo sɛ se o tɔge wo-gaa. 20Abenera ma pipiri o na‑o ye o we, “Asaheli, nmo mo pare-ne konto na?” O de ma leiri o we, “Ɛɛ! Amo mo pare‑m.”
21Abenera daa ma ta‑o o we, “Nam yage amo se n vo n beeri nɔn-doŋo kodwoŋi n pare. N ná jaane kotu, se n jwoŋi o jara zela yam n ta‑n tei.” Asaheli ma ve se o yage Abenera zeilim.
22Abenera daa ta ma kaane‑o ye o we, “Yé ta‑n pare-ne se n ja! Amo ba lage se a fere‑m a de tega ne a go. Nmo ná fe-ne se a go‑m, a daa bá wane n zembaaro Joaba yibia a nii.” 23Asaheli nam wo sɛ se o jwoori kwaga. Abenera ma kwei o chichwei dem nabili seeni o tɔ Asaheli puga ne de dam pa se de moore da ye de kɛ de nwoŋi o kwaga ne. Asaheli ma to tega ne o te. Wolo maama na tu o yi mɛ Asaheli na tege o tigi to, kotu wó maŋe dáane mo o zege.
24Joaba de Abisayi laam ma zeili Abenera se ba ja. Wɛ-zoore maŋa ne mo ba yi Amma zwoŋo kom seeni. Jei sem konto wo Gibeon kagoa kam chwoŋa ne mo, mɛ na bwola de Gia to. 25Abenera ma la Benjamin jar-keira bam o ke daane zwoŋo kodwoŋi yuu ne. Ba ti ba yiga mo se ba ke jara. 26Abenera ma tɔɔle o bwoŋi Joaba o we, “Dé lage dé ja jara taa dé go daane dé vo dé yi yei ne mo? N bá‑n pa dé yage konto na? N wo maane we ko kweelim jei wó taa ye wo-chechɔgɔ yerane mo na? Debam maama na ye chorro daane to, nmo bá‑n ke lela n ta de n nɔɔna bam se ba daa yé zeili debam na?”
27Joaba ma sɛ ye o we, “Amo dugi Ŋwea Tu Wɛ wom yere ŋwaane, nmo ya ná wo tage tento, a nɔɔna bam ya wó kwei tete dem maama ba ma zeili abam ba ja mo.” 28Joaba ma le o nabɔnɔ kom o wu pa se o nɔɔna bam maama zege. Ba ma yage Isarele tiina bam parem. Ba daa wo mage jara dedaane-ba.
29Tete dem konto maama Abenera de o jar-keira bam ma vo ba tɔge Jɔdan bwolo kom ne ba kɛ. Ba ma vo ba bɛ Jɔdan buga kam. Tega na poore to, ba ta maa vei taa, ba vo ba yi Mahanayim.
30Joaba na yage Abenera zeilim to, o ma zaŋe se o jwoori sɔŋɔ. O ma jeeli o nɔɔna bam ni ye o maane we ba fuga-nogo mo woli Asaheli wone ye ba tera. 31David jar-keira bam nam ya go Abenera nɔɔna bam bia yatɔ dedaane fuseredo mo na ye Benjamin dwi dem tiina. 32Joaba de o nɔɔna bam ma ja Asaheli yera yam ba vo Bɛtelehem. Ba ma suli‑o o kwo yibeeli dem wone. Konto kwaga ne, mo ba vei konto taa tete dem maama wone. Te-pora ni ne ba ma yi Heboron.",https://www.bible.com/bible/3661/2SA.2.KBG
2 SAMUWEL 3,"1Tigura déem ma lɛɛre ka peini Sɔɔl diga kam de David diga kam tetare ne ka dáane. David diga kam ma yɔɔre ka nae dam dɛ maama ka woli da, ko daare ye Sɔɔl diga tiina bam bwom dɛ maama.
2David ta na wo Heboron ne to, mo o loge o bia baredo banto:
O bu-kwea kam mo ye Aminon. Wonto nu maa ye Jezerele tiina bukɔ Ahinoam.
3Chileabi ma saŋe. O nu ye Abigali mo, o na ye Kamele tu Nabale kadeim wom to.
Abisalom maa ye o bia batɔ tu. O nu déem ye Gesura teo pɛ Talimayi bukɔ Maaka mo.
4Adonija maa ye o bia bana tu. O nu ye Hagifa.
Sefatia maa ye bia banu tu. O nu ye Abitali.
5David bia baredo tu maa ye Ifream. O de nu déem ye Egela mo.
Mo bia balo David na loge Heboron ne to.
Abenera gɔge o zo David kɔgɔ kom wone
6Maŋa kalo tigura kam na tigi Sɔɔl diga kam de David diga kam tetare ne to, Abenera ma ba o jege dam dedɛ Sɔɔl kwaga nɔɔna bam maama wone. 7Sɔɔl nam ya jege o ka-bia wodwoŋi, o yere na ye Rizapa. Wonto maa ye Aya bukɔ. Dɛ dedwe Sɔɔl bu Isi-Bosefa ma ta de Abenera o we, “Bɛ mo ke ye n vo n peini de a kwo ka-bia kam?”
8Isi-Bosefa taane dem ma fuli Abenera wo dedɛ. O ma leiri‑o o we, “Nmo pɛ chega we amo ye bebare nyem mo na? Amo wó yeigi Sɔɔl kwaga nɔɔna bam a ke Judah tiina jeŋa ne na? De zem maama, a tiini a kwei a chega maama mo a pa n kwo Sɔɔl, de o diga tiina dedaane o badwonna maama. Amo nam mo chege David pa se o ta wo di nmo, ye n laam kwei kaane wonto taane n ja n jeeri-ne. 9-10Baŋa Wɛ déem gwoni ni o tiŋi de David o we, o wó jwoŋi paare dem Sɔɔl dwi dem tei ne o pa David. Wɛ nam wó pa se a na a lɛɛro, nenɛɛne a ná wo pɛ se ni-gwonim dem konto ji chega. Amo laam wó woli David se o di paare Judah tiina de Isarele tiina bam maama baŋa ne, ko na zege Dan laŋa kam seeni se ko yi Beeriseba to.” 11Isi-Bosefa ma ga ni se o puri de Abenera, o na tiini o kɔre‑o to ŋwaane.
12Abenera ma toŋe nɔɔna David tei ne o we, “Teo kom maama ye wɔ nyem mo, ye ko dae nmo? Nam sɛ se nmo de amo ke ni-sɛɛm daane, se a ja Isarele tiina bam maama a ba a ke n kwaga ne.” 13David ma jwoori o leiri‑o o we, “Nmo taane dem lamma. N nam ná lage se dé fɔge dé ke ni-sɛɛm daane, se n ná beene, se n ja Sɔɔl bukɔ Mikaale n jwoori n ja n ba n pa-ne.”
14David ma daare o toŋe nɔɔna Isi-Bosefa tei ne o we, “Jwoori n pa-ne a kaane Mikaale. A déem go Filisi tiina bi mo se a wane‑o a di a ma ke a kaane.”
15Mikaale déem nam ya zo Layisi bu Paliteli mo. Isi-Bosefa ma pa ba vo ba jwoŋi Mikaale o tei ne. 16Ba na maa kɛ to, Paliteli ma tɔge Mikaale kwaga ye o keeri taa o vo o yi Bahurim teo kom. Abenera ma bage‑o o we, o jwoori sɔŋɔ! O ma pipiri o jwoori.
17Abenera ma vo Isarele nakwa bam tei o ta de-ba o we, “Maŋa kalo abam na boŋe se David taa ye á pɛ to, ko dae zem. 18Chwoŋa laam tiga se á ke á boboŋa na lage tei to. Nam yé swei-na we Baŋa Wɛ ya maŋe o gwoni ni se o tɔge o tontoŋeno David baŋa ne o jwoŋi o nɔɔna Isarele tiina bam o yage Filisi tiina bam de dé dona maama jeŋa ne mo.”
19Abenera tete ma vo o ŋɔɔne de Benjamin dwi tiina bam. O laam ma daare o vo Heboron se o lwoni kolo na ke to o bere David, se o taa yei Isarele tiina de Benjamin tiina bam maama na boŋe se ba ke tei to. 20Abenera ma ja nɔɔna finlei o ke o kwaga ne ye ba vo Heboron. Ba na yi da to, mo David pɛ se ba ke kuri kamunu ba pa-ba. 21Ko kwaga ne mo Abenera déem tage de David o we, “Pɛ, pa-ne chwoŋa se a vo a la Isarele tiina bam a ke daane se ba jeeri‑m. Ba laam maa wó ke ni-sɛɛm dede‑m se n ta‑n ye ba pɛ, n di paare tega kam maama ne, ne n boboŋa na lage tei to.” David ma bane Abenera o yage chwoŋa ne, pa o jwoori o viiri de o yazura.
22Joaba de David jar-keira bam déem ya vei jara keim ne mo. Ba ma vere jejegero dedɛ ba dona tei ne ba ja jwoori sɔŋɔ. Ba na yi Heboron to dedaane Abenera daa tera. O de David ŋɔɔne ba ti mo, ye pɛ wom pa se o viiri de o yazura. 23Joaba dedaane o kwaga kam na yɔɔre ba yi to, mo nɔɔno tage‑o o we, “Nera bu Abenera ya tu ywo-seeni o na Pɛ, ye o pa o jwoori o viiri de o yazura.”
24Joaba ma vo o zo David tei ye o we, “Abenera na tu nmo tei to, bɛ mo ye n yage‑o pa se o jwoori o viiri mɔle mɔle? 25Nmo maŋe n yei Abenera na ye wolo. O tu se o ŋɔ n swa mo o nii, se o lɔre n na-veili dedaane kolo maama n na jege n ke to.”
26Joaba ma nwoŋi da David tei ne, ye o vo o toŋe nɔɔna Abenera kwaga ne se ba ja‑o ba jwoori. Ba ma beeri‑o ba na Sira vole dem seeni. Ba ma ja‑o ba jwoori, ye David yeiri ko ni ne. 27Abenera na jwoori o vo o yi Heboron to, mo Joaba jaane‑o o fɔɔre o vo gugworo kodwoŋi ne, teo kom manchwo-peo ni ne. O ma ke nenɛɛne o lage se ba bwɛ woŋo mo daane. Dáane mo o zɔge‑o o puga ne o go, se ko ŋwe Abenera na go wonto choro Asaheli to jene.
28David déem na tu o lɔre we Joaba go Abenera to, o maa we, “Baŋa Wɛ wó zege amo kwaga ne we amo de a nɔn-bia bam maama yiga tera Abenera toone dem wone. 29Abenera toone dem jene wo Joaba de o sɔŋɔ tiina baŋa ne. Wɛ wó pa se Joaba dwi dem maama wone, jaweero dwi dwi yé fɔge te ti se ko taa vei wuu. Ŋɔn-pwoni wó le ba badwonna yera ne. Ba badwonna wó taa ye naywanno, de gwaaro. Ba badwonna wó te jara keim wone. Ba badaara wó ga wodiu se ba di.”
30Ko déem dɛ konto mo ye Joaba de o nyaane Abisayi paale ba go Abenera. Ko nam ye o de déem na go ba choro Asaheli Gibeon jara yam ne to ŋwaane mo ba ke konto.
31David ma ta de Joaba de o nɔɔna bam maama o we, “Á maama kaare-na á gwaaro, se á daare á zo gare-nyenyaaro wo-chechɔgɔ ŋwaane. Dé jege se dé di Abenera lua mo.” David tete ma pɛ Abenera na wo gandwa yalo baŋa ne to kwaga o pu. 32Ba ma kwei Abenera ba suli Heboron wone. David ma maŋe o yibeeli dem ne o keeri dedɛ. Nɔɔna bam maama de ma tiini ba keeri. 33David déem dɛ ko ŋwaane o leeni luseim leiŋa kanto Abenera baŋa ne o we:
“Abenera ye nɔn-jworo mo,
pa se o te toone dento dwi na?
34Abenera, ba wo vɔge n je sem.
Ba nam wo mɛ chaponno ba vɔ n nɛ de.
Nmo yɔɔre n te nɔn-gora jeŋa ne mo!”
David na leeni leiŋa kam konto to, nɔɔna bam maama daa ma to keira ne. 35Ba ma kwaane se ba kwoori David se o jwoori o di wodiu dɛ dem konto ne. O ma ve ye o du duuri o we, “Amo ná di wodiu ye wɛ wo zo, se Wɛ pa lɛɛro yi-ne!”
36Nɔɔna bam na maane David na ke tei konto to, ba ma sɛ de wopwolo. Ba wo yeini ko da kolo maama pɛ wom na ke to mo. 37Dento dɛ dem ne, Judah tiina bam de Isarele tiina bam maama ma lɔre we, Abenera na tege to, ko dae David yiga.
38David déem ma ta de o nɔɔna bam o we, “Abam wo maane we Isarele tiina nɔn-kamunu zem mo tege na? 39Amo zem ye Pɛ wolo Wɛ na kuri to mo. De konto de, a nam tiini a bwona mo lage-lage. Zeruya bia balei bam konto tiini ba dana se a wane-ba a che. Baŋa Wɛ nam mo wó waare-ba se ko maŋe de ba totoŋ-lwanno tem!”",https://www.bible.com/bible/3661/2SA.3.KBG
2 SAMUWEL 4,"Ba na go Isi-Bosefa tei to
1Sɔɔl bu Isi-Bosefa déem ma ni we ba go Abenera Heboron wone. O vɔna ma pare, ye foone de zo Isarele tiina bam maama ko ŋwaane. 2Isi-Bosefa déem jege jar-keira yiga tiina balei na ye Beerofa tu Rimon bia. Ba yera maa ye Baana de Rekabi. Ba ye Benjamin dwi tiina mo. Ba déem jeeli Beerofa teo kom ba ke Benjamin laŋa kam wone mo. 3Kokuri to, balo déem ya na zoore Beerofa ne to duri mo ba vo ba zoore Gitayim teo ne. Ba nam ye veira mo teo kom konto ne de zem maama.
4Sɔɔl bu Jonatan déem jege bu o yere na ye Mefibosɛfi. O maa ye gɔrɔ. Maŋa kalo o na jege bena yanu to, mo ba jaane Sɔɔl de Jonatan lua taane ba nwoŋi Jezerele teo wone ba ba. Ba na nigi to mo kaane wolo na jege Mefibosɛfi o nii to kwei‑o se o ja o duri o lu. O na tiini o lage lela to, bu wom ma vere o jeŋa ne o kwori o to tega ne pa se o ji gɔrɔ.
5Dɛ dedwe wea kam na tiini ka dana to, mo Isi-Bosefa tigi o diga ne o sia. Rimon bia Rekabi de Baana ma vo ba yi o sɔŋɔ kom. 6-7Ba ma zo sɔŋɔ kom wone ba ke nenɛɛne ba lage ba beeri muni mo. Ba ma zo o diga kam wo de o tigi o dɔ mo o gadwogo baŋa ne. Ba ma kwei seo ba zɔ o puga ne ba go. Ba ma gwoni o yuu, ye ba ja-ko ba jwoori ba liisi ba viiri. Tete dem konto ne, ba ma yɔɔre ba kwei Jɔdan bwolo chwoŋa kam ba vo taa ba poore tega. 8Ba ma ja Isi-Bosefa yuu kom ba vo Heboron. Ba ma zo Pɛ David tei ye ba ta ded‑o ba we, “Nii, nmo dono Sɔɔl bu Isi-Bosefa yuu mo tento. Sɔɔl déem kwaane se o go nmo mo, ye zem dɛ dento Baŋa Wɛ ŋwe n jene Sɔɔl de o dwi dem maama baŋa ne o pa‑m.”
9David ma leiri Rekabi de o nyaane Baana o we, “Ŋwea Tu Baŋa Wɛ ye wolo na jwoŋi amo o yage cham maama wone to mo. Amo nam dugi wonto yere ŋwaane we, á maŋe se á te mo! 10Nɔɔno wodwoŋi déem tu o ta de amo we Sɔɔl tega. Kotu ya boŋe we ta-laao mo o tage o bere-ne se o jwoŋi ŋweero de ŋwaane. A ma pa se ba ja‑o ba go Zikalag ne se ko taa ye o ŋweero! 11Abam nam zo nɔn-ŋom diga á go‑o o peiga jei ne ye o dɔa. Á na toŋe puseŋa kikia yalo to, ko wó taa ye tɛ mo á yera ne? Amo dugi we amo de wó go abam mo se ko leiri nɔɔno wom toone dem yuu ne, pa se á yera jei logo baŋa ne.”
12David ma pa o nɔɔna bam ni se ba go-ba. Ba ma go-ba ye ba daare ba gwoni ba je de ba nɛ. Ba ma kwei ba yera yam ba vo ba pale ba yage Heboron buga kam ni ne. Ba ma daare ba kwei Isi-Bosefa yuu kom ba ja ba vo ba suli Abenera yibeeli dem na wo Heboron ne to wone.",https://www.bible.com/bible/3661/2SA.4.KBG
2 SAMUWEL 5,"David jigi Isarele tiina bam maama pɛ
1Isarele dwi tiina bam maama déem vei Heboron mo. Ba ma ta de David ba we, “Nii mo. Debam maama dedaane nmo ye yera dedoa de jana dedoa mo. 2Faŋa ye Sɔɔl ta ye debam maama pɛ to, nmo mo ye wolo na tɔge dé yiga pa se dé vei dé ke jara de dé dona to. Baŋa Wɛ nam ya maŋe o ta de nmo o we, ‘Nmo mo wó ji a nɔɔna Isarele tiina bam yuu tu ye n nii ba baŋa ne ne nayero tei.’ ”
3Konto to, Isarele nakwa bam maama déem jeeri Pɛ David tei ne Heboron ne mo. Baŋa Wɛ yiga ne mo David ke ni-sɛɛm de-ba. Ba laam ma lwo nuga o yuu ne se o taa ye Isarele tiina bam maama pɛ.
4David déem jege bena fintɔ mo ye ba tiŋi‑o se o ji pɛ. O ma di paare dem bena finna. 5O ya jeini Heboron ne o di paare Judah dwi tiina baŋa ne bena yarepɛ de chichworo mo, ye o daare o vo o jeini Jerusalem ne o di Isarele tiina dedaane Judah tiina maama paare bena fintɔ-yatɔ.
David na di Jerusalem tei to
1 Tigisim 11:4-9
6Jebusi tiina déem mo zoore Jerusalem teo kom ne. David dedaane o jar-keira bam ma zaŋe ba vo Jerusalem se ba ke jara de Jebusi tiina bam. Nɔɔna bam konto maa wo jeeli we David wó wane o di ba teo kom. Mo kokuri ba déem mɔne‑o ye ba ta ba we, “Lilwoa de gwane tete wó wane ba che abam se á yé zo ywo-seeni.” 7De konto de, David wane Zion o di. Ko déem ye teo kom dam jeiga mo. Nɔɔna laam maa jege jei sem konto ba bwoi we, ‘David teo’.
8Dɛ dem konto ne David déem tage de o nɔɔna bam o we, “Nɔɔno ná boŋe se o wane Jebusi tiina bam, konto tu wó tɔge peo bɔɔne na-chwoŋa kam mo o zo teo kom o yi-ba. Amo tiini a chuli-ba, de ba na maŋe ba ye gwane de lilwoa to!” Konto ŋwaane nam mo ba tɛ ba taane ba we, ‘Lilwoa dedaane gwane bá na chwoŋa se ba zo pɛ sɔŋɔ kom wo.’
9David na di teo kom dam jeiga kam to, mo o lɛɛre o maŋe da o zoore ko wone. O ma bwoŋi ko yere we ‘David teo’. O ma zege mɛ tega kam na suuri ka maŋe daane to o jwoori o lɔ teo kom o zege o kaage jeiga kam maama. 10David dam dem déem ma fɔge de puli de ke da, Paŋwa Tu Baŋa Wɛ wom na wo o tei ne to ŋwaane.
11Tura teo Pɛ Hiram déem ma toŋe nɔɔna David tei ne se ba ke pipiu daane. O ma pa se ba ja Sedare da-kwollu ba vo ba pa‑o. O ta ma pa se gwaro, de kandwa-cherena tɔge ba vo, pa se ba lɔ pɛ sɔŋɔ ba pa David. 12David ma lɔre we Baŋa Wɛ mo seene o pa se o di Isarele teo paare, ye o ta daare o pa se o paare dem fɔge de puli lanyerane Wɛ tete nɔɔna Isarele tiina bam ŋwaane.
13David na zege Heboron ne o vo o zoore Jerusalem ne to, mo o daa ta swo ka-bi dedɛ o woli o kaana bam wone. Ba ma lo bia dedɛ, bakeiri de busankane, ba pa‑o. 14Bia balo David na loge Jerusalem ne to yera mo tento:
Sammua, de Sobabi, de Natan, de Solomon, 15de Ibihara, de Elisua, de Nefega, de Jafia, 16de Elisama, de Eliada, dedaane Elifeleti.
David di Filisi tiina bam
17Filisi tiina bam déem ma ni we ba tiŋi David se o taa ye Isarele tiina pɛ. Ba ma la ba jar-keira bam maama ba ke daane ba vo ba beeri o jeiga se ba ja. David ma lɔre ko ni ne ye o nwoŋi teo kom ne o vo o seigi dalem jei sem ne. 18Filisi tiina bam ma ba ba yi Refayim bwolo kom. Ba ma maŋe da ba faare jei sem maama. 19David ma bwei Baŋa Wɛ o we, “A véi a jeeri Filisi tiina bam de jara, se nmo wó ke-ba a jeŋa ne na?” Baŋa Wɛ ma leiri‑o o we, “Ɛɛ, zaŋe n vo n jeeri-ba, se amo wó seene a ke-ba n jeŋa ne.”
20David ma vo o yi Baal Perazim o jeeri Filisi tiina bam. O ma wane-ba o di. O laam ma ta o we, “Baŋa Wɛ mage o pore a dona bam baŋa ne mo o zeili-ba, nenɛɛne na na mage ba pore tei to.” Ba ma lɛɛre ba jege jei sem konto ba bwoi we ‘Baal Perazim’. 21Dáane mo Filisi tiina bam duri ba daare ba jwona yam ba yage. David de o nɔɔna bam ma pɛ-ya ba ja ba viiri.
22Ko na ke da fenfee to, Filisi jar-keira bam daa ta ma jwoori ba ba ba faare Refayim bwolo kom maama. 23David daa ma bwei Baŋa Wɛ se o lɔre o na wo ke tei to. Wɛ ma ta o we, “Nmo ná jeeri-ba, se n yé yɔɔre ba yiga vekke. Nam kaare n tɔge Balesam teeni dem n kekare dáa kadwoŋi kam ne n yi ba kwaga seeni. 24Ta‑n nii teeni dem yuu ne. Nmo ná tu n ni ko dɔna de baŋa ne, se n laam zaŋe n jeeri-ba. Ko bere we amo Baŋa Wɛ tete mo dɛ á yiga se a jeeri Filisi tiina bam de jara se a di-ba.”
25David ma seene o ke kolo Baŋa Wɛ na bere‑o se o ke to. Ko ma pa se o wane Filisi tiina bam o di. O ma zege Gibeon ne o pare-ba o vo o yi Gezere.",https://www.bible.com/bible/3661/2SA.5.KBG
2 SAMUWEL 6,"Ba jaane Wɛ ni-gwonim dakaa kam ba vo Jerusalem
1David déem kuri Isarele jar-keira balo na yei jara laŋa chekke to morro fintɔ mo se ba la daane. 2O ma da ba yiga se ba vo Judah teo Baala, se ba daare ba ja Wɛ ni-gwonim dakaa kam ba jwoori Jerusalem. Dakaa kam konto nam wora Paŋwa Tu Baŋa Wɛ yere ŋwaane mo. Wonto di paare cherubi sem tetare laŋa ne, se na zege dakaa kam baŋa ne to. 3Dakaa kam nam ya wo Abinadaba sɔŋɔ ne mo. O sɔŋɔ kom de déem maa wo zwoŋo yuu ne. Ba ma vo ba kwei-ka ba daŋe nabɛ toroko-doŋo baŋa ne. Ba laam ma siseiri ba tu zwoŋo kom kuri ne. Abinadaba bia balei Yuza de Ahio maa tɔge toroko kom ye ba yere-ko. 4Ahio maa wo ko yiga ne o via. 5David de Isarele dwi tiina bam maama ma leeni lei ba seini Baŋa Wɛ de ba dam maama. Ba ta maa jege kwanno, de senyɛ, de gungwei, dedaane kwɛɛra zela dwi dwi ba kwɛɛre ye ba daare ba sae ba tɔge kwaga.
6Ba ma vo ba yi Nakon na yeini o fere o mena mɛ to. Nabɛ sem ma gare se tete se lage se to. Yuza ma zi Wɛ ni-gwonim dakaa kam se o pa ka fɔge ka zege. 7Baŋa Wɛ bane ma tiini de zaŋe Yuza baŋa ne, o na wo sɛ se o tɔge dakaa kam chullu tem to ŋwaane. Nɛ sem konto ni ne, o ma mage Yuza dakaa kam teiŋa ne o go. 8David wo ma fuli dedɛ de Baŋa Wɛ na tɔge o ban-zɔŋɔ kom baŋa o go Yuza to ŋwaane. Konto ma pa o bwoŋi jei sem konto yere we, ‘Pɛrezi Yuza.’ Mo jei sem yere de zem maama.
9Keim dem konto ma pa se David kɔre Baŋa Wɛ. O ma bwɛ o we, “Amo wó ke tɛ mo a na chwoŋa se a wane a ja Baŋa Wɛ ni-gwonim dakaa kam a ba a tei?” 10O daa maa wo sɛ se o ja-ka o ja o vo o zo Jerusalem teo wone. O ma lɛɛre o pa se ba ywori ba ja-ka ba vo Gafa tu Obed-Edom sɔŋɔ. 11Baŋa Wɛ ni-gwonim dakaa kam ma maŋe Obed-Edom sɔŋɔ ne chane setɔ. Ka na wo dáane to, Baŋa Wɛ ma swɛ wonto de o sɔŋɔ tiina maama swolim.
12Nɔɔna ma ta ba bere Pɛ David ba we, “Wɛ ni-gwonim dakaa kam na wo Obed-Edom sɔŋɔ ne to, Baŋa Wɛ swɛ o swolim lanyerane. O wonnu maama de ma vo yiga.” David laam ma vo Obed-Edom sɔŋɔ o vo o ja dakaa kam o ja o ba Jerusalem teo wone de wopwolo dedɛ. 13Nɔɔna balo na zeŋe dakaa kam to na gɔge naba-laara yaredo to, David ma pa ba zege. O ma go nabea dedaane na-paale o ke kaanem o zuli Baŋa Wɛ. 14David nam ya zo gare-wogo kolo ba na mɛ gare-fefale ba sɔ to mo. O maa tiini o sae de o dam maama se o zuli Baŋa Wɛ. 15Wonto de Isarele tiina bam maama ma ja Baŋa Wɛ ni-gwonim dakaa kam ba jege ba zoore Jerusalem wone. Ba na tiini ba jege wopwolo to, ba maama ma ke sɔɔ ye ba wui nabwanno.
16Ba na yɔɔre ba jege Baŋa Wɛ ni-gwonim dakaa kam ba zoore Jerusalem teo wone tei to mo, Sɔɔl bukɔ Mikaale tɔge o takworo seeni o nii o na kɔgɔ kom. O maa na nɛ Pɛ David na faŋe ye o sae o zuli Baŋa Wɛ tei to, o ma chweese‑o o bochare ne.
17David déem ya maŋe o chwi vwei dedwoŋi Baŋa Wɛ dakaa kam ŋwaane. Ba laam ma kwei dakaa kam ba zege vwei dem wone. David ma go vara o ke kaanem o zwɛ o pa Baŋa Wɛ, ye o daare o ja yazura pɛɛra o ba se o ma o zuli‑o. 18O na ke kaanem dem o ti to, o laam ma kwei Paŋwa Tu Baŋa Wɛ yere dem o ma o sɔɔle Wɛ swolim o ke nɔɔna bam yuu ne. 19O ta ma pa se ba chɛ wodiiru tem ba pa Isarele tiina kɔgɔ kom maama, baara de kaana. Nɔɔno maama ma jwoŋi bworobworo dedoa, de nɔn-wɔa, de kekan-wogila bɔŋa dedoa. Ba laam ma jage ba vo ba sam.
20Konto maama na ti to, David ma jwoori o tete sɔŋɔ se o sɔɔle Wɛ swolim o yage o sɔŋɔ tiina bam yuu ne. Sɔɔl bukɔ Mikaale ma jeeri‑o chwoŋa ne ye o we, “Nmo wolo na ye Isarele tiina Pɛ wom to zem yage n tete chekke! Nmo tiini n toŋe jworim dedɛ, de n na jale n tete pa se n tontoŋena bam busankan-bia na n chaveera to!”
21David ma leiri‑o o we, “Amo zem sage se a zuli Baŋa Wɛ mo. Wonto mo yage nmo kwo de n kwo sɔŋɔ tiina o daare o kuri amo se a taa nii o nɔɔna Isarele tiina bam baŋa ne. A nam ta wó fɔge a bere a wopwolo de do. 22Amo nam ta lage a yaale a tete a dwoni a na ke tei to mo. Amo nii a tete se a ta dae kolokolo mo, se ko ná ye busankan-bia balo n na tɛ ba taane to, banto wó yɔɔre ba tiini ba zuli-ne mo.”
23Sɔɔl bukɔ Mikaale déem nam wo fɔge o lo bu se o vo o te.",https://www.bible.com/bible/3661/2SA.6.KBG
2 SAMUWEL 7,"Baŋa Wɛ gwoni ni dedaane David
1Pɛ David déem laam zoore o sɔ-fɔrɔ kom ne mo de yazura. Baŋa Wɛ ma pa se o dona maama daa ba daane‑o. 2Dɛ dedwe David ma ta de Wɛ sampwora Natan o we, “Nii amo mo tento! A zoore sɔ-fɔrɔ kolo ba na kwei Sedare da-ŋonno ba ma lɔ-ko to, ko daare ye Wɛ ni-gwonim dakaa kam laam wo vwei kuri ne.” 3Natan ma leiri o we, “Ke n boboŋa na jaane tei maama to, se Baŋa Wɛ wo n tei ne.”
4Dɛ dem konto tete ne, Baŋa Wɛ ma ŋɔɔne dedaane Natan o we:
5“Véi n ta de amo tontoŋeno David we, ‘Baŋa Wɛ na tage kolo to mo tento: N boŋe we nmo mo wó lɔ sɔŋɔ n pa-ne se a taa zoore da na? 6Ko nam na ye tei to, ko na zege maŋa kalo a na jaane Isarele tiina bam a nwoŋi Ejipti ne to, se ko ba ko yi zem, amo ta wo fɔge a zo sɔŋɔ wone. Mɛ maama a ná jaane-ba a ja a vo, a yeini a zoore vwei wone mo. 7Jei selo maama amo dedaane Isarele tiina bam na beeri dé vo to, amo ta wo fɔge a ta de yiga tiina balo a na kuri se ba taa nii a nɔɔna Isarele tiina bam to we, “Bɛ mo ke ye á wo kwei Sedare da-ŋonno á ma á lɔ sɔŋɔ á pa-ne?” ’
8Konto to, ta de a tontoŋeno David we, ‘Paŋwa Tu Baŋa Wɛ na tage kolo to mo tento: Amo na le nmo to, dedaane n déem ye nayero mo gaao ne n nii pei baŋa ne. A ma daare a pa se n di paare amo nɔɔna Isarele tiina bam baŋa ne. 9Mɛ maama nmo na yeini n vei to, a déem tɔge n kwaga konto mo, ye a pa se n dona dwi maama saare tega baŋa ne. Leile konto, amo wó pa n yere tiini de zaŋe, se n ta‑n tɔge n ye logo baŋa nɔn-kamuna bam wone dedoa. 10Amo laam nam kwei tega kalo a nɔɔna bam na wó taa zoore ka wone to mo a pa-ba. Ko lage ko taa ye ba tete kugu jei nɔɔn-nɔɔno na bá wane o daane-ba ka wone to mo. Nankɔ-nyena daa bá bɛɛse-ba nenɛɛne ko déem na ke tei, 11ko zege maŋa kalo a na pɛ se yiga tiina nii a nɔɔna Isarele tiina bam baŋa ne to. Amo ta lage a pa se á sii mo á dona maama daanem baŋa ne.
Amo Baŋa Wɛ nam tɛ we, amo tete wó pa n dwi dem puli mo pa se n sɔŋɔ kom jeini de dam. 12Nmo ŋwea kam ná ba ka ti ye ba kwei‑m ba suli mɛ ba déem na suli nmo kwoa bam to, a ta wó pa n dwi dem wone nɔɔno dedoa zaŋe se wonto leiri nmo yuu ne o ji pɛ. A maa wó pa se o paare dem jeini de dam. 13Ko ye wonto mo wó lɔ sɔŋɔ amo yere dem zulim ŋwaane. Amo ta wó pa se wonto dwi dem taa di paare dem taa wuu. 14Amo wó taa ye o kwo, se o de taa ye amo bu. O ná ke o sa chwoŋa, a lage a ma da-lɔŋɔ mo a ma a de‑o chwoŋa ne, ye a korese‑o nenɛɛne nabiina na ke ba bia tei to. 15Amo nam bá fɔge a dɔne a swono kom o baŋa ne, nenɛɛne a déem na ke tei dedaane Sɔɔl ye a le‑o paare dem wone se nmo laam ji pɛ to. 16Amo wó pa se n paare dem taa wora taa. Ko daa bá jei amo yiga ne. Maŋa maama se ko taa vei wuu, nmo sɔŋɔ kom wó na dwi se n paare dem fɔge de ja dam.’ ”
17Natan ma ta kolo maama Baŋa Wɛ na le o bere‑o to de David.
David na ware Wɛ tei to
18David ma vo o zo Baŋa Wɛ wara-vwei dem o jeini da, ye o ware Wɛ o we:
“Yuu-tu Baŋa Wɛ, amo ye wɔ mo, amo dwi dem de ye bɛ mo, ye n zeini amo tento se ko yi zem? 19De konto maama de, n ta boŋe se n ke-ne lanyerane n woli da! Yuu-tu Baŋa Wɛ, nmo laam nam tiŋi ni mo a jwa dwi dem ŋwaane. Ko maa ye wo-kenkagele ko pa-ne! 20Amo nam daa jege bɛ mo se a ta? Yuu-tu Baŋa Wɛ, amo ye n tontoŋeno mo ye n yei a maama n tia. 21Ko ye nmo tete ni-gwonim dem ŋwaane de n boboŋa yam ŋwaane mo n ke wo-kamunnu tento maama, ye n daare n le-te n bere-ne.
22Yuu-tu Baŋa Wɛ, konto ŋwaane mo nmo tiini n ye kamunu! Nmo dwoŋi tera! Nmo yerane mo ye Wɛ. Dé yɔɔre dé yei konto mo chekke. 23Debam Isarele tiina bam mo ye dwi dedwe logo baŋa ne. Dwi dedwoŋi tera de na ma de Isarele tiina bam. Nmo déem jwoŋi-ba kabɛɛne wone mo pa se ba ji nmo tete nɔɔna, se n daare n pa n yere zaŋe wɛɛne. Nmo na vere-ba Ejipti tiina jeŋa ne to, n déem ke wo-kenkagela na jege foone to mo ba tetare ne. Ko ta ná ye dwi tiina balo na kwaane se ba che-ba to, n zeili banto mo de ba wa maama. 24Nmo ma‑n kuri Isarele dwi tiina bam se ba taa ye nmo tete nɔɔna se ko taa vei wuu. Ko daare nmo Baŋa Wɛ de ma ji banto Wɛ wom.
25Amo Tu Baŋa Wɛ, laam pa se n ni-gwonim dem, n na ke amo de a dwi dem ŋwaane to taa jege kuri se ko taa vei wuu. Seene n ke kolo nmo na tage to, 26se n yere dem taa ye kamunu taa wuu. Nɔɔna laam wó taa tɛ ba we, ‘Paŋwa Tu Baŋa Wɛ mo nii Isarele tiina bam baŋa ne.’ Ko ta wó pa se amo wolo na ye n tontoŋeno David to sɔŋɔ kom na dwi se ko taa vei wuu.
27Paŋwa Tu Baŋa Wɛ, nmo mo ye Isarele dwi tiina Wɛ wom. Nmo nam le wonnu tento maama n bere-ne we a dwi dem wó puli pa se a sɔŋɔ kom jeini de dam. Konto ŋwaane mo pɛ se a na baare a lwoori‑m konto dwoŋi. 28Yuu-tu Baŋa Wɛ, nmo seene n ye Baŋa Wɛ chekke mo! Nmo ni taane dem ye chega mo. Nmo nam pwooli wo-laaro tento n pa amo wolo na ye n tontoŋeno to mo. 29Amo lwoori‑m se n swɛ a kwaga kam swolim mo, se n ta‑n ke-ba zaane taa wuu. Yuu-tu Baŋa Wɛ, nmo na gwoni n ni konto to, n swolim wó yɔɔre de taa tɔge a dwi dem mo se ko taa vei wuu!”",https://www.bible.com/bible/3661/2SA.7.KBG
2 SAMUWEL 8,"David na di jara yalo maama to
1Konto kwaga ne, David déem ma vo o jeeri Filisi tiina bam de jara. O ma di-ba pa se ba na ba chaveera. O ma chɔge ba dam ba teo kom maama wone.
2David déem ma kwaare jara o di Moaba tiina bam de. O ma pa se ba peini tega ne ba twoŋi daane, ye o laam kwei ŋona o maŋe-ba kuni betɔ betɔ o vo o ti. Ŋona kam dedɔrem kuni belei ná yi mɛ, ba wó go nɔɔna bam konto mo. Ka dedɔrem yi dedoa ná daare ka yi mɛ, ba wó yage se banto taa ŋwe mo. Moaba tiina bam déem ma lɛɛre ba zo David dam kuri ne, ye ba tui ba ŋwe lampwoo ba pa‑o.
3Rehobi bu Hadadezere déem ye Zoba teo pɛ mo. O nam ya maa vei se o jwoori o jwoŋi Yuferata buga laŋa kam teene dem mo o taa tei. David ma jeeri Hadadezere de jara o di. 4David de o nɔɔna bam ma ja Hadadezere jar-keira balo na dɔge sisein-nɔɔna yuu ne to moro de bia yarepɛ (1,700), ko woli de o jar-keira balo na vei tega ne to morro finlei (20,000). David ma le ba sisein-nɔɔna bi (100) se o taa jege o vaŋa o jara-keim torokooro, ye o daare o bwori selo na daare to nɛ pa se gwarege.
5Aram tiina balo déem na zoore Damasika laŋa kam ne to ma nwoŋi ba vo se ba woli Hadadezere. David ma jeeri-ba de jara ye o go ba nɔɔna morro finlei-telei (22,000). 6David ma daare o ja o jar-keira badwonna o vo che Aram tiina bam laŋa kam maama. Damasika ne mo konto. Aram tiina bam déem ma zo David dam kuri ne, ye ba ŋwe lampwoo ba pa‑o. Mɛ maama David ná via, Baŋa Wɛ yeini o pa se o di o dona mo jara wone. 7David ma vere sabu-seŋa jara zela yalo Hadadezere dedɛɛra bam ya na jege to o ja o jwoori o vo Jerusalem. 8Ko ta ná ye Teba dedaane Berotayi teene dem Hadadezere na tei to, Pɛ David ma zo de wone o vere channa wonnu dedɛ o ja o viiri.
9Hamafa teo Pɛ Toyi déem ma ni we David di Hadadezere jar-keira bam maama. 10Toyi tete déem ya ke jara kuni dedɛ mo de Hadadezere. O ma toŋe o bu Joram se o vo o jɔɔne David o ke‑o yu-ywoŋo lei de o na wane Hadadezere o di to ŋwaane. Joram ma ja lu-nyenno pɛɛra, de sabu-seŋa pɛɛra, de channa pɛɛra o vo o pa David. 11David ma kwei pɛɛra yam konto o pa se ba taa mae ba zuli Baŋa Wɛ. O déem ya maŋe o ke konto dwoŋi de lu-nyenno de sabu-seŋa wonnu telo o na vere o dona bam tei ne to mo. 12O dona balo o na di to teene dem maa ye: Edom, de Moaba, de Amon, de Filisi, de Amaleki. O ta ma kwei jejegero telo o na vere Zoba teo Pɛ Hadadezere tei ne to o pa Baŋa Wɛ.
13David déem ma vo Yɛ bwolo kom o kwaare jara de Edom tiina bam o go ba nɔɔna morro fuga-nana (18,000). O na jwoori jara yam wone to, o yere déem ma tiini de zaŋe. 14O ma ja o jar-keira bam o vo o che Edom laŋa kam maama. Edom tiina bam maama laam ma zo David dam kuri ne. Mɛ maama David ná via, Baŋa Wɛ yeini o pa se o di o dona mo jara maama wone.
15David déem ma di paare Isarele tiina bam maama baŋa ne. O ma tɔge chwoŋa de o na ke o nɔɔna bam tei to, se ko taa lana ko pa-ba. 16Zeruya bu Joaba mo ye David jar-keira bam yiga tu. Ahiluda bu Jehosafate de ma nii woŋo maama se o popone-te o tiŋi. 17Ahituba bu Zadoki dedaane Abiatara bu Ahimeleka déem ye Wɛ kaanem tiina mo. Seraya maa ye David tɔn-poponno. 18Jehoyada bu Benaya mo nii Cherete tiina bam dedaane Peleti tiina bam. David bia bam ma toŋe kaanem tiina totoŋa ba pa‑o.",https://www.bible.com/bible/3661/2SA.8.KBG
2 SAMUWEL 9,"Pɛ David dedaane Mefibosɛfi taane
1Dɛ dedwe mo David bwei o we, “Sɔɔl dwi dem nɔɔno wo daare se amo da Jonatan ŋwaane a ke kotu lanyerane na?”
2Sɔɔl diga kam déem nam jege ba tontoŋeno dedoa o yere na ye Ziba. Ba ma bwoŋi‑o ba pa David. O na yi pɛ wom tei to, mo David bwei‑o o we, “Nmo mo ye Ziba to na?” O de ma leiri o we, “Ɛɛ, amo ye n tontoŋeno Ziba mo.”
3Pɛ David ma bwei‑o o we, “Sɔɔl dwi dem nɔɔno daa wo daare se a ke kotu lanyerane Wɛ zaane dem ŋwaane na?” Ziba ma leiri o we, “Jonatan ta daare bu dedoa. O nam gwarege mo o nɛ sem maama ne o jei.”
4Pɛ David daa ma bwei o we, “O nam wo yei ne mo?” Ziba ma leiri o we, “O wo Lo-Debara ne mo, Ameli bu Makira sɔŋɔ ne.”
5Pɛ David ma toŋe pa se ba vo Lo-Debara ba ja‑o ba ba o tei. 6Jonatan bu wom konto yere mo ye Mefibosɛfi. O kwo-nakwe maa ye Sɔɔl. O na tu o yi David tei to, o ma vwi o yibia tega ne o jɔɔne‑o. David ma bwoŋi‑o o we, “Mefibosɛfi!” O de ma leiri o we, “Amo wolo na ye n tontoŋeno to mo tento.”
7David ma ta‑o o we, “Yé ta‑n fona. Amo boboŋa maŋe ya ja se a ke‑m lanyerane mo n kwo Jonatan ŋwaane. A wó kwei tega kalo maama ya na ye n kwo-nakwe Sɔɔl nyem to a jwoori a pa‑m. A ta pɛ‑m chwoŋa se n ta‑n zoore amo sɔŋɔ kom ne n di wodiu kolo amo na wó di to.” 8Mefibosɛfi daa ma vwi o yibia tega ne ye o we, “Amo ye n tontoŋeno mo, a de kukuri-teka ba gare daane. Bɛŋwaane mo ye n boŋe se n ke-ne lanyerane konto?”
9Pɛ David ma bwoŋi Sɔɔl tontoŋeno Ziba o ta ded‑o o we, “Amo kwei woŋo kolo maama ya na ye nmo tu Sɔɔl de o diga kam nyem to mo a jwoori a pa o naa Mefibosɛfi. 10Nmo dedaane n bia, de n tontoŋena bam maama jege se á ta‑á vare kare sem mo á pa Mefibosɛfi. Se ná ke wodiu, á wó ja á ba á pa o diga kam se ba yé ga. Ko nam ná ye Mefibosɛfi, wonto lage o taa di wodiu kolo amo na wó di a sɔŋɔ kom ne to mo.”
Ziba déem nam jege bakeiri fuga-banu de tontoŋena finlei mo. 11O ma leiri Pɛ David o we, “A ye n tontoŋeno mo. A nam wó ke tei maama n na bere se a ke to.”
Mefibosɛfi laam ma lɛɛre o tɔge o di kolo maama David na yeini o di to, nenɛɛne pɛ bia bam na di tei to. 12O maa jege bakeiri-pwola mo o yere na ye Mika. Ziba sɔŋɔ tiina bam maama déem ma ji Mefibosɛfi tontoŋena. 13Mefibosɛfi na gwarege o nɛ sem maama ne to laam ma ba o zoore Jerusalem ne. Maŋa maama o maa tɔge o di kolo maama Pɛ wom na yeini o di to.",https://www.bible.com/bible/3661/2SA.9.KBG
2 SAMUWEL 10,"David di Amon tiina bam
1Konto kwaga ne, Amon tiina pɛ Nahasi ma te. O bu Hanun ma leiri o yuu ne o ji pɛ. 2David ma ta o we, “Amo lage a ke Nahasi bu Hanun lanyerane mo nenɛɛne o kwo de déem na ke amo lanyerane tei to.” O ma toŋe nɔɔna se ba vo ba ke Hanun lei de o kwo lua kam.
David nɔɔna bam na yi Amon tiina laŋa kam to, 3Amon tiina dedɛɛra bam ma ta de ba pɛ Hanun ba we, “Nmo pɛ chega we David boŋe lanyerane mo ye o toŋe nɔɔna se ba ba ba ke n kwo lua kam lei na? Lɔre we o toŋe-ba se ba ŋɔ ba nii dé teo kom mo, se o wane o ba o di debam.” 4Hanun ma pa se ba ja David tontoŋena bam ba cheeri ba twana yam ba daare chichwo-chwooru. Ba ta ma ja ba gwaaro tem tetare ne ba gwoni ba yage se ko yi ba takeira seeni. Ba laam ma yage-ba se ba viiri de kuri-nɔrɔ. 5David tontoŋena bam ma kɔre se ba jwoori sɔŋɔ, chaveera na jege-ba to ŋwaane. David na nigi ko na ke-ba tei to, o ma toŋe nɔɔna se ba jeeri-ba chwoŋa ne. O ma pa-ba kwora o we, “Maŋe-na Jeriko ne se á twana yam ná nwoŋi maama se á laam jwoori sɔŋɔ.”
6Amon tiina bam ma maane we ba kikia maama laam lwoi David momwa ne. Ba ma vo ba sɔ ni de Aram tiina balo na wo Bɛte-Rehoba ne, de Zoba ne to, ba jwoŋi ba jar-keira morro finlei (20,000). Ba ta ma jwoŋi jar-keira moro (1,000) Maaka teo pɛ tei ne, ye ba daare ba jwoŋi jar-keira morro fuga-balei (12,000) Toba tiina tei ne.
7David na lɔre ko ni ne to, o ma toŋe Joaba se o ja o babɛ sem kɔgɔ kom maama o vo o jeeri-ba de jara. 8Amon tiina bam ma gwɛ ba nwoŋi ba chichei ba zege ba te-fɔrɔ kom manchwoŋo ni ne se ba ke jara yam. Ko daare Aram tiina balo na nwoŋi Zoba de Rehobi to, de Toba tiina bam, dedaane Maaka tiina bam de laam ma chichei ba zege teo kom pwola ne ye ba cheiga.
9Joaba ma lɔre we ba dona bam lage ba jeeri-ba yiga de kwaga maama mo. O ma kuri Isarele jar-keira bam wone balo na tiini ba yei jara laŋa chekke to, se banto yɔɔre ba jeeri Aram tiina bam. 10Jar-keira balo na daare to, o ma ke-ba o nyaane Abisayi jeŋa ne se banto maama vo ba jeeri Amon tiina bam. 11Joaba laam ma ta Abisayi o we, “Nmo ná nɛ we Aram tiina bam tiini ba dana ba dwoi amo, se n ba n woli-ne. Amon tiina bam de nam ná dana ba dwoi nmo, amo de wó ba a woli‑m. 12Ke dam n tete kuri ne se n ta ta‑n jege baare! Pa-na dé jaŋe dé pa dé nɔɔna bam dedaane dé Tu Wɛ wom teene dem ŋwaane. Baŋa Wɛ wó ke kolo na su o yi to!”
13Joaba de o jar-keira bam ma ja jara yam ba jeeri Aram tiina bam, ye ba duri ba jage. 14Amon tiina bam na nɛ we Aram tiina bam duri ba jage to, mo ba de duri ba jwoori ba zo ba teo kom wone, ye ba daare Abisayi de o jar-keira kɔgɔ kom. Jara yam ma ti pa se Joaba jwoori o vo Jerusalem.
15Aram tiina bam na maane we Isarele tiina bam wane-ba ba di to, mo ba jwoori ba la ba jar-keira bam ba ke daane. 16Zoba teo Pɛ Hadadezere ma bwoŋi Aram tiina balo na wo Yuferata buga kam wɛ-puli seeni to se ba vo ba jeeri Helam ne. Hadadezere jar-keira yiga tu Sobaka déem wo ba yiga ne mo. 17David ma maane ba na ke tei to. O de ma la Isarele jar-keira bam maama o ke daane. Ba ma vo ba bɛ Jɔdan buga kam ba lɛɛne ba vo ba yi Helam. Aram tiina bam ma chichei ba fɔge ba zege ye ba jeeri David de jara. 18Isarele tiina bam ma fe Aram tiina bam ba zeili pa se ba duri ba jage. David de o nɔɔna bam ma go ba dona balo na dɔge sisei-torokooro yuu to bia yarepɛ (700). Ba ta ma go balo na dɔge sisein-nɔɔna to morro finna (40,000). Ko ná ye ba jar-keira bam yiga tu Sobaka, ba ma tiini ba ke zonne o yera ne, pa se o te jara kaporo kom ne. 19Hadadezere kwaga pwa bam maama ma maane we Isarele tiina bam yɔɔre ba di-ba mo jara wone. Ba ma lwoori yibwona Isarele tiina bam tei ne ye ba daare ba sɛ ba pa-ba.
Aram tiina bam laam ma kɔre se ba daa woli Amori tiina bam jara keim baŋa ne.",https://www.bible.com/bible/3661/2SA.10.KBG
2 SAMUWEL 11,"David dedaane Bafeseba taane
1Ko déem ma yi teeni punnu keim maŋa. Ko maa ye maŋa kalo pwa na yeini ba nwoŋi se ba ke jara to mo. David ma toŋe Joaba de o dedɛɛra badwonna, dedaane Isarele jar-keira bam maama, se ba vo ba kwaare jara de Amon tiina bam. Ba ma chɔge-ba ye ba daare ba li Raba teo kom se ba ja. Ko daare David tete ma maŋe Jerusalem ne.
2Dɛ dedwe, David ma peini wea tetare ne o dɔ. O na pɛ o zaŋe dedaan-ni maŋa ne to, mo o kare o sɔŋɔ kom nayuu ne o kekara. O ma dole o yia o na kaane na wo o sɔŋɔ ne o swɛ yera. Kaane wom déem tiini o lamma dedɛ. 3David ma toŋe nɔɔno se o vo o bwei o lɔre kaane wom laŋa maama. Nɔɔno wom ma ta o we, “Ko wó taa ye Bafeseba mo. O ye Eliam bukɔ mo. O baro maa ye Hiti tu Yuria.”
4David ma toŋe nɔɔna pa se ba vo ba ja kaane wom ba ba. Kaane wom na tu to, o ma peini ded‑o. Yanto da yam ne kaane wom ya ke o wo zarem mo, ye o daare o kwɛ o tete se ko maŋe de chullu tem. O ma zaŋe o jwoori o sɔŋɔ. 5Bafeseba ma ja puga, ye o toŋe o ta de David o we, “Amo jege puga mo.”
6David na lɔre konto to, o ma toŋe kwora o pa Joaba o we, “Ta de Hiti tu Yuria se o ba amo tei ywo-seeni.” Joaba ma toŋe Yuria David tei ne. 7Yuria na yi David tei to, mo David bwei o kwaga se o lɔre Joaba, de jar-keira bam laŋa na ye tei to. O ta ma bwei se o lɔre jara yam na vei tei to. 8O laam ma ta de Yuria o we, “Nam véi sɔŋɔ n sii fee.”
Yuria na nwoŋi Pɛ sɔŋɔ ne to, mo David toŋe nɔɔna se ba ja pɛɛre ba saŋe o kwaga ba vo ba pa‑o sɔŋɔ ne. 9Yuria nam wo vei o tete sɔŋɔ. O ma maŋe de pɛ tontoŋena bam, o peini pɛ sɔŋɔ manchwoŋo kom ni ne. 10David ma maane we Yuria wo vei sɔŋɔ, ye o bwei‑o o we, “Nmo nwoŋi chwo-dɔrɔ n ba n yi ywo-seeni. Bɛ mo tei ye n wo vei sɔŋɔ?” 11Yuria ma leiri‑o o we, “Isarele tiina de Judah tiina bam maama nwoŋi mo se ba ke jara. Wɛ ni-gwonim dakaa kam de wo ba tei ne. Amo yiga tu Joaba de o dedɛɛra bam maama de tigi pwola ne. Ko laam nam wó ke tɛ mo se a vo sɔŋɔ a taa di ye a nyɔa, se a daare a peini de a kaane? Pɛ, a dugi n ŋwea kam ŋwaane de n tete yere dem ŋwaane we, a bá fɔge a ke konto!” 12David ma ta‑o o we, “Nam peini ywo zem, se jwa ne a laam wó yage‑m se n jwoori jara jei sem ne.”
Dɛ dem konto ne, Yuria ma maŋe Jerusalem ne o peini o poore tega. 13David ma bwoŋi‑o pa se ba di daane. O ma pa se ba nye Yuria dedaane sana, ye o tiini o bugi. De konto maama de, Yuria wo vei sɔŋɔ se o peini. O maŋe pɛ sɔŋɔ ni ne de pɛ tontoŋena bam mo o peini o sara kam ne.
14Tega na poore tetete to, David ma popone tɔnɔ o toŋe Yuria se o ja o vo o pa Joaba. 15Tɔnɔ kom popone ko we, “Kwei Yuria n zege jar-keira bam yiga ne, mɛ jara yam na tiini ya chana to, se á daare á tutwoni á jwoori kwaga á daare‑o o yerane se dé dona bam go‑o.”
16Joaba déem li Raba teo kom mo ye o nii ko maama. O ma kwei Yuria o zege jei selo ba dona bam babɛ sem na daga to. 17Teo kom nɔɔna ma nwoŋi ba jeeri Joaba jar-keira bam de jara. Ba ma go David nɔɔna bam badwonna ko woli de Yuria tete.
18Joaba ma toŋe kwora David tei ne se o bere‑o jara yam na ke tei to. 19O ma ta tontoŋeno wom o we, “Nmo ná tole jara yam na ke tei maama to n pa pɛ wom n ti, 20o bane wó wane de zaŋe ye o ta we, ‘Bɛ mo ye á tiini á yi teo kom se á ke jara de-ba? Abam ya yeiri we nɔɔna bam wó dale ba teo kabiri sem ne ba ta che-tɛɛra na? 21Á swei Gideon bu Abimeleka swia na? Ko déem ye kaane mo zege Tebeza teo kom kabira yuu ne o dole nɔŋɔ namim o de o yuu ne o go. Abam tiini á yi ba kabira kam teiŋa wo bɛ mo?’ Tɔ. Pɛ wom ná bwei‑m konto, se n ta ded‑o we, ‘Nmo tontoŋeno Yuria de tɔge o te mo.’ ”
22Tontoŋeno wom ma seene o vo o yi David tei, ye o tole kolo maama Joaba na bere‑o se o ta to. 23O ma woli da o we, “Dé dona bam ya tiini ba dana ba dwoi debam mo. Ba ma nwoŋi ba teo kom ba jeeri debam de jara pwola kam ne. Dé ma kwaane dé zeili-ba dé jwoori ba teo kom ni ne. 24Dáane mo ba che-tara bam zege ba teo kabiri sem yuu ne ba ta debam. Nmo nɔɔna bam badwonna tega, ye n tontoŋeno Yuria na ye Hiti tu to de tɔge o te mo.”
25David ma ta de tontoŋeno wom o we, “Nmo ná jwoori, se n ta de Joaba we, ‘Yé pa n wo chɔge de kolo na ke to. Wolo maama na lwoori o vo jara wone to wae o toa. Fɔge n ja baare. Tiini á kwaare-na jara yam de-ba se á di teo kom.’ ”
26Bafeseba na nigi we o baro wom tega jara yam ne to, o ma keeri dedɛ o ŋwaane. 27Lua kam ni na kɛ to, mo David toŋe o pa ba vo ba ja‑o ba ba pɛ sɔŋɔ pa se o ji o kaane. O déem ma lo bakeira o pa David.
Kolo David nam na ke to déem chɔge Baŋa Wɛ wo mo.",https://www.bible.com/bible/3661/2SA.11.KBG
2 SAMUWEL 12,"Natan na bwɛ David tei to
1 Baŋa Wɛ déem ma toŋe Natan David tei ne. Natan ma ta o we:
“Nɔɔna balei mo zoore teo dedoa wone. Ba dedoa ye nadum, wodwoŋi wom maa ye yiniga tu. 2Nadum wom vara bam gaale dedɛ, naane de pei de bone. 3Yiniga tu wom nam ba jege kolokolo, ko ná dae pi-chwɛ dedoa yerane mo o na yeigi. O ma kɔne-ka, ye ka be de o bia. O maa yeini o pae-ka o tete wodiu pa ka di, ye ka nyɔ o tete na. Pia kam maŋe ka tigi o nɛ baŋa ne mo. Chega to, o pia kam yɔɔre ka nye de o tete bukɔ mo. 4Dɛ dedwe mo veiru tu nadum wom sɔŋɔ. Nadum wom maa wo sɛ se o le o vara bam wone se ba ma ba ke na ba pa o veiru wom. O ma vo o vere yiniga tu wom pia kam se ba ma ba ke o veiru wom na bam.”
5David na nigi sensɔla kam to, o bane ma tiini de zaŋe dedaane nadum wom ye o ta de Natan o we, “Amo dugi de Ŋwea Tu Baŋa Wɛ we nɔɔno wom konto jege se o te mo! 6O ta wó ŋwe kolo o na vere yiniga tu wom tei ne to kuni bena mo o pa‑o, o na ba jege o ŋwaŋa to ŋwaane.”
7Natan laam ma ta de David o we, “Nmo mo ye nɔɔno wom konto! Isarele tiina Baŋa Wɛ wom kwora mo tento:
Amo mo kuri‑m se n ta‑n ye Isarele tiina pɛ, ye a jwoŋi‑m a yage Sɔɔl jeŋa ne. 8A ma kwei Sɔɔl paare dem a pa‑m, ye a ta pa se o kaana bam ji nmo nyem. A ma pa se n di paare Isarele de Judah tiina bam maama baŋa ne. Konto ya ná ba daga mo de, a ya ta wó wane a woli ko wone kuni belei a pa‑m. 9Bɛŋwaane mo nmo nam tiini n gwooni amo Baŋa Wɛ taane dem, ye n daare n ke wo-balɔrɔ konto? Nmo pɛ se Amon tiina go Hiti tu Yuria jara ne. Nmo na go‑o to, n laam ma‑n daare n di o kaane! 10Nam lɔre we n diga tiina laam wó taa tɔge jara baŋa ne mo ba toa. Kokuri to, n ve amo mo ye n vere Yuria kaane se o ji nmo nyem.
11Chega ŋwaane to, a lage a pa se n tete yera nɔɔno mo ke‑m se ko yi. Nmo wó ta‑n nia se a kwei n kaana a pa nɔn-gaa se kotu peini de-ba pwooni yiga ne. 12Nmo na ke wɛleere to, n seigi mo n ke. Amo nam wó pa se keim dento ke pwooni yiga ne se Isarele tiina bam maama na.”
13David ma leiri Natan o we, “Amo tiini a ke wɛleere a chɔge Baŋa Wɛ yiga.” Natan ma leiri‑o o we, “Baŋa Wɛ kwei n wɛleere dem o ma o chɛ‑m. N daa‑n bá‑n te. 14Ko nam na ye tei to, n na tiini n nii Baŋa Wɛ n gwooni de n keim dem to ŋwaane, n bu wom mo wó te.”
15Konto kwaga ne, Natan laam ma viiri.
David bu wom toone
Baŋa Wɛ déem ma pa se bu wolo Yuria kaane Bafeseba de David na loge daane to weele ye ko tiini ko chɛ. 16David ma lwoori Wɛ o pa bu wom se o na yazura, ye o vɔ ni. Tete maama ne, o ná yeini o zo diga se o peini, o ta tigi tega ne mo. 17O sɔŋɔ kom nakwa bam ma vo o tei ba kwaane ba lwoori‑o se o zaŋe tega kam ne ye ba ga. O ma ve se o da de-ba o di wodiu.
18Bu wom weele da yarepɛ mo ye o te. David dedɛɛra bam ma kɔre se ba pa o lɔre ko ni ne. Ba déem bwɛ ba tete ne mo ba we, “Bu wom ya ta na ŋwe ye dé ŋɔɔne taane de David to, o ve se o leiri dé taane dem. Bu wom laam nam na tege tento to, de wó ke tɛ mo dé ta dé bere‑o? Dé ná wo lɔre, o wó wane o ke zonne o tete yera ne!”
19David na tole o na we o tontoŋena bam jege woŋo mo ba waase ba bere daane to, o ma maane we bu wom mo tega. O ma bwei-ba o we, “Bu wom tege mo na?” Ba ma leiri‑o ba we, “Ɛɛ, Wɛ jwoŋi‑o mo o daare debam.”
20David na nigi konto to, o ma pɛ o zaŋe tega kam ne. O ma vo o swɛ o yera, o daare o turi nuga. O ma leiri o gwaaro o zo, ye o laam vo o zo Wɛ wara-jei sem ne o zuli Baŋa Wɛ. O na zuli Wɛ o ti to, mo o jwoori o tete sɔŋɔ ye o we, ba ke wodiu ba pa‑o. O ma jwoŋi wodiu kom o di. 21O dedɛɛra bam ma bwei‑o ba we, “Nmo keim dem ke debam yaau dedɛ. Bu wom ta na ŋwe to, nmo keeri mo o ŋwaane, ye n vɔ ni. O laam nam na tege to, n zaŋe mo n wora n di wodiu. Bɛ mo konto?”
22David ma leiri-ba o we, “Bu wom ya ta na ŋwe to, amo ya vɔ ni mo ye a keera. A ya boŋe we Baŋa Wɛ wó wane o duri amo yibwona mo ye o pa bu wom wori. 23Amo nam gɛ‑o. Bɛŋwaane mo a daa wó taa vɔ ni? Amo wó wane a pa bu wom jwoori o taa ŋwe na? Dɛ wora amo na wó vo bu wom tei, se wonto daa ba lage o jwoori o ba amo tei.”
24David déem ma gane o kaane Bafeseba se o pa o bochare peini tega ne. Ba daa ma peini daane ye o ja puga o lo bakeira. Ba ma pa bu wom konto yere we ‘Solomon’. Baŋa Wɛ ma swoi bu wom. 25Ko ma pa se o toŋe o ni-jwoŋinu Natan se o vo o pa bu wom yere we ‘Jedidia’, Baŋa Wɛ na swoi‑o to ŋwaane.
David di Raba teo kom
26Ko daare Joaba déem daa ta jeeri Amon tiina balo na zoore Raba teo wone to de jara. O ma di teo kom paare jei sem. 27O laam ma toŋe kwora o pa David ye o we, “Amo ke jara de Raba teo kom ye a wane mɛ ba teo kom na bam na zege da ba tui to a ja. 28Nam kwaane n la dé jar-keira balo na daare to n ke daane, se n ba n jeeri teo kom de jara n daare n di-ba. Nmo ná wo ke konto, ye amo tete ná di teo kom, amo laam wó jwoŋi yere nmo yiga ne.”
29David ma seene o la o jar-keira bam o ke daane o vo o jeeri Raba tiina bam de jara. O ma wane teo kom o jwoŋi o tei. 30David ma dɔne sabu-seŋa paare yipuga kam ba pɛ wom yuu ne. Ka dunni daga dedɛ, nenɛɛne kilo fintɔ-tenu (35), ye kandwɛ-nyeno mo meeli ka yera ne. Ba ma kwei kandwɛ dem ba ke David yipuga kam ne. O de o nɔɔna bam déem ta ma pɛ teo kom jejegero dedɛ ba ja ba viiri. 31Ko nam ná ye teo kom nɔn-bia bam, o déem kwei-ba mo o de totoŋ-dɛɛra wone. O ma pa se ba yeini ba taa mae pengasa, de dwoora, de seene ba toŋa, se ba badaara de taa mage wara. David déem ke Amon tiina teene dem maama konto dwoŋi mo.
Konto kwaga ne, David dedaane o jar-keira bam maama ma jwoori ba vo Jerusalem.",https://www.bible.com/bible/3661/2SA.12.KBG
2 SAMUWEL 13,"Aminon dedaane Tamara taane
1David bu Abisalom déem jege nakɔ, o yere mo Tamara. O maa ye ka-laao. David bu wodwoŋi de maa wora, o yere na ye Aminon. Wonto fera maa tiini ya wo o nakɔ Tamara wone. 2Tamara ya ta yeiri baaro. Konto to, Aminon ma lɔre we ko wó taa chamma se o yi o nakɔ wom yuu. O ma da ko ŋwaane o weele, boboŋe dem na tiini de daane‑o to ŋwaane.
3Aminon déem jege yuudwoŋi, o yere mo Jonadabi. O maa ye David zembaaro Simea bu. Jonadabi déem jege swa-goa mo ko ja gaale. 4Dɛ dedwe o ma bwei Aminon o we, “Bɛ mo daane‑m? Nmo ye pa-bu mo ye ko dae se dɛ maama n ta‑n jei de wo-chechɔgɔ. Nam ta n bere-ne kolo na jege‑m to.”
Aminon ma ta o we, “A fera mo tiini ya zo a nyaane Abisalom nakɔ Tamara.” 5Jonadabi ma leiri‑o o we, “Zo n ta‑n tigi n sara baŋa ne, n paale n ke nenɛɛne n weele mo tei. Nmo kwo ná tu se o daane n jaweo kom, se n ta ded‑o we, ‘A kwo, pa a nakɔ Tamara ba amo tei ywo-seeni o ke wodiu o pa-ne. Amo lage se o saŋe wodiu kom a yiga ne se a taa nae, se a taa di-ko o jeŋa ne.’ ”
6Aminon ma seene o zo o tigi sara wone o ke nenɛɛne o weele mo tei. Pɛ David na tu se o daane o jaweo kom to, mo o tage‑o o we, “Popo, amo lage se a nakɔ Tamara mo ba ywo-seeni o fɔge maasa fenfee o pa-ne, se a di o jeŋa ne.” 7David ma sɛ. O ma toŋe kwora o sɔŋɔ kom ne o ta de Tamara o we, “Zaŋe n vo n nabɔ Aminon sɔŋɔ n ke wodiu n pa‑o se o di.” 8Tamara na yi da to, dedaane Aminon tigi sara baŋa ne mo. O ma zwɛ muni o viiri Aminon yibia ne. O ta ma fɔge maasa ye o tigi o nia. 9Bukɔ wom laam ma le wodiu kom o ke zoŋa ne o pa‑o se o di. Aminon ma ve ye o we, “Nɔɔno maama nwoŋi pwooni ne se á daare-ne na!” Nɔɔna bam maama ma seene ba nwoŋi.
10Aminon laam ma ta de Tamara o we, “Nam kwei wodiu kom n ja n zo diga kam wone amo na tigi mɛ to, se a jwoŋi wodiu kom n jeŋa ne a di.” Tamara ma seene o ja wodiu kom o zo o na tigi diga kalo wone to. 11O na jege wodiu kom o ma yi o yera to mo Aminon zi‑o ye o we, “Amo nakɔ, sɛ se dé peini daane!” 12O de ma leiri‑o o we, “A nabɔ, yé fe-ne se dé toŋe totoŋ-zɔɔne dento! Keim-balɔrɔ konto dae se ko ke Isarele tega baŋa ne. 13Nmo ná zi amo, a chaveera yam bá na kwolim jei. Ko ta wó pa se a kwei tetɔ-goro mo a kwoli a yuu! Ko nam ná ye nmo, nɔɔna maama Isarele ne wó ta we, n ye wo-koro mo. Nam ja n tete, se n ŋɔɔne dedaane pɛ wom, se o bá ve se o kwei-ne o pa‑m se n ma-ne n ke n kaane.” 14Aminon maa wo sɛ se o cheigi o taane dem. O na dana o dwoi bukɔ wom to o ma wane o zi‑o o lage.
15Aminon na ke konto o ti to, o daa maa ba lage se o yi na Tamara. O maa tiini o chuli‑o se ko dwoni o fera ya na zo o wone tei to. O ma ta ded‑o o we, “Zaŋe n nwoŋi daa a yiga ne!” 16Tamara ma leiri o we, “Chwoŋa tera se n zeili-ne! Nmo ná ke konto, ko maŋe ko wó taa ye lɛɛro ko dwoi n na chɔge-ne tento to.”
Aminon maa wo sɛ o taane dem. 17O ma bwoŋi o tontoŋeno ye o ta‑o o we, “Vaŋe kaane wonto n ja n nwoŋi n yage pwooni ne, se n daare n pe a bworo kom.” 18O tontoŋeno wom ma seene o vaŋe Tamara o ja o nwoŋi ye o daare o fɔge o pe bworo kom.
Tamara nam ya zo gare-dedɔrɔ na tiini ko jege nenɔŋa to mo. Tento mo ye gwaaro telo dwi pɛ bukɔ-pwoli na yeini ba zoora to. 19Tamara laam ma pɛ tentwarem o chaare o yage o yuu maama, ye o daare o ja o gare-dedɔrɔ kom o kaare kaare. O ta ma kwei o je o daŋe o yuu ne, ye o chwoosa o maa vei sɔŋɔ.
20O nabɔ Abisalom ma na‑o ye o bwei‑o o we, “N nabɔ Aminon mo ke lɛɛro tento nmo yera ne na? O nam na ye n nabɔ to, yé ke sɔɔ se nɔɔna maane ko ni ne. A nakɔ, nam ta yé pa se ko taa wɔe‑m.” Tamara ma vo Abisalom sɔŋɔ ne o zoore da. O maa yɔɔre o jei de wo-chechɔgɔ yerane.
21David déem ma ni kolo maama Aminon na ke to. O bane ma tiini de zaŋe. 22Se ko ná ye Abisalom, o wo sɛ se o ŋɔɔne de Aminon, ko ná maŋe ko ye ta-laao naa ta-balɔrɔ de. O déem nam tiini o chuli‑o mo, o na chɔge o nakɔ to ŋwaane.
Abisalom go Aminon
23Konto kwaga ne bena yalei maa kɛ. Abisalom tontoŋena maa wo Baal-Hazora ne se ba fane o pei sem koro. Jei sem konto wo Efrayim teo kom seeni mo. Abisalom ma bwoŋi pɛ bia bam maama se ba da ba jeeri da. 24O ma vo o ta de Pɛ David o we, “Pɛ, amo tontoŋena bam mo wora ba fane a pei sem koro. Nmo dedaane n nakwa ya ná sɛ se á ba da, ko wó taa lamma.” 25David ma leiri‑o o we, “A bu, ko bá wane ko ke konto. Dé maama ná lage dé ba, nmo wó chɔge n jeŋa mo.”
Abisalom ta ma kwaane se o nii David wó sɛ o vo na, ye o wo sɛ. David ma sɔɔle Wɛ swolim o pa Abisalom. 26Abisalom laam ma ta o we, “Nmo nam ná bá wane n vo, yage se a zembaaro Aminon tɔge de debam o vo.”
Pɛ David ma bwei‑o o we, “Bɛ mo ye n lage se wonto tɔge o vo?” 27Abisalom ma tiini o gigili David yia pa se o ga ga o yage o pa Aminon tɔge dedaane pa-bia badwonna bam se ba vo Abisalom pei sem koro fanem ne.
28Ba na ti kuri dem yiga to, Abisalom ma pa o tontoŋena bam ni o we, “Fɔge á ta‑á yere-na Aminon. O ná nyɔge sana o bugi, amo wó ke woŋo se ko bere we chwoŋa tiga se á go‑o. Konto ná kea, se á zaŋe o baŋa ne á go‑o. Yé ta‑á fona, se ko ye amo mo pɛ abam ni dem konto. Ke-na dam á tete kuri ne, se á daare á ta‑á jege baare.” 29Abisalom tontoŋena bam ma seene ba ke kolo o na bere-ba se ba ke to. Ba go Aminon mo. Pɛ wom bia badaara bam maama na nɛ konto to, ba ma di ba bona-sisei ba duri ba viiri.
30Ba ta na wo chwoŋa ne ba maa kɛ to, kwora ya maŋe ka yi David ka we, “Abisalom zaŋe o go n bia bam maama. Dedoa daa wo daare.” 31Pɛ David na nigi konto to, o ma kaare o gwaaro o wo-chechɔgɔ kom ŋwaane, ye o daare o dole o tete tega ne o tiga. O tontoŋena bam maama de maa zege o tei ne ye ba kaare ba gwaaro.
32David zembaaro Simea bu Jonadabi ma yi o tei o ta o we, “Pɛ, ko dae we ba go n bia bam maama. Aminon yerane mo tega. Abisalom nam maŋe o ja boboŋa se o go‑o ko zege maŋa kam Aminon na chɔge o nakɔ Tamara to mo. 33Nam yé sɛ we n bia bam maama tega, se Aminon yerane mo ba goa.”
34Ko daare Abisalom, wonto déem duri mo o jei.
Nɔn-doŋo wolo ba na le se o taa zege o yere teo kom to laam ma tole o na nɔn-kɔgɔ na wo Horon chwoŋa ne ba tɔge zwoŋo yuu ne ba siseiri ba beena. O ma vo o ta pɛ wom o we, “Amo nɛ nɔɔna na zege Horon seeni ba beena.” 35Jonadabi ma ta de David o we, “Nmo bia bam mo konto ba maa beene, nenɛɛne a na maŋe a ta tei to.”
36O ni dem maŋe de wo to tega ne, dedaane David bia bam na yi da. Ba maama ma to keira ne ye ba chwoosa baŋa baŋa. David dedaane o nakwa bam de ma tiini ba keeri dedɛ.
37-38Abisalom déem nam ya duri o vo o seigi o nu nakwe Talimayi tei ne mo o wora. Wonto maa ye Amihuda bu ye o ta ye Gesura teo pɛ. Abisalom déem maŋe Gesura ne o ke bena yatɔ mo.
Ko daare David ma keeri o bu Aminon lua kam o dáane. 39O wo laam ma ba ko to de Aminon toone dem. O boboŋa ma jwoori ya vo Abisalom wone se ba ke daane.",https://www.bible.com/bible/3661/2SA.13.KBG
2 SAMUWEL 14,"Abisalom nɛ chwoŋa se o jwoori Jerusalem
1Zeruya bu Joaba déem ma maane we David boboŋa tigi Abisalom wone mo dɛ maama. 2O ma toŋe nɔɔno Tekoa teo ne se o bwoŋi kaane wodwoŋi o na tiini o jege swa to. O na tu to, Joaba ma ta ded‑o o we, “Ke nenɛɛne n keeri nɔɔno lua mo tei. Kwei lua gwaaro n zo, se n daare n yage n yuu yɔɔ yerane, n yé kwɛ n tete de terale nuga. Pa se ko taa nye nenɛɛne n keeri lua mo n dáane. 3Nmo laam ma‑n wó vo pɛ wom tei n ta kolo amo na wó bere‑m to.” Joaba laam ma bere kaane wom kolo maama o na wó ta de pɛ to.
4Tekoa tiina kaane wom ma vo o yi pɛ wom yiga o vwi o yibia tega ne o zuli‑o, ye o ta o we, “Pɛ, jan ja! Woli-ne!”
5Pɛ wom ma bwei‑o o we, “Bɛ mo n laga?” O de ma leiri o we, “Dé kwo, amo baro tega o daare-ne kadeim mo. 6A nam ya jege bakeiri selei mo. Dɛ dedwe mo ba vei kara ye jara to ba tetare ne dáane. Nɔɔn-nɔɔno na tera se o lwɛ-ba to, mo ba dedoa mage wodwoŋi wom o go. 7Dé sɔ-yuu kom maama laam nam zege amo baŋa ne se a ja a bu wom a ja a ba a pa-ba se ba go, o na go o choro kom to ŋwaane. Ba maa lage se ba pa a dwi dem ti mo. Wonto yerane laam mo ye a yi na daare. Ba ná go‑o, amo gɛ mo konto, a baro de daa maa ba taa jege bu se ko jwa bwoŋi o yere.”
8Pɛ wom ma ta de kaane wom o we, “Jwoori n vo sɔŋɔ, se a wó nii n taane dem baŋa ne se de kwɛ.” 9Tekoa tiina kaane wom ta maa we, “Pɛ, keim dem konto wo amo de a dwi dem yuu ne mo. Se ko ná ye nmo dedaane paare dem n na jege n di to, daanem dae se de yi‑m.”
10Pɛ wom laam ma ta o we, “Wolo maama ná ŋɔɔne taane dedaane‑m, se n ja kotu n ba amo yiga ne, se o daa bá na chwoŋa o daane‑m.” 11Kaane wom ta ma ta o we, “Konto to, nam kwei n Tu Baŋa Wɛ yere dem n du we, wolo na lage se o jwoori o jwoŋi a bu wolo na tege to jene dem to daa yé na chwoŋa se o go a bu wonto de o woli da.” Pɛ David maa we, “Amo dugi dedaane Ŋwea Tu Baŋa Wɛ yere we, n bu wom yu-yua dedoa tete bá gɔ ka to tega ne.”
12Kaane wom laam maa we, “Jan ja! Pɛ, pa-ne chwoŋa se a ta taane dedoa yerane a woli da.” Pɛ David ma leiri o we, “Ta‑n tɛa.” 13O laam ma ta Pɛ wom o we:
“Dé kwo, lɔre we n wo tɔge chwoŋa de n na jege Wɛ nɔɔna bam n ke keim delo to. Nmo tete bu wo sa-teo ne mo ye n wo pɛ‑o chwoŋa se o jwoori sɔŋɔ. Nmo nam na ŋɔɔne tei de amo to, n de n tete mo konto. 14Nɔɔno maama jege se o te mo. Toone nye de na balo na lwogi tega ne to mo, ba daa ware-ba se ba jwoori ba pɛ ba ke jeiga dedoa ne. Wɛ nam ba beeri nɔɔna toone, se ko ná ye balo na ba ŋwae to, o yeini o pore chwoŋa se ba wane ba jwoori o tei.
15Pɛ, amo na jaane taane dem a ba nmo tei to, ko ye nɔɔna bam na pɛ foone di amo to ŋwaane mo. A ye nmo tontoŋ-kana mo. A ma boŋe a tete ne we, a ná tu a ta de nmo, n wó wane-ne n woli. 16Pɛ, a nam jege chega we nmo wó seene n jwoŋi amo de a bu wom se wolo na kwaane se o chɔge debam to yé yi dé yuu. Wonto lage se dé ga dé tega kam popɔra Wɛ na pɛ debam to mo.
17Amo laam nam tɛ a tete ne mo we, ‘Amo wo laam tiga mo de kolo pɛ na gwoni ni se o ke to. Kokuri to, dé kwo, nmo nye nenɛɛne Wɛ maleka mo, n wae n kuri lanyerane dedaane balɔrɔ n pɔɔre daane. N Tu Baŋa Wɛ wó taa wora dede‑m.’ ”
18Pɛ wom ma ta de kaane wom o we, “Amo de lage a bwei‑m woŋo mo, nam yé seigi kolokolo de amo.” Kaane wom ma leiri o we, “A kwo, bwei n bwia yam.”
19Pɛ David ma bwei‑o o we, “Joaba yiga tɔge ka wo keim dento wone na?” Kaane wom ma leiri‑o o we, “Pɛ, amo dugi nmo ŋwea kam ŋwaane we nɔɔn-nɔɔno bá wane se o fo chega kam nmo yiga ne. Nmo dedɛɛro Joaba mo seene o bere-ne kolo maama a na wó ke to, dedaane kolo maama a na jege se a ta to. 20O nam ke konto maama se ko pa keim dem mo pipiri de kwɛ. Dé kwo, nmo nam maŋe n jege swa mo, ne Wɛ maleka tei, n ma‑n yei kolo maama na ke dé tega kam baŋa ne to.”
21David laam ma bwoŋi Joaba ye o ta ded‑o o we, “Tɔ. A lage a ke n boboŋa yam mo. Zaŋe n vo n ja a bu Abisalom n jwoori n ba ywo-seeni.” 22Joaba ma vwi o yibia tega ne David yiga ne o zuli‑o. O ma daare o ta‑o o we, “Pɛ, a ke nmo lei. Amo laam nam lɔre we n yiga wo amo wone, dedaane n na sɛ n ke a na lage tei to.”
23Joaba déem ma zaŋe o vo Gesura o ja Abisalom o jwoori o ba Jerusalem. 24David nam ya maŋe o pa ni mo o we, “Abisalom maŋe se o vo o tete sɔŋɔ kom mo o taa wora. A bá sɛ se o ba amo tei.” Abisalom ma seene o vo o zoore o tete sɔŋɔ kom ne ye o wo nɛ pɛ wom yibia.
25Nɔɔn-nɔɔno déem tere Isarele tega kam maama ne ye ba tɛ o lam taane se ko maŋe dedaane Abisalom. Ko na zege o yuu ne se ko tu ko kwaare o napera seeni to, o mɛ mɛ ba jege gɛɛ. 26O déem yeini o pa se ba fa o yuu bedwe mo bene maama wone, o yu-ywei sem na tiini se dɔra ye se duna to ŋwaane. Ba ná yeini ba gwoni-se, se dunni wó taa maŋe de kilo telei mo. 27O déem jege bakeiri setɔ de busankana dedoa mo. Busankana kam yere maa ye Tamara. O na tu o ke nɔɔno to, o tiini o lana dedɛ.
28Abisalom déem zo Jerusalem ne bena yalei mo, ye o wo wane pɛ wom yibia o na. 29O ma toŋe o ta se Joaba ba o tei se o daare o ja taane dem o vo Pɛ David tei o pa‑o. Joaba ma ve se o vo Abisalom tei. Abisalom ta ma toŋe Joaba kwaga ne kuni balei maama ye o daa ta wo sɛ se o ba. 30Abisalom laam ma ta de o tontoŋena bam o we, “Nii-na, Joaba kara mo yeiri de amo kara kam. Ka wo mena nam wora ya ke lanyerane. Véi-na á de mini ka wone á zwɛ-ka.” Ba ma seene ba vo ba de mini Joaba kara kam ne.
31Joaba laam ma zaŋe o vo Abisalom sɔŋɔ o bwei‑o o we, “Bɛ mo ke ye n pa n tontoŋena vo ba zwɛ a kara kam?” 32Abisalom ma leiri o we, “Amo toŋe n kwaga ne se n ba amo tei ye n wo sɛ. A ya lage se n vo pɛ wom tei n bwei‑o mo we, ‘Bɛŋwaane mo amo bere a zege Gesura ne a ba ywo-seeni? Ko nye de a ya ná maŋe dáane mo a zoora, ko ya wó taa gara ko pa-ne.’ Tɔ. Amo nam ta lage se a na pɛ wom mo. O nam ná yei we a keim wo maŋe, se o go-ne.”
33Joaba ma vo Pɛ David tei o tole kolo maama Abisalom na tage to o bere‑o. David ma pa ba bwoŋi Abisalom se o ba. O na yi da to, mo o vwi o yibia tega ne o ware‑o. Pɛ wom ma sɛ o peiga ye o ja‑o o kukwori.",https://www.bible.com/bible/3661/2SA.14.KBG
2 SAMUWEL 15,"Abisalom lɔge o kwo kwaga ne
1Keim dem konto kwaga ne, mo Abisalom déem beeri toroko de sisei se se taa vaŋe-ko. O ta ma kuri nɔɔna finnu se ba taa duri ko yiga ne ba kwɛ chwoŋa ba pa‑o. 2O ma yeini o gwoni tega o vo teo kom manchwoŋo ni chwoŋa kam o zega. O ná yeini o na nɔɔno na jege taane o maa vei pɛ tei se o di-de o pa kotu, Abisalom wó fɔɔre o yi kotu tei mo o bwei‑o o we, “Nmo nwoŋi yei ne mo?” Nɔɔno wom laam maa wó ta o na nwoŋi Isarele teo kolo ne to. 3Abisalom wó yeini o ta‑o mo o we, “Ɛhɛɛ. Nmo taane dem wora, n nam jege bora de. Nɔɔn-nɔɔno nam mo tere pɛ nakwa bam wone se o nii de baŋa ne o pa‑m. 4Amo de ya ná jege chwoŋa se a tɔge a nii taana baŋa ne mo tento, nɔɔna ya wó wane ba ba amo tei, se a bore chega bora a pa-ba.”
5Ko ta woli da to, nɔɔna ná yeini ba yi Abisalom tei se ba tiiri ba jɔɔne‑o, o wó tei o jeŋa mo o vaŋe-ba o yi o yera, o kukwori-ba. 6Abisalom déem yeini o jeeri balo maama na jege taane ba tui pɛ tei to o ke konto mo. O ma tɔge chwoŋa kam konto o soge Isarele tiina bam dedɛ o ke o kwaga ne.
7Konto kwaga ne, bena yana ma kɛ. Abisalom ma zaŋe dɛ dedwe o vo o ta de pɛ wom o we, “Jan ja! Pa-ne chwoŋa se a vo Heboron a kwei ni-gwonim delo a déem na tiŋi dedaane Baŋa Wɛ to. 8Amo déem na wo Gesura ne ye a zoore de Aram tiina bam to, mo a gwoni ni a we, ‘Baŋa Wɛ ná jwoori o ja-ne o ba Jerusalem, amo wó vo Heboron a ke kaanem a zuli‑o.’ ”
9Pɛ wom ma pa‑o chwoŋa. Abisalom ma seene o zaŋe o vo Heboron. 10O déem nam seigi o toŋe nɔɔna Isarele dwi tiina bam maama wone se ba vo ba ta we, “Abam ná tu á ba á ni nabwanno kwori, se á tɔɔle se ko taa vei we: Abisalom mo laam jigi pɛ Heboron ne.” 11Nɔɔna bia yalei ya tɔge de Abisalom ba nwoŋi Jerusalem ba kwogili‑o se ba vo Heboron. Ko ye o na bwoŋi-ba to ŋwaane mo ba déem dɛ‑o ba vo, ye ba yeiri boboŋe delo na wo o yuu ne to. 12Abisalom na tu o wora o ke kaanem dem konto to, mo o toŋe o bwoŋi Ahitofeli. Wonto déem ye David nakwa bam wone dedoa mo ye o nwoŋi Giloo. Balo na nwoŋi David kwaga ne to déem daga mo. Abisalom kwaga kɔgɔ kom ma fɔge ko puli dɛ maama ko ke dam.
David duri se o lu
13Nɔɔno déem ma duri o vo David tei o tole kolo na ke to o we, “Isarele tiina bam maama gɔge ba zo Abisalom kwaga kɔgɔ wone mo!”
14David ma ta de o nakwa balo na wo o tei ne Jerusalem wone to o we, “Pa-na se dé zaŋe dé duri dé nwoŋi da teo kom wone. Dé ná wo ke lela dé lu Abisalom jeŋa ne, o bá dáane o ba o yi debam, ye o go debam de dé teo kom nɔɔna maama.” 15O nakwa bam ma leiri‑o ba we, “Pɛ, dé ye nmo tontoŋena. Dé wó ke kolo maama nmo boboŋa na jaane se n ke to mo.”
16David ma ja o sɔŋɔ tiina de o nakwa bam maama o nwoŋi se o duri. O ma daare o ka-bi sem fuga teo kom wone se banto taa nii pɛ sɔŋɔ kom baŋa ne. 17Pɛ David na nwoŋi konto to, mo nɔɔna bam maama tɔge o kwaga ba via. Ba ma vo ba yi teo kom ni. Ba ma maŋe da ba zege fee. 18David jar-keira bam maama ma tɔge da ba kɛ yiga ba maa via. Banto maa ye Cherete tiina bam, de Peleti tiina bam, ko woli de Giti tiina bia yaredo (600) balo na nwoŋi Gafa ba ba ba tɔge David kwaga to.
19David ma ta de Giti tu Itayi o we, “Nmo tɔge debam kwaga se bɛ mo? N nwoŋi sa-teo mo n ba n ji veiru dé tetare ne. Nam jwoori Jerusalem se n ta‑n wo pa-dooro wom tei ne. 20Nmo na tu n me de amo to jege da yalei yerane mo. Kɔ nam mo wó pa se n ta‑n tɔge debam? Amo ta kare a beeri mo, a yeiri a na maa vei mɛ. Konto to, ja n jar-keira bam se á jwoori teo kom wo. Baŋa Wɛ wó taa ke‑m lanyerane de chega.”
21Itayi ma leiri‑o o we, “Pɛ, nmo na ŋwe to, amo dugi de Ŋwea Tu Baŋa Wɛ yere we, a lage a taa tɔge n kwaga mo se a vo mɛ maama n na wó vo to, ko ná maŋe ko ye toone de ŋwea wone mo de.” 22David ma ta‑o we, “Ko nam lana, kɛ yiga se dé taa via.” Itayi de o diga tiina dedaane o jar-keira bam maama ma tɔge de David kɔgɔ kom ba via.
23David dedaane o kwaga kam na maa nwoŋi Jerusalem teo wone to, balo na zoore jei sem maama ne to maa keeri ye ba chwoosa. O ma tɔge de-ba o vo o yi Kidoron nabara kam. Ba maama ma bɛ, ba vo ba kwei kagoa chwoŋa kam ba ma kɛa. 24Wɛ kaanem tiina Zadoki de Abiatara déem tɔge ba wora. Levi dwi tiina badwonna ma zeŋe Wɛ ni-gwonim dakaa kam ba tɔge-ba. Ba laam ma zoore-ka ba zege tega ne ye ba daa wo kwei-ka se ko taa nii maŋa kam nɔɔna bam maama na nwoŋi teo kom wone ba kɛ ba ti to.
25David ma ta de Zadoki o we, “Nam ja Wɛ ni-gwonim dakaa kam n jwoori Jerusalem wone. Baŋa Wɛ yi ná su amo totoŋa, o wó jwoori o ja-ne o ba se a ma a yi a na-ka, se a ta na Wɛ wara-vwei dem. 26O wo nam daa ná wo pwoli de amo, se o ke-ne o boboŋa yam na lage tei to.”
27O ta ma ta de Zadoki o woli da o we, “N wo nɛ na? Ja n bu Ahimaazi se á jwoori teo kom wone de yazura. Abiatara dedaane o bu Jonatan de wó tɔge‑m ba vo. 28Amo wó vo kagoa kam wo a vo a yi jei selo chwoŋa kam na tɔge bu-tola ka bɛ to a maŋe da, se a cheigi kwora na wó nwoŋi abam tei ne ka ba ka pa-ne to.” 29Zadoki dedaane Abiatara ma ja Wɛ ni-gwonim dakaa kam ba jwoori Jerusalem wone. Ba ma maŋe da ba zoora.
30David déem ma diini Olivi peo kom yuu ye o chwoosa o via. O déem wo zo natera, ye o kwei gɔrɔ o ma kwoli o yibia o wo-chechɔgɔ kom ŋwaane. O nɔɔna bam de ma kwoli ba yibia, ye ba chwoosa ba via. 31Ba ma ta de David ba we, “Ahitofeli de nwoŋi nmo kwaga ne, ye o vo o woli kɔgɔ kolo na tɔge Abisalom kwaga to wone mo.” David na nigi konto to, o ma lwoori Wɛ o we, “Baŋa Wɛ! Nam pipiri Ahitofeli bera maama se ya ji jworim ya pa Abisalom.”
32David ma yɔɔre o di peo kom yuu o vo o yi mɛ nɔɔna na yeini ba zuli Wɛ to. Dáane mo o maŋe de Husayi. Wonto déem ye Ariki tu mo. O gwaaro tem ma kaare kaare, ye kasolo de taare o yuu kom. 33David déem ma ta‑o o we, “Nmo ná lage n ta‑n tɔge de debam, ko bá jwoŋi-ne. 34Nam sɛ se n jwoori teo kom wone. N ná yi da, se n ta de Abisalom we, ‘A beene se a ji n tontoŋeno mo. A nam wó taa toŋe a woli‑m, nenɛɛne a ya n na woli nmo kwo David tei to.’ Konto ná kea, nmo wó na chwoŋa se n vugimi Ahitofeli bera yam se ya yé zege. 35Wɛ kaanem tiina Zadoki dedaane Abiatara de wó taa wora. Soswea kalo maama nmo na wó ni pɛ sɔŋɔ ne to, se n lwoni n bere-ba. 36Ba bia Ahimaazi dedaane Jonatan de tɔge ba wora. Á ná tu á lɔre woŋo kolo maama, se á pa banto ba ba ta ba bere-ne kolo na wora to.”
37David badwoŋi Husayi ma jwoori o vo Jerusalem teo kom wo. O na yi da to, dedaane Abisalom de o kɔgɔ kom de yɔɔre ba maa zoore teo kom ne mo.",https://www.bible.com/bible/3661/2SA.15.KBG
2 SAMUWEL 16,"David dedaane Ziba taane
1Pɛ David na yɔɔre o gaale peo kom yuu se o kɛ to, mo Mefibosɛfi tontoŋeno Ziba pi o nwoŋi o zege da se o jeeri‑o. Wonto ya kwei bonɛ mo o vɔ wodiiru dedɛ o zeŋe o ja o ba. Wodiiru tem maa ye bworobwooru bia yalei, dedaane kekan-wogila bwɛ bi, de teeni bia badwonna bwɛ bi, dedaane sana lɔɔ kamunu.
2David ma bwei Ziba o we, “Nmo jege tento maama se n ma n ke bɛ mo?” Ziba ma leiri‑o o we, “Nmo diga tiina wó wane ba di bonɛ sem ba taa via. Ko ná ye wodiiru tem dedaane teeni bia bam, te ye n nɔɔna bam nyem mo se ba di. Sana bam maa ye se balo na wó ba ba bugi kagoa chwoŋa kam ne to nyɔ se ba yera jwoori ya na dam.”
3David daa ma bwei‑o o we, “Se Mefibosɛfi na ye n tu Sɔɔl naa to, o wo yei ne mo?” Ziba ma leiri‑o o we, “O maŋe Jerusalem ne mo ye o boŋe o we, ‘Isarele tiina bam laam wó kwei a kwo-nakwe paare dem ba jwoori ba pa-ne.’ ”
4David ma ta‑o o we, “Ko na ye konto to, wonnu telo maama Mefibosɛfi ya na tei to mo, amo laam kwei-te a pa nmo se te ji nmo nyem.” Ziba ma leiri‑o o we, “Amo tu, a ke nmo lei. Amo ye nmo tontoŋeno mo. Wɛ wó pa se a kikia taa sui nmo yi maŋa maama.”
Simeyi sɔɔle lwarem o yage David yuu ne
5Pɛ David déem ma o vo o twɛ Bahurim teo kom. Nɔɔno wodwoŋi ma nwoŋi o jeeri‑o ye o sɔɔle lwarem o daŋe o yuu ne. O yere mo Simeyi. O kwo yere maa ye Gera, ye o nwoŋi Sɔɔl dwi dem wone. 6Simeyi maa jege kandwa o dole David dedaane o dedɛɛra bam, de David babɛ sem maŋe ba gilimi‑o mo ba ke tetare ne. 7Simeyi maa jege David o twea ye o we, “Vei daa, vei daa! Nmo ye nɔn-goro! Nmo tiini n ye nɔn-wo-koro mo de! 8Nmo vere Sɔɔl paare dem n jwoŋi, ye n daare n go o diga tiina bam dedɛ. Konto nam mo pɛ se Baŋa Wɛ wora o ŋwe jene dem konto n yuu ne. O jwoŋi paare dem mo o pa n bu Abisalom. Ko wó ni‑m, nɔn-goro!”
9Zeruya bu Abisayi ma ta de David o we, “Pɛ, kukuri-teka kanto wo maŋe se o taa jege‑m o yaala. Pa-ne chwoŋa se a yi a gwoni o yuu kom a de tega ne.” 10David ma leiri o we, “Abam Zeruya bia bam, á yiga mo ka kɔ? Baŋa Wɛ mo ná tage de Simeyi se o sɔɔle lwarem o yage amo yuu ne, nɔɔn-nɔɔno ba jege chwoŋa se o che‑o.”
11David laam ma ta de Abisayi de o dedɛɛra bam maama o we, “Amo tete bu-lora mo beeri-ne se o go. Benjamin tu wonto laam mo wó yage-ne na? Yage-o-na se o sɔɔle lwarem dwi delo maama o na lage to. Baŋa Wɛ ga mo we o ke konto. 12Baŋa Wɛ nam daa ná nɛ a cham dem, o wó wane o pipiri sɔɔlem dento zem se de ji swolim de pa-ne.”
13David de o kwaga kam maa lɛɛre ba vei chwoŋa kam yuu ne. Ba na maa vei to, Simeyi maa dale zwoŋo kom teiŋa o tɔge-ba, ye o sɔɔle o yage ba yuu ne, o daare o dole-ba de kandwa. O ta maa tae fwogo o ke ba yera ne.
14Pɛ David dedaane o nɔɔna bam déem ma vo ba yi Jɔdan buga kam. Ba maama ma tiini ba bugi. Ba ma maŋe da ye ba yera zuri.
Husayi dedaane Ahitofeli bera yam
15Abisalom dedaane Isarele tiina bam maama ma vo ba zo Jerusalem teo kom wo, ye Ahitofeli tɔge o wo ba wone. 16Ariki tu Husayi na ye David badwoŋi to de ma vo o zo teo kom. O ma vo o yi Abisalom tei o ta‑o o we, “Pɛ, Wɛ wó pa se n paare dem taa wora taa wuu!”
17Abisalom ma bwei‑o o we, “Nmo de David badwoŋo kom chɔge lela mo na? Bɛ mo ke ye n wo dɛ ded‑o n viiri?” 18Husayi ma leiri‑o o we, “Amo jege se a tɔge pɛ wolo Baŋa Wɛ na kuri to mo, wolo kɔgɔ konto dedaane Isarele tiina bam maama na kuri se o taa ye pɛ to. A nam wó kwei a chega maama mo a pa‑m. 19Ko na woli da to, a laam lage a taa toŋe a pae a tu wom bu mo. Amo nam wó toŋe a woli nmo de, nenɛɛne a déem na toŋe a woli n kwo tei to.”
20Abisalom laam ma bwei Ahitofeli o we, “Dé na tu dé wora to, bɛ mo dé laam wó ke? Nmo boboŋa yam ye tɛ mo?” 21Ahitofeli ma leiri‑o o we, “Zaŋe n vo n peini de n kwo ka-bi selo o na duri o daare se ba leeni ba taa nii o sɔŋɔ kom to. Nmo ná ke konto, Isarele tiina bam maama wó lɔre we n kikia maama lwoi n kwo momwa ne mo, de n na chɔge o yiga tei to ŋwaane. Ko maa wó pa se balo maama na tɔge‑m to fɔge ba na baare.” 22Ba ma di pɛ sɔŋɔ kom nayuu ba chwi vwei ba pa Abisalom. Abisalom ma zo de wone o lage o kwo ka-bi sem maama ye Isarele tiina bam maama zege ba nia.
23Da yam konto ne Abisalom déem sɛ o tɔge kwea yalo maama Ahitofeli na pɛ‑o to, nenɛɛne o kwo David de ya na sɛ o tɔge-ya tei to. Ahitofeli taane maama déem nye de o bwei o jwoŋi-de Wɛ tete tei ne mo ye o ta.",https://www.bible.com/bible/3661/2SA.16.KBG
2 SAMUWEL 17,"Husayi bere Abisalom se o sa chwoŋa
1Konto kwaga ne Ahitofeli ma ta de Abisalom o we, “Pa-ne chwoŋa se a kuri nɔɔna morro fuga-telei (12,000), se dé nwoŋi tete dento dé vo dé beeri David jei dé ja. 2Ko na ye tei to, amo wó vo a zaŋe o baŋa ne de o tiini o bugi ye o vɔna de pare. Amo wó pa o bochare di, pa se o nɔɔna bam maama duri ba daare‑o. A laam wó go pɛ David yerane, 3se a daare a ja o nɔɔna bam maama a jwoori a ba a ke nmo kwaga ne. Nɔɔno wolo nmo na beeri to yerane ná tega, ba maama wó jwoori n tei ne de ba yazura.” 4Ahitofeli kwea yam konto déem maa lana ya pae Abisalom dedaane Isarele nakwa bam maama.
5Abisalom ma ta o we, “Dé nam daa wó cheigi Ariki tu Husayi de kwora mo se dé lɔre wonto boboŋa na ye tei to.” 6Husayi ma zo o tei ye Abisalom ta o we, “Ahitofeli bere we dé ke tento mo. Dé wó sɛ o ni dem naa, nmo de wó bere debam dé na wó ke tei? Nam ta se dé nii.”
7Husayi ma leiri Abisalom o we,
“Amo tei ne, Ahitofeli na pɛ kwea yalo tento to ba lana. 8Nmo maŋe n yei we n kwo de o nɔɔna bam ye babɛ mo chekke. Leile konto ba laam jei de ban-zɔŋɔ mo nenɛɛne ba na vere nywoŋ-kura bia ba daare-ka tei to. Ko woli da, nmo kwo na ye jara-keim bembea to ŋwaane, tete dento o bá peini o nɔɔna bam na tigi mɛ to. 9Tento wɛɛne o beeri peo bɔɔne, naa gugworo kodwoŋi mo o seigi da. Wonto wae o lwoori yiga o nwoŋi o jeeri debam de jara. Nɔɔna laam ná niga, ba wó ta ba we, ‘Hei! Ba wane Abisalom kɔgɔ kom, ye ba dedɛ te.’ 10Konto wó pa se nmo jar-keira babɛ sem tete vɔna pare, ye foone zo-ba. Isarele tiina maama nam maŋe ba yei n kwo na tiini o yei jara laŋa tei, dedaane o jar-keira bam na ye bembɛ chekke tei to.
11Kwea yalo amo na jege to mo tento: la Isarele tiina bam maama n ke daane, ko na zege Dan laŋa kam seeni se ko yi Beeriseba to. Nmo jar-keira bam kɔgɔ laam maa wó taa daga ne naneo ni kasolo tei. Nmo tete laam wó da ba yiga se á vo á ke jara yam. 12David ze ná wo mɛ de mɛ maama, dé wó beeri o jei dé yi‑o. De wó to o baŋa ne dé li‑o mo nenɛɛne nyɔnɔ na toe tega ne tei to. Konto mo David de o jar-keira bam wolowolo daa bá daare, de dedoa de. 13O ta ná maŋe o duri se o zo teo kamunu kolo wone de, dé kɔgɔ kom maama wó beeri ŋone mo ba kwei ba vɔ teo kom konto kandwa yam ba tuuri ba ja ba tu bwolo tega. Teo kom konto kandwɛ dedwe tete daa bá daare de taa zege da.”
14Abisalom dedaane Isarele nakwa bam maama ma ta ba we, “Husayi bera yam jege kuri ya dwoi Ahitofeli nyena yam.” Kokuri to, Baŋa Wɛ na lage se lɛɛro ba Abisalom baŋa ne to ŋwaane, o déem tɔge chwoŋa kam konto mo se o pa Ahitofeli bera yam yé zege, de ya na maŋe ya lana to de.
15Husayi ma zaŋe o vo Wɛ kaanem tiina Zadoki de Abiatara tei o tole kolo na ke to o bere-ba ye o we, “Ahitofeli ya bere Abisalom dedaane Isarele nakwa bam se ba ke tento de tento mo, amo de ma bere-ba se ba ke tento de tento. 16Konto nam ke-na lela á toŋe kwora David tei ne we, zem tete ne o yé maŋe kagoa kam ne o peini buga kam ni ne. O nam jege se o bɛ Jɔdan buga kam lela o kɛ o vo yiga, se ba yé ba ba di o dedaane o nɔɔna bam maama.”
17Jonatan de Ahimaazi déem kɔre se ba zo Jerusalem teo kom wo, se nɔɔna wó na-ba mo. Konto ŋwaane ba ma yeini ba seigi En-Rogele ne se bukɔ bu ja kwora kalo maama na wora o ba o pa-ba se ba de laam vo ba ta de David. 18Dɛ dedwe nɔn-doŋo kodwoŋi ma na-ba ye o vo o ta o bere Abisalom. Jonatan de Ahimaazi ma ke lela ba duri ba vo Bahurim ba seigi nɔɔno wodwoŋi sɔŋɔ ne. Vole déem wo o konkɔlɔ wone. Nɔɔna balei bam ma tu de wone. 19Nɔɔno wom kaane ma kwei woŋo o ma o pu vole dem ni, ye o daare o jare mena de baŋa ne. Ko ma pa se nɔɔn-nɔɔno yeiri kolo na wora to.
20Abisalom dedɛɛra bam ma vo ba yi kaane wom tei ye ba bwei‑o ba we, “Ahimaazi dedaane Jonatan wo yei ne mo?” Kaane wom ma leiri-ba o we, “Ba bɛ buga kam mo ba kɛ.” Nɔɔna bam ma beeri-ba ba ga, ye ba jwoori Jerusalem wone.
21Abisalom dedɛɛra bam na kɛ ba daare to, mo Ahimaazi dedaane Jonatan nwoŋi vole dem wone ba duri ba vo ba yi David tei. Ba ma tole kolo maama Ahitofeli na ŋɔɔne ko vo David seeni to, ye ba daare ba ta ded‑o ba we, “Ke lela n zaŋe n bɛ buga kam!” 22Sento nɛ sem ni ne mo David dedaane o kwaga kam maama zaŋe se ba taa bɛ Jɔdan buga kam. Tega na jege ka poore to, dedaane ba maama déem bɛ buga kam mo, ba dedoa daa wo daare.
23Ahitofeli na maane we Abisalom de Isarele nakwa bam ve se ba sɛ o bera yam to, mo o diini o bonaga o jwoori o tete sɔŋɔ Giloo ne. O na yi da to, mo o bere o sɔŋɔ tiina ba na wó ke tei ne o ná tera. O laam ma kwei ŋona o vo o kuuni o tete o te. Ba ma kwei‑o ba suli o kwoa di-dwoŋo ne.
24Abisalom dedaane Isarele kɔgɔ kom maama déem ma vo ba bɛ Jɔdan buga kam, dedaane David duri o vo o yi Mahanayim teo kom. 25Abisalom nam ya pɛ se Amasa mo leiri Joaba yuu ne o ji o jar-keira bam yiga tu. Amasa kwo yere mo ye Jefere. O maa ye Isameli tu. Amasa nu déem ye Nahasi bukɔ Abigali, Abigali maa ye Joaba nu Zeruya choro.
26Abisalom dedaane Isarele tiina bam ma vo ba chwi ba vwoa Gilead laŋa kam ne.
27David na yi Mahanayim to, mo nɔɔna batɔ déem jeeri‑o. Banto wo dedoa ye Nahasi bu Sobi na nwoŋi Amon tiina teo Raba to mo. Wodwoŋi maa ye Ameli bu Makira na nwoŋi Lo-Debara to. Batɔ tu wom maa ye Gilead tu Bazilayi na nwoŋi Rogelim to. 28Banto maama ma ja sare, de zwe, de kambi, ko ta woli de wodiiru dwi dwi ba ba ba pa-ba. Wodiiru tem maa ye mena, de muni, de men-wɔa, dedaane swoona, de sia, 29de tooro, de nayela, ko woli de pei, dedaane nayel-pepala. Ba ma kwei tento maama ba pa David dedaane o nɔɔna bam se ba di. Kokuri to, ba déem tage mo ba we, “Kana dedaane na-nyɔm mo tiini ko chɛ nɔɔna bam, ba na wo kagoa kam ne ba vei taa ye ba tiini ba bugi to ŋwaane.”",https://www.bible.com/bible/3661/2SA.17.KBG
2 SAMUWEL 18,"Abisalom toone
1David déem ma jeeli o nɔɔna bam o ke daane, ye o laam pɔɔre-ba moro moro laŋa ne dedaane bi bi wone. O ta ma le yiga tiina o pa ba nii popɔra maama. 2O ma pɔɔre o jar-keira bam kuni betɔ. O ma kwei kɔgɔ dedoa o ke Joaba jeŋa ne. O nyaane Abisayi na ye Zeruya bu to de maa wo ba kɔgɔ dedoa yiga ne. Balo maama na daare to, o ma ke-ba Giti tu Itayi jeŋa ne. David laam ma ta o jar-keira bam maama o we, “Amo tete wó tɔge abam se dé vo dé kwaare jara yam.”
3Nɔɔna bam ma leiri‑o ba we, “Dé bá sɛ se n tɔge n vo. Dé dona bam ná pare debam ye dé duri se dé lu, konto dae kolokolo ba tei ne. Debam nɔɔna bam chichworo ná maŋe ba te jara wone, ko ta bá taa jege kuri ko pa-ba. Se ko ná ye nmo yerane, nmo gare debam nɔɔna morro fuga. Nam maŋe teo kom wone ywo, se dé ná lage wolim, se n pa se de yi debam. Konto wó taa gara.”
4Pɛ David ma leiri-ba o we, “Amo wó ke kolo maama na su abam yi to mo.” O ma lɛɛre o maŋe teo kom manchwoŋo kom ni ne o nii, ye jar-keira bam nwoŋi ba gwɛ ba maa kɛa, nɔɔna bi bi dedaane nɔɔna moro moro. 5David ma pa ni Joaba, de Abisayi, de Itayi ye o we, “Tɔge-na amo ŋwaane á zuri á yera de a bu Abisalom, se á yé ke‑o zonne.” David na tage botara kanto to de o jar-keira yiga tiina bam to mo nɔɔna bam maama nigi o ni dem konto.
6David jar-keira bam ma nwoŋi ba vo ba jeeri Isarele tiina bam de jara Efrayim goa kam seeni. 7Jara yam na chɛ to, David nɔɔna bam ma kwaane ba di Isarele tiina bam. Dento dɛ dem ne ba ma go nɔɔna morro finlei (20,000). 8Jara yam ma jage ya zo jei sem goa kam maama wone. Kagoa kam tete déem pɛ se nɔɔna dedɛ te, se ko dwoni jar-keira bam se-zɔɔro na go balo to.
9Jara yam wone mo, Abisalom duri o vo o to David nɔɔna bam badwonna wone. O déem dɔge bona-siseiŋa baŋa ne mo. O siseiŋa kam ma duri ka zo teeni dem na tiini de li mɛ to. O yuu ma gerege de tei-zɔŋɔ kodwoŋi nɛ, pa se o leigi wɛɛne, o ware se o jwoŋi o tete o yage. O siseiŋa kam ma duri ka kɛ ka daare‑o pa se o sagele tio kom nɛ sem ne.
10David nɔɔno wodwoŋi ma na‑o ye o duri o vo o ta o bere Joaba o we, “Amo nɛ Abisalom na sagele tio nɛ ne!” 11Joaba ma ta de nɔɔno wom o we, “Bɛ? Nmo nɛ Abisalom mo ye n wo go‑o ka jeiga da? Nmo ya ná mage‑o n go, a ya wó pa‑m lu-nyenno sabu-dala fuga, ye a daare a pa‑m bembea tankila a woli da.”
12Nɔɔno wom ma leiri Joaba o we, “Nmo ná maŋe n jege lu-nyenno sabu-dala moro se n ke a jeŋa ne leile, a ta bá sɛ se a dwei pɛ bu wom. Kokuri to, dé maama zege mo ye pɛ David ta de nmo, de Abisayi dedaane Itayi o we, ‘Tɔge-na amo ŋwaane á che a bu Abisalom se nɔɔn-nɔɔno yé ke‑o zonne.’ 13Amo ya ná ve pɛ wom ni ye a paale a go Abisalom, pɛ daa ta wó ni ko ŋwa. Kokuri to, kolokolo ba seigi pɛ yiga ne. Nmo nam ya bá‑n zege a kwaga ne.”
14Joaba ma ta o we, “Amo bá wane a zuri a yera se a taa cheigi lara yanto!” O ma zaŋe o kwei chichwoa yatɔ o vo o yi tei-zɔŋɔ kom dedaane Abisalom ta ŋwe mo o sagele tio kom nɛ sem ne. Joaba ma le chichwoa yatɔ yam o zɔ Abisalom bochare ne. 15Joaba nɔn-donno fuga na zei o jara zela yam to laam ma yi ba gilimi Abisalom ba mage‑o ba go.
16Joaba laam ma pa ba wu nabɔnɔ se ko bere we jara yam ti. O jar-keira bam ma yage Isarele tiina bam zeilim ye ba jwoori o tei. 17Ba ma kwei Abisalom yera yam ba dole ba yage gwoŋ-chanluŋu wone, kagoa kam ne. Ba ma pɛ kandwa-kamuna ba ma li-ko pa se ya dogele baŋa baŋa. Konto maama to, dedaane Isarele nɔɔna bam maama duri ba jwoori ba sam mo.
18Abisalom déem ta na ŋwe to, o ya chwi kandwɛ-kamunu mo o zege Pɛ bwolo kom ne se ko taa bwoi o yere. O déem ya boŋe o tete ne mo o we, “Amo ba jege bakeira se o jwa bwoŋi a yere.” O ma kwei o tete yere o pa kandwɛ dem. De zem maama, ba ta bwoi-ko we, ‘Abisalom Kandwɛ’ mo.
David keeri Abisalom ŋwaane
19Zadoki bu Ahimaazi ma ta de Joaba o we, “Pa-ne chwoŋa se a duri a vo ta Pɛ David we Baŋa Wɛ jwoŋi‑o o yage o dona jeŋa ne.” 20Joaba ma leiri‑o o we, “Nmo zem ba jege kwor-ywoŋa se n ja n vo n pa pɛ. Ko wó taa ye dɛ dedwoŋi ne mo se ko dae zem. Kokuri to, pɛ wom bu mo tega.”
21Joaba ma daare o ta de Kusi tu na zege o tei ne to o we, “Véi n ta nmo yi na nɛ kolo maama to n bere pɛ wom.” Kusi tu wom ma tiiri tega ne o jɔɔne‑o ye o zaŋe o duri o maa kɛa.
22Zadoki bu Ahimaazi daa ta ma ta de Joaba o we, “Ko ná ye tei maama de, nam sɛ se amo de duri a saŋe Kusi tu wom kwaga a vo Pɛ David tei.” Joaba ma bwei‑o o we, “A bu, bɛŋwaane mo n yɔɔre n lage se n kwei kwora kam n ja n vo? Ka ba lage ka ja nyɔɔre ka pa nmo.”
23O ta ma fe ye o we, “De ko maama de, a ta lage se a vo mo!” Joaba ma ga laŋa kam ye o ta‑o o we, “Nmo de nam véi!” Ahimaazi ma zaŋe o kwei Jɔdan bwolo chwoŋa kam o duri o vo o gaale Kusi tu wom o kɛ.
24David déem nam ya jei teo kom manchwoŋo ni bworru telei tem tetare laŋa ne mo. Teo kom yereno ma vo o di o dɔge teo kom manchwoŋo kabira kam yuu ne. O ma nii o tole o na nɔɔno na duri o yerane o beene. 25Yereno wom ma tɔɔle o ta de Pɛ David. David ma leiri o we, “Kotu ná duri o yerane, ko bere we ko ye kwor-ywoŋa mo o jege o beene.”
Wolo na duri to ma tiini o vaŋe o twɛ-ba. 26Yereno wom daa ma tole o na nɔɔno wodwoŋi de na duri o beene. O ma tɔɔle o ta de manchwoŋo yereno wom o we, “Nii nɔɔno wodwoŋi de na duri o yerane o maa beena.” Pɛ wom maa we, “O de wó taa jege kwor-ywoŋa mo o beene.”
27Yereno wom ma zege kabira kam yuu ne o tɔɔle o we, “Amo na nɛ to, boboa nɔɔno wom duri nenɛɛne Zadoki bu Ahimaazi na yeini o duri tei to mo.” David ma leiri o we, “Wonto ye nɔn-ŋom mo. Tento wɛɛne o jege ta-ŋom mo o beene.”
28Ahimaazi na yi to, mo o tɔɔle o ta de pɛ wom o we, “Woŋo maama ke lam!” O ma vwi o yibia tega ne o jɔɔne pɛ wom ye o we, “Pɛ, n Tu Baŋa Wɛ maŋe de tia, o na pɛ se n di n dona balo na lɔge n kwaga ne to ŋwaane.”
29Pɛ wom ma bwei‑o o we, “A bu Abisalom jege yazura na?” Ahimaazi ma leiri o we, “Maŋa kalo Joaba na lage o toŋe amo dedaane n nɔn-doŋo wom se dé ba to, mo a nɛ kɔgɔ na gilimi ye ko maama ye vugima yerane. Amo nam yeiri kolo ŋwaane ba na ke sɔɔ kom to.”
30Pɛ wom maa we, “Kɛ n zege dáa ne!” Ahimaazi ma fɔɔre o zege dáa ne.
31Sento nɛ sem ne mo Kusi tu wom dɛ o yi. O ma ta o we, “Pɛ, a jege ta-ŋwom mo se a ta a bere‑m! Baŋa Wɛ zem jwoŋi nmo mo o yage balo maama na zaŋe ba zege se ba chɔge‑m to jeŋa ne.”
32Pɛ David ma bwei Kusi tu wom o we, “A bu Abisalom jege yazura na?” Kusi tu wom ma leiri‑o o we, “Amo tu, Wɛ wó pa se n dona bam de balo maama na lage ba lɔ n kwaga ne to ŋwea guri nenɛɛne nɔn-doŋo wonto zem na guri tei to.”
33Pɛ wom na nigi konto to, o wo ma tiini ko chɔge dedɛ. O ma vo o di o zo wɛyuu diga kalo na yeeri de teo kom manchwoŋo kom to o to keira ne. O na maa vei to, o tiini o kaase mo ye o we, “Amo bu Abisalom! Aaa! Abisalom, a bu ywoo! Amo ya mo ná tega ye nmo ŋwe, ko ya ba gara na? Aaa! Abisalom, a bu ywoo!”",https://www.bible.com/bible/3661/2SA.18.KBG
2 SAMUWEL 19,"David wo-chechɔgɔ kom
1Ba ma vo ba ta ba bere Joaba ba we, “Pɛ David tiini o keeri o bu Abisalom toone dem ŋwaane mo.” 2David jar-keira bam ma ni we o yɔɔre o keeri o bu lua kam mo. Ko ma pa se ba ware ba di ywoni dento dɛ dem ne, ye dɛ dem konto lɛɛre de ji wo-chechɔgɔ dɛ. 3Dento dɛ dem ne, nɔɔna bam lɔɔre mo ba jwoori ba zo teo kom wone, nenɛɛne nɔɔna na di-ba jara baŋa ne ye chaveera jege-ba tei to. 4David ma kwei o je o kwoli o yibia ye o kaase baŋa baŋa o we, “Aaa! A bu Abisalom! A bu ywoo!”
5Joaba ma zaŋe o vo o zo pɛ tei ye o ta ded‑o o we, “Nmo zem tiini n ke n jar-keira bam chaveera. Yé swei we banto mo jwoŋi nmo tete ŋwea, de n kaana ŋwea, de n bakeiri de n bukwa ŋwea, dedaane n ka-bi sem maama ŋwea ba yage! 6Nmo na ke tei to, ko nye de nmo swoi balo na chuli‑m to mo, ye n daare n chuli balo na swoi‑m to. Nmo zem bere jaja we n yiga tera de n jar-keira bam de n dedɛɛra bam maama. Amo maane we Abisalom ya ná ŋwe, ye debam maama te, konto ya wó pwoli nmo wo. 7Nmo nam ná lage chega, se n zaŋe n nwoŋi n vo n nɔɔna bam tei n pa se ba jwoori ba na baare. A dugi de Baŋa Wɛ yere we, nmo nam ná ve se n ke konto, se tega daa ta ná jege ka poora, nɔɔn-nɔɔno daa bá daare se kotu taa zege n kwaga ne. Konto, ko laam wó tiini ko ji lɛɛro mo ko pa‑m, se ko dwoni cham delo maama na tu n baŋa ne, ko zege n biini ne ko ba ko yi zem to!”
8Pɛ David na nigi konto to, o ma zaŋe o vo o jeini teo kom manchwoŋo kom ni ne. O nɔɔna bam ma ni we pɛ wom nwoŋi pwooni o jei da. Ba ma vo o tei ba gilimi daane o yiga ne.
David jwoori o zo Jerusalem teo wone
Isarele tiina balo na tɔge Abisalom kwaga to déem nam ya jwoori ba sam mo. 9Ba maama ma bobo se ba taa bwɛ daane ba we, “Pɛ David mo jwoŋi debam o yage dé dona jeŋa ne. Wonto ta mo vere debam o ja o nwoŋi Filisi tiina bam jeŋa ne. Abisalom laam ma zeili‑o pa se o duri o daare dé teo kom. 10Dé nam ya kuri Abisalom mo se o taa ye dé pɛ. O de ma te jara yam wone. Dé daa zege dé dáane se bɛ mo? Pa-na se dé vo dé ja Pɛ David dé jwoori dé ba ywo-seeni.”
11David ma toŋe kwora Wɛ kaanem tiina Zadoki de Abiatara tei ne o we:
“Véi-na Judah nakwa bam tei á ta de-ba we, ‘Isarele dwi tiina bam maama taane dem maŋe de to amo zwɛ ne. Bɛ mo pɛ se á ye balo na kweeli se á bwoŋi á pɛ wom se o jwoori sɔŋɔ? 12Abam ye amo chorro mo, á ye amo tete yera dedaane a jana. Bɛŋwaane mo abam nam maŋe kwaga ne, ye nɔɔna badwonna lwoori yiga ba bwoŋi-ne se a jwoori?’
13Nam ta véi-na Amasa tei á ta ded‑o we, ‘Nmo dae amo choro mo na? Wɛ wó pa se lɛɛro yi-ne nenɛɛne a na wo pɛ se nmo laam leiri Joaba yuu ne n ji a jar-keira bam yiga tu.’ ”
14David taane dem ma dwei Judah dwi tiina bam maama bochara. Ba ma ke ba ni daane ne nɔɔno dedoa tei, pa se ba toŋe kwora ba pa David ba we, “Ja n nɔɔna bam maama se á jwoori sɔŋɔ.”
15David déem ma zaŋe o kwei chwoŋa o maa jwoori Jerusalem. O na yi Jɔdan buga kam to, dedaane Judah tiina bam nwoŋi Giligal ne ba vo ba jeeri‑o se ba woli‑o se o bɛ buga kam. 16Gera bu Simeyi na ye Benjamin tu ye o nwoŋi Bahurim to de ma ke lela o tɔge o woli Judah tiina kɔgɔ kom wone se o da o jeeri Pɛ David. 17Benjamin dwi dem nɔɔna moro mo déem tɔge o kwaga, ko woli de Ziba na ye Sɔɔl kaba-kwea to, de wonto bia fuga-banu bam, de o tontoŋena finlei. Ba maama ma nwoŋi ba ke lela ba vo ba yi Jɔdan buga kam ni ba lwoori pɛ wom ye ba cheigi‑o. 18David na yi to, ba ma bɛ buga kam ba ja o diga tiina bam de ba zela yam ba jwoori ba bɛ. Ba déem ta ma ke kolo maama na tɔge pɛ wom boboŋa to.
Simeyi yera taane
Simeyi de ma bɛ o vo o yi Pɛ David tei. O ma to o vwi o yibia David yiga ne. 19O ma ta o we, “Pɛ, a lwoori‑m se n yage a keim-balɔrɔ kom n ma n chɛ-ne. Ko ná ye kolo amo ya na ke nmo yera ne, maŋa kam nmo na duri n daare Jerusalem to, yé kwei-ko n ke n yuu ne. 20Amo tu, amo lɔre lanyerane we a ke lwarem mo. Konto ŋwaane mo amo dɛ yiga Josɛf dwi tiina maama wone se a ba a jeeri‑m.”
21Zeruya bu Abisayi ma ta o we, “Simeyi maŋe se o te mo, bɛŋwaane o sɔɔle lwarem mo o yage wolo Baŋa Wɛ na kuri se o taa ye pɛ to yuu ne.” 22David ma leiri Abisayi o we, “Abam Zeruya bia bam! Á yiga mo ka kɔ? Abam zem mo jigi amo sebanyena na? Zem dɛ dento mo Isarale tiina bam jwoori ba pa-ne chwoŋa se a taa ye ba pɛ. Konto ŋwaane, ba bá go nɔɔn-nɔɔno zem.” 23Pɛ wom laam ma pipiri o ta de Simeyi o we, “Amo gwoni ni a pa‑m we, n bá‑n te.”
Mefibosɛfi yera taane
24Sɔɔl naa Mefibosɛfi de ma da o vo se o jeeri Pɛ David. Ko déem zege maŋa kalo David na nwoŋi Jerusalem ne to, se ko yi o daa na maa jwoori de yazura to maama, Mefibosɛfi wo dɔɔre o namimbi-bwori, o ta maa wo fane o tɔne, naa o zare o gwaaro. 25O na nwoŋi Jerusalem o ba o yi David tei konto to, o ma daane pɛ wom peiga. David ma bwei‑o o we, “Mefibosɛfi, bɛ mo ke ye n wo dɛ amo kwaga se dé kɛ?”
26O ma leiri o we, “Pɛ, nmo yei a na maŋe a ye gɔrɔ tei to. Konto mo tei a pɛ ni we ba ti a bonaga kam yiga ba pa-ne se a di a ma tɔge dede‑m. Amo tontoŋeno Ziba mo nwoŋi a kwaga ne. 27O ma chwo amo n yiga ne. Nmo nam yei woŋo maama kuri, nenɛɛne n ye Wɛ maleka mo tei. Ke kolo maama na wo n boboŋa ne se n ke to. 28Kokuri, amo kwo-nakwe dwi tiina bam yɔɔre ba maŋe se n ya go debam maama mo, ye n ta sɛ se amo taa tɔge a di nmo sɔŋɔ ne. Amo daa wó taa jege chwoŋa se a lwoori woŋo kodwoŋi nmo tei ne a woli da na?”
29Pɛ wom ma leiri‑o o we, “Daa‑n yé chɔge n ni. Amo pɛ ni se nmo dedaane Ziba pɔɔre tega kalo maama na ye Sɔɔl nyem to á pa daane.” 30Mefibosɛfi ma leiri o we, “Amo tu, o ná lage te maama, se o kwei o taa jega. Nmo na jwoori sɔŋɔ de n yazura to maŋe ko pa amo.”
Bazilayi yera taane
31Gilead tu Bazilayi de ma zege Rogelim ne o ba se o jeeri Pɛ David se ba bɛ Jɔdan buga kam, se o daare o yage‑o chwoŋa ne se o kɛ. 32Bazilayi déem nam tiini o kwe mo o yi bena funɔnɔ. Maŋa kam David de o nɔɔna bam na wo Mahanayim ne to, mo o déem jaane wodiu o vo o pa-ba, o na tiini o ye nadum to ŋwaane. 33David ma ta ded‑o o we, “Da n bɛ Jɔdan buga kam n tɔge debam se dé vo Jerusalem, se a taa nii n baŋa ne.”
34Bazilayi ma leiri pɛ wom o we, “A lage a da de nmo a vo Jerusalem a ke bɛ mo? Amo ŋwea daa bá daga. 35Amo jege bena funɔnɔ mo tento, ye a daa ware wopwolo de cham a pɔɔre daane. A daa ware a ni-wodiu ywoni. Nɔɔna ná leeni lei, a ba ni. Konto ŋwaane amo ná dɛ de nmo a vo sɔŋɔ, ko wó taa ye daanem yerane ko pa‑m. 36Pɛ, nam yage se a da dede‑m a bɛ Jɔdan buga kam, ye a kwogili‑m se dé yi yiga fee. Amo na ye n tontoŋeno to, konto wó taa ye zula yalo na maŋe de amo to. 37Pa-ne chwoŋa se a laam jwoori sɔŋɔ, se a vo a te a teo ne ye ba kwei-ne ba ke a kwo de a nu yibeela tei ne. Nam nii a bu Chimam mo tento. Wonto wó tɔge‑m se á vo Jerusalem. O wó taa toŋe o pa‑m, ye n de ná lage se n ke tei maama n pa‑o, n wae n ke.” 38Pɛ David maa we, “Tɔ. Chimam wó da amo o vo Jerusalem, se a ke kolo maama na wó pwoli n wo to a pa‑o. Ko daare, woŋo kolo maama nmo na wó ta‑n lage amo tei ne to, amo wó ke-ko a pa‑m.”
39David jar-keira bam maama laam ma bɛ Jɔdan buga kam. Pɛ wom tete de ma bɛ. O ma kukwori Bazilayi o bane‑o o yage chwoŋa ne pa se o jwoori o vo sɔŋɔ. 40Judah nɔɔna bam maama, dedaane Isarele nɔɔna bam chichworo mo déem kwogili David ba bɛ buga kam ba maa kɛa. Chimam de ma tɔge Pɛ David, ye ba kɛ ba vo ba yi Giligal.
41Ko déem na ke fee to, Isarele tiina bam maama maa yeini ba vei pɛ wom tei ye ba poona ba we, “Bɛ mo tei se dé chorro Judah tiina bam boŋe we banto yerane mo jege chwoŋa se ba jeeri nmo de n diga tiina bam de n jar-keira bam ye ba kwogili abam se á bɛ Jɔdan buga kam?”
42Judah tiina bam de déem ma leiri ba we, “Pɛ wom nwoŋi debam Judah dwi tiina bam wone mo. Bɛ mo ye keim dento daane abam pa se á bane zaŋe? Dé wo di pɛ wodiu, dé nam wo jwoŋi o kolokolo dé totoŋe dem ŋwaane.”
43Isarele tiina bam daa ma leiri-ba ba we, “Abam na tage á we á dwi dem nɔɔno ye Pɛ to, nam lɔre-na we debam ye Isarele dwia fuga nɔɔna mo, pa se debam tei‑o kuni fuga. Bɛ mo ye á tiini á gwooni debam konto? Yé swei-na we debam mo lwoori abam yiga dé ja boboŋe se dé vo dé ja pɛ wom dé jwoori dé ba sɔŋɔ.”
De ko de, Judah tiina bam déem ta ŋɔɔne wo-zɔŋɔ taane mo se ko dwoni Isarele tiina bam taane dem na ye tei to.",https://www.bible.com/bible/3661/2SA.19.KBG
2 SAMUWEL 20,"Seba nwoŋi David kwaga ne
1Bichiri bu Seba déem maa wo Giligal ne. O ye Benjamin dwi tu mo, ye o ta ye nɔn-wo-koro. O ma wu nabɔnɔ ye o tɔɔle o ta o we, “Isarele tiina bam, debam dedaane Jesse bu David dae daane. Dé yiga tera o paare dem wone! Pa-na dé jwoori-na sam.” 2Isarele tiina bam maama ma da ko ŋwaane ba nwoŋi David kwaga ne ye ba daare ba pɛ Seba kwaga ba pu.
Ko daare Judah tiina bam déem tiini ba meeli Pɛ David yera ne mo. Ba ma zege Jɔdan buga bam seeni ba kwogili‑o ba vo ba yi Jerusalem.
3David na jwoori Jerusalem o vo o zo o sɔŋɔ kom wone to, mo o jaane o ka-bi fuga selo o ya na yage se ba taa nii o sɔŋɔ kom baŋa ne to o ja o vo o seigi sɔŋɔ kodwoŋi ne. O ma pa se nɔɔna yere-ba, ye ba daare ba pa-ba ba ni-wodiu. Pɛ wom daa maa wo peini de-ba, ye ba lɛɛre ba maŋe dáane ba di kadeini taa se ba vo ba te.
4Pɛ David ma ta de Amasa o we, “Toŋe n bwoŋi Judah tiina bam, se n pa ba la daane. Pa se á maama da daane á ba ywo-seeni da yatɔ dɛ ne.” 5Amasa ma zaŋe o vo se o bwoŋi Judah tiina bam o ke daane. O ma dáane o kɛ dɛ dem pɛ wom na pɛ‑o to.
6David ma ta de Abisayi o we, “Dé ná wo ke lela, Bichiri bu Seba wó daane debam o dwoni Abisalom na ke tei to. Konto to, ja amo jar-keira bam n ke n kwaga ne se á vo á jeeri‑o de jara. Ko ná dae konto, o wó wane o vo o zo teene delo na lɔge de pe to wone, ye dé daa bá yi‑o.” 7Abisayi ma zaŋe o nwoŋi Jerusalem ne, ye Joaba de o nɔɔna bam, de Cherete tiina bam, de Peleti tiina bam, ko woli de jar-keira babɛ sem maama wo o kwaga ne. Ba ma nwoŋi ba vo se ba pare Seba ba ja. 8Ba ma vo ba maŋe de kandwɛ-kamunu kom na wo Gibeon ne to, dedaane Amasa tu o ba o jeeri-ba. Joaba déem ya zo o jara-keim gwaaro tem mo ye se-zɔɔ laam vɔ o teiŋa seeni. O ma fɔɔre se o vo o yi Amasa tei ye seo kom wo ko pwolo wone.
9Joaba ma jɔɔne Amasa ye o we, “Amo choro, n jege yazura na?” O ma daare o ma o jazem o ja Amasa o tɔne seeni o yi o yera nenɛɛne o lage se ba kukwori daane mo tei. 10Amasa nam wo jeeli we Joaba zei seo mo o jagwia ne se o ga ke‑o woŋo. Joaba ma kwei seo kom o zɔ Amasa puga ne pa se o loro ta te nwoŋi te to tega ne. Joaba daa wo zɔge‑o o ke belei, Amasa na maŋe o te lela to ŋwaane. Joaba de o nyaane Abisayi daa ta ma to chwoŋa ne se ba pare Seba ba ja.
11Joaba nɔn-doŋo wodwoŋi ma vo o zege Amasa yera yam baŋa ne o tɔɔle o we, “Abam wolo maama yiga ná wo Joaba de David wone, se kotu zaŋe o taa tɔge Joaba kwaga.” 12Amasa déem ma te o tigi pempale dem tetare ne. O ma bibili o jana bam wone. Joaba nɔɔno wom ma maane we wolo maama ná yeini o yi too wom na wo mɛ to, kotu yeini o zege da o nii mo. O ma tuuri Amasa o ja o kɛ pempale dem dáa ne. O ma tiŋi‑o gaao ne, ye o daare o kwei gɔrɔ o ma o kwoli‑o. 13O na pɛ se Amasa yera yam daa ba tigi pempale dem tetare ne to, jar-keira bam maama ma tɔge Joaba kwaga se ba beeri Seba ba ja.
14Seba déem nam ya kaare Isarele dwi maama laŋa ne mo ye o laam vo o yi Abel Bɛte-Maaka. Bichiri dwi tiina bam maama ma tɔge ded‑o ba zo teo kom wone. 15Joaba de o nɔɔna bam ma vo ba pu teo kom maama se ba ja Seba. Ba ma pɛ kasolo ba lɔ taara ba sale teo kom kabiri sem teiŋa ne. Ba maa kwori ba jege da-kwollu kamuna ba kuusi teo kom kabiri sem se se bwori se to tega ne. 16Kaane wodwoŋi déem nam ya wo teo kom ne ye o swa gaale. O ma zege ko kabira yera ne o tɔɔle o ta nɔɔna bam o we, “Cheigi-na! Cheigi-na! Bwoŋi-na Joaba se o fofɔ o twɛ ywo-seeni, se a lage a ŋɔɔne ded‑o mo.”
17Joaba ma vo o twɛ‑o. Kaane wom ma bwei‑o o we, “Nmo mo ye Joaba to na?” O ma leiri o we, “Ɛɛ.”
Kaane wom ma ta o we, “A kwo, nam fɔge n cheigi kolo amo na jege se a ta to.” Joaba ma leiri‑o o we, “Ta‑n tɛa, se a de cheiga.”
18O laam ma ta o we, “Faŋa tu mo we, ‘Wolo ná lage se o taane kwɛ, kotu wó vo Abel teo mo, se de kwɛ.’ 19Tɔ. Debam teo kom tiini ko jege kuri ka pa Isarele dwi tiina maama mo. Dé ye balo na lage chega de yazura tɔgem mo dé gaale. Bɛ mo ke ye á kwaane se á chɔge teo kolo na ye Baŋa Wɛ nyem to?”
20Joaba ma leiri‑o o we, “Ko fɔge ko dae konto! A bere a maŋe a wo ke a boboŋa ne se a chɔge abam. 21Ko dae we dé boŋe se dé chɔge á teo kom. Ko ye nɔɔno dedoa yerane ŋwaane mo dé tua. Nam ja Bichiri bu Seba na nwoŋi Efrayim zwonnu laŋa kam ne to n pa debam, se dé wó kɛ de daare á teo kom. Kokuri to, wonto mo vaŋe kɔgɔ o ke o kwaga ne se ba ve Pɛ David.” Kaane wom maa we, “Ta‑n cheiga, se dé wó da kabira kam baŋa dé dole o yuu dé de tega ne dé pa‑m.”
22Kaane wom ma ja o boboŋ-laao kom o vo teo kom tiina tei. Ba ma gwoni Seba yuu, ba daare ba dole-ko ba de Joaba yiga ne. O de ma wu nabɔnɔ se o ma o gwɛɛne jara yam. O de o nɔɔna bam ma viiri ba daare teo kom, ye ba maama jwoori ba sam. Joaba de ma jwoori pɛ wom tei Jerusalem ne.
Pɛ David dedɛɛra bam
23Joaba déem mo wo Isarele jar-keira bam maama yiga ne.
Jehoyada bu Benaya de maa wo Cherete tiina bam dedaane Peleti tiina bam yiga ne.
24Adoniram déem mo ye fefeo totoŋa yam yiga tu.
Ahiluda bu Jehosafate maa nii woŋo maama se o popone-te o tiŋi.
25Seeva déem mo ye pɛ wom tɔn-poponno.
Zadoki de Abiatara maa ye Wɛ kaanem tiina. 26Jayiri tu Yira de déem wo David kaanem tiina bam wone mo.",https://www.bible.com/bible/3661/2SA.20.KBG
2 SAMUWEL 21,"Gibeon tiina bam bochara zuri
1Maŋa kalo David déem na di paare to, mo kana tu ka zo tega kam bena yatɔ ya saŋe daane. David ma ja Baŋa Wɛ teiŋa ka ŋwaane. Baŋa Wɛ ma ta o bere‑o o we, “Ko ye Sɔɔl de o diga tiina bam na ye nɔn-gora ye ba go Gibeon tiina bam to ŋwaane mo tei konto.”
2Banto déem dae Isarele dwi tiina. Ba maa ye Amori tiina balo na daare ba dwi dem wone to. Isarele tiina bam déem ya dugi we ba bá chɔge-ba. De ko de, Sɔɔl déem tiini o kwaane se o ti ba dwi dem mo, o na jege boboŋ-dɛɛra se o woli Isarele tiina de Judah tiina to ŋwaane.
David ma bwoŋi Gibeon tiina bam, 3ye o bwei-ba o we, “Abam lage se a ke tɛ mo se ko pa á wo to? Dé lage se dé fɔge dé kwɛ tusim dem, se Baŋa Wɛ da abam ŋwaane o swɛ o nɔɔna bam swolim.” 4Gibeon tiina bam ma leiri ba we, “Sabu-seŋa de lu-nyenno bá wane te kwɛ tigura kalo na tigi debam de Sɔɔl dwi dem laŋa ne to. Dé nam ba jege chwoŋa se dé pa nɔɔn-nɔɔno te Isarele tiina bam wone se ko ma fɔge keim dem.”
Pɛ wom laam ma ta o we, “Abam nam we a ke bɛ mo a pa abam?” 5Ba ma leiri‑o ba we, “Sɔɔl déem yɔɔre o boŋe se o ti dé dwi dem mo, se dé yé daare Isarele tega kam baŋa ne. Konto mo pɛ se o kwaane o go debam dedɛ. 6Nam le baara barepɛ o dwi dem wone n ja n ba n pa debam. Debam de maa wó ja-ba dé vo Sɔɔl tete teo Gibea, o na ye pɛ wolo Baŋa Wɛ déem na kuri to. Teo kom konto ne mo dé wó go-ba dé yage Baŋa Wɛ yiga ne.” Pɛ wom ma ta-ba o we, “Amo wó ja-ba a ba a pa abam.”
7Ko daare, Pɛ David guli ni-gwonim delo o de Sɔɔl bu Jonatan déem na ke ba pa daane Baŋa Wɛ yiga ne to. O ma yage Jonatan bu Mefibosɛfi se ba yé go‑o. 8O ma daare o ja Aramoni de Mefibosɛfi wodwoŋi. Banto déem ye bakeiri selei selo Aya bukɔ Rizapa na loge de Sɔɔl to mo. O daa ta ma ja bakeiri senu selo Sɔɔl bukɔ Meraba na loge de o baro Adireli to. Adireli maa ye Mehola tu Bazilayi bu. 9David ma kwei baara barepɛ bam konto o ke Gibeon tiina bam jeŋa ne. Ba de ma jwoŋi-ba ba ja ba vo peo yuu ne ye ba go-ba ba yage Baŋa Wɛ yiga ne. Ba maama barepɛ bam tɔge daane ba te mo. Ko déem ke ko maŋe de chaara zagem maŋa mo.
10Aya bukɔ Rizipa déem ma kwei gare-nyenyaaro o ja o di peo kolo yuu twa bam na tigi to. O ma lware gɔrɔ kom o jei pelɔrɔ kom baŋa ne. O ma maŋe da o jeini, ko na zege faao ni ne se ko jwoori ko vo ko yi doa nenem maŋa to. Wea maama, o maa yeini o zeili zuna, se ba yé jeini twa bam baŋa ne. Tete ne de, o ta zeili kago-vara mo se ba yé di-ba. 11David na nigi kolo Sɔɔl ka-bia Rizipa na ke to, 12o ma zaŋe o vo Jabese Gilead se o jwoŋi Sɔɔl dedaane o bu Jonatan kwi sem nɔɔna bam konto tei ne. Maŋa kalo Filisi tiina bam ya na go Sɔɔl de Jonatan Giliboa peo kom yuu ne ye ba daare ba pale ba yera yam Bɛte-San teo kom pwooni ne to, ko ye Jabese Gilead tiina bam mo déem vei ba ŋɔ kwi sem ba ja jwoori ba teo kom. 13David ma jwoŋi Sɔɔl dedaane Jonatan kwi sem ba tei ne ye o daare o vo o pɛ nɔɔna barepɛ bam Gibeon tiina bam na go ba yage to de kwi sem o woli da. 14Ba ma kwei Sɔɔl de Jonatan kwi sem maama ba ja ba vo ba suli Sɔɔl kwo Kisi yibeeli dem wone. Benjamin laŋa kam teo Zela ne mo konto. Ba ta ma ke kolo maama Pɛ David na pɛ ni se ba ke to. Ba na ke konto maama ba ti to, Baŋa Wɛ laam ma sɛ ba teo kom wɛ-lworo.
David kwaare jara de Filisi tiina
15Filisi tiina bam déem daa jaane jara mo ba jeeri Isarele tiina bam. David ma zaŋe o tɔge de o jar-keira bam se ba vo ba ja jara de-ba. Jara yam wone mo David tiini o bugi dedɛ. 16Nɔɔno wodwoŋi déem tɔge o wora, o yere mo Isibi-Benoba. O nwoŋi nɔn-sawaaro dwi dem wone mo. O chichwei dem dunni déem tiini de gaale de dwoi channa kilo tetɔ (3), ye o vɔ se-zɔɔ-doŋo o yera ne. O boboŋa ma ja se o go David. 17Zeruya bu Abisayi ma vo David tei o jwoŋi‑o o yage. O ma mage Filisi tu wom o go. Pɛ David nɔɔna bam ma da ko ŋwaane ba gwoni ni ded‑o ba we, “Dé daa bá sɛ se n da debam n vo jara wone. Kokuri to, Isarele tiina bam maama teena daŋe nmo baŋa ne mo. Dé teena yam konto ba jege se ya jei.”
18Ko kwaga ne, Filisi tiina bam daa ma ke jara de Isarele tiina bam Goba teo ne. Husaa teo nɔɔno Sibekayi ma go nɔn-sawaara dwi tu wodwoŋi, o yere mo Safi.
19Isarele tiina bam daa ta ma kwaare jara de Filisi tiina bam Goba ne. Bɛtelehem tu Jayiri bu Elihanan déem go Giti tu Goliafe choro wodwoŋi. Wonto chichwei dem daga de dwoi gare-yi sɔɔna da-kwolo na mae tei to.
20Jara yadwonna daa ma ke Gafa teo ne. Filisi tiina bam babea kadwoŋi maa wora o de na ye nɔn-sawɔrɔ. O jeŋa maama déem jege nwa baredo baredo mo. O namimbia de maa ye baredo baredo. 21O maa jege Isarele tiina bam o twea. David zembaaro Samma bu Jonatan ma zaŋe o go‑o.
22Filisi tiina bana bam konto déem mo ye nɔn-sawaara dwi dem tiina na nwoŋi Gafa ne to. David de o nɔɔna bam nam mo go-ba.",https://www.bible.com/bible/3661/2SA.21.KBG
2 SAMUWEL 22,"David na leeni o seini Wɛ tei to
Lei 18:1-50
1 Baŋa Wɛ déem na yɔɔre o jwoŋi David o yage o dona maama jeŋa ne dedaane Sɔɔl jeŋa ne to, mo David dɛ ko ŋwaane o pane leiŋa kanto se o ma o seini Baŋa Wɛ. 2O ma leeni o we:
Baŋa Wɛ mo ye amo dam jeiga,
de amo jwoŋinu.
O nye de peo mo o pa-ne.
3Amo Tu Wɛ nye de peo gugworo,
a na dale da to mo.
O maa yeini o kwoli-ne
ne jara nantana na kwoli nɔɔna jara wone tei to.
O maa jege dam se o ma
o vere-ne cham wone.
O maa kwori o ye amo dalem jei,
de amo vereno.
O jwoŋi-ne vuvuga maama wone mo o yaga.
4Amo yeini a bwoŋi Baŋa Wɛ yere mo.
O de maa jwoŋi-ne o yage
a dona jeŋa ne.
Wonto maŋe se nabiina taa tei‑o mo.
5Toone déem kekare-ne de vɔ,
nenɛɛne na-fɔrɔ na lage
ko pu nɔɔno ko ja tei to.
Ko nam ya gɛ fee mo
se chɔgem yi-ne.
6Ko nye de churu chwoŋa ŋoge ŋone mo ka vɔ amo ka tiŋi.
Toone de ma che kalanchogo
a chwoŋa ne de cheigi-ne.
7Lɛɛro na tiini te jege-ne to,
mo a bwoŋi Baŋa Wɛ yere.
A ma keeri a jare a Tu Wɛ
se o zeini-ne.
O maa zege o sɔŋɔ kom ne
o ni amo kwora.
Amo keira kam ma to o zwa ne,
ye o woli-ne.
8Tega baŋa maama maa ziziŋi
ye ka yera sae.
Peero tem de maa ziziŋi,
Wɛ ban-zɔŋɔ kom ŋwaane.
9Nyoa maa tɔge o momwa
ka nwoŋa.
O ta ma daare o twi min-vogo
de min-chala,
ye ya tɔge o ni ne ya nwoŋi
ya di wonnu bugi-bugi.
10O ma kɔɔre wɛyuu kom
nenɛɛne diga ni gɔrɔ to,
ye o laam daare o tu tega kam baŋa ne.
O na maa tu to,
mo kunkwon-lilirru wo
o nɛ kuri ne.
11O diini cherubi mo
o jaane o maa kɛa.
Vio kom vɔna baŋa ne mo
o tɔge da o via.
12Lim mo o kwei o ma pu o tete.
Kunkwon-lilirru telo na pae do-fɔrɔ to ma kwoli‑o.
13Pwooni maa wo o yiga ne de nyeena,
ye min-chala yam jaane ya di min-vogo.
14Yuu-tu Baŋa Wɛ ma zege wɛyuu ne o bage de dam.
O kwora kam ma dɔne ka to nɔɔna zwa ne.
15O ma ta o che-tɛɛra yam,
pa se o dona bam jage.
O ma pa doa pepele ka zeili-ba
ye ba duri ba jei.
16 Baŋa Wɛ bane na zaŋe
ye o bage o dona to,
mo naneo kom na bam pɔgele
pa ko kuri nae jaja.
Wɛ na fi o momwa to,
tega kam gugworru maama ma ziziŋi
pa te tigi ja.
17 Baŋa Wɛ ma zege wɛyuu ne o twe o jeŋa o ja amo.
O ma liiri-ne o ja o nwoŋi na-luŋa wone.
18O yɔɔre o jwoŋi-ne mo o yage a dona jeŋa ne,
kokuri to, balo na chuli-ne to tiini ba dana ba dwoi-ne.
19Amo ya wo lɛɛro wone mo
ye a dona bam chuchugi-ne.
Baŋa Wɛ nam tu o teili-ne
pa se a zege cheppe.
20O woli-ne mo o pa a nwoŋi cham wone.
O ma yɔɔre o jwoŋi-ne o yage,
se a taa wo pwooni yiga ne,
o wo na dɛ amo to ŋwaane.
21 Baŋa Wɛ ke-ne lanyerane
a na tɔge chega chwoŋa to ŋwaane.
Amo na toŋe chega to,
mo o jwoori o ŋwe-ne konto dwoŋi.
22Amo yɔɔre a tɔge Baŋa Wɛ chwei sem mo.
A wo ywori a Tu Wɛ kwaga ne
se a daare a toŋe lwarem.
23O nia yam maama mo amo tɔga.
A maa wo ve chullu telo o na pɛ to.
24A jege chega mo o yiga ne,
a na cho a tete dedaane lwarem to ŋwaane.
25Ko ma pa se o jwoori o ke-ne lanyerane,
de a na tɔge chega chwoŋa
ye a kwori a toŋe chekke to ŋwaane.
26Amo Tu Baŋa Wɛ!
Nmo yeini n jege chega mo
de balo na jege chega ba pa‑m to.
Balo na jege bora n yiga ne to mo,
nmo yɔɔre n toŋe lanyerane n pa-ba.
27Ko ná ye balo na jege wo-pwoŋo to,
nmo de ye wo-pwoŋo tu mo n pa-ba.
Ko daare balo na toŋe tusim kikia to,
n ke swa mo pa ko chɛ ba yera ne.
28Nmo yeini n jwoŋi nabwona mo n yaga.
Ko daare ye n pa kamun-nyena jwoori ba tu tega.
29 Baŋa Wɛ, nmo mo ye amo pwooni.
Chega to, n pae se lim delo na li amo to
jwoori de ji pwooni mo.
30Amo Tu Wɛ, nmo mo yeini n pa amo dam,
se a wane a zeili a dona bam kɔgɔ maama.
N dam dem konto ta ma woli-ne,
se a wane a faŋe a gaale a dona bam teo kabira,
ye a daare a di-ba.
31Amo Tu Wɛ chwoŋa kam lamma fase mo!
O ni taane dem yɔɔre de ye chega mo.
O wae o cho balo na seigi o woro kom wone to,
ne jara nantana na kwoli nɔɔna jara wone tei to.
32Wɛ dedwoŋi daa tera ko ná dae Baŋa Wɛ.
Wonto yerane mo ye peo kolo na ye dé dalem jei to.
33O maa jege dam ye o kwoli-ne.
O ma pa se a chwoŋa tigi jase se a taa vei ka wone.
34O ma pa se a nɛ kwaare tega,
nenɛɛne woŋa nɛ na ye tei to.
O maa cho-ne se a yé to peero tem yuu ne.
35Wonto ta bere-ne jara keim laŋa mo,
se a taa wae a saŋe taŋa kalo na vaŋe de dam to a tae.
36 Baŋa Wɛ,
nmo pɛ-ne jara-keim nantana se ka taa kwoli-ne,
ye n jwoŋi-ne n yage cham wone.
Nmo na sɛ se n woli-ne tei to pɛ se a ji babea.
37Nmo kwɛ chwoŋa kalo na yala to mo
n tiŋi amo yiga ne,
se a yé seeri a to tega ne.
38Amo pare a dona bam mo a ja.
A ma yɔɔre a mage ba maama a go,
se ba wolowolo yé daare.
39A chochoge-ba mo a de tega ne
pa se ba daa ware ba zaŋe wɛɛne,
a na nɔne-ba de a naga to ŋwaane.
40 Baŋa Wɛ, nmo mo pa-ne dam se a taa ma a ke jara.
N pae se a dona bam ba ba kuni dwoona amo yiga ne.
41N ta pae se foone ja a dona bam maama
ye ba pipiri mo ba duri ba daare-ne.
Amo ma yɔɔre a chɔge balo na chuli-ne to.
42Ba maa beeri wolim.
Nɔɔn-nɔɔno nam tera se o jwoŋi-ba o yage.
Ba ma keeri ba jare Baŋa Wɛ,
ye o wo sɛ ba wara yam.
43Amo maa cho-ba a mumugi
se ba ji ne tega fwogo tei.
A ta maa nɔne-ba ye a chochoge-ba
nenɛɛne ba ye chwoŋa ni bworu mo tei.
44Ko ná ye pawe-nyena na wo a dwi tiina bam wone to,
nmo vere-ne n yage ba jeŋa ne mo.
Nmo ta ma‑n pa se a di paare teene dedɛ baŋa ne,
se a taa tei dwi tiina balo a ya na yeiri to.
45 Dwi-gɛ tiina mo tui ba gwane amo yiga ne de foone.
Ba ná yɔɔre ba ni a taane,
ba yeini ba sɛ a ni mo.
46Veira bam konto vɔna yeini ya da ya pare mo.
Ba ma zaŋe ba nwoŋi ba dalem jei sem wone,
ye ba yera sae de foone.
47 Baŋa Wɛ seene o ŋwe!
O maa ye peo kolo na ye amo dalem jei to.
Ko maŋe mo se dé taa tei‑o.
Pa-na dé tei Dam-fɔrɔ Tu Baŋa Wɛ!
Wonto nam mo jwoŋi amo o yage!
48Wonto mo jwoori o ŋwe jene a dona baŋa ne.
O maa ke dwi-gɛ tiina amo dam kuri ne.
49O ta vere-ne mo a dona jeŋa ne o yage.
Amo Tu Baŋa Wɛ!
Nmo mo pa-ne dam se a di balo na chuli-ne to.
N ta ma‑n jwoŋi-ne nankɔ-nyena jeŋa ne.
50Konto ŋwaane nam mo, amo wó tei nmo yere,
se dwi-gɛ tiina taa yei n ni ne.
Chega ŋwaane to, Baŋa Wɛ,
amo wó leeni a tei nmo yere.
51 Baŋa Wɛ yeini o pa se o pɛ wom di wɔnɔ mo maŋa maama.
O maa tɔge o swono kom baŋa
o ke wolo o na kuri to lanyerane se ko taa vei wuu.
Ko maa ye amo David de a dwi dem mo konto.",https://www.bible.com/bible/3661/2SA.22.KBG
2 SAMUWEL 23,"David kweelim botare
1David botare selo o na popone o kweeli to mo tento:
“Cheigi-na Jesse bu David kwora.
Jakob Tu Baŋa Wɛ pɛ se o jwoŋi yere,
o daare o kuri‑o se o di paare.
O maa ye lein-leenu wolo Isarele tiina na swoi to.
2 Baŋa Wɛ Jworo mo bere-ne kolo a na wó ta to.
Chega ŋwaane to, o tɔge amo ni baŋa ne mo o ŋɔɔne.
3Isarele tiina Wɛ wom tete mo ŋɔɔne,
Wɛ wolo na ye Isarele tiina dalem jei to
ma ta de amo o we:
‘Pɛ wolo ná tɔge chega o tei o nɔɔna
ye o kɔre Wɛ,
4kotu nye de wɛ mo puli te-pora ne
ye kunkwonnu tere wɛɛne tei.
O ta maa nye de wea na pa se gaaro nyeene
doa nenem kwaga ne tei to.’
5Wɛ nam wó seene o ke zaane amo dwi dem baŋa ne konto dwoŋi mo.
Wonto gwoni ni de amo se o zeini-ne.
Ni-gwonim dem konto wó taa wora taa wuu.
Maŋa maama de bá fɔge de leiri,
de nam daa bá gɔ.
Baŋa Wɛ lage o yɔɔre o jwoŋi-ne mo o yage.
Kolo maama amo boboŋa na lage to mo,
Wɛ wó seene o ke o pa-ne.
6Ko nam ná ye nɔn-wo-korro maama,
banto nye de sabare selo nɔɔna na dole ba yage to mo.
N bá‑n wane n ma n jeŋa n ja sabare sento dwoŋi.
7Wolo ná lage o dwei sabare sem konto,
kotu jege se o kwei luu,
naa chichwei mo o ma o toŋe,
ye o laam daare o zwɛ-se kula!”
Bembɛ selo na woli David to
1 Tigisim 11:10-41
8Bembɛ selo déem na wo David tei ne ba woli‑o de jara-keim to yera mo tento:
Joseba-Basebɛfa déem mo ye ‘Bembɛ setɔ sem’ yiga tu wom. Wonto nwoŋi Tachemon mo. O déem jeeri nɔɔna bia nana (800) mo de jara. O ma kwei o chichwei o ma go ba maama jara-keim dedoa baŋa ne.
9Wolo na saŋe wonto kwaga bembɛ setɔ sem wone to déem ye Dodo bu Eleaza mo. Ba maa ye Ahohi sɔ-yuu tiina. Dɛ dedwe Filisi tiina bam na gilimi jara ŋwaane to, wonto de David ma yiŋi-ba de jara. Isarele jar-keira bam maama ma tutwoni ba jwoori kwaga, 10se ko daare Eleaza, wonto pɛ o zaŋe mo o jeeri Filisi tiina bam. O ma kwei o se-zɔɔ o jege-ba o zɔ o goe taa ye o daa ware se o de-ko tega ne o yera na chɛ to ŋwaane. Dento dɛ dem ne Baŋa Wɛ déem ma pa se Isarele tiina bam di wɔnɔ dedɛ. Ko kwaga ne Isarele tiina bam ma jwoori ba ba ba pu Eleaza kwaga. Kolo yerane na daare se ba ke to maa ye se ba buŋi twa bam yera ba nii se ba daare ba vere ba zela yam.
11Wolo na saŋe o ke batɔ tu to ye Agee bu Samma mo. Ba maa ye Harara sɔ-yuu tiina. Filisi tiina bam déem tu ba gilimi Lehi ne mo mɛ swoona kara na wora to. Isarele tiina bam ma duri se ba lu Filisi tiina bam jeŋa ne. 12Samma ma zege swoona kara kam tetare ne o kwaane o ke jara yam ka ŋwaane. O ma go Filisi tiina bam dedɛ. Baŋa Wɛ déem ma pa se Isarele tiina bam di wɔnɔ dedɛ.
13Bene dedwe, ko na maŋe de mena zagem to, mo bembɛ fintɔ sem wone setɔ déem vei David tei, o na seigi Adulam peo bɔɔne wone to. Filisi tiina jar-keira kɔgɔ kodwoŋi ya tu ba tigisi Refayim bwolo kom ne. 14Ba kɔgɔ kodwoŋi de ya jwoŋi Bɛtelehem teo kom mo ba wora. Konto maama dedaane David ya wo o peo kom dalem jei sem ne mo. 15David boboŋa ma tiini ya ja o tete teo kom ye o ta o we, “Wɔ mo wó zaŋe o vo Bɛtelehem se o mɔ na vole delo na tigi teo kom manchwoŋo ni ne to wone o ja o ba o pa-ne se a nyɔ?” 16Bembɛ setɔ sem konto ma lɔɔre ba tɔge Filisi tiina kɔgɔ kom wone ba vo ba yi vole dem ba mɔ na bam, ye ba jwoori ba ja-ba ba ba ba pa David. Ba na jwoori to, o ma ve se o nyɔ na bam konto. O ma lwo-ba o yage tega ne se ba taa ye pɛɛre ba pa Baŋa Wɛ. 17O ma ta o we, “Amo Tu Baŋa Wɛ, amo bá wane a nyɔ na banto! A ná nyɔge-ba, ko nye de a nyɔge nɔɔna banto jana mo, ba na sɛ se ba ga ba ŋwea se ba ma ba mɔ na banto to ŋwaane.” O ma ve se o nyɔ-ba.
Bembɛ setɔ sento déem na toŋe tei to mo konto.
18Abisayi de déem mo ye ‘Bembɛ kɔgɔ kom’ wone jar-keiru dedoa. O maa ye Joaba nyaane ye ba nu ye Zeruya. O ma kwei o chichwei o jeeri nɔɔna bia yatɔ (300) jara wone o go. Konto ŋwaane o ma na yere bembɛ setɔ sem yiga ne. 19Wonto déem mo nɛ yere o dwoni bembɛ fintɔ sem maama, ye o ji ba yiga tu. O nam wo woli bembɛ setɔ sem wone.
20Jehoyada bu Benaya de déem ye jar-keiru mo na ye bembea. O nwoŋi Kabezele mo, ye o toŋe baare dedɛ. Benaya déem go Moaba bembɛ selei. O ta ma tu gwoŋo wone o go nywoŋo dɛ dedwe do-kandwa na toe ye waaro tiini te wora to. 21Benaya ta go Ejipti nɔn-wagele dedwoŋi mo. Nɔɔno wom déem zei chichwei mo. Ko daare ye Benaya jege da-lɔŋɔ. O ma vo o vere chichwei dem Ejipti tu wom jeŋa ne, o jwoori o ma-de o zɔ‑o o go. 22Jehoyada bu Benaya déem na toŋe tei to mo konto. O de ma na yere nenɛɛne bembɛ setɔ sem tei. 23O ma tiini o na yere bembɛ fintɔ sem wone, se o wo tɔge o woli bembɛ setɔ sem wone mo. David ma pa se Benaya ji balo na yere‑o to yiga tu.
24Balo de na tɔge ba wo ‘Bembɛ fintɔ sem’ wone to mo tento:
Joaba nyaane Asaheli.
Dodo bu Elihanan, na nwoŋi Bɛtelehem to.
25Samma de Elika, na ye Haroda tiina to.
26Paliti tu Heleza.
Ikesa bu Yira, na nwoŋi Tekoa to.
27Anatofe tu Abizeri.
Husaa tu Mebunayi.
28Ahohi tu Zalemon.
Netofa tu Maharayi.
29Baana bu Helebi, de na ye Netofa tu to.
Ribayi bu Itayi, na nwoŋi Gibea teo Benjamin laŋa kam ne to.
30Pirafon tu Benaya.
Hidayi, na nwoŋi Gaasa bu-nwaro tem seeni to.
31Arabafa tu Abi-Alebon.
Baharum tu Azimavefa.
32Saalebon tu Eliaba.
Jasen bia bam.
Jonatan 33na ye Harara tu Samma bu to.
Sarare bu Ahiyam, de na ye Harara tu to.
34Ahasabayi bu Elifeleti, na ye Maaka tu to.
Ahitofeli bu Eliam, na ye Giloo tu to.
35Kamele tu Hezero.
Aribi tu Parayi.
36Natan bu Igale, na nwoŋi Zoba to.
Gad tu Bani.
37Amon tu Zeleki.
Beerofa tu Naharayi. Wonto déem zei Zeruya bu Joaba jara zela yam mo.
38Ifiri tu Yira.
Ifiri tu Gareba.
39Hiti tu Yuria.
Bembɛ sem maama déem ke daane se ye fintɔ-serepɛ (37) mo.",https://www.bible.com/bible/3661/2SA.23.KBG
2 SAMUWEL 24,"David jeeli o jar-keira bam ni
1 Baŋa Wɛ bane déem daa ma jwoori de zaŋe de Isarele tiina bam. O ma tɔge David baŋa o pa ba na chɔgem. O ma ta David se o vo o jeeli Isarele dedaane Judah baara bam ni se o lɔre ba na mae tei to. 2Pɛ David laam ma pa o jar-keira yiga tu Joaba ni o we, “Véi n kaare Isarele dwia yam maama wone, ko na zege Dan laŋa kam seeni se ko yi Beeriseba to. Pa ba jeeli baara balo na yi se ba woli a jar-keira bam wone to ni.”
3Joaba ma leiri David o we, “Pɛ, amo lwoori nmo Tu Baŋa Wɛ wom se o pa Isarele kɔgɔ kom puli kuni bi se ko dwoni ba zem na ye tei tento to, se nmo daare n ma n yia n na konto maama. Se bɛ ŋwaane mo nmo laam nam boŋe se n jeeli ba ni konto dwoŋi?”
4De ko de Pɛ David wo to o pa Joaba dedaane o jar-keira yiga tiina bam. Ba ma zaŋe ba nwoŋi se ba vo ba jeeli Isarele baara bam ni. 5Ba ma vo ba bɛ Jɔdan buga kam. Ba ma zege Arowa ne, dedaane teo kolo na wo bwolo kom tetare ne to, ba bobo se ba taa jeeli nɔɔna bam. Ba ma zege dáane ba tole Gad laŋa kam maama ba vo ba yi Jazera. 6Ba ma daare ba vo Gilead, ba kɛ ba vo ba yi Kadese na wo Hiti tiina laŋa kam ne to. Ba daa ma zaŋe ba vo Dan, ba daare ba zege Dan ne ba gugwoli ba vo Sidon. 7Ba na zege dáane to, ba ma kɛ ba yɔɔre Tura teo kom na lɔge ko pe de dam to seeni. Ba ma daare ba tole Hivi tiina teene dem, de Kanaan tiina teene dem maama, ba vo ba kweeli Beeriseba ne. Teo kom konto maa wo Judah tega-kuri seeni kagoa kam ne.
8Ba déem kwei chane nogo de da finlei mo ba ma kaare teo kom ni maama ba pu. Ba laam ma jwoori ba vo Jerusalem. 9Joaba ma lwoni o bere pɛ wom Isarele baara balo na yi jara keim ye ba jeeli-ba to ni na mae tei to. Isarele dwia yam wone, ba déem ye baara morro bia nana (800,000) mo. Ko daare ye Judah dwi dem wone ba ye baara morro bia yanu (500,000).
10David na jeeli nɔɔna bam ni o ti to, mo o boboŋa daane‑o. O ma ta de Baŋa Wɛ o we, “Amo tiini a ke wɛleere de a keim dento. Baŋa Wɛ, popo a lwoori‑m se n yage n ma n chɛ-ne. Kokuri to, a tiini a toŋe jworim dedɛ.”
11Tega na jege ka poore ye David zaŋe to dedaane Baŋa Wɛ kwora ya tu o sampwora Gaadi tei. Wonto maa ye Wɛ ni-jwoŋinu wolo na toŋe o pa David to. 12-13Baŋa Wɛ ma pa‑o ni se o vo o ta de David o we, “Baŋa Wɛ na tage kolo to mo tento: N jege se n kuri wonnu tento tetɔ wone dedoa se a ke-ko n yera ne. Kɔ mo nmo nam wó kuri? N lage se kana mo zo n teo kom bena yatɔ, naa se á dona mo taa jege abam ba zeila ye á duri ba yiga ne chane setɔ, naa se jawe-chɛɔ to n teo kom wone da yatɔ? Nam boŋe lanyerane, se n laam kuri te wone n ta n bere-ne, se amo de jwoori a vo a ta de wolo na toŋe-ne n tei ne to.”
Gaadi na tage Baŋa Wɛ kwora kam de David o ti to, 14David ma leiri‑o o we, “Amo bochare tiini de di mo. A wó kuri kɔ se a daare kɔ? Amo ba lage se nabiina taa jege debam ba dam kuri ne. Baŋa Wɛ tete nam ná waare debam, ko gara, wonto na tiini o duri nɔɔna yibwona to ŋwaane.”
15 Baŋa Wɛ laam ma pa se jawe-chɛɔ ba ko to Isarele teo kom ne. Jaweo kom ma bobo zezeŋa kam konto ko goe nɔɔna taa se ko yi maŋa kam na yi se ko kweeli to. Ko nam na zege Dan laŋa kam seeni se ko yi Beeriseba to, nɔɔna morro fuserepɛ (70,000) déem mo tega. 16Wɛ maleka kam na yi Jerusalem teo kom se ka go ko nɔn-bia to, mo Baŋa Wɛ leiri o boboŋa de lɛɛro telo o na toŋe ba baŋa ne to. O ma ta de maleka kam o we, “Ko maŋe! Dɔne n jeŋa teo kom baŋa ne se n yé chɔge-ko!” Konto de Baŋa Wɛ maleka kam ya zege ka maŋe de Jebusi tu Arawuna mena ferem jei sem ne mo.
17David na nɛ maleka kam na jege nɔɔna bam ka goe to, o ma ta de Baŋa Wɛ o we, “Nɔɔna banto ye amo kwaga nɔɔna mo. Ba tete nam ke bɛ mo ye ba na lɛɛro tento? Ko ye amo mo tiini a ke wɛleere. Amo tusi dedɛ. Nam ma n jeŋa n waare amo de a sɔŋɔ tiina bam n daare banto.”
David lɔge bimbini se o ma o zuli Wɛ
18Dɛ dem konto ne nɔɔ mo Gaadi de vei David tei o ta ded‑o o we, “Zaŋe n vo n lɔ kaanem bimbini Arawuna mena ferem jei sem ne se n ma n zuli Baŋa Wɛ.” 19David ma sɛ Baŋa Wɛ ni dem o na pɛ Gaadi se o ta ded‑o to, ye o zaŋe o maa vei jei sem. 20Arawuna na kwoni o nii o na we pɛ de o dedɛɛra mo vei ba beene o tei to, mo o nwoŋi o vo pɛ wom tei o vwi o yibia tega ne o zuli‑o.
21O ma bwei‑o o we, “Pɛ, bɛ mo jege nmo ko beene amo tei ywo-seeni?” David ma leiri‑o o we, “Amo tu se a lwoori‑m mo se n yeigi n mena ferem jei sem n pa-ne. A lage se a lɔ kaanem bimbini dáane mo a zuli Baŋa Wɛ se ko pa jawe-chɛɔ kom ti dé teo kom ne.” 22Arawuna ma ta o we, “Pɛ, nam kwei-ka zɛɛra n ma n ke kaanem delo maama n na lage to. Nii amo nabɛ mo tento se n wane n ja n zwɛ n ma n ke kaanem dem. Mena ferem dɛ sem de nabɛ zela yam de maa wora se n kwei-ya n ma n tɔre mini n zwɛ vara bam. 23Pɛ, amo kwei tento maama a pa nmo zɛɛra.”
Arawuna ma daare o ta‑o o we, “Nmo Tu Baŋa Wɛ wom wó sɛ o jwoŋi n pɛɛra yam.” 24David ma ve se o jwoŋi-te zɛɛra ye o ta de Arawuna o we, “Amo wó ŋwe te maama jene mo a pa‑m. Kokuri to, a ba lage se a kwei pɛɛra yalo a na jwoŋi zɛɛra to a zwɛ a ke kaanem a pa a Tu Baŋa Wɛ.”
David ma jeeli lu-nyenno sabu-dala finnu o pa Arawuna o ma yeigi o mena ferem jei sem de o nabɛ sem. 25O ma lɛɛre o lɔ bimbini da se o ma ke kaanem o zuli Baŋa Wɛ. O ma daare o ke zwɛɛm pɛɛra, de yazura pɛɛra o ma kaane Baŋa Wɛ. Baŋa Wɛ ma sɛ o wɛ-lworo kom, ye o daare o pa se jawe-chɛɔ kom yage Isarele teo kom maama.",https://www.bible.com/bible/3661/2SA.24.KBG
1 PWA 1,"David kokweero maŋa kam taane
1Pɛ David déem tiini o kwe ye o bena gaale. O ná maŋe o zo gwaaro tei maama, o ware waaro tem. 2O tontoŋena bam ma ta ba we, “Dé tu, pa se dé beeri busankan-pwola se o taa wo n tei ne o nii nmo baŋa ne. Wonto wó taa kukwori‑m se waaro daa yé taa zoore‑m.”
3Ba ma buŋi Isarele teo kom maama wone ba na bukɔ-laao, o yere na ye Abisage ye o zoore Sunem teo ne. Ba ma ja‑o ba vo ba pa pɛ wom. 4Bukɔ wom yibia déem tiini ya lana ye o sɛ se o taa wo pɛ wom tei ne o woli‑o. Pɛ wom de nam wo ke sare-peiga ded‑o.
5Adonija wolo nu na ye Hagifa to déem ma zaŋe o bere o tete kamunim ye o we, “A lage a ji pɛ mo.” O ma kwei torokooro de sisein-nɔɔna de se dira bam, ye o daare o kwei baara finnu se ba duri ba da o yiga. 6Wonto déem mo ye Abisalom nyaane. O maa ye nenɔŋ-chɔrɔ mo. Ko na zege o biini ne to, o kwo David wo korese‑o naa o fɔge o bwei‑o taane we, “Bɛŋwaane mo n ke keim dem konto?”
7Adonija ma bane de Joaba wolo kwo na ye Zeruya to, dedaane Wɛ kaanem tu Abiatara. Ba ma sɛ se ba da ba woli‑o. 8Ko nam ná ye Wɛ kaanem tu Zadoki, de Benaya wolo kwo na ye Jehoyada to, de Natan wolo na ye Wɛ sampwora to, de Simeyi, de Reyi, dedaane David babɛ sem, banto maama wo tɔge Adonija kwaga.
9Adonija ma kwei pei, de nabɛ, de na-paala o ja o vo se o ma ke kaanem Zohelete pelɔrɔ kom baŋa ne. Jei sem konto bwola de En-Rogele. O déem ma bwoŋi pɛ wom bia bam maama na ye o chorro to, de pɛ sɔŋɔ dedɛɛra balo na nwoŋi Judah dwi dem wone to. 10Se ko ná ye Wɛ sampwora Natan, de Benaya, de pɛ wom babɛ sem, de o nyaane Solomon, o wo bwoŋi-ba.
11Natan ma zaŋe o vo o ta de Solomon nu Bafeseba o we, “Nmo wo nigi we Hagifa bu Adonija laam jigi pɛ mo, ye debam tu David yeiri ko ni ne na? 12Konto ŋwaane amo lage a bere‑m n na wó ke tei se n jwoŋi n tete ŋwea de n bu Solomon ŋwea to mo. 13Ke lela n zo Pɛ David tei n ta we, ‘Pɛ, nmo ya wo dugi duuri de amo we, amo bu Solomon mo wó saŋe n kwaga o ji pɛ na? Bɛŋwaane nam mo Adonija jigi pɛ?’ 14Tɔ. N ta ná wora n ŋɔɔna de pɛ wom, amo laam wó ba a zo, ye a zege n taane dem kwaga ne we ko ye chega mo.”
15Bafeseba ma sɛ ye o vo o zo Pɛ David tei. O déem tiini o kwe mo ye Sunem tu Abisage de wora o nii o baŋa ne. 16Bafeseba ma tiiri tega ne o zuli pɛ wom. Pɛ wom ma bwei‑o o we, “Bɛ mo n laga?”
17O ma leiri o we, “Pɛ, nmo tete mo dugi duuri n Tu Baŋa Wɛ yere ŋwaane n pa amo we, amo bu Solomon mo wó saŋe n kwaga o ji pɛ. 18Adonija nam maŋe o ji pɛ mo, ye n yeiri ko ni ne. 19O kwei nabɛ dedɛ, de na-paala, de pei mo o ma o ke kaanem. O ma bwoŋi pɛ wom bia bam de Wɛ kaanem tu Abiatara, ko ta woli de Joaba wolo na ye nmo jar-keira yiga tu to. O nam wo bwoŋi n bu Solomon wolo na kwei o chega o pa nmo to o woli da. 20Pɛ, Isarele tiina bam maama kwoni ba nii nmo mo, se ba ni nmo ni ne se ba lɔre nmo na lage se wolo leiri nmo yuu ne o di paare dem to. 21Nmo nam ná wo ke konto, ye n momwɛ ná ti ko daare amo de Solomon yerane, ba wó ma debam ba ji paweero mo.”
22Bafeseba ta na wora o ŋɔɔna de pɛ wom konto to, mo Natan yi o zo. 23Ba ma ta ba bere pɛ wom we, “Nii Wɛ sampwora Natan da.” O ma vo o tiiri pɛ wom yiga ne o zuli‑o.
24Natan ma ta o we, “Pɛ, nmo mo pɛ chwoŋa se Adonija saŋe nmo kwaga o ji pɛ na? 25Zem dɛ dento o jaane nabɛ dedɛ, de na-paala, de pei mo o ma o ke kaanem. O bwoŋi pɛ wom bia bam maama, de n jar-keira yiga tiina bam, de Wɛ kaanem tu Abiatara se ba ba. Leile konto ba jei ba nyɔ ye ba di ded‑o mo. Ba laam maa zuli‑o ye ba tɛ ba we, ‘Wɛ wó pa Pɛ Adonija taa jege momwɛ-dɛɛre!’ 26Ko daare amo wolo na ye n tontoŋeno to, de Wɛ kaanem tu Zadoki, de Benaya wolo kwo na ye Jehoyada to, de nmo bu Solomon, o wo bwoŋi debam. 27Pɛ, nmo mo pɛ chwoŋa se tento maama ke ye n wo pɛ se debam balo na ye n tontoŋena to lɔre wolo na lage o leiri nmo yuu ne o di paare to na?”
David pɛ ni we Solomon wó ji pɛ
28Pɛ David maa we, “Bwoŋi-na Bafeseba á pa-ne”. Ba ma seene ba bwoŋi‑o pa se o ba o zege Pɛ David yiga ne. 29Pɛ wom ma du duuri Baŋa Wɛ yere ŋwaane ye o we, “Ŋwea Tu Baŋa Wɛ na seene o wora ye o vere-ne chanɛɛre dedɛ wone to, 30amo na maŋe a pwooli Isarele tiina Baŋa Wɛ wom yere ŋwaane se a ke a pa‑m to, amo wó seene a ke. Nmo bu Solomon wó saŋe amo kwaga o ji pɛ.”
31Bafeseba ma kuni dwoona Pɛ David yiga ne ye o we, “Wɛ wó pa‑m momwɛ-dɛɛre.”
32Pɛ David maa we, “Bwoŋi-na Wɛ kaanem tu Zadoki, de Wɛ sampwora Natan, de Jehoyada bu Benaya á pa-ne.” Ba na tu ba zege pɛ wom yiga ne konto to, 33o ma ta-ba o we, “Ja-na Solomon á jeini amo tete bona-siseiŋa kam baŋa ne se á ja a dedɛɛra bam á woli da á vo Gihon buli-yi dem seeni. 34Á na yi da, se á pa Wɛ kaanem tu Zadoki, de Wɛ sampwora Natan lwo nuga o yuu ne se o ji Isarele tiina pɛ. Wu-na nabɔnɔ á daare á ta de kwor-dɛa we, ‘Wɛ wó pa Pɛ Solomon momwɛ-dɛɛre’. 35Laam tɔge ded‑o á jwoori á ba ywo, se o laam ba o leiri amo yuu ne o ji pɛ. Amo mo kuri‑o se o di paare Isarele de Judah tiina maama baŋa ne.” 36Benaya ma leiri o we, “Ameena! Pɛ, nmo Tu Baŋa Wɛ wó pa ko ke. 37Ne Baŋa Wɛ na maŋe o wora de nmo to, o ta wó taa wora de Solomon, pa se o paare dem fɔge de ke dam se ko dwoni nmo David paare dem.”
38Zadoki, de Natan, de Benaya, de Cherete tiina bam, de Peleti tiina bam maama ma ja Solomon ba jeini Pɛ David bona-siseiŋa baŋa ne ba ja‑o ba vo ba yi Gihon. 39Wɛ kaanem tu Zadoki ma kwei kwara de ka wo nuga wara-vwei dem wone o nwoŋi o vo o lwo-ka Solomon yuu ne. Ba ma wu nabɔnɔ kom ba daare ba bage de kwor-dɛa ye ba we, “Wɛ wó pa Pɛ Solomon momwɛ-dɛɛre.” 40Nɔɔna bam maama ma tɔge o kwaga ba ja‑o ba jwoori Jerusalem teo wo. Ba na maa vei to, ba ma wui wi ye ba jege wopwolo dedɛ pa se tega ziziŋi.
41Adonija de o veira bam maa na twɛ se ba di ba ti to mo ba nigi sɔɔ kom. Joaba na nigi nabɔnɔ kom kwori to, o ma bwei o we, “Sɔɔ konto na ke teo wone to kuri mo bɛ?”
42O na wora o ŋɔɔne konto to mo Wɛ kaanem tu Abiatara bu Jonatan tu o yi. Adonija maa we, “Ba n zo. Nmo na ye nɔn-ŋom to, ko wó taa ye kwor-ywoŋa mo n jaane n ba.”
43Jonatan ma leiri we, “Aawo, ko dae konto. Debam Pɛ David mo tiŋi Solomon se o ji pɛ. 44O ta ma pa se Zadoki, de Natan, de Benaya, de Cherete tiina bam, de Peleti tiina bam ja‑o ba vo Gihon. O ta pɛ se ba ja‑o ba jeini pɛ wom bona-siseiŋa baŋa ne mo. 45Wɛ kaanem tu Zadoki, de Wɛ sampwora Natan ma lwo nuga o yuu ne Gihon ne se o taa ye pɛ. Ba nam zege dáane mo ba beene teo kom wo de wopwolo. Konto ŋwaane mo sɔɔ kom ke konto. 46Ko woli da, Solomon laam mo jei paare yituŋu kom baŋa ne. 47Pɛ wom tontoŋena de ma ba ba ke debam Pɛ David yu-ywoŋo lei ye ba we, ‘Nmo Tu Wɛ wom wó pa se Solomon yere zaŋe de gaale, ye o paare taa daga de dwoi nmo paare dem.’ Pɛ wom ma maŋe o gadwogo yuu ne o ke o yuu tega ne o zuli Baŋa Wɛ, 48ye o we, ‘Baŋa Wɛ wom na ye Isarele tiina Wɛ to maŋe de tia. Wonto mo kuri nɔɔno se o leiri a yuu ne o di paare, ye a na keim dento.’ ”
49Adonija veira bam na nigi konto to, foone ma zo-ba. Ba ma zaŋe wodiu kom baŋa ne ye ba duri ba jage. 50Adonija na kɔre foone de Solomon to ŋwaane, o ma duri o vo o zo wara-vwei dem o zi bimbini dem nyea yam. 51Ba ma ta ba bere Solomon we, “Nii mo! Adonija kɔre foone de nmo. O ma vo o zi bimbini dem nyea yam ye o lwoori we, ‘Pa Pɛ Solomon du duuri we o bá kwei se-zɔɔ o go-ne. Ko ná dae konto, a bá nwoŋi pwooni.’ ” 52Solomon ma leiri o we, “O ná bere we o lage o ke o chega de amo, o bá na zonne de fenfee de. O nam ná jege puseŋa, o wó te mo.” 53O ma toŋe nɔɔna ye ba vo ba bwoŋi Adonija ba ja ba ba pa‑o. Adonija ma tiiri Pɛ Solomon yiga ne o zuli‑o. Solomon maa we, “Adonija, zaŋe n vo sɔŋɔ!”",https://www.bible.com/bible/3661/1KI.1.KBG
1 PWA 2,"David na pɛ Solomon bera yalo to
1Ko na yi se David te to, mo o bwoŋi o bu Solomon ye o ta o bere‑o we:
2“Ko bá dáane se amo te, ne nabiina maama na jege se ba te tei to. Nam ke dam n ke n tete kuri ne se n bere we n ye babea mo. 3Ta‑n yei n Tu Baŋa Wɛ na lage se n toŋe totoŋe delo to. Ta‑n tɔge chwei selo o na wó bere‑m to, se n toŋe n tɔge o nia yam, de o chullu tem, de o bera yam maama, nenɛɛne ya na popone ya tiŋi Moses twanno tem wone to. Nmo ná ke konto, ko wó pa‑m yiga-veiŋa woŋo maama wone de jeiga kalo maama nmo na wó vo to. 4Ko ta wó pa se Baŋa Wɛ déem na pwooli tetei de amo to ji chega we ‘Nmo dwi dem jege se ba taa cho ba tete de ba na jege ba ŋwea ba ŋwe tei to. Ba ná seene ba kwei ba chega ba pa-ne ye ba tɔge amo chwei sem de ba wo maama, nmo dwi dem bá ga nɔɔno se o di paare Isarele tiina bam baŋa ne.’
5Nam yé swei Zeruya bu Joaba déem na ke amo tei to. O go Nera bu Abenera, de Jefere bu Amasa. Banto maa ye Isarele jar-keira yiga tiina balei bam mo. Maŋa kalo tigura na tera dé logo kom wone to mo o go-ba ne ba wo jara wone mo tei. Jana bam konto wo o yuu ne, ne ba na kwei-ba ba taare o teiŋ-kila de o natera maama tei to mo. 6Nam ke‑o ne n boboŋa na lage tei to. Yé yage‑o se o te o tete toone. 7Ko nam ná ye Bazilayi wolo na nwoŋi Gilead to bia bam, ke banto lanyerane se n pa-ba ba ni-wodiu. Bɛŋwaane banto déem nii amo baŋa ne maŋa kalo a na duri se a lu nmo zembaaro Abisalom jeŋa ne to mo.
8Nam guli Simeyi wolo kwo na ye Gera ye o nwoŋi Bahurim na wo Benjamin kateiri dem ne to. Dɛ dem a na maa vei Mahanayim to mo o tiini o sɔɔle lwarem o yage a yuu ne. O maa na jeeri-ne Jɔdan buga kam ni ne to mo a pwooli Baŋa Wɛ yere ŋwaane we amo bá zɔ‑o a go. 9Nmo nam yé ke‑o nenɛɛne o jege bora. Nmo na jege swa lanyerane to, ta‑n yei n na wó ke‑o tei se o te jana wone, de o yuu na maŋe ko peere tei maama to de.”
10Konto kwaga ne, David ma te ye o vo o kwoa tei. Ba ma suli‑o David teo kom wone. 11O nɛ bena finna mo Isarele teo paare dem wone. Bena finna yam wone, o ke bena yarepɛ mo Heboron ne, o daare o ke bena fintɔ-yatɔ Jerusalem ne. 12David bu Solomon ma leiri o di o kwo paare dem. O paare dem déem tiini de jeini lanyerane.
Solomon paare dem yɔɔre de jeini
13Dɛ dedwe, Adonija wolo nu na ye Hagifa to ma zaŋe o vo Bafeseba wolo na ye Solomon nu to tei. Bafeseba ma bwei Adonija o we, “N tu de wo-zuru mo na?” O ma leiri we, “Ɛɛ, a tu de wo-zuru mo.” 14O ta maa we, “A jege taane mo se a ta a bere‑m.” Bafeseba ma leiri o we, “Nam ta.”
15Adonija ma tole o taane dem o we, “Nmo maŋe n yei we, teo kom ya ye amo nyem mo. Isarele tiina maama maa teena se amo mo taa ye pɛ wolo na wó leiri David yuu ne to. Baŋa Wɛ nam mo laga ye o kwei paare dem o pa a choro kom. 16Tɔ, amo lage a lwoori woŋo dedoa mo n tei ne. Popo, nam yé ve-ne.” Bafeseba ma leiri o we, “Nam ta.” 17Adonija ma leiri o we, “A lage se n lwoori Pɛ Solomon se o kwei Abisage wolo na ye Sunem tu to o pa-ne se a ma a ji a kaane. Pɛ wom wó sɛ nmo na wó lwoori‑o kolo to.” 18Bafeseba ma leiri o we, “Ko lana. Amo wó seene a vo a ŋɔɔne de Pɛ Solomon a pa‑m.”
19Bafeseba na vei o yi da to, mo Pɛ Solomon zaŋe o jeeri‑o ye o daare o tiiri o yiga ne. O ma jwoori o vo o jeini tega ne ye o pa ba ja yituŋu ba ba ba pa o nu Bafeseba se o jeini o jazem seeni. 20Bafeseba ma ta o we, “A lage a lwoori wo-balaŋa mo n tei ne. Nam yé ve-ne.” Solomon ma leiri o we, “A nu, lwoori nmo na lage kolo to, se amo wó ke a pa‑m.”
21Bafeseba maa we, “Sɛ se n zembaaro Adonija kwei bukɔ wolo na nwoŋi Sunem ye o yere ye Abisage to o ma o ji o kaane.” 22Pɛ Solomon ma leiri o we, “Bɛ mo ye n lage se a pa se Abisage zo Adonija? Nam lɛɛre n yage se a pa‑o paare dem a woli da, o na ye amo zembaaro to ŋwaane. Nam ta ŋɔɔne n pa Wɛ kaanem tu Abiatara, de Zeruya bu Joaba de!”
23Pɛ Solomon ma du duuri Baŋa Wɛ yere ŋwaane o we, “A ná wo pɛ se Adonija ma o ŋwea o leiri woŋo kolo o na lwoori amo tei ne to yuu ne, se Wɛ go-ne. 24Ko ye Baŋa Wɛ mo tiŋi-ne se a leiri a kwo David yuu ne a di paare dem. O ma pwooli we Isarele tiina pwa wó nwoŋi a dwi dem ne. Ŋwea Tu Baŋa Wɛ na seene o wora to, Adonija jege se o te mo zem dɛ dem wone.” 25Pɛ Solomon ma toŋe Jehoyada bu Benaya se o vo o mage Adonija o go. Adonija ma seene o te.
26Pɛ wom ma ta o bere Wɛ kaanem tu Abiatara o we, “Jwoori n vo n tete teo Anatofe. Nmo maŋe se n te mo. A nam bá go‑m leile, bɛŋwaane nmo ya mo zeŋe Yuu-tu Baŋa Wɛ ni-gwonim dakaa kam n pa a kwo David. N ma‑n tiini n tɔge ded‑o n na yaara dedɛ.” 27Solomon laam ma le Abiatara Baŋa Wɛ kaanem totoŋe dem wone. O keim dem konto ma pa se Baŋa Wɛ na tage taane delo Siloo ne ye de vo Eli dwi dem seeni to ji chega.
28Joaba déem ye wolo na ke ni de Adonija se o ji pɛ to mo. O nam ya wo woli Abisalom. O na nigi we ba go Adonija to, o ma duri o vo o zo Baŋa Wɛ wara-vwei dem wone o ja kaanem bimbini dem nyea yam. 29Ba ma ta ba bere Pɛ Solomon we Joaba duri o zo Baŋa Wɛ wara-vwei dem o sale bimbini dem yera ne. Solomon ma ta de Jehoyada bu Benaya o we, “Véi n mage‑o n go.”
30Benaya ma vo o zo Wɛ wara-vwei dem wone o ta o bere Joaba o we, “Pɛ wom we, n nwoŋi n ba pwooni yiga.” Joaba ma leiri o we, “Aawo, a bá nwoŋi. Ywo mo a lage a te.” Benaya ma jwoori o vo o ta o bere Solomon Joaba na tage tei to. 31Solomon ma leiri Benaya o we, “Nam ke o na taga tei to. Mage‑o n go n daare n kwei‑o n suli. Konto mo wó bere we o déem na go nɔɔna balo to jana jene daa tere amo de a kwo dwi tiina bam yuu ne. 32O déem mɛ o se-zɔɔ o go Nera bu Abenera wolo na ye Isarele jar-keira bam yiga tu to, de Jefere bu Amasa wolo de na ye Judah jar-keira bam yiga tu to, ye a kwo ya yeiri ko ni ne. Banto balei nam ya ye nɔn-laaro ba gare Joaba. Baŋa Wɛ nam mo wó pa se o na o nɔn-gora kam ŋweo. 33Ba jana bam jene laam wó jwoori Joaba yuu ne, de o dwi tiina bam yuu ne taa wuu. Baŋa Wɛ nam wó fɔge o pa se David de o dwi tiina bam taa nae yazura, se wo-zuru taa wo o paare dem baŋa ne.”
34Pɛ Solomon na tage konto to, Benaya ma jwoori o vo Wɛ wara-vwei dem o mage Joaba o go. Ba ma kwei o yera yam ba vo o tete teo ba suli‑o kagoa kam wone. 35Solomon ma pa se Benaya leiri Joaba yuu ne o ji jar-keira bam yiga tu. O ma daare o pa Zadoki de leiri Abiatara yuu ne o ji Wɛ kaanem tu.
36Solomon ma toŋe o bwoŋi Simeyi ye o ta we, “Maŋe Jerusalem teo wone ywo se n lɔ sɔŋɔ n ta‑n zoore da. Nam yé lɔgese teo n vo jei jei. 37Dɛ dem n na wó nwoŋi Jerusalem n bɛ Kidoron nabara kam to, ba wó go‑m mo. Konto nam ná kea, ko ye nmo tete yiga mo.”
38Simeyi ma leiri Solomon o we, “Kolo nmo na taga to ye lanyerane mo. Amo wó ke kolo maama a Pɛ wom na taga to.” Simeyi ma zo Jerusalem ne o dáane.
39Bena yatɔ na kɛ to mo Simeyi kabɛ selei duri ba nwoŋi ba vo Gafa teo Pɛ Akisi wolo kwo na ye Maaka to tei. Simeyi na lɔre we ba wo Gafa ne to, 40o ma zaŋe o di o bonaga kam o vo Pɛ Akisi tei se o beeri o kabɛ sem. O ma na-ba ye o daare o ja-ba o jwoori sɔŋɔ.
41Solomon na maane we Simeyi zege Jerusalem ne o vo Gafa o jwoori to, 42o ma bwoŋi‑o ye o ta ded‑o o we, “Amo déem pɛ nmo pwooli Baŋa Wɛ ŋwaane we n yé nwoŋi Jerusalem teo wone. A ma daare a kaane‑m we, ‘Dɛ dem n na wó lɔgese teo to, nmo wó te mo.’ Nmo nam leiri amo we, kolo a na taga to lana, se nmo wó sɛ. Ko dae konto na? 43Bɛŋwaane mo n yiri ni delo n na pwooli de Baŋa Wɛ to, ye n daare n ve amo de ni dem?” 44Solomon daa ma ta de Simeyi o we, “N tete yɔɔre n yei puseŋa kikia yalo n na ke a kwo David baŋa ne to. Nam ta yei we Baŋa Wɛ mo wó waare‑m ko maŋe de zonne delo maama n na ke to. 45Se ko ná ye amo Pɛ Solomon, Baŋa Wɛ wó swɛ amo swolim, ye o ta pa se David dwi paare dem fɔge de jeini lanyerane taa wuu.” 46Solomon laam ma pa Jehoyada bu Benaya ni pa se o vo o mage Simeyi o go.
Konto baŋa ne mo Solomon déem nɛ dam se o paare dem wane de jeini chekke.",https://www.bible.com/bible/3661/1KI.2.KBG
1 PWA 3,"Solomon lwoori swa Baŋa Wɛ tei ne
1Solomon déem ke ni mo de Ejipti teo Pa-faro wom. O ma di Ejipti pɛ wom bukɔ o ma o ke kaane. O ma ja bukɔ wom o jwoori David teo kom se ko taa nii maŋa kalo o na wó lɔ o sɔŋɔ kom, de Baŋa Wɛ diga kam, de kabira kalo na kaare Jerusalem o ti to. 2Kanto maŋa kam ne, nɔɔna daa ta ke kaanem ba pa Wɛ mo wara-jei bimbina dwi dwi baŋa ne, bɛŋwaane ba ya ta wo lɔge diga Baŋa Wɛ yere dem zula ŋwaane.
3Solomon déem swoi Baŋa Wɛ ye o sɛ se o tɔge o kwo David bera yam. De ko de Solomon ta yeini o ke kaanem de zwɛɛm pɛɛra o pa Wɛ wara-jei bimbina yam baŋa ne mo. 4Wara-jei selo na jege kuri chekke se dwoi maama to déem wo Gibeon teo ne mo. Pɛ Solomon ma vo da o ke zwɛɛm kaanem kuni moro bimbini dem baŋa ne. 5O na wora to mo Baŋa Wɛ veere o tete ded‑o dendwea wone tete ne, ye o we, “Solomon, lwoori kolo maama n na lage to amo tei ne, se amo wó ke-ko a pa‑m.”
6Solomon ma leiri o we, “Nmo déem jege a kwo David swono lanyerane, o na ye nɔn-laao na jege nmo chega ye o yɔɔre o tɔge chwoŋa to ŋwaane. N ta ma‑n ke chega n pa‑o de n na pɛ o lo bakeira se wonto leiri o yuu ne o di paare dem se ko ba ko yi zem to. 7Amo Tu Baŋa Wɛ, nmo laam pɛ amo wolo na ye nmo tontoŋeno to leiri a kwo David yuu ne a ji pɛ mo. Amo nam ta ye bu mo ye a yeiri a yiga de a kwaga, se a taa wo a nɔɔna bam yiga ne. 8Nmo nam le amo mo se a taa nii nɔɔna balo n na kuri to baŋa ne. Ba nam tiini ba ye kɔ-fɔrɔ kolo ni na ware de jeeli to. 9Nam pa-ne boboŋ-laaro se a wane a nii n nɔɔna bam baŋa ne lanyerane, se a daare a ta wae a pɔɔre lam de lwarem daane. Kokuri to, wɔ mo wó wane nmo kɔ-fɔrɔ konto o nii o tete ne?”
10Baŋa Wɛ wo ma pwoli de Solomon na lwoori kolo to. 11O ma leiri‑o o we, “Ko lana de nmo na kwaane n lwoori se a pa‑m boboŋ-laaro se n wane n ja a nɔɔna bam de chega to. N wo lwoori se a pa‑m momwɛ-dɛɛre, de jejegero, naa se a pa n dona bam na chɔgem. Nmo nam na lwoori swa se n wane n lɔre chega kam to ŋwaane, 12amo wó seene a pa‑m kolo nmo na lwoori amo tei ne to, pa se n na swa de boboŋ-laaro. Nmo swa yam wó dwoni nɔɔna balo maama na lwoori‑m ba ŋwe to, de balo maama na wó saŋe nmo kwaga se ba taa ŋwe to de. 13Kolo nmo ta na wo lwoori amo tei ne to mo a lage a kwei a pa‑m a woli da. Amo wó pa n na jejegero, de zula n ŋwea maama wone, ye pɛ wodwoŋi tera o na wó taa nye de nmo. 14Nmo ná sɛ n tɔge a chwei sem ye n sɛ a nia yam nenɛɛne n kwo David na ke tei to, amo wó seene a pa‑m momwɛ-dɛɛre”.
15Solomon ma puri o yia dɔɔne wone ye o maane we ko ye dendwea wone mo Wɛ ŋɔɔne ded‑o. O ma jwoori o vo Jerusalem o zege Baŋa Wɛ ni-gwonim dakaa kam yiga ne o ke zwɛɛm pɛɛra de yazura pɛɛra o kaane o pa Wɛ. O laam ma bwoŋi o tontoŋena bam maama pa ba jeeri ba di wodi-fɔrɔ.
Ka-bworru telei taane
16Dɛ dedwe mo ka-bworru telei tu Pɛ Solomon tei se ba kwɛ ba taane. 17Ba dedoa maa we, “Pɛ, amo de kaane wonto mo zoore sɔŋɔ dedoa wone. O wora mo ye amo lo a bu. 18Ko na ke da yalei to, mo o de loga. Debam balei yerane nam ya mo zoora ye nɔn-gaa tera. 19Tete dedwe mo kaane wonto pane o bu wom o go dɔɔne wone. 20O ma zaŋe tete-koro ne o kwei a bu wom a takeiri ne o tiŋi‑o o nyɔɔne baŋa ne, ye a tigi a dɔa. O daare o kwei o bu wolo na tege to o tiŋi a takeiri ne. 21Tega na poore se a kwei a bu wom se o ŋɔge yele to, mo a nɛ we o tege mo. Ka na poore jagesage ye a na bu wom yibia to, a maane we o dae bu wolo a na loge to.”
22Kaane wodwoŋi wom de ma ta we, “Aawo! Bu wolo na ŋwe to ye amo bu mo. Wolo na tege to maa ye nmo nyem.” Da-yiga kaane wom de maa we, “Aawo! Bu wolo na tege to mo ye nmo bu, se wolo na ŋwe to ye amo bu mo.” Ba ma mage ni-kantɔgɔ konto dwoŋi Solomon yiga ne.
23Pɛ Solomon laam maa we, “Abam maama tɛ we bu wolo na ŋwe to mo ye á bu, se bu-too wom ye á dwoŋi nyem mo.” 24O ma toŋe nɔɔno se o vo o ja se-zɔɔ o ba o pa‑o. Ba na kwei ba pa‑o to, 25o ma pa ni we, “Zage-na bu wonto na ŋwe to belei, se á pɔɔre chichworru tem telei á pa kaana balei banto.”
26Ko ná ye bu wolo na ŋwe to nu wom, o maa tiini o jege o bu wom ŋwaŋa. O ma lwoori Solomon we, “Pɛ! Kwei bu wom n pa kaane wom. Yé go‑o.” Kaane wodwoŋi wom maa we, “Zage‑o belei! Amo ná gɛa, se o de ga” 27Solomon laam ma ta we, “Yé go bu wom. Kwei‑o n pa da-yiga kaane wom, se ko ye bu wom nu mo konto chekke.”
28Isarele tiina bam maama na nigi Solomon na bore kaana bam taane dem tei to, ko ma ke-ba yaau, ba na maane we Wɛ mo pɛ‑o swa se o taa ma o bore nɔɔna bora chekke to ŋwaane.",https://www.bible.com/bible/3661/1KI.3.KBG
1 PWA 4,"Solomon tontoŋena bam taane
1Solomon déem tu o ji Isarele tiina bam maama pɛ. 2O dedɛɛra bam mo tento:
Zadoki bu Azaria mo ye Wɛ kaanem tu. 3Elihorefa de Ahija na ye Sisa bia to maa ye pɛ tɔn-poponna bam. Ahiluda bu Jehosafate maa ye wolo na tiŋi teo kom lonne twanno tem to. 4Jehoyada bu Benaya ye jar-keira bam yiga tu mo. Zadoki de Abiatara de maa ye kaanem tiina. 5Natan bu Azaria ye wolo na nii kateira yiga tiina bam baŋa ne to mo. Natan bu Zabudi maa ye kaanem tu ye o ta woli pɛ wom boboŋa kurim baŋa ne. 6Ahisara ye wolo na nii pɛ sɔŋɔ kom totoŋa baŋa ne to mo. Abeda bu Adoniram maa nii balo na toŋe totoŋ-dɛɛra to baŋa ne.
7Solomon déem tiŋi nɔɔna fuga-balei mo se ba taa nii Isarele kateira yam baŋa ne. Banto totoŋa maa ye se ba ja wodiu ba ba ba pa pɛ de o diga tiina chana dedoa bene maama wone. 8Yiga tiina bam de ba kateira yam mo tento:
Ben-Huri déem mo nii Efrayim zwonnu laŋa kam. 9Ben-Dekere maa nii Makaza, de Saalibim, de Bɛte-Semesa, de Elon-Bɛte-Hanan teene dem baŋa ne. 10Ben-Heseda maa nii Arubota, de Sokoo, de Hefera laŋa kam ni maama. 11Ben-Abinadab maa nii Dora kateiri dem maama baŋa ne. Wonto déem di Solomon bukɔ wolo yere na ye Tafata to
12Ahiluda bu Baana maa nii Taanaka, de Megido, de Bɛte-San jei selo maama na bwola de Zarefan na wo Jezerele teo tega-kuri seeni to. Jei sem konto zege Bɛte-San ne se tole konto se yi Abel-Mehola de Jokemeam teene dem maama.
13Ben-Gebere maa nii Ramofa-Gilead kateiri dem baŋa ne, ko ta woli de Gilead teene delo na ye Manasɛ tu Jayira dwi dem nyem to, dedaane Aragobi kateiri dem na wo Basan ne to, de de teene fuseredo dem ba na lɔge kabira ba kaare-de ye ba ma lu-nyenno ba gare de manchwo-nia yam to.
14Yido bu Ahinadaba maa nii Mahanayim kateiri dem. 15Ahimaazi maa nii Nafitali laŋa kam baŋa ne. Wonto de déem di Solomon bukɔ wodwoŋi yere na ye Basemafa to mo. 16Husayi bu Baana maa nii Asere laŋa kam, ko woli de Bealofa teo. 17Parua bu Jehosafate maa nii Isakara laŋa kam. 18Ela bu Simeyi maa nii Benjamin laŋa kam.
19Yuri bu Gebera maa nii Gilead kateiri dem. Ko maa ye jei selo Amori tiina Pɛ Sihon de Basan teo Pɛ Oga ya na di paare se baŋa ne to mo.
Ko ta woli da to, yiga tu dedoa déem mo jege logo kom maama o nia.
Solomon paare dim na vei yiga tei to
20Judah de Isarele tiina bam kɔgɔ déem daga dedɛ nenɛɛne buga ni kasolo na mae tei to mo. Ba di ba ni ye ba nyɔ ba sui. Ba maa jege wopwolo. 21Solomon di o paare dem teene dem maama baŋa ne se ko zege Yuferata buga kam ni ne, ko tole konto ko yi Filisi tiina tega kam ni, se ko daare ko vo ko yi Ejipti teo kom siseini dem. Solomon ta na ŋwe to, teene dento maama ŋwe ba lampwoo ye ba toŋe ba pa‑o mo.
22Wodiu kolo ba na lage dɛ maama wone se Solomon de o nɔɔna bam taa di to mo tento: mun-bwei ywollu fuseredo (60), dedaane muni ywollu bi de finlei (120), 23de naane fuga delo na nugi bigila-bigila to, de naane finlei delo na beeri gaao wone de di to, de pei bi, ko ta woli de wei, de feiri, de si, de cheeni to.
24Solomon déem tei teene delo maama na wo Yuferata buga kam wɛ-zoore seeni to de ba pwa bam mo. Laŋa kam konto zege Tipisa ne ka tole taa ka yi Gaza teo kom. Wo-zuru maa wo jei sem maama ne. 25Solomon déem ta na ŋwe maŋa kalo maama ne to lwia ba jege nɔɔna balo maama na zoore Judah de Isarele teo ne to, ko na zege Dan laŋa kam seeni se ko yi Beeriseba to. Sɔŋɔ maama ko ni twoo jege ba kare mo ba vara. 26Solomon déem chege najere morro finna (40,000) mo o zege se o sisei selo na vaŋe jara-keim torokooro to taa zege da. O ta maa jege sisein-nɔɔna morro fuga-selei (12,000).
27Chana maama wone kateiri yiga tiina fuga-balei bam dedoa dedoa jege se o ja wodiu mo o ba o pa Solomon de balo maama na di wodiu o tei ne to. Ba kwaane mo ba nii se o yé ga kolokolo. 28Ba ta jaane mena de ga-korro ba tui ba tiŋi ba pa sisein-nɔɔna selo na wae se duri lela to de sisei sesem sem maama. Ba maama déem ke ne ko na maŋe se ba taa ke tei to.
Pɛ Solomon swa na gaale tei to
29Wɛ na pɛ Solomon boboŋa de swa yalo to tiini ya daga dedɛ. O yi-poro kom de gaale nenɛɛne buga ni kasolo na mae tei to mo. 30O swa yam déem dana ya dwoi yi-pore-nyena balo maama na nwoŋi wɛ-puli seeni jei sem de Ejipti teo to. 31O déem jege swa o dwoi nabiina maama, ko ná maŋe ko ye Ezera dwi tu Etan, de Mahole bia batɔ Heman, de Kalekole, de Dareda mo de. O yere ma zaŋe teene delo maama na bwola da to ne. 32Solomon déem lage memaŋa morro tetɔ (3,000) mo o ke daane. O ma puli lei moro dedoa de senu (1,005) o tiŋi. 33O maa ŋɔɔne teeni de punnu dwi dwi taane, ko ná ye Lebanon Sedare teeni-kamunnu tem taane de Husopa punnu telo na puli kabiri yera ne to. O ta maa ŋɔɔne vara, de zuna, de tega-veila, de ywona dwi dwi taane. 34Logo baŋa teene pwa maama na nigi Solomon swa yam ŋwa to, mo ba toŋe ba nɔɔna se ba vo ba cheigi o ni taane.",https://www.bible.com/bible/3661/1KI.4.KBG
1 PWA 5,"Solomon ti o yiga se o lɔ Jerusalem Wɛ diga kam
1Tura teo pɛ Hiram déem nigi we ba tiŋi Solomon mo se o leiri o kwo David yuu ne o ji Isarele teo pɛ. O ma toŋe o tontoŋena se ba vo Solomon tei ba ke o yu-ywoŋo lei, Hiram ni déem na ywomma de David to ŋwaane. 2Solomon de ma toŋe kwora kanto o pa Hiram ye o we:
3“Nmo maŋe n yei we a kwo David ya lage se o lɔ Wɛ diga mo se nɔɔna taa zuli o Tu Baŋa Wɛ wom da. O dona bam nam na yeini ba kwaare jara ded‑o to, o wo nɛ chwoŋa se o ke konto, se Baŋa Wɛ ná pɛ o wane-ba o di o ti, se o ke. 4Ko nam ná ye leile konto, a Tu Baŋa Wɛ wom pɛ se dé jei de wo-zuru mo jei maama ne. Dé dona daa tera ba na wó pa lɛɛro yi debam. 5Konto ŋwaane a boŋe a ja se a lɔ Wɛ diga kam se ko pa a Tu Baŋa Wɛ yere dem na zula. Kokuri to, Baŋa Wɛ déem pwooli de a kwo David o we, ‘Ta‑n yei se n bu wolo na wó leiri n yuu ne o ji pɛ to mo lage o lɔ a diga kam se ko pa a na zula.’
6Konto to, toŋe n nɔɔna bam se ba vo Lebanon ba gwoni Sedare dɛ sem ba pa-ne. Amo nɔɔna bam wó gwaane de-ba ba toŋe. Nmo na lage se a ŋwe n tontoŋena bam tei maama to, amo wó ŋwe-ba. Nmo yei we nɔɔn-nɔɔno tera debam tei ne o na yei dɛ gwonim se ko yi abam balo na nwoŋi Sidon seeni to.”
7Pɛ Hiram na nigi Solomon kwora kam to o wo ma tiini ko pwoli, ye o ta o we, “Zem dɛ dem ne a ke Baŋa Wɛ lei de o na pɛ David jege bu wolo na ye swa tu to, se wonto leiri o yuu ne o taa tei Isarele na ye te-fɔrɔ to.” 8Hiram ma toŋe kwora kanto o pa Solomon ye o we:
“A jwoŋi nmo kwora kam. A nam wó ke tei maama n na taga to. Amo wó pa ba gwoni Sedare teeni de tei-ŋonno tedwonna da-kwollu ba pa‑m. 9Amo nɔɔna bam wó ja dɛ sem ba zege Lebanon zwonnu tem yuu ne ba tu ba vo Mediterania naneo kom ni. Ba maa wó vɔ-se ba ke daane se se puki na bam baŋa ne, ye ba daare ba dɔge se baŋa ne ba ja ba yi mɛ maama nmo na laga to. A nɔɔna maa wó bwoli-se, se nmo nɔɔna bam laam ja-se ba kɛ. Nmo nam wó woli-ne de wodiiru se a sɔŋɔ kom taa di.”
10Hiram déem ma seene o pa Solomon Sedare teeni de tei-ŋonno tedwonna da-kwollu telo maama o na laga to. 11Bene maama wone Solomon de ma pa Hiram chaara ywollu morro fuseredo (60,000) de Olivi nuga kuriwaa bia morro finlei (20,000) se o sɔŋɔ tiina bam taa di.
12 Baŋa Wɛ déem seene o pa Solomon jege swa ne o na pwooli we o wó ke tei to mo. Hiram de Solomon ma di badwoŋo da-tei ne. Ba ma fɔge ba gwoni ni se ba yé lɔ da-kwaga ne.
13Pɛ Solomon déem kuri baara morro fintɔ (30,000) mo na nwoŋi Isarele jei maama ne. O ma fe-ba se ba taa gwoni dɛ ba pa‑o. 14O ma pa se Adoniram nii tontoŋena bam konto baŋa ne. O nam ya pɔɔre kɔgɔ kom kuni betɔ mo ye popɔra maama jege baara morro fuga (10,000). Popɔra dedoa maama ke chana dedoa mo Lebanon ne ye ba jwoori sɔŋɔ ba sii chane selei. 15Solomon déem ta kuri baara morro funɔnɔ (80,000) mo se ba vo Isarele zwonnu laŋa kam se ba lɔ kandwa-zana peero jei sem ne. O ma daare o le baara morro fuserepɛ (70,000) se ba taa zeŋe kandwa yam. 16O ta ma kuri baara morro tetɔ de bia yatɔ (3,300) se banto taa nii tontoŋena bam de ba totoŋ-dɛɛra yam baŋa ne. 17O déem pɛ se ba yare kandwa yalo na dana ye ya ye kamuna to peo yera ne mo se ba ma ba tiŋi Wɛ diga kam kuri. 18Solomon dedaane Hiram tontoŋena bam, ko woli de Gebale tiina badwonna mo ke daane ba gwoni dɛ sem ba daare ba lɔ kandwa yam, ye ba daare ba fɔge ba kwɛ-ya se ba ma ba lɔ Wɛ diga kam.",https://www.bible.com/bible/3661/1KI.5.KBG
1 PWA 6,"Solomon na lɔge Wɛ diga kam tei to
2 Tigisim 3:1-14
1Solomon déem zaŋe o bobo Baŋa Wɛ diga kam lɔɔm. Ko déem ya ke bena bia yana de funɔnɔ (480) mo ye Isarele tiina bam yage Ejipti teo. Ko maa ye Solomon paare dim bena yana bene dem chane selei chana kam yere na ye Zivi to wone mo.
2Diga kalo Solomon na lɔge o pa Baŋa Wɛ to maŋem na ye tei to mo tento: Ka dedɔrem seeni ye naba-laara fintɔ mo. Ka kaywalem baŋa maŋem maa ye naba-laara fuga. Ka wɛ-baŋa maŋem maa ye jatwogo de noa ni maŋem kuni fintɔ. 3Diga kam napɔrɔ kaywalem maŋem déem ye naba-laara fuga mo se ko maŋe de diga kam tete. Ko dedɔrem maa ye naba-laara yanu. 4O ma kwei dɛ o ma o ke takwor-balwa Wɛ diga kabira kam yera ne. 5Diga kam sɛ setɔ seeni o ta ma lɔ di-balwa o kaare kabira kam pwooni yiga seeni. 6Di sem lɔge se daŋe da-baŋa mo kuni betɔ. Kuri seeni diga kam kaywalem maŋem ye naba-laara yalei de chichworo mo. Tetare diga kam de kaywalem maŋem maa ye naba-laara yatɔ, ye baŋa seeni diga kam kaywalem maŋem ye naba-laara yatɔ de chichworo. Ba déem na lɔge di-kamunu kom kabira kam to, ba pɔɔre mɛ di-balwa bei sem na wó peini da to. Ba ke konto se ba daa yé lu bɔɔna kabira kam yera ne ba lɔ mo.
7Ba déem vei peero jei mo ba sare kandwa yalo ba na wó ma ba lɔ Wɛ diga kam to pa ya maŋe daane. Ba laam ma zeiŋi-ya ba ja ba diga kam lɔɔm jei, se sɔɔ yé taa ke ka lɔɔm maŋa ne, ko ná maŋe ko ye dwooru naa luuru telo maama sɔɔ de.
8Ni delo na zoore di-balwa bam tega di sem to jeeri Wɛ diga kam tega-kuri seeni saŋa kam mo. Nateina maa zege dáane ya dɔɔle ya diini tetare di sem, de wɛyuu di sem.
9Solomon déem ma pa ba lɔ Wɛ diga kam ba ti. O ma daŋe bei kabira kam baŋa ne ye o daare o ma Sedare da-pelwaro o lware se baŋa ne o ma pu diga kam. 10Di-balwa balo o na lɔge o kaare Wɛ diga kam to dedoa maama wɛ-baŋa maŋem déem ye jatwogo de noa ni maŋem kuni benu mo. Ba déem mɛ Sedare bei mo ba twoŋi di sem konto de Wɛ diga kam daane.
11 Baŋa Wɛ déem pɛ Solomon ni o we, 12“Ko ná ye Wɛ diga kanto kam nmo na lage n lɔ n pa-ne to, nmo ná seene n sɛ a nia yam, de a chullu tem, ye n tɔge a bera yam, amo wó tɔge nmo baŋa a ke a su ni delo a na pwooli de n kwo David to. 13Amo wó taa zoore a nɔɔna Isarele tiina bam tetare ne taa. Amo daa bá viiri a daare-ba.”
14Solomon déem ma pa ba lɔ Wɛ diga kam ba ti. 15O ma kwei Sedare da-pelwaro mo o kwoli ka wo kabira kam, ko zege ka tega kam seeni se ko yi mɛ ba na ne to. O laam ma lware ka tega kam dedaane da-ŋonno. 16O ma zege diga kam wo kwaga kam seeni o maŋe naba-laara fuga se o lɔ kabira o ma che Wɛ di-yun-gala kam se ka tiini ka taa ye wose Wɛ ŋwaane. O laam ma kwei Sedare da-pelwaro o ma kwoli kabira kam konto ko zege ka tega kam seeni se ko yi mɛ ba na ne to. 17Wɛ di-yuu kom tete ma daare naba-laara finlei ye ka wo di-yun-gala kam yiga ne. 18Ba ma gɔgere kunkwollu de ga-punnu nyenyero ba ke Sedare dɛ sem yera ne. Diga kam wo kandwa daa ba nae, ba na mɛ Sedare dɛ ba kwoli ko maama to ŋwaane. 19O ma kwɛ di-yun-gala kam se ba laam kwei Wɛ ni-gwonim dakaa kam ba ba ba zege da. 20Diga kam konto dedɔrem baŋa maŋem déem ye naba-laara fuga. Ka kaywalem baŋa maŋem de maa ye naba-laara fuga, ye ka wɛ-baŋa maŋem ye jatwogo de noa ni maŋem kuni finlei. O ma taare ka wo kom maama de sabu-seŋa. O ta ma kwei Sedare dɛ o ma ke kaanem bimbini ye o daare o ma sabu-seŋa o kwoli-de. 21Solomon ma yɔɔre o kwei sabu-seŋa o ma kwoli Wɛ diga kam maama o daare o kwei sabu-seŋa chegero o ma che Wɛ di-yun-gala kam ni dem. 22Konto dwoŋi mo Solomon déem pɛ ba kwei sabu-seŋa ba ma ba kwoli Wɛ diga kam maama ba vo ba ti. Ko ta ná ye kaanem bimbini delo na ye Wɛ di-yuu kom nyem to, o ma taare-de de sabu-seŋa.
23Solomon déem ma pa ba kwei Olivi dɛ ba gɔgere cherubi nyenyero telei se ba kwei-te ba zege Wɛ di-yun-gala kam wone. Se dedoa maama wɛ-baŋa maŋem maa ye jatwogo de noa ni maŋem kuni fuga. 24-26Ya maama jege vɔna yalei yalei mo. Vɔŋɔ dedoa maama dedɔrem maa ye jatwogo de noa ni maŋem kuni benu. Ko na zege cherubi dedoa vɔŋɔ kweelim jei ne se ko yi ko dwoŋi kom vɔŋɔ na kweeli mɛ to ye jatwogo de noa ni maŋem kuni fuga mo. Cherubi nyenyero telei tem maama mae daane mo.
27Solomon ma kwei cherubi selei sem o zege Wɛ wara-jei di-yun-gala kam wone. Se vɔna yam yarege pa se cherubi dedoa vɔŋɔ dwei kabira kam daa dedoa, ye kadwoŋi kam vɔŋɔ de dwei daa kadwoŋi kam. Se wo vɔna yam de ma dwei daane. 28O ma daare o kwei sabu-seŋa o ma taare cherubi selei sem. 29O ma pa ba gɔgere cherubi, de konkware, de ga-punnu nyenyero ba ke di-yun-gala kam de di-yuu kom maama wo kabiri sem yera ne. 30O ta ma kwei sabu-seŋa o ma kwoli di selei sem maama tega.
31-32Wɛ di-yun-gala kam ni dem jege bworru telei mo ba na mɛ Olivi dɛ ba ke. Solomon ma pa ba gɔgere cherubi, de konkware, de ga-punnu nyenyero ba ke te yera ne. Ba laam ma kwei sabu-seŋa ba ma taare bworru tem maama. Ba kwei dɛ mo ba ke ni dem ne pa se de jege sɛ senu.
33Ni delo na zoore Wɛ diga kam tete wone to, ba ma kwei Olivi dɛ ba ma ke ni dem sɛ sena. 34Ba ma kwei da-ŋonno ba ma ke bworru telei ba kwaare ni dem ne. Bworo maama maa wae ko pira. 35Solomon ma pa ba gɔgere cherubi, de konkware, de ga-punnu nyenyero ba ke te yera ne. Ba ma kwei sabu-seŋa ba taare te maama pa ko mara ko mara. 36Ba ma lɔ kabira Wɛ diga kam yera ne ba che ka tetare konkɔlɔ kom. Ba ma lware kandwa kuni betɔ ba daŋe da-baŋa ne, ye ba daare ba daŋe Sedare da-kwollu kandwa yam baŋa ne, ye ba lɔ konto ba di.
37Solomon paare dim bena yana bene dem wone mo, ba déem chwi Baŋa Wɛ diga kam kuri. Ko ye Zivi chana kam wone mo konto. 38Ka ma guri o paare dim bena fuga-dedoa bene dem wone. Ko maa ye chane nana chana kam yere na ye Bula to mo konto. Wɛ diga kam de ka yera wonnu maama ma lɔ fase, ne Solomon na jaane o boboŋa se o ke tei to. Ba déem kwei bena yarepɛ mo ba lɔ ka maama ba guri.",https://www.bible.com/bible/3661/1KI.6.KBG
1 PWA 7,"Solomon na lɔge o sɔ-fɔrɔ kom tei to
1Solomon déem kwei bena fuga-yatɔ (13) mo o ma o lɔ o tete sɔ-fɔrɔ kom o ti. 2O ma lɔ di-kamunu kolo yere na ye ‘Lebanon Goa Diga Kam’ to. Diga kam konto déem ye naba-laara finnu (50) mo dedɔrem baŋa ne. Ka kaywalem baŋa maŋem maa ye naba-laara finlei-yanu (25). Ka maa ye jatwogo de noa ni maŋem kuni fintɔ (30) wɛ-baŋa seeni. Ba déem kwei Sedare bei mo ba daŋe Sedare ywoa baŋa ne. Ywoa yam jege gene sena mo. 3Danno telo ba na mɛ ba kwoli diga kam yuu to de déem ye Sedare dɛ mo. Bei sem déem ye finna-senu (45) mo. Bei fuga-senu (15) maa zege gena maama ŋwaane. 4Takworru gene setɔ mo ba ke pa te jeeri daane kuni betɔ. 5Diga kam nia yam mo jeeri daane yatɔ yatɔ ya maŋe diga kam yiga seeni. Ni dem maama sɛ sena sem maa ma daane.
6Solomon ta ma lɔ diga kalo ba na bwoi we ‘Ywoa Diga Kam’ to. Ka dedɔrem baŋa maŋem ye naba-laara finlei-yanu (25) mo. Ka kaywalem baŋa maŋem maa ye naba-laara fuga-yanu (15). O ta ma chwi ywoa o zege o ma ke pwola o tiŋi diga kam yiga ne. O laam ma kwoli ywoa yam o ma o ji pwoŋa.
7O déem ta ma lɔ diga kadwoŋi se o paare yituŋu kom taa zege da. Ba déem bwoŋi ka yere we, ‘Taane Dim Diga Kam’. Dáane mo Solomon déem jei o di nɔɔna taane. O pɛ ba kwei Sedare da-pelwaro mo ba ma kwoli-ka, ko zege ka tega kam ne se ko yi ka yuu kom seeni.
8O ma lɔ di selo o tete na zoore to pa se nye de di sesem sem. Jeiga kam konto déem zege konkɔlɔ kodwoŋi ne ye ka wo ‘Taane Dim Diga Kam’ kwaga ne. O ta ma lɔ sɔŋɔ kodwoŋi de o pa Ejipti Pa-faro bukɔ wolo o na di o ma o ke o kaane to. Ko di sem de maa nye de di sesem sem o na lɔge to.
9Ba déem kwei kandwa-ŋona yalo ba na sare pa ya sɛ sem maama maŋe daane to mo ba lɔ sɔ-fwaaro tento maama. Ba ma kwei-ya ba lɔ di sem ko zege se biri-beiri sem ne se ko yi se nayuni tem maama. Ba déem mɛ kandwa-ŋona yam ba lɔ di sem maama, ko zege bira-kwaga kam se ko vo ko yi konkɔlɔ-kamunu kom maama mo. 10Ba mɛ kandwa-zana mo ba beiri di sem maama. Kandwa yadwonna dedɔrem ye jatwogo de noa ni maŋem kuni nana mo. Yadwonna dedɔrem de maa ye jatwogo de noa ni maŋem kuni fuga. 11Ba ta ma kwei kandwa-ŋona yalo na sare ya maŋe daane to, ko woli de Sedare dɛ ba lɔ ba daŋe biri-beira kam baŋa ne. 12Ko ná ye pɛ sɔŋɔ konkɔlɔ-kamunu kom, ba kwei kandwa-ŋona yalo ba na sare to mo ba lɔ kabira ba che-ko. Ba ma lware kandwa kuni betɔ ba daŋe da-baŋa ne, ye ba daare ba daŋe Sedare da-kwollu kandwa yam baŋa ne, ye ba lɔ konto ba di. Ko ye bedwe mo de ba na lɔge Baŋa Wɛ diga tetare konkɔlɔ kom de ko napɔrɔ kom tei to.
Wɛ diga kam yera zela
13Pɛ Solomon ma toŋe nɔɔna se ba vo Tura ba bwoŋi Huram se o ba. 14Huram nu déem ye kadeim mo ye o nwoŋi Nafitali dwi dem wone. O kwo maa ye Tura tu na yeini o kwei channa o gɔgere wonnu to mo. Huram tete jege swa lanyerane. O maa ye gɔgɔ kolo na wae o kwei channa o ma o ke wonnu dwi dwi to mo. O ma ba Pɛ Solomon tei ye o ke totoŋe delo maama o na kwei o pa‑o to.
15Huram déem ma mɔ channa ywoa yalei o chwi. Ya dedoa wɛ-baŋa seeni dedɔrem déem ye jatwogo de noa ni maŋem kuni fuga-nana mo. Ya yera kikilu maŋem maa ye jatwogo de noa ni maŋem kuni fuga-belei. [Ba déem mɔɔne-ya se ya taa ye wogo mo. Channa kam liliru maa ye nwe sena maŋem mo.] Ywoa yalei yam déem ye bedwe mo. 16O ma kwei channa o ma o mɔ wonnu o sugili ywei maama yuu ne se te wane te teili diga kam yuu kom seeni. Kolo na sugili da to maa ye jatwogo de noa ni maŋem kuni benu wɛ-baŋa seeni ywei maama ŋwaane. 17O ma gɔgere channa kam o lɛɛne daane ne chegero tei ye o kwei-ka o lei ywoa yalei wo-sugila yam yera ne. O ke konto mo kuni berepɛ wo-sugila yalei yam maama yera ne. 18O ta ma kwei channa kam o gɔgere Pomegara nyenyero o ke gene selei wo-sugila yalei yam yera ne. 19O ke wo-sugila yam pa se ya nye de kantɔgela na ye tei to mo. Ya wɛ-baŋa maŋem maa ye jatwogo de noa ni maŋem kuni bena. 20Ywei maama yuu maa jege wo-gigilu na wo chegero nyenyero tem teiŋa ne to. Wo-sugili dem daŋe ko baŋa ne mo, ye Pomegara nyenyero bia yalei tigisi te kaare-de gene selei.
21Huram ma kwei ywoa yam o chwi Wɛ diga kam napɔrɔ kom ni ne. O déem ma pa ba bwoi ywei delo na zege ni dem jazem seeni to we, ‘Jakim’. Delo maa na wo jagwia seeni to maa ye ‘Bowaza’. 22Wo-sugila yam maa wo ywoa yam yuni ne, ye ya nye de kantɔgela na ye tei to. Konto ma guri ywoa yam totoŋa.
23Huram laam ma kwei channa o mɔ ware-zon-zɔŋɔ ye o bwoŋi ko yere we, ‘Naneo kom’. Ko na zege ni dedoa se ko vo ni dedwoŋi to ye jatwogo de noa ni maŋem kuni fuga mo. Ka wɛ-baŋa maŋem maa ye jatwogo de noa ni kuni benu. N ná kwei ŋona n maŋe-ka gigilu baŋa ne, ko ye jatwogo de noa ni kuni fintɔ mo ko kaare. 24Ba ma kwei channa ba gɔgere wonnu na nye de kunkwollu to ba ke zon-zɔŋɔ kom nia yam seeni ba kaare-ka gene selei. Jatwogo de noa ni maŋem maama jege kunkwollu fuga mo. Ba déem mɔɔne zon-zɔŋɔ kom de ko kunkwollu nyenyero tem daane mo. 25O ta ma kwei channa o mɔ nabɛ fuga-selei pa se ware-zon-zɔŋɔ kom daŋe se baŋa ne. Nabɛ sem maama ma kwei se kwɛ se pa daane mo. Nabɛ setɔ déem jeeri baŋa seeni mo. Se setɔ de jeeri wɛ-zoore seeni. Setɔ maa jeeri tega-kuri seeni ye setɔ jeeri wɛ-puli seeni. 26Zoŋa kam déem lira se ko maŋe de da-yiga noa maŋem mo. Ka ni dem maa nye de na-zoŋa ni na ye tei to, ye ka laam ta ka nwoŋi ne kantɔgela na ye tei to. Ka wó wane ka jwoŋi kuriwaa bia morro telei na mo.
27Huram ma kwei channa o ma o ke ware-zwe zegem torokooro fuga. Toroko maama dedɔrem maŋem ye jatwogo de noa ni kuni bena mo. Ko kaywalem baŋa maa ye jatwogo de noa ni maŋem bena. Ko wɛ-baŋa de maa ye jatwogo de noa ni maŋem betɔ. 28O na ke torokooro tem tei to mo tento: 29O kwei channa o ke woŋo na lwoni dakaa to mo o zege. O ma kwoli ka sɛ sena sem de channa. O ma mɔ nywonnu, de nabɛ, ko woli de cherubi nyenyero o yage ka sɛ sem yera ne, ye o daare o gɔgere tio-vɔɔ nyenyero o yage nywonnu de nabɛ nyenyero tem baŋa de te kuri seeni. 30Toroko maama déem jege weela nɛ sena de se bei. Te maama ye ba mɛ channa mo ba ke-te. Torokooro tem maa jege nyea yana se ya teili na-zoŋa kam. Ba ma gɔgere tio-vɔɔ nyenyero ba ke nyea yam sɛ sem ne. 31Ba ma ke wo-zego na ye gigilu to dakaa kam baŋa seeni. Wo-gigilu kom luuna se ko maŋe de jatwogo de noa ni maŋem dedoa mo. Ko kaywalem baŋa maa ye jatwogo de noa ni maŋem dedoa de chichworo. Ba gɔgere wonnu mo ba kaare dakaa kam ni dem seeni. Ko ná ye toroko kom tete, ko sɛ sem maama mae daane mo, se se dae gigilu. 32Ko nɛ sem maa zege ko sɛ sena sem kuri ne. Se bei sem de ma meeli ko yera ne. Weela yam kaywalem maa ye jatwogo de noa ni maŋem dedoa de chichworo. 33Ba ke-ya nenɛɛne ya ye jara-keim toroko weela mo. Ba kwei channa mo ba ke bei sem, de weela yam, de ya yera wonnu tem maama. 34Ba ma meeli gwonnu tena dakaa kam sɛ sena sem yera ne se ba taa maa jaane-ka. 35Ba ma ke baŋa ba daŋe dakaa kam baŋa ne. Ka na luuna tei to maŋe de jatwogo de noa ni maŋem chichworo mo. Baŋa kam de wonnu telo na vɔge-ka to maama meeli dakaa kam yera ne mo. 36Huram ma gɔgere cherubi, de nywonnu, de konkwara o ke dakaa kam yera maama ne ko maŋe de pwola kalo maama na wora to. O ta ma gɔgere tio-vɔɔ nyenyero o kaare ka maama. 37O déem tɔge konto dwoŋi mo o ke torokooro fuga kam maama. Te maama maa mae daane ye te nye daane.
38Huram ma kwei channa o ma mɔ ware-zwe fuga se dedoa maama zege ko pa toroko dedoa. Ware-zoŋa maama déem jwoŋi garewɛ finna. Ko zege ka ni dedoa ne se ko yi dedwoŋi dem ye jatwogo de noa maŋem kuni bena. 39O ma kwei torokooro tem tenu o zege Wɛ diga kam tega-kuri saŋa kam seeni. O ta ma kwei tetem tenu o zege baŋa saŋa kam seeni. O ma kwei ware-zon-zɔŋɔ kom o zege Wɛ diga kam kuri saŋa kam seeni se ko maŋe de ka gugworo kolo na jeeri wɛ-puli seeni to.
40Huram ta ma mɔ zwe selo ba na wó taa mae ba pɛ tentwarem to, de sɛbullu, de na-zwe. O déem ma toŋe Baŋa Wɛ diga kam totoŋa yalo maama Pɛ Solomon na pɛ‑o to o ti. 41Ko maa ye channa ywoa yalei yam, de wo-sugila yalei yam na wo ywoa yalei yam yuu ne to, de channa kam na lɛɛne daane ka kwoli wo-sugila yam to, 42dedaane Pomegara bia yana nyenyero telo o na gɔgere o yage channa kalo na lɛɛne daane to ne. Pomegera nyenyero tem maa ye gene selei na kwoli wo-sugili dedoa maama. 43O déem ta mɔɔne torokooro fuga, de te ware-zwe fuga, 44dedaane ware-zon-zɔŋɔ dedoa, de ka kuri channa nabɛ nyenyero fuga-selei mo.
45Ko ná ye zwe selo ba na wó taa mae ba pɛ tentwarem to, de sɛbullu tem, de na-zwe sem, Huram kwei channa kalo na kwɛ to mo o ke te maama o pa Pɛ Solomon se ba taa mae ba toŋa Baŋa Wɛ diga kam totoŋa. 46Pɛ wom déem pɛ ba mɔ tento maama kamɔ-mɔra jeiga kalo na wo Jɔdan bwolo kom ne se ko maŋe de Sukofa de Zarefan tetare laŋa ne to mo. 47Solomon maŋe o wo pɛ ba maŋe channa wonnu tem konto dunni ba nii, te na tiini te daga to ŋwaane. Mo kokuri ba ta wo lɔre te dunni na mae tei to.
48Solomon déem ta pɛ ba ke Baŋa Wɛ diga kam wo zela yam maama. Ko maa ye sabu-seŋa kaanem bimbini dem, de sabu-seŋa tabolo kolo baŋa ne ba na tiŋi bworobworo na zege Wɛ yiga ne to. 49O ta pɛ ba kwei sabu-seŋa kalo na ye chekke to mo ba ke min-zwon-zegero. Te maa zege Wɛ di-yuu kom wone mɛ na ye di-yun-gala kam yiga ne to, pae tenu wo jazem seeni, ye tenu wo jagwia seeni. O ma pa ba gɔgere sabu-seŋa punnu nyenyero, ye ba kwei sabu-seŋa ba ke min-zwonnu, de wonnu telo na dwei mini dem to. 50O ma pa ba kwei sabu-seŋa na ye chekke to ba ke na-zwe, de wonnu telo na fɔge te kwɛ mini dem to, de ware-zwe, de zon-tanlɛ selo ba na ma ba zwɛ talwoŋ-ywoŋa to, dedaane min-chala zwe. O ta ma pa ba kwei sabu-seŋa ba taare Wɛ di-yun-gala kam ni-bworru tem, dedaane bworru telo na zoore Wɛ diga kam tete to.
51Ko déem dɛ konto mo ye Pɛ Solomon pɛ ba toŋe Baŋa Wɛ diga kam totoŋa maama ba ti. O laam ma ja wonnu telo maama o kwo David déem na pɔɔre o zege Wɛ ŋwaane to o ja zo ka wo. Ko maa ye lu-nyenno de sabu-seŋa wonnu tem de diga kam wo zela yam maama mo o kwei o zege Baŋa Wɛ diga kam lonne wonnu tiŋim jei sem ne.",https://www.bible.com/bible/3661/1KI.7.KBG
1 PWA 8,"Ba jaane Wɛ ni-gwonim dakaa kam ba zo Wɛ diga kam
1Pɛ Solomon déem pɛ ni mo yi Isarele dwi tiina nakwa bam maama se ba ba o tei Jerusalem ne. Ko ye ba pwa bam de ba sɔ-yuni tem yiga tiina bam maama mo konto. O déem ma bwoŋi-ba se ba ke daane ba ja Wɛ ni-gwonim dakaa kam na wo David teo Zion ne to ba ja ba zo Wɛ diga kam. 2Ba maama ma ke daane ba yi pɛ Solomon tei kuri delo na ke chane serepɛ chana kam ba na bwoi we Etanim to maŋa ne.
3Isarele tiina nakwa bam maama na jeeri konto to, Wɛ kaanem tiina bam ma zeiŋi Wɛ ni-gwonim dakaa kam wɛɛne 4se ba ja ba vo Wɛ diga kam. Levi tiina bam de kaanem tiina bam de ma zeŋe Wɛ wara-vwei dem de de yera zela yam maama ba ja ba kɛ. 5Pɛ Solomon de Isarele tiina kɔgɔ kom maama ma vo ba gilimi Wɛ ni-gwonim dakaa kam yiga ne. Ba ma kwei pei de naane dedɛ ba ma ba ke kaanem ba pa Wɛ. Vara bam tiini ba daga dedɛ pa se nɔɔn-nɔɔno ware ba ni o ga.
6Wɛ kaanem tiina bam ma zeŋe Baŋa Wɛ ni-gwonim dakaa kam ba ja ba zo Wɛ diga kam wone ba zege-ka di-yun-gala kam na tiini ka ye wose Wɛ ŋwaane to wone. Ba déem zege dakaa kam cherubi vɔna yam kuri ne mo. 7Cherubi selei sem vɔna yam twe mo wɛɛne ya kwoli dakaa kam de ka dɛ selo ba na mae ba zeŋe-ka to. 8Dɛ sem konto tiini se dɔra dedɛ. Ko ma pa se nɔɔno ná zo Wɛ diga kam o zege ka ni ne, o wae o tole o nae dɛ sem. Ko nam ná ye pwooni dem ne mo o zega, o ba nae-se. Se ta zege da de zem maama. 9Woŋo kolo yerane déem na wo Wɛ ni-gwonim dakaa kam wone to mo ye kandwa-pelɛ selei selo Moses déem na kwei o ke-da Sinayi peo kom baŋa ne to. Dáane mo Baŋa Wɛ déem gwoni ni de Isarele tiina bam maŋa kalo ba na nwoŋi Ejipti teo ne ba kɛ to.
10Wɛ kaanem tiina bam na nwoŋi Wɛ di-yuu kom ne to mo kunkwoŋo pɔpɔ ko zo ko kwoli Baŋa Wɛ diga kam maama. 11Wɛ kaanem tiina bam ware ba jwoori ba zo da ba toŋe ba totoŋa, kunkwoŋo kom na wora ye Baŋa Wɛ nenɔŋ-fɔrɔ kom pwooni yɔɔre de su jei sem maama to ŋwaane.
12Pɛ Solomon ma ware Wɛ o we, “Baŋa Wɛ, nmo maŋe n ta n we, nmo wó ta‑n zoore kunkwon-lilirru wone mo. 13Amo nam lɔge sɔ-fɔrɔ mo a pa‑m, se n ta‑n zoore ka wone taa wuu.”
Solomon ŋɔɔne de nɔɔna bam
14Isarele nɔn-kɔgɔ kom maama na zege da konto to mo Solomon pipiri o jeeri-ba. O ma sɔɔle Wɛ swolim o yage ba baŋa ne. 15O maa we:
“Baŋa Wɛ wom na ye Isarele tiina Wɛ to maŋe de tia! O yɔɔre o ke o su ni delo o na pwooli de a kwo David to mo. Wɛ déem tage o we, 16‘Ko na zege maŋa kalo a na jaane a nɔɔna Isarele tiina bam a nwoŋi Ejipti teo wone to, a ya ta wo kuri teo Isarele dwia yam tega maama wone se ba lɔ wara-jei ba ma ba zuli a yere da. A laam nam mo kuri David se o taa nii a nɔɔna Isarele tiina bam baŋa ne.’ ”
17Solomon ta ma ta o we:
“Amo kwo David ya maŋe o boŋe o ja mo se o lɔ Wɛ diga se ba taa zuli Baŋa Wɛ wom na ye Isarele tiina Wɛ to yere da. 18Baŋa Wɛ nam tage ded‑o o we, ‘Nmo ke chega de n na jaane boboŋa se n lɔ Wɛ diga se ba taa zuli a yere da to. 19Ko nam dae nmo mo jege se n lɔ diga kam n pa-ne. Se ko ye nmo tete bu mo wó lɔ diga amo yere zula ŋwaane.’ 20Leile konto Baŋa Wɛ ke o su tei maama o na pwooli we o wó ke to mo. Amo laam mo leiri a kwo David yuu ne a ji Isarele teo pɛ. A ta ma sɛ a lɔ Wɛ diga kam se Baŋa Wɛ wom na ye Isarele tiina Wɛ to yere na zula da. 21A ta ma ke jeiga Wɛ diga kam wone se ba taa zege Wɛ ni-gwonim dakaa kam da. Dakaa kam konto wone mo kandwa-pelɛ selo Baŋa Wɛ ni-gwonim dem na popone se baŋa ne to maa wora. O déem gwoni ni dem konto de dé nabaara bam maŋa kalo o na jaane-ba o nwoŋi Ejipti teo wone to mo.”
Solomon na lwoori Wɛ tei to
2 Tigisim 6:12-42
22Solomon ma vo o zege o jeeri Baŋa Wɛ kaanem bimbini dem ye Isarele kɔgɔ kom maama zege ba nia. O ma zeiŋi o je sem wɛyuu ne 23ye o lwoori Wɛ o we:
“Baŋa Wɛ wom na ye Isarele tiina Wɛ to, wɛ dedwoŋi tera wɛyuu ne naa tega baŋa ne de na nye de nmo. Nmo yɔɔre n swoi balo na tɔge n chwei sem de ba wo maama to de n na yeini n ke n sui ni delo n na gwoni de-ba se n ke to. 24Ko ná ye amo kwo David na ye nmo tontoŋeno to, nmo na tiŋi ni ded‑o se n ke tei to mo n seene n ke te maama se ko ba ko yi zem. 25Isarele tiina Baŋa Wɛ wom, a laam lwoori‑m se n ke tei n na pwooli de a kwo David ye n we o dwi dem bá ga nɔɔno se o di paare Isarele tiina baŋa ne, ne ba ná kwaane ba tɔge nmo chwei sem ne David tete na ke tei to. 26Isarele tiina Wɛ wom, nam sɛ se kolo nmo na pwooli de a kwo David na ye n tontoŋeno to seene ko ji chega.
27Amo Tu Wɛ, nmo wó seene n ta‑n zoore tega baŋa ne na? Wɛyuu de wɛ-baŋa jei sem maama ne, pwola tera ka na maŋe de nmo. Tetɛ mo diga kanto a na lɔge to wó wane ko yi n zoorem? 28Amo Tu Baŋa Wɛ, a ye nmo tontoŋeno mo. Nam pa n yiga taa wo a wɛ-lworo kom wone. Cheigi a keira kam se n daare n sɛ a zem na lwoori‑m woŋo kolo to. 29Popo, pa se n yia taa page diga kanto baŋa ne maŋa maama, tete de wea ne. Nmo maŋe n ta we ka zege n yere dem zula ŋwaane mo. Maŋa kalo maama ne a ná zege a jeeri diga kanto a lwoori‑m, se n cheigi a wɛ-lworo kom. 30Ko ná ye amo de n nɔɔna Isarele tiina bam, dé ná zege dé jeeri nmo diga kam se dé lwoori‑m, se n jeini n wɛyuu sɔŋɔ kom ne n cheigi dé wɛ-lworo n daare n yage n chɛ debam.
31Nɔɔno ná ke o chɔge o dwoŋi yiga ye ba ja‑o ba zo nmo diga kam wone se o zege nmo kaanem bimbini dem yiga ne se o du duuri we o wo ke o chɔge, 32jeini telaao ne n cheigi o taane dem se n daare n ke kolo na maŋe to. Pɔɔre chega n tontoŋena bam tetare ne. Pa se puseŋ-nyeno wom na waarem delo na maŋe de o kikia to, se n daare n pa wolo na jege chega to na o bora.
33Nmo nɔɔna Isarele tiina bam wɛleera ná pɛ se ba dona di-ba jara wone, ye ba laam ná pipiri ba jwoori nmo tei ba zo nmo diga kanto wone ba ma n yere dem ba lwoori‑m se n duri ba yibwona se n daare n yage n chɛ-ba, 34jeini Wɛ telaao ne n cheigi ba keira kam konto. Seene n yage ba wɛleera yam n ma‑n chɛ-ba, n daare n ja-ba n jwoori tega kalo nmo na kwei n pa ba nabaara bam to.
35Nmo nɔɔna bam wɛleera ná pɛ se n ja kunkwoŋo kom pa se doa ba nena, ye ba laam ná leiri ba wo ye ba zege ba jeeri n diga kam ba ma n yere dem ba lwoori wolim nmo tei ne de n na waare-ba tei to, 36jeini Wɛ telaao ne n cheigi ba keira kam. Yage n nɔɔna Isarele tiina bam wɛleera n chɛ-ba, se n daare n bere-ba chwo-laao se ba taa tɔga. Pa se doa jwoori ka ne tega kanto n na kwei n pa n nɔɔna se ba taa tei to baŋa ne.
37Da-kore de jawe-chɛɛro ná tu te yi ba tega kam, ye jaweero naa kayere dwi dwi ná chɔge ba kara wodiiru tem, ye ba dona ná zaŋe ba teo kolo maama baŋa ne, naa ko ná ye lɛɛro telo maama mo yi n nɔɔna Isarele tiina bam, 38cheigi ba keira kam. Ba wolo maama ná zeiŋi o jea o jeeri n diga kanto ye o lwoori‑m naa o keeri o jare‑m, o wo na tiini ko chɔge to ŋwaane, 39se n jeini n wɛyuu sɔŋɔ kom ne n cheigi o keira kam konto. Yage ba maama wɛleera n chɛ-ba se n daare n woli-ba. Ke de ba dedoa dedoa se ko maŋe de ba kikia na ye tei to, nmo yerane mo na yei nabiinu boboŋa na ye tei to ŋwaane. 40Konto wó pa se n nɔɔna bam taa kɔre‑m da yalo maama ba na wó taa ŋwe ye ba zoore tega kalo nmo na kwei n pa dé nabaara bam to wone.
41Ko ta ná ye veira balo na dae n nɔɔna Isarele tiina bam dwi to, banto wae ba zege sa-teo ne ba tui ywo-seeni, ba na nigi n yere dem ŋwa to ŋwaane. 42Ko ye n yere na zaŋe de n na mɛ n dam n toŋe totoŋ-kamuna to ŋwaane mo banto yeini ba tui ywo. Ba wolo ná tu o zege o jeeri n diga kanto o lwoori‑m, 43se n jeini n wɛyuu sɔŋɔ kom ne n cheigi o wɛ-lworo kom konto. Ke n su kolo maama o na lwoori n tei ne to, se logo baŋa nɔɔna maama da ko ŋwaane ba ni nmo yere dem ŋwa, ye ba taa kɔre‑m nenɛɛne nmo tete nɔɔna Isarele tiina bam na ke tei to. Ba maa wó lɔre we diga kanto a na lɔge to seene ka ye nmo yere dem zula ŋwaane mo.
44Nmo nɔɔna bam ná nwoŋi se ba vo mɛ maama n na toŋe-ba se ba kwaare jara de ba dona, ye ba ná zege ba jeeri teo konto n na kuri to, de Wɛ diga kanto a na lɔga nmo yere dem zula ŋwaane to ba lwoori wolim nmo Baŋa Wɛ tei ne, 45se n jeini Wɛ telaao ne n cheigi ba wɛ-lworo kom, de ba na ŋɔne tei n yiga ne to, se n daare n ke chega n pa-ba.
46Nɔɔn-nɔɔno tera o na ba ke wɛleera. Nmo nɔɔna bam nam ná ke wɛleera pa se nmo bane zaŋe de-ba, n wae n yage se ba dona di-ba pa se ba ji peena sa-teo ne yiga yiga naa bwola bwola de. 47Jei sem konto ne ba boboŋa ná jwoori ye ba leiri ba wo Wɛ ŋwaane, se n cheigi ba wɛ-lworo. Ba ná zege ba dona bam teo ne ba lwoori‑m ye ba we, ‘Dé seene dé tusi mo ye dé ke lwarem de puseŋa kikia’, 48ye ba ná pipiri ba jwoori n tei de ba wo maama, nam sɛ se n cheigi ba wɛ-lworo kom. Ba ná maŋe sa-teo ne ba zege ba jeeri tega kanto n na pɛ ba nabaara bam to, de teo kolo nmo na kuri n pa n tete to, de a na lɔge diga kalo nmo yere dem zula ŋwaane to, 49se n jeini n wɛyuu sɔŋɔ kom ne n cheigi ba wɛ-lworo kom de ba keira kam n daare n ke chega n pa-ba. 50Nam kwei n nɔɔna bam na ke kolo maama ba chɔge n yiga to n yage n chɛ-ba, de ba na nwoŋi n kwaga ne tei to. Nam pa se ba dona balo na di-ba to taa duri ba yibwona. 51Kokuri to, ba ye balo n na kuri n pa n tete se ba taa ye n nyɔn-mage nɔɔna to mo. N ma‑n ja-ba n nwoŋi Ejipti teo ne mɛ ba na nɛ yaara dedɛ ne min-vogo to.
52Yuu-tu Baŋa Wɛ, ta‑n nii amo wolo na ye n tontoŋeno to baŋa ne, de n nɔɔna Isarele tiina bam baŋa ne, se n cheigi dé wɛ-lworo maŋa kalo maama dé na lwoori wolim n tei ne to. 53Kokuri to, ko ye nmo tete mo pɔɔre debam logo baŋa dwi maama wone se dé taa ye nmo tete nyɔn-mage nɔɔna bam, ko maŋe de nmo déem na tage tei n bere n tontoŋeno Moses maŋa kalo nmo na le dé nabaara bam n ja n nwoŋi Ejipti teo ne to.”
54Solomon na ware Baŋa Wɛ ye o lwoori wolim o tei ne o ti konto to, o ma zaŋe wɛɛne o zege Baŋa Wɛ kaanem bimbini dem yiga ne, mɛ o ya na kuni dwoona de teiŋa ne o zeiŋi o jea wɛɛne o lwoori to. 55O ma zege o yɔɔre Isarele tiina kɔgɔ kom ye o kwei Wɛ zaane o ma swɛ ba maama swolim. O ma ta de kwor-dɛa o we:
56“Baŋa Wɛ maŋe de tia mo, o na pɛ se o nɔɔna Isarele tiina bam laam na siu ne o na maŋe o pwooli we o wó ke tei to. O na tiŋi ni de o tontoŋeno Moses we o wó ke wo-laaro telo maama to, de dedoa tete wo dɛ na. 57Debam Tu Baŋa Wɛ wó taa wora debam tei ne, nenɛɛne o déem na wora de dé nabaara bam tei to. O bá yage debam naa o ve debam. 58O nam wó virigi dé bochara se dé taa tɔge o chwei sem, ye dé daare dé sɛ o nia yam, de o bera yam, de o chullu tem maama, ne o na pɛ dé nabaara bam se ba taa tɔge to. 59Baŋa Wɛ wó pa se o yiga taa wo a taane dento a na lwoori o yiga ne to wone maŋa maama, wea de tete. Debam Tu Baŋa Wɛ ta wó woli amo wolo na ye o tontoŋeno to de o nɔɔna Isarele tiina bam se ko maŋe de ba na lage tei dɛ wone to. 60Konto wó pa se logo baŋa dwi maama lɔre we Baŋa Wɛ yerane mo ye Wɛ chekke ye o dwoŋi daa tera. 61Abam balo na ye debam Tu Baŋa Wɛ nɔɔna to, ta‑á yei-na se á ta‑á tɔge o bera yam á daare á sɛ o nia yam maama, ne á na maŋe á ke tei zem to.”
Ba di kuri Wɛ diga kam ŋwaane
62Pɛ Solomon dedaane Isarele tiina kɔgɔ kom maama déem ma kwei pɛɛra ba ke kaanem ba pa Baŋa Wɛ. 63Solomon déem kwei naane morro finlei-telei (22,000) mo, de pei de bone morro bi de finlei (120,000) mo o pa se ba ma ba ke yazura pɛɛra ba pa Baŋa Wɛ. O de Isarele tiina bam maama ke konto mo ba ma pore Baŋa Wɛ diga kam o yere zula ŋwaane. 64Dɛ dem konto ne pɛ wom kwɛ konkɔlɔ kom na wo Baŋa Wɛ diga kam yiga ne to mo se ko taa ye ko yera Wɛ ŋwaane. O ma zege konkɔlɔ kom tetare dem seeni o kwei zwɛɛm pɛɛra, de wodiu pɛɛra, de vara lara kalo na wora yazura pɛɛra ŋwaane to o ke kaanem dem. Kokuri to, channa kaanem bimbini dem na zege Baŋa Wɛ yiga ne to muri se kaanem dem maama wane de ke de baŋa ne.
65Solomon de Isarele tiina kɔgɔ kom na wo o tei ne to kwei da yarepɛ mo se ba di kuri dem. Ba kɔgɔ kom déem daga mo ye ba nwoŋi Isarele jei maama ne, ko zege Lebo-Hamafa teo ne se ko yi Ejipti bu-nɔgɔ kom seeni, ba ba ba tɔge ba di kuri dem ba ma zuli Baŋa Wɛ. 66Tega na poore to, Solomon ma bane nɔɔna bam se ba jwoori ba sam. Nɔɔna bam ma ke pɛ wom lei. Ba na maa jwoori sɔŋɔ to, ba déem jege wopwolo dedɛ de Baŋa Wɛ na ke wo-laaro telo maama o pa o tontoŋeno David de o nɔɔna Isarele tiina bam to.",https://www.bible.com/bible/3661/1KI.8.KBG
1 PWA 9,"Baŋa Wɛ daa veere o tete de Solomon
1Pɛ Solomon déem na lɔge Baŋa Wɛ diga kam, de o tete sɔŋɔ kom, de woŋo kolo maama o ya na lage se o lɔ o ti to, 2Baŋa Wɛ daa ma ba o veere o tete ded‑o o ke belei, ne o ya na maŋe o ke tei Gibeon ne to. 3Baŋa Wɛ ma ta ded‑o o we:
“Amo nigi nmo na lwoori a tei ne se a ke woŋo kolo a pa‑m to. Diga kam n na lɔga amo ŋwaane to, a seene a pɔɔre-ka se ka taa ye wose mo, se a yere dem taa wora taa wuu. Amo yi page ka baŋa ne ye a boboŋa de wó taa wo ka wone maŋa maama. 4Ko nam ná ye nmo, n ná jege chega n ŋwea ne, ne n kwo David déem na ke tei ye o yɔɔre o tɔge chwoŋa de boboŋ-laaro to, ye n ná sɛ n tɔge a nia yam, de a bera yam, de a chullu tem, 5amo laam wó pa se n dwi dem taa di Isarele teo paare taa wuu. A na pwooli tei de nmo kwo David we, o dwi dem bá ga nɔɔno se o di paare Isarele tiina bam baŋa ne to wó seene ko ji chega.
6Nmo dedaane dwi delo na wó saŋe nmo kwaga to nam ná ywori amo chwoŋa kam ne ye á ve a nia yam de a bera yam, á daare á pipiri á zuli wa yadwonna, 7amo laam wó zeili abam Isarele tiina bam se á daa yé ta‑á zoore tega kanto a na kwei a pa abam to baŋa ne. A maa wó ve diga kanto a ya na sɛ se ka taa ye wose a yere zula ŋwaane to de. Konto ná kea, dwi-gɛ tiina laam wó taa jege Isarele tiina bam mo ba mɔna ye ba gwooni-ba. 8Diga kanto maa wó yɔɔre ka to ka saare ka taa ye di-dwoŋo. Nɔɔna maama maa ná dɛ da se ba kɛ, ko wó ke-ba yaau mo, pa se ba taa chweesa ye ba tɛ we, ‘Bɛ mo ye Baŋa Wɛ pa se lɛɛro tento yi ba tega kam de ba Wɛ diga kam?’ 9Nɔɔna maa wó leiri we, ‘Ba tete mo mɛ ba kwaga ba ya ba Tu Baŋa Wɛ wom. Wonto nam ya mo jaane ba nabaara bam o nwoŋi Ejipti teo ne. Ba nam na pipiri ba tɔge wa yadwonna ye ba zuli-ya to ŋwaane mo Baŋa Wɛ pɛ se lɛɛro tento yi-ba.’ ”
Pɛ Solomon totoŋa yadwonna
10Pɛ Solomon déem kwei bena finlei mo o ma o lɔ Baŋa Wɛ diga kam de o tete sɔŋɔ kom maama. 11Solomon ma kwei teene finlei na wo Galili laŋa kam ne to o pa Tura teo pɛ Hiram, kokuri to wonto déem woli‑o de Sedare dɛ, de da-ŋonno tedwonna, de sabu-seŋa, ne o na laga tei maama se o ma o lɔ Wɛ diga kam to. 12Pɛ Hiram na zege Tura ne o vo o na teene delo Solomon na pɛ‑o to, o yi maa wo su-de. 13O ma ta de Solomon o we, “A badwoŋi, teene dento dwi mo nmo kwei n pa-ne?” O ma pa de laŋa kam yere we ‘Kabul’. Yere dem konto mo wora de zem maama. 14Hiram ya pɛ Solomon sabu-seŋa kalo dunni na yi kilo morro tena (4,000) to mo.
15Tontoŋena balo Solomon déem na pɛ se ba toŋe totoŋ-dɛɛra ba pa‑o to taane mo tento. O déem pɛ se ba lɔ Baŋa Wɛ diga kam, de o tete sɔŋɔ kom, de Millo jeiga kam, ye ba daare ba lɔ Jerusalem teo kabira kam, de Hazora teo kom, de Megido teo kom, de Gezere teo kom.
16Ko ye Ejipti Pa-faro wom déem mo maŋe o ke jara o di Gezere teo kom. O de mini mo ko wone ye o daare o go Kanaan tiina bam na zoore da to. O ma daare o kwei-ka o pa o bukɔ se o ma o zo Solomon. 17Solomon ma pa ba jwoori ba lɔ Gezere teo kom.
Solomon déem ma pa o tontoŋena bam lɔ Bɛte-Horon teo kom na wo kuri seeni to, 18de Baalafe, de Tamara na wo Judah kagoa kam ne to. 19O ta pɛ se ba lɔ teene delo o na wó taa zege wodiiru, de jara-keim torokooro, de sisein-nɔɔna da to. O ta pɛ se ba lɔ o boboŋa na jaane kolo maama se o lɔ to mo Jerusalem ne, de Lebanon ne, de jei selo maama o na di paare da to.
20-21Solomon na fe nɔɔna balo se ba taa toŋe totoŋ-dɛɛra ba pa‑o to déem ye Amori tiina, de Hiti tiina, de Pɛrizi tiina, de Hivi tiina, de Jebusi tiina mo. Banto dae Isarele dwi tiina ye ba ya ta daare Isarele tega kam ne. Banto nam ye dwia yalo Isarele tiina bam déem na wo yɔɔre ba chɔge to bia mo. Ba ta ye kabɛ mo de zem maama. 22Ko nam ná ye Isarele tiina bam tete, Solomon déem wo pɛ se banto ji o kabɛ. O nam pɛ se ba ji o jar-keira, de o dedɛɛra, de o jar-keira yiga tiina, de o jara-keim torokooro dira, dedaane o sisein-dira yiga tiina mo.
23Dedɛɛra balo na nii tontoŋena bam baŋa ne ba pa Solomon to déem ye nɔɔna bia yanu de finnu (550) mo. Ba déem maa nii o totoŋa yam maama baŋa ne.
24Pɛ Solomon kaane wolo na ye Ejipti Pa-faro wom bukɔ to déem zege David teo kom ne o vo sɔŋɔ kolo Solomon na lɔge o pa‑o to. Solomon ma lɔ Millo jeiga kam o woli da.
25Kuni betɔ bene maama wone mo Solomon yeini o ke zwɛɛm pɛɛra de yazura pɛɛra bimbini delo o na lɔga o pa Baŋa Wɛ to baŋa ne. O ta ma zwɛ talwoŋ-ywoŋa o pa Baŋa Wɛ. Konto baŋa ne mo o déem pɛ se Wɛ diga kam zege ka ti.
26Pɛ Solomon déem pɛ se ba ke nabwor-kamunnu dedɛ Ezion-gebera ne ba pa‑o. Teo kom konto bwola de Elofe na wo Nane-soŋo kom ni ne Edom tega baŋa ne to mo. 27Pɛ Hiram ma toŋe o nɔɔna balo na yei nabwooru yuŋim to badaara se ba vo ba gwaane de Solomon nɔɔna bam ba toŋe. 28Ba ma yuŋi nabwooru tem ba vo ba yi Ofiri ye ba na sabu-seŋa dedɛ dáane. Ba ma ja sabu-seŋa kilo morro fuga-tena (14,000) ba jwoori ba vo ba pa Pɛ Solomon.",https://www.bible.com/bible/3661/1KI.9.KBG
1 PWA 10,"Seba ka-pɛ wom yera taane
1Seba teo ka-pɛ wom déem nigi Pɛ Solomon yere na zaŋe jei maama ne de o na zuli Baŋa Wɛ tei to. O ma zaŋe o vo Jerusalem se o faŋe‑o de bwia yalo na dana to o nii. 2O déem pɛ se o tontoŋena dedɛ tɔge ded‑o ba vo, dedaane kona yalo na zeŋe talwoŋ-ywei dwi dwi, de sabu-seŋa, de kandwa-nyenno dedɛ to. O na yi Solomon tei to mo o bwei‑o bwia yalo maama o boboŋa na jaane se o bwei to. 3Pɛ Solomon de ma leiri o bwia yam maama. Ya ná maŋe ya chana tei de, o wane o leiri ya maama. 4Seba teo ka-pɛ wom ma maane Solomon swa yam maama na ye tei to. O ta ma na pɛ sɔŋɔ kolo o na lɔge to, 5de wodiiru telo o na yeini o di to, de o na kwɛ o tontoŋena bam jeiŋa jei tei, de balo na zeŋe o wodiu de wo-nyɔɔro ba pa‑o to na zo gare-nyenno telo to, dedaane pɛɛra yalo o na yeini o zwɛ o ma o ke kaanem Baŋa Wɛ diga kam ne to. O na maane tento maama to, ko ma pa o ni yɛ.
6O ma ta de pɛ wom o we, “A ta na wo a tete teo ne ye a ni n yera seina yalo maama to seene ko ye chega mo. 7Ko ná dae amo tete mo na tu a na tento maama to, a ya wó ta we ko ye vwa mo. A nam na nigi wonnu telo to wo yi tei maama a yi dento zem na nɛ to chichworo. Nmo swa yam de n jejegero tem daga te dwoi ba na taga tei ba bere-ne to. 8Nmo nɔɔna bam de n tontoŋena bam tiini ba jege yu-ywoŋo, ba na wo n tei ne dɛ maama ba cheigi nmo swa taana yam to ŋwaane. 9N Tu Baŋa Wɛ wom maŋe de tia, de o wo na dɛ nmo ye o kuri‑m se n di paare Isarele tiina baŋa ne to. Baŋa Wɛ na swoi Isarele dwi tiina taa wuu to ŋwaane mo o kuri‑m se n ji ba pɛ, se n daare n tɔge chwoŋa n ta‑n bora chega bora n pa-ba.”
10Ka-pɛ wom déem ma kwei sabu-seŋa na dwoi kilo morro tena (4,000) to o pa Solomon, ko woli de talwoŋ-ywei, de kandwa-nyenno dedɛ. Nɔɔn-nɔɔno nam ta wo fɔge o ja talwoŋ-ywei selo na daga se yi selo Seba ka-pɛ wom na kwei o ja o ba o pa Pɛ Solomon to.
11Pɛ Hiram nabwooru telo déem na zege Ofiri ne te ja sabu-seŋa te ba te pa Pɛ Solomon to ta ma ja da-ŋonno de kandwa-nyenno dedɛ na nwoŋi da to te ba te pa‑o. 12Pɛ wom ma kwei dɛ sem o ma ke nateina se ya woli Wɛ diga kam ne, de pɛ sɔŋɔ kom ne. O ma daare o ma dɛ sem o ke kwanno dwi dwi o pa balo na leeni to. Da-ŋonno tem konto tiini te lana te dwoi telo maama na tu te yi Isarele teo de zem maama to.
13Pɛ Solomon déem kwei kolo maama Seba ka-pɛ wom na laga to o pa‑o mo. Ko dae wonnu telo o boboŋa na jaane se o pa‑o to yerane, se ko ye ka-pɛ wom na lwoori kolo maama o tei ne to mo o pɛ‑o o woli da. Ka-pɛ wom de o kwaga kam laam ma jwoori ba teo.
Solomon jejegero na daga tei to
14Bene maama wone Solomon déem yeini o jwoŋi sabu-seŋa kilo morro finlei-tetɔ (23,000) mo, 15ko woli de lampwoo kolo o na jwoŋi bimbeera, de pipim-piina, de Arabia pwa bam maama, de Isarele teo kateira yiga tiina bam tei ne to.
16Pɛ Solomon déem kwei sabu-seŋa o ma mɔ nantan-kamuna bia yalei (200) mo. O déem kwei sabu-seŋa na yi kilo terepɛ to mo o ma turi se dedoa dedoa. 17O ta ma ke nantan-balwa bia yatɔ (300), ye o kwei sabu-seŋa na yi kilo telei to o ma turi se dedoa dedoa. O ma kwei-se o ke diga kalo ba na bwoi we ‘Lebanon Goa’ to wone.
18Pɛ wom ta ma pa se ba kwei tuu yeila ba ma ke paare yituŋ-zɔŋɔ ba pa‑o. Ba ma daare ba ma sabu-seŋa kalo na ye chekke to ba turi ko yera. 19Nateini delo na jege natein-yia yaredo to mo diini de yi paare yituŋu kom. Ko kwaga kam maa ye kukulu ko baŋa seeni. Ko je selei sem maama maa jege nywoŋo nyenyego se takeiri ne. 20Nateini dem natein-yi maama de maa jege nywoŋo nyenyero telei de baŋa ne, jazem de jagwia seeni, se ko ke nywoŋo nyenyero fuga-telei. Logo baŋa teene maama ne paare yituŋu tera ko na nye de Pɛ Solomon nyem kom.
21Ko ná ye Pɛ Solomon na-zwe sem maama, ko woli de o zela yalo maama na wo ‘Lebanon Goa’ diga kam ne to, ba mɛ sabu-seŋa mo ba ke te maama. Ba wo mɛ lu-nyenno ba ke te kolokolo, te na ba jege yuu Solomon paare maŋa kam ne to ŋwaane. 22Pɛ wom déem jege nabwor-kamunnu dedɛ te na woli de Pɛ Hiram nabwooru tem te beeri pipiu ŋwaane to. Bena yatɔ maama wone o nabwooru tem wó zeŋe sabu-seŋa, de lu-nyenno, de tuu yeila, de kali-faaro, de kali dwi dwi mo te ba te pa‑o.
23Pɛ Solomon déem mo ye nadum de swa tu o dwoi pwa maama logo baŋa ne. 24Logo baŋa nɔɔna dwi maama maa swoi se ba taa tui o tei ba cheigi yi-poro taane delo Baŋa Wɛ na pɛ‑o to. 25Ba nam ná yeini ba tui, ba dedoa dedoa maa wó ja o pɛɛre o ba o pa Solomon. Bene maama wone ba déem jaane lu-nyenno wonnu, de sabu-seŋa wonnu, de gwaaro, de terale nuga, de talwoŋ-ywoŋa dwi dwi, de sisein-nɔɔna, de bona-sisei ba tui ba pa‑o.
26Solomon déem ma la jara-keim torokooro moro de bia yana (1,400), dedaane sisein-nɔɔna morro fuga-telei (12,000). O déem pɔɔre se sedwonna o yage teene delo o na kuri se ŋwaane to ne. Sedaara maa wo Jerusalem ne mɛ o na zoore to. 27O paare dim maŋa ne, lu-nyenno tiini te daga Jerusalem ne ne kandwa tei. Sedare da-ŋonno de maa ba jege zore nenɛɛne kaporro na daga tei wɛ-zoore seeni bwollu tem ne to. 28Nɔɔna déem vei Ejipti de Silisia teene dem mo ba kwei sabu ba yeigi sisei ba pa Solomon. Ko maa ye o pipim-piina mo yeini ba yeigi-se Silisia teo ne, ye ba ŋwe kolo na maŋe to. 29Ko ná ye jara-keim toroko, ba yeini ba yeigi-ko Ejipti ne de lu-nyenno sabu-dala bia yaredo (600) mo. Siseiŋa maa yeigi de lu-nyenno sabu-dala bi de finnu (150). Pɛ wom pipim-piina bam déem yeini ba kwei torokooro de sisein-nɔɔna dedɛ ba yeigi ba pa Hiti tiina pwa bam de Aram tiina pwa mo.",https://www.bible.com/bible/3661/1KI.10.KBG
1 PWA 11,"Solomon kaana bam taane
1Pɛ Solomon déem swoi se o taa lage kaana dedɛ na ye veira to mo o woli o kaane wolo na ye Ejipti Pa-faro bukɔ wom to ne. O kaana bam konto nwoŋi Moaba tiina, de Amon tiina, de Edom tiina, de Sidon tiina, de Hiti tiina bam wone mo. 2Se ko lwoori o na di kaana bam konto to, Baŋa Wɛ ya maŋe o kaane Isarele dwi tiina bam we, ba yé zaŋe ba di bukwa balo na nwoŋi teene dem konto ne to, naa ba sɛ se ba bukwa zo banto de baara. Baŋa Wɛ tage o we, “Á ná ke konto, banto wó soge á bia bam boboŋa se ba taa zuli ba jwona yam mo.” De konto maama, Solomon déem ta lage teene dem konto bukwa mo. 3Solomon déem di kaana na ye pwa bukwa to bia yarepɛ (700) mo. O maa jege ka-bi bia yatɔ (300) o woli da. Kaana bam konto ma pa se Solomon ywori Wɛ chwoŋa wone. 4Solomon na yi o kokweero maŋa to, mo o kaana bam pɛ se o zuli ba wa-yɔɔro tem. Konto ma pa se o daa ba jege chega de o Tu Baŋa Wɛ se ko yi o kwo David ya na yɔɔre o ke o chega de Wɛ tei to. 5O déem zuli Asetare jwoni dem Sidon tiina na zuli to, de Moleka jwoni dem na ye wo-zɔɔne delo Amon tiina na zuli to mo. 6Solomon déem toŋe lwarem o chɔge Baŋa Wɛ yiga. O maa wo kwei o bochare maama o ma o tɔge Baŋa Wɛ nenɛɛne o kwo David na ke tei to.
7Solomon déem lɔge wara-jei bimbini mo peo kolo na wo Jerusalem wɛ-puli seeni to yuu ne, se o taa zuli Chemosi na ye Moaba tiina jwoni to, de Moleka na ye Amon tiina jwoni to da. 8O daa ta ke konto dwoŋi mo o pa o kaana bam maama, se ba de taa zwɛ wonnu ba daare ba taa ke kaanem ba pa ba tete wa-yɔɔro tem.
9 Baŋa Wɛ bane déem zaŋe Solomon baŋa ne, de o na ywori o chwoŋa kam wone to. Baŋa Wɛ wom na ye Isarele tiina Wɛ to déem ya veere o tete o bere Solomon kuni belei mo. 10O ma yɔɔre o kaane‑o se o yé zuli wa-yɔɔro. Solomon ma ve Wɛ ni dem. 11Mo kokuri Baŋa Wɛ tage de Solomon o we, “Nmo na paale n ke n boboŋa na laga tei, ye n ve a ni dem, de a bera yam to ŋwaane, a laam lage a jwoŋi paare dem nmo jeŋa ne mo a kwei a pa nmo tontoŋena bam dedoa se o taa tei. 12David nam na ye nmo kwo to ŋwaane, amo bá ke konto nmo ŋwea maŋa ne. Nmo bu nam ná leiri n yuu ne, a laam wó jwoŋi paare dem wonto jeŋa ne mo. 13De konto maama, a bá jwoŋi paare dem maama o jeŋa ne. A nam wó pa se dwi dedoa daare se o di paare banto baŋa ne, a tontoŋeno Pɛ David ŋwaane, dedaane a tete teo Jerusalem ŋwaane.”
Solomon dono Hadad taane
14 Baŋa Wɛ déem pɛ se dono wodwoŋi mo zaŋe o ke chichuŋu de Solomon. Wonto ye Edom tu Hadad na ye Edom pɛ sɔŋɔ bu to mo. 15Faŋa faŋa mo David déem ya vei o kwaare jara de Edom teo tiina ye o wane-ba. Joaba wolo na ye o jar-keira bam yiga tu to ma tɔge o vo teo kom konto se o kwei twa bam o ke. O na wora to mo o go Edom tiina baara bam maama. 16O de Isarele jar-keira bam maama déem ma maŋe Edom teo kom ne ba ke chane seredo, ye ba go baara bam maama ba ti. 17Hadad ta na ye bu to, o ma tɔge de o kwo wom tontoŋena balo ya na ye Edom tiina to se ba duri ba lu ba vo Ejipti teo. 18Ba déem zege Midian ne mo ba vo Paran. Ba ta ma zege Paran ne ba kwei nɔɔna ba woli da ba vo Ejipti. Ba na yi da to, Ejipti Pa-faro wom ma kwei sɔŋɔ, de tega, de ba dɛ wone ni-wodiu o pa Hadad. 19Pɛ wom yi na su Hadad kikia to, o ma kwei o tete kaane nyaane o pa Hadad se o di o ma o ke kaane. Pɛ kaane Tapenesi nyaane wom mo konto. 20Wonto ma lo bakeira o pa Hadad, ye ba pa o yere we Genubafe. Tapenesi maa jege‑o o kɔna pɛ sɔŋɔ kom ne. Bu wom de Pa-faro wom bia bam maama maa me daane.
21Hadad déem nigi we David de o jar-keira bam yiga tu Joaba mo tega. O ma ta de Ejipti Pa-faro wom o we, “Pɛ, ja! Pa-ne chwoŋa se a jwoori a kwo sɔŋɔ.” 22Pɛ wom ma leiri o we, “Bɛŋwaane mo? Nmo laga woŋo mo ye n ga amo tei ne na?” Hadad ma leiri o we, “Ko dae konto. Nam yage se a jwoori sɔŋɔ.” O ma seene o jwoori o tete teo.
Solomon dono Rezon taane
23Wɛ ta ma pa se dono wodwoŋi ke chichuŋu de Solomon. Wonto maa ye Eliada bu Rezon. Rezon déem duri mo o yage o tu Hadadezere na ye Zoba teo pɛ to. 24David na wane Hadadezere jar-keira bam to, konto kwaga ne mo Rezon kuri baara balo na ye pawe-nyena to o ke daane ye o ji ba yiga tu. Ba ma vo Damasika ba zoore da. Ba na wora to mo ba pɛ Rezon di paare Damasika ne. 25Rezon déem ye Isarele tiina dono mo maŋa kalo maama Solomon ta na wo o ŋwea wone to. O pɛ se lɛɛro yi Isarele tiina bam, ne Hadad de na ke tei to mo. O déem di paare Siria tiina maama baŋa ne ye o chuli Isarele tiina bam.
Solomon dono Jeroboam taane
26Nɔɔno wolo de daa na zaŋe o ke chichuŋu de Pɛ Solomon to ye o tontoŋena bam dedoa, o yere na ye Jeroboam to mo. Wonto déem ye Efrayim tu Nebat bu mo, ye o nwoŋi Zereda. O nu mo ye Zerua. O maa ye kadeim. 27Ko na ke tei ye o chuli Solomon to mo tento: Solomon ya pɛ se ba fɔge ba lɔ Millo jeiga kam Jerusalem teo ne. O ta ma pa ba kwɛ teo kom kabira kam. 28Jeroboam déem jege baare ye Solomon maane we o seene o yia totoŋa yam baŋa ne mo. Mo kokuri o pɛ se Jeroboam nii Josɛf dwi tiina balo na toŋe totoŋa yam to baŋa ne.
29Dɛ dedwe mo Jeroboam nwoŋi Jerusalem ne o maa vei chwoŋa. Wɛ sampwora Ahija na ye Siloo tu to ma jeeri‑o chwoŋa yuu ne. Ba balei bam maa wo pwooni ne ba yerane, ye Ahija zo gare-daŋɔ kolo na ye nadoŋo to. 30O ma le o gare-daŋɔ kom, o ja o tore tore se ko ji gare-bia fuga-telei. 31O ma ta de Jeroboam o we, “Kwei gare-bia fuga n ta‑n jega, bɛŋwaane Baŋa Wɛ wolo na ye Isarele tiina Wɛ to mo we, ‘A lage a ja paare dem mo a jwoŋi Solomon jeŋa ne, a daare a kwei dwia fuga a pa‑m se n ta‑n tei. 32A nam wó pa se Solomon ta taa tei dwi dedoa mo, a tontoŋeno David ŋwaane, dedaane Jerusalem teo kolo a na kuri Isarele dwia yam maama wone se ko taa ye amo tete nyem to ŋwaane. 33Solomon de o dwi dem ve amo ye ba zuli Asetare jwoni dem Sidon tiina na zuli to, de Chemosi jwoni na ye Moaba tiina wɛ to, de Moleka na ye Amon tiina wɛ to. Ba maa wo tɔge amo chwei sem se ba taa ke kolo na pwoli a wo to. Ba nam ve a chullu tem de a bera yam mo. Ba maa wo tɔge chwoŋa kalo Solomon kwo David na tɔge to. 34De ko de, a bá le paare dem maama Solomon jeŋa ne. O ta ná ŋwe, o daa ta wó di paare dem, a tontoŋeno David ŋwaane, de wonto na toŋe o tɔge a bera yam de a nia yam to ŋwaane. 35Solomon bu nam ná leiri o yuu ne, a laam wó jwoŋi paare dem o tei ne, ye a daare a kwei Isarele dwia fuga a pa‑m se n ta‑n tei. 36A nam wó pa se Solomon bu wom taa tei dwi dedoa mo. Konto mo wó pa se Pɛ David dwi dem nɔɔno ta taa di paare Jerusalem teo kolo wone amo na kuri se nɔɔna taa zuli-ne da to. 37Ko daare, ko ná ye nmo Jeroboam, amo wó tiŋi‑m se n ta‑n tei Isarele tega kam mɛ maama n boboŋa na lage to. N laam wó di paare Isarele tiina baŋa ne. 38N nam jege se n ke kolo maama a na wó pa‑m ni se n ke to, ye n tɔge a chwei sem n ke kolo na wó pwoli a wo to. Nmo ná toŋe n tɔge a bera yam de a ni-kaana yam, nenɛɛne a tontoŋeno David déem na ke tei to, amo wó taa wora n tei ne. A ta wó pa se n dwi dem taa wora taa, nenɛɛne a na pɛ se David dwi dem ke tei to. N wó ta‑n nii Isarele dwi tiina bam baŋa ne. 39Solomon wɛleera yam ŋwaane, a lage a waare David kwaga kam mo. Ko nam bá taa ye taa wuu.’ ”
40Konto ŋwaane Solomon déem beeri chwoŋa se o go Jeroboam. Jeroboam ma duri o lu o vo Ejipti. O ma maŋe Ejipti teo Pɛ Sisake tei ne se ko taa nii maŋa kalo Solomon na tege to.
Solomon toone
41Solomon déem na di paare ye o ke wonnu telo maama to, de o totoŋa yam, de o yi-poro kom maama ba popone-te ba tiŋi Solomon Kikia Seina tɔnɔ kom wone. 42Solomon jeini Jerusalem ne o di paare Isarele teo maama ne o ke bena finna mo. 43O laam ma te ye o vo o kwoa tei. Ba ma kwei‑o ba suli o kwo David teo kom ne. O bu Rehoboam ma leiri o yuu ne o di paare.",https://www.bible.com/bible/3661/1KI.11.KBG
1 PWA 12,"Isarele tiina ve Rehoboam
1Rehoboam déem ma vo Sɛkɛm, Isarele tiina bam maama na jeeri da se ba tiŋi‑o pɛ to ŋwaane. 2Nebat bu Jeroboam déem ya duri o vo Ejipti mo se o lu Pɛ Solomon jeŋa ne. O ta na wo dáane to mo o nigi Solomon toone ŋwa. O ma jwoori sɔŋɔ. 3Ba ma toŋe ba bwoŋi Jeroboam se o de Isarele kɔgɔ kom maama tɔge daane ba vo Rehoboam tei. Ba ma ta ded‑o ba we, 4“Nmo kwo Solomon déem tiini o yaare debam de totoŋ-chɛɛra. Konto to, nam kwaane se n pa ko taa bwona ko pa debam, se dé wane dé sii dé yaara yam wone. N ná ke konto, dé wó sɛ dé pa‑m.” 5Rehoboam ma leiri-ba o we, “Nam véi-na se da yatɔ kwaga ne á laam jwoori á ba se dé nii.” Nɔɔna bam ma viiri.
6Pɛ Rehoboam ma bwɛ taane dem de nɔn-kwe selo déem ya na ye o kwo Solomon nakwa to. O ma bwei-ba o we, “Bɛ boboŋa mo abam jega se á ma á woli-ne se a leiri a pa nɔɔna banto?” 7Nakwa bam ma leiri ba we, “Nmo ná tu n tete se n sɛ nɔɔna bam zem na lwoori kolo to, ye n to n pa-ba, ba de wó yɔɔre ba sɛ ba pa‑m wuu.”
8Rehoboam ma ve nɔn-kwe sem boboŋe dem ye o daare o vo o bane de nɔn-donno telo na ye o yuudwonna pa ba wo o tei ne to. 9O ma bwei-ba o we, “Nɔɔna banto na we, a kwo wom na yaare-ba dedɛ to, a laam pa se ba sii de ba yaara yam to, bɛ boboŋa mo abam jega se á ma á woli-ne se a ma a leiri a pa-ba?” 10Nɔn-donno tem na ye o yuudwonna to ma leiri ba we, “Ko ná ye balo na lwoori‑m konto to, ta n bere-ba we, ‘Amo noa kam tete kula ka dwoi a kwo wom teiŋa! 11A kwo keim déem seene ko chana á baŋa ne. Ko nam ná ye amo, ko wó dwoni dáane. A kwo wom déem mɛ kafene mo o fere abam. Amo nam laga a ma kafene selo nia na chana ne nɔŋɔ donem to mo a ma a fere abam.’ ”
12Da yatɔ yam dɛ ne mo Jeroboam de nɔɔna bam maama daa jwoori ba vo Pɛ Rehoboam tei, ne o na maŋe o ta se ba ke tei to. 13Ba na tu to, Pɛ Rehoboam ma zage-ba ni-chɛɛre, o na dole nɔn-kwe sem taane dem o yage to ŋwaane. 14O nam yɔɔre o ke o tɔge nɔn-donno tem boboŋa yam mo. O ma ta o we, “A kwo keim déem seene ko chana á baŋa ne. Ko nam ná ye amo, ko wó dwoni dáane. A kwo wom déem mɛ kafene mo o fere abam. Amo nam lage a ma kafene selo nia na chana ne nɔŋɔ donem to mo a ma a fere abam.”
15Pɛ Rehoboam na wo sɛ nɔɔna bam taane dem to déem tɔge Baŋa Wɛ boboŋa na jaane tei to mo. Ko pɛ Baŋa Wɛ na dɛ o sampwora Ahija baŋa o ta tei de Nebat bu Jeroboam to mo ji chega.
16Isarele tiina bam maama na maane we pɛ wom ve se o ke o tɔge ba boboŋa yam to, ba ma chɛ sɔɔ ye ba leiri‑o ba we, “Isarele tiina bam, debam dedaane Jesse bu David dae daane. Dé yiga tera o dwi dem paare wone! Pa-na dé jwoori-na sam. David dwi tu, ta‑n nii n tete sɔ-yuu kom baŋa ne!” Ba maama ma seene ba jwoori ba sam. 17Ko nam ná ye Isarele dwi tiina balo na zoore Judah teene dem ne to yerane, Pɛ Rehoboam déem ta mo di paare ba baŋa ne.
18Pɛ Rehoboam ma toŋe Adoniram wolo na nii totoŋ-chɛɛra yam baŋa ne to se o vo Isarele dwia yalo na wo baŋa seeni to tei o kwɛ taane dem. O na yi da to, nɔɔna bam maama ma dole‑o de kandwa ba go. Konto baŋa ne Pɛ Rehoboam ma faŋe o lei o toroko o duri o lu o vo Jerusalem. 19De zem maama Isarele tiina na wo baŋa seeni to ve mo se David dwi dem taa di paare ba baŋa ne.
20Isarele tiina bam na maane we Jeroboam tu o wora to, ba ma toŋe ba bwoŋi‑o se o ba ba kɔgɔ kom na gilimi mɛ to. Ba ma pa se o ji Isarele tiina pɛ. Judah dwi dem yerane mo sɛ ba pa David diga kam.
Semaya na pworisi tei to
21Rehoboam na yi Jerusalem to mo o bwoŋi Judah de Benjamin dwia yam nɔɔna balo na yei jara keim chekke to. Ba déem ye jar-keira morro bi de funɔnɔ (180,000) mo. O ma boŋe se o kwaare jara de Isarele dwi tiina badaara bam, se o wane o pa ba maama jwoori ba ke daane se o taa tei-ba, o na ye Solomon bu to ŋwaane. 22Wɛ ma pa o tontoŋeno Semaya ni ye o we, 23“Nam pa amo taane dento yi Judah teo Pɛ Solomon bu Rehoboam, de Judah dwi tiina bam maama, de Benjamin dwi tiina bam, de nɔɔna badaara bam maama we, 24‘Baŋa Wɛ kwora mo tento: Yé zaŋe-na á ke jara de á chorro Isarele tiina bam. Á maama véi-na sɔŋɔ, se amo mo pɛ se konto maama ke.’ ” Ba maama ma sɛ Baŋa Wɛ ni dem ye ba jwoori ba sam.
Jeroboam nwoŋi Baŋa Wɛ kwaga ne
25Jeroboam ma fɔge o lɔ Sɛkɛm teo na wo Efrayim zwonnu laŋa kam ne to o zoore da. O ma zaŋe dáane o vo o lɔ Peneli teo. 26Dɛ dedwe o ma boŋe o tete ne o we, “Keim dem na ye tei to, paare dem wó wane de jwoori David diga kam. 27Amo nɔɔna bam ta ná lage ba taa vei Jerusalem Wɛ diga kam ba ke kaanem ba pa Baŋa Wɛ, ba laam wó jwoori ba sɛ ba pa ba tu Rehoboam wolo na ye Judah teo pɛ to mo. Ko maa ná ke konto, ba wó go-ne mo se ba laam taa zuli wonto.”
28O na boŋe de wone o ti to, o ma kwei sabu-seŋa o mɔ na-mɔre selei o daare o ta de o nɔɔna bam o we, “Isarele tiina bam, á daa yé daane á tete de á na vei Jerusalem yiga yiga á zuli Wɛ tei to. Nii-na! Wa yalo déem na jaane abam ya ja nwoŋi Ejipti teo ne to mo tento.” 29O ma kwei kamɔgɔ kom dedoa o zege Bɛtel ne, o daare dedoa o zege Dan ne. 30Keim dem konto ma pa se Isarele tiina bam ke wɛleere, ba na yeini ba vei Bɛtel de Dan ba zuli kamwaro tem to ŋwaane. 31Jeroboam déem ta lɔge wara-jei bimbina zwonnu tem yuu ne, ye o daare o kuri kaanem tiina balo na wo nwoŋi Levi dwi dem wone to se ba taa ke kaanem jei sem konto ne.
32Jeroboam ta ma zege chulu se nɔɔna bam taa vei ba kaane kamwaro tem chane nana chana kam da fuga-yanu dɛ ne, ne ba déem na yeini ba ke kuri tei Judah teo ne to. Jeroboam maa yeini o vei Bɛtel o ke kaanem o pa na-mɔre kamwaro telo o na mɔɔne to. O déem pɛ se kaanem tiina bam zoore Bɛtel ne, se ba taa nii wara-jei selo o na lɔge to baŋa ne mo.
Wɛ sampwora na tu Bɛtel ye o ta taane delo to
33Chane nana chana kam da fuga-yanu dɛ dem na yi to, Jeroboam ma vo Bɛtel o ke kaanem bimbini delo o na mɔɔne to baŋa ne, se o di kuri delo o na dɛ o tete boboŋa ŋwaane o tiŋi o pa Isarele tiina bam to.",https://www.bible.com/bible/3661/1KI.12.KBG
1 PWA 13,"1Jeroboam ta na zege bimbini dem teiŋa ne se o ke kaanem to mo Wɛ tontoŋeno wodwoŋi tu o yi da. Baŋa Wɛ ya toŋe kotu se o zege Judah teo ne mo o vo Bɛtel. 2O ma ta kaanem bimbini dem taane, ne Baŋa Wɛ na pɛ‑o ni se o ke tei to. O ma bage de kwor-dɛa ye o we, “Bimbini, bimbini, nam cheigi! Baŋa Wɛ na tage kolo to mo tento: Ba wó lo bakeira kalo na nwoŋi David dwi dem wone o yere na ye Josia to. Nmo baŋa ne mo o lage o go kaanem tiina balo na ke kaanem ywo-seeni to. O maa wó zwɛ nabiina kwi nmo baŋa ne.”
3Dɛ dem konto ne, Wɛ tontoŋeno wom ta ma maŋe taane dem ye o we, “Bimbini dem wó bɔke belei ye tentwarem na wo de baŋa ne to wó jage. Konto baŋa ne mo á wó lɔre we Baŋa Wɛ mo seene o tɔge amo baŋa ne o ŋɔɔne.”
4Pɛ Jeroboam na nigi Wɛ tontoŋeno wom na tage tei o chɔge Bɛtel bimbini dem to, o ma twe o jeŋa o jeeri‑o, ye o bage de kwor-dɛa o we, “Ja-o-na”. Pɛ wom na tage konto to mo bedwe baŋa ne o jeŋa kam koge ka maŋe wɛɛne. O ma ware o de-ka tega ne. 5Bimbini dem de ma bɔke belei pa se tentwarem dem jage jei maama, ko maŋe de Wɛ tontoŋeno wom na tage Baŋa Wɛ kwora tei to.
6Pɛ Jeroboam ma ta de nɔɔno wom o we, “Lwoori n Tu Baŋa Wɛ tei ne se o duri a yibwona o daare o yɔɔre a jeŋa kam.” Wɛ tontoŋeno wom ma seene o lwoori Baŋa Wɛ pa se pɛ wom jeŋa kam jwoori ka lana, ne ka ya na ye tei to. 7Pɛ wom ma ta de Wɛ tontoŋeno wom o we, “Nam pa se dé vo a sɔŋɔ se n di wodiu. A nam ta jege pɛɛre se a woli da a pa‑m.” 8Nɔɔno wom ma leiri pɛ wom o we, “Nmo ná maŋe n kwei n jejegero tem chichworo mo se n pa-ne, a bá sɛ a vo n sɔŋɔ. A ta ná wo ywo-seeni, a bá di wodiu naa a nyɔ na. 9Kokuri to, Baŋa Wɛ pɛ-ne o ni dento mo o we, ‘Yé di kolokolo naa n nyɔ na. Nam yé tɔge chwoŋa kalo nmo ya na tɔge to n jwoori Judah teo.’ ” 10Wɛ tontoŋeno wom ma zege Bɛtel ne o tɔge chwo-gaa o viiri.
Wɛ sampwora kadwoŋi na tusi tei to
11Maŋa kam konto ne, Wɛ sampwora kadwoŋi ya zoore Bɛtel ne ye o tiini o kwe. O bia bam ma pa se o maane Wɛ tontoŋeno wolo na nwoŋi Judah teo to na ke tei maama Bɛtel ne to. Ba ta ma ta o na tage taane delo o bere pɛ wom to. 12Bia bam kwo ma bwei-ba o we, “O dɛ yei ne mo o viiri?” Ba ma bere‑o Wɛ tontoŋeno wom na dɛ chwoŋa kalo o viiri to. 13Nɔn-kwea kam ma ta de o bia bam o we, “Ke-na lela á ti bonaga kam yiga á pa-ne.” Ba na ti ka yiga to, o ma faŋe o lei-ka 14ye o duri se o yi Wɛ tontoŋeno wom. O ma vo o na o na jei tei-zɔŋɔ kuri ne ye o bwei‑o o we, “Nmo mo ye Wɛ tontoŋeno wom na nwoŋi Judah teo n ba to na?” O ma leiri o we, “Ɛɛ, ko ye amo mo.”
15Sampwora kalo na nwoŋi Bɛtel to ma ta‑o o we, “Pa dé vo sɔŋɔ se n di wodiu.”
16Wɛ tontoŋeno wom ma leiri o we, “A bá wane a da de nmo a jwoori. A maa bá wane a zo n diga, naa a di wodiu, naa a nyɔ na de nmo. 17Baŋa Wɛ pɛ-ne ni o we, a yé di wodiu naa a nyɔ na ywo-seeni. A nam yé tɔge chwoŋa kalo a na dɛ to a jwoori Judah teo.”
18Nɔn-kwea kam ma leiri o we, “Amo de ye nmo dwoŋi sampwora mo. Wɛ maleka nam mo tage Baŋa Wɛ kwora de amo o we, a ja‑m a jwoori a sɔŋɔ se n di wodiu n daare n nyɔ na.” Tento maama nam ye vwa yerane mo o fɔga. 19Wɛ tontoŋeno wom ma seene o da de Wɛ sampwora kam o vo o di wodiu ye o nyɔ na o sɔŋɔ ne.
20Maŋa kalo ba na jei ba di to mo Baŋa Wɛ kwora tu o sampwora kalo na kwe ye o ja wodwoŋi wom o jwoori o sɔŋɔ to tei. 21O ma bage Wɛ tontoŋeno wom na nwoŋi Judah to de kwor-dɛa o we, “Baŋa Wɛ na tage kolo to mo tento: N ve ni delo n Tu Baŋa Wɛ na pɛ‑m se n tɔge to. 22N nam sɛ se n jwoori n ba n di wodiu mɛ o na taga o we n yé di to. Konto ŋwaane, ba bá suli‑m n kwoa yibeeli dem ne.”
23Wɛ tontoŋeno wom na di o ti to, nɔn-kwea kalo na jaane‑o o jwoori to ma ti o bonaga yiga o pa‑o se o viiri. 24Wɛ tontoŋeno wom na maa viiri to mo nywoŋo jeeri‑o chwoŋa ne ko go. O yera yam na tigi chwoŋa ni ne to, nywoŋo kom de bonaga kam ma daare te maŋe ya baŋa ne te zega. 25Nɔɔna balo na dɛ chwoŋa kam konto ba maa kɛa to ma na o na tiga ye nywoŋo kom maŋe o baŋa ne ko zega. Ba ma duri ba vo Bɛtel teo mɛ nɔn-kwea kam na zoore to ba ta kolo na ke to ba bere nɔɔna.
26Wɛ sampwora kalo na chege‑o o ja o jwoori to na nigi to, o ma ta o we, “Wɛ tontoŋeno wom tete mo tento! O ve Baŋa Wɛ ni dem o na pɛ‑o se o tɔge to. Baŋa Wɛ ma kwei‑o o pa nywoŋo kom se ko kaare‑o ko go, se ko pa o na tage tei to ji chega.” 27O ma ta de o bia bam o we, “Ti-na bonaga kam yiga á pa-ne.” Ba ma seene ba ke konto. 28O ma nwoŋi o vo o na Wɛ sampwora kam na tigi chwoŋa kam ni ne ye bonaga kam de nywoŋo kom maŋe o baŋa ne te zega. Nywoŋo kom ya wo di‑o. Ko maa wo daane bonaga kam de. 29Nɔn-kwea kam ma kwei Wɛ tontoŋeno wom yera yam o daŋe o bonaga kam baŋa ne o ja o jwoori o tete teo. O ma keeri o lua o daare o suli‑o. 30O déem suli‑o o tete yibeeli wone mo. O de o bia bam ma keeri ba we, “Woo, a choro ywoo.”
31O na kwei‑o o suli o ti to, o ma ta de o bia bam o we, “Amo tete ná tega, kwei-na amo á suli Wɛ tontoŋeno wonto yibeeli dem wone. Pɛ-na a kwi sem á tiŋi o kwi sem teiŋa ne. 32Kokuri to, wonto na tage Wɛ kwora kalo o ma o chɔge bimbini dem na wo Bɛtel ne to, dedaane wara-jei selo na wo Samaria teene dem wone to wó seene ko ji chega.”
33Tento maama kwaga ne, Jeroboam déem ta wo sɛ se o yage o keim-balwaaro tem. O ta yeini o le wolo de wolo maama o na yi to mo se ba taa ke kaanem wara-jei sem ne. Wolo maama ná lage se o ji kaanem tu, o yeini o sɛ kotu mo se o ke konto. 34Jeroboam de o dwi dem na ke wɛleera yanto dwoŋi to mo pɛ se o dwi dem maama saare logo baŋa ne.",https://www.bible.com/bible/3661/1KI.13.KBG
1 PWA 14,"Ahija pworisi o chɔge Jeroboam
1Maŋa kam konto ne Jeroboam bu Abija weela ko chana. 2Pɛ Jeroboam ma ta de o kaane o we, “Paale n leiri n tete se ba yé lɔre we n ye a kaane, se n zaŋe n vo Siloo. Wɛ sampwora Ahija wo dáane. Wonto ya mo taga a taane we amo wó ji pɛ to. 3Nam kwei bworobwooru fuga, de maasa, de tooro kunkwolo dedoa n ja n vo n pa‑o n daare n bwei‑o n nii kolo na lage ko ke bakeira kam to. O laam wó ta o bere‑m.”
4Jeroboam kaane wom ma sɛ. O ma zaŋe o vo Siloo ye o kɛ o yi Ahija sɔŋɔ. Kanto maŋa ne to, Ahija yia mo dwei, o na tiini o kwe to ŋwaane. 5Baŋa Wɛ nam tage de Ahija o we, “Jeroboam kaane wó ba n tei ye o bwei o bakeira kam jaweo kom bwia, o na tiini o weele to ŋwaane. A lage a bere‑m n na jege se n leiri‑o tei de tei to. O nam wó ke nenɛɛne o dae pɛ kaane mo tei.”
6Ahija na nigi kaane wom napera dɔnne o diga ni ne to, o ma ta o we, “Zo n ba, se a yei we nmo mo ye Jeroboam kaane wom. Bɛŋwaane mo n paale n ke se ba yé lɔre‑m? A nam jege ta-lɔŋɔ mo se a ta a bere‑m. 7Jwoori sɔŋɔ n ta taane dento n bere n baro Jeroboam we, ‘Baŋa Wɛ na tage kolo to mo tento: Amo mo le nmo a nɔɔna Isarele tiina bam wone se n ji ba yiga tu. 8A déem mo jaane paare dem a jwoŋi David dwi dem jeŋa ne a kwei a pa‑m. De ko de, n wo ke ne a tontoŋeno David na toŋe tei to. Wonto déem sɛ a nia yam ye o tɔge a chwei sem de o wo maama pa se o kikia pwoli a wo. Nmo nam wo ke konto. 9N tiini n toŋe lwarem n dwoni balo maama ya na dɛ yiga ba ba to. Nmo tiini n zaŋe a bane mo de n na mɔɔne wa-yɔɔro n pa n tete to. Ya maa ye jwona yalo ba na mɛ sabu-seŋa ba mɔ to. Konto to n mɛ n kwaga n ya amo. 10Keim dem konto ŋwaane a lage a pa se lɛɛro yi Jeroboam sɔ-yuu kom mo. A nam wó go n dwi bakeiri sem maama Isarele teo ne, ko ná ye balo ta na wo ba kwo sɔŋɔ ne to, de balo na tei ba tete to de. Amo wó yɔɔre a chɔge Jeroboam dwi dem, ne mini na di na-beinnu kula tei to. 11Nmo dwi dem nɔɔno wolo maama na wó te teo kolo wone to wó ji kukuri ni-wodiu mo. Wolo na wó te pwola ne to maa wó taa ye duura ni-wodiu. Amo Baŋa Wɛ na tage tei to mo konto.’ ”
12Ahija ta ma ta de Pɛ Jeroboam kaane wom o we, “Nam jwoori sɔŋɔ. N ná yɔɔre n nɔne n naga teo kom wone, n bu wom wó te. 13Isarele tiina maama maa wó keeri o lua ye ba kwei‑o ba suli. Jeroboam dwi dem maama wone, ko ye bu wom konto yerane mo ba wó kwei ba suli. Kokuri to, Jeroboam dwi dem maama wone wonto yerane kikia mo su Baŋa Wɛ wom na ye Isarele tiina Wɛ to yi. 14Baŋa Wɛ tete mo lage o tiŋi pɛ wolo na wó di paare Isarele tiina bam baŋa ne, se wonto saare Jeroboam kwaga kam maama. Ko bá dáane ye ko ke. 15Baŋa Wɛ wó waare Isarele tiina bam nenɛɛne vo-dɛɔ na fuli nanchan-gullu ye te vuvugi tei to. O ta wó gɔ Isarele tiina bam te-ywoŋa kanto o na kwei o pa ba nabaara bam to ne, o daare o pa se ba jage ba kɛ yiga yiga ba gaale Yuferata buga kam. Kokuri to, ba pɛ se Baŋa Wɛ bane zaŋe de-ba, ba na zuli Asera nyenyego dɛ sem to ŋwaane. 16Wɛ wó ve Isarele tiina bam, Jeroboam na ke wɛleera o daare o pa se banto de lwoni ba ke-ya to ŋwaane.”
17Jeroboam kaane wom ma zaŋe o jwoori Tiraza teo. O na yɔɔre o nɔne o naga o diga ni ne to mo bu wom tega. 18Isarele tiina maama ma keeri o lua ye ba kwei‑o ba suli, ne Wɛ sampwora Ahija na maŋe o ta Wɛ kwora we ko wó ke tei to.
Pɛ Jeroboam toone
19Jeroboam déem na di paare ye o toŋe wonnu telo maama to ba popone-te ba tiŋi Isarele Teo Pwa Seina tɔnɔ kom wone, ne ko ná ye o tigura keim de o na tei o nɔɔna tei to. 20Jeroboam di paare Isarele teo ne bena finlei-yalei (22) mo ye o daare o te. O toone dem kwaga ne o bu Nadab ma leiri o ji pɛ.
Judah teo Pɛ Rehoboam taane
21Solomon bu Rehoboam déem jege bena finna-dedwe (41) mo ye o ji Judah teo pɛ. O ma di paare bena fuga-yarepɛ (17) Jerusalem ne, mɛ Baŋa Wɛ tete na kuri Isarele teene maama wone se ba taa zuli o yere da to. O nu yere mo ye Naama. O maa ye Amon tu.
22Judah tiina bam déem tiini ba toŋe lwarem ba chɔge Baŋa Wɛ yiga. Ba na tiini ba ke wɛleera tei to chuchugi Wɛ bane ko dwoni ba nabaara bam na ke tei to. 23Ba déem lɔge bimbina mo se ba taa kaane ba jwona zwonnu maama baŋa ne, de teeni maama kuri ne. Ba ta ma chwi kandwa de Asera nyenyego dɛ ba zege se ba taa zuli-ya. 24Baara déem ta bwoori mo jei sem konto ne. Konto to Judah tiina bam ke ba lwoni wo-zɔɔna yalo dwi-gɛ tiina na yeini ba ke ye Wɛ zeili-ba tega kam ne o daare o pa Isarele tiina bam jeini to mo.
25Pɛ Rehoboam paare dim bena yanu maŋa ne mo Ejipti Pɛ Sisake déem tu o kwaare jara de Jerusalem teo kom. 26O ma wane o vere jejegero telo maama na wo Baŋa Wɛ diga kam wone to, de telo maama na wo pɛ sɔŋɔ kom wone to, ko woli de jara-keim nantane selo Solomon déem na mɛ sabu-seŋa o ke to. 27Pɛ Rehoboam ma kwei channa o ma o jwoori o ke nantane sedwonna o zege da. O ma kwei-se o ke babɛ selo na yere pɛ sɔŋɔ manchwoŋo ni dem to jeŋa ne. 28Maŋa kalo maama pɛ wom na wó zo Baŋa Wɛ diga kam wone to, babɛ sem mo jege se ba zeŋe nantane sem ba tɔge o kwaga. Ba daa ná ti, banto ta mo wó zeŋe-se ba jwoori ba tiŋi pɛ sɔŋɔ yerena diga kam ne.
29Rehoboam déem na di paare ye o ke wonnu telo maama to, de o totoŋa yam maama ba popone-te ba tiŋi Judah Teo Pwa Seina tɔnɔ kom wone. 30Maŋa kam konto maama ne tigura déem mo tigi Pɛ Rehoboam de Pɛ Jeroboam tetare ne. 31Rehoboam ma te ye o vo o kwoa tei. Ba ma kwei‑o ba suli o kwoa bam yibeeli ne David teo Jerusalem ne. O toone dem kwaga ne o bu Abija ma leiri o yuu ne o ji pɛ.",https://www.bible.com/bible/3661/1KI.14.KBG
1 PWA 15,"Judah teo Pɛ Abija taane
1Isarele teo pɛ Jeroboam paare dim bena fuga-nana bene dem wone mo Abija déem di Judah teo paare. 2O déem jeini Jerusalem ne o di paare dem bena yatɔ mo. O nu yere mo ye Maaka wolo na ye Abisalom bukɔ to.
3Abija déem ke wɛleera yalo maama o kwo Rehoboam na ke to mo. O maa wo sɛ o Tu Baŋa Wɛ de o bochare maama nenɛɛne o nabaaro David déem na sɛ tei to. 4De ko de, David ŋwaane mo Baŋa Wɛ duri o yibwona. O ma pa se Abija lo bakeira se wonto leiri o yuu ne o twoŋi paare dem Jerusalem ne. 5Baŋa Wɛ ke konto bɛŋwaane David kikia déem su o yi lanyerane, de o na sɛ o nia yam o ŋwea maama wone tei to, ko ná dae o na ke o chɔge Hiti tu Yuria seeni to yerane.
6Abija ŋwea maama maŋa ne to, tigura kalo ya na maŋe ka tigi Rehoboam de Jeroboam tetare ne to wo fɔge ka kwori. 7Abija déem na di paare ye o ke wonnu telo maama to, de o totoŋa yam maama ba popone-te ba tiŋi Judah Teo Pwa Seina tɔnɔ kom wone. 8Abija ma te ye o vo o kwoa tei. Ba ma kwei‑o ba suli David teo Jerusalem ne. O toone dem kwaga ne o bu Asa ma leiri o di paare.
Judah teo Pɛ Asa taane
9Isarele teo pɛ Jeroboam paare dim bena finlei bene dem wone mo Asa déem di Judah teo paare. 10O ma jeini Jerusalem ne o di paare dem bena finna-dedwe (41). O nu nakwe yere déem mo ye Maaka wolo na ye Abisalom bukɔ to.
11Asa totoŋa déem su Baŋa Wɛ yi lanyerane ne o nabaaro David na ke tei to. 12O zeili baara balo na bwoori wara-jei sem ne to. O ta ma daare o chɔge jwona yalo o nabaara bam na mɔɔne ba jege ba zuli to. 13O nu nakwe Maaka ya chwi Asera nyenyego daa pa ba jege ba kaana. Asa ma gwoni-de o de tega ne o daare o kwei-de o zwɛ Kidoron nabara kam ne. O ta ma le Maaka se o daa yé taa jege dam pɛ sɔŋɔ ne. 14Asa déem wo wane o chɔge wara-jei bimbina yalo ba na ke kaanem da to. De ko de, o ŋwea maama wone o yɔɔre o kwei o chega o pa Baŋa Wɛ mo. 15O déem ta ma kwei pɛɛra yalo o de o kwo wom na kwei ba pa Baŋa Wɛ to o ja o vo o tiŋi Wɛ diga kam wone. Pɛɛra yam déem ye lu-nyenno wonnu, de sabu-seŋa wonnu, de zela dwi dwi mo.
16Tigura déem mo wo Judah teo pɛ Asa de Isarele teo pɛ Baasa tetare ne maŋa kalo maama ba na jege ba paara yam ba di to. 17Dɛ dedwe Pɛ Baasa ma nwoŋi o vo o kwaare jara de Judah tiina bam. O ma wane o jwoŋi Rama teo o daare o fɔge o lɔ-ko o che. O ma yere jei sem se nɔɔna yé wane ba lɛɛne ba vo Asa laŋa kam naa ba nwoŋi da ba kɛ.
18Asa déem ma kwei lu-nyenno wonnu de sabu-seŋa wonnu telo ta na wo Baŋa Wɛ diga kam wone to, dedaane jejegero telo na wo o tete sɔŋɔ ne to o ke o tontoŋena jeŋa ne. O ma toŋe-ba se ba ja kwora ba vo Siria pɛ Ben-hadadi tei Damasika ne. Ben-hadadi mo ye Tabirimon bu. O ta maa ye Hezion naa. 19O kwora kam mo tento: “Pa se dé gwoni ni daane, nenɛɛne ko déem na ye tei nmo kwo de amo kwo laŋa ne to. Nii mo, a jege pɛɛra na ye lu-nyenno de sabu-seŋa to mo se a pa‑m. Nam sɛ se n yiri ni delo n déem na ke de Isarele teo pɛ Baasa to, se ko pa o viiri o daare a laŋa kam.”
20Ben-hadadi ma sɛ Pɛ Asa na tage tei to. O ma toŋe o jar-keira de ba yiga tiina se ba vo ba kwaare jara de Isarele tiina. Jara yam wone, ba ma wane ba jwoŋi Yijon, de Dan, de Abel Bɛte-Maaka, de Galili jei sem, dedaane Nafitali laŋa kam maama. 21Isarele teo pɛ Baasa na yɔɔre o ni konto to, o ma yage Rama teo lɔɔm o daare o tutwoni o jwoori Tiraza se o taa zoore da. 22O na viiri to, Pɛ Asa ma pa ni yi Judah tiina maama se ba zeŋe kandwa yam, de da-kwollu tem Baasa nɔɔna bam ya na jege ba lɔ teo kom to ba ja ba kɛ. Pɛ Asa déem kwei wonnu tento mo o ma o lɔ Geba na wo Benjamin laŋa kam ne to, de Mizipa.
23Asa déem na di paare ye o ke wonnu telo maama to, de o bembɛɛne dem, de o totoŋa yam maama, de o na fɔge o lɔ teene delo to maama ba popone-te ba tiŋi Judah Teo Pwa Seina tɔnɔ kom wone. O kokweero maŋa ne mo jaweo to o nɛ ne pa se o gwarege. 24Pɛ Asa ma te ye o vo o kwoa tei. Ba ma kwei‑o ba suli o nabaara yibeeli ne o kwo nakwe David teo wone. O toone dem kwaga ne o bu Jehosafate ma leiri o ji pɛ.
Isarele teo Pɛ Nadab taane
25Judah teo pɛ Asa paare dim bena yalei bene dem ne mo Jeroboam bu Nadab di Isarele teo paare. O ma di paare dem Isarele tiina bam baŋa ne bena yalei. 26Nadab déem ke lwarem o chɔge Baŋa Wɛ yiga nenɛɛne o kwo Jeroboam déem na ke tei pa se Isarele tiina bam de tusi to.
27Baasa wolo kwo na ye Ahija ye o nwoŋi Isakara dwi dem wone to déem ma ke chichuŋu de Nadab. Maŋa kalo Nadab de Isarele tiina bam na gilimi Gibefon teo ba pu se ba wane teo kom ba jwoŋi Filisi tiina jeŋa ne to, mo Baasa zaŋe o baŋa ne o go‑o. 28Judah teo pɛ Asa paare dim bena yatɔ maŋa ne mo Baasa déem go Nadab o daare o leiri o yuu ne o di Isarele teo paare dem. 29O na yɔɔre o jeini paare dem baŋa ne to mo o go Jeroboam dwi tiina bam maama nyɔ, ye nɔɔn-nɔɔno wo daare. Konto nam pɛ se Baŋa Wɛ kwora kalo o na pɛ o sampwora Ahija na nwoŋi Siloo to mo ji chega. 30Ko déem ke konto, bɛŋwaane Jeroboam ke wɛleera o daare o pa se Isarele tiina de lwoni ba ke-ya. O ta ma chuchugi ba Tu Baŋa Wɛ wom bane lanyerane.
31Nadab déem na di paare ye o ke wonnu telo maama to, de o totoŋa yam maama ba popone-te ba tiŋi Isarele Teo Pwa Seina tɔnɔ kom wone. 32Tigura déem mo wo Judah teo pɛ Asa de Isarele teo pɛ Baasa tetare ne maŋa kalo maama ba na di ba paara yam to.
Isarele teo Pɛ Baasa taane
33Judah teo pɛ Asa paare dim bena yatɔ maŋa ne mo Ahija bu Baasa di Isarele teo paare Tiraza ne. O ma di paare dem bena finlei-yana (24). 34O déem ke lwarem o chɔge Baŋa Wɛ yiga, ne Pɛ Jeroboam ya na ke tei ye o pa se Isarele tiina de tusi to.",https://www.bible.com/bible/3661/1KI.15.KBG
1 PWA 16,"Baŋa Wɛ na tage kolo o chɔge Pɛ Baasa to
1 Baŋa Wɛ kwora déem yi o sampwora Jehu wolo kwo na ye Hanani to we o ta taane dento o bere Pɛ Baasa we, 2“N déem na ye nabwom to, mo a liiri‑m bworu wone se n ji amo nɔɔna Isarele tiina bam yuu tu. Nmo nam jwoori n kwei Jeroboam totoŋ-naga kam mo n jege keim-balwaaro n toŋa, ye n daare n pa se Isarele tiina de ke wɛleera pa se a bane zaŋe. 3Nii mo! A lage a chɔge nmo de n dwi dem maama mo, ne a na ke Nebat bu Jeroboam de o dwi dem tei to. 4Nmo dwi dem nɔɔno wolo maama na wó te teo kolo wone to wó ji kukuri ni-wodiu mo. Wolo maa na wó te pwola ne to wó taa ye duura ni-wodiu.”
5Baasa déem na di paare ye o ke wonnu telo maama to, de o totoŋa yam, de o bembɛɛne dem maama ba popone-te ba tiŋi Isarele Teo Pwa Seina tɔnɔ kom wone. 6Baasa ma te ye o vo o kwoa tei. Ba ma kwei‑o ba suli Tiraza teo ne. O toone dem kwaga ne o bu Ela ma leiri o ji pɛ.
7 Baŋa Wɛ déem mo tɔge o sampwora Jehu baŋa ne o pa o kwora kam konto yi Baasa de o dwi tiina bam, Baasa na tiini o toŋe lwarem o chɔge Baŋa Wɛ yiga pa se o totoŋa yam chuchugi Wɛ bane dedɛ to ŋwaane. O daa wo daare Jeroboam totoŋ-naga kam. O ta ma kwori o chɔge Jeroboam dwi dem maama nyɔ.
Isarele teo Pɛ Ela taane
8Judah teo pɛ Asa paare dim bena finlei-yaredo (26) bene dem wone mo Baasa bu Ela di Isarele teo paare Tiraza ne. O ma di paare dem bena yalei. 9Pɛ Ela déem jege o tontoŋeno wolo yere na ye Zimiri ye o nii pɛ sɔŋɔ torokooro tem chichworo baŋa ne to. O ma ke chichuŋu de pɛ wom. Dɛ dedwe mo Ela wo Areza sɔŋɔ ne. Wonto déem nii pɛ sɔŋɔ kom Tiraza ne mo. Ela ma nyɔ sana o wora o buga. 10Zimiri ma zo sɔŋɔ kom o mage Ela o de tega ne o go. Keim dento kea Judah teo pɛ Asa paare dim bena finlei-yarepɛ (27) bene dem wone mo. Zimiri ma daare o leiri o ji Isarele teo pɛ.
11O na yɔɔre o jeini paare dem baŋa ne to mo o go Baasa dwi tiina bam maama nyɔ, ye o chorro de o yuudwonna maama bakeira de dedoa de wo daare. 12Zimiri déem na chɔge Baasa dwi dem maama to pɛ se Baŋa Wɛ kwora kalo o na tɔge o sampwora Jehu baŋa ne o pa Baasa to ji chega. 13Keim dento maama zege Baasa de o bu Ela na ke wɛleera ye ba pa se Isarele tiina bam de ke wɛleera yalo to baŋa ne mo. Ba déem chuchugi Baŋa Wɛ wom na ye Isarele tiina Wɛ to bane de ba na zuli jwona tei to mo.
14Ela déem na di paare ye o ke wonnu telo maama to, de o totoŋa yam maama ba popone-te ba tiŋi Isarele Teo Pwa Seina tɔnɔ kom wone.
Isarele teo Pɛ Zimiri taane
15Judah teo pɛ Asa paare dim bena finlei-yarepɛ (27) bene dem wone mo Zimiri di Isarele teo paare Tiraza ne da yarepɛ yerane. Kanto maŋa kam ne Isarele jar-keira bam ya tigisi daane mo ba gilimi Filisi teo Gibefon. 16Omiri déem mo ye jar-keira bam yiga tu. Ba ma ni we Zimiri zaŋe ba pɛ wom baŋa ne o go‑o. Ba ma lɛɛre ba zege ba jara keim jei sem ne ba kuri Omiri se o leiri o ji Isarele teo pɛ dɛ dem konto ne. 17Omiri ma zege Gibefon teo ne o ja Isarele jar-keira bam maama o vo Tiraza pa se ba gilimi teo kom ba pu. 18Zimiri na nɛ we ba tu ba cheiŋi teo kom to, o ma zo pɛ sɔŋɔ dam jei sem wone, ye o daare o de mini diga kam wone. Mini dem ma zwɛ‑o de go. 19Lɛɛro tento yi Zimiri o na ke lwarem o chɔge Baŋa Wɛ yiga ye o wo yage Pɛ Jeroboam totoŋ-naga kam to ŋwaane mo. O déem yɔɔre o ke wɛleera o daare o pa se Isarele tiina de lwoni ba ke-ya mo.
20Zimiri déem na di paare ye o ke wonnu telo maama to, de o na zaŋe Ela baŋa ne tei to maama ba popone-te ba tiŋi Isarele Teo Pwa Seina tɔnɔ kom wone.
Isarele teo Pɛ Omiri taane
21Kanto maŋa kam ne kampɔra déem mo zo Isarele tiina bam wone. Ba chichworo mo zege Ginafi bu Tibini kwaga ne se ba tiŋi‑o pɛ. Badaara bam maa zege Omiri kwaga ne. 22Omiri kwaga nɔɔna bam déem dana ba dwoi Tibini kwaga nɔɔna bam. Konto ŋwaane Tibini ma te ye Omiri jeini Isarele paare dem baŋa ne.
23Judah teo pɛ Asa paare dim bena fintɔ-dedwe (31) bene dem wone mo Omiri di Isarele teo paare. O ma kwei bena fuga-yalei (12) o di paare dem. O dɛ yiga o ke bena yaredo mo Tiraza ne. 24Pɛ Omiri déem kwei lu-nyenno dunni na yi kilo fuserepɛ (70) to mo o ma o yeigi tega kalo ba na bwoi we Samaria zwoŋo to. O ma yeigi-ka nɔɔno wodwoŋi tei ne, o yere mo Semera. O ma daare o lɔ sɔ-fwaaro zwoŋo kom yuu ne, ye o bwoŋi teo kom yere we Samaria, Semera yere zula ŋwaane.
25Pɛ Omiri déem tiini o toŋe lwarem o chɔge Baŋa Wɛ yiga se ko dwoni balo na dɛ yiga ba jeini paare dem wone to. 26O yɔɔre o kwei Nebat bu Jeroboam totoŋ-naga kam maama mo. O ma yɔɔre o ke wɛleera ye o pa se Isarele tiina bam de lwoni ba ke-ya. Ba déem chuchugi Baŋa Wɛ wom na ye Isarele tiina Wɛ to bane de ba na zuli jwona tei to. 27Omiri déem na di paare ye o ke wonnu telo maama to, de o bembɛɛne dem maama ba popone-te ba tiŋi Isarele Teo Pwa Seina tɔnɔ kom wone. 28Pɛ Omiri ma te ye o vo o kwoa tei. Ba ma kwei‑o ba suli Samaria teo ne. O bu Ahab ma leiri o yuu ne o ji pɛ.
Isarele teo Pɛ Ahab taane
29Judah teo pɛ Asa paare dim bena fintɔ-nana (38) bene dem wone mo Omiri bu Ahab di Isarele teo paare. O ma jeini Samaria ne o di paare bena finlei-yalei (22). 30Omiri bu Ahab déem tiini o toŋe lwarem o chɔge Baŋa Wɛ yiga se ko dwoni balo maama na dɛ yiga ba jeini paare dem wone to. 31O déem paale o kwei Nebat bu Jeroboam totoŋ-naga kam mo. Kolo maa na dwoi to mo ye o kwei Sidon pɛ Efebaal bukɔ Jezebele mo o ma o ji o kaane. O déem tɔge o zuli Baal jwoni dem mo. 32O lɔge diga mo Samaria ne Baal zula ŋwaane o daare o zege kaanem bimbini ka wone. 33Ahab ta ma chwi Asera nyenyego daa. O ma tiini o chuchugi Baŋa Wɛ wom na ye Isarele tiina Wɛ to bane se ko dwoni pwa balo na dɛ yiga ba ba to.
34Pɛ Ahab paare dim maŋa ne to mo Hiyeli na nwoŋi Bɛtel to fɔge o lɔ Jeriko teo. O na bobo o chwi teo kom biri-beira to mo o bu-kwea Abiram tega. O maa na kwaare ko manchwoŋo ni bworru tem to mo o bu Segubi de tega. Ko na ke tei konto to pɛ se Wɛ kwora kalo Nun bu Josua na tage faŋa faŋa to ji chega.",https://www.bible.com/bible/3661/1KI.16.KBG
1 PWA 17,"Baŋa Wɛ na ke tei o pa Elija o ni-wodiu to
1Wɛ sampwora kadwoŋi déem mo wora, o yere mo Elija. O déem nwoŋi Gilead teo Tisibi mo. Dɛ dedwe o ma vo o ta de Pɛ Ahab o we, “Amo toŋe a pa Baŋa Wɛ wom na ye Isarele tiina Wɛ to mo. Wonto na ye Ŋwea Tu chekke to, a ná wo jwoori a ta taane, nyɔnɔ daa bá to, doa de nam daa bá ne tega kanto baŋa ne, se ko taa nii bena yalei naa yatɔ wɛɛne.”
2 Baŋa Wɛ kwora ma yi Elija we, 3“Zaŋe n yɔɔre wɛ-puli seeni n vo n seigi n tete Kerifi nabara kam na wo Jɔdan buga kam wɛ-puli seeni to ni ne. 4Nabara kam konto na mo n jege se n ta‑n nyɔa. A nam pɛ bachangaaro ni se te taa tui te pa‑m wodiu dáane.”
5Elija ma ke kolo Baŋa Wɛ na pɛ‑o ni se o ke to. O ma seene o vo Kerifi nabara kam na wo Jɔdan buga kam wɛ-puli seeni to o maŋe da o zoora. 6Bachangaaro tem ma jaane bworobworo de nɔna te tui te pa‑o tetete de dedaan-ni maama. O ma nyɔ nabara kam na bam.
Elija de kadeim wodwoŋi taane
7Ko na wora ko wora to, nabara kam ma we, doa daa na ba nena tega kam maama ne to ŋwaane. 8Baŋa Wɛ ma ta de Elija o we, 9“Zaŋe lela n vo Zarefate na wo Sidon teo kom seeni to n ta‑n zoore da. A nam maŋe a ta de kadeim wodwoŋi se o pa‑m n ni-wodiu.”
10Elija ma zaŋe o vo Zarefate. O na yi teo kom manchwoŋo ni dem to mo o nɛ kadeim na wora o beeri o da-dwa. O ma bwoŋi kadeim wom o lwoori‑o o we, “Jan ja! Mɔ na n pa-ne se a nyɔ.” 11Kadeim wom na maa vei se o ja na bam o ba o pa‑o to mo Elija daa we, “Jan ja! Kwei bworobworo fee n woli da n ja n ba.” 12Kadeim wom ma leiri o we, “Nmo Tu Baŋa Wɛ na ye Ŋwea Tu chekke to, a dugi o yere ŋwaane we, a ba jege bworobworo. Muni fee yerane mo a jega mun-duru wone, a daare a jege nuga de fee kabɔɔ wone. A zege a puuri da-dwa balei se a jwoori sɔŋɔ a ma a saŋe wodiu mo, se a de a bu wom di dé kweeli se dé laam te.”
13Elija ma ta de kadeim wom o we, “Yé ta‑n kɔre foone. Véi sɔŋɔ n ke n na taga tei to. Da yiga n kwei muni delo n na jege to fee n ma n fɔge maase n pa-ne. Se n kwei kolo na daare to n ma n ke wodiu se n de n bu wom di. 14Baŋa Wɛ wom na ye Isarele tiina Wɛ to na tage kolo to mo tento: ‘Mun-duru kom bá fɔge ko kwɛ muni. Kabɔɔ kom de maa bá kwɛ nuga se ko taa nii maŋa kalo Baŋa Wɛ na wó pa se doa jwoori ka ne tega kam baŋa ne to.’ ”
15Kadeim wom ma seene o jwoori sɔŋɔ o ke kolo maama Elija na taga to. Ko ma seene ko ke we, Elija tete, de kadeim wom, de o bu wom wolowolo wo gɛ wodiu se ba di da dedɛ wone. 16Ba déem ná maŋe ba kwoori nuga kam de muni dem tei maama, ko ba tia, ne Baŋa Wɛ na tɔge Elija baŋa o ta we ko wó ke tei to.
17Konto kwaga ne mo kadeim wom bu-baaro wom weele. Jaweo kom ma tiini ko zo‑o ye o momwɛ ti. 18Kadeim wom ma ta de Elija o we, “Wɛ tontoŋeno, bɛ mo ye n ke amo tento? N tu amo tei se n pa a wɛleera lɔre ja, se n daare n pa a bu wom te mo na?” 19Elija ma leiri‑o o we, “Ja n bu wom n ba n pa-ne.” O ma jwoŋi bu wom kaane wom jeŋa ne o ja‑o o di nayuu diga kalo o na zoore da to. O ma tiŋi bu wom o kadwogo baŋa ne. 20O ma keeri o jare Baŋa Wɛ de kwor-dɛa o we, “A Tu Baŋa Wɛ, bɛ mo ye n pa se lɛɛro tento yi kadeim wom pa se o bu wom te, ye wonto mo jwoŋi-ne o sɔŋɔ ne?” 21O ma twe o tete bu wom baŋa ne kuni betɔ o keeri o jare Baŋa Wɛ o we, “A Tu Baŋa Wɛ, nam pa se bakeira kam jwoori ka na ŋwea.” 22Baŋa Wɛ ma sɛ Elija lworo kom ye bu wom jwoori o na ŋwea. 23O na wori to, Elija ma kwei‑o o tu konkɔlɔ kom ne o pa o nu. O maa we, “Nii, n bu wom jwoori o ŋwe.” 24Kadeim wom ma ta de Elija o we, “Leile konto a laam tu a lɔre chekke we n ye Wɛ tontoŋeno. N ma‑n na tage kolo to seene ko ye Baŋa Wɛ kwora chekke mo.”",https://www.bible.com/bible/3661/1KI.17.KBG
1 PWA 18,"Elija de Ahab taane
1Da-kore sem déem zege ko yi bena yatɔ mo. Baŋa Wɛ laam ma ta de Elija o we, “Zaŋe n vo Pɛ Ahab tei se o na‑m, se a lage a pa doa jwoori ka ne tega kam ne mo.” 2Elija ma seene o vo se o jeeri Ahab.
Kana déem tiini ka chana Samaria teo ne. 3Pɛ Ahab ma bwoŋi o tontoŋeno Obadia. Wonto déem mo nii pɛ sɔŋɔ kom baŋa ne. O maa yɔɔre o kɔre Baŋa Wɛ lanyerane. 4Jezebele déem na wora o goe Baŋa Wɛ sampwori sem to mo Obadia kwei sampwori sem bi o seigi peo bɔɔna yalei wone. O seigi-ba bɔɔna yalei wone, nɔɔna finnu bɔɔne maama wone. O maa jaane wodiu de na o vei o pa-ba. 5Pɛ Ahab tage de Obadia o we, “Véi n beeri buli-yia yam de nabare sem ni maama dé tega kam baŋa ne se dé nii, dé wó na ga-zuru dé pa sisei sem de bona-sisei sem se se di na. Konto wó woli se dé yé go-se.” 6Ba ma pɔɔre tega kam ba pa daane se ba beeri ga-zuru jei. Ahab ma kwei tega kam daa dedoa, ye Obadia de kwei daa kadwoŋi kam, ye ba to beira ne.
7Obadia na wo veiŋa ne konto to mo o jeeri Elija chwoŋa ne. O na lɔre we ko ye Elija to, o ma tiiri o zuli‑o ye o we, “Amo tu Elija, ko ye nmo mo konto na?” 8Elija ma leiri o we, “Ɛɛ! Ko ye amo mo. Nam véi n ta n bere n yuu tu wom we Elija mo wo ywo-seeni.”
9Obadia ma bwei‑o o we, “A tu, a ke bɛ tete mo a chɔge n yiga pa se n boŋe se a ke keim delo na wó pa Ahab ti a ŋwea to? 10N Tu Baŋa Wɛ na ye Ŋwea Tu chekke to, ko yɔɔre ko ye chega mo we, teo de ko teo tera ye pɛ wom wo toŋe nɔɔna da se ba beeri nmo jeiga. Teo kolo nɔɔna ná we, n tere ba tei ne, Ahab yeini o pa se ba du duuri mo we ba wo nɛ‑m. 11De konto maama, n laam nam boŋe se a vo a ta a bere a tu Ahab mo we, Elija wo ywo-seeni na? 12A ná yage‑m ye a viiri leile konto, a yeiri Baŋa Wɛ Jworo daa na wó kwei‑m o ja o vo mɛ. A nam ná vei a ta a bere Ahab ye o wo nɛ‑m, o laam wó go-ne mo. Ko nam na maŋe ko zege amo biini ne to mo a kɔre Baŋa Wɛ. 13A tu, nmo wo nigi a déem na ke tei maŋa kalo Jezebele na wora o goe Baŋa Wɛ sampwori sem to na? Amo déem mo kwei Wɛ sampwori sem nɔɔna bi a pɔɔre-ba finnu finnu a seigi peo bɔɔna yalei wone. A ma daare a jaane wodiu a vei a pa-ba. 14Bɛŋwaane mo n laga se a vo a ta de a tu wom we, Elija wo ywo-seeni? Nmo yɔɔre n lage a momwɛ-tiu mo!”
15Elija ma leiri o we, “Paŋwa Tu Baŋa Wɛ ye Ŋwea Tu mo chekke, ye a toŋe a pa‑o. A nam dugi wonto yere ŋwaane we, a zem wó ja a tete a vo a bere Ahab.”
16Obadia ma seene o jwoori Pɛ Ahab tei o ta o bere‑o we Elija wora. Pɛ wom ma vo o jeeri Elija. 17O na nɛ Elija to mo o we, “Nmo wolo na pae Isarele teo kom na ko lɛɛro to mo konto na?” 18Elija ma leiri o we, “Ko dae amo mo pɛ se lɛɛro yi Isarele tiina bam. Ko nam ye nmo de n kwo dwi dem mo ke konto, abam na ve Baŋa Wɛ nia yam ye á daare á zuli Baal jwona yam to ŋwaane. 19Nam ta n bere Isarele tiina bam maama se ba ba ba jeeri-ne Kamele peo kom yuu ne. Ko ta ná ye Baal sampwori bia yana de finnu (450) bam, de Asera sampwori bia yana (400) bam, balo Jezebele na yeini o pa-ba ba ni-wodiu to, bwoŋi-ba se ba de da ba jeeri.”
Elija na ke tei Kamele peo kom yuu ne to
20Pɛ Ahab ma pa ni yi Isarele tiina bam maama pa se ba de sampwori sem maama jeeri Kamele peo kom yuu ne. 21Elija ma fɔɔre o zege ba kɔgɔ kom yiga ne o ta o we, “Á ta wó ta‑á jege boboŋa yalei taa se á vo á maŋe yei ne mo? Nam kuri-na á na wó ke tei. Baŋa Wɛ mo ná seene o ye Wɛ, ta‑á zuli-na wonto. Á nam daa ná we Baal mo ye wɛ chekke, se á ta‑á zuli wonto.” Nɔn-kɔgɔ kom maa wo leiri kolokolo.
22Elija ta ma ta o we, “Amo yerane mo daare a na ye Baŋa Wɛ sampwora. Ko nam ná ye Baal, wonto jege sampwori bia yana de finnu (450) mo. 23Ja-na nabɛ selei á ba á pa debam. Baal sampwori sem wó kuri nabɛ sem dedoa se ba ma ba ke kaanem. Ba laam wó go-ka ba cha ka nɔna yam yera yera ba kwei ba daŋe dɛ sem baŋa ne. Ba nam ba jege se ba de mini da. Amo de maa wó cha nabea kadwoŋi kam a daŋe dɛ sem baŋa ne, ye a bá de mini da. 24Abam laam wó bwoŋi á wɛ dem yere, se amo de bwoŋi Baŋa Wɛ wom yere. Wɛ delo na wó leiri ye o de mini kaanem dem ne to mo wó seene o taa ye Wɛ chekke.”
Nɔn-kɔgɔ kom maama ma sɛ ye ba we, “N na tage kolo to jege kuri.” 25Elija daa ta ma ta de Baal sampwori sem o we, “Abam kɔgɔ kom na daga to, da-na yiga á kuri nabea dedoa á go se á ti ka nɔna yiga. Á ná ti, se á laam lwoori á wɛ dem se de de mini da, ye ko dae abam mo wó de mini da.” 26Ba ma ja nabea kalo ba na pɛ-ba to ba go ba ti ka nɔna yiga. Ba ma bwoŋi Baal yere dem taa, ko zege tetete se ko yi we-bere maŋa. Ba ma sa ba kaare bimbini delo ba na lɔge to ye ba bage de kwor-dɛa ba we, “Baal, zaŋe n cheigi dé lworo kom!” Nɔɔn-nɔɔno maa wo leiri-ba de fenfee de. Ko maa ye yirititi.
27We-bere maŋa ne Elija ma zaŋe o jege Baal sampwori sem o mɔna ye o we, “Tiini á bage de kwor-dɛa, se Baal ye wɛ mo! O ga wo boboŋa wone mo, naa o nwoŋi mo, naa o vei chwoŋa mo. Dɛ delo o tigi o dɔa mo, ye ko maŋe se á pa o zaŋe.” 28Baal sampwori sem ma tiini ba keeri wɛ-wɛ, ye ba daare ba ma ba fane de se-zɔɔro ba gwoni ba yera pa se ba jana lwo ba ke ba yera ne, ne ba chullu tem na bere se ba ke tei to. 29Ba zege wea ne ba bore Baal yiga ne konto mo taa se ko taa nii dedaan-ni kaanem dem maŋa. Nɔɔn-nɔɔno maa wo leiri kolokolo ye ko ye yirititi.
30Elija déem ma ta de nɔn-kɔgɔ kom maama o we, “Fɔɔre-na á ba amo tei ywo-seeni.” Ba ma zaŋe ba yi o tei. O ma fɔge o kwɛ Baŋa Wɛ kaanem bimbini dem ya na chɔge to. 31O ma daare o kwei kandwa-pelɛ fuga-yalei se ya taa zege ya pae Jakob dwia fuga-yalei yam. Ko ye wonto mo Baŋa Wɛ déem pɛ o yere leiri de ji Isarele to. 32O ma kwei kandwa yam konto o ma o lɔ bimbini Baŋa Wɛ yere zula ŋwaane. O ta ma daare o ko gwoŋo o kaare bimbini dem. Kuriwa-zwanno telei wo-dwa mo wó wane ba zo gwoŋo kom. 33O na ke konto o ti to, o ma tigisi dɛ sem bimbini dem baŋa ne o daare o cha nabea kam nɔna yam muga-muga o daŋe dɛ sem baŋa. O ma ta o we, “Véi-na á mɔ na á su kɔɔra bana á ja á ba á lwo zwɛɛm kaanem dem de dɛ sem baŋa ne.”
34Ba na ke konto ba ti to, Elija ta ma ta o we, “Jwoori-na á mɔ á lwo-da.” Ba ma seene ba ke konto. O ta ma ta-ba o we, “Jwoori á mɔ á lwo-da á ke betɔ.” Ba ma seene ba lwo ba ke kuni betɔ. 35Na bam tagele bimbini dem maama mo ba tu ba su gwoŋo kom de.
36Ko na yi dedaan-ni kaanem maŋa to, Wɛ sampwora Elija ma fɔɔre o yi bimbini dem o lwoori Baŋa Wɛ o we, “Baŋa Wɛ, nmo mo ye dé nabaaro Abaraham Wɛ, de Izaak Wɛ, dedaane Isarele Wɛ. Nam toŋe zem se ko bere jaja we nmo mo ye Isarele teo kom maama Wɛ wom, se n daare n pa se nɔɔna bam lɔre we a ye n tontoŋeno mo ye n pa-ne ni se a ke tento maama. 37Baŋa Wɛ, leiri a wɛ-lworo kom! Yɔɔre n leiri-ne se nɔɔna banto lɔre we nmo Baŋa Wɛ yerane mo ye Wɛ chekke, ye n daare n pa se ba boboŋa jwoori se ba tɔge nmo.”
38Elija na ŋɔɔne o ti to mo Baŋa Wɛ toŋe mini pa se de zege wɛyuu ne de ba de zwɛ kaanem dem nɔna yam, de dɛ sem, de kandwa yam, de teero tem maama. Mini dem ta ma deilimi na bam maama wegesege. 39Nɔn-kɔgɔ kom na nɛ kolo na ke to, ba maama ma vwi ba yibia tega ne ye ba laare ba we, “Baŋa Wɛ seene o ye Wɛ mo! Baŋa Wɛ yerane mo ye Wɛ!”
40Elija ma pa ni o we, “Ja-na Baal sampwori sem maama! Yé pa-na se ba dedoa lu.” Ba ma seene ba ja ba maama. Elija ma pa se ba ja-ba ba tu Kison nabara kam ni ne ba gwoni ba maama ba go.
Doa jwoori ka ne
41Elija déem ma ta de Pɛ Ahab o we, “Nam véi sɔŋɔ n lage wodiu n di, se a nigi do-fɔrɔ na mumuna se ka ne.” 42Ahab ma seene o kwei chwoŋa se o jwoori sɔŋɔ o lage wodiu o di. Elija ma vo o di Kamele peo kom yuu o tiiri tega ne pa se o yuu maŋe de o nadwoona. 43O ma ta de o tontoŋeno wom o we, “Véi n zege n leesi n nii naneo kom seeni.” Tontoŋeno wom ma seene o vo o jwoori o ba o we, “A wo nɛ kolokolo.” Kuni berepɛ maama mo Elija toŋe tontoŋeno wom pa o vei o nia ye o jwoora.
44Tontoŋeno wom na vei o ke kuni berepɛ kom to, o ma ta o we, “Amo nɛ kunkwoŋ-balaŋa na mae de nɔɔno jataale to mo zege naneo kom baŋa ne ko beene.” Elija ma ta ded‑o o we, “Véi Pɛ Ahab tei n ta n bere‑o we, o ke lela o di o toroko kom o duri o vo sɔŋɔ, se doa kam lage ka li‑o mo.”
45Ko wo dáane mo kunkwoŋo kom tene ligi-ligi pa se do-vio de zaŋe. Doa ma bobo se ka tiini ka ne chaa-chaa. Ahab ma ke lela o kwei chwoŋa o maa kɛ Jezerele. 46Baŋa Wɛ dam dem ma ba Elija baŋa. O ma fɔge o vɔ o gare-kura kiri-kiri, ye o duri o lwoori Ahab yiga taa o vo o yi Jezerele.",https://www.bible.com/bible/3661/1KI.18.KBG
1 PWA 19,"Elija duri o vo Sinayi peo
1Pɛ Ahab déem ma ta Elija kikia yam de o na mɛ o se-zɔɔ o go Baal sampwori sem tei to maama o bere o kaane Jezebele. 2Jezebele ma toŋe kwora se ka yi Elija we, “A dugi we, jwa kanto maŋa ná yia ye a wo go nmo ne n na go Baal sampwori sem tei to, se wa yam go amo de.”
3Elija na nigi konto to, foone ma zo‑o. O ma duri se o jwoŋi o tete Jezebele jeŋa ne. O ma vo o yi Beeriseba teo na wo Judah ne to o yage o tontoŋeno wom dáane. 4Elija tete ma zaŋe o kwei dɛ dem maama o kɛ o zo kagoa kam wone. O ma yi o jeini vɔkɔŋɔ kuri ne ye o lwoori Baŋa Wɛ se o yage se o te. O maa we, “Baŋa Wɛ, a na nɛ cham delo to, ko daga. Nam ti a ŋwea se a ba gare balo na tege to.” 5Elija ma lɛɛre o maŋe vɔkɔŋɔ kom kuri ne o peini o dɔ. O na tigi o dɔ konto to mo Wɛ maleka pɔpɔ ka ba ka dwei‑o ye ka we, “Zaŋe wɛɛne se n di wodiu.” 6O ma nii o na bworobworo kolo ba na wɔge to na zege o yuu seeni. Kunkwolo de ko wo na de maa zege da. O ma di ye o daare o nyɔ na bam. O laam ma jwoori o guni o peini.
7 Baŋa Wɛ maleka kam ma jwoori o tei ne ka dwei‑o, ye ka we, “Zaŋe wɛɛne n di wodiu n woli da, se n chwoŋa ta dɔra.” 8Elija ma seene o zaŋe o di wodiu o daare o nyɔ na. O na di o na dam-doore konto to, mo o kwei da finna, tete de wea maama, o vo o yi Sinayi peo kom na ye Baŋa Wɛ tete jeiga to.
Baŋa Wɛ na veere o tete de Elija tei to
9Elija ma vo o zo peo bɔɔne wone o peini o poore tega. Baŋa Wɛ kwora ma pɔpɔ ka ba o tei we, “Elija, bɛŋwaane mo n tu ywo-seeni?” 10Elija ma leiri o we, “Amo tiini a seene a yia se a taa toŋa a pae nmo Baŋa Wɛ na ye Paŋwa to mo. Isarele tiina bam nam ve n na gwoni ni delo de-ba to, ba daare ba chochoge n kaanem bimbina yam. Ba ta mɛ ba se-zɔɔro ba go n sampwori sem, ye amo yerane mo daare. Ba nam boŋe se ba go amo de ba woli da mo.” 11Baŋa Wɛ ma ta ded‑o o we, “Nwoŋi n vo n di peo kom yuu se n zege a yiga ne, se amo Baŋa Wɛ lage a ba a tɔge dáane mo a kɛ.”
Vo-dɛɔ ma pɔpɔ ko zaŋe Baŋa Wɛ yiga ne ko lɔ peo kom belei ko daare ko mumugi kandwa yam. Ko na ke konto to, Baŋa Wɛ tera vio kom wone. Konto kwaga ne tega kam de ma tiini ka ziziŋi, ye Baŋa Wɛ tɔge o tera. 12Tega kam ziziŋim dem kwaga ne min-vogo de ma ba ko kɛ, ye Baŋa Wɛ tera mini dem wone. Konto kwaga ne mo kwor-memena zaŋa ne waasa tei to. 13Elija na nigi to, o ma ja o gɔrɔ o kwoli o yibia ye o daare o vo o maŋe bɔɔne dem ni ne o zega. O ma ni kwora na ŋɔɔne ded‑o ka we, “Elija, bɛŋwaane mo n tu ywo-seeni?” 14Elija ma leiri o we, “Amo tiini a seene a yia se a taa toŋa a pae nmo Baŋa Wɛ na ye Paŋwa to mo. Isarele tiina bam nam ve n na gwoni ni delo de-ba to, ba daare ba chochoge n kaanem bimbina yam. Ba ta mɛ ba se-zɔɔro ba go n sampwori sem, ye amo yerane mo daare. Ba nam boŋe se ba go amo de ba woli da mo.”
15 Baŋa Wɛ ma ta ded‑o o we, “N na tɔge chwoŋa kalo n ba ywo-seeni to, jwoori n da konto n vo Damasika kagoa kam. N ná vei n yi da, se n lwo nuga Hazayeli yuu ne n ma‑n tiŋi‑o Siria teo pɛ. 16Nam ta ke konto dwoŋi n tiŋi Nimisi bu Jehu se o taa ye Isarele teo pɛ, se n daare n tiŋi Elisa wolo na ye Abel-Mehola tu Safate bu to se o leiri n yuu ne o ji a sampwora. 17Jehu wó go balo maama na duri ba lu Hazayeli jeŋa ne to. Elisa de maa wó go balo maama na duri ba lu Jehu jeŋa ne to. 18A nam tiŋi nɔɔna morro terepɛ (7,000) mo Isarele laŋa kam ne. Banto wo fɔge ba kuni dwoona ba zuli Baal jwoni dem. Ba nam wo mɛ ba ni-vɔɔro ba duuri-de.”
Elisa na saŋe Elija kwaga tei to
19Elija ma yage jei sem konto o vo o beeri Safate bu Elisa jei. O ma na‑o ye o jege nabɛ selei selei kuni fuga-belei o vara. Elisa tete mo kale nabɛ selei sem na wo kwaga ne to o jege o vara. Elija ma fɔɔre o yi o tei ye o le o gare-daŋɔ kom o daŋe Elisa bakale ne. 20Elisa ma yage nabɛ sem ye o daare o duri o tɔge Elija kwaga. O maa we, “Yage se a vo a bane a kwo de a nu, se a laam ba a taa tɔge‑m.” Elija ma leiri o we, “Tɔ. Jwoori sɔŋɔ. Nam yé swei a na ke tei n yera ne to.”
21Elisa ma pipiri o viiri o daare Elija. O ma vo o ja o nabɛ selei sem o go o ma ke kaanem. O ma kwei se yera zela yam o ma o dwei mini o saŋe nɔna yam. O laam ma pɔɔre-ya o pa o nɔɔna bam ye ba di. O na bane-ba to mo o lɛɛre o vo o tɔge Elija kwaga o woli‑o totoŋa baŋa ne.",https://www.bible.com/bible/3661/1KI.19.KBG
1 PWA 20,"Ben-hadadi ke jara de Samaria tiina
1Siria teo pɛ Ben-hadadi déem bwoŋi o jar-keira bam mo o ke daane. Pwa fintɔ-balei de ba sisein-nɔɔna de ba torokooro ma tɔge ded‑o ba vo Samaria teo se ba kwaare jara de ko nɔn-bia bam. 2Ben-hadadi ma toŋe o tontoŋena se ba vo ba zo teo kom ba ta ba bere Isarele tiina pɛ Ahab we, “Ben-hadadi kwora mo tento: 3‘Ahab, amo mo laam tei n lu-nyenno tem de n sabu-seŋa kam, ko woli de n ka-yorro tem de n bu-swonnu tem maama.’ ” 4Pɛ Ahab ma leiri o we, “A tu, n tage chega. Amo tete de kolo maama a na seene a jege to ye nmo nyem mo.”
5Ben-hadadi daa ma toŋe o tontoŋena bam ye ba jwoori ba ba ba ta de Ahab ba we, “Ben-hadadi we, ‘A ya pɛ kwora yi‑m we, n jege se n kwei n lu-nyenno tem, de n sabu-seŋa kam, de n kaana bam, de n bia bam mo n ja n ba n pa-ne. 6Nam ta‑n yei we, jwa kanto maŋa ne a wó toŋe a dedɛɛra se ba ba ba buŋi nmo sɔŋɔ kom de n dedɛɛra bam de di sem maama. Ba laam wó kwei woŋo kolo maama na jege lonne ko pa‑m to ba ja ba ba ba pa-ne.’ ”
7Ahab ma bwoŋi Isarele nakwa bam maama o ke daane ye o ta de-ba o we, “Á wo nɛ na? Ben-hadadi laam lage cham mo o pae debam! O ya na taga o we o lage o jwoŋi a kaana bam, de a bia bam, de a lu-nyenno tem, de a sabu-seŋa kam to, a yɔɔre a sɛ mo.” 8Nakwa bam de nɔn-kɔgɔ kom maama ma leiri‑o ba we, “Yé cheigi Ben-hadadi taane. Nam yé sɛ n ke kolo o na taga to.”
9Ahab laam ma leiri Ben-hadadi tontoŋena bam o we, “Véi-na á kwei a kwora kanto á pa á pɛ wom we, ‘Amo tu, ko ná ye n na dɛ yiga n ta we n lage n jwoŋi wonnu telo a tei ne to, a sɛ. Se ko ná ye wonnu telo n ta na lage se n vere n woli da to, a bá sɛ konto kɔtaa.’ ” Ba ma seene ba ja kwora kam ba vo ba pa Ben-hadadi.
10Ben-hadadi daa ma toŋe kwora o pa Ahab ye o we, “A dugi we, a ná wo pɛ se a jar-keira bam chɔge Samaria teo zɔŋ-zɔŋ, se wa yam laam yɔɔre ya chɔge-ne ya woli da. Á teo kom fwogo daa bá daare se a kwaga nɔɔna bam dedoa dedoa wane ba pɛ jaguli-yi.” 11Isarele teo pɛ Ahab ma toŋe kwora o leiri o we, “Ta-na á bere Ben-hadadi we, ‘Nɔɔno ba gare o zeiŋi o vɔna o tɛ we o wane, ye jara ta wo bobo. Cheigi se n nii, n wó lu jara yam wone na.’ ” 12Kwora kam na yi Ben-hadadi maŋa kalo to, o de pwa badwonna bam déem jei ba nyɔ sana ba vwoa yam wone mo. O ma ta de o jar-keira bam o we, “Nwoŋi-na á ti á yiga se á vo á ke jara de Samaria tiina bam.” Ba ma seene ba ke konto.
Baŋa Wɛ jwoŋi Isarele tiina bam
13Sento nɛ sem ni ne mo Wɛ sampwora kadwoŋi vei o ta de Isarele teo pɛ Ahab o we, “Baŋa Wɛ na tage kolo to mo tento: N nɛ Ben-hadadi jar-keira bam kɔgɔ na daga tei to na? Amo zem lage a pa se n di-ba mo. Konto wó pa se n lɔre we amo mo ye Baŋa Wɛ wom.” 14Ahab ma bwei o we, “Wɛ wó tɔge wɔ baŋa ne mo o ke konto?” Sampwora kam ma leiri ka we, “Baŋa Wɛ na tage kolo to mo tento: Nɔn-donno telo na toŋe ba pae kateira yam dedɛɛra bam to mo wó ke jara yam.” Ahab ta ma bwei o we, “Wɔ mo wó da ba yiga o ke jara yam?” Sampwora kam de ma leiri ka we, “Ko ye nmo mo wó ke konto.”
15Ahab ma bwoŋi nɔn-donno telo na toŋe ba pae kateira yam dedɛɛra bam to o ke daane. Ba maa ye jar-keira bia yalei de fintɔ-balei (232). O ma daare o bwoŋi Isarele jar-keira balo na daare to maama o ke daane. Banto maa ye nɔɔna morro terepɛ (7,000). 16Ba maama ma zaŋe wea tetare ne ba nwoŋi se ba ke jara yam, de Ben-hadadi na jei o nyɔ sana de pwa fintɔ-balei bam ba vwoa wone pa se ba bugi to. 17Isarele nɔn-donno tem ma da yiga ba vo se ba kwaare jara yam. Ben-hadadi ya toŋe nɔɔna se ba vo ba yere jei sem. Ba ma jwoori ba ta de Ben-hadadi ba we, “Jar-keira badwonna mo zege Samaria teo ne ba beena”. 18Ben-hadadi ma leiri-ba o we, “Ba ná tu se ba lwoori yibwona amo tei ne, naa ba ná tu se ba ke jara mo, ko maama ye bedwe mo. Ja-na-ba se á nam yé go-ba.”
19Isarele nɔn-donno tem déem ma gwɛ ba nwoŋi teo kom wone ye jar-keira nɔn-kɔgɔ kom maama wo ba kwaga ne. 20Jar-keiru maama ma mage Siria tu dedoa o go. Siria tiina balo na daare to duri se ba lu jara yam wone, ye Isarele tiina bam pare-ba mo. Siria teo pɛ Ben-hadadi ma di sisein-nɔɔno o duri o kɛ. O nɔɔna badwonna de wane ba di sisein-nɔɔna ba duri ba lu. 21Isarele teo pɛ Ahab de o jar-keira bam ta ma duri ba yi Siria jar-keira bam, de ba sisei sem, de ba torokooro tem. Ba ma zaŋe ba baŋa ne ba go ba dedɛ.
22Konto kwaga ne mo Wɛ sampwora kam fɔɔre o yi Isarele teo pɛ Ahab tei ye o we, “Fɔge n ke baare n ke n nɔɔna bam kuri ne, se n boŋe n nii n na wó ke tei. Kokuri to, ben-doore ná yia, Siria teo pɛ wom daa ta wó nwoŋi se o ke jara de abam.”
23Ko nam ná ye Siria teo pɛ dedɛɛra bam, banto mo tage ded‑o ba we, “Isarele tiina wa yam jege dam peero jei sem ne mo. Konto ŋwaane mo Isarele tiina bam wane debam ba di. Dé nam ná jwoori dé kwaare jara de-ba te-kampare sem ne, dé wó seene de wane-ba. 24N nam na wó ke tei to, le pwa fintɔ-balei bam n yage, n daare n pa se jar-keira yiga tiina leiri ba yuu ne ba taa nii jara yam baŋa ne. 25Nam ta jwoori n la jar-keira badwonna se ba taa mae de balo n ya na gɛ jara yam wone to. Ta kwaleme sisein-nɔɔna de torokooro se te ni taa mae de telo n ya na jege to. Dé laam wó wane dé vo dé kwaare jara de Isarele tiina bam te-kampare sem ne. De ná ke konto, de wó yɔɔre dé wane-ba.” Siria teo pɛ ma sɛ o ke o dedɛɛra bam na tage kolo to.
26Ben-doore na jwoori de yi to, Siria teo pɛ Ben-hadadi ma la o jar-keira bam o ke daane, ye ba vo Afeka se ba ke jara de Isarele tiina bam. 27Isarele jar-keira bam de ma ti ba yiga de ba jara zela. Ba ma nwoŋi ba vo se ba kwaare jara de-ba. Ba na jeeri daane konto to, Isarele tiina bam déem nye de bobom-bia kɔgɔ de kɔgɔ kuni belei mo. Siria tiina kɔgɔ kom nam faare tega kam maama mo.
28Wɛ tontoŋeno wom ma vo o ta de Isarele teo pɛ Ahab o we, “Baŋa Wɛ na tage kolo to mo tento: Siria tiina bam na boŋe we amo Baŋa Wɛ jege dam peero jei sem ne mo se ko dae te-kampare ne to, a lage a pa se n wane ba jar-keira kɔgɔ konto maama n di mo. Konto wó pa se abam maama lɔre we amo mo seene a ye Baŋa Wɛ wom.”
29Jar-keira kɔgɔ kuni belei bam kwei da yarepɛ mo ba tigisi kɔgɔ de kɔgɔ ba chichei ba zege ye ba yiga jeeri daane. Da yarepɛ dɛ dem ne jara yam ma bobo. Isarele tiina bam ma go Siria tiina jar-keira balo na vei tega ne to morro bi (100,000) dɛ dem konto wone. 30Ba badaara bam ma duri ba zo Afeka teo wone se ba lu. Teo kom kabira kam ma bwori ka to tega ne buri-buri ka pane ba morro finlei-terepɛ (27,000) ka go. Pɛ Ben-hadadi de ma duri o zo teo kom wo o seigi o tete di-yuu wone.
31Ben-hadadi dedɛɛra bam ma ta ded‑o ba we, “Nii mo. Dé nigi we Isarele dwi dem pwa yeini ba jege nɔɔna yibwona. Nam pa se dé tu dé tete dé zo gare-nyenyaaro, se dé daare de vɔ ŋone dé yuni ne dé vo de lwoori Isarele tiina pɛ wom. Dɛ delo o laam wó yage‑m se n ta‑n ŋwe.” 32Ba ma seene ba zo ba gare-nyenyaaro tem ye ba daare ba vɔ ŋone ba yuni ne. Ba ma vo Isarele tiina pɛ tei ba ta ded‑o ba we, “Pɛ, n tontoŋeno Ben-hadadi lwoori‑m we, ‘Jan ja! Yage se a taa ŋwe.’ ” Pɛ Ahab ma leiri o we, “Ben-hadadi ta ŋwe mo na? Dé nam ye da-yuudwonna mo.”
33Ben-hadadi dedɛɛra bam maa wo pɛ se Ahab ni to tega ne ye ba sɛ o taane dem ba we, “Ben-hadadi seene o ye n yuudwoŋi chekke mo.” Ahab ma ta de-ba o we, “Véi-na á ja‑o á ba.” Ben-hadadi na tu to, Ahab ma pa se o di o jeini o toroko kom baŋa ne. 34Ben-hadadi déem ma ta o we, “Amo wó jwoori a kwei teene delo a kwo déem na tɔge jara baŋa ne o vere n kwo jeŋa ne to a pa‑m. A ta wó pa‑m chwoŋa se n tiŋi ya-fwaaro Damasika ne, nenɛɛne a kwo déem na maŋe o ke tei Samaria ne to.” Pɛ Ahab ma leiri o we, “Ni delo n na tage konto to ŋwaane a wó yage‑m se n viiri.” O déem ma gwoni ni ded‑o ye o daare o yage‑o pa se o viiri.
Wɛ sampwora na tage kolo o chɔge Pɛ Ahab to
35 Baŋa Wɛ déem ma pa o sampwori sem kɔgɔ wone nɔɔno dedoa ni ye o vo o ta de o dwoŋi sampwora o we, “Popo, mage-ne n ke zonne.” O dwoŋi wom ma ve se o ke konto. 36Sampwora kam ma ta ded‑o o we, “N na ve Baŋa Wɛ ni dem konto to, ta‑n yei we, n ná yɔɔre n yage-ne n ma‑n viira, nywoŋo mo lage ko go‑m chwoŋa yuu ne.” O na maa viiri to mo bedwe baŋa ne nywoŋo seene ko jeeri‑o ko go.
37Sampwora kam daa ma vo o na nɔɔno wodwoŋi ye o ta‑o we, “Mage-ne n ke zonne!” Nɔɔno wom ma tiini o mage‑o o fuuli o yera. 38Sampwora kam ma kwei gare-yi o vɔ o yibia ne se nɔɔn-nɔɔno yé lɔre‑o. O ma vo o zege chwoŋa ni ne o cheigi Pɛ Ahab se o tɔge da o kɛ. 39Pɛ wom na maa kɛ to mo sampwora kam bwoŋi‑o o we, “Pɛ, amo ya wo jara wone mo ko chana. Nɔɔno ma ja peeno o ba o ke a jeŋa ye o daare o kaane-ne o we, ‘Fɔge n yere nɔɔno wonto lanyerane. O nam ná vere n jeŋa ne o lu, n jege se n te mo. Ko ná dae konto, n wó ŋwe lu-nyenno dunni na yi kilo fintɔ-tena (34) to.’ 40A nam ya kwei a yiga mo a ke dáa ne a wora a nii totoŋa yadwonna baŋa ne pa se peeno wom duri o lu.” Pɛ wom ma leiri o we, “Nmo na fereme n tete de n beinnu tem to, ko ye n tete yiga.”
41Sampwora kam ma ke lela o le gɔrɔ kom o yibia ne. Pɛ wom ma lɔre lela we, o ye sampwori sem wone dedoa mo. 42O ma ta de pɛ wom o we, “Baŋa Wɛ na tage kolo to mo tento: Ko nam ná ye nɔɔno wolo a ya na we, n jege se n yɔɔre n chɔge‑o to, nmo yage kotu pa se o viiri. Konto ŋwaane nmo nam mo jege se n leiri kotu yuu ne n te. N nɔɔna bam de maa wó leiri kotu nɔɔna bam yuni ne ba na lɛɛro.” 43Isarele teo pɛ Ahab na nigi konto to, o ma jwoori o vo Samaria teo ye o wo pɛ.",https://www.bible.com/bible/3661/1KI.20.KBG
1 PWA 21,"Nabofi kaduga kam
1Nɔɔno wodwoŋi déem mo wora, o yere mo Nabofi ye o nwoŋi Jezerele. O maa jege Vini teeni kaduga Jezerele ne, ye ka bwola de Samaria teo pɛ Ahab sɔŋɔ kom. 2Dɛ dedwe mo Ahab taga de Nabofi o we, “Sɛ se n kwei n kaduga kam n yeigi n pa-ne se a taa mae a du a dwoa da, ka na wo a sɔŋɔ takeiri ne to ŋwaane. A jege kaduga kadwoŋi na dwoi kanto kam se a ma a leiri ka yuu ne a pa‑m. N ya ze ná laga, a wó ŋwe ka kwora a pa‑m.” 3Nabofi ma leiri o we, “Baŋa Wɛ taa choa se a kwei a nabaara na daare tega kalo ba pa-ne to a pa‑m.”
4Pɛ Ahab ma jwoori sɔŋɔ ye o wo pɛ de Jezerele tu Nabofi na taga kolo to. O ma yɔɔre o peini o kadwogo baŋa ne o pa o yibia jeeri kabira kam ye o daare o ve se o di wodiu, Nabofi na ve se o kwei o kaduga kam o pa‑o to ŋwaane.
5Pɛ Ahab kaane Jezebele ma zo o bwei‑o o we, “Bɛŋwaane mo n wo chɔge pa se n ba lage wodiu?” 6Ahab ma leiri o we, “A vei a ta de Nabofi mo a we, o kwei o Vini teeni kaduga kam o yeigi o pa-ne. O nam daa ná laga, se a leiri ka yuu ne a pa‑o kaduga kadwoŋi. O ma ve se o kwei kaduga kam o pa-ne.” 7Jezebele ma leiri o we, “N dae Isarele teo pɛ mo na? Nam zaŋe wɛɛne se n di wodiu. Ta‑n sii n wonnu, se amo mo lage a pa se n jeŋa zo Jezerele tu Nabofi tega kam.”
8Jezebele ma popone twanno Ahab yere ŋwaane, o daare o kwei Ahab dam nyenyego kom o nye twanno tem baŋa ne. O ma toŋe-te o pa nakwa de dedɛɛra balo na jeini de Nabofi ba nii Jezerele teo kom to. 9O na popone kolo o ke twanno tem wone to mo tento: “La-na á teo kom nɔɔna bam á ke daane se á maama tu á tete Wɛ yiga ne ye á vɔ ni. Ta daare-na á pa se Nabofi jeini dedɛɛra bam jeiŋa jei ne. 10Ta pa-na se nɔn-kayɛ selei jeini ba jeeri Nabofi yiga ne. Banto laam wó ta we o tusi de o na sɔɔle lwarem o ke Wɛ yera ne, de pɛ wom yera ne to. Konto ná kea se á laam ja‑o á nwoŋi pwooni á dole‑o de kandwa á go.”
11Jezerele teo nakwa bam de dedɛɛra bam ma seene ba ke kolo Jezebele na pɛ-ba ni twanno tem wone se ba ke to. 12Ba ma seene ba la nɔɔna bam ba ke daane pa se ba maama vɔ ni. Ba ma daare ba pa se Nabofi jeini dedɛɛra jeiŋa jei ne. 13Nɔn-kayɛ selei sem de ma ba ba jeini Nabofi yiga ne. Ba laam ma ta ba bere nɔn-kɔgɔ kom maama we Nabofi ke o chɔge de o na sɔɔle lwarem o ke Wɛ de pɛ wom yera ne to. Ba ma vaŋe‑o ba ja ba nwoŋi teo kom pwooni ba dole‑o de kandwa ba go. 14Ba ma toŋe kwora ba pa Jezebele we, “Ba dole Nabofi de kandwa ba go.”
15Jezebele na yɔɔre o ni we Nabofi seene o te to, o ma ta de Ahab o we, “Jezerele tu Nabofi tega. O daa ba ŋwe. Konto to, véi n kwei tega kam o na ve se o yeigi o pa‑m to n ta‑n tei.” 16Ahab na nigi Nabofi toone dem ŋwa konto to mo o pɛ o zaŋe bedwe baŋa ne o vo Nabofi Vini teeni kaduga kam se o kwei-ka o taa jega.
17 Baŋa Wɛ kwora déem ma yi Tisibi tu Elija we, 18“Zaŋe n vo n jeeri Isarele teo pɛ Ahab na di o paare Samaria ne to. O vei Jezerele o jwoŋi Vini kaduga kalo ya na ye Nabofi nyem to mo o tei. 19Ta n bere‑o we, ‘Baŋa Wɛ na tage kolo to mo tento: Nmo go nɔɔno, ye n daare n vere o tega mo n woli da! Ko dae chega na?’ Ta daare n ta de Ahab we, ‘Baŋa Wɛ na tage kolo to mo tento: Ta‑n yei we kukuri jwa wó deilimi nmo tete jana jeiga kalo ne se zem na deilimi Nabofi jana to.’ ”
20Elija na vei o jeeri Ahab to, Ahab ma ta ded‑o o we, “Konto to, a dono, nmo nɛ amo jeiga na?” Elija ma leiri o we, “A tu a na‑m se a ta a bere‑m we, n yɔɔre n yage n tete se n ke lwarem n chɔge Baŋa Wɛ yiga mo. 21Baŋa Wɛ nam tage o we, ‘Nii mo! Amo wó pa se lɛɛro yi‑m. A ta wó yɔɔre a chɔge dwi delo na wó saŋe n kwaga to maama kula. Nmo tete de n dwi dem bakeiri sem maama wó saare Isarele teo ne, ko ná ye balo ta na wo ba kwo sɔŋɔ ne to, de balo na tei ba tete to de. 22Amo wó pa se n sɔ-yuu kom ji nenɛɛne Nebat bu Jeroboam sɔ-yuu kom, de Ahija bu Baasa sɔ-yuu kom na ye tei to, n na chuchugi a bane ye n ta pa se Isarele tiina ke wɛleera yalo to ŋwaane.’ 23Ko nam ná ye Jezebele, Baŋa Wɛ tage o taane o we, ‘Kukuri mo lage se di‑o Jezerele teo kabira teiŋa ne.’ 24N dwi dem nɔɔno wolo maama na wó te teo kolo wone to wó ji kukuri ni-wodiu mo. Wolo na wó te pwola ne to maa wó taa ye duura ni-wodiu.”
25Nɔɔn-nɔɔno déem tera o na yɔɔre o yage o tete se o ke lwarem o chɔge Baŋa Wɛ yiga ko ma de Ahab. Ko déem ye o kaane Jezebele mo soge‑o se o ke konto. 26Ahab déem tiini o ke lwarem jwona kaanem baŋa ne mo, nenɛɛne Amori tiina bam ya na ke tei to. Baŋa Wɛ déem zeili banto mo tega kam baŋa ne ye Isarele tiina bam laam ba ba jeini da.
27Ahab déem nam na nigi taane dem konto Elija tei ne to, o ma kaare o gwaaro o yage, o daare o zo gare-nyenyaaro ye o vɔ ni wo-chechɔgɔ ŋwaane. O lɛɛre o tigi de gare-nyenyaaro tem mo ye o nyɔne o yiga o via.
28 Baŋa Wɛ kwora daa ta ma yi Tisibi tu Elija we, 29“N nɛ Ahab na gwooni o tete a yiga ne tei to na? O na tu o tete konto to, a daa bá pa se lɛɛro tem yi‑o ye o ta ŋwe. A nam wó pa te ba o kwaga kam baŋa ne mo maŋa kalo o bu wom na wó ba o di paare to.”",https://www.bible.com/bible/3661/1KI.21.KBG
1 PWA 22,"Wɛ sampwora Mikaya na kaane Pɛ Ahab tei to
1Jara déem daa wo chugi Siria de Isarele laŋa ne ko vei bena yatɔ mo. 2Bene dem na wó ke bena yatɔ to wone mo Judah teo pɛ Jehosafate zaŋe o vo Isarele teo pɛ Ahab tei. 3Ahab déem ma ta de o dedɛɛra bam o we, “Abam swei we Ramofa-Gilead jeiga kam ye debam nyem mo na? Bɛ mo ye dé chem? Dé nam jege se dé zaŋe mo se dé wane dé jwoŋi dé teo kom Siria teo pɛ wom jeŋa ne.”
4Ahab ma bwei Jehosafate o we, “Nmo wó sɛ se n da de amo se dé vo Ramofa-Gilead dé ke jara de-ba na?” Jehosafate ma leiri o we, “Dé ye chorro mo daane. Ta‑n yei we debam jar-keira de dé sisein-nɔɔna maama ye nmo tete nyem mo.” 5Jehosafate ta ma ta Isarele teo pɛ Ahab o we, “Nam pa se dé da yiga dé bwei dé nii Baŋa Wɛ na tage kolo to se dé laam daare dé vo.”
6Ahab ma bwoŋi Wɛ sampwori sem o ke daane. Ba maa ye nenɛɛne nɔɔna bia yana (400). O ma bwei-ba o we, “Chwoŋa wora se a vo Ramofa-Gilead a ke jara de-ba, naa a yé vei?” Sampwori sem ma leiri ba we, “Pɛ, nam véi n gware-ba, se dé Teiru Wɛ wó kwei-ba o ke n jeŋa ne.” 7De ko de, Jehosafate ta bwei mo o we, “Baŋa Wɛ sampwora wodwoŋi daa wora ywo-seeni se dé bwei o de dé nii na?” 8Pɛ Ahab ma leiri‑o o we, “Nɔɔno wodwoŋi ta daare, o yere mo Mikaya ye o ye Imila bu. Dé wó wane dé da wonto ŋwaane dé lɔre Baŋa Wɛ boboŋa. Ko nam na ye tei to, o ba swoi se o taa pworisi wo-laaro o pa-ne, se ko ye lɛɛro yerane mo. Konto ŋwaane mo a ba laga o ni taane kɔtaa.” Jehosafate ma leiri‑o o we, “Ko nam dae se n ta konto dwoŋi.” 9Ahab ma bwoŋi o dedɛɛra bam dedoa ye o ta ded‑o o we, “Ke lela n vo n ja Imila bu Mikaya n ba ywo-seeni.”
10Isarele teo pɛ Ahab dedaane Judah teo pɛ Jehosafate déem zo ba paare gwaaro mo ba jeini ba paare yitunnu baŋa ne ko maŋe de Samaria teo manchwoŋo ni dem. Jeiga kam déem ye mena ferem jeiga. Sampwori sem maama maa zege ba yiga ne ba pworisa. 11Ba dedoa yere na ye Zedekia ye o ye Chenaana bu to ma mage luu o ma o ji nyea. O ma ta de Ahab o we, “Baŋa Wɛ na tage kolo to mo tento: Nyea yanto bere we n jege dam mo se n ma n chu Siria tiina bam n go zɔŋ-zɔŋ.” 12Sampwori sem maama de déem pworisi konto mo ye ba we, “Pɛ, zaŋe n vo Ramofa-Gilead n ke jara n wane-ba. Baŋa Wɛ lage o kwei teo kom o ke n jeŋa ne mo.”
13Dedɛɛro wolo na vei se o bwoŋi Mikaya to ma ba o ta de Mikaya o we, “Nii mo! Sampwori sedwonna sem jege ni dedwe ba pworisi wo-laaro mo ba pa pɛ wom. Nmo de nam jege se n pworisi zaane taane mo ne banto na ke tei to.” 14Mikaya ma leiri‑o o we, “Ne Baŋa Wɛ na jege ŋwea tei to, ko ye chega mo we, Baŋa Wɛ na wó pa-ne ni se a ta kolo to yerane mo a wó ta a bere pɛ wom.”
15Mikaya na vei o yi Ahab tei to, Ahab ma bwei‑o o we, “Mikaya, chwoŋa wora se dé vo Ramofa-Gilead dé ke jara de-ba, naa dé yé véi?” Mikaya ma leiri‑o o we, “Pɛ, zaŋe n vo n ke jara yam n wane-ba, se Baŋa Wɛ mo lage o kwei teo kom o ke n jeŋa ne.” 16Ahab ma yɔɔre o ta Mikaya o we, “A maŋe a ta de nmo kuni dedɛ we, n jege se n du we n wó ta chega taane yerane mo n bere-ne maŋa kalo maama n na yeini n pworisi Baŋa Wɛ yere ŋwaane to.” 17Mikaya laam ma ta o we, “A nɛ Isarele jar-keira bam maama na jage peero tem baŋa ne ye ba beeri yɔɔ yɔɔ nenɛɛne pei selo na ba jege nayero to. Baŋa Wɛ ma ta o we, ‘Nɔɔna banto ba jege yuu tu. Yage-na se ba jwoori sɔŋɔ chemm de yazura.’ ”
18Isarele teo pɛ Ahab ma ta de Jehosafate o we, “A ya maŋe a ta de nmo we, o bá sɛ o pworisi wo-laaro o pa-ne, se lɛɛro yerane mo.”
19Mikaya daa ma ta o bere Ahab o we, “Nam cheigi Baŋa Wɛ na pɛ-ne kwora kalo to. A nɛ Baŋa Wɛ na jei o paare yituŋu baŋa ne ye Wɛ telaao kɔgɔ kom maama zege ba gilimi‑o, o jazem de jagwia seeni. 20Baŋa Wɛ maa we, ‘Wɔ mo wó sɛ o vo o gane Ahab se o vo Ramofa-Gilead o ke jara de-ba se o laam ga o ŋwea?’ Kɔgɔ kom maama dedoa dedoa ma ta o boboŋa. 21Ko kwola ne to, chichira kadwoŋi ma nwoŋi ka zege Baŋa Wɛ yiga ne ye ka ta ka we, ‘Amo wó wane a vo a gane Ahab’. 22Baŋa Wɛ ma bwei-ka o we, ‘N lage n ke tɛ mo n wane n ke konto?’ Chichira kam ma leiri ka we, ‘A lage a vo a pa se Ahab sampwori sem pworisi vwa pworisim mo.’ Baŋa Wɛ maa we, ‘Nmo wó na chwoŋa se n soge‑o. Nam véi n ke konto.’ 23Tɔ. Nam lɔre we Baŋa Wɛ seene o pa se n sampwori sem maama fɔ vwa ba pa‑m mo. Chega ŋwaane to, Baŋa Wɛ yɔɔre o tiŋi lɛɛro mo se te ba n baŋa.”
24Konto na ke to mo Chenaana bu Zedekia zaŋe o vo o mage Mikaya yibia ne ye o bwei‑o o we, “Baŋa Wɛ jworo ke tɛ mo ko yage amo ye ko ba nmo tei ko ŋɔɔne dede‑m?” 25Mikaya ma leiri o we, “Nii mo. Nmo wó lɔre debam wone wɔ mo tage chega dɛ dem n na wó zo di-yuu wone n seigi n tete to mo.”
26Isarele teo pɛ Ahab ma pa ni se ba ja Mikaya ye o we, “Ja-o-na á ja á vo teo kom dedɛɛro Amon tei, dedaane amo bu Joasa tei. 27Ta-na de-ba we, ‘Pɛ wom na tage kolo to mo tento: Ja-na nɔɔno wom á ke peena diga ne. Ta‑á pa‑o bworobworo fenfee de na yerane se ko taa nii maŋa kam a na wó zege jara yam wone a jwoori de yazura to.’ ”
28Mikaya ma leiri pɛ wom o we, “N ná seene n zege jara yam wone n jwoori de yazura, ko nam dae Baŋa Wɛ mo pɛ-ne kwora kam.” Mikaya ta ma ta de nɔn-kɔgɔ kom o we, “Á maama yé swei-na a na taga taane delo to.”
Pɛ Ahab toone
29Isarele teo pɛ Ahab de Judah teo pɛ Jehosafate déem ma zaŋe ba vo Ramofa-Gilead se ba ke jara de-ba. 30Ahab ma ta Jehosafate o we, “De ná zo jara yam wone, a laam wó leiri a yibia se ba yé lɔre-ne. Ko daare nmo wó zo n paare gwaaro tem.” Ahab ma seene o ke ne o na taga tei to, ye ba maama vo se ba ke jara yam.
31Siria tiina pɛ wom déem ya maŋe o bwoŋi o jara-keim toroko-dira dedɛɛra fintɔ-balei bam mo ye o pa-ba ni we, “Kwaare-na jara yam de Isarele teo pɛ wom yerane, se ko dae jar-keira badaara bam, ba ná maŋe ba ye dedɛɛra tei de.” 32Siria jara-keim dedɛɛra bam na nɛ Jehosafate ye o zo o paare gwaaro tem to, ba ma boŋe ye ba we, “Nii-na Isarele teo pɛ wom da!” Ba ma fɔɔre ba yi se ba ke jara ded‑o. Jehosafate na nɛ-ba to, o ma laare de kwor-dɛa. 33Siria jar-keira dedɛɛra bam ma maane we ko dae Isarele teo pɛ wom. Ba ma yage‑o ye ba kɛ.
34Siria jar-keiru wodwoŋi déem saŋe o taŋa mo o ta chene yɔɔ yerane. Chene dem ma vo de zɔ Isarele teo pɛ Ahab o nyɔɔne seeni mɛ o jara zela yam na wo kwoli‑o to. Ahab ma ta de o toroko-diru wom o we, “Pa se dé ke lela dé pipiri dé vo dáa yiga yiga jara yam wone, se a nɛ zonne mo.” 35Jara yam déem kea dɛ dem maama wone mo. Pɛ Ahab ma maŋe o toroko kom wone o sale o jeeri Siria tiina bam. O fufwollu tem jana ma lwo ba duri ba tagele toroko kom wo. Dɛ dem konto dedaan-ni ne mo o tega. 36Wea na maa zoore maŋa kalo to mo Isarele jar-keira bam keeri bɔge-bɔge ba we, “Ko ti ywoo! Pa-na se nɔɔno maama jwoori o tete teo!”
37Isarele teo pɛ Ahab na tege konto to, ba ma kwei o yera yam ba ja ba vo Samaria ba suli‑o da. 38Ba ma zare o toroko kom Samaria buga kam ni ne mɛ ka-tole na yeini se swɛ se yera da to. Dáane mo kukuri tu se deilimi Ahab jana bam. Konto déem ma pa se Baŋa Wɛ na tage kolo faŋa to ji chega.
39Ahab déem na di paare ye o toŋe wonnu telo maama to ba popone-te ba tiŋi Isarele Teo Pwa Seina tɔnɔ kom wone, ne ko ná ye o na lɔge pɛ sɔŋɔ o fɔge-ko de tuu yeili to, de o ta na lɔge teene delo maama to. 40O toone dem kwaga ne o bu Ahazia ma leiri o yuu ne o ji pɛ.
Judah teo pɛ Jehosafate taane
41Isarele teo pɛ Ahab paare dim bena yana bene dem ne mo Asa bu Jehosafate bobo se o di Judah teo paare. 42Jehosafate déem jege bena fintɔ-yanu mo ye o di paare dem. O ma jeini Jerusalem ne o di paare dem o ke bena finlei-yanu. O nu déem mo ye Silihi bukɔ Azuba. 43Jehosafate déem yɔɔre o kwei o kwo Asa totoŋ-naga kam maama mo, o wo ywori ka wone kɔtaa, pa se o totoŋa su Baŋa Wɛ yi lanyerane. O déem nam wo wane o chɔge wara-jei selo ba na ke kaanem da to. Nɔɔna daa ta ke kaanem de zwɛɛm pɛɛra jei sem konto ne mo. 44Kolo na woli da to mo ye Jehosafate pɛ se o de Isarele teo pɛ mo ke ni daane.
45Jehosafate déem na di paare ye o ke wonnu telo maama to, de o baare kikia yam, de o tigura keim maama ba popone-te ba tiŋi Judah Teo Pwa Seina tɔnɔ kom wone. 46O déem zeili baara balo ta na daare ye ba bwoori wara-jei sem ne to. Banto maa ye balo o kwo Asa ya na zeili o ga ye ba ta toŋe Judah laŋa kam ne to.
47Jehosafate paare maŋa kam ne Edom teo déem ba jege pɛ. Jehosafate mo le nɔɔno se o taa nii teo kom o pa‑o.
48Jehosafate déem ke nabwooru se te yeini te tɔge naneo te beeri pipiu ŋwaane. O ma boŋe se o toŋe-te Ofiri seeni se te zeŋe sabu-seŋa te ja ba. Nabwooru tem konto nam chɔge mo Ezion-gebera ne te maŋe da. Te daa ware te vo jei jei. 49Ahab bu Ahazia déem tage de Jehosafate o we, “Sɛ se nmo nɔɔna bam de amo de nɔɔna bam ke daane ba taa diini n nabwooru tem.” Jehosafate ma ve.
50Jehosafate ma te ye o vo o kwoa tei. Ba ma kwei‑o ba suli o kwoa bam yibeeli ne o nabaaro David teo Jerusalem ne. O toone dem kwaga ne o bu Jehoram ma leiri o yuu ne o ji pɛ.
Isarele teo pɛ Ahazia taane
51Judah teo pɛ Jehosafate paare dim bena fuga-yarepɛ bene dem ne mo Ahab bu Ahazia jeini Samaria ne o di Isarele teo paare. O ma di paare dem bena yalei. 52O déem ke lwarem o chɔge Baŋa Wɛ yiga nenɛɛne o kwo, de o nu, de Nebat bu Jeroboam déem na ke tei ye ba pa se Isarele tiina bam de tusi to. 53Ahazia déem zuli Baal jwoni dem mo. Ko ma pa se o chuchugi Baŋa Wɛ wom na ye Isarele tiina Wɛ to bane ko maŋe de o kwo de déem na ke tei to maama.",https://www.bible.com/bible/3661/1KI.22.KBG
2 PWA 1,"Elija vei o jeeri Pɛ Ahazia
1Pɛ Ahab déem na tege to, mo Moaba tiina ve se ba taa wo Isarele tiina dam kuri ne.
2Dɛ dedwe mo Samaria teo pɛ Ahazia zege o nayuu ne o tɔge nayaa kam ne o chɔɔle o to tega ne pa se o tiini o fuuli. O ma toŋe o tontoŋena se ba vo ba bwei Ekoron tiina jwoni Baal-Zebubi ba nii, o wó jwoori o zaŋe naa o daa bá zaŋe.
3 Baŋa Wɛ maleka ma vo o ta de Wɛ sampwora Elija na ye Tisibi tu to ka we, “Zaŋe n vo n jeeri Pɛ Ahazia tontoŋena bam n bwei-ba we, ‘Aawo, bɛŋwaane mo abam maa vei se á bwei Ekoron tiina jwoni Baal-Zebubi se á nii? Wɛ nam tera Isarele teo wone mo na? 4Nam véi-na á ta de pɛ wom we o bere o bá zaŋe sara kalo o na tigi ka wone to. O jege se o te mo. Baŋa Wɛ na tage tei to mo konto.’ ” Elija ma seene o vo o ke konto.
5Tontoŋena bam ma jwoori ba vo pɛ Ahazia tei. O ma bwei-ba o we, “Bɛŋwaane mo abam jwoori á ba ywo?” 6Ba ma leiri ba we, “Nɔɔno mo jeeri debam o ta o we, dé jwoori dé ba dé ta de bere‑m we Baŋa Wɛ mo tage de nmo o we, ‘Bɛŋwaane mo n toŋe nɔɔna se ba vo ba bwei Ekoron tiina jwoni Baal-Zebubi ba nii? Wɛ tera Isarele teo wone mo pa se n ke konto na? Nmo keim dem konto ŋwaane n bá‑n yage sara kalo n na tigi ka wone to. Nmo jege se n te mo.’ ”
7Ahazia ma bwei-ba o we, “Nɔɔno wom na jeeri abam ye o ta konto dwoŋi to nye tetɛ mo?”
8Tontoŋena bam ma leiri‑o ba we, “Nɔɔno wom zo gɔrɔ kolo na jege varem koro to mo. O ma vɔ tankila o teiŋa ne.” Ahazia maa we, “Tisibi tu Elija mo konto.”
9Pɛ wom ma le jar-keira finnu de ba yiga tu o toŋe-ba Elija tei ne. Jar-keira yiga tu wom ma vo o na Elija na jei peo kodwoŋi yuu ne. O ma ta ded‑o o we, “Wɛ tontoŋeno, pɛ wom we n tu n ba o tei.” 10Elija ma leiri jar-keira yiga tu wom o we, “Amo ná seene a ye Wɛ tontoŋeno, se o pa min-vogo zege wɛyuu ne de ba de di nmo de n nɔɔna finnu bam maama kula.” O na tage konto o ti to, mo mini dem seene de nwoŋi wɛyuu ne de ba de zwɛ ba maama.
11Konto na ke to, pɛ wom ma jwoori o toŋe jar-keira finnu de ba yiga tu ye ba vo Elija tei. Yiga tu wom ma ta de Elija o we, “Wɛ tontoŋeno, pɛ wom we n ke lela n tu n ba o tei.” 12Elija ma leiri o we, “Amo ná seene a ye Wɛ tontoŋeno, se o pa min-vogo zege wɛyuu ne de ba de di nmo de n nɔɔna finnu bam maama kula.” Wɛ min-vogo kom ma seene ko nwoŋi wɛyuu ne ko ba ko zwɛ ba maama kula.
13Konto na ke to, pɛ wom daa ma jwoori o toŋe jar-keira finnu de ba yiga tu se ba vo Elija tei o ke yiga tiina batɔ tu. Jar-keira yiga tu wom ma vo o kuni dwoona Elija yiga ne ye o lwoori‑o o we, “Wɛ tontoŋeno, duri amo de a kwaga nɔɔna bam ŋwaŋa, se n yage se dé taa ŋwe. 14Ko ná ye jar-keira yiga tiina balei bam de ba kwaga nɔɔna bam, dé maane min-vogo kom na zege wɛyuu ne ko ba ko di ba maama tei to. Ko nam ná ye amo, duri a ŋwaŋa se n yage se a yé te.”
15 Baŋa Wɛ maleka kam ma ta de Elija ka we, “Zaŋe n tɔge ded‑o se á tu á vo pɛ wom tei. Nam yé ta‑n kɔre foone.” Elija ma seene o tu pa se ba tɔge daane ba vo ba yi pɛ wom tei. 16Elija ma ta de pɛ wom o we, “Baŋa Wɛ na tage kolo to mo tento: Nmo na toŋe nɔɔna se ba vo ba bwei Ekoron tiina jwoni Baal-Zebubi ba nii to, ko ye Wɛ na tera Isarele teo wone se n bwei‑o n nii to ŋwaane mo na? Keim dem konto ŋwaane, nmo daa bá‑n yage sara kalo n na tigi ka wone to se n zaŋe wɛɛne. N jege se n te mo.”
17Pɛ Ahazia ma seene o te, se ko maŋe de Wɛ sampwora Elija na wuuri o ta o taane tei to. Ahazia déem ba jege bakeira. Konto ŋwaane o nyaane Joram ma leiri o yuu ne o ji Isarele teo pɛ. Ko déem ke maŋa kalo Jehosafate bu Jehoram na di paare Judah teo ne o ke bena yalei to mo. 18Ahazia déem na di paare ye o toŋe wonnu telo maama to, ba popone-te ba tiŋi Isarele Teo Pwa Seina tɔnɔ kom wone.",https://www.bible.com/bible/3661/2KI.1.KBG
2 PWA 2,"Baŋa Wɛ kwei Elija o ja o vo telaao
1Maŋa kam déem yi se Baŋa Wɛ tɔge vo-kekara baŋa o kwei Elija o ja o vo telaao. Elija de Elisa déem ma zege Giligal ne ba maa kɛa. 2Elija ma ta de Elisa o we, “Nam maŋe ywo-seeni, se Baŋa Wɛ toŋe-ne mo se a vo Bɛtel.” Elisa ma ve ye o we, “Ŋwea Tu Baŋa Wɛ na seene o wora to, amo dugi wonto yere ŋwaane, de nmo tete ŋwea ŋwaane we, amo bá yage n yera.” O na tage konto to, ba maama ma tɔge daane ba vo Bɛtel.
3Ba na yi da to, Wɛ sampwori kɔgɔ kolo na zoore Bɛtel ne to ma vo Elisa tei ba bwei‑o ba we, “Nmo yei we Baŋa Wɛ zem lage o kwei nmo yuu tu wom mo o ja o viiri na?” Elisa ma leiri o we, “Ɛɛ, amo seene a yei ko ni ne. Nam yé pa-na se dé lare ko lara.”
4Elija laam ma ta de Elisa o we, “Nam maŋe ywo-seeni, se Baŋa Wɛ mo toŋe-ne se a vo Jeriko.” Elisa daa ta ma leiri o we, “Ŋwea Tu Baŋa Wɛ na seene o wora to, amo dugi wonto yere ŋwaane, de nmo tete ŋwea ŋwaane we, amo bá yage n yera.” Ba maama ma tɔge daane ba vo ba yi Jeriko.
5Wɛ sampwori kɔgɔ kolo na zoore Jeriko ne to ma vo Elisa tei ba bwei‑o ba we, “Nmo yei we Baŋa Wɛ zem lage o kwei nmo yuu tu wom mo o ja o viiri na?” Elisa ma leiri o we, “Ɛɛ, amo seene a yei ko ni ne. Nam yé pa-na se dé lare ko lara.”
6Elija daa ta ma ta de Elisa o we, “Maŋe ywo-seeni, se Baŋa Wɛ mo toŋe-ne se a vo Jɔdan buga kam ni seeni.” Elisa de daa ma leiri o we, “Ŋwea Tu Baŋa Wɛ na seene o wora to, amo dugi wonto yere ŋwaane, de nmo tete ŋwea ŋwaane we, amo bá yage n yera.” Ba maama ma tɔge daane ba maa kɛa.
7Banto balei na vei ba zege Jɔdan buga kam ni ne to, mo Wɛ sampwori kɔgɔ kom wo nɔɔna finnu ma tɔge ba vo ba zege dáa ne ye ba nia. 8Elija ma le o gɔrɔ o kukuli-ko o ma o mage Jɔdan buga na bam. Na bam ma pɔɔre ba peini jazem de jagwia pa se ba balei bam tɔge te-kora baŋa ne ba bɛ.
9Ba na bɛ buga kam konto to, mo Elija tage de Elisa o we, “Ta n bere-ne nmo na laga se a ke woŋo kolo a pa‑m to, se Baŋa Wɛ laam ba o ja-ne o viiri.” Elisa ma leiri o we, “Amo tu, a lage se a jwoŋi n dam delo n na jege n toŋe to kuni belei mo.”
10Elija ma leiri‑o o we, “Nmo na lwoori woŋo kolo to tiini ko dana ko gaale. Nmo nam ná nɛ-ne maŋa kalo Baŋa Wɛ na wó kwei-ne o ja o viiri to, n jeŋa wó zo n na beeri kolo to. Ko nam ná dae konto, n bá na-ko.”
11Elija de Elisa na tɔge daane ba via ye ba lara konto to, mo torokooro na jege min-vogo to de te sisein-nɔɔna de na jege mini to pɔpɔ te zaŋe ba baŋa ne kulululu te pwɛ-ba daane. Elija ma da de vo-kekara o kɛ Wɛ telaao. 12Elisa na nɛ konto to, mo o laare o we, “Amo kwo! Amo kwo! Isarele jar-keira torokooro tem de te sisein-dira bam laam wó ke tɛ mo?” O daa maa wo nɛ Elija yera.
Elija na kɛ konto to, Elisa wo ma chɔge ye o ja o tete gɔrɔ o kaare belei. 13O ma kwei Elija gɔrɔ kolo ya na lwei to o jwoori o vo o zege Jɔdan buga kam ni ne. 14O ma kwei Elija gɔrɔ kom o mage na bam baŋa ye o we, “Baŋa Wɛ wom na ye Elija Wɛ to nam bɛ?” O na mage na bam konto to, ba ma pɔɔre belei ba daare te-kora. O laam ma tɔge da o bɛ Jɔdan buga kam.
15Wɛ sampwori kɔgɔ kolo déem na nwoŋi Jeriko to ma tole ba na Elisa na ke kolo to, ye ba we, “Elisa mo leiri Elija yuu ne o jege o dam dem.” Ba ma fɔɔre ba yi o tei ye ba tiiri o yiga ne ba zuli‑o. 16Ba maa we, “Nii mo. Dé jege babɛ finnu mo dé tei ne. Debam tu, nam pa se dé toŋe-ba se ba vo ba beeri nmo yuu tu wom jei. Dɛ delo Baŋa Wɛ Jworo ga jaane‑o o vo o yage peo kodwoŋi yuu ne mo, naa bwolo kodwoŋi kuri ne.” Elisa ma leiri-ba o we, “Yé toŋe-na-ba.”
17Ba ma tiini ba kwoori‑o pa se Elisa ga ba ŋwa. O ma ta-ba o we, “Nam toŋe-na-ba se ba vo.” Ba ma seene ba toŋe nɔɔna finnu ye ba vo ba kwei da yatɔ ba beeri jei maama ye ba wo nɛ Elija. 18Elisa déem maŋe Jeriko teo wone mo. Ba na jwoori ba ba o tei to, o ma ta-ba o we, “A ya maŋe a wo tage a bere abam we, á yé vei na?”
Elisa na ke wo-kenkagela yalo to
19Jeriko teo nɔn-bia badwonna déem ma vo Elisa tei ba ta ded‑o ba we, “Debam tu, nii dé teo kom zega na tiini ko lana tei. Ko nam na ye tei to, na bam mo ba lana. Tega kam de maa ba ke wodiiru lanyerane.”
20Elisa ma ta o we, “Kwei-na yɛ á ke zon-doŋa wone á ja á ba á pa-ne.” Ba na ke konto to, 21o ma kwei yɛ dem o vo o lwo teo kom buli-yi dem ne ye o we, “Baŋa Wɛ na tage kolo to mo tento: Amo kwɛ na banto pa ba ji na-ŋona. Wolo ná nyɔge-ba, kotu bá te. Tega kam de nam bá ji kafɛ.” 22Konto na ke to, na bam ma lɛɛre ba ji na-ŋona se ko ba ko yi zem, nenɛɛne Elisa na tage tei to.
23Elisa déem ma zege Jeriko ne o maa vei Bɛtel. O na wo chwoŋa ne konto to, mo bu-donno tedwonna nwoŋi teo kom wone ba ba ba jege‑o ba mɔna ye ba bage‑o ba we, “Yu-kapworo tu, ta‑n kɛa! Lage jei!” 24Elisa ma pipiri o nii ba seeni ye o daare o sɔɔle lwarem o yage ba yuu ne Baŋa Wɛ yere ŋwaane. O na yɔɔre o ta konto to, mo kago-vara balei nwoŋi gaao kom wone ba ja bu-donno tem finna-balei ba tore yera-yera. 25Elisa ma zege jeiga kam konto ne o vo Kamele peo kom seeni. Ko kwaga ne o ma jwoori Samaria.",https://www.bible.com/bible/3661/2KI.2.KBG
2 PWA 3,"Tigura chugi Isarele de Moaba laŋa ne
1Judah teo pɛ Jehosafate paare dim bena fuga-nana bene dem wone mo Ahab bu Joram déem di Isarele teo paare Samaria ne. O ma jeini Samaria ne o di paare dem bena fuga-yalei. 2Joram déem toŋe lwarem mo o chɔge Baŋa Wɛ yiga. O lwarem kikia yam nam wo yi o kwo de nu ya na ke yalo to. O wane o chɔge kandwɛ delo o kwo déem na chwi Baal zula ŋwaane to. 3De konto de, o paale o ke wɛleera dwi delo Nebat bu Jeroboam déem na ke pa se Isarele tiina de da ba ke to mo. O wo sɛ se o yage.
4Moaba teo pɛ Mesa déem kɔne pei mo. O ma yeini o jege se o ja pipeili morro bi (100,000) o woli de pi-bɛ morro bi (100,000) korro mo o vo o pa Isarele teo pɛ bene maama wone. 5Isarele teo pɛ Ahab nam na tege to mo Moaba teo pɛ ve se o to o pa Isarele teo pɛ wom. 6Pɛ Joram ma zaŋe Samaria ne o la Isarele jar-keira bam maama o ke daane se ba nwoŋi ba ke jara. 7O ma toŋe ni o pa Judah teo pɛ Jehosafate ye o we, “Moaba pɛ wom ve se o to o pa-ne. Nmo nam wó sɛ se n da de amo se dé vo dé ke jara de Moaba tiina bam na?” Jehosafate ma leiri o we, “A wó sɛ se a woli‑m. Dé ye chorro mo daane. Ta‑n nii debam jar-keira de dé sisein-nɔɔna bam we ba ye nmo tete nyem mo.” 8Jehosafate ta ma bwei o we, “Dé nam wó tɔge chwoŋa kɔ mo dé vo dé bobo jara yam?” Joram ma leiri o we, “Dé wó tɔge Edom kagoa chwoŋa kam mo dé vo dé yi-ba.”
9Isarele pɛ Joram, de Judah pɛ wom, ko woli de Edom pɛ wom ma zaŋe ba kɛ de ba nɔɔna bam. Ba maama ma kwei da yarepɛ ba kaare kagoa kam wone pa se na daa tera se ba de ba vara bam nyɔ.
10Pɛ Joram ma laare o we, “Lɛɛro yi debam! Baŋa Wɛ lage o kwei debam pwa batɔ banto mo o ke Moaba tiina bam jeŋa ne se ba di debam!” 11Pɛ Jehosafate ma bwei o we, “Baŋa Wɛ sampwora wora ywo-seeni se dé bwei‑o dé lɔre Baŋa Wɛ boboŋa na?” Pɛ Joram tontoŋeno wodwoŋi ma leiri o we, “Safate bu Elisa mo wora. Wonto déem mo yeini o bwola de Elija ye o woli‑o.” 12Pɛ Jehosafate ma ta o we, “Ko ná ye konto, Baŋa Wɛ kwora yeini ka yi wonto mo chekke”. Pwa batɔ bam maama ma zaŋe ba vo Elisa tei.
13Elisa ma ta de Isarele pɛ Joram o we, “Debam jege bɛ mo se dé ke daane? Véi n bwei n kwo de n nu sampwori sem se ba woli‑m.” Joram ma leiri o we, “Aawo! Ko ye Baŋa Wɛ mo kwei debam pwa batɔ banto o ke daane se o daare o kwei debam o ke Moaba tiina bam jeŋa ne.” 14Elisa ma leiri o we, “Paŋwa Tu Baŋa Wɛ na seene o ŋwe ye a ye o tontoŋeno to, amo dugi o yere ŋwaane we, ko ná dae a na nege Judah Pɛ Jehosafate, amo ya ba lage a nii n seeni kɔtaa. 15Nam bwoŋi-na wolo na yei kɔnɔ tam to á pa-ne.” Kokuri to, nɔɔno déem ná yeini o ta kɔnɔ mo Baŋa Wɛ dam dem wó ba Elisa baŋa ne. 16Elisa ma ta o we, “Baŋa Wɛ na tage kolo to mo tento: ‘Ko-na gwonnu á tiŋi nabare-kora kanto ne. 17Kokuri to, amo na wó ke tei to, abam bá na doa, ye vio de bá dole. Ko daare na wó ba ba su bwolo konto se abam de á nɔɔna bam maama de á vara bam taa nyɔa.’ 18Keim dento ye mɔle mo Baŋa Wɛ tei ne. O daa ta wó kwei Moaba tiina bam o ke abam jeŋa ne. 19Abam wó vo á wane ba dam jei sem maama de ba te-fwaaro tem. Á ta wó gwoni ba tei-ŋonno tem á de tega ne ye á daare á se ba buli-yia yam de. Á ta maa wó lwo kandwa á chɔge ba tega kalo maama na lana to.”
20Tega na poore se ko maŋe de zezeŋa kaanem dem to mo na seene ba zege Edom laŋa kam seeni ba ba ba tagele tega kam maama.
21Moaba tiina bam na nigi we pwa batɔ bam mo ke ba jar-keira daane ba ba se ba kwaare jara de-ba to, ba ma bwoŋi balo maama na yei jara keim to, nɔn-donno de nɔn-kweero de, pa se ba vo ba laŋa kam siseini ba zege da. 22Tega na poore tetete ye Moaba tiina bam zaŋe to, ba ma tole ba na na bam na tigi bwolo kom ne tei to. Wea maa nyeene na bam baŋa ne pa se ko nye de jana mo to. 23Ba ma laare ba we, “Jana mo tento! Ko wó taa ye pwa bam de ba jar-keira bam mo jaŋe ba go daane. Nam pa-na se dé laam vo dé vere ba wonnu maama dé taa tei.”
24Moaba tiina bam na yɔɔre ba yi Isarele jar-keira bam na tigisi daane mɛ to, mo Isarele jar-keira bam nwoŋi ba kwaare jara de-ba. Ba ma zeili-ba pa se ba duri ba jwoori ba teo. Ba ma pare-ba taa ye ba go Moaba tiina dedɛ. 25Ba déem chɔge ba teene dem mo. Isarele nɔɔna bam dedoa dedoa ma dole kandwa ba faare Moaba te-ywoŋa kam maama ba chɔge. Ba ma se ba buli-yia yam maama ba daare ba gwoni ba tei-ŋonno tem maama ba de tega ne. Kiri-Heresi teo kom yerane ya mo daare ko zege puna. Isarele jar-keira laam ma vo ba gilimi-ko ye ba daare ba ma napane ba dole kandwa ba ma ba chɔge-ko.
26Moaba teo pɛ na maane we o lage o to jara yam wone to, o ma ja balo na yei se-zɔɔ jara keim to nɔɔna bia yarepɛ o vo se ba wane ba mage ba dona bam ba kɛ ba yi Edom pɛ wom na wo mɛ to ye ba ga. 27O laam ma ja o bu-kwea kalo ya na wó leiri o yuu ne o ji pɛ to o ma o ke zwɛɛm kaanem teo kom kabira kam baŋa ne. Keim dento déem ma tiini de daane Isarele tiina bam pa se ba pipiri ba jwoori ba tete teo ba daare Moaba teo pɛ de o nɔɔna bam.",https://www.bible.com/bible/3661/2KI.3.KBG
2 PWA 4,"Elisa na woli kadeim wodwoŋi tei to
1Kaane wodwoŋi déem mo wora, o na ye Wɛ sampwori sem dedoa kaane. Dɛ dedwe o ma zaŋe o vo Elisa tei o ŋwane o we, “Amo tu, a baro wom tega ye o ya tɔge nmo kwaga. Nmo maŋe n yei o na yeini o kɔre Baŋa Wɛ tei to. O ya na di jene nɔɔno wolo tei ne to nam mo tu se o jwoŋi a bakeiri sem selei o vo o ma o ji o kabɛ se o ma o yiri jene dem.” 2Elisa ma bwei‑o o we, “Woŋo wora amo na wó wane a ke a woli‑m na? Nam ta n bere-ne, bɛ mo n daare n yage sɔŋɔ ne?” Kadeim wom ma leiri o we, “Amo tu, kolokolo tera ko ná dae kabɔɔ de ka wo nuga fenfee yerane.”
3Elisa ma ta de kadeim wom o we, “Tole sane delo na bwola de nmo to se n jene kunkwollu ba tei ne. Pa se te taa daga dedɛ. 4Kwei kunkwollu telo n na nɛ to n zo diga n pe ka ni, se nmo de n bia balei bam taa wora. Nmo ma‑n wó pwori nuga kam n ke kunkwollu tem wone. Kunkwolo kolo ná sua, se n zege-ko dáane.”
5Kadeim wom ma jwoori sɔŋɔ o pe o ni diga wone, o de o bia bam. Ba maa jaane kunkwollu tem ba vei ba pa‑o ye o lɛɛre nuga kam te wone. 6Kunkwollu tem maama na su to, o ma ta bia bam se ba ja tedwonna ba ba ba pa‑o. Ba dedoa ma leiri o we, “Mo te maama.” O na tage konto to mo kabɔɔ kam wo nuga kam ti. 7Kadeim wom ma vo o ta ko na ke tei to o bere Wɛ tontoŋeno Elisa. Elisa ma ta ded‑o o we, “Véi n kwei nuga kam n yeigi n ma n ŋwe jene dem. Sabu ta ná daare, ko wó woli nmo de n bia bam se á na á ni-wodiu.”
Sunem tiina kaane wodwoŋi taane
8Dɛ dedwe mo Elisa déem vei Sunem. Kaane wodwoŋi maa zoore da ye o ye nadum. O ma bwoŋi Elisa o sɔŋɔ ne se o di wodiu. Ko na zege dɛ dem konto ne to, maŋa kalo maama Elisa ná vei Sunem, o yeini o di kaane wom konto sɔŋɔ ne mo. 9Kaane wom ma ta de o baro o we, “Nii mo. Amo maane we nɔɔno wonto na yeini o tui debam tei to ye Baŋa Wɛ tontoŋeno mo chekke. 10Nam pa se dé lɔ di-balaŋa nayuu kom ne se dé daare dé zege kadwogo, de tabolo, de yituŋu, de min-zwoŋo da. Konto wó woli Wɛ tontoŋeno wom se, o ná yeini o ba, se o na peiga jei.”
11Dɛ dedwe mo Elisa jwoori Sunem. O ma di o zo nayuu diga kam se o peini. 12O ma ta de o tontoŋeno Gehazi o we, “Véi n bwoŋi kaane wom n pa-ne.” Gehazi ma seene o bwoŋi kaane wom pa se o ba o zege Elisa yiga ne. 13Elisa ma ta de Gehazi se o lwoni o ta kaane wom we, “Nii nmo na pɛ n yera chɛ se n ma‑n woli debam tei! Debam nam wó ke bɛ mo dé ma dé zeini nmo? Dɛ delo amo wó wane a ta n lanyerane a bere pɛ wom naa jar-keira yiga tu wom.” Kaane wom ma leiri o we, “Yé daane n tete, amo na zoore de a sɔŋɔ tiina to ŋwaane.”
14Elisa laam ma bwei Gehazi o we, “Bɛ nam mo maŋe se a ke a pa kaane wom?” Gehazi ma leiri o we, “Kaane wom ta wo loge bu. O baro de ma tiini o kwe lanyerane.”
15Elisa ma ta de Gehazi o we, “Bwoŋi kaane wom se o jwoori o ba.” Kaane wom ma ba o zege diga kam ni ne. 16Elisa ma ta de kaane wom o we, “Bene tento wɛɛne nmo wó lo bakeira.” Kaane wom maa wo sɛ ye o we, “Amo tu, yé gane-ne, se n ye Wɛ tontoŋeno mo.”
17Bene na jwoori de yi to, kaane wom ma seene o ja puga o lo bakeira. Ko déem ke ne Elisa na wuuri o ta tei ded‑o to mo.
18Bu wom na ke nɔɔno fee to mo dɛ dedwe o zaŋe o vo o kwo tei kara ne maŋa kalo o kwo wom de tontoŋena badwonna na wora ba zage mena to. 19Bu wom ma pɔpɔ o laare bedwe baŋa ne de o kwo o we, “A yuu wɔe ywoo! A yuu wɔe ywoo!” O kwo ma ta de o tontoŋeno wodwoŋi o we, “Ja bu wom n vo o nu tei.” 20Tontoŋeno wom ma teili bu wom o ja o vo o ke o nu wom jeŋa ne. Bu wom ma maŋe o nu nɛ baŋa ne o jeini. Wea na yi yupare baŋa maŋa kalo to mo bu wom tega. 21Kaane wom ma ja o bu wom o di nayuu kom o zo Elisa diga o tiŋi‑o kadwogo kom baŋa ne. O ma nwoŋi o ja diga kam ni o pe o yage bu wom da. 22Kaane wom ma bwoŋi o baro o ta ded‑o o we, “Ja, pa se n tontoŋena bam dedoa ja bonaga o ba, se dé da daane dé vo Wɛ tontoŋeno wom tei, se dé jwoori lela.”
23O baro wom ma ta‑o o we, “Bɛ mo ke ye n lage se n vo zem? Chan-doŋa ta wo nwoŋi. Ko maa dae siu dɛ.” Kaane wom ma leiri‑o o we, “Ko ye yazura mo.” 24O ma ti bonaga kam yiga ye o daare o ta de tontoŋeno wom o we, “Pa dé kɛ. Ta‑n pae bonaga kam zaara. Nam yé pa se dé taa vei mɛmɛ ko ná dae we a tage‑m se n ke konto.” 25Kaane wom ma vo o yi Kamele peo kom mɛ Wɛ tontoŋeno Elisa na wora to. Elisa ma tole o na‑o yiga yiga ye o ta de o tontoŋeno Gehazi o we, “Nii Sunem tiina kaane wom na maa beene. 26Ke lela n duri n jeeri‑o n bwei‑o n nii, yazura mo o vei na? Bwei‑o n nii o baro de o bu yazura na ye tei to.” Kaane wom ma leiri Gehazi o we, ko ye yazura mo.
27Kaane wom na yi Elisa tei Kamele peo kom yuu ne to mo o to o yiga ne o ja o naga. Gehazi ma fɔɔre o yi se o vaŋe‑o o yage dáane. Elisa ma ta o we, “Yage o yera! O wo tiini ko chɔge mo ye o ba. Baŋa Wɛ nam wo tage kolo na daane‑o to o bere-ne.”
28Kaane wom ma ŋwane Elisa yiga ne o we, “Amo tu, a wo tage we n pa-ne bu. Konto mo a ya taga a we n yé gane-ne to.”
29Elisa ma ta de Gehazi o we, “Fɔge n vɔ n gare-kura kiri-kiri n daare n kwei a nacheiga kam n duri lela n kɛ. Nam yé ware nɔɔn-nɔɔno chwoŋa yuu ne. Nɔɔno ná ware‑m, se n yé leiri‑o. N ná yi da se n kwei a nacheiga kam n daŋe bu wom yibia ne.” 30Kaane wom ma ta de Elisa o we, “Ŋwea Tu Baŋa Wɛ na seene o wora to, amo dugi wonto yere ŋwaane, de nmo tete ŋwea ŋwaane we, amo bere a bá yage‑m.” Elisa ma zaŋe se ba tɔge daane ba kɛ.
31Gehazi ma lwoori yiga o vo o yi da ye o daare o kwei nacheiga kam o daŋe bu wom yibia ne ye bu wom wo gigiri o tete. O ma jwoori o vo Elisa tei o ta ded‑o o we, “Bu wom ta wo zaŋe.”
32Elisa na yi sɔŋɔ kom o zo o diga kam to mo o nɛ bu wom na tege o tigi o kadwogo baŋa ne. 33O ma pe diga kam ni ye o lwoori Baŋa Wɛ o yerane. 34Elisa ta ma zaŋe o yi kadwogo kom baŋa, o peini bu wom baŋa ne pa se o ni dem yɔɔre bu wom ni, ye o yia yɔɔre o yia. O ma daare o lware o jea pa ya yɔɔre o jea. O na lware o tete o peini bu wom baŋa ne konto to mo bu wom yera lone. 35Elisa ma zaŋe o kekare diga kam wone ye o daa jwoori o vo o lware o tete o peini bu wom baŋa ne. Bu wom ma te kuni berepɛ ye o daare o puri o yia. 36Elisa ma bwoŋi Gehazi ye o ta ded‑o se o bwoŋi Sunem tiina kaane wom o pa‑o. O na bwoŋi nu wom pa se o yi to, Elisa ma ta ded‑o o we, “Jwoŋi n bu.” 37Kaane wom ma zo o to Elisa nɛ baŋa ne ye o vwi o yibia tega ne. O ma seene o jwoŋi o bu o viiri.
Wo-kenkagela yalei taane
38Elisa ma jwoori o vo Giligal. Da-kore déem maa zege jei sem konto ne. Dɛ dedwe o de Wɛ sampwori kɔgɔ kom ma jeeri daane se ba zamese. O ma ta de o tontoŋeno wom o we, “Kwei kambi-zaŋa n teini mini ne n saŋe dwoa n pa nɔɔna bam.”
39Ba kɔgɔ kom wo nɔɔno dedoa ma zo gaao se o gwoni dwo-vɔɔro. O ma na kunkwol-chɛɛra o pɛ o su o gɔrɔ ni o jwoori. O ma gwoni te maama o woli dwoa balo na wo kambia kam wone to, ye o wo lɔre te na ye wonnu telo. 40Ba laam ma kwei dwoa bam ba maŋe ba pa daane. Nɔɔna bam na yɔɔre ba laŋe wodiu kom to, ba ma laare ba we, “Keitaa! Dé tu, Baŋa Wɛ tontoŋeno, chɔŋɔ mo ba ke wodiu kom wone!” Ba maa wo ware-ko ba di.
41Elisa ma ta o we, ba ja muni ba ba ba pa‑o. O ma kwei-de o ke kambia kam wone ye o we, “Jwoori n ke wodiu kom n pa nɔɔna bam se ba di.” Ba ma seene ba di ye ko daa wo bwei-ba.
42Dɛ dedwe mo nɔɔno wodwoŋi zege Baal-Salisa ne o ja o wodiiru telo na lwoori yiga te ke to o ba o pa Wɛ tontoŋeno Elisa. Bworobwooru finlei, de men-zwaro telo o na ke ywolo wone to mo konto. Elisa ma ta de o tontoŋeno wom o we, “Kwei n pa nɔɔna bam se ba di.” 43Tontoŋeno wom ma leiri o we, “Ba ye nɔɔna bi mo. Wodiu konto wó wane ko yi-ba na?” Elisa ma jwoori o ta o we, “Kwei n pa-ba se ba di. Kokuri to Baŋa Wɛ mo taga o we, ba wó di ba su ba daare.” 44Tontoŋeno wom déem ma seene o kwei wodiu kom o pa-ba pa ba di ba daare, ne Baŋa Wɛ na maŋe o ta tei to.",https://www.bible.com/bible/3661/2KI.4.KBG
2 PWA 5,"Naaman jaweo kom na jei tei to
1Nɔɔno wodwoŋi déem mo wora, o yere mo Naaman. O maa ye Siria tiina pɛ wom jar-keira yiga tu. O ye dedɛɛro mo ye o kikia su pɛ wom yi lanyerane, Baŋa Wɛ na dɛ o baŋa o woli Siria tiina pa se ba di ba dona jara wone to ŋwaane. Konto to, o ye babea na yei jara keim chekke to mo. De ko de, o déem ye nayɔŋɔ mo.
2Siria teo kom jar-keira déem yeini ba zo Isarele laŋa kam ba ke jara ba vere wonnu ye ba jwoori sɔŋɔ. Ba déem ma vo ba ja Isarele tiina busankana kadwoŋi. Ba ma ja‑o ba vo ba pa Naaman kaane se o taa ye o ka-nyaane. 3Dɛ dedwe, busankana kam ma ta de Naaman kaane o we, “A nu, nmo baro wom ya ná wae o vei Wɛ sampwora kalo na zoore Samaria ne to tei, wonto ya wó pa o na yazura de naywaane jaweo kom.” 4Naaman na nigi konto to, o ma vo o ta kolo Isarele tiina busankana kam na tage to o bere o tu wom. 5Siria tiina pɛ wom ma leiri o we, “Tɔ. Véi se n na nɔɔno wom konto. Amo wó popone tɔnɔ nmo ŋwaane se n ja n vo n pa Isarele teo pɛ wom.”
Naaman ma la lu-nyenno kilo bia yatɔ de finna (340), de sabu-seŋa kilo fuserepɛ (70), ko woli de gare-bia fuga. O laam ma zaŋe o ja-te o kɛ. 6O ma kwei tɔnɔ kom o vo o pa Isarele teo pɛ wom. Kolo na popone ko wone to mo tento: “Tɔnɔ konto ye se ko bere we amo mo toŋe a tontoŋeno Naaman se o ba nmo tei, se n yɔɔre o naywaane jaweo kom n pa‑o.”
7Isarele teo pɛ wom na gage tɔnɔ kom o ti to, mo o jaane o gɔrɔ o kaare ye o we, “Amo ye Wɛ mo se a wane a pa nɔɔno momwɛ ti, ye a daare a pa wodwoŋi na ŋwea na? Bɛ mo ye Siria teo pɛ toŋe nɔɔno wonto se o ba amo tei se a yɔɔre‑o? Nii-na o na beeri woŋo se o da ko baŋa o ja jara de amo tei!”
8Wɛ tontoŋeno Elisa na nigi kolo na ke ye Isarele tiina pɛ wom kaare o gɔrɔ to, o ma toŋe ni dento o pa‑o ye o we, “Bɛ mo pɛ se n ja n gwaaro n kaare? Toŋe nɔɔno wom se o ba amo tei se a pa o lɔre we, Wɛ sampwora seene o wo Isarele teo ne.” 9Naaman laam ma ja o sisei sem de se torokooro tem o vo o zege Elisa diga ni ne. 10Elisa ma toŋe o tontoŋeno se o vo ta de Naaman we, “Nam véi n swɛ n yera kuni berepɛ Jɔdan buga kam wone, se n ya-nɔna yam laam wó kwɛ ye n jaweo kom jei.”
11Naaman na nigi konto to, o bane ma zaŋe dedɛ. O ma varege ye o we, “Nii mo! A ya boŋe we Elisa tete mo wó nwoŋi o ba o zege amo yiga ne o bwoŋi o Tu Baŋa Wɛ wom yere, se o daare o yeese o jea a ŋɔna yam baŋa ne o yɔɔre amo. 12Abana de Farepa bwi sem na wo Damasika ne to ba gare Isarele bwi sem maama na? A ya wae a swɛ a yera bwi sento wone ye a ya-nɔna kwɛ.” 13Naaman tontoŋena ma fɔɔre ba yi o tei. Ba dedoa ma ta ded‑o o we, “A kwo, sampwora kam ya ná we n toŋe totoŋ-chɛɛre, nmo bá‑n ke na? O nam na tage kolo to dae mɔle ko pa‑m na? O we n swɛ n yera se ya kwɛ. Ko dae konto mo na?” 14Naaman laam ma seene o tu o misi o tete Jɔdan buga kam wone kuni berepɛ, ne Wɛ tontoŋeno wom na taga tei to. O ya-nɔna yam ma jwoori ya kwɛ lanyerane nenɛɛne bakeiri-pwola yera na ye tei to, ye o jaweo kom jei.
15Naaman de o nɔɔna bam maama ma jwoori ba vo Wɛ tontoŋeno Elisa tei ba zege o yiga ne. Naaman ma ta de Elisa o we, “Amo zem laam tu a lɔre we Isarele tiina Wɛ wom yerane mo ye wɛ chekke logo baŋa maama wone. Jan ja, amo tu! Sɛ se n jwoŋi a pɛɛra yam.” 16Elisa ma leiri o we, “Ŋwea Tu Baŋa Wɛ na seene o wora ye a toŋe a pa‑o to, amo dugi wonto yere ŋwaane we, amo bá jwoŋi kolokolo nmo tei ne.” Naaman ta ma lwoori Elisa o ga se o jwoŋi pɛɛra yam o tei ne. 17Naaman ma ta o we, “Amo tu, nmo na tage we n bá‑n sɛ se n jwoŋi kolokolo a jeŋa ne to, nam pa-ne chwoŋa se a pɛ teero ywo-seeni se te yi bona-sisei selei na wó wane se zeŋe tei to, se a ja a viiri. Kokuri to, ko zege zem se ko taa via, amo daa bá ke kaanem naa zwɛɛm pɛɛra a pa wɛ dedwoŋi, ko ná dae Baŋa Wɛ yerane. 18Amo nam lwoori Baŋa Wɛ se o duri a yibwona keim dento ŋwaane: amo ná dɛ de a tu Siria teo pɛ a zo Rimon jwoni diga kam se o zuli-de, ye pɛ wom ná sale a yera ne, ye amo de da a tiiri tega ne ded‑o, se Baŋa Wɛ yage o chɛ-ne.” 19Elisa ma leiri o we, “Nam véi, se Wɛ wó pa‑m yazura.” Naaman ma viiri.
Naaman na vei o yi yiga fee to, 20mo Elisa tontoŋeno Gehazi taga o tete ne we, “Ta‑n nii tei. Amo tu Elisa yage Siria tu wom mo se o viiri konto mɔle mɔle, ye o wo jwoŋi pɛɛra yam o jeŋa ne de fenfee de. Ŋwea Tu Baŋa Wɛ na seene o wora to, a dugi wonto yere ŋwaane we amo tete mo wó pare Naaman a jwoŋi woŋo o tei ne.” 21Gehazi ma ke lela se o vo o yi‑o. Naaman na tole o na nɔɔno na duri o beene o tei to, o ma zege o toroko kom baŋa o faŋe o chu tega ne o vo o jeeri‑o. O ma bwei‑o o we, “Yazura mo n vei na?” 22Gehazi ma leiri Naaman o we, “Ko dae wo-lɔŋɔ. Ko ye amo tu Elisa mo toŋe-ne se a ta dede‑m we, Wɛ sampwori kɔgɔ kom nɔn-donno telei mo zege Efrayim zwonnu laŋa kam ne ba yɔɔre ba yi o sɔŋɔ leile konto. O nam lage se n kwei lu-nyenno kilo fintɔ-tenu (35), ko woli de gare-bia balei mo n pa-ba.”
23Naaman ma leiri o we, “Amo tei ne, a lage a pa‑m lu-nyenno kilo fuserepɛ (70) mo.” O ma kwoori Gehazi pa se o jwoŋi. O ma kwei lu-nyenno tem o ke ywollu telei wone o vɔ. O ta ma kwei gare-bia balei bam o woli da. O laam ma toŋe o tontoŋena balei se ba zeŋe zela yam ba tɔge Gehazi yiga ba taa via. 24Ba na yi peo kom yuu mɛ seeni Elisa na zoore to, Gehazi ma jwoŋi zela yam ba jeŋa ne o seigi o tete diga ne, o daare o bane Naaman tontoŋena balei bam pa se ba jwoori ba viiri.
25Gehazi ma zo o zege Elisa tei ne. Elisa ma bwei‑o o we, “Gehazi, nmo ya vei yei ne mo?” Gehazi ma leiri o we, “Amo tu, a wo vei jei jei.” 26Elisa ma ta ded‑o o we, “Nmo wo lɔre we maŋa kalo Naaman na zege o toroko kom baŋa ne o chu o jeeri‑m to, amo jworo ya wora mo na? Kanto dae maŋa se n jwoŋi sabu, de gwaaro, de Olivi teeni kare, de Vini teeni kadwi, de pei, de nabɛ, de tontoŋena, de ka-nyaana. 27Nmo nam na ke konto to, ta‑n yei we Naaman naywaane jaweo kom wó ba nmo tete, de n bia, de dwi delo na wó saŋe n kwaga to baŋa se ko taa vei wuu.” Gehazi na nwoŋi pwooni yiga to mo o jigi nayɔŋɔ. O yera ma peere cha ne lɔŋɔ dwoŋi to.",https://www.bible.com/bible/3661/2KI.5.KBG
2 PWA 6,"Dwooru na puki na baŋa ne tei to
1Dɛ dedwe mo Wɛ sampwori kɔgɔ kom taga de Elisa ba we, “Dé tu, jeiga kalo debam na zoore ye n nii dé baŋa ne to daa ba daga ka pae debam. 2Konto to, pa debam chwoŋa se dé vo Jɔdan buga kam ni dé beeri jeiga kadwoŋi se dé taa zoore da. Dáane debam maama wó wane dé gwoni dɛ dé ma dé che jei se ko taa daga.” Elisa ma leiri-ba o we, “Véi-na á ke konto.”
3Sampwori sem wone dedoa ma ta de Elisa o we, “Jan ja, tɔge dé kwaga se dé vo.” Elisa ma leiri o we, “Tɔ. Amo wó tɔge a vo.”
4Ba ma vo ba yi Jɔdan buga kam ni, ye Elisa de tɔge o wora. Ba ma bobo se ba gwoni teeni dem. 5Ba dedoa na wora o gwoni tio naga to mo o dwooru wom le o to buga kam wone. O ma laare de kwor-dɛa o we, “Woo! Amo tu Elisa, dwooru wom ye a jene‑o mo.” 6Wɛ tontoŋeno Elisa ma bwei‑o o we, “Ko le ko to yei ne mo?” O ma bere‑o ko na to mɛ to. Elisa ma gwoni tio naga o de buga kam wone. O keim dem konto ma pa se dwooru wom puki na bam baŋa ne. 7Elisa ma ta de nɔɔno wom o we, “Laare n kwei-ko.” Nɔɔno wom ma tei o jeŋa o le-ko.
Elisa chege Siria jar-keira bam
8Maŋa de maŋa Siria teo pɛ déem yeini o kwaare jara de Isarele tiina bam mo. O ma yeini o bane de o nakwa ye o we, “A laga se dé jeeri-ba ywo naa ywo mo.”
9Wɛ tontoŋeno Elisa de déem ma yeini o toŋe ni o pa Isarele pɛ wom we, “Yé zaŋe n twɛ jeiga kam konto, se Siria jar-keira bam mo vei ba gilimi da.” 10Konto baŋa ne Isarele teo pɛ ma yeini o toŋe ni mɛ seeni Wɛ tontoŋeno wom na tage to se ko jeiga kam nɔɔna bam taa fɔge ba cho ba tete. Ko déem ke konto mo kuni dedɛ.
11Siria tiina pɛ wom boboŋa déem vugimi de keim dem konto. O ma bwoŋi o dedɛɛra bam ye o bwei-ba o we, “Abam wone wɔ tete mo nwoŋi a kwaga ne se o woli Isarele tiina pɛ wom?” 12Dedɛɛra bam wone dedoa ma leiri o we, “Dé tu, ko dae debam wolowolo mo ke konto. Ko ye Isarele tu Elisa wolo na ye Wɛ sampwora to mo tɛ woŋo maama o bere Isarele tiina pɛ wom. O bere o yei nmo na tɛ kolo maama n diga ne to de.” 13Pɛ wom ma ta o we, “Véi-na á beeri Elisa jei se a pa nɔɔna vo ba ja‑o.” Ba ma nii ba na‑o ye ba daare ba ta de pɛ wom we, “Elisa wo Dotan ne mo.” 14Pɛ wom ma toŋe o jar-keira dedɛ, de ba sisei, de ba torokooro se ba vo jeiga kam konto. Tete ne ba ma vo ba yi Dotan, ye ba kaare teo kom ba pu.
15Tega na poore tetete to mo Elisa tontoŋeno wom zaŋe o nwoŋi pwooni o na we jar-keira, de ba sisei, de ba torokooro mo kaare teo kom maama ba pu. O ma vo o ta de Elisa o we, “Woo, amo tu, lɛɛro yi debam! Dé nam wó ke tɛ mo?” 16Elisa ma leiri‑o o we, “Yé ta‑n kɔre foone, se balo na wo debam tei ne to daga ba dwoi balo na wo banto tei ne to.” 17Elisa ma lwoori Wɛ o we, “Baŋa Wɛ, puri a tontoŋeno wom yia se o wane o na amo na tɛ kolo to.” Baŋa Wɛ ma seene o puri nɔn-doŋo wom yia pa o nii o na we, sisei kɔgɔ kɔgɔ de torokooro dedɛ na jege min-vogo to mo faare peo kom maama te gilimi Elisa.
18Siria jar-keira bam ma fɔɔre ba yi se ba ja Elisa. Elisa ma lwoori Baŋa Wɛ o we, “A lwoori‑m se n pa nɔɔna banto maama yia dwei.” Baŋa Wɛ ma seene o pa se ba yia dwei, ne Elisa na lwoori‑o tei to. 19Elisa ma vo ba tei ye o ta-ba o we, “Abam tusi chwoŋa mo á ba teo konto wone. Tɔge-na amo kwaga se a ja abam a vo a bere wolo á na beeri to.” O ma ja-ba o vo Samaria.
20Ba na yɔɔre ba yi Samaria ba zo teo kom wo to mo Elisa lwoori Wɛ o we, “Baŋa Wɛ, puri nɔɔna banto yia se ba jwoori ba taa nae.” Baŋa Wɛ ma seene o ke konto pa se ba nae. Ba ma na we ba tu ba wo Samaria teo wone mo.
21Isarele tiina pɛ wom na nɛ-ba to, o ma bwei Elisa o we, “Amo tu, chwoŋa wora se a go-ba na?” 22Elisa ma leiri o we, “Aawo! Yé go-ba. Ko ná maŋe ko ye nɔɔna balo nmo na wane jara wone n ja to, n dae se n go-ba. Nam pa-ba wodiu se ba di se ba daare ba nyɔ na. Ba ná ti, se n pa-ba chwoŋa se ba jwoori ba tu wom tei.” 23Pɛ wom ma ke wodi-fɔrɔ kuri o pa-ba. Siria jar-keira bam na di ba ti to, o ma pa ba viiri. Ba ma jwoori ba vo ba tete pɛ wom tei. Keim dem konto kwaga ne, Siria tiina bam daa maa wo jwoori ba zo Isarele tiina laŋa kam se ba vere ba wonnu ba ja ba viiri.
Siria tiina kwaare jara de Samaria teo
24Konto kwaga ne mo Siria teo pɛ Ben-Hadadi ke o jar-keira kɔgɔ kom maama o ke daane pa se ba vo Samaria ba kwaare jara de Isarele tiina bam. 25Ba ma vo ba kaare Samaria teo kom taa ba pu. Ko ma pa se kana tiini ka zo teo kom. Bonaga yuu kwora déem ye lu-nyenno sabu-dala funɔnɔ mo. Kunkwon-puura beinnu bɔŋa balaŋa maa ye lu-nyenno sabu-dala yanu.
26Isarele tiina pɛ wom déem na tɔge teo kom kabira baŋa o maa kɛ to, mo kaane wodwoŋi laare de kwor-dɛa o we, “Jan ja, amo tu, zeini-ne!” 27Pɛ wom ma leiri‑o o we, “Baŋa Wɛ yerane ná wo zeini‑m, amo laam ke titigiro mo. A jege mena mo naa a jege sana mo?” 28O ta ma bwei kaane wom o we, “Bɛ mo daane‑m?” Kaane wom ma leiri o we, “Kaane wodwoŋi ya mo taga de amo se a ja a bu a go se dé maama di, se dɛ dedwoŋi ne o de daa ja o bu o go se dé maama di. 29A ma seene a go a bu wom a daare a saŋe‑o pa se dé maama di. Tega na poore to, a ma ta ded‑o se o de ja o bu wom o go se dé di. Kaane wom ma ve ye kwei o bu wom o seigi.”
30Pɛ wom na nigi kaane wom taane dem to, o ma vaŋe o gwaaro o kaare wo-chechɔgɔ ŋwaane. O ta na dɔge kabira kam yuu ne o vei to, nɔɔna ma kwoni ba nii ba na o gwaaro tem na kaare mɛ seeni ye o zo gare-nyenyaaro te kuri ne to. 31Pɛ wom ma du duuri o we, “Amo ná wo gwoni Safate bu Elisa yuu zem dɛ dem ne, se Wɛ ti a momwɛ.”
32Elisa déem maa jei o sɔŋɔ ne de Isarele teo nakwa ye ba lara. Pɛ wom ma toŋe o tontoŋeno se o vo o bwoŋi‑o. Tontoŋeno wom ta na wo yi to, Elisa ya maŋe o ta de nakwa bam o we, “Á wo nɛ na? Nɔn-goro wonto mo toŋe nɔɔno se o ba o gwoni a yuu. Nii-na, o tontoŋeno wom ná yia, se á ja bworru tem á pe‑o á yage pwooni yiga ne. Ko nam bá dáane ye pɛ wom tete saŋe o kwaga o ba.”
33Elisa ni wo to tega ne de tontoŋeno wom na yi o tei. Pɛ wom de ma yi ye o we, “Lɛɛro tento maama na tu de baŋa to ye Baŋa Wɛ yiga mo. Amo nam wó cheigi tento a vo a maŋe yein-seeni mo se Baŋa Wɛ laam ba o zeini debam?”",https://www.bible.com/bible/3661/2KI.6.KBG
2 PWA 7,"1Elisa ma leiri o we, “Nam cheigi Baŋa Wɛ kwora. Baŋa Wɛ na tage kolo to mo tento: Jwa kanto maŋa ne ba wó taa jege mun-bwei bɔŋa ba yeigi mɔle mɔle sabu-dale dedoa mo Samaria yaga ne. Chaara bwɛ selei de wó yeigi sabu-dale dedoa.” 2Dedɛɛro wolo na tiini o bwola de pɛ wom to ma ta de Wɛ tontoŋeno Elisa o we, “Baŋa Wɛ tete ná maŋe o pore wɛyuu kom se doa tiini ka ne mo de, konto bá wane ko ke.” Elisa ma leiri‑o o we, “Nmo tete yi wó na ko na wó seene ko ke tei to. Nmo nam bá da n laŋe wodiu kom.”
Siria jar-keira bam na viiri ye ko daare ko ke tei to
3Baara bana déem mo jei Samaria teo manchwoŋo kom ni ne ba na ye naywanno. Ba ma ta ba bere daane ba we, “Debam wó taa jei ywo-seeni se toone ja debam wo bɛ mo? 4Dé ná we, ‘Pa-na se dé zo teo kom wo,’ kana wó go debam dáane. Dé nam ná maŋe ywo, de ta wó te mo. Nam pa-na se dé zaŋe dé vo Siria tiina jar-keira bam tei dé sɛ dé pa-ba. Ba wae ba yage debam se dé taa ŋwe. Ko nam ná dae konto, ba wó go debam ye ko ti.”
5Tega déem na lage ka yi to, ba ma zaŋe ba vo Siria tiina bam ya na tigisi daane mɛ to. Ba na vei ba yi jeiga kam to, ba ma nii ba na we nɔɔn-nɔɔno tera. 6Kokuri to Baŋa Wɛ ya pɛ se Siria tiina bam ni sɔɔ nenɛɛne torokooro de sisei na wuura ye jar-keira kɔgɔ kɔgɔ gwɛ tei to mo. Ba ma ta ba bere daane ba we, “Ko wó taa ye Isarele teo pɛ mo ware Hiti tiina de Ejipti tiina pwa se ba ba ba ke chichuŋu de debam.” 7Ko déem ma pa se foone zo-ba pa se ba duri tete dem konto ne ba jage da-yiga ne ba yage ba vwoa, de ba sisei, ko woli de ba bonɛ, de ba wonnu maama. Ba déem yage te maama puna mo se ba wane ba duri ba lu ye ba ta ŋwe.
8Naywanno tena tem na fɔɔre ba yi jei sem to, ba ma zo vwoa yam dedoa wone ba na wodiu ba di ba daare ba nyɔ na. Ba déem ta kwei Siria tiina bam lu-nyenno, de ba sabu-seŋa, ko woli de ba gwaaro ba ja ba vo ba seigi. Ba ta ma jwoori ba zo vwei dedwoŋi ba kwei wonnu tedwonna ba ja ba vo ba seigi. 9Ba ma ta ba bere daane ba we, “Kolo dé na jege dé ke to ba lana. Zem dɛ dem mo dé jege kwor-ywoŋa se dé tɔɔle dé pa nɔɔna maama, ye dé jege dé jei kafɛ yerane. Dé nam ná chem se tega poore, de wó ná waarem ko ŋwaane. Pa-na se dé ke lela dé vo pɛ sɔŋɔ dé ta kolo na ke to.”
10Ba ma jwoori ba vo ba yi teo kom manchwoŋo ni. Ba ma tɔɔle ba bere teo kom ni-yerena bam ba we, “Debam vei Siria jar-keira bam jei sem dé nii, ye nɔɔn-nɔɔno tera. Kolokolo sɔɔ de nam ba dɔna. Ba sisei sem, de ba bonɛ sem na leigi se zege tei to mo se na zega. Ba vwoa yam de maa na zege tei mo ya na zega.” 11Teo kom ni-yerena bam ma ja kwora kam ba vo ba ta ba bere pɛ sɔŋɔ ne. 12Pɛ wom ma zaŋe tete dem konto o ta de o tontoŋena bam o we, “Amo wó ta a bere abam Siria tiina bam na boŋe se ba ke kolo to. Ba na yei we kana lage ka go debam to mo ba yage ba vwoa yam ba daare ba vo ba seigi gaao wone. Ba maa boŋe ba we, debam wó nwoŋi dé beeri wodiu dé di. Debam maa ná ke konto, ba laam wó na chwoŋa ba ja debam ŋweene ba daare ba taa tei dé teo kom.” 13O dedɛɛra bam dedoa ma leiri o we, “Pa nɔɔna kwei sisei sem ta na daare to senu ba vo ba nii keim dento baŋa ne. Banto ná maŋe ba te ko ŋwaane, ko ta ye bedwe mo de balo maama na maŋe teo kom wone ye ba lage ba te to.”
14Ba ma le nɔɔna de torokooro telei de te sisei. Pɛ wom ma toŋe-ba se ba vo ba nii kolo na ke Siria tiina jar-keira bam to. 15Nɔɔna bam ma tɔge Siria tiina bam nɛ taa ba vo ba yi Jɔdan buga kam. Ba ma na Siria tiina bam na duri se ba lu ye ba kwei ba gwaaro de ba zela dedɛ ba de ba yage chwoŋa kam yuu ne tei to. Ba laam ma jwoori ba vo pɛ wom tei ba ta ba bere‑o ko na ke tei to.
16Teo kom nɔɔna bam ma ke lela ba nwoŋi ba vo Siria tiina vwoa yam jei ba pɛ ba zela de ba wodiiru maama. Ba déem ma seene ba jege mun-bwei bɔŋa ba yeigi sabu-dale dedoa dedoa. Chaara bwɛ selei de yeigi sabu-dale dedoa mo. Ko déem yɔɔre ko ke ne Baŋa Wɛ na maŋe o ta tei to mo.
17Ko nam ná ye dedɛɛro wolo na tiini o bwola de pɛ wom to, pɛ wom ya tiŋi‑o se o taa nii teo kom ni-yerena bam baŋa ne mo. Teo kom nɔɔna bam na duri ba maa nwoŋa to, ba ma nɔne dedɛɛro wom konto pa se o te manchwoŋo kom ni ne. Konto ma pa se Elisa na wuuri o ta kolo to ji chega. 18Kokuri to, Wɛ tontoŋeno Elisa ya maŋe o ta o bere pɛ wom o we, “Jwa kanto maŋa ne ba wó taa jege chaara bwɛ selei ba yeigi sabu-dale dedoa mo Samaria yaga ne. Mun-bwei bɔŋa de wó yeigi sabu-dale dedoa.” 19Pɛ dedɛɛro wom ya wo sɛ ye o we, “Baŋa Wɛ tete ná maŋe o pore wɛyuu kom se doa tiini ka ne mo de, konto bá wane ko ke.” Elisa de ya kaane‑o mo o we, “Nmo tete yi wó na ko na wó seene ko ke tei to. Nmo nam bá da n laŋe wodiu kom.” 20Konto nam mo yɔɔre ko ke‑o. Nɔɔna mo nɔne‑o manchwoŋo kom ni ne pa se o te.",https://www.bible.com/bible/3661/2KI.7.KBG
2 PWA 8,"Da-kore zege Isarele teo ne
1Elisa déem ya maŋe o ta de kaane wolo bu o na bi to o we, “Zaŋe n viiri, nmo de n diga tiina, se á wane á na jeiga kadwoŋi á ta‑á zoore da. Kokuri to, Baŋa Wɛ boboŋa jaane se o pa da-kore mo zege tega kanto baŋa ne bena yarepɛ.” 2Kaane wom ma seene o ke kolo maama Wɛ tontoŋeno wom na taga to. O de o diga tiina maama ma vo ba zoore Filisi tiina teo ne bena yarepɛ.
3Bena yarepɛ yam ni na ti to o ma zege Filisi teo kom ne o jwoori o tete teo. O ma vo o lwoori pɛ wom se o jwoori o jwoŋi o sɔŋɔ de o tega se o taa zoora. 4O na yi pɛ wom tei to, de pɛ wom ya jege lara de Gehazi wolo na ye Elisa tontoŋeno to. Pɛ wom ma ta de Gehazi o we, “Ta n bere-ne wo-kenkagela yalo maama Elisa na ke to.” 5Gehazi ma lwoni Elisa déem na pɛ se bu wodwoŋi bi tei to. O ta na wora o ŋɔɔne konto to mo kaane wom tete de o bu wolo Elisa na bi to yia. Kaane wom ya tu se se o lwoori pɛ wom o sɔŋɔ kom de o tega kam ŋwaane mo. Gehazi ma na ye o we, “Amo tu, kaane wolo a na tɛ o taane to mo tento. Bu wom Elisa na bi to de tete mo tento o yia.” 6Pɛ wom ma bwei kaane wom se o lɔre kolo na ke to. Kaane wom ma tole ko na ke tei maama to nywa o de o jea ne. Pɛ wom na nigi ko maama to, o ma bwoŋi o dedɛɛro se o nii kaane wom taane dem baŋa ne. O ma ta ded‑o o we, “Kolo maama ya na ye kaane wom nyem to se n kwei n jwoori n pa‑o, ko ta woli de o na gɛ nyɔɔre delo o tega kam ŋwaane, ko zege maŋa kalo o na viiri to se ko ba ko yi zem to de maama.”
Hazayeli go Ben-Hadadi
7Wɛ tontoŋeno Elisa déem ma vo Damasika. Siria tiina pɛ Ben-Hadadi maa ba jege yazura. Pɛ wom na maane we Elisa tu to, 8o ma ta de Hazayeli o we, “Ja pɛɛra n vo n ware Wɛ tontoŋeno wom se n daare n pa se o bwei Baŋa Wɛ o nii, amo wó wori na?” 9Hazayeli ma la zela yalo na wo Damasika ne ye te lana to dedɛ o daŋe kona finna baŋa ne o ja o vo se o pa Elisa. O ma zo o zege Elisa yiga ne ye o we, “Nmo bu Ben-Hadadi na ye Siria teo pɛ to mo toŋe-ne se a bwei a nii, o wó wori na?” 10Elisa ma leiri‑o o we, “Véi n ta ded‑o we, ‘Chega to, n wó wori.’ Baŋa Wɛ nam maŋe o veere o bere-ne we, o wó te mo.” 11Elisa ma yɔɔre o nii Hazayeli yibia ne zii pa se chaveera ja‑o. Elisa laam ma to keira ne. 12Hazayeli ma bwei‑o o we, “Amo tu, bɛŋwaane mo nmo keera?” Elisa ma leiri o we, “Amo yei lɛɛro telo na wó yi Isarele tiina bam nmo ŋwaane to. Nmo wó pa se mini di ba dam jei sem, n daare n go ba nɔn-donno jara wone. Nmo ta wó yigi ba bu-sese n de tega ne n go, ye n daare n lɔ ba kapwi sem ba pwi seeni n go. Konto ŋwaane mo a keera.” 13Hazayeli ma leiri o we, “A ye nabwom mo. Amo nyeene dento wó ke tɛ mo a toŋe totoŋ-kamunnu tento dwoŋi?” Elisa ma leiri o we, “Baŋa Wɛ nam veere o bere-ne we, n lage n di Siria teo paare mo.”
14Hazayeli ma zege Elisa tei ne o jwoori o vo pɛ wom tei. Ben-Hadadi ma bwei‑o o we, “Elisa tage bɛ mo dede‑m?” Hazayeli ma leiri o we, “O we, n wó wori.” 15Tega na yɔɔre ka poore to mo Hazayeli kwei gare-jale o de na wone o ma o peene pɛ Ben-Hadadi momwɛ o go. O na ke konto to, o ma lɛɛre o ji pɛ.
Judah teo pɛ Jehoram taane
16Isarele teo pɛ Ahab bu Joram bena yanu paare dim bene dem wone ye Jehosafate ta ye Judah teo pɛ to mo Jehosafate bu Jehoram bobo se o di paare Judah ne. 17O déem jege bena fintɔ-yalei mo ye o laam ji pɛ. O ma jeini Jerusalem ne o di paare dem o ke bena nana. 18Jehoram déem kwei Isarele pwa bam totoŋ-naga mo, nenɛɛne pɛ Ahab de o dwi dem na ke tei to, kokuri to o di Ahab bukɔ mo. Konto to, o déem toŋe lwarem o chɔge Baŋa Wɛ yiga. 19Baŋa Wɛ nam wo sɛ se o chɔge Judah dwi dem, bɛŋwaane o maŋe o gwoni ni de o tontoŋeno David we, o diga kam wó taa tei paare dem taa wuu.
20Jehoram paare dim maŋa ne mo Edom dwi dem ve se ba taa wo Judah pɛ wom dam kuri ne. Ba ma lɛɛre ba tiŋi ba tete pɛ. 21Jehoram ma ja o jar-keira de ba torokooro tem maama o vo se o li Zayiri teo. Edom tiina bam ma ba ba gilimi o de o nɔɔna bam ba ke tetare ne. Tete ne mo Jehoram de o dedɛɛra bam wane ba lu ba jeŋa ne. O jar-keira bam de ma pipiri ba duri ba jwoori sɔŋɔ. 22De zem maama Edom tiina ta ve mo se ba taa wo Judah tiina dam kuri ne. Libina teo tiina de déem ke konto dwoŋi mo.
23Jehoram déem na di paare ye o ke wonnu telo maama to, de o totoŋa yam maama, ba popone-te ba tiŋi Judah Teo Pwa Seina tɔnɔ kom wone. 24O ma te ye o vo o kwoa tei. Ba ma kwei‑o ba suli o kwoa bam yibeeli ne David teo Jerusalem ne. O toone dem kwaga ne o bu Ahazia ma leiri o yuu ne o ji pɛ.
Judah teo pɛ Ahazia taane
25Isarele teo pɛ Ahab bu Joram bena fuga-yalei paare dim bene dem ne mo Jehoram bu Ahazia bobo se o di Judah teo paare. 26O déem jege bena finlei-yalei mo ye o laam ji pɛ. O ma jeini Jerusalem ne o di paare dem o ke bene dedwe. O nu déem mo ye Atalia wolo na ye Isarele teo pɛ Omiri naa to. 27Ahazia déem kwei pɛ Ahab de o dwi dem totoŋ-naga kam mo. O tiini o toŋe lwarem mo o ma o chɔge Baŋa Wɛ yiga, nenɛɛne Ahab de o dwi dem na ke tei to, Ahab na ye o tembaaro to ŋwaane.
28Ahazia déem dɛ de pɛ Ahab bu Joram mo pa se ba vo Ramofa-Gilead ba kwaare jara de Siria teo pɛ Hazayeli. Siria tiina bam ma ke Joram zonne jara yam wone. 29Mo kokuri o jwoori o vo Jezerele teo se o teibi o fufwollu tem. O na wo Jezerele ne to, Judah teo pɛ Ahazia ma vo o tei se o ware‑o de o zonne dem.",https://www.bible.com/bible/3661/2KI.8.KBG
2 PWA 9,"Ba tiŋi Jehu paare dem
1Dɛ dedwe mo Wɛ sampwori Elisa déem le nɔɔno wodwoŋi Wɛ sampwori kɔgɔ kom wone o ta ded‑o o we, “Fɔge n vɔ n gare-kura kiri-kiri n daare n jwoŋi kabɔɔ konto de ko wo nuga kam n ja n vo Ramofa-Gilead. 2Nmo ná yi da, se n beeri Jehu wolo na ye Jehosafate bu de Nimisi naa to jeiga. Nmo ná nɛ‑o, se n le‑o o yuudwonna wone n ja n zo diga wo. 3Laam kwei nuga kam n lwo Jehu yuu ne n daare ta ded‑o we, ‘Baŋa Wɛ na tage kolo to mo tento: amo laam mo tiŋi‑m se n ji Isarele teo pɛ.’ Nmo ná ke konto n ti, se n pore diga kam n nwoŋi n yage jeiga kam lela n viiri.”
4Nɔn-doŋo kom na ye Elisa tontoŋeno to ma seene o vo Ramofa-Gilead. 5O na yi da to, o ma nii o na jar-keira yiga tiina bam na jei daane ye ba lara. O ma ta o we, “Amo tu, a jege kwora mo se a pa‑m.” Jehu ma bwei o we, “Kwora kam ye debam maama wone wɔ tete nyem mo?” O ma leiri o we, “Amo tu, ko ye nmo nyem mo.” 6Banto balei ma zo diga kam wo. Nɔn-doŋo kom ma kwei nuga kam o lwo Jehu yuu ne, ye o daare o ta we, “Baŋa Wɛ wom na ye Isarele tiina Wɛ to na tage kolo to mo tento: amo laam mo tiŋi‑m se n ji amo nɔɔna Isarele tiina bam pɛ. 7Nmo nam jege se n chɔge n tu Ahab dwi dem mo. Amo wó da konto baŋa ne a waare Jezebele de o na go a sampwori sem de a tontoŋena bam to. 8Ahab dwi dem maama jege se ba te mo. O dwi dem bakeiri sem maama wó saare Isarele teo ne, ko ná ye balo ta na wo ba kwo sɔŋɔ ne to, de balo na tei ba tete to de. 9Amo lage a pa se o dwi dem yɔɔre de chɔge nenɛɛne a na ke Nebat bu Jeroboam dwi dem, de Ahija bu Baasa dwi dem tei to mo. 10Ko nam ná ye Jezebele, kukuri mo lage se di‑o Jezerele tega kam baŋa ne, ye nɔɔna bá kwei‑o ba suli.” Nɔn-doŋo kom na yɔɔre o ta konto o ti to, mo o pore diga kam o duri o viiri.
11Jehu na nwoŋi o jwoori o dwonna yiga tiina bam tei to mo ba dedoa bwei‑o o we, “Yazura mo na? Bɛ mo ke ye chichwoo konto ba nmo tei?” Jehu ma leiri o we, “Ko dae kolokolo. Abam maŋe á yei sampwora kanto dwoŋi na yirisi tei to.” 12Ba ma leiri ba we, “N fɔe vwa mo! Ta n bere debam o na taga kolo to chekke.” Jehu ma ta o bere-ba nɔn-doŋo kom na tage kolo de kolo to ye o we, “Baŋa Wɛ na tage kolo to mo tento: Amo tiŋi nmo mo se n ji Isarele tiina bam pɛ.”
13Jehu yuudwonna bam maama ma ke lela ba le ba gare-danno ba lware Jehu nɛ sem seeni. Ba ma daare ba wu nabwanno ye ba tɔɔle we, “Jehu mo ye pɛ.”
14Konto baŋa ne mo Jehosafate bu Jehu déem ke chichuŋu de Joram. Kanto maŋa ne Joram dedaane Isarele tiina bam maama ya yere Ramofa-Gilead mo se ba che Siria pɛ Hazayeli de o jar-keira bam. 15Pɛ Joram nam ya jwoori Jezerele mo se o teibi o fufwollu tem Siria tiina bam na ke o yera ne to. Jehu ma ta de balo na wo o tei ne to we, “Abam boboŋa ná seene ya ja se a ji pɛ, nam yé pa-na se nɔɔn-nɔɔno na chwoŋa o nwoŋi teo konto ne o vo Jezerele o ta kolo na ke to.” 16Jehu ma jeini o toroko baŋa ne o duri o kɛ Jezerele se o beeri pɛ Joram, o na tigi dáane de o fufwollu tem to ŋwaane. Ko maa ye dáane mo Judah teo pɛ Ahazia ya vei se o ware‑o.
17Jehu de o nɔɔna bam na twɛ Jezerele teo kom to mo yereno wodwoŋi zege teo kom vɔŋɔ yuu ne o tole o na ba na maa beene. O ma tɔɔle o ta de Joram o we, “Amo nɛ nɔɔna mo na wurigi sisei ba beene.” Pɛ Joram de ma ta o we, “Pa se nɔɔno kwei siseiŋa o vo o yi o bwei o nii ba veiŋa kam ye yazura veiŋa mo na?”
18Nɔɔno ma seene o di siseiŋa baŋa o vo o jeeri Jehu. O ma ta ded‑o o we, “Pɛ Joram bwei se o lɔre, á beene de yazura mo na?” Jehu ma leiri o we, “Nmo yiga mo ka kɔ? Nam pipiri n zo a kwaga kɔgɔ kom wone.” Teo kom yereno wom na tole o na to, o ma bwoŋi pɛ wom o ta ded‑o we, “Wolo n na toŋe to yi da, ye o nam ba jwoora.”
19Pɛ Joram daa ma toŋe nɔɔno wodwoŋi o ke belei. Wonto de ma di siseiŋa baŋa o vo o yi Jehu de o nɔɔna bam tei. O ma ta de Jehu o we, “Pɛ wom bwei se o lɔre, á beene de yazura mo na?” Jehu ma leiri‑o o we, “Nmo yiga mo ka kɔ? Nam pipiri n zo a kwaga kɔgɔ kom wone.” 20Teo kom yereno wom daa ta ma ta o we, “Nmo na toŋe wolo to yi da, ye o de nam ba jwoora. Ba yiga tu wom na wurigi tei o beene to nye de Nimisi bu Jehu mo. O na duri tei to nye de o yirisi mo.”
21Joram ma pa ni o we, “Ti-na siseiŋa de a toroko kom yiga á pa-ne.” Ba na ti to, Isarele teo pɛ Joram, dedaane Judah teo pɛ Ahazia ma di ba torokooro ba vo ba jeeri Jehu. Ba ma yi‑o tega kalo déem na ye Jezerele tu Nabofi nyem to jeiga ne. 22Joram na jeeri Jehu to, o ma bwei‑o o we, “Yazura veiŋa mo n vei na?” Jehu ma leiri o we, “Yazura laam wo yeim mo ye n nu Jezebele yɔɔre o tɔge jwo-yɔɔro de liri-mwa kikia?”
23Joram na nigi konto to, o ma pipiri o duri ye o laare baŋa baŋa o bwoŋi Ahazia o ta o we, “Swa mo o kea! Pa dé ke lela dé duri dé lu!” 24Jehu ma yɔɔre o saŋe o taŋa o ta Joram. Chene dem ma zɔ o bakale tetare laŋa seeni de vo de moore o bochare-kili wone pa se o to o toroko kom wone o te. 25Jehu ma ta de o tontoŋeno Bidika o we, “Kwei Joram yera yam n dole n yage tega kalo déem na ye Nabofi nyem to ne. Nmo wó guli we, debam balei déem na wo daane dé tɔge o kwo Ahab kwaga to mo Baŋa Wɛ maŋe o sɔɔle cham o yage Ahab yuu ne o we, 26‘Amo diim na nɛ Nabofi de o bia bam jana bam na taare tega kam tei to, amo ta wó yɔɔre a pa se n jwoori n ŋwe jana bam konto jene tega kam konto baŋa ne. Amo Baŋa Wɛ na tage tei to mo konto.’ Mo kokuri, n jege se n kwei‑o n de n yage Nabofi tega kam ne, ne Baŋa Wɛ kwora kam na bere we ko wó ke tei to.”
27Judah teo Pɛ Ahazia na nɛ kolo na jege ko ke to, o ma duri o yɔɔre Bɛte-Hagan seeni. Jehu ma pare‑o ye o ta de o nɔɔna bam o we, “Go-na o de.” Ba ma seene ba ta‑o de chena chwoŋa kalo na diini Guri seeni to yuu ne. Jei sem konto bwola de Ibeleyam. Ba na tage‑o to, Ahazia ma wane o duri o yi Megido. O ma te teo kom wone. 28O tontoŋena bam ma kwei‑o de toroko ba ja ba jwoori Jerusalem. Ba ma suli‑o o kwoa bam yibeeli ne David teo Jerusalem ne.
29Ko déem ya ye Ahab bu Joram bena fuga-dedwe paare dim bene dem ne mo Ahazia bobo se o di Judah teo paare.
Jezebele toone
30Jehu déem ma zaŋe o vo Jezerele. Jezebele na nigi to, o ma kwei yi-chero o ma o bei o yi-bonno, o daare o fɔge o vɔ o yu-ywei sem. O laam ma vo o jeini o diga kam takworo ni ne ye o pɔe Jehu. 31Jehu na yɔɔre o tɔge manchwoŋo kom o zo to mo Jezebele bage‑o o we, “Hae! Nmo bere we n veiŋa kam ye yazura veiŋa mo na? Nmo kikia de Zimiri kikia wo daare daane, de n na go n tu wom to.”
32Jehu ma kwoni o yuu o nii takworo kom seeni ye o ta de kwor-dɛa o we, “Abam wɔ mo zege amo kwaga ne? Wɔ mo wora?” Pɛ sɔŋɔ kom tontoŋena badwonna maa tɔge takworo kom ba leesi ba nii. 33Jehu ma bage-ba o we, “Yigi-na Jezebele á de tega ne!” Ba ma seene ba yigi‑o ba de tega ne. O na yi tega to, mo o jana bam taare kabira kam ba kɛ ba taare sisei sem de, de Jehu na pɛ se nɔne o baŋa ne se kɛ to.
34Jehu ma zo pɛ sɔŋɔ kom wo o di wodiu. O laam ma ta de nɔɔna badwonna o we, “Sensɔla wo kaane wom yuu ne. De ko de, nam kwei-o-na á suli tega ne, se o ye pɛ bukɔ mo.” 35Ba na nwoŋi se ba kwei o yera yam ba suli konto to, ba wo nɛ-ya, ko ná dae o yu-kwoli-champoa, de o napera, de o jataala yerane mo ba nɛa. 36Ba ma vo ba ta ba bere Jehu kolo na ke to. O ma ta o we, “Ko ye Baŋa Wɛ kwora mo seene ka ji chega. O déem tɔge Tisibi tu Elija baŋa mo o ta o we, ‘Kukuri wó ja Jezebele ya-nɔna se di Jezerele tega kam baŋa ne. 37O yera yam wó tore yera yera ya taa tigi Jezerele tega kam maama baŋa ne nenɛɛne popɔnɔ mo tei, pa se nɔɔn-nɔɔno bá lɔre o na ye wolo to.’ ”",https://www.bible.com/bible/3661/2KI.9.KBG
2 PWA 10,"Jehu go Ahab dwi dem
1Ahab bia fuserepɛ déem mo zoore Samaria ne. Jehu ma popone twanno o toŋe o pa teo kom dedɛɛra de nakwa balo maama na wo Samaria ne to, ko woli de balo na nii Ahab bia bam baŋa ne to. O ma popone o we, 2“A ware abam. Abam teo kom tiini ko dana. Á maa jege jara-keim torokooro dedaane sisei dedɛ. Abam tu Ahab bia bam zoore abam tei ne mo. Konto ŋwaane, tɔnɔ konto ná yi abam, 3se á kuri Ahab bia bam wone nɔɔno wolo na yɔɔre o ye chekke to se á tiŋi‑o pɛ. Á ná ke konto, se á daare á ti á yiga se á ke chichuŋu Ahab dwi dem ŋwaane.”
4Samaria teo dedɛɛra bam na gage tɔnɔ kom to, foone ma tiini de zo-ba ye ba we, “Nii-na! Pwa balei bam tete maŋe ba ga Jehu ŋwa. Debam nam ye bera mo se dé che o yiga?”
5Dedɛɛro wolo na nii pɛ sɔŋɔ kom baŋa ne to, de wolo na nii teo kom maama to, de teo kom nakwa bam, ko woli de balo na nii Ahab bia bam baŋa ne to ma toŋe kwora ba pa Jehu ye ba we, “Debam maama ye nmo tontoŋena mo. Kolo maama nmo na wó ta to, dé wó ke. Dé ba jege chwoŋa se dé tiŋi pɛ. Ke kolo maama nmo na boŋe we ko lana to.”
6Jehu daa ma popone tɔnɔ o ta we, “Abam nam ná seene á sɛ á pa amo, nam sɛ-na amo ni se á gwoni Ahab bia bam yuni á ja á ba Jezerele á pa-ne jwa kanto maŋa ne.” Ko déem ye Samaria teo dedɛɛra badwonna mo nii Ahab bia fuserepɛ bam baŋa ne. 7Samaria teo dedɛɛra bam na gage tɔnɔ kom to, ba ma seene ba gwoni pɛ wom bia fuserepɛ bam maama yuni ba kwei ba ke tetwaro wone ba toŋe ba pa Jehu Jezerele ne. 8Ba na jaane ba yi to, tontoŋeno wodwoŋi ma vo o ta de Jehu o we, “Ba jaane pɛ wom bia bam yuni tem ba yi.” Jehu ma pa ni o we, “Ja-na yuni tem á vo á tiŋi pwoa yalei teo kom manchwoŋo ni dem ne se tega laam poore.”
9Tega na poore tetete to, Jehu ma nwoŋi o vo o zege da o ta de nɔɔna bam maama o we, “Abam wo ke kolokolo á chɔge, se ko ye amo mo ke chichuŋu de a yuu tu Joram ye a daare a go‑o. Wɔ nam mo go nɔɔna banto maama? 10Lɔre-na we, kwora kalo Baŋa Wɛ na taga Ahab dwi dem ŋwaane to bá ji kafɛ de fenfee de. O na tɔge Elija baŋa o ta kolo to maama seene ko ke.” 11Jehu laam ma vo o go Ahab dwi tiina bam maama na daare Jezerele ne to. O ta ma go Ahab dedɛɛra bam, de o yuudwonna bam, de o kaanem tiina bam maama. Ahab nɔɔno dedoa tete bere o wo daare.
12Jehu ma zaŋe se o vo Samaria. O na maa kɛa to mo o vei o yi Bɛte-Ekede mɛ nayera na gilimi to. 13O na yi da to mo o jeeri Judah teo pɛ Ahazia chorro tedwonna. O ma bwei-ba o we, “Abam ye bera mo?” Ba ma leiri ba we, “Debam ye Ahazia chorro mo. De nam maa vei se dé jɔɔne pɛ wom diga tiina de o nu wom bia mo.”
14Jehu na nigi konto to, o ma pa o tontoŋena bam ni o we, “Ja-na-ba ŋweene.” Ba ma seene ba ja nɔɔna bam maama ba daare ba go-ba Bɛte-Ekede vole dem takeiri ne. Ba déem ye nɔɔna finna-balei (42) mo ye ba wolowolo wo daare.
15Jehu ma zaŋe jeiga kam konto ne o maa kɛa. O na maa vei to mo Rekabi bu Jonadabi jeeri‑o chwoŋa ne. Jehu ma jɔɔne‑o ye o daare o bwei‑o o we, “Dé jege boboŋe dedwe na? Nmo yiga nam wo amo wone na?” Jonadabi ma leiri o we, “Ɛɛ, ko ye konto mo.” Jehu ma ta o we, “Ko ná seene ko ye konto, ja n jeŋa n ba.” O ma vaŋe Jonadabi o di o jeini o toroko kom wone. 16O maa we, “Tɔge de amo se n lɔre we amo yia tiini ya seene Baŋa Wɛ ŋwaane.” Ba maama balei ma tɔge daane ba kɛ Samaria.
17Ba na yi Samaria to, Jehu ma go Ahab dwi tiina balo ta na daare ye ba zoore da to maama. Konto to o déem chɔge Ahab dwi dem o ti, ne Baŋa Wɛ ya na pɛ Elija kwora we, ko wó ke tei to.
Jehu go Baal kaanem tiina
18Jehu déem ma bwoŋi Samaria tiina bam o ke daane ye o ta de-ba o we, “Pɛ Ahab déem zuli Baal jwoni dem o kwɛɛre mo. Amo nam wó seene a yia a zuli-de a dwoni wonto. 19Bwoŋi-na Baal sampwori sem, de kaanem tiina bam, ko woli de balo na zuli-de to maama, se ba jeeri amo yiga ne. A lage a ke kaanem kamunu mo a pa Baal. Wolo ná ve se o tɔge o jeeri, kotu wó ga o ŋwea mo.” Jehu déem tage konto dwoŋi se o ma o ke swa mo o ja balo maama na sɛ Baal to o go.
20Jehu ma ta o we, “Pɔɔre-na dɛ se nɔɔna seene ba yia ba zuli Baal jwoni dem de wone.” Ba ma tɔɔle ba bere teo kom nɔɔna bam maama. 21Jehu ma pa kwora yi Isarele teo kom ni maama, pa se balo maama na sɛ Baal to ba ba jeeri daane. Dedoa tete wo daare. Ba maama ma vo ba zo Baal jwoni diga kam pa se ka ni maama su de kɔgɔ. 22Jehu ma ta de wolo na nii gare-nyenno tem baŋa ne to o we, “Pa se wolo maama na tu se o zuli Baal jwoni dem to na gɔrɔ o zo.” O ma seene o kwei gwaaro tem o pa-ba ye ba zo.
23Jehu laam ma tɔge de Rekabi bu Jonadabi ye ba zo Baal jwoni diga kam. Jehu ma ta de balo na zuli Baal to o we, “Kwaane-na á nii se nɔɔn-nɔɔno yé maŋe ywo-seeni ko ná dae abam yerane. Yé pa se Baŋa Wɛ tɔgena bam wolowolo na chwoŋa se o taa tɔge o wora.” 24Ba laam ma bobo se ba ke kaanem dem ba pa Baal. Ba na wo diga kam ne to de Jehu ya maŋe o yage nɔɔna funɔnɔ pwooni dem ne ye o kaane-ba o we, “Abam wolo ná pɛ se nɔɔna banto dedoa duri o lu, kotu wó ga o ŋwea mo.”
25Jehu na yɔɔre o ke zwɛɛm kaanem dem o ti to, o ma ta de babɛ sem de dedɛɛra bam o we, “Zo-na diga kam á go ba maama. Yé pa-na se ba dedoa tete duri o lu.” Ba ma seene ba kwei ba se-zɔɔro ba ma ba go Baal nɔɔna bam maama. Ba ma tuuri ba yera yam ba yage pwooni yiga ne. Ba ma daare ba zo di-yuu kom 26ba vo ba kwei Baal jwoni kandwɛ dem tete ba ja ba nwoŋi ba zwɛ de mini. 27Konto to, ba déem chɔge Baal jwoni dem de de diga kam maama mo. De zem maama nɔɔna laam kwei jeiga kam ba ma ba ji nɛ zegem jeiga mo.
28Mo ko na ke tei pa se Jehu chɔge Baal jwoni dem kaanem Isarele jei maama ne to. 29De ko de, Jehu ta paale o ke wɛleere dwi delo Nebat bu Jeroboam déem na ke pa se Isarele tiina de da ba ke to mo. O déem pɛ se ba jege sabu-seŋa na-mɔre sem na zege Bɛtel de Dan ne to mo ba kaana.
30 Baŋa Wɛ déem tage de Jehu mo o we, “Nmo kwaane de n na ke kolo na jege chega amo yiga ne to. N yɔɔre n chɔge Ahab dwi dem maama, nenɛɛne a boboŋa na jaane se a pa ko ke tei to. Konto ŋwaane, amo wó pa se nmo dwi delo na wó saŋe n kwaga to di Isarele teo paare dem se ko taa vei dwia yana wɛɛne.” 31Jehu déem nam wo nii o tete se o taa tɔge Baŋa Wɛ wom na ye Isarele tiina Wɛ to nia yam de o wo maama. O wo yage wɛleera dwi delo Jeroboam déem na ke pa se Isarele tiina de da ba ke to.
Jehu toone
32Kanto maŋa ne mo Baŋa Wɛ bobo se o pa Isarele tega kam mɔ. Hazayeli ma wane o di Isarele tiina bam de ba tega kam ni maama, 33ka zege Jɔdan buga kam ni ne se ka vo ka yi wɛ-puli seeni. Ko maa ye Gilead de Basan tega kalo maama na zege Arowa na wo Aranon nabara kam ni ne to ko taa via. Gad dwi tiina laŋa kam, de Ruben dwi tiina laŋa kam, ko woli de Manasɛ dwi tiina laŋa kam mo konto.
34Jehu déem na di paare ye o ke wonnu telo maama to, de o totoŋa yam, de o bembɛɛne kikia yam maama, ba popone-te ba tiŋi Isarele Teo Pwa Seina tɔnɔ kom wone. 35Jehu ma te ye o vo o kwoa tei. Ba ma kwei‑o ba suli Samaria teo ne. O toone dem kwaga ne o bu Jehohaza ma leiri o ji pɛ. 36Jehu déem jeini Samaria ne o di Isarele teo paare bena finlei-nana (28) mo.",https://www.bible.com/bible/3661/2KI.10.KBG
2 PWA 11,"Atalia di paare Judah ne
1Pɛ Ahazia nu Atalia na maane we o bu wom tega to, o ma zaŋe se o pa ba go paare diga kam nɔn-bia maama. 2Ba na tu se ba go pɛ wom bia bam to, Pɛ Jehoram bukɔ Jehoseba na ye Ahazia nakɔ to ma ŋɔ Ahazia bu-seseŋa kam yere na ye Joasa to o seigi. O ma kwei bu wom de kaane wolo na jege‑o o kɔna to o vo o seigi peiga jeiga ne se Atalia yé na‑o. Konto ma pa se o wo tɔge de pa-bia badaara bam o te. 3Joasa déem maŋe Jehoseba tei ne bena yaredo mo, ye ba seigi‑o Baŋa Wɛ wara-jei sem diga kadwoŋi wone. Maŋa kam konto ne Atalia ma jeini Judah teo paare dem baŋa ne.
4Atalia paare dim bena yarepɛ bene dem ne mo Wɛ kaanem tu Jehoyada bwoŋi dedɛɛra balo na nii babɛ sem, de Kariti jar-keira bam, de pɛ sɔŋɔ yerena bam baŋa ne to se ba ba ba jeeri Baŋa Wɛ wara-jei sem ne. Dáane mo o gwoni ni de-ba o daare o pa se ba du duuri ba pa‑o. O laam ma kwei Ahazia bu Joasa o bere-ba. 5O ma pa-ba ni o we, “Abam na jege se á ke tei to mo tento: Á nɔɔna bam na pɔɔre kuni betɔ to, ba kɔgɔ kolo na tui totoŋa siu dɛ ne to chichworo yeini ba yere pɛ sɔŋɔ kom. 6Chichworo kodwoŋi de maa nii Suri ni dem. Chichworo kolo na daare to maa zege ni dem seeni babɛ sem kwaga ne. Banto maama nam wó taa yere pɛ sɔŋɔ kom mo. 7Ko daare kɔro telei tem na yage totoŋa siu dɛ ne to de laam maa wó taa yere Baŋa Wɛ wara-jei sem se kolokolo yé ke pɛ wom. 8Fɔge-na á zege á gilimi pɛ wom mo á ke tetare ne, ye á zei á jara zela. Nɔɔno wolo ná lɛɛne abam, se á yɔɔre á go kotu. Pɛ wom nam na wó vo mɛ maama to, se abam de ta‑á wo o tei ne.”
9Dedɛɛra bam ma seene ba tɔge ni delo maama Wɛ kaanem tu Jehoyada na taga to. Ba dedoa dedoa ma ja ba nɔɔna ba ba Jehoyada tei, ne ko ná ye balo na tui totoŋa siu dɛ ne to, de balo na yage totoŋa siu dɛ ne to maama. 10Jehoyada ma kwei chichwoa de jara-keim nantane selo déem na ye David nyem ye te tigi Baŋa Wɛ wara-jei sem ne to o pa dedɛɛra bam. 11Babɛ sem maama ma vo ba zege ba gilimi pɛ wom ba ke tetare ne, ye ba zei ba jara zela. Ba déem tigisi ba tete Wɛ diga kam jei maama ne, jagwia seeni de jazem seeni, ko zege kaanem bimbini dem takeiri ne de diga kam tete yiga ne.
12Jehoyada déem ma ja pɛ wom bu Joasa o ja o nwoŋi. O ma kwei paare yipuga kam o pu o yuu ne, ye o daare o kwei paare tiŋim seina tɔnɔ kom o ke o jeŋa ne. Ba ma lwo nuga o yuu ne ba ma ba tiŋi‑o paare. Nɔɔna bam ma mage ba jea ye ba tɔɔle ba we, “Wɛ wó pa pɛ wom momwɛ-dɛɛre!”
13Atalia na nigi babɛ sem de nɔɔna bam maama na ke sɔɔ kom to, o ma ke lela o nwoŋi o vo Baŋa Wɛ wara-jei sem o daare o na nɔn-kɔgɔ kom. 14O ma na pɛ wom na zege Wɛ diga kam ywei dem teiŋa ne, ne ba na yeini ba ke tei ba tiŋi pɛ to. Dedɛɛra bam de balo na wui nabwanno to maa zege pɛ wom takeiri ne. Teo kom nɔn-bia bam maama maa chaka de wopwolo ye ba badwonna wui nabwanno. Atalia na nɛ to, o ma ja o gwaaro tem o vaŋe o kaare ye o we, “Bebare-nyena mo zaŋe a baŋa ne!”
15Jehoyada ma pa jar-keira dedɛɛra bam ni o we, “Ja-na Atalia á nwoŋi Wɛ diga kam wone á ke‑o babɛ sem gena tetare ne. Nɔɔno ná kwaane se o woli‑o, se á kwei se-zɔɔ á go kotu.” Kokuri to, Jehoyada ya maŋe o ta we, ba yé go Atalia Baŋa Wɛ diga kam wone. 16Ba ma zi Atalia ba ja ba nwoŋi ba vo pɛ sɔŋɔ kom. Ba ma pa o tɔge manchwoŋo ni mɛ sisei na tɔge da se zoore nabwoo kom to, ye ba daare ba go‑o jei sem konto ne.
17Wɛ kaanem tu Jehoyada ma pa se pɛ wom de nɔɔna bam maama gwoni ni de Baŋa Wɛ we, ba wó taa ye Baŋa Wɛ tete nɔɔna. O ta ma pa se pɛ wom de nɔɔna bam gwoni ni ba pa daane. 18Judah nɔn-bia bam déem ma vo ba zo Baal jwoni diga kam ba yigi ka maama ba de tega ne, ba daare ba chochoge kaanem bimbina yam de jwoni kamwaro tem maama. Ko ta ná ye Baal kaanem tu Matan, ba jaane‑o bimbina yam takeiri ne mo ba go.
Jehoyada déem ma pa se nɔɔna zege ba yere Baŋa Wɛ diga kam. 19O laam ma tɔge de babɛ sem yiga tiina, de Kariti jar-keira bam, de pɛ sɔŋɔ yerena bam, ko ta woli de teo kom nɔn-bia bam maama, se ba vo ba ja pɛ Joasa ba ja ba nwoŋi Baŋa Wɛ diga kam wone. Ba ma ja‑o ba vo ba tɔge babɛ ni dem ba zo pɛ sɔŋɔ kom. Joasa ma vo o jeini paare yituŋu kom baŋa ne. 20Nɔn-bia bam maama maa chaka de wopwolo. Ko kwaga ne teo kom maama ma ke ziim, ba na go Atalia pɛ sɔŋɔ kom wone to ŋwaane.
21Joasa déem jege bena yarepɛ mo ye o di Judah teo paare dem.",https://www.bible.com/bible/3661/2KI.11.KBG
2 PWA 12,"Judah teo pɛ Joasa taane
2 Tigisim 24:1-16
1Isarele teo pɛ Jehu paare dim bena yarepɛ bene dem wone mo Joasa di paare Judah ne. O déem jeini Jerusalem ne o di paare dem o ke bena finna mo. O nu déem nwoŋi Beeriseba, o yere mo Zibia. 2Pɛ Joasa ŋwea maama wone o totoŋa déem su Baŋa Wɛ yi lanyerane, Wɛ kaanem tu Jehoyada na zamese‑o to ŋwaane. 3De ko de, o wo wane o chɔge wara-jei bimbina yalo ba na ke kaanem da to. Nɔɔna déem ta ma yeini ba ke kaanem de zwɛɛm pɛɛra jei sem konto ne.
4Joasa ma ta de Wɛ kaanem tiina bam o we, “La-na lu-nyenno telo maama nɔɔna na jaane ba ba ba tiŋi Baŋa Wɛ diga kam wone se ba ma ba zuli‑o to. Ko ná ye Wɛ diga lampwoo sabu kom, de ba ni-gwonim sabu kom, de ba na pɛ sabu kolo de ba tete boboŋa to de, se á la te maama. 5Wɛ kaanem tu maama laam wó jwoŋi sabia bam mo sabu-tiŋinu maama tei ne se ba ma ba fɔge ba kwɛ Wɛ diga kam ne ko na maŋe tei to.”
6Joasa déem na di paare ye o ke bena finlei-yatɔ to, Wɛ kaanem tiina bam ta wo wane ba kwɛ Wɛ diga kam de fenfee de. 7Konto ŋwaane mo, Joasa bwoŋi Wɛ kaanem nakwe tu Jehoyada de kaanem tiina badwonna bam o bwei-ba o we, “Bɛ mo ke ye abam ta wo kwɛ Wɛ diga kam? Daa á yé ta‑á jwoŋi-na sabu á sabu-tiŋina bam tei ne á di, ne ko ná dae Wɛ diga kam kwɛɛm yerane ŋwaane.” 8Kaanem tiina bam ma sɛ we ba daa bá jwoŋi sabu nɔɔna bam tei ne. Ba ma kwei Wɛ diga kam kwɛɛm totoŋa yam ba pa nɔɔna badwonna.
9Jehoyada ma kwei dakaa o puri bɔɔne ka ni-pugu kom yera ne, o daare o ja-ka o zo Baŋa Wɛ diga kam wo. O ma kwei-ka o zege kaanem bimbini dem jazem seeni. Wɛ kaanem tiina balo na yere Wɛ diga kam ni to wó jwoŋi sabia balo nɔɔna na jaane ba ba se ba pa Wɛ to ba ke dakaa kam wone. 10Maŋa kalo maama ba na maane we sabu kom su dakaa kam, pɛ sɔŋɔ tɔn-poponno wom de Wɛ kaanem nakwe tu wom mo wó ke daane ba kwei sabu kom ba jeeli ko ni ba kwei ba ke ywollu wone. 11Ba ná yeini ba lɔre sabu kom ni, ba wó kwei-ko ba pa nɔɔna balo ba na kuri se ba taa nii Wɛ diga kam totoŋe baŋa ne to mo. Banto de maa wó kwei sabu kom ba ma ŋwe balo maama na toŋe Wɛ diga kam kwɛɛm totoŋa to. Banto déem ye gwaro, de lɔra, 12ko woli de kandwa-cherena. Ba maa ta wó ma sabu kom ba yeigi da-kwollu de kandwa yalo ba na yare peo yera ne to se ba ma ba kwɛ Baŋa Wɛ diga kam ba daare ba ŋwe kwora yalo maama ta na wora totoŋe dem ŋwaane to.
13Sabu kolo nɔɔna déem na jaane ba ba ba tiŋi Wɛ diga kam ne to, ba wo sɛ se ba kwei-ko ba ma ba mɔ lu-nyenno zon-tanlɛ, de min-zwonnu kwɛɛm fane, de zwe, de nabwanno, naa sabu-seŋa de lu-nyenno wonnu telo maama na maŋe se te taa zege Wɛ diga kam ne to. 14Ba nam kwei ko maama ba pa tontoŋena bam mo se ba ma ba fɔge ba kwɛ Wɛ diga kam. 15Ko ná ye balo ba na pɛ-ba sabu kom se ba ma ŋwe tontoŋena bam to, ba wo fe-ba se ba jeeli sabu kom ba bere jaja, banto na yɔɔre ba toŋe de chega to ŋwaane. 16Ko daare ko ná ye wɛleere jene pɛɛra yam, de wɛleere saarem pɛɛra yam, ba wo jaane yanto ba zo Baŋa Wɛ diga kam. Yanto maama ye Wɛ kaanem tiina bam nyem mo.
17Kanto maŋa ne mo Siria teo pɛ Hazayeli déem vei o kwaare jara de Gafa tiina. O ma wane teo kom o di. O ma zege dáane o daa vo se o kwaare jara de Jerusalem tiina. 18Judah teo pɛ Joasa ma kwaleme lonne wonnu telo maama o kwoa Jehosafate, de Jehoram, de Ahazia na kwei ba pa Baŋa Wɛ to, de telo o tete na kwei o pa Wɛ to, ko ta woli de sabu-seŋa jejegero telo na tigi Wɛ diga kam de pɛ sɔŋɔ kom wone to. O ma kwei te maama o toŋe o pa Hazayeli se o ma o ware‑o. Hazayeli laam ma yage jara yam o kɛ o daare Jerusalem.
19Joasa déem na di paare ye o ke wonnu telo maama to, de o totoŋa yam maama, ba popone-te ba tiŋi Judah Teo Pwa Seina tɔnɔ kom wone. 20Pɛ Joasa dedɛɛra déem ke ni daane mo se ba zaŋe o baŋa ne. Ba ma go‑o Bɛte-Millo ne. Jeiga kam konto wo Sila chwoŋa ni ne mo. 21Dedɛɛra balo na ke konto to maa ye Simeafi bu Jozabad, de Somera bu Jehozabadi. Ba ma kwei Joasa ba suli o kwoa bam yibeeli ne David teo Jerusalem ne. O toone dem kwaga ne o bu Amazia ma leiri o yuu ne o ji pɛ.",https://www.bible.com/bible/3661/2KI.12.KBG
2 PWA 13,"Isarele teo pɛ Jehohaza taane
1Judah teo pɛ Ahazia bu Joasa paare dim bena finlei-yatɔ bene dem wone mo Jehu bu Jehohaza déem di Isarele teo paare. O ma jeini Samaria ne o di paare dem o ke bena fuga-yarepɛ. 2O toŋe lwarem o chɔge Baŋa Wɛ yiga mo de o na ke wɛleera dwi delo Nebat bu Jeroboam déem na ke pa se Isarele tiina de da ba ke to mo. O wo sɛ se o yage. 3Mo kokuri Baŋa Wɛ bane tiini de zaŋe Isarele tiina baŋa ne. O déem pɛ se Siria teo pɛ Hazayeli de o bu Ben-hadadi di dam ba baŋa ne taa.
4Jehohaza ma lwoori yibwona Baŋa Wɛ tei ne. Baŋa Wɛ ma sɛ o wɛ-lworo kom, o na maane we Siria teo pɛ mo jege Isarele tiina bam o bɛɛsa dedɛ to ŋwaane. 5Baŋa Wɛ ma le jwoŋinu o pa Isarele tiina bam, pa se ba vere ba tete Siria tiina bam dam kuri ne. Konto kwaga ne mo Isarele tiina bam jwoori ba zoore ba sam dem ne de yazura, ne faŋa kam ne ko ya na ye tei to. 6De ko de, ba déem ta ke wɛleera dwi delo Jeroboam dwi tiina déem na ke pa se Isarele tiina de da ba ke to mo. Ba wo sɛ se ba chɔge Asera nyenyego dɛ sem na wo Samaria ne ye nɔɔna zuli-se to.
7Jehohaza jar-keira déem ta daare fee, nenɛɛne sisein-dira finnu, de jara-keim torokooro fuga, ko woli de jar-keira moro fuga yerane mo. Kokuri to, Siria teo pɛ wom ya yɔɔre o chɔge jar-keira badaara bam maama pa se ba ji ne fwogo mo tei.
8Jehohaza déem na di paare ye o ke wonnu telo maama to, de o totoŋa yam, de o bembɛɛne dem maama, ba popone-te ba tiŋi Isarele Teo Pwa Seina tɔnɔ kom wone. 9Jehohaza ma te ye o vo o kwoa tei. Ba ma kwei‑o ba suli Samaria teo ne. O toone dem kwaga ne o bu Jehoasa ma leiri o ji pɛ.
Isarele teo pɛ Jehoasa taane
10Judah teo pɛ Joasa paare dim bena fintɔ-yarepɛ bene dem wone mo Jehohaza bu Jehoasa déem di Isarele teo paare. O ma jeini Samaria ne o di paare dem o ke bena fuga-yaredo. 11O toŋe lwarem o chɔge Baŋa Wɛ yiga mo de o na ke wɛleera dwi delo maama Nebat bu Jeroboam déem na ke pa se Isarele tiina de da ba ke to mo. O déem paale o ke wɛleera yanto dwoŋi mo.
12Jehoasa déem na di paare ye o ke wonnu telo maama to, de o totoŋa yam, de o na ke baare o kwaare jara de Judah teo pɛ Amazia tei to maama, ba popone-te ba tiŋi Isarele Teo Pwa Seina tɔnɔ kom wone. 13Jehoasa ma te ye o vo o kwoa tei. Ba ma kwei‑o ba suli mɛ ba na suli Isarele tiina pwa badwonna bam Samaria ne to. O toone dem kwaga ne o bu Jeroboam ma leiri o di paare dem.
14Isarele teo pɛ Jehoasa déem ta na ŋwe to, jaweo ya mo jaane Wɛ sampwora Elisa ye ko ga fee se o te. O weelem dem maŋa ne Jehoasa ma vo o tei se o ware‑o. O ma zege Elisa yiga ne o ka yi-na ye o we, “Amo kwo! Amo kwo! Isarele jar-keira torokooro tem de te sisein-dira bam laam wó ke tɛ mo?”
15Elisa ma ta de pɛ wom o we, “Kwei taŋa de ka che-tɛɛra.” O ma seene o kwei-te o zia. 16Elisa ma ta ded‑o se o saŋe taŋa kam. O na lage o ta konto to mo Elisa jaane pɛ wom jea. 17Elisa ma ta de pɛ wom o we, “Pore takworo ni delo na yɔɔre wɛ-puli seeni to.” O ma seene o ke konto. Elisa ma ta ded‑o se o ta chene, ye o seene o ke konto. Elisa ma ta o we, “Baŋa Wɛ wɔnɔ chene dem mo konto! Ko bere we Siria tiina bam wó to jara wone. Kokuri to, nmo wó yɔɔre n chɔge Siria jar-keira bam maama Afeka ne.”
18Elisa daa ta ma ta de pɛ wom o we, “Kwei che-tɛɛra yalo na daare to.” Pɛ wom ma kwei-ya. Elisa ma ta ded‑o o we, “Fere-ya tega ne.” Pɛ wom ma fere chena yam tega ne kuni betɔ ye o yage. 19Wɛ tontoŋeno Elisa bane ma zaŋe ded‑o ye o we, “Nmo ya wó fere-ya tega ne kuni benu naa beredo mo. Konto mo ya wó pa se n wane n chɔge Siria tiina bam maama nyɔ. Ko nam na ye tei to, nmo lage n di-ba kuni betɔ yerane mo.”
20Elisa déem ma te ye ba kwei‑o ba suli.
Ben-doore maama wone Moaba teo pawe-nyena mo yeini ba zo Isarele tega kam ba vuvugi nɔɔna bam. 21Dɛ dedwe Isarele tiina badwonna déem mo jaane ba too ba vo se ba suli. Ba ma na Moaba tiina pawe-nyena na beene de kɔgɔ tei to. Ba ma ke lela ba kwei too wom ba dole ba yage Elisa yibeeli dem ne ye ba daare ba duri. Too wom yera na yɔɔre ya dwei Elisa kwi sem to, mo o bi o zaŋe o zega.
22Maŋa kalo maama Jehohaza déem na ye pɛ to mo Siria teo pɛ Hazayeli tiini o bɛɛse Isarele tiina bam. 23Baŋa Wɛ yiga nam wo Isarele tiina bam wone pa se o duri ba yibwona, o na gwoni ni delo de ba nabaara Abaraham, de Izaak, de Jakob to ŋwaane. De zem maama Baŋa Wɛ wo sɛ se o chɔge-ba o ti, naa se o zeili-ba o tei ne.
24Siria teo pɛ Hazayeli ma ba o te. O bu Ben-hadadi ma leiri o yuu ne o di paare. 25Jehohaza bu Jehoasa ma wane Ben-hadadi o di, pa se o jwoori o ja teene delo Hazayeli déem na vere Jehohaza tei ne to o tei. Kuni betɔ mo Jehoasa wane o di Ben-hadadi, ye o daare o jwoori o jwoŋi Isarele teene dem konto.",https://www.bible.com/bible/3661/2KI.13.KBG
2 PWA 14,"Judah teo pɛ Amazia taane
1Isarele teo pɛ Jehohaza bu Jehoasa paare dim bena yalei bene dem wone mo Joasa bu Amazia déem di Judah teo paare. 2Amazia déem jege bena finlei-yanu mo ye ba tiŋi‑o paare. O ma jeini Jerusalem ne o di paare dem o ke bena finlei-nogo. O nu yere mo Jehoadin ye o nwoŋi Jerusalem. 3O totoŋa déem su Baŋa Wɛ yi lanyerane, ye o totoŋ-laaro nam wo yi o nabaaro David déem na ke tei to. O déem yɔɔre o kwei o kwo Joasa totoŋ-naga mo. 4De ko de, Amazia wo wane o chɔge wara-jei bimbina yalo ba na ke kaanem da to. Nɔɔna déem yeini ba ke kaanem de zwɛɛm pɛɛra jei sem konto ne ye ba wo yage.
5O na yɔɔre o jeini paare dem baŋa ne to, o ma go nɔɔna balo déem na jaane o kwo ba go to. 6O nam wo pɛ ba go nɔn-gora bam konto bia bam. O déem sɛ ni delo Baŋa Wɛ na pɛ Moses to. Ni dem konto bere we, “Kwoa ba jege se ba te ba bia kikia ŋwaane. Bia de nam ba jege se ba te ba kwoa kikia ŋwaane. Nɔɔno ná maŋe se o te, ko wó taa ye o tete yuu lwarem ŋwaane mo.”
7Amazia déem mo go Edom jar-keira morro fuga jeiga kalo ba na bwoi we ‘Yɛ bwolo’ to ne. O ta ma di Sela teo o jwoŋi Edom tiina bam tei ne. O ma leiri o pa ko yere we Joketeeli. Yere dem konto mo ba ta bwoi de zem maama.
8Dɛ dedwe mo Pɛ Amazia toŋe o tontoŋena se ba vo ba gware Isarele teo pɛ Jehoasa na ye Jehohaza bu ye o ta ye Jehu naa to se ba ta ded‑o we, “Ba n jeeri-ne se dé ke kayiŋu.” 9Pɛ Jehoasa ma jwoori o toŋe kwora o pa Judah teo pɛ Amazia o we, “Sabara kadwoŋi mo zege Lebanon ne ka toŋe kwora ka pa Sedare tei-zɔŋɔ Lebanon ne ka we, ‘Kwei n bukɔ wom n pa a bu se o di o ma o ke kaane.’ Konto nɛ sem ni ne mo ga-varem zege Lebanon ne ka nɔne sabara kam ka chɔge. 10Nmo na seene n wane n di Edom tiina bam to mo pɛ se n cho n vɔna konto. Nam ya maŋe n sɔŋɔ ne se n ta‑n chaka. Bɛ mo ye n boŋe se n vaare lɛɛro n yage nmo tete yuu ne de Judah tiina de yuu ne?”
11Amazia ma se o zwa de taane dem konto. Ko kwaga ne Isarele teo pɛ Jehoasa ma la o jar-keira o ke daane ye ba vo ba kwaare jara de Amazia Judah teo Bɛte-Semesa ne. 12Isarele jar-keira bam ma wane ba di Amazia de o nɔɔna bam pa se ba maama duri ba jwoori ba sam. 13Isarele teo pɛ Jehoasa ma ja Amazia Bɛte-Semesa ne. Jehoasa ta ma daare o vo Jerusalem o bwori teo kom kabira kalo na zege Efrayim Ni dem ne se ka vo ka yi Gugworo Ni dem to. Ka laŋa kam déem ye naba-laara bia yalei mo. 14O ma vo o zo Baŋa Wɛ diga kam o vere ka sabu-seŋa de lu-nyenno wonnu, de ka lonne zela yam maama. O ta ma pɛ jejegero telo na tigi pɛ sɔŋɔ kom ne to. O ma ja te maama o jwoori Samaria. O ta ma ja teo kom nɔɔna o ja viiri se ko fe Judah teo pɛ se o sɛ o ni.
15Jehoasa déem na di paare ye o ke wonnu telo maama to, de o totoŋa yam, de o na kwaare jara de Judah teo pɛ Amazia tei to maama, ba popone-te ba tiŋi Isarele Teo Pwa Seina tɔnɔ kom wone. 16Jehoasa ma te ye o vo o kwoa tei. Ba ma kwei‑o ba suli mɛ ba na suli Isarele tiina pwa badwonna bam Samaria ne to. O bu Jeroboam ma leiri o yuu ne o di paare.
17Isarele teo pɛ Jehoasa toone dem kwaga seeni, Judah teo pɛ Amazia déem ta nɛ bena fuga-yanu mo ye o laam te. 18Amazia déem na di paare ye o toŋe wonnu telo maama to, ba popone-te ba tiŋi Judah Teo Pwa Seina tɔnɔ kom wone.
19Jerusalem dedɛɛra badwonna déem ke ni daane mo se ba go Pɛ Amazia. O ma duri o vo Lakisi. O dona bam ma toŋe nɔɔna se ba pare‑o. Ba ma yi‑o ba go Lakisi ne. 20Ba ma kwei Amazia yera yam ba daŋe sisein-nɔɔno baŋa ne ba ja jwoori Jerusalem. Ba ma kwei‑o ba suli o kwoa bam yibeeli ne David teo ne.
21Judah tiina bam maama ma kuri Azaria se o leiri o kwo Amazia yuu ne o ji pɛ. Ba na tiŋi‑o paare konto to, Azaria déem jege bena fuga-yaredo mo. 22O kwo Amazia toone dem kwaga seeni mo Azaria fɔge o lɔ Elafa teo pa se Judah tiina bam tei-ko.
Isarele teo pɛ Jeroboam II taane
23Judah teo pɛ Joasa bu Amazia paare dim bena fuga-yanu bene dem wone mo Jehoasa bu Jeroboam déem di Isarele teo paare. O ma jeini Samaria ne o di paare dem o ke bena finna-dedwe. 24O déem toŋe lwarem o chɔge Baŋa Wɛ yiga mo. O wo sɛ se o yage wɛleera dwi delo Nebat bu Jeroboam déem na ke pa se Isarele tiina de da ba ke to. 25Jeroboam déem mo jwoori o jwoŋi tega kalo na zege Lebo-Hamafa ne ka tole ka yi Yɛ naneo kom to o pa Isarele tiina bam. Keim dem konto tɔge kwora kalo Isarele tiina Tu Baŋa Wɛ wom na wuuri o pa Amitayi bu Jonah to. Wonto déem ye Wɛ sampwora kalo na nwoŋi Gafa-Hefera to.
26 Baŋa Wɛ déem ya maane Isarele tiina bam maama na nɛ cham tei to. Ba maama tiini ba yaare dedɛ, ko ná ye balo na ye kabɛ, de balo na tei ba tete to maama de. Nɔɔn-nɔɔno déem tera se o woli-ba. 27Baŋa Wɛ nam tɔge Jehoasa bu Jeroboam baŋa ne mo se o jwoŋi-ba o yage. Kokuri to Baŋa Wɛ wo tage we, o wó saare Isarele tiina bam yere logo baŋa maama ne.
28Jeroboam déem na di paare ye o ke wonnu telo maama to, de o totoŋa yam, de o bembɛɛne dem, ko woli de o na jwoori o jwoŋi Damasika de Hamafa teene dem o ke Isarele tiina bam jeŋa ne tei to maama, ba popone-te ba tiŋi Isarele Teo Pwa Seina tɔnɔ kom wone. 29Jeroboam ma te ye ba kwei‑o ba suli mɛ ba na suli Isarele tiina pwa badwonna bam to. O bu Zekaria ma leiri o ji pɛ.",https://www.bible.com/bible/3661/2KI.14.KBG
2 PWA 15,"Judah teo pɛ Azaria taane
2 Tigisim 26:1-23
1Isarele teo pɛ Jeroboam paare dim bena finlei-yarepɛ bene dem wone mo Amazia bu Azaria déem di Judah teo paare. 2Azaria déem jege bena fuga-yaredo mo ye ba tiŋi‑o paare. O ma jeini Jerusalem ne o di paare dem o ke bena finnu-yalei. O nu wom yere mo Jekolia ye o nwoŋi Jerusalem. 3O totoŋa déem su Baŋa Wɛ yi lanyerane, nenɛɛne o kwo Amazia na ke tei to. 4De ko de, o wo wane o chɔge wara-jei selo ba na ke kaanem da to. Nɔɔna déem yeini ba ke kaanem de zwɛɛm pɛɛra jei sem konto ne ye ba wo yage.
5 Baŋa Wɛ déem ma pa se naywaane jaweo kom lɔgese Pɛ Azaria. O dɛ de jaweo kom konto mo o vo o te. O déem zoore sɔŋɔ kolo na ye dáa dáa to wone mo. O bu Jotam ma leiri o nii pɛ sɔŋɔ kom de teo kom nɔn-bia baŋa ne o pa‑o.
6Azaria déem na di paare ye o ke wonnu telo to, de o totoŋa yam maama, ba popone-te ba tiŋi Judah Teo Pwa Seina tɔnɔ kom wone. 7Azaria ma te ye o vo o kwoa tei. Ba ma kwei‑o ba suli o kwoa bam yibeeli seeni David teo Jerusalem ne. O bu Jotam ma leiri o yuu ne o ji pɛ.
Isarele teo pɛ Zekaria taane
8Judah teo pɛ Azaria paare dim bena fintɔ-nana bene dem wone mo Jeroboam bu Zekaria déem di Isarele teo paare. O jeini Samaria ne mo o di paare dem chane seredo. 9O déem toŋe lwarem o chɔge Baŋa Wɛ yiga mo nenɛɛne o kwoa bam de na ke tei to. O ma yɔɔre o ke wɛleera dwi delo Nebat bu Jeroboam déem na ke pa se Isarele tiina de da ba ke to.
10Jabese bu Salum déem ke chichuŋu de Zekaria. O ma vo o li‑o Ibeleyam ne de jara o go. O ma daare o leiri o di paare dem. 11Zekaria déem na di paare ye o toŋe wonnu telo maama, to ba popone-te ba tiŋi Isarele Teo Pwa Seina tɔnɔ kom wone. 12O toone dem konto ma pa se Baŋa Wɛ kwora kalo o na pɛ Jehu to ji chega, de o na tage o we, “Nmo dwi delo na wó saŋe n kwaga to wó di Isarele teo paare dem se ko taa vei dwia yana wɛɛne.”
Isarele teo pɛ Salum taane
13Judah teo pɛ Yuzia paare dim bena fintɔ-nogo bene dem wone mo Jabese bu Salum déem di Isarele teo paare. O jeini Samaria ne mo o di paare dem chana dedoa yerane. 14Gadi bu Menahem déem zaŋe Tiraza teo ne o vo Samaria. O na yi da to, o ma li Salum de jara o go o daare o leiri o ji pɛ.
15Salum déem na di paare ye o toŋe wonnu telo maama to, de chichuŋu kolo o na ke de Zekaria to, ba popone-te ba tiŋi Isarele Teo Pwa Seina tɔnɔ kom wone.
16Menahem déem zege Tiraza ne o vo Tipisa o chɔge teo kom de ko nawuura yam maama, ko nɔn-bia bam na ve se ba sɛ ba pa‑o to ŋwaane. O ta ma lɔ ba kapwi sem ba pwi seeni o go.
Isarele teo pɛ Menahem taane
17Judah teo pɛ Azaria paare dim bena fintɔ-nogo bene dem wone mo Gadi bu Menahem déem di Isarele teo paare. O jeini Samaria ne mo o di paare dem o ke bena fuga. 18O déem toŋe lwarem o chɔge Baŋa Wɛ yiga. O paare dim maŋa kam maama wone o yɔɔre o ke wɛleera dwi delo Nebat bu Jeroboam déem na ke pa se Isarele tiina de da ba ke to mo.
19Asiria teo pɛ Pulu déem cheiŋi Isarele tega kam mo. Pɛ Menahem ma kwei lu-nyenno na yi ywollu moro dedoa (1,000) to o pa Pɛ Pulu se o ma o kwoori‑o se Pulu woli‑o se o wane o fɔge o di dam Isarele teo kom ne. 20Menahem déem gwoni jene mo o pa Isarele naduna bam maama. O ma fe ba dedoa dedoa se ba ŋwe lu-nyenno sabu-dala finnu. O ma kwei sabu kom o pa Pɛ Pulu pa se o pipiri o viiri o daare Isarele tiina tega kam.
21Menahem déem na di paare ye o ke wonnu telo to, de o totoŋa yam maama ba popone-te ba tiŋi Isarele Teo Pwa Seina tɔnɔ kom wone. 22Menahem ma te ye ba kwei‑o ba suli. O bu Pekahia ma leiri o di paare dem.
Isarele teo pɛ Pekahia taane
23Judah teo pɛ Azaria paare dim bena finnu bene dem wone mo Menahem bu Pekahia déem di Isarele teo paare. O jeini Samaria ne mo o di paare dem bena yalei. 24Pekahia déem toŋe lwarem o chɔge Baŋa Wɛ yiga. O ma yɔɔre o ke wɛleera dwi delo Nebat bu Jeroboam déem na ke pa se Isarele tiina de da ba ke to. 25Remalia bu Peka déem mo ye Pekahia jar-keira yiga tu wom. O ma kwei Gilead tiina baara finnu o ja o vo Samaria teo o li Pekahia pɛ sɔŋɔ dam jei sem wone de jara o go. O ta ma go Aragobi de Ariyɛ o woli da. O ma daare o leiri o di paare dem.
26Pekahia déem na di paare ye o ke wonnu telo to, de o totoŋa yam maama, ba popone-te ba tiŋi Isarele Teo Pwa Seina tɔnɔ kom wone.
Isarele teo pɛ Peka taane
27Judah teo pɛ Azaria paare dim bena finnu-yalei bene dem wone mo Remalia bu Peka déem di Isarele teo paare. O jeini Samaria ne mo o di paare dem bena finlei. 28O déem toŋe lwarem o chɔge Baŋa Wɛ yiga. O ma yɔɔre o ke wɛleera dwi delo Nebat bu Jeroboam déem na ke pa se Isarele tiina de da ba ke to.
29Maŋa kalo Peka déem na ye Isarele teo pɛ to, mo Asiria teo pɛ Tigilaf-Pilesa tu o zo tega kam o wane Isarele teene dedwonna o jwoŋi o tei. Teene dem konto déem ye: Yijon, de Abel Bɛte-Maaka, de Janoa, de Kedesa, de Hazora. O déem ta wane Gilead, de Galili, de Nafitali laŋa kam maama. O ma daare o ja jei sem konto nɔn-bia bam o vo o yage Asiria teo ne. 30Konto na ke to, Ela bu Hosea ma vo o ke chichuŋu de Remalia bu Peka. O ma li‑o de jara o go o daare o leiri o di paare dem. Yuzia bu Jotam paare dim bena finlei bene dem wone mo konto.
31Peka déem na di paare ye o ke wonnu telo to, de o totoŋa yam maama, ba popone-te ba tiŋi Isarele Teo Pwa Seina tɔnɔ kom wone.
Judah teo pɛ Jotam taane
32Isarele teo pɛ Peka wolo na ye Remalia bu to paare dim bena yalei bene dem wone mo Yuzia bu Jotam déem di Judah teo paare. 33Jotam déem jege bena finlei-yanu mo ye ba tiŋi‑o paare. O ma jeini Jerusalem ne o di paare dem bena fuga-yaredo. O nu wom déem mo ye Zadoki bukɔ Jerusa. 34O totoŋa ma su Baŋa Wɛ yi lanyerane, nenɛɛne o kwo Yuzia déem na ke tei to. 35De ko de, o wo wane o chɔge wara-jei selo ba na ke kaanem da to. Nɔɔna bam déem yeini ba ke kaanem de zwɛɛm pɛɛra jei sem konto ne. Ko ye Jotam mo fɔge o lɔ Baŋa Wɛ wara-jei sem ni delo na wo baŋa seeni to.
36Jotam déem na di paare ye o ke wonnu telo to, de o totoŋa yam maama, ba popone-te ba tiŋi Judah Teo Pwa Seina tɔnɔ kom wone. 37Ko ye o paare dim maŋa kam ne mo Baŋa Wɛ bobo se o toŋe Siria teo pɛ Rezin, de Remalia bu Peka se ba li Judah teo de jara. 38Jotam ma te ye o vo o kwoa tei. Ba ma kwei‑o ba suli o kwoa yibeeli ne o nabaaro David teo Jerusalem ne. O bu Ahaz ma leiri o di paare.",https://www.bible.com/bible/3661/2KI.15.KBG
2 PWA 16,"Judah teo pɛ Ahaz taane
1Remalia bu Peka paare dim bena fuga-yarepɛ bene dem wone mo Jotam bu Ahaz déem di Judah teo paare. 2Ahaz déem jege bena finlei mo ye ba tiŋi‑o paare. O ma jeini Jerusalem ne o di paare dem o ke bena fuga-yaredo. O nam wo toŋe o pwoli o Tu Baŋa Wɛ wo nenɛɛne o nabaaro David na ke tei to. 3O déem tusi de o na kwei Isarele teo pwa bam totoŋ-naga tei to. O ma ja o tete bu o zwɛ o ma o ke kaanem. O keim dem konto bere we o lwoni totoŋ-zɔɔna yalo dwi-gɛ tiina na ke ye Wɛ zeili-ba tega kam ne o daare o pa Isarele tiina bam jeini to mo. 4Ko ná ye wara-jei bimbina yam baŋa ne, de zwonnu tem baŋa ne, de teeni maama kuri ne, o déem yeini o ke kaanem de zwɛɛm pɛɛra mo jei sem konto maama ne.
5Siria teo pɛ Rezin de Isarele teo pɛ Peka déem ma zaŋe ba vo Jerusalem se ba kwaare jara de Judah tiina bam. Ba ma gilimi teo kom ba pu, ye ba wo wane Ahaz ba di. 6Kanto maŋa kam ne mo Siria teo pɛ Rezin déem zeili Judah tiina balo na zoore Elafa ne to o jwoori o ke teo kom o tete nɔɔna jeŋa ne. Edom tiina laam ma vo ba zoore Elafa ne ye ba ta wora de zem maama.
7Pɛ Ahaz ma toŋe o tontoŋena se ba vo ba ta de Asiria teo pɛ Tigilaf-Pilesa we, “Amo ye nmo tontoŋeno mo ye a yɔɔre a sɛ a pa‑m. A nam lwoori‑m se n ba n jwoŋi-ne n yage Siria tiina de Isarele tiina bam jeŋa ne, ba na tu ba li amo de jara to ŋwaane.” 8Ahaz ta ma kwei lu-nyenno de sabu-seŋa wonnu telo na wo Baŋa Wɛ diga kam ne to dedaane telo na wo pɛ sɔŋɔ kom wone to o toŋe o pa Asiria pɛ wom. 9Asiria teo pɛ ma sɛ. O ma vo o kwaare jara de Damasika o wane-ko. O ma ja ko nɔn-bia bam o vo o yage Kiri teo ne o daare o go Pɛ Rezin.
10Pɛ Ahaz déem ma vo Damasika se o ware Asiria teo pɛ Tigilaf-Pilesa. O na wo teo kom wone konto to mo o nɛ kaanem bimbini ba na lɔge ba zege da. O ma kwei bimbini dem nyenyego o toŋe o pa Wɛ kaanem nakwe tu Yuria se o wane o lɔre ko na ye tei to chekke. 11Yuria de ma lɔ bimbini dem dwoŋi se de yɔɔre de maŋe de nyenyego kom. O ma lɔ-de o ti ye Ahaz laam zege Damasika ne o jwoori. 12Ahaz na jwoori o ba ye o na bimbini dem to, o ma yi de yera o ke kaanem de baŋa ne. 13O déem ke zwɛɛm pɛɛra, de wodiu pɛɛra kaanem mo. O ma lwo wo-nyɔɔro pɛɛra o ke da ye o daare o kwei yazura kaanem jana bam o miisi bimbini dem yera ne. 14Ahaz ma le channa kaanem bimbini dem na zege Baŋa Wɛ yiga ne to o ja o nwoŋi Wɛ diga kam ni dem ne. De déem ya zege diga kam ni dem de bimbin-doore dem tetare ne mo. O ma kwei-de o zege bimbin-doore dem baŋa kam seeni. 15O ma ta de Wɛ kaanem tu Yuria o we, “Ko ná ye bimbin-kamunu kolo dé laam na lɔge to, ta‑n ke zezeŋa maama zwɛɛm kaanem, de dedaan-ni maŋa maama wodiu pɛɛra yam de baŋa ne. Ta ke pɛ wom tete zwɛɛm kaanem dem, de o wodiu pɛɛra yam, ko woli de nɔɔna bam maama zwɛɛm kaanem, de ba wodiu pɛɛra, de ba wo-nyɔɔro pɛɛra yam maama bimbin-doore dem baŋa ne. Ta daare n kwei kaanem dem maama jana bam n miisi bimbini dem yera ne. Ko nam ná ye channa bimbini dem, amo wó taa mae dento a fɔge a yiga.” 16Yuria ma seene o ke ne Pɛ Ahaz na tage tei to.
17Pɛ Ahaz déem ma le channa wonnu telo na meeli ware-zwe zegem torokooro tem sɛ sem ne to. O ta ma le ware-zwe sem tete. Ko ná ye channa ware-zon-zɔŋɔ kolo ba na bwoi we ‘Naneo kom’ to, o ta ma zoore-ka ka na zege channa nabɛ selo baŋa ne to. O ma daare o kwei-ka o zege kandwɛ-polɔgɔ baŋa ne. 18Ahaz ta ma gɔ vwei delo ba ya na pugi wara-jei sem ne siu dɛ ŋwaane to. O ta ma daare o se manchwoŋo ni delo ba ya na pore se pɛ wom taa tɔge da o zoore Wɛ diga kam wone to. Ahaz déem ke konto maama se ko pwoli Asiria teo pɛ wom wo mo.
19Ahaz déem na di paare ye o ke wonnu telo to, de o totoŋa yam maama, ba popone-te ba tiŋi Judah Teo Pwa Seina tɔnɔ kom wone. 20Ahaz ma te ye o vo o kwoa tei. Ba ma kwei‑o ba suli o kwoa bam yibeeli ne David teo Jerusalem ne. O bu Hezekia ma leiri o yuu ne o ji pɛ.",https://www.bible.com/bible/3661/2KI.16.KBG
2 PWA 17,"Isarele teo pɛ Hosea taane
1Judah teo pɛ Ahaz paare dim bena fuga-yalei bene dem wone mo Ela bu Hosea déem di Isarele teo paare. O jeini Samaria ne mo o di paare dem bena nogo. 2Hosea déem toŋe lwarem o chɔge Baŋa Wɛ yiga. O totoŋ-lwanno tem nam daa wo yi Isarele pwa balo na dɛ yiga ba di paare dem to.
3Asiria teo pɛ Salemanesa déem ma vo o kwaare jara de Isarele teo pɛ Hosea. Konto ŋwaane mo Hosea déem wo o dam kuri ne ye Isarele tiina bam yeini ba ŋwe lampwoo ba pa‑o bene maama wone. 4Asiria pɛ wom déem nam maane we Hosea lɔge o kwaga ne mo de o na toŋe nɔɔna Ejipti teo pɛ Soo tei ne se ba sɔ ni daane to. Hosea ma daare o ve se o daa taa ŋwe lampwoo o pa Asiria pɛ wom, ne o ya na ke tei bene maama wone to. Konto ŋwaane Pɛ Salemanesa ma ja‑o o vo o pe peena diga ne. 5O laam ma vo o li Isarele laŋa kam maama de jara. O ma vo o kaare Samaria teo kom o pu se ko yi bena yatɔ.
6Hosea paare dim bena nogo bene dem wone mo Salemanesa wane o di Samaria teo kom. O ma ja Isarele tiina bam o vo o yage Asiria ne. O jaane ba badwonna o vo o yage Hala ne, de Gozan jei selo na wo Habora buga kam ni ne to. O ta ma ja ba badaara o vo o yage teene delo Media tiina na zoore da to.
Ko na ke tei ye Isarele tiina bam na chɔgem to
7Tento maama déem kea Isarele tiina bam na ke wɛleera ba chɔge ba Tu Baŋa Wɛ wom yiga to ŋwaane mo. Ko nam ye Baŋa Wɛ mo jaane-ba o nwoŋi Ejipti teo ne mɛ ba ya na wo ko Pa-faro dam kuri ne to. Ba ma yeini ba zuli wa-yɔɔro mo, 8ba daare ba lwoni chullu telo dwi-gɛ tiina na yeini ba ke ye Wɛ zeili-ba tega kam ne o daare o pa Isarele tiina bam jeini to. Ba daa ta ma tɔge keim-balwaaro telo Isarele pwa bam déem na jege ba ke to. 9Isarele tiina bam déem seigi mo ba toŋe lwarem ba chɔge ba Tu Baŋa Wɛ yiga. Ba lɔge wara-jei mo se ba taa maa ke kaanem ba teene maama wone, ko ná maŋe ko ye teo balaŋa de teo kamunu maama wone de. 10Ba déem ta chwi kandwa de Asera nyenyego dɛ ba zege zwonnu maama yuu ne de teeni maama kuri ne se ba taa zuli-te. 11Ba ta ma ke zwɛɛm pɛɛra ba zuli jwona yam, nenɛɛne dwi-gɛ tiina ya na ke tei ye Wɛ zeili-ba tega kam ne o daare o pa Isarele tiina bam jeini to. Konto to, ba déem ke wo-zɔɔna yalo na chuchugi Baŋa Wɛ bane to mo. 12Baŋa Wɛ nam ya pɛ-ba ni o we, ba yé taa zuli jwona. De ko de, ba ta ke konto mo. 13Kuni dedɛ mo Baŋa Wɛ déem tɔge o sampwori de o yi-nara baŋa ne o kaane Isarele tiina bam de Judah tiina bam o we, “Nam yage-na á keim-balwaaro tem, se á daare á sɛ amo ni-kaana yam de a bera yam. Yanto maama ye nia yalo amo déem na pɛ á nabaara bam se ba taa tɔge to mo. A ma daare a tɔge a tontoŋena bam baŋa ne a bere abam de.”
14De ko de, Isarele tiina bam wo sɛ Baŋa Wɛ ni dem. Ba bochara digili mo, ne ba nabaara bam déem na ke tei ye ba ve ba Tu Baŋa Wɛ to. 15Ba déem ve se ba taa tɔge o nia yam, de ni-gwonim delo o na ke de ba nabaara bam to. Ba ma daare ba ve o ni-kaana yam de. Ba ma zuli jwo-yɔɔro pa se ba de ji nɔn-kayɛ. Ba ma lwoni dwi-gɛ tiina balo na gilimi-ba to kikia. Baŋa Wɛ ya maŋe o kaane-ba se ba yé lwoni banto kikia.
16Ba yiga déem tera de ba Tu Baŋa Wɛ nia yam. Ba ma kwei luu ba ma ba mɔ na-mɔre selei kamwaro, ba daare ba ke Asera nyenyego daa se ba zuli-te. Ba ta ma kuni dwoona ba zuli chalechwe sem de Baal jwoni dem. 17Ba déem kwei ba tete bia, bakeiri de bukwa, ba zwɛ ba ma ke kaanem. Ba ta maa yeini ba vei vora de yi-nara tei se ba nii ba yiga ba pa-ba. Ba ma yɔɔre ba yage ba tete se ba taa ke lwarem ba chɔge Baŋa Wɛ yiga pa se ba chuchugi o bane.
18 Baŋa Wɛ bane na tiini de zaŋe Isarele tiina bam baŋa ne konto to, o ma zeili-ba o yiga ne. Judah dwi tiina bam yerane mo daare. 19Judah tiina bam de déem wo sɛ ba Tu Baŋa Wɛ nia yam. Ba ma kwei Isarele tiina bam totoŋ-naga ye ba ke lwarem. 20Konto ŋwaane mo Baŋa Wɛ déem mɛ o kwaga o ya Isarele dwi dem maama, ye o daare o pa cham ba ba baŋa ne de ba dona na jege-ba ba bɛɛse tei to. Ko ke konto mo taa ye Baŋa Wɛ laam zeili-ba o yiga ne.
21 Baŋa Wɛ déem na pɔɔre Isarele dwi dem o ja nwoŋi Pɛ David dwi dem jeŋa ne to mo Isarele tiina bam kwei Nebat bu Jeroboam ba tiŋi‑o paare. Jeroboam ma soge Isarele tiina bam pa se ba ywori Baŋa Wɛ chwoŋa kam ne, ye ba fɔge ba zo wɛleera dedɛ wone. 22Ko kwaga ne Isarele tiina yɔɔre ba tɔge wɛleera dwi delo maama Jeroboam na ke to mo. Ba bere ba wo sɛ se ba yage-ya. 23Ba ke konto mo taa ye Baŋa Wɛ laam zeili-ba o yiga ne. O déem maŋe o tɔge o sampwori sem baŋa ne o kaane-ba we, o wó ke konto mo. Mo kokuri Isarele tiina dona bam jaane-ba ba nwoŋi ba tete tega kam ne ba vo Asiria. Dáane mo ba ta wora de zem maama.
Asiria tiina na nɛ jeiŋa jei Samaria ne
24Asiria teo pɛ déem ma ja nɔɔna badwonna ya na zoore Babilon ne, de Kufa ne, de Awa ne, de Hamafa ne, dedaane Sefavayim ne to o ba o yage Samaria ne se banto leiri Isarele tiina bam yuu ne ba taa zoore da. Nɔɔna bam konto ma lɛɛre ba tei Samaria laŋa kam ye ba zoore ka teene dem wone. 25Ba na bobo se ba taa zoore da to, ba wo kɔre Baŋa Wɛ. Baŋa Wɛ ma pa nywonnu zo ba wone pa se te go ba badwonna. 26Nɔɔna ma ta ba bere Asiria teo pɛ ba we, “Nɔɔna bam nmo na jaane n ba n jeini Samaria teene dem wone to yeiri tega kam konto wɛ dem chullu tem. Konto ŋwaane mo wɛ dem konto pɛ se nywonnu zo ba wone ye te go ba badwonna.”
27Asiria pɛ wom ma pa ni dento o we, “Le-na nɔɔno dedoa Samaria kaanem tiina balo dé na jaane dé ba ywo to wone á daare á pa se o jwoori o vo o taa zoore o tete tega kam ne. Kotu laam wó wane o bere nɔɔna bam se ba lɔre tega kam wɛ dem chullu tem na ye tei to.” 28Ba ma seene ba pa Samaria kaanem tiina dedoa jwoori o vo o zoore Bɛtel ne. O ma bere nɔɔna bam ba na wó taa zuli Baŋa Wɛ tei to.
29De ko de, nɔɔna balo na nwoŋi ba teene dwi dwi ba ba Samaria to daa ta mɔɔne ba tete wa kamwaro mo. Ba déem ma kwei-te ba zege wara-jei selo Samaria tiina bam ya na lɔge ba tete jwona yam ŋwaane to. Nɔɔna bam dwi dwi ke konto teo kolo maama ba na zoore da to mo. 30Babilon tiina bam na mɔɔne jwoni delo to yere mo Sukof-Benofi. Kufa tiina bam jwoni dem yere maa ye Nɛgale. Hamafa tiina bam de maa kaane Asima. 31Awa tiina bam maa kaane Nibaza de Tataka jwona yam. Sefavayim tiina bam maa yeini ba zwɛ ba bia ba ma kaane ba jwona Aderamɛlɛka de Anamɛlɛka. 32Nɔɔna bam konto déem kɔre Baŋa Wɛ mo ba woli da. De ko de, ba yeini ba le ba tete dwi wone nɔɔno de nɔɔno mo se ba taa yeini ba ke kaanem wara-jei sem maama ne. 33Konto to, ba déem zuli Baŋa Wɛ ye ba ta vei ba zuli ba tete teene dem jwona, ne ba tete dwi tiina na yeini ba tɔge chullu telo to mo.
34De zem maama, nɔɔna bam ta wo yage ba faŋa chullu tem. Ba ba yɔɔre ba kɔre Baŋa Wɛ. Ba maa ba sɛ Baŋa Wɛ bera yam, de o chullu tem, de o nia yam, ne o déem na kwei o pa Jakob dwi tiina bam se ba taa tɔge to. Jakob yere dem konto mo Baŋa Wɛ déem leiri pa de ji Isarele. 35Baŋa Wɛ déem gwoni ni de Isarele dwi tiina bam, ye o kaane-ba we, “Abam daa á yé zuli-na wa yadwonna á woli amo wone. Á ba jege se á tiiri jwona yiga ne, naa á zuli-ya, naa á kaane-ya. 36Abam nam jege se á ta‑á kɔre Baŋa Wɛ mo, o na tɔge o dam-fɔrɔ baŋa ne o toŋe wo-kamunnu o ma o ja abam o nwoŋi Ejipti wone to ŋwaane. Wonto yerane mo abam wó tiiri o yiga ne á zuli‑o, á daare á ke kaanem á pa‑o. 37Á ta‑á yei se á sɛ o bera yam, de o chullu tem, de o ni-kaana yam, ne o na popone nia yalo o tiŋi o pa abam to. Á ye zaŋe-na á zuli wa-yɔɔro. 38Á nam yé swei a na gwoni ni delo de abam to. Yé kɔre-na wa yadwonna á woli amo wone. 39Á nam jege se á kɔre á Tu Baŋa Wɛ wom yerane mo. Ko ye wonto mo wó vere abam á dona maama jea ne o yage.”
40Nɔɔna bam nam wo sɛ Wɛ ni dem konto, ye ba ta ke ne ba na maŋe ba ke tei faŋa to. 41Dwi-gɛ tiina bam konto déem yeini ba kɔre Baŋa Wɛ ye ba ta zuli ba jwona kamwaro tem de mo. De zem maama ba dwi dem ta ke konto mo, ne ba nabaara bam de ya na ke tei to.",https://www.bible.com/bible/3661/2KI.17.KBG
2 PWA 18,"Judah teo pɛ Hezekia taane
1Isarele teo pɛ Ela bu Hosea paare dim bena yatɔ bene dem wone mo Ahaz bu Hezekia déem di Judah teo paare. 2Hezekia déem jege bena finlei-yanu mo ye ba tiŋi‑o paare. O ma jeini Jerusalem ne o di paare dem o ke bena finlei-nogo. O nu wom déem ye Zekaria bukɔ Abija mo. 3O totoŋa ma su Baŋa Wɛ yi lanyerane, nenɛɛne o nabaaro David déem na ke tei to. 4O déem yɔɔre o chɔge wara-jei bimbina yam mo o dole o yage. O ta ma guri kandwa yalo ba ya na chugi ba jege ba kaane to o chochoge, o daare o gwoni Asera nyenyego dɛ sem o de tega ne. Ko ta ná ye channa basankwea kalo Moses déem na mɔɔne o zege to, o ma chochoge-ka bɛŋwaane Isarele tiina bam yeini ba ke zwɛɛm pɛɛra mo ba ma kaane-ka. Ba déem pɛ ko yere we ‘Nehusitan’ mo.
5Hezekia déem pɛ Baŋa Wɛ wom na ye Isarele tiina Wɛ to chega. Judah teo pwa balo maama ya na dɛ yiga ba ba to, de balo na saŋe o kwaga ba ba to maama wone, pɛ tera o na nye de wonto. 6O ma yɔɔre o sale Baŋa Wɛ yera ne, ye o wo ywori o chwei sem ne. O déem tɔge Baŋa Wɛ nia yalo o na pɛ Moses to chekke. 7Baŋa Wɛ de maa wo Hezekia tei ne, pa se o na yiga-veiŋa o totoŋa maama wone. O ma lɔ Asiria teo pɛ kwaga ne, ye o wo sɛ o pa‑o. 8O déem wane Filisi tiina bam o di. O wane ba teene dem, ko ná maŋe ko ye teo balaŋa de teo kamunu maama de, o kɛ o vo yiga yiga o yi Gaza de ko kateira yam.
9Hezekia paare dim bena yana bene dem wone mo Asiria teo pɛ Salemanesa de o jar-keira vei ba li Samaria teo kom ba ba pu de jara. Isarele teo pɛ Ela bu Hosea paare dim bena yarepɛ bene dem wone mo konto. 10Bena yatɔ na kɛ to, Asiria jar-keira bam ma lɛɛre ba jwoŋi teo kom ba tei. Hezekia paare dim bena yaredo bene dem wone mo konto, ye ko ta ye Isarele teo pɛ Hosea paare dim bena nogo bene dem wone. 11Asiria teo pɛ ma le Isarele tiina bam o ja o vo o yage Hala ne, de Gozan jei selo na wo Habora buga kam ni ne to, dedaane teene delo Media tiina na zoore da to. 12Tento maama déem ke Isarele tiina bam, ba na wo sɛ ba Tu Baŋa Wɛ kwora kam to ŋwaane mo. Ba ma chɔge ni delo o na gwoni de-ba to. Ba maa wo sɛ nia yalo Baŋa Wɛ tontoŋeno Moses déem na kwei o pa-ba to. Ba bere ba wo cheigi-ya. Ba maa wo sɛ se ba tɔge-ya de.
Asiria teo pɛ ke chichuŋu de Judah tiina
13Pɛ Hezekia paare dim bena fuga-yana bene dem wone mo Asiria teo pɛ Senakeribi tu o li Judah te-kamunnu telo na fɔge te pe to maama de jara. O ma wane-ba o di. 14Judah teo pɛ Hezekia ma toŋe kwora o pa Asiria pɛ wom Lakisi teo ne ye o we, “Amo toŋe a tusi nmo yiga ne. Konto ŋwaane amo wó ŋwe lampwoo kolo maama nmo na boŋe we ko maŋe to a pa‑m. Nam yage jara yam n daare n viiri.” Asiria pɛ wom ma ta se Hezekia ŋwe lu-nyenno dunni na yi kilo morro fuga (10,000) to, de sabu-seŋa kilo moro dedoa (1,000) o pa‑o. 15Hezekia ma la lu-nyenno wonnu telo maama na wo Baŋa Wɛ diga kam ne to, ko woli de telo ba ya na tiŋi pɛ sɔŋɔ kom wone to o kwei o pa Asiria pɛ wom.
16Kanto maŋa kam ne, Hezekia ta ma le sabu-seŋa kalo o ya na mɛ o taare Baŋa Wɛ diga kam bworru tem de ka ywoa yam to o kwei ka maama o pa Asiria pɛ wom. 17Asiria pɛ wom ma toŋe o jar-keira yuu tu de o dedɛɛra balei se ba zege Lakisi ne ba nwoŋi de jar-keira kɔgɔ dedɛ ba vo Jerusalem ba gware Hezekia. Ba na yi da to, ba ma vo ba zege na-fera kalo na zoore baŋa seeni chɔgɔ kom to ni ne. Jeiga kam konto bwola de chwoŋa kalo ba na zare gwaaro ka ni ne to mo. 18Dedɛɛra bam ma toŋe ba bwoŋi Pɛ Hezekia. Pɛ wom de ma toŋe Hilikia bu Eliakim na nii pɛ sɔŋɔ kom totoŋa baŋa ne to, dedaane Sebena na ye tɔn-poponno to, ko woli de Asaf bu Joa na nii pɛ sɔŋɔ kom yera seina twanno baŋa ne to, se ba nwoŋi teo kom wone ba vo ba jeeri-ba.
19Ba na jeeri to mo Asiria teo pɛ dedɛɛra yiga tu wom taga de-ba se ba ja Asiria pɛ wom kwora ba vo ba ta de Pɛ Hezekia. O maa we:
“Asiria Pa-faro wom we: Bɛ mo bere ko pa se n jege n tete chega konto? 20Nmo boŋe we ni-wɛɛle wae jara de ke mo na? Wɔ baŋa ne mo n teege ye n lɔ amo kwaga ne? 21Nmo teena wo Ejipti teo ne mo na? Konto nam nye de nɔɔno na kwei kasogo o ji o nacheiga to mo. Kasogo kom wó seere mo ka zɔ wolo maama na zei-ka to jeŋa. Konto mo wó ke wolo maama na sale Ejipti Pa-faro wom yera ne to. 22Nmo nam ta ná we, ‘Dé wó sale debam Tu Baŋa Wɛ yera ne mo,’ ko dae Wɛ dem konto wara-jei de kaanem bimbina mo Hezekia guri o yage o daare o pa ni se Jerusalem de Judah nɔɔna maama taa tui bimbini dem na wo Jerusalem ne ywo-seeni to yerane ba zuli‑o na?
23Amo lage a ma a tu wom yere mo a ke ni dedaane nmo Hezekia. Amo wó pa‑m sisein-nɔɔna morro telei, ne nmo ná wó wane n na se dira bam n ke da. 24Nii amo wolo na ye a pɛ wom nabwom to na jege dam delo to. Nmo wó wane-ne n ve n daare n ke n teena de Ejipti tiina mo we ba wó woli‑m de ba jara-keim torokooro de ba sisein-dira na? 25Ko dae Baŋa Wɛ mo toŋe-ne se a ba ywo a wane n teo kom na? Ko seene ko ye Baŋa Wɛ tete mo pɛ-ne ni se a li teo kom de jara a daare chɔge-ko.”
26Eliakim, de Sebena, dedaane Joa maama ma ta de Asiria teo dedɛɛra yiga tu wom ba we, “Popo ŋɔɔne Aram tiina taane de debam, se dé wó ni. Nmo ná ŋɔɔne de Judah tiina taane dem, balo na dɔge kabira kam yuu ne ba cheigi to wó da ba ni n na tɛ kolo to mo.” 27Asiria teo yiga tu wom ma leiri-ba o we, “Á boŋe we amo tu kwora kam wora ka pa abam de á pɛ wom yerane mo na? Ko ye balo maama na dɔge kabira kam baŋa ne to de nyem mo. Banto de wó da ba di ba beinnu ba daare ba nyɔ ba fea ne abam na jege se á ke tei to mo.”
28Asiria yiga tu wom ma tɔɔle o yage de Judah tiina taane dem o we:
“Abam maama cheigi-na Asiria teo pa-faro wom kwora kam. 29Pɛ wom we: Yé sɛ-na se Hezekia taa jege abam o gana, se o bá wane abam o jwoŋi o yage amo jeŋa ne. 30Nam yé pa-na se á pɛ wom gane abam se á ke á wo-dedoa de Baŋa Wɛ. O ná tage de abam we, Baŋa Wɛ wó jwoŋi abam o yage ye o che se Asiria teo pɛ yé di á teo kom, nam yé sɛ-na. 31Yé cheigi-na Hezekia taane kɔtaa. Asiria pɛ wom nam na tage tei to mo tento: ‘Abam maama jege se á nwoŋi á teo kom wone se á daare á to á pa-ne. Á ná ke konto, á wó na chwoŋa se á ta‑á jei yɔlɔ-lɔ-lɔ ye á di á tete Vini teeni de á kaporro tem nyɔɔre. Á ta maa wó nyɔ á vola na bam á ni ywoni. 32Konto kwaga ne, amo ta wó ja abam a vo a yage tega kalo na nye de abam tete tega kam to baŋa ne. Dáane Vini teeni wora se á na sana á nyɔ, de mena se á ma á ke bworobworo. Olivi teeni nuga, dedaane tooro dedɛ de maa wo dáane. Kuri-na ŋwea á leiri toone yuu ne! Yé cheigi-na pɛ Hezekia taane dem, de o na gane abam ye o we, Baŋa Wɛ wó jwoŋi abam o yage to. 33Teo kɔ tete jwona mo dana pa se ya wane ya jwoŋi ya teene ya yage Asiria pa-faro wom jeŋa ne? 34Hamafa, de Arapade jwona yam bɛ? Sefavayim, de Hena, dedaane Ivaa jwona yam de nam wo yei ne mo? Ya wane ya vere Samaria tiina ya yage a dam kuri ne na? 35Teene dem maama jwona yam wone, jwoni dɔ mo wane de jwoŋi de teo de yage amo jeŋa ne? Baŋa Wɛ de nam bá wane o vere Jerusalem o yage amo jeŋa ne.’ ”
36Jerusalem teo nɔɔna bam ma maŋe da chemm, ba wo leiri o taane dem, kokuri to, Pɛ Hezekia ya pɛ-ba ni mo o we, “Yé leiri-o-na.” 37Hilikia bu Eliakim na nii pɛ sɔŋɔ kom totoŋa baŋa ne to, de Sebena na ye tɔn-poponno to, dedaane Asaf bu Joa na tiŋi pɛ sɔŋɔ kom yera seina twanno tem to maama ma ja ba gwaaro ba kaare wo-chechɔgɔ ŋwaane, ye ba ja kwora kalo Asiria teo dedɛɛra yiga tu wom na taga to ba vo ba ta de Pɛ Hezekia.",https://www.bible.com/bible/3661/2KI.18.KBG
2 PWA 19,"Hezekia lwoori wolim Baŋa Wɛ tei ne
Izaya 37:1-7
1Pɛ Hezekia déem na nigi kwora kam to, o wo ma tiini ko chɔge ye o kaare o gwaaro. O ma daare o kwei gare-nyenyaaro o zo ye o vo o zo Baŋa Wɛ diga kam. 2O ma toŋe Eliakim na nii pɛ sɔŋɔ kom totoŋa baŋa ne to, de Sebena na ye tɔn-poponno to, dedaane Wɛ kaanem yiga tiina bam se ba zo gare-nyenyaaro ba vo Amozi bu Izaya na ye Wɛ sampwora to tei. 3Ba ma vo ba ta ded‑o ba we, “Hezekia na tage tei to mo tento: Dé zem jege lɛɛro de chaveera mo dé di. Ko tiini ko ye kuri-nɔrɔ mo de yera ne. Dé nye de kaane na virigi puga se o lo ye dam tere o yera ne se o lo bu wom to mo. 4Asiria teo pɛ wom mo toŋe o dedɛɛra yiga tu se o ba o twe Ŋwea Tu Baŋa Wɛ. Dɛ delo tento nmo Tu Baŋa Wɛ nigi toro tem konto maama, ye o nam wó bwɛ dedɛɛro wom de o ta-balɔrɔ kom. Nam lwoori Wɛ n pa debam balo fee na daare de maŋe teo kom ne to.”
5Hezekia tontoŋena bam na pɛ Izaya kwora kam ba ti to, 6mo Izaya de kwei kwora o pa-ba o we, “Jwoori-na á vo á ta de Pɛ Hezekia we, ‘Baŋa Wɛ na tage tei to mo tento: Yé ta‑n kɔre foone de taane delo Asiria pɛ na tɔge o tontoŋena bam baŋa ne o ma o twe-ne to. 7Nii mo. Amo Baŋa Wɛ wó pa se Asiria pɛ wom boboŋa vugimi pa se o ni sawea ye o da ka ŋwaane o jwoori o tete teo. Dáane mo ba wó zɔ‑o de se-zɔɔ ba go.’ ”
Asiria pɛ Senakeribi chichuŋu belei tu
8Asiria teo dedɛɛra yiga tu wom déem nigi we ba pɛ wom yage Lakisi teo ye o vo se o kwaare jara de Libina teo tiina. O de ma kɛ o vo dáane. 9Maŋa kam konto ne de, Asiria teo Pɛ Senakeribi ta nigi kwora we Tirahaka na ye Kusi teo pɛ to mo beene se o jeeri‑o de jara. O ma toŋe nɔɔna Hezekia tei ne de kwora kanto o we:
10“Ta-na de Judah teo pɛ Hezekia we, ‘Yé pa wɛ delo n na pɛ-de chega to taa jege‑m de gane we, Jerusalem teo bá fɔge ko zo Asiria teo pɛ jeŋa ne. 11Nmo maŋe n ni Asiria teo pwa bam na toŋe tei de logo baŋa teene maama to. Ba yɔɔre ba chɔge de maama mo. Nmo nam boŋe tetɛ mo ye n teene se n lu? 12Teene dedwonna dem jwona wane-de ya jwoŋi ya yage amo nabaara bam jeŋa ne na? A nabaara bam nam chɔge Gozan, de Haran, de Rezefe, de Eden tiina balo déem na zoore Telasara ne to ba ti. 13Ko ta ná ye Hamafa, de Arapade, de Sefavayim, de Hena, de Ivaa, teene dento pwa bam de wora na?’ ”
Hezekia wɛ-lworo kom
14Hezekia ma jwoŋi tɔnɔ kom Asiria teo pɛ tontoŋena bam tei ne, ye o ga-ko. O ma ja-ko o zo Baŋa Wɛ diga kam wone o kwei o jare Baŋa Wɛ yiga ne. 15Hezekia ma lwoori Baŋa Wɛ ye o we, “Baŋa Wɛ wom na ye Isarele tiina Wɛ to, nmo paare di cherubi sem tetare laŋa ne mo. Nmo yerane mo ye Wɛ, ye n tei tega baŋa paare dim jei maama. Nmo nam mo naane wɛyuu de tega baŋa. 16Baŋa Wɛ, nam pore n zwa se n cheigi! Ta puri n yia se n nii n na kolo na ke debam to. Cheigi ta-kwogila yalo Senakeribi na toŋe o ma o twe nmo Ŋwea Tu Baŋa Wɛ to. 17Baŋa Wɛ, ko ye chega mo we Asiria teo pwa déem seene ba chɔge teene de de nɔn-bia dedɛ, pa se de ji di-dwonnu yerane. 18Ba ma dole teene dem konto jwona ba de mini wone ba zwɛ-ya. Kokuri to, ba wa yam dae wa chekke. Nabiina mo boŋe ba ja ye ba kwei dɛ de kandwa ba ke-ya. Konto ŋwaane mo ya nɛ chɔgem. 19Konto to, dé Tu Baŋa Wɛ, yɔɔre n jwoŋi debam n yage Asiria teo pɛ jeŋa ne se logo baŋa teene dem maama lɔre we nmo Baŋa Wɛ yerane mo ye Wɛ.”
Izaya na leiri pɛ wom tei to
Izaya 37:21-28
20Amozi bu Izaya ma toŋe kwora Pɛ Hezekia tei ne ye o we, “Baŋa Wɛ wom na ye Isarele tiina Wɛ to na tage kolo to mo tento: Nmo na lwoori amo tei se ko vo Asiria teo pɛ Senakeribi seeni to, a sɛ n wɛ-lworo kom. 21Kwora kanto mo Baŋa Wɛ jege se o pa‑o:
Zion tiina bam yɔɔre ba neese nmo mo.
Jerusalem teo tiina bam jege‑m mo ba mɔna.
22Wɔ mo nmo twe
ye n daare n lwɛ konto?
Wɔ yiga ne mo n zege n nye baare
ye n daare n bere n tete konto dwoŋi?
Ko ye Isarele dwi dem Wo-pwoŋo Tu wom mo.
23Nmo tɔge n tontoŋena baŋa ne mo n twe amo.
Nmo ta ma‑n bere n tete n we,
‘Amo pɛ se a sisei-torokooro dedɛ
mo di peero tem yuu
te yi Lebanon peero tem yuu chekke.
A ta ma gwoni ba tei-dedwaaro tem a de tega ne,
de ba tei-ŋonno tem maama.
A ma vo a yi yiga yiga
a zo ba goa mɛ na lini to wone.
24Amo ta ma vo a ko vola
sa-teene ne yiga yiga,
ye a nyɔ na ya wone.
A jar-keira bam ma nɔne
Ejipti bwi sem de ba napera pa se we.’
25Nmo wo nigi we amo maŋe
a boŋe boboŋe dem faŋa faŋa mo na?,
A na boŋe tei faŋa faŋa konto to
mo amo laam pɛ se ko seene ko ke.
A boboŋa déem jaane
se nmo zaŋe n chɔge teene
delo ya na lɔge de pe to
se de ji kandwa na dogele da-baŋa ne ya tigi to mo.
26A ta pɛ se teene dem konto
nɔn-bia bam dam ti,
ye ba di ba chaveera nmo ŋwaane.
Banto jigi ne ga-punnu
de ga-lɛɛro nmo yiga ne.
Ba maa nye de gaao na wora
ko tae ko nwoŋi to mo,
ye wea laam mage-ko
pa se ko te lela.
27Amo nam yei nmo kuri maama.
A ta yei n na-veili maama ni ne,
de ni-wɛɛle delo n na jege n ke de amo to ni ne.
28Amo laam lage a waare‑m mo
n na jege ni-wɛɛle delo
n ke de amo to ŋwaane.
N yi-dɛɛre kikia yam to amo zwa ne.
Mo kokuri amo wó lei gwola
n momwɛ ne,
ye a daare a ke gara n ni ne.
A laam maa wó vaŋe‑m se n tɔge
chwoŋa kalo n na tɔge da n ba to
n jwoori n tete teo.”
29Izaya laam ma ta de Hezekia o we:
“Keim dento mo wó ke de pa‑m: Dɔɔm bene dem ne, á wó di wodiiru telo na ke te tete ne to. Bene delo na saŋe-de to ne, á wó di kolo na tage ko nwoŋi boboa nyem kom yera ne to. Ko daare bena yatɔ bene dem ne, abam wó du wodiiru ye á pe-te. Á ta wó jeiri Vini teeni ye á daare á di de wo-bia bam. 30Judah dwi tiina balo ta na daare to laam wó taa ye ne tio bonno na jaane tega ye ko nɛ sem leiri bia to mo. 31Kokuri to, Jerusalem teo tiina ta wó daare. Chega to, balo na zoore Zion peo kom baŋa ne to badaara wó lu toone wone. Baŋa Wɛ tete nam wó pa se wonnu tento maama ke, o na seene yia o nii o nɔɔna baŋa ne to ŋwaane.”
32Izaya ta ma ta o we, “Baŋa Wɛ nam na tage Asiria teo pɛ yera taane tei to mo tento:
O bá na chwoŋa se o zo teo konto wone. O jar-keira bam bá ta che-tɛɛre ywo-seeni, de dedoa de! Ba bá kwei ba jara nantana ba nwoŋi se ba ke chichuŋu de teo kom, naa ba lɔ taara ba yeiri teo kom kabiri sem teiŋa ne. 33Asiria pɛ na tɔge chwoŋa kalo o ba to mo o wó tɔge da o jwoori, se o bá zo teo konto wone. 34Amo tete yere dem zula ŋwaane, de a tontoŋeno David ŋwaane, a wó taa kwoli teo konto se kolokolo yé wane-ko ko chɔge. Amo Baŋa Wɛ na tage tei to mo konto.”
Pɛ Senakeribi toone
35Tete dem konto ne Baŋa Wɛ maleka déem ma zaŋe ka vo Asiria jar-keira bam na tigisi mɛ to. Ka ma go Asiria tiina morro bi de funɔnɔ-banu (185,000). Tega na poore to, ba ma na we ba jei sem su de twa yerane mo. 36Konto baŋa ne mo Senakeribi pɛ o jar-keira bam yage jara yam keim, ye o jwoori o kɛ o vo o tete teo. O laam ma vo o zoore Ninevɛ teo ne.
37Dɛ dedwe, o déem ma zo o jwoni Nisiroka diga kam se o zuli-de. O bia balei Aderamɛlɛka, de Sarezera ma zo ba zage‑o ba go de se-zɔɔro. Ba ma duri ba vo Ararati laŋa kam ba zoore da. Senakeribi bu Esara-hadon déem ma leiri o yuu ne o ji pɛ.",https://www.bible.com/bible/3661/2KI.19.KBG
2 PWA 20,"Hezekia weele ye o jwoori o zaŋe
Izaya 38:1-8, 21-22; 2 Tigisim 32:24-26
1Da yam konto ne, Hezekia déem yɔɔre o weele mo ye o bwola de toone. Wɛ sampwora Izaya na ye Amozi bu to ma vo o tei ye o ta‑o o we, “Baŋa Wɛ na tage kolo to mo tento: Bere n sɔŋɔ tiina bam ba na wó ke tei ne n ná tera. Kokuri to, n lage n te mo, n bá‑n wori de n jaweo kom.”
2Hezekia na nigi konto to, mo o pipiri o yibia o jeeri kabira kam ye o lwoori Wɛ o we, 3“Baŋa Wɛ, guli we amo yeini a tɔge‑m de a chega maama dedaane a wo maama mo. A ma yɔɔre a ke kolo nmo na laga se a ke to.” Hezekia ma tiini o keeri dedɛ.
4Se Izaya laam yage pɛ sɔŋɔ konkɔlɔ kom to mo Baŋa Wɛ kwora yi‑o we:
5“Jwoori n vo n ta de a nɔɔna bam yuu tu Hezekia we, ‘Baŋa Wɛ wom na ye n kwo David Wɛ to mo tage o we: A nigi n wɛ-lworo kom, ye a ta na n na kane yi-na tei to. Amo wó pa‑m yazura. Da yatɔ dɛ ne nmo wó vo Baŋa Wɛ sɔŋɔ kom n zuli-ne. 6A nam lage a woli bena fuga-yanu mo n bena yam wone. A ta wó jwoŋi nmo de Jerusalem teo konto a yage Asiria teo pɛ wom jeŋa ne, se a daare a taa kwoli teo konto amo tete yere de David yere zula ŋwaane.’ ”
7Izaya ma ta de Hezekia o we, “Zɔ mɔɔro se n kwei-te n taare n ŋɔn-pwona kam, se n wó na yazura.”
8Hezekia ma ta de Izaya o we, “Keim dɔ mo wó ke se ko bere we Baŋa Wɛ wó seene o pa-ne yazura se a wane a vo Baŋa Wɛ diga kam a zuli‑o da yatɔ dɛ ne?” 9Izaya ma leiri o we, “Keim dento nam mo wó pa n lɔre we Baŋa Wɛ wó seene o ke o na gwoni ni se o ke tei to. Nmo laga se luluŋu kom fɔɔre ko vo yiga naba-laara yia fuga mo naa n laga se ko fɔɔre ko jwoori kwaga kuni fuga mo?”
10Hezekia ma leiri o we, “Ko ye mɔle se luluŋu kom fɔɔre ko vo yiga naba-laara yia fuga. Laam nam pa se ko jwoori kwaga naba-laara yia fuga.” 11Izaya ma lwoori Baŋa Wɛ se o ke konto. Wɛ ma seene o pa se nateini dem luluŋu kom jwoori kwaga naba-laara yia fuga.
Ba zege Babilon ne ba toŋe nɔɔna
Izaya 39:1-8
12Ko maŋe de maŋa kam konto ne, Merodaki-Baladan laam mo jigi Babilon teo pɛ. O na nigi we Hezekia ya weele to, mo o toŋe nɔɔna o tei ne, de twanno, de pɛɛra. 13Hezekia déem ma jeeri nɔɔna bam de wopwolo. O ma ja-ba o zo o jejegero tem na tigi mɛ to. O laam ma bere-ba o lu-nyenno tem maama, de o sabu-seŋa, de o talwoŋ-ywei sem, de o nu-ŋoŋa kam, de o jara zela yam, de kolo maama ba na tiŋi jejegero di sem wone to. Pɛ Hezekia déem wo daare kolokolo pɛ sɔŋɔ kom ne, naa o paare dim jei sem maama ne ye o wo kwei o bere-ba.
14Wɛ sampwora Izaya déem ma vo Hezekia tei ye o bwei‑o o we, “Nɔɔna banto nwoŋi yein-seeni mo ba ba nmo tei? Ba nam tage bɛ mo de nmo?” Hezekia ma leiri o we, “Ba nwoŋi Babilon teo yiga yiga mo ba ba.” 15Izaya daa ma bwei o we, “Bɛ mo ba nii ba na n sɔŋɔ kom wone?” Hezekia ma leiri o we, “Amo bere-ba wonnu telo maama na tigi a jejegero di sem wone to mo. Kolokolo wo daare ye a wo bere-ba.”
16Izaya de ma ta de Pɛ Hezekia o we, “Nam cheigi Baŋa Wɛ na jege kwora kalo se o pa‑m to: 17Ta‑n yei we maŋa lage ka yi se Babilon teo tiina ba ba pɛ jejegero telo maama na tigi n sɔŋɔ kom wone to, de telo n nabaara bam na yaare ba la ba tiŋi to ba ja ba vo ba tete teo kom. Kolokolo daa bá daare ko pa abam. Baŋa Wɛ ni dem mo konto. 18Nmo tete dwi dem de wó tɔge ba woli da. Ba nam ná jaane-ba ba yi da, ba wó lwe n bia bam mo se ba taa toŋe Babilon teo pɛ sɔŋɔ ne.”
19Hezekia na nigi konto to mo o tage de Izaya o we, “Baŋa Wɛ na pɛ‑m kwora kalo se n pa-ne to lana.” Kokuri to o boŋe o tete ne o we, “Ko ná ke konto, cham bá yi debam amo paare dim maŋa kam ne, ye a nɔɔna wó taa zoore de bochare-zuru.”
Hezekia toone
20Hezekia déem na di paare ye o ke wonnu telo to, de o totoŋ-kamuna yam maama, ko woli de o na koge chɔgɔ ye o ke na-fera pa teo kom nɔɔna wae ba mɔɔne na to, ba popone-te ba tiŋi Judah Teo Pwa Seina tɔnɔ kom wone. 21Hezekia ma te ye o bu Manasɛ leiri o yuu ne o ji pɛ.",https://www.bible.com/bible/3661/2KI.20.KBG
2 PWA 21,"Judah teo Pɛ Manasɛ taane
1Manasɛ déem jege bena fuga-yalei mo ye o di paare dem. O ma jeini Jerusalem ne o di paare o ke bena finnu-yanu. O nu yere mo Hefiziba. 2Manasɛ déem toŋe lwarem o chɔge Baŋa Wɛ yiga de o na lwoni totoŋ-zɔɔna yalo dwi-gɛ tiina na yeini ba ke ye Wɛ zeili-ba tega kam ne o daare o pa Isarele tiina bam jeini to. 3O jwoori o lɔ jwona kaanem jei selo o kwo Hezekia déem na chochoge o yage to mo o zege. O ma lɔ bimbina o zege Baal jwoni zula ŋwaane o daare o chwi Asera nyenyego daa nenɛɛne Isarele teo pɛ Ahab déem na ke tei to. O ma tiiri o zuli chalechwe sem de. 4O déem ta lɔge jwona kaanem bimbina mo o zege Baŋa Wɛ diga kam ne. Baŋa Wɛ ya tage jeiga kam konto taane mo we, “Jerusalem ye teo kolo wone nɔɔna na wó taa zuli a yere da to mo.” 5O ta lɔge bimbina mo Baŋa Wɛ diga kam konkwallo telei tem wone se nɔɔna taa mae ba zuli chalechwe sem. 6O ma ja o tete bu o zwɛ mini wone o ma o ke kaanem. O ma ke vora, de yi-nara totoŋa, o ta tɔge chichiri vora, de liri-mwa tiina kwaga. O déem tiini o toŋe lwarem o chɔge Baŋa Wɛ yiga pa se Baŋa Wɛ bane zaŋe ded‑o.
7Manasɛ déem pɛ ba sare Asera nyenyego daa mo ye o kwei-ka o zege Baŋa Wɛ wara-jei sem ne o jege o kaana. Baŋa Wɛ déem taga jei sem konto taane de David, de o bu Solomon o we, “Diga kanto na zege Jerusalem ne to mo ye jeiga kalo amo na kuri Isarele dwia yam maama wone se nɔɔna taa zuli amo yere da se ko taa vei wuu. 8Isarele tiina bam ná yɔɔre ba tɔge bera yalo a na pɛ-ba to, ye ba sɛ nia yalo a na tɔge Moses baŋa a pa-ba to maama, amo bá pa chwoŋa se nɔɔna zeili-ba se ba nwoŋi da tega kalo amo na pɛ ba nabaara bam to.” 9Judah dwi tiina bam nam wo sɛ Baŋa Wɛ ni dem. Manasɛ ma ja-ba o vo o de tusim wone. Ba ma tiini ba toŋe lwarem se ko dwoni lwarem delo dwi-gɛ tiina na yeini ba ke ye Wɛ chɔge-ba o daare o kwei ba tega kam o pa Isarele tiina bam to.
10 Baŋa Wɛ ma tɔge o sampwori sem baŋa o ta o we, 11“Judah pɛ Manasɛ tiini o toŋe totoŋ-zɔɔna ko ja gaale. O ma toŋe lwarem se ko dwoni Amori tiina balo déem na maŋe ba wora ye Isarele tiina bam laam ba to na ke tei to. O ma pa se Judah tiina bam de tusi de ba na tɔge ba kaane o jwona yam to. 12Konto ŋwaane Baŋa Wɛ wom na ye Isarele tiina Wɛ to taga tento mo we, ‘Amo wó pa se lɛɛro yi Jerusalem teo nɔn-bia bam de Judah tiina bam maama se ko ke balo na wó ni ko ŋwa to yaau. 13Amo wó waare Jerusalem tiina bam se ko maŋe de a déem na ke tei de Samaria tiina bam de ba pɛ Ahab dwi dem to. Amo wó saare Jerusalem tiina bam a yage, ne ba na zare zoŋa ba guguni ka wo ye ba pipiri ka ni ba pu tega ne tei to mo. 14Amo nam ta wó ve a nɔɔna balo ta na daare to ye a kwei-ba a ke ba dona jeŋa ne se ba di-ba ba daare ba vere ba jejegero. 15Amo wó ke konto bɛŋwaane ba tiini ba toŋe lwarem ba chɔge a yiga ye ba chuchugi a bane. Ko zege maŋa kalo ba nabaara bam na nwoŋi Ejipti teo ne to ba maŋe ba ke konto mo se ko ba ko yi zem.’ ”
16Manasɛ déem ta pɛ se nɔn-laaro dedɛ ga ba ŋwea pa se ba jana taare Jerusalem teo kom ni maama. O ke lwarem dem konto mo o woli de o ya na maŋe o ke tei o pa Judah tiina bam tusi ba chɔge Baŋa Wɛ yiga to.
17Manasɛ déem na di paare ye o ke wonnu telo to, de o totoŋa yam maama, ko woli de o na ke wɛleera yalo to, ba popone-te ba tiŋi Judah Teo Pwa Seina tɔnɔ kom wone. 18Manasɛ ma te ye o vo o kwoa tei. Ba ma kwei‑o ba suli o sɔŋɔ kaduga kam ne. Ko déem ye Yuza kaduga mo. O bu Amon ma leiri o yuu ne o ji pɛ.
Judah teo Pɛ Amon taane
19Amon déem jege bena finlei-yalei mo ye o di paare. O ma jeini Jerusalem ne o di paare dem o ke bena yalei. O nu yere mo Mesulemef wolo na ye Haruzi bukɔ ye o nwoŋi Jotiba to. 20Amon déem toŋe lwarem o chɔge Baŋa Wɛ yiga mo ne o kwo Manasɛ na ke tei to. 21O kwo totoŋ-naga kam mo o yɔɔre o kwei. O déem kaane jwona yalo o kwo déem na kaane to ye o tiiri o zuli-ya mo. 22Amon mɛ o kwaga mo o ya Baŋa Wɛ wom o nabaara na zuli to. O ma ve se o tɔge Baŋa Wɛ chwoŋa kam.
23Amon tete tontoŋena bam ma lɔ o kwaga ne ba ke ni daane ye ba go‑o pɛ sɔŋɔ kom ne. 24Judah teo nɔn-bia bam de ma zaŋe ba go balo maama na lɔge Amon kwaga ne to. Ba ma tiŋi Amon bu Josia pa o leiri Amon yuu ne o di paare.
25Amon déem na di paare ye o ke wonnu telo to, ba popone-te ba tiŋi Judah Teo Pwa Seina tɔnɔ kom wone. 26Ba ma kwei Amon yera yam ba suli o yibeeli ne Yuza kaduga kam ne. O bu Josia ma leiri o yuu ne o di paare dem.",https://www.bible.com/bible/3661/2KI.21.KBG
2 PWA 22,"Judah teo Pɛ Josia taane
1Josia déem jege bena nana mo ye o di paare dem. O ma jeini Jerusalem ne o di paare dem o ke bena fintɔ-dedwe. O nu yere mo Jedida wolo na ye Adaya bukɔ ye o nwoŋi Bozekafa to. 2Josia totoŋa déem su Baŋa Wɛ yi lanyerane. O yɔɔre o kwei chwei selo o nabaaro David déem na tɔge to mo, ye o wo ywori se wone.
3Pɛ Josia paare dim bena fuga-nana bene dem ne mo o toŋe Azalia bu Safan na ye Mesulam naa to se o vo Baŋa Wɛ wara-jei sem ne. Safan déem ye pɛ sɔŋɔ tɔn-poponno mo. Josia ma ta de Safan o we, 4“Zaŋe n vo kaanem nakwe tu Hilikia tei n ta ded‑o se o jeeli sabu kolo Wɛ diga ni-yerena bam na jwoŋi nɔɔna bam tei ne ba tiŋi to ni. 5O laam wó kwei-ko o pa balo na nii Baŋa Wɛ diga kam kwɛɛm totoŋa baŋa ne to se banto jwoŋi ba ma ŋwe tontoŋena balo na wora ba fɔge ba kwɛ diga kam to. 6Tontoŋena bam konto maa ye gwaro, de lɔra, de kandwa-cherena mo. Ba jege se ba ma sabu kom ba yeigi dɛ, de kandwa yalo ba na yare peo yera ne to se ba ma ba fɔge ba kwɛ Wɛ diga kam. 7Ko ná ye balo ba na wó pa-ba sabu kom to, ko dae se ba jeeli sabu kom ba bere jaja, banto na yɔɔre ba toŋe de chega to ŋwaane.”
Hilikia nɛ Wɛ nia tɔnɔ kom
8Safan na pɛ Hilikia pɛ kwora kam to, mo Hilikia tage ded‑o o we, “Wɛ nia tɔnɔ kom mo tento a na nɛa Baŋa Wɛ diga kam wone.” O ma kwei-ko o pa‑o. Safan ma jwoŋi o ga. 9O ma jwoori o vo ta de pɛ Josia o we, “Pɛ, nmo dedɛɛra bam kwei sabu kolo ya na tigi Wɛ diga kam ne to ba pa balo na nii Baŋa Wɛ diga kam kwɛɛm totoŋa baŋa ne to.” 10Safan ta ma ta de pɛ wom o we, “Kaanem tu Hilikia mo kwei tɔnɔ konto o pa-ne.” O ma ga tɔnɔ kom o bere pɛ wom.
11Pɛ Josia na nigi Wɛ nia tɔnɔ kom seina to mo o wo chɔge dedɛ. O ma ja o gwaaro o kaare. 12O ma daare o ta de kaanem tu Hilikia, de Safan bu Ahikam, de Mikaya bu Akebora, de o tɔn-poponno Safan, ko woli de Asaya na ye pɛ wom yera tontoŋeno to o we, 13“Véi-na Wɛ diga kam á lwoori Baŋa Wɛ kolo na popone tɔnɔ konto wone to ŋwaane, se dé wane dé lɔre o boboŋa. Ke-na konto á pa amo, de Judah tiina bam maama. Baŋa Wɛ bane mo yɔɔre de wiira debam baŋa ne, bɛŋwaane dé nabaara bam wo toŋe ba tɔge nia yalo na popone debam ŋwaane tɔnɔ konto wone to.”
14Hilikia, de Ahikam, de Akebora, de Safan, ko woli de Asaya maama ma zaŋe ba vo Jerusalem jei-doŋa laŋa kam ne se ba na de Wɛ sampwori-kana kalo yere na ye Hulida to. O maa ye Tikiva bu Salum kaane mo. Tikiva de déem ye Hahase wolo na nii pɛ wom gwaaro baŋa ne to bu mo. Nɔɔna bam ma ŋɔɔne de Hulida. 15O de ma leiri-ba o we, “Baŋa Wɛ wom na ye Isarele tiina Wɛ to kwora mo tento: Véi-na a ta de nɔɔno wolo na toŋe abam amo tei ne to we, 16‘Baŋa Wɛ kwora mo tento: Amo wó pa se lɛɛro yi n teo kom de ko nɔn-bia bam maama, se ko maŋe de kolo maama na popone tɔnɔ konto wone ye Judah teo pɛ wom ga to. 17Kokuri to, Judah tiina bam ve amo mo ye ba daare ba kaane wa-yɔɔro. Ba ma chuchugi a bane de ba jea na ke jwona yalo to. Konto ŋwaane a ban-lom dem wó to teo konto baŋa ne. De nam bá fɔge de zuri maŋa de maŋa 18Ko nam ná ye Judah pɛ wom tete na toŋe abam amo tei ne se á lɔre Baŋa Wɛ boboŋa to, Baŋa Wɛ wom na ye Isarele tiina Wɛ to na tage kolo ded‑o to mo tento: Ko ná ye taane delo na wo tɔnɔ kom wone ye n ni-de to, 19amo nɛ nmo wo na chɔge ye n gwooni n tete amo yiga ne de n na nigi we a bane zaŋe teo konto de ko nɔɔna bam baŋa ne to. N ta ma maane we, sɔla mo wo teo kom baŋa ne ye ko wó to ko saare. Nmo nam na kaare n gwaaro ye n keeri amo yiga ne to ŋwaane, amo nigi nmo lworo kom. 20Mo kokuri amo wó pa‑m chwoŋa se n te n tete toone, se n yé na lɛɛro telo a na wó pa te yi teo konto to.’ ”
Tontoŋena bam ma ja Wɛ sampwori-kana kam kwora ba jwoori ba vo ba pa Pɛ Josia.",https://www.bible.com/bible/3661/2KI.22.KBG
2 PWA 23,"Pɛ Josia tu o kwɛ ni-sɛɛm dem
1Pɛ Josia déem ma pa ni se Jerusalem de Judah teene maama nakwa bam la daane o yiga ne. 2O ma ja Judah tiina bam maama de Jerusalem nɔn-bia bam maama, ko woli de Wɛ sampwori sem de Wɛ kaanem tiina bam o vo o zo Wɛ diga kam wone. Ko maa ye nɔɔna bam maama, nabwona de naduna de mo. Pɛ wom ma zege ba yiga ne o ga Wɛ nia tɔnɔ kolo ba déem na nɛ Baŋa Wɛ diga kam ne to o bere-ba. 3Pɛ wom ma zege Wɛ diga kam ywei dem teiŋa ne o fɔge o gwoni ni de Baŋa Wɛ we, o wó kwei o wo maama o jwoori o tɔge Baŋa Wɛ, ye o sɛ o nia yam, de o bera yam, de o chullu tem maama, ne ko na popone Wɛ nia tɔnɔ kom wone tei to. Nɔn-kɔgɔ kom maama de ma tɔge ba sɛ Josia ni-gwonim dem.
4Pɛ Josia ma ta de Wɛ kaanem nakwe tu Hilikia, de balo na saŋe o kwaga to, de Wɛ diga kam ni-yerena bam se ba zo Baŋa Wɛ diga kam wone ba kwei zela yalo ba na mae ba zuli Baal de Asera jwona yam to, de yalo ba na mae ba zuli chalechwe sem to ba ja ba nwoŋi. Josia ma ja wonnu tento maama o nwoŋi Jerusalem teo kom wone o vo o zwɛ-te Kidoron bwolo kom jei sem ne. Ba ma daare ba ja te tentwarem ba ja ba vo Bɛtel.
5Josia ma le kaanem tiina balo Judah pwa bam déem na kuri se ba taa kaane jwona Judah teene dem de Jerusalem nawuura yam wara-jei sem ne to o yage. Kaanem tiina bam konto déem mo yeini ba ke zwɛɛm kaanem ba pa Baal jwoni dem, de wea kam, de chana kam, de chalechwe sem maama. 6Josia ta ma kwei Asera nyenyego daa kam Wɛ diga kam wone o ja o vo Kidoron bwolo kom o zwɛ ka maama. O ma pɛ ka tentwarem dem o cho ywale-ywale o daare o dole-de o yage teo kom nɔn-bia yibeela jei sem ne. 7O ta ma chɔge di selo na wo Baŋa Wɛ wara-jei sem ne ye baara balo na toŋe kabwoŋa totoŋa zoore da to. Ko maa ye dáane mo kaana badwonna sɔ gwaaro telo ba na mae ba zuli Asera jwoni dem to. 8O déem ma ja kaanem tiina balo maama na zoore Judah teene dem ne ye ba kaane jwona yam to o jwoori Jerusalem. Ba wara-jei bimbina yalo maama na zege Geba ne, se ko vo ko yi Beeriseba to, o pɛ se ya ji kafɛ mo. Ko ta ná ye bimbina yalo na wo teo kom manchwo-peena ni ne ye ba ke kaanem ba pa chichiri da to, Josia chɔge ya maama mo o yage. Bimbina yam konto déem wo teo kom ni dem jagwia seeni mo. Ba mɛ teo dedɛɛro Josua yere mo ba bwoi ni dem konto. 9De ko maama de, ba déem wo pɛ kaanem tiina bam konto chwoŋa se ba da ba toŋe Baŋa Wɛ bimbini dem totoŋa Jerusalem ne. Ba nam pɛ-ba chwoŋa se ba da de ba dwonna kaanem tiina bam mo ba di bworobworo kolo ba na wo ke sabɔle ko wone to. 10Josia ta ma chɔge Tofete bimbini dem na wo Ben-Hinom bwolo kom ne to, se nɔɔn-nɔɔno daa yé wane o ja o bakeira naa o bukɔ o ma o ke zwɛɛm kaanem o pa Moleka jwoni dem. 11O ma ja sisei nyenyero telo Judah pwa badwonna ya na tɔge te baŋa ba zuli wea kam to o chɔge o yage. O ta ma zwɛ sisei torokooro tem de. Tento maama déem zege Baŋa Wɛ diga kam ni seeni, konkɔlɔ kodwoŋi ne mɛ teo kom dedɛɛro Natan-Mɛlɛka na zoore to mo.
12Ko ta ná ye jwona kaanem bimbina yalo Judah pwa badwonna na lɔge ba zege Ahaz nayuu kom ne to, ko woli de yalo Pɛ Manasɛ na lɔge Baŋa Wɛ diga kam konkwallo telei tem ne to, Josia ma chɔge-ya o yage. O déem vaare ya maama o de tega ne mo, o daare o chochoge-ya o pɛ o lwo o yage Kidoron nabara kam ne. 13Josia ta ma chɔge jwona kaanem bimbina yalo na wo Jerusalem wɛ-puli seeni ye ya maŋe de ‘Chɔgem Peo’ tega-kuri seeni to o yage. Isarele teo pɛ Solomon déem mo lɔge bimbina yanto o zege. O déem lɔge-ya o pa Asetare wo-zɔɔne delo Sidon tiina na zuli to, de Chemosi wo-zɔɔne delo Moaba tiina na zuli to, ko woli de Moleka wo-zɔɔne delo Amon tiina na zuli to mo. 14Josia déem bwori kandwa yalo ba na chwi ba jwona yam ŋwaane to mo muga-muga, o daare o gwoni Asera nyenyego dɛ sem o de tega ne. O laam ma kwei nabiina kwi o lwo o faare jeiga kam.
15Josia déem ta ma bwori jwoni bimbini delo na wo Bɛtel ne to o yage. Ko ye Nebat bu Jeroboam déem mo lɔge-de o zege pa Isarele tiina de tɔge ded‑o ba toŋe lwarem. Josia yɔɔre o chɔge bimbini dem de wara-jei sem konto maama mo. O ma zwɛ-te o daare o cho te tentwarem ywale-ywale. O ta ma zwɛ Asera nyenyego daa kam de o woli da. 16Josia ma kaare o nii o na yibeela yadwonna na wo zwoŋo kom baŋa ne to. O ma pa ba le twa bam kwi ba zwɛ-se bimbini dem baŋa ne ba ma ba chɔge-de. O keim dem konto mo pɛ se Wɛ tontoŋeno wom ya na wuuri o ta Baŋa Wɛ kwora tei to seene ko ji chega. Ba déem na di kuri ye Pɛ Jeroboam zege bimbini dem teiŋa ne to mo Wɛ tontoŋeno wom tage konto.
Josia laam ma pipiri o tole o na faŋa faŋa Wɛ tontoŋeno wom yibeeli. 17O ma bwei o we, “Wɔ yibeeli mo tento?” Bɛtel nɔɔna bam ma leiri ba we, “Ko ye mɛ ba na suli Wɛ tontoŋeno wolo déem na nwoŋi Judah ye o ta faŋa faŋa we kolo wó ke bimbini dento Bɛtel ne, ne nmo zem na yɔɔre n ke-de tei to mo.” 18Josia ma leiri o we, “Nam yage-na yibeeli dento se de taa wora. Nɔɔn-nɔɔno yé guri o kwi sem.” Ba ma seene ba yage wonto de Wɛ sampwora kalo ya na nwoŋi Samaria to kwi sem.
19Ko daare, ko ná ye wara-jei selo Isarele tiina pwa badwonna ya na lɔge Samaria teene dem ne pa ba chuchugi Baŋa Wɛ bane to, Josia déem chɔge se bimbina yam maama o yage mo, ne o na maŋe o ke tei Bɛtel ne to. 20Josia ta ma go kaanem tiina balo maama ya na kaane jwona jei sem konto ne to bimbina yam baŋa ne. O ma daare o zwɛ nabiina kwi ya baŋa ne. Konto na ti to, o ma jwoori Jerusalem.
Atɔgebabaŋa kuri dem
2 Tigisim 35:1-19
21Pɛ Josia déem ma pa Judah tiina bam maama ni se ba di Atɔgebabaŋa kuri dem ba ma zuli ba Tu Baŋa Wɛ, ne ko na popone Wɛ nia tɔnɔ kom wone tei to. 22Ba wo fɔge ba di kuri dento dwoŋi ko zege maŋa kalo ne yiga tiina na tei Isarele de Judah tiina bam ye ba ta wo tiŋi pɛ to. 23Josia paare dim bena fuga-nana bene dem ne mo ba laam jwoori ba di Atɔgebabaŋa kuri dem Jerusalem ne se ba ma ba zuli Baŋa Wɛ.
Pɛ Josia totoŋa yadwonna
24Josia déem kwaane o kwɛ teo kom se ko tɔge nia yalo maama na popone tɔnɔ kolo wone Wɛ kaanem tu Hilikia na nɛ Baŋa Wɛ diga kam ne to mo. O ma le chichiri vora, de yi-nara, de wa-yɔɔro, de jwona, de wo-zɔɔna maama pa se ya daa tere Jerusalem de Judah teene dem maama ne. 25Pwa balo maama déem na lwoori Josia yiga ba di paare to, de balo maama na saŋe o kwaga to wone, pɛ tera o na kwaane ne wonto tei. Josia déem zuli Baŋa Wɛ de o bochare maama, de o boboŋa maama, ko woli de o dam maama, ye o yɔɔre o tɔge Moses nia yam na bere tei to.
26De konto maama de, Baŋa Wɛ bane déem ta zaŋe mo de Judah tiina bam, Pɛ Manasɛ na tiini o toŋe o chaare ye o chuchugi Wɛ bane to ŋwaane. 27Baŋa Wɛ ma ta o we, “Amo lage a zeili Judah tiina bam a yiga ne mo, ne a na maŋe a ke Isarele tiina bam tei to. Ko ta ná ye Jerusalem teo kolo a na kuri a pa a tete to, amo wó ve-ko, ye a daare a ve amo diga kalo a na tage ka taane we, ka zege a yere dem zula ŋwaane to.”
Josia na tege jara wone tei to
2 Tigisim 35:20-27
28Josia déem na di paare ye o ke wonnu telo to, de o totoŋa yam maama, ba popone-te ba tiŋi Judah Teo Pwa Seina tɔnɔ kom wone.
29Maŋa kalo Josia déem na ye pɛ to, mo Ejipti teo Pa-faro Neko zaŋe de o jar-keira bam o vo Yuferata buga kam seeni se o woli Asiria pɛ wom. Josia de ma nwoŋi se o jeeri Pa-faro Neko de jara se o che o yiga. Pɛ Neko ma jeeri‑o Megido ne o go‑o. 30Josia tontoŋena bam ma kwei o yera yam ba ke toroko ne ba ja ba jwoori Jerusalem. Ba ma suli‑o o tete yibeeli dem ne. Judah tiina bam ma kuri Josia bu Jehohaza ba tiŋi‑o paare se o leiri o kwo wom yuu ne.
Judah teo Pɛ Jehohaza taane
31Jehohaza déem jege bena finlei-yatɔ mo ye o di paare dem. O ma jeini Jerusalem ne o di paare dem o ke chane setɔ. O nu yere mo Hamutal. Wonto maa ye Jeremia wolo na nwoŋi Libina to bukɔ. 32Jehohaza déem toŋe lwarem o chɔge Baŋa Wɛ yiga, ne o nabaara de na ke tei to mo. 33Pa-faro Neko déem ma ja Jehohaza o vo Ribila o ke o peena diga ne, se o daa yé na chwoŋa o di paare Jerusalem ne. Teo kom konto wo Hamafa kateiri dem ne mo. O ma daare o fe Judah tiina se ba ŋwe lampwoo na ye lu-nyenno kilo morro tetɔ de bia yana (3,400), ko woli de sabu-seŋa kilo fintɔ-tena (34) to. 34Pɛ Neko ma kwei Josia bu Eliakim o tiŋi‑o paare se o leiri o kwo yuu ne. O ma leiri Eliakim yere dem pa de ye Jehoyakim. O ma daare o ja Jehohaza o vo o yage Ejipti ne. Ko ye dáane mo Jehohaza tega. 35Jehoyakim déem ma pa Judah tiina bam ŋwe lampwoo ba pa‑o se ko maŋe de ba dedoa dedoa tega kam na mae tei to. O ma jwoŋi lampwoo kom konto o ŋwe Pɛ Neko na bwei‑o sabu kolo to.
Judah teo Pɛ Jehoyakim taane
36Jehoyakim déem jege bena finlei-yanu mo ye o di paare. O ma jeini Jerusalem ne o di paare dem o ke bena fuga-dedwe. O nu yere mo Zebida na ye Pedaya wolo na nwoŋi Ruma to bukɔ. 37O de déem toŋe lwarem o chɔge Baŋa Wɛ yiga, ne o nabaara bam ya na ke tei to mo.",https://www.bible.com/bible/3661/2KI.23.KBG
2 PWA 24,"1Maŋa kalo Jehoyakim déem na di paare to mo Babilon teo pɛ Nebukadeneza cheiŋi Judah teo maama o tei. Konto ma pa se Jehoyakim maŋe Nebukadeneza dam kuri ne o ke bena yatɔ. Jehoyakim déem ma leiri o boboŋa ye o ve Nebukadeneza ni. 2Baŋa Wɛ ma pa se jar-keira nwoŋi Babilon, de Siria, de Moaba, de Amon teene dem ba vo ba ke chichuŋu de Judah tiina bam. Baŋa Wɛ déem maŋe o tɔge o sampwori sem baŋa ne o kaane Judah tiina bam we, ba wó na chɔgem konto dwoŋi. 3Lɛɛro telo na seene te yi-ba to mo Baŋa Wɛ pɛ ni se te ke. O boboŋa ma ja se o zeili Judah tiina bam o yiga ne, Pɛ Manasɛ na toŋe wɛleera yalo to ŋwaane. 4Manasɛ déem na ke tei to, o go balo na ye nɔn-ŋona to mo pa se ba jana taare Jerusalem teo kom ni maama. Mo kokuri Baŋa Wɛ ve se o yage o wɛleera o ma chɛ‑o.
5Jehoyakim déem na di paare ye o ke wonnu telo to, de o totoŋa yam maama, ba popone-te ba tiŋi Judah Teo Pwa Seina tɔnɔ kom wone. 6Jehoyakim ma te ye o bu Jehoyachin leiri o yuu ne o di paare.
7Ejipti pɛ wom daa wo sɛ se o nwoŋi o ke jara, kokuri to Babilon teo pɛ mo maŋe o cheiŋi Ejipti teo maama o tei, ko zege Ejipti bu-nɔgɔ kom seeni se ko vo ko yi Yuferata buga kam jei sem maama.
Judah teo Pɛ Jehoyachin taane
8Jehoyachin déem jege bena fuga-nana mo ye o di paare. O ma jeini Jerusalem ne o di paare dem o ke chane setɔ. O nu yere mo Nehusita. O maa ye Elinatan bukɔ ye o nwoŋi Jerusalem to mo. 9Jehoyachin déem toŋe lwarem o chɔge Baŋa Wɛ yiga, ne o kwo wom de na ke tei to mo.
10Jehoyachin paare dim maŋa ne mo Babilon teo pɛ Nebukadeneza toŋe o jar-keira se ba vo ba li Jerusalem teo de jara. Ba ma vo ba kaare teo kom ba pu. 11Pɛ Nebukadeneza tete de ma tɔge o yi da ye o nɔɔna bam ta wora ba ke chichuŋu de teo kom. 12Judah teo pɛ Jehoyachin, de o nu, de o tontoŋena, de o dedɛɛra, de o nakwa bam maama ma sɛ ba pa Babilon pɛ wom. Babilon pɛ wom ma pa ba ja Jehoyachin ba pe.
Konto déem ke Pɛ Nebukadeneza paare dim bena nana bene dem ne mo. 13O ma vere lonne wonnu telo maama na wo Baŋa Wɛ diga kam ne, de pɛ sɔŋɔ kom ne to o ja o viiri, ne Baŋa Wɛ na wuuri o ta we, ko wó ke tei to. O ma daare o kore sabu-seŋa wonnu telo Isarele teo pɛ Solomon déem na ke o zege Baŋa Wɛ diga kam ne to maama o ja o viiri. 14O ma yɔɔre o kwei Jerusalem nɔn-bia na yi morro fuga to o ja o vo o tete teo. Ko déem ye ba jar-keira bam, de ba dedɛɛra bam, ko woli de balo na ye gwaro de lura to maama mo. Balo na tiini ba ye yiniga tiina to yerane mo o yage teo kom wone.
15Pɛ Nebukadeneza ma ja Jehoyachin, de o nu, de o kaana, de o dedɛɛra, ko woli de Jerusalem teo kom naduna bam maama o vo Babilon. 16O ta ma ja jar-keira morro terepɛ, de gwaro de lura moro dedoa. Banto maama yei jara keim lanyerane. 17O ma pa Jehoyachin kwo choro Matania leiri o yuu ne o ji pɛ. O ma leiri o yere dem pa se de ye Zedekia.
Judah teo Pɛ Zedekia taane
Jeremia 52:1-3
18Zedekia déem jege bena finlei-dedwe mo ye o di paare. O ma jeini Jerusalem ne o di paare dem o ke bena fuga-dedwe. O nu yere mo Hamutali. Wonto maa ye Jeremia wolo na nwoŋi Libina to bukɔ. 19Zedekia déem toŋe lwarem mo o chɔge Baŋa Wɛ yiga, ne Pɛ Jehoyakim de ya na ke tei to.
20Lɛɛro telo maama na ke Jerusalem de Judah tiina bam yera ne to tɔge Baŋa Wɛ ban-zɔŋɔ kom ŋwaane mo. Ko na kweeli tei to, o le o yiga mo ba baŋa ne.
Jerusalem teo na to tei to
Jeremia 52:3-11
Pɛ Zedekia déem ma zaŋe o nwoŋi Babilon teo pɛ Nebukadeneza kwaga ne.",https://www.bible.com/bible/3661/2KI.24.KBG
2 PWA 25,"1Zedekia paare dim bena nogo bene dem chane fuga chana kam wone, ka da fuga dɛ dem ne mo Babilon teo Pɛ Nebukadeneza déem tu o li Jerusalem de o jar-keira bam maama. Ba ma kaare teo kom ba pu ye ba daare ba lɔ taare-kamuna ba yeiri ko kabiri sem yera ne. 2Ko na yi Zedekia paare dim bena fuga-dedoa bene dem to mo Babilon tiina bam déem wane Jerusalem teo kom ba di.
3Ko na yi bene dem konto chane sena chana kam da nogo dɛ dem to, kana déem tiini ka chɛ mo pa se Jerusalem nɔn-bia bam daa ba jege wodiu se ba di. 4Babilon tiina bam ma yigi teo kom kabiri sem ba de tega ne, ye ba tɔge pwoli sem ne ba zo ko wo. Zedekia de o jar-keira bam maama déem duri se ba lu tete ne mo. Ba ma kwei pɛ gaare chwoŋa kam, ba vo ba tɔge ni dem na wo teo kabiri selei sem tetare ne to, ye ba laam duri ba tu Jɔdan bwolo kom seeni. 5De ko de, Babilon tiina jar-keira bam déem pare-ba mo. Ba ma vo ba yi Zedekia se ko maŋe de Jeriko te-kampare sem seeni. O jar-keira bam ma pwɛ da yiga ne, ye ba jage ba daare‑o.
6Ba ma zi Zedekia ba ja ba vo Babilon teo pɛ Nebukadeneza tei. O déem wo Hamafa kateiri dem teo Ribila ne mo. Nebukadeneza ma di taane o vane Zedekia dáane. 7O ma pa ba go Zedekia bia bam, ye o zege da o nia. Ko kwaga ne o pɛ se ba chochɔrege Zedekia yia yam mo ba le, ye ba daare ba kwei channa chegero ba ma ba vɔ‑o ba vaŋe ba ja ba vo Babilon.
8Nebukadeneza déem na di Babilon teo paare o ke bena fuga-nogo bene delo ne to, chane senu chana kam da yarepɛ dɛ dem ne mo o kwaga-saŋeno Nebuzaradan zo Jerusalem teo kom wone. Wonto maa ye Babilon teo babɛ sem yiga tu. 9O déem ma pa ba zwɛ Baŋa Wɛ diga kam, de pɛ sɔŋɔ kom, de Jerusalem sam dem maama. Ba déem zwɛ sɔ-laao dwi maama mo Jerusalem teo wone. 10Nebuzaradan ma pa ni pa o jar-keira bam yɔɔre ba yigi Jerusalem teo kabiri sem ba de tega ne. 11O ma kale balo ta na daare teo kom wone to, ko ta woli de gwaro ta na daare to, de balo ya na duri ba zo Babilon tiina kɔgɔ kom wone to o ja o vo Babilon. 12Ko nam ná ye teo kom yiniga tiina badaara, Nebuzaradan yage-ba Judah laŋa kam ne mo. O ma pa-ba tega se ba va, de Vini teeni kare, se ba taa nii se baŋa ne.
13Babilon tiina bam ma zo Baŋa Wɛ diga kam ba bwori channa zela yam maama. Yanto maa ye ywoa yalei yam, de ware-zon-zɔŋɔ kolo ba na bwoi we ‘Naneo kom’ to, de ware-zwe zegem torokooro tem. Ba ma daare ba kwei te channa kam ba zeŋe ba ja ba vo Babilon. 14Ba ta ma kwei zwe selo ba na wó taa mae ba pɛ tentwarem to, de sɛbullu, de wonnu telo na wó fɔge te kwɛ mini dem to, de zwe selo ba na zwɛ talwoŋ-ywoŋa se wone to, de channa wonnu telo maama na jege te fɔge Wɛ diga chullu tem to. 15Nebuzaradan ta ma pa ba kwei Wɛ diga zela yalo maama ba na mɛ sabu-seŋa, naa lu-nyenno ba ke-ya to. Tento maa ye min-chala zwe, de zwe selo ba na wó taa mae ba zezage na bimbini dem baŋa ne to mo. Ba ma kwei wonnu tem konto sabu-seŋa kam de te lu-nyenno tem ba ja ba viiri.
16Ko ná ye ywoa yalei yam, de ware-zon-zɔŋɔ kom, dedaane ware-zwe zegem torokooro tem, Pɛ Solomon déem ya pɛ ba mɔ wonnu tem konto maama Baŋa Wɛ diga chullu tem ŋwaane mo. Te yera channa kam déem tiini ka duna ka dwoi se ba maŋe. 17Ywoa yalei yam dedoa wɛ-baŋa seeni dedɔrem déem ye jatwogo de noa ni maŋem kuni fuga-nana mo. Ywei maama yuu ne ba meeli channa wo-sugili mo da se de wane de teili diga kam yuu kom seeni. Wo-sugila yam dedoa maama dedɔrem maa ye jatwogo de noa ni maŋem kuni betɔ. Ba mɛ channa mo ba sɔ ba lɛɛne daane ba ke da, ye ba gɔgere Pomegara tio-bia ba kaare wo-sugila yam. Ywoa yalei yam wo-sugila maama ye bedwe mo.
18Nebuzaradan déem ta jaane Wɛ kaanem nakwe tu Seraya, de o kwaga-saŋeno Zefania, de Wɛ diga kam ni-yerena batɔ bam mo o ja o viiri. 19Ko ná ye balo ya ta na daare Jerusalem teo kom wone to, o ma kale ba jar-keira yiga tu wom, de nɔɔna banu balo ya na bwola de pɛ wom to, de dedɛɛro wolo na le nɔɔna se o woli-ba jar-keira kɔgɔ kom wone to, de nɔɔna fuseredo balo ta na wora to o woli da o ja o viiri. 20Nebuzaradan déem jaane banto maama mo o vo Babilon teo pɛ wom tei. O déem wo Hamafa kateiri dem teo Ribila ne mo. 21Dáane mo Babilon teo pɛ déem pɛ se ba go nɔɔna bam konto maama. Ko déem ke konto mo ye ba kale Judah dwi tiina bam ba ja ba vo sa-teo yiga yiga.
Gedalia tei Judah o pa Babilon tiina
22Pɛ Nebukadeneza ma le Ahikam bu Gedalia se o taa nii balo ta na daare Judah laŋa kam ne to. Wonto déem maa ye Safan naa. 23Judah teo jar-keira bam de ba yiga tiina na nigi we pɛ wom le Gedalia mo se o taa ye ba teo kom yuu tu to, ba déem ma vo Gedalia tei Mizipa ne. Yiga tiina bam yera mo tento: Netania bu Isameli, de Karea bia Johanan, de Jonatan, de Netofa tu Tanhumefa bu Seraya, de Maaka tu Jazania. 24Gedalia ma ke baare ba kuri ne ye o du duuri o ta de-ba o we, “Yé ta‑á kɔre-na foone de Babilon dedɛɛra bam. Maŋe-na ywo dé teo kom ne, se á sɛ á pa Babilon teo pɛ, se á ŋwea ke lanyerane ka pa abam.”
25Bene dem konto chane serepɛ chana kam wone, mo Netania bu Isameli na ye Elisama naa to déem tɔge de nɔɔna fuga pa ba vo Mizipa. Wonto déem ye pa-diga kam wo nɔɔno mo. O de o nɔɔna bam ma vo ba go Gedalia, de nɔɔna balo na wo o tei ne to, ko ná maŋe ko ye Judah tiina de Babilon tiina de. 26Keim dem konto baŋa ne nɔɔna maama ma duri ba vo Ejipti teo, ko ná ye nabwona bam, de dedɛɛra bam, ko woli de jar-keira yiga tiina bam maama de, ba na kɔre Babilon tiina bam to ŋwaane.
Ba na yage Jehoyachin tei to
27Ba déem na kale Judah teo Pɛ Jehoyachin ba ja ba vo Babilon ye o ke bena fintɔ-yarepɛ Babilon ne to, bene dem konto chane fuga-selei chana kam da finlei-yarepɛ dɛ dem ne mo Babilon teo Pɛ Evil-Merodaki ke Pɛ Jehoyachin zaane, ye o pore‑o peena diga ne o yage. Ko maa ye bene delo Evil-Merodaki na bobo o di Babilon teo paare to mo konto. 28O ma ke Pɛ Jehoyachin lanyerane, ye o pa‑o jeiŋa jei na tiini ka jege zula ka dwoi jei selo pwa badwonna bam na wo Babilon ne na nɛ to. 29Jehoyachin ma lɔɔre o peena diga gwaaro tem o tiŋi. Dɛ maama wone o ma lɛɛre o di wodiu Babilon teo pɛ tei ne. 30Babilon teo pɛ ta ma kwei kolo maama Jehoyachin na wó ke o yera ne to o pa‑o dɛ maama, se ko vo ko yi o toone maŋa.",https://www.bible.com/bible/3661/2KI.25.KBG
1 TIGISIM 1,"Isarele tiina nabaara natɔga kam
Ko zege Adam ne se ko vo ko yi Abaraham
Pulim 5:1-32; 10:1-32
1Adam, Sɛfi, Enosi, 2Kenan, Mahalaleli, Jaredi, 3Enoki, Metusela, Lameke, Noah.
4Noah bia bam déem ye Sɛm, de Ham, de Jafete mo.
5Jafete bia bam mo tento:
Gomera, de Magoga, de Madayi, de Javan, de Tubal, de Meseka, dedaane Tirasi.
6Gomera bia bam mo tento:
Asekenazi, de Rifata, dedaane Togarama.
7Javan bia bam mo tento:
Elisa, de Tarasisi tiina bam, dedaane Kitim tiina bam, de Rodan tiina bam.
8Ham bia bam mo tento:
Kusi, de Ejipti, de Puti, dedaane Kanaan.
9Kusi bia bam mo tento:
Sebaa, de Havila, de Sabeta, de Raama, dedaane Sabeteka.
Raama bia bam mo tento:
Seba de Dedan.
10Kusi bu wodwoŋi déem ye Nimrodi. Nimrodi ma da yiga o ji babea logo kom ne.
11Ejipti bia bam mo tento:
Ludi tiina bam, de Anam tiina bam, de Lehabi tiina bam, de Nafitu tiina bam, 12de Patirusi tiina bam, de Kasilu tiina bam, dedaane Kiriti tiina bam. (Filisi tiina bam déem nwoŋi Kasilu dwi dem ne mo.)
13Kanaan bia bam mo tento:
Sidon mo déem ye o bu-kwea. Hiti tiina bam de ma woli da, 14de Jebusi tiina bam, de Amori tiina bam, de Giragasi tiina bam, 15de Hivi tiina bam, de Ariki tiina bam, de Sini tiina bam, 16de Aravadi tiina bam, de Zemari tiina bam, dedaane Hamafe tiina bam.
17Sɛm bia bam mo tento:
Elam, de Asuri, de Arapazade, de Ludi, dedaane Aram.
Aram bia bam mo tento:
Yuzi, de Huli, de Getera, dedaane Meseka.
18Arapazade déem loge Sela mo. Sela de ma lo Ebera. 19Ebera de déem loge bia balei mo: Ba dedoa yere mo ye Pɛlega, kokuri to, ba na loge‑o maŋa kalo ne to mo dwia yam déem pɔɔre pɔɔre tega baŋa ne pa se dwi maama wora de laŋa ne. O nyaane wom yere déem maa ye Jokitan.
20Jokitan déem loge bia banto mo:
Alimodadi, de Sɛlefa, de Hazaremava, de Jera, 21de Hadoram, de Yuzali, de Dikila, 22de Obal, de Abimayeli, de Seba, 23de Ofiri, de Havila, dedaane Jobaba.
Nɔɔna banto maama déem mo ye Jokitan bia bam.
24Sɛm, Arapazade, Sela 25Ebera, Pɛlega, Rewu, 26Serugi, Nahora, Tera, 27Abaram (Abaraham mo konto).
Abaraham dwi dem
Pulim 25:12-16
28Abaraham bia mo tento:
Izaak, de Isameli.
29Isameli dwi dem mo tento:
Nebayofa mo déem ye Isameli bu-kwea, ko woli de Kedare, de Adibeeli, de Mibisam, 30de Misima, de Duma, de Massa, de Hadad, de Tema, 31de Jetura, de Nafisi, dedaane Kedema.
Banto maama mo déem ye Isameli bia bam.
32Abaraham ka-bia Ketura de déem na loge bia balo o pa‑o mo tento:
Zimiran, de Jokisan, de Medan, de Midian, de Isibaka, dedaane Sua.
Jokisan bia bam mo tento:
Seba, de Dedan.
33Midian bia bam mo tento:
Efa, de Efere, de Hanoki, de Abida, de Elida.
Banto maama déem ye Ketura dwi mo.
34Abaraham bu Izaak bia bam mo tento:
Esawu, dedaane Isarele.
Esawu dwi dem
35Esawu bia bam mo tento:
Elifaza, de Reweli, de Jewusi, de Jalam, de Kora.
36Elifaza bia bam mo tento:
Teman, de Omara, de Zefo, de Gatam, de Kenazi. Elifaza ka-bia Timina de déem loge Amaleki o pa‑o.
37Reweli bia bam mo tento:
Nahafi, de Zera, de Samma, de Miza.
Dwia yalo na zoore Edom ne to
38Seyira bia bam mo tento:
Lotan, de Sobal, de Zibeon, de Ana, de Dison, de Ezere, dedaane Disan.
39Lotan bia bam mo tento:
Hori dedaane Homam. Timina de déem maa ye Lotan nakɔ.
40Sobal bia bam mo tento:
Alivan, de Manahafa, de Ebal, de Sefo, dedaane Onam.
Zibeon bia bam mo tento:
Aya, dedaane Ana.
41Ana bu wom mo tento:
Dison.
Dison bia bam mo tento:
Hemidan, de Esiban, de Iferan, dedaane Cheran.
42Ezere bia bam mo tento:
Bilihan, de Zaavan, dedaane Akan.
Disan de bia bam mo tento:
Yuzi, dedaane Aran.
Edom tiina pwa bam
43Pwa banto déem mo maŋe ba di Edom teo paare ye Isarele tiina ya ta ba jege pɛ se o taa nii ba baŋa ne:
Beora bu Bela. O teo kom yere déem mo ye Dinaaba.
44Bela na tege to, mo Zera bu Jobaba na nwoŋi Bozera to leiri o yuu ne o ji pɛ. 45Jobaba de na tege to mo, Husam na nwoŋi Teman tiina bam teo kom to leiri o yuu ne o ji pɛ. 46Husam de maa na tege to, Bedad bu Hadad de ma leiri o yuu ne o ji pɛ. Wonto déem mo ke tigura de Midian tiina bam, ye o wane-ba Moaba teo kom ne. O teo kom yere déem mo ye Avifa.
47Hadad maa na tege to, Samila de ma leiri o yuu ne o ji pɛ. Wonto déem nwoŋi Masareka ne mo. 48Samila na tege to, mo Sawuli leiri o yuu ne o ji pɛ. Wonto déem nwoŋi Rehobofa teo kolo na wo Yuferata buga kam ni ne to mo. 49Sawuli de na tege to, mo Akebora bu Baal-Hanan leiri o yuu ne o ji pɛ.
50Baal-Hanan déem na tege to, mo Hadad leiri o yuu ne o ji pɛ. Wonto teo kom yere déem mo ye Pawu. O kaane de yere déem mo ye Mehetabeli. Mehetabeli kwo mo déem ye Matiredi ye o kwo-nakwe yere déem ye Mezahabi. 51Hadad de déem ma ba o te.
Edom tiina sɔ-yuni tem déem ye:
Timina, de Aliva, de Jefeti, 52de Oholibama, de Ela, de Pinon, 53de Kenazi, de Teman, de Mibizare, 54de Magadeli, dedaane Yiram.",https://www.bible.com/bible/3661/1CH.1.KBG
1 TIGISIM 2,"Pɛ David nabaara taane
1Isarele déem na loge bu-baara balo to mo tento:
Ruben, de Simeon, de Levi, de Judah, de Isakara, de Zebulun, 2de Dan, de Josɛf, de Benjamin, de Nafitali, de Gad, dedaane Asere.
3Judah na loge bu-baara balo to mo tento:
Era, de Onan, de Sela. Banto batɔ nu wom déem ye Kanaan bukɔ Baf-sua mo. Era maa ye Judah bu-kwea kam. O nam tiini o ke lwarem o chɔge Baŋa Wɛ yiga mo pa se Wɛ go‑o. 4Judah bu-kaane Tamara de ma lo Pɛreza de Zera o pa‑o. Konto to, Judah déem jege bu-baara banu mo.
5Pɛreza bu-baara bam mo tento:
Hezeron de Hamuli.
6Zera bu-baara bam mo tento:
Zimiri, de Etan, de Heman, de Kalekole, dedaane Dara. Ba maama ye bakeiri senu. 7Karimi déem loge Akane. Wonto pɛ se lɛɛro dedɛ yi Isarele tiina bam, de o na vere wonnu telo na ye Wɛ nyem to o ma chɔge chullu tem. 8Etan déem ma lo Azaria.
9Hezeron na loge bu-baara balo to mo tento:
Jerameeli, de Ram, de Chelubayi. 10Ram ma lo Aminadabi. Aminadabi de ma lo Naason. Wonto déem ye Judah dwi tiina bam dedɛɛro mo. 11Naason ma lo Salimon. Salimon ma lo Bowaza. 12Bowaza de déem ma lo Obeda, ye Obeda lo Jesse.
13Bu-baara barepɛ balo Jesse déem na loge to mo tento:
Eliabi mo ye o bu-kwea kam. Balo na saŋe to maa ye Abinadaba, de Simea, 14de Netaneli, de Radayi, 15de Ozem, de David. 16Jesse déem loge bukwa balei, ba yera na ye Zeruya, de Abigali. Zeruya ma lo bakeiri setɔ: Abisayi, de Joaba, de Asaheli. 17Abigali de ma lo Amasa. Amasa kwo déem ye Isameli dwi tu Jefere.
18Hezeron bu Kaleb ma swo Azuba o ma ke o kaane. Wonto yere dedwoŋi maa ye Jeriota. Ba déem ma lo bia banto:
Jesera, de Sobabi, de Aredon. 19Azuba na tege to, mo Kaleb di Eferata. Ba ma lo Hura. 20Hura de déem ma lo Yuri, ye Yuri lo Bezaleli.
21Ko maama kwaga ne ye Hezeron jege bena fuseredo to, o ma di Gilead kwo Makira bukɔ. Ba ma lo Segubi. 22Segubi de ma lo Jayira. Wonto déem tei teene finlei-detɔ Gilead laŋa kam ne mo. 23Gesura de Aram dwi tiina nam vere Jayira teene dem o jeŋa ne, ko woli de Kenafa, de te-balwa fuseredo na bwola da to mo. Nɔɔna bam konto maama déem ye Gilead kwo Makira bia mo.
24Hezeron déem na tege to, o bu Kaleb ma swo o kaane Eferata. Wonto ma lo Asuuri o pa‑o. Asuuri déem mo bobo Tekoa teo kuri.
25Hezeron bu-kwea Jerameeli bu-baara bam mo tento:
Ram ye o bu-kwea kam mo. Balo na saŋe to maa ye Buna, de Oren, de Ozem, de Ahija. 26Jerameeli de déem swo kaane wodwoŋi, o yere mo Atara. Wonto ma lo Onam o pa‑o.
27Jerameeli bu-kwea Ram bu-baara bam mo tento:
Maazi, de Jamin, de Ekera. 28Onam bu-baara de déem maa ye Samayi, de Jada. Samayi ma lo Nadab, de Abisuri. 29Abisuri kaane yere mo Abihali. Wonto ma lo Aaban de Molida o pa‑o. 30Nadab bia déem ye Seleda de Apayim. Seleda maa wo loge bia. 31Apayim déem loge Yisi. Yisi de ma lo Sesan, ye Sesan lo Aalayi. 32Samayi nyaane Jada bia mo tento: Jefere, de Jonatan. Jefere maa wo loge bia. 33Jonatan déem loge Peleti de Zaza.
Nɔɔna bam konto maama déem ye Jerameeli bia mo.
34Sesan déem wo loge bu-baara, se bukwa yerane mo o loga. Sesan nam jege kabaa wolo yere na ye Jareha ye o ye Ejipti tu. 35Sesan ma kwei o bukɔ o pa Jareha se o di o ma ke o kaane.
Wonto ma lo Atayi o pa‑o. 36Atayi ma lo Natan, ye Natan lo Zabadi. 37Zabadi de déem ma lo Efalal, ye Efalal lo Obeda. 38Obeda de ma lo Jehu, ye Jehu lo Azaria. 39Azaria ma lo Heleza, ye Heleza lo Eleasa. 40Eleasa ma lo Sisimayi, ye Sisimayi lo Salum. 41Salum déem ma lo Jekamia, ye Jekamia lo Elisama.
42Jerameeli nyaane Kaleb bu-baara bam mo tento:
Mesa ye o bu-kwea mo, ye wonto lo Zifi. Kaleb ta ma lo Maresa, ye wonto lo Heboron.
43Heboron bu-baara bam mo tento:
Kora, de Tapua, de Rekem, de Sema. 44Sema déem ma lo Raham, ye wonto lo Jorakeam. Rekem de ma lo Samayi. 45Samayi bu déem maa ye Maon. Maon ma lo Bɛte-Zura.
46Kaleb ka-bia Efa déem loge Haran, de Moza, de Gazezi o pa‑o.
Haran de ma lo bakeira o yere na ye Gazezi to.
47Jaadayi bia mo tento:
Regem, de Jotam, de Gesan, de Peleti, de Efa, de Saafa.
48Kaleb ka-bia Maaka déem ma lo Sebera de Tirahana o pa‑o.
49Maaka daa ta ma lo Saafa wolo de na loge Madamana to, dedaane Seeva wolo na loge Machabena de Gibea to. Kaleb déem jege bukɔ, o yere mo Akisa.
50Nɔɔna bam konto maama déem ye Kaleb bia mo.
Eferata bu-kwea Hura bu-baara bam mo tento:
Sobal wolo na bobo Kiriaf-Jeerim kuri to, 51de Salema wolo na bobo Bɛtelehem kuri to, de Harefa wolo na bobo Bɛte-Gadere kuri to.
52Sobal ma lo Harowɛ. O déem jigi Manahafa tiina bam chichworo nabaaro mo, 53ko ta woli de sɔ-yuni telo na zoore Kiriaf-Jeerim seeni to nabaaro. Banto maa ye Ifiri tiina, de Pufi tiina, de Sumafi tiina, de Misarayi tiina bam. Zorafi tiina bam de Esatola tiina bam de nwoŋi banto dwi dem wone.
54Salema dwi dem déem ye Bɛtelehem tiina, de Netofa tiina, de Aterof-Bɛf-Joaba tiina, de Manahafa tiina bam chichworo, dedaane Zori tiina bam. 55Salema ta ma ji sɔ-yuni telo na zoore Jabezi ne ye ba ye tɔn-poponna to nabaaro. Banto maa ye Tirafi tiina, de Simeafi tiina, de Sukafi tiina bam. Sɔ-yuni tem konto déem ye Keni tu Hammafa dwi tiina mo. Hammafa maa ye Rekabi sɔ-yuu kom de nabaaro.",https://www.bible.com/bible/3661/1CH.2.KBG
1 TIGISIM 3,"Pɛ David dwi dem
1David bu-baara balo o na loge Heboron ne to mo tento:
Jezerele tu Ahinoam déem mo loge o bu-kwea Aminon. Kamele tu Abigali ma lo bu wolo na saŋe to. Wonto yere maa ye Danyeli. 2Batɔ tu wom yere mo Abisalom. O nu déem ye Gesura teo pɛ Talimayi bukɔ Maaka mo. Bana tu wom maa ye Adonija, o nu na ye Hagifa. 3Banu tu wom maa ye Sefatia, o nu na ye Abitali. Baredo tu wom de déem ye Ifream, ye David kaane Egela mo loge‑o.
4Konto to ba loge bu-baara baredo mo ba pa David Heboron ne. David déem ke bena yarepɛ de chane seredo mo o di paare Heboron ne. O laam ma di paare bena fintɔ-yatɔ Jerusalem ne o woli da.
5Bia balo David na loge Jerusalem ne to yera mo tento:
Simea, de Sobabi, de Natan, de Solomon. O kaane Bafeseba na ye Ameli bukɔ to mo loge bia bana bam konto o pa‑o.
6David ta ma lo bia nogo o woli da. Ba yera mo tento:
Ibihara, de Elisama, de Elifeleti, 7de Noga, de Nefega, de Jafia, 8de Elisama, de Eliada, de Elifeleti.
9Banto maama déem ye David bia, ko ta woli de bia balo o ka-bi sem na loge ba pa‑o to. Ba déem maa jege ba nakɔ, o yere na ye Tamara.
10Solomon dwi dem na ye tei to mo tento:
Rehoboam, de o bu Abija, de wonto de bu Asa, de wonto bu Jehosafate, 11de wonto bu Jehoram, de wonto bu Ahazia, de wonto bu Joasa, 12de wonto bu Amazia, de wonto bu Azaria, de wonto bu Jotam, 13de wonto bu Ahaz, de wonto bu Hezekia, de wonto bu Manasɛ, 14de wonto bu Amon, de wonto bu Josia.
15Josia na loge bia balo to mo tento:
Johanan déem ye o bu-kwea kam. Balei tu wom maa ye Jehoyakim. Batɔ tu wom maa ye Zedekia. Bana tu wom de maa ye Salum. 16Jehoyakim bia déem ye Jehoyachin de Zedekia.
17Ba déem jaane Jehoyachin ba vo Babilon. Wonto bia bam mo tento:
Selateli, 18de Malichiram, de Pedaya, de Senazaa, de Jekamia, de Hosama, de Nedabia.
19Pedaya de bia mo tento:
Zerubabel, de Simeyi. Zerubabel bia maa ye Mesulam, de Hanania. Banto nakɔ yere mo Selomifa. 20Zerubabel daa ta loge bia banu o woli da. Banto maa ye Hasuba, de Oheli, de Berekia, de Hasadia, de Jusabi-Hesedi.
21Hanania dwi dem mo tento:
Pelatia, de Jesaya, de Jesaya bu Refaya, de wonto de bu Aranan, de wonto bu Obadia, de wonto bu Sekania. 22Sekania bu maa ye Semaya. Semaya de déem loge bia banu. Banto ye Hatusi, de Igale, de Baria, de Nearia, de Safate. 23Nearia déem jege bia batɔ. Banto ye Elio-Enayi, de Hizikia, de Azerikam. 24Elio-Enayi de déem loge bia barepɛ. Banto maa ye Hodavia, de Eliasibi, de Pelaya, de Akuba, de Johanan, de Delaya, de Anani.",https://www.bible.com/bible/3661/1CH.3.KBG
1 TIGISIM 4,"Judah dwi dem nɔɔna badaara
1Judah dwi dem bia badwonna mo tento:
Pɛreza, de Hezeron, de Karimi, de Hura, de Sobal.
2Sobal bu Reaya déem loge Jahafe. Jahafe ma lo Ahumayi de Lahadi. Banto déem ye Zorafi sɔ-yuni tem nabaara mo.
3Etam bia bam mo tento:
Jezerele, de Isama, de Idibasa.
Banto nakɔ yere déem ye Hazeleponi. 4Penweli déem ma lo Gedora. Ezere de déem ma lo Husa. Banto mo ye Hura dwi dem. Hura déem ye Eferata bu-kwea mo ye o ta ye Bɛtelehem tiina bam nabaaro.
5Tekoa kwo Asuuri déem jege kaana balei mo. Ba yera maa ye Hela de Naara. 6Naara ma lo bakeiri sena o pa‑o. Banto mo ye Ahuzam, de Hefera, de Temeni, de Haahastari. 7O kaane Hela de ma lo Zerefa, de Zohare, de Etanan, 8de Koza. Koza déem ma lo Anubi de Zobeba, ye o ta ye Harum bu Ahareli sɔ-yuni tem nabaaro.
9Nɔɔno wodwoŋi déem mo wora o yere na ye Jabezi. Wonto mo jege yere se ko dwoni o chorro tem maama. O nu déem nam ya bwoŋi o yere we Jabezi, ye o we, “A na loge‑o to, ko tiini ko chɛ a yera ne mo.” 10Jabezi de déem ma zaŋe o keeri o jare Isarele tiina Wɛ wom o we, “Jan ja! Swɛ amo swolim, se n pa laŋa kalo amo na wó taa tei to yale ka gaale. Ta‑n wo a tei ne se n zeini-ne, se n daare n che se lwarem yé yi-ne se ko chɛ a yera.” Wɛ ma seene o ke Jabezi na lwoori kolo to o pa‑o.
11Suha choro Kalubi déem loge Mehira. Mehira de ma lo Eseton. 12Eseton de déem ma lo Bɛte-Rafa, de Pasea, de Tehinna wolo na ye Nahase tiina nabaaro to. Reka dwi dem mo konto.
13Kenazi bia bam mo tento:
Ofineli de Seraya.
Ofineli de bia bam maa ye Hatafe de Meonotayi. 14Meonotayi déem ma lo Ofera. Seraya de ma lo Joaba, ye wonto déem mo jigi teo kolo ba na bwoi we “Gwaro jeiga” to kwo, ko nɔn-bia bam na tiini ba yei gɔgerem totoŋa to ŋwaane.
15Jefunɛ bu Kaleb bia bam mo tento:
Yiru, de Ela, de Naam. Ela ma lo Kenazi.
16Jehaleli bia bam mo tento:
Zifi, de Zifa, de Tiria, de Asareli.
17-18Ezera bia bam mo tento:
Jefere, de Mered, de Efere, de Jalon.
Mered déem di Ejipti pa-faro bukɔ Bitia mo o ma o ke o kaane. Ba ma lo busankana o yere na ye Miriam to, ko woli de Samayi, de Esetemoa kwo Yisiba. Mered kaane wodwoŋi wom na nwoŋi Judea to ma lo Gedora kwo Jeredi, de Sokoo kwo Hebera, ko woli de Zanoa kwo Jekuteli.
19Hodia kaane na ye Naham nakɔ to bia mo tento:
Keila kwo wolo na ye Garimi tu to, ko woli de Esetemoa wolo na ye Maaka tu to.
20Siimon bia mo tento:
Aminon, de Rina, de Ben-Hanan, de Tilon.
Yisi de bia bam maa ye Zohefe de Ben-Zohefe.
21Judah bu Sela bia bam mo tento:
Era wolo bu na ye Leka to, de Laada wolo bu na ye Maresa to.
Sela déem ye sɔ-yuni telo na zoore Bɛte-Asebea ne ye ba sɔ gare-fefale to nabaaro mo. 22Sela ma lo Jokim, de balo na zoore Kozeba ne to, ko ta woli de Joasa, de Sarafa. Banto balei déem mo di Moaba bukwa ye ba daare ba jwoori ba zoore Lehem ne. (Taane dento nwoŋi faŋa faŋa mo.) 23Banto déem daa ta ye kamɔ-mɔra balo na zoore Netayim de Gedera ne to mo. Ba na wora to, ba toŋe ba pa pɛ wom mo.
Simeon dwi dem
24Simeon dwi dem mo tento:
Nemuweli, de Jamin, de Jaribi, de Zera, de Sawuli. 25Sawuli bu déem mo ye Salum. Salum bu maa ye Mibisam, ye Mibisam bu de ye Misima. 26Misima de dwi dem maa ye o bu Hamuweli, de wonto bu Zakura, ko woli de Zakura bu Simeyi.
27Simeyi déem loge bakeiri fuga-seredo de busankane seredo mo. O chorro tem nam wo loge bia dedɛ. Konto ma pa se Simeon dwi dem wo puli se ba taa mae de Judah dwi dem.
28Simeon dwi dem maa zoore teene dento wone:
Beeriseba, de Molada, de Hazara-Suwala, 29de Biliha, de Ezem, de Toladi, 30de Bɛtuweli, de Horama, de Zikalag, 31de Bɛte-Makabota, de Hazara-Susim, de Bɛte-Biri, de Saarayim. Teene dento maama déem wo ba dam kuri ne mo se ko taa nii maŋa kalo David laam na tu o di paare to.
32Ba déem ta maa zoore te-balwa banto wone:
Etam, de Ayin, de Rimon, de Tochen, de Asan, 33ko ta woli de teene dem konto nawuura yam se ko kɛ ko yi Baalafa. Mo teene delo ba déem na zoore de wone to. Ba déem nam popone ba nabaara bam natɔga kam ba tiŋi tɔnɔ wone mo.
34Ba nakwa bam mo tento:
Mesobaba, de Jamaleka, de Amazia bu Josa, 35de Joweli, de Josibia bu Jehu. Josibia maa ye Seraya bu ye o kwori o ye Aseli naa mo. 36Ba nakwa badwonna maa ye Elio-Enayi, de Jaakoba, de Jesohaya, de Asaya, de Adeli, de Jesimeli, de Benaya, 37ko ta woli de Sifi bu Ziza. Sifi kwo ye Alon mo. Alon kwo maa ye Jedaya ye Jedaya kwo ye Simiri. Simiri de kwo maa ye Semaya.
38Baara bam konto maama déem ye Simeon sɔ-yuni tem yiga tiina mo. Ba dwi dem déem puli lanyerane. 39Ba déem jage mo ba vo ba yi Gedora se ba beeri ga-lɛɛro se ba vara taa di. Laŋa kam konto déem bwola de bwolo kolo na wo teo kom wɛ-puli seeni to mo. 40Ba ma na te-ywoŋa na yala ye ka maŋe de vara kɔnɔ to ba jeini da. Kolokolo wo daane-ba jei sem konto ne. Ham dwi tiina déem ya mo zoore tega kam konto baŋa ne.
41Hezekia déem na di Judah teo paare to, mo yiga tiina bam konto ke chichuŋu de Ham tiina bam de Meyunim tiina balo de na zoore da to ba chɔge ba sam maama. Ba ma yɔɔre ba chɔge ba maama pa se ba yera saare de zem maama. Ba ma daare ba jwoŋi ba tega kam ba jega, ka na lana de vara kɔnɔ to ŋwaane. 42Konto kwaga ne mo Simeon dwi tiina bam wone nɔɔna bia yanu (500) déem vei Seyira zwonnu laŋa kam ba ke jara de balo na zoore da to. Ko nam ye Yisi bia mo dɛ ba yiga ye ba vo. Pelatia, de Nearia, de Refaya, de Yuzeli mo konto. 43Ba déem ma vo ba go Amaleki dwi tiina balo ya na lugi jara wone ye ba ta wora to. Ba ma jwoŋi ba tega kam ye ba zoore da de zem maama.",https://www.bible.com/bible/3661/1CH.4.KBG
1 TIGISIM 5,"Ruben dwi dem
1Ruben ya mo ye Isarele bu-kwea. O nam gɛ o nakweene dem mo, o na peini de o kwo kaane to ŋwaane. O nyaane Josɛf bia balei bam mo leiri o yuu ne ba di nakweene dem. Konto ŋwaane Ruben yere wo dɛ de zo we o ye bu-kwea kam. 2Judah déem mo seene o dana o dwoi o chorro tem maama, ye o dwi dem nɔɔno ba o ji teo kom yuu tu. De ko de, Josɛf dwi dem déem mo jege nakweene dem.
3Isarele bu-kwea Ruben bia mo tento:
Hanoki, de Pallu, de Hezeron, de Karimi.
4Joweli dwi dem na ye tei to mo tento:
Semaya de o bu Goga, de wonto bu Simeyi, 5de wonto de bu Mika, de wonto bu Reaya, de wonto bu Baal, 6de wonto bu Beera. Beera déem na ye Ruben dwi dem nakwe maŋa kalo ne to, mo Asiria teo pɛ Tigilaf-Pilesa jaane‑o o vo o tete teo.
7Ruben dwi dem sɔ-yuni nakwa yera yam na popone tei lonne twanno tem wone to mo tento:
Ba yiga tu Jeyeli, de Zekaria, 8de Azaze bu Bela. Azaze déem ye Sema bu mo, ye Sema de ye Joweli bu.
Dwi dento déem jeini laŋa kalo na zege Arowa ne se ka vo ka yi Nebo de Baal-Meon seeni to mo. 9Ko ná ye wɛ-puli seeni, ba laŋa kam ta kɛ ka yi kagoa kam ni mo, mɛ na wo Yuferata buga kam bubɛ baŋa seeni to. Ba laŋa kam déem yala konto dwoŋi, ba vara bam kɔgɔ na puli dedɛ Gilead ne to ŋwaane.
10Maŋa kalo Sɔɔl na di paare to, mo Ruben dwi tiina déem ke jara de Hagiri tiina bam ba di-ba. Ba laam ma vo ba jwoŋi Hagiri tiina bam jei sem maama na wo Gilead wɛ-puli seeni to ba tei.
Gad dwi dem
11Gad dem déem zoore Basan ne mo se ko vo ko yi Saleka. Jei sem konto bwola de Ruben dwi tiina bam na zoore mɛ to. 12Joweli déem mo ye ba yiga tu Basan ne. Safam maa ye belei tu. Janayi de Safate de ma saŋe. 13Ba chorro telo na daare to de dwia yam nakwa mo tento:
Mikayeli, de Mesulam, de Seba, de Jorayi, de Jakan, de Zia, de Ebera. Ba maama ye barepɛ mo. 14Banto maama déem ye Abihali dwi mo. Abihali déem ye Huri bu mo. Huri maa ye Jaroa bu. Jaroa de maa ye Gilead bu, ye Gilead ye Mikayeli bu. Mikayeli maa ye Jesisayi bu. Jesisayi déem ye Jaado bu, ye Jaado ye Buzi bu. 15Abideli bu Ahi déem mo ye ba sɔ-yuu kom nakwe. Abideli de déem maa ye Guni bu.
16Gad dwi tiina bam déem zoore Basan de Gilead jei sem ne de se nawuura yam ne mo. Ba maa tei pwoli selo na wo Saron ne se ko vo ko yi se siseina yam maama to.
17Ba déem popone ba natɔga kam konto ba tiŋi maŋa kalo Jotam na di Judah teo paare ye Jeroboam de di Isarele teo paare to mo.
18Ruben dwi dem, de Gad dwi dem, ko woli de Manasɛ dwi chichworo kom déem jege babɛ morro finna-tena de bia yarepɛ de fuseredo (44, 760) balo na yei jara keim to mo. Banto wae ba mae jara nantane de se-zɔɔro ba ke jara, ye ba yei chena tam chekke. 19Ba déem ma ke jara de Hagiri tiina, de Jetura tiina, de Nafisi tiina, ko woli de Nodaba tiina maama. 20Wɛ déem zeini babɛ sem konto mo pa se ba wane Hagiri tiina bam de balo na woli-ba jara wone to ba di, ba na keeri ba jare‑o jara yam wone to ŋwaane. Wɛ ma sɛ ba wɛ-lworo kom, ba na ke ba wo-dedoa ded‑o to ŋwaane. 21Babɛ sem ma vere Hagiri tiina bam vara bam maama ba ja ba viiri. Kona morro finnu (50,000), de pei morro bia yalei de finnu (250,000), ko woli de bonɛ morro telei (2,000) mo konto. Ba déem ta ma ja nɔɔna morro bi (100,000) ba woli da ba ja ba viiri. 22Wɛ na woli-ba jara yam wone to, babɛ sem déem go ba dona bam dedɛ mo. Ba laam maa zoore jei sem konto ne mo se ko yi maŋa kalo Asiria tiina bam na jaane-ba ba vo ba tete teo to.
Manasɛ dwi chichworo kom
23Manasɛ dwi chichworo kom déem daga mo dedɛ. Ba maa zoore jei selo na zege Basan ne se ko vo ko yi Baal-Heremon, de Senira, de Heremon peo kom seeni to.
24Ba sɔ-yuni tem nakwa bam mo tento:
Efere, de Yisi, de Eleli, de Azireli, de Jeremia, de Hodavia, de Jaadeli.
Nakwa banto maama déem ye babɛ mo jara wone ye ba tiini ba jege yere. 25Ba nam nwoŋi ba nabaara Wɛ wom kwaga ne, ye ba daare ba kaane wa-yɔɔro telo Kanaan tiina bam déem na tɔge to mo. Wɛ nam ya chɔge nɔɔna bam konto o yage pa se o nɔɔna laam jwoŋi ba tega kam mo ba tei. 26Konto ŋwaane Wɛ ma pa se Asiria teo pɛ Pulu ke chichuŋu de-ba. Pɛ wom konto yere dedwoŋi maa ye Tigilaf-Pilesa. O ma wane o di Ruben dwi tiina bam, de Gad dwi tiina bam, de Manasɛ dwi chichworo tiina bam, ye o daare o ja-ba o ja viiri. O ma kale-ba o vo Hala, de Habora, de Hara, ko woli de Gozan buga kam seeni. Dáane mo ba zoora se ko ba ko yi zem maama.",https://www.bible.com/bible/3661/1CH.5.KBG
1 TIGISIM 6,"Levi dwi dem
1Levi bia bam mo tento:
Gereson, de Kohafe, de Merari.
2Kohafe bia bam mo tento:
Amiram, de Izehara, de Heboron, de Yuzeli.
3Amiram bia bam déem mo ye:
Aron, de Moses, de Miriam.
Aron de bia bam mo tento:
Nadab, de Abihu, de Eleaza, de Itamara.
4Eleaza déem mo loge Finehase. Finehase ma lo Abisua. 5Abisua de ma lo Buki, ye Buki lo Yuzi. 6Yuzi déem ma lo Zerahia. Zerahia de ma lo Merayofa. 7Merayofa ma lo Amaria, ye Amaria lo Ahituba. 8Ahituba déem ma lo Zadoki, ye Zadoki de lo Ahimaazi. 9Ahimaazi ma lo Azaria. Azaria de ma lo Johanan. 10Johanan déem ma lo Azaria wolo na ye Wɛ kaanem tu ye o toŋe Wɛ diga kalo Solomon na lɔge Jerusalem ne to totoŋa. 11Azaria ma lo Amaria. Amaria ma lo Ahituba. 12Ahituba de déem ma lo Zadoki, ye Zadoki lo Salum. 13Salum ma lo Hilikia. Hilikia de ma lo Azaria. 14Azaria ma lo Seraya. Seraya ma lo Jehozadaki. 15Maŋa kalo Baŋa Wɛ déem na pɛ se Pɛ Nebukadeneza ja Judah tiina bam de Jerusalem tiina bam o ja o viiri to mo o jaane Jehozadaki o woli da.
16Levi bia bam mo tento:
Gereson, de Kohafe, de Merari.
17Gereson bia bam yera mo tento:
Libini dedaane Simeyi.
18Kohafe bia bam mo tento:
Amiram, de Izehara, de Heboron, de Yuzeli.
19Merari bia bam mo tento:
Mahili de Musi.
Levi sɔ-yuni tem nabaara bam mo tento.
20Gereson dwi dem na ye tei to mo tento:
Libini, de o bu Jahafe, de wonto bu Zimma, 21de wonto bu Joa, de wonto bu Ido, de wonto bu Zera, de wonto bu Jeterayi.
22Kohafe dwi dem mo tento:
Aminadabi, de o bu Kora, de wonto bu Asiri, 23de wonto bu Elikana, de wonto bu Ebiasafa, de wonto bu Asiri 24de wonto bu Tahafe, de wonto bu Yureli, de wonto bu Yuzia, de wonto bu Sawuli.
25Elikana dwi dem mo tento:
Amasayi, de Ahimofi, 26de wonto bu Elikana, de wonto bu Zofayi, de wonto bu Nahafi, 27de wonto bu Eliabi, de wonto bu Jeroham, de wonto bu Elikana, [de wonto de bu Samuwel].
28Samuwel bia bam mo tento:
O bu-kwea Joweli, de wonto nyaane Abija.
29Merari dwi dem mo tento:
Mahili, de wonto bu Libini, de wonto de bu Simeyi, de wonto bu Yuza, 30de wonto bu Simea, de wonto bu Hagia, dedaane wonto bu Asaya.
Wɛ diga lein-leena bam
31Ba déem na jaane Baŋa Wɛ ni-gwonim dakaa kam ba ja ba zo ba zege o wara-jei sem ne to, nɔɔna balo David na kuri se ba taa nii lein-leena totoŋa yam baŋa ne to mo tento. 32Banto déem mo leeni lei ba zuli Wɛ o wara-vwei dem ne ye Solomon laam ba o lɔ Baŋa Wɛ diga kam Jerusalem ne to. Ba déem toŋe ba tɔge chullu telo maama ba na tiŋi ba pa-ba to mo. 33Lein-leena bam de ba bia bam yera mo tento:
Balo na nwoŋi Kohafe dwi dem wone to mo tento:
Lein-leenu Heman.
Wonto déem ye Joweli bu. Joweli maa ye Samuwel bu. 34Samuwel maa ye Elikana bu. Elikana maa ye Jeroham bu. Jeroham maa ye Eleli bu. Eleli maa ye Toa bu. 35Toa maa ye Zufa bu. Zufa maa ye Elikana bu. Elikana maa ye Mahafe bu. Mahafe maa ye Amasayi bu. 36Amasayi maa ye Elikana bu. Elikana maa ye Joweli bu. Joweli maa ye Azaria bu. Azaria maa ye Zefania bu. 37Zefania maa ye Tahafe bu. Tahafe maa ye Asiri bu. Asiri maa ye Ebiasafa bu. Ebiasafa maa ye Kora bu. 38Kora maa ye Izehara bu. Izehara maa ye Kohafe bu. Kohafe maa ye Levi bu. Levi maa ye Isarele bu.
39Gereson dwi tu Asaf déem ye Heman kwaga saŋeno wom mo.
Asaf ye Berekia bu mo. Berekia de maa ye Simea bu. 40Simea maa ye Mikayeli bu. Mikayeli maa ye Baaseya bu. Baaseya maa ye Malakija bu. 41Malakija maa ye Etini bu. Etini maa ye Zera bu. Zera maa ye Adaya bu. 42Adaya maa ye Etan bu. Etan maa ye Zimma bu. Zimma maa ye Simeyi bu. 43Simeyi maa ye Jahafe bu. Jahafe maa ye Gereson bu. Gereson maa ye Levi bu.
44Merari dwi tu Etan de déem saŋe Asaf kwaga ne o woli Heman.
Etan ye Kisi bu mo. Kisi maa ye Abidi bu. Abidi maa ye Maluki bu. 45Maluki maa ye Hasabia bu. Hasabia maa ye Amazia bu. Amazia maa ye Hilikia bu. 46Hilikia maa ye Amezi bu. Amezi maa ye Bani bu. Bani maa ye Semera bu. 47Semera maa ye Mahili bu. Mahili maa ye Musi bu. Musi maa ye Merari bu. Merari maa ye Levi bu.
48Levi dwi tiina badwonna bam déem maa tei totoŋa yalo na daare Wɛ wara-vwei dem ne to. 49Ko nam ye Aron de o dwi dem déem mo toŋe Wɛ kaanem totoŋa yam. Banto yeini ba kwei pɛɛra ba ma ba kaane Wɛ zwɛɛm kaanem dakaa kam baŋa ne, ye ba daare ba zwɛ talwoŋ-ywoŋa ka de dakaa kam baŋa ne. Ba ta ke chullu telo maama na maŋe se ba ke Wɛ di-yun-gala kam wone to se ba saare Isarele tiina bam wɛleera to. Konto to, ba déem toŋe ba tɔge Wɛ tontoŋeno Moses na pɛ ni se ba taa ke tei maama to mo.
50Aron dwi dem na ye tei to mo tento:
Eleaza, de wonto bu Finehase, de wonto bu Abisua, 51de wonto bu Buki, de wonto bu Yuzi, de wonto bu Zerahia, 52de wonto bu Merayofa, de wonto bu Amaria, de wonto bu Ahituba, 53de wonto bu Zadoki, de wonto bu Ahimaazi.
54Aron dwi dem déem nwoŋi Levi bu Kohafe sɔ-yuu kom ne mo. Ba na tage jɔrɔ se ba pɔɔre tega kam ba pa Levi dwi tiina to, banto mo di yiga. Tega kalo ba na jwoŋi se ba taa zoore da to mo tento:
55Ba déem pɛ-ba Judah teo Heboron de pwoli selo na na gilimi da to mo. 56Ko nam ná ye teo kom kare sem de ko nawuura yam, ba kwei tento ba pa Jefunɛ bu Kaleb mo. 57Heboron déem ye teo kolo ba na tiŋi ka-duri-ka-zo-ka-seigi ŋwaane to mo. Ba déem kwei teene dento de pwoli selo na gilimi-de to ba pa Aron dwi dem mo se ba taa tei:
Heboron, de Libina, de Jatira, de Esetemoa, 58de Hilen, de Debiri, 59de Asan, [de Juta], ko woli de Bɛte-Semesa. 60Ba ta ma kwei teene dento na wo Benjamin dwi dem laŋa ne to dedaane pwoli selo na gilimi-de to ba pa-ba: [Gibeon], de Geba, de Alemefi, de Anatofe. Teene dem maama déem ye teene fuga-detɔ mo ba kwei ba pa Aron dwi dem.
61Ko ná ye Kohafe dwi tiina balo maa na daare to, ba déem kwei teene fuga na wo Manasɛ dwi chichworo kom laŋa ne to mo ba pa-ba.
62Ko ta ná ye Gereson dwi dem sɔ-yuu maama, ba déem kwei teene fuga-detɔ mo na wo Isakara dwi dem laŋa ne, de Asere dwi dem laŋa ne, de Nafitali dwi dem laŋa ne, ko woli de Basan jei sem na wo Manasɛ dwi dem laŋa ne to mo ba pa-ba.
63Merari dwi dem sɔ-yuu maama de ma jwoŋi teene fuga-delei na wo Ruben dwi dem laŋa ne, de Gad dwi dem laŋa ne, de Zebulun dwi dem laŋa ne to.
64Isarele tiina bam déem ke konto mo ba kwei teene dem konto ko woli de pwoli selo na gilimi-de to ba pa Levi dwi tiina bam se ba taa zoore de wone. 65Ko ta ná ye teene delo na wo Judah dwi dem laŋa ne, de Simeon dwi dem laŋa ne, de Benjamin dwi dem laŋa ne, ye de yera maŋe ya popone to, ba déem tage jɔrɔ mo ba kuri dento ba woli da.
66Kohafe dwi dem sɔ-yuni tedwonna de déem ma jwoŋi teene delo na wo Efrayim dwi dem laŋa kam ne to. 67Efrayim zwonnu laŋa kam ne ba kwei Sɛkɛm de pwoli selo na gilimi-ko to mo ba pa-ba. Teo kom konto ba déem tiŋi ka-duri-ka-zo-ka-seigi ŋwaane mo. Ba ta ma kwei Gezere, 68de Jokemeam, de Bɛte-Horon, 69de Ayijalon, de Gafa-Rimon ba woli da. 70Kohafe dwi sɔ-yuni telo na daare to, ba ma kwei teene dento na wo Manasɛ dwi chichworo kom laŋa ne to ba pa-ba: Anera, de Bileyam dedaane de pwoli sem maama.
71Gereson dwi tiina bam déem jwoŋi teene dento mo se ba taa zoore de wone.
Manasɛ dwi dem laŋa ne mo ba kwei teene dento ba pa-ba:
Golan na wo Basan ne to, ko woli de Asetarof, de se pwoli sem maama.
72Ko ná ye Isakara dwi dem laŋa ne, ba jwoŋi teene dento mo:
Kedesa, de Daberafa, 73de Ramofa, ko woli de Anem, dedaane de pwoli sem maama.
74Ko maa ná ye Asere dwi dem laŋa ne, ba jwoŋi teene dento mo:
Masal, de Abedon, 75de Hukoka, de Rehobi, de de pwoli sem maama.
76Nafitali dwi dem laŋa ne mo ba jwoŋi teene dento:
Kedesa na wo Galili ne to, de Hamon, de Kiriafayim de de pwoli sem.
77Ko ná ye Levi dwi tiina balo na daare to, Merari dwi dem déem jwoŋi teene dento mo se ba taa zoore de wone.
Zebulun dwi dem laŋa ne mo ba jwoŋi teene dento:
[Jokeneam, de Karata,] de Rimon, de Tabora, de de pwoli sem maama.
78Ko maa ná ye Ruben dwi dem laŋa kam na zege Jɔdan buga kam wɛ-puli seeni ye ka jeeri Jeriko teo to, ba déem jwoŋi teene dento mo laŋa kam konto ne:
Bezere na wo kagoa kam ne to, de Jahaza, 79de Kedemofa, de Mefaafa, dedaane de pwoli sem maama.
80Ko maa ná ye Gad dwi dem de laŋa kam ne, ba jwoŋi teene dento mo:
Ramofa na wo Gilead ne to, de Mahanayim, 81de Hesebon, de Jazera, dedaane de pwoli sem maama.",https://www.bible.com/bible/3661/1CH.6.KBG
1 TIGISIM 7,"Isakara dwi dem
1Isakara bia bana bam mo tento:
Tola, de Pua, de Jasubi, de Simiron.
2Tola bia bam maa ye:
Yuzi, de Refaya, de Jereli, de Jamayi, de Yibisam, de Semuwel.
Nɔɔna bam konto maama déem ye ba sɔ-yuni tem nakwa mo. Maŋa kalo David na tu o di paare to, Tola dwi tiini balo na yi jara-keim ye ba yera popone ya tiŋi to déem ye baara morro finlei-telei de bia yaredo (22,600) mo.
3Yuzi bu déem ye Izarahia mo. Izarahia bia bam mo tento:
Mikayeli, de Obadia, de Joweli, de Issiya.
Banu bam konto maama déem ye nakwa mo. 4Ba dwi dem nɔɔna balo na yi jara-keim ye ba yera popone ya tiŋi to maa ye baara morro fintɔ-teredo (36,000) mo, ba kaana de ba bia bam na puli dedɛ to ŋwaane.
5Isakara sɔ-yuni tem maama nɔɔna balo na yi jara-keim ye ba yera popone ya tiŋi to maama ná ke daane, ba déem ye baara morro funɔnɔ-terepɛ (87,000) mo.
Benjamin dwi dem
6Benjamin bia batɔ bam mo tento:
Bela, de Bechere, de Jedayeli.
7Bela bia banu bam maa ye:
Ezibon, de Yuzi, de Yuzeli, de Jerimofa, de Yiri.
Ba maama déem ye ba sɔ-yuni tem nakwa mo. Ba dwi dem nɔɔna balo na yi jara keim to maa ye baara morro finlei-telei de fintɔ-bana (22, 034) mo.
8Bechere bia bam maa ye:
Zemira, de Joasa, de Eliazera, de Elio-Enayi, de Omiri, de Jeremofa, de Abija, de Anatofe, de Alemefi.
9Bechere dwi dem wone, ba sɔ-yuni tem nakwa dedaane baara morro finlei de bia yalei (20,200) na yi jara keim to yera déem mo popone ya tiŋi tɔnɔ ne.
10Jedayeli bu mo ye Bilihan. Bilihan bia bam maa ye:
Jewusi, de Benjamin, de Ehuda, de Kenaana, de Zetan, de Tarasisi, de Ahisahara.
11Jedayeli bia banto maama déem ye ba sɔ-yuni tem nakwa mo. Ba dwi dem nɔɔna balo na yi jara keim to maa ye baara morro fuga-terepɛ de bia yalei (17, 200).
12Supi tiina bam de Hupi tiina bam déem nwoŋi Iri dwi dem wone mo.
Husim tiina bam de déem nwoŋi Ahiram dwi dem wone.
Nafitali dwi dem
13Nafitali bia bam mo tento:
Jahazeli, de Guni, de Jezera, de Salum. Banto maama déem ye Biliha mo loge-ba.
Manasɛ dwi dem
14Manasɛ dwi dem mo tento:
O ka-bia kalo na nwoŋi Aram to mo loge Asireli o pa‑o. O daa ta ma lo Makira wolo bu na ye Gilead to. 15Makira déem ma di kaane na ye Hupi de Supi tiina bam bukɔ. O ta maa jege nakɔ, o yere mo Maaka. Makira bu wolo na saŋe to yere maa ye Zelofehada ye wonto déem loge bukwa yerane mo.
16Makira kaane Maaka déem ma lo bakeira o pa o yere we Peresa. Wonto nyaane yere maa ye Seresa. Peresa ma lo bakeiri selei, ba yera mo Yulam de Rekem. 17Yulam de ma lo Bedan.
Banto déem ye Makira bu Gilead bia mo. Makira de déem maa ye Manasɛ bu.
18Gilead nakɔ Hamolekefa ma lo Yisoda, de Abizeri, de Maala.
19Semida de ma lo Ahian, de Sɛkɛm, de Liki, de Aniam.
Efrayim dwi dem
20Efrayim dwi dem na ye tei to mo tento:
Sutela, de o bu Bereda, de wonto bu Tahafe, de wonto bu Eleada, de wonto bu Tahafe, 21de wonto bu Zabadi, de wonto bu Sutela.
Efrayim bia Ezere de Eleadi déem vei se ba ŋɔ Gafa tiina bam vara mo ye nɔɔna balo na zoore jei sem konto ne to go-ba. 22Ba kwo Efrayim ma kwei da kɔgɔ o keeri ba lua. O chorro ma zaŋe ba vo se ba ke o lei. 23Efrayim daa ma peini de o kaane ye o ja puga o lo bakeira. O ma pa o yere we Beria, bɛŋwaane ba loge‑o maŋa kalo cham na yi o sɔŋɔ kom to mo. 24Efrayim déem jege bukɔ, o yere mo Seera. Bukɔ wom konto déem mo lɔge Bɛte-Horon baŋa seeni de kuri seeni jei sem maama. Wonto ta mo lɔge Yuzen-Seera jei sem de.
25Efrayim dwi dem ta maa ye Refa, de o bu Resefa, de wonto bu Tela, de wonto bu Tahan, 26de wonto bu Ladan, de wonto bu Amihuda, de wonto bu Elisama, 27de wonto bu Nun, de wonto bu Josua.
28Ba déem na zoore tega kalo baŋa ne to zege Bɛtel de ko nawuura yam ne, se ko yi Naaran jei sem na wo wɛ-puli seeni to. Ko ta ná ye wɛ-zoore seeni, ba tega kam tole konto mo ko yi Gezere de ko nawuura yam maama. Ko ta ma zege Sɛkɛm de ko nawuura yam ne ko tole ko yi Aya de ko nawuura yam. 29Teene delo na wo Manasɛ laŋa kam siseini dem ne to maa ye Bɛte-san, de Taanaka, de Megido, de Dora, ko woli de de nawuura yam maama. Teene dem konto wone mo Isarele bu Josɛf dwi dem déem zoora.
Asere dwi dem
30Asere bia bam mo tento:
Imina, de Isiva, de Isivi, de Beria. Banto nakɔ yere mo Sera.
31Beria bia bam maa ye:
Hebera, de Malikeli. Malikeli bu maa ye Berezati.
32Hebera déem loge Jafelete, de Somere, de Hotam mo. O ta ma lo busankana, o yere mo Sua.
33Jafelete bia maa ye Pasake, de Bimale, de Asevafe.
34Somere bia maa ye Ahi, de Roga, de Huba, de Aram.
35Jafelete nyaane Hotam de bia maa ye Zofa, de Imina, de Selesi, de Amali.
36Zofa bia bam mo ye Sua, de Hanefera, de Suwali, de Beri, de Imira, 37de Bezere, de Hodi, de Samma, de Silisa, de Iferan, de Beera.
38Jefere bia bam maa ye Jefunɛ, de Pisipa, de Ara.
39Yulla bia bam de maa ye Ara, de Hanneli, de Rizia.
40Nɔɔna banto maama déem ye Asere dwi dem mo. Ba maa ye ba sɔ-yuni tem nakwa. Ba déem ye babɛ na yei jara keim chekke to, ye ba tiini ba jege yere. Asere dwi dem nɔɔna balo na yi jara keim to déem ye baara morro finlei-teredo (26,000) mo.",https://www.bible.com/bible/3661/1CH.7.KBG
1 TIGISIM 8,"Benjamin dwi dem
1Benjamin bia banu bam mo tento:
O bu-kwea Bela, de Asabeli, de Ahara, 2de Noha, de Rafa.
3Bela bia bam maa ye:
Adara, de Gera, de Abihudi, 4de Abisua, de Naaman, de Ahoa, 5de Gera, de Sefufana, de Huram.
6-7Ehuda bia bam mo tento:
Naaman, de Ahija, de Gera.
Banto déem ye ba sɔ-yuni tem nakwa mo Geba ne. Ba dona déem ma zeili-ba pa ba vo ba zoore Manahafa ne. Gera mo dɛ ba yiga pa se ba nwoŋi. Wonto ma lo Yuza de Ahihuda.
8Saharayim na ve o kaana balei Husim de Baara to, o déem ta jeini Moaba teo ne o lo bakeiri. 9O ka-dooro wolo yere na ye Hodesa to ma lo Jobaba, de Zibia, de Mesa, de Malikam, 10de Jewuzi, de Sakia, de Mirama. Saharayim bia bam konto maama déem ye ba sɔ-yuni tem nakwa mo. 11O kaane Husim déem ya maŋe o lo bakeiri selei o pa‑o, ye banto yera mo ye Abitubi de Elipaale.
12Elipaale bia bam mo tento:
Ebera, de Misam, de Semeda.
Semeda déem mo lɔge Ono de Loda teene dem, ko woli de de nawuura yam maama. 13Elipaale ta ma lo Beria de Sema. Banto maama déem ye ba sɔ-yuni tem nakwa mo Ayijalon ne. Ba ma zeili balo maama ya na zoore Gafa ne to.
14Beria bia bam maa ye:
Ahio, de Sasake, de Jeremofa, 15de Zebadia, de Arada, de Edere, 16de Mikayeli, de Isipa, de Joha.
17Elipaale bia bam maa ye:
Zebadia, de Mesulam, de Hiziki, 18de Isimerayi, de Izila, de Jobaba.
19Simeyi bia bam maa ye:
Jakim, de Zikiri, de Zabidi, 20de Elenayi, de Ziletayi, de Eleli, 21de Adaya, de Beraya, de Simarafa.
22Sasake bia bam maa ye:
Isipana, de Ebera, de Eleli, 23de Abedon, de Zikiri, de Hanan, 24de Hanania, de Elam, de Antotija, 25de Ifideya, de Penweli.
26Jeroham bia bam maa ye:
Sameserayi, de Sehariya, de Atalia, 27de Jaaresia, de Elija, de Zikiri.
28Nɔɔna bam konto maama déem ye ba sɔ-yuni tem nakwa mo ye ba yera yam popone ya tiŋi lonne twanno tem wone. Ba déem maa zoore Jerusalem ne.
29Gibeon kwo Jeyeli déem zoore Gibeon teo ne mo. O kaane yere maa ye Maaka. 30O bia bam maa ye:
O bu-kwea Abedon, de Zura, de Kisi, de Baal, [de Nera], de Nadab, 31de Gedora, de Ahio, de Zekere, 32de Mikilofa.
Mikilofa de ma lo Simea. Banto maama déem zoore ba twɛ de ba chorro tedwonna mo Jerusalem ne.
33Nera déem mo loge Kisi. Kisi ma lo Sɔɔl. Sɔɔl de déem ma lo Jonatan, de Maliki-sua, de Abinadaba, de Esi-baal. 34Jonatan bu mo ye Meri-baal. Meri-baal de ma lo Mika.
35Mika bia bam maa ye:
Piton, de Meleka, de Tarea, de Ahaz.
36Ahaz déem mo loge Jehoada. Jehoada de ma lo Alemefi, de Azimavefa, de Zimiri. Zimiri ma lo Moza. 37Moza ma lo Binea. Binea bu maa ye Rafa. Rafa bu maa ye Eleasa. Eleasa bu maa ye Azeli.
38Azeli déem jege bia baredo mo. Ba yera mo ye:
Azerikam, de Bokeru, de Isameli, de Searia, de Obadia, de Hanan.
39Azeli nyaane Eseke de déem maa jege bia batɔ ye banto mo ye o bu-kwea Yulam, de Jewusi, de Elifeleti. 40Yulam bia bam déem ye babɛ mo jara wone. Ba maa yei chena tam chekke. Yulam bia bam de o naaro tem maama daga dedɛ. Ba déem yi nɔɔna bi de finnu (150) mo.
Banto maama nam ye Benjamin dwi dem mo konto.",https://www.bible.com/bible/3661/1CH.8.KBG
1 TIGISIM 9,"Nɔɔna balo na tu ba zoore Jerusalem ne to
1Ba déem popone Isarele nɔn-bia bam maama yera ba tiŋi Isarele Teo Pwa Seina tɔnɔ kom wone.
Ko ná ye Judah tiina bam, ba dona déem jaane-ba ba vo Babilon, ba na nwoŋi Baŋa Wɛ kwaga ne to ŋwaane. 2Nɔɔna balo na dɛ yiga ba jwoori ba tete teo to déem ye Wɛ kaanem tiina, de Levi dwi dem badaara, ko woli de Wɛ diga kam tontoŋena, dedaane Isarele tiina badaara mo. 3Nɔɔna balo déem na tu ba zoore Jerusalem ne ye ba nwoŋi Judah dwi dem wone, de Benjamin dwi dem wone, de Efrayim dwi dem wone, ko woli de Manasɛ dwi dem wone to mo tento:
4Amihuda bu Yutayi. Amihuda kwo déem ye Omiri. Omiri kwo maa ye Imiri. Imiri kwo maa ye Bani. Bani déem ye Judah bu Pɛreza dwi tu.
5Ko ná ye Sela dwi dem wone, ko ye o bu-kwea Asaya de wonto bia bam mo.
6Ko maa ná ye Zera dwi dem wone, ko ye Jeweli.
Balo na nwoŋi Judah dwi dem wone ye ba jwoori to maama déem ye nɔɔna bia baredo de funogo (690) mo.
7Benjamin dwi dem wone nɔɔna balo na jwoori to mo tento:
Mesulam bu Saalu. Mesulam kwo déem ye Hodavia. Hodavia kwo maa ye Hasenua.
8Jeroham bu Yibineya.
Yuzi bu Ela. Yuzi kwo déem ye Mikiri.
Sefatia bu Mesulam. Mesulam kwo maa ye Reweli. Reweli kwo de déem maa ye Yibinija.
9Nɔɔna banto maama déem ye ba sɔ-yuni tem nakwa mo. Benjamin dwi tiina balo yera na popone ya tiŋi tɔnɔ ne to déem ye nɔɔna bia nogo de finnu-baredo (956) mo.
10Wɛ kaanem tiina balo na tu ba zoore Jerusalem ne to mo tento:
Jedaya, de Jehoyaribi, de Jakin.
11Azaria wolo déem na nii Wɛ diga kam tontoŋa yam baŋa ne to.
O kwo déem ye Hilikia. Hilikia kwo maa ye Mesulam. Mesulam kwo maa ye Zadoki. Zadoki kwo maa ye Merayofa. Merayofa kwo de déem ye Ahituba.
12Jeroham bu Adaya.
Jeroham kwo maa ye Pasura. Pasura kwo maa ye Malakija. Malakija kwo maa ye Maasayi. Maasayi kwo maa ye Adeli. Adeli kwo maa ye Jaazera. Jaazera kwo maa ye Mesulam. Mesulam kwo maa ye Mesilemifa. Mesilemifa kwo maa ye Yimera.
13Kaanem tiina bam konto de ba chorro telo na ye ba sɔ-yuni tem nakwa to déem ye nɔɔna moro de bia yarepɛ de fuseredo (1, 760) mo. Ba maa toŋe totoŋa dwi dwi Wɛ diga kam ne ye ba yei ba na wó ke tei to.
14Levi dwi dem nɔɔna balo de na jwoori to mo tento:
Merari dwi tu Semaya. Semaya kwo déem mo ye Hasubi. Hasubi kwo maa ye Azerikam. Azerikam kwo maa ye Hasabia.
15Bakebakara, de Herese, de Galale, ko woli de Mika bu Matania. Mika kwo déem ye Zikiri. Zikiri kwo maa ye Asaf.
16Semaya bu Obadia. Semaya kwo maa ye Galale. Galale kwo de maa ye Jedutuna.
Asa bu Berekia. Asa kwo déem ye Elikana mo. Wonto déem zoore Netofa tiina bam jei sem ne.
17Wɛ diga kam ni-yerena balo na jwoori to mo tento:
Salum, de Akuba, de Talemon, de Ahiman, de ba chorro tem.
Salum déem mo ye ba totoŋa yiga tu. 18De zem maama ba maa nii ni delo na yɔɔre wɛ-puli seeni ye ba bwoi-de we ‘Pɛ Ni dem’ to. Banto déem ye Wɛ diga kam ni-yerena balo na nwoŋi Levi dwi dem wone to mo.
19Kore bu Salum, de o dwonna Kora dwi tiina déem mo yere Wɛ wara-jei sem manchwo-peena yam.
Ba nabaara bam totoŋa de déem maŋe ya ye se ba taa yere Baŋa Wɛ wara-vwei dem ni mo. Kore kwo déem ye Ebiasafa, ye Ebiasafa ye Kora dwi tu mo. 20Faŋa to, Eleaza bu Finehase ya mo ye ni-yerena bam yuu tu. Baŋa Wɛ déem maa wo o tei ne. 21Meselemia bu Zekaria de déem yere Wɛ wara-jei ni dem mo.
22Nɔɔna bia yalei de fuga-balei (212) déem mo yere Wɛ wara-jei sem manchwo-peena yam. Ba déem popone ba yera ba tiŋi ko tɔge ba dwi dem mo kateiri de kateiri maama ne.
Ko nam ye Pɛ David de Wɛ ni-jwoŋinu Samuwel ya mo kuri ni-yerena bam se ba taa toŋe ba totoŋa yam de chega. 23Banto de ba dwi tiina bam mo tei Baŋa Wɛ diga kam ni dem yerem, ne ko ná ye Wɛ vwei dem mo naa diga kam tete. 24Ni-yerena bam déem zege Wɛ wara-jei sem sɛ sena sem maama ne ba yere nia yam mo. 25Maŋa de maŋa ba chorro tem na zoore ba kateira yam ne to maa yeini ba ba ba ke da yarepɛ ba woli-ba. 26Ni-yerena bana balo na ye ba yiga tiina to ye Levi dwi tiina mo. Ba nam pɛ-ba chega mo se ba taa yere Wɛ wara-jei zela di sem, ko woli de di selo lonne wonnu tem na tigi se wone to. 27Banto déem yere Wɛ wara-jei sem wea de tete maama mo, ko na ye ba totoŋa se ba taa nii ko maama baŋa ne to ŋwaane. Tega ná yeini ka poore, ba wó kwei bwor-bu mo ba ma ba pore ko nia yam ba yage dɛ wone maama.
28Ba déem ta kuri ni-yerena badwonna se ba taa nii wonnu telo ba na mae ba kaane Wɛ to baŋa ne. Maŋa maama ba ná kwei-te ba ja ba nwoŋi te jei sem ne, ba wó jeeli te ni mo, ye ba ná toŋe ba ti, ba daa ta wó ke konto mo se te dedoa yé muri. 29Nɔɔna badaara maa nii Wɛ wara-jei sem zela yam maama baŋa ne, ko ta woli de mun-bwei dem, de sana bam, de nuga kam, de talwoŋ-ywoŋa kam, de terale dem maama baŋa ne. 30Ko nam ye Wɛ kaanem tiina badwonna mo jege chwoŋa se ba gwaane terale dwi dwi ba ke daane. 31Levi dwi tu dedoa déem wora o yere mo Matitia. O maa ye Kora dwi tu Salum bu-kwea mo. Ba kuri wonto mo se o taa nii bworobworo kolo ba na ma ba ke Wɛ pɛɛra to fɔgem baŋa ne. 32Ko déem ye Kohafe dwi tiina badaara totoŋe mo se ba fɔge ba kwɛ bworobworo kolo ba na tiŋi Wɛ yiga ne Wɛ siu dɛ maama to.
33Balo na ye lein-leena ye ba ye Levi dwi dem nakwa to déem zoore Wɛ wara-jei di sem wone mo, se ba taa toŋe ba totoŋa yam wea de tete, ne ko na maŋe tei to. Mo kokuri ba daa ba jege totoŋa yadwonna se ba taa toŋe ba woli da. 34Nɔɔna bam konto maama déem ye Levi dwi dem sɔ-yuni tem nakwa mo ye ba yera yam popone ya tiŋi lonne twanno tem wone. Ba déem maa zoore Jerusalem ne.
Sɔɔl kwoa natɔga kam
35Gibeon kwo Jeyeli déem zoore Gibeon teo ne mo. O kaane yere maa ye Maaka. 36O bia bam maa ye:
O bu-kwea Abedon, de Zura, de Kisi, de Baal, de Nera, de Nadab, 37de Gedora, de Ahio, de Zekaria, de Mikilofa.
38Mikilofa de ma lo Simeam. Banto maama déem zoore ba twɛ de ba chorro tedwonna mo Jerusalem ne.
39Nera déem mo loge Kisi. Kisi ma lo Sɔɔl. Sɔɔl de déem ma lo Jonatan, de Maliki-sua, de Abinadaba, de Esi-baal.
40Jonatan bu mo ye Meri-baal. Meri-baal de ma lo Mika.
41Mika bia bam maa ye:
Piton, de Meleka, de Tarea, de Ahaz.
42Ahaz déem mo loge Jara. Jara de ma lo Alemefi, de Azimavefa, de Zimiri. Zimiri ma lo Moza. 43Moza ma lo Binea. Binea bu maa ye Refaya. Refaya bu maa ye Eleasa. Eleasa bu maa ye Azeli.
44Azeli déem jege bia baredo mo. Ba yera mo ye:
Azerikam, de Bokeru, de Isameli, de Searia, de Obadia, de Hanan.",https://www.bible.com/bible/3661/1CH.9.KBG
1 TIGISIM 10,"Sɔɔl na gɛ o ŋwea tei to
1 Samuwel 31:1-13
1Filisi tiina bam déem kwaare jara dedaane Isarele tiina bam. Isarele jar-keira bam ma jage sae ye Filisi tiina bam pare-ba. Ba ma go Isarele tiina bam dedɛ Giliboa peo kom yuu ne. 2Sɔɔl de o bia bam ma duri, ye Filisi tiina bam pɛ ba kwaga ba pu. Ba ma go Sɔɔl bia Jonatan, de Abinadaba, de Maliki-Sua. 3Jara yam ma tiini ya peene Sɔɔl dedɛ. O dona bam ma na‑o ye ba ta ba chena ba tɔ‑o pa ko ke‑o zonne. 4Sɔɔl ma ta de nɔn-doŋo wolo na zei o jara zela yam to o we, “Le n se-zɔɔ kom n ma n zɔ-ne n go. Amo ba lage se Filisi nɔn-yɔɔro tento yi amo yera ba zɔ-ne se ba mɔne-ne ba ke-ne chaveera.”
Nɔn-doŋo kom maa wo sɛ se o go‑o, foone na tiini de jege‑o to ŋwaane. Konto baŋa ne, Sɔɔl ma vaŋe o tete se-zɔɔ kom o le. O ma kwei-ko o moore o puga ne, ye o daare o to ko baŋa ne o te. 5Nɔn-doŋo kom na maane we Sɔɔl tege to, o de ma le o se-zɔɔ kom ye o to ko baŋa ne o te. 6Ko déem ke konto mo ye Sɔɔl de o bia batɔ bam, de o dwi tiina bam maama tɔge daane ba te.
7Isarele tiina balo déem na zoore Jezerele bwolo kom ne to ma lɔre we Sɔɔl de o bia bam tege mo, ye Isarele jar-keira bam maama duri ba jage. Ba na nigi konto to mo ba duri ba lage jei ba daare ba teene dem. Filisi tiina bam ma vo ba zoore de wone. 8Tega na poore to, Filisi tiina bam ma jwoori jara kapworo kom ne se ba zane ba le jejegero twa bam yera ne. Ba ma na we Sɔɔl de o bia bam tege mo ba tigi Giliboa peo kom yuu ne. 9Ba na nɛ to, ba ma gwoni Sɔɔl yuu ba le, ye ba lɔɔre o jara zela yam na wo o yera ne to. Ba laam ma toŋe kwora se ka yi Filisi tiina teene dem maama we, ba di Sɔɔl. Ba ma tɔɔle se ba dwi tiina maama ni taane dem konto, ye ba daare ba jege-de ba bore ba jwona yiga ne. 10Ko ná ye Sɔɔl jara zela yam, ba kwei-ya ba ja zo ba tiŋi ba jwona diga kam ne mo. Ba ma daare ba kwei o yuu kom ba vo ba pale ba jwoni Dagon diga kam ne.
11Nɔɔna balo maama déem na zoore Jabese Gilead ne to ma ni Filisi tiina bam na ke Sɔɔl tei maama to. 12Balo na tiini ba ye bembɛ ba wone to ma zaŋe ba vo ba pare Sɔɔl de o bia bam yera yam. Ba ma ja-ya ba jwoori Jabese, ye ba daare ba kwei ba kwi sem ba suli tio-kamunu kodwoŋi kuri ne, Jabese teo wone. Ba ta ma di ba lwi ye ba vɔ ba nia da yarepɛ.
13Sɔɔl déem tega o na nwoŋi Baŋa Wɛ kwaga ne to ŋwaane mo. O wo sɛ se o toŋe o tɔge Baŋa Wɛ nia yam. O déem vei kaane wolo na wae o bwei chira to se o wane o nii o yiga. 14O nam wo sɛ se o bwei Baŋa Wɛ se o bere‑o chwoŋa. Mo kokuri Baŋa Wɛ pɛ se Sɔɔl te. O ma daare o jwoŋi Isarele teo paare dem o jeŋa ne o kwei o pa Jesse bu David.",https://www.bible.com/bible/3661/1CH.10.KBG
1 TIGISIM 11,"1Isarele tiina kɔgɔ kom maama déem vei Heboron mo. Ba ma ta de David ba we, “Nii mo. Debam maama dedaane nmo ye yera dedoa de jana dedoa mo. 2Faŋa ye Sɔɔl ta ye debam maama pɛ to, nmo mo ye wolo na tɔge dé yiga pa se dé vei dé ke jara de dé dona to. Nmo Tu Baŋa Wɛ nam ya maŋe o ta de nmo o we, ‘Nmo mo wó ji a nɔɔna Isarele tiina bam yuu tu ye n nii ba baŋa ne ne nayero tei.’ ”
3Konto to, Isarele nakwa bam maama déem jeeri Pɛ David tei ne Heboron ne mo. Baŋa Wɛ yiga ne mo David ke ni-sɛɛm de-ba. Ba laam ma lwo nuga o yuu ne se o taa ye Isarele tiina bam maama pɛ, ne Baŋa Wɛ ya na tage de Samuwel we ko wó ke tei to.
David wane o jwoŋi Jerusalem
2 Samuwel 5:6-10
4Jebusi tiina déem mo zoore Jerusalem teo kom ne. Teo kom yere dedwoŋi déem ye Jebusi mo. David dedaane Isarele tiina jar-keira bam maama ma zaŋe ba vo Jerusalem se ba li teo kom. 5Jebusi tiina bam ma ta de David ba we, “Abam bá na chwoŋa á zo ywo-seeni.” De konto de, David wane Zion o di. Zion déem ye teo kom dam jeiga mo. Nɔɔna laam maa jege jei sem konto ba bwoi we, ‘David teo’.
6David ya tage o we, “Wolo ná tɔge jar-keira bam yiga o kwaare jara de Jebusi tiina bam, kotu wó ji ba yiga tu.” Zeruya bu Joaba mo ye wolo na bobo o ja jara yam to. Mo kokuri wonto seene o ji jar-keira bam yiga tu.
7David na di teo kom dam jeiga kam to, mo o lɛɛre o maŋe da o zoore ko wone. Konto ŋwaane mo ba bwoŋi ko yere we, ‘David teo’. 8O ma zege mɛ tega kam na suuri ka maŋe daane to o jwoori o lɔ teo kom o zege o kaage jeiga kam. Teo kom jei selo ta na daare to mo Joaba fɔge o lɔ. 9David dam dem déem ma fɔge de puli de ke da, Paŋwa Tu Baŋa Wɛ wom na wo o tei ne to ŋwaane.
Bembɛ selo na woli Pɛ David to
2 Samuwel 23:8-39
10Nɔɔna banto déem mo ye Pɛ David bembɛ sem yiga tiina. Ba ma tɔge de Isarele tiina bam maama ba zege David kwaga ne, pa se o laam ba o di paare tega kam maama baŋa ne, ne Baŋa Wɛ na maŋe o pwooli we, ko wó ke tei to.
11Bembɛ sem yera mo tento:
Hakimoni tu Jasobema déem mo ye ‘Bembɛ setɔ sem’ yiga tu wom. O déem jeeri nɔɔna bia yatɔ (300) mo de jara. O ma kwei o chichwei o ma go ba maama jara-keim bedwe baŋa ne.
12Wolo na saŋe wonto kwaga bembɛ setɔ sem wone to déem ye Ahohi tu Dodo bu Eleaza mo.
13Dɛ dedwe Filisi tiina bam na gilimi Pasa-Damim ne jara ŋwaane to, Eleaza wo David tei ne mo. Jei sem konto ne nɔɔna dugi chaara mo ba kara ne. Dáane mo Isarele jar-keira bam tutwoni ba duri se ba lu Filisi tiina bam jeŋa ne. 14David de Eleaza ma zege kara kam tetare ne ba kwaane ba ke jara yam ka ŋwaane. Ba ma go Filisi tiina bam dedɛ. Baŋa Wɛ déem ma pa se Isarele tiina bam di wɔnɔ dedɛ.
15Dɛ dedwe mo bembɛ fintɔ sem wone setɔ déem vei David tei, o na seigi Adulam peo bɔɔne wone to. Filisi tiina jar-keira kɔgɔ kodwoŋi ya tu ba tigisi Refayim bwolo kom ne. 16Ba kɔgɔ kodwoŋi de ya jwoŋi Bɛtelehem teo kom mo ba wora. Konto maama dedaane David ya wo o peo kom dalem jei sem ne mo. 17David boboŋa ma tiini ya ja o tete teo kom ye o ta o we, “Wɔ mo wó zaŋe o vo Bɛtelehem se o mɔ na vole delo na tigi teo kom manchwoŋo ni ne to wone o ja o ba o pa-ne se a nyɔ?” 18Bembɛ setɔ sem konto ma lɔɔre ba tɔge Filisi tiina kɔgɔ kom wone ba vo ba yi vole dem ba mɔ na bam, ye ba jwoori ba ja-ba ba ba ba pa David. Ba na jwoori to, o ma ve se o nyɔ na bam konto. O ma lwo-ba o yage tega ne se ba taa ye pɛɛre ba pa Baŋa Wɛ. 19O ma ta o we, “Amo Tu Wɛ, amo bá wane a nyɔ na banto! A ná nyɔge-ba, ko nye de a nyɔge nɔɔna banto jana mo, ba na sɛ se ba ga ba ŋwea se ba ma mɔ na banto to ŋwaane.” O ma ve se o nyɔ-ba.
Bembɛ setɔ sento déem na toŋe tei to mo konto.
20Joaba nyaane Abisayi de déem mo ye ‘Bembɛ fintɔ kom’ yiga tu. O ma kwei o chichwei o jeeri nɔɔna bia yatɔ (300) jara wone o go. Konto ŋwaane o ma na yere bembɛ setɔ sem yiga ne. 21Wonto déem mo tiini o na yere o dwoni bembɛ fintɔ kom maama, ye o ji ba yiga tu. O nam wo woli bembɛ setɔ sem wone.
22Jehoyada bu Benaya de déem ye jar-keiru mo na ye bembea. O nwoŋi Kabezele mo, ye o toŋe baare dedɛ.
Benaya déem go Moaba bembɛ selei. O ta ma tu gwoŋo wone o go nywoŋo dɛ dedwe waaro na tiini te wora maŋa kalo to. 23Benaya ta go Ejipti nɔn-wagele dedwoŋi mo. Nɔɔno wom dedɔrem déem ye jatwogo de noa ni maŋem kuni benu, ye o zei chichwei na maŋe de beiŋa to mo. Ko daare ye Benaya jege da-lɔŋɔ. O ma vo o vere chichwei dem Ejipti tu wom jeŋa ne, o jwoori o ma-de o zɔ‑o o go. 24Jehoyada bu Benaya déem na toŋe tei to mo konto. O de ma na yere bembɛ setɔ sem yiga ne. 25O ma tiini o na yere bembɛ fintɔ kom wone, ye o wo tɔge o woli bembɛ setɔ sem wone. David ma pa se Benaya ji balo na yere‑o to yiga tu.
26Bembɛ sem sedaara yera mo tento:
Joaba nyaane Asaheli.
Bɛtelehem tu Dodo bu Elihanan.
27Harodi tu Samofa.
Peloni tu Heleza.
28Tekoa tu Ikesa bu Yira.
Anatofe tu Abizeri.
29Husaa tu Sibekayi.
Ahohi tu Yilayi.
30Netofa tu Maharayi.
Netofa tu Baana bu Heledi.
31Ribayi bu Ifayi, na nwoŋi Gibea teo Benjamin laŋa kam ne to.
Pirafon tu Benaya.
32Hurayi na nwoŋi Gaasa bu-nwaro tem seeni to.
Arabafa tu Abiyeli.
33Baharum tu Azimavefa.
Saalebon tu Eliaba.
34Gizon tu Hasem bia.
Harara tu Sagea bu Jonatan.
35Harara tu Sachare bu Ahiyam.
Yuri bu Elifala.
36Mekerafa tu Hefera.
Peloni tu Ahija.
37Kamele tu Hezero.
Ezibayi bu Naarayi.
38Natan nyaane Joweli.
Hagiri bu Mibaha.
39Amon tu Zeleki.
Beerofa tu Naharayi.
Wonto déem zei Zeruya bu Joaba jara zela yam mo.
40Ifiri tu Yira.
Ifiri tu Gareba.
41Hiti tu Yuria.
Ahalayi bu Zabadi.
42Ruben dwi tu Siza bu Adina.
Wonto déem ye Ruben dwi tiina yiga tu, ye o jege kwaga nɔɔna fintɔ.
43Maaka bu Hanan.
Mitini tu Josafate.
44Aseterafa tu Yuzia.
Arowa tu Hotam bia balei, Sama dedaane Jeyeli.
45Tizi tu Jedayeli bu Simiri, de o nyaane Joha.
46Mahavi tu Eleli.
Elinaam bia balei, Jeribayi dedaane Josavia.
Moaba tu Itama.
47Eleli, de Obeda, de Mezoba tu Jaaseli.",https://www.bible.com/bible/3661/1CH.11.KBG
1 TIGISIM 12,"David kwaga nɔɔna na wo Zikalag ne to
1David déem vei o zoore Zikalag ne, Kisi bu Sɔɔl na zeili‑o o tei ne to ŋwaane. O na zoore da konto to, mo babɛ sedwonna na yei jara keim chekke to tu ba woli‑o se o ke jara yam. 2Babɛ sem déem jege tɛ mo. Ba maa yei chena tam de napana dolem chekke jazem de jagwia maama. Ba maa ye Benjamin dwi tu Sɔɔl chorro mo. 3Ba yiga tu wom mo ye Ahiyezera. O nyaane Joasa de maa wo o kwaga ne. Banto balei kwo maa ye Gibea tu Semaa. Ba nɔɔna bam mo ye:
Azimavefa bia Jezeli, de Peleti, ko woli de Beraka, de Anatofe tu Jehu, 4de Gibeon tu Isamaya.
Wonto déem ye bembea mo jar-keira fintɔ bam wone ye o ta ye ba yiga tu. Ba nɔɔna badwonna maa ye:
Jeremia, de Jahazeli, de Johanan, de Gedera tu Jozabadi, 5de Eluzayi, de Jerimofa, de Bealia, de Semaria de Harufi tu Sefatia, 6dedaane Kora tiina Elikana, de Issiya, de Azareli, de Jozere, de Jasobema, 7ko woli de Gedora tu Jeroham bia balei, Jowela de Zebadia.
8Babɛ sedwonna de déem nwoŋi Gad dwi dem wone ba da ba woli David kɔgɔ kom wone. Ba ma vo o tei kagoa yuu ne. Ba de déem ye bembɛ selo na yei jara keim chekke to mo. Ba maa jege jara nantane de chichwoa. Ba maa jege foone ne nywoŋo tei, ye ba tiini ba wara ne feira na duri tei peero yuu ne to. 9Ba yiga tu wom mo ye Ezere. O kwaga nɔɔna maa ye:
Obadia, de Eliabi, 10de Misimana, de Jeremia, 11de Atayi, de Eleli, 12de Johanan, de Elizabad, 13de Jeremia, de Makabanayi.
14Babɛ sento na ye Gad tiina to déem ye jar-keira yiga tiina mo. Ba dedoa wó wane nɔɔna bi o zeili jara wone. Ba wone wolo dam na daga to wae nɔɔna moro o zeila. 15Babɛ sem konto déem mo bɛ Jɔdan buga kam maŋa kalo ka ni na pɛɛle bene dem boboa chana kam ne to. Ba ma vo ba zeili nɔɔna balo maama na zoore bubɛ dem bwollu tem wɛ-puli de wɛ-zoore seeni to pa se ba duri ba viiri.
16Baara badwonna na ye Benjamin dwi tiina de Judah dwi tiina to déem vei David tei o dam jei sem ne. 17David ma zaŋe o jeeri-ba ye o ta de-ba o we, “Á veiŋa kam ná ye zaane veiŋa mo á beene se á woli-ne, amo de nam sɛ se dé maama woli daane. Á nam ná tu se á yeigi-ne mo á pa a dona bam, se debam nabaara Wɛ wom taa yei ko ni ne se o daare o waare abam. Kokuri to a wo ke kolokolo a chɔge.”
18Wɛ Jworo ma ba Amasayi wolo na ye ba jar-keira fintɔ kom yiga tu to baŋa ne, ye o ta o we,
“David! Debam ye nmo nɔɔna mo,
Jesse bu! Dé wo n kwaga ne.
Yazura taa wo n tei ne,
se ko kɛ ko yi balo de
na woli‑m to.
Nmo Tu Wɛ wom wó zeini‑m.”
David ma sɛ o jwoŋi-ba ye o daare o pa se ba ji o jar-keira bam yiga tiina.
19Baara badwonna de déem nwoŋi Manasɛ dwi dem wone ba da ba woli David kɔgɔ kom wone maŋa kalo o na tɔge de Filisi tiina bam se ba kwaare jara de Sɔɔl to. Ko nam na ke tei to, David de o nɔɔna bam wo woli Filisi tiina bam, foone na jaane ba yiga tiina bam to ŋwaane. Ba déem boŋe we David wó wane o lɔ ba kwaga ne o jwoori Pɛ Sɔɔl tei o daare-ba pa se ba ga ba ŋwea mo. Mo kokuri ba jeini tega ne ba bwɛ daane ye ba pa David pwɛ o tete de-ba. 20Maŋa kalo David na maa jwoori Zikalag to, Manasɛ nɔɔna balo na dɛ ba tɔge ded‑o to mo ye:
Adina, de Jozabadi, de Jedayeli, de Mikayeli, de Jozabadi, de Elihu, de Ziletayi.
Nɔɔna bam konto dedoa dedoa tei Manasɛ dwi jar-keira moro mo. 21Ba déem yeini ba woli David pa se o wane venverena balo na ke jara de-ba to, bɛŋwaane ba déem ye babɛ mo chekke ye ba kwori ba ye o jar-keira bam yiga tiina. 22Dɛ maama wone nɔɔna déem yeini ba tui ba woli David kɔgɔ kom wone. Konto déem ma pa se o na jar-keira kɔgɔ dedɛ, nenɛɛne Wɛ tete jar-keira to.
David kwaga nɔɔna na wo Heboron ne to
23David déem na wo Heboron ne to, baara balo na yei jara keim to mo tu ba woli o jar-keira kɔgɔ kom wone, se ba pa o leiri Sɔɔl yuu ne o di paare dem, ne Baŋa Wɛ na maŋe o pwooli tei to. Nɔɔna bam ni mo tento:
24Judah dwi dem wone:
Baara morro teredo de bia nana (6,800). Banto déem zei nantane de chichwoa mo de jara zela dedɛ.
25Simeon dwi dem wone:
Jar-keira morro terepɛ de bi (7,100). Banto ye babɛ chekke.
26Levi dwi dem wone:
Baara morro tena de bia yaredo (4, 600). 27Aron dwi tu Jehoyada de woli da, de o nɔɔna morro tetɔ de bia yarepɛ (3, 700). 28Zadoki de maa wora. O déem ye nɔn-doŋo kolo na ye bembea to mo, ye dedɛɛra finlei-balei (22) wo o tei ne, ba na ye o chorro to.
29Benjamin dwi dem wone:
Baara morro tetɔ (3,000). Sɔɔl tete dwi dem mo konto. Ba dedɛ déem sɛ ba zege Sɔɔl de o diga kam kwaga ne ye ba wo yage.
30Efrayim dwi dem wone:
Baara morro finlei de bia nana (20, 800). Banto déem tiini ba jege yere mo ba sɔ-yuni tem wone.
31Manasɛ dwi chichworo kom wone:
Baara morro fuga-nana (18,000). Ba chorro tem déem kuri-ba dedoa dedoa se ba yɔɔre ba ba ba woli David se o ji pɛ.
32Isakara dwi dem wone:
Dedɛɛra bia yalei (200), de ba chorro telo maama na wo ba kwaga nɔɔna to. Dedɛɛra bam konto yei kolo na jege ko ke kanto maŋa kam ne to pa se ba lɔre chwoŋa kalo Isarele tiina na jege se ba tɔge to.
33Zebulun dwi dem wone:
Jar-keira morro finnu (50,000). Ba déem yei jara keim chekke mo. Ba maa jege jara zela dwi dwi se ba ma woli David jara wone. Ba déem yɔɔre ba ke ba chega ded‑o.
34Nafitali dwi dem wone:
Jar-keira yiga tiina moro (1,000), ko woli de ba jar-keira morro fintɔ-terepɛ (37,000) na zeeri jara nantane de chichwoa to.
35Dan dwi dem wone:
Jar-keira morro finlei-nana de bia yaredo (28, 600).
36Asere dwi dem wone:
Jar-keira morro finna (40, 000). Banto yei jara keim chekke.
37Isarele dwia yalo déem na zoore Jɔdan buga kam wɛ-puli seeni to. Ruben dwi dem, de Gad dwi dem, ko woli de Manasɛ dwi chichworo kom mo konto:
Jar-keira morro bi de finlei (120, 000). Ba de déem jege jara zela dwi dwi.
38Nɔɔna bam konto maama déem ye jar-keira balo na ti ba yiga se ba kwaare jara yam to mo. Ba na tu David tei Heboron ne to, ba boboŋa ya jaane se ba pa o di paare Isarele teo kom maama baŋa ne mo. Ko nam dae banto yerane. Isarele na tigi pip to, nɔɔna maama jaane boboŋe dedwe mo se ba pa David ji ba pɛ. 39Nɔɔna banto maama déem maŋe David tei ne mo da yatɔ ba di wodi-fɔrɔ kuri. Kokuri to, ba chorro tem déem pɛ-ba ba na lage kolo to maama mo. 40Ba nu-bia badwonna na wo Isakara, de Zebulun, de Nafitali dwia yam maama laŋa ne to de ma la wodiiru dedɛ ba toŋe ba pa-ba se ba taa di. Ba déem mɛ bonɛ, de kona, de bona-sisei, de nabɛ ba zeŋe wodiiru tem ba ba ba pa-ba. Wodiiru tem maa ye muni, de kapere-kora, de kekan-wogila, de sana, de nuga, ko ta woli de na-bale, de pei. Kokuri Isarele teo kom maama ne mo ba déem di ywoni lanyerane.",https://www.bible.com/bible/3661/1CH.12.KBG
1 TIGISIM 13,"Wɛ ni-gwonim dakaa kam
2 Samuwel 6:1-11
1David déem mo nɛ de o jar-keira dedɛɛra balo na tei nɔɔna moro moro to, de balo na tei nɔɔna bi bi to, de o jar-keira bam yiga tiina maama. 2O ma daare o ta de Isarele tiina nɔn-kɔgɔ kom maama we, “Abam ná wó sɛ, ye ko ná tɔge debam Tu Baŋa Wɛ boboŋa de, pa-na se dé toŋe kwora dé pa dé chorro telo na wo Isarele laŋa kam jei maama ne to se ba maama ba ywo se dé jeeri daane. Dé ta wó toŋe kwora kam konto dé pa Wɛ kaanem tiina de Levi dwi tiina maama na wo teene delo pwoli na gilimi-de to wone. 3Pa-na dé kwaane dé kwei dé Tu Wɛ ni-gwonim dakaa kam dé ja dé jwoori dé tei ne. Kokuri to, maŋa kalo Sɔɔl na jege paare dem o di to, dé wo bwei se dé lɔre Wɛ boboŋa.” 4David na tage konto to, nɔn-kɔgɔ kom maama ma sɛ o taane dem, ko na tɔge chwoŋa ba maama yiga ne to ŋwaane.
5David ma la Isarele tiina bam maama ko zege Ejipti siseini dem ne se ko vo ko yi Lebo-Hamafa o ke daane, se ba da ba vo Kiriaf-Jeerim ba kwei Wɛ ni-gwonim dakaa kam ba ja ba jwoori. 6O ma da ba yiga se ba maama vo Judah teo Baala kolo yere dedwoŋi na ye Kiriaf-Jeerim to. Ba déem vei se ba ja Wɛ ni-gwonim dakaa kam mo ba jwoori Jerusalem. Dakaa kam konto wora Baŋa Wɛ yere ŋwaane mo. Wonto di paare cherubi sem tetare laŋa ne, se na zege dakaa kam baŋa ne to.
7Dakaa kam nam ya wo Abinadaba sɔŋɔ ne mo. Ba ma vo ba kwei-ka ba daŋe nabɛ toroko-doŋo baŋa ne. Abinadaba bia balei Yuza de Ahio maa tɔge toroko kom ye ba yere-ko. 8David de Isarele tiina bam maama ma leeni lei ba seini Wɛ de ba dam maama. Ba ta maa jege kwanno, de zwe, de gungwei, de nabwanno, dedaane kwɛɛra zela dwi dwi ba kwɛɛre, ye ba daare ba sae ba tɔge kwaga.
9Ba ma vo ba yi Chidon na yeini o fere o mena mɛ to. Nabɛ sem ma gare se tete se lage se to. Yuza ma zi Wɛ ni-gwonim dakaa kam se o pa ka fɔge ka zege. 10Baŋa Wɛ bane ma tiini de zaŋe Yuza baŋa ne, o na twe o jeŋa o dwei dakaa kam to ŋwaane. Nɛ sem konto ni ne, Wɛ ma mage Yuza o go. 11David wo ma fuli dedɛ de Baŋa Wɛ na tɔge o ban-zɔŋɔ kom baŋa o go Yuza to. Konto ma pa o bwoŋi jei sem konto yere we, ‘Pɛrezi Yuza.’ Mo jei sem yere de zem maama. 12Keim dem konto ma pa se David kɔre Wɛ. O ma bwɛ o we, “Amo wó ke tɛ mo a ja Wɛ ni-gwonim dakaa kam a ba a tei?” 13O daa maa wo jaane-ka o ja o vo o zo o tete teo Jerusalem wone. O ma lɛɛre o pa se ba ywori ba ja-ka ba vo Gafa tu Obed-Edom sɔŋɔ. 14Wɛ ni-gwonim dakaa kam ma maŋe Obed-Edom sɔŋɔ ne chane setɔ mo. Ka na wora to, Baŋa Wɛ ma swɛ wonto de o sɔŋɔ tiina, de o wonnu maama swolim.",https://www.bible.com/bible/3661/1CH.13.KBG
1 TIGISIM 14,"David dwi dem taane
1Tura teo Pɛ Hiram déem ma toŋe nɔɔna David tei ne se ba ke pipiu daane. O ma pa se ba ja Sedare da-kwollu ba vo ba pa‑o. O ta ma pa se kandwa-cherena, de gwaro tɔge ba vo, se ba wane ba lɔ pɛ sɔŋɔ ba pa David. 2David ma lɔre we Baŋa Wɛ mo seene o pa se o di Isarele teo paare, ye o ta daare o pa se o paare dem fɔge de puli lanyerane, Wɛ tete nɔɔna Isarele tiina bam ŋwaane.
3David na zoore Jerusalem ne to, mo o daa ta di kaana badwonna o woli da. Ba ma lo bia, bakeiri de busankane, ba pa‑o. 4Bia balo David na loge Jerusalem ne to yera mo tento:
Sammua, de Sobabi, de Natan, de Solomon, 5de Ibihara, de Elisua, de Elipelete, 6de Noga, de Nefega, de Jafia, 7de Elisama, de Beliada, dedaane Elifeleti.
David wane Filisi tiina bam.
8Filisi tiina bam déem ma ni we ba tiŋi David se o taa ye Isarele tiina maama pɛ. Ba ma la ba jar-keira bam maama ba ke daane ba vo ba beeri o jeiga se ba ja. David ma lɔre ko ni ne ye o nwoŋi teo kom ne o vo se o jeeri-ba. 9Filisi tiina bam ma ba ba yi Refayim bwolo kom. Ba ma ke chichuŋu de nɔɔna balo na zoore da to. 10David ma bwei Wɛ o we, “A véi a jeeri Filisi tiina bam de jara, se nmo wó ke-ba a jeŋa ne na?” Baŋa Wɛ ma leiri‑o o we, “Ɛɛ, zaŋe n vo n jeeri-ba, se amo wó ke-ba n jeŋa ne.”
11David ma vo o yi Baal Perazim. O ma wane Filisi tiina bam o di. O laam ma ta o we, “Wɛ tɔge amo dam baŋa ne mo o mage o pore a dona bam baŋa ne o zeili-ba, nenɛɛne na na mage ba pore tei to.” Ba ma lɛɛre ba jege jei sem konto ba bwoi we ‘Baal Perazim’. 12Dáane mo Filisi tiina bam duri ba daare ba jwona yam ba yage. David ma pa o nɔɔna bam ni se ba kwei mini ba zwɛ jwona yam.
13Ko na ke da fenfee to, Filisi jar-keira bam daa ta ma jwoori Refayim bwolo kom ba ke chichuŋu de nɔɔna bam. 14David daa ma bwei Wɛ se o lɔre o na wó ke tei to. Wɛ ma ta o we, “Nmo ná jeeri-ba, se n yé yɔɔre ba yiga vekke. Nam kaare n tɔge Balesam teeni dem n kekare dáa kadwoŋi kam ne n yi-ba. 15Ta‑n nii teeni dem yuu ne. Nmo ná tu n ni ko dɔna de baŋa ne, se n laam nwoŋi n jeeri-ba. Ko bere we amo tete mo dɛ á yiga se a jeeri Filisi tiina jar-keira bam de jara a daare a di-ba.” 16David ma seene o ke kolo Wɛ na bere‑o se o ke to. Ko ma pa se ba wane Filisi jar-keira bam ba di. Ba ma zege Gibeon ne ba pare-ba ba vo ba yi Gezere.
17Konto maama baŋa ne mo David yere déem zaŋe de jage tega baŋa jei maama ne. Baŋa Wɛ ma pa se dwi-gɛ tiina maama tiini ba kɔre foone ded‑o.",https://www.bible.com/bible/3661/1CH.14.KBG
1 TIGISIM 15,"Wɛ ni-gwonim dakaa kam
1David déem lɔge sam mo o tete teo Jerusalem ne se o taa zoore de wone. O ma daare o chwi vwei se o wane o kwei Wɛ ni-gwonim dakaa kam o zege da. 2O déem ma ta o we, “Levi dwi tiina yerane mo jege chwoŋa se ba zeŋe Wɛ ni-gwonim dakaa kam. Kokuri banto mo Baŋa Wɛ maŋe o kuri se ba taa zeŋe-ka, se ba daare ba taa toŋe ba pa‑o se ko taa vei wuu.”
3David ma la Isarele tiina bam maama o ke daane Jerusalem ne, se ba laam wane ba kwei Wɛ ni-gwonim dakaa kam ba ba ba zege o na ke jei selo o pa-ka to. 4O ma bwoŋi Aron dwi dem de Levi dwi tiina bam o ke daane.
Banto déem mo ye:
5Levi bu Kohafe sɔ-yuu kom wone:
Ba sɔ-yuu kom nakwe Yureli de o chorro bi de finlei (120).
6Levi bu Merari sɔ-yuu kom wone:
Ba sɔ-yuu kom nakwe Asaya de o chorro bia yalei de finlei (220).
7Levi bu Gereson sɔ-yuu kom wone:
Ba sɔ-yuu kom nakwe Joweli de o chorro bi de fintɔ (130).
8Elizafan sɔ-yuu kom wone:
Ba sɔ-yuu kom nakwe Semaya de o chorro bia yalei.
9Heboron sɔ-yuu kom wone:
Ba sɔ-yuu kom nakwe Eleli de o chorro fu-nɔnɔ (80).
10Yuzeli sɔ-yuu kom wone:
Ba sɔ-yuu kom nakwe Aminadabi de o chorro bi de fuga-balei (112).
11David déem bwoŋi Wɛ kaanem tiina Zadoki, de Abiatara. O ta ma bwoŋi Levi dwi tiina baredo bam, Yureli, de Asaya, de Joweli, de Semaya, de Eleli, de Aminadabi. 12O ma ta de-ba o we, “Abam ye Levi dwi dem sɔ-yuni tem nakwa mo. Abam dedaane á dwonna Levi tiina bam jege se á kwɛ á tete Wɛ ŋwaane mo se á wane á zeŋe Baŋa Wɛ wom na ye Isarele tiina Wɛ to ni-gwonim dakaa kam á ja á ba mɛ amo na kwɛ se ka taa wora to. 13Dé na kwaane se dé ke konto boboa ne to, abam Levi dwi tiina ya tera se á zeŋe-ka, ne Wɛ chullu tem na bere tei to. Mo kokuri dé Tu Baŋa Wɛ bane fuli dé baŋa ne, dé na wo bwei‑o se dé lɔre dé na wó ke tei to ŋwaane.”
14Wɛ kaanem tiina bam de Levi tiina bam ma kwɛ ba tete Wɛ ŋwaane se ba wane ba zeŋe Baŋa Wɛ wom na ye Isarele tiina Wɛ to ni-gwonim dakaa kam. 15Levi tiina bam kwei da-dedwaaro mo ba ma ba zeŋe Wɛ dakaa kam ba bakale baŋa ne, ne Baŋa Wɛ déem na tɔge Moses baŋa ne o pa-ba ni se ba ke tei to.
16David ma ta de Levi tiina nakwa bam se ba kuri ba tete chorro tem wone balo na wae ba leeni to se ba taa leeni wopwolo lei. Badaara maa wó taa tae kwanno dwi dwi, ye badaara de taa jege zwe ba maga. 17Levi tiina bam ma kuri Joweli bu Heman, de o choro Asaf wolo kwo na ye Berekia to. Ko maa ná ye Merari dwi dem wone, ba ma kuri Kusaya bu Etan. 18Ba déem ta kuri ba chorro telo na wó woli-ba to. Banto mo ye:
Zekaria, de Jaazeli, de Semiramofa, de Jeheli, de Yunni, de Eliabi, de Benaya, de Maaseya, de Matitia, de Elifelehu, de Mikineya, ko woli de Wɛ diga kam ni-yerena balei balo yera na ye Obed-Edom, de Jeyeli to.
19Heman, de Asaf, de Etan mo ba kuri se ba taa mage channa zwe. 20Ba déem ta kuri Zekaria, de Azeli, de Semiramofa, de Jeheli, de Yunni, de Eliabi, de Maaseya, de Benaya se ba taa tae kwan-baloa se te kwori taa ywomma. 21Matitia, de Elifelehu, de Mikineya, de Obed-Edom, de Jeyeli, de Azazia maa wó taa tae kwan-kamunnu se te kwori dé taa ywomma. 22Ba déem kuri Chenania mo se o taa ye lein-leena bam yiga tu, o na yɔɔre o ye gɔgɔ lei wone to ŋwaane.
23Ba ma kuri Berekia, de Elikana se banto taa yere Wɛ ni-gwonim dakaa kam. 24Wɛ kaanem tiina Sebania, de Josafate, de Netaneli, de Amasayi, de Zekaria, de Benaya, de Eliazera maa ye se ba to Wɛ ni-gwonim dakaa kam yiga ne ba taa wui nabwanno. Obed-Edom, de Jehia de déem maa ye se ba taa yere dakaa kam ba woli da.
25David déem tɔge de Isarele tiina nakwa bam, ko woli de jar-keira dedɛɛra balo na tei nɔɔna moro moro to se ba vo Obed-Edom sɔŋɔ kom ba kwei Baŋa Wɛ ni-gwonim dakaa kam mo ba ja ba ba Jerusalem. Ba na maa vei to, ba jege wopwolo dedɛ mo. 26Wɛ déem yɔɔre o zeini Levi tiina balo na zeŋe Baŋa Wɛ ni-gwonim dakaa kam to. Konto ŋwaane ba ma go nabɛ serepɛ de pi-bale serepɛ ba ma kaane ba zuli‑o.
27David, de Levi tiina balo maama na zeŋe dakaa kam to, ko woli de lein-leena bam, de Chenania wolo na nii ba totoŋa yam baŋa ne to déem vɔge gare-fefale ba yera ne mo. David tete ma zo gare-wogo kolo ba na mɛ gare-fefale ba sɔ to o daŋe da. 28Isarele tiina kɔgɔ kom maama ma tɔge ba la ba pu o kwaga, pa se ba ja Baŋa Wɛ ni-gwonim dakaa kam ba vo Jerusalem. Ba na maa vei to, ba tiini ba bage wopwolo sɔɔ mo ye ba wui nabwanno, de namunnu. Ba maa mage zwe, ye ba daare ba tae kwanno dwi dwi de. 29Ba na yɔɔre ba jege Baŋa Wɛ ni-gwonim dakaa kam ba zoore Jerusalem teo wone tei to, mo Sɔɔl bukɔ Mikaale tɔge o takworo seeni o nii o na kɔgɔ kom. O maa na nɛ Pɛ David na tiini o sae de wopwolo tei to, o ma gwooni‑o o bochare ne.",https://www.bible.com/bible/3661/1CH.15.KBG
1 TIGISIM 16,"1David déem ya maŋe o chwi vwei Wɛ dakaa kam ŋwaane. Ba ma kwei dakaa kam ba zege vwei dem wone. Ba ma go vara ba ke kaanem ba zwɛ ba pa Wɛ, ye ba daare ba ja yazura pɛɛra ba ba se ba ma ba zuli‑o. 2David na ke kaanem dem o ti to, o laam ma kwei Baŋa Wɛ yere dem o ma o sɔɔle Wɛ swolim o pa nɔɔna bam. 3O ta ma pa se ba chɛ wodiiru tem ba pa Isarele tiina kɔgɔ kom maama, baara de kaana. Nɔɔno maama ma jwoŋi bworobworo dedoa, de nɔn-wɔa, de kekan-wogila bɔŋa dedoa.
4David déem ma kuri Levi tiina badwonna se ba taa zuli Baŋa Wɛ wom na ye Isarele tiina Wɛ to o dakaa kam yiga ne. Ba totoŋa maa ye se ba taa lwoori‑o, ye ba ke o lei, ye ba daare ba tei‑o. 5Banto wone Asaf déem mo ye ba yiga tu. Zekaria ma saŋe, ko woli de Jeyeli, de Semiramofa, de Jeheli, de Matitia, de Eliabi, de Benaya, de Obed-Edom, de Jeyeli wodwoŋi. Banto maa ye balo na tae kwanno dwi dwi to. Asaf mo tei zwe sem magem. 6Wɛ kaanem tiina Benaya de Jahazeli maa zege Wɛ ni-gwonim dakaa kam yiga ne ba wui nabwanno tem maŋa de maŋa.
David lei keim leiŋa
Lei 105:1-15; 96:1-9; 106:47-48
7Dɛ dem konto ne mo David bobo o pa se Asaf de o dwonna bam leeni Wɛ seinim leiŋa kanto se ba ma ba ke Baŋa Wɛ lei:
8Ke-na Baŋa Wɛ lei,
se á daare á tei o yere!
Pa-na se logo baŋa dwi tiina lɔre
o na toŋe kolo maama to.
9Leeni-na tia lei á pa‑o.
Ta-na kwanno á tei‑o!
Bere-na nɔɔna o totoŋ-kamuna na ye tei to.
10Ta‑á jege-na teera,
o yere dem na ye wose to ŋwaane.
Abam balo na kwaane
se á lɔre Baŋa Wɛ to,
di-na ywoni.
11Véi-na Baŋa Wɛ yiga ne
se o pa á jwoŋi dam.
Ta‑á fɔɔre-na á twɛ‑o
maŋa maama wone.
12Jwoori á guli-na o totoŋ-kamunnu tem,
dedaane o wo-kenkagela yam gula,
se á yé swei o bora borem dem
o na pɛ abam to swia.
13Chega to, á ye balo Wɛ na kuri
o pa o tete mo.
Á maa ye Wɛ tontoŋeno Isarele bia bam.
Jakob dwi dem mo konto.
14Wonto nam mo ye debam Tu
Baŋa Wɛ wom.
O maa tei logo baŋa maama
de chega.
15Guli-na o na gwoni o ni
de o nɔɔna bam tei to,
se á daa yé swei de swia.
O bá kwane o ni se ko taa vei wuu,
dwia moro na wó saŋe to.
16Wɛ déem gwoni o ni dem konto mo de Abaraham,
ye o daare o du duuri
o ma gwoni ni de Izaak.
17Jakob na tu o wora to,
Wɛ ma fɔge o ke ni-gwonim dem o pa‑o,
se o de o kwaga kam
taa tɔge-de taa wuu.
18Wɛ ma ta ded‑o o we,
“Amo lage a pa nmo Kanaan tega kam mo,
se nmo de n dwi dem jwoŋi-ka á ta‑á tei.”
19Ba kɔgɔ kom déem ta ba daga.
Ba maa ye nɔɔna fenfee yerane,
ye ba kare Kanaan tega kam ne ba beera,
ne veira mo tei.
20Ba maa tole teene dem maama wone
de dwi tiina maama wone.
21De konto de, Wɛ déem wo pɛ pwola
se nɔɔna bɛɛse-ba.
Banto ŋwaane mo
o déem kaane pwa ye o we:
22“Yé dwei-na nɔɔna banto,
se amo mo kuri-ba a pa a tete.
Nam yé pa-na ko chɛ
amo sampwori sem yera.”
23Leeni-na á ma‑á tei Baŋa Wɛ!
Nabiina maama,
leeni-na á pa-o-na.
Dɛ maama wone se á tɔɔle-na
o taane we, o ye Verem Tu.
24Ta-na jaja se dwi maama tiina lɔre we,
o nenɔŋ-fɔrɔ kom gaale.
Pa-na se nɔɔna maama ni
o totoŋ-kamuna yam ŋwa.
25Kokuri to, Baŋa Wɛ tiini o ye kamunu mo.
O ma seene o maŋe dedaane tia.
Nɔɔna jege se ba taa kɔre‑o
se ko dwoni wa yam maama.
26Wa yalo dwi-gɛ tiina na zuli to
ye jwona mo.
Ko nam ye Baŋa Wɛ mo naane wɛyuu maama.
27Kamunni dedaane paare mo
wo o tei ne.
Dam de ywoni de maa wo
o tete diga kam ne.
28Logo baŋa dwi tiina maama,
kwei-na zula á pa Baŋa Wɛ.
O na jege dam de nenɔŋ-fɔrɔ to ŋwaane,
kwei-na zula á pa‑o.
29O yere dem na maŋe de tia to ŋwaane,
kwei-na zula á pa‑o.
Ja-na pɛɛra á vo o yiga
á ma á zuli‑o.
Zuli-na Baŋa Wɛ
se ko tɔge de o na tiini
o jege lam tei to.
30Nabiina maama jege se
ba taa kɔre‑o ye ba yera sae mo.
O naane logo kom pa se ko zege mo ga cheppe.
Ko bá fɔge ko gɔ maŋa de maŋa.
31Pa se wɛyuu kom taa di ywoni!
Ta pa se tega kam baŋa
taa jege wopwolo!
Pa se dwi maama tiina taa tɛ we,
‘Baŋa Wɛ mo ye Pɛ!’
32Pa se naneo kom taa wuura,
konto de wonnu telo maama
na wo ko wone to.
Pa se kare sem de se wodiiru tem maama taa chaka!
33Teeni delo na wo goa ne to
laam wó leeni lei-ywei
de tei Baŋa Wɛ.
Kokuri to, o maa beene se o di
logo baŋa maama taane mo.
34Pa se dé ke-na Baŋa Wɛ lei,
se o tiini o lamma.
O swono kom wora mo taa wuu.
35Lwoori-na Wɛ á ta we,
“Nmo ye debam Vereno.
Jan ja, jwoŋi debam n yage!
Le debam dwi-gɛ tiina bam tetare ne n ke daane,
se n pa dé jwoori
dé tete teo kom.
Dé laam wó ke nmo lei,
n yere dem na ye wose to ŋwaane,
ye dé daare dé taa tei‑m
n nenɔŋ-fɔrɔ kom ŋwaane.”
36Pa-na dé taa tei Baŋa Wɛ wom
na ye Isarele tiina Wɛ to!
Wonto maŋe de teem mo
ko zege faŋa faŋa
se ko taa vei wuu.
Nɔɔna bam maama laam ma ta ba we, “Ameena!” Ba ma daare ba tei Baŋa Wɛ.
Wɛ zula yam taane
37Pɛ David déem na kuri Asaf de o chorro tem se ba taa zuli Baŋa Wɛ o ni-gwonim dakaa kam yiga ne to, o ma pa se ba toŋe ba pa Wɛ dɛ maama wone, ne chullu tem na bere tei to. 38O ta ma pa se Jedutuna bu Obed-Edom de o chorro fuseredo-nana (68) de toŋe ba woli da. Obed-Edom dedaane Hosa déem yere Wɛ diga nia yam mo.
39Ko ta ná ye Zadoki de o dwonna kaanem tiina bam, David déem pɛ se ba toŋe ba pa Baŋa Wɛ o wara-vwei dem ne mo. Wara-jei selo na wo Gibeon ne to mo konto. 40Ba déem yeini ba jege se ba go vara ba zwɛ ba pa Baŋa Wɛ zwɛɛm kaanem dakaa kam baŋa ne tetete de dedaan-ni maama mo, ne Baŋa Wɛ nia yam na bere se Isarele tiina taa ke tei to. 41Jedutuna de Heman déem mo woli ba wone, dedaane balo maama David na kuri dedoa dedoa to se ba taa ke Baŋa Wɛ lei, o swono kom na wora taa wuu to ŋwaane. 42Heman de Jedutuna déem nii lein-leena bam baŋa ne mo. Ba maa jege nabwanno, de zwe, de kwɛɛra zela dwi dwi se ba taa mae ba zuli Wɛ. Jedutuna dwi dem maa jege se ba taa yere Wɛ diga kam ni dem.
43Ba na ti konto maama to, nɔɔna maama ma jwoori ba sam. David de ma jwoori sɔŋɔ se o sɔɔle Wɛ swolim o pa o sɔŋɔ tiina bam.",https://www.bible.com/bible/3661/1CH.16.KBG
1 TIGISIM 17,"Wɛ na gwoni ni de David tei to
2 Samuwel 7:1-17
1Pɛ David déem laam maa zoore o sɔ-fɔrɔ kom ne. Dɛ dedwe o ma ta de Wɛ sampwora Natan o we, “Nii amo mo tento! A zoore sɔ-fɔrɔ kolo ba na kwei Sedare da-ŋonno ba ma lɔ-ko to, ko daare ye Baŋa Wɛ ni-gwonim dakaa kam laam zege vwei kuri ne.” 2Natan ma leiri o we, “Ke n boboŋa na jaane tei maama to, se Wɛ wo n tei ne.”
3Dɛ dem konto tete ne mo Wɛ ŋɔɔne dedaane Natan o we:
4“Véi n ta de amo tontoŋeno David we, ‘Baŋa Wɛ na tage kolo to mo tento: Ko dae nmo mo wó lɔ sɔŋɔ n pa-ne se a taa zoore da. 5Ko nam na ye tei to, ko zege maŋa kalo a na jaane Isarele dwi dem a ba ywo-seeni to, se ko ba ko yi zem, amo ta wo fɔge a zo sɔŋɔ wone. Mɛ maama a ná jaane-ba a vo, a yeini a zoore vwei kuri ne mo. 6Jei selo maama amo dedaane Isarele dwi dem na beeri dé vo to, amo ta wo fɔge a ta de dedɛɛra balo a na kuri se ba taa nii a nɔɔna Isarele tiina bam to we, “Bɛ mo ke ye á wo kwei Sedare da-ŋonno á ma á lɔ sɔŋɔ á pa-ne?” ’
7Konto to, ta ta de a tontoŋeno David we, ‘Paŋwa Tu Baŋa Wɛ na tage kolo to mo tento: Amo na le nmo to, dedaane n déem ye nayero mo gaao ne n nii pei baŋa ne. A ma daare a pa se n di paare amo nɔɔna Isarele tiina bam baŋa ne. 8Mɛ maama nmo na yeini n vei to, a déem tɔge n kwaga konto mo, ye a pa se n dona dwi maama saare tega baŋa ne. Leile konto, amo wó pa n yere zaŋe, se n ta‑n tɔge n ye logo baŋa dedɛɛra bam wone dedoa. 9Amo laam nam kwei tega kalo a nɔɔna bam na wó taa zoore ka wone to mo a pa-ba. Ko lage ko taa ye ba tete kugu jei nɔɔn-nɔɔno na bá wane o daane-ba ko wone to mo. Nankɔ-nyena daa bá bɛɛse-ba nenɛɛne ko déem na ke tei, 10ko zege maŋa kalo a na pɛ se yiga tiina nii a nɔɔna Isarele tiina bam baŋa ne to. Amo ta lage a wane abam dona bam maama mo a di.
Amo Baŋa Wɛ nam ta we, amo tete wó pa n dwi dem puli mo pa se n sɔŋɔ kom jeini de dam. 11Nmo ŋwea kam ná ba ka ti ye ba kwei‑m ba suli mɛ ba déem na suli nmo kwoa bam to, a ta wó pa n dwi dem wone nɔɔno dedoa zaŋe se o leiri nmo yuu ne o ji pɛ. A maa wó pa se o paare dem jeini de dam. 12Ko ye wonto mo wó lɔ sɔŋɔ o pa-ne. Amo ta wó pa se wonto dwi dem taa di paare dem taa wuu. 13Amo wó taa ye o kwo, se o de taa ye amo bu. Amo nam bá fɔge a dɔne a swono kom o baŋa ne, nenɛɛne a déem na ke tei dedaane Sɔɔl ye a le‑o paare dem wone se nmo laam ji pɛ to. 14Amo wó pa se n bu wom konto taa di paare amo nɔɔna baŋa ne taa wuu. Maŋa maama se ko taa vei wuu o paare dem wó fɔge de ja dam.’ ”
15Natan ma ta kolo maama Baŋa Wɛ na le o bere‑o to dedaane David.
David ke Baŋa Wɛ lei
16David ma vo o zo Baŋa Wɛ wara-vwei dem o jeini da, ye o ware Wɛ o we:
“Yuu-tu Baŋa Wɛ, amo ye wɔ mo, amo dwi dem de ye bɛ mo, ye n zeini amo tento se ko yi zem? 17De konto maama de, n ta boŋe se n ke-ne lanyerane n woli da! Yuu-tu Baŋa Wɛ, nmo ta ma‑n tiŋi ni a dwi dem ŋwaane se ko vo ko yi jwa seeni. Nmo maŋe n gare n pa a ye nɔn-kamunu mo.
18Nmo na pɛ a jege yere tei to, amo nam daa jege bɛ mo se a ta? Amo ye n tontoŋeno mo ye n yei a maama n tia. 19Baŋa Wɛ, ko ye amo ŋwaane de n boboŋa yam ŋwaane mo n ke wo-kamunnu tento maama, ye n daare n pa amo lɔre-te.
20Yuu-tu Baŋa Wɛ, nmo dwoŋi tera! Nmo yerane mo ye Wɛ. Dé yɔɔre dé yei konto mo chekke. 21Debam Isarele tiina bam mo ye dwi dedwe logo baŋa ne. Dwi dedwoŋi tera de na ma de Isarele tiina bam. Nmo déem jwoŋi-ba kabɛɛne wone mo pa se ba ji nmo tete nɔɔna, se n daare n pa n yere zaŋe wɛɛne. Nmo na vere-ba Ejipti tiina jeŋa ne to, n déem ke wo-kenkagela na jege foone to mo. Ko ta ná ye dwi tiina balo na kwaane se ba che-ba to, n zeili banto mo ba yiga ne. 22Nmo ma‑n kuri Isarele dwi tiina bam se ba taa ye nmo tete nɔɔna se ko taa vei wuu. Ko daare nmo Baŋa Wɛ de ma ji banto Wɛ wom.
23 Baŋa Wɛ, laam nam pa se n ni-gwonim dem, n na ke amo de a dwi dem ŋwaane to taa jege kuri se ko taa vei wuu. Seene n ke kolo nmo na tage to, 24se n yere dem taa ye kamunu taa wuu ye de daa bá jei. Nɔɔna laam wó taa tɛ ba we, ‘Paŋwa Tu Baŋa Wɛ wom na ye Isarele tiina bam Wɛ to mo nii Isarele tiina bam baŋa ne.’ Ko ta wó pa se amo wolo na ye n tontoŋeno to sɔŋɔ kom na dwi se ko taa vei wuu.
25Amo Tu Wɛ, nmo le wonnu tento maama n bere-ne we, n wó pa a dwi dem puli mo ye a sɔŋɔ kom jeini de dam. Konto ŋwaane mo pɛ se a na baare a lwoori‑m konto dwoŋi. 26Baŋa Wɛ, nmo seene n ye Wɛ mo chekke! Nmo pwooli wo-laaro tento na ye chekke to mo n pa amo wolo na ye n tontoŋeno to. 27Nmo nam lage n swɛ a kwaga kam swolim mo, se n ta‑n ke-ba zaane taa wuu. Baŋa Wɛ, nmo na swɛ ba swolim konto to, n swolim wó seene de taa tɔge a dwi dem mo se ko taa vei wuu.”",https://www.bible.com/bible/3661/1CH.17.KBG
1 TIGISIM 18,"David di wɔnɔ jara wone
2 Samuwel 8:1-18
1Konto kwaga ne, David déem ma vo o jeeri Filisi tiina bam de jara. O ma di-ba pa se ba na chaveera. O ma wane o jwoŋi Gafa teo kom de ko nawuura yam maama ba jea ne. 2David déem ma kwaare jara o di Moaba tiina bam de. Moaba tiina bam déem ma lɛɛre ba zo David dam kuri ne, ye ba tui ba ŋwe lampwoo ba pa‑o. 3Rehobi bu Hadadezere déem ye Zoba teo pɛ mo. O nam ya maa vei se o jwoŋi Yuferata buga laŋa kam teene dem mo o taa tei. David ma vo Hamafa seeni o jeeri Hadadezere de jara o di. 4David de o nɔɔna bam ma ja Hadadezere jara-keim torokooro moro (1,000), de o jar-keira balo na dɔge sisein-nɔɔna yuu ne to morro terepɛ (7, 000) mo, ko woli de o jar-keira balo na vei tega ne to morro finlei (20, 000). David ma le ba sisein-nɔɔna bi (100) se o taa jege o vaŋa o jara-keim torokooro, ye o daare o bwori selo na daare to nɛ pa se gwarege. 5Aram tiina balo déem na zoore Damasika laŋa kam ne to ma nwoŋi ba vo se ba woli Hadadezere. David ma jeeri-ba de jara ye o go ba nɔɔna morro finlei-telei (22, 000) 6David ma daare o ja o jar-keira badwonna o vo o che Aram tiina laŋa kam maama. Damasika ne mo konto. Aram tiina bam déem ma zo David dam kuri ne, ye ba ŋwe lampwoo ba pa‑o. Mɛ maama David ná via, Baŋa Wɛ yeini o pa se o di o dona mo jara wone. 7David ma vere sabu-seŋa jara zela yalo Hadadezere dedɛɛra bam ya na jege to o ja o jwoori o vo Jerusalem. 8Ko ta ná ye Tibafa dedaane Kun teene dem Hadadezere na tei to, David déem zo de wone mo o vere channa wonnu dedɛ o ja o viiri. Channa kam konto mo Solomon déem mɛ o mɔ ware-zon-zɔŋɔ kolo ba na bwoi we ‘Naneo Kom’ to, de Wɛ diga kam ywoa yam, ko woli de channa zwe sedwonna.
9Hamafa teo Pɛ Toyi déem ma ni we David di Zoba teo Pɛ Hadadezere jar-keira bam maama. 10Toyi tete déem ya ke jara kuni dedɛ mo de Hadadezere. O ma toŋe o bu Joram se o vo o jɔɔne David o ke o yu-ywoŋo lei de o na wane Hadadezere o di to. Joram ma ja sabu-seŋa pɛɛra, de lu-nyenno pɛɛra, de channa pɛɛra o vo o pa David. 11David ma kwei pɛɛra yam konto o pa se ba taa mae ba zuli Baŋa Wɛ. O déem ya maŋe o ke konto dwoŋi de lu-nyenno de sabu-seŋa wonnu telo o na vere o dona bam tei ne to mo. Banto maa ye: Edom dwi, de Moaba dwi, de Amon tiina, de Filisi tiina, ko woli de Amaleki tiina bam. 12Abisayi wolo nu na ye Zeruya to ma vo Yɛ bwolo kom o kwaare jara de Edom tiina bam o go ba nɔɔna morro fuga-nana (18, 000). 13O ma ja o jar-keira badwonna o vo o che Edom laŋa kam. Edom tiina bam maama laam ma zo David dam kuri ne. Mɛ maama David ná via, Baŋa Wɛ yeini o pa se o di o dona mo jara wone.
David tontoŋena bam taane
14David déem ma di paare Isarele tiina bam maama ka baŋa ne. O ma tɔge chwoŋa de o na ke o nɔɔna bam tei to, pa ko lana ko pa-ba. 15Zeruya bu Joaba mo ye David jar-keira bam yiga tu. Ahiluda bu Jehosafate de ma nii woŋo maama baŋa ne se o popone-te o tiŋi. 16Ahituba bu Zadoki dedaane Abiatara bu Ahimeleka déem ye Wɛ kaanem tiina mo. Seraya maa ye tɔn-poponno. 17Jehoyada bu Benaya mo nii Cherete tiina bam dedaane Peleti tiina bam baŋa ne. David bu-baara bam maa wo o dedɛɛra bam yiga ne ba toŋe ba pa‑o.",https://www.bible.com/bible/3661/1CH.18.KBG
1 TIGISIM 19,"Amon tiina bam taane
1Konto kwaga ne, Amon tiina pɛ Nahasi ma te. O bu Hanun ma leiri o yuu ne o ji pɛ. 2David ma ta o we, “Amo lage a ke Nahasi bu Hanun lanyerane mo, nenɛɛne o kwo de déem na ke amo lanyerane tei to.” O ma toŋe nɔɔna se ba vo ba ke Hanun lei de o kwo lua kam. David nɔɔna bam na yi Amon tiina laŋa kam ye ba vo ba ke Hanun lei to, 3Amon tiina dedɛɛra bam ma ta de Hanun ba we, “Nmo pɛ chega we, David boŋe lanyerane mo ye o toŋe nɔɔna se ba ba ba ke n kwo lua kam lei na? Lɔre we o nɔɔna bam tu se ba ŋɔ ba nii dé tega kam mo, se o laam wane o ba o di debam.” 4Hanun ma pa se ba ja David tontoŋena bam ba cheeri ba twana yam. Ba ta ma ja ba gwaaro tem tetare ne ba gwoni ba yage se ko yi ba takeira seeni. Ba laam ma yage-ba se ba viiri de kuri-nɔrɔ. 5David tontoŋena bam ma kɔre se ba jwoori sɔŋɔ, chaveera na jege-ba to ŋwaane. David na nigi ko na ke-ba tei to, o ma toŋe nɔɔna se ba jeeri-ba chwoŋa ne. O ma pa-ba kwora o we, “Maŋe-na Jeriko ne se á twana yam ná nwoŋi maama se á laam jwoori sɔŋɔ.”
6Amon tiina bam ma maane we, ba kikia maama laam lwoi David momwa ne mo. Hanun de Amon tiina bam ma vo ba sɔ ni de Aram tiina balo na wo Aram-Naharam, de Aram-Maaka, de Zoba ne to. Ba déem ŋwe lu-nyenno telo dunni na ye kilo morro fintɔ-tena (34,000) mo ba ma jwoŋi jara-keim torokooro de se dira bam Aram tiina bam tei ne. 7Torokooro morro fintɔ-telei (32, 000), de Maaka pɛ wom, de o jar-keira bam ma woli ba wone. Ba maama ma vo ba jeeri Medeba ne. Amon tiina bam de ma nwoŋi ba teene dem ne se ba da ba kwaare jara yam.
8David na lɔre ko ni ne to, o ma toŋe Joaba se o ja o babɛ sem kɔgɔ kom maama o vo o jeeri-ba de jara. 9Amon tiina bam ma gwɛ ba nwoŋi ba chichei ba zege ba teo kom manchwoŋo ni ne se ba ke jara yam. Ko daare pwa balo de na tu se ba da ba woli-ba to laam ma chichei ba zege teo kom pwola ne ye ba cheiga.
10Joaba ma lɔre we ba dona bam lage ba jeeri-ba yiga de kwaga maama mo. O ma kuri Isarele jar-keira bam wone balo na tiini ba yei jara laŋa chekke to, se banto yɔɔre ba jeeri Aram tiina bam. 11Jar-keira balo na daare to, o ma ke-ba o nyaane Abisayi jeŋa ne se banto maama vo ba jeeri Amon tiina bam. 12Joaba laam ma ta Abisayi o we, “Nmo ná nɛ we Aram tiina bam tiini ba dana ba dwoi amo, se n ba n woli-ne. Amon tiina bam de nam ná dana ba dwoi nmo, amo de wó ba a woli‑m. 13Ke dam n ke n tete kuri ne se n ta‑n jege baare! Pa-na dé jaŋe dé pa dé nɔɔna bam, dedaane dé Tu Wɛ wom teene dem. Baŋa Wɛ wó ke kolo na su o yi to!”
14Joaba de o jar-keira bam ma ja jara yam ba jeeri Aram tiina bam, ye ba duri ba jage. 15Amon tiina bam na nɛ we Aram tiina bam duri ba jage to, mo ba de duri ba jwoori ba zo ba teo kom wone, ye ba daare Abisayi de o jar-keira kɔgɔ kom. Jara yam ma ti pa se Joaba jwoori o vo Jerusalem. 16Aram tiina bam na maane we Isarele tiina bam wane-ba ba di to, mo ba jwoori ba toŋe nɔɔna pa se ba vo ba la ba jar-keira balo na wo Yuferata buga kam wɛ-puli seeni to ba ke daane. Pɛ Hadadezere jar-keira yiga tu Sobaka déem mo wo ba yiga ne.
17David ma lɔre ba na ke tei to ni ne. O de ma la Isarele jar-keira bam maama o ke daane. Ba ma vo ba bɛ Jɔdan buga kam ba chichei ba fɔge ba zege ba jeeri Aram tiina bam. Aram tiina bam na nɛ David na ke tei to, ba ma kwaare jara ded‑o. 18Isarele tiina bam ma fe Aram tiina bam ba zeili pa se ba duri ba jage. David de o nɔɔna bam ma go ba dona balo na dɔge sisei-torokooro yuu ne to morro terepɛ (7, 000). Ba ta ma go jar-keira balo na vei tega ne to morro finna (40, 000). Ko ná ye ba jar-keira bam yiga tu Sobaka, ba ma go o de. 19Hadadezere kwaga nɔɔna bam maama ma maane we Isarele tiina bam mo di-ba ba ti. Ba ma lwoori yibwona David tei ne ye ba daare ba sɛ ba pa‑o. Aram tiina bam maa ba sɛa se ba daa woli Amori tiina bam jara keim baŋa ne.",https://www.bible.com/bible/3661/1CH.19.KBG
1 TIGISIM 20,"Ba wane ba di Raba teo
1Ko déem ma yi teeni punnu keim maŋa. Ko maa ye maŋa kalo pwa na yeini ba nwoŋi se ba ke jara to. Joaba ma tɔge Isarele jar-keira bam yiga pa se ba vo Amon tiina laŋa kam ba kwaare jara de-ba. Ba ma li Raba teo kom. Joaba de o nɔɔna bam ma wane-ko ba di. Ko daare David tete ma maŋe Jerusalem ne. 2David ma dɔne sabu-seŋa paare yipuga kam ba pɛ wom yuu ne. O ma maane we ka dunni daga dedɛ, nenɛɛne kilo fintɔ-tena, ye kandwɛ-nyeno mo meeli ka yera ne. Ba ma kwei yipuga kam ba ke David yuu ne. O de o nɔɔna bam déem ta ma pɛ teo kom jejegero dedɛ ba ja ba viiri. 3Ko nam ná ye teo kom nɔn-bia bam, o déem kwei-ba mo o de totoŋ-dɛɛra wone. O ma pa se ba mae pengasa, de dwoora, de seene ba toŋa. David déem ke Amon tiina teene dem maama konto dwoŋi mo. Konto kwaga ne, David dedaane o jar-keira bam maama ma jwoori ba vo Jerusalem.
Ba ke jara de Filisi tiina bam
4Ko kwaga ne, Filisi tiina bam daa ma ke jara de Isarele tiina bam Gezere teo ne. Husaa teo nɔɔno Sibekayi ma go nɔn-sawaara dwi tu wodwoŋi, o yere mo Sifayi. Ba ma wane Filisi tiina bam ba di.
5Maŋa kadwoŋi ne Isarele tiina bam daa ta ma kwaare jara de Filisi tiina bam. Jayiri bu Elihanan déem go Giti tu Goliafe choro wodwoŋi, o yere mo Laami. Wonto chichwei dem daga de dwoi gare-yi sɔɔna da-kwolo na mae tei to.
6Jara yadwonna daa ma ke Gafa teo ne. Filisi tiina bam babea kadwoŋi maa wora o de na ye nɔn-sawɔrɔ ye o nwoŋi Rafa dwi dem wone. O jeŋa maama déem jege nwa baredo mo. O namimbia de maa ye baredo baredo. 7O maa jege Isarele tiina bam o twea. David zembaaro Samma bu Jonatan ma zaŋe o go‑o.
8Filisi tiina bam konto déem mo ye nɔn-sawaara dwi dem tiina na nwoŋi Gafa ne to. David de o nɔɔna bam nam mo go-ba.",https://www.bible.com/bible/3661/1CH.20.KBG
1 TIGISIM 21,"David jeeli Isarele jar-keira bam ni
2 Samuwel 24:1-25
1Setaana pɛ déem boŋe se o pa cham yi Isarele tiina bam mo. O ma soge Pɛ David se o jeeli o lɔre Isarele tiina bam ni na mae tei to. 2David ma ta de Joaba de jar-keira dedɛɛra badwonna bam o we, “Véi-na á kaare Isarele teo kom maama, ko na zege Beeriseba ne se ko yi Dan laŋa kam seeni to se á jeeli nɔn-bia bam ni. Á ná ke konto á ti, se á pa a lɔre nɔɔna bam maama ni na mae tei to.”
3Joaba ma leiri o we, “Pɛ, amo lwoori Baŋa Wɛ se o pa Isarele kɔgɔ kom puli kuni bi se ko dwoni ba zem na ye tei tento to. Amo tu, ba maama ye nmo kwaga nɔɔna mo. Bɛŋwaane mo nmo lage se n lɔre ba ni na mae tei? Nmo wo lɔre we keim dem konto wó pa wɛleera taa wo Isarele tiina bam yuu ne mo na?”
4De konto maama de, Pɛ David wo to o pa Joaba. Joaba ma zaŋe o vo o kaare Isarele jei maama o ga nɔɔna bam ni. O na ke konto o ti to, o ma jwoori Jerusalem. 5Joaba ma lwoni o bere pɛ David Isarele baara balo na yi jara keim to ni na mae tei to. Isarele dwia yam maama wone, ba déem ye baara morro kuni moro dedaane morro bi dedoa (1,100, 000) mo. Judah dwi dem wone ba maa ye baara morro bia yana de fuserepɛ (470, 000).
6Joaba na wo yɔɔre o sɛ Pɛ David ni dem to, ko ma pa se o daa wo jeeli Levi dwi dem, de Benjamin dwi dem o woli jeelim dem wone. 7Wɛ tete de bane ma zaŋe de David na ke kolo to. O ma pa se cham ba Isarele tiina bam baŋa ne. 8David ma ta de Wɛ o we, “Amo tiini a ke wɛleere de a keim dento. Popo a lwoori‑m se n yage n ma n chɛ-ne. Kokuri to, a tiini a toŋe jworim dedɛ.”
9Gaadi déem ye Wɛ ni-jwoŋinu wolo na toŋe o pa David to mo. Baŋa Wɛ ma ta ded‑o o we, 10“Véi n ta de David we, ‘Baŋa Wɛ na tage kolo to mo tento: N jege se n kuri wonnu tento tetɔ wone dedoa mo se a ke-ko se ko taa ye waarem ko pa‑m.’ ”
11Gaadi ma seene o vo ta de David o we, “Baŋa Wɛ na tage kolo to mo tento: N jege se n kuri wonnu tento tetɔ wone dedoa. 12Kɔ mo nmo nam wó kuri? N lage se kana mo zo n teo kom bena yatɔ, naa se á dona mo taa jege abam ba zeila ye ba goe chane setɔ, naa se Baŋa Wɛ maleka ba á baŋa ne pa se jawe-chɛɛro to n teo kom ne te go abam da yatɔ mo? Nam boŋe lanyerane se n kuri te wone n ta n bere-ne, se amo de jwoori a vo a ta de wolo na toŋe-ne n tei ne to.”
13David ma leiri‑o o we, “Amo bochare tiini de di mo. A wó kuri kɔ se a daare kɔ? Amo ba lage se nabiina taa jege debam ba dam kuri ne. Baŋa Wɛ tete nam ná waare debam, ko gara, wonto na tiini o duri nɔɔna yibwona to ŋwaane.”
14 Baŋa Wɛ laam ma pa se jawe-chɛɛro ba ko to Isarele teo kom ne. Ko nɔn-bia morro fuserepɛ (70, 000) déem ma te. 15Wɛ ma daare o toŋe o maleka se ka vo ka chɔge Jerusalem teo kom. Maleka kam na yi da se ka go ko nɔn-bia to mo Baŋa Wɛ maane cham delo o na toŋe ba baŋa ne to, pa se o leiri o boboŋa ye o daare o duri ba ŋwaŋa. O ma ta de maleka kam o we, “Ko maŋe! Dɔne n jeŋa n daare teo kom se n daa yé chɔge-ko!” Konto de Baŋa Wɛ maleka kam ya zege Jebusi tu Arawuna mena ferem jei sem ne mo. 16David ma kwoni o yuu o nii o na Baŋa Wɛ maleka kam na wo wɛyuu ne ye ka zei se-zɔɔ ka jeeri Jerusalem teo kom. David dedaane teo kom nakwa bam ya na zo gare-zenzwanno to ma vwi ba yiga tega ne.
17David ma ware Wɛ o we, “Ko ye amo mo tiini a ke wɛleere. Ko ye amo mo pɛ ni se ba jeeli nɔɔna bam na mae tei to. Nɔɔna banto ye amo kwaga nɔɔna mo. Banto nam ke bɛ mo ye ba na lɛɛro tento? Amo Tu Baŋa Wɛ, nam ma n jeŋa n waare amo de a sɔŋɔ tiina bam, se n daare n yage nɔɔna banto se jawe-chɛɛro yé chɔge-ba.”
18 Baŋa Wɛ maleka kam ma ta de Wɛ sampwora Gaadi se o pa David ni se o vo o lɔ kaanem bimbini Arawuna mena ferem jei sem ne se o ma o zuli Baŋa Wɛ. 19David ma sɛ Baŋa Wɛ ni dem o na pɛ Gaadi se o ta ded‑o to, ye o zaŋe o vo jei sem. 20Arawuna maa wo jei sem ne o fere o mena. O ma pipiri o na Wɛ maleka kam. O bia bana na wo o tei ne to ma duri ba seigi. 21Arawuna ma yɔɔre o tole o na Pɛ David na maa beena. O ma yage o mena yam ferem o daare o vo o vwi o yibia tega ne o zuli‑o. 22David ma ta ded‑o o we, “Sɛ se n yeigi n mena ferem jei sem n pa-ne. A lage se a lɔ kaanem bimbini mo dáane a zuli Baŋa Wɛ se ko pa jawe-chɛɛro tem ti dé teo kom ne. Amo wó ŋwe ko sabu kom ni maama a pa‑m.”
23Arawuna ma leiri‑o o we, “Amo tu, nam kwei-ka zɛɛra n ma n ke kolo maama n na lage to. Nii amo nabɛ mo tento se n wane n ja n zwɛ n ma n ke kaanem dem. Mena ferem dɛ sem de maa wora se n kwei-se n ma n tɔre mini n zwɛ vara bam. Mena de maa wora se n ma n ke wodiu pɛɛra. Pɛ, amo lage a kwei tento maama a pa nmo zɛɛra.”
24David ma leiri Arawuna o we, “Aawo! Amo wó ŋwe te maama jene mo a pa‑m. Kokuri to, a ba lage se a kwei nmo tete jeŋa wonnu a pa Baŋa Wɛ, naa se a kwei pɛɛra yalo a na jwoŋi zɛɛra to a zwɛ a ke kaanem a pa‑o.”
25David ma jeeli sabu-seŋa sabu-dala bia yaredo o pa Arawuna o ma yeigi o mena ferem jei sem. 26O ma lɛɛre o lɔ bimbini da se o ma ke kaanem o zuli Baŋa Wɛ. O ma daare o ke zwɛɛm pɛɛra, de yazura pɛɛra o ma kaane Baŋa Wɛ. O ma ware Baŋa Wɛ jei sem konto ne. Baŋa Wɛ ma sɛ o wɛ-lworo kom, ye o pa mini zege wɛyuu ne de ba de to kaanem bimbini dem baŋa ne.
27 Baŋa Wɛ ma ta de maleka kam se ka kwei se-zɔɔ kom ka jwoori ka ke ko pwolo kom ne. 28David ma maane we Baŋa Wɛ cheigi o wara yam. O ma ke kaanem o pa Baŋa Wɛ Arawuna mena ferem jei sem ne.
29Maŋa kam konto ne Baŋa Wɛ wara-vwei delo Moses ya na chugi kagoa kam ne to, de zwɛɛm kaanem dakaa kam maama déem ta wo Gibeon teo wara-jei sem ne mo. 30David tete déem wo wane o vo dáane o bwei Baŋa Wɛ se o lɔre o boboŋa, Baŋa Wɛ maleka kam se-zɔɔ kom foone déem na jege‑o to ŋwaane.",https://www.bible.com/bible/3661/1CH.21.KBG
1 TIGISIM 22,"1David laam ma ta o we, “Baŋa Wɛ diga kam wó lɔ ka zege ywo-seeni mo, se bimbini delo Isarele tiina bam na wó taa jaane ba pɛɛra ba ma ba ke zwɛɛm kaanem da to de zege ywo!”
Ba ti ba yiga se ba lɔ Wɛ diga kam
2David déem ma pa ni se ba la veira balo maama na zoore Isarele teo wone to ba ke daane. O déem kuri ba wo nɔɔna mo se ba lɔ kandwa-zana ba le peero yera ne ye ba daare ba sare-ya ba ma ba lɔ Wɛ diga kam. 3O ma beeri luuru dedɛ o tiŋi se ba ma-te ba ke chena yalo na wó kwɛ ka nia yam bworru tem to, de zela yadwonna. O ta ma la channa dedɛ, ka dunni na dwoi maŋem to. 4Sidon teo tiina de Tura teo tiina déem ya jaane Sedare da-kwollu dedɛ ba ba ba pa David, ye o tiŋi-te Wɛ diga kam lɔɔm ŋwaane. Te na tiini te daga tei to gaale jeelim.
5Kokuri, David déem tage mo o we, “Amo bu Solomon tiini o muri, ye o boboŋa ta wo kweere. Ko nam maŋe se diga kalo dé na wó lɔ se dé zuli Baŋa Wɛ da to taa lana chekke mo, se ka yere yi tega baŋa ni maama, ye ka nenɔŋ-fɔrɔ de nwoŋi ko yi jei maama. Mo kokuri a nam wó ti ka zela yiga leile se ka lɔɔm maŋa ba ka yi.” David ma da ko ŋwaane o la Wɛ diga kam lɔɔm zela dedɛ o tiŋi ye o laam daare o te.
6O maa toŋe o bwoŋi o bu Solomon ye o pa‑o ni se o lɔ diga Baŋa Wɛ wom na ye Isarele tiina Wɛ to zula ŋwaane. 7O ma ta ded‑o o we:
“Amo bu, amo tete mo ya jaane boboŋa se a lɔ diga amo Tu Baŋa Wɛ yere zula ŋwaane. 8Baŋa Wɛ déem nam toŋe o kwora mo o ta de amo we, ‘Nmo tiini n go nɔɔna dedɛ jara-keim baŋa ne. Nmo nam bá‑n lɔ diga amo yere zula ŋwaane, amo na maane we n pwori jana dedɛ tega ne to ŋwaane. 9Ko na ye tei to, nmo wó lo bu na lage bochare-zuru de ywoni yerane to mo. O dona maama daa bá taa daane‑o. O yere wó taa ye Solomon mo. O na wó di paare maŋa kalo to Isarele tiina bam wó jeini de yazura de bochare-zuru. 10Wonto mo wó lɔ diga o zege a yere dem zula ŋwaane. O wó taa ye amo bu mo, se amo de taa ye o kwo. O paare dem wó nu Isarele teo kom ne mo se ko taa vei wuu.’
11Konto ŋwaane, a bu, n Tu Baŋa Wɛ wom wó taa wo n tei ne, se n de kwaane n lɔ o diga kam n ti, ne o na pɛ ni se n ke tei to. 12N Tu Baŋa Wɛ wom nam wó pa se n lɔre lɔra de yeino chekke se n wane n tɔge o nia yam na bere tei to baŋa ne n ta‑n tei Isarele tiina bam. 13Nmo ná sɛ n tɔge Wɛ nia yalo de o chullu telo o na tɔge Moses baŋa ne o kwei o pa Isarele tiina bam to chekke, nmo chwei maama wó kwɛ se pa‑m. Yɔɔre n ke dam n ke n tete kuri ne, se n daare n tiini n ta‑n jege baare. Yé ta‑n fona, nam yé pa se n vɔna pare.
14Amo maŋe a la Baŋa Wɛ diga kam lɔɔm zela dedɛ mo a tiŋi. A lage sabu-seŋa a tiŋi se ka dunni maŋe de kilo moro kuni morro tetɔ de bia yanu (3,500,000). A ta ma la lu-nyenno telo dunni de na yi ne kilo moro kuni morro fintɔ-tenu (35,000,000) to. A ta ma la channa de luuru dedɛ pa te dunni dwoi maŋem, ko woli de da-kwollu de kandwa dedɛ a tiŋi. De ko de, nmo ta wó wane n beeri tedwonna n woli da. 15Nmo nam jege tontoŋena dedɛ n tei ne, ba na ye kandwa-cherena, de lɔra, de kapenta tiina, de gwaro tedwonna na wae totoŋa dwi dwi ba toŋe to. Banto maama tiini ba yei ba totoŋa lanyerane. 16Ba maa wó wane ba kwei sabu-seŋa, de lu-nyenno, de channa, de luuru ba gɔgere wonnu dwi dwi. Chega to, gwaro tem daga dedɛ. Nam yɔɔre n bobo totoŋa, se Baŋa Wɛ wó taa wo n tei ne.”
17David déem ma pa Isarele teo yiga tiina bam ni se ba woli Solomon. 18O ma ta de-ba o we, “Abam Tu Baŋa Wɛ wo á tei ne mo, ye o pa se á jei á teo ne de yazura. Ko ná ye balo déem na zoore tega kam ne to, o ke-ba amo dam kuri ne mo. Baŋa Wɛ de o nɔɔna bam laam maa tei tega kam. 19Konto ŋwaane, yɔɔre á ta‑á zuli á Tu Baŋa Wɛ de á bochare maama, ko woli de á dam maama. Nam bobo-na á lɔ Yuu-tu Baŋa Wɛ diga kam, se á laam wane á ja o ni-gwonim dakaa kam, de o lonne zela yam á zo da. Ka maa wó taa ye diga kalo á na wó lɔ Baŋa Wɛ yere dem zula ŋwaane to.”",https://www.bible.com/bible/3661/1CH.22.KBG
1 TIGISIM 23,"Levi dwi dem taane
1Pɛ David déem na maane we o kwe o gaale to, o ma pa se o bu Solomon leiri o yuu ne o di Isarele teo paare dem. 2David ma la Isarele nakwa bam, de kaanem tiina bam, ko woli de Levi tiina bam maama o ke daane. 3O ma jeeli Levi tiina balo na yi bena fintɔ ba daŋe to ni na mae tei. Ba maama déem ye baara morro fintɔ-nana (38,000) mo. 4David ma ta o we, “Levi tiina baara bam maama wone, baara morro finlei-tena (24,000) wó taa nii Wɛ diga kam totoŋa baŋa ne. Baara morro teredo (6,000) maa wó taa ye dedɛɛra, de balo na di nɔɔna taane to. 5Ba baara morro tena (4,000) wó taa ye Wɛ diga kam yerena. Babam morro tena (4,000) maa wó taa mae kwɛɛra zela yalo a na pɛ-ba to ba maga ba tei Baŋa Wɛ.”
6David déem ma pɔɔre Levi tiina bam kuni betɔ se ko tɔge de ba nabaara kuri na ye tei to. Ba nabaara bam mo ye Gereson, de Kohafe, dedaane Merari.
Gereson dwi dem taane
7Gereson bia bam mo tento:
Ladan de Simeyi.
8Ladan de déem jege bakeiri setɔ mo. Ba maa ye:
O bu-kwea Jeheli, de Zetam, de Joweli.
9Simeyi bia batɔ bam maa ye:
Selomifa, de Hazeli, de Haran.
Banto maama déem ye Ladan sɔ-yuni tem yiga tiina mo.
10Simeyi déem daa loge bia bana mo. Banto mo ye:
Jahafe, de Zina, de Jewusi, de Beria.
11Jahafe maa ye ba sɔ-yuu kom yiga tu, ye Ziza de déem saŋe o kwaga. Ko nam ná ye Jewusi de Beria, banto déem wo nɛ dwi dedɛ. Ba ma lɛɛre ba nii banto balei bam pa ba ye diga dedoa nɔɔna.
Kohafe dwi dem taane
12Kohafe bia bana bam mo tento:
Amiram, de Izehara, de Heboron, de Yuzeli.
13Amiram bia bam maa ye:
Aron de Moses.
Aron de o dwi dem mo ba pɔɔre se ba taa ye ba yera taa wuu. Ba totoŋa déem ye se ba taa fɔge ba nii Baŋa Wɛ lonne wonnu tem mo ba pa‑o, se ba daare ba taa toŋe o kaanem totoŋa, ye ba taa toŋe o yiga ne, ba daare ba taa tɔge o yere dem ŋwaane ba sɔɔle swolim ba yage o nɔɔna yuu ne se ko taa vei wuu. 14Ba déem nii Baŋa Wɛ tontoŋeno Moses dwi dem pa ba wo Levi dwi dem wone mo.
15Moses bia bam mo tento:
Geresom, de Eliazera.
16Geresom dwi dem wone:
Sebuwel mo ye ba nakwe.
17Eliazera dwi dem wone:
Rehabia mo ye ba nakwe.
Eliazera daa wo loge bakeira. Rehabia nam déem loge bia dedɛ.
18Izehara bia bam wone:
Selomifa mo ye ba nakwe.
19Heboron bia bam mo tento:
O bu-kwea Jeria. Balo na saŋe to maa ye Amaria, de Jahazeli, de Jekameam.
20Yuzeli bia bam mo tento:
O bu-kwea Mika, de wonto nyaane Issiya.
Merari dwi dem taane.
21Merari bia bam mo tento:
Mahili, de Musi.
Mahili de bia bam maa ye:
Eleaza de Kisi.
22Eleaza déem tege ye o wo loge bakeira, se bukwa yerane mo o loga. Banto ma zo ba kwo wom nyaane Kisi bia badwonna.
23Musi bia batɔ bam maa ye:
Mahili, de Edera, de Jeremofa.
24Banto maama déem ye Levi dwi dem sɔ-yuni tem nakwa mo, diga maama de ka yuu tu. Ba ma popone ba yera yam ba tiŋi konto dedoa dedoa. Banto maa ye balo na yi bena finlei ba daŋe ye ba laam jege chwoŋa se ba taa toŋa Baŋa Wɛ diga kam wone to mo. 25Kokuri to, David déem maŋe o ta o we, “Baŋa Wɛ wom na ye Isarele tiina Wɛ to pɛ se o nɔɔna bam jeini de wo-zuru, ye o ba o zoore Jerusalem teo wone taa wuu. 26Levi dwi tiina bam daa ba jege se ba taa zeŋe wara-vwei dem de de wo zela yam ba taa beera jeiga maama.”
27David na pɛ o ni delo o kweeli to bere we, Levi dwi tu wolo maama na yi bena finlei o daŋe to jege chwoŋa se o taa toŋa o pa Wɛ. 28Levi dwi tiina totoŋa yam ye se ba da ba woli Aron dwi dem de ba na toŋe Wɛ diga kam wone tei to mo. Ba jege se ba taa nii Wɛ diga kam konkwallo tem baŋa ne, de di-balwa balo na wo ka wone to, se ba daare ba kwɛ Wɛ lonne zela yam maama digiru seeni, ko woli de Wɛ diga kam totoŋa yalo na maŋe to de. 29Ba daa ta wó taa nii bworobworo kolo ba na yeini ba tiŋi Wɛ yiga ne to baŋa ne, dedaane mun-bwei delo ba na wó ma ba ke wodiu pɛɛra ba pa Wɛ to, de bworobworo-memene selo sabɔle na wo woli ko wone to, de maasa fɔgem baŋa ne. Ba daa ta jege se ba taa nii te maama dunni maŋem baŋa ne mo. 30Tega ná yeini ka poore, Levi tiina bam jege se ba zege ba jeiga ne ba ke Baŋa Wɛ lei mo ye ba leeni ba zuli‑o. Ba ta wó ke konto dedaan-ni maama ne, 31ko woli de dɛ delo maama ba na yeini ba ke zwɛɛm kaanem ba pa Baŋa Wɛ to, ko ná ye o siu dɛ, naa chan-doŋa kuri maŋa ne, naa kuri dedwoŋi maŋa ne de.
32Konto dwoŋi mo Levi dwi tiina bam déem nii Wɛ wara-vwei dem de de jei selo na ye wose to totoŋa yam baŋa ne. Ba ma woli ba chorro telo na ye Aron dwi dem to pa se ba toŋa Baŋa Wɛ diga kam wone.",https://www.bible.com/bible/3661/1CH.23.KBG
1 TIGISIM 24,"Kaanem tiina totoŋa na pɔɔre tei to
1Aron dwi dem na pɔɔre sɔ-yuu de sɔ-yuu tei to mo tento:
Aron bia bam ya ye Nadab, de Abihu, de Eleaza, de Itamara. 2Ko nam ná ye Nadab de Abihu, banto tege ko lwoori ba kwo toone. Ba maa wo loge bakeiri. Konto ma pa se ba nyaana Eleaza de Itamara ji Wɛ kaanem tiina. 3David ma pɔɔre Aron dwi dem kɔgɔ kɔgɔ, se kɔgɔ maama taa jege ko totoŋa ko toŋa ko pae Wɛ. Ko nam ye Eleaza dwi tu Zadoki, de Itamara dwi tu Ahimeleka mo ke daane ba woli David se o pɔɔre nɔɔna bam. 4Ba ma maane we Eleaza dwi dem déem jege dedɛɛra dedɛ ko dwoni Itamara dwi dem na jege tei to. Mo kokuri ba déem pɔɔre Eleaza dwi dem kuni fuga-beredo, ye ba daare ba pɔɔre Itamara dwi dem kuni nana. 5Ba ma ta jɔrɔ se ba wane ba pɔɔre totoŋa yam de chega, bɛŋwaane Wɛ diga tontoŋena de kaanem tiina déem wora ba na nwoŋi Itamara de Eleaza dwia yam wone mo.
6Ba na pɛ nɔɔna bam popɔra maama ba totoŋa se ba taa toŋe konto to, tɔn-poponno Semaya mo popone ba yera yam o tiŋi. Wonto maa ye Levi dwi tu Netaneli bu. David de o dedɛɛra bam badwonna déem mo nii keim dem konto baŋa ne. Dedɛɛra bam maa ye Wɛ kaanem tu Zadoki, de Abiatara bu Ahimeleka, ko woli de kaanem tiina bam, de Levi dwi dem sɔ-yuni tem nakwa bam maama. Eleaza dwi dem de Itamara dwi dem déem mo jege jɔrɔ kom ba tae ba leiri ba pa daane. 7-18Nɔɔna bam popɔre finlei-sena sem na saŋe daane tei to mo tento:
1. Jehoyaribi
2. Jedaya
3. Harim
4. Seyorim
5. Malakija
6. Mijamina
7. Hakoza
8. Abija
9. Jesua
10. Sekania
11. Eliasibi
12. Jakim
13. Hupa
14. Jesebeba
15. Biliga
16. Yimera
17. Hezira
18. Hapizeza
19. Petahia
20. Jehezikeli
21. Jakin
22. Gamuli
23. Delaya
24. Maazia
19Mo ba déem na pɛ nɔɔna maama popɔra de popɔra ba totoŋe tei to. Ba déem jege se ba saŋe daane konto dwoŋi mo ba taa zoore Baŋa Wɛ diga kam ba toŋa ka wone, se ko maŋe de Isarele tiina Baŋa Wɛ wom déem na pɛ ba nabaaro Aron ni se ba taa toŋe tei to.
Levi dwi delo na daare to
20Levi dwi dem sɔ-yuni tem nakwa balo na daare to mo tento:
Amiram dwi dem wone nakwe tu wom mo ye Sebuwel.
Sebuwel dwi dem nakwe tu wom maa ye Jedeya.
21Rehabia bia bam wone Issiya mo ye nakwe.
22Izehara dwi dem wone Selomifa mo ye nakwe.
Selomifa de bia bam wone Jahafe de maa ye nakwe.
23Heboron bia bam wone Jeria mo ye nakwe.
Amaria de ma saŋe belei tu.
Jahazeli ma ke betɔ tu.
Jekameam ma ke bena tu.
24Yuzeli bu mo ye Mika.
Mika de bia bam wone Samira mo ye nakwe.
25Mika nyaane maa ye Issiya.
Issiya de bia bam wone Zekaria mo ye nakwe.
26Merari bia bam wone Mahili de Musi mo ye nakwa.
Jaazia bu mo ye Beno.
27Merari bu Jaazia bia bam maama maa ye:
Beno, de Soham, de Zakura, de Yibiri.
28Mahili bia bam wone Eleaza mo ye nakwe.
Eleaza nam wo loge bakeiri.
29Kisi bia bam wone o bu Jerameeli mo ye nakwe.
30Musi bia bam wone Mahili, de Edera, de Jerimofa mo ye ba nakwa.
Levi dwi dem sɔ-yuu de sɔ-yuu mo konto. 31Banto déem tage jɔrɔ mo ba totoŋa dwi maama ŋwaane, nenɛɛne ba chorro tem na ye Aron bia to de na ke tei to. Ba ke konto Pɛ David, de Zadoki, de Ahimeleka, ko woli de kaanem tiina bam de Levi dwi dem sɔ-yuni tem nakwa bam maama yiga ne mo. Ba déem na tage jɔrɔ kom tei to, popɔra tera de ba na ke tei nakwe maama de o nyaana yera ne to.",https://www.bible.com/bible/3661/1CH.24.KBG
1 TIGISIM 25,"Wɛ diga kam lein-leena bam taane
1David de o jar-keira yiga tiina bam déem ma kuri Asaf, de Heman, de Jedutuna bia badwonna se ba taa pworisi Wɛ kwora ye ba tae kwanno dwi dwi ba daare ba mage zwe. Nɔɔna bam yera de ba totoŋa mo tento:
2Asaf bia bam wone:
Zakura, de Josefa, de Netania, de Asarela maama déem toŋe ba kwo Asaf dam kuri ne mo. Asaf déem nam yeini o pworisi Wɛ kwora mo ne pɛ wom na wó pa‑o ni se o pworisi tei to.
3Jedutuna bia bam wone:
Gedalia, de Zeri, de Jesaya, de Simeyi, de Hasabia, de Matitia.
Banto baredo maama déem wo ba kwo Jedutuna dam kuri ne mo. Jedutuna déem yeini o pworisi Wɛ kwora ye o tae kɔnɔ mo o leeni o zuli Baŋa Wɛ.
4Heman de bia bam wone:
Bukia, de Matania, de Yuzeli, de Sebuwel, de Jerimofa, de Hanania, de Hanani, de Eliata, de Gidaliti, de Romanti-Ezera, de Josibekasa, de Maloti, de Hotiri, dedaane Mahaziofa.
5Heman déem ye pɛ wom yi-naro mo. Baŋa Wɛ déem na pɛ o lo bia dedɛ to tɔge Wɛ na tiŋi ni se o pa o yere zaŋe to ŋwaane mo. Wɛ ma pa o lo bakeiri fuga-bana, de bukwa batɔ. 6Heman bia banto maama déem wo o dam kuri ne mo Baŋa Wɛ diga kam lei baŋa ne. Ba maa mage zwe, ye ba tae kwanno dwi dwi ba ma toŋe Wɛ diga kam wone.
Ko nam ná ye Asaf, de Jedutuna, de Heman tete, banto maama déem wo pɛ wom dam kuri ne mo. 7Nɔɔna bam konto maama de ba chorro tem déem wae ba leeni lei chekke ba ma ba tei Baŋa Wɛ. Ba maama ni maa ye nɔɔna bia yalei de funɔnɔ-nana (288). 8Ba na tage jɔrɔ tei to, nɔɔno maama ma na o totoŋe. Ko ná ye nɔn-kwe, de nɔn-donno, de berena, de balo ta na zamese to, ba maama ye bedwe mo. 9-31Ba déem ye nɔɔna fuga-balei kuni finlei-bena mo, ye popɔra maama jege ka nakwe. Ba na kuri-ba ye ba saŋe daane tei to mo tento:
1. Asaf dwi tu Josefa, de o bia, de o chorro.
2. Gedalia, de o bia, de o chorro.
3. Zakura, de o bia, de o chorro.
4. Zeri, de o bia, de o chorro.
5. Netania, de o bia, de o chorro.
6. Bukia, de o bia, de o chorro.
7. Asarela, de o bia, de o chorro.
8. Jesaya, de o bia, de o chorro.
9. Matania, de o bia, de o chorro.
10. Simeyi, de o bia, de o chorro.
11. Azareli, de o bia, de o chorro.
12. Hasabia, de o bia, de o chorro.
13. Sebuwel, de o bia, de o chorro.
14. Matitia, de o bia, de o chorro.
15. Jerimofa, de o bia, de o chorro.
16. Hanania, de o bia, de o chorro.
17. Josibekasa, de o bia, de o chorro.
18. Hanani, de o bia, de o chorro.
19. Maloti, de o bia, de o chorro.
20. Eliata, de o bia, de o chorro.
21. Hotiri, de o bia, de o chorro.
22. Gidaliti, de o bia, de o chorro.
23. Mahaziofa, de o bia, de o chorro.
24. Romanti-Ezera, de o bia, de o chorro.
Popɔra maama ye baara fuga-balei mo.",https://www.bible.com/bible/3661/1CH.25.KBG
1 TIGISIM 26,"Wɛ diga kam ni-yerena bam taane
1Levi dwi tiina balo déem na toŋe Wɛ diga kam ni-yerena totoŋa to na pɔɔre kɔgɔ de kɔgɔ tei to mo tento.
Kora dwi dem wone:
Meselemia na ye Kore bu ye o nwoŋi Asaf dwi dem wone to.
2Meselemia bu-baara barepɛ bam na saŋe da-kwaga tei to mo tento:
O bu-kwea Zekaria, de Jedayeli, de Zebadia, de Jateneli, 3de Elam, de Jehohanan, de Eli-hoyenayi.
4Obed-Edom bu-baara nana maa ye:
O bu-kwea Semaya, de Jehozabadi, de Joa, de Sachare, de Netaneli, 5de Ameli, de Isakara, de Puletayi.
Wɛ déem tiini o swɛ Obed-Edom swolim lanyerane mo.
6Obed-Edom bu Semaya de déem jege bakeiri na ye babɛ ba sɔ-yuni tem ne, nɔɔna na nege-ba to ŋwaane. 7Semaya bia maa ye:
Ofini, de Refayeli, de Obeda, de Elizabad. O chorro tem na ye Elihu de Semakia to de déem jege yere mo.
8Obed-Edom bia bam konto. Banto de ba bia bam, ko woli de ba chorro tem déem ye babɛ mo chekke. Ba maa dana pa ba wae totoŋe dem ba toŋa. Obed-Edom dwi dem déem ye baara fuseredo-balei (62) mo.
9Meselemia bia bam de o chorro tem wone ba déem kuri baara fuga-nana (18) balo na jege yere to mo.
10Hosa na nwoŋi Merari sɔ-yuu kom ne to bia bam mo tento:
Ba yiga tu mo ye Simiri.
O nam maŋe o dae bu-kwea ye o kwo ta kuri‑o se o taa ye o bia bam yiga tu. 11O bia balo na saŋe to maa ye:
Hilikia, de Tebalia, de Zekaria.
Hosa bia bam de o chorro tem wone ba déem kuri baara fuga-batɔ mo.
12Ba déem na pɔɔre ni-yerena banto tei to tɔge de ba yiga tiina na ye balo to mo. Ba ma pa popɔra maama de ka totoŋa se ka toŋe Baŋa Wɛ diga kam wone, nenɛɛne ba chorro de déem na ke tei to. 13Ba déem tage jɔrɔ mo se ba lɔre ni de ni delo diga maama na wó taa yere to. Ba ya ná ye nɔn-kwe naa nɔn-donno de, ko ye bedwe mo.
14Jɔrɔ kom déem kuri Selemia mo se o taa yere ni delo na jeeri wɛ-puli seeni to. Ba ta ma kuri o bu Zekaria se o taa yere ni delo na jeeri baŋa seeni to. Zekaria déem nam jege swa mo chekke. 15Jɔrɔ kom ta ma kuri Obed-Edom se o taa yere ni delo na jeeri tega-kuri seeni to. Ba ta ma kuri o bia bam se ba taa yere zela yam na tigi di selo wone to. 16Jɔrɔ kom ma kuri Supim de Hosa se ba taa yere Wɛ diga kam ni delo na jeeri wɛ-zoore seeni to, dedaane Salekefa ni dem na jeeri baŋa seeni chwoŋa kam to.
Ni-yereno maama déem saŋe o dwoŋi mo o zege o takeiri ne. 17Dɛ maama wone Levi dwi tiina baredo déem mo yere Wɛ diga kam ni delo na jeeri wɛ-puli seeni to. Ba bana maa yere ni delo na jeeri baŋa seeni to. Ba bana de maa yere ni delo na jeeri tega-kuri seeni to. Ba balei balei ma yere zela yam na tigi di selei sem wone to. 18Ko ta ná ye konkɔlɔ kolo na wo Wɛ diga kam wɛ-zoore seeni to, nɔɔna bana ma yere ko ni delo na wo chwoŋa kam ni ne to. Ba balei ma yere konkɔlɔ kom tete.
19Nɔɔna balo na nwoŋi Kora de Merari sɔ-yuni tem ne ye ba ye Wɛ diga kam ni-yerena to déem na pɔɔre kɔgɔ de kɔgɔ tei to mo konto.
Wɛ diga kam dedɛɛra badwonna taane
20Levi dwi tiina badwonna déem mo nii Wɛ diga kam sabu baŋa ne, ko woli de di selo ba na tiŋi ka lonne wonnu da to.
21Gereson dwi tiina balo na ye Ladan bia ye ba ye ba sɔ-yuni tem nakwa to déem ye Jeheli, 22de Jeheli de bia bam mo. O bia bam maa ye Zetam, de o nyaane Joweli. Banto déem mo yere Baŋa Wɛ diga kam sabu na tigi mɛ to.
23Yerena badwonna de déem nwoŋi Amiram, de Izehara, de Heboron, de Yuzeli dwia yam wone.
24Moses bu Geresom dwi tu Sebuwel déem mo ye dedɛɛro wolo na nii Wɛ diga kam sabu tiŋim baŋa ne to. 25O chorro telo na ye Eliazera bia to maa ye:
Rehabia, de Jesaya, de Joram, de Zikiri, de Selomifa.
26Selomifa de o chorro tem déem mo yere zela yalo maama ba na tiŋi se ba ma ba ke pɛɛra ba pa Baŋa Wɛ to. Balo na jaane pɛɛra yam konto ba ba to déem ye Pɛ David, de nakwa balo na tei nɔɔna moro moro to, de balo na tei nɔɔna bi bi to, dedaane jar-keira dedɛɛra bam. 27Ba déem yeini ba kwei zela yalo ba na vere ba dona bam tei ne to yadwonna mo ba ke Baŋa Wɛ jeŋa ne, se ba ma ba fɔge ba kwɛ o diga kam. 28Wɛ ni-jwoŋinu Samuwel, de Kisi bu Sɔɔl, de Nera bu Abenera, de Zeruya bu Joaba de déem jaane pɛɛra yadwonna ba ba ba ke Wɛ jeŋa ne. Selomifa de o chorro tem mo nii te maama baŋa ne.
29Izehara sɔ-yuu kom wone:
Chenania de o bia bam déem ye dedɛɛra balo na toŋe Isarele teo jei sedwonna ne to mo. Ba totoŋa maa ye se ba taa nii teo kom taana baŋa ne.
30Heboron sɔ-yuu kom wone:
Hasabia de o chorro mo ba déem kuri se ba taa nii Isarele laŋa kalo na wo Jɔdan buga kam wɛ-zoore seeni to. Banto maa ye nɔɔna moro de bia yarepɛ (1,700) na jege yere to. Jei sem konto ne mo ba déem nii Wɛ chwoŋa totoŋa, dedaane pɛ wom totoŋa maama baŋa ne. 31Jeria déem mo ye Heboron sɔ-yuu kom nakwe, ne ko na popone tei ba dwi dem lonne twanno tem wone to. David paare dim bena finna bene dem wone mo ba buŋi Heboron dwi dem wone diga de ka diga ba kuri nɔn-yerro ba ja ba nwoŋi Gilead teo Jazera ne. 32Jeria chorro telo na ye nakwa ye ba kwori ba ye nɔn-yerro to déem ye baara morro telei de bia yarepɛ (2,700) mo. Pɛ David déem kuri banto mo se ba taa nii Ruben dwi dem, de Gad dwi dem, ko woli de Manasɛ dwi chichworo kom. Dwia yam konto tei ne mo ba déem yeini ba nii Wɛ chwoŋa totoŋa, dedaane pɛ wom totoŋa maama baŋa ne.",https://www.bible.com/bible/3661/1CH.26.KBG
1 TIGISIM 27,"Isarele jar-keira bam taane
1Isarele dwi tiina bam na pɔɔre pɔɔre jara keim ŋwaane tei to mo tento. Ba maa ye ba sɔ-yuni tem nakwa, de balo na tei jar-keira moro moro to, de balo na tei jar-keira bi bi to, dedaane ba dedɛɛra balo na toŋe ba pa pɛ wom totoŋa maama baŋa ne to. Bene maama wone jar-keira bam popɔra dedoa maama toŋe ba leiri daane mo chana de chana wone. Ba popɔra dedoa ni maa ye baara morro finlei-tena (24,000).
2Da-yiga popɔra kalo na toŋe boboa chana kam wone to mo tento:
Zabideli bu Jasobema déem mo nii ba baŋa ne. Ba maama maa ye jar-keira morro finlei-tena (24,000). 3Wonto déem ye Pɛreza dwi tu mo. O maa nii jar-keira dedɛɛra bam maama baŋa ne boboa chana kam ne.
4Popɔra balei tu na toŋe chane selei chana kam wone to mo tento:
Dodayi na ye Ahohi dwi tu to mo nii ba baŋa ne. Mikilofa déem mo ye yuu tu wolo na saŋe o kwaga to. Ba maama maa ye jar-keira morro finlei-tena (24,000).
5Popɔra batɔ tu na toŋe chane setɔ chana kam wone to mo tento:
Benaya na ye Wɛ kaanem tu Jehoyada bu to mo nii ba baŋa ne. Ba maama maa ye jar-keira morro finlei-tena (24,000). 6Benaya déem tiini o na yere ‘Bembɛ fintɔ kom’ wone mo. O maa ye ba yuu tu. O bu Amizabadi déem mo ye yuu tu wolo na saŋe o kwaga to.
7Popɔra bana tu na toŋe chane sena chana kam wone to mo tento:
Joaba nyaane Asaheli mo nii ba baŋa ne. O bu Zebadia mo leiri o yuu ne o ji ba yuu tu. Ba maama maa ye baara morro finlei-tena (24,000).
8Popɔra banu tu na toŋe chane senu chana kam wone to:
Samufa na ye Izara dwi tu to mo nii ba baŋa ne. Ba maama maa ye baara morro finlei-tena (24,000).
9Popɔra beredo tu na toŋe chane seredo chana kam wone to mo tento:
Yira na ye Tekoa dwi tu Ikesa bu to mo nii ba baŋa ne. Ba maama maa ye baara morro finlei-tena (24,000).
10Popɔra berepɛ tu na toŋe chane serepɛ chana kam wone to mo tento:
Peloni tu Heleza na nwoŋi Efrayim dwi dem wone to mo nii ba baŋa ne. Ba maama maa ye baara morro finlei-tena (24,000).
11Popɔra nana tu na toŋe chane nana chana kam wone to mo tento:
Husaa tu Sibekayi na ye Zera dwi tu to mo nii ba baŋa ne. Ba maama déem maa ye baara morro finlei-tena (24,000).
12Popɔra nogo tu na toŋe chane nogo chana kam wone to mo tento:
Anatofe tu Abizeri na ye Benjamin dwi tu to mo nii ba baŋa ne. Ba maama déem maa ye baara morro finlei-tena (24,000).
13Popɔra fuga tu na toŋe chane fuga chana kam wone to mo tento:
Netofa tu Maharayi na ye Zera dwi tu to mo nii ba baŋa ne. Ba maama déem maa ye baara morro finlei-tena (24,000).
14Popɔra fuga-dedoa tu na toŋe chane fuga-dedoa chana kam wone to mo tento:
Pirafon tu Benaya na ye Efrayim dwi tu to mo nii ba baŋa ne. Ba maama déem maa ye baara morro finlei-tena (24,000).
15Popɔra fuga-balei tu na toŋe chane fuga-selei chana kam wone to mo tento:
Netofa tu Helidayi na nwoŋi Ofineli sɔ-yuu kom ne to mo nii ba baŋa ne. Ba maama déem maa ye baara morro finlei-tena (24,000).
Isarele dwia yam yuu tiina bam taane
16Dedɛɛra balo déem na nii Isarele dwia yam baŋa ne to mo tento:
Ruben dwi dem yuu tu mo ye:
Zikiri bu Eliazera.
Simeon dwi dem yuu tu maa ye:
Maaka bu Sefatia.
17Levi dwi dem yuu tu maa ye:
Kemweli bu Hasabia.
Wɛ kaanem tu Zadoki maa nii Aron dwi dem baŋa ne.
18Judah dwi dem yuu tu maa ye:
David zembaaro Elihu.
Isakara dwi dem yuu tu maa ye:
Mikayeli bu Omiri.
19Zebulun dwi dem yuu tu maa ye:
Obadia bu Isamaya.
Nafitali dwi dem yuu tu maa ye:
Azireli bu Jerimofa.
20Efrayim dwi dem yuu tu maa ye:
Azazia bu Hosea.
Manasɛ dwi chichworo kom yuu tu maa ye:
Pedaya bu Joweli.
21Manasɛ dwi chichworo kolo na wo Gilead laŋa kam ne to yuu tu maa ye:
Zekaria bu Yido.
Benjamin dwi dem yuu tu maa ye:
Abenera bu Jaaseli.
22Dan dwi dem yuu tu maa ye:
Jeroham bu Azareli.
Dedɛɛra balo déem na nii Isarele dwia yam baŋa ne to mo konto.
23David déem na jeeli Isarele dwi tiina bam ni to, o wo pɛ ba ga baara balo na ta wo yi bena finlei to. Ko ye Baŋa Wɛ na maŋe o pwooli we o lage o pa se ba tiini ba puli ne chalechwe sem na mae tei to ŋwaane mo. 24Zeruya bu Joaba ma bobo se o ga Isarele tiina bam se o lɔre ba ni. O nam wo wane o ga-ba o ti, bɛŋwaane Wɛ bane zaŋe de Isarele tiina bam ba keim dem konto ŋwaane mo. Ba maa wo popone ba ni na mae tei to ba ke Pɛ David lonne twanno tem wone.
Pɛ wom dedɛɛra bam taane
25Adeli bu Azimavefa déem mo nii pɛ sɔŋɔ kom zela yalo maama na jege lonne to baŋa ne.
Yuzia bu Jonatan maa nii lonne zela yalo na wo kateira yam maama ne to baŋa ne.
26Kalubi bu Eziri déem mo nii balo na vare pɛ wom kare to baŋa ne.
27Rama tu Simeyi déem mo nii Vini teeni kare sem baŋa ne.
Sefama tu Zabidi maa nii Vini tio-bia de ba ŋokem baŋa ne.
28Gederi tu Baal-Hanan mo nii Olivi teeni de kaporro telo na wo wɛ-zoore seeni bwollu tem ne to.
Joasa maa nii jei selo ba na tiŋi Olivi nuga kam da to baŋa ne.
29Saron tu Sitirayi déem mo nii naane delo na wo Saron pwola kam ne to.
Adali bu Safate de maa nii naane delo na wo bwollu tem kura ne to.
30Isameli dwi tu Obili mo nii kona yam baŋa ne.
Meronofa tu Jedeya maa nii bonɛ sem baŋa ne.
31Hagiri dwi tu Jazizi déem mo nii vare-balwa bam baŋa ne.
Dedɛɛra banto maama déem mo nii Pɛ David wonnu baŋa ne ba pa‑o.
32Jonatan na ye Pɛ David nabera to déem jege yi-poro chekke ye o yei tɔnɔ poponem. O maa woli David de kwea.
Hakimoni bu Jeheli mo bere pɛ wom bia bam.
33Ahitofeli déem mo woli pɛ wom de kwea.
Ariki tu Husayi maa ye pɛ wom badwoŋ-swono.
34Benaya bu Jehoyada, ko woli de Abiatara maama déem mo leiri Ahitofeli yuu ne.
Joaba déem maa ye pɛ wom jar-keira bam yiga tu.",https://www.bible.com/bible/3661/1CH.27.KBG
1 TIGISIM 28,"Wɛ diga kam
1Pɛ David déem ma bwoŋi Isarele dedɛɛra bam maama se ba jeeri Jerusalem ne. Banto maa ye Isarele dwia yam nakwa bam, de teo kom dedɛɛra balo na toŋe ba pa pɛ wom to, de balo na tei jar-keira moro moro to, de balo na tei jar-keira bi bi to, de dedɛɛra balo na nii pɛ wom de o bia zela yam de ba vara baŋa ne to, de pɛ sɔŋɔ kom tontoŋena bam, ko woli de balo maama na ye nɔn-yerro de bembɛ to. 2Ba na jeeri daane konto to, Pɛ David ma zege wɛɛne o ta o we:
“A nu-bia bam, a déem jaane boboŋa mo se a lɔ diga se ba taa zege Baŋa Wɛ ni-gwonim dakaa kam da, se dé Tu Wɛ wom na jeiga kalo o na wó chwi o nɛ da to. A nam bobo se a ti ka lɔɔm dem yiga. 3Baŋa Wɛ nam ve mo ye o we, ‘Nmo bá‑n lɔ diga amo yere zula ŋwaane, nmo na ye bembea ye n pwori nɔɔna dedɛ jana to ŋwaane.’
4Ko nam ye Baŋa Wɛ wom na ye Isarele tiina Wɛ to mo le amo a kwo sɔŋɔ kom maama wone se a taa di Isarele teo paare taa wuu. O déem kuri Judah dwi dem mo se ba di yiga Isarele dwia yam maama wone. O ta ma kuri a kwo diga kam Judah dwi dem wone, ye o daare o zo a kwo bia bam wone o kuri amo se a taa ye Isarele teo maama pɛ, o yi na su amo kikia to ŋwaane. 5Baŋa Wɛ ma pa se a lo bakeiri dedɛ. O ma nii ba maama wone o kuri Solomon se o leiri amo yuu ne o di paare Baŋa Wɛ tete nɔɔna Isarele tiina baŋa ne. 6Baŋa Wɛ ma ta de amo we, ‘Nmo bu Solomon mo ye wolo na wó lɔ a diga kam de ka konkwallo tem to. Kokuri to, a kuri wonto mo se o taa ye a bu, se amo de taa ye o kwo. 7Amo wó pa se o paare dem fɔge de jeini lanyerane taa wuu, ne o ná yɔɔre o sɛ se o toŋe o tɔge amo nia yam de a bera yam, ne ko zem na ye tei to.’
8Konto ŋwaane, amo na zege abam Isarele tiina na ye Baŋa Wɛ kɔgɔ kom maama yiga ne, ye dé Tu Wɛ wom wora o maane dé keina yam to, amo zem kaane abam we, abam jege se á ta‑á toŋe a tɔge á Tu Baŋa Wɛ nia yam maama mo. Konto mo wó pa se á wane á jwoŋi te-ywoŋa kanto á ta‑á tei, ye á daare á kwei-ka á ta‑á pae á bia se ko taa vei wuu.
9Ko nam ná ye nmo Solomon na ye amo bu to, kwaane se n sɛ n pa n kwo Wɛ wom, se n ta‑n zuli‑o de n bochare maama, de n boboŋa maama. Kokuri to, Baŋa Wɛ yeini o buŋi nɔɔna bochara wone ye o lɔre ba boboŋa maama na ye tei to mo. Nmo ná beeri o jei, o wó pa‑m chwoŋa se n na‑o. Nmo nam daa ná ve‑o, o de wó ve‑m se ko taa vei wuu. 10Nam ta‑n yei n tete ni ne, kokuri to Baŋa Wɛ kuri nmo mo se n lɔ diga kalo na wó taa ye o wara-jei sem to n pa‑o. Konto to, ke dam n ke n tete kuri ne, se n kwaane n toŋe.”
11David na ŋɔɔne konto o ti to, o ma kwei twanno telo na bere Wɛ diga kam zega to o pa o bu Solomon. Te bere ba na wó lɔ-ka tei maama to mo: ka napɔrɔ kom, de ka di-balwa bam, de ka zela di sem, de ka wɛyuu di sem, de ka wo di sem, ko woli de wɛleera saarem jeiga kam maama. 12David déem ma bere‑o o boboŋa na jaane se o lɔ Baŋa Wɛ diga kam konkwallo tem tei to, de ka pwooni yiga di sem, de ka lonne wonnu tiŋim di sem, de di selo ba na wó zege Wɛ pɛɛra da to. 13O ta ma bere‑o kaanem tiina bam de Levi dwi tiina bam totoŋa na jege se ya pɔɔre tei to, dedaane ba na wó taa toŋe tei maama Wɛ diga kam wone to, de zela yalo ba na wó taa mae ba zuli Baŋa Wɛ to. 14O ta ma bere Solomon sabu-seŋa dunni, de lu-nyenno dunni na jege se te taa mae tei to se ba ma ba ke zwe selo ba na wó taa ma-se ba toŋe totoŋa dwi dwi Baŋa Wɛ diga kam wone to. 15O ta bere‑o sabu-seŋa de lu-nyenno dunni na jege se te taa mae tei se ba ma ba ke min-zwon-zegero tem de min-zwonnu tem tete, se ko tɔge te maama totoŋe na ye tei to. 16O ta ma bere‑o sabu-seŋa dunni ba na wó ma ba ke tabolo kolo ba na tigisi bworobworo da Wɛ ŋwaane to, ko ta woli de lu-nyenno dunni ba na wó ma ba ke tabollo tedwonna to. 17O ta bere‑o sabu-seŋa dunni na wó taa mae tei se o ma o ke wonnu telo ba na wó taa ma-te ba zɔ nɔna te le to, de zwe sem, de kambi sem maama. O ma daare o bere‑o sabu-seŋa de lu-nyenno dunni na jege se te taa mae tei se ba ma ba ke zwe sedwonna to. 18O ta ma bere‑o ba na wó kwei sabu-seŋa dunni delo to ba ma ba ke talwoŋ-ywoŋa zwɛɛm bimbini dem. O ta ma daare o bere‑o ba na wó ma sabu-seŋa ba mɔ cherubi nyenyero tem de te jeiŋa jei tei to. Tento lware te vɔna mo te kwoli Baŋa Wɛ ni-gwonim dakaa kam.
19Pɛ David ma ta o we, “Tento maama a popone a tiŋi tɔnɔ wone, ne Baŋa Wɛ tete na bere-ne tei maama to. O ma pa a lɔre diga kam lɔɔm de ka totoŋa maama na jege se ya taa ye tei to.”
20David ta ma ta de o bu Solomon o we, “Yɔɔre n ke dam n tete kuri ne, se n daare n ta‑n jege baare ye n kwaane n toŋe. Yé ta‑n fona, nam yé pa se n vɔna pare. Kokuri to, Yuu-tu Baŋa Wɛ na ya amo Tu Wɛ to wó taa wo n tei ne. O wó yɔɔre o woli‑m ye o bá yage‑m, se n wane n toŋe Baŋa Wɛ diga kam lɔɔm totoŋe dem maama n ti. 21Nii mo! Wɛ kaanem tiina bam de Levi dwi tiina bam maŋe ba lɔre ba na wó taa toŋe Wɛ diga kam totoŋa dwi dwi tei to. Gwaro tem maama de yei ba totoŋa chekke, ye ba ti ba yiga se ba woli‑m totoŋa yam maama wone. Dedɛɛra bam de nɔɔna bam maama de maa wó sɛ ni delo maama n na wó pa-ba to.”",https://www.bible.com/bible/3661/1CH.28.KBG
1 TIGISIM 29,"Pɛɛra yalo na woli Wɛ diga kam lɔɔm to
1Pɛ David déem ma ta de kɔgɔ kom maama o we:
“Baŋa Wɛ kuri amo bu Solomon mo se o lɔ o diga kam. Solomon nam ye nɔn-doŋo mo ye o ta bwona. Totoŋe dem nam ye totoŋ-kamunu mo, bɛŋwaane ko dae nabiinu diga mo o lage o lɔ, se ko ye Baŋa Wɛ diga mo. 2Konto ŋwaane mo amo tiini a kwaane a beeri zela yalo maama na maŋe de amo Tu Wɛ diga kam lɔɔm to a ke da-yiga ne. Zela yanto ye sabu-seŋa, de lu-nyenno, de channa, de luuru tete, de dɛ sedwonna, ko woli de Onika kandwa, de kandwa-nyenno dwi dwi se ba taa mae ba gɔgere wonnu, ko woli de pe-siswollu dwi dwi. Amo nam tiini a la tento maama dedɛ mo a tiŋi. 3Konto maama kwaga ne amo jege a tete sabu-seŋa de lu-nyenno wonnu se a pa se ba ma ba lɔ amo Tu Wɛ diga kam, a na sae yera ka lɔɔm dem ŋwaane to. Amo tete ta na wó woli kolo da to mo tento: 4Sabu-seŋa kalo na ye chekke ye ka nwoŋi Ofiri to dunni ye kilo morro bi (100,000) mo. Lu-nyenno telo ba na wó ma ba taare kabiri sem to dunni maa ye kilo morro bia yalei de finna (240,000). 5Gwaro tem ta wó ma sabu-seŋa kam de lu-nyenno tem konto ba ma ba gɔgere Wɛ diga kam wonnu dwi dwi. Tɔ. Abam wɔ tete mo wó sɛ se o de kwei o wonnu o pa Baŋa Wɛ zem dɛ dento ne?”
6David na tage konto o ti to, sɔ-yuni nakwa bam, de Isarele dwia yam nakwa bam, de dedɛɛra balo na tei jar-keira moro moro to, de balo na tei jar-keira bi bi to, ko woli de dedɛɛra balo na nii pɛ wom totoŋa baŋa ne to maama ma sɛ ba pa pɛɛra de ba wo maama Wɛ diga kam lɔɔm ŋwaane. 7Ba déem pɛ sabu-seŋa dunni na yi kilo morro bi de fuserepɛ (170,000) to, de lu-nyenno dunni na yi kilo morro bia yatɔ de finna (340,000) to, de channa dunni na yi kilo morro bia yaredo (600,000) to, de luuru telo dunni na yi kilo moro kuni morro tetɔ de bia yana (3,400,000) to mo. 8Balo maama de déem na jege kandwa-nyenno to de ma kwei-ya ba ja ba vo ba tiŋi lonne wonnu diga kam wone, ye Gereson tu Jeheli nii te baŋa ne. 9Nɔɔna bam wo ma tiini ko pwoli de ba na pɛ wonnu dedɛ de ba wo maama ba ma ke pɛɛra ba pa Baŋa Wɛ to. Ba maama de Pɛ David tete maa tiini ba chaka.
David wɛ-lworo
10David ma zege kɔgɔ kom maama yiga ne o seini Baŋa Wɛ ye o we:
“Pa-na se dé tei Yuu-tu Baŋa Wɛ wom
debam nabaaro Isarele de déem na zuli to.
Baŋa Wɛ, nmo maŋe se n jwoŋi zula
se ko taa vei wuu.
11Nmo kamunim, de dam,
de nenɔŋ-fɔrɔ, de paare daga dedɛ,
nmo na tei logo baŋa de wɛyuu wonnu maama to ŋwaane.
12Jejegero de dunni maama
nwoŋi nmo tei ne mo,
nmo na di paare nabiina maama baŋa ne to ŋwaane.
Nmo yeini n kwei n dam-fɔrɔ mo
n pa nɔɔna
pa se ba jiri naduna de nɔn-yerro.
13Debam Tu Wɛ, dé ke nmo lei,
ye dé daare dé tei
n yere-kamunu kom mo.
14Amo de a nɔɔna bam nam ya muri se dé wane dé pa pɛɛra yanto de dé wo maama, jejegero maama na nwoŋi nmo tei ne to ŋwaane. Kolo na ye nmo nyem to mo dé jwoori dé kwei dé pa‑m. 15Debam ye veira mo dé zoore logo konto wone, ne dé nabaara bam de déem na ye tei to. Dé ba jege kugu jei logo baŋa ne. Dé nam wó jei lela nenɛɛne luluŋu na pɔpɔ ko duri ko jei tei to mo.
16Debam Tu Baŋa Wɛ, ko ná ye pɛɛra yanto maama dé na jaane dé ba se dé ma dé lɔ diga kalo na wó taa zege nmo yere-kamunu kom zula ŋwaane to, ya maama maŋe ya ye nmo nyem mo. 17Amo Tu Wɛ, a yei we n yeini n maŋe nɔɔno bochare mo n nii, ye n wo pwoli de balo kikia na tɔge chega to. A kwei wonnu tento a pa‑m de a wo maama, de a boboŋ-laaro mo. A ta ma maane we nmo nɔɔna balo na jeeri ywo-seeni to de kwei ba wonnu ba ke nmo jeŋa ne de wopwolo, de ba chega maama. 18Yuu-Tu Baŋa Wɛ wom na ye dé nabaara Abaraham, de Izaak, de Isarele Wɛ to, nam pa n nɔɔna bam taa jege pempanno taa, se ba taa jege nmo chega se ko taa vei wuu. 19Ta pa se amo bu Solomon yɔɔre o taa toŋe o tɔge n nia yam, de n chullu tem, de n bera yam maama. Woli‑o se o seene o yia o lɔ nmo diga kam a na maŋe a la ka yera zela yam a tiŋi se ba ma ba lɔ to.”
20David laam ma ta de nɔn-kɔgɔ kom maama o we, “Tei-na abam Tu Baŋa Wɛ!” Ba maama ma tei Baŋa Wɛ wom na ye ba nabaara Wɛ to. Ba maa tiiri ba vwi ba yibia tega ne ba zuli Baŋa Wɛ, ba daare ba zuli Pɛ David tete de.
Solomon leiri David yuu ne o ji pɛ
21Tega na poore to, Isarele tiina bam déem ma go vara dedɛ ba ma ke zwɛɛm kaanem ba pa Baŋa Wɛ. Ba déem go na-bale moro dedoa, de pi-bɛ moro dedoa, de pipeili moro dedoa mo. Ba ta ma ke wo-nyɔɔro pɛɛra dedaane pɛɛra dwi dwi ba woli da, Isarele tiina bam maama ŋwaane. 22Dɛ dem konto ne nɔɔna bam wo déem pwoli se ko gaale. Ba ma di wodi-fɔrɔ kuri Baŋa Wɛ yiga ne. Ba ma jwoori ba tiŋi Solomon paare dem se ko ke belei tu, se o wane o leiri o kwo David yuu ne o di paare dem. Ba ma kwei Wɛ swolim nuga ba lwo o yuu ne. Ba ta ma lwo nuga kam Zadoki yuu ne se o ji Wɛ kaanem tu. 23Solomon ma leiri o kwo David yuu ne o di paare Baŋa Wɛ ŋwaane. Wonnu maama déem ma ke lanyerane te pa Solomon. Isarele tiina bam maama maa sɛ o ni. 24Teo kom dedɛɛra bam maama, de nɔn-yerro tem maama, ko woli de David bia bam maama déem ma sɛ se ba to ba pa Solomon.
25 Baŋa Wɛ déem pɛ Solomon tiini o na zula Isarele tiina bam maama tei ne. O ta ma pa se o paare dem jege nenɔŋa dedɛ se ko dwoni Isarele teo pwa balo na lwoori wonto na nɛ nenɔŋa kalo to.
David paare dem seina
26Jesse bu David déem mo di paare Isarele teo maama ne. 27O nɛ bena finna mo Isarele teo paare dem baŋa ne. Bena finna yam wone o ke bena yarepɛ mo Heboron ne, o daare o ke bena fintɔ-yatɔ Jerusalem ne. 28David déem jege jejegero dedɛ ye nɔɔna nege‑o. O kwe o yi o maŋa mo ye o te. O bu Solomon ma leiri o yuu ne o di paare dem.
29David déem na di paare ye o ke wonnu telo maama to, ko zege o paare dem boboa ne se ko yi de na kweeli maŋa kalo to, ba popone te maama ba tiŋi Wɛ ni-jwoŋina Samuwel, de Natan, de Gaadi yera seina twanno tem wone. 30Ba déem popone ko tɔge o dam dem de o paare dem, de wonnu telo na yi o de Isarele tiina bam to, ko woli de wonnu telo na yi dwi-gɛ tiina de ba teene dem to mo ba tiŋi.",https://www.bible.com/bible/3661/1CH.29.KBG
2 TIGISIM 1,"Pɛ Solomon lwoori swa Wɛ tei ne
1 Pwa 3:1-15
1David bu Solomon déem yɔɔre o jege o paare o di teo kom maama ne mo, ye o kuri ja tega. Kokuri to, o Tu Baŋa Wɛ mo wo o tei ne, pa se o yere tiini de zaŋe.
2Solomon déem ma bwoŋi Isarele tiina bam maama se ba jeeri daane. Banto maa ye balo na tei jar-keira moro moro to, de balo na tei jar-keira bi bi to, de Isarele teo dedɛɛra bam, de ba nakwa bam, de ba sɔ-yuni yiga tiina bam maama. 3Ba na gilimi daane to, Pɛ Solomon de Isarele tiina kɔgɔ kom maama ma vo Gibeon. Wara-jei déem wo dáane, vwei delo o tontoŋeno Moses déem na ke o zege kagoa kam wone to na wora to ŋwaane. 4David déem ya lwoori yiga mo o ja Wɛ ni-gwonim dakaa kam o zege Kiriaf-Jeerim ne o vo Jerusalem, mɛ o na chwi vwei se o zege-ka de wone to. 5Ko nam ná ye channa kaanem dakaa kalo Yuri wolo na ye Hura bu to bu Bezaleli déem na ke to, ka déem zege Gibeon ne mo ye ka wo Baŋa Wɛ wara-vwei dem yiga ne. Mo kokuri Solomon de nɔn-kɔgɔ kom maama vei dáane se ba ware Baŋa Wɛ. 6Ba na zege wara-vwei dem yiga ne konto to, mo Solomon fɔɔre o yi channa kaanem dakaa kam, ye o ke zwɛɛm kaanem kuni moro bimbini dem baŋa ne o pa Baŋa Wɛ.
7Tete dem konto mo Wɛ veere o tete ded‑o, ye o we, “Solomon, lwoori n na lage kolo maama to, se amo wó pa‑m”. 8Solomon ma leiri o we, “Nmo déem jege a kwo David swono lanyerane, ye n daare n pa se a leiri o yuu ne a di paare dem. 9Yuu-tu Baŋa Wɛ, laam pa se ni delo nmo na gwoni de amo kwo to ji chega. Kokuri to, nmo pɛ se amo mo ji pɛ se a taa tei kɔ-fɔrɔ kolo ni na daga dedɛ ne tega kasolo tei to. 10Nam pa-ne swa chekke de yeino, se a taa mae a nii nɔɔna banto baŋa ne. Kokuri to, wɔ mo wó wane nmo kɔ-fɔrɔ konto o nii o tete ne?”
11Wɛ ma leiri Solomon o we, “Nmo boboŋa yam lana dedɛ. Kokuri to, nmo wo lwoori-ne se n jwoŋi jejegero, naa nadunni, naa zula amo tei ne. Nmo ta ma‑n ba beeri toone se n pa n dona, naa se n jwoŋi momwɛ-dɛɛre n pa n tete. Ko nam ye swa de yeino mo n laga se n ta‑n mae n tei amo nɔɔna balo a na kwei a pa‑m se n ta‑n ye ba pɛ to. 12Konto ŋwaane amo wó seene a pa‑m swa de yeino. A nam ta wó pa‑m jejegero, de nadunni, de zula, se pɛ wodwoŋi yé kɛ nmo yiga ne, ko ná ye balo na lwoori nmo to, naa balo na wó saŋe nmo kwaga ba di paare to de.”
13Solomon laam ma zege Gibeon wara-jei sem ne Wɛ wara-vwei dem na wo mɛ to o jwoori Jerusalem teo kom wo. O ma lɛɛre o jege Isarele teo paare dem o di.
14Solomon déem ma la jara-keim torokooro moro de bia yana (1,400), dedaane sisein-nɔɔna morro fuga-telei (12,000). O déem pɔɔre se sedwonna o yage teene delo o na kuri se ŋwaane to ne. Sedaara maa wo Jerusalem ne mɛ o na zoore to. 15O paare dim maŋa ne, lu-nyenno de sabu-seŋa tiini te daga Jerusalem ne, ne kandwa mo tei. Sedare da-ŋonno de maa ba jege zore nenɛɛne kaporro na daga tei wɛ-zoore seeni bwollu tem ne to. 16Nɔɔna déem vei Ejipti de Silisia teene dem mo ba kwei sabu ba yeigi sisei ba pa Solomon. Ko maa ye o pipim-piina mo yeini ba yeigi-se Silisia teo ne, ye ba ŋwe kolo na maŋe to. 17Ko ná ye jara-keim toroko, ba yeini ba yeigi-ko Ejipti ne de lu-nyenno sabu-dala bia yaredo (600) mo. Siseiŋa maa yeigi de lu-nyenno sabu-dala bi de finnu (150). Pɛ wom pipim-piina bam déem yeini ba kwei torokooro de sisein-nɔɔna dedɛ ba yeigi ba pa Hiti tiina pwa bam de Aram tiina pwa mo.",https://www.bible.com/bible/3661/2CH.1.KBG
2 TIGISIM 2,"Wɛ diga kam lɔɔm taane
1Solomon boboŋa déem nam ya jaane se o lɔ diga mo Baŋa Wɛ yere zula ŋwaane, se o daare o lɔ paare sɔ-fɔrɔ o pa o tete. 2O ma pa ba beeri nɔɔna morro fuserepɛ (70,000) balo na wó taa zeŋe zela to ba pa‑o. O ta pɛ ba beeri nɔɔna morro funɔnɔ (80,000) mo, se ba yeini ba di peero yuu ba yare kandwa-zana ba pa‑o. O ma beeri nɔɔna morro tetɔ de bia yaredo (3,600) o woli da se ba taa nii tontoŋena bam maama baŋa ne.
3Solomon laam ma toŋe kwora kanto o pa Tura pɛ Hiram we:
“Nmo déem kwei Sedare da-kwollu mo n toŋe n pa amo kwo David pa se o lɔ sɔ-fɔrɔ o zoore ko wone. Nam kwaane n woli amo konto dwoŋi. 4Amo ti a yiga mo se a lɔ diga a Tu Baŋa Wɛ yere zula ŋwaane. Ba laam maa wó pɔɔre-ka ba zege se ba yeini ba taa zwɛ talwoŋ-ywoŋa da, se ba ta daare ba taa tigisi bworobworo kolo na tigi Wɛ yiga ne to ka wone maŋa de maŋa. Dáane mo ba ta wó yeini ba zwɛ kaanem pɛɛra tetete maama, de dedaan-ni maama, ko woli de Wɛ siu da yam ne, de chan-doŋa kura yam ne, de kura yalo maama na wora se dé taa mae dé zuli dé Tu Baŋa Wɛ wom to. Mo o na pɛ debam Isarele tiina bam ni delo se dé taa ke taa wuu to.
5Diga kalo amo na lage a lɔ to wó taa tiini ka ye kamunu mo, debam Tu Wɛ wom na dwoi wa yadwonna yam maama to ŋwaane. 6Wɔ nam mo yi se o lɔ diga o pa Baŋa Wɛ? Wɛyuu baŋa tete ne, pwola tera ka na maŋe ded‑o! Amo ye wɔ mo se a lɔ diga a pa‑o? Diga kam nam wó taa ye mɛ ba na wó taa zwɛ kaanem da ba pa‑o to mo.
7Nam toŋe gɔgɔ na wae o kwei sabu-seŋa, de lu-nyenno, de channa, de luuru o toŋe totoŋa chekke to n pa-ne. Kotu ta wó kwei gare-ŋone selo nyenyero na ye nasoŋ-pupwia, de nasoŋo chwɛ-chwɛ, de nazwon-pupwia to o ma o toŋe. O ta jege se o taa yei sarem totoŋa na ye tei to. Wonto de gwaro telo amo kwo David déem na kuri to wó woli daane ba toŋe Jerusalem ne de Judah teene dedwonna wone.
8Nam ta toŋe Lebanon teo Sedare da-kwollu, de teeni dedwonna da-ŋonno n pa-ne. Amo maane we, n nɔɔna bam tiini ba yei dɛ gwonim totoŋa abam jei sem ne. Amo nɔɔna wó woli de nmo nɔɔna bam, 9se ba lage da-ŋonno se te taa daga. Kokuri to, diga kalo a na boŋe se a lɔ to jege se ka taa daga mo, ye ka jege nenɔŋa lanyerane. 10Ko ná ye nmo tontoŋena balo na wó gwoni dɛ sem to, amo wó kwei banina ywollu morro fuseredo (60,000), de chaara ywollu morro fuseredo (60,000). A ta wó pa-ba sana kuriwaa bia morro finlei (20,000), de nuga kuriwaa bia morro finlei (20,000) mo.”
11Pɛ Hiram na lage o leiri Solomon to, o popone tɔnɔ mo o pa‑o we, “Baŋa Wɛ na swoi o nɔɔna bam to ŋwaane mo o pɛ se nmo ji ba pɛ.”
12Hiram ta ma ta o we:
“Baŋa Wɛ wom na ye Isarele tiina bam Wɛ to mo maŋe de tia. Wonto mo naane wɛyuu de tega baŋa maama. O nam pɛ bu wolo Pɛ David na loge to jege swa chekke, dedaane yi-poro, de boboŋ-laaro. O maa wó lɔ diga o pa Baŋa Wɛ, ye o ta lɔ sɔ-fɔrɔ o pa o tete.
13Amo nam lage a toŋe Huram-Abi mo n tei ne, o na ye gɔgɔ chekke ye o jege yi-poro to ŋwaane. 14O nu maa ye Dan dwi dem bukɔ mo, ye o kwo de ye Tura teo tu. O yei ba na kwei sabu-seŋa, de lu-nyenno, de channa, de luuru, de kandwa, de dɛ ba gɔgere wonnu tei to. O nam ta wó wane o ma gare-ŋone selo nyenyero na ye nasoŋ-pupwia, de nazwon-pupwia, de nasoŋo chwɛ-chwɛ to, dedaane gare-fefale o ma o toŋe. O wae o sare nyenyego dwi maama, ne ba na wó bere‑o se o ke tei to. Wonto wó toŋe o woli nmo tete gwaro tem, de balo nmo kwo Pɛ David déem na kuri to.
15Pɛ Solomon, ko ná ye amo tei ne, nam toŋe banina kam, de chaara yam, de nuga kam, de sana bam, n pa a tontoŋena bam, ne n na gwoni ni se n ke tei to. 16Debam de wó gwoni Lebanon teo da-ŋonno se ko maŋe de nmo na lage tei maama to. Ba laam maa wó vɔ da-kwollu tem ba ke daane, ye ba daare ba de-te naneo kom ne ba yɛ ba vo ba yi Jopa. Nmo nɔɔna bam de laam maa wó jeeri da se ba kwei-te ba ja ba vo Jerusalem.”
17Solomon déem ma pa ba jeeli veira balo na wo Isarele teo wone to ni, ne o kwo David de déem na ke tei to. O ma na we ba ye nɔɔna morro bi de finnu-batɔ dedaane bia yaredo (153,600) mo. 18O ma le ba wone nɔɔna morro fuserepɛ (70,000) se ba taa zeŋe zela, se ba nɔɔna morro funɔnɔ (80,000) taa yare kandwa-zana peero jei sem ne, ye ba wo morro tetɔ de bia yaredo (3,600) de taa nii tontoŋena bam konto baŋa ne.",https://www.bible.com/bible/3661/2CH.2.KBG
2 TIGISIM 3,"Solomon na lɔge Wɛ diga kam tei to
1 Pwa 6:1-29
1Solomon déem pɛ se ba bobo Baŋa Wɛ diga kam lɔɔm Jerusalem teo ne. Ko ye Moria peo kom yuu ne mo. Baŋa Wɛ ya maŋe o veere o tete de Solomon kwo David dáane mo, mɛ seeni Jebusi tu Arawuna déem na yeini o vei o fere o mena to. David maŋe o kuri jei sem konto mo se ba lɔ Wɛ diga kam da. 2Solomon paare dim bena yana bene dem, chane selei chana kam da yalei dɛ dem ne mo ba bobo se ba lɔ-ka.
3Solomon déem na tiŋi Wɛ diga kam biri-beira tei to ye naba-laara fintɔ mo ka dedɔrem maŋem baŋa ne. Ka kayɔlɔ baŋa maŋem de maa ye naba-laara fuga. Ko nam ye ba faŋa maŋem dem mo ba kwei ba maŋe-ka. 4Wɛ diga kam jege napɔrɔ mo ka yiga kam seeni, ko kayɔlɔ baŋa maŋem na ye naba-laara fuga, ye ko wɛ-baŋa seeni maŋem de ye jatwogo de noa ni kuni finlei. Ko ná ye napɔrɔ kom wo kom seeni, ba déem kwei sabu-seŋa na ye chekke to mo ba taare ko maama.
5Ko ná ye Wɛ diga kam tete, o déem pɛ se ba kwei da-pelwaro mo ba kwoli ka wo kabiri sem. O ta ma pa se ba kwei sabu-seŋa na ye chekke to ba taare se maama, ye ba daare ba gɔgere konkwara nyenyero, de nyenyero na lwoni chegero to ba ke da. 6O déem ta kwei kandwa-nyenno mo o ma o kwɛ Wɛ diga kam yera maama. Ba maa na mɛ sabu-seŋa kalo ba toŋe ka totoŋa to maa nwoŋi Paravayim ne. 7Ko ná ye da-kwollu telo ba na kwei ba ne Wɛ diga kam to, de ka manchwo-peo dɛ sem, de ka kabiri sem, de bworru tem, ko déem ye sabu-seŋa mo o mɛ o taare-te. O laam ma daare o pa ba gɔgere cherubi nyenyero o ke kabiri sem yera ne.
8Solomon ta ma lɔ Wɛ di-yun-gala kam na tiini ka ye wose Wɛ ŋwaane to. Ka dedɔrem maŋem de ka kayɔlɔ maŋem maama ye naba-laara fuga fuga mo, pa se ka maŋe de Wɛ diga kam tete. O laam ma kwei sabu-seŋa dunni na yi kilo morro finlei (20,000) to o taare ka wo maama. 9Sabu-seŋa chena yalo ba na kwei ba ke da to dunni maa ma de sabu-dala finnu na ye tei to. Ba ta ma kwei sabu-seŋa ba taare di selo na lɔge se di to kabiri sem.
10Ko ná ye Wɛ di-yun-gala kam, Solomon pɛ se ba kwei dɛ mo ba sare cherubi selei nyenyero ba zege ka wone, ye ba taare-te de sabu-seŋa. 11Cherubi sem ná yarege se vɔna pa ko zege diga kam saŋa dedoa ne ko vo ko yi kadwoŋi kam ne, ko ye jatwogo de noa ni maŋem kuni finlei mo. Cherubi dedoa vɔŋɔ dedɔrem ye jatwogo de noa ni maŋem kuni benu mo, ye o yarege-ko o dwei diga kam kabira kam. Ko vɔŋɔ kodwoŋi kom de maa ye jatwogo de noa ni maŋem kuni benu, ye ko yi ko dwei cherubi kadwoŋi kam vɔŋɔ. 12Cherubi kanto kam de yarege ka vɔŋɔ kodwoŋi kom ka dwei diga kam saŋa kadwoŋi kam. Ka de vɔŋɔ dedɔrem ye jatwogo de noa ni maŋem kuni benu mo. 13Cherubi selei sem konto vɔna ná yarege ye ya dwei daane, ya maama ye jatwogo de noa ni maŋem kuni finlei mo. Se nam zege se nɛ baŋa ne mo, ye se jeeri Wɛ diga kam ni dem.
14Ko ná ye gare-jale delo na wó lei de che Wɛ di-yun-gala kam to, Solomon ma pa ba kwei gare-ŋone selo nyenyero na ye nazwon-pupwia, de nasoŋ-pupwia, de nasoŋo chwɛ-chwɛ to ba ma ba sɔ gare-fefale, ye ba daare ba gɔgere cherubi nyenyero ba ke se yera ne.
15O laam ma daare o pa ba mɔ ywoa yalei pa ya zege Wɛ diga kam yiga ne. Ywoa yalei yam ná twoŋi daane, ya maama dedɔrem ye jatwogo de noa ni maŋem kuni fintɔ-benu mo. Ba ma ke wo-sugila yalo dedɔrem na ye jatwogo de noa ni maŋem kuni benu to ba meeli ywoa yam yuu kom seeni. 16O ta ke chegero mo ye o milimi-te daane. O laam ma kwei-te o ke ywoa yam yuu ne. O ta ma mɔ Pomegara bi nyenyero ye o kwei-te o meeli chegero tem yera ne. 17O ma kwei ywoa yam o chwi Wɛ diga kam yiga ne, ka jazem seeni de ka jagwia seeni. O ma pa ba bwoi ywei delo na zege ka jazem seeni to we, ‘Jakim’. Delo maa na zege jagwia seeni to maa ye ‘Bowaza’.",https://www.bible.com/bible/3661/2CH.3.KBG
2 TIGISIM 4,"Wɛ diga kam zela
1Solomon déem ma pa ba kwei channa ba ma ba mɔ kaanem bimbini, pa de maŋem ye naba-laara fuga dedɔrem baŋa ne, dedaane de kayɔlɔ seeni. De maa ye jatwogo de noa ni maŋem kuni fuga wɛ-baŋa seeni. 2O laam ma kwei channa o mɔ ware-zon-zɔŋɔ ye o bwoŋi ko yere we, ‘Naneo Kom’. Ko na zege ni dedoa se ko vo ni dedwoŋi to ye jatwogo de noa ni maŋem kuni fuga mo. Ka wɛ-baŋa maŋem maa ye jatwogo de noa ni kuni benu. N ná kwei ŋona n maŋe-ka gigilu baŋa ne, ko ye jatwogo de noa ni kuni fintɔ mo ko kaare. 3Ba ma kwei channa ba gɔgere wonnu na nye de nabɛ to ba ke zon-zɔŋɔ kom nia yam seeni ba kaare-ka gene selei. Jatwogo de noa ni maŋem maama jege nabɛ nyenyero fuga mo. Ba déem mɔɔne zon-zɔŋɔ kom de ko nyenyero tem daane mo. 4O ta ma kwei channa o mɔ nabɛ fuga-selei pa se ware-zon-zɔŋɔ kom daŋe se baŋa ne. Nabɛ sem maama ma kwei se kwɛ se jeeri daane mo. Nabɛ setɔ déem jeeri baŋa seeni mo. Se setɔ de jeeri wɛ-zoore seeni. Se setɔ maa jeeri tega-kuri seeni ye setɔ jeeri wɛ-puli seeni. 5Zoŋa kam déem lira se ko maŋe de da-yiga noa maŋem mo. Ka ni dem maa nye de na-zoŋa ni na ye tei to, ye ka laam ta ka nwoŋi ne kantɔgela na ye tei to. Ka wó wane ka jwoŋi garewɛ morro tetɔ na mo.
6O ta ma ke ware-zwe fuga, ye o zege senu diga kam jazem seeni, ye o daare o zege senu ka jagwia seeni. Ba déem jege vara balo ba na wó kwei ba ke zwɛɛm kaanem to mo ba zare zwe sem konto na bam wone. Ko daare, kaanem tiina bam de maa yeini ba sane ba je ware-zon-zɔŋɔ kom wo na bam wone.
7Solomon daa ma pa ba kwei sabu-seŋa ba ma ba mɔ min-zwon-zegero fuga se ko maŋe de ba na jeeli diga kam kikia se ya taa ye tei to, ye o daare o kwei-te o zege Wɛ diga kam wone. Te tenu mo o déem kwei o zege jazem seeni, ye o daare o kwei tenu o zege jagwia seeni.
8O ta ma ke tabollo fuga. O ma kwei tento de o zege Wɛ diga kam wone. Tenu déem zege jazem seeni mo, ye tenu de wo jagwia seeni. O ta ma ke sabu-seŋa zwe bi se ba taa jege-se ba zezage na.
9O ma lɔ konkɔlɔ kolo na wora kaanem tiina bam ŋwaane to, dedaane konkɔlɔ-kamunu kom, de ko ni-bworru tem. O laam ma kwei channa o taare ko bworru tem maama. 10O ma kwei ware-zon-zɔŋɔ kom o zege Wɛ diga kam tega-kuri saŋa kam seeni se ko maŋe de ka gugworo kolo na jeeri wɛ-puli seeni to.
11Huram ta ma mɔ zwe selo ba na wó taa mae ba pɛ tentwarem to, de sɛbullu, de na-zwe. O déem ma toŋe Wɛ diga kam totoŋa yalo Pɛ Solomon na pɛ‑o to o ti. 12Ko maa ye:
Channa ywoa yalei yam, de wo-sugila yalei yam na wo ya yuu ne to, de channa kam na lɛɛne daane ka kwoli wo-sugila yam to, 13dedaane Pomegara bia yana nyenyero telo o na gɔgere o yage channa kalo na lɛɛne daane to ne. Pomegera nyenyero tem maa ye gene selei na kwoli wo-sugili dedoa maama to.
14O déem ta mɔɔne torokooro tem, de te ware-zwe sem, 15dedaane ware-zon-zɔŋɔ kom, de ko kuri channa nabɛ nyenyero fuga-selei sem, 16ko ta woli de zwe selo ba na wó taa mae ba pɛ tentwarem to, de sɛbullu tem, de wonnu telo ba na wó taa mae ba chu nɔna ba le to.
Ko ná ye Wɛ diga yera zela yam maama, Huram-Abi déem kwei channa kalo na kwɛ to mo o ke te maama o pa Pɛ Solomon se ba taa mae ba toŋa Baŋa Wɛ diga kam totoŋa. 17Pɛ wom déem pɛ ba mɔ tento maama kamɔ-mɔra jeiga kalo na wo Jɔdan bwolo kom ne se ko maŋe de Sukofa de Zereda tetare laŋa ne to mo. 18Solomon déem pɛ ba ke wonnu tento dedɛ mo. Mo kokuri ba wo lɔre te channa kam dunni na mae tei to.
19Solomon déem pɛ ba ke Wɛ diga kam wo zela yam maama. Ko maa ye:
Sabu-seŋa bimbini dem, de tabollo telo baŋa ne ba na tiŋi bworobwooru tem na zege Wɛ yiga ne to mo.
20O ta pɛ ba kwei sabu-seŋa kalo na ye chekke to mo ba ke min-zwon-zegero kom, de te min-zwonnu tem. Te maa zege Wɛ di-yuu kom wone te pae pwooni, ne ko na maŋe tei to.
21O ma pa ba gɔgere sabu-seŋa punnu nyenyero, ye ba kwei sabu-seŋa ba ke min-zwonnu, de wonnu telo na dwei mini dem to. 22O ma pa ba kwei sabu-seŋa na ye chekke to ba ke wonnu telo na fɔge te kwɛ mini dem to, de ware-zwe, de zon-tanlɛ selo ba na mae ba zwɛ talwoŋ-ywoŋa to, dedaane min-chala zwe. O ta ma pa ba kwei sabu-seŋa ba taare Wɛ di-yun-gala kam ni-bworru tem, dedaane bworru telo na zoore Wɛ diga kam tete to.",https://www.bible.com/bible/3661/2CH.4.KBG
2 TIGISIM 5,"1Ko déem dɛ konto mo ye Solomon pa ba toŋe Baŋa Wɛ diga kam totoŋa maama ba ti. O laam ma ja wonnu telo maama o kwo David déem na pɔɔre o zege Wɛ ŋwaane to o ja o zo ka wo. Ko maa ye lu-nyenno de sabu-seŋa wonnu tem de diga kam wo zela yam maama mo o kwei o zege Wɛ diga kam lonne tiŋim jei sem ne.
Wɛ ni-gwonim dakaa kam
2Solomon déem pɛ ni mo yi Isarele dwi tiina nakwa bam maama se ba ba Jerusalem. Ko ye ba pwa bam de ba sɔ-yuni tem yiga tiina bam maama mo konto. O déem bwoŋi-ba se ba ke daane ba ja Wɛ ni-gwonim dakaa kam na wo David teo Zion ne to ba ja ba zo Wɛ diga kam. 3Ba maama ma ke daane ba yi Pɛ Solomon tei kuri delo na ke chane serepɛ chana kam ne to maŋa ne. 4Isarele tiina nakwa bam maama na jeeri konto to, Levi dwi tiina badwonna ma zeiŋi Wɛ ni-gwonim dakaa kam wɛɛne 5se ba ja ba zo Wɛ diga kam. Levi tiina bam de kaanem tiina bam de ma zeŋe Wɛ wara-vwei dem dedaane de yera zela yam maama ba ja ba kɛ. 6Pɛ Solomon de Isarele tiina kɔgɔ kom maama ma vo ba gilimi Wɛ ni-gwonim dakaa kam yiga ne. Ba ma kwei pei de naane dedɛ ba ma ba ke kaanem ba pa Wɛ. Vara bam tiini ba daga dedɛ pa se nɔɔn-nɔɔno ware ba ni o ga.
7Wɛ kaanem tiina bam ma zeŋe Baŋa Wɛ ni-gwonim dakaa kam ba ja ba zo Wɛ diga kam wone ba zege-ka di-yun-gala kam na tiini ka ye wose Wɛ ŋwaane to wone. Ba déem zege dakaa kam cherubi vɔna yam kuri ne mo. 8Cherubi selei sem vɔna yam twe mo wɛɛne ya kwoli dakaa kam de ka dɛ selo ba na mae ba zeŋe-ka to. 9Dɛ sem konto tiini se dɔra dedɛ. Ko ma pa se nɔɔno ná zo Wɛ diga kam o zege ka ni ne, o wae o tole o nae dɛ sem. Ko nam ná ye pwooni dem ne mo o zega, o ba nae-se. Se ta zege da de zem maama. 10Woŋo kolo yerane déem na wo Wɛ ni-gwonim dakaa kam wone to mo ye kandwa-pelɛ selei selo Moses déem na kwei o ke-da Sinayi peo kom baŋa ne to. Dáane mo Baŋa Wɛ déem gwoni ni de Isarele tiina bam maŋa kalo ba na nwoŋi Ejipti ne ba kɛ to.
11Kaanem tiina bam na nwoŋi sɔ-yuu kolo ye ba wo dáane to maama nam ya kwɛ ba tete Wɛ ŋwaane mo. Ba ma nwoŋi Wɛ di-yuu kom wone ba vo dáa. 12Levi tiina balo na ye lein-leena to ma vo ba zege kaanem bimbini dem wɛ-puli saŋa kam seeni. Banto maa ye Asaf, de Heman, de Jedutuna, ko woli de ba bia, de ba chorro tem maama. Ba déem zo gare-fefale mo, ye ba laam zei zwe, de kwanno dwi dwi, ba jege-te ba ke kwɛɛra. Kaanem tiina bi de finlei (120) de ma ba ba woli lein-leena bam konto wone, ye ba wui nabwanno. 13Nabɔn-wura bam, de lein-leena bam kwɛɛra zela sɔɔ kom maŋe daane lanyerane pa kwora dedoa zaŋe wɛɛne ka seini Baŋa Wɛ. Ba ma leeni ba tei Baŋa Wɛ ye ba we:
“O tiini o lamma,
ye o swono kom wora taa wuu.”
Kunkwoŋo ma pɔpɔ ko zo ko su Baŋa Wɛ diga kam maama. 14Wɛ kaanem tiina bam ware ba jwoori ba zo da ba toŋe ba totoŋa, kunkwoŋo kom na wora ye Baŋa Wɛ nenɔŋ-fɔrɔ kom pwooni yɔɔre de pe jei sem maama to ŋwaane.",https://www.bible.com/bible/3661/2CH.5.KBG
2 TIGISIM 6,"1Pɛ Solomon ma ware Wɛ o we, “Baŋa Wɛ, nmo maŋe n ta n we, nmo wó ta‑n zoore kunkwon-lilirru wone mo. 2Amo nam lɔge sɔ-fɔrɔ mo a pa‑m, se n ta‑n zoore ko wone taa wuu.” 3Isarele nɔn-kɔgɔ kom maama na zege da konto to mo Solomon pipiri o jeeri-ba. O ma sɔɔle Wɛ swolim o yage ba baŋa ne. 4O maa we:
“Baŋa Wɛ wom na ye Isarele tiina Wɛ to maŋe de tia! O yɔɔre o ke o su ni delo o na pwooli de a kwo David to mo. Wɛ déem tage o we, 5‘Ko na zege maŋa kalo a na jaane a nɔɔna bam a nwoŋi Ejipti to, a ya ta wo kuri teo Isarele dwia yam wone se ba lɔ diga ba ma zuli a yere da. A nam wo kuri nɔɔn-nɔɔno se kotu taa nii a nɔɔna Isarele tiina bam baŋa ne. 6Ko laam nam na ye tei to, amo mo kuri Jerusalem se ko taa ye teo kolo wone ba na wó taa zuli-ne to, ye a daare a kuri David se o taa di paare a nɔɔna bam baŋa ne.’ ”
7Solomon ta ma ta o we:
“Amo kwo David ya maŋe o boŋe o ja se o lɔ Wɛ diga se ba taa zuli Baŋa Wɛ wom na ye Isarele tiina Wɛ to yere da mo. 8Baŋa Wɛ ma ta ded‑o o we, ‘Nmo ke chega de n na jaane boboŋa se n lɔ diga amo yere zula ŋwaane to. 9Ko nam dae nmo mo jege se n lɔ diga kam n pa-ne. Se ko ye nmo tete bu mo wó lɔ diga kam amo yere zula ŋwaane.’
10Leile konto Baŋa Wɛ ke o su tei maama o na pwooli we, o wó ke to mo. Amo laam mo leiri a kwo David yuu ne a ji Isarele teo pɛ. A ma sɛ a lɔ Wɛ diga kam se Baŋa Wɛ wom na ye Isarele tiina Wɛ to yere na zula da. 11A ta ma kwei Wɛ ni-gwonim dakaa kam a zege ka wone. Baŋa Wɛ ni delo o na gwoni de Isarele tiina bam to na popone kandwa-pelɛ selo baŋa ne to maa wo ka wone.”
Solomon wɛ-lworo kom
12Solomon ma vo o zege o jeeri Baŋa Wɛ kaanem bimbini dem ye Isarele kɔgɔ kom maama zege ba nia. O ma zeiŋi o je sem wɛɛne se o ware Wɛ. 13O nam ya pɛ ba ke channa bimbini mo ba kwei ba zege Wɛ diga kam pwooni yiga konkɔlɔ kom tetare dem ne. De dedɔrem baŋa maŋem dedaane de kayɔlɔ baŋa maŋem déem ye jatwogo de noa ni maŋem kuni benu mo. De wɛ-baŋa maŋem maa ye jatwogo de noa ni maŋem kuni betɔ. Solomon ma vo o zege bimbini dem konto baŋa ne o kuni nadwoona, ye o daare o zeiŋi o je sem wɛyuu ne. 14O ma lwoori Wɛ o we:
“Baŋa Wɛ wom na ye Isarele tiina Wɛ to, wɛ dedwoŋi tera wɛyuu ne naa tega baŋa ne de na nye de nmo. Nmo yɔɔre n swoi balo na tɔge n chwei sem de ba wo maama to, de n na yeini n ke n sui ni delo n na gwoni de-ba se n ke to. 15Ko ná ye amo kwo David na ye nmo tontoŋeno to, nmo na tiŋi ni ded‑o se n ke tei to, mo n seene n ke te maama se ko ba ko yi zem.
16Isarele tiina Baŋa Wɛ wom, a laam lwoori‑m se n ke tei n na pwooli de a kwo David ye n we, o dwi dem bá ga nɔɔno se o di paare Isarele tiina baŋa ne, ne ba ná kwaane ba sɛ nmo nia yam ne David tete na ke tei to. 17Baŋa Wɛ wom na ye Isarele tiina Wɛ to, nam sɛ se kolo nmo na pwooli de n tontoŋeno David to seene ko ji chega. 18Amo Tu Wɛ, nmo wó seene n ta‑n zoore de nabiina tega baŋa ne na? Wɛyuu de wɛ-baŋa jei sem maama ne, pwola tera ka na maŋe de nmo. Tetɛ mo diga kanto a na lɔge to wó wane ka yi n zoorem? 19Amo Tu Baŋa Wɛ, a ye nmo tontoŋeno mo. Nam pa n yiga taa wo a wɛ-lworo kom wone. Cheigi a keira kam se n daare n sɛ a na lwoori‑m woŋo kolo to. 20Popo, pa se n yia taa page diga kanto baŋa ne maŋa maama, tete de wea. Nmo maŋe n ta we ka zege n yere dem zula ŋwaane mo. Maŋa kalo maama ne a ná zege a jeeri diga kanto a lwoori‑m, se n cheigi a wɛ-lworo kom. 21Ko ná ye amo de n nɔɔna Isarele tiina bam, dé ná zege dé jeeri nmo diga kam se dé lwoori‑m, se n jeini n wɛyuu sɔŋɔ kom wone n cheigi dé wɛ-lworo n daare n yage n chɛ debam.
22Nɔɔno ná ke o chɔge o dwoŋi yiga ye ba ja‑o ba zo nmo diga kam wone se o zege nmo kaanem bimbini dem yiga ne o du duuri we, o wo ke o chɔge, 23jeini telaao ne n cheigi o taane dem se n daare n ke kolo na maŋe to. Pɔɔre chega n tontoŋena bam tetare ne. Pa se puseŋ-nyeno wom na waarem delo na maŋe de o kikia to, se n daare n pa wolo na jege chega to na o bora.
24Nmo nɔɔna Isarele tiina bam wɛleera ná pɛ se ba dona di-ba jara wone, ye ba laam ná pipiri ba jwoori nmo tei ba zo nmo diga kam wone ba ma n yere dem ba lwoori‑m se n duri ba yibwona n daare n yage n chɛ-ba, 25jeini telaao ne n cheigi ba keira kam konto. Seene n yage ba wɛleera yam n ma‑n chɛ-ba, n daare n ja-ba n jwoori tega kalo nmo na kwei n pa ba de ba nabaara bam to.
26Nmo nɔɔna bam wɛleera ná pɛ se n ja kunkwoŋo kom pa se doa ba nena, ye ba laam ná leiri ba wo ba zege ba jeeri n diga kam ba ma n yere dem ba lwoori wolim nmo tei ne de n na waare-ba tei to, 27nam jeini Wɛ telaao ne n cheigi ba keira kam. Yage n nɔɔna Isarele tiina bam wɛleera n chɛ-ba, se n daare n bere-ba chwo-laao se ba taa tɔga. Pa se doa jwoori ka ne tega kanto n na kwei n pa n nɔɔna se ba taa tei to baŋa ne.
28Da-kore de jawe-chɛɛro ná tu te yi ba tega kam, ye jaweero naa kayere dwi dwi ná chɔge ba kara wodiiru tem, ye ba dona ná zaŋe ba teo kolo maama baŋa ne, naa ko ná ye lɛɛro telo maama mo yi n nɔɔna Isarele tiina bam, 29cheigi ba keira kam. Ba wolo maama ná zeiŋi o jea o jeeri n diga kanto ye o lwoori‑m naa o keeri o jare‑m, o wo na tiini ko chɔge to ŋwaane, 30se n jeini n wɛyuu sɔŋɔ kom ne n cheigi o keira kam konto. Yage ba maama wɛleera n chɛ-ba se n daare n woli-ba. Ke de ba dedoa dedoa se ko maŋe de ba kikia na ye tei to, nmo yerane mo na yei nabiinu boboŋa na ye tei to ŋwaane. 31Konto wó pa se n nɔɔna bam taa kɔre‑m, ye ba taa tɔge n chwei sem da yalo maama ba na wó taa ŋwe ye ba zoore tega kalo nmo na kwei n pa dé nabaara bam to wone.
32Ko nam ná ye veira balo na dae n nɔɔna Isarele tiina to, banto wae ba zege sa-teo ne ba tui ywo-seeni, ba na nigi n ŋwa to ŋwaane. Ko ye n yere na zaŋe de n na mɛ n dam n toŋe totoŋ-kamuna to ŋwaane mo banto yeini ba tui ywo. Banto ná tu ba zege ba jeeri n diga kanto ba lwoori‑m, 33se n jeini n wɛyuu sɔŋɔ kom ne n cheigi ba wɛ-lworo kom konto. Ke n su kolo maama ba na lwoori n tei ne to, se logo baŋa nɔɔna maama da ko ŋwaane ba ni nmo yere dem ŋwa, ye ba taa kɔre‑m, nenɛɛne nmo tete nɔɔna Isarele tiina bam na ke tei to. Ba maa wó lɔre we, diga kanto a na lɔge to seene ka ye nmo yere dem zula ŋwaane mo.
34Nmo nɔɔna bam ná nwoŋi se ba vo mɛ maama n na toŋe-ba se ba kwaare jara de ba dona, ye ba ná zege ba jeeri teo konto n na kuri to, de Wɛ diga kanto a na lɔga nmo yere dem zula ŋwaane to ba lwoori wolim nmo tei ne, 35se n jeini Wɛ telaao ne n cheigi ba wɛ-lworo kom de ba na ŋwane tei n yiga ne to, se n daare n ke chega n pa-ba.
36Nɔɔn-nɔɔno tera o na ba ke wɛleera. Nmo nɔɔna bam nam ná ke wɛleera pa se nmo bane zaŋe de-ba, n wae n yage se ba dona di-ba pa se ba ji peena sa-teo ne yiga yiga naa bwola bwola de. 37Jei sem konto ne ba boboŋa ná jwoori ye ba leiri ba wo Wɛ ŋwaane, se n cheigi ba wɛ-lworo. Ba ná zege ba dona bam teo ne ba lwoori‑m ye ba we, ‘Dé seene dé tusi mo ye dé ke lwarem de puseŋa kikia’, 38ba maa ná pipiri ba jwoori n tei de ba wo maama, nam sɛ se n cheigi ba wɛ-lworo kom. Ba ná maŋe sa-teo ne ba zege ba jeeri tega kanto n na pɛ ba nabaara bam to, de teo kolo nmo na kuri n pa n tete to, de a na lɔge diga kalo nmo yere dem zula ŋwaane to, 39se n jeini n wɛyuu sɔŋɔ kom ne, n cheigi ba wɛ-lworo kom de ba keira kam, se n daare n ke chega n pa-ba. Nam kwei n nɔɔna na ke kolo maama ba chɔge n yiga to n yage n chɛ-ba.
40Amo Tu Wɛ, nam yɔɔre n pa se n yi taa page diga kanto baŋa ne, ye n pore n zwa se n ta‑n cheigi wara yalo maama ba na yeini ba lwoori‑m ka wone to.
41Yuu-tu Baŋa Wɛ, nam zaŋe
n ba n zo n jeiŋa jei sem ne!
Tɔge de n ni-gwonim dakaa kam n ba n ta‑n zoore da,
se n dam dem bere jaja!
Pa se n zaane taa wo kaanem tiina bam baŋa ne,
ne ba zo gare-laaro mo to.
Pa se n tete nɔɔna bam taa jege wopwolo,
n na yeini n ke-ba lanyerane to ŋwaane.
42Yé fɔge n ve wolo n laam na tiŋi
se o di paare n nɔɔna baŋa ne to.
Nam guli Pɛ David gula,
de nmo na gwoni ni ded‑o
n swono kom ŋwaane to.”",https://www.bible.com/bible/3661/2CH.6.KBG
2 TIGISIM 7,"Wɛ diga kam kwɛɛm
1 Pwa 8:62-66
1Solomon na yɔɔre o ware Wɛ o ti to, mo mini zege wɛyuu ne de chu de di zwɛɛm pɛɛre dem, de kaanem yadwonna yam kula. Baŋa Wɛ nenɔŋ-fɔrɔ kom pwooni ma yɔɔre ko li Wɛ diga kam maama. 2Kaanem tiina bam maa wo wane Baŋa Wɛ diga kam wo se ba zo, Baŋa Wɛ nenɔŋ-fɔrɔ kom pwooni na li-ka to ŋwaane. 3Isarele tiina kɔ-fɔrɔ kom maama na nɛ we, mini nwoŋi wɛyuu ne de ba tega, ye Baŋa Wɛ nenɔŋ-fɔrɔ kom de jwoŋi Wɛ diga kam to mo ba vwi ba yibia tega ne ba zuli Baŋa Wɛ. Ba ma ke o lei ba we:
“O tiini o lamma,
ye o swono kom wora taa wuu.”
4Pɛ Solomon dedaane nɔɔna bam maama ma kwei pɛɛra ba ke kaanem ba pa Baŋa Wɛ. 5Pɛ wom déem kwei naane morro finlei-telei (22,000), ko woli de pei de bone morro bi de finlei (120,000) mo o pa se ba ma ba ke kaanem ba pa Baŋa Wɛ. O de nɔɔna bam maama ma ke konto ba pore Wɛ diga kam o yere zula ŋwaane. 6Kaanem tiina bam déem ma vo ba zege ba zega jei ne ye ba jege ba nabwanno ba wui. Levi tiina bam de ma zege ba jeeri-ba ye ba zei kwɛɛra zela ba kwɛɛre ba zuli Baŋa Wɛ. Pɛ David nam ya ke-ya mo o pa-ba, se ba taa mae ba tei Baŋa Wɛ o swono kom na wora taa wuu to ŋwaane. Konto maama na jege ko ke to, de Isarele kɔ-fɔrɔ kom maama zege wɛɛne mo.
7Solomon ma pore konkɔlɔ kom na wo Baŋa Wɛ diga kam yiga ne to se ko taa ye wose Wɛ ŋwaane. O ma zege konkɔlɔ kom tetare dem seeni o kwei zwɛɛm pɛɛra, de wodiu pɛɛra, de vara lara kalo na wora yazura pɛɛra ŋwaane to o ke kaanem dem. Kokuri to, channa kaanem bimbini delo o déem na pɛ ba lɔ to muri se kaanem dem konto maama wane de ke de baŋa ne.
8Solomon de Isarele tiina kɔgɔ kom na wo o tei ne to kwei da yarepɛ mo se ba di kuri dem. Ba kɔgɔ kom déem daga dedɛ ye ba nwoŋi Isarele jei maama ne, ko zege Lebo-Hamafa teo ne se ko yi Ejipti bu-nɔgɔ kom seeni. 9Tega na poore ye ko ke da nana to, nɔɔna bam daa ma jeeri daane se ba zuli Baŋa Wɛ. Kokuri to ba maŋe ba kwei da yarepɛ mo kaanem bimbini dem kwɛɛm totoŋa ŋwaane, ye ba daare ba jeeri da yarepɛ ba woli da ba ma ba di kuri dem. 10Chane serepɛ chana kam da finlei-yatɔ dɛ dem ne, Solomon ma bane nɔɔna bam se ba jwoori ba sam. Ba na maa jwoori sɔŋɔ to, ba déem jege wopwolo dedɛ de Baŋa Wɛ na ke wo-laaro telo o pa David, de Solomon, de o nɔɔna Isarele tiina bam to.
Baŋa Wɛ daa veere o tete de Solomon
11Pɛ Solomon déem na lɔge Baŋa Wɛ diga kam, de o tete sɔŋɔ kom o ti, ye o daare o ke o boboŋa na jaane se o ke tei maama tento baŋa ne to, 12mo Baŋa Wɛ veere o tete ded‑o tete ne o we:
“Nmo na lwoori kolo maama amo tei ne to, a niga. A ta ma pɔɔre jeiga kanto a pa a tete, se nɔɔna taa ke kaanem da ba pa-ne.
13Ne amo ná jaane kunkwoŋo kom mo pa se doa ba nena, naa a ná yage ni se kayere yo se deilimi á wodiiru maama, naa jawe-chɛɛro mo a ná de amo nɔɔna tetare ne, 14pa se nɔɔna balo na ye amo nyem to ná gwooni ba tete, ye ba lwoori-ne ba daare ba bwei se ba lɔre amo boboŋa, ye ba ta ná pipiri ba yage ba puseŋa kikia yam, amo de nam wó zege Wɛ telaao ne a cheigi ba wara yam. A maa wó kwei ba wɛleera yam a chɛ-ba, ye a daare a yɔɔre a kwɛ ba tega kam a pa-ba. 15Amo yi nam wó taa page diga kanto baŋa ne, ye a pore a zwa se a taa cheigi wara yalo maama á na yeini á lwoori-ne ka wone to. 16Kokuri to, amo pɔɔre diga kanto mo se ka taa ye wose, se a yere taa wora taa wuu. Amo yi page ka baŋa ne mo, ye a boboŋa de wó taa wo ka wone maŋa maama.
17Ko nam ná ye nmo, n ná yɔɔre n tɔge a chwei sem, ne n kwo David déem na ke tei to, ye n ná sɛ n tɔge a nia yam, de a bera yam, de a chullu tem, 18amo laam wó pa se n dwi dem taa di paare taa wuu. A na gwoni ni tei de nmo kwo David we, o dwi dem bá ga nɔɔno se o di Isarele teo kom paare to wó seene ko ji chega.
19Abam nam ná ywori amo chwoŋa kam ne ye á ve a nia yam de a bera yam, á daare á pipiri á zuli wa yadwonna, 20amo laam wó zeili abam se á daa yé ta‑á zoore tega kanto a na kwei a pa abam to baŋa ne. A maa wó ve diga kanto a ya na sɛ se ka taa ye wose a yere zula ŋwaane to de. Konto ná kea, dwi-gɛ tiina maama laam wó taa jege diga kam mo ba mɔna ye ba gwoona. 21Diga kanto zem na jege yere to, nɔɔna maama laam ná dɛ da se ba kɛ, ko wó ke-ba yaau mo ye ba we, ‘Bɛ mo ye Baŋa Wɛ pa se lɛɛro tento yi ba tega kam de ba Wɛ diga kam?’ 22Nɔɔna maa wó leiri we, ‘Ba tete mo mɛ ba kwaga ba ya Baŋa Wɛ wom na ye ba nabaara bam Wɛ to. Wonto nam ya mo jaane-ba o nwoŋi Ejipti teo ne. Ba nam na pipiri ba tɔge wa yadwonna ye ba zuli-ya to ŋwaane mo Baŋa Wɛ pɛ se lɛɛro tento yi-ba.’ ”",https://www.bible.com/bible/3661/2CH.7.KBG
2 TIGISIM 8,"Solomon totoŋa yadwonna
1Pɛ Solomon déem kwei bena finlei mo o ma o lɔ Baŋa Wɛ diga kam de o tete sɔŋɔ kom maama. 2Solomon ma pa ba jwoori ba fɔge ba lɔ teene delo Hiram na kwei o pa‑o to, ye o daare o pa Isarele tiina bam vo ba zoore de wone. 3Solomon ma vo o jeeri Hamafa-Zoba teo de jara, ye o wane-ko o di. 4O ta ma pa ba fɔge ba lɔ Tademora ba zege kagoa kam ne, de teene dedwonna na wo Hamafa kateiri dem wone, ye o lɔ-de se ba taa tiŋi zela de wone to. 5O daa ta pɛ se ba fɔge ba lɔ Bɛte-Horon teo kom na wo baŋa seeni to, de Bɛte-Horon teo kom na wo kuri seeni to mo o pe o zege de dam. De maa jege kabiri-lilirru, ye de ni-bworru tem maa jege luuru. 6O ta ma fɔge o lɔ Baalafe, de teene delo o na wó taa tiŋi zela dwi dwi, de jara-keim torokooro, de sisein-nɔɔna da to. O ta pɛ se ba lɔ o boboŋa na jaane kolo maama se o lɔ to mo Jerusalem ne, de Lebanon ne, de jei selo maama o na di paare da to.
7-8Solomon na fe nɔɔna balo se ba taa toŋe totoŋ-dɛɛra to déem ye Hiti tiina, de Amori tiina, de Pɛrizi tiina, de Hivi tiina, de Jebusi tiina mo. Banto dae Isarele dwi tiina ye ba badaara ta zoore Isarele tega kam ne. Ba maa ye dwia yalo Isarele tiina bam ya na wo yɔɔre ba chɔge to bia mo. Ba ta ye kabɛ mo de zem maama. 9Ko nam ná ye Isarele tiina bam tete, Solomon déem wo pɛ se banto ji o kabɛ se ba taa toŋe totoŋ-dɛɛra ba pa‑o. O nam pɛ se ba ji o jar-keira, de ba dedɛɛra, de o jara-keim torokooro dira, dedaane o sisein-dira yiga tiina mo. 10Dedɛɛra balo na nii tontoŋena bam baŋa ne ba pa Solomon to déem ye nɔɔna bia yalei de finnu (250) mo.
11Pɛ Solomon déem ma pa se o kaane wolo na ye Ejipti Pa-faro wom bukɔ to zege David teo kom ne o vo sɔŋɔ kolo o na lɔge o pa‑o to. O nam tage o we, “Ko ná ye Isarele teo pɛ David sɔŋɔ kom, ko wo maŋe se a kaane taa zoore ko wone, ko na ye wose to ŋwaane. Kokuri to, jeiga kalo maama Baŋa Wɛ ni-gwonim dakaa kam ya na zege ka wone to ye wose mo.”
12Solomon laam ma zwɛ vara kaanem bimbini delo o na lɔga o zege Wɛ diga napɔrɔ kom yiga ne to baŋa ne o ke kaanem o pa Baŋa Wɛ. 13O déem ke dɛ wone kaanem delo na maŋe de Moses nia yam na bere tei to mo, ne ko ná ye Wɛ siu da yam, de chan-doŋa kura yam, ko ta woli de bene bene kura yatɔ yam. Kura yanto maa ye Bworobworo-memene kuri dem, de Ga-kwea kuri dem, de Vwoa chwiim kuri dem. 14Solomon déem yɔɔre o ke o tɔge o kwo David bera yam mo, ye o kuri Wɛ kaanem tiina bam popɔra de popɔra se ba taa toŋe ba totoŋa. O ta ma pɔɔre Levi tiina bam de se ba taa leeni ba seini Baŋa Wɛ, ye ba toŋe ba woli Wɛ kaanem tiini bam, ne ko na maŋe de dɛ maama wone totoŋa tei to. O ma kuri Wɛ wara-jei sem ni-yerena bam popɔra de popɔra, se ba taa yere manchwo-peena yam maama. Wɛ tontoŋeno David déem nam maŋe o pa ni se ba ke konto mo. 15David déem na pɛ ni delo maama kaanem tiina bam, de Levi dwi tiina bam totoŋa yam ŋwaane to mo, ba yɔɔre ba ke ba tɔge-de, ne ko ná ye lonne zela tiŋim di sem totoŋa yam de.
16Solomon na pɛ ni se ba toŋe totoŋa yalo to maama déem ke ya ti mo, ko na zege dɛ delo ba na chwi Baŋa Wɛ diga kam kuri to, se ko vo ko yi dɛ delo ba na lɔge-ka ba ti to. Baŋa Wɛ diga kam maama lɔge ka zege ka ti mo konto.
17Pɛ Solomon déem ma vo Ezion-gebera de Elofe. Teene dem konto maa wo Edom laŋa kam ne, ye de wo naneo kom ni ne. 18Pɛ Hiram ma toŋe nabwor-kamunnu o pa Solomon. Hiram nɔɔna balo na yei nabwooru yuŋim to déem mo nii te baŋa ne. Banto ma gwaane de Solomon nɔɔna bam ba yuŋi nabwooru tem ba vo ba yi Ofiri pa ba na sabu-seŋa dedɛ dáane. Ba ma ja sabu-seŋa kilo morro fuga-tenu (15,000) ba jwoori ba vo ba pa Pɛ Solomon.",https://www.bible.com/bible/3661/2CH.8.KBG
2 TIGISIM 9,"Seba ka-pɛ wom taane
1Seba teo ka-pɛ wom déem nigi Pɛ Solomon yere na zaŋe jei maama ne tei to. O ma zaŋe o vo Jerusalem se o faŋe‑o de bwia yalo na dana to o nii. O déem pɛ se o tontoŋena dedɛ tɔge ded‑o ba vo, dedaane kona yalo na zeŋe talwoŋ-ywei dwi dwi, de sabu-seŋa, de kandwa-nyenno dedɛ to. O na yi Solomon tei to mo o bwei‑o bwia yalo maama o boboŋa na jaane se o bwei to. 2Solomon de ma leiri o bwia yam maama. Ya ná maŋe ya chana tei de, o wane o leiri ya maama. 3Seba teo ka-pɛ wom ma maane Solomon swa yam na ye tei to. O ta ma na pɛ sɔŋɔ kolo o na lɔge to, 4de wodiiru telo o na yeini o di to, de o na kwɛ o tontoŋena bam jeiŋa jei tei, de balo na zeŋe o wodiu de wo-nyɔɔro ba pa‑o to na zo gare-nyenno telo to, dedaane pɛɛra yalo o na yeini o zwɛ o ma o ke kaanem Baŋa Wɛ diga kam ne to. O na maane tento maama to, ko ma pa o ni yɛ.
5O ma ta de pɛ wom o we, “A ta na wo a tete teo ne ye a ni n ni taane de n swa yam taane to maama seene ko ye chega mo. 6Ko ná dae amo tete mo na tu a na tento maama, a ya wó ta we, ko ye vwa mo. A nam na nigi wonnu telo to wo yi tei maama a yi dento zem na nɛ to chichworo. Nmo swa yam daga ya dwoi ba na taga tei ba bere-ne to. 7Nmo nɔɔna bam de n tontoŋena bam tiini ba jege yu-ywoŋo, ba na wo n tei ne dɛ maama ba cheigi nmo swa taana yam to ŋwaane. 8N Tu Baŋa Wɛ wom maŋe de tia, de o wo na dɛ nmo ye o kuri‑m se n di paare o yere dem ŋwaane to. Baŋa Wɛ na swoi Isarele dwi tiina bam ye o pa ba jeini taa wuu to ŋwaane mo o kuri‑m se n ji ba pɛ, se n daare n tɔge chwoŋa n ta‑n bora chega bora n pa-ba.”
9Ka-pɛ wom déem ma kwei sabu-seŋa na dwoi kilo morro tena (4,000) to o pa Solomon, ko woli de talwoŋ-ywei, de kandwa-nyenno dedɛ. Talwoŋ-ywei nam tera se na jege kuri se yi selo Seba ka-pɛ wom na kwei o pa Pɛ Solomon to.
10Pɛ Hiram tontoŋena de Pɛ Solomon tontoŋena déem na zege Ofiri ne ba ja sabu-seŋa ba ba ba pa Pɛ Solomon to, ba ta jaane da-ŋonno, de kandwa-nyenno na nwoŋi da to mo ba ba ba pa‑o. 11Pɛ wom ma kwei dɛ sem o ma ke nateina se ya taa wo Wɛ diga kam ne de pɛ sɔŋɔ kom ne. O ma daare o ma dɛ sem o ke kwanno dwi dwi o pa balo na leeni to. Te tiini te lana te dwoi telo maama nɔɔna na maŋe ba na Judah teo ne to.
12Pɛ Solomon déem kwei kolo maama Seba ka-pɛ wom na laga to o pa‑o mo. Ka-pɛ wom na lwoori kolo maama o tei ne to mo o pɛ‑o, pa se ko dwoni pɛɛra yalo ka-pɛ wom na jaane o ba o pa‑o to. Ka-pɛ wom de o kwaga kam laam ma jwoori ba teo.
Solomon yere na zaŋe tei to
13Bene maama wone Solomon déem yeini o jwoŋi sabu-seŋa kilo morro finlei-tetɔ (23,000) mo, 14ko woli de lampwoo kolo o na jwoŋi bimbeera, de pipim-piina tei ne to. Arabia pwa bam maama, de Isarele teo kateira yiga tiina bam de déem yeini ba ja sabu-seŋa de lu-nyenno ba ba ba pa‑o.
15Pɛ Solomon déem kwei sabu-seŋa o ma ke jara nantan-kamuna bia yalei (200) mo. O déem kwei sabu-seŋa na yi kilo serepɛ to mo o ma turi se dedoa dedoa. 16O ta ma ke nantan-balwa bia yatɔ (300), ye o kwei sabu-seŋa na maŋe de kilo setɔ (3) to o ma turi se dedoa dedoa. O ma kwei-se o ke diga kalo ba na bwoi we ‘Lebanon Goa’ to wone.
17Pɛ wom ta ma pa se ba kwei tuu yeila ba ma ke paare yituŋ-zɔŋɔ ba pa‑o. Ba ma daare ba ma sabu-seŋa kalo na ye chekke to ba turi ko yera. 18Nateini delo na jege na-baara yaredo to mo diini de yi paare yituŋu kom. Ko maa jege sabu-seŋa yituŋ-balaŋa se pɛ wom wane o chwi o nɛ da. Ko je selei sem maama maa jege nywoŋo nyenyego se takeiri ne. 19Nateini dem na-baare maama de maa jege nywoŋo nyenyero telei de baŋa ne, jazem de jagwia seeni, se ko ke nywoŋo nyenyero fuga-telei. Logo baŋa teene maama ne paare yituŋu tera ko na nye de Pɛ Solomon nyem kom. 20Ko ná ye Pɛ Solomon na-zwe sem maama, ko woli de o zela yalo maama na wo ‘Lebanon Goa’ diga kam ne to, ba mɛ sabu-seŋa mo ba ke te maama. Ba wo mɛ lu-nyenno ba ke te kolokolo, te na ba jege yuu Solomon paare maŋa kam ne to ŋwaane. 21Pɛ wom déem jege nabwor-kamunnu dedɛ Pɛ Hiram tontoŋena na yuŋi ye te beeri pipiu ŋwaane to. Bena yatɔ maama wone o nabwooru tem wó zeŋe sabu-seŋa, de lu-nyenno, de tuu yeila, de kali-faaro, de kali dwi dwi mo te ba te pa‑o.
22Pɛ Solomon déem mo ye nadum de swa tu o dwoi pwa maama logo baŋa ne. 23Logo baŋa teene maama pwa maa swoi se ba taa tui o tei ba cheigi yi-poro taane delo Baŋa Wɛ na pɛ‑o to. 24Ba nam ná yeini ba tui, ba dedoa dedoa wó ja pɛɛra mo o ba o pa Solomon. Bene maama wone ba déem jaane lu-nyenno wonnu, de sabu-seŋa wonnu, de gwaaro, de terale nuga, de talwoŋ-ywoŋa dwi dwi, de sisein-nɔɔna, de bona-sisei ba tui ba pa‑o.
25Solomon déem chege najere morro tena (4,000) mo o zege se o sisei selo na vaŋe jara-keim torokooro to taa zege da. O ta maa jege sisein-nɔɔna morro fuga-telei (12,000). O déem pɔɔre se sedwonna o yage teene delo o na kuri se ŋwaane to ne. Se sedaara maa wo Jerusalem ne mɛ o na zoore to. 26O déem maa jege dam o di teene delo na wo Yuferata buga kam seeni to, se ko kɛ ko yi Filisi tiina laŋa kam, dedaane Ejipti siseini dem maama. 27O paare dim maŋa ne, lu-nyenno tiini te daga Jerusalem ne, ne kandwa mo tei. Sedare da-ŋonno de maa ba jege zore nenɛɛne kaporro na daga tei wɛ-zoore seeni bwollu tem ne to. 28Solomon déem ma pa o nɔɔna vei Ejipti dedaane teene maama se ba taa yeigi sisein-nɔɔna ba jaane ba tui ba pa‑o.
Solomon toone
29Solomon déem na di paare ye o ke wonnu telo maama to, ko zege o paare dem boboa ne se ko yi de na kweeli maŋa kalo to, ba popone-te ba tiŋi Wɛ sampwora Natan tɔnɔ kom wone, de Siloo tu Ahija na pworisi wonnu telo to tɔnɔ kom wone, dedaane Yi-naro Ido veera yam tɔnɔ kom wone. Veera yalo o déem na nɛ se ko vo Nebat bu Jeroboam seeni to mo konto. 30Solomon jeini Jerusalem ne o di paare Isarele teo maama ne o ke bena finna mo. 31O laam ma te ye o vo o kwoa tei. Ba ma kwei‑o ba suli o kwo David teo Jerusalem ne. O bu Rehoboam ma leiri o yuu ne o di paare.",https://www.bible.com/bible/3661/2CH.9.KBG
2 TIGISIM 10,"Isarele tiina ve Rehoboam
1Rehoboam déem ma vo Sɛkɛm, Isarele tiina bam maama na jeeri da se ba tiŋi‑o pɛ to ŋwaane. 2Nebat bu Jeroboam déem ya duri o vo Ejipti mo se o lu Pɛ Solomon jeŋa ne. O maa na nigi Solomon toone ŋwa konto to, o ma jwoori sɔŋɔ. 3Ba ma toŋe ba bwoŋi Jeroboam se o tɔge de Isarele kɔgɔ kom maama se ba vo Rehoboam tei. Ba ma ta ded‑o ba we, 4“Nmo kwo Solomon déem tiini o yaare debam de totoŋ-chɛɛra. Konto to, nam kwaane se n pa ko taa bwona ko pa debam, se dé wane dé sii dé yaara yam wone. N ná ke konto, dé wó sɛ dé pa‑m.” 5Rehoboam ma leiri-ba o we, “Nam véi-na se da yatɔ kwaga ne se á laam jwoori á ba se dé nii.” Nɔɔna bam ma viiri. 6Pɛ Rehoboam ma bwɛ taane dem de nɔn-kwe selo déem ya na ye o kwo Solomon nakwa to. O ma bwei-ba o we, “Bɛ boboŋa mo abam jega se á ma á woli-ne se a leiri a pa nɔɔna banto?” 7Nakwa bam ma leiri ba we, “Nmo ná tu n tete se n sɛ nɔɔna bam zem na lwoori‑m kolo to, ye n duri ba yibwona, ba laam wó sɛ ba pa‑m.”
8Rehoboam ma ve nɔn-kwe sem boboŋe dem ye o daare o vo o bane de nɔn-donno telo na ye o yuudwonna pa ba wo o tei ne to. 9O ma bwei-ba o we, “Nɔɔna banto na we, a kwo wom na yaare-ba dedɛ to, a laam pa se ba sii de ba yaara yam to, bɛ boboŋa mo abam jega se á ma á woli-ne se a ma a leiri a pa-ba?”
10Nɔn-donno tem na ye o yuudwonna to ma leiri ba we, “Ko ná ye balo na lwoori‑m konto to, ta n bere-ba we, ‘Amo noa kam tete kula ka dwoi a kwo wom teiŋa! 11A kwo keim déem seene ko chana á baŋa ne. Ko nam ná ye amo, ko wó dwoni dáane. A kwo wom déem mɛ kafena mo o fere abam. Amo nam laga a kwei kafene selo nia na chana ne nɔŋɔ donem to mo a ma a fere abam.’ ”
12Da yatɔ yam dɛ dem ne mo Jeroboam de nɔɔna bam maama daa jwoori ba vo Pɛ Rehoboam tei, ne o na maŋe o ta o tiŋi tei to. 13Ba na tu to, Pɛ Rehoboam ma zage-ba de ni-chɛɛre, o na dole nɔn-kwe sem taane dem o yage to ŋwaane. 14O nam yɔɔre o ke o tɔge nɔn-donno tem boboŋa yam mo. O ma ta o we, “A kwo keim déem seene ko chana á baŋa ne. Ko nam ná ye amo, ko wó dwoni dáane. A kwo wom déem mɛ kafena mo o fere abam. Amo nam lage a kwei kafene selo nia na chana ne nɔŋɔ donem to mo a ma a fere abam.” 15Pɛ Rehoboam na wo sɛ nɔɔna bam taane dem to déem tɔge Wɛ boboŋa na jaane tei to mo. Ko pɛ Baŋa Wɛ na dɛ o sampwora Ahija baŋa o ta tei de Nebat bu Jeroboam to mo ji chega. 16Isarele tiina bam maama na maane we pɛ wom ve se o ke o tɔge ba boboŋa yam to, ba ma chɛ sɔɔ ye ba leiri‑o ba we, “Isarele tiina bam, debam dedaane Jesse bu David dae daane. Dé yiga tera o dwi dem paare wone! Pa-na dé maama jwoori-na sam. David dwi tu, ta‑n nii n tete sɔ-yuu kom baŋa ne!” Ba maama ma seene ba jwoori ba sam. 17Ko nam ná ye Isarele dwi tiina balo na zoore Judah teene dem ne to yerane, Pɛ Rehoboam déem ta mo di paare ba baŋa ne.
18Pɛ Rehoboam ma toŋe Adoniram wolo na nii totoŋ-chɛɛra yam baŋa ne to se o vo Isarele dwia yalo na wo baŋa seeni to tei. O na yi da to, nɔɔna bam ma dole‑o de kandwa ba go. Konto baŋa ne Pɛ Rehoboam ma faŋe o lei o toroko o duri o lu o vo Jerusalem. 19De zem maama Isarele dwi tiina na wo baŋa seeni to ve mo se David dwi dem taa di paare ba baŋa ne.",https://www.bible.com/bible/3661/2CH.10.KBG
2 TIGISIM 11,"1Rehoboam na yi Jerusalem to mo o bwoŋi Judah de Benjamin dwia yam nɔɔna balo na yei jara keim chekke to. Ba déem ye jar-keira morro bi de funɔnɔ (180,000) mo. O ma ja boboŋa se o kwaare jara de Isarele dwi tiina badaara bam, se o wane o pa ba maama jwoori ba ke daane se o taa tei-ba. 2Baŋa Wɛ ma pa o tontoŋeno Semaya ni ye o we, 3“Nam pa amo taane dento yi Judah teo Pɛ Solomon bu Rehoboam, de Isarele tiina balo na nwoŋi Judah de Benjamin dwia yam wone to we, 4‘Baŋa Wɛ kwora mo tento: Yé zaŋe-na á ke jara de á chorro. Á maama véi-na sɔŋɔ, se amo mo pɛ se konto maama ke.’ ” Ba maama ma sɛ Baŋa Wɛ ni dem ye ba jwoori ba sam. Ba daa wo kwaare jara de Jeroboam nɔɔna bam.
Rehoboam na lɔge teene delo o pe to
5Rehoboam déem ma maŋe Jerusalem ne o zoora, ye o fɔge o lɔ Judah teene dedɛ o pe se de taa ye dalem jei de pa‑o. 6De nam ye: Bɛtelehem, de Etam, de Tekoa, 7de Bɛte-Zura, de Sokoo, de Adulam, 8de Gafa, de Maresa, de Zifi 9de Adorayim, de Lakisi, de Azeka, 10de Zora, de Ayijalon, de Heboron. Teene dem konto maama mo o déem pɛ de ji dalem jei Judah de Benjamin kateira yam wone. 11O ma fɔge o lɔ-de o pe, pa de dana chekke, ye o tiŋi dedɛɛra de maama wone. O ta ma lɛɛre o pa teene dem konto wo su de wodiiru, de nuga, de sana. 12O ta ma yage jara-keim nantane de chichwoa teene dem konto wone se ko pa de taa dana.
Konto baŋa ne Rehoboam déem di paare Judah de Benjamin dwia yam baŋa ne. 13Wɛ kaanem tiina bam de Levi dwi tiina bam na zoore Isarele laŋa kam jei selo maama ne to de ma sɛ ba pa‑o. 14Levi tiina bam ma varege ba yage ba te sem, de ba sam ba ya na zoore teene delo maama ne to, ye ba vo ba zoore Judah kateiri dem de Jerusalem teo kom ne. Ba nam ke konto bɛŋwaane Pɛ Jeroboam de o kwaga kam ya le-ba Baŋa Wɛ kaanem totoŋe dem ne mo. 15O laam ma kuri o tete kaanem tiina se ba taa ke kaanem wara-jei sem bimbina yam baŋa ne ba pa jwona yalo o na ke o zege ye ya ye bone de naane nyenyero to. 16Nɔɔna balo na nwoŋi Isarele dwi delo maama wone ye ba boboŋa ja se ba yɔɔre ba taa zuli Baŋa Wɛ wom na ye Isarele tiina Wɛ to déem ma tɔge de Levi tiina bam ba vo Jerusalem se ba taa ke kaanem dáane ba pae Baŋa Wɛ na ye ba nabaara bam Wɛ to. 17Konto ma pa Judah paare dem kuri ja tega. Bena yatɔ wone mo ba déem yɔɔre ba sɛ ba pa Solomon bu Rehoboam. Bena yatɔ yam konto wone ba tɔge David de Solomon nia yam na bere tei to mo.
Rehoboam diga tiina taane
18Rehoboam nam ya di Mahalafa mo o ma o ke o kaane. Wonto déem ye David bu Jerimofa bukɔ mo. O nu yere maa ye Abihali na ye Jesse bu Eliabi bukɔ to. 19Mahalafa ma lo bakeiri setɔ o pa Rehoboam. Ba yera maa ye Jewusi, de Semaria, de Zaham. 20Pɛ wom daa ma di Abisalom bukɔ Maaka ye ba lo Abija, de Atayi, de Ziza, de Selomifa. 21Rehoboam déem nam yɔɔre o swoi Abisalom bukɔ Maaka mo o dwoi o kaana bam de o ka-bi sem maama. O déem jege kaana fuga-nana mo, de ka-bi fuseredo. O bu-baara déem ye finlei-nana mo, ye o bukwa ye fuseredo.
22Rehoboam déem nam kuri Maaka bu Abija mo se o taa wo o bia bam maama yiga ne, kokuri to, o boboŋa jaane se wonto mo ba o leiri o yuu ne o ji pɛ. 23O déem tɔge swa baŋa ne mo o le o bu-baara bam wone o pa ba jage ba vo Judah de Benjamin kateira yam maama, se ba taa zoore teene delo na lɔge de pe to wone. O ma la wodiiru dedɛ o pa-ba, ye o daare o beeri bukwa dedɛ se ba di-ba ba ma ba ke ba kaana.",https://www.bible.com/bible/3661/2CH.11.KBG
2 TIGISIM 12,"Sisake kwaare jara de Jerusalem tiina
1Pɛ Rehoboam déem jwoŋi dam mo ye o paare dem kuri ja tega. Ko kwaga ne o de o teo nɔɔna bam maama ma lɔ Baŋa Wɛ nia yam kwaga ne. 2O paare dim bena yanu maŋa ne mo Ejipti Pɛ Sisake tu o kwaare jara de Jerusalem teo kom, ba na ve Baŋa Wɛ to ŋwaane. 3Sisake déem zege Ejipti ne o ja o jara-keim torokooro moro de bia yalei (1,200), de jar-keira morro fuseredo (60,000) balo na dɔge sisein-nɔɔna baŋa ne to, de jar-keira balo na vei tega ne ye ba kɔgɔ ware ko ga ko ti to o ba o kwaare jara yam. Jar-keira bam konto badaara déem ye Libia tiina, de Suki tiina, de Kusi tiina mo. 4O de o jar-keira bam ma wane Judah kateiri teene delo maama na lɔge de pe to ba di, ye ba laam vo ba yi Jerusalem.
5Rehoboam de Judah teo dedɛɛra bam ya vei Jerusalem se ba duri ba lu Sisake jeŋa ne mo. Wɛ sampwora Semaya ma vo ba tei ye o ta de-ba o we, “Baŋa Wɛ na tage kolo to mo tento: Abam na nwoŋi amo kwaga ne to ŋwaane mo amo de nwoŋi abam kwaga ne ye a ke abam Sisake jeŋa ne.”
6Pɛ Rehoboam de o dedɛɛra bam ma gwooni ba tete Wɛ yiga ne ye ba we, “Baŋa Wɛ seene o jege chega de kolo o na ke to.”
7 Baŋa Wɛ na nɛ ba na gwooni ba tete tei to, o daa ma pa o kwora yi Semaya we, “Nɔɔna bam na gwooni ba tete konto to, amo bá chɔge-ba fase. Ko ná ke fee, a daa ta wó jwoŋi-ba. A bá tɔge Sisake baŋa ne a waare Jerusalem. 8A nam wó pa chwoŋa se Sisake ja-ba o ke o dam kuri ne. Konto wó pa ba lɔre kɔ mo gara, ne ba ná toŋe ba pa amo, naa ba ná toŋe ba pa dwi-gɛ tiina pwa bam mo.”
9Ejipti teo Pɛ Sisake ma seene o kwaare jara de Jerusalem. O ma vere jejegero telo maama na wo Baŋa Wɛ diga kam wone to, de telo maama na wo pɛ sɔŋɔ kom wone to, ko woli de jara-keim nantane selo Solomon déem na mɛ sabu-seŋa o ke to o ja o viiri. 10Pɛ Rehoboam ma kwei channa o ma o jwoori o ke nantane sedwonna o zege da. O ma kwei-se o ke babɛ selo na yere pɛ sɔŋɔ manchwoŋo ni dem to jeŋa ne. 11Maŋa kalo maama pɛ wom na wó vo Baŋa Wɛ wara-jei sem to, babɛ sem mo jege se ba zeŋe nantane sem ba tɔge o kwaga. Ba daa ná ti, banto ta mo wó zeŋe-se ba jwoori ba tiŋi pɛ sɔŋɔ yerena diga kam ne.
12Rehoboam na gwooni o tete Baŋa Wɛ yiga ne konto to, Baŋa Wɛ ma de o bane na wone, ye o daa wo yɔɔre o chɔge‑o fase. Wonnu déem nam ke lanyerane te pa Judah laŋa kam.
13Rehoboam déem ma fɔge o jeini Jerusalem wone o di paare bena fuga-yarepɛ. O déem jege bena finna-dedoa mo ye o di paare dem, ye o paare dem ba de nu chekke. Baŋa Wɛ nam ya kuri Jerusalem mo Isarele dwia yam maama wone se o nɔɔna taa vei da ba zuli o yere dem. Rehoboam nu déem ye Amon tiina bukɔ Naama mo. 14O déem nam toŋe lwarem kikia, o na wo jaane boboŋa se o taa tɔge Baŋa Wɛ to ŋwaane.
15Rehoboam déem na di paare ye o ke wonnu telo maama to, ko zege o paare dem boboa ne se ko yi de na kweeli maŋa kalo to, ba popone-te ba tiŋi Wɛ sampwora Semaya tɔnɔ kom wone, de Yi-naro Ido veera yam tɔnɔ kom wone. O kwoa nakwa yera natɔga de popone ya tiŋi da. Maŋa kam konto maama ne tigura déem mo tigi Pɛ Rehoboam de Pɛ Jeroboam tetare ne. 16Rehoboam ma te ye o vo o kwoa tei. Ba ma kwei‑o ba suli o kwoa bam yibeeli ne David teo Jerusalem ne. O toone dem kwaga ne o bu Abija ma leiri o yuu ne o ji pɛ.",https://www.bible.com/bible/3661/2CH.12.KBG
2 TIGISIM 13,"Judah teo Pɛ Abija taane
1Isarele teo pɛ Jeroboam paare dim bena fuga-nana bene dem wone mo Abija déem di Judah teo paare. 2O déem jeini Jerusalem ne o di paare dem bena yatɔ mo. O nu yere mo ye Maaka wolo na ye Gibea tu Yureli bukɔ to.
Jara déem ma to Abija de Jeroboam tetare laŋa ne. 3Abija ma la nɔɔna balo na yei jara keim chekke to morro bia yana (400,000) o ke daane se o jeeri Jeroboam de jara. Jeroboam ma jeeri‑o de o jar-keira morro bia funɔnɔ (800,000) balo de na ye babɛ to.
4Abija déem ma vo o zege Zemarayim peo kom yuu ne. Peo kom konto wo Efrayim zwonnu laŋa kam ne mo. O ma tɔɔle baŋa baŋa o we:
“Jeroboam, de Isarele tiina bam maama, cheigi-na a taane dem. 5Abam yɔɔre á yei we, Baŋa Wɛ wom na ye Isarele tiina Wɛ to maŋe o gwoni ni de David we, o wó kwei Isarele teo paare dem o pa wonto de o dwi dem se ko taa vei wuu. 6Ko nam na ye tei to, Nebat bu Jeroboam ya na ye David bu Solomon tontoŋeno to mo nwoŋi o tu wom kwaga ne. 7O ma beeri nɔn-wo-korro o de o kwaga ne pa ba vo ba dwoni de Solomon bu Rehoboam. Ka maŋa ne de Rehoboam ta ware se o kuri o tete boboŋa o tɔge-ya. O maa bwona se o wane ba yiga o che.
8Abam de nam kwaane se á ve paare delo Baŋa Wɛ na tiŋi o pa David dwi dem to mo. Á kɔgɔ kom seene ko daga lanyerane. Abam ta maa jege Jeroboam na kwei sabu-seŋa o mɔ na-mɔre kamwaro telo se á ta‑á zuli to á tei ne. 9Nam yé swei-na we á zeili Aron bia bam na ye Baŋa Wɛ kaanem tiina to, de Levi dwi tiina bam mo. Abam laam ma lwoni teene dedwonna kikia de á na kuri á tete kaanem tiina to. Wolo maama maa ná wane o ja na-bala, de pi-bale serepɛ o ba o ma o ke pɛɛra, konto tu wae o kwɛ o tete se o ji kaanem tu o kaane abam wa-yɔɔro tem.
10Debam nam ta zuli dé Tu Baŋa Wɛ mo, ye dé wo yage‑o. Aron dwi dem nɔɔna mo ye Baŋa Wɛ kaanem tiina debam tei ne, ye Levi dwi tiina bam yeini ba toŋe ba woli-ba. 11Tetete maama de dedaan-ni maama ne, ba yeini ba ke zwɛɛm pɛɛra mo, ye ba zwɛ talwoŋ-ywoŋa ba pa Baŋa Wɛ. Ba ta yeini ba kwei bworobworo mo ba tiŋi tabolo kolo ba na kwɛ Wɛ ŋwaane to baŋa ne, ye ba daare ba tɔre min-zwonnu tem na zege sabu-seŋa min-zwon-zego kom baŋa ne to dedaan-ni maama ne. Konto to, debam yɔɔre dé ke tei dé Tu Baŋa Wɛ na bere se dé taa ke to mo. Ko nam ná ye abam, á nwoŋi o kwaga ne mo. 12Ta‑á yei-na we, Wɛ seene o wo debam tei ne. Wonto mo ye debam yiga tu. O kaanem tiina bam mo ti ba yiga se ba wu nabwanno se dé laam kwaare jara de abam. Isarele tiina bam, yé dwoni-na de Baŋa Wɛ wom na ye á nabaara bam Wɛ to, bɛŋwaane á bá na ko kuri.”
13Abija ta na zege da o ŋɔɔne konto to, mo Jeroboam toŋe o jar-keira badwonna se ba dale ba tɔge Judah jar-keira bam kwaga seeni ba zaŋe ba baŋa ne de jara. Balo na daare to de maa wo Judah tiina bam yiga seeni. 14Judah tiina bam ma maane we ba dona bam li-ba mo yiga seeni, de kwaga kam seeni. Ba ma keeri ba jare Baŋa Wɛ se o woli-ba. Kaanem tiina bam ma wu ba nabwanno tem, 15ye Judah tiina bam maama kaase tiguri-kaasa. Jeroboam de Isarele jar-keira bam na nigi sɔɔ kom to, Wɛ ma pa ba duri se ba lu Abija de Judah tiina bam jeŋa ne. 16Isarele tiina bam déem na duri konto to mo Wɛ pɛ Judah tiina bam wane-ba ba di. 17Abija de o nɔɔna bam ma yɔɔre ba go Isarele tiina bam dedɛ. Isarele jar-keira balo na tege to ye morro bia yanu (500,000) mo. 18Ko déem nam ye Judah dwi tiina bam na ke ba chega de Baŋa Wɛ wom na ye ba nabaara bam Wɛ to ŋwaane mo ba wane Isarele tiina bam ba di dɛ dem konto ne.
19Abija de o nɔɔna bam ma pare Jeroboam taa. Ba ma vere teene dedwonna o tei ne ba tei. Teene dem konto nam ye Bɛtel, de Jesana, de Eforon, ko woli de de nawuura yam maama. 20Abija paare dim maŋa kam maama wone, Jeroboam daa wo jwoori o na dam. Baŋa Wɛ ma waare Jeroboam pa o te.
21Ko daare, Abija dam dem ke de woli da mo. O kaana déem ye fuga-bana mo. O bu-baara maa ye finlei-balei, ye o bukwa ye fuga-baredo.
22Abija déem na di paare ye o ke wonnu telo maama na daare to, kolo maama o na kea, de taana yalo o na taga to, ba popone ba tiŋi Wɛ Sampwora Ido memaŋa yam tɔnɔ kom wone.",https://www.bible.com/bible/3661/2CH.13.KBG
2 TIGISIM 14,"1Abija ma te ye o vo o kwoa tei. Ba ma kwei‑o ba suli David teo Jerusalem ne. O toone dem kwaga ne o bu Asa ma leiri o di paare. Asa paare dim maŋa kam ne ba teo kom sii de jara bena fuga mo.
Judah teo Pɛ Asa taane
2Asa déem ke wo-laaro mo, ye o totoŋa su o Tu Baŋa Wɛ yi lanyerane. 3O ma ja bimbin-yɔɔro tem, de zwonnu yuu wara-jei sem o chɔge. O ta ma lɔ kandwa yalo ba na jege ba zuli to, ye o daare o chochoge Asera nyenyego dɛ sem o yage. 4O laam ma pa Judah dwi tiina bam ni we, ba taa zuli Baŋa Wɛ wom na ye ba nabaara bam Wɛ to, se ba daare ba taa sɛ o nia yam de o bera yam. 5Judah teene dem maama wone mo o déem pɛ ba chɔge wara-jei bimbina yam, de yalo ba na zwɛ talwoŋ-ywoŋa ya baŋa ne to. Ko maa pa se Asa paare dim maŋa kam ne, yazura yɔɔre ka wo Judah laŋa kam ne mo. 6Asa déem fɔge o lɔ Judah teene delo maama na pe de dam to mo, ba laŋa kam na wo nɛ daanem to ŋwaane. Bena yam konto maama ne, nɔɔn-nɔɔno wo kwaare jara ded‑o, kokuri to Baŋa Wɛ déem mo pɛ se o zoore tega kam ne de bochare-zuru.
7O déem ma ta de Judah tiina bam o we, “Pa-na se dé fɔge dé pe teene dem dé zege de dam, se de taa jege kabiri-lilirru, de ni-bworru telo na jege luuru to. Tega kam ta ye debam nyem mo, dé na ke dé tɔge dé Tu Baŋa Wɛ boboŋa to ŋwaane. Wonto mo chege debam dé dona jeŋa ne pa ba ba daane debam.”
Ba ma seene ba lɔ ba teene dem ba pe, ye wonnu ke lanyerane te pa-ba.
8Asa déem jege jar-keira morro bia yatɔ (300,000) mo na nwoŋi Judah dwi dem ne. Ba maama maa zei jara-keim nantan-kamuna, de chichwoa. O ta maa jege jar-keira morro bia yalei de funɔnɔ (280,000) na nwoŋi Benjamin dwi dem ne, ye ba de zei jara-keim nantan-balwa, dedaane tɛ, de chena. Jar-keira bam maama déem ye bembɛ mo.
9Dɛ dedwe Kusi tu wolo yere na ye Zera to ma nwoŋi de jar-keira kɔ-fɔrɔ, de jara-keim torokooro bia yatɔ o vo o yi Maresa se o jeeri Judah tiina bam de jara. 10Asa de ma nwoŋi de o o jar-keira bam o jeeri‑o dáane, Zefata bwolo jei sem ne. Ba maama ma fɔge ba tigisi ba jar-keira bam se ba ke jara yam.
11Asa déem ma lwoori o Tu Baŋa Wɛ wom o we, “Baŋa Wɛ, nmo yerane mo wae nabwona n jwoŋi n yaga dedɛɛra kɔgɔ jeŋa ne. Debam Tu Baŋa Wɛ, dé teege nmo baŋa ne mo se n woli debam. Ko nam ye nmo yere dem ŋwaane mo debam nwoŋi se dé jeeri kɔ-fɔrɔ konto de jara. Baŋa Wɛ, nmo mo ye debam Wɛ wom. Nam yé sɛ se nɔɔn-nɔɔno dwoni de nmo o di.”
12 Baŋa Wɛ ma chɔge Kusi tiina bam pa se ba duri se ba lu Asa de Judah jar-keira bam jeŋa ne. 13Asa de o nɔɔna bam ma pare-ba taa ba vo ba yi Gerare seeni. Kusi tiina bam dedɛ ma te pa ba kɔgɔ kom daa ware jara yam se ba ke. Kokuri to, Baŋa Wɛ de o jar-keira bam déem yɔɔre ba wane-ba mo. Judah tiina bam ma pɛ ba dona bam jejegero dedɛ ba ja ba viiri. 14Ba déem ta ma chɔge te-balwa balo na gilimi Gerare teo kom to, Baŋa Wɛ foone na tiini de jege jei sem konto nɔn-bia bam to ŋwaane. Judah tiina bam ma lɛɛre ba pɛ teene dem konto maama jejegero ba ja ba viiri, te na tiini te daga to ŋwaane. 15Ba ta ma vo ba li napɔra balo na yere vara bam to, ye ba kale pei, de bone, de kona dedɛ ba ja ba kɛ. Ba laam ma jwoori ba vo Jerusalem.",https://www.bible.com/bible/3661/2CH.14.KBG
2 TIGISIM 15,"Pɛ Asa na toŋe wo-laaro telo to
1Wɛ Jworo déem tu Odeda bu Azaria baŋa. 2O ma nwoŋi o vo Asa tei o ta ded‑o o we:
“Pɛ Asa, de Judah tiina bam, de Benjamin tiina bam maama, cheigi-na a taane dento: Baŋa Wɛ wó taa wo abam tei ne, ne á ná yɔɔre á me ded‑o. Á ná beeri o jei, o wó pa abam chwoŋa se á na‑o. Abam nam ná nwoŋi o kwaga ne, o de wó dole abam mo o yage. 3Bena dedɛ wone Isarele tiina bam wo sɛ se ba tɔge Wɛ dem chekke, ye ba ba jege kaanem tu se kotu taa bere-ba. Ba maa wo lɔre Wɛ nia yam. 4Cham nam ná yeini de yi-ba, ba yeini ba pipiri se ba jwoori Baŋa Wɛ wom na ye Isarele tiina Wɛ to tei mo. Ba ma yeini ba beeri o jei, ye o pa-ba chwoŋa se ba na‑o. 5Maŋa kam konto ne, nɔɔna déem ba beeri yɔɔ yɔɔ, vuvuga na to teene dem maama de de nɔn-bia baŋa ne to ŋwaane. 6Dwi dedwe yɔɔre de zaŋe de chɔge dedwoŋi dwi yɔɔ yɔɔ mo, ye teo dedoa nɔɔna de zaŋe teo kodwoŋi nɔɔna baŋa ne. Ko nam ye Baŋa Wɛ mo jaane lɛɛro dwi maama o tui ba baŋa. 7Ko nam ná ye abam, ke-na dam á ke á tete kuri ne, se á yé pa se á vɔna bugi. Kokuri to, abam wó na á totoŋa yam nyɔɔre.”
8Asa na nigi Wɛ sampwora Azaria na pworisi taane delo maama to mo o nɛ baare. O ma le jwo-yɔɔro telo na wo Judah de Benjamin kateira yam maama wone to o dole o yage. Ko ta ná ye teene delo na wo Efrayim zwonnu laŋa kam ne ye o vere-de o tei to, o dole ba jwona yam de o yage. O laam ma pa ba fɔge ba kwɛ Baŋa Wɛ kaanem bimbini dem na zege Wɛ diga kam napɔrɔ kom yiga ne to.
9Asa déem ma bwoŋi Judah dwi tiina, de Benjamin dwi tiina bam se ba la daane. O ta ma bwoŋi nɔɔna balo na nwoŋi Efrayim, de Manasɛ, de Simeon dwia yam wone ye ba laam ba ba zoore Judah laŋa kam ne to. Kokuri to, Isarele tiina dedɛ ya tu ba sɛ ba pa Asa, ba na maane we o Tu Baŋa Wɛ mo wo o tei ne to ŋwaane.
10Ba maama déem nam jeeri Jerusalem ne Asa paare dim bena fuga-yanu chane setɔ chana kam wone mo. 11Dɛ dem konto ne ba ma kwei na-bale bia yarepɛ (700), de pei de bone morro terepɛ (7,000) ba ke kaanem ba pa Baŋa Wɛ. Vara bam konto nam ye ba na vere balo ba dona bam jeŋa ne to mo. 12Ba laam ma ke ni-sɛɛm se ba yɔɔre ba taa tɔge Baŋa Wɛ wom na ye ba nabaara Wɛ to de ba bochara maama, ko woli de ba dam maama. 13Ba ta sɛ we, wolo maama ná ve se o tɔge Baŋa Wɛ wom na ye Isarele tiina Wɛ to, ba wó go konto tu, nabwom naa dedɛɛro mo ywoo, baaro naa kaane mo de. 14Ba laam ma du duuri Baŋa Wɛ yere dem ŋwaane ba vɔ ba tete. Ba nam yɔɔre ba kwei sɔɔ kolo na zaŋe baŋa baŋa to, de nabwanno wum, de namunnu wum mo ba du duuri dem de kwor-dɛa. 15Judah tiina bam maama wo déem ma pwoli de ba na ke kampwola se ko yɔɔre ko nwoŋi ba bochara ne to. Ba ma beeri Baŋa Wɛ jei de ba wo maama, ye o de pa-ba chwoŋa se ba na‑o. O déem chege-ba ba dona jeŋa ne pa ba daa ba daane-ba.
16Asa nu nakwe Maaka ya chwi Asera nyenyego daa pa nɔɔna jege-ka ba kaana. O ma vo o gwoni-ka o de tega ne o daare o kwei-ka o zwɛ Kidoron nabara kam ni ne. O ta ma le Maaka se o daa yé taa jege dam pɛ sɔŋɔ ne. 17Asa déem wo wane o chɔge wara-jei bimbini selo na wo Isarele laŋa kam maama wone to. De ko de, o ŋwea maama wone o yɔɔre o kwei o chega o pa Baŋa Wɛ mo. 18O déem ta ma kwei pɛɛra yalo o de o kwo wom na kwei ba pa Baŋa Wɛ to o ja o vo o tiŋi Wɛ diga kam wone. Pɛɛra yam déem ye lu-nyenno wonnu, de sabu-seŋa wonnu, de zela dwi dwi mo.
19Jara déem daa wo ke Judah teo kom ne se ko taa nii bene delo Asa na di paare o ke bena fintɔ-yanu to wone.",https://www.bible.com/bible/3661/2CH.15.KBG
2 TIGISIM 16,"Asa na ti tei to
1Judah teo pɛ Asa na di paare o ke bena fintɔ-yaredo to mo Isarele teo pɛ Baasa nwoŋi o vo o kwaare jara de Judah tiina bam. O ma wane o jwoŋi Rama teo o daare o fɔge o lɔ-ko o che. O maa yere jei sem se nɔɔna yé wane ba lɛɛne ba vo Asa laŋa kam naa ba nwoŋi da ba kɛ.
2Asa déem ma kwei lu-nyenno wonnu de sabu-seŋa wonnu telo na wo Baŋa Wɛ diga kam de o tete sɔŋɔ wone to o pa se nɔɔna ja-te ba vo Siria teo pɛ Ben-hadadi tei Damasika ne. 3O ma toŋe kwora o we, “Pa se dé gwoni ni daane, nenɛɛne ko déem na ye tei nmo kwo de amo kwo tetare laŋa ne to. Nii mo, a jege lu-nyenno de sabu-seŋa mo se a pa‑m. Nam sɛ se n yiri ni delo n déem na ke de Isarele teo pɛ Baasa to, se ko pa o viiri o daare a laŋa kam.”
4Ben-hadadi ma sɛ Pɛ Asa na tage tei to. O ma toŋe o jar-keira de ba yiga tiina se ba vo ba kwaare jara de Isarele tiina bam. Jara yam wone, ba ma wane ba jwoŋi Yijon, de Dan, de Abel-Mayim, dedaane Nafitali teene delo ba na yeini ba kwei ba zela ba tiŋi de wone to maama. 5Isarele teo pɛ Baasa na yɔɔre o ni konto to, o ma yage Rama teo kom lɔɔm de o totoŋe dwi maama. 6O na viiri to, Pɛ Asa ma pa se Judah tiina maama vo ba zeŋe kandwa yam, de da-kwollu tem Baasa nɔɔna bam ya na jege ba lɔ teo kom to ba ja ba kɛ. Pɛ Asa déem kwei wonnu tem konto mo o ma o lɔ Geba de Mizipa teene dem.
7Konto na ke ko kɛ to, mo Wɛ ni-jwoŋinu Hanani vei Judah teo pɛ Asa tei ye o ta ded‑o o we, “Nmo na ve se n kwei n teena n daŋe n Tu Baŋa Wɛ wom baŋa ne, ye n pa n teena wo Siria pɛ wom wone to ŋwaane, nam ta‑n yei we Siria pɛ wom de o jar-keira bam yɔɔre ba lu n jeŋa ne mo. 8Kusi tiina bam, de Libia tiina bam déem jege jar-keira kɔ-fɔrɔ, de jara torokooro dedɛ, dedaane sisein-dira dedɛ. De ko maama de, Baŋa Wɛ déem kwei-ba o ke n dam kuri ne, n teena na daŋe o baŋa ne to ŋwaane. 9Baŋa Wɛ yia yam nam dole ya kaare tega baŋa ni maama se o nii balo na yɔɔre ba ke ba teena o wone to baŋa ne se o daare o pa-ba dam. Nmo nam toŋe jworim mo de n na ke tei to. Konto ŋwaane, ko zege zem se ko taa via, nmo laam wó ta‑n zoore jara-keim wone mo taa.”
10Asa na nigi Hanani taane dem to, o bane ma tiini de zaŋe pa o ja Hanani o pe peena diga ne. O déem ta yɔɔre o jege o nɔɔna bam badaara mo o bɛɛsa.
11Asa déem na di paare ye o ke wonnu telo maama to, ko zege o paare dem boboa ne se ko yi de na kweeli maŋa kalo to, ba popone-te ba tiŋi Judah Teo Pwa de Isarele Teo Pwa Seina tɔnɔ kom wone. 12O na di paare o ke bena fintɔ-nogo maŋa kalo ne to mo jaweo to o nɛ ne pa se o gwarege. O jaweo kom na tu ko chɛ to, o wo lwoori wolim Baŋa Wɛ tei ne, ye o tɔge liri-keira se ba nii o baŋa ne. 13Asa na di paare o ke bena finna-dedoa to, mo o tega. 14Ba ma kwei‑o ba suli yibeeli delo o ya na bɔɔre o tiŋi David teo Jerusalem wone to. Ba ma daŋe‑o gandwa baŋa ne, ye ba kwei talwoŋ-ywei de terale nwi dwi dwi ba ke da. Ba ta ma tɔrege min-vo-zɔŋɔ se ba zuli o yere.",https://www.bible.com/bible/3661/2CH.16.KBG
2 TIGISIM 17,"Judah teo Pɛ Jehosafate taane
1Asa bu Jehosafate ma leiri o kwo wom yuu ne o ji pɛ. O déem fɔge Judah kateiri dem de dam se ba wane Isarele tiina bam ba jeeri de jara. 2O ma kwei jar-keira o zege teene delo na lɔge de pe to maama wone o che-de. O ta ma pa jar-keira badwonna zege ba che Judah teene dedwonna, dedaane Efrayim teene delo o kwo Asa ya na wane o di jara baŋa ne to.
3 Baŋa Wɛ déem nam wo Jehosafate tei ne mo, kokuri to, o nɔn-donne maŋa ne o yɔɔre o ke ne o nabaaro David déem na ke tei to mo. O déem ve se o kaane Baal jwona yam mo. 4O nam sɛ se o taa zuli Baŋa Wɛ wom o kwo de déem na zuli to, ye o ke o tɔge Wɛ nia yam. O wo lwoni Isarele tiina kikia yam. 5Baŋa Wɛ de ma woli Jehosafate se o taa tei o teo kom de dam. Judah tiina bam maama maa jaane pɛɛra ba tui ba pa Jehosafate, pa se o jejegero tiini te puli, ye o yere de zaŋe. 6O déem yɔɔre o tɔge Baŋa Wɛ chwei sem de o wo maama mo. O ma ja wara-jei bimbina yam o chɔge o yage, ye o daare o chochoge Asera nyenyego dɛ sem se Judah tiina daa yé taa zuli-te.
7Jehosafate na di paare o ke bena yatɔ to, mo o toŋe o dedɛɛra banu se ba taa tole Judah teene dem wone ba bere nɔɔna Wɛ nia yam. Nɔɔna bam déem ye Ben-Hayili, de Obadia, de Zekaria, de Netaneli, de Mikaya mo. 8Levi tiina badwonna de maa tɔge ba wo ba wone. Ba maa ye Semaya, de Netania, de Zebadia, de Asaheli, de Semiramofa, de Jehonatan, de Adonija, de Tobija, dedaane Tobi-Adonija. Wɛ kaanem tiina balei de maa wo ba wone, ba yera na ye Elisama de Jehoram to. 9Ba déem jege Baŋa Wɛ nia tɔnɔ kom mo ba beeri Judah teene dem maama wone. Jei selo maama ba maa ná via, ba yeini ba kwei Wɛ nia yam mo ba bere nɔɔna bam.
10 Baŋa Wɛ foone déem ma ja teene delo maama na gilimi de kaare Judah to. Ba daa wo sɛ se ba kwaare jara de Pɛ Jehosafate. 11Filisi tiina badaara ma ja lu-nyenno de pɛɛra yadwonna ba ba ba pa Jehosafate se ba sɛ ba pa‑o. Arabi tiina de ma ja pei de bone ba ba pa‑o. Te maa ye pi-bale morro terepɛ de bia yarepɛ (7,700), dedaane bone morro terepɛ de bia yarepɛ (7,700).
12Jehosafate déem yɔɔre o na dam mo maŋa maama wone. O ma lɔ dalem jei, de teene dedwonna Judah kateiri dem ne, se o taa tiŋi o wonnu de wone. 13O maa jege zela dedɛ o na tiŋi-ya Judah teene dem wone to. O déem ta yage jar-keira balo na tiini ba yei jara laŋa to mo Jerusalem teo kom wone. 14Ba kɔgɔ déem na ye tei ko tɔge de ba sɔ-yuni tem to mo tento:
Judah dwi tiina bam wone, Adina déem mo ye jar-keira bam yiga tu. O kwaga nɔɔna déem ye jar-keira morro bia yatɔ (300,000) mo.
15Jehohanan mo saŋe wonto kwaga. O de kwaga nɔɔna maa ye jar-keira morro bia yalei de funɔnɔ (280,000).
16Dedɛɛro wolo na ke batɔ tu to déem ye Zikiri bu Amasia mo. Wonto déem yɔɔre o nwoŋi mo o tete ne Baŋa Wɛ totoŋa yam ŋwaane. O kwaga nɔɔna maa ye jar-keira morro bia yalei (200,000).
17Benjamin dwi tiina bam wone, Eliada déem mo ye bembea kalo na nii ba jar-keira morro bia yalei (200,000) to. Banto déem zei tɛ dedaane jara-keim nantane mo.
18Wolo de daa na saŋe wonto kwaga to maa ye Jehozabadi. O déem jege jar-keira morro bi de funɔnɔ (180,000) balo na zei ba jara zela to mo.
19Jar-keira balo déem na maŋe Jerusalem ne ba toŋe ba pa pɛ wom to mo konto. Jar-keira badaara maa yere teene delo na lɔge de pe ye de jage de wo Judah ni maama ne to.",https://www.bible.com/bible/3661/2CH.17.KBG
2 TIGISIM 18,"Wɛ sampwora Mikaya taane
1Judah teo pɛ Jehosafate déem tiini o jege jejegero mo, ye o yere de zaŋe jei maama ne. O déem ma tɔge kadiri baŋa ne o ke ni-sɛɛm de Isarele teo pɛ Ahab. 2Ko na ke bena fenfee to mo Jehosafate zaŋe o vo Samaria se o na Ahab. Ahab ma pa ba go pei de naane dedɛ se o ma o zuli Jehosafate de o dedɛɛra. O laam ma bwɛ ded‑o se ba vo ba kwaare jara ba li Ramofa-Gilead. 3Ahab ma bwei Jehosafate o we, “Nmo wó sɛ se n da de amo se dé vo Ramofa-Gilead dé ke jara de-ba na?”
Jehosafate ma leiri o we, “Dé ye chorro mo daane. Ta‑n yei we debam jar-keira ye nmo tete nyem mo. Dé zege n kwaga ne.” 4Jehosafate ta ma ta de Ahab o we, “Nam pa se dé da yiga dé bwei dé nii Baŋa Wɛ boboŋa na ye tei to se dé laam daare dé vo.”
5Ahab ma bwoŋi Wɛ sampwori sem o ke daane. Ba maa ye nɔɔna bia yana (400). O ma bwei-ba o we, “Chwoŋa wora se a vo Ramofa-Gilead a ke jara de-ba, naa a yé vei?” Sampwori sem ma leiri ba we, “Pɛ, nam véi n gware-ba, se Wɛ wó kwei-ba o ke n jeŋa ne.”
6De ko de, Jehosafate ta ma bwei o we, “Baŋa Wɛ sampwora wodwoŋi ta wora ywo-seeni se dé bwei o de dé nii na?”
7Pɛ Ahab ma leiri‑o o we, “Nɔɔno wodwoŋi ta daare, o yere mo Mikaya ye o ye Imila bu. Dé wó wane dé da wonto baŋa dé lɔre Baŋa Wɛ boboŋa. Ko nam na ye tei to, o ba swoi se o taa pworisi wo-laaro o pa-ne, lɛɛro yerane mo o tɛa. Konto ŋwaane mo a ba laga o ni taane fase.” Jehosafate ma leiri o we, “Ko nam dae se n ta konto dwoŋi.”
8Ahab ma bwoŋi o dedɛɛra bam dedoa ye o ta ded‑o o we, “Ke lela n vo n ja Imila bu Mikaya n ba ywo-seeni.”
9Isarele teo pɛ Ahab dedaane Judah teo pɛ Jehosafate déem zo ba paare gwaaro mo ba jeini ba paare yitunnu baŋa ne ko maŋe de Samaria teo manchwoŋo ni dem. Jeiga kam déem ye mena ferem jeiga mo. Sampwori sem maama maa zege ba yiga ne ba pworisa. 10Ba dedoa yere na ye Zedekia ye o ye Chenaana bu to ma mage luu o ma o ji nyea. O ma ta de Ahab o we, “Baŋa Wɛ na tage kolo to mo tento: Nyea yanto bere we, n jege dam mo se n ma n chu Siria tiina bam n go.”
11Sampwori sem maama de déem pworisi konto mo ye ba we, “Pɛ, zaŋe n vo Ramofa-Gilead n ke jara n wane-ba. Baŋa Wɛ lage o kwei teo kom o ke n jeŋa ne mo.”
12Dedɛɛro wolo na vei se o bwoŋi Mikaya to ma ba o ta de Mikaya o we, “Nii mo! Sampwori sedwonna sem jege ni dedwe mo ba pworisi wo-laaro ba pa pɛ wom. Nmo de nam jege se n pworisi zaane taane mo ne banto na ke tei to.”
13Mikaya ma leiri‑o o we, “Ne Baŋa Wɛ na ye ŋwea tu to, ko ye chega mo we, amo Tu Wɛ na wó pa ni se a ta kolo to yerane mo a wó ta a bere pɛ wom.”
14Mikaya na vei o yi Ahab tei to, Ahab ma bwei‑o o we, “Mikaya, chwoŋa wora se dé vo Ramofa-Gilead dé ke jara de-ba, naa dé yé véi?” Mikaya ma leiri‑o o we, “Pɛ, zaŋe n vo n ke jara yam n wane-ba, se Wɛ mo lage o kwei teo kom o ke n jeŋa ne.”
15Ahab ma yɔɔre o ta Mikaya o we, “A maŋe a ta de nmo kuni dedɛ we, n jege se n du we n wó ta chega taane yerane mo n bere-ne maŋa kalo maama n na yeini n pworisi Baŋa Wɛ yere ŋwaane to.”
16Mikaya laam ma ta o we, “A nɛ Isarele jar-keira bam maama na jage peero tem baŋa ne ye ba beeri yɔɔ yerane, nenɛɛne pei selo na ba jege nayero to. Baŋa Wɛ ma ta o we, ‘Nɔɔna banto ba jege yuu tu. Yage-na se ba jwoori sɔŋɔ chemm de yazura.’ ”
17Isarele teo pɛ Ahab ma ta de Jehosafate o we, “A ya maŋe a ta de nmo we, o bá sɛ o pworisi wo-laaro o pa-ne, se lɛɛro yerane mo o tɛa.”
18Mikaya daa ma ta o bere Ahab o we, “Nam cheigi Baŋa Wɛ na pɛ-ne kwora kalo to. A nɛ Baŋa Wɛ na jei o paare yituŋu baŋa ne ye Wɛ telaao kɔgɔ kom maama zege ba gilimi‑o, o jazem de jagwia seeni. 19Baŋa Wɛ maa we, ‘Wɔ mo wó sɛ o vo o gane Isarele teo pɛ Ahab se o vo Ramofa-Gilead o ke jara de-ba se o ga o ŋwea?’ Kɔgɔ kom maama dedoa dedoa ma ta o boboŋa. 20Ko kwola ne to, chichira kadwoŋi ma nwoŋi ka zege Baŋa Wɛ yiga ne ye ka ta ka we, ‘Amo wó wane a vo a gane Ahab’. Baŋa Wɛ ma bwei-ka o we, ‘N lage n ke tɛ mo n wane n ke konto?’ 21Chichira kam ma leiri ka we, ‘A lage a vo a pa se Ahab sampwori sem pworisi vwa pworisim mo.’ Baŋa Wɛ maa we, ‘Nmo wó na chwoŋa se n soge‑o. Nam véi n ke konto.’ 22Nam lɔre we Baŋa Wɛ seene o pa se n sampwori sem fɔe vwa mo ba pa‑m. Chega ŋwaane to, Baŋa Wɛ yɔɔre o tiŋi lɛɛro mo se te ba n baŋa.”
23Konto na ke to mo Chenaana bu Zedekia zaŋe o vo o mage Mikaya o yibia ne, ye o bwei‑o o we, “Baŋa Wɛ jworo ke tɛ mo ko yage amo ye ko ba nmo tei ko ŋɔɔne dede‑m?”
24Mikaya ma leiri o we, “Nii mo. Dɛ dem n na wó zo di-yuu wone n seigi n tete to, nmo wó lɔre debam wone wolo na tage chega to mo.”
25Isarele teo pɛ Ahab ma pa ni se ba ja Mikaya ye o we, “Ja-o-na á ja á vo teo kom dedɛɛro Amon tei, dedaane amo bu Joasa tei. 26Ta-na de-ba we, ‘Pɛ wom na tage kolo to mo tento: Ke-na nɔɔno wonto peena diga ne. Ta‑á pa‑o bworobworo fenfee de na yerane se ko taa nii maŋa kam a na wó zege jara yam wone a jwoori de yazura to.’ ”
27Mikaya ma leiri pɛ wom o we, “N ná seene n zege jara yam wone n jwoori de yazura, ko nam dae Baŋa Wɛ mo pɛ-ne kwora kam.” Mikaya ta ma ta de nɔn-kɔgɔ kom o we, “Á maama yé swei-na a na taga taane delo to.”
Pɛ Ahab toone
28Isarele teo pɛ Ahab de Judah teo pɛ Jehosafate déem ma zaŋe ba vo Ramofa-Gilead se ba ke jara de-ba. 29Ahab ma ta de Jehosafate o we, “De ná zo jara yam wone, a laam wó leiri a yibia se ba yé lɔre-ne. Ko daare nmo wó zo n paare gwaaro tem.” Ahab ma seene o ke ne o na taga tei to, ye ba maama vo se ba ke jara yam.
30Siria tiina pɛ wom déem ya maŋe o bwoŋi o jara-keim toroko-dira dedɛɛra bam mo ye o pa-ba ni we, “Kwaare-na jara yam de Isarele teo pɛ wom yerane, se ko dae de jar-keira badaara bam, ba ná maŋe ba ye dedɛɛra tei de.” 31Siria jara-keim dedɛɛra bam na nɛ Jehosafate ye o zo o paare gwaaro tem to, ba maa boŋe we, ko ye Isarele teo pɛ wom mo. Ba ma fɔɔre ba yi se ba ke jara ded‑o. Jehosafate na nɛ-ba to, o ma laare de kwor-dɛa pa Baŋa Wɛ woli‑o. Wɛ ma che Siria jar-keira bam ye ba wo wane ba yi o yera. 32Ba ma maane we ko dae Isarele teo pɛ wom. Ba ma yage o yera ye ba kɛ.
33Siria jar-keiru wodwoŋi déem saŋe o taŋa mo o ta chene yɔɔ yerane. Chene dem ma vo de zɔ Isarele teo pɛ Ahab o nyɔɔne seeni mɛ o jara zela yam na wo kwoli‑o to. Ahab ma ta de o toroko-diru wom o we, “Pa se dé ke lela dé pipiri dé vo dáa dáa jara yam wone, se a nɛ zonne mo.” 34Jara yam déem kea dɛ dem maama wone mo. Pɛ Ahab ma maŋe o toroko kom wone o sale-ko o jeeri Siria tiina bam. Dɛ dem konto wɛ na maa zoore maŋa kalo to mo o tega.",https://www.bible.com/bible/3661/2CH.18.KBG
2 TIGISIM 19,"1Pɛ Jehosafate ma zege jara yam ne o jwoori Jerusalem de yazura. 2Hanani bu Jehu na ye Wɛ ni-jwoŋinu to ma vo se o jeeri‑o. O ma ta pɛ wom o we, “Ko ye ko chwoŋa ne se nmo vo n woli puseŋ-nyena, ye n ta me de balo na chuli Baŋa Wɛ to na? Nmo keim dem konto pɛ se Baŋa Wɛ ban-lom zaŋe n baŋa ne mo. 3De ko de, nmo ke wo-laaro tedwonna n ŋwea ne, de nmo na jaane Asera nyenyego dɛ selo nɔɔna na zuli n tega kam ne to n chochoge n yage, ye n ta ja boboŋa se n ta‑n tɔge Wɛ to.”
Jehosafate yiga tiina taane
4Jehosafate déem zoore Jerusalem teo kom wone mo. O ma yeini o kwei maŋa o tole o paare laŋa kam ni maama, ko zege Beeriseba ne se ko yi Efrayim zwonnu laŋa kam. O ma yeini o kaane-ba se ba pipiri ba jwoori ba zuli Baŋa Wɛ wom na ye ba nabaara Wɛ to. 5Judah laŋa kam maama ne mo o kuri yiga tiina o yage teene delo na lɔge de pe to wone. 6O ma ta de-ba o we, “Fɔge-na á ta‑á yei á tete. Kolo ŋwaane, abam ná bore nɔɔna bora, ko ye se ko tɔge de Baŋa Wɛ boboŋa mo, se ko dae de nabiina na lage tei to. Wonto nam wó taa wo á tei ne se á ta‑á yeini á bore nɔɔna taane á pa-ba. 7Nam yɔɔre á ta‑á kɔre Baŋa Wɛ, se á ta‑á di nɔɔna taana ko chwoŋa ne. Kokuri to, Baŋa Wɛ ba lage kampina de kalipera totoŋa. O nam ba sɛ se á ta‑á kuri nɔɔna da-wone.”
8Jehosafate déem ta kuri Levi dwi tiina, de kaanem tiina badwonna, de Isarele sɔ-yuni yiga tiina badaara mo se ba taa tɔge Baŋa Wɛ nia yam ŋwaane ba kwɛ nɔɔna taana ba pa-ba. Banto maa zoore Jerusalem teo wone. 9O ma pa-ba ni dento:
“Ta‑á kɔre-na Baŋa Wɛ de á na toŋe de boboŋ-laaro de á wo maama tei to. 10Abam chorro ná nwoŋi Judah teo de teo maama ne ba jaane taane delo ba ba á tei, se á nii de baŋa ne á pa-ba. Ko ná ye nɔn-gora taane mo, naa ko ná ye ba sage Wɛ nia yam wone, naa ba ke ba chɔge o bera yam, naa o chullu tem de, abam wó kaane-ba mo se ba daa yé taa ke wɛleera ba chɔge Baŋa Wɛ yiga. Konto de maa wó che abam de á chorro tem se Baŋa Wɛ ban-lom dem yé ba á baŋa. Ke-na konto se wɛleera daa yé taa wo á yuu ne.
11Ko ná ye Baŋa Wɛ chwoŋa kam taane maama, kaanem nakwe tu Amaria nam mo wó taa wo á yiga ne. Ko ta ná ye paare dem taana yadaara yam, Judah dwi tiina nakwe Zebadia na ye Isameli bu to de maa wó taa wo á yiga ne. Levi dwi tiina bam de maa wó taa toŋe ba woli abam. Vɔ-na á wo se á ta‑á toŋa, kokuri to Baŋa Wɛ toŋe o woli balo na toŋe de chega to mo.”",https://www.bible.com/bible/3661/2CH.19.KBG
2 TIGISIM 20,"Jehosafate wane o dona jara wone
1Ko kwaga seeni mo Moaba tiina bam, de Amon tiina bam, de Meyunim tiina badaara tu se ba kwaare jara de Jehosafate.
2Nɔɔna badwonna ma vo ba ta de Jehosafate ba we, “Kɔ-fɔrɔ mo zege Edom seeni, ko na maŋe de Yɛ naneo kom bubɛ dedwoŋi dem ne to, ba beene‑m de jara. Ba nam maŋe ba yi Hazazon-Tamare.” (En-gedi mo konto.) 3Foone ma zo Jehosafate, ye o seene o yia o lwoori Baŋa Wɛ se o lɔre o na wó ke tei to. O ta ma pa ni se balo maama na zoore Judah ne to vɔ ni. 4Judah tiina bam ma jeeri daane Jerusalem ne se ba lwoori wolim Baŋa Wɛ tei ne. Judah teene dem maama wone, nɔɔna bam wo nwoŋi ba kwɛɛre.
5Jehosafate laam ma zaŋe o zege Judah tiina bam, de Jerusalem tiina bam kɔ-fɔrɔ kom yiga ne. Ba maa wo Baŋa Wɛ diga kam konkɔl-doŋo kom yiga ne. 6O maa we:
“Baŋa Wɛ, nmo mo ye dé nabaara bam Wɛ. Nmo wo Wɛ telaao ne mo, ye n jege paare n di tega baŋa teene dem maama ne. Nmo tiini n dana mo, ye nɔɔn-nɔɔno ware nmo yiga o choa. 7Debam Tu Wɛ, nmo nɔɔna Isarele tiina bam déem na tu ywo-seeni to, n zeili balo ya na zoore tega kanto wone to mo, ye n daare n kwei-ka n pa n badwoŋi Abaraham dwi dem we, ba taa tei-ka se ko taa vei wuu. 8Ba de nam na zoore tega kam wone to, ba lɔge wara-diga mo n yere dem zula ŋwaane. Ba maa we, 9‘Ne cham dwi delo maama mo ná yi debam tega kanto wone, ko ná ye jara mo, naa waarem, naa jawe-chɛɛro, naa kana mo de, dé wó ba dé zege diga kanto na ye n yere dem zula ŋwaane to yiga ne dé lwoori wolim nmo tei ne. Nmo de maa wó cheigi dé wɛ-lworo kom n daare n jwoŋi debam n yage.’
10Nam fɔge n nii kolo na yi debam leile. Dé dona nwoŋi Amon, de Moaba, de Edom peero laŋa kam ne mo ba ba se ba jeeri debam de jara. Dé nabaara bam déem na nwoŋi Ejipti ne ba ba ywo-seeni to, teene dem konto nam ye delo n na tage de-ba we, ba yé chɔge-de to mo. Ba ma seene ba pipiri ba yage teene dem konto, ba wo chɔge-de. 11Ba laam na lage ba jwoori ba ŋwe debam tei to mo tento: ba boŋe se ba zeili debam mo tega kalo nmo tete na kwei n pa debam se dé taa tei to wone. 12Dé Tu Wɛ, nmo nam bá‑n waare-ba na? Debam ba jege dam se dé jeeri kɔ-fɔrɔ konto na beene se ba kwaare jara de debam to. Debam yɔɔre dé ye boremaa mo keim dento wone. Dé teena nam za daŋe nmo baŋa ne mo.”
13Judah dwi tiina maama déem zege Baŋa Wɛ yiga ne, ko woli de ba kaana, de ba bia, de ba bu-sese mo. 14Levi dwi tu Jahazeli déem tɔge o wo kɔgɔ kom wone. O maa ye Zekaria bu mo. O déem ye Asaf sɔ-yuu kom nɔɔno mo, ye o nwoŋi Matania, de Jeyeli, de Benaya dwi dem wone. Baŋa Wɛ Jworo déem chugi o baŋa ne mo, 15ye o we:
“Jehosafate, nmo de balo maama na zoore Judah, de Jerusalem wone to, cheigi-na a taane dento. Baŋa Wɛ na tage tei de abam to mo tento: Yé ta‑á fona, nam yé pa-na se á vɔna pare kɔ-fɔrɔ konto ŋwaane. Ko dae abam mo tei jara yam, se ko ye Baŋa Wɛ mo tei-ya. 16Jwa ne nam nwoŋi-na se á jeeri á dona bam de jara. Ba wó taa diini Ziza zwoŋo kom chwoŋa kam pa se á jeeri-ba bwolo kolo na wo Jeruweli kagoa kam wɛ-puli seeni to ni ne. 17Abam maŋe á ba lage á ke jara yam kɔtaa! Nam véi-na á fɔge á chichei á zege á zega jei sem ne, se á nii á na Baŋa Wɛ na lage o tɔge chwoŋa kalo o jwoŋi abam o yage to. Konto ŋwaane, Judah de Jerusalem tiina bam, yé ta‑á fona-na. Nam yé pa-na se á vɔna pare. Jwa véi-na á jeeri-ba de jara, se Baŋa Wɛ wo á tei ne.”
18Jehosafate na nigi konto to, o ma tiiri o vwi o yibia tega ne o zuli Baŋa Wɛ. Judah de Jerusalem tiina bam maama de ma ke konto. 19Levi tiina bam badaara na nwoŋi Kohafe de Kora sɔ-yuni tem ne to de ma zaŋe wɛɛne ba bage tia lei ba yaga, se ba ma zuli Baŋa Wɛ wom na ye Isarele tiina Wɛ to.
20Tega na poore tetete to, nɔɔna bam ma zaŋe se ba nwoŋi ba vo Tekoa kagoa kam seeni. Jehosafate ma zege ba yiga ne o ta we, “Judah de Jerusalem tiina bam, cheigi-na a taane dento. Ke-na á wo-dedoa de á Tu Baŋa Wɛ wom, se wonto wó pa á na dam. Kwei-na á chega á ke o sampwori sem de wone, se á wó na yiga-veiŋa.” 21Pɛ wom laam ma bwɛ de o nɔɔna bam, ye o daare o kuri balo na wó taa leeni ba seini Baŋa Wɛ ye ba tei‑o o nenɔŋ-fɔrɔ kom ŋwaane to. O ma pa ba to jar-keira bam yiga ne ba leeni ba we:
“Ke-na Baŋa Wɛ lei,
o swono kom na wora taa wuu to ŋwaane.”
22Ba na yɔɔre ba bobo se ba taa leeni konto to, mo Baŋa Wɛ pɔpɔ o zaŋe Judah tiina dona bam baŋa ne. 23Amon tiina bam de Moaba tiina bam ma li Edom jar-keira bam ba yɔɔre ba go ba maama. Konto kwaga ne mo ba tete daa pipiri ba go daane.
24Judah tiina bam na gwɛ ba vo ba yi jeiga kalo na jeeri kagoa kam to, mo ba zege da ba tole ba na we, ba dona kɔ-fɔrɔ kom maama laam yɔɔre ba ye twa mo ba tigi tega kam maama ne, ye ba wolowolo wo lugi. 25Jehosafate de o jar-keira bam ma yɔɔre ba vo ba pɛ wo-kuri dwi maama se ba ja-te ba viiri. Ba déem wane ba kwaleme jara zela dedɛ, de gwaaro, de wo-kura yadwonna mo. Ba déem kwei da yatɔ mo ba kwaleme wonnu tem konto, ye ba ga tedaara ŋwa ba yage-te da. 26Da yana dɛ dem ne, ba ma jeeri daane Beraka bwolo kom ne se ba tei Baŋa Wɛ. De zem maama, ba ta jege bwolo kom konto yere ba bwoi we ‘Tia Bwolo’ mo.
27Jehosafate laam ma to Judah de Jerusalem tiina bam maama yiga ne pa ba leeni de wopwolo ba maa jwoori Jerusalem. Ba ke konto kolo ŋwaane Baŋa Wɛ mo pɛ ba di ywoni ba dona bam chɔgem ŋwaane. 28Ba na yi Jerusalem to, mo ba yɔɔre Baŋa Wɛ diga kam ba zo ka wo, ye ba daa ta mage ba kwanno, de kwɛɛra zela dwi dwi, ye ba wu nabwanno.
29Teene delo na gilimi da to nɔɔna na nigi Baŋa Wɛ na jaŋe tei o wane Isarele tiina dona o pa-ba to, mo foone tiini de ja-ba Wɛ dam dem ŋwaane. 30Konto de ma pa yazura wo Jehosafate paare laŋa kam wone. Kokuri to, o Tu Wɛ wom déem chege-ba ba dona maama jeŋa ne pa ba daa ba daane-ba.
Jehosafate paare na kweeli tei to
31Jehosafate déem jege bena fintɔ-yanu mo ye o bobo se o di Judah teo paare. O ma jeini Jerusalem ne o di paare dem o ke bena finlei-yanu. O nu déem ye Silihi bukɔ Azuba mo. 32Jehosafate déem yɔɔre o kwei o kwo Asa totoŋ-naga kam mo, o wo ywori ka wone kɔtaa, pa se o totoŋa su Baŋa Wɛ yi. 33O déem nam wo wane o chɔge wara-jei bimbina yam. Nɔɔna ya ta wo ke ba boboŋa ne se ba taa zuli ba nabaara Wɛ wom.
34Jehosafate déem na di paare ye o ke wonnu telo maama to, ko zege o paare dem boboa ne se ko yi de na kweeli maŋa kalo to, ba popone-te ba tiŋi Hanani bu Jehu memaŋa tɔnɔ kom wone, ye te ta wo Isarele teo pwa tɔnɔ kom wone.
35Jehosafate ta na ye Judah pɛ to, mo o ke ni-sɛɛm de Isarele pɛ Ahazia. Ahazia nam tiini o toŋe puseŋa mo. 36Jehosafate ma ke ni ded‑o pa ba ke nabwooru se ba taa ma ba pipia. Ba déem zege Ezion-gebera ne mo ba ke-te. 37Eliazera na ye Dodavahu bu ye o nwoŋi Maresa teo ne to ma pworisi taane o vane Jehosafate o we, “Nmo na vei n ke ni-sɛɛm de Ahazia to ŋwaane, Baŋa Wɛ lage o ja nabwooru telo n na ke to mo o chɔge o yage.” Nabwooru tem ma seene te chochoge ye te daa wo wane te tɔge naneo kom baŋa te ke pipiu.",https://www.bible.com/bible/3661/2CH.20.KBG
2 TIGISIM 21,"1Jehosafate ma te ye o vo o kwoa tei. Ba ma kwei‑o ba suli o kwoa bam yibeeli wone David teo Jerusalem ne. O toone dem kwaga ne o bu Jehoram ma leiri o yuu ne o ji pɛ. 2Jehosafate déem ta jege bia badwonna. Ba yera maa ye Azaria, de Jeheli, de Zekaria, de Azariahu, de Mikayeli, de Sefatia. Banto maama ye Jehoram nyaana mo. 3Ba kwo déem kwei lu-nyenno de sabu-seŋa zela yalo na jege kuri to mo o pa ba maama. O ta ma pa-ba teene delo na wo Judah ne ye de lɔ de pe to. Ko nam ná ye paare dem, o kwei-de o pa Jehoram mo, o na ye o bu-kwea to ŋwaane.
Judah teo pɛ Jehoram taane
4Jehoram na yɔɔre o jeini o kwo paare dem ne o ti to, mo o go o nyaana bam maama, ko woli de Isarele teo dedɛɛra badaara. 5O déem jege bena fintɔ-yalei mo ye o laam ji pɛ. O ma jeini Jerusalem ne o di paare dem o ke bena nana. 6Jehoram déem kwei Isarele pwa bam totoŋ-naga mo, ne Pɛ Ahab de o dwi dem na ke tei to, kokuri to o di Ahab bukɔ mo. Konto to, o déem toŋe lwarem o chɔge Baŋa Wɛ yiga. 7Baŋa Wɛ nam wo sɛ se o chɔge Pɛ David dwi dem, bɛŋwaane o maŋe o gwoni ni ded‑o we, o diga kam wó taa tei paare dem taa wuu.
8Jehoram paare dim maŋa ne mo Edom dwi dem ve se ba taa wo Judah pɛ wom dam kuri ne. Ba ma lɛɛre ba tiŋi ba tete pɛ. 9Jehoram ma ja o jar-keira, de ba dedɛɛra bam, de ba torokooro tem maama o vo se o ke jara de Edom tiina. Edom tiina bam ma ba ba gilimi o de o nɔɔna bam ba ke tetare ne. Tete ne mo Jehoram de o jar-keira bam wane ba lu ba jeŋa ne ba jwoori sɔŋɔ. 10De zem maama Edom tiina ta ve mo se ba taa wo Judah tiina dam kuri ne. Libina teo tiina de déem ke konto dwoŋi mo. Ko ye Jehoram na mɛ o kwaga o ya Baŋa Wɛ wom na ye o nabaara Wɛ to ŋwaane mo ko déem ke konto. 11O déem ta lɔge wara-jei bimbina Judah zwonnu tem yuu ne mo. Konto ma pa Jerusalem de Judah tiina bam tusi mo de ba na dɛ ba zuli jwona ba daare Baŋa Wɛ to.
12Dɛ dedwe mo Jehoram jwoŋi tɔnɔ Wɛ sampwora Elija jeŋa ne ye ko popone we:
“Baŋa Wɛ wom na ye n kwo David Wɛ to mo taga o we: Nmo wo sɛ se n kwei n kwo Jehosafate totoŋ-naga kam, naa n kwo-nakwe Asa totoŋ-naga kam de. 13Nmo nam na ke tei to, n kwei Isarele pwa totoŋ-naga kam mo n tɔga. N ma‑n da ko ŋwaane n pa Judah tiina de Jerusalem tiina bam yage Baŋa Wɛ, ba daa ba zuli‑o, nenɛɛne Ahab de o kwaga kam de na ke tei to. Ko woli da, n ta yɔɔre n go n nyaana balo na ye n tete kwo bia to. Banto nam ya gare‑m. 14Baŋa Wɛ de laam nam yɔɔre o ti o yiga mo se o dole n nɔɔna bam jaguli-zane, ko woli de n bia, de n kaana, de n n na jege kolo maama to. 15Nmo tete nam lage n na jawe-chɛɔ mo pa se ko tiini ko ja n wo loro tem taa, ye te laam pi te nwoŋi te to tega ne.”
16Ko kwaga seeni mo Baŋa Wɛ chiŋi Filisi tiina bam, de Arabi tiina balo déem na zoore ba twɛ de Kusi tiina bam to o yage Jehoram yera ne. 17Ba ma vo ba kwaare jara de Judah laŋa kam ba di-ka. Ba ma zo pɛ sɔŋɔ kom ba pɛ zela yalo maama na wora to ba ja ba viiri. Ba ta ma kale Jehoram kaana, de o bia bam ba ja ba woli da ba kɛ. Ahazia yerane mo ba déem yage‑o da. Wonto mo ye balaŋa Jehoram bakeiri sem maama wone.
18Wonnu tento maama kwaga ne, Baŋa Wɛ ma pa jawe-chɛɔ ja Jehoram o wo loro tem ne, ye ko yɔɔrem tera. 19Bena yalei na kɛ to mo o wo loro tem tage te nwoŋi, pa o na zonne dedɛ ye o te. O nɔɔna bam déem maa wo tɔrege min-vo-zɔŋɔ se ba ma zuli o yere, ne ba na yeini ba ke tei o nabaara bam toone baŋa ne to.
20Jehoram déem jege bena fintɔ-yalei mo ye o ji pɛ. O ma jeini Jerusalem ne o di paare o ke bena nana. O toone dem wo daane nɔɔn-nɔɔno. Ba ma kwei‑o ba suli David teo Jerusalem ne, se ko dae pwa yibeela yam wone mo ba suli‑o.",https://www.bible.com/bible/3661/2CH.21.KBG
2 TIGISIM 22,"Judah teo pɛ Ahazia taane
1Jerusalem teo tiina bam ma pa Jehoram bu Ahazia ji pɛ o leiri o kwo yuu ne, Arabi tiina venverena bam na wuuri ba go Jehoram bakeiri-kwe sem ba daare Ahazia yerane to ŋwaane. Konto to, Ahazia na ye Jehoram bu-balaŋa kam to ma bobo se o di Judah teo paare. 2O déem jege bena finlei-yalei mo ye o laam ji pɛ. O ma jeini Jerusalem ne o di paare dem o ke bene dedwe. O nu déem mo ye Atalia wolo na ye Isarele teo pɛ Omiri naa to.
3Ahazia déem kwei pɛ Ahab de o dwi dem totoŋ-naga kam mo, o nu na soge‑o o de puseŋa kikia wone to ŋwaane. 4O tiini o toŋe lwarem o ma o chɔge Baŋa Wɛ yiga, ne Ahab dwi dem na ke tei to. Kokuri to, o kwo toone kwaga ne, banto mo yeini ba bere‑o pa o tusa. 5O ma sɛ ba bera yam pa se o da de Isarele teo pɛ Ahab bu Joram o vo Ramofa-Gilead se ba kwaare jara de Siria teo pɛ Hazayeli. Siria tiina bam ma ke Joram zonne jara yam wone. 6Mo kokuri o jwoori o vo Jezerele teo se ba teibi o fufwollu tem ba pa‑o. O na wo Jezerele ne to, Judah teo pɛ Ahazia ma vo o tei se o ware‑o de o zonne dem.
7Ahazia na vei se o daane Joram jaweo kom to, Wɛ déem tɔge o keim dem konto baŋa ne mo se o pa o paare dem ti. O ta na wo Joram tei ne to mo ba tɔge daane ba vo se ba na Nimisi bu Jehu. Baŋa Wɛ nam ya maŋe o kuri Jehu mo se o pa Ahab dwi dem yere saare. 8Jehu na yɔɔre o wora o chɔge Ahab dwi dem konto to, mo o nɛ Judah teo nakwa badaara, de Ahazia zembaara bam bia badwonna. Ahazia na vei se o daane Joram jaweo kom to, banto ya tɔge o kwaga mo. Jehu ma go ba maama. 9Konto kwaga ne, mo o toŋe o nɔɔna se ba beeri Ahazia jei. Ba ma na we, o vei o seigi o tete Samaria ne mo. Ba ma zi‑o ba ja ba vo Jehu tei ye o de go‑o.
Ba ma da o kwo-nakwe Jehosafate yere ŋwaane ba kwei Ahazia ba suli. Kokuri to, ba déem tage ba tete ne mo ba we, “Jehosafate déem zuli Baŋa Wɛ de o bochare maama, ye Ahazia de ye o naa mo.” Nɔɔn-nɔɔno déem daa maa wo daare Ahazia dwi dem wone se kotu wane o di Judah paare dem.
Atalia de Joasa taane
10Pɛ Ahazia nu Atalia na maane we o bu wom tega to, o ma zaŋe se o pa ba go Judah pa-diga kam nɔn-bia maama. 11Ba na tu se ba go pɛ wom bia bam to, Pɛ Jehoram bukɔ Jehoseba ma ŋɔ Ahazia bu-seseŋa kam yere na ye Joasa to o seigi. O ma kwei bu wom de kaane wolo na jege‑o o kɔna to o vo o seigi o peiga jei ne se Atalia yé na‑o. Jehoseba déem ye Ahazia nakɔ ye o kwori o ye Wɛ kaanem tu Jehoyada kaane. Ko ma pa se o seigi Joasa pa se Atalia wo nɛ chwoŋa se o go‑o. 12Joasa déem maŋe ba tei ne bena yaredo mo, ye ba seigi‑o Wɛ wara-jei sem diga kadwoŋi wone. Maŋa kam konto ne Atalia ma nii Judah teo paare dem baŋa ne.",https://www.bible.com/bible/3661/2CH.22.KBG
2 TIGISIM 23,"1Bena yarepɛ na kɛ to mo Wɛ kaanem tu Jehoyada déem jaane baare se o ke keim. O ma ke ni-sɛɛm de dedɛɛra balo na tei jar-keira bi bi to badwonna. Banto maa ye Jeroham bu Azaria, de Jehohanan bu Isameli, de Obeda bu Azaria, de Adaya bu Maaseya, de Zikiri bu Elisafate. 2Dedɛɛra bam konto ma tole Judah teene dem maama wone ba la Levi tiina bam, de Isarele sɔ-yuni yiga tiina bam ba ke daane. Ba maama laam ma vo Jerusalem 3ba zo Wɛ diga kam wone. Ba ma jeeri Joasa yiga ne, ye ba daare ba gwoni ni ded‑o. Jehoyada ma ta de ba maama o we:
“Pɛ wom bu Joasa mo tento o zege á yiga ne. O nam jege se o jeini o di o kwo David paare dem, ne Baŋa Wɛ na maŋe o gwoni ni se ko taa ye tei David dwi dem seeni to mo. 4Abam na jege se á ke tei to mo tento: Abam balo na ye Wɛ kaanem tiina de Levi dwi tiina ye á pɔɔre kuni betɔ to, á kɔgɔ kolo na tui totoŋa siu dɛ ne to chichworo wó taa yere Wɛ diga kam nia yam. 5Abam chicheiro de wó taa nii pɛ sɔŋɔ kom, se chicheiro kodwoŋi kom de taa nii Biri-beira ni dem. Abam balo na daare to laam wó taa zege á yere Baŋa Wɛ diga kam konkwallo tem. 6Nɔɔn-nɔɔno dae se o zo Wɛ diga kam, ko ná dae kaanem tiina de Levi tiina balo na jege totoŋa se ba toŋe ka wone to yerane. Banto jege chwoŋa se ba zo, bɛŋwaane ba kwɛ ba tete Wɛ ŋwaane mo. Balo maama na daare to jege se ba taa nii totoŋe delo Baŋa Wɛ na pɛ-ba se ba taa ke to baŋa ne mo. 7Levi tiina bam jege se ba fɔge ba zege ba gilimi pɛ wom mo ba ke tetare ne, ye ba zei ba jara zela. Nɔɔno wolo ná zo diga kam, se á yɔɔre á go kotu. Pɛ wom nam na wó vo mɛ maama to, se abam de ta‑á wo o tei ne.”
8Levi tiina bam, de Judah tiina bam maama ma seene ba tɔge ni delo maama Wɛ kaanem tu Jehoyada na taga to. Ba dedoa dedoa ma ja ba nɔɔna ba ba Jehoyada tei, ne ko ná ye balo na tui totoŋa siu dɛ ne to, de balo na ti ba totoŋa siu dɛ ne to de. Kokuri to, Jehoyada wo pɛ ba popɔre maama chwoŋa se ba yage ba totoŋa. 9Jehoyada ma kwei chichwoa de jara-keim nantane selo déem na ye David nyem ye te tigi Wɛ wara-jei sem ne to o pa jar-keira dedɛɛra bam. 10O ma pa se nɔɔna bam maama vo ba zege ba gilimi pɛ wom ba ke tetare ne, ye ba zei ba jara zela. Ba déem tigisi ba tete Wɛ diga kam jei maama ne, jagwia seeni de jazem seeni, ko zege kaanem bimbini dem takeiri ne de diga kam tete yiga ne. 11Jehoyada de o bia bam déem ma ja pɛ wom bu Joasa ba ja ba nwoŋi. Ba ma kwei paare yipuga kam ba pu o yuu ne, ye ba daare ba kwei paare tiŋim seina tɔnɔ kom ba ke o jeŋa ne. Ba ma lwo nuga o yuu ne ba ma ba tiŋi‑o paare. Nɔɔna bam ma tɔɔle ba we, “Wɛ wó pa pɛ wom momwɛ-dɛɛre!”
12Atalia na nigi nɔɔna bam na ke sɔɔ ye ba tei pɛ wom to, o ma ke lela o nwoŋi o vo Baŋa Wɛ wara-jei sem o daare o na nɔn-kɔgɔ kom. 13O ma na pɛ wom na zege ywei delo na wo Wɛ diga kam ni ne to teiŋa ne, ne ba na yeini ba ke tei ba tiŋi pɛ to. Dedɛɛra bam de balo na wui nabwanno to maa zege pɛ wom takeiri ne. Teo kom nɔn-bia bam maama maa chaka de wopwolo ye ba badwonna wui nabwanno. Lein-leena bam de maa zege da de ba kwɛɛra zela ba mɔɔne lei ba seini pɛ wom. Atalia na nɛ konto to, o ma ja o gwaaro tem o vaŋe o kaare ye o we, “Bebare-nyena mo zaŋe a baŋa ne!”
14Jehoyada ma ta de jar-keira dedɛɛra bam o we, “Ja-na Atalia á nwoŋi Wɛ diga kam wone á ke‑o babɛ sem gena tetare ne. Nɔɔno ná kwaane se o woli‑o, se á kwei se-zɔɔ á go kotu.” Kokuri to, Jehoyada ya maŋe o ta we, ba yé go Atalia Baŋa Wɛ diga kam wone. 15Ba ma zi Atalia ba ja ba nwoŋi ba vo pɛ sɔŋɔ kom. Ba ma pa o tɔge manchwoŋo ni mɛ sisei na tɔge da se zoore nabwoo kom to, ye ba daare ba go‑o jei sem konto ne.
16Wɛ kaanem tu Jehoyada ma pa se o de pɛ wom de nɔɔna bam maama gwoni ni de Baŋa Wɛ we, ba wó taa ye Baŋa Wɛ tete nɔɔna. 17Nɔɔna bam maama déem ma vo ba zo Baal jwoni diga kam ba yigi ka maama ba de tega ne, ba daare ba chochoge kaanem bimbina yam de jwoni kamwaro tem maama. Ko ta ná ye Baal kaanem tu Matan, ba jaane‑o bimbina yam takeiri ne mo ba go.
18Jehoyada ta ma kuri balo na ye kaanem tiina de Levi dwi tiina to se ba taa nii Baŋa Wɛ diga kam totoŋa yam baŋa ne, ne Pɛ David déem na pɔɔre ba totoŋa yam tei to. Banto ye se ba taa zwɛ vara ba ke kaanem ba pa Baŋa Wɛ, ba daare ba taa leeni lei de wopwolo, ne Moses nia yam de David bera yam déem na ye tei to. 19O ta ma kwei nɔɔna o zege Baŋa Wɛ diga kam manchwo-peena yam ne, se ba taa cho se nɔɔna balo maama na wo kwɛ ba tete de chullu tem to yé zo ka wone.
20O laam ma tɔge de jar-keira dedɛɛra bam, de nakwa bam, de yiga tiina bam, ko ta woli de teo kom nɔn-bia bam maama, se ba vo ba ja pɛ Joasa ba ja ba nwoŋi Baŋa Wɛ diga kam wone. Ba ma ja‑o ba vo ba tɔge ka ni delo na wo baŋa seeni to ba vo ba zo pɛ sɔŋɔ kom. Ba ma ja Joasa ba pa o jeini paare yituŋu kom baŋa ne. 21Nɔn-bia bam maama maa chaka de wopwolo. Ko kwaga ne teo kom maama ma ke ziim, ba na go Atalia to ŋwaane.",https://www.bible.com/bible/3661/2CH.23.KBG
2 TIGISIM 24,"Joasa na kwɛ Wɛ diga kam tei to
2 Pwa 12:1-16
1Joasa déem jege bena yarepɛ mo ye o di Judah teo paare dem. O ma jeini Jerusalem ne o di paare bena finna. O nu yere mo Zibia, o na nwoŋi Beeriseba to. 2Wɛ kaanem tu Jehoyada ta na wo o ŋwea wone maŋa kalo to, Joasa totoŋa su Baŋa Wɛ yi mo. 3Jehoyada ma kuri kaana balei o pa Joasa se o di o ma o ke o kaana. Ba de ma lo bia ded‑o, bakeiri de busankane.
4Ko na wora ko wora to, Joasa boboŋa ma ja se o fɔge o kwɛ Baŋa Wɛ diga kam. 5O ma la kaanem tiina bam, de Levi tiina bam o ke daane ye o ta de-ba o we, “Véi-na á tole Judah teene dem maama wone á jwoŋi bene dem wone lampwoo kom nɔɔna bam maama tei ne, se dé ma dé fɔge dé kwɛ Wɛ diga kam. Nam yé dáane-na de totoŋe dem.” Levi tiina bam nam wo ke ba yiga totoŋe dem wone.
6Pɛ wom ma da ko ŋwaane o toŋe o bwoŋi kaanem nakwe tu Jehoyada ye o bwei‑o o we, “Bɛŋwaane mo nmo wo nii ko baŋa ne se Levi tiina bam kaare ba vo Jerusalem de Judah teene dem maama wone ba jwoŋi lampwoo kolo na ye Wɛ ni-gwonim vwei dem ŋwaane to? Baŋa Wɛ tontoŋeno Moses déem tiŋi ni dem konto mo o pa Isarele kɔ-fɔrɔ kom ye ba de sɛ.”
7Puseŋ-nyem Atalia bia bam nam ya ŋɔge ba zo Wɛ diga kam wone mo ba chɔge-ka. Ba ta bere ba vere wonnu telo na ye wose Baŋa Wɛ ŋwaane to mo ba ja ba nwoŋi ba ma ba zuli Baal jwona yam.
8Pɛ wom ma pa ni ye ba kwei dɛ ba mage dakaa ba daare ba zege-ka pwooni yiga ne, se ko maŋe de Baŋa Wɛ diga kam manchwo-peena yam. 9Ba ma toŋe kwora Jerusalem de Judah teene dem maama wone se nɔɔna bam ja lampwoo ba ba ba pa Baŋa Wɛ, ne Wɛ tontoŋeno Moses déem na pɛ Isarele tiina bam ke tei kagoa yuu ne to. 10Dedɛɛra bam de nɔɔna bam maama ma ja ba sabia ba ba Jerusalem de wopwolo. Ba ma kwei ba pɛɛra yam ba de dakaa kam wone pa ka ba ka su. 11Dɛ maama wone, Levi tiina bam ná kwei dakaa kam ba ja ba vo pɛ wom dedɛɛra bam tei, ye ba ná nɛ we sabia bam daga, pɛ wom tɔn-poponno wom, de kaanem nakwe tu zeinnu wom yeini ba lwo ka wo sabu kom mo ba tiŋi, ye ba jwoori ba ja dakaa kam ba vo ba zege ka ya na zege mɛ to. Ba yɔɔre ba ke konto mo dɛ maama pa ba ba ba la sabu zanzam. 12Pɛ wom de Jehoyada ma kwei sabu kom ba ke nɔɔna balo na wó taa nii Baŋa Wɛ diga kam totoŋa baŋa ne to jeŋa ne. Banto de ma beeri lɔra, de gwaro, ye ba ŋwe-ba se ba taa toŋa ba kwɛ Baŋa Wɛ diga kam. Ba déem ta beeri balo na yei luuru de channa totoŋa to mo se ba de taa kwɛ wonnu.
13Tontoŋena bam maa ye jawale-nyena, pa totoŋa yam yɔɔre ya vei yiga. Ba ma fɔge ba kwɛ Wɛ diga kam ba ti pa se ka tɔge chwoŋa ye ka tiini ka dana. 14Ba na toŋe ba ti konto to, ba ma ja sabu kolo ta na daare to ba vo ba pa Pɛ Joasa de Jehoyada. Ba de ma kwei-ko ba pa nɔɔna se ba ma ba ke sabu-seŋa de lu-nyenno zwe de zela yadwonna Baŋa Wɛ diga totoŋa yam de zwɛɛm pɛɛra kaanem dem ŋwaane. Maŋa kalo Jehoyada ta na wo o ŋwea wone to mo nɔɔna déem yeini ba kwei zwɛɛm pɛɛra ba ke kaanem ba pa Baŋa Wɛ o wara-jei sem ne.
15Jehoyada déem nam ya tiini o kwe mo se ko maŋe de bena bi de fintɔ ye o laam te. 16Ba ma ja‑o ba vo ba suli David teo Jerusalem ne mɛ ba na yeini ba suli pwa to. Ba ke konto o na toŋe wo-laaro Isarele teo kom ne o pa Wɛ, de Wɛ diga kam to ŋwaane mo.
Joasa puseŋa kikia yam
17Ko daare, Jehoyada toone kwaga ne, mo Judah teo dedɛɛra bam vei Joasa tei ba jɔɔne‑o. Ba na lwori ba nia daane to, pɛ wom ma sɛ se o ke ba boboŋa yam ne. 18Konto baŋa ne mo Judah tiina bam swei Wɛ diga kam swia. Ba ma da ba zuli Asera nyenyego dɛ, de jwona yadwonna, ba daare ba yage ba nabaara Wɛ wom zula. Ba na sage chwoŋa de ba wɛleera kikia yam konto to, Baŋa Wɛ bane ma zaŋe de Judah tiina bam, de Jerusalem tiina bam. 19De ko de, Baŋa Wɛ ta toŋe o sampwori mo se ba kaane nɔɔna bam se ba pipiri ba jwoori o tei. Nɔɔna bam ma ve se ba cheigi sampwori sem taane dem.
20 Baŋa Wɛ Jworo déem ma chu kaanem tu Jehoyada bu Zekaria baŋa ne. O ma zege nɔɔna bam yiga ne o ta o we, “Wɛ na tage tei to mo tento: Bɛŋwaane mo abam yeini á ve Baŋa Wɛ nia yam? Abam yɔɔre á beeri cham mo á pa á tete. Abam na nwoŋi Baŋa Wɛ kwaga ne to ŋwaane, o de dole abam mo o yage.”
21Nɔɔna bam ma ke bana se ba go Zekaria. Pɛ Joasa ma pa ni pa ba dole‑o de kandwa ba go Baŋa Wɛ diga kam konkɔlɔ kom wone. 22Pɛ wom swei Jehoyada ya na ke‑o lanyerane tei to mo pa se o go o bu Zekaria. Zekaria na wora o to to, mo o taga o we, “Baŋa Wɛ wó nii o na kolo á na jege á ke to se o yiri jene o pa-ne.”
23Bene dem konto maa na yɔɔre de wora de ti to, mo Siria tiina jar-keira tu ba kwaare jara de Joasa. Jara yam ma yi Jerusalem de Judah teene dem maama. Siria jar-keira bam ma yɔɔre ba go Judah yiga tiina bam maama, ye ba daare ba pɛ ba jejegero tem maama ba ja ba jwoori Damasika se ba ke-te ba pɛ wom jeŋa ne. 24Siria jar-keira bam déem seene ba ye fenfee yerane mo. De ko de, Baŋa Wɛ yage chwoŋa mo pa ba wane Joasa jar-keira kɔ-fɔrɔ kom ba di. Judah tiina bam déem na lɔge Baŋa Wɛ wom na ye ba nabaara Wɛ kwaga ne to ŋwaane mo o waare Joasa. 25Jara yam na ke ya ti ye Siria jar-keira bam maa viiri to, de Joasa tiini o na zonne mo. O tete dedɛɛra ma bwɛ daane se ba go‑o, o na go kaanem tu Jehoyada bu Zekaria to ŋwaane. Ba ma li‑o ba go ye o tigi o peiga jei ne. Joasa na tege to, ba ma suli‑o Jerusalem ne, ye ko dae yibeela yalo ba na yeini ba ke pwa ya wone to ne.
26Ko déem ye Zabadi wolo nu na ye Amon tiina bukɔ Simeafi to, de Jehozabadi wolo nu na ye Moaba tiina bukɔ Simirifa to mo ke bana ba vo ba go Joasa. 27Ko nam ná ye Joasa bia bam yera taane, de Wɛ sampwori sem na pworisi wonnu telo ko vo o tete seeni to, de o na fɔge o kwɛ Wɛ diga kam tei to memaŋa, te maama popone te tigi Pwa Seina tɔnɔ kom wone. Joasa bu Amazia ma leiri o yuu ne o ji pɛ.",https://www.bible.com/bible/3661/2CH.24.KBG
2 TIGISIM 25,"Judah teo pɛ Amazia taane
1Amazia déem jege bena finlei-yanu mo ye ba tiŋi‑o paare. O ma jeini Jerusalem ne o di paare dem o ke bena finlei-nogo. O nu yere mo Jehoadin ye o nwoŋi Jerusalem. 2O totoŋa déem su Baŋa Wɛ yi lanyerane, se ko nam dae de o wo maama mo o toŋe. 3O na yɔɔre o jeini paare dem baŋa ne to, o ma go nɔɔna balo déem na jaane o kwo ba go to. 4O nam wo pɛ ba go nɔn-gora bam konto bia bam. O déem sɛ ni delo Baŋa Wɛ na pɛ Moses to. Ni dem konto bere we, “Kwoa ba jege se ba te ba bia kikia ŋwaane. Bia de nam ba jege se ba te ba kwoa kikia ŋwaane. Nɔɔno ná maŋe se o te, ko wó taa ye o tete yuu lwarem ŋwaane mo.”
5Amazia déem ma la Judah dwi tiina de Benjamin dwi tiina bam. O ma pɔɔre-ba pa ba ye jar-keira kɔgɔ de kɔgɔ se ko tɔge ba sɔ-yuni tem na ye tei to. O ma pɔɔre-ba nɔɔna moro moro, de nɔɔna bi bi mo, ye o daare o kuri dedɛɛra se ba taa nii kɔgɔ maama baŋa ne. O ma jeeli balo na yi bena finlei ba daŋe ye ba yei jara keim to ni. Ba déem ye baara morro bia yatɔ (300,000) mo, ba na maŋe se ba zeeri chichwoa, de jara-keim nantane to. 6Amazia ta ma kwei lu-nyenno kilo morro tetɔ de bia yana (3,400) o ŋwe jar-keira morro bi (100,000) na nwoŋi Isarele laŋa kam to se ba ba ba woli o tete jar-keira bam wone.
7Wɛ sampwora kadwoŋi nam yɔɔre o ba o tei o ta ded‑o o we, “Pɛ, yé pa Isarele tiina jar-keira bam konto tɔge de nmo nɔɔna bam ba vo ba ke jara yam. Kokuri to, Baŋa Wɛ dole Isarele tiina bam o yage mo. O yɔɔre o ve Efrayim dwi tiina bam maama mo. 8Nmo ná maŋe n vɔ pu-dɛa tei maama n vo n ke jara yam, nam lɔre we Wɛ wó pa n dona bam chwoŋa se ba wane‑m. Wonto mo jege dam se o pa nɔɔna di yiga jara wone, ye o ta wae o pa ba toe de.”
9Amazia ma bwei Wɛ sampwora kam o we, “Se ko ná ye lu-nyenno tem a na ŋwe Isarele jar-keira bam ŋwaane to, a nam wó ke tɛ mo?” Wɛ tontoŋeno wom ma leiri o we, “Baŋa Wɛ wó wane o pa‑m nyɔɔre delo na tiini de dwoi konto to.”
10Amazia ma pa jar-keira balo na nwoŋi Efrayim laŋa kam ne ba ba to ni we, ba jwoori ba sam. Keim dem konto ma pa ba bane tiini de wiira de Judah tiina bam, ye ba jwoori ba viiri de ban-lom.
11Amazia ma yɔɔre o vɔ pu-dɛa o ja o jar-keira bam o vo Yɛ bwolo kom. Dáane mo o ke jara de Edom tiina, ye o go ba jar-keira morro fuga (10,000). 12Judah tiina bam ta wane ba zi Edom jar-keira morro fuga (10,000) badwonna ye ba ta ŋwe. Ba ma kale-ba ba ja ba di pe-dedɔrɔ yuu. Ba laam ma zege peo kom yuu ne ba yigi-ba ba de tega ne pa ba maama to ba te.
13Ko daare ko ná ye Isarele jar-keira balo Amazia na pɛ se ba jwoori ba sam pa ba wo tɔge ba ke jara yam to, banto vei ba li ba chɔge Judah teene dedwonna mo. Ba zege Samaria seeni mo ba chɔge teene dedɛ ba vo ba yi Bɛte-Horon. Ba ma go nɔɔna morro tetɔ (3,000) ye ba daare ba vere wonnu dedɛ ba ja ba viiri.
14Amazia na wane Edom tiina bam ye o maa jwoori Jerusalem to, o jaane ba jwona mo o woli da o ba. O déem ma chwi-ya o zege ye o tiiri ya yiga ne, o daare o ke kaanem o pa-ya. 15Baŋa Wɛ bane ma tiini de fuli Amazia baŋa ne. O ma toŋe o sampwora Amazia tei ne de kwora o bwei o we, “Bɛŋwaane mo nmo jege wa-yɔɔro tento n zula, ye ya maŋe ya wo wane ya tete nɔɔna ya jwoŋi n jeŋa ne ya yage?”
16Wɛ sampwora kam na jege taane dem o ŋɔɔne to, mo pɛ wom gwoni o zo taane dem wone o we, “Ei! Dé kuri nmo mo se n ta‑n tui pɛ wom yiga n bere‑o wonnu na? Nmo ná wo yage taane dem, a wó pa ba go‑m.” Wɛ sampwora kam ma seene o yage taane delo o ya na jege o ŋɔɔne to, ye o ta o we, “Amo nam lɔre jaja we Wɛ jaane boboŋa mo se o chɔge‑m n totoŋ-balɔrɔ kom ŋwaane. N ta ma ve se n cheigi a taane dem.”
17Dɛ dedwe mo Judah teo pɛ Amazia bane de o nɔɔna bam ye o daare o toŋe o tontoŋena se ba vo ba gware Isarele teo pɛ Jehoasa na ye Jehohaza bu ye o ta ye Jehu naa to. Amazia ma ta ded‑o we, “Ba n jeeri-ne se dé ke kayiŋu.” 18Pɛ Jehoasa ma jwoori o toŋe kwora o pa Judah teo pɛ Amazia o we, “Sabara kadwoŋi mo zege Lebanon ne ka toŋe kwora ka pa Sedare tei-zɔŋɔ Lebanon ne ka we, ‘Kwei n bukɔ wom n pa a bu se o di o ma o ke kaane.’ Konto nɛ sem ni ne mo ga-varem zege Lebanon ne ka nɔne sabara kam ka chɔge. 19Nmo bere n tete we, n wane n di Edom tiina bam mo pa se n cho n vɔna konto. Nam ya maŋe n sɔŋɔ ne se n jwoŋi zula. Bɛ mo ye n boŋe se n vaare lɛɛro n yage nmo tete yuu ne, de Judah tiina de yuu ne?”
20Amazia ma se o zwa de taane dem konto. Kokuri to, ko ye Wɛ boboŋa mo se o tɔge dáane o waare Amazia de o na lɛɛne o zuli Edom tiina jwona yam to. 21Ko kwaga ne Isarele teo pɛ Jehoasa ma la o jar-keira o ke daane ye ba vo Judah teo Bɛte-Semesa ba kwaare jara de Amazia. 22Isarele jar-keira bam ma wane ba di Amazia de o nɔɔna bam pa se ba maama duri ba jwoori ba sam. 23Pɛ Jehoasa ma zi Amazia Bɛte-Semesa ne. O ma ja‑o o vo Jerusalem. Dáane mo o bwori teo kom kabira kalo na zege Efrayim Ni dem ne se ka vo ka yi Gugworo Ni dem to. Ka laŋa kam déem ye naba-laara bia yalei mo. 24O ma vo o zo Wɛ diga kam o vere ka sabu-seŋa de lu-nyenno wonnu maama, de ka lonne zela yalo Obed-Edom dwi dem na yere to. O ta ma pɛ jejegero telo na tigi pɛ sɔŋɔ kom ne to. O ma ja te maama o jwoori Samaria. O ta ma ja teo kom nɔɔna o ja viiri se ko fe Judah teo pɛ se o sɛ o ni.
25Isarele teo pɛ Jehoasa toone dem kwaga seeni, Judah teo pɛ Amazia déem ta nɛ bena fuga-yanu mo ye o laam te. 26Amazia déem na di paare ye o ke wonnu telo maama to, ko zege o paare dem boboa ne se ko yi de na kweeli maŋa kalo to, ba popone-te ba tiŋi Judah de Isarele Pwa Seina tɔnɔ kom wone. 27Ko déem na zege maŋa kalo Amazia na mɛ o kwaga o ya Baŋa Wɛ to, Jerusalem dedɛɛra badwonna ke ni daane mo se ba go‑o. O ma duri o vo Lakisi. O dona bam ma toŋe nɔɔna se ba pare‑o. Ba ma yi‑o ba go Lakisi ne. 28Ba ma kwei Amazia yera yam ba daŋe sisein-nɔɔno baŋa ne ba ja ba jwoori Jerusalem. Ba ma kwei‑o ba suli o kwoa bam yibeeli ne.",https://www.bible.com/bible/3661/2CH.25.KBG
2 TIGISIM 26,"Judah teo pɛ Yuzia taane
2 Pwa 15:1-7
1Judah tiina bam maama ma kuri Yuzia se o leiri o kwo Amazia yuu ne o ji pɛ, de o na jege bena fuga-yaredo to de. 2Yuzia kwo toone kwaga ne, o déem ma jwoori o jwoŋi Elofe teo kom o woli Judah kateiri dem wone, ye o fɔge o lɔ-ko.
3Yuzia déem jege bena fuga-yaredo mo ye ba tiŋi‑o paare. O ma jeini Jerusalem ne o di paare dem o ke bena finnu-yalei. O nu wom yere mo Jekolia ye o nwoŋi Jerusalem. 4O totoŋa déem su Baŋa Wɛ yi lanyerane, nenɛɛne o kwo Amazia na ke tei to. 5Zekaria déem mo yeini o bere‑o Wɛ chwoŋa na ye tei to. Zekaria ta na ŋwe to, Yuzia yɔɔre o zuli Baŋa Wɛ mo. O maa na zuli Wɛ konto to, Wɛ de pɛ o wonnu ke lanyerane mo te pa‑o.
6Yuzia ma vo o kwaare jara de Filisi tiina bam. O ma vo o li Gafa, de Jabenɛ, de Asedodi teene dem o yigi de kabiri sem o de tega ne. O laam ma lɔ teene pa de bwola de Asedodi, dedaane Filisi tiina bam na zoore jei sedaara ne to. 7Wɛ ma woli‑o pa se o wane Filisi tiina, de Meyunim tiina, de Arabi tiina balo na zoore Guri-Baal seeni to maama. 8Amon tiina bam de maa jaane pɛɛra ba tui ba pae Yuzia se ba sɛ ba pa‑o. O yere déem tiini de zaŋe jei maama ne se ko vo ko yi Ejipti teo siseini, o na tiini o jege dam to ŋwaane.
9Yuzia déem lɔge di-dedwaaro Jerusalem teo kabira kam ne mo o zege pa teo kom dana. O ke konto Gugworo Ni dem teiŋa ne, de Bwolo Ni dem teiŋa ne, dedaane mɛ seeni kabira kam na gugwoli to ne. 10O ta ma pa ba lɔ di-dedwaaro ba zege kagoa kam ne, ye ba daare ba ko vola dedɛ, o na jege vara dedɛ wɛ-zoore seeni bwollu tem ne, de te-kampare jei sem ne to ŋwaane. Zwonnu laŋa kam ne, de te-ywoŋa jei sem ne o tontoŋena maa vare tega kam ba pa‑o ye ba jeiri Vini teeni, o na swoi varem de kɔnɔ totoŋa to ŋwaane.
11Yuzia déem ta jege jar-keira balo na yei jara keim laŋa chekke to. Ba maa ye siri se ba nwoŋi kɔgɔ de kɔgɔ ba ke jara. Tɔn-poponno Jeyeli de o kwaga nɔɔno Maaseya mo yeini ba tigisi-ba ba ke daane ne ba na jeeli ba ni dem se ko maŋe tei to. Pɛ sɔŋɔ dedɛɛro Hanania déem nii jar-keira kɔgɔ kom maama baŋa ne mo. 12Sɔ-yuni yiga tiina balo na tei jar-keira bam kɔgɔ de kɔgɔ to déem ye nɔɔna morro telei de bia yaredo (2,600) mo. 13Ba nam na jege nɔɔna balo ba nii to maama ye jar-keira morro bia yatɔ de yarepɛ dedaane bia yanu (307,500) mo. Banto maama yɔɔre ba yei jara-keim laŋa chekke, pa se ba wae ba cho pɛ wom se o dona yé wane‑o. 14Yuzia ma kwei jara-keim nantane, de chichwoa, de yu-gwonnu, de jara-keim gwaaro, de tɛ, de napana kandwa o pa-ba. 15O ma pa o tontoŋena badwonna ke wonnu telo na wae te tae chena, ye te dole kandwa-zana te yaga ba dona baŋa ne to. O ma zege wonnu tem konto Jerusalem kabira di-dedwaaro tem ne, de kabira gugworru tem ne. Yuzia yere dem déem tiini de zaŋe jei maama ne, Wɛ na tiini o zeini‑o pa o na dam dedɛ to ŋwaane.
16O nam na tu o na dam to, mo o bere o tete kamunim. Konto nam mo yɔɔre ko pa o to tega ne. Dɛ dedwe, o ma tusi o chɔge o Tu Baŋa Wɛ yiga ye o zo Wɛ diga kam wone se o zwɛ talwoŋ-ywoŋa ka bimbini dem baŋa ne. 17Baŋa Wɛ kaanem tu Azaria ma tɔge de kaanem tiina funɔnɔ ba na jege pu-dɛa to, pa ba zo o tei. 18Ba ma yɔɔre ba ta ded‑o ba we, “Pɛ Yuzia, ko dae ko chwoŋa ne se n zo ywo n zwɛ talwoŋa n pa Baŋa Wɛ. Ko ye Aron dwi dem mo Baŋa Wɛ pɔɔre o zege se ba taa ye kaanem tiina ba zwɛ talwoŋa kam ba pa‑o. Nwoŋi da o diga kanto ne. Nmo sage chwoŋa mo, pa Yuu-tu Baŋa Wɛ daa bá ke‑m lanyerane.”
19Yuzia nam ya zei min-chala zoŋa mo o ti o yiga se o zwɛ talwoŋ-ywoŋa kam. O bane ma zaŋe. O ma zege Baŋa Wɛ diga talwoŋa zwɛɛm bimbini dem yiga ne o bage kaanem tiina bam. O na jege-ba o bage to, mo naywaane jaweo kom bobo ko zaŋe o tiri seeni. 20Kaanem nakwe Azaria de kaanem tiina badaara bam ma maane we naywaane mo to pɛ wom yera ne. Ba na nɛ konto to, ba ma zeili‑o pa o nwoŋi lela. O tete de ma ke lela se o nwoŋi da, Baŋa Wɛ na pɛ se lɛɛro yi‑o to ŋwaane.
21Naywaane jaweo kom déem wo yage Yuzia yera kɔtaa. O dɛ de jaweo kom konto mo o vo o te. O déem zoore sɔŋɔ kolo na ye dáa dáa to wone mo, jawe-chɛɔ na wae ko lɔgese nɔɔna to na jege‑o to ŋwaane. O maa ba jege chwoŋa se o zo Baŋa Wɛ diga kam ne. O bu Jotam ma leiri o nii pɛ sɔŋɔ kom de teo kom nɔn-bia baŋa ne o pa‑o.
22Yuzia déem na di paare ye o ke wonnu telo maama to, ko zege o paare dem boboa ne se ko yi de na kweeli maŋa kalo to, mo Wɛ sampwora Izaya na ye Amozi bu to popone-te o tiŋi. 23Yuzia ma te ye o vo o kwoa tei. Ba ma kwei‑o ba suli pwola kalo na ye pwa bam nyem to wone. Ba nam wo ke‑o o kwoa yibeeli wone, kokuri to, ba déem tage mo ba we, “Naywaane jaweo kom mo jege‑o.” O bu Jotam ma leiri o yuu ne o ji pɛ.",https://www.bible.com/bible/3661/2CH.26.KBG
2 TIGISIM 27,"Judah teo pɛ Jotam taane
1Jotam déem jege bena finlei-yanu mo ye ba tiŋi‑o paare. O ma jeini Jerusalem ne o di paare dem bena fuga-yaredo. O nu wom déem mo ye Zadoki bukɔ Jerusa. 2O totoŋa ma su Baŋa Wɛ yi lanyerane, nenɛɛne o kwo Yuzia déem na ke tei to. O nam wo zo Baŋa Wɛ diga kam o chɔge ka chullu tem ne o kwo déem na ke tei to. Nɔɔna bam maa ke totoŋ-zɔɔna ba chɔge Baŋa Wɛ yiga. 3Jotam ma fɔge o lɔ Wɛ wara-jei sem ni delo na wo baŋa seeni to, ye o ta tiini o kwɛ teo kom kabira kalo na bwola de Ofeli peo kom to. 4O déem ta lɔge teene mo Judah zwonnu laŋa kam ne o zege, ye o daare o lɔ dam jei dedɛ o yage kagwe sem jei ne.
5Jotam déem vei o ke jara de Amon tiina pɛ de o nɔɔna mo ye o di-ba. O déem ma kwei bena yatɔ o fe Amon tiina bam pa bene maama wone ba jege se ba taa jaane lu-nyenno kilo morro tetɔ de bia yana (3,400), de banina ywollu morro fintɔ (30,000), de chaara ywollu morro fintɔ (30,000) ba tui ba pa‑o.
6Jotam déem tiini o na dam mo, o na seene o yia o tɔge o Tu Baŋa Wɛ boboŋa yam to ŋwaane. 7Jotam déem na di paare ye o ke wonnu telo to, de o na kwaare jara de teene delo to, ko woli de chwei selo o na tɔge to maama, ba popone-te ba tiŋi Isarele de Judah Pwa Seina tɔnɔ kom wone. 8Jotam déem jege bena finlei-yanu mo ye ba tiŋi‑o paare. O ma jeini Jerusalem ne o di paare dem bena fuga-yaredo. 9Jotam ma te ye o vo o kwoa tei. Ba ma kwei‑o ba suli David teo Jerusalem ne. O bu Ahaz ma leiri o di paare.",https://www.bible.com/bible/3661/2CH.27.KBG
2 TIGISIM 28,"Judah teo pɛ Ahaz taane
1Ahaz déem jege bena finlei mo ye ba tiŋi‑o paare. O ma jeini Jerusalem ne o di paare dem o ke bena fuga-yaredo. O nam wo toŋe o pwoli Baŋa Wɛ wo, nenɛɛne o nabaaro David na ke tei to. 2-3O déem tusi de o na kwei Isarele teo pwa bam totoŋ-naga to mo. O ma mɔ kamwaro o lwoni Baal jwona yam o zege, ye o daare o ke kaanem Ben-Hinom bwolo kom ne. O ma zwɛ o tete bia o ma o ke kaanem o pa jwona yam. O keim dem konto bere we o lwoni totoŋ-zɔɔna yalo dwi-gɛ tiina bam na ke ye Wɛ zeili-ba tega kam ne o daare o pa Isarele tiina bam jeini to mo. 4Ko ná ye wara-jei sem ne, de zwonnu tem baŋa ne, de teeni maama kuri ne, o déem yeini o ke kaanem de zwɛɛm pɛɛra mo jei sem konto maama ne.
5 Baŋa Wɛ ma da ko ŋwaane o pa o to Siria teo pɛ dam kuri ne. Siria tiina bam ma wane‑o jara wone. Ba ma kale o nɔɔna bam dedɛ ba ja ba vo Damasika pa ba ji peena da.
Konto kwaga ne, Wɛ ta pɛ Isarele teo pɛ mo na chwoŋa o wane Ahaz de o nɔɔna bam, pa ko zo ba yera lanyerane. 6Remalia bu Peka ma zaŋe o go Judah bembɛ morro bi de finlei (120,000) dɛ dedwe wone. Ko ye Judah tiina bam na mɛ ba kwaga ba ya Baŋa Wɛ wom na ye ba nabaara Wɛ to ŋwaane mo lɛɛro tento maama yi-ba. 7Efrayim tu Zikiri na yɔɔre o ye babea to ma go Judah pɛ wom bu Maaseya, de Azerikam wolo na nii pɛ sɔŋɔ kom baŋa ne to, de Elikana wolo wom dam na saŋe pɛ wom kwaga to. 8Isarele tiina bam ta fe ba chorro Judah tiina kaana de ba bia morro bia yalei (200,000) mo ba kale ba ja ba vo Samaria. Ba déem ta ma vere ba jejegero dedɛ ba woli da ba zeŋe ba viiri.
9Wɛ sampwora déem mo wora, o yere mo Odeda. O maa zoore Samaria teo kom wone. Isarele jar-keira bam na jwoori ba maa zoore Samaria teo to, mo o nwoŋi se o jeeri-ba. O ma ta de-ba o we:
“Ko ye Baŋa Wɛ wom na ye á nabaara Wɛ to bane na zaŋe de Judah tiina bam to ŋwaane mo o pɛ abam na chwoŋa á wane-ba. Abam nam tiini á go-ba ye ŋwaŋa tera, pa ko yɔɔre ko daane‑o. 10Abam laam na boŋe se á pa ba baara bam de ba kaana bam ji á kabɛ konto to, á wo lɔre we abam de tete ke wɛleera á chɔge á Tu Baŋa Wɛ yiga mo na? 11Nam cheigi-na a taane dem, se á pa ba jwoori ba teo. Ba ye abam tete chorro mo. Á ná ve se á ke konto, Baŋa Wɛ ban-lom wó to á baŋa ne mo.”
12Efrayim teo dedɛɛra bam bana de déem ma zaŋe ba vo ba bwɛ jar-keira balo na nwoŋi jara yam wone ba jwoori ba ba to. Banto maa ye Jehohanan bu Azaria mo, de Mesilemofa bu Berekia, de Salum bu Jehizekia, de Hadelayi bu Amasa. 13Ba ma ta ba we, “Yé ja-na peena bam konto á zo Samaria teo wo. Dé na maŋe dé ke wɛleera yalo to pɛ se Baŋa Wɛ bane zaŋe debam Isarele tiina baŋa ne mo. Yé pa-na se wɛleera yadwonna taa wo debam yuu ne ya woli da.”
14Jar-keira bam ma lɛɛre ba zege dedɛɛra bam de nɔn-kɔgɔ kom yiga ne ba kwei peena bam de jejegero telo ba na vere to ba yage. 15Dedɛɛra bana bam ma bwoli peena bam ba daare ba le gwaaro jejegero tem wone ba ma ba kwoli peena balo na zege da kalambwolo to. Ba ta ma kwei gwaaro, de natera, de wodiiru ba pa peena bam maama, ye ba daare ba kwei nuga ba ma ba lɛ ba fufwollu. Peena balo ta na bwomma to, ba ma kwei-ba ba daŋe bonɛ baŋa ne. Ba laam ma ja peena bam ba jwoori ba dwi tiina tei Jeriko ne, teo kolo ba na bwoi we ‘Konkware teo kom’ to. Dedɛɛra bam laam ma jwoori Samaria.
16Pɛ Ahaz ma toŋe o tontoŋena se ba vo Asiria teo pɛ tei ba lwoori‑o se o toŋe jar-keira se ba ba ba woli‑o. 17Kokuri to, Edom tiina bam ya daa tu ba kwaare jara de Judah tiina bam mo ba di-ba, ye ba daare ba zi nɔɔna ba ja ba viiri. 18Filisi tiina bam de ma vo Judah wɛ-zoore seeni bwollu tem, de kagoa kalo na wo tega-kuri seeni to ba li teene dedwonna da. Teene delo ba na vere to maa ye Bɛte-Semesa, de Ayijalon, de Gederofa, de Sokoo, de Timina, de Gimizo, dedaane de nawuura yam maama. Ba ma lɛɛre ba zoore de wone. 19Baŋa Wɛ nam yɔɔre o pa Judah dwi tiina bam tu tega mo Pɛ Ahaz kikia yam ŋwaane. Kokuri to, wonto mo pɛ chwoŋa se wɛleere puli Judah teo kom maama ne, ye o wo ke o chega dedaane Baŋa Wɛ. 20Asiria teo pɛ Tigilaf-Pilesa ma ba Ahaz tei. O nam wo tu se o woli‑o. O ma jwoori o pa ko tiini ko chɛ Ahaz yera. 21Ahaz ta ma kwei lonne wonnu telo na wo Baŋa Wɛ diga kam ne to dedaane telo na wo pɛ sɔŋɔ kom wone, de teo kom nakwa sam dem ne to o toŋe o pa Asiria pɛ wom. Konto nam ta wo wane‑o ko zeini.
22Cham na tu Pɛ Ahaz baŋa konto to, o yɔɔre o toŋe o chɔge Baŋa Wɛ yiga se ko dwoni o ya na ke tei to mo. 23O ke kaanem mo o pa Siria teo Damasika jwona yam, o na boŋe we ya jege dam ya pa Siria tiina se ba wane‑o ba di to ŋwaane. O ya boŋe o tete ne mo we, “Ko ye Siria tiina jwona yam mo woli-ba. Amo de nam wó zuli-ya mo se ya zeini-ne.” O keim dem konto nam pɛ se lɛɛro ba o baŋa, dedaane o teo kom maama baŋa mo.
24Ahaz déem ta zo Wɛ diga kam wone mo o la ka zela yam o ja o nwoŋi. O ma chochoge-ya o yage. O ma fɔge o pe Baŋa Wɛ diga kam ni, ye o daare o chwi kaanem bimbina Jerusalem teo ni maama ne. 25Judah teene dem maama wone de, o ta lɔge wara-jei bimbina mo, se ba taa vei da ba kaane wa-yɔɔro. Kikia yam konto ŋwaane o ma chiŋi Baŋa Wɛ wom na ye o nabaara Wɛ to bane o yage.
26Ahaz déem na di paare ye o ke wonnu telo to, de o totoŋa yam maama, ko zege o paare dem boboa ne se ko yi de na kweeli maŋa kalo to, ba popone-te ba tiŋi Judah de Isarele Pwa Seina tɔnɔ kom wone. 27Ahaz ma te ye o vo o kwoa tei. Ba ma kwei‑o ba suli Jerusalem teo wone, se ko za dae pwa yibeela yam wone mo ba suli‑o. O bu Hezekia ma leiri o yuu ne o ji pɛ.",https://www.bible.com/bible/3661/2CH.28.KBG
2 TIGISIM 29,"Pɛ Hezekia na kwɛ Wɛ diga kam tei to
1Hezekia déem jege bena finlei-yanu mo ye ba tiŋi‑o paare. O ma jeini Jerusalem ne o di paare dem o ke bena finlei-nogo. O nu wom déem ye Zekaria bukɔ Abija mo. 2O totoŋa ma su Baŋa Wɛ yi lanyerane, nenɛɛne o nabaaro David déem na ke tei to.
3Bene delo wone Hezekia na jigi pɛ to boboa chana kam wone mo o jwoori o pore Baŋa Wɛ diga kam nia yam. O ma pa ba fɔge ba kwɛ bworru tem ba zege. 4O ma bwoŋi Wɛ kaanem tiina bam, de Levi dwi tiina bam o ke daane se ba jeeri Wɛ diga kam konkɔlɔ kolo na yɔɔre wɛ-puli seeni to. 5O laam ma ta de-ba o we:
“Abam Levi tiina bam, cheigi-na a taane dento! Kwɛ-na á tete se á maŋe de chullu tem, se á ta daare á fɔge á kwɛ Baŋa Wɛ wom na ye á nabaara Wɛ to diga kam. Le-na wonnu telo maama na wora ye te pae ka jege digiru to ka wone. 6Debam kwoa bam nam wo jaane chega de dé Tu Baŋa Wɛ wom. Ba ma ve‑o, pa se ba toŋe lwarem ba ma ba chɔge o yiga. Ba déem mɛ ba kwaga ba ya Baŋa Wɛ de o wara-jei sem maama mo. 7Ba ma yɔɔre ba pe Wɛ diga napɔrɔ kom nia yam, ye ba yage pa min-zwonnu tem dwei. Ba ma ve se ba zwɛ talwoŋa, naa se ba ke zwɛɛm kaanem Isarele tiina Wɛ wom wara-jei sem ne. 8Ko ma pa se Baŋa Wɛ ban-lom dem to Jerusalem de Judah teo kom maama baŋa ne. O na ke tei o ma o waare-ba to ma so nɔɔna maama pa foone jege-ba, ye ba ta jege Judah tiina bam ba yaala, ne abam na nɛa ko na ye tei tento to. 9Konto ŋwaane mo debam dona go dé kwoa bam jara wone, ye ba daare ba pɛ dé bia de dé kaana ba ja ba viiri. 10Amo boboŋa nam jaane se dé jwoori dé ke ni-sɛɛm mo de Baŋa Wɛ wom na ye Isarele tiina Wɛ to. Konto mo wó che se o ban-lom daa yé taa wo debam baŋa ne. 11Konto ŋwaane, a bia bam, daa yé ja-na á jeini. Kokuri to, abam mo Baŋa Wɛ kuri se á ta‑á zege o yiga ne á toŋa ye á kaane á pa‑o.”
12Levi tiina banto ma zaŋe ba nwoŋi se ba toŋe.
Kohafe sɔ-yuu nɔɔna bam wone:
Amasayi bu Mahafe, de Azaria bu Joweli.
Merari sɔ-yuu nɔɔna bam wone:
Abidi bu Kisi, de Jehaleli bu Azaria.
Gereson sɔ-yuu nɔɔna bam wone:
Zimma bu Joa, de Joa bu Eden.
13Elizafan dwi dem wone:
Simiri, de Jeyeli.
Asaf dwi dem wone:
Zekaria, de Matania.
14Heman dwi dem wone:
Jeheli, de Simeyi.
Jedutuna dwi dem wone:
Semaya, de Yuzeli.
15Nɔɔna bam konto de ma vo ba la ba chorro tem ba ke daane. Ba maama ma vo ba kwɛ ba tete de chullu tem, ye ba daare ba fɔge ba kwɛ Baŋa Wɛ diga kam, se ba pa ka maŋe de o chullu tem na bere tei to, nenɛɛne Pɛ Hezekia na pɛ-ba ni se ba ke tei to. 16Kaanem tiina bam ma zo Baŋa Wɛ diga kam tete wo se ba kwɛ-ka. Ba ma zeŋe wonnu telo maama ba déem na nɛ ka wone ye te biini-ka to ba ja ba nwoŋi pwooni ba vo ba zege Wɛ diga kam konkɔlɔ kom wone. Levi tiina bam de ma zeŋe-te ba ja ba nwoŋi teo kom dáa dáa, ye ba dole-te ba yage Kidoron bwolo kom ne. 17Ba déem bobo ba kwɛɛm totoŋa yam konto boboa chana kam boboa dɛ dem ne mo. Ba na toŋe ba ke da nana to, de ba kwɛ pwooni yiga jei sem ba vo ba yi Baŋa Wɛ diga napɔrɔ kom. Ba daa ma kwei da nana ba kwɛ Baŋa Wɛ diga kam tete ba woli da. Ko ye boboa chana kam da fuga-yaredo dɛ dem ne mo ba déem kwɛ Wɛ diga kam maama ba ti.
18Ba ma vo Pɛ Hezekia tei ba ta ded‑o ba we, “Debam wane Baŋa Wɛ wara-jei sem maama dé kwɛ dé ti. Ko ná ye zwɛɛm pɛɛre bimbini dem de de yera zela yam maama, ko woli de tabolo kolo ba na yeini ba tiŋi bworobworo ko baŋa ne Wɛ ŋwaane to de ko yera wonnu tem maama, dé fɔge dé kwɛ te maama mo. 19Ko ta ná ye wonnu telo Pɛ Ahaz na yage o chega de Wɛ ye o le-te Wɛ diga kam wone o paare dim maŋa ne to, dé ta beeri tento maama dé na, ye dé daare dé kwɛ-te chullu tem seeni. Leile konto te maama laam zege Baŋa Wɛ bimbini dem yiga ne.”
20Tega na poore tetete to, Hezekia ma la teo kom dedɛɛra bam o ke daane ye ba vo Baŋa Wɛ diga kam. 21Ba maa jege pɛɛra se ba ma ba ke wɛleere saarem kaanem pɛ sɔŋɔ kom tiina ŋwaane, de Wɛ wara-jei sem ŋwaane, de Judah tiina bam maama ŋwaane. Ba pɛɛra yam déem ye na-bale serepɛ, de pi-bale serepɛ, de pipeili serepɛ, de bo-bale serepɛ mo. Pɛ wom ma pa kaanem tiina bam na ye Aron dwi dem to ni se ba kwei vara bam ba ma ba ke kaanem Baŋa Wɛ bimbini dem baŋa ne. 22Kaanem tiina bam ma go na-bale sem ba ma ba ke kaanem, ye ba daare ba kwei se jana bam ba miisi ba yage bimbini dem yera ne. Ba ta ke konto dwoŋi mo de pi-bale sem, de pipeili sem de. 23Ko ná ye bone delo na wora wɛleere saarem ŋwaane to, ba jaane-de ba nwoŋi Pɛ Hezekia de kɔ-fɔrɔ kom maama yiga ne mo. Ba de ma kwei ba je ba daŋe bone dem baŋa ne. 24Kaanem tiina bam laam ma go-de, ye ba daare ba kwei de jana bam ba lwo bimbini dem baŋa ne se ba ke wɛleere saarem kaanem ba ma ba le Isarele tiina bam maama lwarem Wɛ yiga ne. Kokuri to, Pɛ wom ya pɛ ni mo se ba ke zwɛɛm pɛɛra, de wɛleere saarem pɛɛra Isarele tiina bam maama ŋwaane.
25Hezekia laam ma kwei Levi tiina o zege ba zega jei ne Wɛ diga kam wone. O ma pa-ba zwe, de kwanno, de kwɛɛra zela dwi dwi, ne Pɛ David, de Wɛ ni-jwoŋinu Gad, de o sampwora Natan déem na bere we ba taa ke tei to. Baŋa Wɛ déem tɔge o sampwori sem baŋa mo o pa-ba o ni dem konto. 26Levi tiina bam ma yɔɔre ba ke siri de David kwɛɛra zela yam, ye kaanem tiina bam de zege de ba nabwanno se ba wu-te.
27Hezekia déem ma pa ni se ba ke zwɛɛm kaanem Wɛ diga kam bimbini dem baŋa ne. Ba na wora ba ke kaanem dem to, nɔɔna bam maa leeni lei, ye ba jege Isarele teo Pɛ David kwɛɛra zela yam, dedaane nabwanno tem ba ma ba zuli Baŋa Wɛ. 28Nɔn-kɔgɔ kom maama ma tiiri ba zuli Baŋa Wɛ, ye lein-leena bam de leeni ba lei sem, ye nɔɔna de wui ba nabwanno tem. Ba yɔɔre ba ke konto mo taa se zwɛɛm kaanem dem maama vo de ti.
29Ba na ke kaanem dem ba ti to mo Pɛ Hezekia de o kwaga nɔɔna bam maama tiiri tega ne ba zuli Baŋa Wɛ. 30Pɛ wom de o nakwa bam ma ta de Levi tiina bam se ba kwei seinim lei selo David de Wɛ ni-jwoŋinu Asaf déem na puli to ba ma ba zuli Baŋa Wɛ. Ba maama ma seene ba leeni lei sem de ywoni zanzam ye ba tiiri tega ne ba zuli Baŋa Wɛ.
31Hezekia ma ta de nɔɔna bam o we, “Abam laam na seene á kwɛ á tete Baŋa Wɛ yiga ne to ŋwaane, nam ja-na kaanem de lei-keim pɛɛra á ba á zo Baŋa Wɛ wara-jei sem ne.” Ba ma seene ba ke konto. Ba badaara ta ma ja zwɛɛm pɛɛra ba woli da, se ko tɔge de ba boboŋa na jaane tei to.
32Nɔɔna bam déem jaane nabɛ fuserepɛ (70) mo, de pi-bale bi (100), de pipeili bia yalei (200) mo ba ma ba ke zwɛɛm kaanem dem ba pa Baŋa Wɛ. 33Ba ta ma ja naane bia yaredo (600), de pei morro tetɔ (3,000) se ba kwei-te ba ke Wɛ jeŋa ne. 34Kaanem tiina bam kɔgɔ ni déem nam ya muri se ba wane vara bam konto maama ba pwoni ba daare ba zwɛ. Mo kokuri ba chorro Levi dwi tiina bam woli-ba pa ba toŋe totoŋe dem ba vo ba guri, ye ko maŋe de kaanem tiina badwonna de laam kwɛ ba tete pa ba maŋe de chullu tem. Kokuri to, Levi tiina bam boboŋa déem jaane se ba kwɛ ba tete Wɛ ŋwaane, se ko dwoni kaanem tiina bam na ke tei to. 35Vara balo nɔɔna bam na jaane ba ba se ba ke zwɛɛm kaanem to déem daga dedɛ. Ba ta maa jege lara kalo na ye yazura pɛɛra yam nyem to, dedaane wo-nyɔɔro pɛɛra yalo na woli zwɛɛm pɛɛra yam wone to.
Konto baŋa ne mo ba déem daa jwoori ba bobo ba zuli Baŋa Wɛ o diga kam wone. 36Hezekia de nɔɔna bam maama ma di ywoni de Wɛ na ke kolo o pa o nɔɔna bam to. Kokuri to, ba totoŋa yam maama yɔɔre ya ti lela mo.",https://www.bible.com/bible/3661/2CH.29.KBG
2 TIGISIM 30,"Hezekia di Atɔgebabaŋa kuri dem
1Hezekia déem toŋe kwora mo o pa Isarele de Judah dwia yam maama. O ta ma popone twanno se te yi Efrayim de Manasɛ dwi tiina bam. O déem dɛ konto baŋa ne mo o bwoŋi ba maama se ba jeeri Baŋa Wɛ diga kam na wo Jerusalem ne to ba di Atɔgebabaŋa kuri dem ba ma zuli Baŋa Wɛ na ye Isarele tiina Wɛ to. 2Pɛ wom, de o nakwa bam, de Jerusalem teo kɔgɔ kom nam ya jaane boboŋa mo se ba di kuri dem chane selei chana kam ne. 3Ba wo wane kuri dem ba di boboa chana kam ne, ne ba na yeini ba di-de bene maama wone tei to, Wɛ kaanem tiina bam dedɛ ta na wo kwɛ ba tete de chullu tem to ŋwaane. Nɔɔna bam dedɛ de ya ta maa wo tu ba jeeri Jerusalem ne. 4Pɛ wom de nɔn-kɔgɔ kom maama boboŋe dem na jaane de tiŋi konto to ma pa se ba wo pwoli. 5Ba laam ma toŋe kwora pa se ka yi Isarele jei sem maama, ko na zege Beeriseba ne, se ko yi Dan laŋa kam seeni to. Ba ma bwoŋi nɔɔna bam se ba jeeri daane Jerusalem ne ba di Atɔgebabaŋa kuri dem ba ma zuli Baŋa Wɛ na ye Isarele tiina Wɛ to. Kokuri to, nɔɔna bam ba yeini ba tui dedɛ dedɛ, ne Wɛ nia yam na bere se ba taa ke tei to.
6Pɛ wom ma pa ni se nɔɔna kwei o kwora kam ba ja ba jage ba yi Isarele teo kom de Judah teo kom ni maama. Pɛ wom de o nakwa bam kwora na popone ka tiŋi ye ka bere kolo to mo tento:
“Abam Isarele tiina bam, jwoori-na Baŋa Wɛ na ye á nabaara Abaraham, de Izaak, de Isarele Wɛ to tei. Abam ná ke konto, o de wó pipiri o jeeri abam balo ta na daare ye á lu Asiria pwa bam jeŋa ne to. 7Nam yé lwoni-na á nabaara bam kikia, de á chorro tem kikia, de ba na nwoŋi Baŋa Wɛ kwaga ne to. Abam nam nɛ we ba keim dem konto ŋwaane, Wɛ pɛ se lɛɛro ba ba baŋa mo. 8Nam yé pa se á bochara digili, ne á kwoa bam déem na ke tei to. Sɛ-na á pa Baŋa Wɛ, se á daare á ta‑á jeeri o wara-jei sem wone. Kokuri to, o pɔɔre jeiga kam konto se ka taa ye wose mo se ko taa vei wuu. Ta‑á zuli-na á Tu Baŋa Wɛ wom, se o de dɔne o ban-lom dem á baŋa ne. 9Abam nam ná jwoori Baŋa Wɛ tei, balo na kale á chorro de á bia ba ja ba vo sa-teo yiga yiga to wó duri ba ŋwaŋa ye ba daare ba yage-ba se ba jwoori tega kanto ne. Kokuri to, Baŋa Wɛ tiini o jege yibwona de ŋwaŋa. Abam maa ná jwoori á ba o tei, o daa bá ma o kwaga o ya abam.”
10Pɛ wom tontoŋena déem ma ja twanno tem ba jage ba kaare Efrayim de Manasɛ laŋa kam maama ne, ba vo ba yi Zebulun laŋa kam de. Ba nam na tole teo de teo konto to, nɔɔna bam maama jege-ba mo ba yaala ye ba mɔna. 11Ko nam na ye tei to, Asere dwi dem wone, de Manasɛ dwi dem wone, de Zebulun dwi dem wone nɔɔna badaara déem gwooni ba tete mo ye ba vo Jerusalem. 12Ko woli da, Wɛ déem pɛ se Judah tiina bam jege boboŋe dedwe mo we, ba wó taa ke ba tɔge kolo maama Pɛ Hezekia de o nakwa bam na toŋe kwora se ba ke to, ne Baŋa Wɛ na pɛ banto ni tei to.
13Nɔɔna bam déem ma nwoŋi de kɔ-fɔrɔ ba jeeri Jerusalem ne chane selei chana kam wone, se ba di Bworobworo-memene kuri dem. 14Ba ma ja bimbin-yɔɔro telo na wo Jerusalem wone to, de yalo ba na zwɛ talwoŋ-ywoŋa ya baŋa ne to ba vo ba dole ba yage Kidoron bwolo kom ne.
15Ba déem ma go Atɔgebabaŋa pipeili sem chane selei chana kam da fuga-yana dɛ dem ne. Kaanem tiina de Levi tiina badwonna déem wo kwɛ ba tete de chullu tem. Chaveera ma ja-ba pa se ba de laam kwɛ ba tete ba daare ba ja zwɛɛm pɛɛra ba zo Baŋa Wɛ diga kam wone. 16Ba laam ma vo ba zege ba totoŋa ni ne, ne Wɛ tontoŋeno Moses ya na maŋe o bere se ba taa ke tei to. Levi tiina bam déem ma kwei vara bam jana ba tei ba pa kaanem tiina bam ye ba de miisi-ba bimbini dem yera ne. 17Kɔ-fɔrɔ kom wo nɔɔna dedɛ déem wo kwɛ ba tete se ko maŋe de chullu tem, ye ba ba jege chwoŋa se ba kwei Atɔgebabaŋa pipeili sem ba go ba pa Baŋa Wɛ. Konto ŋwaane Levi tiina bam ma go-se ba pa-ba.
18Nɔn-kɔgɔ kom wo nɔɔna dedɛ déem wo wane ba tete se ba kwɛ chullu tem seeni, ye ba nam tɔge ba di kuri dem. Banto dedɛ ya zege Efrayim ne, de Manasɛ ne, de Isakara ne, de Zebulun ne ba ba Jerusalem. Ba maa wo tɔge ko chwoŋa kam ne ba di Atɔgebabaŋa kuri dem. Hezekia na maane ba kikia yam konto ni ne to, o ma lwoori Wɛ o pa-ba o we, “Baŋa Wɛ lana. O nam wó ma nɔɔno maama kikia o chɛ‑o, 19ne konto tu ná ke o boboŋa ne se o yɔɔre o zuli Yuu-tu Baŋa Wɛ wom na ye o nabaara Wɛ to. Wɛ wó duri kotu ŋwaŋa, de o na maŋe o wo tɔge Wɛ wara-jei sem chullu tem na bere tei to de.” 20Baŋa Wɛ ma sɛ Hezekia na lwoori‑o kolo to ye o wo waare nɔɔna bam.
21Isarele tiina balo maama déem na jeeri Jerusalem ne to kwei da yarepɛ mo ba di Bworobworo-memene kuri dem de wopwolo. Wɛ kaanem tiina bam de Levi tiina bam ma leeni ba tei Baŋa Wɛ dɛ maama wone, ye ba ta jege gwa kwɛɛra zela ba mage de dam.
22Hezekia ma yɔɔre o ŋɔɔne bochare-zuru taana de Levi tiina bam maama, ba na toŋe ba pa Baŋa Wɛ de yeino to ŋwaane. Nɔɔna bam ma kwei da yarepɛ yam ba di kuri dem. Ba ma kwei yazura pɛɛra ba ke kaanem ba pa Baŋa Wɛ, ye ba ke o lei o na ye ba nabaara Wɛ to ŋwaane. 23Nɔɔna bam maama daa ma ke ni daane se ba taa di kuri dem da yarepɛ ba woli da. Ba ma seene ba ke konto de ywoni dedɛ. 24Judah teo pɛ Hezekia ma kwei na-bale moro (1,000), de pei morro terepɛ (7,000) o pa nɔɔna bam se ba ma ba di kuri dem. Teo kom dedɛɛra de ma pa-ba na-bale moro (1,000), de pei morro fuga (10,000). Kaanem tiina dedɛ ma kwɛ ba tete se ba maŋe de chullu tem. 25Judah nɔn-kɔgɔ kom maama, de Wɛ kaanem tiina bam, de Levi dwi tiina bam déem di ywoni mo. Balo na zege Isarele jei maama ne ba ba ba jeeri da to, dedaane veira balo maama na zoore Judah de Isarele teene dem ne to de wo déem ma pwoli. 26Wopwolo kolo nɔɔna bam déem na jege Jerusalem ne to tiini ko gaale. Ko na zege David bu Solomon na di Isarele teo paare maŋa kalo ne to, se ko yi zem, Jerusalem teo daa ta wo nɛ ko dwoŋi. 27Wɛ kaanem tiina bam de Levi tiina bam ma zaŋe se ba sɔɔle Wɛ swolim ba yage nɔɔna bam yuu ne. Ba wɛ-lworo kom ma di wɛyuu ko to Wɛ zwa ne. O ma zege Wɛ telaao ne mɛ na ye wose ye o zoore da to o cheigi ba wɛ-lworo kom.",https://www.bible.com/bible/3661/2CH.30.KBG
2 TIGISIM 31,"1Ba na di kuri dem ba ti to, Isarele tiina balo maama na tu ba wo Jerusalem ne to ma nwoŋi ba vo ba tole Judah teene dem maama ba guri kandwa yalo ba ya na chugi ba jege ba kaane to ba chochoge, ba daare ba gwoni Asera nyenyego dɛ sem ba de tega ne. Ba ta ma yɔɔre ba chɔge jwona wara-jei de se kaanem bimbina yalo na wo Judah laŋa kam, de Benjamin laŋa kam, de Efrayim laŋa kam, de Manasɛ laŋa kam jei maama ne to. Ko kwaga ne nɔɔna bam maama laam ma viiri ba jwoori ba sam.
Baŋa Wɛ zula taane
2Pɛ Hezekia déem pɔɔre Wɛ kaanem tiina bam, de Levi tiina bam pa ba maama jege popɔrem mo. Ba popɔre sem wone de, kaanem tu maama de Levi dwi tu maama jege o totoŋe mo. Ba badaara wó taa ke zwɛɛm kaanem, de yazura pɛɛra kaanem, se babam taa zege Baŋa Wɛ wara-jei sem nia yam seeni ba toŋa. Babam maa wó taa ke Wɛ lei ye ba leeni ba zuli‑o. 3Hezekia ma kuri o tete vara bam wone o pa-ba se ba taa ke zwɛɛm kaanem, ne Baŋa Wɛ nia yam na bere se ba yeini ba taa ke tei to. Ko maa ye tetete, de dedaan-ni maama ne, ko woli de Wɛ siu da yam ne, de chan-doŋa kura de kura yadwonna ne, ne ko na tɔge ko chwoŋa tei to. 4O déem ta ma pa ni se balo maama na zoore Jerusalem ne to yeini ba ja kolo de kolo na maŋe de kaanem tiina bam, de Levi tiina bam to ba ba ba pa-ba. Konto ná kea, ba de wó chɛ de ba totoŋa, ne Wɛ nia yam na bere tei to. 5Nɔɔna bam na yɔɔre ba ni pɛ wom kwora kam to, mo ba pore ba wo ba ja ba pɛɛra yam ba ba. Ba pɛɛra yam maa ye mena, de sa-doora, de nuga, de tooro, dedaane wodiiru telo maama na lwoori yiga te ke to. Ba yɔɔre ba ja ba wonnu popɔre fuga maama wone popɔra dedoa mo ba ba ba ke da, pa se te tiini te daga. 6Isarele de Judah dwi tiina balo na zoore Judah teene dedwonna dem wone to de ma ja ba Wɛ-teiri pɛɛra ba ba ba woli da, ne ko ná ye ba vara bam, de wonnu telo ba ya na maŋe ba pɔɔre-te se ba pa Baŋa Wɛ to. Ba na lage te maama ba tiŋi pwoa de pwoa to, te tiini te daga mo se ko gaale. 7Nɔɔna bam bobo se ba taa jaane wonnu tento maama ba tui chane setɔ chana kam wone mo, ye ba laam la te maama ba ti chane serepɛ chana kam wone. 8Hezekia de o dedɛɛra bam na nɛ nɔɔna bam na lage pɛɛra yalo maama ba tiŋi pwoa de pwoa to, ba ma ke Baŋa Wɛ lei, ye ba daare ba kwei Wɛ zaane ba ma swɛ o nɔɔna Isarele tiina bam swolim.
9Hezekia ma bwei kaanem tiina bam de Levi tiina bam se o lɔre pwoa yam na tigi ya ke kolo to. 10Wɛ kaanem nakwe tu Azaria na nwoŋi Zadoki sɔ-yuu kom ne to ma leiri‑o o we, “Ko na zege maŋa kalo nɔɔna bam na jaane ba pɛɛra ba tui Baŋa Wɛ diga kam ne to, debam yɔɔre dé di dé sui mo, ye dé daare dé tiŋa. Kokuri to, ko ye Baŋa Wɛ mo swɛ o nɔɔna bam swolim pa tento maama ta daare te tiga kɛɛla-kɛɛla.”
11Pɛ wom déem ma pa ni se ba fɔge ba lɔ di Baŋa Wɛ diga kam wone se ba taa zege zela da. Ba maa seene ba lɔ-se ba ti. 12Ba laam ma seene yia ba ja Wɛ-teiri pɛɛra yam, de pɛɛra yadwonna yam, de wonnu telo ba ya na pɔɔre ba pa Wɛ to ba zege di sem konto wone. Wolo ba na kuri se o taa nii di sem konto baŋa ne to yere mo ye Konania. O déem ye Levi dwi tu mo. O choro Simeyi déem saŋe o kwaga o woli‑o totoŋa yam wone. 13Balo de maa na wo banto balei dam kuri ne ba nii di sem baŋa ne to déem ye Jeheli, de Azazia, de Nahafi, de Asaheli, de Jerimofa, de Jozabadi, de Eleli, de Isimakia, de Mahafe, ko woli de Benaya mo. Ko nam ye Pɛ Hezekia, de Wɛ kaanem nakwe tu Azaria déem mo kuri-ba se ba taa toŋe totoŋa yam konto.
14Imina bu Kore déem ye Levi dwi tu mo ye o yere Wɛ diga kam wɛ-puli seeni ni dem. Ba ma kwei‑o ba zege se o taa jwoŋi nɔɔna wo-ywoŋo pɛɛra yalo ba na pɔɔre ba pa Wɛ to. O ma yeini o kwei pɛɛra yam konto, dedaane wonnu telo maama nɔɔna bam na ke Baŋa Wɛ jeŋa ne to o pɔɔre o pa kaanem tiina bam de Levi tiina bam ne ko na maŋe tei to. 15Balo de na woli‑o totoŋa yam wone to maa ye: Eden, de Miniamin, de Jesua, de Semaya, de Amaria, dedaane Sekania. Banto ma seene ba yia ba woli‑o teene delo maama Wɛ kaanem tiina na zoore de wone to. Ba déem yeini ba pɔɔre pɛɛra yam ba pa ba chorro kaanem tiina bam, se ko tɔge de ba totoŋa popɔre sem mo, nɔn-kweero de nɔn-donno maama.
16Ba ma pɔɔre pɛɛra yam ba pa baara balo na yi bena yatɔ ba daŋe ye ba yera popone ya tigi dwi natɔga twanno tem wone to mo. Ko maa ye balo na wó zo Baŋa Wɛ diga kam wone ba taa toŋe ba dɛ wone totoŋa, se ko maŋe de ba na pɔɔre-ba se ba taa ke tei popɔra de popɔra to mo. 17Kaanem tiina bam na pɔɔre tei totoŋa yam ŋwaane to déem tɔge ba kwoa yera na popone ya tigi dwi natɔga twanno tem wone tei to mo. Levi tiina balo na yi bena finlei ba daŋe to de maa jege ba totoŋa ba toŋa se ko maŋe de ba popɔre sem na ye tei to. 18Banto maama yera popone ya tigi mo, ko woli de ba bu-sese, de ba kaana, de ba bia, de ba kɔgɔ kom maama. Kokuri to, ba tiini ba jege chega de ba na pɔɔre ba tete se ba taa ye wose Wɛ ŋwaane to.
19Ko ta ná ye Aron dwi dem na ye Wɛ kaanem tiina ye ba zoore teene delo maama wone, naa de pwoli sem ne to, ba déem le nɔɔna mo se ba yeini ba pɔɔre pɛɛra yam ba pa ba baara balo maama na wora to. Ba déem ta pɔɔre pɛɛra yam ba pa Levi dwi tiina balo yera na popone ya tigi dwi natɔga twanno tem wone to mo.
20Totoŋ-laaro telo Pɛ Hezekia déem na ke Judah laŋa kam maama ne to mo konto. O toŋe kolo na ye chega ye ko su o Tu Baŋa Wɛ yi to mo. 21Ko ná ye Wɛ diga kam totoŋa, de o na tɔge Wɛ nia yam de o bera yam tei to, o déem yɔɔre o ke o chega dedaane Wɛ mo, ye o toŋe de o wo maama. Konto to, wonnu déem ke lanyerane te pa‑o.",https://www.bible.com/bible/3661/2CH.31.KBG
2 TIGISIM 32,"Asiria teo pɛ ke chichuŋu de Judah tiina
Izaya 36:1-22; 37:8-38
1Pɛ Hezekia déem ke o chega dedaane Baŋa Wɛ o toŋe totoŋ-laaro mo. Konto kwaga ne mo Asiria teo pɛ Senakeribi tu o jeeri Judah laŋa kam de jara. O ma li teene delo na lɔge de pe to, o na boŋe se o di-de jara wone o taa tei to ŋwaane. 2Hezekia ma maane we Senakeribi boboŋa jaane se o ba o kwaare jara de Jerusalem teo kom o woli da. 3O ma ke bana de o teo nakwa bam, de o jar-keira dedɛɛra bam, se ba nwoŋi teo kom wone ba vo buli-yia yalo na wo teo kom dáa ne to ba se-ya. Ba ma sɛ se ba pa o boboŋe dem jeini. 4Ba déem lage kɔ-fɔrɔ mo, ye ba vo ba se buli-yia yam, ba daare ba che bu-nɔgɔ kolo na na tole jei sem konto wone ba kɛ to. Ba ma ta ba we, “Tetɛ ŋwaane mo Asiria teo pwa bam wó ba ywo-seeni ba na na dedɛ ba nyɔ?” 5Hezekia ma yɔɔre o pa o tontoŋena fɔge ba che teo kom kabira kam ba zege. Ba ta lɔge di-dedwaaro mo ka yera ne, ye ba che pwooni yiga kabira kadwoŋi ba ke da. O ma fɔge o lɔ mɛ tega kam na suuri ka maŋe daane Pɛ David dalem jei sem ne to. O ta ma pa ba ke jara zela, de jara nantane dedɛ ba pa‑o. 6O ma kuri o jar-keira dedɛɛra badwonna se ba taa nii teo kom nɔɔna bam baŋa ne. O laam ma pa ni se ba jeeri teo kom manchwo-peena yam kapworo ne, ye o ta de-ba o we, 7“Ke-na dam á ke á tete kuri ne, se á daare á ta‑á jege baare. Yé pa-na se foone zo abam Asiria teo pɛ wom de o jar-keira kɔ-fɔrɔ kom ŋwaane. Nam yé pa-na se á vɔna pare. Ko na ye tei to, wolo wom na wo debam tei ne to dana o dwoi balo na wo wonto tei ne to. 8Balo na wo o tei ne se ba ke jara yam to ye nabiina mo. Dé Tu Baŋa Wɛ nam wo debam tei ne se o zeini debam. Wonto mo wó jaŋe o pa debam.” Nɔɔna bam na nigi kolo Judah teo Pɛ Hezekia na tage to, ko ma pa ba na baare.
9Ko na ke fee to, Asiria pɛ wom de o jar-keira bam ma li Lakisi teo kom se ba ja. O ma toŋe o dedɛɛra badwonna se ba ja o kwora ba vo Jerusalem ba gware Pɛ Hezekia de Judah tiina balo maama na wo teo kom wone to. O kwora kam mo tento:
10“Asiria teo pɛ Senakeribi na tage tei mo tento: Abam ke á teena bɛ yera ne mo, ye á ta maŋe Jerusalem ne konto? Amo na li teo kom to, á boŋe we á wó lu amo jeŋa ne mo na? 11Hezekia na tɛ de abam we, á Tu Baŋa Wɛ wó jwoŋi abam amo jeŋa ne de yage to, o jege abam mo o gana. Konto baŋa ne mo kana de na-nyɔm wó go abam. 12Ko dae Wɛ dem konto wara-jei, de de kaanem bimbina mo Hezekia chochoge o yage na? O ta daare o pa ni se Jerusalem de Judah tiina maama taa tui ba ke kaanem bimbini dem na wo Jerusalem ne to baŋa ne ba zuli‑o dáane yerane. Ko dae konto na?
13Abam wo nigi amo de a kwoa bam na ke tei teene dedwonna nɔɔna bam maama baŋa ne to na? Teene dem konto wa yam wane ya jwoŋi ya nɔɔna amo jeŋa ne ya yage na? 14Ko ná ye teene delo a kwoa bam na yɔɔre ba chɔge to, de jwona yam maama wone jwoni dɔ mo wane de nɔɔna de jwoŋi amo jeŋa ne de yage? Bɛ nam mo ye abam boŋe we, á Wɛ dem wó wane de vere abam de yage amo jeŋa ne? 15Yé pa-na se Pɛ Hezekia na chwoŋa o gane abam ne o na boŋe se o ke tei to. Yé sɛ-na o taane dem. Teo tera ko wɛ na dana se de wane-ko de jwoŋi de yage amo de a kwoa bam jeŋa ne. Abam Wɛ dem de bá wane kolokolo de ke se de vere abam amo jeŋa ne de yage.”
16Dedɛɛra balo Senakeribi na toŋe to ta yɔɔre ba tɛ wonnu ba gwooni Yuu-tu Baŋa Wɛ yere, ye ba twe o tontoŋeno Hezekia. 17Senakeribi ma toŋe twanno telo na yaale Yuu-tu Baŋa Wɛ wom na ye Isarele tiina Wɛ to. Te taane dem we, “Teene dedwonna wa yam wo wane-ba ya jwoŋi amo jeŋa ne ya yage. Wɛ delo Hezekia na zuli to de nam bá wane o nɔɔna bam de jwoŋi de yage.” 18Asiria teo dedɛɛra bam ma tiini ba tɔɔle de Hiburu taane dem, se balo na dɔge Jerusalem teo kabira kam yuu ne to ni ko kuri. Ba déem boŋe se ba ke foone mo nɔɔna bam kuri ne, se ko pa chwoŋa se ba wane teo kom ba di mɔle mɔle. 19Ba maa jege Wɛ delo Jerusalem tiina bam na zuli to ba yaala, ne ba na yeini ba ke tei de teene dedwonna dem wa yam to. Wa yanto nam ye nabiina mo mɛ ba jea ba ke-ya.
20Pɛ Hezekia de Amozi bu Izaya na ye Wɛ sampwora to ma keeri ba jare Baŋa Wɛ se o jwoŋi-ba o yage. 21Baŋa Wɛ ma toŋe maleka pa ka vo Asiria teo pɛ de o jar-keira bam na tigisi daane ba tigi mɛ to. Ka ma yɔɔre ka chɔge jar-keira bam, de ba dedɛɛra bam maama nyɔ! Asiria pɛ wom ma pipiri o jwoori o tete teo de kuri-nɔrɔ. Dɛ dedwe mo o zo o jwoni dem diga kam se o zuli-de. O tete bia badaara ma zo ba zage‑o ba go de ba se-zɔɔro.
22 Baŋa Wɛ tɔge chwoŋa kam konto ne mo o vere Hezekia de Jerusalem tiina bam o yage Asiria teo pɛ Senakeribi jeŋa ne, de ba dona maama jeŋa ne. O ta ma che-ba teene delo na gilimi-ba to jeŋa ne pa ba daa ba daane-ba. 23Nɔɔna dedɛ ma ja pɛɛra ba ba Jerusalem ba pa Baŋa Wɛ. Ba ta jaane pɛɛra yalo na tiini ya jege kuri to mo ba ba ba pa Judah teo pɛ Hezekia. Ko maa na zege maŋa kam konto ne to, dwi-gɛ tiina bam maama yɔɔre ba tiini ba nege Hezekia mo.
Hezekia toone
24Da yam konto ne, Hezekia déem yɔɔre o weele mo ye o bwola de toone. O ma lwoori Baŋa Wɛ, ye o de leiri o wɛ-lworo kom. Wɛ ma veere o bere‑o o we, o wó na yazura. 25De ko de, Hezekia wo sɛ se o ke Baŋa Wɛ lei de o na ke zaane delo maama o pa‑o to, o na jege teera to ŋwaane. Konto ma pa se Baŋa Wɛ bane zaŋe, pa se cham yi Hezekia, de Judah de Jerusalem tiina bam. 26Ko kwaga seeni mo Hezekia ma maane o teera yam na ye tei to, pa se o tu o tete tega ne. Jerusalem tiina bam de ma ke konto dwoŋi. Konto ŋwaane, Baŋa Wɛ ma peene o bane maŋa kalo maama Hezekia ta na ŋwe to.
27Hezekia déem tiini o duni mo pa o yere zaŋe dedɛ. O ma lɔ di se o tiŋi o zela se wone. O jejegero tem maa ye lu-nyenno, de sabu-seŋa, de kandwa-nyenno, de talwoŋ-ywei, de jara nantane, de lonne wonnu dwi dwi. 28O ta ma lɔ di sedwonna se o taa maa zege mena, de sa-doora, de nuga se wone. O ma che najere se ba yage o naane dwi dwi de o pei da. 29O déem ma lɔ teene o pa o tete, ye o daare o yeigi vara dedɛ o yage de wone, Wɛ na pɛ o tiini o duni to ŋwaane.
30Hezekia déem nam mo ye wolo na pɛ ba che Gihon buli-yi dem de baŋa seeni to. O ma daare o pa na bam ywori ba tɔge na-fera ba zo Jerusalem teo wo, ko wɛ-zoore seeni. Totoŋa yalo maama Hezekia déem na ke to, o nɛ yiga-veiŋa mo ya baŋa ne. 31Ko daare, Babilon teo dedɛɛra na toŋe nɔɔna se ba vo Hezekia tei ba bwei‑o wo-kenkagele delo na ke o teo kom ne to, Wɛ ma yage Hezekia o yerane, se o faŋe‑o o nii kolo na seene ko wo o bochare wone to.
32Hezekia déem na di paare ye o ke wonnu telo to, de o totoŋ-laaro tem maama, ba popone-te ba tiŋi Wɛ sampwora Izaya veera yam tɔnɔ wone, ya na wo Judah de Isarele pwa seina tɔnɔ kom wone to. 33Hezekia ma te ye o vo o kwoa tei. Ba ma kwei‑o ba suli zwoŋo kolo baŋa ne David dwi dem yibeela na wora to. O toone maŋa ne mo Judah de Jerusalem tiina bam maama zuli‑o lanyerane. O bu Manasɛ ma leiri o yuu ne o ji pɛ.",https://www.bible.com/bible/3661/2CH.32.KBG
2 TIGISIM 33,"Judah teo pɛ Manasɛ taane
1Manasɛ déem jege bena fuga-yalei mo ye o di paare dem. O ma jeini Jerusalem ne o di paare o ke bena finnu-yanu. 2Manasɛ déem toŋe lwarem o chɔge Baŋa Wɛ yiga mo, de o na lwoni totoŋ-zɔɔna yalo dwi-gɛ tiina na yeini ba ke ye Wɛ zeili-ba tega kam ne o daare o pa Isarele tiina bam jeini to. 3O jwoori o lɔ jwona kaanem jei selo o kwo Hezekia déem na chochoge o yage to mo o zege. O ma lɔ bimbina o zege Baal jwona zula ŋwaane o daare o chwi Asera nyenyego dɛ. O ma tiiri o zuli chalechwe sem de. 4O déem ta lɔge jwona kaanem bimbina mo o zege Baŋa Wɛ diga kam ne. Baŋa Wɛ ya tage jeiga kam konto taane mo we, “Jerusalem ye teo kolo nɔɔna na wó taa zuli a yere da taa wuu to mo.” 5Manasɛ ta lɔge bimbina mo Baŋa Wɛ diga kam konkwallo telei tem wone se nɔɔna taa mae ba zuli chalechwe sem. 6O ma ja o tete bia o zwɛ mini wone o ma o ke kaanem Ben-Hinom bwolo kom ne. O ma ke vora, de yi-nara, de liri-mwa totoŋa, o ta tɔge chichiri vora, de liri-mwa tiina kwaga. O déem tiini o toŋe lwarem o chɔge Baŋa Wɛ yiga pa se Baŋa Wɛ bane zaŋe ded‑o.
7Manasɛ déem pɛ ba sare jwoni nyenyego mo ye o kwei-ko o zege Wɛ wara-jei sem ne o jege o kaana. Wɛ déem tage jei sem konto taane de David, de o bu Solomon o we, “Diga kanto na zege Jerusalem ne to mo ye jeiga kalo amo na kuri Isarele dwia yam maama wone se nɔɔna taa zuli amo yere da se ko taa vei wuu. 8Isarele tiina bam ná yɔɔre ba tɔge bera yalo amo na pɛ-ba to, ye ba ná sɛ nia de bera yalo maama a na tɔge Moses baŋa a pa-ba to, amo daa bá zeili-ba se ba nwoŋi da tega kalo amo na pɛ ba nabaara bam to.” 9Manasɛ nam yɔɔre o ja Judah de Jerusalem tiina bam o vo o de tusim wone mo. Ba ma tiini ba toŋe lwarem se ko dwoni lwarem delo dwi-gɛ tiina na yeini ba ke ye Wɛ chɔge-ba o daare o kwei ba tega kam o pa Isarele tiina bam to.
10 Baŋa Wɛ déem kaane Manasɛ de o nɔɔna bam ba tusim kikia yam ŋwaane, ye ba wo cheigi. 11Baŋa Wɛ ma pa Asiria teo pɛ jar-keira dedɛɛra bam chwoŋa se ba ba ba jeeri Judah tiina bam de jara. Ba ma wane-ba ye ba daare ba ja Manasɛ ba puri o momwa ba lei gwola da. Ba ta ma kwei channa chegero ba vɔ‑o ye ba vaŋe‑o ba ja ba vo Babilon. 12O na wo yaara wone konto to, mo o gwooni o tete o Tu Baŋa Wɛ wom na ye o nabaara bam Wɛ to yiga ne, o lwoori‑o se o duri o yibwona. 13Wɛ ma sɛ Manasɛ wɛ-lworo kom pa se o duri o ŋwaŋa ye o pa‑o chwoŋa se o daa jwoori Jerusalem o di paare da. Keim dem konto ma pa Manasɛ lɔre we Baŋa Wɛ mo seene o ye Wɛ chekke.
14Konto maama na ke ko kɛ to, Manasɛ ma fɔge o lɔ pwooni yiga kabira kam na wo David teo kom wɛ-puli seeni to, ko na zege jei selo na bwola de Gihon buli-yi dem to, se ko vo ko yi Ywona Ni dem. O ta ma kwɛ kabira kalo na kaare Ofeli peo kom seeni to o daŋe ka baŋa ne. O ma kwei jar-keira dedɛɛra o zege Judah teene delo na lɔge de pe to maama wone se ba taa yere-de.
15O ta yɔɔre o le wa-yɔɔro nyenyero mo dedaane jwoni delo o ya na zege Wɛ diga kam ne to. O ta ma le kaanem bimbina yalo maama ya na lɔge ya zege Wɛ wara-jei sem ne, de Jerusalem ni maama ne to. O ma ja te maama o nwoŋi teo kom dáa ne o dole o yage. 16Manasɛ laam ma fɔge o kwɛ Baŋa Wɛ bimbini dem o zege, ye o daare o kwei yazura pɛɛra, de lei-keim pɛɛra o kaane de baŋa ne o pa Baŋa Wɛ. O déem ma pa Judah tiina bam ni se ba zuli Baŋa Wɛ wom na ye Isarele tiina Wɛ to. 17Nɔɔna bam nam ta ke kaanem mo wara-jei sedwonna bimbina baŋa ne. Ko ye ba Tu Baŋa Wɛ wom yerane mo ba jege ba kaane jei sem konto ne.
18Manasɛ déem na di paare ye o ke wonnu telo to, de o na lwoori Wɛ tei to, ko woli de yi-nara bam na tɔge Isarele tiina Baŋa Wɛ wom yere ŋwaane ba ta kolo ded‑o to, ba popone te maama ba tiŋi Isarele Teo Pwa Seina tɔnɔ kom wone. 19Ko nam ná ye Manasɛ na lwoori Wɛ tei de Wɛ na sɛ o wɛ-lworo kom tei to, ko ta woli de o na nwoŋi Wɛ kwaga ne o daare o ke wɛleera yalo to, dedaane jwona kaanem bimbina o na lɔge to, de Asera nyenyego dɛ selo o na chwi to, de jwona yalo maama o na mɔɔna o jege o kaana to, o kikia yam konto maama wuu popone ya tigi Wɛ ni-jwoŋina twanno tem wone mo. 20Manasɛ ma te ye o vo o kwoa tei. Ba ma kwei‑o ba suli o tete sɔ-fɔrɔ kom wone. O bu Amon ma leiri o yuu ne o di paare.
Judah teo pɛ Amon yera taane
21Amon déem jege bena finlei-yalei mo ye o di paare. O ma jeini Jerusalem ne o di paare dem o ke bena yalei. 22Amon déem toŋe lwarem o chɔge Baŋa Wɛ yiga mo ne o kwo Manasɛ na ke tei to. O ma ke kaanem o pa jwona yalo maama Manasɛ déem na ke o zege to ye o zuli-ya. 23Wonto ba nye de o kwo. O wo sɛ se o gwooni o tete Baŋa Wɛ yiga ne. Amon bere o kɛ o kwo yiga mo de wɛleera kikia.
24Amon tete tontoŋena bam ma lɔ o kwaga ne ba ke ni daane ye ba go‑o pɛ sɔŋɔ kom ne. 25Judah teo nɔn-bia bam de ma zaŋe ba go balo maama na lɔge Amon kwaga ne to. Ba ma tiŋi Amon bu Josia pa o leiri Amon yuu ne o di paare.",https://www.bible.com/bible/3661/2CH.33.KBG
2 TIGISIM 34,"Judah teo pɛ Josia yera taane
1Josia déem jege bena nana mo ye o di paare dem. O ma jeini Jerusalem ne o di paare dem o ke bena fintɔ-dedwe. 2O totoŋa déem su Baŋa Wɛ yi lanyerane. O yɔɔre o kwei chwei selo o nabaaro David déem na tɔge to mo, ye o wo ywori se wone.
3O na di paare o ke bena nana to, de o ta ye bu-doŋo mo. O ma kwaane se o lɔre Wɛ, ne o nabaaro David déem na ke tei to. Bena yana na kɛ ya woli da to, o ma seene o yia se o chɔge jwona kaanem bimbina yalo maama na wo Judah de Jerusalem laŋa kam ne to. Ko ná ye Asera nyenyego dɛ sem, de jwona nyenyero telo nɔɔna na sare ba zege to, de telo ba na mɔɔne to, o chochoge te maama mo. 4O ta ma pa ni se ba yigi Baal jwona kaanem bimbina yam ba de tega ne, se ba daare ba chɔge mɛ maama ba ya na zwɛ talwoŋa da ba zuli-ya to. O ta ma pa ba chochoge Asera nyenyego dɛ sem, de jwona nyenyero dwi maama. Ba laam ma daare ba dole weero tem ba yage balo ya na jege jwona yam konto maama ba zuli to yibeela yam baŋa ne. 5O ta pɛ ba kwei balo na yeini ba kaane jwona yam konto to kwi mo ba zwɛ bimbina yalo ba déem na zege da ba kaane to baŋa ne. Josia déem tɔge chwoŋa kam konto ne mo o pa jwona kaanem ti Judah de Jerusalem laŋa kam ne. 6O déem ta ma ke konto dwoŋi teene delo wone Manasɛ dwi tiina, de Efrayim dwi tiina, de Simeon dwi tiina na zoore to, se ko kɛ ko yi Nafitali dwi dem laŋa kam seeni, dedaane di-dwonnu telo na wo jei sem konto ne to. 7Josia déem tole Isarele teene dem maama mo o kare o gwɛɛne jwona bimbina yam, o daare o chochoge Asera nyenyego dɛ sem. O ta ma mumugi ba jwona pa ya ji fwogo, ye o daare o ja bimbina yalo ba na zwɛ talwoŋa da to o chɔge o yage. O laam ma jwoori Jerusalem.
8Pɛ Josia paare dim bena fuga-nana bene dem ne mo o toŋe Azalia bu Safan, de teo kom dedɛɛro Maaseya, de Joahaza bu Joa na ye pɛ sɔŋɔ tɔn-poponno wom to, se ba vo ba kwɛ o Tu Baŋa Wɛ diga kam, o boboŋa na jaane se o le digiru o teo kom maama wone to ŋwaane.
9Ba ma vo kaanem nakwe tu Hilikia tei, ye ba kwei sabu kolo Levi tiina balo na ye Wɛ diga kam ni-yerena ye ba jwoŋi nɔɔna bam tei ne to ba ja ba vo ba pa‑o. Sabu kom konto ba ya jwoŋi Manasɛ dwi tiina bam, de Efrayim dwi tiina bam, de Isarele dwi tiina badaara bam tei ne, ko woli de balo na wo Judah laŋa kam ne, de Benjamin laŋa kam ne, de Jerusalem teo wone to tei ne mo, ye ba daare ba tiŋi-ko Wɛ diga kam ne. 10Ba na kwei sabu kom ba pa Hilikia to, o laam ma kwei-ko o pa balo na nii Baŋa Wɛ diga kam kwɛɛm totoŋa baŋa ne to, se banto jwoŋi ba ma ŋwe tontoŋena balo na wora ba fɔge ba kwɛ diga kam to. 11Ba de ma kwei sabu kom konto ba pa gwaro tem, de lɔra bam, se ba yeigi kandwa yalo ba na yare peo yera ne to, dedaane dɛ se ba ma-se ba ke bei de ywoa ba fɔge ba kwɛ di selo maama Judah pwa bam ya na yage pa se chɔge to.
12Tontoŋena bam déem ma toŋe de jawala. Levi tiina balo na nii ba totoŋa yam baŋa ne to déem ye: Jahafe, de Obadia na ye Merari sɔ-yuu kom tiina to, ko woli de Zekaria, de Mesulam na ye Kohafe sɔ-yuu kom tiina to mo. Levi tiina bam konto déem tiini ba yei kwɛɛra zela magem lanyerane mo. 13Ba badaara ma nii tontoŋena bam de ba totoŋa dwi dwi baŋa ne. Ba badaara de maa ye tɔn-poponna, de totoŋa yiga tiina, de ni-yerena.
Wɛ nia tɔnɔ kom taane
14Ba na yɔɔre ba kwei sabu kolo ba ya na tiŋi Baŋa Wɛ diga kam ne ba maa nwoŋi to, mo Wɛ kaanem tu Hilikia nɛ Baŋa Wɛ nia tɔnɔ kolo Wɛ ya na ke Moses jeŋa ne to. 15Hilikia ma ta de tɔn-poponno Safan o we, “Wɛ nia tɔnɔ kom mo tento a na nɛa Baŋa Wɛ diga kam wone.” O laam ma kwei-ko o pa Safan.
16Safan ma ja tɔnɔ kom o vo o ta de pɛ Josia o we, “Pɛ, nmo dedɛɛra bam ke nmo na pɛ-ba ni se ba ke tei maama to. 17Ba kwei sabu kolo ya na tigi Baŋa Wɛ diga kam wone to ba pa tontoŋena bam de ba yiga tiina bam.” 18Safan ta ma ta de pɛ wom o we, “Kaanem tu Hilikia kwei tɔnɔ mo o pa-ne.” O ma zege pɛ wom yiga ne o ga-ko se o taa cheiga.
19Pɛ wom na nigi Wɛ nia tɔnɔ kom wo botare sem na ye tei to, mo o jaane o gwaaro o kaare, o wo na chɔge to ŋwaane. 20O ma daare o bwoŋi Hilikia, de Safan bu Ahikam, de Mika bu Abedon, de o tɔn-poponno Safan, ko woli de Asaya na ye pɛ wom yera tontoŋeno to, ye o pa-ba ni o we, 21“Véi-na Wɛ diga kam á lwoori Baŋa Wɛ kolo na popone tɔnɔ konto wone to ŋwaane, se dé wane dé lɔre o boboŋa. Ke-na konto á pa amo de balo maama ta na zoore Isarele de Judah laŋa kam ne to. Baŋa Wɛ bane mo yɔɔre de wiira debam baŋa ne, bɛŋwaane dé nabaara bam wo toŋe ba tɔge Baŋa Wɛ nia yam, ne kolo maama na popone tɔnɔ konto wone se dé ke to.”
22Hilikia, de dedɛɛra balo na wo o tei ne to ma zaŋe ba vo Jerusalem jei-doŋa laŋa kam ne se ba na de Wɛ sampwori-kana kalo yere na ye Hulida to. O maa ye Tokafe bu Salum kaane mo. Tokafe de déem ye Hasara wolo na nii pɛ wom gwaaro baŋa ne to bu mo. Nɔɔna bam ma vo ba ŋɔɔne de Hulida.
23O de ma leiri-ba o we:
“Baŋa Wɛ wom na ye Isarele tiina Wɛ to kwora mo tento: Véi-na a ta de nɔɔno wolo na toŋe abam amo tei ne to we, 24Baŋa Wɛ kwora mo tento: ‘Amo wó pa se lɛɛro yi n teo kom de ko nɔn-bia bam maama, se ko maŋe de wo-lwanno telo maama na popone tɔnɔ konto wone ye Judah teo pɛ wom ni to. 25Kokuri to, Judah tiina bam ve amo mo, ye ba daare ba kaane wa-yɔɔro. Ba ma chuchugi a bane de ba jea na ke jwona yalo to. Konto ŋwaane a ban-lom dem wó to teo konto baŋa ne. De nam bá fɔge de zuri maŋa de maŋa.’
26Ko nam ná ye Judah pɛ wom tete na toŋe abam amo tei ne se á lɔre Baŋa Wɛ boboŋa to, Baŋa Wɛ wom na ye Isarele tiina Wɛ to na tage kolo ded‑o to mo tento: ‘Ko ná ye taane delo na wo tɔnɔ kom wone ye n ni-de to, 27amo nɛ nmo wo na chɔge ye n gwooni n tete amo yiga ne de n na nigi we a bane zaŋe teo konto de ko nɔɔna bam baŋa ne to. Nmo nam na kaare n gwaaro ye n keeri amo yiga ne to ŋwaane, amo nigi nmo lworo kom. 28Mo kokuri amo wó pa‑m chwoŋa se n te n tete toone, se n yé na lɛɛro telo a na wó pa te yi teo konto de ko nɔn-bia bam to.’ ”
Tontoŋena bam ma ja Wɛ sampwori-kana kam kwora ba jwoori ba vo ba pa Pɛ Josia.
29Pɛ Josia déem ma pa ni se Jerusalem de Judah teene maama nakwa bam la daane o yiga ne. 30O ma ja Judah tiina bam maama de Jerusalem nɔn-bia bam maama, ko woli de Wɛ kaanem tiina bam, de Levi dwi tiina bam o vo o zo Wɛ diga kam wone. Ko maa ye nɔɔna bam maama, nabwona de naduna mo. Pɛ wom ma zege ba yiga ne o ga Wɛ nia tɔnɔ kolo ba déem na nɛ Baŋa Wɛ diga kam ne to o bere-ba. 31Pɛ wom ma zege o zega jei ne o fɔge o gwoni ni de Baŋa Wɛ we, o wó kwei o wo maama o jwoori o tɔge Baŋa Wɛ, ye o sɛ o nia yam, de o bera yam, de o chullu tem maama, ne ko na popone Wɛ ni-gwonim tɔnɔ kom wone tei to.
32Josia déem ma ta de balo maama na zoore Jerusalem wone to de Benjamin dwi tiina bam se ba tɔge ba sɛ o ni-gwonim dem konto. Jerusalem tiina bam ma seene ba ke ne ba na gwoni ni tei de Wɛ wom na ye ba nabaara bam Wɛ to.
33Josia ma le jwo-yɔɔro maama ya na wo Isarele dwi tiina laŋa kam jei maama ne to o yage. O ta ma pa ni se balo maama na zoore Isarele ne to taa zuli ba Tu Baŋa Wɛ wom. Josia ta na wo o ŋwea wone maŋa kalo maama to, Isarele tiina bam yɔɔre ba tɔge Baŋa Wɛ wom na ye ba nabaara bam Wɛ to mo.",https://www.bible.com/bible/3661/2CH.34.KBG
2 TIGISIM 35,"Pɛ Josia di Atɔgebabaŋa kuri dem
2 Pwa 23:21-23
1Josia déem ma pa se Jerusalem tiina bam di Atɔgebabaŋa kuri dem ba ma ba zuli Baŋa Wɛ. Ba ma seene ba go pipeili boboa chana kam da fuga-yana dɛ dem ne se ba ma ba di kuri dem. 2O ma kuri kaanem tiina bam dedoa dedoa se ba taa toŋe ba totoŋa, ye o kwoori-ba se ba taa jege baare ba ma ba toŋe Baŋa Wɛ diga kam totoŋa. 3Ko ná ye Levi dwi tiina bam, ba pɔɔre-ba mo ba ke Baŋa Wɛ jeŋa ne ye ba yeini ba kwei o nia yam ba bere Isarele tiina bam maama. Pɛ Josia ma ta de-ba o we:
“Abam daa bá ta‑á zeŋe Wɛ ni-gwonim dakaa kam á ta‑á kare jei maama ne á via. Nam kwei-na-ka á zege Wɛ diga kalo Isarele teo pɛ David bu Solomon na lɔge to wone se ka maŋe dáane. Abam nam wó taa toŋa á pa á Tu Baŋa Wɛ wom de o nɔɔna Isarele tiina bam. 4Ti-na á yiga se á ta‑á toŋa se ko tɔge Pɛ David de o bu Solomon na pɔɔre á totoŋa yam ba pa abam sɔ-yuu de sɔ-yuu tei to.
5Á wó ta‑á jeeri Wɛ wara-jei sem ne mo, ye á yeini á pɔɔre á tete, se popɔra maama taa wora ka woli Isarele tiina bam sɔ-yuu maama nɔɔna se ba zuli Wɛ. 6Abam ta wó go Atɔgebabaŋa vara bam nɔɔna bam na jaane ba tui to. Kwɛ-na á tete se á maŋe de chullu tem, se á wane á woli á chorro tem se ba ke kaanem dem ne Baŋa Wɛ na dɛ Moses baŋa o pa abam ni se á ta‑á ke tei to.”
7Pɛ Josia ma zo o vara bam wone o le pei de bone morro fintɔ (30,000), de naane morro tetɔ (3,000). O ma kwei-te o pa nɔɔna balo maama na wora to se ba ma ba ke Atɔgebabaŋa kaanem dem.
8Pɛ wom dedɛɛra bam de ma tɔge ba tete boboŋa ba pa nɔɔna bam, de kaanem tiina bam, de Levi tiina bam vara se ba ma ke kaanem dem. Hilikia, de Zekaria, de Jeheli déem mo ye dedɛɛra balo na nii Wɛ diga kam totoŋa baŋa ne to. Ba de ma le pei de bone morro telei de bia yaredo (2,600), ko woli de naane bia yatɔ (300) ba pa kaanem tiina bam se ba ma ba ke kaanem dem. 9Konania, de o chorro Semaya de Netaneli, ko woli de Levi yiga tiina Hasabia, de Jeyeli, de Jozabadi maama ma kwei pei de bone morro tenu (5,000), de naane bia yanu (500) ba pa ba chorro Levi dwi tiina kaanem dem ŋwaane.
10Ba ma ti woŋo maama yiga se ba ke Atɔgebabaŋa kuri kaanem dem. Kaanem tiina bam, de Levi tiina bam ma vo ba zege ba totoŋa jei ne mɛ de mɛ pɛ wom na bere we ba taa zega to. 11Levi tiina bam ma go Atɔgebabaŋa vara bam ye ba daare ba pwoni-ba. Ba laam ma kwei vara bam konto jana ba pa kaanem tiina bam, ye ba de kwei-ba ba miisi ba yage. 12Ba laam ma pɔɔre zwɛɛm kaanem vara bam, se ba kwei ba pa nɔɔna bam sɔ-yuu de sɔ-yuu, pa se diga maama wane ba ke kaanem ba pa Baŋa Wɛ, ne Moses tɔnɔ kom na bere tei to. Ba ta ke konto mo de naane dem de. 13Ba ma wɔ Atɔgebabaŋa vara bam mini wone, ne ko na maŋe de chullu tem tei to. Ba ma saŋe pɛɛra yadwonna nɔna yam kambia ne, de nakeina ne, de zwe dwi dwi wone, ba daare ba le-ya ba pɔɔre ba pa nɔɔna bam maama lela. 14Levi tiina bam na ke konto ba ti to, ba ma pɔɔre nɔna ba tiŋi ba tete ŋwaane, de Wɛ kaanem tiina bam na ye Aron dwi tiina to ŋwaane. Kokuri to, kaanem tiina bam yia déem yɔɔre ya seene mo dɛ dem konto maama wone, pa ba jege zwɛɛm pɛɛra yam, de vara lara kam ba zwɛ taa ba vo ba yi tega. Konto ŋwaane Levi tiina bam mo kwɛ kaanem dem pa ba ba tete dedaane kaanem tiina bam.
15Lein-leena bam na ye Asaf dwi nɔɔna to de déem zege ba zega jei ne, nenɛɛne Pɛ David, de Asaf, de Heman, de pɛ wom yi-naro Jedutuna déem na bere we ba taa ke tei to. Levi tiina balo na zege ba yere Wɛ diga kam nia yam to maŋe ba zega jei sem ne taa, ba chorro tem na kwɛ kaanem dem ba pa-ba to ŋwaane mo.
16Ba ma seene ba kwɛ Atɔgebabaŋa kaanem dem ba ti dɛ dem konto ne, se ba ma ba zuli Baŋa Wɛ. Ba ma zwɛ pɛɛra yam Baŋa Wɛ kaanem bimbini dem baŋa ne, ne Pɛ Josia na pɛ-ba ni se ba ke tei to. 17Isarele tiina balo maama na wora to ma di Atɔgebabaŋa kuri dem maŋa kam konto ne, ye ba daare ba kwei da yarepɛ ba di Bworobworo-memene kuri dem de. 18Ba wo fɔge ba di kuri dento dwoŋi Isarele laŋa kam ne ko zege maŋa kalo Wɛ sampwora Samuwel na wora to. Isarele teo pwa bam wolowolo nam ya ta wo di kuri dem, ne Josia na di-de tei to. O déem pɛ se kaanem tiina bam, de Levi dwi tiina bam, de Judah tiina bam, ko woli de Isarele tiina balo na wo Jerusalem ne to mo woli‑o pa ba di kuri dem. 19Ko nam ye Josia paare dim bena fuga-nana bene dem ne mo ba daa jwoori ba di Atɔgebabaŋa kuri dem.
Josia toone
2 Pwa 23:28-30
20Konto maama kwaga ne ye Pɛ Josia fɔge o kwɛ Wɛ diga kam o ti to, mo Ejipti teo pɛ Neko zaŋe de o jar-keira bam o vo Karekemisi na wo Yuferata buga kam seeni to. Josia de ma nwoŋi se o jeeri Neko de jara se o che o yiga. 21Neko de déem ma toŋe nɔɔna Josia tei de kwora kanto o we, “Judah teo pɛ, taane tera ko na wo debam tetare laŋa ne to. Amo nwoŋi se a kwaare jara de a dona mo, se ko dae de nmo. Wɛ nam zege a kwaga ne mo se a ke jara yam, ye o we, a ke lela a ke-ya. Nam yé che Wɛ yiga, se o wó chɔge nmo de.”
22Josia ma se o zwa de Neko ni-kaana yam, de ko na ye Wɛ mo dɛ Neko baŋa o ta taane dem to de. O ma leiri o yibia se Neko yé lɔre‑o ye o vo Megido te-kampare ne se o de o jar-keira bam jeeri‑o de jara. 23Jara yam na chɛ to, mo Ejipti che-tara tɔ Josia de chena pa ko zo o yera. O ma ta o dedɛɛra bam o we, “Ja-ne-na á lage jei á vo, se ko tiini ko chɛ a yera ne mo.”
24Josia nɔɔna bam ma le‑o o tete toroko kom ne, ye ba kwei‑o ba ke toroko kodwoŋi ne, ko de na ye o nyem to. Ba ma ja‑o ba jwoori Jerusalem. Dáane mo o tega. Ba ma suli‑o o kwoa yibeela yam ne. Judah de Jerusalem tiina bam maama ma keeri o lua. 25Wɛ sampwora Jeremia déem ma pane Josia lua nagoro leiŋa. Ko maa na zege maŋa kam konto ne se ko taa vei to, lein-leena bam maama, baara de kaana, yeini ba leeni leiŋa kam konto mo ba ma ba guli Pɛ Josia gula. Isarele teo wone ba yeini ba leeni luseim sem konto dwoŋi, ne ko na popone ko tigi Nagoro lei sem tɔnɔ kom wone tei to.
26Josia déem na di paare ye o ke wonnu telo to, de o na sɛ o tɔge kolo na popone Baŋa Wɛ nia tɔnɔ kom wone to pa o toŋe o pwoli Wɛ wo tei to, 27de o totoŋ-naga maama ko zege o paare dem boboa ne se ko yi de na kweeli maŋa kalo to, tento maama popone mo te tiŋi Isarele de Judah Pwa Seina tɔnɔ kom wone.",https://www.bible.com/bible/3661/2CH.35.KBG
2 TIGISIM 36,"Judah teo pɛ Jehohaza taane
1Judah tiina bam ma kuri Josia bu Jehohaza se o leiri o kwo wom yuu ne o di paare Jerusalem ne. 2Jehohaza déem jege bena finlei-yatɔ mo ye o di paare dem. O ma jeini Jerusalem ne o di paare dem o ke chane setɔ. 3Ejipti teo pɛ wom déem ma ja Jehohaza o nwoŋi Jerusalem ne, se o daa yé na chwoŋa o di paare dem. O ma daare o fe Judah tiina se ba ŋwe lampwoo na ye lu-nyenno kilo morro tetɔ de bia yana (3,400), ko woli de sabu-seŋa kilo fintɔ-tena (34) to ba pa‑o. 4Ejipti pɛ wom ma kwei Eliakim wolo na ye Jehohaza nyaane to o tiŋi‑o se o leiri Jehohaza yuu ne o di paare o taa tei Judah de Jerusalem. O ma leiri Eliakim yere dem pa de ye Jehoyakim. O ma daare o ja Jehohaza o vo o yage Ejipti ne.
Judah pɛ Jehoyakim taane
5Jehoyakim déem jege bena finlei-yanu mo ye o di paare. O ma jeini Jerusalem ne o di paare dem o ke bena fuga-dedwe. O de déem toŋe lwarem o chɔge o Tu Baŋa Wɛ wom yiga. 6Babilon teo pɛ Nebukadeneza déem ma ba o li Judah teo maama de jara. O ma ja Jehoyakim o daare o pa ba kwei channa chegero ba vɔ‑o ba vaŋe ba ja ba vo Babilon. 7Nebukadeneza déem ta vere Baŋa Wɛ diga kam wo zela mo o ja o vo Babilon. O ma kwei-te o zege o sɔ-fɔrɔ kom wone.
8Jehoyakim déem na di paare ye o ke wonnu telo to, de o na tusi o ke totoŋ-zɔɔna yalo to maama, ba popone-te ba tiŋi Isarele de Judah Pwa Seina tɔnɔ kom wone. Jehoyakim ma te ye o bu Jehoyachin leiri o yuu ne o di paare.
Judah teo pɛ Jehoyachin taane
9Jehoyachin déem jege bena fuga-nana mo ye o di paare. O ma jeini Jerusalem ne o di paare dem o ke chane setɔ de da fuga. Jehoyachin déem toŋe lwarem o chɔge Baŋa Wɛ yiga. 10Ben-doore maŋa na yi to, Pɛ Nebukadeneza ma toŋe nɔɔna se ba ja Jehoyachin ba vo Babilon. O ta ma pɛ Baŋa Wɛ diga kam lonne wonnu o woli da o ja o viiri. O laam ma pa Jehoyachin choro Zedekia leiri o yuu ne o ji pɛ se o taa tei Judah de Jerusalem.
Judah teo pɛ Zedekia taane
11Zedekia déem jege bena finlei-dedwe mo ye o ji Judah teo pɛ. O ma jeini Jerusalem ne o di paare dem o ke bena fuga-dedwe. 12Zedekia déem toŋe lwarem mo o chɔge o Tu Baŋa Wɛ wom yiga. O déem ta wo gwooni o tete o pa Wɛ sampwora Jeremia, de wonto na jege Baŋa Wɛ taane o tɛa tei maama to de. 13Zedekia déem nam lɔge duuri delo Pɛ Nebukadeneza ya na pɛ se o du Wɛ yere ŋwaane to kwaga ne mo. O ma pa se o bochare digili ye o ve se o zuli Baŋa Wɛ wom na ye Isarele tiina Wɛ to. 14Ko woli da, Wɛ kaanem yiga tiina bam, de Judah tiina bam maama déem ba jege chega de Wɛ. Ba ma yɔɔre ba kare ba ke wo-zɔɔna kikia yalo dwi-gɛ tiina bam na ke to mo. Ba ta maa jege Baŋa Wɛ diga kam ba chɔga, ye Wɛ ya pɔɔre-ka o pa o tete Jerusalem teo wone.
Jerusalem teo na chɔge tei to
15 Baŋa Wɛ déem yɔɔre o toŋe o tontoŋena Judah dwi tiina bam tei ne mo kuni dedɛ, o na ye ba nabaara bam Wɛ to ŋwaane. Kokuri to, o jege o nɔɔna bam ŋwaŋa, de o tete diga kam ŋwaŋa dedɛ. 16Nɔɔna bam déem nam jwoori ba jege Wɛ tontoŋena bam ba mɔne mo. Ba maa wo kwei o taana yam ba ke ba bochara ne. Ba na jege Wɛ sampwori sem ba yaala konto to, Baŋa Wɛ ban-lom ma lɛɛre de to ba baŋa ne, ye o wo duri ba yibwona. 17O ma pa Babilon teo pɛ ba o ke chichuŋu de-ba. O nɔɔna bam ma zo Wɛ wara-jei sem ba kwei ba se-zɔɔro ba go ba nɔn-donno maama. Ko ná ye babɛ, de busankane, de nɔn-kwe maama, Nebukadeneza wo duri ba wolowolo ŋwaŋa. Kokuri to, Baŋa Wɛ mo kwei ba maama o ke o jeŋa ne. 18Pɛ Nebukadeneza ta ma pɛ Baŋa Wɛ diga kam yera zela maama, ko ná ye wo-kamuna dedaane wo-baloa de, de ka lonne wonnu tem, ko woli de Judah teo pɛ de o dedɛɛra bam jejegero o ja o viiri. O vere te maama mo o ja o vo o tete teo Babilon. 19Babilon tiina bam ma kwei mini ba zwɛ Wɛ diga kam, de teo kom sɔ-fwaaro tem maama. Ba ma yigi Jerusalem teo kabiri sem ba de tega ne, ye ba daare ba chɔge lonne wonnu tem maama teo kom wone.
20Pɛ Nebukadeneza ma kale nɔɔna balo na wo tege jara yam wone to o ja o vo Babilon teo kom pa ba ji o de o bia tontoŋena. Ba déem ma ke konto taa se ko yi Peresia teo paare dem na jeini maŋa kalo ne to. 21Konto ma pa Judah tega kam na siu, ne ko ya na maŋe se ka na bena yarepɛ maama wone to. Maŋa kalo maama tega kam na ye di-dwonnu yerane to, ko sii mo se ko vo ko yi bena fuserepɛ, ne Baŋa Wɛ na dɛ o tontoŋeno Jeremia baŋa ne o ta kolo na jege se ko ke to.
22Peresia teo pɛ Sarusi paare boboa bene dem ne mo Baŋa Wɛ pɛ se kwora kalo o déem na tɔge Jeremia baŋa ne o ŋɔɔne to ji chega. Ko na ke tei to, o pɛ se Pɛ Sarusi boboŋa ja se o toŋe kwora se ka yi o teo kom kateira yam maama. Ba ta ma popone o kwora kam ba ke tɔnɔ ne we,
23“Peresia teo pɛ Sarusi ni dem mo tento:
Telaao Tu Baŋa Wɛ mo kwei tega baŋa teene maama o pa-ne se a taa tei. O nam kuri amo mo se a lɔ Wɛ diga Judah teo Jerusalem wone a pa‑o. Abam balo maama na wo Baŋa Wɛ nɔɔna bam wone to jege chwoŋa se á vo Jerusalem á toŋe totoŋe dem konto. Baŋa Wɛ wó taa wo á tei ne.”",https://www.bible.com/bible/3661/2CH.36.KBG
EZERA 1,"Pɛ Sarusi kwora kam
1Sarusi déem ye Pa-faro wolo na tei Peresia maama to mo. O paare boboa bene dem ne mo Baŋa Wɛ pɛ se kwora kalo o déem na tɔge Jeremia baŋa ne o ŋɔɔne to ji chega. Ko na ke tei to, o pɛ se Pɛ Sarusi boboŋa mo ja se o toŋe kwora se ka yi o kateira yam maama. Ba ta ma popone o kwora kam ba ke tɔnɔ ne we:
2“Peresia teo pɛ Sarusi ni dem mo tento:
Telaao Tu Baŋa Wɛ mo kwei tega baŋa teene maama o pa-ne se a taa tei. O nam kuri amo mo se a lɔ Wɛ diga Judah kateiri dem teo Jerusalem wone a pa‑o. 3Abam wolo maama ná wo Baŋa Wɛ nɔɔna bam wone, konto tu wɛ dem nam wó taa wo o tei ne. Amo nam pɛ kotu chwoŋa se o vo Jerusalem na wo Judah wone to o lɔ Wɛ diga o pa Isarele tiina wɛ dem, de na ye wɛ delo na zoore Jerusalem ne to ŋwaane. 4Balo na daare ye ba zoore mɛ maama to nam jege se ba woli kotu de kolo maama o na lage ba tei ne to mo. Ba wó woli‑o de lu-nyenno, de sabu-seŋa, de jejegero dwi dwi, de vara, dedaane wo-ywoŋo pɛɛra yalo o na wó kwei o ma kwɛ Wɛ diga kam Jerusalem wone to.”
5Judah dwi dem yiga tiina, de Benjamin dwi dem yiga tiina, de Wɛ kaanem tiina, de Levi dwi tiina, dedaane balo maama Wɛ na pɛ ba boboŋa ja to ma zaŋe ba ti yiga se ba vo Jerusalem ba lɔ Wɛ diga kam ba pa Baŋa Wɛ. 6Ba fara bam maama ma woli-ba de lu-nyenno wonnu, de sabu-seŋa wonnu, de jejegero dwi dwi, de vara, de zele-ŋona na jege yuu to, ko ta woli de Wɛ pɛɛra yam.
7Pɛ Sarusi tete de ma zo Pɛ Nebukadeneza jwona diga ne o le Baŋa Wɛ diga kam wo-laaro telo Nebukadeneza déem na zeŋe o nwoŋi Jerusalem ne o ba o yage da to o ja o nwoŋi. 8O ma kwei-te o ke Miteredafe jeŋa ne se o jeeli te ni, se o daare o ke te maama Sesebazare jeŋa ne. Wonto déem mo ye dedɛɛro wolo na nii Judah kateiri dem to. 9-10Ba déem na jeeli zela yalo to mo tento:
Sabu-seŋa ware-zwe fintɔ (30).
Lu-nyenno ware-zwe moro (1,000).
Lu-nyenno zwe sedwonna finlei-nogo (29).
Sabu-seŋa kabeili fintɔ (30).
Lu-nyenno kabeili bia yana de fuga (410).
Zela yadwonna maa ye moro (1,000).
11Sabu-seŋa de lu-nyenno zela yalo ba déem na kwei ba ke Sesebazare jeŋa ne to maama déem ye morro tenu de bia yana (5,400) mo. Wonto de Juu tiina balo na ti yiga se ba nwoŋi Babilon ne to ma kwei-te ba ja jwoori Jerusalem.",https://www.bible.com/bible/3661/EZR.1.KBG
EZERA 2,"Nɔɔna balo na tɔge de Zerubabel ba jwoori to
Nehemia 7:4-73
1Nɔɔna balo déem na zege Babilonia kateiri dem ne ba jwoori Jerusalem de Judah teene dedwonna dem wone to yera mo tento. Nɔɔno maama déem ma jwoori o vo o tete teo. Babilonia Pa-faro Nebukadeneza ya jaane-ba mo o vo o pe o tete teo kom ne. 2Ba tɔge de Zerubabel, de Jesua, de Nehemia, de Seraya, de Reelaya, de Modekayi, de Bilisan, de Mispare, de Bigavayi, de Rehum, dedaane Baana mo ba jwoori ba sam.
Isarele tiina bam ni na mae tei to mo tento:
3Parose bia bam ye 2,172.
4Sefatia bia bam ye 372.
5Ara bia bam ye 775.
6Pahafe-Moaba bia balo na tɔge Jesua de Joaba dwi dem to ye 2,812.
7Elam bia bam ye 1,254.
8Zaatu bia bam ye 945.
9Zakayi bia bam ye 760.
10Bani bia bam ye 642.
11Bebayi bia bam ye 623.
12Azagadi bia bam ye 1,222.
13Adonikam bia bam ye 666.
14Bigavayi bia bam ye 2,056.
15Adin bia bam ye 454.
16Atera bia balo na tɔge Hezekia dwi dem to ye 98.
17Bezayi bia bam ye 323.
18Jora bia bam ye 112.
19Hasum bia bam ye 223.
20Gibara bia bam ye 95.
21Bɛtelehem teo tiina bam ye 123.
22Netofa teo tiina bam ye 56.
23Anatofe teo tiina bam ye 128.
24Azimavefa teo tiina bam ye 42.
25Kiriaf-Jeerim, de Kefira, dedaane Beerofa teene tiina bam ye 743.
26Rama de Geba teene tiina bam ye 621.
27Mikimasa teo tiina bam ye 122.
28Bɛtel de Ayi teene tiina bam ye 223.
29Nebo teo kom tiina bam ye 52.
30Magebisi teo tiina bam ye 156.
31Elam teo kodwoŋi kom tiina bam ye 1,254.
32Harim teo tiina bam ye 320.
33Loda, de Hadida, de Ono teene tiina bam ye 725.
34Jeriko teo tiina bam ye 345.
35Senaa teo tiina bam ye 3,630.
36Kaanem tiina banto de déem mo tɔge ba jwoori:
Jedaya dwi delo na tɔge Jesua baŋa ne to bia bam ye 973.
37Yimera bia bam ye 1,052.
38Pasura bia bam ye 1,247.
39Harim bia bam ye 1,017.
40Levi dwi tiina balo de na dɛ ba jwoori to mo tento:
Jesua de Kadimeli bia balo na tɔge Hodavia dwi dem to ye nɔɔna fuserepɛ-bana (74).
41Lein-leena bam na ye Asaf bia to ye nɔɔna bi de finlei-nana (128).
42Wɛ diga ni-yerena bam na ye Salumi, de Atera, de Talemon, de Akuba, de Hatita, de Sobayi bia to ye nɔɔna bi de fintɔ-nogo (139).
43Balo na toŋe Wɛ diga kam totoŋa ye ba jwoori to mo tento:
Ziha bia, de Hasufa bia, de Tabayofa bia, 44de Kerosa bia, de Siaha bia, de Padon bia, 45de Lebana bia, de Hagaba bia, de Akuba bia, 46de Hagabe bia, de Salemayi bia, de Hanan bia, 47de Gideli bia, de Gahara bia, de Reaya bia, 48de Rezin bia, de Nekoda bia, de Gazam bia, 49de Yuza bia, de Pasea bia, de Besayi bia, 50de Asena bia, de Meyunim bia, de Nefusim bia, 51de Bakabuki bia, de Hakufa bia, de Harahura bia, 52de Bazelufa bia, de Mehida bia, de Harasa bia, 53de Barakosi bia, de Sisera bia, de Tema bia, 54de Nezia bia, de Hatifa bia bam.
55Pɛ Solomon tontoŋena bia balo de déem na dɛ ba jwoori to mo tento:
Sotayi bia bam, de Hasoferefa bia, de Peruda bia, 56de Jaala bia, de Darekon bia, de Gideli bia, 57de Sefatia bia, de Hatila bia, de Pokerefa-Hazebayim bia, de Ami bia bam.
58Wɛ diga tontoŋena bam, de Solomon tontoŋena bia bam déem na ke daane to, ba ni maa ye bia yatɔ de funogo-balei (392). 59Nɔɔna badwonna déem mo nwoŋi Tɛl-Mela, de Tɛl-Harasa, de Kerubi, de Adon, de Yimera teene dem ba tɔge ba jwoori ye ba ware se ba bere ba na nwoŋi Isarele dwi delo wone to. 60Banto maa ye Delaya bia, de Tobia bia, de Nekoda bia bam. Ba maama déem ye nɔɔna bia yaredo de finnu-balei (652) mo.
61Twanno déem tera se te bere kaanem tiina banto nabaara na ye balo to:
Habaya bia, de Hakoza bia, de Bazilayi bia bam.
(Bazilayi ya vei Gilead mo o swo Bazilayi dwi dem bukɔ wodwoŋi. Ba ma lɛɛre ba kwei o tembaaro yere ba mae ba bwoi‑o.)
62Ba nam na beeri ba nabaara natɔga twanno tem ba ga to, mo ba chege-ba se ba yé taa ye Wɛ kaanem tiina. 63Teo kom dedɛɛro wom ma pa-ba ni we ba yé tɔge ba di wodiu kolo na ye ko yera Wɛ ŋwaane to, ko ná dae kaanem tu ná tua ye o wae o kwei Yurim de Tumim memaŋa kandwa o ma o kuri Wɛ boboŋa o pa nɔɔna bam.
64Nɔɔna balo déem na jwoori to maama ni ye morro finna-telei dedaane bia yatɔ de fuseredo (42,360) mo.
65Balo na woli da to mo tento:
Ba kabɛ, baara de kaana maama maa ye morro terepɛ dedaane bia yatɔ de fintɔ-barepɛ (7,337).
Ba lein-leena, baara de kaana maama maa ye bia yalei (200).
66Ba sisein-nɔɔna déem ye bia yarepɛ de fintɔ-baredo (736) mo.
Ba bona-sisei maa ye bia yalei de finna-senu (245);
67Ba kona maa ye bia yana de fintɔ-yanu (435);
Ba bonɛ sem maa ye morro teredo dedaane bia yalei de finlei (6,720).
68Nɔɔna bam na jwoori Jerusalem konto to, ba ma vo Baŋa Wɛ diga kam jei sem. Sam yiga tiina badaara déem ma la Wɛ pɛɛra se ya woli Wɛ diga kam lɔɔm se ka jwoori ka zege ka jei sem ne. 69Yiga tu maama nam pɛ pɛɛra se ya maŋe de o dam na mae tei to mo. Ya maama maa ye sabu-seŋa kilo bia yanu (500), de lu-nyenno kilo morro tetɔ (3,000), ko woli de gwaaro bi (100) se kaanem tiina bam taa zoora.
70Kaanem tiina bam, de Levi dwi tiina bam, de lein-leena bam, de Wɛ diga ni-yerena bam, ko ta woli de Wɛ diga tontoŋena bam, de Isarele dwi tiina badaara bam maama laam ma vo ba jeini ba tete teene dem ne.",https://www.bible.com/bible/3661/EZR.2.KBG
EZERA 3,"Ba daa lɔge kaanem bimbini ba zege
1Ko na yi bene dem chane serepɛ chana kam to, dedaane Isarele tiina bam laam zoore ba tete teene wone mo. Ba maama maa ke ni dedwe ba jeeri Jerusalem wone. 2Jozadaki bu Jesua na ye Wɛ kaanem tu to, de o dwonna kaanem tiina bam, de Selateli bu Zerubabel de o chorro tem ma bobo se ba lɔ Isarele tiina Wɛ wom bimbini dem. Ko nam ye se ba taa ke zwɛɛm kaanem mo de baŋa ne ba pa Wɛ, nenɛɛne Wɛ nia tɔnɔ kolo Moses na popone na bere tei to. 3Foone maa jege-ba de balo na zoore jei sem konto ne to. De konto de, ba ta chwi bimbini dem de déem na maŋe de zege mɛ to mo. Ba ma yɔɔre ba bobo ba ke zwɛɛm kaanem de baŋa ne ba pa Baŋa Wɛ dɛ maama, tetete de dedaan-ni ne. 4Ba ta di Vwoa chwiim kuri dem mo nenɛɛne Moses tɔnɔ kom na bere tei to. Kuri dem da yam maama wone, nɔɔna bam maa yeini ba ke zwɛɛm kaanem na maŋe se de ke tei dɛ maama to. 5Ba déem ta yeini ba ke zwɛɛm kaanem delo maama na maŋe se de ke dɛ dɛ to mo, de yalo na jege se ya ke chan-doŋa maŋa ne to, ko ta woli de yalo na maŋe de kura yadwonna ya maŋa ne, nenɛɛne Baŋa Wɛ na pɛ-ba ni tei to. Ba ta yeini ba ja ba wo-ywoŋo pɛɛra ba ba ba pa Baŋa Wɛ mo. 6Bene dem konto chane serepɛ chana kam boboa dɛ dem wone mo nɔɔna bam déem bobo se ba ke zwɛɛm kaanem ba pa Baŋa Wɛ. Ka maŋa ne de ba ya ta wo bobo se ba chwi Wɛ diga kam kabiri-beira.
7Ba laam ma ŋwe lɔra de gwaro telo na toŋe dɛ totoŋa to se ba toŋe ba pa-ba. Ba ta ma kwei wodiu, de sana, de nuga ba toŋe ba pa Tura tiina de Sidon tiina se ba ma yeigi da-kwollu ba tei ne. Banto ma zage Sedare teeni na wo Lebanon peero tem ne to ye ba daare ba ja dɛ sem ba tɔge Mɛditeranea naneo kom ba vo ba yi Jopa. Pɛ Sarusi déem mo pɛ chwoŋa se konto maama ke.
Ba bobo Wɛ diga kam lɔɔm
8Ko ye bena yalei bene dem wone nɔɔna bam na jwoori ba yi Jerusalem to, mo ba bobo se ba lɔ Baŋa Wɛ diga kam. Ko maa ye bene dem konto chane selei chana kam ne mo Selateli bu Zerubabel, de Jozadaki bu Jesua, de o dwonna kaanem tiina bam, dedaane Levi dwi tiina bam, ko woli de balo maama na jwoori ba ba to chɛ de totoŋa yam. Ba déem ma kwei diga kam lɔɔm totoŋa maama ba ke Levi dwi tiina balo na yi bena finlei ba daŋe to jeŋa ne, se ba taa nii ya baŋa ne. 9Levi dwi tiina balo na nii Wɛ diga kam tontoŋena baŋa ne to mo tento: Jesua de o bia, de o chorro tem, ko woli de Kadimeli de o bia, Binnui de Hodavia mo. Levi tiina balo de na ye Henadadi dwi nɔɔna to de ma woli da.
10Lɔra bam déem na yɔɔre ba chwi Baŋa Wɛ diga kabiri-beira kam to, mo kaanem tiina bam zo ba gwaaro ye ba daare ba vo ba zege ba zega jei ne, se ba wu ba nabwanno tem. Levi tiina balo na nwoŋi Asaf diga kam ne to de ma kwei zwe ba zege da, se ba maama zuli Baŋa Wɛ nenɛɛne Isarele tiina Pɛ David déem na bere se ba taa ke tei to. 11Ba déem ma mɔɔne lei ye ba sɛ-se ba ma seini Baŋa Wɛ ye ba ke‑o lei. Ba maa tɛ ba we:
“O tiini o lamma!
O swono kolo o na jege
Isarele tiina ŋwaane to
wora mo taa wuu!”
Nɔɔna bam maama ma tiini ba tei Baŋa Wɛ de kwor-dɛa, ba na beiri Baŋa Wɛ diga kam kuri to ŋwaane. 12Konto na jege ko ke to, kaanem tiina de Levi tiina de sam yiga tiina balo na ye nɔn-kwe to ma guli boboa Wɛ diga kam déem na ye tei to ye ba tiini ba laare de wo-chechɔgɔ. Ko nam ná ye balo na daare to, ba dedɛ laare de wopwolo mo. 13Ba maama sɔɔ kom ma tiini ko di baŋa pa se nɔɔna ware se ba pɔɔre ywoni de wo-chechɔgɔ daane. Sɔɔ kom déem ma ni yiga yiga.",https://www.bible.com/bible/3661/EZR.3.KBG
EZERA 4,"Juu tiina dona chege Wɛ diga kam lɔɔm
1Judah dwi dem dedaane Benjamin dwi dem dona déem ma ni we balo na zege Babilon ne ba ba to wora ba jwoori ba lɔ Isarele tiina Baŋa Wɛ wom diga kam mo. 2Ba na nigi to, ba ma vo Zerubabel de sam dem yiga tiina tei ba ta ba we, “Debam de zuli á Tu Wɛ nenɛɛne abam na ke tei to mo. Ko zege maŋa kalo Asiria teo pɛ Esara-hadon na jaane debam o ba o yage ywo-seeni to, dé yɔɔre dé ke kaanem dé pa‑o mo. Dé nam tu se dé woli abam wone mo se dé lɔ Wɛ diga kam.” 3Zerubabel, de Jesua, de Isarele sam yiga tiina badwonna bam ma leiri-ba ba we, “Wɛ diga kam lɔɔm dae debam de abam maama totoŋe. Debam yerane mo wó lɔ diga kam dé pa Isarele tiina Baŋa Wɛ wom, nenɛɛne pɛ Sarusi na pɛ debam ni se dé ke tei to.”
4Nɔɔna balo ya na maŋe ba zoore jei sem konto ne to laam ma kwaane se ba pa Judah tiina bam vɔna pare. Ba boboŋe déem ye se foone zo-ba se ba yage totoŋe dem mo. 5Ba ta ma vo ba yo teo kom dedɛɛra se ba cheiŋi totoŋa yam, pa se ya daa ware ya vo yiga. Ba ma lɛɛre ba ke konto ko zege Peresia teo pɛ Sarusi paare dim maŋa ne se ko yi maŋa kam Darusi de daa na jwoŋi Peresia paare o di to.
Ba chege Jerusalem teo kom lɔɔm
6Pɛ Zeregese déem na tu o ji Peresia pɛ maŋa kalo to, mo Judah tiina dona bam popone tɔnɔ ba vugimi o boboŋa Judah tiina bam seeni, de Jerusalem teo kom nɔɔna seeni.
7Konto na kɛ ye Atazeregese de daa ji Peresia pɛ maŋa kalo ne to, mo Biselam, de Miteredafe, de Tabeeli, de ba yuudwonna bam popone tɔnɔ ba toŋe ba pa pɛ wom. Ba déem popone tɔnɔ kom de Aram tiina taane mo ye ba daare ba leiri ko taane dem ba ga se nɔɔna lɔre ko kuri.
8Ko ta na wora ko wora to, Rehum de Simisayi de déem ma popone tɔnɔ ba pa Pɛ Atazeregese se ko vugimi o boboŋa Jerusalem teo kom nɔɔna seeni. Rehum déem mo ye teo kom yiga tu. Simisayi de maa ye dedɛɛro wolo na nii teo kom tɔnɔ poponem baŋa ne to. Ba na popone kolo to mo tento:
9“Teo kom yiga tu Rehum, de tɔnɔ poponem dedɛɛro Simisayi, dedaane dé dwonna bam maama mo popone tɔnɔ konto. Ba maa ye dé jei sem yiga tiina, de nakwa, de dedɛɛra balo na ye Ereki tiina, de Babilon tiina, de Elam tiina to, 10ko ta woli de nɔɔna balo maama Pa-faro Asurabanipali, o yere na tiini de zaŋe to, déem na wane o di ye o fe-ba se ba vo ba jeini Samaria teene dem ne, dedaane kateiri delo na wo Yuferata buga kam wɛ-zoore seeni to.”
11Tɔnɔ kolo ba déem na popone ba pa pɛ wom to mo tento:
“Debam balo na ye Pɛ Atazeregese tontoŋena, ye dé zoore Yuferata buga kam wɛ-zoore jei sem ne to mo popone tɔnɔ konto se dé pa‑m. 12Pɛ, dé lage se n lɔre we Juu tiina balo na nwoŋi nmo tei Babilon ne ba jwoori ba ba ywo-seeni to laam wo Jerusalem teo kom wone mo. Ba nam lage se ba jwoori ba lɔ teo kom mo. Ko nam ye te-balɔrɔ kolo nɔɔna na chuli dé teo kom to mo. Ba wora ba lɔ teo kom kabiri sem ba tia mo, se ba jwoori ba kwɛ ko kabiri-beira kam. 13Nam ta‑n yei we ba ná jwoori ba lɔ ba teo kom ba zege, ye ko kabiri sem de kwaare daane se ti, Juu tiina bam daa bá sɛ se ba taa ŋwe lampwoo dwi maama. Konto ná kea, sabia yalo pɛ wom na yeini o jwoŋi o nɔɔna tei ne to wó muri mo. 14Debam nam na ye balo n na nii dé baŋa ne to ŋwaane mo dé vae se wo-balwaaro tento yi‑m. Dé popone tento dé ma kwoori nmo 15se n pa ba buŋi n nabaara lonne twanno tem wone ba nii. Nmo wó na we teo kom konto nɔɔna swoi chichuŋu mo. Ko zege faŋa faŋa to, ba yeini ba tiini ba daane pwa de dedɛɛra balo na tei-ba to mo. Ba na ye nankɔ-nyena to ŋwaane mo pɛ se nɔɔna déem chɔge ba teo kom. 16Pɛ, nam lɔre we nmo ná pɛ chwoŋa se ba jwoori ba lɔ teo kom konto, se ko kabiri sem maama zege se ti, nmo wó ga tega kalo maama na wo Yuferata buga kam wɛ-zoore seeni kateiri dem ne to mo.”
17Pɛ Atazeregese de ma toŋe kwora o leiri-ba o we:
“Amo Pɛ Atazeregese mo leiri teo yiga tu Rehum, de tɔnɔ poponem dedɛɛro Simisayi, ko ta woli de ba dwonna balo na zoore Samaria ne, de jei selo maama na wo Yuferata buga kam wɛ-zoore seeni to. A jɔɔne abam. 18Ba pipiri tɔnɔ kolo á na popone to ba ke debam taane wone, ye ba ta ga-ko ba bere-ne. 19Amo pɛ ni se ba buŋi dé teo kom lonne twanno tem wone ba nii. A nam seene a maane we ko na nwoŋi faŋa to, Jerusalem teo kom su de nankɔ-nyena na swoi chichuŋu to mo. Ba yeini ba daane pwa mo ye ba ware ba ja. 20A ta nɛ we pa-fwaaro mo di Jerusalem teo paare, ye ba déem tei Yuferata buga kam wɛ-zoore seeni kateiri dem, pa se jei sem konto nɔɔna ŋwe lampwoo dwi maama ba pa-ba. 21Konto ŋwaane nam pa-na-ba ni we ba daa yé lɔ teo kom, se ko taa nii amo ná pɛ-ba chwoŋa se ba lɔ. 22Nam ta‑á yei-na se á ke lela á ke amo ni dem konto, se daanem daa yé ba amo paare dim baŋa ne.”
23Ba na yɔɔre ba ga Pɛ Atazeregese tɔnɔ kom ba bere Rehum, de Simisayi, de ba dwonna bam to, mo ba ke lela ba vo Jerusalem. Ba ma fe Juu tiina bam de dam pa se ba yage teo kom lɔɔm.
24Konto to ba déem fe Juu tiina bam mo pa se ba yage Jerusalem teo Wɛ diga kam lɔɔm. Totoŋa yam daa maa ba vei yiga se ko yi maŋa kam Darusi na jwoŋi Peresia paare o di ye ko ke bena yalei to.",https://www.bible.com/bible/3661/EZR.4.KBG
EZERA 5,"Ba daa bobo se ba lɔ Wɛ diga kam
1Maŋa kam konto ne, Wɛ sampwori Hagayi de Ido bu Zekaria déem zaŋe ba ŋɔɔne Baŋa Wɛ kwora kam ba bere Juu tiina balo na zoore Judah kateiri dem ne, de Jerusalem teo kom wone to. Ba kwei Isarele tiina Baŋa Wɛ wom yere mo ba ŋɔɔne de-ba, wonto na ye wolo na nii-ba to ŋwaane. 2Selateli bu Zerubabel de Jozadaki bu Jesua na nigi ba taane dem to, mo ba bobo se ba jwoori ba lɔ Jerusalem Wɛ diga kam. Wɛ sampwori sem déem maa wo ba tei ne se ba taa woli-ba.
3Tatenayi déem mo ye Yuferata buga kam wɛ-zoore seeni kateiri dem yiga tu. O ma tɔge de Sefa-Bozenayi, de ba dwonna yiga tiina bam o vo Juu tiina bam tei ye o bwei-ba o we, “Wɔ mo pɛ abam chwoŋa se á jwoori á lɔ Wɛ diga kam, se á daare á kwɛ-ka á zege?” 4Ba ta ma ta ba we, “Popone-na balo na wora ba lɔ-ka to yera á pa debam se dé nii.” 5Peresia teo dedɛɛra bam nam wo chege totoŋa yam, Baŋa Wɛ yi na page Juu tiina nakwa bam baŋa ne to ŋwaane. Dedɛɛra bam déem boŋe se ba popone tɔnɔ ba tole taane dem ba bere Pɛ Darusi mo, se o ná leiri-ko, se ba laam lɔre ba na wó ke tei to.
6Tatenayi, de Sefa-Bozenayi, de ba dwonna yiga tiina bam na wo Yuferata buga kam wɛ-zoore seeni to na popone tɔnɔ kolo ba pa Pɛ Darusi to mo tento:
7“Pɛ Darusi, yazura taa wo n tei ne.
8Dé lage se n lɔre we debam vei Judah kateiri dem ne, ye dé na diga kalo ba na wora ba lɔ se ba pa Wɛ-kamunu kom to. Nɔɔna bam jege kandwa-zana mo ba ma lɔ-ka, ye ba kwei da-kwoli-bigila ba ke ka yera ne. Tontoŋena bam nam zuri yera mo ba toŋa de yi-seena, ye lɔɔm dem vei yiga lanyerane.
9Dé ma bwei ba nakwa dé we, ‘Wɔ mo pɛ abam chwoŋa se á jwoori á lɔ Wɛ diga kam, se á daare á kwɛ-ka á zege?’ 10Dé nam ta bwei se dé lɔre tontoŋena bam yera mo se dé popone, se n lɔre balo na wo ba totoŋa yam yiga ne to.
11Ba de ma leiri ba we, ‘Debam ye Wɛ wolo na tei wɛyuu de tega baŋa to tontoŋena mo. Dé nam wora dé jwoori dé lɔ Wɛ diga kalo Isarele pa-kamunu wodwoŋi déem na lɔge ye o fɔge o kwɛ-ka o zege to mo. 12Debam nabaara déem ya pɛ se Telaao Tu Wɛ wom bane mo zaŋe de-ba. O de ma ve-ba o ke Babilon teo pɛ Nebukadeneza na ye Chaladea dwi tu to jeŋa ne pa se o ba o chɔge ba Wɛ diga kam. O déem ta ma kale-ba o ja o vo o tete teo se ba taa zoore da. 13Ko nam na ye tei to, Pɛ Sarusi de déem daa na jwoŋi Babilon paare o di to, o paare dim boboa bene dem wone mo o pɛ ni se Juu tiina jwoori ba lɔ Wɛ diga kam. 14Pɛ Sarusi déem kwei sabu-seŋa de lu-nyenno zela yalo Pɛ Nebukadeneza ya na le Jerusalem Wɛ diga kam ne o daare o ja-te o vo o zege o tete jwona diga kam ne to mo o jwoori o pa debam. O déem ma kwei-te o ke Sesebazare jeŋa ne se o taa nii te baŋa ne. Pɛ wom ya tiŋi wonto se o taa ye Judah kateiri dem yiga tu mo, 15ye o daare o pa‑o ni se o ja zela yam konto o jwoori o vo Jerusalem o tiŋi Wɛ diga kam ne. O ta wó jwoori o lɔ Wɛ diga kam o zege ka déem na maŋe ka wo jei selo to ne. 16Sesebazare nam seene o ke konto mo, pa se o bobo o chwi Wɛ diga kam kabiri-beira Jerusalem ne. Ko na zege maŋa kam konto ne se ko yi zem to, dé yɔɔre dé wora dé lɔ Wɛ diga kam mo. Totoŋa yam nam ta wo ti.’
17Pɛ, konto ŋwaane nam dé lwoori‑m mo se n pa se ba buŋi Babilon teo lonne twanno tem wone, se ba nii Pɛ Sarusi seene o pa ni we ba jwoori ba lɔ Jerusalem Wɛ diga kam naa o wo ke konto. Nmo laam ná nɛ kolo na wora to, se n bere debam n boboŋa na jaane tei to.”",https://www.bible.com/bible/3661/EZR.5.KBG
EZERA 6,"Pɛ Darusi na leiri tei to
1Pɛ Darusi ma pa ni se nɔɔna vo ba na yeini ba tiŋi Babilon teo lonne twanno tem mɛ to ba buŋi te wone se ba nii. 2Ko déem nam ye Medea kateiri dem te-fɔrɔ Ekebatana wone mo ba nɛ tɔnɔ, ye ko wo taane mo tento:
3“Pɛ Sarusi paare dim boboa bene dem wone mo o pɛ ni na tɔge Jerusalem Wɛ diga kam seeni to. O ni dem ye se ba jwoori ba lɔ-ka se ka taa ye jeiga kalo ba na wó taa ke ba kaanem da to mo. Ba jege se ba chwi ka kabiri-beira kam, ye ba pa se diga kam wɛyuu dedɔrem taa ye naba-laara fintɔ (30), se ka kayɔlɔ seeni de taa ye naba-laara fintɔ (30). 4Ba nam wó kwei kandwa-zana mo se ba ná tiŋi-ya ye ba lɔ kabira kam kuni betɔ, se ba kwei da-kwollu gena dedoa ba lɔ ba daŋe da. Ba jege se ba le sabu dé teo paare dim sabia wone mo ba ma ŋwe Wɛ diga kam lɔɔm jene dem. 5Ko ta woli da, sabu-seŋa de lu-nyenno zela yalo Pɛ Nebukadeneza déem na le Jerusalem Wɛ diga kam wone o ja o vo o tiŋi Babilon ne to ye se ba jwoori ba ja-te mo ba vo ba zege te ya na wo Wɛ diga kam jei selo wone to.”
6Pɛ Darusi laam ma pa ni o we,
“Tatenayi na ye Yuferata buga kam wɛ-zoore seeni kateiri yiga tu to, de Sefa-Bozenayi, de á dwonna yiga tiina bam na wo Yuferata buga kam wɛ-zoore seeni to, ta‑á yei-na se á yé twɛ ba lɔɔm jei sem! 7Yé daane-na nɔɔna bam na wora ba lɔ Wɛ diga kam to. Yage-na Juu tiina yiga tu wom de ba nakwa bam se ba jwoori ba lɔ ba Wɛ diga kam ka jeiga ne.
8Amo nam ta pɛ ni mo se abam lɔre á na wó ke tei á woli Juu tiina nakwa bam se ba lɔ ba Wɛ diga kam to. Lampwoo kolo á na lae amo yere ŋwaane Yuferata buga kam wɛ-zoore seeni kateiri dem ne to mo á wó le ko wone á pa-ba se ko ma ŋwe ba lɔɔm jena yam maama, se kolokolo yé che totoŋa yam. 9Dɛ maama wone nam ta pa-na kaanem tiina balo na wo Jerusalem ne to ba na lage kolo maama se ba ma ke kaanem ba pa Telaao Tu Wɛ wom to. Ba ná lage na-bale, de pi-bale, de pipeili se ba zwɛ ba ma ke kaanem, naa ba ná lage mena, de yɛ, de sana, de nuga, se á yɔɔre á pa-ba. 10Ke-na konto maama á pa-ba se ba wane ba ke kaanem delo na wó pwoli Telaao Tu Wɛ wom wo to, se ba daare ba lwoori Wɛ se o pa amo de a bia yazura.
11Nɔɔno wolo nam ná ve amo ni dem, se ba le beiŋa kotu diga kam yera ne ba daare ba sare-ka ba ma zɔ‑o ba go. Ba ta wó pa kotu sɔŋɔ kom ji tampuuri. 12Wɛ wolo na kuri Jerusalem teo kom se nɔɔna zuli o yere ko wone to nam wó pa se lɛɛro yi pɛ wolo, de nabiin-dwi delo maama na wó kwaane se o leiri amo ni dem to. Lɛɛro ta wó yi balo maama na boŋe se ba chɔge Wɛ diga kalo na wo Jerusalem ne to.
Amo Darusi mo pɛ ni dento. Nɔɔno maama nam jege se o sɛ-de mo chekke.”
Ba kwei Wɛ diga kam ba pa Baŋa Wɛ
13Tatenayi na ye Yuferata buga kam wɛ-zoore seeni kateiri yiga tu to, de Sefa-Bozenayi, de ba dwonna yiga tiina bam ma yɔɔre ba tɔge pɛ wom ni dem. 14Juu tiina nakwa bam daa ta ma lɔ Wɛ diga kam ba vo yiga lanyerane, ye Wɛ sampwori Hagayi de Ido bu Zekaria de maa tɔɔle Wɛ kwora ba pae-ba baare. Ba ma seene ba lɔ-ka ba ti, nenɛɛne Isarele tiina Wɛ wom na pɛ-ba ni se ba ke tei to, ye Peresia teo pwa Sarusi, de Darusi, de Atazeregese de pa-ba ni tei to. 15Ko nam ye Pɛ Darusi paare dim bena yaredo bene dem wone, Adare chana kam da yatɔ dɛ ne mo ba lɔge-ka ba ti.
16Isarele tiina bam maama, de ba kaanem tiina, de Levi tiina, dedaane nɔɔna balo maama na zege Babilon ne ba jwoori to laam ma kwei Wɛ diga kam ba pa Wɛ de wopwolo. 17Ba déem mɛ na-bale bi mo, de pi-bale bia yalei, de pipeili bia yana ba ke kaanem ba ma lwoori Wɛ swolim ba pa Wɛ diga kam. Ba ta kwei bo-bale fuga-selei mo ba ma ke wɛleera saarem kaanem Isarele dwia fuga-yalei yam ŋwaane. 18Ba ma pɔɔre kaanem tiina bam de Levi tiina bam kɔgɔ kɔgɔ se kɔgɔ maama taa jege ko totoŋa ba toŋe ba pae Wɛ Jerusalem wone, nenɛɛne ko na popone Moses nia tɔnɔ kom ne tei to.
Ba di Atɔgebabaŋa kuri dem
19Balo na zege Babilon ne ba jwoori to déem ma di Atɔgebabaŋa kuri dem boboa chana kam da fuga-yana dɛ ne. 20Kaanem tiina bam, de Levi tiina bam maama nam ya kwɛ ba tete Wɛ ŋwaane mo se ba maŋe de chullu tem. Levi tiina bam ma go Atɔgebabaŋa kaanem pipeili se ba ma kwɛ nɔɔna balo na jwoori to, de ba dwonna kaanem tiina bam, de ba tete de. 21Isarele tiina balo maama na nwoŋi Babilon ne ba jwoori ba ba to ma di Atɔgebabaŋa kuri dem. Balo maama de na pɔɔre ba tete de wo-zɔɔna kikia yalo dwi-gɛ tiina bam na kare ba ke to, ye ba laam ba se ba zuli Isarele tiina Baŋa Wɛ wom to ma tɔge ba di kuri dem. 22Ba ta ma kwei da yarepɛ ba di Bworobworo-memene kuri dem de wopwolo. Baŋa Wɛ déem pɛ se ba di ywoni de o na pipiri Asiria teo pɛ boboŋa pa se o woli-ba se ba wane ba jwoori ba lɔ Isarele tiina Wɛ wom diga kam ba zege tei to.",https://www.bible.com/bible/3661/EZR.6.KBG
EZERA 7,"Ezera yera taane
1Ko na wora ko wora ye Atazeregese ji Peresia teo pɛ to, mo nɔɔno wodwoŋi déem wora o yere na ye Ezera. Ezera déem ye Seraya bu mo. Seraya maa ye Azaria bu. Azaria maa ye Hilikia bu. 2Hilikia maa ye Salum bu. Salum maa ye Zadoki bu. Zadoki maa ye Ahituba bu. 3Ahituba maa ye Amaria bu. Amaria maa ye Azaria bu. Azaria de maa ye Merayofa bu. 4Merayofa maa ye Zerahia bu. Zerahia maa ye Yuzi bu. Yuzi maa ye Buki bu. 5Buki maa ye Abisua bu. Abisua maa ye Finehase bu. Finehase maa ye Eleaza bu, ye Eleaza ye Wɛ kaanem yiga tu Aron bu.
6Ezera déem ye tɔnɔ tu mo, ye o zamese Wɛ nia yam Moses na jwoŋi Isarele tiina Baŋa Wɛ wom tei ne o pa-ba to lanyerane. O de ma nwoŋi Babilon ne o jwoori Jerusalem. Pɛ wom nam ya pɛ‑o kolo maama o na lage to mo, kokuri to, o Tu Baŋa Wɛ wom zaane mo wo o yuu ne. 7Isarele tiina badwonna, de ba kaanem tiina, de Levi tiina, de lein-leena, de Wɛ diga ni yerena, de Wɛ diga tontoŋena bam maa tɔge ded‑o se ba vo Jerusalem. Pɛ Atazeregese paare dim bena yarepɛ bene dem ne mo ba vei da. 8-9Ko déem ye boboa chana kam boboa dɛ dem ne mo Ezera nwoŋi Babilon teo ne se o vo Jerusalem. O ma yi Jerusalem chane senu chana kam boboa dɛ dem ne mo, o Tu Wɛ wom na to o yiga ne to ŋwaane. 10Ko nam na ye tei to, Ezera boboŋa déem jaane se o seene o yia o zamese Baŋa Wɛ nia yam, se o taa ke o tɔge-ya, ye o daare o bere Isarele tiina bam ya bera yam de ya chullu tem mo.
Pɛ Atazeregese na pɛ Ezera tɔnɔ kolo to
11Pɛ Atazeregese nam ya kwei tɔnɔ mo o pa Ezera. Ezera déem ye Wɛ nia zamesem tu mo ye o ta ye Wɛ kaanem tu. O ma zamese Baŋa Wɛ nia yalo de o chullu telo o na pɛ Isarele tiina bam to. Tɔnɔ kom wo wonnu mo tento:
12“Amo Pɛ Atazeregese ye pwa maama pa-faro mo.
Amo popone tɔnɔ konto a pa Ezera na ye kaanem tu, ye o zamese Telaao Tu Wɛ wom nia yam to. Yazura taa wo n tei ne.
13Amo pɛ ni se a paare dim jei sem maama wone, Isarele tiina, de ba kaanem tiina, de Levi tiina balo maama ná kuri se ba jwoori Jerusalem, ba jege chwoŋa se ba tɔge‑m ba viiri. 14Amo de a nakwa barepɛ bam nam toŋe‑m se n vo n nii ko na ye tei nɔɔna balo na zoore Judah de Jerusalem jei sem ne to yera ne mo. Véi n nii nɔɔna bam kikia maŋe de n Tu Wɛ nia yalo o na ke n jeŋa ne to naa ya wo maŋe. 15Nam ta kwei lu-nyenno, de sabu-seŋa kalo amo de a nakwa bam na wó pa‑m to n woli da n ja n vo, se n ma-te n ke pɛɛre n pa Isarele tiina Wɛ wom na zoore Jerusalem teo wone to. Mo dé boboŋa na lage se n ke tei to. 16Nmo ná wae lu-nyenno de sabu-seŋa kalo maama Babilon kateiri ne n lae, de wo-ywoŋo pɛɛra yalo Isarele tiina bam, de ba kaanem tiina na wó pa‑m se ya woli Jerusalem Wɛ diga kam totoŋa ŋwaane to, se n ja-te n viiri.
17Nam ta‑n yei se n kwei sabu kom konto n yeigi na-bale, de pi-bale, de pipeili, de wodiu pɛɛra, de sana pɛɛra. Nmo ma‑n wó ja-te n vo abam Wɛ wom diga kam Jerusalem ne, n ke kaanem o bimbini dem baŋa ne n pa‑o. 18Lu-nyenno de sabu-seŋa kalo ná daare, se nmo de n dwonna bam kwei-te á ke á na lage tei to se ko maŋe de á Tu Wɛ boboŋa yam. 19Ko nam ná ye zela yalo amo na kwei a ke n jeŋa ne se ya woli Wɛ diga kam totoŋa to, se n ja-ya n jwoori Jerusalem n pa abam Wɛ wom. 20Abam nam ná gɛ woŋo se á ma á toŋe Wɛ diga kam totoŋe delo maama, n jege chwoŋa se n jwoŋi sabu dé teo paare dim sabia yam wone.
21Amo, Pɛ Atazeregese nam ta pɛ ni dento mo a sabu tiŋina balo maama na nii Yuferata buga kam wɛ-zoore seeni kateiri dem to: Ke-na kolo maama Wɛ kaanem tu Ezera na lage to á pa‑o lela. Wonto nam ta ye Telaao Tu Wɛ wom nia yam zamesem tu mo. 22Á wó pa‑o o na wó bwei kolo á tei ne se ko yi lu-nyenno kilo morro tetɔ de bia yana (3,400), de mena ywollu bia yatɔ (300), de sana kuriwaa bia bi (100), de nuga kuriwaa bia bi (100). Ko nam ná ye yɛ, se á yé jeeli de ni. 23Ta‑á yei-na se á kwei kolo maama Telaao Tu Wɛ wom na laga o diga kam totoŋa ŋwaane to á pa Ezera. Kokuri to, ko dae se o bane zaŋe de amo naa balo na saŋe amo kwaga ba di paare to. 24Amo nam ta pɛ ni we, ko ná ye Wɛ kaanem tiina, de Levi tiina, de lein-leena, de Wɛ diga ni-yerena, de ka tontoŋena, de balo na toŋe totoŋa yadwonna Wɛ diga kam ŋwaane to, ko dae se á jwoŋi lampwoo banto tei ne.
25Ko nam ná ye nmo Ezera, kwei swa yalo n Tu Wɛ wom na pɛ‑m to, se n kuri nɔɔna badwonna se ba taa nii balo maama na zoore Yuferata buga kam wɛ-zoore seeni ye ba tɔge nmo Tu Wɛ wom nia yam to. Dedɛɛra bam konto wó tɔge chega ba di nɔɔna bam taana ba pa-ba. Balo nam na yeiri Wɛ nia yam to, se n kwei-ya n bere-ba. 26Wolo ná ve nmo Wɛ wom nia yam, de amo paare nia yam, ba jege se ba yɔɔre ba waare kotu mo. Ba ná wo go‑o, se ba mage gulu ba zeili‑o o teo wone. Ko ná dae konto, se ba vere o jejegero, naa ba vɔ‑o ba pe diga ne.”
Ezera ke Wɛ lei
27Ezera ma ta o we, “Baŋa Wɛ na ye dé nabaara Wɛ to maŋe de tia mo! Wonto mo pɛ se pɛ wom boboŋa ja se Wɛ diga kalo na wo Jerusalem wone to na zula yanto dwoŋi. 28Baŋa Wɛ ta tɔge o swono kom baŋa o pa se amo kikia su pɛ wom yi, ye o nakwa de o dedɛɛra de nege-ne. Amo Tu Wɛ zaane na wo amo yuu ne to ŋwaane mo a nɛ baare. Amo ma la Isarele yiga tiina badwonna a ke daane, a daare a pa se ba tɔge de amo ba vo Jerusalem.”",https://www.bible.com/bible/3661/EZR.7.KBG
EZERA 8,"Balo na dɛ de Ezera ba jwoori Jerusalem to yera
1Pɛ Atazeregese paare dim maŋa ne mo dé zege Babilon teo ne se dé jwoori dé vo Jerusalem. Ba na jeeli sam yiga tiina balo na tɔge de amo ba jwoori to yera mo tento:
2Geresom mo nwoŋi Finehase sɔ-yuu kom ne.
Danyeli ma nwoŋi Itamara sɔ-yuu kom ne.
3Sekania bu Hatusi ma nwoŋi David sɔ-yuu kom ne.
Zekaria de baara bi de finnu (150) badwonna ma nwoŋi Parose sɔ-yuu kom ne. Baara bam konto nabaara natɔga kam déem popone ka tiŋi tɔnɔ ne mo.
4Zerahia bu Eli-hoyenayi de baara bia yalei (200) badwonna ma nwoŋi Pahafe-Moaba sɔ-yuu kom ne.
5Jahazeli bu Sekania de baara bia yatɔ (300) badwonna ma nwoŋi Zaatu sɔ-yuu kom ne.
6Jonatan bu Ebedi de baara finnu (50) badwonna ma nwoŋi Adin sɔ-yuu kom ne.
7Atalia bu Jesaya de baara fuserepɛ (70) badwonna ma nwoŋi Elam sɔ-yuu kom ne.
8Mikayeli bu Zebadia de baara funɔnɔ (80) badwonna ma nwoŋi Sefatia sɔ-yuu kom ne.
9Jeheli bu Obadia de baara bia yalei de fuga-nana (218) badwonna ma nwoŋi Joaba sɔ-yuu kom ne.
10Josifia bu Selomifa de baara bi de fuseredo (160) ma nwoŋi Bani sɔ-yuu kom ne.
11Bebayi bu Zekaria de baara finlei-nana (28) badwonna ma nwoŋi Bebayi sɔ-yuu kom ne.
12Hakatan bu Johanan de baara bi de fuga (110) badwonna ma nwoŋi Azagadi sɔ-yuu kom ne.
13Elifeleti, de Jeweli, de Semaya, de baara fuseredo (60) badwonna ma nwoŋi Adonikam sɔ-yuu kom ne.
14Yutayi, de Zakura, de baara fuserepɛ (70) badwonna ma nwoŋi Bigavayi sɔ-yuu kom ne.
Ezera kwei chwoŋa o maa vei Jerusalem
15Amo Ezera déem ma ta se dé kɔgɔ kom jeeri bu-nɔgɔ kolo na duri ko maa vei Ahava seeni to ni ne. Dé ma chwi dé vwoa dé ke da yatɔ dáane. Amo na nii to, mo a maane we Levi tiina tera dé kɔgɔ kom wone, se kaanem tiina yera mo wora. 16A laam ma toŋe a bwoŋi yiga tiina banto: Eliazera, de Areli, de Semaya, de Elinatan, de Jaribi, de Elinatan, de Natan, de Zekaria, de Mesulam. A ta ma toŋe Joyariba, de Elinatan kwaga ne, ba na ye yi-pore-nyena to ŋwaane. 17Amo laam ma toŋe-ba Ido tei ne. Wonto mo ye Levi tiina balo na zoore Kasifia ne to yiga tu. A ma bere-ba ba na wó ta kolo de Ido de o chorro na toŋe Wɛ diga kam totoŋa Kasifia ne to. A déem lage se ba le tontoŋena se ba ba ba taa toŋe ba pa Wɛ o diga kam ne. 18Dé Tu Wɛ wom nam na to debam yiga to ŋwaane mo ba toŋe Serebia se o ba dé tei. O déem ye Levi dwi tu na nwoŋi Mahili sɔ-yuu kom ne to mo. O maa ye boboŋa tu lanyerane. O bia de o chorro fuga-nana ma tɔge ded‑o ba ba. 19Ba ta pɛ se Hasabia, de Jesaya, de ba chorro finlei mo tɔge ba ba dé tei ne. Banto ye Merari sɔ-yuu kom tiina mo. 20Ko ta woli da, ba pɛ se Wɛ diga kam tontoŋena bia yalei de finlei (220) mo ba dé tei. Pɛ David de o dedɛɛra bam déem mo kuri nɔɔna bam konto nabaara se ba yeini ba toŋe ba woli Levi tiina bam. Ba ma popone ba maama yera ba tiŋi tɔnɔ ne.
Ba na ti ba yiga se ba kɛ tei to
21Dé déem na wo Ahava bu-nɔgɔ kom ni ne konto to, a ma pa ni se dé vɔ ni dé ma dé gwooni dé tete dé Tu Wɛ yiga ne. Dé ma lwoori Wɛ se o kwɛ dé chwoŋa se ka ke lam, se o daare o kwoli debam, de dé bia, dedaane dé jejegero chwoŋa kam yuu ne. 22Ko na ye tei to, dé lwoori yiga dé ta de pɛ wom we, dé Tu Wɛ wom yeini o to balo na zuli‑o to yiga ne se cham yé yi-ba mo. Dé ta tage we, Wɛ bane yeini de zaŋe de balo na ve‑o to mo. Ko laam ma pa se chaveera jege-ne se a lwoori pɛ wom se o pa debam jar-keira balo na dɔge sisein-nɔɔna baŋa ne to se ba taa yere debam chwoŋa kam yuu ne, se dé dona yé daane debam. 23Konto ŋwaane dé ma vɔ ni ye dé ja Wɛ teiŋa se o woli debam. O ma sɛ dé wɛ-lworo kom.
24Amo ma le nɔɔna fuga-balei kaanem yiga tiina bam wone. A ta ma kuri Serebia, de Hasabia, de ba chorro fuga badwonna a woli da. 25Amo laam ma maŋe lu-nyenno tem, de sabu-seŋa kam, de zela yalo maama na ye se ba ma-ya ba toŋe Wɛ diga kam totoŋa to, ye a daare a kwei-te a ke kaanem tiina bam jeŋa ne. Pɛɛra yam konto mo pɛ wom, de o nakwa bam, de o dedɛɛra bam, de Isarele tiina bam maama pɛa. 26A na jeeli wonnu telo a ke ba jeŋa ne to mo tento:
Lu-nyenno tem dunni ye kilo morro finlei (20,000) mo.
Lu-nyenno zela bi (100) dunni ye kilo fuserepɛ (70).
Sabu-seŋa kam dunni ye kilo morro tetɔ de bia yana (3,400) mo.
27Sabu-seŋa zwe finlei dunni ye kilo nana de chichworo (8.5).
Channa zele-laaro telei, te na jege yuu te maŋe de sabu-seŋa zela to.
28Amo ma ta de kaanem tiina bam a we, “Abam pɔɔre mo á ye á yera Baŋa Wɛ ŋwaane. Zela yanto de nam pɔɔre mo ya ye Baŋa Wɛ nyem. Sabu-seŋa kam, de lu-nyenno tem maama ye nɔɔna bam wo-ywoŋo pɛɛra mo ba na kwei ba pa abam nabaara Baŋa Wɛ wom. 29Ta‑á nii-na te baŋa ne lanyerane, se á ja-te á yi Jerusalem Wɛ diga kam wone. Á ná yi da, se á kwei-te á ja zo Wɛ diga kam wone á daare á maŋe te ni kaanem tiina di sem ne. Á laam wó kwei-te á ke Wɛ kaanem yiga tiina bam, de Levi tiina, de Isarele sɔ-yuni yiga tiina bam jeŋa ne.”
30Amo na tage konto a ti to, kaanem tiina bam de Levi tiina bam ma sɛ se ba ja lu-nyenno tem, de sabu-seŋa kam, de lonne zela yam konto maama ba vo Jerusalem ba tiŋi debam Tu Wɛ diga kam wone.
Ba na zaŋe ba jwoori Jerusalem tei to
31Boboa chana kam da fuga-yalei dɛ dem wone mo dé zaŋe Ahava bu-nɔgɔ kom jei sem ne se dé vo Jerusalem. Debam na wo chwoŋa yuu ne dé maa vei to mo dé Tu Baŋa Wɛ déem wo dé tei ne, ye o che debam pa se dé dona de venverena wo daane debam. 32Dé ma vo dé yi Jerusalem, ye dé maŋe da dé sii da yatɔ.
33Da yana na kɛ to, mo dé zo dé Tu Wɛ wom diga kam. Dé ma maŋe lu-nyenno tem, de sabu-seŋa kam, de lonne zela yam maama, ye dé daare dé kwei-te dé ke kaanem tu Yuria bu Meremofa jeŋa ne. Finehase bu Eleaza de maa wo o tei ne, ko woli de Levi tiina balei: Jesua bu Jozabadi, dedaane Binnui bu Noadia. 34Dé ma maŋe kolo maama dé na jaane dé ba to, ye dé jeeli-te te ni ne. Maŋa kam konto ne nɔɔ mo ba popone te dunni dem maama ba tiŋi.
35Nɔɔna balo maama na zege Babilon ne ba jwoori ba ba to ma kwei vara ba zwɛ ba ma ke kaanem ba pa Isarele tiina Wɛ wom. Ko nam ye na-bale fuga-selei (12) mo ba go Isarele tiina bam maama ŋwaane, de pi-bale funogo-seredo (96), de pipeili fuserepɛ-serepɛ (77). Ba kwei vara bam konto maama ba zwɛ ba ke kaanem ba pa Baŋa Wɛ. Ba ta ma kwei bo-bale fuga-selei (12) ba ke wɛleere saarem kaanem. 36Nɔɔna bam ta ma kwei pɛ wom nia yalo o na popone tɔnɔ kom ne to ba pa yiga tiina de dedɛɛra balo na nii Yuferata wɛ-zoore seeni kateiri dem to. Ba de ma sɛ, ye ba woli nɔɔna bam de ba Wɛ diga kam totoŋa.",https://www.bible.com/bible/3661/EZR.8.KBG
EZERA 9,"Isarele tiina bam tusi kaana dim baŋa ne
1Wonnu tem konto maama na ke te kɛ to, Juu tiina yiga tiina badaara ma ba ba ta de amo ba we, “Isarele tiina bam, de ba kaanem tiina de Levi tiina badwonna wo sɛ se ba pwɛ ba tete de dwi-gɛ tiina balo na maŋe ba zoore tega kam wone to. Banto yɔɔre ba ke totoŋ-zɔɔna yalo Kanaan tiina, de Hiti tiina, de Pɛrizi tiina, de Jebusi tiina, de Amon tiina, de Moaba tiina, de Ejipti tiina, de Amori tiina bam maama na yeini ba ke to dwoŋi mo. 2Ko nam na ke tei to, Isarele tiina baara mo vei ba kwei teene dem konto bukwa se ba taa ye ba kaana. Ba ta swo teene dem bukwa mo ba pa ba bia. Konto ma pa se dwi delo ya na ye de yera Wɛ ŋwaane to laam galeme ba tete de dwia yalo na gilimi-ba to. Ko nam ye ba dedɛɛra bam de ba yiga tiina bam mo chɔge ba dwoni.”
3Ba taane dem yɔɔre de chɔge a wo mo pa se a ja a gwaaro a kaare. A ta ma vaŋe a yu-ywei, de a twana a vuuri. A ma daare a jei tega ne de wo-chechɔgɔ. 4Balo maama na kɔre foone de Isarele tiina Baŋa Wɛ nia yam to ma ba, ye ba de jeini amo tei ne, balo na zege Babilon ne ba jwoori to na ke ba tusi tei to ŋwaane. Amo maa yɔɔre a jei de wo-chechɔgɔ konto taa, se ko yi dedaan-ni kaanem maŋa kam.
5Dedaan-ni kaanem maŋa kam na yi to, a ma zege a ya na jei mɛ de a gare-kekwarro tem to a zaŋe wɛɛne. A laam ma kuni a nadwoona, ye a daare a zeiŋi a je sem a jeeri a Tu Baŋa Wɛ wom. 6A ma lwoori Wɛ ye a we:
“Amo Tu Wɛ, chaveera tiini ya jege-ne se a kwoni a yibia a nii nmo seeni. Debam wɛleera yam diini vili vili mo ya dwoni dé yuni tem na yi mɛ to. Dé na chɔge tei to maŋe ko di ko gaale wɛyuu na wo mɛ to mo. 7Se ko nwoŋi faŋa to, debam dedaane dé nabaara bam yɔɔre dé ke dé chɔge nmo yiga mo. Dé wɛleera yam na wo dé yuu ne to ŋwaane nam mo pɛ se teene dedwonna pwa jege dam debam, de dé pwa, dedaane dé kaanem tiina bam baŋa ne, pa se ba go debam badwonna, ye ba ja debam badwonna de ba vo ba yage ba teene wone. Ba ta vere debam jejegero mo, ye ba ta kwori ba ke debam chaveera, nenɛɛne ko na ye tei dé yera ne zem to.
8Leile konto debam Tu Baŋa Wɛ nam ke zaane debam yuu ne maŋa kukua kanto wone, ye o pa dé kɔgɔ fenfee jwoori ko nwoŋi dé kabɛɛne dem wone se ko bwoŋi o yere. O ta pɛ se dé na kugu jei o tete teo kom ne, ye dé ŋwea jwoori ka ke lam. Dé laam nɛ siu fenfee dé kabɛɛne totoŋa yam baŋa ne. 9Kokuri to, dé ye kabɛ mo. Dé Tu Wɛ wom nam wo ve debam o yage dé kabɛɛne dem wone. O dɛ o swono kom baŋa ne mo, o pa se Peresia pwa bam ke debam lanyerane. O ma pa debam chwoŋa se dé taa ŋwe ye dé wane dé jwoori dé lɔ dé Wɛ wom diga kam, dé daare dé jwoori dé kwɛ-ka pa ka zege. O ma daare o kwoli debam Jerusalem teo kom wone, de Judah jei sem maama ne.
10Debam Tu Wɛ, wonnu tento maama na ke to, dé nam daa jege bɛ mo se dé ta? Debam daa mo ve nmo nia yam, 11nmo na tɔge n ni-jwoŋina bam baŋa n kwei-ya n pa debam to. Nmo sampwori sem konto déem kaane debam ba we, ‘Nɔɔna balo na zoore tega kalo á na wó zo ka wone á jwoŋi-ka to yɔɔre ba ke totoŋ-zɔɔna mo. Tega kam ni maama maa su dedaane ba wo-yɔɔro kikia, pa se ka maama chɔge. 12Konto ŋwaane, abam yé sɛ se á bukwa zo ba bia, se á ta yé pa á bia de di ba bukwa ba ma ji ba kaana. Daa á yé woli-ba kɔtaa, naa á ke kolo na wó pa-ba yazura to. Á ná pwɛ á tete de-ba konto, á kɔgɔ kom wó ke dam, ye á di tega kam ywoni. Á ta wó daare tega kam á pa á kwaga kam se ba de taa zoore da taa wuu.’
13Tɔ. Dé Tu Wɛ, dé nam yei we dé wo-lwanno tem na wo dé yuu ne to ŋwaane mo dé nɛ waarem dento. De ko de, nmo na waare debam tei to wo yi dé ya na maŋe se dé jwoŋi-de tei to. Kokuri to, nmo yage debam badaara mo, se dé kɔgɔ fenfee taa wora se ko bwoŋi nmo yere. 14Konto to, dé wó wane dé daa ve nmo nia yam se dé di puseŋ-nyena banto bukwa na? Dé ná ke konto, nmo bane wó tiini de zaŋe de debam mo, pa se n chɔge debam maama n ti, ye dé wolowolo bá daare. 15Isarele tiina Baŋa Wɛ, nmo ye chega tu mo. Nmo nam pɛ se debam lu dé kabɛɛne dem wone pa se dé kɔgɔ fenfee zem wo n yiga ne. Dé wɛleera yam nam wo dé yuu ne mo, ye dé ba jege bora nmo tei ne.”",https://www.bible.com/bible/3661/EZR.9.KBG
EZERA 10,"Nɔɔna bam yage ba kaana balo na ye dwi-gɛ bukwa to
1Ezera déem lwoori Wɛ mo, ye o sɛ we Isarele tiina bam ke wɛleera yanto ba chɔge Wɛ yiga. O ma yɔɔre o ka yi-na, ye o vwi o yibia tega ne Wɛ diga konkɔlɔ kom ne. Isarele tiina bam kɔ-fɔrɔ ma la daane ba yi o tei ba de tɔge ba keeri dedɛ. Ko maa ye baara, de kaana, de bia mo wora konto. 2Jeheli na ye Elam dwi tu to bu Sekania ma ta de Ezera o we, “Chega ŋwaane to, debam ywori dé Tu Wɛ kwaga ne dedaane dé na di dwi-gɛ tiina bukwa banto na nwoŋi teene delo na gilimi debam to. De ko de, dé yei we teena ta wora ya pae Isarele tiina. 3Debam nam zege se dé gwoni ni mo de dé Tu Wɛ wom we, dé wó yage kaana banto maama de ba bia se ba viiri. Debam ti yiga se dé sɛ nmo, de balo maama na kɔre foone de dé Tu Wɛ nia yam ye á ta se dé ke kolo to. Nam pa se ko ke ko tɔge Wɛ nia yam na bere tei to. 4Nmo mo jege se n ke keim. Nam ta‑n jege baare, se dé zege n kwaga ne.”
5Ezera ma pɛ o zaŋe ye o pa se kaanem yiga tiina bam, de Levi tiina bam, dedaane Isarele tiina bam maama du duuri we, ba wó ke tei maama Sekania na tage to. Ba maama ma seene ba du duuri. 6O laam ma yage Wɛ diga kam jei sem ye o vo Eliasibi bu Jehohanan diga ne o peini da. O na wora konto to, o ma ve se o di wodiu, naa se o nyɔ na, o wo na chɔge de Isarele tiina balo na zege Babilon ne ba jwoori to na ywori Wɛ kwaga ne tei to ŋwaane.
7Ba déem ma tɔɔle kwora pa se ka jage Jerusalem teo kom de Judah jei sem maama ne, we balo na zege Babilon ne ba jwoori to maama ba ba jeeri Jerusalem teo ne. 8Nakwa de yiga tiina bam ni dem konto bere we, da yatɔ ná yia, ye wolo ná wo tɔge o jeeri da, konto tu wó ga o jejegero maama mo, se ba daare ba le‑o ba kɔgɔ kom wone.
9Da yatɔ dɛ dem na yi to, mo baara balo maama na zoore Judah de Benjamin jei sem ne to tu Jerusalem teo ne. Chane nogo chana kam da finlei dɛ ne mo ba déem jeeri Wɛ diga konkɔlɔ kom ne. Nɔɔna bam na jei da konto to, ba yera maa sae, ba jeerim dem na ye wo-chɛɔ, ye doa ta na nena dedɛ de dɛ dem ne to ŋwaane. 10Wɛ kaanem tu Ezera ma zaŋe wɛɛne ye o ta de-ba o we, “Abam seene á ywori Wɛ kwaga ne de á na di ka-gɛ se ba taa ye á kaana to. Abam wɛleera yam konto maa wo Isarele tiina bam maama yuu ne. 11Nam ve-na á wɛleera yam á nabaara Baŋa Wɛ wom yiga ne, se á daare á ke kolo na wó tɔge o boboŋa to. Pɔɔre-na á tete de dwi-gɛ tiina balo na zoore tega kanto ne to, se á daare á yage á ka-gɛ sem se ba viiri.”
12Kɔ-fɔrɔ kom maama ma leiri de kwor-dɛa ba we, “Nmo taane dem ye chega mo. De nam wó ke nmo na bere se dé ke tei to! 13Dé nam na zege ywo-seeni to, dé tiini dé daga, ye dé daa ware ywo se dé zege taa, ko na ye yadɛ ye doa nena dedɛ to ŋwaane. Taane dento dae se dé kwei dɛ dedwe naa da yalei yerane se dé kwɛ-de. Ko ye debam dedɛ mo zo wɛleere dento wone. 14Nmo nam ná sɛ, pa se dé yiga tiina bam ja taane dem ba pa debam maama. Dé teene dem maama wone wolo maama ná jege dwi-gɛ tiina bukɔ o di o ke kaane, kotu wó tɔge de o teo kom nakwa, de balo na nii ba teo kom taana baŋa ne to, ba ba maŋa kalo dedɛɛra bam na kuri se ba kwɛ o taane dem to. Konto wó pa se Wɛ bane zuri de de na zaŋe debam keim dento baŋa ne tei to.”
15Nɔɔna bam maama ma sɛ taane dem konto. Asaheli bu Jonatan, de Tikeva bu Jahazeya yerane mo ve-de, ye Mesulam, de Levi dwi tu Sabetayi pu ba kwaga.
16Balo déem na zege Babilon ne ba jwoori to ma sɛ se ba ke kolo ba na tage to. Wɛ kaanem tu Ezera de ma le baara badwonna na ye sɔ-yuu yiga tiina to, ye o popone ba yera o tiŋi. Chane fuga kam boboa dɛ dem ne mo ba bobo se ba nii taane dem baŋa ne. 17Ba ma kwei chane setɔ ba buŋi ba lɔre Isarele tiina balo na jege ka-gɛ sem to.
Balo na di dwi-gɛ tiina bukwa to yera
18Ba déem nɛ we, balo na nwoŋi Wɛ kaanem tiina dwi wone ye ba di dwi-gɛ tiina bukwa to mo tento:
Jozadaki bu Jesua de o chorro sɔ-yuu kom nɔɔna bam wone ye:
Maaseya, de Eliazera, de Jaribi, de Gedalia.
19Ba déem ma pwooli we ba wó yage ba kaana bam. Ba maama dedoa dedoa ma kwei pi-bala ba ma ke kaanem ba wɛleera yam saarem ŋwaane.
20Imera sɔ-yuu kom nɔɔna bam wone ye:
Hanani, de Zebadia.
21Harim sɔ-yuu kom nɔɔna bam wone ye:
Maaseya, de Elija, de Semaya, de Jeheli, de Yuzia.
22Pasura sɔ-yuu kom nɔɔna bam wone ye:
Elio-Enayi, de Maaseya, de Isameli, de Netaneli, de Jozabadi, de Elasa.
23Levi dwi tiina bam wone maa ye:
Jozabadi, de Simeyi, de Kelaya (ba ta bwoi‑o we Kelita mo), de Petahia, de Judah, de Eliazera.
24Lein-leena bam wone maa ye:
Eliasibi.
Wɛ diga ni-yerena bam wone maa ye:
Salum, de Telem, de Yuri.
25Isarele tiina kɔ-fɔrɔ kom maama wone balo na di dwi-gɛ tiina bukwa to mo tento:
Parose sɔ-yuu kom nɔɔna bam wone ye:
Ramia, de Izia, de Malakija, de Mijamina, de Eleaza, de Malakija, de Benaya.
26Elam sɔ-yuu kom nɔɔna bam wone ye:
Matania, de Zekaria, de Jeheli, de Abidi, de Jeremofa, de Elija.
27Zaatu sɔ-yuu kom nɔɔna bam wone ye:
Elio-Enayi, de Eliasibi, de Matania, de Jeremofa, de Zabadi, de Aziza.
28Bebayi sɔ-yuu kom nɔɔna bam wone ye:
Jehohanan, de Hanania, de Zabayi, de Atelayi.
29Bani sɔ-yuu kom nɔɔna bam wone ye:
Mesulam, de Maluki, de Adaya, de Jasubi, Seala, de Jeremofa.
30Pahafe-Mowaba sɔ-yuu kom nɔɔna bam wone ye:
Adana, Chelali, Benaya, Maaseya, Matania, Bezaleli, Binnui, de Manasɛ.
31Harim sɔ-yuu kom nɔɔna bam wone ye:
Eliazera, de Issiya, de Malakija, de Semaya, de Simeon, 32de Benjamin, de Maluki, de Semaria.
33Hasum sɔ-yuu kom nɔɔna bam wone ye:
Matenayi, de Matata, de Zabadi, de Elifeleti, de Jeremayi, de Manasɛ, de Simeyi.
34Bani sɔ-yuu kom nɔɔna bam wone ye:
Maadayi, de Amiram, de Yuweli, 35de Benaya, de Bedeya, de Cheluhi, 36de Vania, de Meremofa, de Eliasibi, 37de Matania, de Matenayi, de Jaasu.
38Binnui sɔ-yuu kom nɔɔna bam wone ye:
Simeyi, 39de Selemia, de Natan, de Adaya, 40de Makenadebayi, de Sasayi, de Sarayi, 41de Azareli, de Selemia, de Semaria, 42de Salum, de Amaria, de Josefa.
43Nebo sɔ-yuu kom nɔɔna bam wone ye:
Jeyeli, de Matitia, de Zabadi, de Zebina, de Jadayi, de Joweli, de Benaya.
44Nɔɔna banto maama mo nam ya jege dwi-gɛ tiina bukwa ba di. Ba ma yage ba kaana bam konto de ba bia pa se ba viiri.",https://www.bible.com/bible/3661/EZR.10.KBG
NEHEMIA 1,"Nehemia yiga na wo Jerusalem wone tei to
1Hakalia bu Nehemia mo bere taane dento.
Ko na ke tei to mo tento: Ko déem maŋe de Peresia Pɛ Atazeregese paare dim bena finlei bene dem Kisilev chana kam ne mo. Amo Nehemia maa wo Susa te-fɔrɔ kom ne. 2Amo choro Hanani ma tɔge de nɔɔna badwonna o zege Judah teo ne o ba a tei. Amo ma bwei-ba se a lɔre Juu tiina balo fee na zege Babilon ne ba jwoori sɔŋɔ to yazura bwia. A daa ma bwei-ba Jerusalem teo kom bwia. 3Ba ma ta ba bere-ne we, “Juu tiina balo na wora to wo cham de chaveera wone. Jerusalem kabiri maama sirimi, ye mini zwɛ teo kom ni bworru tem.” 4Amo na nigi tento maama to, mo a jeini tega ne a keeri.
A kwei da dedɛ mo a vɔ ni, ye a yɔɔre a keera. A maa lwoori Wɛ ye a we:
5“Telaao Tu Baŋa Wɛ wom, nmo ye kamunu mo, ye dé tiini dé kɔre‑m. N zege de chega mo n swono kom baŋa ne n swoi balo na swoi‑m ye ba tɔge n nia yam to, ne n na gwoni ni se n ke n pa-ba tei to. 6Jan ja! Nii amo seeni, se n cheigi a wɛ-lworo kolo a na lwoori wea de tete maama nmo tete nɔɔna Isarele tiina bam ŋwaane to. A lage a ta jaja we debam Isarele tiina yɔɔre dé ke wɛleera dedɛ. Chega to, amo, de a nabaara de tɔge dé woli da. 7Debam tiini dé toŋe puseŋa mo de nmo. Ko ná ye nmo nia yalo de chullu telo maama n na pɛ n tontoŋeno Moses se o bere debam to, dé ve se dé tɔge-ya mo.
8Nam guli we n ya maŋe n ta de Moses n we, ‘Abam Isarele tiina bam ná wo jaane chega de amo, a lage a jage abam mo a yage teene dedwonna wone. 9Se á nam ná jwoori se á ba amo tei ye á sɛ a nia yam, amo wó ja abam a jwoori mɛ a na kuri se á ta‑á zuli-ne da to, nenɛɛne á ná maŋe á jage á vo á wo jei selo maama ne de.’
10Amo Teiru Wɛ, yé swei we banto ye n tete nɔɔna de n tontoŋena mo. Ko nam ye nmo mo kwei n dam dem n ma n vere-ba n yage. 11Nam cheigi amo wɛ-lworo kom se n daare n sɛ n tontoŋena bam maama na beeri nmo zula to de ba na lwoori kolo to. Pa se pɛ wom duri a yibwona se a na yiga-veiŋa zem.”
Kanto maŋa kam ne amo zoore de pɛ wom mo a nii o wodiu baŋa ne.",https://www.bible.com/bible/3661/NEH.1.KBG
NEHEMIA 2,"Nehemia vei Jerusalem
1Ko kwaga ne, chane sena mo kɛ ye Nisan chana kam yi. Dɛ dedwe pɛ Atazeregese na jei o di wodiu to, mo a jaane sana a zo o tei se a pa‑o. Pɛ wom nam maŋe o wo nɛ amo yi-nyɔna a totoŋa baŋa ne. 2O ma bwei-ne o we, “Bɛ mo ke ye n yibia nyɔne konto? A ba boŋe we n weela. Woŋo mo daane‑m na?” O taane dem ma yɔɔre de pa a bochare di, 3pa se a leiri we, “Pɛ, Wɛ wó pa‑m momwɛ-dɛɛre. Amo wo wó ke tɛ mo ko pwoli ye teo kolo ba na suli a nabaara bam da to laam jigi di-dwonnu? Ko ni bworru tem maama de maa zwɛ zwɛ.” 4Peresia teo pɛ wom maa bwei-ne o we, “Nmo nam lage se a ke bɛ mo a pa‑m?”
A ma ware Telaao Tu Wɛ wom a wone se o woli-ne, 5ye a laam leiri pɛ wom a we, “Pɛ, nmo yi ná su de amo kikia, ye n sɛ se n ke a na lage tei to, se n toŋe-ne se a jwoori Judah teo kolo wone ba déem na suli a nabaara bam to. Amo boŋe se a ná yi da, se a jwoori a lɔ teo kom kabiri sem mo a pe.” 6Ka-pɛ wom déem jei pɛ wom saŋa ne mo. Pɛ wom ma bwei-ne a na wó dáane da tei, dedaane maŋa kalo a na wó jwoori to. O na sɛ se o toŋe-ne konto to, a ma ta a bere‑o a na wó ke kolo maama to.
7A ta lwoori pɛ wom a we, “Nmo ná sɛ se n ke-ne zaane, pa-ne twanno telo a na wó pa nmo dedɛɛra balo na tei Yuferata buga kam wɛ-zoore laŋa kam to. Twanno tem konto wó woli se a kɛ a yi Judah se nɔɔn-nɔɔno yé daane-ne chwoŋa ne. 8A ta lwoori‑m se n pa-ne tɔnɔ se a ja vo a pa Asaf, o na nii pɛ goa kam baŋa ne to. A maa lage se o pa debam da-ŋwe se dé ma dé fɔge dé lɔ dalem jei sem na wo Wɛ diga kam yera ne to nia yam, de teo kom kabiri sem, dedaane sɔŋɔ kolo wone a na wó taa zoore to.” Pɛ wom ma pa-ne kolo maama a na lwoori o tei ne to, amo Tu Wɛ wom na to a yiga ne to ŋwaane.
9Pɛ wom déem ma pa se jar-keira yiga tiina de ba jar-keira na dɔge sisein-nɔɔna to tɔge-ne se dé vo. A laam ma vo a yi nawuura yalo na bɛ Yuferata buga kam to, ye a kwei pɛ wom twanno tem a pa dedɛɛra balo na tei laŋa kam konto to. 10Ko daare Sanbalati, wonto ye Bɛte-Horon teo tu mo. Tobia de maa ye Amon laŋa kam yiga tu. Ba na nigi we nɔɔno tua se o beeri Isarele dwi tiina lanyerane to, mo ba wo tiini ko fuli.
11A na yi Jerusalem to, a ke da yatɔ da 12ye a wo pɛ se nɔɔn-nɔɔno lɔre Wɛ na bere-ne se a ke kolo a pa Jerusalem to. Amo laam ma zaŋe tete-koro ne a nwoŋi de a yuudwonna fenfee. Bonaga kalo amo déem na diini to mo ya ye varem wolo yerane dé na kwei dé woli da. 13Ko ta na ye tete to, mo a nwoŋi a tɔge Bwolo-seeni ni dem a kɛ. A laam ma tu a gaale Juru vole dem a vo a yi Tampuuri ni dem. A na kare a vei konto to, mo a nii a na teo kom kabiri sem na sirimi tei, dedaane mini dem na chɔge teo kom ni bworru tem tei to. 14A laam ma vo a yi Buli-yi ni dem, ye a ta vo Pɛ Chɔgɔ kom seeni. Bonaga kam a na diini to ma ga chwoŋa se ka tɔge kalankula de weero tem wone ka kɛ. 15Ko ma pa se a kwei bwolo chwoŋa kam a vei a maa kɛa, ye a bare a nii teo kabira kam tete dem konto ne. A laam ma jwoori a kwei chwoŋa kalo a ya na dɛ da a vo to, ye a tɔge Bwolo-seeni ni dem a daa zo teo kom wone.
16Teo kom nakwa bam wolowolo yeiri amo ya na vei to, de a na maŋe a ke kolo maama to. A nam wo tage kolokolo de a dwonna Juu tiina bam, ko ná ye ba kaanem tiina bam, naa ba nakwa bam, naa ba yiga tiina bam, naa balo maama na wó da ba toŋe totoŋe dem to de. 17Amo laam ma ta de-ba a we, “Nii-na dé na wo lɛɛro telo wone to. Jerusalem teo kom laam jigi di-dwonnu mo, ye ko bworru tem de zwɛ zwɛ. Nam pa-na se dé jwoori dé lɔ ko kabiri sem dé zege, se dé daa yé taa jei de chaveera.” 18A ta ma ta a bere-ba a Tu Wɛ wom na to a yiga ne tei, dedaane pɛ wom na tage kolo de amo to. Ba de ma leiri ba we, “Dé wó zaŋe wɛɛne mo se dé toŋe!” Ba ma seene ba na dam se ba bobo totoŋe dem.
19Horon tu Sanbalati, de Amon tu Tobia, de Gɛsem na ye Arabi tu to ma ni dé na ti yiga se dé ke tei to. Ba ma ke debam ba mɔne ye ba we, “Abam boŋe se á ke tɛ mo? Á kikia yam nye de á boŋe se á nwoŋi Pa-faro wom kwaga ne mo.” 20A ma leiri-ba a we, “Debam ye Telaao Tu Wɛ wom tontoŋena mo. Wonto nam mo wó pa se dé vo yiga dedaane dé totoŋe maama, se dé bobo lɔɔm dem. Ko nam ná ye abam, á ba jege kolokolo se á jwoŋi Jerusalem ne ywo. Á nam ba tɔge á jege keim se á ke de debam chullu kikia.”",https://www.bible.com/bible/3661/NEH.2.KBG
NEHEMIA 3,"Ba jwoori ba lɔ Jerusalem kabiri sem
1Ko ye Wɛ kaanem yiga tu Eliasibi de o dwonna kaanem tiina déem mo zaŋe ba lɔ kabira kam na wo Pei Ni dem seeni to. Ba ma fɔge ba ke teo kom ni bworru tem da. Ba ta ma lɔ kabira kam ba vo ba yi Wonnu Bi di-dedɔrɔ kom, dedaane Hananeli di-dedɔrɔ kom. Ba ma kwei te maama ba pa Wɛ.
2Jeriko tiina bam ma lɔ kabira kalo na twoŋi da to.
Imiri bu Zakura de ma lɔ o twoŋi da.
3Hasena sɔ-yuu kom tiina de ma lɔ Ywona ni dem. Ba ma chwi de ywoa yam, ye ba daare ba ke de bworru tem te jei ne. Ba ta ma ke luuru dedaane da-kamunnu se ba taa mae ba pe ka ni dem.
4Yuria bu Meremofa, o ta na ye Hakoza naa to, de mo lɔge kabira kam o twoŋi da.
Berekia bu Mesulam, o ta na ye Mesezabela naa to, de mo lɔge o twoŋi da.
Baana bu Zadoki de maa lɔ kabira kam o twoŋi da.
5Tekoa teo kom tiina de ma nwoŋi ba lɔ ba twoŋi kabira kam. Ko daare, ba teo nakwa bam maa ve se ba ke totoŋ-dɛɛra yalo totoŋa yiga tiina bam na pɛ-ba se ba ke to.
6Ko ná ye Jesana ni dem, ko ye Pasea bu Joyada de Besodeya bu Mesulam déem mo kwɛ-de. Ba ma chwi de ywoa yam, ye ba daare ba ke de bworru tem te jei ne. Ba ta ma ke luuru dedaane da-kamunnu mo se ba taa mae ba pe ka ni dem.
7Gibeon tu Melatia, de Meronofa tu Jadon, de Gibeon tiina bam, de Mizipa tiina mo ke daane ba lɔ kabira kam ba twoŋi da. Mizipa déem ye teo kolo Yuferata wɛ-zoore seeni laŋa dedɛɛro wom na zoore to mo.
8Harahaya bu Yuzeli déem ye sabu-seŋa gɔgɔ mo. O de ma lɔ o twoŋi da.
Hanania na yei terale nuga keim to, de ma lɔ kabira kam o twoŋi.
Banto ma fɔge ba kwɛ Jerusalem kabiri sem se ko vo ko yi Kabiri-kayɔlɔ kom seeni.
9Hura bu Refaya déem tei Jerusalem laŋa kam chichworo mo. O de ma lɔ o twoŋi da.
10Harumafa bu Jedaya de ma lɔ o twoŋi mɛ na bwola de o tete sɔŋɔ to.
Hasabeneya bu Hatusi de daa ma lɔ mɛ na twoŋi da to.
11Harim bu Malakija dedaane Pahafe-Moaba bu Hasubi de déem ma lɔ ba twoŋi kabira kam ne, ye ba daare ba kwɛ Jugu di-dedɔrɔ kom.
12Halohese bu Salum de déem na nii Jerusalem laŋa kadwoŋi kam to ma vo o lɔ o twoŋi da. O bukwa ma woli‑o de o totoŋa yam.
13Ko ná ye Bwolo-seeni ni dem, Hanun dedaane balo na zoore Zanoa teo ne to mo lɔge-de. Ba ma ke de bworru tem te jei ne ye ba ta ke luuru dedaane da-kamunnu se ba taa mae ba pe ka ni dem. Ba ta ma fɔge ba lɔ kabira kam se ka vo ka yi Tampuuri Ni dem. Ba na lɔge mɛ to dedɔrem wó yi jatwogo maŋem moro mo.
14Rekabi bu Malakija na nii Bɛte-Hakerem laŋa kam to ma fɔge o lɔ Tampuuri Ni dem. O ma ke de bworru tem te jei ne ye o ta ke luuru dedaane da-kamunnu se ba taa mae ba pe ka ni dem.
15Kola-Hozɛ bu Salum déem na nii Mizipa laŋa kam to ma fɔge o lɔ Buli-yi Ni dem. O ma pu-de ye o daare o ke de bworru tem te jei ne. O ta ma ke luuru dedaane da-kamunnu se ba taa mae ba pe ka ni dem. Ko ná ye Sela Chɔgɔ kom, o lɔge kabira mo pa se ka saŋe pɛ wom kaduga kam. Kabira kam ta tole ka yi nateina yalo na maa diini ya zoore David teo kom to mo.
16Azabuki bu Nehemia déem na nii Bɛte-Zura laŋa kam chichworo to ma lɔ kabira kam o twoŋi da se ka vo ka yi David yibeeli dem seeni, ka daare ka yi chɔgɔ kom, ko woli de jar-keira tiga jei sem seeni.
Levi tiina balo na lɔge kabira kam to
17Levi tiina badwonna de dɛ ba lɔ kabira kam:
Ko maa ye Bani bu Rehum mo lɔge o twoŋi daa kadwoŋi. Hasabia na ye Keila laŋa chichworo kom yiga tu to zege o laŋa kam yuu ne o lɔ o twoŋi da.
18Ko nam ná ye Keila laŋa chichworo kodwoŋi kom, Henadadi bu Binnui na ye ka yiga tu to de o chorro tem mo lɔge ba twoŋi da.
19Jesua bu Ezere déem na ye Mizipa yiga tu to ma lɔ o twoŋi kabira kam se ko maŋe de jara zela tigisim diga kam yiga ne. O ta lɔge-ka mo o vo o yi mɛ kabira kam na gugwoli to.
20Zabayi bu Baruki daa ma lɔ kabira kam o twoŋi da, o zege ka gugwolim jei sem ne o lɔ o yi kaanem tu Eliasibi sɔŋɔ ni ne mo.
21Yuria bu Meremofa wolo ta na ye Hakoza naa to de ma lɔ o twoŋi kabira kam o vo o yi Eliasibi sɔŋɔ daa kadwoŋi kam ne.
Kaanem tiina balo na lɔge kabira kam to
22Balo de déem na lɔge kabira kam ba twoŋi da to ye kaanem tiina balo na zoore Jerusalem laŋa kam ne to mo.
23Benjamin de Hasubi ma lɔ mɛ na bwola de ba sam to ba twoŋi da.
Maaseya bu Azaria wolo ta na ye Anania naa to de ma lɔ kabira kam o twoŋi mɛ na bwola de o sɔŋɔ to.
24Henadadi bu Binnui de ma lɔ o twoŋi da se ko zege Azaria sɔŋɔ ne se ko yi mɛ kabira kam na gugwoli ye gugworo wora to.
25-26Yuzayi bu Palale de daa ma lɔ kabira kam o zege gugworo kom yiga ne, baŋa seeni pɛ sɔŋɔ di-dedɔrɔ kom na wo mɛ ye ko bwola de pa-tara bam konkɔlɔ to.
Parose bu Pedaya de daa ma lɔ o twoŋi da se ko taa vei wɛ-puli seeni. O lɔge o vo o yi Na Ni dem seeni dedaane di-dedɔrɔ kolo na zege da to mo. Ofeli jei sem ne mo konto, Wɛ diga tontoŋena bam déem na zoore mɛ to.
27Tekoa teo tiina bam de daa ma lɔ ba twoŋi da. Banto toŋe di-dedɔrɔ-kamunu kom na zege mɛ to seeni, ye ba lɔ ba vo ba yi kabira kam na bwola de Ofeli to.
28Kaanem tiina badwonna de daa ma lɔ kabira kam ba twoŋi da. Ba zege Sisein-nɔɔno Ni dem ne mo ba lɔa ba vei baŋa kam seeni. Nɔɔno maama déem zege o tete sɔŋɔ ne mo o lɔa.
29Yimera bu Zadoki de ma lɔ o twoŋi kabira kam jei selo na zege o sɔŋɔ kom yiga ne to.
Sekania bu Semaya wolo na ye Wɛ-puli seeni Ni yereno wom to ma lɔ o twoŋi da.
30Selemia bu Hanania, de Hanun na ye Zalafe bia baredo tu wom to, de daa maa lɔ ba twoŋi da.
Berekia bu Mesulam de ma zege o di sem yiga ne o lɔ kabira kam o twoŋi da.
31Malakija na ye sabu-seŋa gɔgɔ to mo lɔge kabira kam o twoŋi da. O ma vo o yi sɔŋɔ kolo Wɛ diga tontoŋena de pipim-piina na zoore to. Jei sem konto déem bwola de Yerem Ni dem mo. O ta lɔge o yi mɛ kabira kam na jege gugworo ye wɛyuu diga wo ka yera ne to mo.
32Sabu-seŋa gwaro tem de pipim-piina bam de laam ma zege gugworo kom diga kam na wo mɛ to ba lɔ kabira kam ba vo ba yi Pei Ni dem seeni.",https://www.bible.com/bible/3661/NEH.3.KBG
NEHEMIA 4,"Veira kwaane se ba chɔge totoŋa yam
1Sanbalati na yɔɔre o ni we debam Juu tiina bam wora dé fɔge dé lɔ Jerusalem kabiri sem to, mo ko tiini ko fuli o wo. O laam ma bobo se o taa ke debam o mɔna. 2O déem zege o yuudwonna yiga ne, dedaane Samaria jar-keira bam yiga ne mo ye o ta o we, “Juu tiina nabwona banto boŋe we ba wora ba ke bɛ mo? Ba boŋe se ba jwoori ba lɔ ba teo kom ba pe mo na? Ba teene we dɛ dedwe kaanem wó wane de gare de ti ba totoŋa yam mo na? Ba nam wó wane ba na kandwa se ya nwoŋi weero tento wone ye mini chɔge-ya to na?”
3Amon tu Tobia déem zege o tei ne mo. O de ma leiri o taane dem o we, “Nii kabira kalo ba na wora ba lɔa to! Yiru tete ná diini ka baŋa ne, o wó yigi-ka mo o de tega ne!”
4Amo de ma lwoori Wɛ a we, “Debam Wɛ, nii ba na gwooni debam tei! Cheigi mwanno telo dwi ba na mɔne debam to! Nam pipiri ba mwanno tem se te jwoori ba tete yuu ne. Pa se nɔɔna vere ba jejegero maama, se ba daare ba zeŋe-ba ba ja ba vo sa-teo yiga yiga. 5Yé kwei ba keim-balwaaro tem n ma n chɛ-ba! Yé saare ba wɛleera! Kokuri to, ba tiini ba twe debam balo na wora dé lɔ to mo.”
6Dé ma se zwa ye dé toŋa. Ko wo dáane ye kabira kam di ka yi ka chichworo jei, nɔɔna bam maama boboŋa déem na jaane se ba toŋe to ŋwaane.
7Ko daare Sanbalati, de Tobia, de Arabi tiina bam, de Amon tiina bam, de Asedodi tiina bam maama na nigi we dé lɔge kabira kam pa se ka vo yiga, ye pwoli sem maama se to, mo ba bane tiini de zaŋe. 8Banto maama ma sɔ ni se ba jeeri Jerusalem teo kom de jara. Ba ta ma boŋe se ba pa se vuvuga taa wora jei maama wone. 9Debam de ma yɔɔre dé ware Wɛ, ye dé daare dé pa se nɔɔna yere teo kom wea de tete maama dé dona bam ŋwaane.
10Judah tiina bam déem yeini ba leeni mo ye ba toŋa. Ba maa we,
“Debam tontoŋena bam zeŋe zela dé bugi!
Nii teero de weero na daga tei!
Dé zem wó ke tetɛ mo dé lɔ kabira kam?”
11Dé dona de maa tɛ ba we, “Dé wó pɔpɔ dé ba ba baŋa ne! Ba bá wuuri ba lɔre ko ni ne. Dé laam maa wó go-ba se totoŋa yam kwori.” 12Ko nam na ke tei to, Juu tiina balo na zoore ba twɛ de dé dona bam to ma yeini ba ba kuni dedɛ wone, ba ta dé dona bam boboŋa yam ba bere debam. 13Ko ma pa se a le nɔɔna badwonna ye ba zege kabira kam jei teiri teiri wone. Ba déem zege da dedaane se-zɔɔro, de chichwoa, de chena mo. A déem kuri-ba diga de diga mo se ba zege mɛ maama ta na wo lɔge ko di to.
14Amo ma na we keim dem maama daane nɔɔna bam mo. A ma ta de nɔɔna bam, de ba yiga tiina, de ba nakwa bam a we, “Yé ta‑á kɔre-na dé dona bam. Nam guli-na we dé Teiru Wɛ wom ye kamunu, ye o totoŋa yɛ ni. Konto mo wó pa se á jaŋe á dwonna Isarele tiina bam, de á bia, de á kaana, de á sam dem ŋwaane.”
15Dé dona bam ma maane we dé lɔre ba na sɔge ni se ba ke tei to. Wɛ de ma pa se ba boboŋa yam ji kafɛ. Ba na ke ye ba ga dé ŋwa to ŋwaane, dé maama dedoa dedoa ma jwoori dé lɔɔm jei. 16-17Ko na zege dento dɛ ne to, a tontoŋena bam chichworo mo toŋe kabira kam totoŋa, ye chichworo de vɔ jara zela ba zei chichwoa, de jara nantane, de chena ba zega. Ko ná ye Judah dwi tiina balo maama na toŋe kabira kam lɔɔm totoŋa to, ba nakwa bam de déem ma zege ba kwaga ne. Tontoŋena balo na zeŋe lɔɔm zela to de maa zei jara zela de jeŋa dedoa, ye ba daare ba toŋe de kadwoŋi kam. 18Lɔra bam tete kwei se-zɔɔro mo ba vɔ ba tei ne ye ba lɔa. Ko daare wolo wom na yeini o wui nabɔnɔ kom to yerane mo zege amo tei ne.
19Amo laam ma ta de dedɛɛra bam, de nakwa bam, dedaane nɔɔna bam maama a we, “Totoŋa yam laŋa yala, ye ya jage ya yi kabira kam ni maama pa se dé ba nae daane. 20Abam nam ná wo mɛ maama ye á ni nabɔnɔ kom kwori, se á ba debam tei ywo-seeni. Dé Wɛ wom mo lage o jaŋe o pa debam.”
21Dɛ maama wone, tega na jege ka poore to, mo dé chichworo yeini dé bobo kabira kam totoŋa. Dé chichworo kodwoŋi kom de maa zei jara zela ba yere lɔra bam. Dé yɔɔre dé ke konto mo taa, se ko yi tete ne, chalechwe na bobo se se nwoŋi maŋa kalo to. 22Ko na ye konto to mo a déem tage nɔɔna bam we, “Nɔɔno maama de o wolinu jege se ba maŋe Jerusalem ne mo ba peini. Konto mo wó pa se ba taa yere dé teo kom tete ne, se wea ne ba wane ba taa toŋa.” 23Ko nam ná ye amo tete, de a chorro tem, de a tontoŋena bam, de balo na yere-ne to maama, debam wolowolo yeini dé ware se dé le dé gwaaro dé tiŋi wea ne, naa tete ne. Dé maama yɔɔre dé yeini dé vɔ dé jara zela mo kiri kiri dé zega.",https://www.bible.com/bible/3661/NEH.4.KBG
NEHEMIA 5,"Nehemia na woli nabwona tei to
1Ko déem na woli fee to, mo nɔɔna dedɛ, kaana de baara maama bobo se ba taa tiini ba poona ba dwonna Juu tiina bam. 2Nɔɔna dedɛ déem mo tɛ ba we, “Dé bia tiini ba daga mo, dé nam ná wo nɛ wodiu se dé di, debam dedaane dé bia wó te mo.” 3Badwonna maa tɛ ba we, “Debam kwei dé te sem, de dé kare, dedaane dé sam mo dé tiŋi daare ye dé jwoŋi wodiiru se dé di sem tiina wori.” 4Badaara daa ta maa we, “Debam jene sabia mo se dé ma dé ŋwe Pɛ wom lampwoo kom o na tiŋi dé kare dedaane dé kadwi ŋwaane to. 5Nam nii! Debam de dé dwonna Juu tiina bam ye woŋo dedoa mo, dé ye yera de jana daane. Debam bia de banto bia ba gare daane, ye dé laam kwei debam bia bam dé yeigi dé pa-ba se ba taa ye kabɛ. Ba fe debam se dé yeigi dé bukwa dé pa-ba. Ba ta ma vere debam kare, de dé kadwi pa se dé daa ware kolokolo se dé ke.”
6Amo na nigi ba ŋwaana yam to mo a bane yɔɔre de zaŋe. 7A boboŋa ma ja se a woli-ba. A ma bwɛ Isarele yiga tiina de ba nakwa bam a we, “Abam ba kwaana de á na boŋe se á zi á tete chorro Juu tiina baŋa ne, se á zaŋe to. Abam yeini á fe á chorro se ba ŋwe sabu dedɛ ba jena ŋwaane.” A ta ma bwoŋi kɔ-fɔrɔ kom maama se dé nii taane dem konto baŋa ne, 8ye a we, “Dé ya kwaane se dé jwoori dé yeigi Juu tiina balo ba na yeigi-ba ba pa veira to mo. Abam tete daa ma fe á chorro Juu tiina se ba yeigi ba tete ba pa abam se ba taa ye á kabɛ. Ko lana na?” Ba yiga tiina bam ma maŋe da chemm, ba na gɛ taane se ba leiri to ŋwaane.
9Amo ma ta de-ba a we, “Abam na jege kolo á ke to ba lana. Abam maŋe se á kɔre Wɛ mo, se á daare á ta‑á ke lanyerane. Á ná ke konto, dwi-gɛ tiina balo na ye dé dona to bá na chwoŋa se ba mɔne debam. 10Amo sɛ se nɔɔna bam ba a tei ba jene sabu de wodiu, ye balo na toŋe ba pa-ne to de ke a na ke tei to. Nam pa-na se dé daa yé taa pini dé chorro tem. 11Kwei-na ba kadwi, de ba kare, de ba sam á jwoori á pa-ba leile. Nam ta yage-na jena yalo ba na jege to á chɛ-ba, ko ná ye mena, naa sana, naa nuga, naa sabia mo.” 12Ba de ma leiri ba we, “Dé wó seene dé ke nmo na tage tei to. Dé wó pa-ba ba wonnu maama, ye dé daa bá taa pini-ba.”
Amo laam ma bwoŋi kaanem tiina bam ye a pa se nakwa bam du duuri ba yiga ne se ba ke ba tɔge ba na tage tei to. 13Amo ma bwoli gɔrɔ kolo na vɔge a teiŋa ne to, ye a zezage-ko pa se wonnu telo ya na wo ka yera ne to siiri tega ne. A ma ta-ba a we, “Wolo maama ná ve se o toŋe o tɔge o ni dem, Wɛ wó zezage kotu tento dwoŋi mo se o ga o sɔŋɔ de o wonnu maama, ye o laam ta ye bwori.” Kɔgɔ kom maama ma sɛ ye ba we, “Ameena!” Ba ma tei Baŋa Wɛ ye ba daare ba ke ba tɔge ba ni dem.
14Bena fuga-yalei yam maama wone a déem na tei Judah laŋa kam to, amo de a chorro maama wo sɛ se dé kwei wodiiru telo teo kom dedɛɛro wom na jege chwoŋa se o jwoŋi o di to se dé di-te. Ko maa ye Pɛ Atazeregese paare dim bena finlei bene dem ne mo o tiŋi-ne se a ji dedɛɛro wom, se ko taa nii o paare dim bena fintɔ-yalei bene dem ne. 15Dedɛɛra balo déem na lwoori yiga ba nii Judah laŋa kam to yeini ba fe nɔɔna bam ba jwoŋi ba lu-nyenno sabu-dala finna mo, ye ba wodiiru de sana ta zega. Ba tontoŋena de maa bɛɛse nɔɔna bam. Amo nam wo ke konto, a na kɔre Wɛ to ŋwaane. 16Amo ma yɔɔre a kwei a dam de a boboŋa maama a ke kabira kam lɔɔm baŋa ne. Amo wo boŋe se a beeri tega a pa a tete. Amo tontoŋena bam maama de seene ba yia se ba taa toŋe totoŋa yam.
17Ko ta woli da, Juu tiina de ba yiga tiina bi de finnu déem mo tui a tei, ye a pae-ba ba ni-wodiu maŋa maama. Nɔɔna ta ma zege teene dedwonna ne ba tui ye a woli-ba. 18Dɛ maama wone, a déem yeini a go nabea mo, de pi-kamuna yaredo dedaane cheeni dedɛ. Da fuga maama wone, a maa yeini a pae se ba yeigi sana dedɛ se nɔɔna bam taa nyɔa. A nam na yei we ko tiini ko chamma ko pae nɔɔna bam to ŋwaane mo amo wo tage we ba pa-ne kolo a na ye ba dedɛɛro ye a maŋe se a jwoŋi to.
19Amo Tu Wɛ, a nam lwoori‑m se n guli amo gula se n ke-ne lanyerane, a na ke kolo maama a pa nɔɔna banto to ŋwaane.",https://www.bible.com/bible/3661/NEH.5.KBG
NEHEMIA 6,"Veira bam ta kwaane se ba chɔge totoŋa yam
1Sanbalati, de Tobia, de Arabi tu Gɛsem, dedaane dé dona bam maama ma ni kwora we dé lɔge kabira kam dé ti, pa se pwoli daa tere ka wone. Kolo yerane na muri to, dé ya ta wo kwei ka bworru tem dé ke di-nia yam ne. 2Sanbalati de Gɛsem ma toŋe kwora ba pa-ne, se a jeeri-ba Ono te-kampare teo kodwoŋi ne se dé na daane. Ba nam ya boŋe se ba ke-ne lwarem mo. 3Amo ma toŋe nɔɔna se ba vo ba ta-ba we, “Amo jege totoŋ-kuri mo a toŋa pa se a bá wane a jeeri da. Amo nam bá da we abam lage se a na-ne ŋwaane se a yage a totoŋa yanto.” 4Ba beeri dem nam ya ye kwora dedoa mo kuni bena. Kuni bena wom maama ne, a de ma leiri-ba nenɛɛne a na maŋe a ta tei to.
5Sanbalati laam ma toŋe o tete tontoŋena bam dedoa de kwora, se o pa-ne tɔnɔ kolo ni na puri to. 6Ba ma popone ko wone we:
“Gɛsem mo pɛ se a lɔre we sawea mo kare jei sem maama ka ŋɔɔne we nmo de Juu tiina bam maama boŋe se á nwoŋi pa-faro wom kwaga ne mo. Konto nam mo pɛ se á yɔɔre á seene á yia de á kabira kam lɔɔm. Ba ta we nmo kwaane se n tiŋi n tete mo se n ta‑n ye ba pɛ. 7Ba we n maŋe n beeri n sampwori selo na wó zege Jerusalem ne ba ta we, ‘Ba tiŋi pɛ Judah ne!’ to. Pa-faro Atazeregese nam na wó ni taane dento to ŋwaane, nmo jege se n ba mo se dé ke dé yuni daane dé nii dé wó ke tɛ mo.”
8Amo ma leiri-ba a we, “Ko dae chega! Sawea bere ka tere jei jei ne ka kare ka ŋɔɔna. Abam tete mo loge wonnu tem konto a pa debam.”
9Ba déem yɔɔre ba kwaane se ba fugi debam mo ye ba boŋe we, “Ba je sem ná bugi, totoŋa yam daa bá toŋe.” Amo de ma ware Wɛ ye a we, “Amo Tu Wɛ, pa-ne dam.”
10Dɛ dedwe mo a vei Delaya bu Semaya sɔŋɔ se a ware‑o. O déem ta ye Mehetabeli naa mo. Semaya nam ya pe o tete mo o wo o sɔŋɔ ne. O ma ta de amo o we, “Nɔɔna mo boŋe se ba zaŋe n baŋa ne tete dedwe ba go‑m. Nam pa se dé duri dé vo dé zo Wɛ wara-jei sem di-yuu kom wone. Dé laam maa wó pe ka ni dé seigi dáane se ba yé yi‑m ba go.”
11A ma leiri‑o a we, “Amo dae balo na duri ba seigi se cham yé yi-ba to. Bɛŋwaane mo amo wó duri a zo Wɛ diga wone se a lu toone? Amo bere a bá ke konto.” 12A na boŋe ko wone to mo a maane we ko ya dae Wɛ mo ŋɔɔne ded‑o, se ko ye Tobia de Sanbalati mo vei ba pa‑o sabu se o ta taane dem konto de amo. 13Ba nam soge‑o se o pa foone zo-ne mo, se a daare a ke wɛleere. A ná chɔge a yere konto, ba ya wó ke-ne chaveera.
14“Amo Tu Wɛ, guli Tobia de Sanbalati na ke-ne tei to. Nam yé swei we sampwori-kana Noadia, de sampwori sesem sem maama ya kwaane mo se ba fugi-ne.”
Ba na ti ba totoŋa yam tetei to
15Ba déem kwei da finnu-yalei mo ba lɔ kabira kam ba ti. Ko maa ye Eluli chana kam da finlei-yanu dɛ ne mo konto. 16Debam dona bam dedaane teene delo na gilimi debam to na nigi konto to, mo ba baare maama ti, ye foone tiini de ja-ba. Kokuri to, ba maama lɔre we Wɛ mo woli debam pa se dé ke tento maama.
17Konto maama to, de Judah yiga tiina bam badaara me de Tobia mo. Ba ma yeini ba toŋe kwori ba pa daane. 18Judah tiina dedɛ de déem maa sɔ ni ded‑o, kolo ŋwaane Ara bu Sekania ye Tobia tembaaro mo. Ko ta woli da o bu Jehohanan de ya vei o di Berekia bu Mesulam bukɔ mo. 19Nɔɔna maa yeini ba tui ba tɛ de amo Tobia keim na lana tei to. Ba ta ma jaane kolo maama amo na wó ta to ba vo ba lwei ba tiŋi o yiga ne. O de maa yeini o popone twanno o pa-ne se o fugi-ne.",https://www.bible.com/bible/3661/NEH.6.KBG
NEHEMIA 7,"1Dé na ti kabira kam maama, ye dé ta kwei bworru tem maama dé kwaare nia yam ne te na maŋe se te taa wo mɛ maama to, a laam ma kuri nɔɔna badwonna se ba taa ye nia yam yerena. A ta ma le badwonna se ba taa ye lein-leena, ye Levi tiina badaara de maa toŋe ba totoŋa. 2A daa ta kwei Jerusalem teo kom a ke a choro Hanani de Hanania je ne mo, se ba taa nii-ko ba pa-ne. Hanania déem nam ye teo kom dalem jei sem yiga tu mo. O ma kɔre Wɛ ye o jege chega lanyerane. 3A ma pa-ba ni we, “Yé pa-na se ba pore Jerusalem teo ni-bworru tem ko ná dae wea ná bega. Nam pe-na bworru tem se ni-yerena bam laam zaŋe wɛ-zoore maŋa ne ba jwoori sɔŋɔ. Ta kwei-na luuru á ma á fɔge á che-te. Á laam maa wó kuri Jerusalem nɔɔna badwonna se ba taa yere teo kom, nɔɔno maama de o yerem jei, se badwonna de taa kare ba sam ni ne.”
Balo na jwoori sɔŋɔ to yera yam
4Jerusalem teo kom ni déem daga lanyerane, ye nɔɔna balo na zoore ko wone to ba daga. Ko woli da, ba déem ta wo lɔge sam dedɛ. 5Wɛ ma kwei boboŋe o pa-ne se a la dedɛɛra bam, de yiga tiina bam, de nɔɔna bam maama, se a tole nɔɔno maama dwi natɔga kam na ye tei to. Amo ma na tɔnɔ kolo na bere balo na dɛ yiga ba jwoori to yera. A déem nɛ tento mo:
6Nɔɔna balo déem na zege Babilonia kateiri dem ne ba jwoori Jerusalem de Judah teene dedwonna wone to yera mo tento. Nɔɔno maama déem ma jwoori o vo o tete teo. Babilonia Pa-faro Nebukadeneza ya jaane-ba mo o vo o pe o tete teo kom ne. 7Ba ma tɔge de Zerubabel, de Jesua, de Nehemia, de Azaria, de Raamia, de Nahamani, de Modekayi, de Bilisan, de Mispare, de Bigavayi, de Nehum, dedaane Baana mo ba jwoori ba sam.
Isarele tiina bam ni na mae tei to mo tento:
8Parose bia bam: 2,172
9Sefatia bia bam: 372
10Ara bia bam: 652
11Pahafe-Moaba bia balo na tɔge Jesua de Joaba dwi dem to: 2,818
12Elam bia bam: 1,254
13Zaatu bia bam: 845
14Zakayi bia bam: 760
15Binnui bia bam: 648
16Bebayi bia bam: 628
17Azagadi bia bam: 2,322
18Adonikam bia bam: 667
19Bigavayi bia bam: 2,067
20Adin bia bam: 655
21Atera bia balo na tɔge Hezekia dwi dem to: 98
22Hasum bia bam: 328
23Bezayi bia bam: 324
24Harifa bia bam: 112
25Gibeon bia bam: 95
26Bɛtelehem de Netofa teene tiina bam: 188
27Anatofe teo tiina bam: 128
28Bɛte-Azimavefa teo tiina bam: 42
29Kiriaf-Jeerim, de Kefira, dedaane Beerofa teene tiina bam: 743
30Rama de Geba teene tiina bam: 621
31Mikimasa teo tiina bam: 122
32Bɛtel de Ayi teene tiina bam: 123
33Nebo teo kodwoŋi kom tiina bam: 52
34Elam teo kodwoŋi kom tiina bam: 1,254
35Harim teo tiina bam: 320
36Jeriko teo tiina bam: 345
37Loda, de Hadida, de Ono teene tiina bam: 721
38Senaa teo tiina bam: 3,930
39Kaanem tiina banto de déem mo dɛ ba jwoori:
Jedaya bia balo na tɔge Jesua dwi dem to: 973
40Yimera bia bam: 1,052
41Pasura bia bam: 1,247
42Harim bia bam: 1,017
43Levi dwi tiina balo de na dɛ ba jwoori to mo tento:
Jesua de Kadimeli bia balo na tɔge Hodavia dwi dem to: 74
44Lein-leena bam na ye Asaf bia to: 148
45Ni-yerena bam na ye Salumi, de Atera, de Talemon, de Akuba, de Hatita, de Sobayi bia to: 138
46Balo na toŋe Wɛ diga kam totoŋa ye ba jwoori to mo tento:
Ziha bia, de Hasufa bia, de Tabayofa bia,
47de Kerosa bia, de Sia bia, de Padon bia,
48de Lebana bia, de Hagaba bia, de Salemayi bia,
49de Hanan bia, de Gideli bia, de Gahara bia,
50de Reaya bia, de Rezin bia, de Nekoda bia,
51de Gazam bia, de Yuza bia, de Pasea bia,
52de Besayi bia, de Meyunim bia, de Nefusim bia,
53de Bakabuki bia, de Hakufa bia, de Harahura bia,
54de Bazelufa bia, de Mehida bia, de Harasa bia,
55de Barakosi bia, de Sisera bia, de Tema bia,
56de Nezia bia, de Hatifa bia bam.
57Pɛ Solomon tontoŋena bia balo de déem na dɛ ba jwoori to mo tento:
Sotayi bia bam, de Sofereta bia, de Perida bia,
58de Jaala bia, de Darekon bia, de Gideli bia,
59de Sefatia bia, de Hatila bia, de Pokerefa-Hazebayim bia, de Amon bia.
60Banto maama na ye Wɛ diga tontoŋena to, de Solomon tontoŋena bam dwi dem to déem ye nɔɔna bia yatɔ de funogo-balei (392) mo.
61Nɔɔna badwonna déem mo nwoŋi Tɛl-Mela, de Tɛl-Harasa, de Kerubi, de Adon, de Yimera teene dem ba tɔge ba jwoori ye ba ware se ba bere ba na nwoŋi Isarele dwi delo wone to. 62Banto maa ye Delaya bia, de Tobia bia, de Nekoda bia bam. Ba maama déem ye nɔɔna bia yaredo de finna-balei (642) mo.
63Twanno déem tera se te bere kaanem tiina banto nabaara na ye balo to: Hobaya bia, de Hakoza bia, de Bazilayi bia bam. (Bazilayi ya vei Gilead mo o swo Bazilayi dwi dem kaane wodwoŋi. Ba ma lɛɛre ba kwei o tembaaro yere ba mae ba bwoi‑o.) 64Ba na beeri ba nabaara natɔga twanno tem ba ga to, mo ba déem chege-ba se ba yé tɔge ba taa ye Wɛ kaanem tiina. 65Teo kom dedɛɛro wom ma pa-ba ni we ba yé tɔge ba di wodiu kolo na ye ko yera Wɛ ŋwaane to, ko ná dae kaanem tu ná tua ye o wae o kwei Yurim de Tumim memaŋa kandwa o ma o kuri Wɛ boboŋa o pa nɔɔna bam.
66Nɔɔna balo déem na jwoori to maama ni dem ye 42,360 mo.
67Ba kabɛ, baara de kaana maama maa ye 7,337.
Ba lein-leena, baara de kaana maama maa ye 245.
68Ba sisein-nɔɔna déem ye 736 mo.
Ba sisei-bonɛ maa ye 245.
69Ba kona maa ye 435.
Ba bonɛ sem maa ye 6,720.
70Sam yiga tiina dedɛ déem ma tɔge ba woli se Wɛ diga kam jwoori ka ke lam. Teo kom dedɛɛro wom de ma pa sabu-seŋa kilo nana (8), de zwe finnu (50), dedaane gwaaro bia yanu de fintɔ (530) se kaanem tiina bam taa zoora. 71Sam yiga tiina badaara ma la sabu-seŋa kilo bi de fuserepɛ (170), de lu-nyenno kilo moro de bia yalei (1,200) ba pa totoŋa yam ŋwaane. 72Nɔɔna balo maama na daare to de ma pa sabu-seŋa kilo bi de fuserepɛ (170), de lu-nyenno kilo moro de bi (1,100), ko woli de gwaaro fuseredo-terepɛ (67) se kaanem tiina bam taa zoora.
73Kaanem tiina bam, de Levi dwi tiina bam, de Wɛ diga ni-yerena bam, de lein-leena bam, ko ta woli de Wɛ diga tontoŋena bam, de Isarele dwi tiina badaara bam maama laam ma vo ba jeini ba tete teene dem ne.
Ezera gage Wɛ Tɔnɔ kom o bere nɔɔna bam
Ko déem ke chane serepɛ de Isarele tiina bam na jwoori ba jeini ba tete teene dem ne to.",https://www.bible.com/bible/3661/NEH.7.KBG
NEHEMIA 8,"1Isarele tiina bam maama déem ma jeeri kapworo ne, se ko maŋe de Na Ni dem. Ezera déem nam ye Wɛ nia zamesem tu mo ye o kwori o ye Wɛ kaanem tu. Ba ma toŋe ba bwoŋi‑o se o ja Moses nia tɔnɔ kom Baŋa Wɛ na pɛ Isarele tiina bam to, o ba o ga se ba cheigi. 2Chane serepɛ boboa dɛ dem ne, mo Ezera jaane Wɛ nia tɔnɔ kom o ba o zege nɔn-kɔgɔ kom yiga ne. Baara, de kaana, de balo maama na bege ba yi se ba ni taane kuri to déem mo wora. 3Dɛ dem konto ne mo Ezera maŋe kapworo kom ne o ga Wɛ nia yam ko zege tetete se ko yi wea tetare maŋa ne. Nɔn-kɔgɔ kom de yɔɔre ba maŋe da mo ba cheigi taane dem.
4Ba ya kwei dɛ mo ba ke bimbini tigisim dem ŋwaane. Ezera ma di o dɔge de baŋa ne ye o ŋɔɔne de nɔɔna bam. Matitia, de Sema, de Anaya, de Yuria, de Hilikia, de Maaseya déem wo o jazem ne mo. Pedaya, de Misayeli, de Malakija, de Hasum, de Hasabadana, de Zekaria, dedaane Mesulam maa zege o jagwia ne.
5Ezera déem zege bimbini dem yuu ne mo pa se nɔɔna bam maama kwoni ba nii ba na‑o. O na yɔɔre o puri tɔnɔ kom to, mo ba maama zaŋe ba zege wɛɛne. 6Ezera ma ta o we, “Á pa-na se dé tei Baŋa Wɛ, se o ye Wɛ kamunu!”
Nɔɔna bam maama ma zeiŋi ba je wɛɛne, ye ba daare ba ta we, “Ameena! Ameena!” Ba ta ma tiiri ye ba yibia vwi tega ne se ba zuli Baŋa Wɛ.
7Nɔɔna bam na zege ba ni Wɛ nia yam to, mo Levi tiina badwonna woli-ba se ba wane ba ni ko kuri. Banto maa ye Jesua, de Bani, de Serebia, de Jamin, de Akuba, de Sabetayi, de Hodia, de Maaseya, de Kelita, de Azaria, de Jozabadi, de Hanan, dedaane Pelaya. 8Ba ma ga Wɛ nia tɔnɔ kom ye ba maŋe ko kuri lanyerane, se nɔɔna bam wane ba ni ko kuri chekke.
9Ba déem na nigi Wɛ nia taane konto to mo ba yɔɔre ba keeri bɔge-bɔge. Teo kom dedɛɛro Nehemia, de Ezera na ye Wɛ nia zamesem tu de Wɛ kaanem tu to, de Levi tiina balo na jege nɔɔna bam ba zamese to laam ma ta de nɔɔna bam maama ba we, “Zem dɛ dem ye de yera mo de pae abam Tu Baŋa Wɛ wom. Konto ŋwaane, yé pa-na se á wo chɔge, nam yé ta‑á keera.”
10Nehemia ma ta-ba o we, “Jwoori-na á sam, se á di wodi-ywonnu, á daare á nyɔ sa-sona. Ta chɛ-na á wo-laaro tem de balo na ba jege to se ba de di ba su. Zem dɛ dem na ye de yera de pae Baŋa Wɛ to ŋwaane, yé pa-na se á wo chɔge. Kokuri to, Baŋa Wɛ wopwolo kom o na pae abam to mo wó ji abam dam.”
11Levi tiina bam de ma zi nɔɔna bam bochwanno ye ba we, “Zuri-na á bochara. Zem dɛ dem ye de yera de pae Baŋa Wɛ. Yé pa-na se á wo chɔge.”
12Nɔɔna bam maama ma jwoori ba sam, ba vo ba di ba su de wopwolo. Ba ma chɛ ba wonnu de balo na gɛ to. Kokuri to, ba déem nigi Wɛ botara kalo ba na gage ba bere-ba to kuri lanyerane.
Vwoa chwiim kuri
13Ko na ke da yalei to, mo sɔ-yuni tem yiga tiina, de Wɛ kaanem tiina, dedaane Levi tiina bam jwoori ba gilimi Ezera tei ne se ba yɛ taane delo na nwoŋi Wɛ nia yam wone to. 14Ba ma maane we ko maŋe ko popone ko tiŋi Wɛ nia tɔnɔ kom Baŋa Wɛ na pɛ Moses to wone, we Baŋa Wɛ ya pɛ Isarele tiina bam ni se ba chwi vwoa. Ba wó ma-ya ba di kuri bene maama chane serepɛ chana kam wone se ba taa zoore ya wone maŋa fenfee. 15Ba ta ma lɔre we ba jege se ba tɔɔle kwora Jerusalem ne de ba teene dedwonna ne ba bere nɔɔna bam maama we, “Diini-na zwonnu laŋa kam ne á gwoni Olivi teeni nɛ de se vɔɔro, de konkwara nɛ de se vɔɔro, de teeni dwi dwi nɛ selo na jege vɔɔro to. Laam ja-na tento maama á jwoori á ba á ma-te á chwi vwoa nenɛɛne Wɛ nia yam na bere tei to.”
16Nɔɔna bam ma seene ba beeri teeni nɛ de se vɔɔro ba ja ba jwoori ba sam. Ba laam ma tei pwei ba sam nayuni ne de ba konkwallo ne. Ba ma daare ba tei-se Wɛ diga kam konkɔlɔ kom ne, de kapworo kolo na maŋe de Na Ni dem to seeni, de kolo na maŋe de Efrayim Ni dem to seeni. 17Balo maama déem na nwoŋi kabɛɛne ne ba jwoori to mo tei pwei sem ye ba zo se wone. Ko na zege Nun bu Josua maŋa ne se ko yi maŋa kam konto to, Isarele tiina bam déem daa wo di kuri dem konto. Nɔɔna bam maama wo ma pwoli dedɛ.
18Ba déem kwei da yarepɛ mo ba di kuri dem. Dɛ maama wone, Ezera maa yeini o ga Wɛ nia tɔnɔ kom wone o bere-ba. Da nana dɛ dem ne ba kɔgɔ kom maama ma gilimi daane Wɛ ŋwaane, nenɛɛne Wɛ ni dem na bere tei to.",https://www.bible.com/bible/3661/NEH.8.KBG
NEHEMIA 9,"Ba tɛ ba bere ba wɛleera jaja
1Chana kam konto da finlei-yana dɛ dem ne, mo Isarele tiina bam maama jeeri se ba vɔ ni. Ba déem zo gare-nyenyaaro mo, ye ba daare ba ke teero ba taare ba yuni se ko bere we ba wo chɔge. 2Isarele dwi tiina bam nam ya maŋe ba pwɛ ba tete de veira dwi maama mo. Ba maa zege wɛɛne ye ba tɛ jaja wɛleera yalo ba de ba nabaara na ke to. 3Ba ma zege da konto, ye ba ga Baŋa Wɛ nia yam tɔnɔ kom wone taa, nenɛɛne awa batɔ. Ba ma daare ba ke awa batɔ ba yɔɔre ba tɛ ba wɛleera jaja, ye ba zuli ba Tu Baŋa Wɛ wom. 4Bimbini de de nateini déem zege da Levi tiina ŋwaane. Jesua, de Bani, de Kadimeli, de Sebania, de Bunni, de Serebia, de Bani wodwoŋi wom, dedaane Kenani na ye Levi tiina to ma zege de baŋa ne ba ware ba Tu Baŋa Wɛ wom de kwor-dɛa. 5Levi tiina badwonna ma pa nɔɔna bam maama baare se ba zuli Wɛ. Ko déem ye Jesua, de Kadimeli, de Bani, de Hasabenia, de Serebia, de Hodia, de Sebania, dedaane Petahia mo. Ba ma ta ba we:
“Zaŋe-na wɛɛne se dé tei dé Baŋa Wɛ wom! Wonto mo wora taa wuu!
Baŋa Wɛ, nmo yere dem tiini de jege nenɔŋ-fɔrɔ, pa se nɔɔna maama tei-de. Nɔɔna wó zeiŋi-de mo se ko dwoni woŋo maama.
6Dé Tu Wɛ, nmo yerane mo ye Baŋa Wɛ. N ma n ke wɛyuu dwi maama, de wɛ-baŋa chalechwe sem maama. Nmo mo ta ke tega baŋa, de naneero, de wonnu telo maama na wo te wone to. Nmo ma n pa nabiina de wonnu maama jege ŋwea. Wɛyuu maama wó tiiri ba zuli‑m mo.
7Nmo Baŋa Wɛ déem mo kuri dé nabaaro Abaram. N ma-n ja‑o n nwoŋi Babilonia tiina teo Uri ne, ye n daare n leiri o yere dem se de taa ye Abaraham. 8Nmo na nɛ we o jege chega de nmo to mo n gwoni ni ded‑o we, nmo wó pa‑o Kanaan tiina tega kam, de Hiti tiina tega, de Amori tiina tega, de Pɛrizi tiina tega, de Jebusi tiina tega, de Giragasi tiina te sem maama, se o dwi tiina taa zoore da. N ke n su n ni-gwonim dem konto, n na ye chega tu to ŋwaane.
9Nmo nam nɛ dé nabaara bam déem na yaare tei Ejipti wone, ye n daare n ni ba na keeri ba jare‑m tei Nane-soŋo kom ni ne to. 10N déem yɔɔre n ke wo-kenkagela mo ye n tɔge ya baŋa n pa se ko chɛ Ejipti Pa-faro wom yera, de o dedɛɛra de o teo kom tiina maama yera, n na yei ba na bɛɛse n nɔɔna bam tei to ŋwaane. Ko ta ma pa se nmo da ko ŋwaane n na yere kamunu, ye de ta wora de zem maama mo.
11Nmo déem tiŋi chwoŋa mo naneo kom tetare ne n pa n nɔɔna bam, pa se ba nɔne te-kora baŋa ne ba bɛ. Balo na pare-ba to maŋe naneo kom wone mo, nenɛɛne kandwa mo to ya maŋe na-luŋa wone tei.
12Nmo déem yeini n tɔge ba yiga mo ye á via. Wea ne n nye de kunkwoŋo na zege deiki to mo, ye tete ne n nye de mini se ba taa nae chwoŋa ba via. 13N nɔɔna bam déem na yi Sinayi peo kom to, mo n tu n yi ba tei, ye n daare n zege wɛyuu ne n ŋɔɔne de-ba. Nmo ma-n bere-ba chwei selo na lana to, ye n pa-ba nia yalo na jege chega to se ba taa tɔge-ya se ba ŋwea ke lam. 14N ma-n bere-ba se ba pɔɔre n siu dɛ dem ba pa‑m, se de taa ye de yera da yadwonna yam wone mo.
Nmo ta dɛ n tontoŋeno Moses baŋa mo, n pa-ba n nia yam. 15Kana déem na jege-ba to, n pɛ se wodiiru nwoŋi telaao ne pa ba di. N ta ma n pa se na nwoŋi peo wone, se ba nyɔ ba zuri ba na-nyɔm. Nmo ma n daare n pa-ba ni, se ba zo tega kalo n na gwoni ni se n pa-ba to wone, se ba taa tei-ka.
16Dé nabaara bam zwa déem nam kwareme mo, ye ba ta bere ba tete kamunim. Ba ma yɔɔre ba ve se ba sɛ nmo nia yam. 17Ba déem swei wo-kenkagela yalo n na ke ba tetare ne to mo ni ne, ye ba wo cheigi n taane dem. Ba wo-dɛɔ kom baŋa ne mo, ba déem kuri ba yiga tu se kotu ja-ba o jwoori Ejipti wone, se ba daa taa ye kabɛ da.
Nmo nam ye Wɛ wolo na kwei nɔɔna lwarem n yage n chɛ-ba to mo. N ma-n ye yibwon-dura tu, ye n swono gaale. N ma‑n yeini n peene n bane. N ŋwaŋa na daga to ŋwaane, n déem wo mɛ n kwaga n ya-ba.
18Ba déem tiini ba twe‑m. Ba mɔɔne jwoni mo na nye de na-mɔra to, ye ba we dento mo vere-ba de ja nwoŋi Ejipti wone. 19Ba déem nam na wo kagoa kam wone to, n wo yage ba yera, n ŋwaŋa kam na daga to ŋwaane. Wea ne mo n kunkwoŋo kom zege deiki ba yiga ne se ko bere-ba chwoŋa. Tete maama ne n mini dem maa yeini de pa-ba pwooni.
20Nmo ta pɛ-ba n Jwori-laao mo pa se ba yia poore. N ma n pa-ba Manna yam se ba di, ye n ta pa-ba na se ba zuri ba na-nyɔm. 21Bena finna yam ba na ke kagoa kam wone to, n zeini-ba pa se ba wo gɛ kolokolo. Ba gwaaro tem wo zareme, ye ba nɛ de wo foose chwoŋa kam cham ŋwaane.
22Nmo déem pɛ se ba di teene de pwa dedɛ. Ba tega siseini dem ma tole de yi yiga yiga. Ko ná ye Hesebon teo pɛ Sihon de Basan teo Pɛ Oga, ba jwoŋi banto tega kam maama ba tei.
23Nmo ta mo pɛ dé nabaara bam dwi dem puli dedɛ, nenɛɛne wɛyuu chalechwe sem na daga tei to. Nmo pɛ se ba bia bam di tega kalo n na gwoni ni de ba kwoa bam we ba jege se ba jwoŋi-ka ye ba laam zoore da to mo.
24N wane Kanaan tiina bam n zeili ba yiga ne pa se nmo nɔɔna bam zo ba tega kam ba tei. Nmo laam ma n pa n nɔɔna bam dam, se ba ke Kanaan tiina bam de ba pwa ba na lage tei to. 25Ba déem di teene delo na lɔge de pe to, de te-ywoŋa na ke wodiiru lanyerane to, de sam delo na su de wo-laaro dwi dwi to mo.
Ba yi da ba na vola yalo na koge ya tigi da to mo, de Vina teeni, de Olivi teeni, de teeni dwi dwi na leiri bia to, dedaane teeni kare. Ba ma yɔɔre ba di wodi-laaro ba su, pa se ba nu bigila bigila. Ba wo ma pwoli nmo lanyerane dem ŋwaane.
26De ko de, n nɔɔna bam se ba zwa mo ye ba lɔ n kwaga ne. Ba ma virigi ba kwaga ba ya n nia yam. Ba déem go n sampwori selo na kaane-ba se ba jwoori ba ba nmo tei ne to mo. Ba maa tiini ba twe‑m kuni dedɛ.
27Konto ŋwaane n ma n pa ba dona chwoŋa se ba di-ba ye ba daare ba bɛɛse-ba. Nmo nɔɔna bam nam na keeri ba jare‑m ba cham dem ŋwaane to, n zege wɛyuu ne mo n cheigi ba keira kam.
Nmo yibwon-dura kam ŋwaane mo n toŋe jwoŋina se ba jwoŋi-ba ba dona jeŋa ne ba yage. 28Ba wo maa na yeini ko to to, mo ba daa jwoori ba ke wɛleera, ye n daa‑n pa se ba dona bam di-ba. Ba de na chuli ba wɛleera yam, ye ba lwoori‑m ba cham dem ŋwaane to, nmo ta zege wɛyuu ne mo n cheigi-ba.
N déem jwoŋi-ba n yage kuni dedɛ wone, n yibwon-dura kam na gaale to ŋwaane. 29Nmo déem yeini n kaane-ba mo se ba taa yei n nia yam ni ne. Ba nam na bere ba tete kamunim to ŋwaane, mo ba ve nmo ni-kaana yam. Ba ma se ba zwa ye ba ve-ya, de ya na maŋe ya jege ŋwea ya pa wolo na tɔge-ya to de.
30Bene maama wone, nmo ta zuri n yera mo de-ba. N ma n pa n jworo tɔge n sampwori sem baŋa se ba ŋɔɔne de n nɔɔna bam ye ba kaane-ba. Ba nam na se ba zwa ye ba ve se ba cheigi to, nmo pɛ teene dedwonna tiina chwoŋa se ba di-ba. 31De ko maama de, nmo wo chɔge-ba naa n yage ba yera, nmo yibwon-dura na tiini ya daga to ŋwaane. Chega to, nmo tiini n jege nɔɔna ŋwaŋa dedɛ!
32Dé Tu Wɛ, nmo ye Dam-fɔrɔ Tu Wɛ kamunu, ye n kikia jege foone! Nmo tiini n jege chega mo se n yé yage n ni-gwonim de n swono kom. Nam yé swei dé yaara yam maama swia! Ko ná ye debam, de dé pwa, de dé yiga tiina, de dé kaanem tiina, de dé sampwori sem, ko ta woli de dé nabaara bam de n nɔɔna bam maama, debam maama tiini dé yaare mo, ko zege Asiria pwa bam na bɛɛse debam maŋa kalo ne to, se ko yi zem.
33Nmo nam yɔɔre n ke chega mo de n na ke debam tei to. Nmo wo n chega wone, se ko ye debam mo toŋe lwarem. 34Debam nabaara, de dé pwa bam, de dé yiga tiina bam, de dé kaanem tiina bam maama, ba toŋe ba tɔga n nia yam. Ba wolowolo wo cheigi n ni-kaana yam, naa ba sɛ nmo berem dem.
35Maŋa kalo ba déem na tei ba tete te-ywoŋa kalo n na pɛ-ba to wone, ye n nii ba baŋa ne lanyerane to, ba ta ve se ba yage wɛleera kikia, se ba daare ba zuli‑m.
36Laam nam nii! Dé ye kabɛ mo tega kanto n déem na kwei n pa dé nabaara bam to wone. Ka nam ya ye te-ywoŋa mo ka na pae debam wodi-laaro. 37Dé tega kam wo-laaro tem maama laam vei pwa balo n na pɛ chwoŋa se ba taa tei debam to tei ne mo. Debam na ke wɛleera to ŋwaane mo konto kea. Pwa bam konto maa jege debam tete, de dé vara, ba ke ba na lage tei to. Konto ma pa se dé cham dem laam kɛ jeŋa.”
Nɔɔna bam ke ni-sɛɛm
38“Tento maama na ke to ŋwaane mo debam Isarele dwi tiina bam maama sɛ se dé du duuri. Dé nam popone-de mo dé tiŋi, se dé yiga tiina zi ba je sem da. Dé Levi tiina bam, de dé kaanem tiina bam de je wó tɔge se zi da.”",https://www.bible.com/bible/3661/NEH.9.KBG
NEHEMIA 10,"1Hakalia bu Nehemia na ye teo kom dedɛɛro to ma da yiga se o zi o jeŋa. Kaanem tiina banto de ma tɔge ba zi ba je:
Zedekia,
2de Seraya, de Azaria, de Jeremia,
3de Pasura, de Amaria, de Malakija,
4de Hatusi, de Sebania, de Maluki,
5de Harim, de Meremofa, de Obadia,
6de Danyeli, de Ginetoni, de Baruki,
7de Mesulam, de Abija, de Mijamina,
8de Maazia, de Biligai, de Semaya.
Ba maama déem ye kaanem tiina mo.
9Levi tiina banto de ma da ba zi ba je:
Azania bu Jesua,
de Binnui na tɔge o wo Henadadi bia bam wone to,
de Kadimeli,
10de banto kwaga kam maama:
Sebania, de Hodia, de Kelita, de Pelaya, de Hanan,
11de Mika, de Rehobi, de Hasabia,
12de Zakura, de Serebia, de Sebania,
13de Hodia, de Bani, de Beninu.
14Isarele yiga tiina balo de na dɛ ba zi ba je to mo tento:
Parose, de Pahafe-Moaba, de Elam, de Zaatu, de Bani,
15de Bunni, de Azagadi, de Bebayi,
16de Adonija, de Bigavayi, de Adin,
17de Atera, de Hezekia, de Azura,
18de Hodia, de Hasum, de Bezayi,
19de Harifa, de Anatofe, de Nebayi,
20de Magepiase, de Mesulam, de Hezira,
21de Mesezabela, de Zadoki, de Jadua,
22de Pelatia, de Hanan, de Anaya,
23de Hosea, de Hanania, de Hasubi,
24de Halohese, de Piliha, de Sobeka,
25de Rehum, de Hasabena, de Maaseya,
26de Ahiya, de Hanan, de Anan,
27de Maluki, de Harim, de Baana.
Ni-sɛɛm dem
28Debam Isarele tiina balo maama na daare to de tɔge dé ke ni-sɛɛm:
Wɛ kaanem tiina bam,
de Levi tiina bam,
de Wɛ diga ni-yerena bam,
de Wɛ diga lein-leena bam,
de Wɛ diga tontoŋena bam,
dedaane debam balo maama na tɔge Wɛ nia yam ye dé pɔɔre dé tete de veira balo na wo tega kanto ne to,
de dé kaana bam,
de dé bia balo maama na jege yi-poro to.
29Debam maama mo tɔge de dé yiga tiina se dé gwoni ni dento dem:
Dé nam dugi we, dé wó sɛ Wɛ nia yalo o na dɛ o tontoŋeno Moses baŋa o pa debam to. Dé sɛ se dé tɔge debam Tu Baŋa Wɛ chwei sem de chullu telo maama o na bere debam to. Lɛɛro taa wo dé baŋa ne nenɛɛne dé ná wo ke konto.
30Dé pwooli we debam bu-baara bá kwei tega kanto bukwa ba ma ji ba kaana, debam de nam bá pa-ba dé bukwa se ba di ba ma ke ba kaana.
31Ko ná ye Wɛ siu dɛ dem, naa dé kura da yam ne, veira ná jaane ba zela ba ba se ba yeigi ba pa debam, dé bá ke pipiu de-ba.
Bena yarepɛ maama wone, bene dedoa mo dé wó yɔɔre dé yage dé kare se se peini se sii. Dé ta maa wó kwei dé chɛ balo na jege dé jena to.
32Dé nam wó fe dé tete se dé la sabu se dé kwei dé kwɛ Wɛ diga kam. Nɔɔno maama wó ŋwe sabu se ko maŋe dedaane sɛkɛle chichworo mo. 33Konto wó pa se zela yalo maama na maŋe de Wɛ diga kam totoŋa to taa wora maŋa maama: ko maa ye bworobworo kolo ba na tigisi Wɛ ŋwaane to mo, dedaane dɛ maama wone wodiu pɛɛra yam, de vara zwɛɛm pɛɛra yam, de Wɛ siu dɛ pɛɛra yam, de chan-doŋa pɛɛra yam, de kura yadwonna pɛɛra yam, de Isarele tiina wɛleera saarem pɛɛra yam, de pɛɛra yalo maama ba na wó ma ba zuli Wɛ to.
34Bene maama wone debam Isarele tiina bam, de dé kaanem tiina bam, de Levi tiina bam wó ta jɔrɔ se dé lɔre maŋa kalo sɔ-yuu de sɔ-yuu kolo na wó taa jaane dɛ ba tui Wɛ diga kam wone to. Ba wó yeini ba kwei dɛ sem konto ba ma zwɛ wonnu mo ba ke kaanem de Tu Baŋa Wɛ bimbini dem baŋa ne, nenɛɛne Wɛ nia yam na bere tei to.
35Dé ta gwoni ni we, bene maama wone dé wó yeini dé kuri dé kare wodiiru de dé teeni-bia balo na dɛ yiga ba ke to wone dé ja dé ba Baŋa Wɛ diga kam wone. 36Dé ta wó ke Wɛ nia yam na bere tei to ye dé ja dé bu-kwe selo na ye baara to dé ba Wɛ diga kam wone se kaanem tiina balo na toŋe da to pɔɔre-ba Wɛ ŋwaane, se dé daare dé ja dé vare wo-bɛ kwe sem de dé ba dé pa Baŋa Wɛ. 37Debam ta wó ja dé kare wodiiru telo maama na bobo se te be to dé ba Wɛ diga kam wone. Ko ná ye muni, de mena, de teeni-bia, de Vini sa-doora, de Olivi tio nuga, dé wó kwei-te dé pa Wɛ kaanem tiina bam. Wodiiru telo maama dé na nɛ to, dé nam wó pɔɔre te fuga wone popɔra kam dé pa Levi tiina bam na wo dé teene dem wone to. Kokuri to, popɔra kam wora banto ŋwaane mo. 38Levi tiina ná yeini ba lage ba jwoŋi wodiiru popɔra kam konto, se Aron dwi dem kaanem tiina bam wone dedoa taa zege da o nia. Levi tiina bam laam wó le te fuga wone popɔra dedoa ba ja vo Jerusalem Wɛ diga kam ne ba tiŋi-te da. 39Konto to, Isarele tiina de Levi tiina bam ná yeini ba ja ba wodiiru pɛɛra, de ba Vini sa-doora pɛɛra, de ba Olivi nuga pɛɛra yam ba vo Wɛ diga kam ne, ba wó zege-te ka di sem wone mo, mɛ Wɛ diga totoŋa zela yam na wora to. Ko maa ye jei selo Wɛ kaanem tiina balo totoŋa maŋa na yi to, de Wɛ diga ni-yerena bam, de lein-leena bam na zoore to mo.
Dé bore we dé yiga wó taa wo Wɛ diga kam wone ye dé bá yage-ka.",https://www.bible.com/bible/3661/NEH.10.KBG
NEHEMIA 11,"Nɔɔna balo na tu ba taa zoore Jerusalem wone to
1Isarele yiga tiina bam déem ma ba ba zoore Jerusalem teo wone. Nɔɔna balo na daare to ma ta jɔrɔ se ba kuri balo de na wó vo ba taa zoore da to. Sam fuga maama wone ba ma le sɔŋɔ dedoa se ko nɔɔna bam vo ba taa zoore Jerusalem wone, se balo na daare to taa wo ba tete teene wone. 2Nɔɔna badaara bam wo ma da balo maama na sɛ se ba vo Jerusalem ba taa zoore da to.
3Judah kateiri dem yiga tiina balo na tu ba zoore Jerusalem wone to mo tento. Isarele tiina badaara déem maa zoore ba tete tega ne de ba teene dem wone, ko ná ye kaanem tiina, de Levi tiina, de Wɛ diga tontoŋena, de Solomon tontoŋena bia bam, 4se badaara na nwoŋi Judah dwi dem wone de Benjamin dwi dem wone to taa zoore Jerusalem wone.
Judah dwi dem yiga tiina balo na zoore Jerusalem wone to mo tento:
Yuzia bu Ataya.
O déem ta ye Zekaria naa mo, ye o nabaara bam ye Amaria, de Sefatia, de Mahalaleli. Nɔɔna bam konto maama déem ye Judah bu Pɛreza naaro mo.
5Baruki bu Maaseya.
O déem ta ye Kola-Hozɛ naa mo, ye o nabaara bam ye Hazaya, de Adaya, de Joyariba, dedaane Zekaria. Nɔɔna bam konto maama maa ye Judah bu Sela naaro.
6Pɛreza dwi tiina balo déem na zoore Jerusalem wone to ye baara bia yana de fuseredo-nana (468) mo. Ba maa ye babɛ.
7Benjamin dwi tiina bam mo tento:
Mesulam bu Saalu.
O déem ta ye Joyedi naa mo, ye o nabaara bam ye Pedaya, de Kolaya, de Maaseya, de Iteli, dedaane Jesaya.
8Saalu chorro Gabayi de Salayi.
Benjamin dwi tiina balo na zoore Jerusalem wone to maama déem ye baara bia nogo de finlei-nana (928) mo. 9Zikiri bu Joweli déem mo ye ba yiga tu, ye Hasenua bu Judah saŋe o tei ba teo jei sem.
10Kaanem tiina bam mo tento:
Joyariba bu Jedaya, de Jakin.
11Hilikia bu Seraya.
O déem ye Mesulam naa mo, ye o nabaara bam ye Zadoki, de Merayofa, dedaane kaanem yiga tu Ahituba.
12Banto de ba tontoŋena dwonna balo na toŋe Wɛ diga kam totoŋa to déem ye baara bia nana de finlei-balei (822) mo.
Jeroham bu Adaya.
O déem ta ye Pelalia naa mo, ye o nabaara bam ye Amezi, de Zekaria, de Pasura, dedaane Malakija.
13Adaya dedaane o chorro tem déem ye baara bia yalei de finna-balei (242) mo.
Azareli bu Amasesayi.
O déem ye Ahazayi naa mo, ye o nabaara bam ye Mesilemofa, dedaane Yimera.
14Amasesayi de o chorro tem maa ye baara bi de finlei-nana (128). Ba maa ye babɛ na yei jara-keim chekke to. Ba yiga tu déem mo ye Hagedolim bu Zabideli.
15Levi tiina bam mo tento:
Hasubi bu Semaya.
O déem ta ye Azerikam naa mo, ye o nabaara bam ye Hasabia de Bunni.
16Sabetayi, de Jozabadi.
Banto déem ye Levi tiina bam yiga tiina mo ye ba nii Wɛ diga kam pwooni yiga totoŋa baŋa ne.
17Mika bu Matania.
O déem ta ye Zabidi naa mo. O nabaaro maa ye Asaf. Matania déem mo tɔge Wɛ diga lein-leena bam yiga pa se ba leeni lei-keim lei de wɛ-lworo lei.
Bakabukia.
Wonto déem saŋe Matania kwaga mo o dwonna bam wone.
Sammua bu Abeda.
O ta ye Galale naa mo, ye o nabaaro ye Jedutuna.
18Levi tiina balo maama déem na vei ba zoore Jerusalem wone to ye baara bia yalei de funɔnɔ-bana (284) mo.
19Wɛ diga ni-yerena bam mo tento:
Akuba, de Talemon.
Ba de ba tontoŋena dwonna bam déem ye baara bi de fuserepɛ-balei (172) mo.
20Ko nam ná ye Isarele tiina, de ba kaanem tiina, de ba Levi tiina balo na daare to, banto déem zoore Judah teene dem maama wone mo, ba tete nabaara tega kam baŋa ne.
21Wɛ diga tontoŋena bam déem maa zoore Jerusalem kateiri delo yere na ye Ofeli to ne mo. Ziha dedaane Gisepa maa ye ba yiga tiina.
22Levi tiina bam yiga tu wolo déem na tɔge o zoore Jerusalem wone to mo ye Bani bu Yuzi. O déem ta ye Hasabia naa mo, ye o nabaara bam ye Matania, de Mika. Yuzi nwoŋi Asaf sɔ-yuu kom ne mo. Banto nam mo jege se ba taa leeni Wɛ diga kam lei maama. 23Pɛ wom nam ya pɛ lein-leena bam ni mo, se de taa bere-ba ba dɛ maama totoŋa na wó taa ye tei to.
24Mesezabela bu Petahia maa wo pɛ wom tei ne se o pa Isarele tiina bam ba wonnu maama. O ye Judah bu Zera dwi dem nɔɔno mo.
Teene delo na kaare Jerusalem to
25Nɔɔna bam badaara déem maa zoore teene dedwonna wone, ye ba kare bwola da. Judah dwi tiina badwonna déem maa zoore Kiriaf-Araba ne, de Dibon ne, de Jekabazeeli ne, dedaane de nawuura yam wone. 26Ba ta maa zoore Jesua ne, de Molada ne, de Bɛte-Peleta ne, 27de Hazara-Suwala ne, de Beeriseba de ko nawuura yam wone. 28Ba badwonna ta zoore Zikalag ne, de Mekona de ko nawuura yam wone, 29de En-Rimon ne, de Zora ne, de Jaremuf ne, 30de Zanoa ne, de Adulam ne, de teene dem konto nawuura yam wone. Ba ta maa zoore Lakisi ne, de kare selo na bwola da to wone. Badwonna maa zoore Azeka de ko nawuura yam wone. Ko maa bere we Judah tiina bam déem zoore laŋa kalo na tigi Beeriseba ne, se ko taa vei Hinom bwolo kom seeni to mo.
31Ko ná ye Benjamin dwi tiina bam, ba déem zoore Geba teo ne, de Mikimasa ne, de Ayija ne, de Bɛtel de ko nawuura yam wone, 32de Anatofe ne, de Nobi ne, de Anania ne, 33de Hazora ne, de Rama ne, de Gitayim ne, 34de Hadida ne, de Zeboyim ne, de Nebalate ne, 35de Loda ne, de Ono ne, dedaane Gwaro bwolo kom ne mo.
36Ba déem ma pa se Levi dwi dem sɔ-yuni tedwonna ya na zoore Judah kateiri dem ne to vo ba zoore de Benjamin tiina bam.",https://www.bible.com/bible/3661/NEH.11.KBG
NEHEMIA 12,"Kaanem tiina de Levi tiina bam yera
1Kaanem tiina de Levi tiina balo na tɔge de Selateli bu Zerubabel, dedaane kaanem yiga tu Jesua ba jwoori Judah kateiri dem ne to mo tento:
Wɛ Kaanem tiina:
Seraya, de Jeremia, de Ezera, 2de Amaria, de Maluki, de Hatusi, 3de Sekania, de Rehum, de Meremofa, 4de Ido, de Ginetoni, de Abija, 5de Mijamina, de Mowadia, de Biliga, 6de Semaya, de Joyariba, de Jedaya, 7de Saalu, de Amoki, de Hilikia, dedaane Jedaya.
Jesua maŋa kam ne, nɔɔna bam konto déem mo ye ba dwonna kaanem tiina bam yiga tiina.
Levi tiina:
8Jesua, de Binnui, de Kadimeli, de Serebia, de Judah, dedaane Matania. Matania de o dwonna déem mo tei se ba taa nii lei-keim lei sem baŋa ne.
9Ko daare Bakabukia de Yunni de ba dwonna mo sɛ lei sem.
10Jesua déem mo ye Joyakim kwo, Joyakim maa ye Eliasibi kwo, Eliasibi maa ye Joyada kwo, 11Joyada maa ye Jonatan kwo, Jonatan maa ye Jadua kwo. 12Joyakim maŋa kam ne, nɔɔna banto déem mo nii kaanem tiina bam sɔ-yuni tem baŋa ne:
Meraya déem mo nii Seraya di sem.
Hanania ma nii Jeremia di sem.
13Mesulam ma nii Ezera di sem.
Jehohanan ma nii Amaria di sem.
14Jonatan ma nii Maluki di sem.
Josefa ma nii Sekania di sem.
15Adana ma nii Harim di sem.
Helikayi nii Meremofa di sem.
16Zekaria ma nii Ido di sem.
Mesulam ma nii Ginetoni di sem.
17Zikiri ma nii Abija di sem.
Pilitayi ma nii Minamina di sem de Mowadia di sem.
18Sammua ma nii Biliga di sem.
Jehonatan ma nii Semaya di sem.
19Matenayi ma nii Joyariba di sem.
Yuzi ma nii Jedaya di sem.
20Kalayi ma nii Salayi di sem.
Ebera ma nii Amoki di sem.
21Hasabia ma nii Hilikia di sem.
Netaneli ma nii Jedaya di sem.
22Maŋa kalo ne Eliasibi, de Joyada, de Johanan, dedaane Jadua na jigi kaanem yiga tiina ba leiri daane to, mo ba pɛ se ba popone kaanem tiina de ba di sem yera wonnu ba tiŋi twanno wone. Ba déem ke konto se ko taa vei Darusi na tu o ji Peresia teo pa-faro to mo. 23Ko daare ko ná ye Levi tiina bam de ba di sem yera wonnu, ba popone tento ba tiŋi ba teo kom lonne twanno wone se ko taa vei Eliasibi bu Johanan maŋa ne mo.
Wɛ diga kam totoŋa na pɔɔre tei to
24Levi tiina bam yiga tiina déem ye Hasabia, de Serebia, de Jesua, de Binnui de Kadimeli mo. Banto ma nii Wɛ tia de lei-keim lei sem baŋa ne ye ba dwonna bam zege ba jeeri-ba se ba taa leeni ba sɛ-se, nenɛɛne Wɛ tontoŋeno David déem na bere-ba se ba taa ke tei to.
25Wɛ diga ni-yerena bam déem ye Matania, de Bakabukia, de Obadia, de Mesulam, de Talemon, dedaane Akuba mo. Banto totoŋe mo ye se ba taa yere zela di sem na wo Wɛ diga kam bworru tem seeni to.
26Levi tiina bam konto déem toŋe Wɛ diga kam totoŋa Joyakim na ye Jesua bu de Jozadaki naa to maŋa ne mo. Ba ta toŋe maŋa kalo ne Nehemia na ye teo kom dedɛɛro, ye Ezera ye Wɛ kaanem tu, ye o ta ye Wɛ nia zamesem tu to mo.
Ba kwei Jerusalem kabira kam ba pa Wɛ
27Ba déem na ti yiga se ba kwei Jerusalem kabira kam ba ke Wɛ jeŋa ne to, mo ba toŋe ba bwoŋi Levi tiina bam se ba zege ba na wo mɛ maama ne to ba ba. Ba ma kwei zwe, de kwanno dwi dwi mo ba tɔge ba di ywoni dem, ye ba leeni Wɛ lei-keim lei. 28-29Levi tiina lein-leena bam déem zoore Jerusalem nawuura yam wone, de Netofa teo kom seeni, de Bɛte-Giligal ne, de Geba ne, de Azimavefa ne mo. Ba de ma zege ba ya na zoore mɛ maama ne to ba ba Jerusalem. 30Kaanem tiina bam, de Levi tiina bam déem ma toŋe kolo na wó kwɛ ba tete Wɛ ŋwaane, ye ba daare ba kwɛ nɔɔna bam, de teo kom bworru, de ko kabiri sem maama.
31Amo laam ma pa ni se Judah kateiri yiga tiina bam di ba zege kabira kam yuu ne. A ta ma beeri lein-leena dedɛ a pɔɔre-ba kuni belei, se ba taa vei ba kaare teo kom mo ye ba leeni ba ke Wɛ lei. Ba kɔgɔ dedoa ma tɔge kabira kam jazem seeni ba vo Tampuuri Ni dem seeni. 32Hosaya dedaane Judah yiga tiina bam chichworo kom ma tɔge lein-leena bam kwaga. 33Azaria, de Ezera, de Mesulam, 34de Judah, de Benjamin, de Semaya, de Jeremia, de maa tɔge da. 35Kaanem tiina badwonna de na zei nabwanno to ma saŋe banto de kwaga. Jonatan bu Zekaria de daa ma saŋe. Wonto déem ye Semaya naa mo, ye o nabaara déem ye Matania, de Mikaya, de Zakura, de Asaf. 36Zekaria chorro telo na tɔge ded‑o to mo tento: Semaya, de Azareli, de Milalayi, de Gilalayi, de Maayi, de Netaneli, de Judah, dedaane Hanani. Banto maama déem zei kwɛɛra zela yalo maama Wɛ tontoŋeno David déem na pɛ ni se ba taa ma-ya ba zuli Wɛ to mo. Wɛ nia zamesem tu Ezera déem ma tɔge kɔgɔ kom maama yiga. 37Ba déem ma vo ba yi Buli-yi Ni dem, ye ba yɔɔre ba vo ba dɔɔle ba di David teo kom ne. Ba ta ma vo ba gaale David sɔ-fɔrɔ kom na zege mɛ to, ye ba laam tole ba vo ba yi teo kom wɛ-puli seeni mɛ kabira kam na vei ka tɔ de Na Ni dem to.
38Lein-leena kɔgɔ kodwoŋi kom ma tɔge kabira kam jagwia seeni ba via. Amo de ma tɔge ba kwaga, dedaane nɔɔna bam chichworo. Dé ma vo dé gaale Jugu di-dedɔrɔ kom dé vo dé yi Kabiri-kayɔlɔ kom seeni. 39Dé zege dáane dé vo dé gaale Efrayim Ni dem mo, de Jesana Ni dem, de Ywona Ni dem, de Hananeli di-dedɔrɔ kom, de Wonnu Bi di-dedɔrɔ kom, dé ta vo dé yi Pei Ni dem. Dé laam ma vo dé yi Wɛ diga Yerena ni dem dé zege da.
40Lein-leena popɔre selei sem laam ma vo ba zege Wɛ diga kam wone. Amo dedaane yiga tiina bam chichworo de ma vo dé zege da. 41Kaanem tiina banto de déem nam mo tɔge ba zege de amo, ye ba jege nabwanno ba wui:
Eliakim, de Maaseya, de Minamina, de Mikaya, de Elio-enayi, de Zekaria, dedaane Hanania.
42Nɔɔna banto de déem mo tɔge ba wora:
Maaseya, de Semaya, de Eleaza, de Yuzi, de Jehohanan, de Malakija, de Elam, dedaane Ezere.
Ko déem ye Jezerahia mo to lein-leena bam yiga pa se ba leeni de kwor-dɛa ba ke Wɛ lei. 43Dɛ dem konto ne, ba ma ke kaanem dedɛ ba pa Baŋa Wɛ. Nɔɔna bam de ma tiini ba di ywoni se ko gaale, Wɛ na pɛ se ba wo pwoli to ŋwaane. Kaana bam de ba bia maama de ma nwoŋi ba tɔge ba di ywoni dem, pa se de sɔɔ kom zaŋe wɛɛne ko yi yiga yiga.
Wɛ tontoŋena bam ni-wodiu taane
44Dɛ dem konto ne ba déem ma kuri nɔɔna se ba taa nii Wɛ diga zela di sem de se wonnu tem baŋa ne. Ba déem yeini ba kwaleme Wɛ teiri dem, de da-yiga mena yam, de da-yiga tio-bia pɛɛra yam, de pɛɛra yalo maama nɔɔna na pɛ Wɛ diga totoŋa yam ŋwaane to mo. Ba maa wó vo Isarele tiina kare sem na wo ba teene dem maama wone to ba jwoŋi wodiiru telo Wɛ nia yam na pɛ chwoŋa se kaanem tiina de Levi tiina bam jwoŋi to. Judah tiina bam maama wo déem tɔge de kaanem tiina bam de Levi tiina bam kikia mo. 45Kolo ŋwaane, banto déem seene yia mo ba toŋe chullu de kwɛɛm totoŋa yam Baŋa Wɛ na pɛ-ba se ba ke to. Lein-leena bam, de Wɛ diga ni-yerena bam de ma toŋe ba totoŋa se ko tɔge de nia yalo Pɛ David de o bu Solomon na bere-ba se ba taa ke to. 46Ko nam na zege Pɛ David dedaane Asaf maŋa kam ne to, mo ba le nɔɔna se ba yeini ba tɔge lein-leena bam yiga se ba taa leeni ba tei Wɛ, ye ba daare ba ke o lei. 47Ko daa ta na yi Zerubabel maŋa kam ne dedaane Nehemia maŋa kam ne to, Isarele tiina bam maa yeini ba kuri ba wodiiru tem wone ba pae lein-leena bam de Wɛ diga ni-yerena bam dɛ maama se ko woli-ba ba totoŋa baŋa ne. Ba ta maa yeini ba le popɔra kalo na maŋe de Levi tiina badaara bam to mo ba pa-ba. Levi tiina de laam maa yeini ba le popɔra kalo na ye kaanem tiina bam nyem to ba pa-ba.",https://www.bible.com/bible/3661/NEH.12.KBG
NEHEMIA 13,"Ba na sɛ ba tɔge Wɛ nia yam tei to
1Dɛ dem konto ne mo ba gage Wɛ nia tɔnɔ kom Moses na popone to. Ba na cheigi taane dem to mo ba maane we ko chula se Amon tu, de Moaba tu tɔge ba zo Wɛ nɔɔna kɔgɔ kom wone. 2Kokuri to, maŋa kalo Isarele tiina bam déem na nwoŋi Ejipti ne ba beeri jeiŋa jei to, Amon tiina de Moaba tiina bam wo jeeri-ba chwoŋa ne ba pa-ba na se ba nyɔ. Ba ma jwoori ba pa Balaam sabu, se o wane o sɔɔle lwarem o yage Isarele tiina bam baŋa ne. Dé Tu Wɛ wom ma pipiri o sensɔla kam pa se ko ke debam lam. 3Isarele tiina bam na nigi Wɛ ni dem konto to, mo ba le nɔn-gongwaaga ba wone, se ba daa yé taa zoore de-ba.
Nehemia kwɛ nɔɔna bam de ba totoŋa
4Konto maama de Wɛ kaanem tu Eliasibi déem mo nii Wɛ diga zela di sem baŋa ne. O maa me de Amon tu Tobia. 5O ma da ko ŋwaane o kwei Wɛ diga zela di-kamunu o pa Tobia. Ba nam ya yeini ba kwei wodiu pɛɛra, de talwoŋ-ywoŋa, de Wɛ diga zela yam, de Wɛ teiri delo na ye mena, de sana, de Olivi nuga to mo ba zege da. Pɛɛra yam konto maama ye se ba taa kwei-ya ba pae Levi tiina bam, de Wɛ diga lein-leena dedaane ni-yerena bam mo, ko woli de pɛɛra yalo na ye kaanem tiina bam nyem to.
6Konto maama déem na ke to, dedaane amo daa tere Jerusalem wone. A ya jwoori a vo Babilonia se a lwoni kolo na ke to mo a bere Pɛ Atazeregese. Ko maa ye o paare dim bena fintɔ-yalei bene dem ne mo a via. Ko nam na ke fee to mo a daa lwoori chwoŋa o tei ne, 7se a jwoori a vo Jerusalem. A na yi da to, a nɛ we Eliasibi toŋe wo-balɔrɔ ye o yage chwoŋa o pa Tobia se o taa zoore Wɛ diga di sem dedoa wone. 8Keim dem na tiini de fuli a wo to, mo a zo da a kwaleme Tobia zela yam a dole a yage pwooni ne. 9A ma daare a pa ni se ba jwoori ba kwɛ di sem se ko tɔge dé chullu tem, ye a pa ba jwoori ba kwei Wɛ diga zela yam ba ba ba zege se wone. A ta ma pa ni se ba taa jaane mena pɛɛra yam, de talwoŋ-ywoŋa kam ba tui ba zege diga kam wone.
10A ta ma lɔre we ba wo pɛ Levi tiina bam wodiiru tem popɔra kalo na ye ba nyem to. Ko déem pɛ se Wɛ diga lein-leena bam, de Levi tiina badaara bam nwoŋi da Jerusalem teo kom ne, ye ba jwoori ba vo ba wo ba kare totoŋa ne. 11Amo ma bwɛ yiga tiina bam lanyerane ye a bwei-ba a we, “Bɛ mo ye á dole Wɛ diga kam totoŋa yam á yage?” A ma pa se Wɛ diga tontoŋena bam jwoori ba toŋe ba totoŋa yam.
12Judah tiina bam daa ma jwoori ba jaane ba Wɛ-teiri pɛɛra maama ba tui ba zege Wɛ diga wone, ko ná ye ba mena popɔra, de ba sana popɔra, de ba nuga popɔra kam. 13Amo laam ma kwei Wɛ diga zela di sem de se totoŋa yam a ke nɔɔna banto jeŋa ne. Ko maa ye Wɛ kaanem tu Selemia, de Wɛ nia zamesem tu Zadoki, de Levi tu Pedaya. A ta le Zakura bu Hanan mo se o taa woli-ba. Nɔɔna maa pae we nɔɔna bam konto jege chega. Ba totoŋa maa ye se ba taa chɛ wodiiru tem ba pa ba dwonna bam.
14Amo Tu Wɛ, nam guli se n ke-ne lanyerane, a na ke wonnu tento maama to ŋwaane. Yé swei amo na tɔge chega a kwɛ nmo diga kam se ka taa jege zula tei to ni ne.
15Kanto maŋa ne mo a ta maane we Judah tiina badwonna yeini ba toŋe ba totoŋa Wɛ siu dɛ dem wone. Nɔɔna maa kare ba ŋoke Vini tio-bia nyoa. Badwonna maa zeŋe ba bonɛ de wodiiru zela, de teeni bia dwi dwi ba jaane ba zoore Jerusalem teo wo se ba yeiga. Amo ma kaane-ba se ba yé taa di yaga Wɛ siu dɛ dem ne. 16Tura tiina badwonna na tu ba zoore Jerusalem teo ne to de ma jaane ywona dedaane zela dwi dwi ba tui ba yeigi ba pae Judah tiina bam Wɛ siu dɛ dem ne. 17A ma bwɛ Judah yiga tiina bam lanyerane ye a we, “Nii-na á na tiini á toŋe lwarem tei! Abam yɔɔre á chɔge Wɛ siu dɛ dem mo pa se de ye kafɛ. 18Á nabaara bam déem maŋe ba ke konto mo, pa se Wɛ ja chɔgem o ba dé teo konto baŋa ne. Abam daa ta ma‑á yɔɔre á ke kolo na wó pa se Wɛ bane zaŋe debam Isarele tiina baŋa ne de woli da to mo, de á na jege o siu dɛ dem á chɔge to.”
19A ma pa ni we wɛ-zoore maŋa ne se ba yeini ba pe teo kom ni bworru tem, se ko maŋe de siu dɛ dem boboa maŋa. A ma ta-ba se ba yé pore-te ba yage ko ná dae siu dɛ dem na ti maŋa kalo to. A déem ta pɛ se a tontoŋena mo zege teo kom bworru ni ne ba yere, se nɔɔn-nɔɔno yé ja o zela o ba teo kom Wɛ siu dɛ dem ne se o yeigi. 20Ko ná yeini ko wora ko wora, pipim-piina badaara yeini ba vei tete ne ba tigi teo bworru tem kwaga ne mo, ye ba cheiga se siu dɛ dem yi. 21Amo de maa kaane-ba a we, “Bɛ mo ye á ke konto dwoŋi? Abam ná jwoori á ba ywo-seeni á tigi se tega ba ka poore, amo wó ja abam de dam mo.” Ko na zege dɛ dem a na tage-ba konto to, nɔɔn-nɔɔno daa wo tu se o ke pipiu Wɛ siu dɛ dem ne. 22A laam ma pa Levi tiina bam ni se ba kwɛ ba tete, se ba daare ba vo ba taa zege ba yere teo bworru tem. A ke konto se ko pa se Wɛ siu dɛ dem seene de taa ye de yera mo.
A Tu Wɛ, guli amo gula keim dento de ŋwaane. Tɔge nmo swono kom baŋa n duri amo yibwona.
23Ka maŋa ne mo a ta maane we Judah tiina baara bam dedɛ vei ba di Asedodi tiina bukwa, de Amon tiina bukwa, de Moaba tiina bukwa mo ba ke ba kaana. 24Ko ma pa se bia balo ba na loge to chichworo jege Asedodi taane ba ŋɔɔna, ye badwonna jege ta-gɛ ba ŋɔɔna. Ba maa ware se ba ŋɔɔne debam Judah tiina taane dem. 25A ma tiini a bwɛ baara bam konto, ye a daare a sɔɔle lwarem a yage ba yuu ne. A ta mage-ba ye a ja ba yu-ywei mo a vaŋe a vuuri. A ma daare a pa se ba ma Wɛ yere ba du duuri ye a we, “Abam daa yé kwei-na á bukwa á pa dwi-gɛ tiina. Nam yé lage-na dwi-gɛ tiina bukwa á pa á tete naa á bia bam se á di. 26Dwi-gɛ tiina kaana déem mo pɛ se Pɛ Solomon ke wɛleere. Pɛ déem nam tere teene dedwonna ne o na mae dedaane wonto. Wɛ tete déem yɔɔre o swoi‑o mo pa se o ji Isarele tiina bam maama pɛ. De konto maama de, dwi-gɛ tiina kaana bam pɛ se o tusi Wɛ yiga ne. 27Abam nam ta lage se dé maama da á keim-balɔrɔ kom baŋa ne dé vo dé swo dwi-gɛ tiina bukwa se ba taa ye dé kaana mo na? Dé bá sɛ se dé ve Wɛ ni dem konto!”
28Joyada déem ye Wɛ kaanem yiga tu Eliasibi bu mo, ye wonto de bu dedoa laam vo o di Horon tu Sanbalati bukɔ o ma ke o kaane. Amo déem ma zeili‑o se o daa yé taa zoore Jerusalem teo wone.
29Amo Tu Wɛ, guli nɔɔna banto gula de ba na yɔɔre ba jege kaanem totoŋe dem yuu ba yaala tei to. Ba ma daare ba chɔge ni-gwonim delo nmo déem na ke dedaane kaanem tiina de Levi tiina bam to.
30Amo déem kwɛ nɔɔna bam mo, pa se ba pwɛ ba tete dedaane wo-yɔɔro dwi maama. A ta ke nia mo a tiŋi se kaanem tiina de Levi tiina bam maama taa yei ba totoŋa na ye tei to, se nɔɔn-nɔɔno yé lɛɛne wodwoŋi totoŋa. 31Amo ma pa se nɔɔna jaane dɛ ba tui ba tiŋi Wɛ diga kam wone, nenɛɛne maŋa kam ná yeini ka yi se ba ke konto. A ta ma pa se ba jaane da-yiga wodiiru telo na bege to ba tui ba ke da.
Amo Tu Wɛ, nam guli amo gula, se n ke-ne lanyerane.",https://www.bible.com/bible/3661/NEH.13.KBG
ƐSETA 1,"Ka-pɛ Vasiti gɛ o paare
1Wonnu tento maama déem ke te maŋe de Pɛ Zeregese na di paare to mo. Pɛ wom konto laŋa kam pɔɔre kuni bi de finlei-berepɛ (127) mo, ka zege India ne se ka yi Etiopia. 2Ka te-fɔrɔ kom maa ye Susa, pɛ wom na di o paare dem ko dam jei sem ne to. 3O paare dim bena yatɔ maŋa ne mo Zeregese déem ke kuri-fɔrɔ o pa o nakwa, de o teo kom naduna maama. O ta ma bwoŋi Peresia de Media jar-keira babɛ sem, dedaane dedɛɛra balo na nii o laŋa kam popɔre sem to, se ba maama da ba jeeri kuri dem ne. 4Balo o déem na bwoŋi to o kwei chane seredo mo o ma o bere o paare dem na tiini de jege nenɔŋa tei, de o sɔŋɔ kom jejegero na daga tei to. 5Konto kwaga ne mo Pɛ Zeregese ta kwei da yarepɛ o ke kuri-fɔrɔ o pa nɔɔna balo maama na zoore Susa dam jei sem wone to. O ma bwoŋi naduna de nabwona se ba maama jeeri pɛ sɔŋɔ kapworo kom ne, teeni na wora to. 6Ba déem kwɛ kapworo kom mo dedaane gare-fefale selo nyenyero na ye napwonnu de nazwon-pupwia to. Ywoa yalo ba na mɛ pe-siswollu ba ke to maa wora. Ba laam ma kwei gare-ŋon-nyenno dwi dwi ba ma vɔ gwaaro tem de lu-nyenno kwana se te lei ywoa yam yera ne. Ba ta ma kwei kandwa-nyenno dwi dwi ba ma kwɛ kapworo kom tega kam, ye ba daare ba kwei sabu-seŋa de lu-nyenno ba ma fɔge ba kwɛ yitunnu ba tiŋi jei sem ne se nɔɔna jeini te baŋa ne. 7Ba déem jege sabu-seŋa zwe na ye yera yera to mo ba nyɔ sana se wone. Pɛ wom wo-ywoŋo kom ŋwaane o déem pɛ se sana bam daga ba yi nɔɔna bam maama. 8O ma pa o tontoŋena bam ni se ba taa pae sana se ko tɔge nɔɔno maama na lage tei to.
9Pɛ Zeregese na ke tei de baara bam konto to, o kaane Vasiti de ya jege kuri mo pɛ sɔŋɔ jei sedwonna ne o ke o pae kaana bam. 10Kuri dem da yarepɛ dim dɛ ne, mo pɛ wom wo tiini ko pwoli de sa-nyɔre. O ma bwoŋi o dedɛɛra barepɛ balo na toŋe ba pa‑o to se ba ba o tei. Banto maa ye: Mehuman, de Bizefa, de Harebona, de Bigeta, de Abagata, de Zetare, ko woli de Kakase. 11O ma pa-ba ni se ba vo ba ta o kaane Vasiti we, o kwei o ka-pɛ yipuga kam o pu, se ba laam ja‑o ba ba o tei. Vasiti na ye ka-laao to ŋwaane, pɛ wom ya lage se o nakwa de o nɔɔna bam maama na we o lam tiini de gaale. 12Pɛ wom tontoŋena bam na vei de o ni dem to, Vasiti ma ve se o vo o tei. Pɛ wom bane ma tiini de zaŋe ye o ware o tete se o ja.
13Keim dem konto dwoŋi ná kea, Pɛ wom yeini o bwoŋi swa tiina balo na yei chega to, se o lɔre ba teo chullu tem na bere o na wó ke tei se lanyerane taa wora to. 14O déem ma ja taane dem o yi swa tiina balo na tiini ba me ded‑o to. Karesena mo konto, de Sefare, de Ademata, de Tarasisi, de Meresi, de Masena, dedaane Memukan. Nɔɔna barepɛ bam konto déem mo ye naduna Peresia dedaane Media laŋa kam ne ba dwoi nɔɔna maama.
15O ma bwei-ba o we, “Amo toŋe a bwoŋi ka-pɛ Vasiti mo ye o ve se o ba. Dé teo chullu tem nam bere se a ke‑o tetɛ mo?”
16Memukan ma leiri Pɛ wom o we, “Ka-pɛ Vasiti na ke o chɔge tei to, o wo ke o ma o twe Pɛ wom yerane. Ko ye debam balo na ye nmo nakwa bam to mo o gwooni, ko woli de balo maama na zoore nmo paare jei sem ni maama ne to. 17O keim dem ná to kaana bam maama zwa ne, ba de daa bá taa nege ba banna ye ba wó ta de-ba we, ‘Pɛ Zeregese tete toŋe o bwoŋi o kaane Vasiti mo ye o ve se o vo o tei.’ 18Zem tento, Peresia tiina dedaane Media tiina nakwa bam kaana nigi Vasiti keim dem ŋwa. Ba maa wó bobo se ba taa leiri ba banna yɔɔ yerane. Banegero maa na wó gaale to, ba banna bam bane wó taa zaŋe de-ba mo.
19Pɛ, nmo wo ná dɛ tento, se n pa ni we n daa‑n ba lage se Vasiti yi n yera maŋa de maŋa, se ba daare ba popone-de ba tiŋi Peresia de Media chullu twanno tem ne, se ko yé taa ye kolo na wó leiri maŋa de maŋa to. N ma‑n ta wó ta se wolo na gare‑o to leiri wonto yuu ne o ji nmo ka-pɛ. 20Nmo ni dento ná lwoori yiga de yi nmo paare laŋa kam ni maama, kaane maama laam wó lɔre se o taa nege o baro, de kotu ná ye nadum naa nabwom de.”
21Pɛ Zeregese dedaane o nakwa bam maama wo déem ma pwoli dedaane Memukan taane dem, ye o ke se ko tɔge taane dem na bere tei to. 22O ma popone twanno o toŋe o pa teene delo maama na wo wonto dam kuri ne to se te bere o ni we, baaro maama taa jege dam o di o diga tiina baŋa ne. Teo maama tɔnɔ kom popone de ba dwi taane, nenɛɛne ba na yeini ba popone-de tei to.",https://www.bible.com/bible/3661/EST.1.KBG
ƐSETA 2,"Ɛseta jigi ka-pɛ
1Ko na wora ko wora to, Pɛ Zeregese bane ma to. O laam ma yɔɔre o boŋe Vasiti na ke tei, dedaane ni delo o na pɛ we, o daa yé taa ye ka-pɛ to. 2Pɛ wom nakwa balo na me ded‑o to ma bwɛ ded‑o ba we, “Nmo ná pɛ chwoŋa, dé wó pa se ba beeri bukɔ-pwoli selo na lana ye ba yeiri baara to. 3Kuri dedɛɛra n paare dim laŋa kam jei maama ne, se n pa-ba ni we ba ja bukɔ-pwoli sento ba ba Susa ne ywo-seeni. Ba maa wó pa se bukwa bam konto zo pɛ sɔŋɔ di selo ba na jege pɛ kaana ŋwaane to, se ba maŋe da. Nmo dedɛɛro Hegayi wolo na nii n kaana to wó taa nii-ba, ye o pa se ba kwei terale nuga ba kwɛ-ba se ba taa lana. 4Nmo laam ma‑n wó nii bukɔ-laaro tem konto wone, n le wolo na tiini o su n yi to se o ji ka-pɛ o leiri Vasiti yuu ne.”
Pɛ wom na maane we boboŋe dem lana to, o ma sɛ-de.
5Juu tu dedoa de déem tɔge o zoore Susa dam jei sem ne. O yere ye Modekayi mo. O maa ye Jayira bu, ye o nwoŋi Benjamin dwi dem wone. Kisi dedaane Simeyi de déem ye o nabaara mo. 6Maŋa kalo Babilon teo pɛ Nebukadeneza déem na di Judah teo pɛ Jehoyachin, ye o chwooli o de o nɔɔna o le Jerusalem ne o ja vo o tete teo to, Modekayi de déem tɔge o wo ba wone mo. 7O nam ya jege o choro yere na ye Ɛseta. Wonto Hiburu yere déem ye Hadasa mo. O nam ya ye bukɔ-pwola kalo na lana chekke to mo, ye o ya-tega de lana. Ɛseta kwo de o nu déem na tege to, mo Modekayi lɛɛre o kwei‑o o ji o tete bukɔ, o jege‑o o kɔna.
8Pɛ wom ni-doore dem ŋwaane, ba déem ma ja bukwa dedɛ ba vo Susa dam jei sem, ye Ɛseta de déem wo ba wone. Ba déem kwei o de ba ke pɛ sɔŋɔ di selo wone Hegayi na nii ba maama baŋa ne to mo. 9Ɛseta kikia ma su Hegayi yi, pa o lage o ni taane. Hegayi ma pa se ba taa mae nuga ba turi Ɛseta yera, ye o daare o pa‑o wodi-laao se o di. Hegayi ta kwei‑o o ke sɔ-fɔrɔ kom mɛ na jege zula chekke to ne mo, ye o daare o kuri pɛ sɔŋɔ ka-nyaana barepɛ se ba taa nii o baŋa ne.
10Modekayi nam ya maŋe o ta de Ɛseta se o yé pa nɔɔn-nɔɔno lɔre we o ye Juu tu, naa ba lɔre o na nwoŋi sɔŋɔ kolo wone to. 11Dɛ maama wone, Modekayi déem yeini o kare pɛ kaana di sem konkɔlɔ ni ne mo o kekara. O nam ke konto se o taa yei ko na ye tei Ɛseta yera ne to, dedaane kolo na wó yi‑o to mo.
12Bukwa bam lam kwɛɛm yeini de kwei bene mo. Ba mae Mura nuga mo ba wei ba yera yam chane seredo, se ba daa kwei terale nuga ba turi-ba chane seredo. Konto kwaga ne, ba laam wó ja ka-bwona bam mo dedoa dedoa ba zo Pɛ Zeregese tei. 13Ka-bwom wolo ná ye se o nwoŋi kaana bam di sem ne o vo pɛ tete diga kam, kotu wó wane o taa zoore gwaaro telo maama o na lage to. 14Ba nam jege se ba ja ka-bwom wom konto ba vo ba zo pɛ tei mo dedaan-ni maŋa ne. Tega maa ná poore, ba wó ja‑o ba daa vo di sedwonna sem mɛ pɛ kaana badwonna bam na zoore da to mo. Saasegaza nam mo ye dedɛɛro wolo na nii pɛ ka-bi sem konto to. Pɛ wom ná wo mɛ ka-bwom wolo yere o jwoori o bwoŋi‑o, ko bere we o yi wo su kotu. O maa daa bá jwoori pɛ tei.
15Ko ma yi se Abihali bukɔ Ɛseta de zo pɛ wom tei. Wonto ye Modekayi choro mo, ye Modekayi ya kwei‑o o ji o tete bukɔ. Nɔɔna maama maa lage Ɛseta ni taane. Ɛseta na lage o zo pɛ wom tei to, o zo gwaaro telo yerane pɛ dedɛɛro Hegayi na bere‑o se o zo to mo. O wo kwei kolokolo o woli da. 16Ko ye Zeregese paare dim bena yarepɛ bene dem wone chane fuga kam ne, mo ba déem jaane Ɛseta ba zo pɛ-sɔŋɔ kom ne se o zo Pɛ Zeregese tei. Chana kam konto yere ye ‘Tebefa’ chana mo. 17Pɛ wom boboŋa maa tɔge Ɛseta se ko dwoni ka-bwona babam bam de o kaana bam maama. Ɛseta keim de ma su pɛ wom yi, ye pɛ wom ke‑o zaane. O ma kwei ka-pɛ yipuga kam mo o pu o yuu ne, se o taa ye ka-pɛ o leiri Vasiti yuu ne. 18Ko kwaga ne mo pɛ wom dɛ Ɛseta ŋwaane o ke kuri-fɔrɔ. O ma bwoŋi o teo nakwa, de o dedɛɛra maama se ba jeeri ba di kuri dem. O ta ma pa ni we de dɛ dem ye kuri siu dɛ mo, ye o daare o kwei pɛɛra na maŋe de pɛ to o pa o nɔɔna bam.
Modekayi chege pɛ wom toone
19Ka-bwona bam daa na jeeri daane to, dedaane Modekayi yeini o jei pɛ-sɔŋɔ ni ne o toŋe o pa pɛ wom mo. 20Ko daare, Ɛseta wo pɛ se nɔɔn-nɔɔno lɔre sɔŋɔ kolo o na nwoŋi to naa ba lɔre we o ye Juu tu, ne Modekayi na maŋe o bere‑o se o seigi o dwi dem tei to mo. O na sɛ o ni dem konto to tɔge o déem na maŋe o ke tei ye Modekayi kɔne‑o to mo.
21Modekayi déem na wo pɛ sɔŋɔ kom ni ne o toŋe o totoŋa to, mo dɛ dedwe Bigetana, de Terese bwɛ se ba go pɛ wom, ba na done‑o to ŋwaane. Ba maa ye pɛ sɔŋɔ dedɛɛra balo na yere o di sem to mo. 22Modekayi ma ni ko ŋwa ye o vo o ta de Ɛseta. Wonto de ma pa se pɛ wom lɔre Modekayi na tage kolo o bere‑o to. 23Ba ma toŋe nɔɔna se ba yɛ taane dem wone ye ba daare ba maane we ko ye chega mo. Ba ma kuuni nɔɔna balei bam konto de ŋone ba go. Pɛ wom ma pa se ba popone keina yam konto ba tiŋi ba teo pwa yera seina twanno tem wone.",https://www.bible.com/bible/3661/EST.2.KBG
ƐSETA 3,"Haman boŋe se o ti Juu tiina bam
1Ko na ke fee to, mo Pɛ Zeregese zeiŋi Haman se o ji wolo na saŋe pɛ kwaga o taa nii teo kom to. Haman nam ye Hamedata bu mo, ye o nwoŋi Agagi dwi dem wone. 2Pɛ wom ma pa o dedɛɛra balo na toŋe o sɔŋɔ kom ne to maama ni se ba tiiri tega ne ba ma zuli Haman. Ba maama ma sɛ ba ke konto, ye Modekayi yerane ve se o tiiri o zuli‑o. 3Pɛ dedɛɛra badwonna bam maa yeini ba bwei‑o ba we, “Bɛŋwaane mo n ve pɛ wom ni dem?” 4Dɛ maama wone, ba maa jege‑o ba nyenyɔna se o de sɛ o tiiri, ye o ba sɛa. O laam ma ta o bere-ba o we, o ye Juu tu mo, ko nam wo maŋe se o tiiri konto dwoŋi. Ba ma vo ba ta o taane dem de Haman, se ba lɔre wonto wó ja keim dem tetɛ. 5Haman na lɔre we Modekayi ve se o tiiri o pa‑o to, mo o bane zaŋe. 6O ta na lɔre we Modekayi ye Juu tu to, o ma jeeli we o ná go Modekayi yerane, ko bá zuri o bane. O ma ke o boboŋa ne se o chɔge Juu tiina balo maama na zoore Pɛ Zeregese paare dim laŋa kam ne to.
7Pɛ Zeregese paare dim bena fuga-yalei bene dem wone, de boboa chana kam, ka yere na ye Nisan to wone mo Haman pɛ se ba ta jɔrɔ se o lɔre chana kalo de dɛ delo chekke o na wó wane o ke o boboŋa yam to. Jɔrɔ kom yere mo ‘Pura’. Ko ma le chane fuga-selei chana kam ka yere na ye Adare to mo. 8Haman na lɔre konto to, o laam ma yi pɛ wom tei ye o we, “Nɔɔna badwonna mo jage ba yi nmo paare dim laŋa kam ni maama. Ba dwi dem zoore kateira maama ne mo. Ba chullu nam ye te yera mo de nɔɔna maama chullu. Ko kwaga ne, ba ba tɔge nia yalo debam na pɛ dé teo nɔɔna bam se ba taa tɔge to. Konto ŋwaane, yé sɛ se debam de-ba taa zoore daane. 9Pɛ, nmo nam ná sɛ a boboŋe dem, se n pa ni we ba jege se ba te mo. Konto ná kea, amo wó kwei lu-nyenno dunni na wó yi kilo morro bia yatɔ de finna (340,000) to a pa balo na nii teo kom totoŋa baŋa ne to, se ba tiŋi-te nmo paare dem ŋwaane.”
10Pɛ wom ma sɛ ye o daare o le o jeŋa jafole delo na bere o dam to, o pa Haman. Wonto maa ye Agagi tu Hamedata bu ye o chuli Juu tiina bam. 11Pɛ wom ma ta de Haman o we, “Ta‑n jege n sabu kom. Nɔɔna bam de nam wo n jeŋa ne, se n ke-ba n na lage tei to.”
12Ko ma pa se Haman bwoŋi pɛ wom tɔn-poponna, ye o pa ba popone twanno pɛ wom yere ŋwaane. O ta pɛ se ba popone o ni dem de teo maama dwi taane, nenɛɛne ba na yeini ba popone-de tei to. O laam ma kwei Pɛ Zeregese jafole dem o nye te baŋa ne, ye o we ba ja-te ba vo o paare laŋa kam ni maama ne ba pa pɛ wom yiga tiina, de kateira yam dedɛɛra, de dwi tiina maama nakwa. Haman déem ke konto boboa chana kam da fuga-yatɔ dɛ dem ne mo. 13Balo na ye se ba pa taane dem jage to ma ja ni dem konto ba vo Pɛ Zeregese paare dim laŋa kateira yam maama ne. Ni dem bere we chwoŋa tiga se chane fuga-selei chana kam, ka yere na ye Adare to, da fuga-yatɔ dɛ ne, se ba chɔge Juu tiina maama ba ti dɛ dedwe wone. Ko ná ye ba nɔn-donno, naa nɔn-kwe, naa kaana, naa bu-somwa de, se ba go ba maama, ye ba daare ba vere ba jejegero ba ja ba viiri. 14Ba déem ma pa se kateiri de kateiri maama taa jege de tɔnɔ, se nɔɔna maama wane ba lɔre ni dem jaja, ye ba daare ba ti yiga se dɛ dem laam yi.
15Pɛ wom ni dem ma pa se balo na pae taane dem jage to duri lela ba vo ba yi jei maama. Ba ta ma tɔɔle taane dem Susa dam jei sem wone. Pɛ wom dedaane Haman maa jei ba jege sana ba nyɔa. Susa teo kom nɔɔna maama boboŋa nam vugimi.",https://www.bible.com/bible/3661/EST.3.KBG
ƐSETA 4,"Modekayi beeri wolim Ɛseta tei ne
1Modekayi na maane kolo maama na ke to, o ma kaare o gwaaro, o wo na chɔge to ŋwaane. O ma zo gare-nyenyaaro, ye o daare o puki o yuu maama dedaane tentwarem. O ma nwoŋi o kare teo kom maama wone o via ye o laare de kwor-dɛa baŋa baŋa. 2O ke konto mo o vo o yi Pɛ sɔŋɔ manchwoŋo ni dem, ye o wo zo pɛ sɔŋɔ kom wone, ko na chula se nɔɔna zo gare-nyenyaaro ba zo dáane to ŋwaane. 3Pɛ wom ni dem na yi mɛ de mɛ o paare laŋa kateira yam maama wone to, Juu tiina bam yɔɔre ba laare bugi-bugi mo. Ba maa vɔ ni, ye ba keera, ye ba ta chwoosa. Ba dedɛ ma zo gare-nyenyaaro, ye ba daare ba jei tentwarem wone.
4Ka-nyaana dedaane tontoŋena balo na nii Ɛseta to ma na Modekayi na ke kolo to, ye ba ta ba bere Ɛseta. Ko ma tiini ko daane‑o. O ma toŋe gwaaro o pa Modekayi se o leiri o gare-nyenyaaro tem se o daare o zo-te. O maa wo sɛ. 5Tontoŋena balo pɛ wom na le se ba taa nii Ɛseta to dedoa yere ye Hatake mo. Ɛseta laam ma toŋe‑o Modekayi tei ne se o bwei o lɔre kolo na daane‑o to. 6Hatake ma nwoŋi o vo Modekayi tei, ye o wo teo kom kapworo kom ne, ko na jeeri de pɛ sɔŋɔ manchwoŋo to. 7Modekayi de ma ta o bere‑o kolo maama na yi‑o to, dedaane Haman na gwoni ni se o tiŋi sabu-fɔrɔ teo kom kwɛɛm ŋwaane, ne o ná nɛ chwoŋa se o pa Juu tiina maama na chɔgem. 8O laam ma daare o kwei tɔnɔ kolo na pɛ nɔɔna ni se ba chɔge Juu tiina bam ye ba tɔɔle ko taane Susa ne to o bere Hatake. O ma kwei ko dwoŋi o pa‑o se o ja o vo o pa Ɛseta. O ta tage‑o mo se o maŋe tɔnɔ kom wo wonnu tem o bere Ɛseta, se o daare o ta‑o we, o véi pɛ wom tei o lwoori‑o se o duri Juu tiina bam yibwona.
9Hatake ma seene o vo Ɛseta tei o bere‑o kolo Modekayi na tage to. 10Ɛseta ma leiri‑o o we:
“Nam véi n ta de Modekayi we, 11ko zege pɛ nakwa ne, se ko yi nɔn-bia bam na wo kateira yam maama wone to, nɔɔno maama yei we chwoŋa tera se nɔɔno zo pɛ wom tei ye o wo bwoŋi‑o. Ba ta yei we wolo ná zo da ye pɛ wo bwoŋi‑o, ba jege se ba go konto tu mo. Debam teo kom wadaa mo konto. Ko nam ye pɛ ná zeiŋi o sabu-seŋa nacheiga kam o jeeri kotu, mo ba bá go‑o. Chana mo tento nam, pɛ na wo toŋe o bwoŋi-ne.”
12Modekayi na nigi Ɛseta kwora kam to, 13o ma toŋe o ta‑o o we:
“Yé ta‑n boŋe we, n na wo pɛ sɔŋɔ kom wone to ŋwaane, nmo yerane wó ta‑n ye Juu tu se n lu. 14Nmo ná maŋe da chemm maŋa kanto, nam lɔre se wolim wó nwoŋi jei sedwonna ne de ba Juu tiina bam ŋwaane, se ba na verem. Nmo nam wó te, ye n kwo sɔŋɔ kom de ti. Dé nam yeiri dé tia. Dɛ dedwoŋi ne ko zege ko ye maŋa kanto kikia yam ŋwaane mo n tu n ji ka-pɛ!”
15Ɛseta laam ma leiri Modekayi o we:
16“Véi n la Juu tiina bam maama na wo Susa ne to n ke daane. Vɔ-na ni se á lwoori Wɛ á pa-ne. Yé di-na wodiu, nam yé nyɔ-na na da yatɔ, wea dedaane tete maama. Amo de a ka-nyaana bam de wó ke konto. Dé ná ti, amo laam wó zo pɛ wom tei, de ko na maŋe ko chula to de. Ko ná ye se a te ko ŋwaane, a sɛ se a te!”
17Modekayi laam ma viiri o vo o ke kolo maama Ɛseta na bere se o ke to.",https://www.bible.com/bible/3661/EST.4.KBG
ƐSETA 5,"Ɛseta na vei pɛ wom tei ye o ta kolo to
1Ɛseta ni-vɔre dem da yatɔ dɛ dem ne, mo o zo o paare gwaaro tem o laam vo o zo pɛ sɔŋɔ konkɔlɔ kom ne o zege da. Jei sem konto jeeri de paare diga kam. Pɛ Zeregese déem jei o paare yituŋu kom baŋa ne mo o nii diga kam ni dem seeni. 2O ma na we Ɛseta zege konkɔlɔ kom ne. O wo ma pwoli ded‑o ye o tei o sabu-seŋa nacheiga kam o jeeri‑o se o ma zaane‑o. O de ma fɔɔre o yi o tei, ye o dwei ka nabili dem seeni. 3Pɛ wom ma bwei‑o o we, “Ɛseta, bɛ mo daane‑m? Ta n bere-ne kolo n na lage to, se ko ná maŋe ko ye a paare dim laŋa kam chichworo de, amo wó kwei-ka a pa‑m.” 4Ɛseta ma leiri‑o o we, “Pɛ, laŋa ná daare, se nmo dedaane Haman ba amo tei zem se dé di daane. A lage a vo a ti wodi-fɔrɔ yiga abam ŋwaane mo.”
5Pɛ wom ma pa ni se ba ke lela ba bwoŋi Haman se ba vo Ɛseta tei ba di, ne o na tage tei to. Ba ma seene ba vo. 6Ba na di ba ti ye ba nyɔ sana to, pɛ wom ma bwei Ɛseta o we, “Ta n bere-ne n na lage se a ke kolo to, se amo wó ke a pa‑m, ko ná maŋe ko ye a laŋa kam chichworo de.”
7Ɛseta ma leiri‑o o we, “Pɛ, amo na wó lwoori kolo nmo tei ne to mo tento: 8Nmo yi ná sui a kikia yam ye n wo ná dɛ se n ke kolo a na lage to, se nmo de Haman jwa daa jwoori ywo-seeni. Amo ta wó ke wodi-fɔrɔ se abam ba á di. Kanto maŋa ne, a laam wó ta kolo a na lage to a bere‑m.”
Haman bane zaŋe de Modekayi
9Dɛ dem konto ne, Haman na nwoŋi ka-pɛ Ɛseta tei ye o maa viiri to, o wo yɔɔre ko tiini ko pwoli mo. Ko daare, o na nwoŋi pɛ sɔŋɔ manchwoŋo kom ni ne o maa kɛ to, mo o nɛ Modekayi. Wonto maa wo zaŋe wɛɛne, o nam wo kɔre foone de Haman. Konto ŋwaane Haman bane tiini de zaŋe o baŋa ne. 10De ko de, o déem peene o bane mo ye o viiri. O na yi sɔŋɔ to, o ma bwoŋi o badwonna se ba ba o sɔŋɔ, ye o bwoŋi o kaane Zerese o woli da. 11O laam ma ŋɔɔne o bere o tete de o jejegero, de o bu-baara na daga tei, de pɛ na zeiŋi wonto se o saŋe o kwaga pa se teo kom nakwa de naduna maama jege se ba taa kɔre‑o tei to. 12Haman laam ma ta o woli da o we, “Kolo na tiini ko dwoi maama to mo ye ka-pɛ Ɛseta na ke wodi-fɔrɔ se pɛ wom ba o di to, amo yerane mo o bwoŋi se a da a vo. O daa ma ta o we dé ta jwoori jwa ne se dé daa di daane. 13Amo nam ná nɛ tento maama, ye a jwoori a na Juu tu Modekayi na jei pɛ sɔŋɔ manchwoŋo ni ne tei to, tento maama ye kafɛ mo.”
14O kaane Zerese de o badwonna bam maama maa bwɛ ded‑o ba we, “Ko nam ná ye konto, pa se ba chwi da-kwollu na dɔra te yi jatwogo de noa ni maŋem kuni finnu to. Laam lei ŋone te yera ne se jwa tetete, n vo pɛ tei n jwoŋi chwoŋa se n kuuni Modekayi te baŋa ne n go. Ko kwaga ne, n laam wó tɔge de pɛ wom n vo n di dedaane wopwolo.”
Haman ma kwei ba boboŋe dem o ke o yuu ne, ye o pa se ba chwi da-kwoli-dedwaaro se ba wane ba kuuni Modekayi te baŋa ne.",https://www.bible.com/bible/3661/EST.5.KBG
ƐSETA 6,"Pɛ wom pɛ se ba zuli Modekayi
1Tete dem konto ne, dɔɔm ba tui pɛ wom yia ne. O ma pa ni se ba ja ba teo pwa yera seina twanno tem ba na yeini ba popone o paare dim kikia ba tiŋi da to ba ja ba ba ba ga se o cheigi. 2Ba na jege tɔnɔ kom ba gare to, ba ma vo ba di mɛ ko na popone we Bigetana de Terese ya boŋe se ba go pɛ wom to baŋa. Banto déem ye pɛ sɔŋɔ dedɛɛra balo na yere o di sem to, ye Modekayi pa se pɛ wom lɔre ba bana yam ni ne.
3Pɛ wom ma bwei o tontoŋena bam o we, “Modekayi na ke keim-laao konto to, dé zuli‑o tetɛ seeni mo ko ŋwaane?” Ba ma leiri ba we, “Ba wo ke kolokolo ba pa‑o.” 4Pɛ Zeregese daa ma bwei-ba o we, “Amo nakwa bam wone wɔ mo wo ywo-seeni?”
Ko yɔɔre ko ke ko maŋe dedaane Haman yi pɛ sɔŋɔ manchwoŋo kom. O déem ya tu pɛ wom tei se o lwoori chwoŋa mo se ba kuuni Modekayi de ŋone selo o na leigi da-kwollu tem yera ne to. 5Pɛ tontoŋena bam ma leiri ba we, “Haman wo konkɔlɔ kom ne, ye o beeri chwoŋa se o na‑m.” Pɛ wom ma ta o we, “Pa-na chwoŋa se o zo amo tei ne.”
6Haman na zo pɛ wom tei to, mo Zeregese bwei‑o o we, “Amo boŋe se a ke zula mo a pa nɔɔno wodwoŋi, a yi na su o kikia to ŋwaane. Nmo boŋe tɛ mo se a ke a pa konto tu?”
Haman ma boŋe o tete ne we, “Wɔ mo pɛ daa wó taa lage se o ke‑o zula ko ná dae amo yerane?” 7O ma leiri pɛ wom o we, “Pɛ. Nmo yi ná su nɔɔno kikia ye n boŋe se n ke‑o zula, 8se n pa ba kwei n paare gwaaro telo n tete na zoore to, se ba daare ba ja nmo paare sisein-nɔɔno wom ba ba, ye paare yipuga wo ka yuu ne. 9Nmo laam ma‑n beeri n nakwa bam dedoa na ye nɔn-yuu chekke to, se o kwei gwaaro tem konto o zo nɔɔno wom ye o daare o pa se wolo n na lage n ke‑o zula to dɔge n sisein-nɔɔno wom baŋa ne. O maa wó taa jege kotu o kaare teo kom pwooni ne o tɔɔle o we, ‘Nii-na! Pɛ ná boŋe se o ke nɔɔno zula, o wó ke tento mo o pa kotu.’ ”
10Pɛ wom ma ta Haman o we, “Nmo taane dem lana. Nam ke lela n ti a gwaaro tem yiga dedaane a sisein-nɔɔno wom yiga, se n tete ke n na bere tei maama to se dé ma dé zuli Modekayi na ye Juu tu ye o jei pɛ sɔŋɔ manchwoŋo ni ne to. Yé swei se n ke kolo maama n na tage to n pa‑o!”
11Haman ma vo o jwoŋi paare nenɔŋa gwaaro tem dedaane sisein-nɔɔno wom. O ma pa se Modekayi zo gwaaro tem. Modekayi na diini siseiŋa kam baŋa ne to, Haman laam maa tɔge o yiga o jege‑o o beeri o kaare teo kom pwooni maama. O na vei to, o maa tɔɔle o we, “Nii-na! Pɛ ná boŋe se o ke nɔɔno zula, o wó ke tento mo o pa kotu.”
12Ba na kaare teo kom ba ti to, Modekayi ma jwoori o vo o wo pɛ sɔŋɔ manchwoŋo ni ne o toŋa. Haman ma gwoori o tiri ye o ke lela o jwoori sɔŋɔ de chaveera. 13O ma ta o bere o kaane Zerese de o badwonna maama kolo na yi‑o to. O kaane de o badwonna balo na jege swa to ma ta‑o ba we, “Nmo wo maane we n bobo se n ta‑n toe n pae Modekayi mo na? O ye Juu tu mo, ye n ware‑o. O nam wó de‑m tega ne.”
14Ba ya daa ta wo ba lara yam wone mo, ye pɛ sɔŋɔ dedɛɛra bam ba se ba ja Haman ba ke lela ba vo se o di wodi-fɔrɔ kolo Ɛseta na ke to.",https://www.bible.com/bible/3661/EST.6.KBG
ƐSETA 7,"Haman na to tei to
1Pɛ Zeregese de Haman ma vo ba zo ka-pɛ Ɛseta tei ne se ba di daane. 2Ba na di ded‑o belei tu baŋa ne ba ti ye ba nyɔ sana to, mo pɛ wom daa bwei Ɛseta o we, “Laam ta n bere-ne n ya na lage se a ke kolo to, se amo wó ke a pa‑m, ko ná maŋe ko ye a paare laŋa kam chichworo de.”
3Ɛseta ma leiri o we, “Pɛ, a keim ná sui n yi, ye ko ná pwoli n wo, se n ke a na wó bwei‑m kolo to n pa-ne. Ko ye se n jwoŋi amo ŋwea se n daare n yage a dwi tiina bam maama se ba taa ŋwe. 4Ko na ye tei to, ba maŋe ba yeigi amo de a dwi tiina bam mo se dé maama na chɔgem dé ti. Ko ya ná ye ba lage se dé ji kabɛ mo, amo ya wó taa chem mo, ko na wo yi se a daane‑m to ŋwaane. Ba boboŋe dem nam ye se debam dwi dem jei tega baŋa ne lela!”
5Pɛ Zeregese ma bwei ka-pɛ wom o we, “Wɔ mo boŋe se o ke wo-balɔrɔ kom konto? O wo yei ne mo?” 6Ɛseta ma leiri o we, “Debam dono wom, o na beeri dé toone to mo ye nɔn-balɔrɔ konto, Haman.”
Haman ma lɛɛre o jei o nii pɛ wom de ka-pɛ wom ferebaa, ye foone tiini de zo‑o. 7Pɛ wom ma zaŋe wɛɛne de bane o nwoŋi pwooni ye o yage sana bam nyɔɔm. O ma vo o zege pɛ sɔŋɔ kapworo ne mɛ teeni na wora to. Haman ma maane we pɛ wom boboŋa jaane se o waare‑o o kikia yam ŋwaane. O ma maŋe diga kam ne se o lwoori Ɛseta se o ja pɛ wom naga se o yé te. 8O ma yɔɔre o vo o to gadwogo kolo ne Ɛseta na tigi da to se o lwoori‑o, de pɛ wom de zege pɛ sɔŋɔ kapworo kom ne o zo diga kam. Pɛ wom na nɛ konto to, mo o we, “Nɔɔno wonto laam boŋe se o zi ka-pɛ wom mo a tete sɔŋɔ ne na?”
O taane dem maŋe de wo to tega ne dedaane pɛ sɔŋɔ tontoŋena na tu ba kwoli Haman yibia. 9Pɛ tontoŋena bam dedoa o yere na ye Harebona to ma ta o we, “Haman maŋe o chwi da-kwollu mo o sɔŋɔ ne, te na dɔra te yi jatwogo de noa ni maŋem kuni finnu to, ye o lei ŋone se yera ne se o ma kuuni Modekayi o go. Wonto déem nam mo ye wolo na jwoŋi nmo o yage to.”
Pɛ wom ma pa ni ye o we, “Véi-na á kwei Haman á lei dáane á go.” 10Ba déem ma kwei Haman ba jwoori ba kuuni de ŋone selo o ya na leigi da-kwollu tem yera ne se o ma o kuuni Modekayi o go to. Pɛ wom wo laam ma to.",https://www.bible.com/bible/3661/EST.7.KBG
ƐSETA 8,"Ba pɛ Juu tiina chwoŋa se ba jaŋe ba jwoŋi ba ŋwea
1Dɛ dem konto ne mo Pɛ Zeregese kwei Juu tiina bam dono Haman jejegero maama o pa Ɛseta. Wonto de ma ta de pɛ wom we Modekayi ye o choro mo. Modekayi laam ma na chwoŋa se o zo pɛ wom tei. 2Pɛ wom nam ya maŋe o le o dam jafole dem mo Haman jeŋa ne. O laam ma kwei-de o ke Modekayi noa ne. Ko na zege dɛ dem konto ne to, Ɛseta ma pa se Modekayi lɛɛre o nii kolo maama Haman ya na jege to.
3Ɛseta daa ta ma zo pɛ wom tei se o lwoori‑o o dwi tiina bam ŋwaane. O déem to o pwoa ne mo ye o keera. O ma lwoori‑o se o che boboŋ-balɔrɔ kolo Agagi dwi tu Haman ya na ke se o ma o chɔge Juu tiina bam to. 4Pɛ wom ma tei o sabu-seŋa nacheiga kam o jeeri Ɛseta, ye o zaŋe wɛɛne o fɔɔre o yi pɛ wom tei. 5Ɛseta daa maa we, “Pɛ, nmo wo ná dɛa, ye ko maŋe dede‑m, nmo yi maa ná sui a kikia yam ye n yiga ná wo amo wone, se n pa kwora kalo na wó che Haman ni dem se de daa yé toŋe. Ko ye ni delo Agagi dwi tu Hamedeta bu Haman na pɛ we ba chɔge Juu tiina bam nmo paare dim laŋa kam jei maama ne to taane mo a tɛa. 6Amo nam bá wane a yage se lɛɛro tento ba a dwi tiina bam baŋa. A bá wane a peene a tete ye ba jege a tete chorro ba goe.”
7Pɛ Zeregese ma ta de ka-pɛ Ɛseta de Juu tu Modekayi o we, “Nii-na amo na ke tei Juu tiina bam ŋwaane. A pɛ se ba kuuni Haman mo de o na boŋe lwarem se o ti Juu tiina bam to, a ta ma kwei o jejegero tem a pa Ɛseta. 8Amo nam wó pa abam chwoŋa se á kwei amo yere á popone á na lage kolo maama to á ke twanno wone se ko woli Juu tiina bam ba cham wone. Á ná popone taane dem á ti, se á kwei a dam jafole dem á ma nye twanno tem baŋa ne. Ko nam ná ye ni delo ba na kwei pɛ yere ba popone-de, ye ba daare ba ma o jafole dem ba nye tɔnɔ kom to, dento bá wane de kwane.”
9Ba déem ma bwoŋi pɛ wom tɔn-poponna bam se ba ba. Modekayi ma ta kolo ba na wó popone to, se o kwei o ni dem o pa Juu tiina bam, de pɛ wom yiga tiina, de dedɛɛra, de nakwa balo na wo kateira bi de finlei-barepɛ (127) yam maama wone to, se ko zege India ne se ko yi Etiopia. Ko maa ye chane setɔ chana kam da finlei-yatɔ dɛ ne mo tento maama kea. Chane kam yere mo ‘Sivan’. Ba déem popone twanno tem de teo maama dwi taane, nenɛɛne ba na yeini ba popone-de tei to mo. Juu tiina bam de ma jwoŋi ba twanno de ba tete taane, dedaane ba poponem na ye tei to. 10Modekayi déem mɛ Pɛ Zeregese yere mo o popone twanno tem, ye o daare o kwei pɛ dam jafole dem o nye te baŋa ne. O ma daare o kwei-te o pa pɛ tontoŋena balo na diini pɛ wom tete sisein-nɔɔna balo na wae ba duri lela to.
11Twanno tem déem bere pɛ wom ni we Juu tiina na zoore teo kolo maama wone to jege chwoŋa se ba la daane se ba jaŋe ba jwoŋi ba tete ba yage. Ko ta we, jar-keira ná nwoŋi dwi delo maama wone, naa teo kolo maama wone, ye ba kwaare jara de Juu tiina bam, banto wó wane ba chɔge balo maama na done-ba to ba ti, ko ná maŋe ko ye ba kaana de ba bia de. Ba ta wó wane ba kwei ba dona bam jejegero ba taa tei. 12Dɛ dem Juu tiina bam na jege chwoŋa se ba jaŋe ba jwoŋi ba tete Pɛ Zeregese paare dim laŋa kam maama wone konto to maa ye chane fuga-selei chana kam, ka yere na ye Adare to, da fuga-yatɔ dɛ dem ne. 13Ba déem pɛ se kateiri de kateiri maama taa jege de tɔnɔ kom, se dwi maama tiina wane ba lɔre ni dem jaja. Ba ke se de dɛ dem ná yia, se Juu tiina bam ti yiga se ba jaŋe de ba dona mo. 14Pɛ wom ni dem ma pa se o sisein-dira bam duri lela ba ja twanno tem ba vo ba yi jei maama. Ba ta ma tɔɔle taane dem Susa dam jei sem wone.
15Modekayi ma nwoŋi pɛ sɔŋɔ kom ne o maa viira, de o zo paare gwaaro mo telo nyenyero na ye napwonnu de nazwon-pupwia to. O ta ma daŋe gare-fefala kalo nyenyego na ye nasoŋ-pupwia to o ke da, ye sabu-seŋa yipuga wo o yuu ne. Susa teo kom dam jei sem laam ma su dedaane sɔɔ, nɔɔna bam na jege wopwolo to ŋwaane. 16Juu tiina bam wo déem ma pwoli de kolo maama na ke to. Nɔɔna maama ma pa-ba zula jei maama ne. 17Ba déem na tɔɔle pɛ wom ni dem teo maama de kateira maama wone to, ko pɛ se Juu tiina bam ke kuri mo ba di wodiiru, ye ba kwɛɛre, ba na tiini ba jege wopwolo to ŋwaane. Dwi-gɛ tiina dedɛ de bere ba pipiri ba ji Juu tiina, ba na tu ba kɔre foone de Juu tiina bam to ŋwaane.",https://www.bible.com/bible/3661/EST.8.KBG
ƐSETA 9,"Juu tiina bam di dam ba dona baŋa ne
1Adare chana kam da fuga-yatɔ dɛ dem ma seene de yi. Dɛ dem konto mo pɛ wom ni dem jege se de toŋe. Juu tiina dona bam déem ya teene se ba wane-ba mo, ye banto jwoori ba wane ba dona bam ba di. 2Pɛ Zeregese paare dim laŋa kam ne Juu tiina na zoore mɛ maama to, ba ma la daane se ba jeeri balo na boŋe se ba chɔge-ba to de jara. Nɔɔn-nɔɔno maa ware se o dwoni de-ba, dwi maama tiina na kɔre foone de-ba to ŋwaane. 3Teo maama nakwa, dedaane pɛ wom dedɛɛra, de o yiga tiina, de o tontoŋena maama déem tɔge ba woli Juu tiina bam mo, ba na kɔre Modekayi to ŋwaane. 4Peresia kateira yam maama wone nɔɔna laam tu ba maane we Modekayi mo tiini o jege dam pɛ sɔŋɔ ne. O dam dem déem ke de woli da mo dɛ maama.
5Dɛ dem na yi to, Juu tiina bam déem chɔge ba dona bam ba na lage tei to. Ba ma kwei se-zɔɔro ba jeeri balo na chuli-ba to ye ba go-ba. 6Susa dam jei sem wone, ba déem go nɔɔna bia yanu. 7-10Ba ma go Hamedata bu Haman bu-baara fuga. Wonto déem ye Juu tiina bam dono mo. O bia bam mo tento: Pasandata, de Dalefon, de Asepata, de Porata, de Adalia, de Aridata, de Paramaseta, de Arisayi, de Aridayi, dedaane Vayizata. Ba ma go nɔɔna bam konto maama, ye ba laam wo vere ba jejegero.
11Dɛ dem konto ne ba ma ta ba bere pɛ wom ba na go nɔɔna balo Susa dam jei sem ne to ni na mae tei. 12O de ma guli de ka-pɛ Ɛseta o we, “Susa dam jei sem yerane wone Juu tiina bam go nɔɔna bia yanu mo, ye Haman bia fuga kam tɔge ba wo twa bam wone. Se ko ná ye kateira yadwonna yam wone, ko laam wó taa ye tetɛ mo? Nam ta n bere-ne kolo nmo daa‑n na lage se a ke to, se amo wó ke a pa‑m. Nmo wó lwoori bɛ mo amo tei ne?”
13Ɛseta ma leiri o we, “Pɛ, ko ná dɛ de n wo, se n jwa daa‑n pa Juu tiina bam chwoŋa se ba ke ba na ke tei zem tento to dwoŋi. Ta pa ni se ba kwei Haman bia bam yera ba lei da-kwoli-dedwaaro tem yera ne.”
14Pɛ wom ma pa ni Susa teo wone se ba ke tei ka-pɛ wom na tage to. Ba ma kwei Haman bia bam yera yam ba lei da-kwollu tem yera ne. 15Adare chana kam da fuga-yana dɛ dem ne Juu tiina balo na zoore Susa wone to daa ma ke daane ba go nɔɔna bia yatɔ, ye ba ta wo vere ba jejegero.
16Juu tiina balo na wo kateira yayam yam wone to de ma ke daane se ba jaŋe ba jwoŋi ba tete, ye ba wane ba dona ba di. Ba ma go ba dona morro fuserepɛ-tenu (75,000). Ba de maa wo vere ba dona bam jejegero. 17Ko déem ye Adare chana kam da fuga-yatɔ dɛ dem ne mo ba go-ba. Se ko ná ye da fuga-yana dɛ dem ne, ba sii mo de jara. Ba pɛ se de ji wopwolo dɛ mo ye ba di kuri. 18Ko daare, Juu tiina balo na zoore Susa wone to, mo pɛ se chana kam da fuga-yanu dɛ dem ye wopwolo dɛ ye ba di kuri. Kokuri to, ba mɛ da fuga-yatɔ dɛ dem de da fuga-yana dɛ dem mo ba go ba dona ye ba laam sii de jara yam. 19Konto ma pa se Juu tiina balo na zoore te-balwa wone to kwei Adare chana kam da fuga-yana dɛ dem se de ji ba wopwolo dɛ. Ko ná yeini ko yi dɛ dem konto, ba maa yeini ba ke kuri ye ba daare ba toŋe wodiiru ba pae daane.
Purim kuri dem dim
20Modekayi déem pɛ se ba popone wonnu tento maama mo ba tiŋi, ye o daare o toŋe twanno o pa Juu tiina balo na zoore Pɛ Zeregese paare dim laŋa kam jei maama ne, ba ná maŋe ba ye bwola bwola naa yiga yiga de. 21O ma ta-ba se bene maama wone, ko ná yeini ko kaare ko yi Adare chana kam da fuga-yana dɛ dem de ka da fuga-yanu dɛ dem, se ba taa ke wopwolo kuri, 22ko na ye da yam konto wone mo Juu tiina bam déem vere ba tete ba dona jeŋa ne to ŋwaane. Ko ta ye chana kalo wone ba wo-chechɔgɔ déem na pipiri ko ji wopwolo ye ba cham de ji ywoni to mo. Modekayi ma bere-ba se ba kwei da yam konto ba di kuri ye ba kwɛɛra, se ba taa ke wodiiru pɛɛra ba pa daane, ye ba ta woli yiniga tiina de pɛɛra. 23Juu tiina bam ma sɛ Modekayi ni dem ye ba pa se keim dem konto lɛɛre de ji bene maama kikia, ne ba na bobo se ba ke tei to.
24Ko na ye tei to, Agagi dwi tu Hamedata bu Haman, o ya na ye Juu tiina maama dono to, déem mo boŋe se o chɔge Juu tiina bam o ti. O ma ta jɔrɔ se o lɔre dɛ delo o na wó pa se ba dwi dem saare tega baŋa ne to. Jɔrɔ kom yere mo ‘Pura’. 25Ɛseta ma pa se pɛ wom lɔre Haman boboŋa yam ni ne. Pɛ wom na nigi to, o ma popone o ni o ke tɔnɔ wone, pa se Haman ya na boŋe se o ke Juu tiina bam lwarem delo to pipiri de jwoori o tete yuu ne. Pɛ wom ta ma pa se ba kuuni Haman de o bia da-kwollu yera ne. 26Haman ya na tage ‘Pura’ jɔrɔ kom to ŋwaane, ba laam ma lɛɛre ba jege kuri dem konto da yam ba bwoi we ‘Purim’. Juu tiina bam déem sɛ kolo Modekayi tɔnɔ kom na bere-ba se ba taa ke to se ba taa gula kolo maama na yi-ba to. 27Konto ŋwaane ba ma lɛɛre ba sɛ se da yam konto yalei taa zege ya pa-ba, se ba de ba bia, dedaane wolo maama na wó ba o woli ba wone to taa di ywoni. Ba ta ma sɛ se ba tɔge Modekayi ni dem se ba yɔɔre ba di kuri dem bene maama ne, nenɛɛne ko ná yeini ko yi ka maŋa kam. 28Juu tiina bam maama jege se ba jwa jwa taa yei da yalei yam konto ni ne, se ba di Purim kuri dem sɔŋɔ maama ne, de teo de kateiri maama wone, se ba de ba dwi dem yé swei ya ni ne se ko taa vei wuu.
29Ka-pɛ Ɛseta na ye Abihali bu to ma zege Juu tu Modekayi kwaga ne, ye o daare o popone tɔnɔ se ko pa ni delo Modekayi na popone Purim kuri dem ŋwaane to taa jege kuri. 30Ba déem ma pa se twanno yi Juu tiina balo maama na zoore Pɛ Zeregese paare dim laŋa kam kateira bi de finlei-yarepɛ (127) maama wone to. Twanno tem maa tɛ yazura de chega zegem taane mo. 31Te ta ma bere Juu tiina de ba dwi dem se ba tiŋi da yam konto ba di Purim kuri dem nenɛɛne ka maŋa ná yeini ka yi bene maama wone. Ba wó taa ke nenɛɛne Juu tu Modekayi de ka-pɛ Ɛseta na pɛ-ba ni se ba ke tei to, se ko tɔge ba na maŋe ba ke tei ye ba yeini ba vɔ ni wo-chechɔgɔ ŋwaane tei to.
32Ɛseta ni dem konto déem pɛ se Purim kuri dim chullu tem zege. Ba popone-de mo ba ke tɔnɔ wone.",https://www.bible.com/bible/3661/EST.9.KBG
ƐSETA 10,"Pɛ Zeregese dedaane Modekayi na ye nɔn-yum tei to
1Pɛ Zeregese déem fe nɔɔna balo maama na zoore o paare dim laŋa kam wone to se ba taa ŋwe lampwoo ba pa‑o, ko ná maŋe ko ye balo na zoore naneo ni yiga yiga seeni to de. 2Pɛ wom déem nam na mɛ o dam o ke wo-kamuna yalo maama to, ko woli de o déem na zeiŋi Modekayi wɛɛne pa se o di dam baŋa tei to, mo ba popone te maama ba ke Media de Peresia pwa yera seina twanno tem wone. 3Modekayi déem ye Juu tu mo. O déem nam jege dam o saŋe Pɛ Zeregese yerane kwaga mo. O maa jege yere o dwoi Juu tiina bam maama. O dwonna Juu tiina bam déem maa tiini ba nege‑o, o na toŋe o woli-ba, ye o daare o beeri ba de ba dwi dem yazura to ŋwaane.",https://www.bible.com/bible/3661/EST.10.KBG
JOB 1,"Setaana pɛ na maŋe Job tei to
1Nɔɔno déem mo wora, o yere mo Job. O maa zoore Yuzi teo kom wone. O kikia déem tɔge chwoŋa mo, ye tusim tera. O maa kɔre Wɛ, pa se o yɔɔre o cho o tete de lwarem. 2O déem jege bakeiri serepɛ de bukwa batɔ mo. 3O maa jege pei morro terepɛ (7,000), de kona morro tetɔ (3,000), de nabɛ moro (1,000), de bonɛ bia yanu (500). O ta maa jege tontoŋena dedɛ pa ba toŋe ba pa‑o. Chega to, wonto déem mo ye nadum o dwoi wɛ-puli jei sem nɔɔna maama.
4Job bakeiri sem déem yeini ba ke kuri-fɔrɔ mo ba leira ba pa daane. Ba ma yeini ba bwoŋi daane se ba maama jeeri ba di wodiu ba daare ba nyɔ sana ba dedoa sɔŋɔ ne, ye ba ta ba nakwa batɔ bam se ba de da ba jeeri. 5Job bia bam ná yeini ba di kuri ba ti, o laam wó bwoŋi-ba mo se o kwɛ-ba de chullu tem. O ma yeini o zaŋe tetete o kwei vara o ke zwɛɛm kaanem bu maama ŋwaane. Maŋa maama o yeini o ke konto dwoŋi, bɛŋwaane o yeini o boŋe o tete ne mo o we, “Dɛ delo a bia bam tusi mo ye ba lwɛ Wɛ ba bochwanno wone.”
6Dɛ dedwe mo wɛyuu nɔn-kɔgɔ kom tu ba jeeri Baŋa Wɛ yiga ne. Setaana pɛ de ma da o zo ba wone. 7Baŋa Wɛ ma bwei‑o o we, “Nmo zege yei ne mo n ba ywo?”
Setaana pɛ de ma leiri Baŋa Wɛ o we, “A yɔɔre a kare tega kam baŋa ne mo a kekara.”
8 Baŋa Wɛ daa maa we, “N nam maane n nii a tontoŋeno Job na ye tei to na? Tega baŋa nɔɔna maama wone nɔɔn-nɔɔno tera o na ye nɔn-ŋom ne wonto na ye tei to. O yɔɔre o tɔge chwoŋa mo, ye o ba jege tusim. O maa kɔre Wɛ, pa se o cho o tete de lwarem kikia.”
9Setaana pɛ ma leiri Wɛ o we, “Job nam na kɔre Wɛ tei to ye kafɛ ŋwaane mo na? 10Nmo yeini n kwoli‑o mo se kolokolo yé yi‑o. N ta kwoli o diga tiina de o jejegero maama de mo, ye n daare n pa se kolo maama o na ke to yeini ko ke lanyerane ko pa‑o. Nii o na jege vara dedɛ pa ba su teo kom ni maama tei! 11N nam ná twe n jeŋa pa se kolo maama o na jege to ti ko daare‑o, o laam wó yɔɔre o lwɛ nmo jaja.”
12 Baŋa Wɛ ma ta de Setaana pɛ o we, “Tɔ! A kwei o jeŋa woŋo maama a ke nmo dam kuri ne. Nam yé ke o tete yera yam kolokolo.”
Setaana pɛ ma yage Baŋa Wɛ tei ye o viiri.
13Dɛ dedwe mo Job bia bam maama déem jei o bakeiri-kwea kam sɔŋɔ ne ba di kuri-fɔrɔ, ye ba daare ba nyɔ sana. 14Nɔɔno ma duri o vo o yi Job tei o we, “Dé ya jege n nabɛ sem dé vare mo, ye n bonɛ sem de zege se bwola dáane se di gaao. 15Seba tiina badwonna ma pɔpɔ ba zaŋe dé baŋa ne, ye ba kale te maama ba ja ba viiri. Ba ta ma go n tontoŋena bam maama. Amo yerane mo wane a lu se a ba a ta kolo na ke to a bere‑m.”
16O ta na wora o tɛ taane dem o bere‑o to mo nɔɔno wodwoŋi de yia. O de ma ta de Job o we, “Doa mo nwoŋi wɛyuu ne ka ba ka bage n pei sem de n tontoŋena bam maama ka go. Amo yerane mo wane a lu se a ba a ta kolo na ke to a bere‑m.”
17O ta na wora o tɛ taane dem to mo nɔɔno wodwoŋi de yia. O de ma ta de Job o we, “Chaladea tiina bam jar-keira chɛ ba tete kuni betɔ mo, ye ba pɔpɔ ba zo n kona yam wone ba kale ya maama ba ja ba viiri. Ba ta ma go n tontoŋena bam maama. Amo yerane mo wane a lu se a ba a ta kolo na ke to a bere‑m.”
18O ta na wora o tɛ taane dem to mo nɔɔno wodwoŋi de yia. O de ma ta de Job o we, “N bia bam ya wo n bu-kwea kam sɔŋɔ ne mo ba di kuri-fɔrɔ, ye ba nyɔ sana. 19Vo-fɔrɔ ma pɔpɔ ko nwoŋi kagoa kam seeni ko ba de dam, ye ko mage sɔŋɔ kom sɛ sem maama pa ko to ko pane ba maama ko go. Amo yerane mo wane a lu se a ba a ta kolo na ke to a bere‑m.”
20Job na nigi konto maama to, o ma zaŋe o zege wɛɛne o ja o gɔrɔ o kaare wo-chechɔgɔ ŋwaane. O ma cheeri o yuu ye o daare o vwi o yibia tega ne o zuli Wɛ. 21O maa we:
“A na nwoŋi a nu puga ne a beene logo baŋa to, a tu bwori mo. A nam ná lage a yage logo kom, a ta wó viiri bwori mo. Baŋa Wɛ ya mo pɛ-ne a wonnu tem maama, ye o daa jwoori o jwoŋi-te. Baŋa Wɛ yere dem nam ta maŋe de tia.”
22De kolo maama na ke to de, Job wo ke wɛleere. O nam wo poone Wɛ we o tusi.",https://www.bible.com/bible/3661/JOB.1.KBG
JOB 2,"Setaana pɛ daa ta na maŋe Job tei to
1Maŋa daa ma yi se wɛyuu nɔɔna bam jeeri Baŋa Wɛ yiga ne. Setaana pɛ de ma da o zo ba wone o zege Baŋa Wɛ yiga ne. 2Baŋa Wɛ ma bwei Setaana pɛ o we, “Nmo zege yei ne mo n ba ywo?”
Setaana pɛ de ma leiri Baŋa Wɛ o we, “A yɔɔre a kare tega kam baŋa ne mo a kekara.”
3 Baŋa Wɛ daa ma ta o we, “N nam maane n nii a tontoŋeno Job na ye tei to na? Tega baŋa nɔɔna maama wone nɔɔn-nɔɔno tera o na ye nɔn-ŋom ne wonto na ye tei to. O kikia tɔge chwoŋa mo, ye o ba jege tusim. O maa kɔre Wɛ, pa se o yɔɔre o cho o tete de lwarem. Nmo nam soge-ne pa a yage chwoŋa se o na chɔgem kafɛ ŋwaane. De ko de, Job ta zege de o chega mo, ne o na maŋe o ye tei to.”
4Setaana pɛ ma leiri o we, “Nɔɔno ya-nɔna jege kuri ya pa‑o! Konto tu wó kwei o woŋo maama o dole o yage se o wane o jwoŋi o ŋwea. 5N nam ná twe n jeŋa n pa o na zonne o yera yam wone, o laam wó yɔɔre o lwɛ‑m jaja.”
6 Baŋa Wɛ ta ma ta de Setaana pɛ o we, “Tɔ! A kwei o maama a ke n dam kuri ne. Nam yé le o ŋwea kam.”
7Setaana pɛ ma yage Baŋa Wɛ tei. O ma vo o kwei ŋɔn-zana o ke Job yera yam maama ne, ko zege o napera yam ne se ko vo ko yi o yuu kom maama. 8Job maa jei tampuuri teiŋa ne wo-chechɔgɔ ŋwaane. O ma kwei kanchua o jege o zae o yera yam.
9O kaane ma yi o tei ye o bwei‑o o we, “Nmo ta zege de n chega mo na? Nam yɔɔre n lwɛ Wɛ, se n ná wó te se n te.”
10Job ma leiri‑o o we, “Ja n jworim dem n lage jei! Wɛ ná pɛ debam wo-laaro, dé bá tei je selei mo dé jwoŋi-te na? Bɛŋwaane mo o ná toŋe lɛɛro o pa debam, se dé ve?”
De Job na zo cham dem maama wone to de, o wo ke wɛleere o ni taane baŋa ne.
Job badwonna batɔ bam yera taane
11Job déem jege badwonna batɔ, ba na ye Teman tu Elifaza, de Suuhi tu Bilidad, de Naamatia tu Zofara. Ba ma ni lɛɛro telo na yi Job to ni ne. Ba ma zaŋe ba sam ne ba tɔge daane de ni dedwe se ba vo ba ŋwane ba pa Job, se ba daare ba zuri o bochare. 12Ba ta na vei ba beene o tei ye ba tole ba na‑o to, ba wo lɔre‑o lela. Ba laam ma bobo se ba laare de kwor-dɛa. Ba ma kaare ba gwaaro tem, ye ba daare ba kwei kasolo ba taare ba yuni tem, ba wo na tiini ko chɔge to ŋwaane. 13Ba ma fɔɔre ba yi o yera ba jeini tega ne, da yarepɛ wea de tete maama. Ba wolowolo wo wane se o ta taane ded‑o, ba na nɛ o na tiini o yaare to ŋwaane.",https://www.bible.com/bible/3661/JOB.2.KBG
JOB 3,"Job tɛ o yaara yam taane
1Ko na ke fee to, Job ma ga ga o puri o ni ye o poone o lora dɛ dem pompona. 2O ma ta o we,
3“A lora dɛ dem ya na jigi kafɛ,
ko gara.
Tete delo wone ba na tage we
ba loge bakeira to,
de taa ye kafɛ!
4Ko maŋe se dɛ dem konto
wea kam pipiri ka ji lim mo.
Wɛ na wo wɛyuu ne to daa yé guli
dɛ dem konto gula kɔtaa.
Pwooni de nam yé nye de wone.
5Pa se lim yɔɔre de kwoli
dɛ dem konto liira liira,
ye kunkwoŋo li tega kam maama,
pa se jei maama yɔɔre se zwori tim-tim.
6Ta pa se tete dem konto maama
taa ye yibiri yerane.
De dae se de tɔge de gwaane
bene dem da wone,
se ba yé jeeli-de chane de chane da yam wone.
7Yé sɛ se kaane daa ja puga
tete dem konto ne.
Ko dae se nɔɔna bage wopwolo sɔɔ ko wone.
8Pa balo na toŋe jira totoŋa to
sɔɔle lwarem ba yage
a lora dɛ dem baŋa ne.
Banto wae ba pa naneo wo juru
Leviatan zaŋe mo.
9Naŋɔgɔ ya ba jege se ko fuŋi
a lora dɛ dem ne,
se tega yé ba ka poore,
de tete dem ná maŋe de dáane tei maama de.
10Kokuri to, dɛ dem konto wo pɛ
se a nu puga kam kwaale-ne
ka yage da.
Konto ya wó pa se a yé taa nii
a nae cham dento.
11Bɛŋwaane mo ye a wo tege
a lora maŋa ne,
se a ya yɔɔre a maŋe jana wone?
12Bɛ mo kea ye a nu tei o jwoŋi-ne
o tiŋi o nɛ baŋa ne,
ye o daare o ja yele o ke a ni ne
se a taa ŋɔga?
13A ya ná tega a lora maŋa ne mo tento,
a zem ya ba tigi churu ne a sii na?
14Amo ya wó taa jei de tega baŋa pwa de ba nakwa mo.
Banto ya lɔge sɔ-fwaaro
ye te laam ba te chɔge.
15Tento a ya tigi a sii de naduna
balo sabu-seŋa déem na daga
ye ba sam dem de su
de lu-nyenno wonnu dedɛ to mo.
16Ko déem ná ke ne ba loge-ne
ba de bu-too mo, ko gara.
Ba ya wó suli-ne tega ne,
ne bu-seseŋa kalo na wo nɛ
logo pwooni to dwoŋi.
17Churu ne, puseŋ-nyena yeini
ba sii de ba lwia yam.
Balo yera ya na chɛ to
de laam sii mo falalala.
18Peena tete de jei daane
de bochare-zuru mo,
balo ya na fe-ba to daa na ba bage-ba to ŋwaane.
19Nɔɔna maama wo dáane mo,
nabwona de naduna.
Kabɛ de yɔɔre se tei se tete mo
jei sem konto ne.
20Ko ná ye wolo cham na jege‑o to,
bɛ mo ye Wɛ yeini o pa kotu na wea pwooni?
Bɛŋwaane mo Wɛ pae balo teena na ti to daa taa ŋwe?
21Nɔɔna banto dwoŋi yɔɔre ba chare toone mo se de ba de ja-ba,
ye de ve se de ba.
Ba ma kwaane ba beeri toone ba ga,
ne nɔɔno na wó ko bɔɔne
o beeri jejegero na seigi tega ne tei to.
22Ba ŋwea nam ná tu ka ti
pa se ba suli-ba tega kuri ne,
ba laam wó di ywoni lanyerane mo.
23Ko ná ye nɔɔno wolo Wɛ na chege o chwoŋa
pa se o yeiri o na wó vo mɛ to,
bɛ mo ye Wɛ pa se kotu daa taa jege ŋwea?
24Sisigim mo leiri a ni-wodiu yuu ne.
A ta yɔɔre a suuri mo,
ne na na chuuri ba nwoŋa
a ni ne tei to.
25Amo ya na kɔre we kolo wó yi-ne to mo tu amo baŋa.
A maa na jege lwia de woŋo kolo to mo yɔɔre ko yi-ne.
26A bere a ba nae a tete.
A wo de nam ba tiga.
A bá wane a sii.
Lwia yerane mo yɔɔre ya jege-ne taa.”",https://www.bible.com/bible/3661/JOB.3.KBG
JOB 4,"Elifaza na bobo o ta kolo to
1Teman tu Elifaza ma leiri Job o we:
2“Nɔɔno ná tage taane dede‑m,
n bá‑n zuri n yera na?
Amo nam daa ware se a taa ye chemm.
3Jeeli n nii nmo daama na bere nɔɔna dedɛ tei to.
N ta pɛ se balo vɔna na pare to na dam.
4N ni taane woli balo ya na saare ba toe to mo,
pa ba jwoori ba zege deiki.
Balo nagwola na tege to de ma na baare.
5Cham laam na yi nmo tete baŋa to,
n dɛ ko baŋa ne mo ye n vɔna pare.
Ko na zoore n yera to, n nagwola tege mo.
6Nmo nam na kɔre Wɛ tei to mo
bá pa‑m baare na?
N ma‑n na ba jege tusim
Wɛ chwoŋa wone to mo
bá pa se n teena taa wo o wone na?
7Nam fɔge n jeeli n nii:
Wɔ mo seene o jege bora
pa o pɔpɔ o te lela?
Yein-seeni mo nmo wó na we
chɔgem yi balo na yɔɔre ba tɔge chwoŋa to?
8Amo na maane tei to,
balo na dugi lwarem naa cham to
wó zage-te mo.
9Wɛ ná sii o yage ba yera ne,
ba wó chɔge ba ti mo.
10Nywonnu mo yeini te suuri
ye te ŋuuri de dam.
De ko de, Wɛ mo pae nywon-kamuna yeila gura.
11Konto to, nywoŋo ná gɛ varem se ko ja ko di,
ko wó te mo, ye ko bia de jage.
Mo ko na wó ke puseŋ-nyena tei to.
12Ba daane ba waase taane
ba bere-ne,
pa se a wo nigi-de a ti.
13Dɔɔne ya tiini de jege-ne tete ne,
ye a dwɛ dendwa yalo
na daane-ne to.
14Foone ma yɔɔre de ja-ne,
ye a yera sae pa se a nagwola mage daane.
15Ko ke ne vio mo dole
a yibia seeni,
pa se waaro da te zo-ne
foone ŋwaane.
16Ko laam ma zege da chemm.
A maa wo lɔre ko na ye woŋo kolo to.
Ko nyenyego wo a yiga ne mo,
ye a ni kwora na waase ka we:
17‘Nabiinu wó wane o yɔɔre o taa jege chega Wɛ tei ne na?
O ta wó wane o taa ye wose
o Keiru wom yiga ne na?
18Ko ná maŋe ko ye Wɛ malese tete,
o ba ke o teena se wone,
o na nɛ we se ke se sa se chwoŋa to ŋwaane.
19Nabiina nam ye dɔgɔ mo Wɛ mɛ
o ke ba yera yam,
ye ba kuri nwoŋi teero wone.
Banto yɔɔre ba bwona
ba dwoi tóa na ye tei to mo.
20Tega ná yeini ka poore,
nabiinu ŋwe mo,
ye tega na beene se ka yi to,
de kotu nɛ chɔgem.
O laam yeini o jei mo
ye nɔɔna daa ba guli o gula.
21Ba maa vaŋe kotu wonnu maama
ba le ba daare‑o.
O laam ma ba o te
ye o wo nɛ yi-poro.’ ”",https://www.bible.com/bible/3661/JOB.4.KBG
JOB 5,"Elifaza ta ma ta de Job o we:
1“Chwoosi n bwoŋi n nii
nɔɔno wó ba na?
Malese sem wone wɔ mo wó ba
o woli‑m?
2Ban-wira goe jworru mo lela,
ye kazwe de chɔge nayeiri-nyena.
3Amo yi nɛ jworru kugu
na jaane tega chekke,
ye lɛɛro laam yi-ba lela,
de ba sɔŋɔ kom maama.
4Ba bia daa ba jege woro
se ba jeini ko kuri ne.
Ba maa wó vane banto bora,
ye nɔɔn-nɔɔno tera o na wó zege ba kwaga ne.
5Kana na jege balo to laam wó di
banto kara wodiiru faao ni ne mo,
ko ná maŋe ko ye telo na chege
sabare wone to de.
Na-nyɔm na jege balo to fera
wó zo ba jejegero tem.
6Kokuri to, cham ba ke tega ne,
nenɛɛne wodiiru na ke tega ne tei to.
Yaara de nam ba tae
ya nwoŋi tega kam ne.
7De ko de, ba lore nabiina
ba de cham wone mo,
ne min-cheŋo na parese
ko jaane wɛɛne tei to.
8Ko ya ná ye amo mo tento,
a wó ja Wɛ teiŋa mo,
ye a kwei a taane dem
a tiŋi o yiga ne.
9O yeini o ke wo-kamuna
ye dé ba ni ya kura dé tia.
Dé maa bá wane wo-kenkagela
yalo o na ke to dé ga dé ti.
10Wonto mo pa se doa nene
tega baŋa ne,
se na wane ba bugi pwola ni maama.
11Wɛ mo pae balo na zoore ba tete tega ne to
jwoori ba diini baŋa.
Balo de na jei ba keeri to mo
o pa ba nae dalem jei.
12O maa vugimi balo na yei tega to boboŋa yam,
pa se ba na jeeli kikia yalo to
ba toŋa.
13O ta maa vugimi swa tiina swa yam
pa ya jwoori ya ja-ba.
Ba boboŋa yam maama jigi vio
ya jei.
14Lim mo kwoli-ba wea tetare ne,
ye ba kare we-bere maŋa ne
ba taana ne lilwoa to.
15Wɛ jwoŋi nabwona mo o yaga
de dedɛɛra ta-balwaaro tem
na chɔge-ba tei to.
O maa vere-ba o jaane o nwoŋa
balo na bɛɛse-ba to jeŋa ne.
16Ko maa pae yiniga tiina jege teena,
ye balo na kweele chega kam to
laam pu ba nia.
17Dam-fɔrɔ Tu Wɛ wom na korese wolo to jege yu-ywoŋo.
Konto ŋwaane yé gwooni
o koresem dem.
18Kokuri, o yeini o ke zonne
nɔɔna yera ne.
O nam wó vɔ ba fufwollu tem.
O maa ná de cham nɔɔno wolo yera ne,
o je sem ta wó yɔɔre kotu.
19Lɛɛro ná yi nmo kuni beredo,
Wɛ wó taa kwoli‑m.
Cham ná maŋe de ye tei maama
de daŋe da-baŋa ne,
de bá di‑m.
20Da-kore maŋa ne
o ta wó jwoŋi‑m o yage,
se kana yé go‑m.
Jara de ná to logo kom ne de,
se-zɔɔ bá di nmo.
21Nɔɔna ná jege‑m ba twea,
Wɛ wó kwoli‑m
se ba ta-balwaaro tem yé wane‑m kolokolo te ke.
Chɔgem de maa ná lage de ba,
nmo bá‑n ta‑n kɔre foone.
22Chega to, chɔgem de kana ná yia,
nmo wó ta‑n jege-te n gwoona mo.
Ko ta ná ye kago-vara de,
ko dae se n ta‑n kɔre foone de-ba.
23Ko na ye tei to, nmo wó ke
ni-mɔrɔ dedaane kandwa
yalo na tigi n kara kam wone to.
Kago-vara de nam bá taa daane‑m.
24Nmo wó ta‑n yei lanyerane we
n kugu jei sem tigi falalala mo.
N ta ná jeeli n vara bam n nii,
ba dedoa tete de bá jei.
25Nmo wó lɔre we n bia kɔgɔ lage ko gaale,
ye n naaro de puli mo,
ne tega baŋa gaaro tem na ye tei to.
26Nmo ŋwea maa wó dáane
tega baŋa ne.
N ta wó ta‑n dana mo se n vo n te,
ne mena na yeini ya be
ye ba laam zage-ya tei to.
27Dé boŋe wonnu tento maama boboŋa mo
ye dé yei we te ye chega.
Konto ŋwaane,
cheigi dé na tage kolo to,
se n daare n ma-ko n toŋe.”",https://www.bible.com/bible/3661/JOB.5.KBG
JOB 6,"Job daa na leiri tei to
1Job ma leiri o we:
2“Ko ná ye amo ban-wira kam,
de a wo-chechɔgɔ kom,
ba ya ná wae-te ba kwei
ba maŋe te dunni,
3te ya wó dwoni naneo ni kasolo kom maama na mae tei to.
Konto ŋwaane mo nam pɛ se
a lɔgere a ŋɔɔne yɔɔ yɔɔ.
4Dam-fɔrɔ Tu Wɛ wom mo kwei
che-tɛɛra o zɔ-ne,
pa se ya vea kam yɔɔre
ka zoore a yera.
Wɛ jeeri amo mo de o chanɛɛra yam pa ya fugi-ne.
5Ko ná ye bonɛ selo na ware se ja to,
se ná nɛ ga-lɛɛro se se di,
se ta wó taa kare se keeri mo na?
Naane de ná nɛ wodiu,
de wó taa ye chemm mo.
6Wodiu kolo na ba jege yɛ to
zoore ni na?
Chechare napwoŋo jei sem ywoni
nam wo yein-seeni mo?
7Wodiu ná ye konto dwoŋi
a ware-ko se a di.
Ko yɔɔre ko lwoi a momwa ne mo.
8Ko ya ná wae se Wɛ ke amo na lwoori‑o kolo to o pa-ne na!
Konto mo ya wó pa a na jei
a teene kolo to seene ko ke.
9O ya ná sɛ se o yɔɔre o meere-ne,
pa se a ŋwea guri, ko gara.
10Konto mo ya wó pa a wo taa tiga.
A ya wó di ywoni,
de a ná maŋe a na zonne dedɛ
a yera ne tei maama de.
Kokuri, a cham dem maama wone,
a wo ve Wo-pwoŋo Tu
Wɛ wom ni kɔtaa!
11Amo dam daa wo yein-seeni mo,
se a ta taa jege teena?
Bɛ nyɔɔre daa mo wora se amo na,
pa ko maŋe se a taa peena
a bane to?
12Amo bere a jege peo dam dwoŋi mo na?
A yera yam nam ye channa mo
ba mɛ ba ke-ya na?
13A dam ti ye a daa ware a tete
se a jwoŋi a yage.
A ya na teege mɛ maama to
kɛ ko daare-ne.
14Nɔɔno teena ná ti,
o badwonna ta maŋe
se ba ta taa swoi‑o mo,
de o ná maŋe o yage
Dam-fɔrɔ Tu Wɛ kɔrɔ kom de.
15Amo yuudwonna bam bochwanno
nam ba ŋwae dedɛ.
Ba nye de nabare selo
na ba dáane se we to mo.
Se wó su se pɛɛle
ye se na bam laam duri ba kɛ.
16Yadɛ ne se maa yeini se su,
ye kunu de kwoli-se.
17Se na bam nam we mo te-pwoŋa ne.
Wulim maŋa ne se bu-nwaro tem de maa ga na.
18Pipim-piina na kare kagoa yuu ne
ba vei to mo wó ywori
ba chwoŋa kam ne se ba beeri na.
Ba maa beeri na bam ba ga
ye ba jei kagoa kam wone.
19Tema teo pipiu tiina bam kare
ba beeri na mo.
Seba teo bein-beera bam
de jege na teena mo.
20Ba boboŋa ya jaane we
ba wó na na mo.
Ba nam na yi da to,
mo ba kɔge teena yam konto jworo,
ye lwia tiini ya ja-ba.
21Nam nii-na!
Abam de maŋe á ba sii zore.
Á na yɔɔre á na chanɛɛre delo
na yi amo to,
mo foone tiini de ja abam.
22Amo nam wo fɔge a ta de abam we,
‘Kwei-na woŋo á pa-ne,
se á le á jejegero wone á ma
á tiŋi daare amo ŋwaane.’
23A ta wo tage a we, á jwoŋi-ne-na
á yage a dona jeŋa ne,
naa á ŋwe-na sabu se á vere-ne
á ja á nwoŋi nankɔ-nyena jeŋa ne.
24Nam ta-na á bere-ne
mɛ seeni a na tusi to,
se a pu a ni ye a daa bá ta taane.
25Chega jei ye ŋɔn-zane mo,
se á bwɛa yam nam lage ya woli tetɛ seeni mo?
26Á boŋe se á yaale-ne a ni taane dem ŋwaane mo na?
Amo teena maama jei mo,
ye á gwooni amo ni taane we
ko ye vio yerane.
27Chega to, abam wó wane á ta jɔrɔ
se á ma á yeigi botara.
Á ta wó kwei á badwonna á pa
se á ma-ba á jwoŋi wo-gɛ.
28Nam pipiri-na á nii amo seeni!
Kokuri, amo bá gane abam.
29Yage-na á bwɛa yam!
Yé kweele-na a chega kam
á se tega ne.
Ko nam maŋe se a na a bora mo.
30Vwa mo a jege a fɔe na?
Lɛɛro yi-ne ye a wo wane-te a lɔre na?”",https://www.bible.com/bible/3661/JOB.6.KBG
JOB 7,"Job ta ma ta o we:
1“Nabiinu yeini o toŋe totoŋ-chɛɛra mo
o logo baŋa ŋwea maama wone.
O yera ma chɛ dɛ maama wone,
nenɛɛne ba na jene nɔɔno wolo
se o taa toŋe to.
2Kabaa yɔɔre o teena
se wɛ dem guni ye tega yi.
Tontoŋeno de maa jei o teena
se o jwoŋi o ŋweero.
3Konto mo amo de toŋe kafɛ ŋwaane chana maama wone.
Ŋweero telo a na yeini a jwoŋi to
ye wo-chechɔgɔ yerane mo
tete maama ne.
4Tete ne a tigi a sara ne
ye a boŋe mo a we,
‘Tega wó poore lela se a zaŋe na?’
Tega de ma ve se ka poore,
pa se a tigi a sara kam ne
a pipira taa.
5Amo yera maama nwoŋi kanzwa mo,
ye ya su de ŋɔna yalo na kuuri to.
Mwara de maa nwoŋa.
6Amo ŋwea da yam wora ya ti mo lela,
ne gare-yi doleno na dole
o gare-yi tei lela lela to.
Ya maa wó yi ya kweelim jei
ye teena tera ya pa-ne.
7Amo Tu Wɛ, popo guli
amo ŋwea kam gula
ne ka na lage ka jei lela
ne vio tei to.
Amo maa da bá fɔge a na
ŋwea ywoni.
8Chega to, yia yalo zem na nae amo to daa bá na-ne.
Nmo tete de wó beeri amo jei n ga mo,
a na tera to ŋwaane.
9Ko nye de kunkwoŋo na wora
pa ko pɔpɔ ko jage ko jei tei to mo.
Wolo maama ná tega ye o zo tega kuri,
kotu daa bá jwoori tega baŋa.
10O daa bá wane o sɔŋɔ se o jwoori.
Nɔɔna ma swei o ni ne,
nenɛɛne o ya ga maŋe o tera mo to.
11Konto ŋwaane nam mo pɛ se
a bá taa chem.
Amo nam wó tole a yaara yam taane jaja,
a bochare na tiini de di to ŋwaane.
A maa wó ŋwane Wɛ yiga ne,
a bane na wɔe to ŋwaane.
12Bɛ mo ke ye n yɔɔre n yere-ne konto se a yé lu?
Nmo pae se amo ye naneo tete mo
naa ko wo juru mo,
pa se n yɔɔre n pe-ne konto dwoŋi?
13Amo nam yeini a teena we,
a ná zo se a peini a sara ne,
ko wó gare ko pa-ne.
14Nmo nam yeini n kwei dendwa-yɔɔro mo n ma n fugi-ne,
ye n daare n le wonnu telo
na jege foone to n bere-ne.
15Konto ŋwaane mo a boŋe we,
nɔɔno ná tu o peene a momwa se a te,
ko gare a ta ná jege ŋwea kanto dwoŋi a ŋwe.
16A ŋwea kam ye wo-yɔɔ mo
amo tei ne.
A ba lage se a taa ŋwe taa wuu.
Nam dɔne n jeŋa a baŋa ne,
se a ŋwea kam daa ba jege kuri
ka pa-ne.
17Nabiina bere ba ye bɛ mo
pa se n yiga wo ba wone?
Bɛ mo ye n yɔɔre n nii
ba kikia yam konto?
18Tetete maama ne,
nmo yeini n maane
ba na jege kolo ba ke to mo.
Ba ŋwea maŋa maama wone
n ma‑n jege-ba n faŋe n nia.
19N nam bá‑n dɔne n yia n daare-ne
maŋa fenfee wone de na?
N bere n bá‑n pa-ne pwola
se a fi a momwa de?
20Nmo wolo na yere nabiina to,
amo ná maŋe a ke wɛleere mo de,
konto lage ko ke‑m bɛ mo?
Bɛŋwaane mo n yɔɔre n jeeri amo
se n zɔ-ne konto?
Amo nam jigi zele-zane delo
na daane‑m to mo na?
21A ná seene a tusi, bɛ mo ke
pa nmo ware a wɛleera yam
se n yage n ma n chɛ-ne?
Ko nam bá dáane se a te
ye a daare a zo tega.
Nmo ma‑n wó yɔɔre n beeri a jei
n ga, a na tera to ŋwaane.”",https://www.bible.com/bible/3661/JOB.7.KBG
JOB 8,"Bilidad na bobo o ta kolo to
1Suuhi tu Bilidad ma leiri o we:
2“Nmo bere n lage n ŋɔɔne
ta-gwoa yanto
n vo n maŋe yein-seeni mo?
Nmo ni botare sem nye de vio
na fufugi tei to mo.
3Dam-fɔrɔ Tu Wɛ wom wó sɛ
o ja chega kam o ju na?
Wɛ wó wane o kweele chega kam
o se tega ne na?
4Nmo bia bam na ke ba chɔge o yiga to,
konto ŋwaane mo o pɛ se ba na ba wɛleera yam ŋweero.
5Nam ja n tete n kwoni n nii
Dam-fɔrɔ Tu Wɛ wom,
se n daare n ŋwane o yiga ne
se o duri n ŋwaŋa.
6Nmo ná ke konto,
ye n ná yɔɔre n ke n tɔge chwoŋa,
Wɛ wó zaŋe se o jaŋe o pa‑m,
ye o pa n sɔŋɔ kom jwoori
ko zege de chega.
7Nmo jwa wó ba n duni dedɛ,
se ko dwoni n faŋa kam na ye tei to.
8Boŋe n nii ko na ye tei
faŋa kam ne to,
se n lɔre swa yalo
dé nabaara déem na nɛ to.
9Debam ŋwea ye kukua mo
ye dé yeiri kolokolo.
Dé ŋwea da yam ba dáane ye ya jia,
ne lunluŋu na ye tei to.
10Ko nam ná ye faŋa tiina bam,
banto wó wane ba bere‑m yeino,
ye ba ta taana ko nwoŋi
ba yi-poro wone.
11Ko ná dae bwolo tega ne
mɛ na na wora to,
sangɛ ba zaŋa se ke dedwaaro,
nanchan-gullu de nam ba fɔge
te bera.
12Na ná tera, te wó kwaare lela mo
ye te ta wo bege,
se ko dwoni ga-lɛɛro na wó kwaare tei to.
13Wolo maama na swei Wɛ swia to
wó guri konto mo,
pa se o teena yam ti,
o na ve Wɛ chwoŋa tɔgem to ŋwaane.
14Kotu na kwei o teena o daŋe mɛ to tiini ko bwona,
ne o na boŋe se o sale
zwollu yera ne tei to mo.
15O ná sale o sɔŋɔ kom yera ne,
ko wó to ko daare‑o mo.
O maa ná zei o jejegero,
te wó jei lela.
16Balo na ve Wɛ to nye de ga-lɛɛro
telo na nɛ na dedɛ
ye wea nye te baŋa ne to mo.
Te ma be lanyerane
ye te jage te yi gaare dem ni maama.
17Te bonno ma zo kandwa-pwoa
te milimi-ya,
pa se te na kugu jei ya tetare ne.
18Ba nam ná vaŋe-te te kuru seeni
ba gɔ ba yage,
jeiga kam konto wó ve-te mo
ye ka ta de-te we,
ka ya maŋe ka wo fɔge ka lɔre-te.
19Gaaro tem konto maa wó ko te te,
se gaaro tedwonna de daa puli tega kam konto ne.
20Wɛ bá fɔge o ve chega tu wolo
na ba jege tusim to.
O nam bá ja nɔn-balɔrɔ jeŋa
se o woli‑o.
21O daa wó pa se n ni su de mwanno,
se n di ywoni
ye n bage wopwolo sɔɔ.
22Ko nam ná ye balo na chuli‑m to,
chaveera mo lage ya di-ba.
Puseŋ-nyena sam dem de wó to
de saare.”",https://www.bible.com/bible/3661/JOB.8.KBG
JOB 9,"Job na leiri tei to
1Job ma leiri o we:
2“Chega ŋwaane to,
nmo na tage kolo to
ba jege digiru.
Nabiinu nam wó ke tetɛ mo
se o na chega Wɛ yiga ne?
3Nabiinu ná boŋe se o saŋe Wɛ,
Wɛ wó wane o bwei‑o
kuni moro mo,
se kotu yé wane o leiri‑o
kuni dedoa tete de.
4Wonto swa yam mo gaale,
ye o dam dem ba tia!
Wɔ mo wó wane o dwoni de Wɛ
ye o bá to?
5Wɛ yeini o pɔpɔ o guri peero!
O ma daare o tɔge o bane baŋa ne
o vuvugi-te o dole o yage.
6O ta wae o ziziŋi tega kam baŋa maama
pa ka na chwi mɛ to de bibigi.
7O wó bage wea kam
pa se ka daa ba nye,
ye o ta pa chalechwe sem
yé taa nye se pae pwooni.
8Wɛ yerane nam ta mo lware wɛyuu kom
pa se ko tigi palalala.
O ta maa nɔne naneo na-ŋone sem baŋa ne o via.
9O ma ke chalechwe sem yera yera
o tigisi wɛyuu kom ne.
O ta ma pa se tega-kuri seeni chalechwe sem wora.
10O ta toŋe wo-kamunnu telo
dé na ba ni te kuri to,
de wo-kenkagela yalo dé na ware
ya ni dé ga dé ti to mo.
11Wɛ tɔge a jei seeni mo o via
ye a ta ba na‑o.
O na maa kɛ to, amo wo lɔre we
wonto mo maa kɛa.
12O ná chaale woŋo kolo o ja kɛ,
wɔ mo wó wane‑o o gwi?
Wɔ nam mo jege chwoŋa
se o bwei‑o we,
‘Bɛ mo n wora n ke?’
13Wɛ bane ná zaŋe, de ba gwia.
Naneo wo juru Rahaba de ko kwaga kɔgɔ kom maama mo
o chochoge o nɛ kuri ne.
14Konto to, amo nam wó wane
a leiri Wɛ taane dem na?
Amo lage a kuri botare bia tetɛ mo se a leiri‑o?
15Amo ná maŋe a jege bora
tei maama de,
a bá jwoori a leiri o taane dem.
Amo na jege kolo yerane se a wane a ke to maa ye
se a lwoori yibwona o tei ne,
o na ye wolo na di a taane to ŋwaane.
16Amo ná wae Wɛ a saŋe mo,
ye o ná sɛ se o jeeri de,
a ba boŋe we
o wó cheigi taane delo
a na jege a saŋe‑o de baŋa ne to.
17O nam wó kwei vo-fɔrɔ o ma
o mage-ne o chochoge,
ye o pa se a fufwollu tem
de puli kafɛ ŋwaane.
18Se a taa tɛ we a daa wae a sii
a yi a tete to,
de o daa pɛ se a yiga tiini ka nyɔne.
19Ko ná ye dam taane mo dé tɛa,
Wɛ dam ba tia.
Ko nam ná ye ka-di-bora taane mo,
wɔ mo wó wane o saŋe Wɛ?
20Amo ná maŋe a jege chega
tei maama de,
a ni taane mo lage de pa
se a to bora dim baŋa ne.
A nam ná ba jege tusim de,
a ni botare-bia wó de-ne tega ne.
21Amo seene a wo tusi o yiga ne.
A yiga nam tera de kolo
na wó yi-ne to.
A ŋwea kam ye wo-yɔɔ mo
ko pa-ne.
22Chwei sem maama ba gare daane.
Mo amo na tɛ tei to.
Ko ná ye balo na yɔɔre chwoŋa to,
de puseŋ-nyena bam,
Wɛ ba pɔɔre-ba daane
de o na chɔge-ba tei to.
23Lɛɛro ná yi nɔɔna pa se ba pɔpɔ ba te,
Wɛ jei o nii balo na jege chega to mo ye o mɔne-ba.
24Puseŋ-nyena mo vere tega baŋa
ba jege ba tei.
Wɛ laam ma yeini o kwoli balo
na jege taana ba di to yia
pa ba kweele chega kam.
Ko ná dae Wɛ mo ke konto,
wɔ mo kea?
25Amo ŋwea da yam wora ya ti mo lela,
ne nɔɔno na duri lela lela tei to.
Ya maa ke lela ya jei
ye wopwolo tera a tei ne.
26Dɛ maama duri de kɛ mo,
ne ba na yɛ nabwooru na wone
ba vei tei to.
Ya maa wuura ya tia,
ne maaro na foore tei te chui
se te ja te ni-wodiu to.
27Amo nam ná boŋe a tete ne we,
‘Yage se a swei a cham dem swia,
se a pa a yi-nyɔna leiri ya ji wopwolo,’
28a yaara yam daa ta pa-ne foone mo,
kokuri amo yei we n bá‑n ta we,
a jege bora.
29Wolo na to o tigi tega ne to
daa ba kɔre ba de wɔ.
Bɛŋwaane mo a daa wó pa
ko chɛ a yera kafɛ ŋwaane?
30A ná maŋe a kwei chanfene de sea
se a ma a swɛ a yera ye a sane a je,
31n ta wó kwei-ne mo
n de gwoŋo kolo na su de digiru to wone.
A yera digiru tem wó pa se a tete yera gwaaro tem chɛɛse-ne mo.
32Wɛ nam dae nabiinu
ne amo tete na ye tei to.
Tento amo de wonto ya diini
daa baŋa
se dé ŋɔɔne dé leiri dé pa daane.
33Nɔɔn-nɔɔno tera o ná wó wane o zo
amo de Wɛ taane dem wone,
se o tɔge o dam ŋwaane
o bore bora debam laŋa ne.
34Kotu ya wó wane o pa se
Wɛ dɔne o je o daare-ne,
se o daa yé waare-ne,
naa o fugi-ne de o chana yam.
35Amo ya wó na chwoŋa
se a ŋɔɔne jaja ye foone tera.
Ko nam na ye tei to,
a bá wane konto a ke.”",https://www.bible.com/bible/3661/JOB.9.KBG
JOB 10,"Job ta ma ta o we:
1“Amo chuli ŋwea kalo
a na jege a ŋwe to.
Konto ŋwaane mo a wó taa poona jaja,
ye a yɔɔre a tɛ kolo na daane-ne to.
2A nam wó ta de Wɛ mo we:
Yé di bora n vane-ne lela!
Nam ta n bere-ne se a lɔre
a na ke kolo a chɔge
pa se taane wora debam laŋa ne to.
3A ye wolo n tete je na mɔɔne to mo.
N wo nam tigi
de n na jege-ne n bɛɛsa
ye n ta dole-ne n yage tei to mo na?
Ko nam ná ye puseŋ-nyena bam,
n yi yeini de su ba totoŋa yam mo.
4N yeini n nii n nae wonnu
ne nabiina na nae-te tei to mo na?
5Nmo ŋwea de ye ne nabiina ŋwea
na ye tei,
pa ka ba dáana ye ka ti to mo na?
6Konto ma pa se n buŋi jei maama ne
se n na a na tusi mɛ seeni,
ye n lɔre a wɛleera yam maama
na ye tei to.
7Nmo nam yei we a jege bora.
Nɔɔn-nɔɔno nam tera
o na wó wane o jwoŋi-ne
o yage nmo jeŋa ne.
8Nmo tete mo mɛ n je
n fɔge n naane-ne.
N daa wó pipiri se n ja-ne
n chɔge mo na?
9Guli we n naane-ne ne dɔgɔ mo tei.
Nmo nam lage n pa se a jwoori
a ji teero mo na?
10N lwogi-ne n ke a nu puga ne,
ne ba na lwoi nayela tei to mo.
N ta ma pa se a tigisi a ke daane
ne nayel-pepala to.
11Nmo laam ma‑n kwei ya-tana
de ya-nɔna n daŋe da,
ye n pa se ŋwanno de kwi
twoŋi daane a yera yam ne.
12Konto baŋa ne mo n pɛ se a na ŋwea,
ye n ta duri a yibwona.
N ma‑n yɔɔre n yere-ne
se a ŋwea ke dam.
13Amo laam tu a lɔre kolo nmo ya na seigi n boboŋa ne to.
N na jaane boboŋa se n ke-ne
tei to mo tento:
14Nmo boŋe se n yɔɔre n nii amo,
se a ná tusi, se n waare-ne
a wɛleera yam ŋwaane.
15A ná toŋe puseŋa,
lɛɛro lage te yi-ne!
A ná wo ke a chɔge mo de,
wo-chechɔgɔ de chaveera
ta wó ja-ne,
de chanɛɛre delo maama
na daane-ne to.
16A nam ná kwaane se a jwoori a zaŋe,
nmo yɔɔre n pare-ne mo se n ja,
ne nywoŋo na pare varem
se ko ja ko di tei to.
Konto dwoŋi mo n ke wo-kenkagela
n ma n chɔge-ne.
17N yeini n pa se yaara tui
ya chɔge a yiga,
ye n bane fɔge de zaŋa a baŋa ne.
Ko nye ne n toŋe jar-keira mo
se ba taa jeeri-ne de jara taa taa.
18Bɛŋwaane mo n pɛ chwoŋa
se a nu lo-ne?
A ya ná tege lela ye nɔɔn-nɔɔno wo nɛ-ne,
konto ya bere ko gara.
19Amo ya ná maŋe a wo nɛ ŋwea mo,
naa ba ná jaane-ne a lora dɛ ne
ba yɔɔre yibeela ba suli,
konto gara.
20A ŋwea da yam daa ba daga.
Ja, yage a yera se a wane
a sii fenfee de wopwolo,
21ye a laam daare a vo
mɛ na ye lim yerane to
se a daa yé jwoori.
22Lim maa kwoli jei sem konto liira liira.
Vuvuga de yibiri maa wora biramm.
Dáane mo wea pwooni
ye lim yerane.”",https://www.bible.com/bible/3661/JOB.10.KBG
JOB 11,"Zofara na bobo o ta kolo to
1Naamatia tu Zofara de ma leiri o we:
2“Dé bá leiri nɔɔno wom ta-fara yam konto mo na?
O ni-wɛɛle dem bere we
o jege bora na?
3Job, nmo boŋe we ta-yɔɔro telo
n na jege n ŋɔɔne to
wó pa dé pu dé nia mo na?
Nɔɔn-nɔɔno bá zaŋe o bwɛ‑m,
de n na jege nɔɔna n mɔna tei to na?
4N tage we, n bera yam lana fase mo,
ye n tete de kikia tɔge chwoŋa Wɛ yiga ne.
5Amo nam ya lage se Wɛ puri o ni mo
o ta taane de nmo.
6O ya wó bere‑m yi-poro
kolo na seigi n tei ne to.
Kokuri swa yalo na ye chekke to
chwei sem ye yera yera mo.
Nam lɔre we Wɛ wo waare‑m
se ko maŋe de n wɛleera yam ni
na mae tei to.
7Nmo wó wane n yɛ se n lɔre
Dam-fɔrɔ Tu Wɛ boboŋ-lilirru tem na ye tei to na?
N ta wó wane n lɔre
o swa yam kweelim jei
na wo mɛ to na?
8Ya diini wɛ-baŋa se ko dwoni
wɛyuu kom na ye tei to.
Nmo nam wó ke bɛ mo ko wone?
Ya ta luuna se ko dwoni
churu na luuna tei to.
Nmo wó ke tetɛ mo se n lɔre-ya?
9Wɛ boboŋa yam dɔra
ya dwoi tega baŋa kam ni dedɔrem.
Ya ta maa yala ya dwoi
naneo kom na ye tei to.
10O nam ná tu se o ja wolo o pe,
naa se o saŋe wolo taane dim baŋa ne,
wɔ mo wó wane o yiga o che?
11O wae o lɔre balo na ye nɔn-yɔɔro to.
O ná nɛ lwarem kikia,
o bá maane ya ni ne na?
12Kagoa wo bonaga wó wane
ka lo nabiinu,
ye nɔn-jworo ta wo wane o ja swa.
13Nam sɛ se n kwei n bochare maama n pa Wɛ,
se n daare n twe n je
n jeeri‑o wɛ-lworo baŋa ne.
14N je sem ná toŋe lwarem,
se n dole-de n yage.
Ta yé pa puseŋa kikia chwoŋa
se ya taa zoore n sɔŋɔ ne.
15Nmo ná leiri n boboŋa konto dwoŋi,
chaveera daa bá ja‑m.
N ma‑n wó jwoori n kwoni
n yuu wɛɛne.
N ta wó taa zege de baare
ye n ba kɔre foone.
16Nmo wó swei n yaara yam swia.
Ya gula maa wó jei lela,
ne na na duri ba kɛ tei to.
17Konto wó pa n ŋwea taa pera
ne wea tetare pwooni na ye tei to.
Lim ná tu de kwoli‑m,
de wó pipiri de ji te-pora.
18Nmo wó ta‑n jege baare,
n teena na wó taa daga to ŋwaane.
Kolokolo bá daane‑m.
N ma‑n wó sii ye lwia tera.
19Nmo wó ta‑n tigi n sara ne mo,
ye nɔɔn-nɔɔno tera
o na wó pa foone ja‑m.
Nɔɔna dedɛ nam wó ja n naga
se n woli-ba mo.
20Ko nam ná ye puseŋ-nyena bam,
ba yia wó dwei mo
ye ba bá na chwoŋa se ba lu.
Ba teena maa wó taa wo toone wone se de ja-ba.”",https://www.bible.com/bible/3661/JOB.11.KBG
JOB 12,"Job na leiri o badwonna bam tei to
1Job daa ta ma leiri o we:
2“Abam boŋe we
á dwoi nɔɔna maama mo,
ye á ná tega, yeino wó tɔge
de abam ko te mo!
3Nam ta‑á yei-na we,
amo de jege boboŋa,
ne abam na jege tei to mo.
Abam de amo ba gare daane.
Abam na tage wonnu telo maama to,
wɔ nam mo yeiri te ni ne?
4Amo badwonna de laam jege-ne mo ba mɔna,
de a na yeini a lwoori Wɛ
pa o de leiri a wɛ-lworo tei maama to.
Ba yɔɔre ba mɔne-ne mo,
de a na jege chega ye tusim tera to.
5Nɔɔna balo kolokolo na ba daane-ba to
yeini ba gwooni chanɛɛre na jege balo to mo.
Ba maa yeini ba yigi
balo na seeri se ba to tega ne to.
6Ko nam ná ye venverena,
ba sam yɔɔre de zega de dam mo.
Kolokolo ba yi balo na dwoni de Wɛ to de.
Ba nam teena we
ba tete dam mo ye ba wɛ.
7Nam bwei-na vara bam,
de wɛyuu zuna bam,
se ba wó ta chega ba bere abam.
8Abam ta ná laga,
bwei-na tega baŋa wonnu,
naa naneo wo ywona yam,
se te bere abam yeino taane.
9Wonnu tem konto maama yei we,
ko ye Baŋa Wɛ dam dem mo ke konto.
10Wonnu telo maama na wo
tega baŋa ne to
wo Wɛ dam dem kuri ne mo.
Nabiina maama ŋwea
de maa wo wonto jeŋa ne.
11Nabiina zwa cheigi taana
se ba lɔre mo,
ne ba dindeilima na yeini
ya laŋe wodiiru tei to.
12Kokweero pae nɔɔna jaane swa mo.
Momwɛ-dɛɛre de jaane yi-poro mo
de tui.
13Swa dedaane dam ye Wɛ mo tei-te.
O maa bere kwea,
de yi-poro maama de.
14Wonto ná yigi woŋo kolo
o de tega ne,
nɔɔn-nɔɔno ware-ko
se o jwoori o lɔ o zege.
O nam ná jaane wolo o pe,
nɔɔn-nɔɔno ware kotu
se o pore o yage.
15O ná yeini o che doa se ka yé nene,
da-kore mo wó zege.
O maa ná yeini o pa chwoŋa
se ka tiini ka ne,
ka de yɔɔre ka chɔge tega baŋa wonnu dedɛ mo.
16Dam-fɔrɔ de wɔnɔ ye Wɛ mo tei-te.
Balo na tusi to, de balo na soge ba dwonna pa se ba tusi to
maama wo o jeŋa ne mo.
17O maa kale dedɛɛra de kuri-nɔrɔ
o ja viiri,
ye o daare o pae balo na jege taana ba di to de yirisi.
18O yeini o puri pwa yipwi o tiŋa,
pa ba gae ba paare dem,
ye o daare o pae ba jiri kabɛ.
19O ta kale kaanem tiina
de kuri-nɔrɔ o ja viiri,
ye o daare o pae se naduna
jiri nabwona.
20O maa pae balo nɔɔna na jege ba chega to nia pui,
ye o pae nakwa boboŋa vugima.
21O pae nɔn-yum di ba chaveera mo,
ye o vere babɛ dam o daare-ba
o zege bwori.
22O yeini o le wonnu telo na seigi
lim wone to mo o bere nɔɔna.
O maa pae pwooni nye yibiri jei ne.
23O yeini o pa teene dedwonna yere zaŋe wɛɛne,
ye o daa ta chɔge dedwonna de.
O maa ná pɛ de yale de ke kamunnu,
o laam yeini o jage-de mo
o yage jei maama ne.
24O pae tega baŋa teene dem
yuu tiina toŋe jworim mo,
o daare o pa ba kare kagoa yuu ne
ba beeri yɔɔ yerane.
25Ba kare ba taane lim wone mo
ye pwooni tera ba tei ne.
O ta ma pa ba kare ba yuŋi
jei maama,
ne sa-nyɔra na yeini ba vei tei to.”",https://www.bible.com/bible/3661/JOB.12.KBG
JOB 13,"Job ta ma ta o we:
1“Amo yia mo yɔɔre
ya na tento maama.
A zwa de ma ni-te, ye a ni te kuri.
2Abam de amo ba gare daane.
Abam maa na yei wonnu telo to,
amo de yei-te mo.
3A nam lage se a ŋɔɔne
de Dam-fɔrɔ Tu Wɛ wom mo.
A wó yi o tei mo
se a tole a taane dem.
4Abam nam yeini á fɔ vwa-dɛɛra mo
á daŋe amo yuu ne.
Á nye de liri-keira balo na ware
nɔɔn-nɔɔno se ba yɔɔre to mo.
5Abam ná pugi á nia, ko wó taa gara!
Konto ya wó bere we,
á jege swa chekke.
6Nam cheigi-na taane delo
a na jege se a ta to.
Cheigi-na amo ni na ŋɔɔne kolo to.
7Abam boŋe se á tɔge tusim baŋa ne
á jwoŋi Wɛ taane á ta á pa‑o mo na?
Á wó fɔ vwa á ma á jwoŋi o taane
á ta na?
8Abam wó sɛ se á zege á pa Wɛ mo,
se á jwoŋi o taane saŋa baŋa ne
á ŋɔɔne na?
9O nam ná jwoori o bwei abam,
á wó lu taane ne na?
Á wó wane Wɛ á gane,
ne á na jege nabiina á gane
tei to na?
10Chega ná tere abam taane dem wone,
á yeiri we o wó bwɛ abam
ko ŋwaane na?
11O nenɔŋa kam bá fugi abam,
pa se o foone taa jege abam na?
12Memaŋa yalo abam na jege
á maŋe to ba jege kuri,
ne tentwarem na ye tei to mo.
Á swa yam ware abam ya che
kantɔgɔ wone,
ne dɔgɔ na yare lela tei to mo.
13Nam pu-na á nia
se ko pa-ne chwoŋa se a ŋɔɔne.
Pa-na se dé nii bɛ mo lage ko ba
amo baŋa.
14Yage-na se kolo ná wó yi-ne,
se ko yi.
Amo dole a ŋwea mo a yage.
15Wɛ ná laga de, o wó go-ne,
se a teena nam tigi wonto wone mo.
Amo wó zege o yiga ne
a tole a taane dem,
se a wane a na a bora.
16Konto baŋa ne mo Wɛ wó wane
o jwoŋi-ne o yage.
Kokuri, wolo na ve Wɛ chwoŋa tɔgem to bá na chwoŋa
se o zege Wɛ yiga ne.
17Fɔge á cheigi-na taane delo
a na jege se a ta to.
Pa-na se kolo a na tɛ to to á zwa ne.
18Nii-na! A yɔɔre a jeeli taane delo
a na wó ta to mo.
A nam yei lanyerane we
a wó di bora.
19Wɔ mo wora se o saŋe-ne we a chɔge?
A nam ná seene a tusi,
amo wó taa chem mo se a laam te.
20Amo Tu Wɛ, wonnu telei yerane mo
a lage a lwoori n tei ne
se n ke n pa-ne.
Konto ná kea, amo daa bá taa kare a seigi nmo yiga ne.
21Dɔne n je n daare-ne.
Daa yé ta‑n jege-ne n fuga
de n chana yam.
22Nam bwoŋi-ne, se a wane
a leiri n taane dem,
naa pa-ne chwoŋa se a ŋɔɔne,
se nmo de leiri a taane dem.
23A tiini a ke wɛleera a chɔge n yiga
se ko vo ko maŋe yei ne mo?
Ta a wɛleera yam de a tusim dem
n bere-ne se a lɔre-ya.
24Bɛŋwaane mo n yiga tere amo wone?
Bɛ mo ye n yɔɔre n done-ne?
25Vɔɔ ye bɛ mo ye n lage se n fugi-ko?
Bɛ mo ye n zeili-ne,
ne vio na kale swanno
ko ja jei tei to?
26N nam popone wo-chɛɛro
n tiŋi tɔnɔ ne
we te ye amo yiga.
Ko ta ná ye wɛleera yalo a na ke
a nɔn-donne maŋa ne to,
n laam ma‑n pa se ya jene
wo a yuu ne.
27Nmo kwei chegero mo
n vɔ a nɛ ne diŋ-diŋ.
N yeini n yere a na-veili maama,
ye n lɔ siseini n pa-ne
se a yé gaale-de.
28Konto to, a wora a jei mo,
ne woŋo na yɔɔre ko pɔe tei to.
A ŋwea tiini ka chɔge,
ne gɔrɔ kolo tóa na mugi to.”",https://www.bible.com/bible/3661/JOB.13.KBG
JOB 14,"Job daa ta ma ta o we:
1“Kaane ná loge nabiinu wolo maama,
kotu ŋwea ye kukua mo
ye ka su de cham yerane.
2O maa nye de ga-puŋu kolo na puli
ye ko laam daare ko kwaare
lela to mo.
O ta ye ne lunluŋu na ye tei to mo.
O ba dáana ye o jia.
3Wɛ, nabiina na bwona konto to,
bɛ mo tei ye n ke n yiga ba wone?
Bɛŋwaane mo n lage n saŋe amo
se n daare n di a taane?
4Nɔn-diku wó wane o lo nɔn-laao na?
Ko bá wane ko ke.
5Nmo wuuri n jeeli nabiina ŋwea da yam mo,
pa se ya ba ya kweeli ya maŋa ne.
Nɔɔna ware se ba gaale
ba maŋa kam chekke.
6Konto ŋwaane nam yage ba yera,
se ba wane ba toŋe
ye ba daare ba sii,
ne ba na jene nɔɔna balo
se ba taa toŋe to.
7Ba ná gwoni tio ba de tega ne,
teena ta wora we
ko wó jwoori ko kwi,
se ko nɛ-donno tem daa yé te.
8Ko bonno tem wae te pɔe
tega kuri ne,
pa se da-buŋa kalo na daare to de te.
9Se na fenfee ná yɔɔre ba dwei
tio kom yera,
ko wó jwoori ko kwi nɛ-donno
de vɔɔro mo.
10Ko nam ná ye nabiina,
ba ná yɔɔre ba te,
ba dam wó ti mo.
Ba momwɛ nam ná tu de ti,
ba laam wó vo yei ne mo?
11Buga wo ná yeini ba we
ba daare-ka,
pa se ka tigi te-kora yerane mo,
12konto dwoŋi mo, nɔɔno ná tega,
o daa ware se o zaŋe.
Wɛyuu kom maama wó ba ko jei
ye kotu ta wo zaŋe.
Nɔɔn-nɔɔno bá wane o peese‑o
se o zaŋe dɔɔne ne.
13Ja! Amo Tu Wɛ, kwei-ne
n seigi churu ne,
se kolokolo yé yi-ne,
ko taa nii dɛ dem
n bane na zuri to.
Nam kuri dɛ se n laam jwoori
n guli amo gula.
14Nɔɔno ná tega, o daa wó jwoori
o na ŋwea na?
Amo logo baŋa totoŋ-chɛɛra
maŋa kanto maama wone,
a wó taa toŋa ye a teena
a verem maŋa kam mo.
15Nmo ná bwoŋi a yere,
a wó leiri‑m.
Nmo boboŋa maa wó taa tigi
amo wolo n tete je na mɔɔne to wone.
16Nmo laam wó ta‑n yere
a na-veili maama,
ye n nam bá‑n jeeli
a wɛleera yam na ye tei to.
17Nmo ma‑n wó kwoli a wɛleera yam,
ne nɔɔno na seigi wonnu
tampɔgɔ wone tei to.
18-19Ko nam na ye tei to,
nmo jaane nabiina teena yam mo
n chɔge n yaga.
Ko maa nye ne peero na wae
te sirimi te toe tei,
ye kandwa-zana de guri
ya na tigi mɛ to mo.
Na-fɔrɔ de wó wane kandwa
ba chochoge,
ye ba chuuri ba chwooli
tega kasolo ba ja ba kɛ.
Konto mo nmo de chɔge
nabiinu ŋwea.
20N yeini n ma n dam mo
n dwoni ded‑o,
pa o yɔɔre o jei wuu.
O yibia wó leiri mo,
ye n laam daare n zeili‑o se o viiri.
21Kotu kwaga kam ná nɛ zula
tega baŋa ne, o yeiri ko ni ne.
Ba nam ná jege chaveera mo
ba di de,
o bá wane o lɔre ko na ke-ba tei to.
22Kolo yerane o na yei to mo ye
o tete yera na nɛ zonne tei to.
O maa wó taa keeri o tete keira.”",https://www.bible.com/bible/3661/JOB.14.KBG
JOB 15,"Elifaza na tage kolo o ke belei to
1Teman tu Elifaza daa ma leiri Job o we:
2“Vio yerane mo nwoŋi n ni ne!
Boboŋa tu nam ba ŋɔɔne ta-yɔɔro.
3Swa tu ba kare o ŋɔɔne wo-korro,
de taane delo na ba jege kuri to,
ne nmo na ke tei to.
4Nii mo! N boŋe se n dole Wɛ kɔrɔ
n yage mo.
N ta ma‑n lage n che se nɔɔna
yé taa boŋe Wɛ boboŋa chekke.
5N wɛleere kikia yam
de n pipiri totoŋa yam,
mo pa se n jege ni se n ŋɔɔne
n chɔge Wɛ yere.
6Ko dae amo mo ŋɔɔne
a vane nmo bora.
Se n tete ni taane mo le‑m
de zege dáa ne.
7Nmo mo puli nabiina maama kuri na?
Naa n koe logo baŋa peero tem mo?
8Wɛ kɔgɔ kom ná yeini
ba jeeri daane wɛyuu ne,
nmo de wó tɔge n gwaane
ba wone na?
Nmo boŋe we nmo yerane yi mo poore na?
9N yei wonnu ye debam yeiri-te na?
Naa n ni wonnu kuri mo
ye debam ware-te se dé lɔre?
10Balo yuni na peere to mo
zege dé kwaga ne.
Ba maa ye nɔn-kwe
selo na koe nmo kwo to.
11Wɛ kwei bochare-zuru taane mo
o ta dede‑m.
O na zuri o yera de nmo konto to,
ko ba jege kuri ko pa‑m na?
12Bɛŋwaane mo nmo ware n bane
se n ja pa se n yibia leiri?
13Nmo nam pɛ se n bane zaŋe de Wɛ,
ye ta-yɔɔro yerane tɔge n ni ne
ya nwoŋa.
14Nabiinu wó wane o taa ye wose na?
Kaana na loge balo maama to wone
wɔ mo jege chega Wɛ yiga ne?
15Ko ná maŋe ko ye
Wɛ malese-laaro tete de,
o ba ke o teena se wone.
O maa wo sɛ we wɛyuu baŋa
jei sem ye wose o yiga ne.
16Nabiina laam wó taa ye tetɛ mo
o tei ne?
Ba boboŋa tiini ya pɔ mo,
ye ba toŋe lwarem
ne na mo ba jege ba nyɔ to.
17Jeini konto chemm se a maŋe wonnu se n ni te kuri.
Yage se a ta a yi na nɛ kolo to
a bere‑m.
18Ko nam ye swa tiina na nɛ kolo faŋa
ye ba ta ko taane jaja to mo.
Ba kwoa de déem ma bere-ba
swa yam konto.
19Banto yerane mo jwoŋi tega kam
Wɛ tei ne.
Sa-teena maa ba jege chwoŋa
se ba gane-ba.
20Puseŋ-nyena de nankɔ-nyena
wó na yaara mo taa,
se ba ŋwea bena yam maama
ba ya ti.
21Ba ni kwori mo ba zwa wone
pa se foone zo-ba.
Yazura ná yi-ba de,
venverena mo beene ba baŋa.
22Ba maa ba jege teena
se ba lu lim wone,
se-zɔɔro na jaane chɔgem
te ba ba baŋa to ŋwaane.
23Duura mo wó taa kare ba jaane
jei maama ne
se ba di nɔɔna bam konto ya-nɔna.
Ba maa yei we ba ba jege jwa,
se lim yerane mo lage
de kwoli-ba.
24Lwia dedɛ jege-ba,
pa se ba tiini ba kɔre foone.
Foone maa wó wane-ba de di,
ne pɛ wolo na kwaare jara
de o dona to.
25Puseŋ-nyena bam liligi ba nwa
Wɛ yiga ne,
ye ba dwoni de Dam-fɔrɔ Tu
Wɛ wom mo.
26Ba maa jege de Wɛ
ne jar-keira balo na duri
se ba ja jara yam ba yi‑o tei to.
27Puseŋ-nyena bam yɔɔre ba nu mo
bigila bigila, ye ba yera duna.
28Ba nam zoore teene delo na jigi di-dwonnu to wone mo,
mɛ seeni na wo maŋe se nɔɔn-nɔɔno taa zoore da to.
Ba sam dem lage de to tega ne
de ji weero yerane mo.
29Ba daa bá taa ye naduna.
Ba jejegero tem de maa bá dáane
ye te jei.
Ba wonnu tem bá puli
se te yi tega kam ni maama.
30Ba bá na chwoŋa se ba lu
lim dem wone.
Ba nam wó taa ye ne teeni delo nɛ
na jaane mini to mo.
Wɛ ná sii o yage ba yera ne,
ba wó yɔɔre ba jei mo.
31Puseŋ-nyeno nam yé gane o tete
se o kwei o teena o daŋe wo-yɔɔro baŋa ne.
Kokuri o na wó na nyɔɔre delo to
ye wo-korro yerane mo.
32O bá yi o maŋa de o na kwaare,
ne konkwara kalo daa
na bá kwi vɔɔro to.
33Kotu ta wó taa ye ne Vini tio
na yage ko bi-kanywaano
ko de tega ne tei to mo,
de Olivi tio punnu na kwori
te toe tega ne tei to.
34Ko ná ye balo na ve Wɛ chwoŋa tɔgem to,
ba kɔgɔ kom bá daare dwi
tega kam baŋa ne.
Mini mo wó zwɛ ba sam dem maama,
ba na lɔge-de kalipera baŋa ne to ŋwaane.
35Ba yeini ba ja chanɛɛre puga mo,
ye ba puga kam virigi lwarem.
Bu wolo ba na wó lo to
maa ye gengana.”",https://www.bible.com/bible/3661/JOB.15.KBG
JOB 16,"Job na leiri tei to
1Job ma leiri o we:
2“Amo maŋe a ni ta-dwoa
yalo abam na tɛ de amo to dedɛ.
Á taana yam nam ba zuri
amo bochare kɔtaa!
3Abam na tiini á ŋɔɔne ta-yɔɔro
telo to bá kweeli na?
Bɛ mo daane abam
pa á ba yage te ŋɔŋa?
4Abam ya ná nɛ cham
ne amo na nɛ tei to,
a ya wó wane a ŋɔɔne
ne abam na ke de amo tei to.
A ya wó ma ta-fare a bwɛ abam,
ye a dole a yuu abam yiga ne.
5Amo ni taane nam ya wó ke dam
de ke á kuri ne mo,
se á bochara zuri a ŋɔŋa kam ŋwaane.
6Ko nam na ye tei to,
amo ná puri a ni a ŋɔɔne,
a ba sii de zonne delo na jege-ne to.
A ya ze ná chem de,
amo cham dem yɔɔre
de wora mo taa wuu.
7Chega to, Wɛ yɔɔre o pa
a yera chɛ mo,
ye o daare o chɔge
amo sɔŋɔ tiina maama.
8O ma ja-ne o vɔ
pa ko zo a yera dedɛ.
Amo na tiini a bugi tei to mo pae
nɔɔna tɛ ba we, a ba jege chega.
9Wɛ ma yɔɔre o chuli-ne
ye o tɔge o ban-lom baŋa ne
o ja-ne o tore,
ne ga-varem na ke tei to.
O nii-ne de yi-soŋo se o chɔge-ne mo.
10Nɔɔna kare ba jege-ne ba mɔna mo,
ye ba daare ba lɔe a popwaano.
Ba maa ke ni daane
se ba dwoni de amo.
11Wɛ yɔɔre o kwei amo o ke
nɔn-balwaaro jeŋa ne mo,
pa a to puseŋ-nyena jeŋa ne.
12Amo déem jei de bochare-zuru,
ye o laam ba o chɔge-ne.
O ma sɔ a ba ne ye o daare
o dole-ne o de tega ne.
Wɛ bole amo mo.
13O taŋa chena foore
ya tui amo baŋa.
O ma ta-ne o zɔ
a tapwale-bia bam seeni,
ye yibwona tera.
A wo loro tete tage te nwoŋi
te to tega ne mo.
14O yɔɔre o zaŋe amo baŋa ne mo
kuni dedɛ,
ne babea na zo jara wone tei to.
O ma pi o nwoŋi se o jeeri-ne de jara.
15Amo tiini a wo keira ne mo,
ye a daare a zo gare-nyenyaaro
a jei.
A kwei a dam maama
a suli tega kuri ne.
16A yɔɔre a keeri mo taa
pa a yia ba ya seene.
A yibia maama foose mo
a keira kam ŋwaane.
17De ko maama de,
amo wo ke nankɔɔre
a ma a chɔge nɔɔn-nɔɔno yiga.
A maa ná lwoori Wɛ,
a wo chɔge o yiga.
18Ko wo maŋe se a jana bam ba
ba suli tega ne,
ye nɔɔn-nɔɔno wo lɔre ko ni ne.
A keira kam ba jege se ka seigi.
19Wolo na zege amo kwaga ne to
nam maŋe o wo Wɛ telaao ne.
Wonto mo wó ŋɔɔne o pa-ne.
20Amo badwonna bam gwooni-ne mo.
Amo nam keeri dedɛ
a kane yi-na a lwoori Wɛ,
21se nɔɔno mo zo nabiinu de Wɛ
tetare laŋa ne,
se o kwɛ debam daane,
ne nabiinu na ŋɔɔne
o pa o dwoŋi tei to.
22Kokuri bena fenfee yerane mo daare,
se amo laam kwei chwoŋa
a vo mɛ nɔɔna na vei
ye ba daa ba jwoori to.”",https://www.bible.com/bible/3661/JOB.16.KBG
JOB 17,"Job ta ma ta o we:
1“A daa ba jege ŋwea teena.
Amo da yam bwola se ya ti.
Ba laam maa wó ke-ne
yibeeli wone.
2Nɔɔna dedɛ mo jege-ne ba mɔna,
pa se a yɔɔre a na
ba na chuchugi-ne tei to.
3Wɛ, nmo yerane mo a nia
se n zege daare n pa-ne.
Nɔɔn-nɔɔno daa tera
se kotu zege a kwaga ne.
4N pɛ se a badwonna bam boboŋa se mo
pa ba ba lɔre lɔra.
Konto ŋwaane yé pa
se ba wane amo ba di.
5Wolo ná nwoŋi o badwonna bam kwaga ne
se o ma o na nyɔɔre,
kotu bia yia wó dwei mo.
6Wɛ pɛ se amo ji wo-mɔnɔ
nɔɔna tei ne mo.
Ba maa twe lileeru
ba yage a yera ne.
7A yia yam yɔɔre ya dwei,
a wo na tiini ko chɔge to ŋwaane.
A yera maama ma yɔɔre ya ti.
8Nɔn-ŋona ye yaau mo
de kolo na yi amo to.
Ba bane maa wɔe balo na ve
Wɛ chwoŋa tɔgem to ŋwaane.
9Balo na wo ba chega wone to
nam yɔɔre ba tɔge ba chwoŋa.
Ba dam dem fɔge de ke de ke da mo,
ba na ba jege tusim to ŋwaane.
10Abam maama nam jwoori-na á ba
se á kwaane á korese-ne!
A nam ta bá na yi-pore-nyem á wone.
11Amo ŋwea da yam gɛ fenfee
se ya ti mo.
A boboŋa ya na jaane se a ke
wonnu telo to daa bá ke.
A teena maama de ma ti.
12A badwonna bam pae se lim
pipiri de ji te-pora.
A maa wo lim wone ye ba tɛ we,
‘Wea pwooni bwola mo.’
13Amo laam na jei a cheigi
se a zo sɔŋɔ kolo wone to mo
ye a yibeeli dem.
A wó vo churu a taa tigi lim wone.
14A maa wó ware gwoŋo kom we,
‘A kwo,’
ye a daare a ta de tóa we,
‘A nu, de a nakɔ, de á lei.’
15Amo teena yam nam daŋe
bɛ baŋa ne mo?
Wɔ mo wó wane o lɔre
a ná jege jwa?
16Teena yam konto wó da ya vo churu
se dé tɔge daane dé vo
dé taa tigi da na?”",https://www.bible.com/bible/3661/JOB.17.KBG
JOB 18,"Bilidad na leiri tei to
1Suuhi tu Bilidad ma leiri o we:
2“Nmo lage n ŋɔɔne tento
n vo n maŋe yein-seeni mo?
Ja swa se dé laam taa ŋɔɔne daane.
3Nmo boŋe we debam ye vara mo
n yiga ne na?
N pae dé ye nɔn-jworru mo na?
4N tɔge n ban-zɔŋɔ kom ŋwaane mo
n fere n tete n ke zonne.
N nam boŋe we tega baŋa kam
wó da nmo ŋwaane se ka pa
nabiina viiri ba daare-ka na?
Kandwa-zana de maa wó guri
ya na tigi mɛ to,
se ya vo ya to jei-gaa ne na?
5Ko ná ye puseŋ-nyena bam,
ba ŋwea pwooni dem
wó pɔpɔ de dwei mo.
Ba min-vogo pwooni daa bá zaŋe wɛɛne.
6Ba vwoa yam wo pwooni
yeini de ji lim mo,
ye ba min-zwoŋo kom de dwei.
7Ba daane ba nɔne ba na-baara yam
bwom yerane mo.
Ba kwea yam mo de-ba tega ne.
8Ba nɛ sem yeini se ja-ba se vo
se de gwoŋo wone,
pa se ba maŋe da.
9Kalanchogo mo yɔɔre
ko sɔ ba nagwola,
pa se ba ware ba tete se ba vere.
10Ŋona de ka kaleiro mo
ba seigi tega kam ne,
se ka ja-ba ba chwoŋa kam ne.
11Lɛɛro dwi dwi mo fugi-ba
jei maama ne,
pa se foone tiini de jege-ba.
12Ba dam maa lage de jei,
kana na jege-ba to ŋwaane.
Ba ná tiri ba to tega ne,
lɛɛro mo wó ba ba baŋa.
13Jawe-chɛɔ wó di ba yera yam
daa kadwoŋi,
pa se ba ya-nɔna yam moore,
ye toone de ja-ba.
14Ba yɔɔre ba fe-ba mo
pa ba nwoŋi ba vwoa ne,
mɛ ba ya na jei de yazura to,
se ba vo ba te dam toone.
15Nɔn-gɛ maa zoore
ba vwoa yam wone,
ye chilibugu mo ba kwei ba lwo da.
16Puseŋ-nyena bam nye de
teeni delo kuru de de nɛ sem
na kwaare to mo.
17Ba yere yɔɔre de saare mo
logo baŋa ne,
ye nɔɔn-nɔɔno daa ba guli ba gula.
18Ba zeili-ba mo
pa ba nwoŋi pwooni wone,
ye ba zo lim wone.
Ba yɔɔre ba le-ba logo kom wone mo.
19Ba maa wo daare dwi ba teo kom ne,
se ko jwa bwoŋi ba yere.
20Nabiina maama ye yaau mo
de kolo na yi puseŋ-nyena bam to,
ko ná ye balo na zoore
wɛ-zoore seeni to
de balo na zoore
wɛ-puli seeni to de.
21Chega ŋwaane to,
wɛleere-keira na wó guri tei to
mo konto.
Ba sam dem wó chɔge mo,
ba na yeiri Wɛ to ŋwaane.”",https://www.bible.com/bible/3661/JOB.18.KBG
JOB 19,"Job na leiri tei to
1Job ma leiri o we:
2“Abam lage se á tɔge
á botare bia bam ŋwaane
á pa ko zo a yera
á vo á maŋe yein-seeni mo?
3Chaveera ta ba jege abam
de á na bwɛ-ne kuni fuga tento to na?
4Ko nam ná seene ko ye chega we
amo tusi mo,
ko wó taa ye amo yu-wɔrɔ mo,
se ko dae abam yiga.
5Abam boŋe se á bere á tete mo
amo baŋa ne.
Á ta maa pae ko ye amo tusim ŋwaane mo a nɛ a chaveera.
6Nam lɔre-na we ko ye Wɛ yiga mo
pa yaara yanto maama ba a baŋa.
Wonto mo chege kalanchogo
se o ma o ja-ne.
7Amo ná laare mo we,
‘Vuvuga tu a baŋa!’
nɔɔn-nɔɔno ba leiri-ne.
A nam ná beeri wolim,
ba ba pae a jege chega.
8Wɛ chege a yiga mo se a yé na chwoŋa a tɔge da a kɛ.
O ma daare o pa lim kwoli
a chwei sem maama.
9O jaane a zula maama mo o jwoŋi
o daare-ne o zege bwori,
se a daa yé taa jege paare a di.
10O maa yɔɔre o mage-ne o de tega ne,
pa se a jei.
Ko ta ná ye teena yalo a ya na jege to,
o vaŋe-ya o gɔ o yage mo,
ne ba na ke tei de tio kolo
ya na jeiri ko zege to.
11O ban-lom dem wo amo baŋa ne mo,
ye o jeeli amo o ke balo
na ye o dona to wone.
12O jar-keira bam gwɛ de dam mo
ba beena.
Ba yɔɔre ba kwɛ chwoŋa mo
ba tiŋi se ba yi amo,
ye ba chwi ba vwoa
ba gilimi-ne ba ke tetare ne.
13Wɛ ta ke se amo de a chorro tem
taa ware daane mo,
se a badwonna de a fara
de nwoŋi a kwaga ne.
14A chorro maama duri ba daare-ne mo.
A badwonna de ma swei a swia.
15Amo sɔŋɔ veira de a tontoŋ-kana bam maama laam nii-ne
se a taa ye sa-teeno mo a pa-ba.
16Amo ná bwoŋi a tontoŋeno wolo,
kotu bá sɛ se o leiri-ne,
de a na tiini a lwoori‑o
se o duri a ŋwaŋa tei to de.
17A ná sii a yera vio,
ko lwoi a kaane momwa ne mo.
A diga tiina maama de neese-ne
pa ba duri ba daare-ne mo.
18Bu-balwa tete lɔŋe-ne mo.
A maa ná zaŋe wɛɛne,
ba jege-ne ba ke ba mɔna.
19A badwoŋ-swonnu maama de
daa vae a ni taane,
ye ba duri ba daare-ne.
20Amo yɔɔre a di maama mo a ti
a daare kwi yerane.
A momwa ta na sii to mo
se ko daa dae ŋwea mo amo jega.
21Amo badwonna bam, ja!
Kwaane-na se á duri a ŋwaŋa,
se Wɛ yɔɔre o mage-ne
o de tega ne mo.
22Bɛŋwaane mo abam de pare-ne
se á ja nenɛɛne Wɛ na ke tei to?
Ko na tiini ko chɛ amo yera ne tei to ta wo su abam yi na?
23Nɔɔno ya ná wó wane a ni taane
dento o popone o tiŋi tɔnɔ wone,
ko ya wó taa lana dedɛ.
24Ba ná kwei luu ba sare-de
ba ke peo yera ne,
a botare bia bam ya wó taa wora
taa wuu.
25Amo nam yei we wolo na bore
o pa-ne to ŋwe.
Wonto maa wó zaŋe o ŋɔɔne
o pa-ne se ko kweeli.
26Jaweo nam ná di a ya-nɔna yam mo ko ti de,
amo ta wó na Wɛ
ko tɔge a yera yanto wone.
27Chega to, amo tete mo lage a na‑o
de a yia, se ko dae we nɔn-gaa.
A nam yɔɔre a jei a teena
se a na‑o mo.
28Abam tɛ á tete ne we:
‘Pa-na dé yɔɔre dé pare‑o dé ja.
O tete mo jaane cham dento
o ba o pa o tete.’
29Nam kɔre-na foone
de Wɛ na lage o waare abam tei to!
Wɛ wó tɔge o ban-lom dem baŋa
o kwei o se-zɔɔ,
pa se á lɔre we
o seene o di nabiina taane.”",https://www.bible.com/bible/3661/JOB.19.KBG
JOB 20,"Zofara ni taane
1Naamatia tu Zofara ma ta o we:
2“Nmo taane dem yɔɔre
de vevele a wo mo,
ye ko maŋe se a daa ta taane
a woli da,
a boboŋa na daane-ne to ŋwaane.
3Nmo ni taane dem ye toro mo
de pa-ne.
Amo de nam wó da yi-poro ŋwaane
a ta a ni a leiri‑m mo.
4Nmo nam yei ko na maŋe
ko ye tei faŋa faŋa,
ye ba bobo ba ke nabiina
ba yage tega kam baŋa ne to.
5Wopwolo kolo puseŋ-nyena
na yeini ba nae to mo ti lela.
Wɛ-lwɛɛna de na di ywoni delo to
maa ba dáana.
6Ba wae ba zeiŋi ba vɔna
se ya di wɛ-baŋa,
naa ba kwoni ba yuni wɛɛne
se te dwei wɛyuu kom de.
7De ko de, ba lage ba ba
ba ji teero mo ba jei wuu,
se balo ya na yei-ba to taa bwei we,
‘Ba wo yein-seeni mo?’
8Ko wó ke-ba ne nɔɔno na dwɛ dendwɛ
ye de kɛ lela tei to mo.
Ba lage ba jei mo,
nenɛɛne tete wo dendwa
na ye tei to.
9Ba fara de ba sɔŋɔ tiina daa bá na-ba,
ba daa na tera to ŋwaane.
10Puseŋ-nyena bam bia mo jege
se ba jwoori ba yiri jena yalo
ba kwoa na vere yiniga tiina tei ne to.
11Chega ŋwaane, ba ta ná wo
ba nɔn-donne maŋa ne,
ba wó ba ba te mo
de ba dam maama.
12Lwarem kikia sona ya pae
puseŋ-nyeno mo,
pa o yɔɔre o jege-ya o tɔna.
13O maa vae se ya ti o ni ne,
ye o laam liri-de fee fee.
14O wodiu kom konto nam ná yi o wo,
ko wó pipiri ko ji wo-gaa mo.
Ko maa wó ji basankwea vea
o puga ne.
15Ko ta ná ye jejegero telo
kotu na ligi puseŋa baŋa ne to,
Wɛ nam wó pa o tɔne-te o yage.
16O wó mu kapaa vea mo.
Basankwea maa wó done‑o ka go.
17Kotu bá di ywoni tega baŋa
wo-laaro tem baŋa ne,
ne te ná ye tooro de nayel-pepala
na tigi yɔɔ ne bu-dura to de.
18O nam ta wó ga wonnu telo maama
o na yaare te ŋwaane
ye o wo di te ywoni to mo.
O maa bá na o totoŋa yam nyɔɔre.
19Kokuri to, o tiini o bɛɛse yiniga tiina
ye o daare-ba o zege bwori.
O ma vere sam delo o na wo lɔge to,
se o taa zoore de wone.
20O nam bá toŋe o su o fera pa se o sii.
O maa yeini o puuri wonnu telo maama o yi na su to.
21O ná di o ti, kolokolo daa ba daara.
Mo kokuri, o wonnu bá dáane
ye te jei.
22O ná maŋe o na kolo maama
o ya na beeri to,
lwia ta wó taa jege‑o.
Wo-chechɔgɔ de maa wó tiini
ko ja‑o.
23Puseŋ-nyeno wom ná wora o di
o su o fera,
Wɛ ban-lom dem wó ba o baŋa,
pa se ko tiini ko chɛ o yera.
24Kotu ná kwaane se o duri
o daare luuru jara zela,
channa chichwei mo wó zɔ‑o.
25De na moore de maŋe
o yera ne to mo o vaŋe-de
o le o wo loro ne,
ye de ni dem nyeena.
Foone ma tiini de zo‑o.
26Lim wó yɔɔre de kwoli
o lonne wonnu tem maama.
Mini delo nabiina na wo ke to
nam mo wó di‑o,
ye de daare de zwɛ o jejegero
telo maama na daare to kula.
27Wɛyuu kom wó bere o tusim dem mo jaja.
Tega kam baŋa de maa wó pa maana we, o ke o chɔge.
28Na-fwaaro mo lage te chuuri
te chwooli o sɔŋɔ kom te ja te jei
Wɛ ban-lom dɛ dem ne.
29Puseŋ-nyeno wom na wó ba
o guri tei to mo konto.
Wɛ mo maŋe o sɛ we
konto taa tiga kotu ŋwaane.”",https://www.bible.com/bible/3661/JOB.20.KBG
JOB 21,"Job ni taane
1Job ma leiri o we:
2“Fɔge á cheigi-na taane delo a na jege se a ta to,
se ko pa amo bochare zuri.
3Zuri-na á yera se á cheigi a taane dem.
Ko kwaga seeni, á laam wae
á daa ta‑á jege-ne á mɔna.
4Amo de nabiina mo jege
ni-kantɔgɔ daane na?
A na ware a tete se a ja to,
ko dae ko chwoŋa ne na?
5Yɔɔre á nii-na amo,
se á daare á ja á nia,
ye á ta ta‑á teili á popwaano.
6Amo ná boŋe kolo na yi-ne to boboŋa,
a nagwola wó te mo.
A yera maa sae pɔm-pɔm de foone.
7Bɛ mo tei pa puseŋ-nyena taa ŋwe
ba dáana tega baŋa ne,
ye ba fɔge ba nae dam
pa de puli de pa-ba?
8Ba jei mo ye ba nae ba bia nɔn-keiri,
pa ba dwi dem puli de pa-ba.
9Kolokolo ba daane-ba ba sam wone.
Wɛ bane de nam ba zaŋe de-ba
se o waare-ba.
10Ba naane tete de puli dedɛ mo
de pa-ba,
ye de dedoa de bá chaare
ko puga ko yage.
11Ba maa pae ba bia kare ba kwɛɛre mo
ne pei-kɔgɔ dwoŋi tei to.
Ba bu-balwa bam sae mo
ye kolokolo ba daane-ba.
12Ba maa jege senyɛ de kwanno
ba leeni lei.
Ba ta wui wi mo ba ke sɔɔ
ba ma di ywoni.
13Puseŋ-nyena bam ŋwea maama wone,
ba yɔɔre ba jege wo-laaro mo ba di,
ye ba laam ba ba te ba tete toone.
14De ko de, ba ta tɛ de Wɛ mo we,
‘Yage dé yera!
Dé yiga tera de n bera yam.
15Dam-fɔrɔ Tu wom ye wɔ mo
pa ko maŋe se dé taa zuli‑o?
Dé ná vei o tei dé ware‑o,
bɛ nyɔɔre mo dé wó na?’
16Ko nam dae ba tete totoŋa
baŋa ne mo
ba wonnu vei yiga te pa-ba.
Amo nam bá sɛ se a tɔge puseŋ-nyena bam konto bera yam.
17Puseŋ-nyena bam ŋwea pwooni nam yeini de dwei
de pa-ba mo na?
Ba yeini ba zo lɛɛro wone na?
Wɛ yeini o tɔge o ban-lom dem ŋwaane
o pa ko ni-ba mo na?
18Ko yeini ko ke-ba ne ga-korro
naa swanno telo vio na kale
ko jege ko maa jia tei to mo na?
19Abam tɛ we,
‘Wɛ wó pa wɛle-keiru bia
ŋwe ba kwo wɛleera jene.’
Ko ya maŋe se Wɛ yɔɔre o waare
wɛle-keiru tete mo
se o lɔre ko ni ne.
20Ko nam maŋe se kotu tete yia
mo na o waarem,
se o nyɔ Dam-fɔrɔ Tu wom
ban-zɔŋɔ na-zoŋa kam wone.
21Kokuri o ŋwea da yam ná tu
ya kweeli ye o te,
o yiga daa tere o kwaga kam wone.
22Wɔ mo yi se o wane
o bere Wɛ yeino?
Kokuri Wɛ mo bore nɔɔna maama,
de wɛyuu dedɛɛra bam de.
23Nɔɔno wodwoŋi wae
o jege o yazura taa,
se o laam vo o te de-ya
ye kolokolo ba fɔge ko daane‑o.
24Kotu ye-daa ta nugi lanyerane,
ye o yera de dana chekke
ne nɔn-doŋo tei.
25Nɔɔno wodwoŋi de maa wó wane o te
ye o ya maŋe o ba jege teena.
Kotu wo di ywoni o ŋwea wone
de fenfee de.
26Ko nam na ye tei to,
ba maama tege mo,
ye ba tigi daane tega kuri ne.
Tóa mo wora ka mu
ba maama yera yam.
27Amo nam lɔre boboŋa yalo
á na boŋe á pa-ne to.
A yei we á yɔɔre
á boŋe amo chɔgem mo.
28Abam nam kare á tɛ we,
‘Nɔn-yum sɔŋɔ kom laam
wo yein-seeni mo?
Puseŋ-nyena bam ya na zoore mɛ to daa bɛ?’
29Abam ta wo lare de balo na kare
ba beeri jei maama ne to
se ba ta kolo na wora to
ba bere abam na?
30Ba wo pɛ se á maane we,
Wɛ ná pɛ se lɛɛro ba nɔɔna baŋa
o ban-lom dem ŋwaane,
nɔn-balwaaro yeini ba lu
o waarem dem wone mo na?
31Nɔɔna ba sɛ se ba gwi puseŋ-nyeno de o tusim kikia.
Ba nam ba yiri jene
kotu wɛleera ŋwaane.
32O nam ná tega, ba yeini ba keeri
o lua lanyerane,
ye ba fɔge ba yere o yibeeli.
33Ba wó suli kotu bwol-laao wone mo,
ye tega kasolo kom tete bá daane‑o.
O lua kam de wó neene mo
de kɔ-fɔrɔ.
34Ko na seene ko ye konto to,
abam nam wó ke tetɛ mo
á da á ta-yɔɔro tem ŋwaane
á zuri amo bochare?
Á na leiri a taane tei maama to
ye á gane-ne mo!”",https://www.bible.com/bible/3661/JOB.21.KBG
JOB 22,"Elifaza ni taane
1Teman tu Elifaza daa ta ma ta o we:
2“Nabiinu jege bɛ nyɔɔre mo o pae Wɛ,
o ná maŋe o ye swa tu
tei maama de?
3Nmo ná yɔɔre n ye chega tu,
Dam-fɔrɔ Tu wom yiga
wó taa wo n wone mo na?
Tusim ná tera n ŋwea maama wone,
Wɛ wó na nyɔɔre n baŋa ne na?
4Wɛ na bwɛ nmo tei to,
ko ye n na kɔre‑o to ŋwaane mo na?
Konto ŋwaane mo o lage
o di n taane na?
5Ko nam dae konto!
Chega to, n lwarem kikia tiini
ya daga,
ye n wɛleera de gaale.
6Nmo fe n chorro se ba tiŋi daare
n jene ŋwaane,
ye n vere ba gwaaro kafɛ ŋwaane
n daare-ba pa ba zege bwori.
7Ko ta ná ye balo na bugi to mo,
n ve se n pa-ba na.
N ma‑n vane balo kana na jege-ba to wodiu.
8Nmo ya seene n ye dedɛɛro
ye n tei tega.
N ma‑n zoore ka baŋa ne
ye nɔɔna nege‑m.
9De ko de, n ve se n woli kadeina,
ye n pa ba viiri de je-yaara.
N ma‑n bɛɛse botara n woli da.
10Konto nam mo tei pae n cham ba fɔge de tia,
ye foone pɔpɔ de ja‑m.
11Ko ma pa se lim kwoli‑m
pa n ba nae chwoŋa.
Na-fɔrɔ de maa yeini ko ba
ko lini n jei sem.
12Wɛ seene o wo wɛyuu ne mo
baŋa baŋa.
Ta fɔge n nii chalechwe sem
na wo wɛɛne tei maama to.
13Nmo nam tɛ we,
‘Wɛ wó wane o lɔre kolo
na jege ko toŋe to na?
O wó ke tetɛ mo o di debam taane,
yibiri na kwoli‑o to ŋwaane?
14Kunkwon-lilirru kwoli‑o mo
pa o ba nae debam.
O ta maa kare wɛyuu siseina yam ne o via.’
15Nmo nam bá yage faŋa faŋa chwei sem tɔgem,
ne wɛle-keira na maŋe ba ke tei to na?
16Banto tege mo ye ba dɛ wo yi.
Na-fɔrɔ mo tu ko chwooli-ba
ko ja jei,
pa se ba daa ba jege zega jei.
17Ba déem ve Wɛ mo ye ba we,
‘Yage dé yera chemm!
Dam-fɔrɔ Tu wom wó wane debam
o ke bɛ mo?’
18Ko déem nam ye Wɛ mo pɛ-ba wo-laaro,
ye te su ba sam dem maama.
Amo nam bá sɛ se a tɔge puseŋ-nyena bam konto bera.
19Nɔn-ŋona wó na puseŋ-nyena chɔgem,
se ba taa chaka de wopwolo.
Balo na jege chega to
wó taa mɔne-ba ye ba we,
20‘Dé dona bam jei,
ye mini zwɛ ba jejegero
telo na daare to maama.’
21Konto ŋwaane, sɛ n pa Wɛ
se ko pa n bochare zuri.
Konto baŋa ne mo
n wonnu maama wó yɔɔre chwoŋa
te pa‑m.
22Sɛ se n jwoŋi Wɛ bera yam,
se n daare n kwei o ni taane dem
n ke n bochare ne.
23Nmo ná pipiri n jwoori
Dam-fɔrɔ Tu wom tei ne mo,
nmo wó na n tete.
N nam jege se n le puseŋa kikia maama n sɔŋɔ ne,
24se n daare n kwei n sabu-seŋa
n dole n yage tega ne.
Ka ná maŋe ka lana
ye ka nwoŋi Ofiri de,
kwei-ka n yage nabara kandwa
tetare ne.
25Dam-fɔrɔ Tu wom tete laam mo
wó leiri o ji n sabu-seŋa,
de n lu-nyenno telo na seene
te ye chekke to.
26Nmo ná ke konto,
n laam wó di ywoni
Dam-fɔrɔ Tu Wɛ wom ŋwaane,
ye n yuu zeiŋi wɛɛne o yiga ne.
27Nmo ná lwoori kolo maama o tei ne,
o wó cheigi n lworo kom.
N ta wó ke n su n na pwooli
se n ke kolo maama n pa‑o to.
28Nmo ma‑n ná boŋe n ja se kolo ke,
ko jei da mo.
Pwooni wó taa tigi n yiga ne
se n ta‑n wae n tɔge chwoŋa.
29Nɔɔna ná to tega ne, ye n ná tage we,
‘Pa ba zaŋe wɛɛne’,
Wɛ wó seene o zeiŋi balo
na tu ba tete to wɛɛne.
30Ko ná maŋe ko ye wolo
na ba jege bora to,
Wɛ wó jwoŋi‑o o yage,
nmo je sem na toŋe chekke to ŋwaane.”",https://www.bible.com/bible/3661/JOB.22.KBG
JOB 23,"Job ni taane
1Job ma leiri o we:
2“Zem tento to,
a yɔɔre a poone dedɛ mo,
a bane na wɔe to ŋwaane.
Wɛ tiini o pa ko zo a yera,
de a na suuri tei maama to.
3Amo ya ná yei mɛ a na wó vo
se a na‑o,
a ya wó vo o na zoore mɛ seeni to,
4se a tole a taane dem a bere‑o,
se o lɔre ko na seene ko ke amo tei to.
5A laam maa wó lɔre o na jege kolo
se o leiri o pa-ne to,
ye a ni o ni taane dem kuri.
6Amo ya ná zege Wɛ yiga ne,
o ya wó kwei o dam-fɔrɔ kom
o ma o mage ni-kantɔgɔ de amo na?
Kɔtaa! O nam wó cheigi kolo
a na jege se a ta ded‑o to mo.
7Dáane mo wolo na jege chega to
wó na chwoŋa
se o tole o taane o bere Wɛ.
Konto to, Wɛ laam wó bore o pa-ne,
se a taa tei a tete taa wuu.
8Nii-na! Amo ná vei wɛ-puli seeni
se a beeri‑o, a bá na‑o da.
A maa ná kɛ wɛ-zoore seeni de,
o tera dáane.
9O ta ná vei jagwia seeni naa jazem seeni se o taa toŋa,
amo ba na‑o dáane de.
10Wonto nam yei amo na-veili maama.
O wora o faŋe-ne mo o nia,
ye o ná ke konto o ti,
amo wó taa ye chekke mo
ne sabu-seŋa dwoŋi to.
11Amo de nam tɔge o nɛ-bwora kam chekke mo.
A maa wo ywori o chwoŋa kam wone.
12A yeini a ke a tɔge o nia yam
na bere tei to mo.
A maa ke o ni-botare sem
a boboŋa ne,
ne se ye a ni-wodiu mo tei.
13Wɛ nam ye o yera mo,
ye nɔɔn-nɔɔno ware o yiga
se o che.
O ke kolo maama o boboŋa
na lage to mo.
14O wó ke kolo maama o na boŋe o ja
se o ke de amo to mo o ti.
Wonnu dedɛ daa ta daare
se o ke amo baŋa ne,
ne o boboŋa yam na ye tei to.
15Konto nam mo pae se a tiini
a fona o yiga ne.
A ná boŋe boboŋa o seeni,
foone wó ja-ne mo.
16Dam-fɔrɔ Tu Wɛ wom pɛ se
amo vɔna pare mo,
o na jege-ne o fuga to ŋwaane.
17Amo nam na jei yibiri wone
ye lim kwoli a yibia maama to,
a ta bá maŋe da chemm.”",https://www.bible.com/bible/3661/JOB.23.KBG
JOB 24,"Job ta ma ta o we:
1“Bɛŋwaane mo Dam-fɔrɔ Tu Wɛ wom wo kwei maŋa o tiŋi
se o ma o di nɔn-balwaaro taane?
Bɛ mo ke ye balo na sɛ‑o to
beeri o borem da yam ba ga?
2Nɔɔna swoi se ba taa di ba zoore
ba dwonna siseina wo,
ye ba daare ba vere ba dwonna vara ba jege ba kɔna.
3Ba ta vere botara bonɛ mo
ba kale ba ja viiri,
ye ba daare ba jwoŋi kadeina nabɛ jena ŋwaane.
4Ba yeini ba yigi nabwona mo
se ba ywori chwoŋa ne,
ye ba fe yiniga tiina maama
pa ba duri ba seiga.
5Yiniga tiina wó taa kare kagoa yuu ne ba beeri wodiu,
se ba de ba bia taa di,
nenɛɛne kagoa wo bonɛ
de na ke tei to.
6Ba laam maa wó taa vei pwoli wone
se ba zage se wodiiru tem.
Ba ta maa vei puseŋ-nyena kare ne
ba lare mena.
7Tete ne ba ta tigi waaro yiga ne mo bwori,
ba na ba jege woŋo se ba ma kwoli ba tete to ŋwaane.
8Ba wó taa kare peero tem
gugworru ne mo ba seiga,
ye do-fɔrɔ mage-ba, ba na ba jege dalem jei to ŋwaane.
9Nɔɔna ná jene sabu ba pa yiniga tiina,
ba laam wó vere ba bia mo
jene dem ŋwaane,
ko ná maŋe ko ye kadeim bu de.
10Yiniga tiina kare ba vei bwori mo,
kolokolo tere ba yera ne.
Ba maa toŋe kare wone
de kan-wea.
11Ba yeini ba kane Olivi tio-bia
se nuga nwoŋi,
ye ba daare ba ŋoke Vini tio-bia
se sa-doora taa nwoŋa.
De ko de, na-nyɔm ta jege-ba mo.
12Nɔɔna dedɛ mo tigi teo kom pwoli ne,
ye ba vuvuna de cham,
ba na nɛ zonne ye ba lage ba te to ŋwaane.
De ko maama de,
Wɛ ba bwɛ wɛle-keira bam.
13Nɔɔna badwonna yɔɔre ba chuli pwooni dem mo.
Ba maa vae se ba taa tɔge
de chwei sem.
14Wɛ dem ná yeini de zwori de ti,
nɔn-gora jege yiniga tiina
de nabwona mo ba goe.
Badaara maa kare ba ŋɔne
nɔɔna wonnu tete ne.
15Baara badwonna maa jei
ba cheiga se tega yi,
se ba beeri nɔɔno wodwoŋi kaane ba peini ded‑o.
Kokuri ba boŋe we tete ne mo
nɔɔn-nɔɔno bá na-ba,
ba na seigi ba yibia to ŋwaane.
16Tete ne mo venverena zoore
nɔɔna sam wone ba vere-ba.
Se ko ná ye wea ne,
ba pe ba ni mo diga ne,
ba na vae pwooni dem to ŋwaane.
17Banto maama swoi yibiri maŋa mo
ba dwoi pwooni dem,
Ba nam me de lɛɛro telo na yeini te tɔge de yibiri te tui to mo.
18Abam nam tɛ we:
Puseŋ-nyena bam nam ba dáana,
de na-fɔrɔ na kale-ba ba ja ba jei.
Ko ná ye tega kalo
ba na jege ba vare to,
Wɛ sɔɔle lwarem mo o yage
ka baŋa ne.
Nɔɔn-nɔɔno ba vei o toŋe
ba kare sem ne.
19Ne tega kam wulim na pae se nyɔnɔ we tei to,
konto mo toone de yeini de li
wɛleere-keira dwi maama.
20Kaana balo na loge-ba to tete
de yeini ba swei ba ni ne mo.
Tóa mo mu-ba tega kuri ne,
ye nɔɔn-nɔɔno daa ba guli ba gula.
Konto to, puseŋ-nyena nae ba chɔgem,
ne teeni delo ba na gwoni
ba de tega ne to mo.
21Nɔn-balwaaro tem konto
ke ba chɔge kadeina yiga.
Ba ba fɔge ba duri ba ŋwaŋa kɔtaa!
22Wɛ nam mo mae o dam
o jaane dedɛɛra.
O ná zaŋe ba baŋa ne,
ba ŋwea daa dae kolokolo.
23Wɛ wae o yage-ba
pa ba jei de wo-zuru.
O yi nam page ba baŋa ne mo
ye o yere ba kikia maama.
24Ba wó taa diini baŋa
maŋa fee wone mo,
ye ba pɔpɔ ba jei bedwe baŋa ne!
Ba laam maa wó to tega ne,
ne vɔɔro telo na siiri to,
naa ba na zage wodiu kolo ba de tega ne ye ko kwaare to mo.
25Amo nam na tage kolo maama to
ná dae chega,
wɔ mo wae o bere we
a ye vwa-fɔro?
Á boŋe we a ni taane ye kafɛ mo na?”",https://www.bible.com/bible/3661/JOB.24.KBG
JOB 25,"Bilidad ni taane
1Suuhi tu Bilidad ma leiri o we:
2“Paare dim de fon-kɔrɔ
ye Wɛ mo tei-te.
Wonto mo pae wonnu tɔge chwoŋa
wɛyuu baŋa jei sem ne.
3Nɔɔn-nɔɔno ware Wɛ jar-keira bam ni se o ga o ti.
Jei wora Wɛ pwooni dem
na wo yi da na?
4Nabiinu wó ke tetɛ mo
se o na chega Wɛ yiga ne?
Kaana na loge balo to wone
wɔ mo jege wo-pwoŋo chekke?
5Wɛ nam nii chana kam pwooni
we de ba jege dam.
O maa pae se chalechwe sem pwooni de ye kafɛ.
6Nabiina laam wó taa jege kuri mo
o tei ne?
Ba nam nye de kanzwa
de kaloro mo o yiga ne.”",https://www.bible.com/bible/3661/JOB.25.KBG
JOB 26,"Job ni taane
1Job ma leiri Bilidad o we:
2“Nmo boŋe we n zeini
balo vɔna na pare to mo na?
N ma‑n pa se balo na bwona to
dam jwoori na?
3Nii kwea yalo dwi n na kwei
n pa wolo swa na muri to!
N seene n bere we
n yi poore lanyerane!
4Wɔ zeinim mo pɛ n ta
n ni-botare sento maama?
Wɔ boboŋa mo n tɔge ya ŋwaane
n ŋɔɔne konto?
5Chira tigi churu ne mo
ye ba yera sae.
Ba maa wo na-fwaaro tem kuri ne
ye foone jege-ba.
6Churu tete tigi bwori mo Wɛ yiga ne.
Chɔgem jei sem konto
maa wo seigi o yia ne.
7Wɛ lware wɛyuu kolo na jeeri baŋa seeni to o ke ko jeiga ne,
ye ko wo daŋe kolokolo baŋa ne.
O ta ma kwei logo baŋa o pale da,
ye ko wo cheili kolokolo yera ne.
8Wɛ nam ta lage doa na bam maama mo
o vɔ o ke kunkwonnu tem wone.
De ko de, te ba pia
se te na bam taa nwoŋa.
9O ta maa yeini o pa kunkwoŋo
li chana kam na peere to.
10Naneo kom baŋa ne mo
o lɔ siseini o kaare-ko,
se ko pɔɔre pwooni de lim daane.
11Wɛ ná bage o kwora,
ywoa yalo na teili wɛyuu kom to
yeini ya ziziŋi mo,
ko na sɔɔre ya yera to ŋwaane.
12O mɛ o dam dem mo o
wane naneo kom o ja.
O ta ma tɔge o yi-poro kom baŋa ne
o mage naneo wo juru Rahaba
o chochoge.
13O na sii o momwa vio to,
tega yibia peere mo.
O jeŋa ta ma zɔ naneo wo
basankwe-kenkagele dem
na duri se ka lu to ka go.
14Wɛ kikia yam konto nam bere
o dam chicheiro yerane mo.
Ko bere we o waase tega-tega
se dé wane dé ni ko kuri.
Se o laam ná bage de kwor-dɛa,
o dam dem wó kɛ jeŋa mo.”",https://www.bible.com/bible/3661/JOB.26.KBG
JOB 27,"1Job ta ma tole o taane dem o we:
2“Amo dugi Ŋwea Tu Wɛ wom yere ŋwaane we,
a bá sɛ vwa kɔtaa.
Dam-fɔrɔ Tu Wɛ wom nam ve
se o bore chega mo o pa-ne.
O ma pa se a yera laam mo gɛa a tete.
3Amo ta na lwoori a ŋwe,
ye a sii Wɛ vio to,
4amo bá sɛ se ta-yɔɔro
tɔge a ni ya nwoŋi,
naa se a ma a ni a fɔ vwa.
5Amo bá fɔge a sɛ we abam mo tɛ chega amo baŋa ne.
Ko ná ye se a te mo de,
amo ta wó taa zege de a chega mo.
6Amo ta wó taa bere we
a jege bora mo ye a bá yage.
A ŋwea maama wone,
a boboŋa tɛ ya bere-ne we
a jege chega mo.
7Wɛ wó pa se a dona ji
ne puseŋ-nyena na ye tei to,
se balo na dwoni de amo to
de yaare ne wɛle-keira mo tei.
8Wɛ-lwɛɛna bam konto teena
nam wó ti mo
ba ŋwea kweelim maŋa ne,
Wɛ na lage o le ba momwa
se ba te to ŋwaane.
9Ba lɛɛro maŋa kam konto ne,
Wɛ daa wó cheigi ba keira na?
10Banto yeini ba di ywoni Dam-fɔrɔ Tu Wɛ wom ŋwaane na?
Ba keeri ba jare‑o maŋa de maŋa mo na?
11Amo wó maŋe Dam-fɔrɔ Tu Wɛ wom
na toŋe tei to a bere abam.
A nam bá seigi o boboŋa yam
á yiga ne.
12Nii-na! Abam tete nam maŋe
á na wonnu tento.
Bɛ mo kea ye á daa jege ta-yɔɔro á ŋɔɔna?
13A lage a bere abam Dam-fɔrɔ Tu
Wɛ wom na jege boboŋa
se o ke puseŋ-nyena tei to.
Nankɔ-nyena na wó guri tei to
mo tento.
14Ba bia kɔgɔ ná maŋe
ko daga tei maama de,
ba maama wó te jara wone mo.
Ba kwaga kam de nam bá taa nae wodiiru ba di ba sui.
15Ba bia balo ta ná daare,
jaweero mo wó go-ba,
ye ba kadeina bá keeri ba lwi.
16Puseŋ-nyena wae ba lae
lu-nyenno wonnu,
pa te daga ne tega kasolo tei to.
Ba ta wae ba kwaleme
gwaaro dedɛ ba tiŋa.
17Nɔn-ŋona nam mo wó kwei
ba gwaaro tem ba zo,
ye ba daare ba pɔɔre ba lu-nyenno
wonnu tem ba pa daane.
18Ba na yeini ba lɔ sam delo to
nye de keilimuni na sɔ pworu telo to mo.
De bá dáane ne vwoa yalo
yerena na chwi to mo.
19Wɛle-keiru konto dwoŋi
wó wane o peini se o dɔ.
O maa ye nadum
ye o jejegero tem daga.
O nam daa bá taa ye konto.
O na wó puri o yia maŋa kalo ne to,
de o jejegero tem ti te daare‑o.
20Chanɛɛre wó ba o baŋa,
ne na-fɔrɔ na wuuri ba kɛ tei to mo.
Vo-fɔrɔ de maa wó ba tete ne
ko chaale‑o ko ja jei.
21Vio mo wó nwoŋi wɛ-puli seeni
ko ba ko kale‑o ko ja ko kɛ,
pa o daa tere o ya na wo mɛ to.
22Vio kom nam wó taa tiini
ko mage‑o ko ba yaga,
ne o ná maŋe o kwaane
o duri tei maama se o lu de!
23Vio kom laam maa wó yeeri‑o,
ye ko daare ko chweese‑o
o yaara yam ŋwaane.”",https://www.bible.com/bible/3661/JOB.27.KBG
JOB 28,"Yi-poro chekke taane
1Lu-nyenno ye ba ko-te
ba le tega kuri ne mo.
Jei maa wora ba na vei
ba kwɛ sabu-seŋa da
se ka taa ye chekke.
2Luuru de ye ba ko-te
ba le tega kam ne mo.
Ba maa nyeene channa-seŋa
ba le peero yera ne.
3Nabiina nam lui tega kam mo
ba zoore kuri kuri,
ye ba zei min-zwonnu se ba taa pae pwooni nye lim wone,
se ba beeri jejegero tem konto yibiri jei ne.
4Ba vei yiga yiga de nabiina
na zoore mɛ to mo,
ba lui bɔɔne ba zoore
tega kam kuri ne.
Ba maa kwei ŋone ba de da
ba zuula ye ba toŋa.
Bimbeera ná tɔge jei sem konto
ba maa kɛa,
ba yeiri totoŋa yam konto ni ne.
5Ko ná ye tega kam baŋa,
wodiiru yeini te ke da mo.
Ka kuri dem seeni nam ye
ba kwei mini mo
ba ma ba yare kandwa yam.
6Dáane mo ba wó le Safira
kandwa-nyenno peero tem ne.
Sabu-seŋa kandwa de maa wo
ka kasolo kom wone.
7Maaro de kawuli yia ware ya na
ya yi jei selo nɔɔna bam konto
na vei ba toŋe da to.
8Nywonnu de kago-vara tete
ba nɔne te nɛ
chwei sem konto baŋa ne.
9Nabiina mae ba jea
ba yare kandwa-kamuna,
ye ba daare ba guri peero
te kugu jei ne ba dole ba yaga.
10Ba ta wae ba lui bɔɔna
ba tɔge peero wone ba kɛa.
Ba maa nii ba nae jejegero tega kam kandwa wone se ba le-te.
11Ba ta buŋa ba lɔra bwi kuri
na puli mɛ seeni to.
Ba maa jaane wonnu telo
ya na seigi to
ba pa te nwoŋi pwooni.
12Ko nam ná ye swa chekke,
yein-seeni mo dé wó vo
se dé na-ya?
Yei ne mo dé wó vo
se dé beeri yi-poro jeiga?
13Nabiina nam ware
se ba lɔre ko kuri ba ti.
Ba maa bá na-ko logo baŋa ne
mɛ nɔɔna na ŋwe to.
14Na-fwaaro telo na wo tega kuri ne to we,
“Á bá na-ko ywo-seeni.”
Naneo kom de maa tɛ ko we,
“Ko tere amo tei ne.”
15Nabiina bá wane ba ga sabu-seŋa
ba ma ba yeigi-ko,
naa ba kwei lu-nyenno
ba ma ba leini-ko.
16Ko ná maŋe ko ye sabu-seŋa kalo
na lana ye ka nwoŋi Ofiri to,
naa kandwa-nyenno dwi dwi,
n bá-n wane n kwei-te
n maŋe de yi-poro.
17Sabu-seŋa de gelaase-laaro
de wo yi-ko.
N ta bá-n wane n kwei sabu-seŋa zoŋa n ma n leini-ko.
18Ko maa ná ye Korale kandwa-ŋona,
naa kandwa-nyenno dwi maama,
te dunni bá maŋe de yi-poro
na ye tei to.
19Topazi kandwa-nyenno telo
na nwoŋi Kusi to
bá wane ya maŋe de-ko.
Sabu-seŋa ná maŋe ka lana tei,
n bá‑n wane n kwei-ka
n ma n leini yi-poro.
20Swa chekke kuri nam puli
yei ne mo?
Yei ne mo dé wó vo
se dé beeri yi-poro jeiga?
21Ko seigi nabiina de vara dwi maama yibia ne mo,
de zuna balo na kare ba jaane wɛyuu ne to de yibia ne.
22Churu de toone de yeini ba tɛ we,
“Yi-poro soswea yerane mo
to dé zwa ne.”
23Wɛ yerane nam mo yei
chwoŋa kalo na yi-ko to.
Wonto mo yei ko kuri
na nwoŋi mɛ to.
24Kokuri o nii o nae tega baŋa
nia yam maama mo.
O maa maane kolo maama
na ke logo baŋa ne to.
25Wɛ déem pɛ vio kom dam
se ko taa dola,
ye o fɔge o maŋe doa na bam
se o nii ba na wó taa ye tei to.
26O ma le ni o pa doa kam
se ka taa sɛ ka nena,
ye o daare o lɔ chwoŋa o tiŋi
se do-napana taa tɔge da
ye ka baga.
27Maŋa kam konto ne mo o nii o na
yi-poro na ye tei to,
ye o maane we ko tiini
ko jege kuri lanyerane.
28Wɛ laam ma ta de nabiina we,
“Nii-na! Nɔɔno wolo ná kɔre Baŋa Wɛ,
kotu seene o ye swa tu mo.
Wolo maa na lɔŋe lwarem to
mo bere we o yi poore.”",https://www.bible.com/bible/3661/JOB.28.KBG
JOB 29,"Job na tage kolo o kweeli to
1Job daa ma twoŋi o taane dem wone o we:
2“Faŋa kam ye Wɛ déem nii
amo baŋa ne to,
da yam konto ya ná wae ya jwoora,
ko wó taa lana.
3Maŋa kam konto ne,
Wɛ déem wo a tei ne,
pa a ná vei lim wone de, foone tera,
Wɛ pwooni na wo a tei ne to ŋwaane.
4A nɔn-donne maŋa kam ne mo konto,
ye Wɛ lɔ o wo o bere-ne
pa se a sɔŋɔ kom na yazura.
5Maŋa kam konto ne Dam-fɔrɔ Tu wom wo amo tei ne,
ye amo bia yɔɔre
ba kaare a maama ba pu.
6Amo naane déem puli pa nayela
ba jege totoŋe a sɔŋɔ ne.
Olivi nuga de maa nwoŋi
amo kare sem ne
ka duri ka siseiri ka tu
peero tem kuri seeni.
7Amo déem maa ná yeini a vo
se a jeini teo kom manchwo-nia ne,
ye a da a jeeri nakwa jeerim
jei sem ne,
8nɔn-donno tem ná nɛ-ne,
ba wó zege dáa ne mo,
ye nɔn-kwe sem de zaŋe
se zege wɛɛne.
9Amo déem ná wora,
teo kom nɔn-yum pu ba nia mo.
Ba yeini ba jei mo ba ni sampuna.
10Ba dedɛɛra bam tete de ke yirr mo
ye ba cheiga.
Ba nia maa yeini ya meeri
pa ba daa ware ba ŋɔɔne.
11Wolo maama déem na jei
o cheigi a taane to tɛ o we,
a jege yu-ywoŋo mo.
Wolo yi na nɛ a kikia to de tɛ we,
a ke chega.
12Kokuri to, nabwona ná lwoori wolim,
a yeini a jwoŋi-ba a yaga.
A maa woli botara balo
na ba jege fara to de.
13Balo na jei ba cheigi ba toone to
de zuli-ne,
ye kadeina de di ywoni
amo wolim ŋwaane.
14Amo déem zege a nɔn-ŋonne ne,
ne a jege gare-laao mo a zoora to.
Chega borem de maa ye a yipuga mo
a jege a pui a yuu.
15Amo déem mo jigi yia a pa lilwoa,
ye a ta ye gwaaro de nɛ a pa-ba.
16Amo maa ye nabwona kwo,
ye a daare a jwoŋi veira taane
a ŋɔɔne a pa-ba.
17Ko ná ye wɛle-keira balo
na toŋe ne kago-vara tei to,
amo déem yeini a bwori
ba yeila mo,
ye a daare a vere balo ba na jege
ba tore ba ni ne to a yage.
18Amo déem boŋe a tete ne we:
‘Amo ŋwea da yam wó taa daga
ne kasolo bia na ye tei to,
ye a daare a te a tete toone
a sɔŋɔ kom ne.
19A ŋwea kam jege dam,
ne tio kolo bonno na kwaare
tega ne pa na yi-ko lanyerane,
ye nyɔnɔ de toe tete ne ko peini
ko nɛ sem baŋa ne to mo.
20Nɔɔna yeini ba pa-ne zula mo
ba ba yaga,
ye a dam dem jiri dam-doore
maŋa maama wone.’
21Nɔɔna déem yɔɔre ba jei chemm mo ba cheiga,
se ba ni a na wó pa-ba
kwea yalo to.
22Amo maa ná ŋɔɔne a ti,
nɔɔn-nɔɔno daa ba tɛ taane,
a botare-bia na to ba zwa ne
de ywoni to ŋwaane.
23Ba yɔɔre ba jei ba teene a ni taane
ne nɔɔna na teene doa tei to mo.
Ba maa jwoŋi a ni taane
de wopwolo,
ne duum doa na jaane wopwolo
ko tui tei to.
24A déem ná yeini a mɔne a jeeri-ba,
ko so-ba mo.
A na bwoli a yibia de-ba to,
ko maa pae ba nae baare.
25Amo déem mo bere-ba chwoŋa
se ba taa tɔga,
ne a ye ba pɛ mo tei.
Ba maa sɛ a ni, ne pɛ wolo na to
o jar-keira yiga ne to.
A ta maa pae ba bochara
peini tega ne,
ne a na weeri balo na keeri lua yi-na tei to.”",https://www.bible.com/bible/3661/JOB.29.KBG
JOB 30,"Job ta ma ta o we:
1“Laam nam nii! Balo amo na koe to mo jege-ne ba mɔna.
Ba ye balo a ya na wó gwooni
ba kwoa mo,
ba na wo yi se ba taa tɔge
de a kukuri-zeili sem
ba nii a vara baŋa ne to ŋwaane.
2Ba totoŋa maa ba jege nyɔɔre
ya pa-ne,
ba dam na ti de daare-ba to ŋwaane.
3Yiniga de kana déem tiini ka ja-ba,
pa se ba yɔɔre ba kare
kagoa kam ne mo
ba lelage kasolo kom wone tete ne,
se ba nii ba wó na ba ni-wodiu na.
4Ba vaare mia vɔɔro ba dona
ba maa jiri wodiu,
ye ba guri vɔkɔŋɔ bonno ba di.
5Ba mage gullu mo ba le-ba
ba teene dem wone,
ye ba yeeri-ba ba zeili,
ne ba ye ŋweena mo tei.
6Jei selo yerane ba na wae
ba zoore da to
ye nabare selo na koge to wone,
dedaane peero bɔɔna
de gugworru wone mo.
7Ba maa nye de bonɛ selo na kare punnu tetare ne se keeri to.
Ba yeini ba gilimi daane
bombɔŋɔ jei ne mo.
8Ba maa ye vare-yɔɔro na ba jege kugu jei tega kam ne,
nɔɔna na zeili-ba to ŋwaane.
9Banto bia laam nam puli lei mo
ba leeni ba mae ba mɔne amo,
ye amo laam jigi ba ni sinseira mo.
10Ba maa jege-ne ba neesa
ye ba daare ba lɔŋe-ne.
Ba nam ta yɔɔre ba twe lileeru mo
ba yage amo yibia ne.
11Wɛ laam mo pɛ se ko ni-ne,
ye a daa ba jege keim keim.
Ko maa pae banto de yɔɔre
ba ke-ne ne ba na lage tei to.
12Nɔn-yɔɔro tem konto ke daane
ba zaŋe amo jazem seeni
se ba jeeri-ne de jara.
Ba maa jege-ne ba para
jei maama ne,
ye ba kwɛ chwoŋa ba tiŋi
se ba yi amo.
13Ba chege a chwoŋa mo
se a yé wane a lu.
Ba ma kwaane ba pa a to tega ne,
ye nɔɔn-nɔɔno ba jege
se o woli-ba.
14Ba yɔɔre ba tui ba yi amo tei,
ne ba na tɔge kabiri na bwori mɛ to laŋa ne ba kɛ tei to.
15Chanɛɛre dwi dwi mo tiini
de jege-ne de chɔga.
Amo zula ti ya daare-ne,
ne vio na kale-ya ko ja viiri tei to.
A yazura de kɛ ya daare-ne mo.
16A ŋwea kam laam lage ka jei mo
ka daare-ne.
Amo yaara yam maa ba fɔge ya tia.
17Tete dem maama wone,
ko yɔɔre ko ni-ne mo.
Ko tiini ko chɛ amo yera
ko ba yaga.
18Wɛ jaane a gɔrɔ kolo a na zo to
o sɔ ko ba ne mo.
Ko maa ŋweele, o na jujugi-ko
de dam to ŋwaane.
19O ta yɔɔre o dole-ne mo
o de bworu wone,
pa a maama laam ye teero
de tentwarem yerane.
20Amo Tu Wɛ, a keeri a jare nmo mo ye n ba leiri-ne.
A ta maa zege n yiga ne
se a ware‑m.
N nam yɔɔre n saare tega mo,
ye n yiga tera amo wone.
21Nmo pipiri n ji ne nankɔ-nyem mo
n toŋe amo yera ne.
N ma‑n kwei n dam maama
n jege-ne n bɛɛsa.
22Nmo nam ta jaane-ne n dole n yage,
ne vio na kale-ne ko ja jei tei to.
Vo-fɔrɔ kom mo pɛ-ne ko fufugi
ko maa jia.
23Amo nam yei we ko bá dáane
de n na wó pa se toone ja-ne,
se a daare a zo churu ne
mɛ na ye nabiina maama gurim jei to.
24Chega to, nɔɔno ná wo cham wone,
ko dae se ba ke‑o zonne ba woli da,
ko fɔge ko dae o ná keeri
o lage wolim nɔɔna tei ne.
25Balo na wo cham wone to,
amo ba keeri a pa-ba mo na?
Se yiniga tiina de,
amo ba ŋwane a pa-ba mo na?
26Amo nam na jei a teena lam
se de ba a baŋa to,
lwarem mo leiri de yi-ne.
A maa na jei a teena we pwooni mo wó nye de pa-ne to,
lim yerane mo tu de kwoli-ne.
27Amo wo yɔɔre ko jujugi mo taa.
Dɛ maama wone cham yeini
de che a chwoŋa de cheigi-ne.
28Amo yɔɔre a kare a vei
de wo-chechɔgɔ mo,
ye lim kwoli a chwoŋa kam.
A ta maa zege nɔn-kɔgɔ tetare ne
a keeri a lwoori wolim.
29Amo keira kam nam pae a nye de
nywoŋ-kuri de kunkworru mo,
ye a me de-te.
30Amo ya-tana kam de laam zwori mo
ye ka lɔɔre ka tete ne.
Paa tiini ka birigi a yera yam maama.
31Amo laam nam ná yeini a tae kɔnɔ,
ko ye luseim lei yerane mo a leena.
A ta ná wui wua,
ka woli keira sɔɔ wone ka ke da.”",https://www.bible.com/bible/3661/JOB.30.KBG
JOB 31,"Job ta ma ta o we:
1“Amo boboŋa nam yɔɔre
ya ja mo we,
amo bá pa a yia chwoŋa
se ya nii bukɔ se a fera zo o wone.
2Dam-fɔrɔ Tu Wɛ wom
na wo wɛyuu ne to
lage o pa dé guri tetɛ mo?
Bɛ nyɔɔre mo o kwei o tiŋi
debam ŋwaane?
3Ko ná ye puseŋ-nyena,
de balo na toŋe lwarem to,
o bá pa lɛɛro de chɔgem
ba ba baŋa ne mo na?
4Wɛ nam nae a na-veili na ye tei to,
ye o daare o jeeli
a naba-laara maama.
5Amo nam kare a toŋe vwa mo,
naa a gɔe naba-laara a vei
a gane nɔɔna mo na?
6Yage se Wɛ kwei-ne o maŋe
de o bɔŋa kalo na ye chekke to.
O ná ke konto, o wó na we
a zege de a chega mo.
7Amo ywori chwoŋa kalo
o na tiŋi o pa-ne to mo
naa a sɛ se a yia ja-ne ya pa a tusi,
naa a mɛ a je mo a toŋe lwarem
pa a biini a tete?
8A nam ná seene a ke wɛleera konto dwoŋi,
se nɔɔna badwonna di
kolo maama a na yaare a na to,
se ba daare ba gɔ wodiiru telo
a na dugi to ba yage.
9Amo ya ná maŋe a pa ka-gaa
mo soge a boboŋa o wane,
naa a yi ná su a dwoŋi kaane mo
pa se a seigi o diga ni ne,
10nam yage se a kaane jwoŋi nɔn-gaa muni o cho o pa kotu,
se nɔɔna badwonna de taa jege
a kaane ba laga.
11Kokuri, a keim dem konto
ya wó taa ye keim-lɔŋɔ mo,
ye ko maŋe se nakwa bam
vane nɔɔno bora ko ŋwaane.
12Gwalem kikia nam nye de mini
delo na zwɛ wonnu kula,
pa se de vo de yi churu tete to.
Ya maa wó chɔge nyɔɔre delo maama a na toŋe a na to.
13A tontoŋena maa ná poone
amo pompona,
a wo ke siri se a cheigi-ba mo na?
14Ko ya ná dae konto, ye Wɛ ná tu
se o bwei-ne ko ŋwaane,
a wó wane a na ni se a puri
wonnu tento maama wone na?
15Ko dae Wɛ mo mɔɔne amo
o ke a nu puga ne,
ye o daare o mɔ banto de na?
16Yiniga tiina tu amo tei de ba cham
ye a wo woli-ba na?
A nam ta pɛ se kadeina
teena yam ti na?
17Amo fɔge a jege a wodiu
a di a yerane,
ye a wo chɛ-ko de botara na?
18Ko zege a nɔn-donne maŋa ne mo
a yɔɔre a jege botara a kɔna.
A ŋwea maama wone
a nii kadeina de baŋa ne.
19A na nɛ wolo yiniga na kɛ jeŋa
pa o ga gwaaro se o zo to,
naa wolo na ba jege kolokolo
se o ma o kwoli o yera to,
20a wo kwei a pia tankɔlɔ a pa kotu
pa se o tei-ne,
o na nɛ woŋo se o ma o kwoli
o tete to ŋwaane na?
21A liligi a noa botaro yiga ne
se a fugi‑o,
teo kom dedɛɛra na zege amo kwaga ne to ŋwaane mo na?
22A nam ná seene a ke konto dwoŋi,
se a vɔŋɔ kom gwori ko na leigi mɛ to ko to tega ne,
ye ko zege a jatwogo kom ne ko bwori.
23Kokuri amo ya fona we
Wɛ wó pa lɛɛro yi-ne mo.
A maa ware wo-lwanno tem konto
se a ke,
a na kɔre Wɛ de o paare dem to ŋwaane.
24Amo nam kwei a teena
a ke a sabu-seŋa wone,
naa a tage a we,
kolokolo daa bá daane-ne,
a na jege sabu-seŋa dedɛ to ŋwaane na?
25A déem na ye nadum to,
a nam teere de a jejegero tem,
we a toŋe mo a na-te na?
26Amo ta nii wea kam de ka dam dem,
naa a nii chana kam
de ka nenɔŋa kam,
27pa se tento wane-ne te soge
se a seigi a zuli-te mo na?
28Ne amo ya ná seene a ke
wɛleera yam konto dwoŋi,
ko ya maŋe se nakwa bam
vane a bora mo ya ŋwaane,
kokuri a wo jaane chega
de Baŋa Wɛ wom.
29Cham mo na yeini de yi a dono to,
a zege a chaka de lɛɛro telo
na tu o baŋa ne to na?
30Amo nam wo pɛ a ni chwoŋa
se de tusi de sɔɔle lwarem
de yage kotu baŋa ne.
31Amo sɔŋɔ tontoŋena bere
ba wo tage we,
‘Job wo pɛ o veira wodiu
se ba di ba su.’
32Kokuri, amo wo sɛ se veira
maŋe pwola ne ba peini.
A nam yeini a jeeri-ba lanyerane mo a sɔŋɔ ne.
33A jege a wɛleera mo a seigi a wone,
se nɔɔn-nɔɔno yé lɔre
a na ke a tusi tei to na?
Nabiina yeini ba ke
wonnu tento maama mo.
Amo nam wo ke-te.
34Amo wo pe a tete a yage diga ne
a jei da chemm,
a na kɔre foone de nɔɔna na wó ta wonnu telo
ba ma ba gwooni-ne to ŋwaane.
35Nɔɔno ná wora se kotu yiga
taa wo a taane dem wone,
ko ya lamma!
Amo tole a taane dem a ti.
Dam-fɔrɔ Tu Wɛ wom ná jege kolo
se o ta,
o nam leiri a taane dem!
Ko ya maŋe se o popone o na jege
kolo se o bwɛ-ne ko baŋa ne to
o tiŋi tɔnɔ ne.
36A ya wó kwei o tɔnɔ kom konto
a daŋe a bakale baŋa ne,
ye a daare a pu-ko a yuu ne,
ne ko ye paare yipuga mo to.
37Amo de nam ya wó maŋe
a na-veili maama a bere‑o.
A maa wó vo a zege o yiga ne
de baare ne pa-bu tei.
38A tega kam keeri ye ka ka yi-na,
amo na ke a chɔge-ka to ŋwaane na?
39A nam di a kara wodiiru tem
ye a wo ŋwe tontoŋena bam mo na?
Amo pini balo na toŋe
a tega kam baŋa ne to,
pa se ba te de kana na?
40Amo ná seene a ke wonnu tento dwoŋi,
se sabare de ga-cheiŋo di a kare sem,
se se wodiiru daa yé ke te pa-ne.”
Job na tage kolo maama o kweeli to mo konto.",https://www.bible.com/bible/3661/JOB.31.KBG
JOB 32,"Elihu ni taane
1Ko na tu tei to, Job badwonna batɔ bam daa maa ba kwaane se ba ta taane ded‑o, kokuri o sɛ o tete ne we o jege chega. 2Nɔɔno wodwoŋi de déem maa wora, o yere mo Elihu. O nwoŋi Ram sɔ-yuu kom wone mo ye o kwo ye Buzi tu Barakeli. O bane ma zaŋe de Job, de o na pɛ o tete jege chega de kolo na yi‑o to, ye o wo pɛ se Wɛ jege chega to. 3O bane ta zaŋe Job badwonna batɔ bam baŋa ne mo, de ba na wo wane se ba leiri Job taane dem de chega, ye ba ta ve se ba pa‑o bora to de.
4Elihu ya pɛ Job badwonna bam ŋɔɔne ba ti mo ye wonto de laam ŋɔɔne ded‑o, ba maama na koe‑o to ŋwaane. 5O maa na jei o cheigi ba taana yam ye o maane we ba daa ba jege taane se ba ta de Job to, mo o yera wiira se o ta taane.
6Elihu laam ma ta o we:
“Amo ye bu mo
abam maama yiga ne,
ye abam maama koe-ne.
Konto nam mo pɛ se a maŋe da chemm abam tetare ne,
a na kɔre se a ta yeino taane delo na wo amo boboŋa ne to ŋwaane.
7Amo ya boŋe a tete ne we:
‘Abam na dáane logo baŋa ne to
pae á jege chwoŋa
se á ta‑á ŋɔɔne swa taana
á bere debam.’
8Amo laam nam maane we
nabiinu yi-poro tɔge
o jworo kom na ye tei to,
ne Dam-fɔrɔ Tu Wɛ wom na sii
o siu o yage kotu yera ne
tei to mo.
9Ko dae we kokweero mo bere yi-poro.
Swa de nam dae cheilima
ya leiri nakwa yerane wone.
10Konto ŋwaane mo amo de nam we:
Cheigi-na a taane dem,
se amo de ta a na yei tei to.
11Abam na wora á ŋɔɔne to,
amo yɔɔre a ye chemm mo.
A maa jei a cheigi
á boboŋa na ye tei,
de á na beeri botare-bia
se á ta tei to.
12Amo nam yɔɔre a cheigi keo mo
se á ni á taane dem.
Abam wolowolo nam wo wane
o bere we Job tusi.
Á nam ta wo wane o taane dem
se á leiri á pa‑o.
13Nam ta‑á yei-na se á yé ta we,
‘Debam jege swa mo.
Wɛ yerane mo jege se o ve‑o.
Ko nam dae nabiina mo wó ke konto.’
14Job na tole o taane to,
ko dae amo mo o lwɛ.
Amo de nam bá kwei abam taana yam dwoŋi se a ma a leiri‑o.
15Nii mo! Ba jaane ba nia!
Ba daa ba jege kolokolo se ba ta.
16Ba na zege da chemm konto to,
amo de wó taa ye chemm mo na?
17Amo de nam jege se a ta taane mo.
Amo de wó ta a na yei tei to mo.
18Kokuri, amo ni yɔɔre de su
de taane mo se a ta.
A nam bá wane a ni dem a pu
se a yé ta woŋo.
19Amo wo kom nye de lɔɔ kolo wo
na su de sa-doora to mo.
Ko maa nye de ko lage ko bage mo.
20Amo jege se a ŋɔɔne
a ni taane mo se a yera zuri.
Chega to, a wó puri a ni
se a leiri taane dem.
21Amo nam na wó ŋɔɔne tei to,
a bá zege a pa nɔɔn-nɔɔno.
A nam bá ŋɔɔne ni-som
de nɔɔn-nɔɔno
se ko pa kotu yuu zeiŋi.
22Kokuri, amo ya ná yei ni-som ŋɔŋa,
tento a Keiru wom ya pɛ se
a jei mo tega kam baŋa ne.”",https://www.bible.com/bible/3661/JOB.32.KBG
JOB 33,"Elihu ta ma ta o we:
1“Job, nam zuri n yera
se n cheigi keo,
se n ni kolo maama
amo na wó ta de nmo to.
2Amo laam ti a yiga mo se a puri a ni
se a ta kolo maama
na wo a wone to.
3A ni taane dem bere
a boboŋ-laaro na ye tei to.
A yɔɔre a tɛ yeino kolo
na ye chekke to mo.
4Dam-fɔrɔ Tu Wɛ Jworo kom
mo naane amo.
O maa sii o siu o yage a yera ne
pa se a jege ŋwea.
5Nmo nam ná jege ni se n puri,
se n leiri a taane dem.
Ti n yiga se n zege amo yiga ne
n tole n taane dem.
6Wɛ yiga ne mo amo de nmo
nam ye bedwe.
Amo de nam ye dɔgɔ mo
ba mɛ ba ke-ne.
7Konto ŋwaane, yé ta‑n kɔre foone de amo.
A nam bá tiini a daane‑m.
8Nmo nam tage tento pa amo ni.
Nmo na tage kolo n de amo zwa ne to mo tento:
9‘Amo wo ke kolokolo a chɔge.
A ta wo a chega ne mo
ye a wo tusi de kolokolo.
10De ko de, Wɛ beeri chwoŋa
se o ve-ne.
O yɔɔre o ke-ne ne a ye o dono to.
11O kwei chegero mo
o vɔ a nɛ diŋ-diŋ,
ye o daare o yere a na-veili maama.’
12Job, nmo nam na tage kolo konto to,
ko dae chega mo n jege n tɛa.
Nii mo! A jege se a leiri‑m,
kokuri Wɛ daga o dwoi nabiina.
13Bɛ mo ye n jege ni se n poone Wɛ
we o ba leiri n taane dem
de fenfee de?
14Ta‑n yei we Wɛ yeini o tɔge
chwei dwi dwi mo
o ŋɔɔne de nɔɔna.
Ba nam yeini ba ware
se ba lɔre o kwora kam.
15Nɔɔna na tigi tete ne ba dɔ
ba beiri maŋa kalo ne to,
Wɛ wae o pa ba dwɛ dendwa,
ye o veere wonnu o bere-ba.
16O maa pae o kwora to ba zwa ne,
pa se o ni-kaana yam fugi-ba.
17Wɛ yeini o ke konto se ko che nabiina de keim-lwanno mo,
se o ta che se ba yé taa zeiŋi ba tete.
18Wonto wae o cho se toone yé ja-ba,
se ba yé tɔge churu chwoŋa ba jei.
19Wɛ nam ta wae o pa ko ni nabiina
se o tɔge da o korese-ba.
O maa yeini o yage
pa ba yera yɔɔre ya chɛ
ya pa-ba,
20pa se wodiu ji wo-zɔɔne ba yiga ne,
ko ná maŋe ko ywomma
tei maama de.
21Konto maa pae ba yeini
ba yɔɔre maama ba ti,
pa ba kwi sem tete tigi se nia.
22Ba laam maa ye bɔɔne ni veira,
ye toone de jei de cheigi
se de kwei-ba de ja de kɛ.
23Wɛ malese kɔgɔ kom wone dedoa
nam ná wo nɔɔno tei ne,
se ka zege kotu de Wɛ
tetare laŋa ne,
ka wó wane ka bere nɔɔno wom
chwo-laao kalo o na jege
se o tɔge to.
24Maleka kam laam maa wae
o duri nɔɔno wom ŋwaŋa
ye ka ta we,
‘Cho se toone yé ja‑o!
Amo nam nɛ woŋo
se a ma a leiri kotu yuu ne.’
25Nɔɔno wom yera laam
wó jwoori ya zuri,
se o taa dana ne nɔn-doŋo tei.
26O daa ta wó ware Wɛ,
ye o kikia yam de su Wɛ yi.
O laam maa wó zege Wɛ yiga ne
o zuli‑o de ywoni.
Wɛ de maa wó pa kotu jwoori
o taa tɔge chwoŋa chekke.
27Nɔɔno wom laam maa wó taa bere o dwonna we,
‘Amo ya ke wɛleere mo
ye a tusi chwoŋa.
De ko de, Wɛ wo ke-ne
ne ko ya na maŋe se o ke tei to.
28O nam liiri-ne mo
pa a wo zo toone gwoŋo wone.
Amo laam wó taa wo pwooni yiga ne mo ye a di ywoni.’
29Chega to, Wɛ yeini o ke konto dwoŋi
o pa nabiina kuni dedɛ mo,
30se o wane o che se toone yé ja-ba.
O ke konto se ba taa vei
ŋwea pwooni dem wone mo.
31Job, nam ta‑n ye konto chemm
se n cheigi a taane dem keo.
Ke yirr, se a daa ta jege taane mo
se a ta.
32Nmo nam ta ná jege taane se n ta,
leiri-ne se a de cheigi.
Ta n bere-ne, a na beeri chwoŋa
se a pa n na n bora to ŋwaane.
33Ko nam ná dae konto,
nam cheigi amo taane dem.
Pu n ni, se a lage a bere‑m
yi-poro chwoŋa mo.”",https://www.bible.com/bible/3661/JOB.33.KBG
JOB 34,"1Elihu ta ma ta o we:
2“Abam jege swa mo na?
Nam cheigi-na a taane dem.
Á zamese á yi na?
Pore-na á zwa se á cheigi.
3Kokuri nabiina zwa cheigi taana
se ba lɔre mo,
ne ba dindeilima na yeini
ya laŋe wodiiru tei to.
4Nam pa-na dé yɛ dé lɔre
kolo de kolo na maŋe to,
se dé ke daane dé zamese
chwo-laao tɔgem.
5Kokuri Job taga o we:
‘Amo jege bora mo,
Wɛ nam ta vane-ne chega.
6De amo na wo a chega wone to de,
nɔɔna ta pae a ye vwa-nyem mo.
Amo wo ke a sa chwoŋa,
de ko de, ko nigi-ne se ko kɛ jeŋa.’
7Job nɔn-dwi dem wora na?
O tiini o jege nɔɔno tora,
ne o na jege na mo o nyɔ to.
8O swoi se o taa ye de wo-lwan-keira de puseŋ-nyena mo.
9Kokuri o ya tage we,
‘Nɔɔno ná kwaane
se o ke o su Wɛ yi,
o bá na nyɔɔre ko baŋa ne.’
10Abam na boŋe we
á ye boboŋa tiina to,
nam cheigi-na a taane dem.
Dam-fɔrɔ Tu Wɛ wom bere
o bá toŋe lwarem kɔtaa!
O bá wane o ke o sa chwoŋa de.
11Wɛ yeini o pa nɔɔno jwoŋi nyɔɔre
o totoŋa baŋa ne,
pa se kotu na o nyem se ko maŋe
de o kikia na ye tei to mo.
12Dam-fɔrɔ Tu Wɛ wom ware o ke keim se o toŋe lwarem de wone.
O nam ba kweele chega kam
o se tega ne.
13Wɔ mo fɔge o kwei tega baŋa kam
o ke Wɛ jeŋa ne?
Wɔ mo pɛ‑o ni se o taa nii
logo kom maama baŋa ne?
14Wɛ nam ya ná jaane boboŋa
se o le o jworo de o siu
nabiina yera ne,
15nɔɔna maama wó tɔge daane
ba te mo,
pa ba jwoori ba ji tega teero.
16Nmo ná seene n jege yi-poro,
se n cheigi a taane dento.
Cheigi a na jege kolo se a ta to.
17Nmo na boŋe tei to,
Wɛ ya ná kweele chega kam,
o ta wó wane o taa nii
logo kom baŋa ne na?
Wɛ nam na yɔɔre
o bore chega bora to,
nmo boŋe se n yaale‑o mo na?
18Wonto mo yeini o bwɛ pwa we,
‘Abam ye nɔn-wo-korro,’
ye o ta tɛ de nɔn-yum we,
‘Abam ye puseŋ-nyena mo.’
19Wonto ba kuri nakwa da-wone
se o zege ba kwaga ne.
O maa ba nii naduna
se ba taa gare yiniga tiina.
Kokuri ba maama ye wonto
mo naane-ba.
20Ba yeini ba pɔpɔ ba te mo
tete-koro ne.
Wɛ ná fere-ba, ba wó te mo.
Wɛ wó le ba momwa mɔle-mɔle mo,
de ba ná maŋe ba ye dedɛɛra
tei maama de.
21Wɛ yia page nabiina kikia maama baŋa ne mo.
O maa nae ba na-veili maama.
22Lim naa yibiri jei tera,
wo-lwan-keira na wó vo
ba seigi da se o yé na-ba to.
23Wɛ daa ba jege se o saŋe nabiina
se ba ba o yiga ne,
se o laam di ba taane.
24O yeini o chochoge dedɛɛra
ye o ba bwei-ba.
O laam ma daare o tiŋi babam
o leiri ba yuu ne.
25Chega ŋwaane to, o maane
ba kikia yam na ye tei to,
pa se o ja-ba tete ne o dole o yage,
ye o daare o meere-ba.
26Ba puseŋa totoŋa ŋwaane mo
o yeini o waare-ba,
ye nɔɔna maama zege ba nia.
27Kokuri ba baare o kwaga ne mo,
ye ba yiga tera de o chwei sem tɔgem.
28Ba na jege yiniga tiina bam
ba fe tei to
pɛ se ba keeri ba jare Wɛ,
ye o de cheigi ba keira kam.
29Wɛ nam ya ná maŋe da chemm mo de,
wɔ mo yi se o yaale‑o?
O maa ná seigi o yibia,
wɔ mo wó wane o nii o na‑o?
Wonto nam mo yere nabiinu maama de teo maama,
30se o che wɛ-lwɛɛna se ba de yé
di paare nɔɔna baŋa ne,
ba daare ba pa chanɛɛre yi-ba.
31Nɔɔno wae o tɛ de Wɛ nenɛɛne:
‘Amo ke a chɔge mo
pa se a na waarem.
A nam daa bá ke a sa chwoŋa.
32Nam bere-ne a na tusi tei
ye a wo lɔre ko ni ne to.
A ná seene a toŋe lwarem,
a daa bá ke a woli da.’
33Nmo boŋe we Wɛ wó ŋwe kotu wɛleere yam jene
se ko tɔge nmo tete boboŋa mo na?
Nmo nam ve Wɛ na toŋe tei to mo.
Ko wo nmo tei ne.
Nmo mo wó kuri n pa n tete,
se ko dae amo.
Konto to, pa dé lɔre
n boboŋa na ye tei to.
34Boboŋa tiina de yi-pore-nyena ná nigi a taane,
ba wó ta de amo we,
35‘Job kare o ŋɔɔne a-yeiri-ka taane mo.
O maa yeini o ŋɔɔne ta-yɔɔro yerane.’
36Amo tete boboŋa ne,
ko maŋe se Job na waarem
se ko kɛ jeŋa,
o na kare o ŋɔɔne puseŋ-nyena
taana yam dwoŋi to ŋwaane.
37O ta ke zwabania mo
o woli de o wɛleera yam.
O maa mage ni-kantɔgɔ
debam yiga ne,
ye o daare o mae botare-bia dedɛ
o jege Wɛ o mɔna.”",https://www.bible.com/bible/3661/JOB.34.KBG
JOB 35,"1Elihu daa ta ma ta o we:
2“Job, fɔge n boŋe
n taane dem wone n nii,
ko ye ko chwoŋa ne na?
N bere n tete we,
n jege bora Wɛ yiga ne.
3N ta bwei Wɛ mo n we,
‘A ná ke wɛleere,
ko lage ko ke‑m bɛ mo?
A nam ná chuli wɛleera,
a lage a na bɛ nyɔɔre mo?’
4Amo nam wó leiri nmo
de n badwonna batɔ bam.
5Kwoni n yuu n nii wɛ-baŋa kam,
se n daare n nii kunkwonnu tem
na tiini te wo wɛyuu ne tei to.
6Nmo wɛleera yam ba sae Wɛ yera.
Nmo ná tusi pa ko daga
tei maama de,
ko lage ko ke‑o bɛ mo?
7Nmo nɔn-ŋonne jege zeinim
ko pae Wɛ mo na?
O lage o jwoŋi bɛ mo n jeŋa ne
se o taa tei?
8N puseŋa kikia yam chɔge
n dwonna nabiina mo,
ye n nɔn-ŋonne dem de woli
banto yerane.
9Chanɛɛre maŋa ne,
nɔɔna yeini ba chwoosa mo.
Ba maa keeri ba beeri wolim,
dedɛɛra na bɛɛse-ba to ŋwaane.
10Nɔɔn-nɔɔno nam ba tɛ o we:
‘Amo Keiru Wɛ nam bɛ?
Wonto mo pae a ni wae de pura
de leeni lei tete ne.
11O maa pae dé lɔre lɔra
ye dé jege yi-poro dé dwoi
vara de zuna dwi maama.’
12Cham maŋa ne nabiina yeini
ba chwoosa,
ye Wɛ ve se o cheigi ba lworo kom,
ba na jege yi-dɛɛre
ye ba toŋe lwarem to ŋwaane.
13Chega to, Dam-fɔrɔ Tu Wɛ wom
ba cheigi ba wara yam.
O nam nii ba keira kam se ka taa ye ta-yɔɔro mo o yiga ne.
14Konto to, Job,
Wɛ wó cheigi n taane dem na?
N nam kare n tɛ we, n ba na‑o,
ye n taane dem tigi o yiga ne,
pa se n cheigi‑o se o pa o kwora.
15Nmo ta tɛ we, Wɛ ba tɔge
o ban-zɔŋɔ kom baŋa
o waare wɛle-keira,
o yiga na tera de ba tusim kikia to ŋwaane.
16Ko maa bere we
Job ná yeini o puri o ni,
ta-yɔɔro yerane mo nwoŋi de wone.
O tiini o ŋɔɔne botare-bia dedɛ,
ye o yeiri kolokolo ni ne.”",https://www.bible.com/bible/3661/JOB.35.KBG
JOB 36,"1Elihu daa ta ma ta o we,
2“Zuri n yera se a daa taa ŋɔɔne a woli da fee,
se n wane n lɔre kolo a ta na
wó bere‑m Wɛ ŋwaane to.
3A lage a kwei yeino taana
dwi dwi mo a ma a bere‑m,
se n lɔre we a Keiru wom
seene o wo o chega wone.
4Chega ŋwaane to, wonnu telo
a na jege se a ta to dae vwa.
Wolo na zege n yiga ne o ŋɔɔne to
nam lɔre lɔra o ti mo.
5Wɛ tiini o jege dam.
De ko de,
o ba gwooni nɔɔn-nɔɔno.
O nam seene o jege dam,
ye o yeini o ja o boboŋa o ti mo
se o ke keim.
6O ba pae puseŋ-nyena chwoŋa
se ba taa ŋwe.
Nabwona balo ba na jege ba bɛɛse to nam wó na chega o tei ne.
7O yi page nɔn-ŋona baŋa ne mo,
se o pa ba tɔge de pwa
ba di paare,
ye ba daare ba na zula
se ko taa vei wuu.
8Ba nɛ sem nam ná vɔge
de chegero mo diŋ-diŋ de,
pa ba jege yaara ba di,
9Wɛ wó le kolo ba na ke
ba chɔge to mo o bere-ba,
de ba na tusi
ye ba zeiŋi ba tete tei to.
10O maa pae ba pore ba zwa
se ba jwoŋi koresem,
ye o daare o kaane-ba se ba jwoori
ba keim-lwanno tem kwaga ne.
11Ba maa ná sɛ o ni dem
ye ba daare ba zuli‑o,
ba laam wó taa vei yiga mo
ye ba di ywoni
ba ŋwea da yam maama wone.
12Ba nam ná ve Wɛ koresem dem,
ba laam wó tɔge churu chwoŋa
ba jei mo.
Ba maa wó ga ba ŋwea
ye ba ta wo lɔre lɔra.
13Wɛ-lwɛɛna nam ba fɔge
ba zuri ba bana.
Wɛ ná maŋe o waare-ba
tei maama de,
ba ba lwoori wolim o tei ne.
14Banto yeini ba te
ba nɔn-donne maŋa ne mo,
ye ba guri de chaveera,
ne baara balo na ke tolo
jwona zulim baŋa ne to.
15Balo na jege yaara ba di to mo
Wɛ wó tɔge ba yaara yam baŋa ne
o jwoŋi-ba o yage,
ye o veere o tete de-ba
ba chanɛɛre dem wone.
16Wɛ nam kwoori nmo mo
se o le‑m n cham dem wone,
se n vo n yi jei-kayɔlɔ
mɛ kolokolo na bá daane‑m to.
O nam ta kwei wodi-laaro
o zege n yiga ne,
se n ta‑n di n boboŋa.
17Puseŋ-nyena waarem boboŋa
laam mo su n yuu.
Chega borem nam wó seene
de ke de pa‑m.
18Ta‑n yei n tete se n yé pa
nɔɔn-nɔɔno na chwoŋa
se o kwei o jejegero o soge‑m
se n ke n chɔge.
Nam yé sɛ se n jwoŋi dim
se ko pa n ke n tusi.
19Nmo jejegero tem ná daga tei,
ye n ná toŋe de dam tei maama de,
te wó wane te che
se cham yé yi‑m na?
20Yé ta‑n jei n teena se lim ba
de kwoli‑m tete ne,
de ko na ye maŋa kalo
nɔɔna na pɔpɔ ba jei to de.
21Ta‑n yei n tete se n yé pipiri
n to keim-lwanno wone.
Chanɛɛre nam tu n baŋa
se ko che nmo de kikia yam konto dwoŋi.
22Nii mo! Wɛ dam dem ba tia.
Bereno wodwoŋi tera
o na wó maŋe de Wɛ.
23Nɔɔn-nɔɔno ware se o bere Wɛ
chwoŋa kalo o na wó tɔge to.
Ba nam ba tɛ de Wɛ we,
‘Nmo ke tento mo n chɔge.’
24Ke kokeiri se n tei‑o
o totoŋa yam ŋwaane,
ne nɔɔna na yeini ba leeni
ba seini‑o tei to.
25Nabiina maama nɛ kolo o na ke to.
Ba nam zege yiga yiga mo
ye ba tole ba nii ba na.
26Chega to, Wɛ tiini o ye kamunu,
pa dé ware se dé lɔre‑o dé ti.
Nɔɔn-nɔɔno ware se o jeeli
Wɛ bena yam ni na mae tei to.
27Wɛ yeini o la tega baŋa na bam mo o zeiŋi wɛyuu ne,
ye o laam pa ba ji doa
kunkwonnu tem wone.
28Doa kam laam ma yeini
ka nwoŋi wɛyuu ne ka ne
ka bugi tega kam
se nabiina na-ka dedɛ.
29Wɔ mo wae o lɔre Wɛ na ke tei
o lware kunkwonnu tem?
Naa o na ke tei o jei o diga kam ne,
o bage pina-pina to?
30Nii o na ke tei o pa doa kam pepele wɛyuu ne,
ye o ta kwoli naneo wo na-luŋa kam.
31Wɛ tɔge keina yam konto baŋa ne mo
o nii logo baŋa teene dem baŋa ne,
ye o pa nabiina nae ba wodiiru dedɛ.
32O yeini o zei pepelem o jeŋa ne
ne chichwei mo to,
ye o dole-de o yage
se de yi mɛ o na lage to.
33Do-napana bere we do-vio mo zaŋe.
Sɔŋɔ-vara tete de yeini
ba bere konto mo.",https://www.bible.com/bible/3661/JOB.36.KBG
JOB 37,"1Amo de na nigi do-vio kom sɔɔ to mo a wo dia.
A bochare de maa yɔɔre de zaga.
2Fɔge á cheigi-na se á wó ni
o kwora kam na wuuri tei to.
Ko maa ye mumunim delo
na nwoŋi o ni ne to mo.
3O yeini o liligi o doa pepelem mo
o yage wɛyuu ne
se de pwooni dem vo de yi
tega kam ni maama.
4Konto kwaga ne mo
o yeini o suuri de kwor-dɛa.
O na wora o bage pina-pina konto to,
kolokolo ba cho pepelem dem.
5Wɛ ná bage de kwor-dɛa konto,
ko sɔɔ kom ye wo-kenkagele mo.
O maa ke wo-kamuna yalo
dé na ba ni ya kuri dé ti to.
6O maa tɛ de chaneena we,
‘Ta‑n nena tega kam baŋa ne,’
ye o ta tɛ de do-fɔrɔ
se ka taa tiini ka lwoi tega kam ne.
7O yeini o cho nɔɔna maama
de ba totoŋa yam,
se ko pa ba lɔre o de na toŋe tei to.
8Kago-vara bam tete de duri
ba seigi mo, ye ba laam maŋe
ba dalem jei sem ne.
9Do-vio kom wó nwoŋi
ko jeiga kam ne ko ba.
Vo-fɔrɔ kom de wó ja waaro ko ba.
10Wɛ ma yɔɔre o sii o vio mo
ye ko waaro tem daga,
pa se bwi sem na bam dɔ
ba ke dam.
11O maa pae se doa tene
de kunkwon-lilirru,
ye doa pepelem de jage
kunkwonnu tem wone.
12Te yeini te tɔge Wɛ ni dem
ye te pipiri tega kam
ni maama ne mo,
se te yɔɔre te ke o na bere-te tei to.
13Wɛ na yeini o pa kolo ke
tega kam baŋa ne to,
ko wae ko ye se
o waare nabiina mo,
naa se o ma o bere we
o jege ba swono.
14Job, nam kwaane se n cheigi
a taane dento.
Zuri n yera se n maane
Wɛ totoŋ-kenkagela yam n nii.
15Nmo yei Wɛ na ke tei o pae kunkwonnu tem ni pa te via,
de o na ke tei o pae doa pepele na?
16Nmo ta yei o na teili kunkwonnu tem tei wɛyuu ne na?
Te nam bere o na tɔge o yeino ŋwaane
o ke totoŋ-kenkagela tei to mo.
17Vo-loŋo nam ná nwoŋi
tega kuri seeni,
pa se wulim jege tega baŋa maama,
nmo luluŋ-bea wó chiiri mo
ka bugi n gwaaro tem.
18Nmo wó wane n woli de Wɛ
se á ja wɛyuu kom á lware,
se ko taa dana ne niu kolo
ba na mɛ channa ba ke to na?
19Nam pa dé lɔre kolo
dé na jege se dé ta de Wɛ to.
Debam ba jege ni se dé puri ded‑o,
dé na jei yiram to ŋwaane.
20A wó wane a bere Wɛ we,
a lage a ŋɔɔne taane ded‑o na?
Ko ya wó bere we a lage
se o ja-ne o chɔge mo.
21Ko nam na ye tei leile to,
wea tiini ka nye de dam
wɛyuu kom ne,
ye nɔɔna ware-ka se ba nii.
Ko nam ye vio na kale
kunkwonnu tem ko kɛ
ko saare-te wɛyuu kom ne to
mo tei konto.
22Wɛ nwoŋi baŋa seeni jei sem ne mo o beena,
ye o nyeena de nenɔŋ-fɔrɔ.
O nenɔŋa kam maa gilimi‑o
ye ka tiini ka jege foone.
23Ko ná ye Dam-fɔrɔ Tu Wɛ wom,
o tiini o daga o dwoi
se nabiina yi o yera.
O dam dem yɔɔre de gaale.
O nam na toŋe chega yerane to ŋwaane,
o ba bɛɛse nɔɔna.
24Konto ŋwaane mo
nɔɔna yɔɔre ba kɔre‑o.
Wɛ yiga nam tere balo na bere ba tete we ba jege swa to wone.”",https://www.bible.com/bible/3661/JOB.37.KBG
JOB 38,"Baŋa Wɛ na leiri Job taane dem tei to
1 Baŋa Wɛ maa zege vo-fɔrɔ kom wone o leiri Job taane dem, ye o ta we:
2“Nmo ye wɔ mo se n bwɛ
amo boboŋa na jaane tei to,
ye n ŋɔɔne wonnu telo n na yeiri to?
3Fɔge n chichei n zege
se n jeeri-ne ne baaro to,
se a lage a bwei‑m taane mo.
Nmo de nam jege se n leiri
a bwia yam mo.
4Nmo déem wo yein-seeni mo
ye amo chwi tega kam baŋa kuri?
Nmo yi ná seene de poore,
ta n bere-ne.
5Wɔ mo jeeli tega baŋa kayɔlɔ ni
na wó taa mae tei to?
Wɔ mo kwei lɔra ŋona
se o ma o maŋe-ka?
Nmo nam wó taa yei tento maama na?
6Bɛ baŋa ne mo tega kam kuri chwi pa ka zege da?
Wɔ nam mo chwi
ka kabiri-beira kam?
7Wɔ mo ke konto maama
ye chalechwe sem tɔge daane
se leeni lei te-pora maŋa ne,
ye wɛyuu nɔn-kɔgɔ kom maama
de chaka de wopwolo?
8Naneo kom na bam déem
na pi ba nwoŋi to,
wɔ mo lɔge pempala o tiŋi
se ya che ba chwoŋa?
9Amo déem pɛ se kunkwonnu mo kwoli naneo kom,
pa se ko wo lim wone.
10A ma yɔɔre a tiŋi bibeira mo a pa-ko,
ye a beeri bworru de luuru
a ma a che-ko a yage da.
11Amo laam maa ta de-ko a we,
‘Nmo ba jege se n lɛɛne
n kɛ ywo-seeni.
N na-ŋone sem ná popɔgele tei maama,
se wó maŋe ywo-seeni mo.’
12Nmo ŋwea maama wone
n pɛ dɛ dem ni we,
tega kam jege se ka poore na?
13Nmo pɛ se wea puli ka nye
logo baŋa ni maama ne,
ye ka pwooni pa se puseŋ-nyena duri ba seigi na?
14Te-pora ni ne tega kam baŋa lam
yeini ka nwoŋi mo jaja,
ne gɔrɔ na gɔgere
de nyenyero dwi dwi tei to.
15Puseŋ-nyena bam daa ba jege pwooni se ba taa toŋa,
ye ba nankɔɔre totoŋa dam dem
laam chɔge mo.
16Nmo ta wane n n vo n yi naneo kom buli-yia na buri mɛ to na?
Nmo tu naneo kom na-luŋa jei ne
n vo n dwei ko tega kam na?
17Ba ta jaane‑m ba vo ba bere ni delo
nɔɔna na wó tɔge da ba zo
churu wo mɛ na ye lim jei to na?
18Nmo nam ta lɔre tega kam baŋa
na daga ka mae tei to na?
Nmo ná yei konto maama,
se n ta n bere-ne ko na ye tei to.
19Pwooni yeini de vei yein-seeni mo
de tiga?
Se lim, dento yeini de zoore
yei ne mo?
20Nmo yei chwei selo na vei
te na zoore mɛ de mɛ,
se n wane n ja-te n vo da na?
21Amo na naane wonnu tem konto to de ba loge‑m na?
Ko nam ná seene ko ye konto,
nmo maŋe n yei wonnu tem konto maama ni ne.
N bena yam tiini ya gaale!
22Nmo ta zo di selo do-kandwa yam
na tigisi ya tigi da to na?
23Amo tiŋi-ya se cham de jara maŋa ná yeini ka yi,
se a kwei-ya a mi a yage
tega baŋa ne.
24Nmo yei n na wó tɔge chwoŋa kalo
n vo n yi a na zege mɛ a pa
doa kam pepele ka jage to na?
N ta yei a na zege mɛ a dole vio kom,
se ko nwoŋi wɛ-puli seeni ko yi tega baŋa jei maama to na?
25Wɔ mo lɔe chwoŋa
se do-fɔrɔ taa tɔge da ka nena,
ye do-napana de taa tɔge da ka baga?
26Wɔ mo pae se doa kam nena
ka bugi kagoa kalo
nɔɔna na ba zoore ka wone to?
27Konto wó pa te-kora kam na zurim,
se ga-lɛɛro wane te puli da.
28Doa kam jege kwo na?
Se nyɔnɔ kom,
nabiinu ye ko kwo mo na?
29Wɔ de nam mo jaane
do-kandwa yam puga,
naa do-zura kalo na jaane waaro
ka ba to puga?
30Ka maa pae se bwi sem na bam
dɔ ba ke dam ne kandwɛ dwoŋi,
ye naneo kom baŋa de zuri lɔge-lɔge?
31Ko ná ye chalechwe dwi dwi
na tigisi daane tei to,
nmo wó wane n kwei-se n vɔ daane,
naa n bwoli-se n yage na?
32Nmo nam wae-se n bere
se se taa fuŋi se maŋa ne chekke,
ye se bere se nyenyero ne vara to na?
33Nmo yei chwei selo wɛyuu wonnu tem na tɔga pa te wora to na?
N nam wó wane n pa chwei sem konto taa toŋa tega baŋa ne na?
34Nmo wó wane n pa n kwora zaŋe
ka yi kunkwonnu tem
se n pa-te ni se te chuuri de doa
ye na-fɔrɔ ba ko lini
nmo jei sem maama ne na?
35Nmo wó wane n dole
doa pepelem n yage,
se ka sɛ ka ke n ni dem
na bere tei to maama na?
36Wɔ mo pɛ kunkwonnu tem
jege swa doa nenem seeni,
se kunu de taa yei ko totoŋa ni ne?
37Wɔ de nam mo wae o tɔge yeino ŋwaane
o gare kunkwonnu tem ni o tia,
ye kotu ta wae-te o guna
se te doa taa nena,
38se ko pa te-kora kasolo kom bugi,
ye teero tem de meeli daane.
39Nywonnu kana ná wɔe,
n wó wane n beeri nɔna
n ja n ba n pa-te na?
N ta wó pa nywon-pɔle faare te wo,
40ne te ná tigi te bɔɔna ne,
naa te ná vwɛ punnu wone mo de na?
41Wɔ mo yeini o beeri wodiu
o pae bachangaaro,
ne te bia ná yeini ba keeri
ba jare Wɛ,
ye ba kare ba beeri wodiu?”",https://www.bible.com/bible/3661/JOB.38.KBG
JOB 39,"Baŋa Wɛ ta ma ta de Job o we:
1“Nmo yei maŋa kalo peero yuu bone na lore de bia to na?
Se wei sem, nmo zege n nii-se
pa se lore na?
2N wó wane n jeeli vara bam konto
pu-jare chane sem ni na?
N yei ba lora maŋa kam chekke na?
3Ba yeini ba twoori mo se ba kone,
ye ba daare ba lo bu wolo
ba na wowole o ŋwaane to.
4Ga-vara banto bia yeini
ba ke nɔɔna mo kagoa wone.
Ba laam maa yeini ba viiri
ba daare ba tiina
ye ba daa ba jwoora.
5Wɔ mo pae kagoa wo bonɛ
chwoŋa se se beeri yɔɔ?
Wɔ mo bwoli-se
pa se vei se na lage mɛ to?
6Amo mo pɛ-se chwoŋa se se taa zoore kagoa kam ne,
mɛ kasolo kom na yɔɔre
ko ye yɛ yerane to.
7Ko ná ye vuvuga kalo na wo
teo kom wone to,
sento yeini se gwooni-ka mo.
Se ba jege nɔɔna balo
na wó fe-se se se toŋe to.
8Se yɔɔre se kare peero tem yuu ne mo se beeri ga-lɛɛro,
de kolo maama na zura to se se di.
9Ga-naao wó sɛ se ko toŋe
ko pa‑m na?
Tete ne, ko wó maŋe
n nabwoo ne mo na?
10Nmo wó wane n ma ŋona
n vaŋe-ko se ko va ko pa‑m na?
Ko wó sɛ se ko tɔge n kwaga ko lɔ
pempala bwollu tem ne na?
11Nmo nam ta wó ta‑n teege
ko dam-fɔrɔ kom baŋa ne,
se ko toŋe n totoŋ-dɛɛra maama
ko pa‑m na?
12Nmo ta wó ke n chega
de ga-naao we, ko wó ja n faao
ko jwoori ko zo diga ko pa‑m,
se n daare n fere n mena yam na?
13Nakelakɔgɔ yeini ko wuuri
ko vɔna de dam.
Ko vɔna koro tem nam ba maŋe
de buga ni zuna vɔna yam
na jege lam tei to.
14Ko yeini ko de ko chechara
ko yage te-kampare ne mo,
se kasolo kom fonyogo mage-ya.
15Ko nam daa wo maane we
kago-varem napɔɔna
wae ya tui ya nɔne-ya ya lɔe.
16Ko maa jege ko bia ko yaara,
ne ba dae o tete bia mo to.
Ko yiga tera de ko na wowole
ko lwei-ba kafɛ tei to.
17Ko nam ye amo Wɛ na wo pɔɔre swa a sigi a pa-ko,
ye a wo sɛ se ko jwoŋi yi-poro to ŋwaane mo.
18De ko de, ko ná zaŋe wɛɛne
se ko duri de fora,
ko wó mɔne sisein-nɔɔno
de ka diru wom mo.
19Nmo ye wolo na kwei dam
n pae sisein-nɔɔno to mo na?
Nmo mo kwoli ka ba de koro na?
20Nmo nam wae n pa ka faŋa
ne kayera na ke tei,
ye ka sii vio ka yage
se ka ma fugi nɔɔna to na?
21Ka napɔɔna yeini ya guri tega
de baare mo,
ye ka bere we ka yia seene
jara ŋwaane.
Ka ma yɔɔre ka duri
ka zo jara yam wone.
22Ka jege foone tete de mo ka mɔna.
Ka maa ba duri se-zɔɔ de kɔtaa!
23Che-kɔŋɔ wo ka saŋa ne mo
ko dɔna,
ye jara chichwei de se-zɔɔro
nyeena wea yiga ne.
24Ka ye nyare-nyare mo
se ka wurigi ka guri tega.
Ba ná wugi nabɔnɔ jara ŋwaane,
ka ware ka zege chemm.
25Ba ná yeini ba wu nabɔnɔ kom,
ka wó leiri de wopwolo mo.
Ka maa zege yiga yiga mo
ka ni jara-keim lwom,
ye ka ta ni jar-keira bam
na ke sɔɔ kolo to,
de ba yiga tiina bam kwori
na zaŋe wɛɛne tei to.
26Ko ye nmo tete yeino baŋa ne mo
kawula yarege ko vɔna
ko jaane wɛyuu ne
ko vei tega-kuri seeni na?
27Maao de nam cheigi
nmo ni taane mo,
se ko taa kare wɛyuu ne ko yaara,
ye ko sɔ ko pwogo peero yuu ne na?
28Ko yeini ko di peo yuu mo
baŋa baŋa ko sɔ ko pwogo,
ye dáane mo ko nae dalem jei.
29Ko ná wo peo kom yuu ne konto,
ko tole ko nii ko nae ko wodiu mo yiga yiga.
30Twa na wo mɛ seeni to,
dáane mo maaro tem wó taa wora.
Te bia de maa wó jeeri ba nyɔ jana.”",https://www.bible.com/bible/3661/JOB.39.KBG
JOB 40,"1 Baŋa Wɛ daa ta ma ta de Job o we:
2“Nmo wolo na mage kantɔgɔ de amo Dam-fɔrɔ Tu Wɛ wom to,
n laam wó sɛ n pa-ne na?
Nmo ya na gwooni-ne to,
n jege se n leiri a taane dem mo.”
3Job ma leiri Baŋa Wɛ o we:
4“Nii-ne, amo dae kolokolo n yiga ne.
A nam wó ke tɛ mo a leiri‑m?
Amo ni mɔɔre mo
ye de ware se de puri.
5A maŋe a ŋɔɔne ko daga.
Bɛ mo a daa wó ta?
A bá wane a leiri.”
6 Baŋa Wɛ maa zege vo-fɔrɔ kom wone o ŋɔɔne de Job o we:
7“Nam fɔge n zege ne baaro tei,
se a lage a bwei‑m taane mo.
Nmo de nam jege
se n leiri a bwia yam mo.
8Nmo boŋe se n kweele a chega kam n se tega ne mo na?
N ta wó lwɛ amo
se ko pa n ta‑n jege bora na?
9Nmo jeŋa toŋe wo-kamuna
ne Wɛ jeŋa kam na ke tei to na?
N wae n kwora n mumuni
ne Wɛ kwora na bage tei to na?
10Tɔ! N ná wae n ke, kwoli n tete
de nenɔŋa de kamunim,
se n bere n paare de n zula
na mae tei to.
11Kwei n ban-lom dem n lwo n yage
boyere-nyena baŋa ne
se ko pa ba maama zoore
ba tete tega ne.
12Pa balo maama
na bere ba tete kamunim to
tu ba tete tega ne,
se n ta daare n nɔne puseŋ-nyena
n se tega ne.
13La ba maama n ke daane,
se n kwei-ba n suli kasolo wone.
Vɔ-ba n daare n pe n yage
ba yibeela wone.
14N ná wane wonnu tem konto n ke,
amo laam wó sɛ a pa nmo we,
n tete dam mo wó wane‑m
de jwoŋi.
15Nam maane n nii buga wo juru Behemota na ye tei to.
Amo mo naane-ko
ne a na naane nmo de tei to.
Ko de nam di ga-lɛɛro mo
ne nabea na ke tei to.
16Ko chwoa yam tiini ya dana,
ye ko puga kam de jege ŋwanno
na jwoŋi ko yera yam maama to.
17Ko nam twe ko nabili mo tee,
ne pono dwoŋi to,
ye ko nɛ ŋwanno tem de dana chekke.
18Ko kwi sem dana
ne channa na ye tei to mo,
ye ko nachere sem nye de bei
selo ba na mɛ luuru ba ke to.
19Wonnu telo maama
amo Wɛ na naane to wone,
konto mo zege te maama yiga ne.
De ko de, wolo na naane-ko to mo wó wane
o kwei se-zɔɔ o ja o fɔɔre o yi-ko.
20Ga-lɛɛro yɔɔre te puli peero jei sem ne mo se ko taa di,
ye ga-vara dwi maama de kare dáane ba kwɛɛra.
21Ko nam yeini ko vo ko tigi
sabare kuri ne mo,
ye ko seigi buga ni
nanchan-gullu wone.
22Sabare sem maa pae ko jege woro
se ko seigi da.
Buga ni teeni dem de kaare-ko
de ke tetare ne.
23Buga na bam ná duri
ye ba popɔgele tei maama de,
ko ba kɔre foone.
Kolokolo ba daane-ko,
de Jɔdan buga na bam ná maŋe
ba wɛɛle ko ni dem tei de.
24Nɔɔn-nɔɔno nam ware
buga wo juru kom se o ja,
ye ko zege da ko nia.
N bá‑n wane n kwei kalanchogo
n ma n ja-ko ko momwɛ seeni.”",https://www.bible.com/bible/3661/JOB.40.KBG
JOB 41,"Baŋa Wɛ ta ma bwei Job o we:
1“Ko ta ná ye naneo wo juru Leviatan,
nmo wó wane n ma gwola
n vaŋe-ko n le na wone na?
N ta wó wane n kwei ŋona
n vɔ ko ni na?
2Nmo nam wó wane
n puri ko momwa
se n kwei ŋona n tore da,
ye n daare n kwei gwola
n gerege ko peyaa ne na?
3Leviatan kom konto wó yɔɔre
ko taa lwoori‑m
se n bwoli-ko n yage mo na?
Ko wó kwei ni-som mo
ko ŋɔɔne de nmo na?
4Ko ta wó sɛ ko pa‑m,
ye á gwoni ni daane,
se ko ŋwea maama wone
ko taa ye n kabaa na?
5Nmo wó pa ko ji kwɛɛra woŋo,
ne ba na jaane zuna
ba mae ba kwɛɛre tei to na?
N ta wó pa n sɔŋɔ busankane sem
vaŋe-ko de ŋona na?
6Nɔɔna wó wane
ba ke pipiu ko baŋa ne,
ye ba cha ko yera yam muga-muga
se ba pɔɔre-ya ba pa
ba dwonna pipim-piina na?
7N nam wó wane n kwei chichwoa dedɛ n zɔ ko yera yam,
naa n kwei chena n zɔ ko yuu kom,
se ko pa ko na zonne na?
8Nmo ná ke kokeiri n zo jaŋa de-ko,
n wó jaŋe bedwe yerane,
ye n du we,
n daa‑n bá dwoni de-ko.
9Wolo ná boŋe we
o wó wane-ko o chɔge,
kotu jege o tete mo o ni.
Kokuri, o ná yɔɔre o na-ko,
o baare maama wó ti mo.
10Chega to, nɔɔn-nɔɔno ba jege baare
se o fe o tete o dwei
juru kom konto.
Wɔ laam nam mo wó na baare
se o dwoni de amo?
11Wɔ jene mo amo wó taa jega
se a ŋwe a pa kotu?
Kokuri to, amo mo tei tega baŋa woŋo maama.
12Amo daa ta wó taa ŋɔɔne
Leviatan taane.
Ko nɛ sem de ko yera yam dana chekke,
ye ko ya-tega kam de lana dedɛ.
13Nɔɔn-nɔɔno ware o pwoni
ko tɔnɔ kom,
naa o zɔ ko ya-tana kam
na tiini ka lira to.
14Nɔɔn-nɔɔno ba jege baare
se kotu ja ko ni o kaŋe,
ko yeila yam na tiini
ya jege foone to ŋwaane.
15Ko kwaga poro tem
nye de tankwallo mo
ba geene ba tigisi daane.
Te maa sɔɔne daane
pa te dana ne kandwa to.
16Te tiini te sɔɔne daane mo,
pa lulua tera se vio tɔge da
ko zo ko yi ko yera yam tete.
17Te na tiini te meeli daane konto to,
nɔɔn-nɔɔno ware-te se o kore.
18Leviatan ná sii ko vio ko yage,
pwooni mo nwoŋi da
de pepele yia.
Ko yia yam de maa nyeena,
ne wea na nye te-pora ne tei to.
19Min-vogo mo yeini ko pi
ko nwoŋi ko ni dem ne.
Min-chenno de maa parese
te jaana jei maama ne.
20Nyoa de maa tae
ka nwoŋi ko momwa ne,
ne kambia na chora mini ne
ye fonyogo fufuga tei to.
21Ko ná sii vio, ko wiiri min-chala
pa ya jaane mini,
ye min-vogo de yɔɔre ko tae
ko nwoŋa ko ni dem ne.
22Ko ba kam maama zwe mo jukke de dam,
pa wolo maama ná nɛ-ko,
foone jege kotu.
23Ko yera yam jei jei tera
se na bwona.
Ya maama yɔɔre ya dana
ne luu na ye tei to mo.
24Ko bochare nam tiini de dana
ne peo naa nɔŋɔ na ye tei to mo.
25Ko ná zaŋe wɛɛne,
foone yeini de ja dedɛɛra tete mo.
Ba ná nigi ko dɔnne,
ba boboŋa yeini ya vugimi mo.
26Ba ná jeeri-ko de se-zɔɔro, naa chichwoa, naa taŋa chena,
tento maama ware-ko kolokolo
se te ke.
27Ko nii luuru se te taa nye
de ga-korro mo ko tei ne.
Channa de maa nye
de da-popwanno ko yiga ne.
28Che-tɛɛra ná jaane wɛɛne tei de,
ya muri se ya pa ko duri.
Ko daare pa napana kandwa
ye weero ko tei ne.
29Ko nii gwola se ya taa nye
de swanno mo.
Ba nam ná kwei chichwoa mo
de se ba ma jeeri-ko de jara,
ko yiga bere ka tera ya wone.
30Ko puga kam seeni ya-tana kam
nye de kanchwi mo kwoli-ka,
pa se ka tiini ka jege ni fileim-fileim.
Ko ná tuuri ko tete
ko veiŋa baŋa ne,
ko yeini ko jege bworu tem mo
ko gura.
31Ko nam ná wo naneo wo
na-luŋa ne ko yɛ na,
ko pae se na bam popɔgele
ne na na chore tei to mo.
Ko ta nye de terale nuga na wo kambia ne ka saŋe tei to mo.
32Ko ná yeini ko kɛ ko daare,
chwoŋa tigi naneo kom ne mo
napwon-pwoŋo ye ka nyeena,
nenɛɛne nɔn-kwea yu-pwei
na ye tei to.
33Juru kom konto ba kɔre kolokolo.
Ko ba jege dwoŋi
tega baŋa maama ne.
34Vara balo maama ná bere ba tete kamunim,
ko jege-ba ko gwoona mo.
Konto mo maa ye
vare-kamuna bam maama pɛ.”",https://www.bible.com/bible/3661/JOB.41.KBG
JOB 42,"Job ni taane
1Job ma leiri Baŋa Wɛ o we:
2“A yei we n wae wonnu maama n ke.
Ba ba cho nmo yiga de kolokolo
n na jaane boboŋa se n ke to.
3Nmo ya bwei amo we:
‘N ye wɔ mo se n bwɛ
amo boboŋa na jaane tei to,
ye n ŋɔɔne wonnu telo n na yeiri to?’
Chega to, amo ŋɔɔne wonnu telo
a na wo lɔre te kuri to mo.
Te maa ye wo-kenkagela
yalo na dwoi a jaanem to.
4N ta tage de amo we,
‘Laam ta‑n ye konto chemm
se a ŋɔɔne de nmo.
Amo wó bwei‑m taane,
se n de leiri a bwia yam
n pa-ne.’
5Chega to, amo zwa ya mo nigi nmo ŋwa.
A tete laam nam mo nɛ‑m de a yia.
6Chaveera maa jege-ne de ta-yɔɔro telo a ya na kare a tɛ to.
A yɔɔre a chuli a wɛleera yam
de a wo maama,
pa se a jeini teero
de tentwarem baŋa ne.”
Tɔnɔ kom gurim
7 Baŋa Wɛ déem na ŋɔɔne de Job o ti to, mo o tage de Teman tu Elifaza o we, “A bane zaŋe de nmo, de n badwonna balei bam mo. Kokuri to, á wo tage amo yera taane se ko yɔɔre chwoŋa se ko maŋe de a tontoŋeno Job na tage tei to. 8Nam beeri-na nabɛ serepɛ, de pi-bale serepɛ á ja á vo Job tei se á kwei-te á ke zwɛɛm kaanem á tete ŋwaane. Ko kwaga seeni, a tontoŋeno Job wó lwoori-ne o pa abam. A maa wó jwoŋi o wɛ-lworo kom, se a yé waare abam de jworim delo á na ke to. Abam na tage amo yera taane tei to wo yɔɔre chwoŋa se ko yi Job na tage tei to.”
9Teman tu Elifaza, de Suuhi tu Bilidad, de Naamatia tu Zofara ma seene ba ke ne Baŋa Wɛ na bere-ba se ba ke tei to. Baŋa Wɛ de ma sɛ wɛ-lworo kolo Job na ke ba ŋwaane to.
10Job déem na lwoori Wɛ o pa o badwonna bam to kwaga ne, mo Baŋa Wɛ daa pɛ se Job jwoori o zege de dam. O ma ba o duni, ne ko ya na ye tei boboa kam ne to kuni belei. 11O chorro maama, de o nakwa, de o badwonna balo maama déem na vei ded‑o to ma ba o tei ye ba di kuri daane o sɔŋɔ ne. Ba ma ŋwane ba pa‑o ye ba zuri o bochare de lɛɛro telo maama Baŋa Wɛ na toŋe o yera ne to. Ba maama dedoa dedoa ma pa‑o lu-nyenno sabu-dala, de sabu-seŋa jafole.
12 Baŋa Wɛ ma tiini o swɛ Job swolim pa o kweela kam gare o ya na ye tei boboa kam ne to. O déem laam jege pei morro fuga-tena (14,000), de kona morro teredo (6,000), de nabɛ morro telei (2,000), de bonɛ moro (1,000). 13O ma pa Job daa lo bia fuga, bakeiri serepɛ, de bukwa batɔ. 14O déem ma bwoŋi o bukɔ-kwea kam yere we Jemima. O bukɔ wolo na saŋe to yere maa ye Kezia, ye o bukwa batɔ tu wom de yere ye Keren-Hapuke. 15Tega baŋa maama wone, kaane déem tera o lam na twɛ Job bukwa bam. Job ma pa-ba chwoŋa se ba woli ba nabwa bam wone se o ná tega, se ba chɛ o jejegero tem ba pa daane.
16Wonnu tem konto maama na ke te kɛ to, Job ta ŋwe mo o yi bena bi de finna (140) o woli da. O déem ma na o bia de ba de bia, se ko yi dwia yana laŋa ne. 17O ma tiini o kwe ye o laam te o tete toone.",https://www.bible.com/bible/3661/JOB.42.KBG
LEI 1,"Lei Tɔnɔ 1
Lei 1–41
Chwei selei taane
1Nɔɔno wolo veiŋa na ba tɔge
puseŋ-nyena bam bera to mo,
Wɛ zaane wo wonto yuu ne lanyerane.
Kotu nam ba lage se o da
wɛleere-keira chwoŋa kam.
O maa ba lage se o taa jei
nɔn-lwɛɛna jeiŋa jei sem ne.
2Kotu za pae se Baŋa Wɛ nia yam mo jege ywoni ya pa‑o.
Wea de tete maama o yeini o boŋe ya wone zii mo lanyerane.
3Nɔɔno wom konto nye de tio kolo
na zege ko bwola de nabara
ye ko vɔɔro ba siira kɔtaa to mo.
Ko nam leiri bia mo ka maŋa ne chekke.
O na ke kolo maama to vei yiga lanyerane.
4Puseŋ-nyena bam nam dae konto!
Banto nye de swanno mo
vio na kale ko maa jia to.
5Wɛ nam ná lage o di nabiina bora,
puseŋ-nyena bam wó to mo.
Wɛleere-keira de nam bá wane ba woli
balo na jege chega Wɛ tei ne to
kɔgɔ kom wone.
6Kokuri to, Baŋa Wɛ fɔge o nii
balo na kɔre-o to,
de ba veiŋa maama mo.
Ko nam ná ye puseŋ-nyena bam,
banto yɔɔre ba jei mo
ba chwoŋa kam ne.",https://www.bible.com/bible/3661/PSA.1.KBG
LEI 2,"Wɛ Dam Tu wom taane
1Bɛ mo ye logo baŋa dwi-gɛ tiina bam bane zaŋe?
Bɛ mo ye ba ke daane ba boŋe
boboŋa kafɛ ŋwaane konto?
2Ba pwa bam de ba dedɛɛra bam ma la daane,
se ba ke chichuŋu de Baŋa Wɛ
de o Dam Tu wolo o na kuri to.
3Ba laam maa we,
“Pa-na se dé chochoge
ba dam chegero tem,
se dé daare dé dole ba chaponno tem dé yage yiga yiga.”
4Baŋa Wɛ maa jei o telaao paare jeiŋa jei ne ye o mɔne-ba.
O maa nae ba boboŋa yam
na muri tei to.
5O bane ma zaŋe ba baŋa ne
ye o kaane-ba de ba keim-yɔɔro tem.
O ma tiini o fugi-ba de o ban-zɔŋɔ kom.
6O maa we, “Zion ye peo kolo
amo na pɔɔre a pa a tete to mo.
Ko yuu ne mo amo tiŋi Pɛ wolo
a na kuri to.”
Pɛ wom maa we:
7“Amo laam wó pa se Baŋa Wɛ na tage tei to nwoŋi pwooni,
de o na tage de amo o we:
‘Nmo mo ye amo Bu,
ye zem amo de ji nmo Kwo.
8A Bu, nam bwei amo n nii,
se amo wó pa-m logo baŋa teene dem maama se n ta‑n tei,
se ko vo ko yi logo kom siseini ni maama.
9Nmo wó kwei luu-dedɔrɔ
n ma n wane-ba,
ye n daare n chɔge-ba,
ne kambi mo ba chochoge to.’ ”
10Konto to, abam balo na ye pwa to,
ja-na swa!
Abam balo na jege dam
logo baŋa ne to,
jwoŋi-na bera.
11Sɛ-na Baŋa Wɛ se á ta‑á kɔre‑o.
Pa-na se á yera taa sae
se á di ywoni o yiga ne.
12Chɔɔle-na o Bu wom yiga ne
á ma‑á zuli‑o,
se o bane yé zaŋe abam baŋa ne.
Ko ná dae konto, wonto wó wane o ba
o chɔge abam bedwe baŋa ne.
Balo nam na seigi ba tete
o woro wone to,
Wɛ wó ke zaane o ke
banto maama yuu ne mo.",https://www.bible.com/bible/3661/PSA.2.KBG
LEI 3,"David wɛ-lworo
David déem pane leiŋa kanto maŋa kalo o na duri se o lu Abisalom jeŋa ne to.
1Amo Tu Baŋa Wɛ,
nii amo dona na daga tei!
Balo na zege amo zega to
gaale dedɛ!
2Ba maa tɛ amo taane ba we,
Wɛ daa ba lage o jwoŋi-ne o yage.
3 Baŋa Wɛ, nmo nam chege amo mo
n pu se cham yé yi-ne,
ne jara nantana na kwoli nɔɔno
jara wone tei to.
Nmo yeini n pae a yuu zeiŋi wɛɛne,
ye n pa-ne zula dedɛ.
4Amo yeini a lwoori Baŋa Wɛ
de kwor-dɛa mo.
O de maa zege peo kolo o na pɔɔre o pa o tete to yuu ne,
o leiri amo wara.
5Amo wó guni mo a peini
a taa dɔa yɔlɔ-lɔ-lɔ,
ye a dɔ a zaŋe zezeŋa ne
de yazura,
Baŋa Wɛ na teili-ne to ŋwaane.
6Jar-keira morro fuga mo ná jeeri-ne,
ye ba peene-ne jei maama
ba ke tetare ne de,
amo ta bá kɔre foone.
7Amo Tu Baŋa Wɛ, zaŋe wɛɛne!
Amo Tu Wɛ, jwoŋi-ne n yage!
Nam mage a dona bam maama nia n chɔge-ba,
se ba daa yé taa jege dam amo baŋa ne.
8 Baŋa Wɛ, nmo mo vere nɔɔna
n yage ba cham wone.
Nam pa n swolim taa wo
n nɔɔna bam yuu ne.",https://www.bible.com/bible/3661/PSA.3.KBG
LEI 4,"David wɛ-lworo
1Amo Tu Wɛ,
nmo mo zege amo chega kam kwaga ne.
Cham na tu de peene amo to,
nmo jwoŋi-ne n yage
se a lu de wone.
Nam ta duri amo yibwona,
se n daare n cheigi
amo wɛ-lworo kom.
2Nabiina bam, á lage
se á ta‑á ke-ne chaveera taa
se á vo á maŋe yei ne mo?
Á wó ta‑á swoi wo-yɔɔro,
ye á kwori á sɛ vwa taane
taa wuu mo na?
3Nam lɔre-na we Baŋa Wɛ kuri chega tɔgena mo
se ba taa ye o nyem.
Amo ná yeini a lwoori‑o,
o sɛ a taane dem mo.
4Nam ta‑á kɔre-na foone
se á yera de taa sae!
De konto de, yé ke-na wɛleere.
Á ná yeini á tigi á sara ne ye á sii,
se á ta‑á jege boboŋa yanto dwoŋi
á bochara wone.
5Tɔge-na chega wone á kaane
á pa Baŋa Wɛ,
se á daare á sɛ‑o de wo-dedoa.
6Nɔɔna dedɛ yeini ba bwei ba we,
“Nɔɔno wora o na wó ke debam lanyerane na?”
Amo Tu Baŋa Wɛ, pa se n yibia jeeri debam seeni
se n lanyerane dem kwoli debam!
7Ko nam ná ye amo,
nmo ke ywoni amo bochare ne
ko dwoi banto nyem dem,
de ba na maŋe ba jege wodiiru dedɛ de sana to de.
8Amo ná yeini a guni a peini,
a wó dɔ mo ye a bochare zuri.
Baŋa Wɛ, nmo yerane mo wae
n nii amo baŋa ne,
se a yé na wo-lɔŋɔ.",https://www.bible.com/bible/3661/PSA.4.KBG
LEI 5,"David wɛ-lworo
1Amo Tu Baŋa Wɛ,
cheigi amo ni taane.
Ko chɛ a yera ne ye a sisiga!
2Amo Tu Wɛ, nmo ye amo Pɛ,
pa-ne chwoŋa se a ba nmo yiga ne.
A lwoori zeinim mo nmo tei ne.
Popo, se n sɛ a wɛ-lworo kom.
3 Baŋa Wɛ, tega ná poore,
nmo yeini n cheigi amo ni taane.
Zezeŋa ne amo wó tiŋi a taane dem nmo yiga ne mo,
ye a laam taa jei a cheiga se a nii.
4A Tu Wɛ, nmo na ye tei to,
n wo ba pwoli de lwarem totoŋa.
Nɔn-balwaaro bá wane ba zo nmo tei.
5Balo na bere ba tete kamunim to
de bá wane ba zege nmo yiga ne.
Nmo chuli balo maama
na ke lwarem to.
6Ko ná ye vwa-fɔra,
nmo wó chɔge-ba mo,
ye n ve nɔn-gora
de gengan-nyena maama.
7Ko daare ko ná ye amo,
nmo jege amo swono chekke.
Konto ŋwaane, amo wó na chwoŋa
se a zo n sɔŋɔ kom.
Amo wó kuni dwoona nmo yiga ne,
ye a zuli nmo yere
nmo tete diga kam wone.
8 Baŋa Wɛ, pa se a taa tɔge
nmo chega chwoŋa kam,
amo dona na daga ba gaale to ŋwaane.
Tiŋi chwoŋa kalo na yɔɔre to
a yiga ne,
se a yé ywori ka wone.
9Ko ná ye a dona bam,
ba nia yam ba nwoŋi chega kɔtaa.
Ba beeri chɔgem yerane mo.
Ba nia maa ŋɔɔre,
ne yibeeli na puri to mo,
ye ba tɔge ni-sone baŋa ne
ba gane nɔɔna.
10A Tu Wɛ, pa ba to ba bora wone!
Pa se ba tete bobwea yam de-ba.
Ba wɛleera yam na daga to,
zeili-ba n yiga ne,
kokuri ba lɔge nmo kwaga ne mo.
11Ko daare, ko ná ye balo maama
na seigi nmo woro kom wone to,
pa se ba wo pwoli.
Pa se ba taa leeni lei de ywoni
taa wuu.
Balo na swoi nmo to,
se n ta‑n cho-ba
se ba taa zuli nmo yere de wopwolo.
12 Baŋa Wɛ, nmo seene n swɛ balo na zege chega wone to swolim.
Ko ta woli da, nmo yeini n kwei
n lanyerane dem mo,
n ma‑n cho-ba se cham yé yi-ba,
ne jara nantana na kwoli nɔɔno
jara wone tei to.",https://www.bible.com/bible/3661/PSA.5.KBG
LEI 6,"David wɛ-lworo
1Amo Tu Baŋa Wɛ,
yé tɔge n ban-zɔŋɔ kom baŋa ne
n bwɛ-ne.
Ta yé da n ban-lom dem ŋwaane
n waare-ne.
2Nam pa se n zaane taa wo
amo yuu ne,
a na bugi to ŋwaane.
Baŋa Wɛ, zaŋe n yɔɔre-ne,
de ko na tiini ko chɛ
amo yera ne tei to.
3Foone mo tiini ko zo a bochare ne.
Amo Tu Baŋa Wɛ,
nmo ta wó dáane mo
se n laam ba n zeini amo na?
4 Baŋa Wɛ, leiri n na ke tei to,
se n daare n ba n vere-ne n yage.
Jwoŋi-ne, nmo na yɔɔre n jege
amo swono to ŋwaane.
5Churu ne, ba ba guli nmo gula.
Nɔɔno ná tega,
kotu wó wane o tei nmo yere na?
6Amo na tiini a sisigi to mo
pɛ se a yera chɛ.
Tete dem maama ne mo a keeri dedɛ
pa se a sara kam bugi dedaane yi-na.
7A yia maama suli de yi-na,
amo wo na tiini ko chɔge to ŋwaane.
A daa ware se a taa nii lanyerane,
a dona bam na daane-ne to ŋwaane.
8Abam balo maama
na toŋe lwarem to,
lage-na jei á vo se á daare amo,
kokuri amo keira kam to
Baŋa Wɛ zwa ne.
9Chega to, Baŋa Wɛ nigi amo na
lwoori‑o se o duri amo yibwona tei to,
ye o daare o sɛ amo wɛ-lworo kom.
10Wɛ wó pa se a dona bam maama
di chaveera
ye foone zo-ba dedɛ.
Ba laam wó ma chaveera mo
ba maa kwoli ba yum,
ye ba pipiri ba jwoori kwaga.",https://www.bible.com/bible/3661/PSA.6.KBG
LEI 7,"Baŋa Wɛ yɔɔre o ke chega mo
David déem pane leiŋa kanto Benjamin tu Kusi ŋwaane.
1Amo Tu Baŋa Wɛ, a kwei a tete mo
a seigi nmo woro wone.
Nam jwoŋi-ne n yage
balo na pare amo se ba ja to jeŋa ne.
2Ko ná dae konto, ba wó yɔɔre
ba ja-ne mo ba tore
nenɛɛne nywonnu na ke tei,
ye nɔɔn-nɔɔno tera
se kotu jwoŋi-ne o yage.
3Amo Tu Baŋa Wɛ,
amo ná tusi tei maama,
ye keim-balɔrɔ ná wo a yuu ne,
4naa a ná toŋe a chɔge
a badwoŋi yiga,
naa a zeini o dono wolo
na daane‑o to,
5se nmo laam pa chwoŋa
se a dona bam pare-ne ba ja.
Pa se ba nɔne amo baŋa ne
ba se tega ne,
se a ŋwea laam ti
ye a maŋe tega kam ne.
6 Baŋa Wɛ, zaŋe wɛɛne de ban-zɔŋɔ!
Zaŋe n che a dona bam
de ba ban-lom dem!
Zaŋe ba baŋa ne se n pa
n chega kam taa zega.
7Nam la logo baŋa dwi tiina bam
se ba gilimi nmo yiga ne.
Diini baŋa baŋa n ta‑n tei-ba.
8 Baŋa Wɛ lage o di
dwi tiina bam maama taane.
Amo Tu Baŋa Wɛ, nam da
amo nɔn-ŋonne dem ŋwaane
n bore amo bora.
Ke konto Yuu-tu Baŋa Wɛ,
amo na jege chega to ŋwaane.
9Nmo ye wolo na ye chega tu
ye n faŋe nɔɔna bochara
de ba boboŋa n nii to.
Nam cheiŋi puseŋ-nyena bam
de ba nankɔɔre kikia yam,
se n daare n pa se nɔn-ŋona taa zega.
10Yuu-tu Baŋa Wɛ yeini o cho-ne
ne jara nantana na kwoli nɔɔna
jara wone tei to mo.
O maa vere balo na yɔɔre chwo-laao wone to mo o yaga.
11Wɛ ye wolo na bore chega bora to mo.
Dɛ maama wuu o yeini o bwɛ
balo na toŋe lwarem to.
12Banto ná wo leiri ba boboŋa,
Wɛ wó dwori o se-zɔɔ ni mo,
ye o daare o saŋe o taŋa kam lanyerane.
13O jara zela yam maŋe ya kwɛ.
O che-tɛɛra yam sele mo de vea ya pɔe.
14Nii-na! Puseŋ-nyena yeini ba ja
chanɛɛre puga mo.
Ba laam maa virigi lwarem puga,
ye ba daare ba lore vwa yerane.
15Banto yeini ba ko gwonnu mo,
ye ba tete laam daare ba to te wone.
16Lwarem delo ba na toŋe to
jwoori de tui ba tete yuu ne mo.
Ba nankɔɔre kikia mo jwoori
ya ni-ba.
17Amo wó ke Baŋa Wɛ lei,
o na yɔɔre o ke chega to ŋwaane.
A ta wó leeni a tei o yere mo,
de o na ye Yuu-tu Baŋa Wɛ wom to.",https://www.bible.com/bible/3661/PSA.7.KBG
LEI 8,"Baŋa Wɛ yere jege zula
David déem pane leiŋa kanto.
1 Baŋa Wɛ, nmo ye debam Teiru.
Nmo yere dem jege zula dedɛ
logo baŋa jei maama wone.
Nmo pɛ se n nenɔŋa taa nae jaja mo
wɛyuu jeiga maama ne.
2Nmo pɛ se bia tete de bu-sese mo taa tei nmo yere.
Nmo jege dam se n cheiŋi
n dona maama
pa se ba zege da chemm.
Balo maama na lɔge nmo kwaga ne to mo jaane ba nia.
3Amo yeini a nii wɛyuu kom,
de ko na ye kolo
nmo tete jea na naane to,
ye a daare a nii chana kam
de chalechwe sem,
nmo na kwei-se n zege se jei ne to.
Amo na nɛ to, a boŋe a we:
4“Ko ná ye nabiina,
bɛ mo ye n jege ba boboŋa?
Bɛ mo ke ye n yiga wo
nabiin-bia wone konto?”
5Nmo nam pɛ se nabiina
tiini ba jege paare,
ye n ta pa-ba zula,
pa se ba dam muri
nmo nyem dem fenfee mo.
6N ma-n daare n pa se ba tei
wonnu telo maama n jea na ke to,
se wonnu maama taa wo
ba dam kuri ne.
7Ko ná ye pei, de bone, de naane,
de kago-vara bam maama de,
8ko woli de zuna, de ywona,
dedaane wonnu telo maama
na wo naneero wone to,
te maama wo nabiina
dam kuri ne mo.
9 Baŋa Wɛ, nmo ye debam Teiru.
Nmo yere dem jege zula dedɛ
logo baŋa maama wone.",https://www.bible.com/bible/3661/PSA.8.KBG
LEI 9,"Lei keim leiŋa
David déem pane leiŋa kanto.
1 Baŋa Wɛ, amo wó tei nmo
de a wo maama.
A ta wó ŋɔɔne
nmo wo-kenkagela yam taane
a bere nɔɔna.
2Yuu-tu Baŋa Wɛ,
amo wó pa se a wo pwoli,
ye a daare a di ywoni nmo ŋwaane.
A ta wó leeni mo
a zeiŋi n yere wɛɛne.
3Nmo ná zaŋe a dona baŋa ne,
ba wó pipiri mo ba duri ba kɛ.
Ba ma tiri ba to tega ne,
ye ba daare ba jei.
4Kokuri to, nmo ná di nɔɔna taane,
n yɔɔre n pae chega bora mo.
Nmo seene n bore amo bora
n pa se a jege a chega.
5Nmo yɔɔre n fugi dwi-gɛ tiina bam,
ye n daare n chɔge
puseŋ-nyena bam.
N saare ba yere mo
se nɔɔna daa yé guli ba gula
taa wuu.
6Chɔgem mo tu dé dona baŋa ne,
Ba teene dem ma ji di-dwonnu
se ko taa vei wuu,
pa se nɔɔna yɔɔre ba swei de ni ne.
7 Baŋa Wɛ nam jege o paare mo
se ko taa vei wuu.
O maa jei se o di nɔɔna taane.
8Wɛ wó tɔge o chega kam baŋa ne
o di nabiina maama taane.
O wó taa tei logo baŋa dwi tiina
ko chwoŋa ne mo.
9Ko ná ye balo na nɛ bɛɛsem to,
Baŋa Wɛ ye dalem jei mo o pa-ba.
Cham ná yi-ba, o maa ye ba dam jei,
se ba seigi o woro kom wone.
10Balo na kɔre nmo yere to wó ke
ba wo-dedoa dedaane nmo.
Kokuri to, ko ná ye balo na kwaane
se ba fɔɔre ba twɛ nmo to,
nmo Baŋa Wɛ ta wo fɔge n nwoŋi
ba kwaga ne n daare-ba.
11Leeni-na á tei Baŋa Wɛ,
se o di paare mo Zion ne!
Ta‑á tɛ o na ke tei maama to
á bere logo baŋa dwi tiina bam.
12Wɛ ye wolo na jwoori o ŋwe
nɔn-gora jene to mo.
Ko ná ye balo na wo cham wone to,
o bá fɔge o ve ba keira
kalo na jare‑o to.
13Amo Tu Baŋa Wɛ,
nam duri amo ŋwaŋa!
Nii amo dona bam na daane-ne
pa se a yaare tei!
Nmo ye wolo na wó wane n che toone se de yé ja-ne to mo.
14Konto to, amo wó zege
Zion teo pwooni ne
a zuli nmo yere jaja.
Amo wó taa chaka mo de wopwolo,
de nmo na jwoŋi-ne n yage to ŋwaane.
15 Dwi-gɛ tiina bam vei ba to gwoŋo kolo ba na koge to wone.
Kalanchogo kolo ba na tiŋi to mo jwoori ko ja-ba.
16 Baŋa Wɛ veere o tete
se ko tɔge de o chega bora borem dem mo.
Puseŋ-nyena bam nam na toŋe lwarem delo to
jwoori de jaane-ba ne kalanchogo to.
17Puseŋ-nyena bam wó vo
ba zo churu ne,
dedaane dwi tiina balo maama
na ve Wɛ to.
18Ko nam ná ye nabwona,
nɔɔna daa bá swei ba ni ne taa.
Balo de na wo cham wone to
teena bá fɔge ya ti.
19Amo Tu Baŋa Wɛ, zaŋe wɛɛne!
Yé pa nabiina chwoŋa se ba ve nmo.
Ja logo baŋa dwi tiina bam
n zege n yiga ne
se n laam di ba taane.
20 Baŋa Wɛ, pa se foone yɔɔre de zo-ba,
se ba lɔre we ba ye nabiina mo
ye ba dam wo yi nmo dam dem.",https://www.bible.com/bible/3661/PSA.9.KBG
LEI 10,"Wɛ-lworo
1Amo Tu Baŋa Wɛ,
bɛ mo ke ye n wo yiga yiga amo tei ne?
Bɛŋwaane mo cham yi amo
ye n laam seigi n tete?
2Puseŋ-nyena bere ba tete kamunim
ye ba pare nabwona se ba ja.
Ba maa tɔge ba boboŋ-lwanno tem baŋa ne mo
ba jaane-ba.
3Puseŋ-nyena yeini ba zeiŋi ba tete mo
de ba fera na zo wonnu telo to.
Ba maa zuli kampin-nyena,
ye ba daare ba lwɛ Baŋa Wɛ.
4Puseŋ-nyena bam yiga tera
dedaane Wɛ,
ba na jege teera to ŋwaane.
Ba maa boŋe we, “Wɛ tera.”
5De ko de, ba wonnu maama
ke lanyerane.
Ba maa ware se ba ni
nmo bera yam kuri,
ye ba jege ba dona bam
ba gwoona.
6Ba maa boŋe ba we,
“Dé bá fɔge dé gɔ naga.
Dé bá fɔge dé zo cham wone kɔtaa!”
7Ba yeini ba sɔɔle lwarem yerane mo.
Ba maa fɔ vwa ye ba fugi nɔɔna.
Ba tiini ba swoi nankɔɔre
de puseŋa ŋɔŋa mo.
8Ba yeini ba vwɛ te-balwa bam ne
se ba nwoŋi ba zi
balo na tɔge-da ba kɛ to.
Ba yia seene de balo na vei yalem to,
ye ba zaŋe ba baŋa ne ba go-ba.
9Ba maa seigi gugworru wone
ne nywonnu mo tei,
se ba dale ba zi
balo na yeiri ko ni ne to.
Ba tɔge konto dwoŋi
ba jaane nabwona,
ye ba daare ba tuuri-ba ba kɛa,
ne ba wo ŋwe-choa wone mo tei.
10Ba maa jujugi balo ba na jaane to
pa se ba beiri,
ye ba dam dem yɔɔre de wane-ba.
11Ba maa boŋe ba we, “Wɛ yiga tera!
O kwoli o yibia mo ye o ba nae.”
12 Baŋa Wɛ, zaŋe wɛɛne!
Kwei n jeŋa n ma‑n waare
puseŋ-nyena bam,
se n daare n zeini nabwona.
13Bɛ mo ye puseŋ-nyena swoi
se ba taa lwɛ Wɛ konto?
Bɛ mo ye ba tɛ ba tete ne we,
“Wɛ nam bá bwei amo”?
14Se ko ná ye nmo, a Tu Wɛ,
nmo yɔɔre n nae ba na toŋe cham
de nankɔɔre kikia yalo to.
Nmo yeini n jeeli
ba keim-balwaaro tem,
ye n daare n waare-ba.
Ko ná ye balo ba na jege ba bɛɛse to,
banto sale nmo yera ne,
nmo na ye wolo na zeini botara to ŋwaane.
15Nam chɔge puseŋ-nyena
de nɔn-balwaaro dam.
Bwei-ba ba keim-lwanno tem ŋwaane,
se ba totoŋa maama saare.
16 Baŋa Wɛ mo di paare
se ko taa vei wuu!
Dwi-gɛ tiina bam jege se ba jei mo
Wɛ tete tega kam wone.
17Amo Tu Baŋa Wɛ,
nmo yeini n cheigi
nabwona na lwoori‑m tei to.
Nmo ke dam n ke ba kuri ne,
de n na cheigi ba keira tei to.
18N zege botara de balo na nɛ bɛɛsem to kwaga ne,
se nabiinu wolo maama na wo logo baŋa ne to daa yé fugi-ba.",https://www.bible.com/bible/3661/PSA.10.KBG
LEI 11,"Amo wó sale Baŋa Wɛ yera ne
David déem pane leiŋa kanto.
1Amo wó sale Baŋa Wɛ yera ne.
Nam daa‑n yé ta de amo we:
“Duri n vo n seigi peero jei ne,
ne zuŋa na jaane wɛɛne tei to.
2Nii puseŋ-nyena na saŋe ba tɛ,
ye ba mole chena da tei to!
Ba maa seigi ba tete,
se ba ta balo na yɔɔre
chwo-laao wone to.
3Puseŋ-nyena bam na chɔge
dé teo kom lam to,
nɔn-ŋona ware kolokolo se ba ke.”
4 Baŋa Wɛ mo wo o wɛyuu
sɔŋɔ kom ne.
O maa jei o di paare mo Wɛ telaao ne.
O yia laam dole jei maama
ya yere nabiina,
pa se o maane kolo maama
ba na ke to.
5 Baŋa Wɛ yeini o maane nɔn-ŋona
de puseŋ-nyena mo o nia.
O nam yɔɔre o chuli balo na swoi nankɔɔre kikia to mo.
6Ko ná ye puseŋ-nyena bam,
o lage o lwo min-chala
de chilibugu mo ba yuu ne,
ye o daare o pa se vo-loŋo mage-ba.
7 Baŋa Wɛ nam yɔɔre o tɔge chwoŋa chekke mo.
O maa swoi keim-laaro.
Balo na yɔɔre chwo-laao wone to
wó ba ba na o yibia.",https://www.bible.com/bible/3661/PSA.11.KBG
LEI 12,"David wɛ-lworo
1 Baŋa Wɛ,
zaŋe n zeini debam!
Kokuri to, balo na sɛ Wɛ to daa tera.
Balo na jege chega de Wɛ to
laam jei mo nabiina tetare ne.
2Nɔɔna maama fɔe vwa mo
ba chɔge ba dwonna yiga.
Ba maa jege ni-som
ba mae ba gane daane.
3 Baŋa Wɛ, ko ná ye balo
na jege ni-som to,
se n pu ba nia!
Ko ta woli de balo na bere ba tete kamunim ye ba we:
4“Debam ni taane mo pae se
dé wane nɔɔna maama dé di.
Dé wó taa ŋɔɔne dé na lage tei to mo,
ye nɔɔn-nɔɔno bá wane debam
o cheiŋi.”
5 Baŋa Wɛ ma ta o we:
“Amo laam wó zaŋe wɛɛne
a toŋe woŋo,
yiniga tiina na nɛ bɛɛsem
ye nabwona suuri cham wone to ŋwaane.
Amo wó vere-ba cham wone
se ba na siu,
ne ko na maŋe de-ba tei to.”
6 Baŋa Wɛ ni taane dem yɔɔre
de ye chekke mo.
De tiini de lana jase nenɛɛne
lu-nyenno telo na tiini te kwɛ to.
De nye de ba na ke lu-nyenno
mini wone kuni berepɛ
pa se digiru daa tera to mo.
7 Baŋa Wɛ, nmo wó yere nabwona
se kolokolo yé yi-ba.
Nmo ta wó ta‑n cho debam taa wuu
de nɔn-balwaaro tem kikia.
8Puseŋ-nyena bam kare mo
ba bere ba tete.
Nɔɔna maama maa zuli balo na toŋe lwarem nabiina tetare ne to.",https://www.bible.com/bible/3661/PSA.12.KBG
LEI 13,"David wɛ-lworo
1Amo Tu Baŋa Wɛ,
nmo ta wó dáane mo
se n laam ba n zeini-ne na?
Nmo daa‑n bá‑n guli amo gula na?
Nmo wó ta‑n seigi n yibia
de amo taa
se n vo n maŋe yei ne mo?
2Amo boboŋa jege se ya taa
daane-ne taa wuu mo na?
Dɛ maama wone amo wó taa jei
de wo-chechɔgɔ mo na?
Amo dona bam bere ba wó di wɔnɔ a baŋa ne taa
se ba vo ba maŋe yei ne mo?
3Amo Tu Baŋa Wɛ,
yɔɔre n nii amo seeni,
se n leiri a wɛ-lworo kom.
Pa se a ŋwea jwoori ka ke dam,
se toone yé wane-ne de ja.
4Ko ná dae konto,
a dona bam wó ta we:
“Debam wane‑o dé di!”
Ba wó taa chaka de amo na to tei to.
5Amo nam kwei a tete
a sale nmo yera ne,
de nmo na yɔɔre n jege a swono tei to mo.
A bochare mo di ywoni dedɛ,
n na jwoŋi-ne n yage to ŋwaane.
6Amo wó leeni lei a pa Baŋa Wɛ,
o na ke-ne lanyerane to ŋwaane.",https://www.bible.com/bible/3661/PSA.13.KBG
LEI 14,"N bá‑n wane n gwooni Baŋa Wɛ
David déem pane leiŋa kanto.
1Nɔn-jworru yeini ba tɛ
ba bochare ne we, “Wɛ tera.”
Ba maama chɔge mo ga zɔŋ-zɔŋ,
ba totoŋa de maa tiini ya lwara.
Nɔɔn-nɔɔno tera ba wone
kotu na tɔge chwo-laao.
2 Baŋa Wɛ maa zege o telaao
sɔŋɔ kom ne
o tiiri o nii nabiina,
se o lɔre ba wolo jege swa
ye o tɔge Wɛ na?
3Ba maama ywori Wɛ chwoŋa wone,
ye ba boboŋa yɔɔre ya chɔge mo
ga zɔŋ-zɔŋ.
Nɔɔn-nɔɔno nam tera ba wone
o na tɔge chwo-laao,
de dedoa de.
4Wo-lwan-keira maama bá sɛ
se ba zamese swa na?
Ba jege a nɔɔna bam mo ba chɔga,
nenɛɛne ko ye wodiu mo ba di.
Ba nam ba bwoŋi Baŋa Wɛ yere
ba zuli‑o.
5Nii-ba mo! Foone tiini de jege-ba,
kolo ŋwaane Wɛ zeini balo
na zege chega wone to mo.
6Abam wo-lwan-keira bam kwaane
se chaveera mo ja yiniga tiina,
se ba boboŋa yé jeini.
Baŋa Wɛ nam mo ke o woro kom
se banto zo ko wone ba seigi da.
7Amo nam wó lwoori Wɛ
se o zege Zion ne
o ba o vere Isarele tiina bam.
Baŋa Wɛ ná seene o pa o nɔɔna bam jwoori ba zege de dam,
Isarele dwi dem
na ye Jakob dwi dem to
wó taa chaka de wopwolo!",https://www.bible.com/bible/3661/PSA.14.KBG
LEI 15,"Wɔ mo wó wane o zo Wɛ tei?
David déem pane leiŋa kanto.
1Amo Tu Baŋa Wɛ,
wɔ mo jege chwoŋa
se o taa zoore nmo wara-jei sem ne?
Wɔ mo wó wane o jeini peo kolo
nmo na pɔɔre n pa n tete to yuu ne?
2Ko ye wolo veiŋa na tɔge
chwo-laao chekke,
ye o jege chega
o kikia maama wone to mo.
Kotu yeini o ŋɔɔne chega
de o wo maama,
3ye o ba kare o chɔge nɔɔna yere.
O nam ba ke lwarem o yage
o fara yuu ne,
ye o ba kwaana se chaveera
di o dwonna.
4O yiga maa tera de nɔn-balwaaro,
ye o za nege balo na kɔre
Baŋa Wɛ to mo.
Konto tu yeini o tɔge o ni dem maama kwaga mo.
O nam bá yiri-de,
ne ko ná maŋe ko chamma
tetei maama ko pa‑o de.
5O maa jene o sabu mo
o pae nɔɔna,
ye o ba beeri nyɔɔre ko baŋa ne.
O nam ba sɛ se o jwoŋi dim
se o lɔ balo na jege bora to kwaga ne.
Ko ná ye balo na tɔge chwoŋa kanto dwoŋi to,
ba wó ta zege mo cheppe,
ye ba ba gɔe.",https://www.bible.com/bible/3661/PSA.15.KBG
LEI 16,"Amo teena wo Wɛ tei ne
David déem pane leiŋa kanto.
1A Tu Wɛ, ta‑n cho amo
se cham yé yi-ne!
A tu nmo tei se a seigi
n woro kom wone mo.
2Amo taga de Baŋa Wɛ we,
“Nmo ye amo Teiru.
Wo-laaro telo maama amo na jege to nwoŋi nmo tei ne mo.”
3Ko ná ye chega tiina balo
na zoore tega kam ne to,
ba ye nɔn-yum mo chekke.
Amo maa tiini a jege wopwolo
ba ŋwaane.
4Ko nam ná ye balo na duri
ba tɔge jwona kwaga to,
banto wo-chechɔgɔ kom
wó tiini ko gaale mo.
Amo nam bá tɔge a lwo ba na bam.
A bá bwoŋi ba jwona yam yera
se a kaane a pa-ya.
5 Baŋa Wɛ, nmo mo ye wolo
na maŋe de amo to.
Nmo kuri chwoŋa kalo
amo na wó taa tɔge to,
ye n nii amo veiŋa baŋa ne.
6Ŋwea kalo n na pɛ-ne to
jege ywoni lanyerane.
Chega ŋwaane to, wonnu telo
nmo na tiŋi se a ba a jwoŋi to
tiini te lana.
7Amo wó tei Baŋa Wɛ
o na pa-ne kwea se a wane
a tɔge chwoŋa to ŋwaane.
Tete ne nmo ta woli-ne a boboŋa ne mo se a yé tusi.
8Amo yɔɔre a yei we Baŋa Wɛ mo
wo a tei ne maŋa maama.
O na wo a jazem seeni to ŋwaane,
o zeini-ne mo se a zege cheppe.
9Mo kokuri a jege wopwolo lanyerane.
A ŋwea maama maa jege ywoni.
Amo yera de daa bá taa sae.
10Kolo ŋwaane, amo ná tega,
n bá‑n yage-ne
se a taa wo churu ne.
Nmo bá‑n sɛ se n tete wo-pwoŋo tu wom yera pɔ.
11Nmo pɛ se a lɔre chwei selo
na pae ŋwea to se a taa tɔge-se.
Amo ná yi nmo tei,
nmo wó pa se a na ywoni dedɛ.
A ná tu a jeini nmo jazem seeni,
amo laam wó su de wopwolo dáane
se ko taa vei wuu.",https://www.bible.com/bible/3661/PSA.16.KBG
LEI 17,"David wɛ-lworo
1 Baŋa Wɛ,
cheigi amo wɛ-lworo kom
de a na jege bora tei to.
Pore n zwa n cheigi a na keeri
a jare‑m tei to,
se ko dae vwa mo a fɔe.
2Nam zege amo kwaga ne
se a na a bora.
Pa se n yia taa nae
kolo na ye chega to.
3Nmo maane n nii
amo boboŋa na ye tei.
Nmo ma‑n fɔɔre n yi amo tei
tete ne de.
Nmo nam na faŋe-ne n nii
tei maama to, kolokolo tera.
A boboŋa maŋe ya ja we,
amo bá tusi de a ŋɔŋa kam.
4A ma che a tete se a yé zo
nankɔ-nyena chwei sem ne,
a na tɔge n ni taane na bere tei to ŋwaane.
5A nam yɔɔre a tɔge
nmo chwei sem mo.
A bere a wo ywori se wone.
6Amo Tu Wɛ, a lwoori‑m mo,
bɛŋwaane nmo mo wó leiri-ne.
Pore n zwa se n cheigi
a wɛ-lworo kom.
7Pa se nmo na yɔɔre n swoi nɔɔna tei to taa bere jaja.
Nmo yeini n kwei n jazem n ma
n vere balo na sale nmo yera ne to
n yage ba dona jeŋa ne.
8Ta‑n yere amo
nenɛɛne n tete yi-chele-bu to.
Pa se a vwɛ n woro kom wone,
ne nmo na yarege n vɔna
n kwoli-ne tei to.
9Jwoŋi-ne puseŋ-nyena bam jeŋa ne
de ba na ke chichuŋu de amo tei to.
Vere-ne a dona balo na chuli-ne
ye ba gilimi-ne se ba ja to jeŋa ne.
10Ŋwaŋa tera ba bochara ne.
Ba ni taane maa ye boyerem yerane.
11Ba pɛ amo kwaga mo ba pu.
Ba laam tu ba gilimi-ne.
Ba yia maa ye chɔɔ mo,
ye ba nii se ba dole-ne
ba de tega ne.
12Ba maa nye de nywonnu telo
wodiiru fera na jege-te to mo.
Ba dale mo se ba laam nwoŋi
ba ja-ne,
nenɛɛne nywon-pɔle na ke tei to.
13 Baŋa Wɛ, zaŋe wɛɛne
n kwaare jara de-ba,
se n daare n de-ba tega ne.
Kwei n se-zɔɔ n ma‑n jwoŋi-ne
puseŋ-nyena bam jeŋa ne n yage.
14 Baŋa Wɛ, ma n jeŋa n vere-ne
nɔɔna bam konto dwi jeŋa ne
n yage.
Ba maa ye balo yiga na wo
logo konto yerane wone
ye ba nyɔɔre wo ŋwea kanto ne to mo.
Nam pa se ba na waarem delo
n na tiŋi ba ŋwaane to.
Pa se ba di ba su ba daare
ba pa ba bia,
se banto de tiŋi waarem
se ba bia jwa taa di.
15Ko nam ná ye amo,
a wó ba a na nmo yibia,
a na jege bora to ŋwaane.
A ná dɔ a zaŋe,
a wó su mo de ywoni,
a na nae nmo nyenyego
na ye tei to ŋwaane.",https://www.bible.com/bible/3661/PSA.17.KBG
LEI 18,"David leiŋa
Wɛ tontoŋeno David déem pane leiŋa kanto maŋa kalo Baŋa Wɛ na jwoŋi‑o o yage Pɛ Sɔɔl de o dona bam maama jeŋa ne to.
2 Samuwel 22:2-51
1Amo Tu Baŋa Wɛ,
a swoi nmo.
Nmo mo ye amo dam.
2 Baŋa Wɛ nye de peo kolo
amo na dale da to mo.
O maa ye amo dam jei
dedaane amo jwoŋinu.
Amo Tu Wɛ nye de peo gugworo,
a na seigi a tete mɛ to.
O maa yeini o cho-ne
ne jara nantana na kwoli nɔɔna
jara wone tei to.
O maa jege dam se o ma
o vere-ne cham wone.
O maa kwori o ye amo dalem jei.
3Amo yeini a bwoŋi Baŋa Wɛ yere mo.
O de maa jwoŋi-ne o yage
a dona jeŋa ne.
Wonto maŋe se nabiina taa tei‑o mo.
4Toone déem kekare amo de vɔ.
Ko nam ya gɛ fee mo se chɔgem pu amo kwaga de ja
nenɛɛne na-fɔrɔ dwoŋi to.
5Ko nye de churu chwoŋa ŋoge ŋone mo ka vɔ amo ka tiŋi.
Toone de ma che kalanchogo
a chwoŋa ne de cheigi-ne.
6Lɛɛro na tiini te yi-ne to,
mo a bwoŋi Baŋa Wɛ yere.
A ma keeri a jare a Tu Wɛ
se o zeini-ne.
O maa zege o sɔŋɔ kom ne
o ni amo kwora.
Amo keira kam ma yi o tei,
ka vo ka to o zwa ne.
7Tega kam baŋa maa ziziŋi
ye ka yera sae.
Peero tem kura maama de ziziŋi mo ye ya dɔna,
Wɛ ban-zɔŋɔ kom ŋwaane.
8Nyoa maa tɔge o momwa ka nwoŋa.
O ta ma daare o twi min-vogo
de min-chala,
ye ya tɔge o ni ya nwoŋi
ya di wonnu bugi-bugi.
9O ma kɔɔre wɛyuu kom
nenɛɛne diga ni gɔrɔ to,
o daare o tu tega kam baŋa.
O na maa tu to,
kunkwon-lilirru wo o nɛ kuri ne mo.
10O diini cherubi mo o jaane
o maa kɛa.
Vio kom vɔna baŋa ne mo
o tɔge da o via.
11Lim mo o kwei o ma pu o tete
se ko ji woro ko pa‑o.
Kunkwon-lilirru telo na pae
do-fɔrɔ to ma kwoli‑o.
12Pwooni maa wo o yiga ne
de kale kunkwonnu tem.
Do-kandwa maa tɔge da
ya toe tega ne,
ye doa kam pepele
ka ta min-chala.
13Yuu-tu Tu Baŋa Wɛ wom mo zege
wɛyuu ne o bage de dam.
O kwora kam ma dɔne
ka to nɔɔna zwa ne.
14O ma ta o che-tɛɛra yam,
pa se o dona bam jage.
O mɛ doa pepelem mo o zeili-ba
ye ba duri ba jei.
15Amo Tu Baŋa Wɛ,
nmo bane na zaŋe
ye n bage n dona bam to,
mo naneo kom na bam pɔgele
pa ko kuri nae jaja.
Nmo na fi n momwa to,
tega kam gugworru maama
ma ziziŋi pa te tigi ja.
16 Baŋa Wɛ ma zege wɛyuu ne
o twe o jeŋa o ja amo.
O ma liiri-ne o ja o nwoŋi
na-luŋa wone.
17O yɔɔre o jwoŋi-ne mo o yage
a dona bam jeŋa ne,
kokuri to, balo na chuli amo to
tiini ba dana ba dwoi-ne.
18Amo ya wo lɛɛro wone mo
ye a dona bam chuchugi-ne.
Baŋa Wɛ nam tu o teili-ne
pa se a zege cheppe.
19O woli-ne mo o pa
a nwoŋi cham wone.
O ma yɔɔre o jwoŋi-ne o yage
se a taa wo pwooni yiga ne,
o wo na dɛ amo to ŋwaane.
20 Baŋa Wɛ ke-ne lanyerane
a na tɔge chega chwoŋa to ŋwaane.
Amo je sem na toŋe chega to,
mo o jwoori o ŋwe-ne konto.
21Amo yɔɔre a tɔge Baŋa Wɛ
chwei sem mo.
A wo ywori a Tu Wɛ kwaga ne
se a daare a toŋe lwarem.
22O nia yam maama mo amo tɔga.
A maa wo ve chullu telo o na pɛ to.
23A jege chega mo o yiga ne,
a na yeini a cho a tete
dedaane lwarem to ŋwaane.
24Ko ma pa se Baŋa Wɛ jwoori
o ke-ne lanyerane,
de a na tɔge chega chwoŋa
ye a je sem toŋe chekke to ŋwaane.
25Amo Tu Baŋa Wɛ,
Nmo yeini n jege chega mo
de balo na jege chega ba pa‑m to.
Balo na jege bora n yiga ne to mo,
nmo yɔɔre n toŋe lanyerane
n pa-ba.
26Ko ná ye balo na jege wo-pwoŋo to,
nmo de ye wo-pwoŋo tu mo
n pa-ba.
Ko daare balo na toŋe tusim kikia to,
n ke swa mo pa ko chɛ ba yera ne.
27Nmo yeini n jwoŋi nabwona mo
n yaga.
Ko nam ná ye balo na bere ba tete kamunim to,
n yeini n vaŋe-ba mo n de tega ne.
28 Baŋa Wɛ, nmo mo jaane pwooni
n ba n pa-ne.
Chega to, amo Tu Wɛ, n pae se
lim delo na kwoli amo to
jwoori de ji pwooni.
29Nmo mo yeini n pa amo dam,
se a wane a zeili
a dona bam kɔgɔ maama.
N dam dem konto ta ma woli-ne,
se a wane a faŋe a gaale
a dona bam teo kabira,
ye a daare a di-ba.
30Amo Tu Wɛ chwoŋa kam
lamma fase mo!
O ni taane dem yɔɔre de ye chega mo.
O wae o cho balo na seigi
o woro kom wone to,
ne jara nantana na kwoli nɔɔna
jara wone tei to.
31Wɛ dedwoŋi daa tera
ko ná dae Baŋa Wɛ.
Wonto yerane mo nye de peo kolo
debam na wó dale da to.
32O maa jege dam o kwoli-ne,
ye o pa se a chwoŋa tigi jase
se a taa vei ka wone.
33O ta pae se a nɛ kwaare tega mo,
nenɛɛne woŋa nɛ na ye tei to mo.
O maa cho-ne se a yé to
peero tem yuu ne.
34Wonto ta bere-ne jara keim laŋa mo,
se a taa wae a saŋe taŋa kalo
na vaŋe de dam to a tae.
35Amo Tu Baŋa Wɛ,
nmo pɛ-ne jara-keim nantana
se ka taa kwoli-ne,
ye n jwoŋi-ne n yage cham wone.
Nmo jazem dem teili-ne mo
se a zege cheppe.
Nmo na sɛ se n woli-ne tei to
pɛ se a ji babea.
36Nmo kwɛ chwoŋa kalo na yala to mo
n tiŋi amo yiga ne,
se a yé seeri a to tega ne.
37Amo pare a dona bam mo a ja.
A ma mage ba maama a go
pa ba wolowolo wo daare.
38A popoge-ba mo a de tega ne
pa se ba daa ware wɛɛne se ba zaŋe,
a na nɔne-ba de a naga to ŋwaane.
39 Baŋa Wɛ, nmo mo pa-ne dam
se a taa ma a ke jara.
N ta ma‑n pae se a dona bam ba
ba kuni dwoona amo yiga ne.
40N ta pa se foone ja
a dona bam maama
ye ba pipiri mo ba duri
ba daare-ne.
Amo ma yɔɔre a chɔge
balo na chuli-ne to.
41Ba maa beeri wolim.
Nɔɔn-nɔɔno nam tera
se o jwoŋi-ba o yage.
Ba ma keeri ba jare Baŋa Wɛ,
ye o wo sɛ ba wara yam.
42Amo maa cho-ba a mumugi
pa se ba ji nenɛɛne fwogo vio
na kale tei to.
A ma lwo-ba a yage
nenɛɛne ba ye chwoŋa ni bworu to.
43Ko ná ye paweero telo
na chuli amo to,
nmo vere-ne n yage ba jeŋa ne mo.
Nmo ta ma‑n pa se a di paare
teene dedɛ baŋa ne,
se a taa tei dwi tiina balo
a ya na yeiri to.
44 Dwi-gɛ tiina ná yɔɔre
ba ni amo taane,
ba yeini ba sɛ a ni mo.
Ba ta ma gwane amo yiga ne
de foone.
45Veira bam konto vɔna yeini
ya da ya pare mo.
Ba ma zaŋe ba nwoŋi
ba dalem jei sem wone,
ye ba yera sae de foone.
46 Baŋa Wɛ seene o ŋwe!
O maa ye peo kolo
amo na dale da to.
Ko maŋe mo se dé taa tei‑o.
Pa-na dé tei Baŋa Wɛ!
Wonto nam mo jwoŋi-ne o yage!
47Wonto mo jwoori o ŋwe jene
a dona baŋa ne.
O maa jaane dwi-gɛ tiina o tui
o ke amo dam kuri ne.
48O ta jwoŋi-ne mo a dona jeŋa ne o yage.
Amo Tu Baŋa Wɛ,
nmo mo pa-ne dam
se a di balo na chuli-ne to.
N ta ma‑n jwoŋi-ne
nankɔ-nyena jeŋa ne.
49Konto ŋwaane nam mo,
amo wó tei nmo yere,
se dwi-gɛ tiina taa yei n ni ne.
Chega ŋwaane to, Baŋa Wɛ,
amo wó leeni a tei nmo yere.
50 Baŋa Wɛ yeini o pa se o pɛ wom
di wɔnɔ mo maŋa maama.
O maa tɔge o swono kom baŋa ne
o ke pɛ wolo o na kuri to lanyerane se ko taa vei wuu.
Ko maa ye amo David
de a dwi dem mo konto.",https://www.bible.com/bible/3661/PSA.18.KBG
LEI 19,"Wɛ nenɔŋ-fɔrɔ kom taane
David déem pane leiŋa kanto.
1Wɛyuu kom bere Wɛ nenɔŋa kam na ye tei to mo.
Kunkwonnu tem de maa paale
kolo maama o jea na naane to.
2Dɛ maama yeini de kwei
kwora kam konto mo
de pae dɛ delo na saŋe-de to.
Tete maama de maa pae
se kwora kam jaga.
3Wɛyuu wonnu tento ba ŋɔɔne
botare-bia se ba taa zaŋa.
Te kwori sem maa ye chemm mo.
4De ko de, te ni taane dem
yi tega baŋa jei maama mo.
Te kwora ma jage ka yi
dɔŋɔ ni maama.
Wɛ chwi vwei mo wɛyuu kom ne
o pa wea kam
se ka taa zoore da.
5Ka laam maa yeini ka puli,
nenɛɛne ka-dooro baro na nwoŋi diga ne de wopwolo tei to,
naa babea na duri de dam
se o di yiga tei to.
6Ka maa yeini ka zaŋe wɛyuu kom
daa dedoa ne mo,
ye ka tole ka chwoŋa kam ka vo
ka yi daa kadwoŋi kam ne.
Kolokolo bá seigi ka wulim dem yiga ne.
7 Baŋa Wɛ nia yam yɔɔre
ya ye chekke mo.
Ya maa pae se nɔɔna jwoori
ba na dam.
Baŋa Wɛ bera yam jege kuri.
Ya maa pae nayeiri-nyena swa mo.
8 Baŋa Wɛ kwora kam tɔge chwoŋa.
Ka maa pae wopwolo dedɛ.
Baŋa Wɛ ni-kaana yam
bere chega mo jaja.
Ya maa pae nɔɔna yi-poro.
9Nɔɔna ná kɔre Baŋa Wɛ, ko lana.
Konto jege kuri se ko taa vei wuu.
Baŋa Wɛ boboŋa yam jege chega.
Ya ba tusa de fenfee de.
10Wɛ nia yam jege kuri
ya dwoi sabu-seŋa dedɛ,
ka ná maŋe ka lana tei maama de.
Ya ywomma ya dwoi tooro,
de tooro nuga maama.
11 Baŋa Wɛ, nmo nia yam kaane
n tɔgena mo.
Wolo maama ná sɛ-ya,
kotu nae nyɔɔre dedɛ mo
ya ŋwaane.
12Nɔɔno wó wane o lɔre
o na tusi tei to na?
Amo ná tusi ye a yeiri ko ni ne,
se n saare a tusim dem konto
n yage n ma n chɛ-ne.
13Ta‑n cho-ne se a yé paale
a ke wo-lwanno.
Yé pa se wɛleera taa jege dam
amo baŋa ne.
Konto mo a wó wane a taa jege bora de a kikia maama,
ye a bá ywori nmo kwaga ne.
14 Baŋa Wɛ, pa se a ni taane dem
de a boboŋa maama
taa ye kolo na wó pwoli nmo wo to.
Nmo nye de peo kolo amo na sale
ko yera ne to mo.
N ta ma‑n ye amo jwoŋinu.",https://www.bible.com/bible/3661/PSA.19.KBG
LEI 20,"Dé wó sale Baŋa Wɛ yera ne
David déem pane leiŋa kanto.
1Cham ná yi nmo,
Baŋa Wɛ wó ba o zeini‑m.
O maa ye dé nabaaro Jakob
Wɛ wom mo.
O wó taa cho‑m de n dona bam.
2O wó zege o wara-jei sem ne
o toŋe o zeini nmo.
Zion peo kom ne mo konto,
o lage o zege da o ba
o zege n kwaga ne.
3O ta wó guli
n pɛɛra yam maama gula.
Kaanem delo maama nmo na zwɛ
n pa‑o to wo su o yi.
4Wɛ wó pa n na n boboŋa
na lage kolo to,
se n na jeeli kolo maama to
seene ko ke ko pa‑m.
5Pɛ, nmo laam ná wane
dé dona bam n di,
dé wó taa chaka mo.
Dé wó zeiŋi dé tuta wɛɛne
de wopwolo
dé Tu Wɛ wom yere ŋwaane.
Baŋa Wɛ wó ke o su n wɛ-lworo kom maama o pa‑m.
6Amo laam tu a lɔre we
Baŋa Wɛ zeini pɛ wolo o na kuri to
se o wane o dona bam.
O zege o tete telaao ne mo
o leiri pɛ wom na lwoori‑o
tei maama to.
O maa tɔge o dam-fɔrɔ jazem dem baŋa ne
o jwoŋi‑o o yage.
7Nɔɔna badwonna jege teera
ba jara-keim torokooro ŋwaane.
Badwonna de maa jege teera
ba sisein-nɔɔna ŋwaane.
Debam nam jege teera dé Tu
Baŋa Wɛ yere dem ŋwaane mo.
8Banto maa chɔɔle ba to tega ne.
Debam nam wó zaŋe wɛɛne
dé taa zege mo cheppe.
9 Baŋa Wɛ, nam pa dé pɛ wom
wane o dona bam o di.
Dé ná lwoori zeinim n tei ne,
se n leiri dé wɛ-lworo kom!",https://www.bible.com/bible/3661/PSA.20.KBG
LEI 21,"Baŋa Wɛ na zeini pɛ wom tei to
David déem pane leiŋa kanto.
1Debam Tu Baŋa Wɛ,
pɛ wom wo mo pwoli,
nmo dam-fɔrɔ kom ŋwaane.
O tiini o jege ywoni mo o di,
nmo na pɛ o wane o dona bam
o di to ŋwaane.
2Nmo pɛ‑o kolo o boboŋa na lage to.
Nmo ta wo ve‑o kolo maama
o na lwoori n tei ne to.
3Nmo jeeri‑o de wo-laaro,
ye n yɔɔre n swɛ o swolim.
N ma‑n kwei sabu-seŋa paare yipuga n pu o yuu ne.
4O lwoori nmo tei ne
se n ta‑n nii o ŋwea kam baŋa ne.
Nmo ma‑n seene n pa
se o na momwɛ-dɛɛre,
se o taa ŋwe taa wuu.
5O tiini o na zula dedɛ,
nmo na zeini‑o to ŋwaane.
Nmo ta daare n pa se o na nenɔŋa
de paare lanyerane.
6Chega to, nmo yeini n swɛ
o swolim mo taa wuu.
Nmo ta pɛ se o wo pwoli dedɛ,
de n na wo o tei ne to ŋwaane.
7Kokuri to, pɛ wom sale
Baŋa Wɛ yera ne mo.
O daa bá fɔge o to,
Yuu-tu Baŋa Wɛ wom na jege
o swono taa wuu to ŋwaane.
8Nmo lage n kwei n jeŋa mo
n ma n ja n dona bam maama.
N jazem dem wó zi-ba de chɔge.
9Nmo ná nwoŋi ye n zaŋe ba baŋa ne,
n lage n di-ba mo
dedaane min-vogo.
Ko ye Baŋa Wɛ mo wó di-ba
o ban-lom dem ŋwaane.
O lage o pa se o mini mo di-ba kula.
10Nmo wó pa se n dona bam bia
jei mo logo kom baŋa ne.
Ba daa bá na dwi se de daare.
11Ba bá wane ba vo yiga,
de ba ná maŋe ba jeeli totoŋ-lwanno
se ba ke ba ma chɔge nmo yiga
tei maama de.
12Nmo nam wó saŋe n taŋa
se n ta-ba,
pa se ba pipiri ba duri ba kɛ.
13Dé Tu Baŋa Wɛ, zaŋe wɛɛne
se n yɔɔre n bere n dam-fɔrɔ kom!
Dé wó leeni mo dé seini‑m
de n na toŋe totoŋ-kamuna yalo to.",https://www.bible.com/bible/3661/PSA.21.KBG
LEI 22,"Yaara wone wɛ-lworo
David déem pane leiŋa kanto.
1A Wɛ, a Wɛ,
bɛ mo ke ye n yage a yera?
Nmo ye yiga yiga amo tei ne.
Bɛ mo ye n wo tu se n zeini-ne
a cham wone,
de a na tiini a lwoori‑m tetei to?
2A Tu Wɛ, dɛ maama a yeini
a keeri a lage zeina ye n chem.
Tete ne de a yeini a lwoori‑m
ye siu tera.
3De konto maama de,
n ta ye wo-pwoŋo tu mo.
N ma‑n jei n paare jeiŋa jei ne,
ye n nɔɔna Isarele tiina
de maa pa‑m tia.
4Debam nabaara bam déem ke
ba wo-dedoa de nmo mo.
N ma‑n jwoŋi-ba n yage.
5Cham na jege-ba to
mo ba keeri ba jare‑m.
Nmo ma‑n pa se ba lu de wone.
Ba na ke ba wo-dedoa dede‑m to,
nmo wo yage-ba laŋa tetare ne.
6Nɔɔna maama na yaale-ne
ye ba gwooni-ne tei to
nye de a ye kanzwɛ mo,
se a dae nabiinu.
7Nɔɔna balo maama yi na nɛ amo to mɔne mo.
Ba maa dole ba yum ba twe-ne.
8Ba tɛ ba we:
“Pa n teena taa wo Baŋa Wɛ wone
se o le‑m cham wone.
Nmo kikia ná su Baŋa Wɛ yi,
se o jwoŋi‑m o yage!”
9Nmo nam mo jaane-ne n nwoŋi
a nu puga ne de yazura.
Amo ta na ye bu-seseŋa
ye a ŋɔge a nu yele to mo
nmo nii amo baŋa ne.
10Ko zege a lora maŋa ne mo
a teena maŋe ya wo nmo wone.
Nmo ta ma‑n ye amo Tu Wɛ.
11Chanɛɛre tiini de bwola se de ja-ne.
Yé vei yiga yiga n daare-ne,
se nɔɔn-nɔɔno tera
o na wó woli-ne.
12Amo dona bam daga
ye ba gilimi-ne ne nabɛ mo tei.
Ba nye de nabɛ kamunnu
na nwoŋi Basan laŋa ne
ye se beeri jara to mo.
13Amo dona bam kaŋe ba nia mo
ba beene a baŋa,
nenɛɛne nywonnu na lage
te ja te nɔna te tore te di,
ye te tiini te laare tetei to.
14A ŋwea kam lwogi ka yage mo
ne ba na lwogi na
ba yage tega ne tei to.
Amo kwi sem maama ywori mo.
A bochare dem de maa nye
de nuga kalo na nyeene to.
15A ni dem koge mo ne kanchua tei.
A dindeilimi de maa meeri
de maŋe a ni dem wone.
Wɛ, nmo yage-ne se a to tega ne mo
se a daare a te.
16A dona bam gilimi amo
ne kukuri kɔgɔ tei to mo.
Ba ma ja a jea dedaane a nɛ maama se ba vuuri-se.
17Amo yera yam bugi
pa se a kwi sem nae jaja,
ye a ga se maama a vo a ti.
A dona bam maa yɔɔre ba nii-ne
ye ba mɔna.
18Ba ma kwei amo gwaaro tem
se ba pɔɔre-te ba pa daane,
ye ba daare ba ta jɔrɔ
amo gare-bu wom ŋwaane.
19Amo Tu Baŋa Wɛ,
yé ta‑n ye yiga yiga de amo.
Amo zeinnu, ba lela n woli-ne!
20Cho-ne se a dona bam se-zɔɔro
yé chɔge-ne.
Jwoŋi a ŋwea kukuri sento nia ne
n yage.
21Cho-ne se nywonnu yé ja-ne.
Nam cheiŋi nabɛ sento
se se yé chu-ne de se nyea.
Nmo laam cheigi a wɛ-lworo kom!
22Amo wó ta n taane
a nu-bia bam yiga ne
pa se n yere zaŋe.
A maa wó zege ba nɔn-kɔgɔ kom tetare ne
a tei n yere dem.
23Abam balo na kɔre Baŋa Wɛ to,
laam tei‑o na!
Se abam, Jakob dwi dem maama,
zuli-na o yere dem!
Isarele tiina maama,
chɔɔle-na o yiga ne!
24Bɛŋwaane Baŋa Wɛ ba chuli nabwona,
o nam ba gwooni-ba.
O wo pipiri o kwaga o ya amo.
Amo ná kaase a jare‑o,
o yiga wora de amo mo.
25Amo ná zege nmo nɔn-kɔgɔ kom
tetare ne,
a wó tei‑m n keina maama ŋwaane.
Amo wó seene a ke kolo a na pwooli nmo yiga ne se a ke to,
se balo maama na kɔre nmo to taa nae.
26Nabwona wó di ba su.
Balo na tu Baŋa Wɛ tei to
wó tei‑o taa.
Yazura taa wo ba tei ne
se ko taa vei wuu!
27Logo baŋa jei maama ne
nɔɔna wó guli Baŋa Wɛ gula
ye ba pipiri ba ba o tei.
Nabiina dwi maama wó ba
ba chɔɔle o yiga ne ye ba zuli‑o.
28 Baŋa Wɛ mo ye Pɛ
logo kom maama wone.
O di paare mo teene dem maama baŋa ne.
29Logo baŋa naduna maama
wó ba ba chɔɔle o yiga ne
ba zuli‑o.
Balo ŋwea na lage ka jei to maama
wó ba ba tiiri o yiga ne.
30Debam dwi delo ta na wo kwaga ne to wó zuli‑o.
Ba jwa wó ni dé Teiru Wɛ ŋwa.
31Nɔɔna balo ba ta na wo loge to
wó ba ba lɔre Wɛ chega kam
de o na jwoŋi o nɔɔna o yage tei to.",https://www.bible.com/bible/3661/PSA.22.KBG
LEI 23,"Nayero-ŋom wom taane
David déem pane leiŋa kanto.
1Amo Tu Baŋa Wɛ
nii amo baŋa ne mo,
nenɛɛne nayero na nii o vara tei to.
Konto ŋwaane kolokolo gɛɛre
bá fɔge ko ja-ne.
2O yeini o jaane-ne mo
o vei ga-zuru jei se a sii.
O maa kale-ne pa se dé vei
mɛ seeni bwi na bwola da to.
3O pae se a ŋwea jwoori
ka jege dam mo.
O maa tɔge a yiga
pa se a tɔge chwo-laaro,
se ko pa o yere dem zaŋe wɛɛne.
4Nmo wo amo tei ne mo
maŋa maama.
A ná maŋe a tɔge jei selo na ye lim nenɛɛne toone mo de,
amo bá taa kɔre foone,
nmo na zei n gwoli dem
de n nacheiga kam
n ma‑n cho-ne to ŋwaane.
5Amo Tu Wɛ, n lage wodi-fɔrɔ mo
n pa ba saŋe ba zege
amo yiga ne se a di,
ye a dona bam zege da ba nia.
Nmo ta lwogi nuga mo amo yuu ne
n ke-ne zaane.
Nmo pɛ se a na-zoŋa kam
tiini ka su ka pɛɛle.
6Chega ŋwaane to, dɛ delo maama wone a na wó taa ŋwe to,
nmo lanyerane de n swono kom
wó taa wo amo tei ne mo.
Amo wó taa wo nmo Baŋa Wɛ
sɔŋɔ kom ne mo
se ko taa vei wuu.",https://www.bible.com/bible/3661/PSA.23.KBG
LEI 24,"Wɔ mo wó wane o zo Wɛ diga kam wone?
David déem pane leiŋa kanto.
1Tega kam baŋa
dedaane kolo maama na wo
ko wone to ye Baŋa Wɛ nyem mo.
Logo kom de ko nɔn-bia bam
maama de maa ye wonto nyem.
2Kokuri to, Baŋa Wɛ bobo
logo kom kuri,
ye o jare tega kam ni maama
pa se ka tigi na-fwaaro tem baŋa ne mo.
3Wɔ nam mo wó wane o di
Baŋa Wɛ tete peo kom baŋa?
Wɔ mo jege chwoŋa se o vo
o zege Wɛ tete wara-jei sem ne?
4Ko ye balo yerane
kikia na dɛ chwoŋa
ye ba bochara lana fase to mo.
Banto ba sɛ ba kaane jwona.
Ba nam ba fɔ vwa ba du duuri.
5 Baŋa Wɛ wó swɛ nɔɔna bam konto swolim.
Wɛ na ye ba Vereno to,
wonto wó pa se ba na bora.
6Banto dwi dem ye balo na fɔɔre
ba twɛ Wɛ to mo.
Ba yeini ba vei Jakob Wɛ wom yiga ne mo,
ye ba lwoori‑o.
7Pore-na manchwo-peena ni dem!
Pa-na se faŋa faŋa bworru tem pore se chwoŋa taa tigi jaja!
Kokuri nenɔŋ-fɔrɔ tu Pɛ wom
lage o tɔge da mo o zo.
8Pɛ wonto ye wɔ mo
o na tiini o jege nenɔŋ-fɔrɔ to?
O ye Yuu-tu Baŋa Wɛ mo,
o na ye dam maama tu wom
ye o wae o dona maama to.
9Pore-na manchwo-peena ni dem!
Pa-na se faŋa faŋa bworru tem pore se chwoŋa taa tigi jaja!
Kokuri nenɔŋ-fɔrɔ tu Pɛ wom
lage o tɔge da mo o zo.
10Pɛ wonto nam ye wɔ mo
o na tiini o jege nenɔŋ-fɔrɔ to?
O ye Paŋwa Tu Baŋa Wɛ wom mo.
Wonto mo ye nenɔŋ-fɔrɔ tu Pɛ wom!",https://www.bible.com/bible/3661/PSA.24.KBG
LEI 25,"Chanɛɛre maŋa wɛ-lworo
David déem pane leiŋa kanto.
1 Baŋa Wɛ, nmo mo
a kwei a tete a pa‑m.
2Amo Tu Wɛ, a ke a wo-dedoa
dedaane nmo.
Yé pa se chaveera di-ne.
Nam yé sɛ se a dona bam
taa jege-ne ba mɔna.
3Balo teena na daŋe
nmo baŋa ne to maama
bá na ba chaveera.
Balo nam na gane ba dwonna
yɔɔ yɔɔ to
wó yɔɔre ba di chaveera mo.
4Amo Tu Baŋa Wɛ,
pa se a lɔre nmo chwei sem,
se a taa tɔge n bera yam a ŋwea wone.
5Bere-ne nmo chega kam,
se a wane a tɔge ka chwei sem.
Kolo ŋwaane nmo mo ye
amo Vereno Wɛ wom.
Amo teena maa wo nmo tei ne mo
dɛ dem maama wone.
6 Baŋa Wɛ, yé swei n swono kom ni ne,
de n na tiini n jege nɔɔna ŋwaŋa tei to.
Nmo swono kom de n yibwona
maŋe te wora se ko nwoŋi faŋa mo.
7Ko ná ye a na lɔge nmo kwaga ne
ye a ke wɛleera yalo
a nɔn-donne maŋa ne to,
se n kwei-ya n ma‑n chɛ-ne.
Baŋa Wɛ, nam tɔge n swono kom ŋwaane
n pa se n yiga taa wo amo wone,
nmo na jege lam to ŋwaane.
8 Baŋa Wɛ lamma mo
ye o yɔɔre o ke chega.
Ko ná ye balo na tusi to,
o yeini o bere-ba chwoŋa kalo na ye chekke to.
9O maa tɔge balo na tu ba tete to yiga,
se ba taa ke kolo na maŋe to mo,
ye o daare o bere-ba o chwoŋa kam.
10Chwei selo maama Baŋa Wɛ
na tɔge to
ye o swono kom ŋwaane mo.
O maa ke o chega dedaane balo
na sɛ ba tɔge ni delo
o na gwoni de-ba to.
11Amo Tu Baŋa Wɛ,
nam da n yere dem ŋwaane
n kwei a keim-lwanno
n yage n ma‑n chɛ-ne,
de te na maŋe te daga tei maama.
12Ko ná ye wolo maama
na kɔre Baŋa Wɛ to,
Wɛ wó bere kotu se o taa tɔge chwoŋa kalo na maŋe to mo.
13Wɛ ta wó pa se o di ywoni
o ŋwea wone.
O dwi dem de wó jwoŋi tega kam
ba taa tei.
14 Baŋa Wɛ yeini o lɔ o wo
o bere balo na kɔre‑o to.
O maa pae se ba lɔre o ni-gwonim dem na bere tei maama.
15Amo yeini a kwoni a nii
Baŋa Wɛ seeni mo,
se o ba o woli-ne.
Wonto yerane mo wó wane
o le-ne a dona jeŋa ne,
se a lu ba kalanchorro tem wone.
16Amo Tu Baŋa Wɛ,
pa n yiga taa wo amo wone,
se n daare n duri amo ŋwaŋa,
a na ye a yerane ye ko tiini
ko ni-ne to ŋwaane.
17A chanɛɛre dem laam tiini
de zo-ne.
Popo, jwoŋi-ne n yage
ya maama wone.
18Nii n na a zonne dem de a chanɛɛre dem na daga tei to,
se n laam kwei a wɛleera yam maama n ma‑n chɛ-ne.
19Nii n na a dona bam laam
na puli dedɛ tei to.
Ba maa tiini ba chuli-ne
dedaane puseŋa.
20Amo nam tu se a dale
nmo woro ne mo.
Ta‑n cho a ŋwea se a na verem,
pa se a yé di a chaveera.
21A kwei a teena a daŋe nmo baŋa ne.
Nam ta‑n yere-ne,
de a na yɔɔre a tɔge chwoŋa
ye a jege chega tei to.
22Amo Tu Wɛ,
jwoŋi Isarele tiina bam n yage,
se ba nwoŋi ba chanɛɛre maama wone.",https://www.bible.com/bible/3661/PSA.25.KBG
LEI 26,"Wolo na jege bora to wɛ-lworo
David déem pane leiŋa kanto.
1Amo Tu Baŋa Wɛ,
pa se a na a bora!
Kokuri to, amo yɔɔre a tɔge chwoŋa mo a ŋwea maama wone.
A ta ma ke a wo-dedoa de nmo
ye bobwea tera.
2 Baŋa Wɛ, faŋe-ne n nii,
se n maane a boboŋa de a bochare maama na ye tei to.
3Kokuri to, amo yeini a guli
nmo na yɔɔre n jege a swono
tei to gula.
Amo ta tɔge nmo na jege chega
de amo tei to a ŋwea wone.
4A ba me de vwa-fɔra.
A maa ba tɔge
dedaane pipiri-nyena.
5A chuli balo na jeeri daane
se ba toŋe lwarem to,
ye a daare a vane puseŋ-nyena.
6 Baŋa Wɛ, amo sane a jea mo,
se ko bere we a jege bora.
A maa wó kaare nmo kaanem bimbini dem
n yere zula ŋwaane
7ye a leeni a zuli‑m
a daare a ta nmo totoŋ-kamuna yam taane jaja.
8 Baŋa Wɛ, amo tiini a swoi
nmo wara-jei sem
mɛ n na zoore to.
Ko maa ye jeiga kalo n nenɔŋ-fɔrɔ kom na bere jaja to.
9Yé pa se a tɔge de wɛleere-keira
a ga a ŋwea.
Ta yé pa se a ŋwea ti,
nenɛɛne ko na ke nɔn-gora tei to.
10Banto ye kampin-nyena mo
ye ba je sem swoi puseŋa kikia.
11Ko nam ná ye amo,
a yɔɔre a tɔge chwoŋa mo
a ŋwea maama wone.
Konto to, duri a ŋwaŋa,
se n daare n jwoŋi-ne n yage.
12Amo laam nam zege mo cheppe,
tega kalo na mae daane to baŋa ne.
Baŋa Wɛ nɔn-kɔgɔ kom ná jeeri daane,
amo wó seini‑o ba tetare ne.",https://www.bible.com/bible/3661/PSA.26.KBG
LEI 27,"Amo teena wo Wɛ tei ne
David déem pane leiŋa kanto.
1 Baŋa Wɛ mo pa se pwooni tigi a yiga ne se a taa via.
O maa ye amo Vereno.
Bɛ nam mo wó pa
se foone taa jege-ne?
Baŋa Wɛ maa jege dam
ye o cho a ŋwea kam.
Nɔɔn-nɔɔno bá wane o pa
se a taa kɔre foone.
2Nɔn-balwaaro mo ná maŋe ba ba
se ba ja amo,
ye a dona bam ná boŋe
se ba chɔge-ne,
banto wó seeri mo ye ba to tega ne.
3Amo dona bam ze ná ye kɔgɔ kɔgɔ,
ye ba zaŋe se ba kwaare jara
amo baŋa ne,
amo bá taa kɔre foone de-ba.
Amo ta wó taa jege baare mo.
4Woŋo dedoa mo a lwoori
Baŋa Wɛ tei ne.
A tiini a lage se o ke konto o pa-ne.
Ko maa ye se o pa-ne chwoŋa
se a taa zoore o sɔŋɔ kom ne
taa wuu,
se ko taa nii a ŋwea kam siseini.
Dáane mo amo wó taa nii
a nae Baŋa Wɛ lam dem,
ye a ware‑o o tete di-laao kom ne.
5Cham ná tu amo baŋa,
Baŋa Wɛ wó taa cho-ne
o woro kom ne.
O maa wó pa se a seigi
o sɔŋɔ kom ne,
ye o pa se a zege de dam
peo baŋa ne.
6Amo dona bam ná gilimi-ne,
Wɛ wó zeiŋi a yuu mo
ye a di dam ba baŋa ne.
Baŋa Wɛ wara-jei sem ne mo
amo wó ke kaanem a pa‑o,
ye a ta wopwolo taane
de kwor-dɛa.
A ta wó leeni mo a maa tei‑o.
7Amo Tu Baŋa Wɛ, a ná lwoori‑m,
popo duri amo ŋwaŋa
se n sɛ a wara yam.
8Amo bochare tɛ de bere-ne
se a ba nmo tei a ware‑m.
Amo Tu Baŋa Wɛ,
amo wó seene a fɔɔre a twɛ nmo.
9Konto to, yé seigi n yibia
amo tei ne.
Amo Tu Wɛ,
nmo mo ye amo zeinnu.
Nam yé ve n tontoŋeno wom
n bane na zaŋe to ŋwaane.
Nmo na ye amo Vereno to,
yé ma n kwaga n ya amo.
10A kwo de a nu ná maŋe
ba ve-ne ba yage de,
Baŋa Wɛ mo wó ke-ne
o ja-kukworo ne.
11Amo Tu Baŋa Wɛ,
bere-ne chwoŋa se a taa tɔga.
Da amo yiga se a taa vei
chega chwoŋa kam ne,
se a dona bam yé wane amo ba ja.
12Yé sɛ se a to a dona bam jeŋa ne.
Ba boŋe se ba fɔ vwa mo
ba daŋe a yuu ne,
ye ba kare ba lage
se ba ke-ne zonne.
13De konto maama de,
amo jege chega we,
a ta na ŋwe tega baŋa ne to,
amo wó na Baŋa Wɛ na lana tei to.
14Peene n tete se n ta‑n jege teena
de Baŋa Wɛ!
Ta‑n cho n tete de baare!
Ɛɛ, pa se n teena taa wo
Baŋa Wɛ tei ne!",https://www.bible.com/bible/3661/PSA.27.KBG
LEI 28,"David wɛ-lworo
1Amo Tu Baŋa Wɛ, amo wó keeri a jare nmo mo,
n na ye amo dalem jei to ŋwaane.
Nmo nam ná maŋe da chemm,
amo de balo na tega
ye ba wo tega kuri ne to
wó taa ye bedwe mo.
2Amo na ŋwane n yiga ne to,
nam leiri a keira kam.
Kokuri to a zeiŋi a jea mo wɛɛne
a jeeri n wara-jei
selo na ye wose to.
3Yé pa se a tɔge dedaane
puseŋ-nyena bam
de balo na toŋe lwarem to a jei.
Nɔɔna bam konto ŋɔɔne ni-ywom mo de ba dwonna,
ye ba ta yeini ba boŋe lwarem totoŋa se ba ke ba baŋa ne.
4Nam jwoori n ŋwe ba keim-balwaaro jene dem,
pa ba na waarem delo
na maŋe de-ba to.
5Banto yiga tera Baŋa Wɛ na toŋe kolo maama to wone.
Ba maa ve o totoŋ-laaro tem.
Konto ŋwaane, o lage o yigi-ba mo
o de tega ne,
se ba daa yé jwoori ba zaŋe wɛɛne.
6Pa-na dé tei Baŋa Wɛ,
a na ŋwane o yiga ne
ye o leiri-ne to ŋwaane.
7 Baŋa Wɛ mo ye amo zeinnu.
O ta yeini o cho-ne
se cham yé yi-ne,
ne jara nantana na kwoli nɔɔno
jara wone tei to.
Amo yɔɔre a ke a wo-dedoa ded‑o,
pa se a na dam.
A tiini a di ywoni mo
a bochare wone,
ye a ta leeni lei a ma ke o lei.
8 Baŋa Wɛ mo ye o nɔɔna bam zeinnu.
O maa ye dalem jei
o pa pɛ wolo o na tiŋi to
se wonto wane o dona bam o di.
9 Baŋa Wɛ, jwoŋi n nɔɔna bam n yage!
Swɛ balo na ye nmo nyem to swolim!
Nii ba baŋa ne taa wuu
ne nayero na nii o vara baŋa ne
ye o peili-ba o je ne tei to.",https://www.bible.com/bible/3661/PSA.28.KBG
LEI 29,"Baŋa Wɛ kwora na jege dam tei to
David déem pane leiŋa kanto.
1Wɛ telaao malese sem,
pa-na se Baŋa Wɛ na zula,
o nenɔŋ-fɔrɔ kom de o dam-fɔrɔ kom ŋwaane.
2Pa-na se Baŋa Wɛ na zula,
ne ko na maŋe de o yere-kamunu kom tei to.
Zuli-na Baŋa Wɛ se ko tɔge de
o na yɔɔre o ye wose tei to.
3 Baŋa Wɛ kwora kam bage mo
naneero tem baŋa ne.
Nenɔŋ-fɔrɔ Tu Wɛ wom bage
nenɛɛne do-napana tei to mo.
O maa bage nane-fɔrɔ kom baŋa ne.
4 Baŋa Wɛ kwora kam tiini ka dana.
Ka maa bere o paare
na jege dam tei to.
5 Baŋa Wɛ kwora kam bage mo
ka jaane Lebanon teo Sedare teeni dem,
ka mage-de ka chochoge.
6O maa pae se Lebanon tega kam ziziŋi,
ne noa na wurigi tei to.
Heremon peo kom de maa ziziŋa,
nenɛɛne na-bala na faŋe tei to.
7 Baŋa Wɛ ná dɔne o kwora kam,
doa mo pepela.
8O kwora kam maa pae
se kagoa kam ziziŋa.
Kadese kagoa kam yera sae mo
Baŋa Wɛ ŋwaane.
9 Baŋa Wɛ kwora kam didigi
tei-kamunnu mo.
Ka maa siiri goa wo teeni dem vɔɔro maama.
Wɛ wara-jei sem ne
nɔɔno maama wó ta we:
“Wɛ jege nenɔŋ-fɔrɔ!”
10 Baŋa Wɛ mo jei nane-fɔrɔ kom
baŋa ne o di paare.
Wonto mo ye Pɛ se ko taa vei wuu.
11 Baŋa Wɛ mo pae o nɔɔna bam dana.
O maa ke zaane ba yuu ne
pa ba jege yazura.",https://www.bible.com/bible/3661/PSA.29.KBG
LEI 30,"Lei keim leiŋa
David déem pane leiŋa kanto se ba ma ke Wɛ lei o sɔŋɔ kom ŋwaane.
1 Baŋa Wɛ, a laam wó zeiŋi nmo yere wɛɛne,
nmo na vaŋe-ne n le
cham wone to ŋwaane.
Nmo wo pɛ a dona bam pwola
se ba taa jege-ne ba mɔna.
2Amo Tu Baŋa Wɛ,
a lwoori zeinim nmo tei ne,
ye nmo seene n pa a na yazura.
3N ta chege toone
se de yé wane-ne de ja,
pa se a daa yé taa vei churu seeni.
4Abam balo na ke á chega dedaane Baŋa Wɛ to,
ta‑á leeni-na á zuli‑o,
o yere dem na ye wose to ŋwaane.
5O bane ná zaŋe, de wó zuri lela mo.
O nam ná ke zaane o ke n yuu ne,
konto wó taa wora mo
n ŋwea maama wone.
Nmo ná keeri tete ne
wo-chechɔgɔ ŋwaane,
ko bá dáane.
Tega ná tu ka poore,
ko wó leiri ko ji wopwolo.
6Amo déem na zoore yalem yerane to,
mo amo tage a we,
“Amo daa bá fɔge a gɔ naga.”
7 Baŋa Wɛ, nmo na ke zaane
n ke a yuu ne to,
n pɛ se a zege de dam lanyerane.
Nmo laam na tu n seigi n yibia
de amo to,
a yiga ma nyɔne.
8 Baŋa Wɛ, amo keeri a jare‑m mo.
Nmo na ye a Teiru Wɛ to,
a ŋwane nmo yiga ne, ye a we:
9“Amo ná tega ye a yera zo
tega kuri ne ya pɔ,
nmo wó na bɛ nyɔɔre mo?
Teero tem tete wó wane te zuli‑m na?
Te wó wane te tɔɔle we
n yɔɔre n jege chega de nɔɔna na?
10 Baŋa Wɛ, cheigi a wɛ-lworo kom,
se n duri a ŋwaŋa,
se n daare n zeini-ne.”
11Nmo pipiri a wo-chechɔgɔ kom
n pa ko leiri ko ji wopwolo
pa a sae.
N ma‑n pa se a lɔɔre
a gare-nyenyaaro tem,
se a daare a lɛ gare-nyenno
wopwolo ŋwaane.
12Amo laam wó leeni a seini nmo
de a bochare maama,
ye a daa bá taa chem.
Amo Tu Baŋa Wɛ,
amo wó taa ke n lei mo
se ko taa vei wuu.",https://www.bible.com/bible/3661/PSA.30.KBG
LEI 31,"David wɛ-lworo
1Amo Tu Baŋa Wɛ,
a tu a dale nmo woro ne.
Yé pa se chaveera di-ne.
Nam tɔge nmo chega kam ŋwaane
n jwoŋi-ne n yage.
2Pore n zwa se n cheigi
a wɛ-lworo kom,
se n daare n ke lela n ba
n vere-ne n yage.
Nmo wolo na ye amo dalem jei
ne peo tei to,
ta‑n cho-ne cham wone.
Nmo wolo na ye amo salem jei to,
jwoŋi-ne n yage.
3Tɔge n yere dem ŋwaane
n bere-ne chwoŋa se a taa tɔga,
nmo na ye amo dalem jei to ŋwaane.
4Vaŋe-ne n le kalanchogo kolo wone
a dona bam na saŋe a ŋwaane to.
Kokuri to, nmo yerane woro ne mo
amo wó dale.
5 Baŋa Wɛ, a kwei a jworo
a ke nmo jeŋa ne mo.
Jwoŋi-ne n yage,
se nmo ye chega tu mo.
6Ko ná ye balo yiga na wo
jwo-yɔɔro wone to,
amo chuli ba ni taane.
Ko daare amo ke a wo-dedoa
dedaane nmo Baŋa Wɛ.
7Amo wó taa chaka de wopwolo,
nmo na yɔɔre n jege
amo swono to ŋwaane.
Kokuri to, nmo nɛ amo na yaare tei,
ye n maane we ko tiini ko ni-ne.
8Nmo wo kwei-ne n ke
a dona bam jeŋa ne.
Nmo nam le-ne cham wone,
pa se a na pwola mo
se a taa zege cheppe.
9 Baŋa Wɛ, duri a yibwona,
cham na tiini de jege-ne to ŋwaane.
A yia maama suli de yi-na
wo-chechɔgɔ ŋwaane,
ye a momwɛ lage de ti.
10A ŋwea daare fee se ka ti
wo-chechɔgɔ ŋwaane,
ye a tiini a suuri mo.
Chanɛɛre mo pɛ se a yera maama bugi dedɛ,
ye a kwi sem tete de chɔge.
11Amo dona bam na daane-ne tei to
mo pae se a lwoi
a fara tete momwa ne.
A badwonna bam de kɔre foone
amo ŋwaane.
Nɔɔna ná yeini ba jeeri-ne
chwoŋa yuu ne,
ba wó duri mo ba daare-ne.
12Ba swei amo swia
ne nɔɔno wolo na tege o kɛ to mo.
Ba ke-ne ne a ye zon-kɔga kalo
daa na ba jege kuri to mo.
13Amo nigi nɔɔna dedɛ na jege
a taane ba waasa.
Ba fugi-ne jei maama ne.
Ba maa bane bana ye ba ke ni daane
se ba ja-ne ba go.
14Amo nam ke a wo-dedoa de nmo,
Baŋa Wɛ.
A maa we, “A jege nmo mo
se n ta‑n ye a Wɛ wom.”
15Amo ŋwea da yalo na wó ba to
wo nmo jea ne mo.
Nam vere-ne a dona bam jeŋa ne
n yage.
Jwoŋi-ne balo na pare-ne
se ba ja to jeŋa ne.
16Pa se n yibia jeeri amo seeni,
se a ye nmo tontoŋeno mo.
Da n swono kom ŋwaane
n vere-ne n yage.
17 Baŋa Wɛ, yé pa se a na a chaveera,
a na keeri a jare nmo to ŋwaane.
Nam pa se puseŋ-nyena bam
di chaveera,
se ba daare ba te ba vo churu
mɛ ba na wó maŋe da chemm to.
18Pu ba nia yalo na kare ya fɔe vwa to.
Kokuri to, banto jege nɔn-ŋona mo
ba twea,
de ba na bere ba tete
de boyerem tei to.
19Nmo tiini n jege wo-laaro se ko gaale,
ye n tiŋi-te se n pa
balo na kɔre nmo to.
Nmo yeini n kwei wo-laaro
n pa balo na dale
nmo woro ne to,
ye nabiina yia nae
n na ke tei n pa-ba to.
20Nɔɔna banto mo n kwei
n seigi n woro wone,
se ba dona bam daa yé wane
ba ke-ba lwarem.
Nmo yeini n kwoli-ba
n tete tei ne,
se nɔɔna yé taa jege-ba ba yaala.
21Tei-na Baŋa Wɛ,
o na yɔɔre o jege
amo swono to ŋwaane.
O ke totoŋ-kenkagele o pa-ne
o swono kom ŋwaane,
maŋa kalo a dona bam
na gilimi-ne ba pu
a teo kom ne to.
22Foone ya na jege-ne to
mo amo tage we,
“Wɛ vei yiga yiga o daare-ne!”
Baŋa Wɛ nam cheigi a na ŋwane
o yiga ne tei to,
ye o daare o duri a yibwona.
23Abam balo maama na ye
Baŋa Wɛ nɔɔna to
ta‑á swoi-o-na!
Baŋa Wɛ cho balo
na jege o chega to mo.
Ko nam ná ye balo na bere ba tete kamunim to,
o yɔɔre o vaŋe ba zwa mo.
24Abam balo maama na daŋe
á teena Baŋa Wɛ baŋa ne to
ta‑á jege-na baare
se a vɔna daa yé pare!",https://www.bible.com/bible/3661/PSA.31.KBG
LEI 32,"Ta n wɛleera n bere Wɛ
David déem pane leiŋa kanto.
1Ko ná ye balo Wɛ na yage
ba wɛleera o ma chɛ-ba to,
Wɛ zaane wo ba yuu ne,
ba wɛleera yam na saare to ŋwaane.
2Ko ná ye balo Baŋa Wɛ
na pɛ ba jege bora to,
Wɛ zaane wo ba yuu ne,
ba bochara na jege chega to ŋwaane.
3Amo déem na pugi a ni
de a wɛleera yam to,
a yera bugi ye a bwona mo.
Dɛ maama wone
a yɔɔre a suuri mo.
4Nmo ma‑n yɔɔre n waare-ne
wea de tete maama,
pa se a dam dem nwoŋi
de daare-ne.
Ko nye de wea na dana
ye ka zo a yera tei to mo.
5Amo laam ma ga ko ŋwa
ye a ta a wɛleera yam a bere‑m.
A daa maa wo kwaane
se a seigi-ya.
A sɛ se a chuli a keim-lwanno tem,
ye a ta te taane jaja
a bere nmo Baŋa Wɛ.
Nmo de ma‑n yage a wɛleera yam
n chɛ-ne,
pa se ya daa tera a yuu ne.
6Konto to, pwola ta ná wora,
balo na tɔge nmo chwoŋa kam to
jege se ba lwoori‑m,
se cham ná yi-ba nenɛɛne na-fɔrɔ na chuuri tei to,
se ba yé tɔge de-ko ba jei.
7Nmo mo ye amo dalem jei,
se cham yé yi-ne.
Nɔɔna gilimi-ne
ye ba tei nmo yere,
n na jwoŋi-ne n yage to ŋwaane.
Baŋa Wɛ maa we:
8Amo wó bere‑m chwoŋa kalo
nmo na wó ta‑n tɔge to,
ye a taa nii n baŋa ne
se n yé to tega ne.
9Yé ta‑á toŋe-na jworim,
nenɛɛne sisein-nɔɔna na ke tei to.
Ba ná wo kwei gara
ba ke se nia ne,
se bá sɛ se taa ke se tɔge
nɔɔna na lage tei to.
10Yaara dedɛ mo yeini ya tui
puseŋ-nyena baŋa ne.
Ko daare balo na ke ba wo-dedoa
de Baŋa Wɛ to,
Wɛ swono kolo na ba leiri to
mo kwoli banto.
11Abam balo na jege chega
Wɛ yiga ne to,
zuli-na Baŋa Wɛ
o keina yam ŋwaane.
Abam balo na yɔɔre
chwo-laao wone to,
ta‑á jege-na wopwolo,
se á daare á ke sɔ-ywoŋo!",https://www.bible.com/bible/3661/PSA.32.KBG
LEI 33,"Baŋa Wɛ maŋe de tia
1Abam balo na tɔge
Wɛ chwoŋa to,
leeni-na de wopwolo
á tei Baŋa Wɛ!
Ko maŋe se chega tɔgena bam
mo zuli‑o.
2Kwei-na kwanno á ta
á ma á tei o yere.
Ta-na kwanno dwi dwi
á ma á kwɛɛre o yiga ne.
3Leeni-na leiŋ-doŋa á ma á tei Wɛ.
Ta-na kwanno tem lanyerane
á pa‑o,
ye á bage lei wɛɛne de wopwolo.
4Kokuri to, Baŋa Wɛ ni taane
ye chega mo.
O kikia yam maama yeini
ya tɔge chwoŋa lanyerane.
5O lage se keim-laaro de chega
mo taa zega,
ye o swono kom jage
ko yi logo baŋa jei maama.
6 Baŋa Wɛ kwei o ni taane mo
o ma naane wɛyuu kom.
O déem mɛ o kwora kam mo
o pa se chalechwe sem maama
ta se nwoŋi.
7O ma pa se naneo kom jege
ko siseini,
ye o ja na-fwaaro tem o vo o ke
te jeiga ne se te maŋe da.
8Ko ye se logo kom nabiina maama
taa kɔre Baŋa Wɛ mo,
se ba daare ba chɔɔle o yiga ne
ba zuli‑o.
9Kokuri to, o na puri o ni to
mo logo kom bobo ko wora.
O ni dem ŋwaane mo ko ke konto.
10 Baŋa Wɛ mo chɔge logo baŋa teene dem bana yam.
O maa pae se ba na yeini ba jeeli
se ba toŋe kolo maama to jiri kafɛ.
11Se ko daare Baŋa Wɛ boboŋa yam
wó taa zege mo taa wuu.
Wonto boboŋa yam ba gɔe
maŋa de maŋa.
12Ko ná ye teo kolo na sɛ Baŋa Wɛ
se o taa ye ba Teiru to,
yu-ywoŋo wo ba tei ne.
Banto mo o kuri se ba taa ye o nyem.
13 Baŋa Wɛ wo wɛyuu ne mo
ye o tiiri o nii logo baŋa ne
o na nabiina bam maama.
14O maa jei o paare jeiŋa jei ne mo
o yere logo kom nɔn-bia bam maama.
15Wonto mo mɔɔne nabiina maama
de ba bochara.
O yei ba keina yam maama
na ye tei to.
16Pɛ ná maŋe o jege jar-keira dedɛ,
banto bá wane ba jwoŋi‑o ba yage.
Babea de o dam dem maama
ware o tete se o jwoŋi.
17Nam yé ta‑n teene we
n sisein-nɔɔno dana,
se ka ga wó jwoŋi‑m jara wone
ka yage.
Ka dam dem ná maŋe de ye
tei maama,
ka bá wane‑m ka jwoŋi.
18Chega ŋwaane to,
Baŋa Wɛ yi page
balo na kɔre‑o to baŋa ne mo.
O maa yeini o nii balo
na jege teena ded‑o
o swono kom ŋwaane to.
19O maa yere-ba se toone yé ja-ba.
Kana ná tua, o ta wó pa se ba wori.
20Debam yɔɔre dé kwoni dé nii
Baŋa Wɛ mo.
Wonto mo ye dé zeinnu
ye o ta daare o choa debam.
21Wonto ŋwaane mo
dé jege wopwolo,
kokuri dé ke dé wo-dedoa mo
de o yere-kamunu kom.
22 Baŋa Wɛ, nam pa
se n swono kom pu debam,
se debam teena wo nmo tei ne mo.",https://www.bible.com/bible/3661/PSA.33.KBG
LEI 34,"Baŋa Wɛ lana
David déem pane leiŋa kanto maŋa kalo o na wo Pɛ Akisi tei ne ye o ke ne o yirisi to. Pɛ wom ma pa o viiri.
1Amo wó seini Baŋa Wɛ
maŋa maama.
Amo wó taa tei‑o mo taa.
2Amo wó zeiŋi o yere
o keina maama ŋwaane,
se balo maama vɔna na pare to ni
ye ba daare ba na wopwolo.
3Pa-na dé ke daane
dé pa Baŋa Wɛ jwoŋi zula,
ye dé zeiŋi o yere dem wɛɛne.
4Amo beeri zeina Baŋa Wɛ tei ne,
ye o sɛ o jwoŋi a wɛ-lworo kom.
Ko ná ye wonnu telo maama
a ya na fona de te to,
o vaŋe-ne mo o le te wone.
5Balo na kwoni ba nii Wɛ se o zeini-ba to mo jege wopwolo.
Ba daa bá na ba chaveera.
6A na maŋe a ye nɔn-kayaa to,
a ta lwoori Wɛ,
ye o sɛ o cheigi a wɛ-lworo kom.
O ma jwoŋi-ne o yage
a cham maama wone.
7 Baŋa Wɛ maleka kam
mo cho balo na kɔre‑o to,
se cham yé wane-ba de ja.
8Nam maane-na Baŋa Wɛ á nii,
se á wó lɔre we o lana.
Balo maama na tu ba seigi o woro kom wone to jege yu-ywoŋo.
9Ta‑á kɔre-o-na, abam balo Baŋa Wɛ na kuri o pa o tete to.
Kolokolo gɛɛre bá fɔge ko ja
balo na sɛ o ni to.
10Ko ná maŋe ko ye nywonnu,
kana wó ja-te maŋa de maŋa.
Balo nam na kwaane
se ba lɔre Baŋa Wɛ to
bá fɔge ba ga wo-laaro.
11A bia bam, fɔɔre-na á yi amo tei,
se á cheigi a taane dem.
Amo wó bere abam á na wó ke tei
se á ta‑á kɔre Baŋa Wɛ.
12Abam wolo maama ná lage
se o na ŋwea ywoni,
se o daare o na momwɛ-dɛɛre
de wopwolo,
13kotu jege se o ja o tete mo
de ta-balwaaro ŋɔŋa de vwa fɔm.
14O nam yage totoŋ-lwanno keim
se o daare o taa tɔge keim-laaro,
ye o kwaane se o taa zoore
de bochare-zuru.
15Ko ná ye nɔn-ŋona,
Baŋa Wɛ yeini o nii ba baŋa ne,
ye ba keira de zo o zwa.
16Ko daare ko ná ye balo
na swoi lwarem totoŋa to,
Wɛ yeini o pipiri o kwaga mo
o ya-ba,
pa se ba daa ba jege yere
logo baŋa ne.
17Chega tɔgena bam yeini ba lwoori zeinim Baŋa Wɛ tei ne,
ye o sɛ ba wɛ-lworo kom.
O ma jwoŋi-ba o yage
ba cham maama wone.
18 Baŋa Wɛ maa woli balo
vɔna na pare to,
ye o jwoŋi balo wo na pɛ to o yaga.
19Chega tɔgena bam wae ba nae cham dwi dwi.
Baŋa Wɛ nam wó le-ba o ja
o nwoŋi ya maama wone.
20 Baŋa Wɛ wó che-ba
pa se ba kua dedoa tete
bá bwori kɔtaa.
21Puseŋ-nyena bam tete
totoŋ-balwaaro tem mo
wó jwoori te go-ba.
Wɛ wó waare balo na chuli chega tɔgena bam to.
22 Baŋa Wɛ yeini o jwoŋi
balo na zuli‑o to mo o yaga.
Balo maama na seigi ba tete o woro kom wone to bá to de ba bora.",https://www.bible.com/bible/3661/PSA.34.KBG
LEI 35,"David wɛ-lworo
1 Baŋa Wɛ, dwoni de balo
na ye amo dona to.
Zaŋe n kwaare jara de balo
na ke jara de amo to.
2Kwei n jara zela yam
n daare n ta‑n zei
n jara nantana kam
se n nwoŋi n zeini-ne!
3Kwei n chichwei dem
de n dwooru wom
n zeili balo na pare-ne se ba ja to.
Fɔge n ta de amo we,
nmo mo ye amo vereno.
4Pa se balo na kwaane se ba go amo to na ba chaveera.
Ba na boŋe se ba ke lwarem
amo baŋa ne to,
nam pa se ba boboŋa vugimi
se ba laam pipiri ba jwoori kwaga.
5Pa se Baŋa Wɛ maleka kam zeili-ba
se ba duri ba jage da yiga ne,
nenɛɛne vio na kale swanno
ko ja jei tei to.
6Sɛ se lim kwoli ba chwoŋa kam
se ka daare ka taa seera,
se Baŋa Wɛ maleka kam laam
pɛ ba kwaga ka pu.
7Ba tiŋi kalanchogo se ba ja-ne,
de a na wo ke kolokolo
a chɔge ba yiga to de.
Ba ma daare ba ko gwoŋo
se a to ko wone a te.
8Pa se lɛɛro pɔpɔ te to ba baŋa ne.
Pa se kalanchogo kolo ba na tiŋi
amo ŋwaane to
jwoori ko ja banto tete.
Ta pa se ba to gwoŋo kolo
ba na koge to wone,
se ba yɔɔre ba na chɔgem!
9Amo laam wó taa chaka
de wopwolo,
Baŋa Wɛ na jwoŋi-ne o yage to ŋwaane.
10Amo laam wó ta
de a dam maama we,
“Baŋa Wɛ, nmo dwoŋi tera!
N yeini n vere nabwona
balo dam na dwoi-ba to jeŋa ne n yaga.
Nmo ta jwoŋi yiniga tiina
balo na pini-ba to jeŋa ne n yaga.”
11Vwa-fɔra mo zege se ba pa maana yalo na wó lɔ amo kwaga ne to.
Ba ma maŋe wonnu telo a na yeiri te ni ne to ba pa-ne.
12Ba kwei lwarem mo ba ma ŋwe
lanyerane delo a na ke to.
Konto ŋwaane mo amo wo laam tiini ko pɛ.
13Banto déem na weele to,
amo mo zo gare-nyenyaaro.
A ta ma bere a vɔ ni.
A gwooni a tete mo ye a lwoori Wɛ.
14A ma tiini a nyɔne a yiga,
nenɛɛne a wora a keeri a choro,
naa a badwoŋi,
naa a nu lua dwoŋi mo to.
Amo yɔɔre a tu a tete mo ba ŋwaane.
15Ko daare banto tiini
ba jege wopwolo
de a laam na zo cham wone to mo.
Ba ma la daane se ba gilimi-ne
ye ba mɔna.
Nɔn-wo-korro telo a na maŋe
a yeiri to mo
laam jege amo kwaga ba chwoa.
16Amo déem na to cham wone to,
mo ba yɔɔre ba jege-ne ba twea,
ne wɛ-lwɛɛna na ke tei to.
Ba ma daare ba nyɔne ba yibia de amo.
17Baŋa Wɛ, nmo wó ta‑n zege chemm n nii
se ko vo ko maŋe yei ne mo?
Jwoŋi-ne ba jeŋa ne n yage,
de ba na kwaane se ba chɔge-ne
nenɛɛne nywonnu mo jaane-ne
se te go to.
18Amo laam wó ke nmo lei
nmo nɔɔna bam na jeeri mɛ to ne.
Amo wó zege n nɔn-kɔgɔ kom tetare ne a tei‑m.
19Yé pa se a dona bam taa chaka
amo chanɛɛre dem ŋwaane.
Ba chuli-ne kafɛ ŋwaane mo.
Yé sɛ se ba taa jege-ne ba mɔna.
20Banto ba fɔge ba ŋɔɔne yazura taane.
Ba nam fɔ vwa mo se ba chɔge
balo na beeri zurim to yiga.
21Ba maa kaŋe ba nia kayɔ-yɔlɔ
ye ba tɛ amo taane ba we,
“Yaa! Dé yia mo nɛ
nmo na ke n chɔge tei to!”
22 Baŋa Wɛ, nmo nam nɛ ko maama.
Yé maŋe da chemm.
Amo Tu, yé ta‑n wo yiga yiga
se n yage a yera.
23Nam zaŋe n zege n pa-ne
se a wane a na bora.
Amo Teiru Wɛ, zaŋe n ba n woli-ne!
24Tɔge n chega kam baŋa ne
n pa se a na a bora.
Amo Tu Baŋa Wɛ,
yé pa se a dona bam na chwoŋa
se ba taa chaka a chanɛɛre dem ŋwaane.
25Yé sɛ se ba fɔge ba ta we,
“Yaa! Debam seene dé na
dé fera na zo kolo to.”
Yé pa-ba pwola se ba ta we,
“Dé laam wane nɔɔno wom
dé li kula!”
26Ba na jege wopwolo
a lɛɛro tem ŋwaane to,
pa se ba yɔɔre ba di ba chaveera.
Ko ná ye balo na bere ba tete
amo baŋa ne to,
sɛ se ba yuu yaale
ye chaveera di-ba.
27Ko nam ná ye balo na zege
a kwaga ne se a di bora to,
pa se ba taa chaka de wopwolo,
se ba daare ba taa tɛ maŋa maama we,
“Baŋa Wɛ dam dem daga dedɛ!
O lage se o tontoŋeno wom
taa jege yazura mo.”
28Amo laam wó taa tɔɔle
nmo chega kam taane mo.
Dɛ dem maama wone,
amo wó taa tei‑m mo ga wuu.",https://www.bible.com/bible/3661/PSA.35.KBG
LEI 36,"Baŋa Wɛ swono de o chega taane
Wɛ tontoŋeno David déem pane leiŋa kanto.
1Wɛleere boboŋa yerane mo su puseŋ-nyena bochare.
Ba maa bere ba ba kɔre Wɛ
de fenfee de.
2Ba na nii ba nae ba tete kamunim tei to
mo pae se ba daa ba maana
ba tusim kikia
se ba daare ba chuli-ya.
3Ba ni taane su de ta-balwaaro
dedaane vwa yerane mo.
Boboŋa daa tera ba yuu ne
se ba taa toŋe lanyerane de swa.
4Tete ne ba maa tigi ba sare ne
ba jeeli puseŋa kikia.
Ba boboŋa ma ja se ba tɔge chwoŋa kalo na ba lana to.
Ba maa ware se ba ve lwarem keim.
5 Baŋa Wɛ, nmo swono kom wora mo taa,
ye ko geene ko di wɛyuu.
Nmo na yɔɔre n zege
n chega wone tei to
mo tiini ko yala
ko gaale kunkwonnu tem.
6Nmo nɔn-ŋonne dem maa zege cheppe
nenɛɛne pe-kamunnu tem
na zege tei to.
Nmo na yeini n di chega bora tei to
de maa luuna ne naneo kom kuri na luuna tei to.
Baŋa Wɛ, nmo nii nabiina de vara maama baŋa ne mo.
7Amo Tu Wɛ, nmo swono kom tiini
ko jege lonne.
Nabiina yeini ba tui nmo tei
ba vwɛ n woro kom wone,
ne nmo na yarege n vɔna
n kwoli-ba tei to.
8Nmo pa-ba wodi-laaro
se ba taa di ba sui,
wodiiru na neene nmo sɔŋɔ kom wone to ŋwaane.
Nmo ta pa ba nyɔ
nmo bwi sem wo na mo
se ba taa jege wopwolo de yazura.
9Kokuri to, nmo ye buli-yi
delo na pae ŋwea to.
Nmo pwooni dem maa pae se
dé jege pwooni dé vei de yiga ne.
10 Baŋa Wɛ, pa se n swono kom taa wora
balo yiga na wo nmo wone to taa.
Ta zege nmo chega kam wone
n pa balo na yɔɔre
chwo-laao wone to.
11Yé pa pwola se bere-n-tete nyena
nɔ amo baŋa ne.
Yé pa puseŋ-nyena chwoŋa
se ba zeili-ne
se a yage a tega kam.
12Nii-na puseŋ-nyena bam
na to ba tigi tei!
Ba daa bá wane ba zaŋe wɛɛne.",https://www.bible.com/bible/3661/PSA.36.KBG
LEI 37,"Ke n wo-dedoa dedaane Baŋa Wɛ
David déem pane leiŋa kanto.
1Yé pa se n boboŋa vugimi
puseŋ-nyena ŋwaane.
Nam yé ta‑n jege wo-goo
de nɔn-balwaaro tem konto.
2Banto bá dáane ye ba jei,
nenɛɛne gaao na kwaare tei to.
Ba nye de ga-lɛɛro na bá dáane
ye te te to mo.
3Se ko ná ye nmo, ke n wo-dedoa
dedaane Baŋa Wɛ
se n daare n tɔge chwo-laao.
Konto mo wó pa se n ta‑n zoore
logo kom wone de yazura,
ye kolokolo bá daane‑m.
4Beeri wopwolo Baŋa Wɛ tei ne,
se o wó ke kolo maama
n boboŋa na lage to o pa‑m.
5Kwei n totoŋa maama
n ke Baŋa Wɛ jeŋa ne,
se n daare n ke n wo-dedoa ded‑o,
se wonto wó woli‑m.
6Wɛ wó pa se nmo na tɔge chega tei to lɔre jaja,
nenɛɛne wɛ na puli tei to.
Nmo taane dem wó nwoŋi
de chega jaja,
nenɛɛne wea na nye
yupare baŋa ne tei to.
7Ja n wo se n ta‑n cheigi Baŋa Wɛ
na wó toŋe tei.
Pa n teena taa wo wonto wone.
Ko ná ye balo na nɛ yiga-veiŋa
de ba keim-balwaaro to,
yé ta‑n pae se n boboŋa vugimi
ba ŋwaane.
8Ja n tete ban-zɔŋɔ wone.
Nam yé ta‑n fufuga.
Konto fɔge ko chɔge wonnu mo.
9Ta‑n yei we puseŋ-nyena
lage ba jei mo.
Balo nam na ke ba teena
dedaane Baŋa Wɛ to
wó jwoŋi tega kam ba taa tei.
10Ko bá daane se puseŋ-nyena jei.
Nmo ná maŋe n beeri-ba tetei maama, n bá‑n na-ba.
11Balo nam na tu ba tete Wɛ yiga ne to mo wó taa tei tega kam,
se ba wo tiini ko pwoli ba yiga-veiŋa de ba yazura ŋwaane.
12Puseŋ-nyena bam yeini ba bane mo se ba chɔge nɔn-laaro.
Ba ma nyɔne ba yibia de-ba.
13Dé Teiru Wɛ nam jege puseŋ-nyena bam o mɔne mo.
O yei we banto chɔgem dɛ
lage de yi.
14Puseŋ-nyena bam yeini
ba le ba se-zɔɔro mo,
ye ba daare ba saŋe ba taŋa chena,
se ba kwaane ba go nabwona de zora
dedaane balo maama na tɔge chega chwoŋa to.
15Ba tete se-zɔɔro tem mo nam
lage te jwoori te go-ba.
Ba tɛ sem de maa wó bwori.
16Chega tɔgeno ná maŋe o jege fenfee yerane o jeŋa ne,
konto gare jejegero tem maama
puseŋ-nyena bam na nɛ to.
17Kokuri to, dam delo
puseŋ-nyena bam na jege to
wó jage de jei mo.
Ko daare Baŋa Wɛ yiga
wo nɔn-ŋona wone ye o cho-ba.
18Dɛ maama wone Baŋa Wɛ nii
balo na tɔge chwo-laao chekke to baŋa ne.
Ba wó taa tei tega kam
se ko taa vei wuu.
19Cham maŋa ná yia, ko bá ni banto.
Kana maŋa ne de, ba ta wó na
ba ni-wodiu ba daare ba zege.
20Puseŋ-nyena bam nam lage ba te mo.
Baŋa Wɛ dona maama wó jage
ba jei mo,
nenɛɛne nyoa na yeini ka jei tei to.
21Puseŋ-nyena ná jene woŋo
nɔɔno tei ne,
ba daa ba sɛ se ba ŋwe-ko
ba pa kotu.
Nɔn-laaro nam yeini ba kwei wonnu mo ba pae nɔɔna zɛɛra.
22 Baŋa Wɛ na swɛ balo swolim to mo wó jwoŋi tega kam ba taa tei.
Ko daare balo o na sɔɔle lwarem
o yage ba yuu ne to wó jei mo.
23Ko ná ye balo totoŋa na su
Baŋa Wɛ yi to,
o yeini o bere-ba chwoŋa mo
se ba taa vei yiga.
24Ba ná maŋe ba mage ba nɛ tetei maama de, ba ta bá to tega ne,
kokuri to Baŋa Wɛ mo jege
ba je sem.
25Amo kwe lanyerane.
Ko nam na zege a biini ne
se ko yi zem to,
amo ta wo nɛ nɔn-ŋona
na vei je-kora.
Ba bia de nam ba nwoŋi de zon-kwaga se ba lwoori ba di.
26Nɔn-ŋona yeini ba kwei ba wonnu
ba pae nɔɔna zɛɛra mo.
Ba maa kwori ba jene
ba pae nɔɔna badwonna.
Ba bia wó pa ba na zaane Wɛ tei ne.
27Yage totoŋ-lwanno keim se n daare n ta‑n tɔge keim-laaro!
Konto mo wó pa se nmo ta‑n zoore tega kam ne taa wuu.
28Kokuri to, Baŋa Wɛ lage
se chega kam mo taa zega.
O bá fɔge o lɔ balo na jege
o chega kam to kwaga ne kɔtaa.
O wó taa cho-ba se ko taa vei wuu,
ye o daare o zeili puseŋ-nyena bam dwi se ba jage ba jei.
29Chega tɔgena bam mo wó jwoŋi tega kam ba taa tei.
Ba maa wó taa zoore da mo
taa wuu.
30Swa taane yerane mo nwoŋi
nɔn-laaro ni ne,
ye banto ŋɔŋa mo jege chega.
31Wɛ taane bera yam mo su
ba bochara maama,
ye ba bá seeri ba to
Wɛ chwoŋa wone.
32Puseŋ-nyena bam dale mo
ba beeri laŋa se ba go nɔn-laaro.
33 Baŋa Wɛ nam zege
nɔn-laaro tem kwaga ne.
Ba ná maŋe ba zo taane wone,
Wɛ wó le-ba ba dona jeŋa ne
se ba yé to ba bora wone.
34Pa n teena taa wo Baŋa Wɛ tei ne,
se n daare n ta‑n tɔge
o chwoŋa kam.
Konto mo o wó pa n na yere
se n ta‑n tei tega kam.
O maa wó zeili puseŋ-nyena
se ba jei,
ye n ta‑n jei n nia.
35Amo yi nɛ puseŋ-nyeno
na bɛɛse o dwonna tei to.
O maa bere o tete ne tei-zɔŋɔ
na zege de dam tei to.
36Ko na ke fee to, a nɛ we
kotu pɔpɔ o jei mo!
A na beeri o jeiga to,
a gɛ ko ŋwa mo,
ye o yuu daa ba nae!
37Fɔge n ta‑n nii balo keim na lamma ye ba jege chega to.
Balo na zoore de bochare-zuru to
jwa wó na ba dwi dem.
38Balo nam na chɔge Wɛ nia yam to
wó jei mo.
Puseŋ-nyena bam de
jwa bá taa jege ba dwi dem.
39 Baŋa Wɛ yeini o vere
chega tɔgena mo o yaga.
Cham maŋa ná yia,
wonto mo ye ba dalem jei
40Wɛ yeini o zeini-ba mo,
o daare o jwoŋi-ba o yaga
puseŋ-nyena bam jeŋa ne,
ba na tu ba seigi
o woro kom wone to ŋwaane.",https://www.bible.com/bible/3661/PSA.37.KBG
LEI 38,"David Wɛ-lworo jaweo ŋwaane
1Amo Tu Baŋa Wɛ,
yé tɔge n ban-zɔŋɔ kom baŋa ne
n bwɛ-ne.
Ta yé da n ban-lom dem ŋwaane
n waare-ne.
2Nmo che-tɛɛra yam
yɔɔre ya zɔ-ne mo.
Nmo jaguli-zane dem
de ma mage-ne,
pa se a yera yam tiini ya chɛ.
3Amo yera yam maama wɔe mo,
n bane na zaŋe amo baŋa ne to ŋwaane.
Amo kwi sem tete ba jege yazura,
de a wɛleera yam
na daane-ne tei to.
4Kokuri to, a tusim kikia yam
na daga tei to,
ya diini baŋa baŋa ya gaale a yuu.
Ya maa tiini ya duna
ya dwoi a jaanem.
5Amo fufwollu tem tiini te lwoi
ye a yera moora,
a na toŋe jworim
de a wɛleera yam to ŋwaane.
6Amo maama gwoori mo
ye a yera yam de wiira.
Wo-chechɔgɔ yerane mo
ye amo nyem.
7Paa mo tiini ka jege-ne
pa se a teiŋa maama ba sɛa.
A yera yam maama maa wɔe.
8A tiini a bugi mo ye ko chɛ a yera ne.
A maa yeini a suuri,
lwia na jege-ne to ŋwaane.
9Amo Teiru Wɛ, nmo maŋe n yei
a boboŋa na lage kolo to maama.
A na tiini a sisigi tei to kolokolo
wo seigi nmo yiga ne.
10A bochare zage mo
ye a dam dem de wora de tia.
A yia maa beiri.
11A badwonna de a fara bam
laam lɔŋe-ne mo
a jawe-chɛɔ kom ŋwaane.
A diga tiina de ba sɛ
se ba yi amo yera.
12Balo na beeri se ba go-ne to
tiŋi kalanchorro mo se te ja-ne.
Balo na kwaane
se ba ke-ne zonne to de
ŋɔɔne daane se ba chɔge-ne.
Dɛ maama wone
ba maa bane amo bana.
13Amo nam ke nenɛɛne
a ye zɔ-kɔgɔ mo tei,
ye a ba ni ba bana yam.
A ta ke ne a ye memaa mo tei,
pa se a ni meeri.
14Amo jigi ne a ye zɔ-kɔgɔ mo.
A bá sɛ se a mage ni-kantɔgɔ de-ba.
15 Baŋa Wɛ, amo nam daŋe a teena
nmo baŋa ne mo.
Amo Teiru Wɛ, n ye wolo
na wó leiri-ba to.
16A ma lwoori we,
“Yé sɛ se ba taa chaka
amo cham wone.
A ná seeri a to tega ne,
yé sɛ se ba bere ba tete
amo baŋa ne.”
17Ko gɛ fee se a tiri a to tega ne.
Ko maa tiini ko chɛ a yera ne
ye ko ba fɔge ko tia.
18A ma bere a wɛleera jaja Wɛ yiga ne,
ye a chuli-ya.
19A dona bam nam puli dedɛ
ye ba dana.
Balo na chuli-ne kafɛ ŋwaane to
tiini ba daga.
20Ba kwei lwarem mo ba ma ŋwe
lanyerane delo maama a na ke to.
Ba ma bwɛ-ne de a na maŋe
a tɔge chwo-laao tei to de.
21 Baŋa Wɛ, yé yage a yera!
Amo Tu Wɛ, yé ta‑n wo
yiga yiga de amo.
22Nam ke lela n ba n zeini-ne.
Nmo mo ye amo Vereno.",https://www.bible.com/bible/3661/PSA.38.KBG
LEI 39,"Ŋwea ye kukua
David déem pane leiŋa kanto.
1Amo tage de a tete mo we,
“Amo wó taa cho a tete mo
se a yé ke wɛleera de a ni taane.
A maa wó kwei gara a ke a ni ne,
ne puseŋ-nyena ná wo a tei ne.”
2Konto ma pa se a pu a ni chemm.
A wo tage kolokolo de fenfee de.
Ko bere ko wo woli-ne,
ye ko chɛ a yera ne ko ja gaale.
3Lwia ma tiini ya jege-ne dedɛ.
Boboŋ-fara na daane-ne tei to
nye de mini mo zwɛ a wo kom.
A laam ma ga ga a ta we:
4 Baŋa Wɛ, pa se a maane a ŋwea kam na lage ka ti tei to,
se a wane a guli we
a da yam ba daga,
ye ya duri mo lela lela ya maa kɛa.
5Nmo pɛ se a ŋwea ye kukua mo.
Amo da yam ná maŋe
ya ma tei maama de,
ya ta nye de yi-bogesem mo
nmo tei ne.
Nabiina maama momwɛ
ye vio yerane mo,
ba ná maŋe ba zege de dam
tei maama de.
6Nabiina ná tɔge chwei selo maama,
ba nye de lunlunnu yerane mo.
Ba na yaare totoŋa baŋa ne tei to
ba jege nyɔɔre.
Ba maa yeini ba lae jejegero dedɛ
ba tiŋa,
ye ba yeiri wolo na wó di-te
ba toone kwaga ne to.
7Amo Teiru Wɛ, amo daa jei
a cheiga bɛ mo?
A nam daŋe a teena nmo baŋa ne mo.
8Ja, jwoŋi-ne n ja n nwoŋi
a tusim dem wone.
Ta yé sɛ se jworru tete taa jege-ne
te gwoona.
9A ni dem jege se de meeri,
se a daa yé puri-de,
nmo mo na waare-ne to ŋwaane.
10Ja, dɔne n jaguli-zane dem
amo baŋa ne.
Nmo na yɔɔre n waare-ne tei to
pɛ se a momwɛ lage de ti mo.
11Nmo yeini n jege nɔɔna n koresa
se n pa ba yage ba tusim kikia.
N ma‑n yeini n chɔge
ba fera na zo kolo maama to,
ne tóa na mu wonnu tei to.
Chega to, nabiina maama momwɛ
ye vio yerane mo.
12Amo Tu Baŋa Wɛ,
cheigi amo wɛ-lworo kom!
Pore n zwa se n sɛ amo keira kam.
Amo na keeri a jare nmo to,
yé maŋe da chemm.
A na zoore logo baŋa ne to,
a ye veiru mo na tu nmo sɔŋɔ kom,
ne a nabaara bam maama
de déem na ke tei to.
13Nam daa‑n yé nii-ne de ban-zɔŋɔ,
se a wane a jwoori a di ywoni,
ye a laam daare a te a kɛ.",https://www.bible.com/bible/3661/PSA.39.KBG
LEI 40,"Baŋa Wɛ maŋe de tia
David déem pane leiŋa kanto.
1Amo peene mo a cheiga
Baŋa Wɛ yiga ne.
O de ma pipiri o nii amo seeni
se o cheigi a wɛ-lworo kom.
2O pɛ a lɛɛro tem ti mo,
ne o na vaŋe-ne o le gwoŋo kolo
na su de bworu yerane wone to.
O ma daare o ja a nɛ sem
o vo o zege peo baŋa ne,
se a wane a zege de dam.
3O ma bere-ne leiŋ-doŋa,
se a leeni a seini dé Tu Wɛ wom.
Nɔɔna dedɛ wó na Baŋa Wɛ
na toŋe tei maama to
pa se ba taa kɔre‑o,
ye ba daare ba ke ba wo-dedoa ded‑o.
4Ko ná ye balo na ke ba wo-dedoa
de Baŋa Wɛ to,
Wɛ zaane wo ba yuu ne lanyerane.
Banto wo kwei ba chega ba pa jwona.
Ba maa wo gwaane
de balo na kaane-ya to.
5Debam Tu Baŋa Wɛ, nmo tiini n toŋe wo-kenkagela dedɛ n pa debam.
N ma‑n tɔge n boboŋa ŋwaane
n ke wo-kamunnu n woli debam,
te ni na tiini te gaale jeelim to.
Amo kwaane se a ta te maama taane a bere nɔɔna ye a ga.
Baŋa Wɛ, nmo dwoŋi tera!
6Nmo yiga tera de nabiina na yeini
ba kwei vara de wodiiru
ba ma ke kaanem ba pa‑m tei to,
ne ko ná ye vara zwɛɛm kaanem
naa wɛleera saarem kaanem de.
Nmo nam pore a zwa
se a ni ko kuri chekke.
7Mo kokuri amo laam maa tɛ a we,
“Amo Tu Wɛ, nii-ne da! A tua!
Ko ke ne ko na maŋe ko popone
amo ŋwaane nmo faŋa faŋa tɔnɔ kom wone tei to mo.
8A fera yam mo ye se a toŋe
nmo boboŋa na lage tei to,
kokuri to, nmo nia yam mo tigi
amo bochare ne.”
9 Baŋa Wɛ, amo zege nmo nɔn-kɔgɔ kom tetare ne mo,
se a taa bere nmo chega kam taane jaja.
Nmo tete maŋe n yei we
a wo seigi-ka de fenfee de.
10Amo wo pɛ n chega kam taane
maŋe a tei ne.
A nam yeini a tɛ nmo zeinim
de n verem taane dem
a bere nɔɔna jaja mo.
Nmo nɔn-kɔgɔ kom ná jeeri daane,
amo yeini a pae ba lɔre we,
n swono kom ba leira
ye n yiga wo debam wone.
11Amo Tu Baŋa Wɛ,
nmo jege amo yibwona,
nam yé dɔne n jeŋa kam
amo baŋa ne kɔtaa.
Ta‑n zege amo kwaga ne,
se n pa n swono kom
de n chega kam taa cho-ne.
12Amo nɛ cham dedɛ
ye de gilimi-ne de ke tetare ne.
De daga de dwoi se a lɔre
de na mae tei to.
Amo wɛleera mo tu amo baŋa
ya ja-ne.
Amo yia daa ba nae
ye a tusi chwoŋa.
A wɛleera daga ya dwoi
a yu-ywei sem.
Konto laam maa pa se a tiini a bwona.
13Amo Tu Baŋa Wɛ, popo se n ba
n jwoŋi-ne n yage!
Ke lela n ba n zeini-ne.
14Ko ná ye balo na beeri amo toone to,
pa se vuvuga yi-ba se ba to tega ne.
Pa balo maama na beeri
amo chɔgem to
jwoori kwaga de ba chaveera yam.
15Sɛ se chaveera di banto dwi dem maama,
ba na tɛ ba we,
ba jeŋa zo amo to ŋwaane.
16Ko daare balo maama
na beeri nmo jei to,
pa se ba taa jege wopwolo,
se ba di ywoni nmo ŋwaane.
Ta pa se balo na swoi
se n ta‑n jwoŋi-ba to
taa tɛ maŋa maama we,
“Dé wó zeiŋi Baŋa Wɛ yere dem wɛɛne.”
17Ko nam ná ye amo, a ye nabwom mo,
ye yiniga jege-ne.
A Teiru Wɛ yiga daa ta wo
amo wone.
Amo Tu Wɛ, nmo mo ye a zeinnu
de a vereno.
Yé dáane se n laam ba n woli-ne!",https://www.bible.com/bible/3661/PSA.40.KBG
LEI 41,"Baŋa Wɛ, duri amo yibwona!
David déem pane leiŋa kanto.
1Nɔɔno wolo yiga
na wo nabwona wone to mo,
Wɛ zaane wo o yuu ne lanyerane.
Cham ná yi kotu,
Baŋa Wɛ wó jwoŋi‑o o yage.
2 Baŋa Wɛ wó cho‑o se o yé te.
O ta wó ke zaane o ke o yuu ne
de o na zoore tega kam ne tei to.
Wɛ bá sɛ se o to
o dona bam jeŋa ne.
3Konto tu ná weela,
Baŋa Wɛ wó teibi‑o mo
pa se o jaweo kom jei
ye o jwoori o na yazura.
4Amo mo tage a we,
“Baŋa Wɛ, duri amo yibwona!
A tusi mo a chɔge n yiga.
Nam ta pa se a jwoori
a na yazura.”
5A dona bam ŋɔɔne amo taane mo
de puseŋa ba we,
“O wó dáane mo se o laam te
se o yere jei logo baŋa ne?”
6Ba wone dedoa ná tu amo tei,
o yeini o ŋɔɔne ta-yɔɔro yerane mo.
O maa kare o beeri sawe-taane
se o ja o nwoŋi
o jage jei maama ne.
7Balo maama na chuli-ne to
mo jege amo taane
ba waase ba bere daane.
Ba maa boŋe lwarem mo ba pa-ne,
8ye ba we, “Ko ye jawe-chɛɔ mo
yɔɔre ko jege‑o.
O nam bá fɔge o zaŋe o na yazura.”
9Ko ná maŋe ko ye
amo badwoŋ-swono
a na pɛ wolo a chega maama
ye dé tɔge daane dé di wodiu to,
wonto tete de mo jwoori
o zege amo zega.
10Nmo Baŋa Wɛ nam
duri amo yibwona
se n daare n pa se a jwoori
a na yazura.
Amo laam wó wane a jwoori
a ŋwe a jene a dona bam baŋa ne.
11A yei we nmo wo pwoli de amo,
kokuri to, n wo pɛ a dona bam chwoŋa
se ba wane amo ba di.
12Nmo wó ta‑n zeini-ne,
a na yɔɔre a tɔge chega to ŋwaane.
N ta wó pa se a taa zege
n yiga ne taa wuu.
13Pa-na dé taa tei Baŋa Wɛ wom
na ye Isarele tiina Wɛ to!
Wonto maŋe de tia mo
ko zege faŋa faŋa se ko taa vei wuu.
Ameena! Ameena!
Lei Tɔnɔ 2
Lei 42–72",https://www.bible.com/bible/3661/PSA.41.KBG
LEI 42,"Amo tiini a lage se a taa wo Wɛ tei ne
Kora bu-baara déem pane leiŋa kanto.
1Amo Tu Wɛ,
nmo fera tiini ya zo amo,
nenɛɛne na-nyɔm na jege feira
ye ka beeri na-zura
se ka nyɔ tei to.
2Ŋwea Tu Baŋa Wɛ,
amo tiini a lage‑m
ne na-nyɔm na jege-ne tei to.
Maŋa kɔ mo amo wó na chwoŋa
se a ba nmo tei
a zege nmo yiga ne a zuli‑m?
3Wea de tete maama a yeini
a keeri dedɛ a kane yi-na,
ye yi-na banto yerane mo
ye a ni-wodiu.
Balo na chuli amo to tɛ ba we,
“N Wɛ wom nam bɛ?”
4Amo ná yeini a guli
ko déem na ye tei to,
a wo mo tiini ko chɔge.
Kanto maŋa kam ne, amo mo
tɔge nɔn-kɔgɔ kom yiga
ye dé vo nmo diga kam
se dé zuli‑m.
Dé na maa vei to,
dé bage dedaane ywoni
ye dé kɔgɔ kom maama leeni lei
dé ma zuli nmo yere.
5Amo bwei a tete wone a we,
“Bɛ mo pɛ se a yiga nyɔne?
Bɛ mo ye a wo tiini ko chɔge?”
A nam wó pa se a teena
taa wo Wɛ tei ne mo!
A daa ta wó taa tei‑o,
wonto na ye amo Wɛ
ye o jwoŋi-ne o yage to ŋwaane.
6Chega to, amo wo tiini ko chɔge.
Amo nam wó guli nmo gula de n lanyerane dem na ye tei to.
A maa wo ywo-seeni,
Heremon dedaane Mizari
peero tem laŋa ne
mɛ Jɔdan buga kam na buli da to.
7A na wora to, a ni bwi sem
na chuuri tega ne se ke sɔɔ,
se tɔge amo baŋa
se maa kɛa de dam
pa se a to tega ne
dedaane wo-chechɔgɔ.
8Dɛ maama wone Baŋa Wɛ pae
a lɔre we o swono kom mo
wo amo tei ne.
Tete maama ne o pa se a leeni leiŋa mo a maa ware‑o,
o na ye wolo na tei a ŋwea kam to ŋwaane.
9Amo wó ta de Wɛ, o na ye peo kolo amo na sale ko yera ne to we,
“Bɛ mo ye nmo laam swei
amo swia konto?
Amo dona bam ta wó taa bɛɛse-ne
pa se a keera konto taa mo na?”
10Banto maa jege-ne ba twea
ye ba mɔna
pa se a yera chɛ ye a lage a te.
Ba maa tɛ ba we, “Nmo Wɛ wom bɛ?”
11Amo bwei a tete wone a we,
“Bɛ mo pɛ se a yiga nyɔne?
Bɛ mo ye a wo tiini ko chɔge?”
A nam wó pa se a teena
taa wo Wɛ tei ne mo!
A daa ta wó taa tei‑o,
wonto na ye amo Wɛ
ye o jwoŋi-ne o yage to ŋwaane.",https://www.bible.com/bible/3661/PSA.42.KBG
LEI 43,"1Amo Tu Wɛ, nam bere we
amo jege chega nɔɔna yiga ne!
Jwoŋi a taane dem n ŋɔɔne
dedaane balo na yeiri nmo to.
Vaŋe-ne n le puseŋ-nyena banto
na ye vwa-nyena to jeŋa ne.
2Nmo ye wolo a na seigi a tete
n woro kom wone to mo.
Bɛ mo ye n ma n kwaga n ya-ne?
Amo dona bam ta wó taa bɛɛse-ne
pa se a taa keeri konto taa mo na?
3Pa se n pwooni dem dedaane
n chega kam taa wo amo tei ne.
Tento mo wó da amo yiga
te bere-ne chwoŋa,
se a wane a vo a yi peo kolo
nmo na pɔɔre n pa n tete to yuu.
Jei selo nmo na zoore da to
mo konto.
4A ná yi da, a laam wó vo a yi
Wɛ bimbini dem teiŋa.
Amo wó fɔɔre a yi nmo tei,
nmo wolo na pae a wo pwoli to.
Amo Tu Wɛ, a laam wó ta kɔnɔ
a ma a tei‑m.
5Amo bwei a tete wone a we,
“Bɛ mo pɛ se a yiga nyɔne?
Bɛ mo ye a wo tiini ko chɔge?”
A nam wó pa se a teena
taa wo Wɛ tei ne mo!
A daa ta wó taa tei‑o,
wonto na ye amo Wɛ
ye o jwoŋi-ne o yage to ŋwaane.",https://www.bible.com/bible/3661/PSA.43.KBG
LEI 44,"Wɛ-lworo
Kora bu-baara déem pane leiŋa kanto.
1Debam Tu Wɛ, dé nigi
wo-kamunnu telo n na ke
n pa dé nabaara bam faŋa faŋa to ŋwa.
Ba tage te taane ba bere debam
ye dé fɔge dé cheigi.
2Nmo tete mo zeili dwi-gɛ tiina bam
ye n daare n kwei dé nabaara bam
n jeini ba tega kam baŋa ne.
Nmo yɔɔre n chɔge
dwi-gɛ tiina bam mo,
ye n pa se n tete nɔɔna bam
zoore da de yazura.
3Ba déem na wane tega kam maama ba tei to,
ko dae ba jara-keim zela
dam ŋwaane mo
naa ba tete dam ŋwaane.
Ko nam ye nmo dam-fɔrɔ kom ŋwaane.
Nmo lanyerane dem ma kwoli-ba,
n yi na page ba baŋa ne to ŋwaane.
4Nmo mo ye amo Pɛ,
ye n ta ye a Wɛ wom.
Nam pa se n nɔɔna
Jakob dwi tiina bam di wɔnɔ!
5Dé wó da nmo dam dem ŋwaane
dé yigi dé dona bam
se ba jwoori kwaga.
Dé laam maa wó nɔne-ba
dé se tega ne.
6Amo bá kwei a teena a daŋe
a taŋa naa a se-zɔɔ baŋa ne.
Tento bá wane-ne te jwoŋi te yage.
7Ko nam ye nmo mo jwoŋi debam
n yage dé dona bam jeŋa ne.
Nmo ta pae se balo maama
na chuli debam to
nae ba lɛɛro mo.
8Dɛ maama wone dé yeini
dé jege teera Wɛ ŋwaane.
Dé wó taa tei o yere mo taa wuu.
9Leile konto nam nmo mɛ n kwaga mo n ya debam,
pa se dé di dé chaveera.
Dé laam ná nwoŋi se dé kwaare jara
nmo daa‑n ba tɔge
dé jar-keira bam yiga n via.
10Nmo ma‑n pa se dé duri
dé dona bam yiga ne,
pa ba de ba ba vere dé jejegero.
11N yage debam mo se ba zaŋe
dé baŋa ne
ye ba daare ba go debam
nenɛɛne dé ye pei mo to.
N ma‑n jage debam balo na daare to
n yage sa-teene wone.
12Nmo yɔɔre n kwei
n tete nɔɔna bam mo
n yeigi zɛɛra n pa ba dona bam.
N wo pɛ se ba jege yuu ba pa‑m.
13Nmo pɛ se dwi-gɛ tiina
balo na gilimi debam to
jege debam mo ba mɔna,
ye ba ta yaale debam.
14Logo baŋa dwi tiina bam
maa pae dé ye wo-mwanno.
Ba maa dole ba yuni
ba twe debam.
15Dɛ dem maama wone
chaveera mo di-ne.
A maa nae a lɛɛro ga wuu.
16Kokuri to, dé dona bam yɔɔre
ba twe debam mo,
ye ba jege debam ba gwoona.
17Debam nam wo ve nmo,
naa dé jwoori ni delo nmo na gwoni de debam to kwaga ne.
De ko de, n ta pɛ se dé na
lɛɛro tento maama.
18Dé wo lɔge nmo kwaga ne.
Dé maa wo ywori
nmo chwoŋa kam wone.
19Nmo nam yɔɔre
n chochoge debam mo,
pa se nywoŋ-kuri gilimi debam
se se di.
Nmo ta pɛ se lim mo ba
de kwoli debam.
20Debam nam ya ná nwoŋi
dé Wɛ wom kwaga ne,
ye dé daare dé pipiri dé zuli wa-gaa,
21Wɛ tete ya bá lɔre ko ni ne na?
Kokuri o maŋe o yei dé boboŋa
wo-siseigiru tem maama.
22Dé na ye o nɔɔna to mo
pae dé da toone tei dé kɛ
dɛ maama wone.
Ba kwei debam ba ma ji pei selo
ba na lage ba go to mo.
23Baŋa Wɛ, zaŋe wɛɛne!
N ta dɔ mo na?
Zaŋe n ba n zeini debam!
Yé ma n kwaga n ya debam
taa wuu.
24Bɛ mo ye n ke n yiga dáa dáa?
Bɛŋwaane mo n yiga tere dé cham
de dé yaara yam wone?
25Debam yɔɔre dé to tega ne mo
buri-buri.
Dé yera yam maama taare
de kasolo mo.
26Konto to, zaŋe wɛɛne n ba
n zeini debam!
Jwoŋi debam n yage,
nmo na yɔɔre n jege debam swono to ŋwaane.",https://www.bible.com/bible/3661/PSA.44.KBG
LEI 45,"Kadiri leiŋa
Kora bu-baara déem pane leiŋa kanto.
1A boboŋa yam maama su
de wo-laaro mo
se a ma a pane leiŋa
a seini pɛ wom.
A wó ma a kwora mo
a leeni pore-pore,
nenɛɛne tɔn-poponno
na wó popone tei to.
2Nmo tiini n lamma
n dwoi nɔɔna maama.
N ni taane ye ywoni yerane mo.
Wɛ ke zaane mo n yuu ne
se ko taa vei wuu.
3Dam-fɔrɔ tu, kwei n se-zɔɔ
n vɔ n teiŋa ne,
se n nenɔŋ-fɔrɔ de n paare
taa bere jaja!
4Diini sisein-nɔɔno n nwoŋi pwooni
n bere n paare dem
se n daare n di wɔnɔ.
Ke kokeiri n pa se chega tɔgem,
de yibwona,
de chega bora borem taa wora.
Konto to nmo jazem dem
wó toŋe wo-kamunnu dedɛ.
5Pɛ, n che-tɛɛra yam sele mo,
se n ta-ya n zɔ n dona
ba bochara ne.
Dwi-gɛ tiina bam de maa wó to
n yiga ne.
6Debam Tu Wɛ, n paare dem
wó taa wora taa se ko taa vei wuu.
Nmo wó ta‑n tei n nɔɔna
se ko tɔge chwoŋa chekke.
7Nmo yɔɔre n swoi chega tɔgem,
ye n daare n chuli lwarem kikia.
Konto ŋwaane mo,
n Tu Wɛ wom kuri nmo,
ye o lwo o swolim nuga kam
n yuu ne
se n di ywoni n dwoni
n dwonna bam maama.
8Talwoŋ-ywoŋa dwi dwi lwom
mo taare n gwaaro tem maama.
Nmo zoore pɛ sɔŋɔ kolo ba na mɛ tuu yeila ba kwɛ to wone,
ye dáane mo ba yeini ba tae kwanno se ko pwoli nmo wo.
9Kaana balo na wo n tei ne to
badwonna ye pwa bukwa mo.
Kaane wolo n na lage n di to
maa wo n jazem seeni
ye o yera kwɛ de sabu-seŋa
kalo na nwoŋi Ofiri to.
10A bukɔ, pore n zwa
se n cheigi a taane dem.
Ta‑n yei se n yage
n tete dwi tiina bam
de n kwo sɔŋɔ tiina bam chwei sem.
11Pɛ wom yi mo su nmo lam dem.
Wonto laam nam mo ye n teiru.
Konto ŋwaane tu n tete se n sɛ o ni.
12Tura tiina wó ja pɛɛra
ba ba nmo tei.
Naduna de maa wó taa lage
se n ke-ba lanyerane.
13Ka-pɛ wom laam wo o diga wone mo,
ye o tiini o jege lam dedɛ!
O ma zo gɔrɔ kolo ba na mɛ
sabu-seŋa ba bɛɛre ko maama to.
14Ba ma ja‑o ba vo pɛ wom tei,
ye o zo o gwaaro telo
ba na gɔgere lanyerane to.
O ka-nyaana bam
de maa kwogili‑o ba via.
15Konto dwoŋi mo ba vei
ba zo pɛ sɔŋɔ kom wone
ye ba tiini ba jege wopwolo dedɛ.
16Pɛ, nmo bia bam de wó ji pwa mo,
nenɛɛne n kwoa bam de
déem na ye tei to.
N ma‑n wó pa ba taa tei teene dedɛ
tega kam maama baŋa ne.
17Dwi ná kɛ ye dedwoŋi saŋe,
amo ta wó zeiŋi n yere dem wɛɛne taa wuu.
Logo baŋa dwi tiina bam wó taa tei‑m se ko taa vei wuu mo.",https://www.bible.com/bible/3661/PSA.45.KBG
LEI 46,"Wɛ mo ye dé dalem jei
Kora bu-baara déem pane leiŋa kanto.
1Wɛ mo ye wolo dé na seigi
o woro wone ye dé jwoŋi dam to.
O yeini o wora mo cham maŋa ne
se o woli debam.
2Konto ŋwaane dé bá taa kɔre foone,
tega kam ná maŋe ka tiini
ka ziziŋi tei de,
ye peero tem ta baga te toe
buri-buri naneo kom wone de.
3Naneero tem ná bere te wuuri
te mage puŋa tei maama,
ye te na-ŋon-dɛɛre ta mage peero tem
pa se te ziziŋi tei maama de,
dé bá taa kɔre foone.
4Nabara kadwoŋi nam wora
ka na jaane wopwolo
ka tui Wɛ tete teo kom wone,
mɛ Yuu-tu Baŋa Wɛ sɔŋɔ kom
na wora to.
5Wɛ tete mo zoore teo kom konto wone.
Nɔɔn-nɔɔno bá wane-ko o chɔge.
Tega na jege ka poore to,
Wɛ wó ba o woli-ko de dam.
6Logo baŋa teene dem vuvugi mo
kafɛ ŋwaane.
Paare jei maama maa to buru-tu-tu!
Wɛ ma bage kwora pa se
tega baŋa maama nyeene.
7Paŋwa Tu Baŋa Wɛ mo wo
debam tei ne.
Jakob Wɛ wom maa ye
dé dalem jei.
8Ba-na á nii Baŋa Wɛ na toŋe wo-kamunnu telo logo baŋa ne
ye te tiini te jege foone to.
9O maa pa se tigura kweeli mo
logo baŋa jei maama ne.
O ma kwei jar-keira tɛ sem dedaane ba chichwoa yam o bwori.
O ma daare o vere ba jara-keim nantane sem o zwɛ de mini.
Baŋa Wɛ maa we:
10“Ta‑á ye-na konto chemm,
se á maane we amo mo ye Wɛ!
Amo mo tei logo baŋa teene dem maama,
se de nɔn-bia bam taa zuli-ne.”
11Paŋwa Tu Baŋa Wɛ mo wo
debam tei ne.
Jakob Wɛ wom maa ye
dé dalem jei.",https://www.bible.com/bible/3661/PSA.46.KBG
LEI 47,"Baŋa Wɛ mo tei logo baŋa maama
Kora bu-baara déem pane leiŋa kanto.
1Nabiin-dwi maama,
ba-na á mage japwoora,
á daare á bage tia
á zuli Wɛ de wopwolo!
2Yuu-tu Baŋa Wɛ wom tiini o maŋe
se nabiina taa kɔre‑o.
O maa ye Pa-faro wolo na tei
logo baŋa maama to.
3Wonto mo wane dwi-gɛ tiina
teene dedɛ o pa debam,
pa se de nɔn-bia bam
wo debam dam kuri ne.
4O ma kuri tega kanto o pa debam
se dé taa tei,
o na tiini o swoi Jakob
de o dwi dem to ŋwaane.
Konto ŋwaane, dé jege teera
tega kam baŋa ne.
5Wɛ mo diini baŋa se o jeini
o paare jeiŋa jei ne.
Nɔɔna bam maa bage de kwor-dɛa
ba daare ba wu nabwanno,
se ba zuli Baŋa Wɛ.
6Leeni-na á tei Wɛ!
Leeni-na lei á ma‑á seini‑o.
Leeni-na á tei dé Pɛ wom!
Leeni-na lei á ma‑á seini‑o.
7Kokuri to, logo baŋa maama
Pɛ wom mo ye Wɛ.
Leeni-na tia lei á zuli‑o.
8Wɛ jei o nenɔŋa paare yituŋu kom
baŋa ne,
ye o di paare logo baŋa
teene dem baŋa ne mo.
9Logo baŋa pwa de dedɛɛra maama jeeri daane mo.
Ba maa woli debam wone,
se dé maama zuli
Abaraham Wɛ wom.
Wɛ jege dam o dwoi pwa maama.
O maŋe de zula jei maama ne.",https://www.bible.com/bible/3661/PSA.47.KBG
LEI 48,"Zion ye Wɛ tete teo mo
Kora bu-baara déem pane leiŋa kanto.
1Debam Tu Baŋa Wɛ
tiini o jege kamunim!
O yɔɔre o maŋe mo
se nɔɔna taa tei‑o
o tete teo kom wone.
Peo kolo o na pɔɔre o pa o tete to
baŋa ne mo konto.
2Peo kom tiini ko lamma mo
ko gaale
de ko na diini wɛɛne tei to.
Logo baŋa jei maama
wó di ywoni ko ŋwaane.
Zion peo kom nye de Zafon peo
kolo na wo baŋa seeni to mo.
Ko maa ye Pa-faro wom teo kom.
3Wɛ mo pɛ se ko ji dalem jei
se nɔɔna taa tui ba seigi
o woro kom wone.
4Nii-na! Logo baŋa pwa bam
ke ni daane,
ye ba nwoŋi se ba kwaare jara
de Zion teo kom.
5Ba laam na yi da to,
ba ma nii ba na ko na ye tei,
ye ko so-ba.
Foone ma ja-ba
pa se ba pipiri ba duri ba viiri.
6Dáane mo ba yera sae de foone.
Lwia maa jege-ba,
ne kaane wolo na virigi puga
se o lo to.
7Ko ta nye de nmo pɛ vo-dɛɔ zaŋe
wɛ-puli jei ne ko ba
ko chɔge nabwooru telo na nwoŋi Tarasisi ne pipiu ŋwaane to.
8Dé ya maŋe dé ni
Wɛ totoŋa yam ŋwa,
se leile konto dé tete yia
laam mo nɛ-ya.
Dé wo Paŋwa Tu Baŋa Wɛ tete
teo kom ne.
Debam Tu Wɛ wom teo kom
mo konto.
Wɛ wó pa ko zegem taa dana
se ko taa vei wuu.
9Debam Tu Wɛ, dé tu dé zege
nmo wara-jei sem ne,
ye dé boŋe n swono chekke kom boboŋa.
10N yere dem na zaŋe wɛɛne tei to,
konto dwoŋi mo nɔɔna wó taa tei‑m logo baŋa jei maama ne.
Nmo jazem dem jege dam,
ye n pa se chega wora
jei maama ne.
11Mo kokuri Zion tiina bam
wo pwoli dedɛ.
Judah teene dem de maa jege wopwolo,
nmo na bore chega bora to ŋwaane.
12Zaŋe-na á kaare Zion teo kom,
se á nii ko na ye tei to.
Jeeli-na ko di-dedwaaro tem ni.
13Ta maane-na kabiri selo
na lɔge se pe teo kom to ni ne,
se á daare á nii ko dalem jei sem
na dana tei to.
Konto, á wó wane á maŋe á bere
dwi delo na wo kwaga ne to
ye á we:
14Debam Tu Wɛ wom mo tento.
O wó taa nii dé baŋa ne taa wuu
se ko vo ko yi kweelim maŋa kam.",https://www.bible.com/bible/3661/PSA.48.KBG
LEI 49,"Jejegero taane
Kora bu-baara déem pane leiŋa kanto.
1Logo baŋa dwi tiina maama,
cheigi-na!
Abam balo maama na zoore
tega baŋa ne to
pore-na á zwa!
2Abam maama cheigi-na,
ko ná maŋe ko ye dedɛɛra
de nabwona de,
ko ta woli de naduna
de yiniga tiina maama.
3Amo ni taane wó bere swa lanyerane.
A boboŋ-lilirru tem de wó pa
se nɔɔna yi poore.
4Amo wó kwaane a zamese dende.
A ta wó daare a ta kɔnɔ
ye a leeni a maŋe se kuri
a bere nɔɔna.
5Lɛɛro ná to a baŋa ne,
a nam bá taa kɔre foone,
nenɛɛne kampin-nyena ná gilimi-ne ba ke tetare ne.
6Banto ke ba chega dedaane
ba jejegero mo,
ye ba jege teera de ba na ye naduna to.
7Nɔɔn-nɔɔno bá wane o ŋwe
o dwoŋi jene
se o jwoŋi kotu ŋwea.
N bá‑n wane n ŋwe
n ŋwea kam kwora n pa Wɛ.
8Nabiinu ŋwea tiini ka jege kuri.
N bá‑n wane n ŋwe
se ko yi ka kwora ko ti.
9Konto to, nabiinu bá taa ŋwe taa wuu
se o yera daa yé pɔ tega kuri ne.
10Nmo wó maane we nɔɔna maama toa,
ko ná maŋe ko ye yi-pore-nyena,
de nɔn-jworru, de nayeiri-nyena de.
Ba maama wó te
ye ba daare ba jejegero ba yage
ba pa nɔɔna badwonna mo.
11Ba yibeela laam maa wó ji ba sam
mɛ ba na wó taa zoore taa wuu to.
Ba ta wó maŋe da
se ko taa vei wuu,
de ba déem na jege ba tete tega
tei maama to de.
12Nabiinu ná maŋe o jege nenɔŋa
tei maama de,
o bá maŋe tega baŋa ne taa wuu.
Nabiina de vara maama
guri bedwe mo.
13Tento mo jworru telo na boŋe
ba tete kamunni to wó guri,
ko ta woli de balo maama
na tɔge banto chwei sem to.
14Banto maama lage ba te mo,
ne pei tei to.
Toone wó ja-ba
de kale de ja vo churu.
Tega ná poore, nɔn-ŋona wó di dam ba baŋa ne.
Ba yera maa wó pɔ tega kuri ne.
Ba daa bá taa jege ba tete sam
se ba taa zoore de wone.
15Wɛ nam mo wó vere amo
toone jeŋa ne.
O wó vaŋe-ne se a taa wo o tei ne.
16Nɔɔno ná yɔɔre o ji nadum
pa se o di paare o sɔŋɔ ne,
yé pa se ko taa daane‑m.
17Kokuri, kotu ná tega,
o bá wane o ja kolokolo
o woli da o kɛ.
O jejegero tem bá tɔge‑o
te zo tega kuri.
18Kotu ta ná ŋwe, o wó boŋe we
Wɛ yɔɔre o swɛ o swolim,
nɔɔna na zuli‑o
o yiga-veiŋa ŋwaane to.
19De konto maama, o de lage o te mo
o vo o woli o nabaara bam wone.
Dáane mo o daa bá fɔge
o na wea pwooni dɛ de de dɛ.
20Nabiinu ná maŋe o jege nenɔŋa
tei maama de,
ye o yi ná wo poore,
kotu de vara maama guri bedwe mo.",https://www.bible.com/bible/3661/PSA.49.KBG
LEI 50,"Wɛ wó di nɔɔna taane
Asaf déem pane leiŋa kanto.
1Dam-fɔrɔ Tu Baŋa Wɛ wom
mo dɔne o kwora.
O ma bwoŋi nabiina balo maama
na wo tega kam baŋa ne
ko zege wɛ-puli seeni se ko vo
ko yi wɛ-zoore seeni to.
2Zion mo ye teo kolo na lamma
ko dwoi teene maama to.
Wɛ maa zege dáane mo
o nyeene pwooni se de nwoŋi.
3Dé Tu Wɛ wom mo tutwoni
o maa beena.
O nam za ba vei chemm ywoo!
Min-vogo wo o yiga ne mo
ko di wonnu maama bugi-bugi.
Vo-dɛɔ de maa gilimi‑o
ko ke tetare ne.
4O ma bwoŋi wɛyuu de tega baŋa
se te ba te nii,
se o laam di o nɔɔna bam taane.
5O ma ta o we, “Bwoŋi-na
balo na ke ba chega de amo to
se ba ba ba jeeri amo yiga ne.
Banto ye balo na ke kaanem ba pa-ne
pa se dé gwoni ni daane to mo.”
6Wɛyuu kom tete tɔɔle
Wɛ chega kam taane.
Wɛ mo lage o bore nabiina bora!
Wɛ tage o we:
7“Amo nɔɔna Isarele tiina bam,
cheigi-na!
A lage a ŋɔɔne a bere we
á ke á tusi mo.
Amo nam mo ye Wɛ chekke.
A maa ye abam Wɛ wom.
8Amo na bwɛ abam konto to,
ko dae á na yeini á ke kaanem
á pa-ne,
naa á zwɛ pɛɛra maŋa maama
á pa-ne tei to ŋwaane.
9Ko nam dae se a jwoŋi nabɛ selo
na wo á nabwooru wone to,
de bo-bwaalo telo
na wo á bon-turu wone to.
10Kokuri to, kagoa wo vara bam maama ye amo nyem mo.
Amo mo tei naane delo maama
na wo zwonnu moro yuu ne to.
11Zuna balo maama
na jaane wɛɛne to mo
amo nii ba baŋa ne.
Amo daa ta mo tei
ga-vara maama de.
12Nenɛɛne kana mo ya ná jege-ne,
a ya bá ta a bere abam,
logo baŋa
de ko wo wonnu tem maama
na ye amo nyem to ŋwaane.
13Ko ná ye nabɛ, amo mo di se nɔna na?
Amo wó nyɔ bo-bwaalo jana na?
14Nam pa-na se pɛɛre delo
á na wó kwei á kaane á pa-ne to
taa ye lei-keim.
Tɔge-na ni delo á na pwooli de amo to,
amo na ye Yuu-tu Baŋa Wɛ wom to ŋwaane.
15Cham ná yi abam,
lwoori-na wolim amo tei ne,
se a laam wó jwoŋi abam a yage.
Konto to, á wó zuli-ne
ne ko na maŋe se á ke tei to.”
16Wɛ ma ta de puseŋ-nyena bam o we:
“Abam ba jege chwoŋa se á tɔge
á ŋɔɔne amo nia yam taane.
Bɛ mo ye á bere we á sɛ
amo ni-gwonim dem?
17Kokuri, á wo sɛ se a korese abam
a de chwoŋa ne.
Á ta ma daare á ve a bera yam mo.
18Abam ná nɛ ŋweeno,
o kikia mo su á yi.
Á maa me de balo
na tɔge kabwoŋa kikia to.
19Á sɛ se á ni taane taa pae
lwarem mo pula.
Á kare á ŋɔɔne vwa yerane mo.
20Á yeini á ba bebara á pae á choro.
Á maa ŋɔɔne á chɔge o yiga
de o ná maŋe o ye á nu puga bu mo de.
21Abam na toŋe keim-balwaaro tento maama to,
a chem mo.
Abam ga boŋe we amo de abam maama ye bedwe mo.
Amo laam nam wó zaŋe a bwɛ abam,
se á lɔre jaja we á tusi mo.
22Abam balo yiga na tere amo wone to,
ta‑á yei-na amo taane dem ni ne!
Á ná wo leiri á wo,
amo wó zaŋe á baŋa ne
a kaare abam a yage,
ye nɔɔn-nɔɔno tera
se o jwoŋi abam o yage.
23Wolo nam ná ke lei-keim pɛɛre
o pa-ne,
kotu zuli-ne chekke mo.
Ko ná ye balo maama na seene ba yia ba tɔge chwoŋa to,
amo Wɛ wó pa ba na amo verem dem.”",https://www.bible.com/bible/3661/PSA.50.KBG
LEI 51,"Yibwona wɛ-lworo
David déem pane leiŋa kanto maŋa kalo Wɛ sampwora Natan na tu o tei o bwɛ‑o o tusim dem ŋwaane, de o na ke kabwoŋa de Bafeseba to.
1Amo Tu Wɛ,
da n swono kom ŋwaane
se n duri amo yibwona.
A lwoori‑m se n saare
amo wɛleera n yage,
nmo na tiini n jege nabiina ŋwaŋa to ŋwaane.
2Zare-ne se a daa yé taa jege totoŋ-lwanno,
se n daare n kwɛ-ne
se a nwoŋi tusim wone.
3Kokuri to, amo yei a wɛleera yam ni ne.
Wea de tete maama wone,
a ware a swei a tusim dem.
4Amo na ke a chɔge to,
ko ye nmo yerane yiga ne mo.
A ke lwarem dedɛ
a chɔge nmo ni dem.
Nmo jege chega de nmo na bwei amo tei to.
Nmo na pɛ a to de a bora to,
n ta jege chega.
5Ko maŋe ko zege a lora dɛ ne mo
amo su de lwarem.
A nu na jaane a puga to,
a maŋe a wo tusim ne mo.
6Nmo nam na lage kolo to mo ye
se nɔɔno taa jege chega
o bochare ne,
se o yé seigi kolokolo
nmo yiga ne.
Pa n swa yam taa sui a boboŋa
se a yi poore lanyerane.
7A lwoori‑m se n saare a wɛleera yam n yage,
se n kwɛ amo bochare
se a taa jege wo-pwoŋo fase.
8Pa-ne pwola se a daa jwoori
a ni wopwolo taane.
Nmo peene amo n pa a na chɔgem.
Laam pa a jwoori a na ywoni dedɛ
a ŋwea wone.
9Daa‑n yé pa a wɛleera taa wo
n yiga ne.
Saare amo keim-lwanno tem
n yage dáa ne.
10Amo Tu Wɛ, jwoori n naane
bochare delo na ye chekke to
n pa-ne.
Sɛ se a taa jege boboŋ-doora yalo
na tɔge nmo ni to.
11A lwoori‑m se n yé zeili-ne
nmo yiga ne.
Nam yé le n Jwori-laao kom
n daare amo.
12Sɛ se amo daa jwoori a na ywoni
a ŋwea wone,
nmo na jwoŋi-ne n yage to ŋwaane.
Woli-ne se a boboŋa jwoori
ya taa tɔge nmo nia yam.
13Amo laam wó wane
a bere wɛleere-keira
nmo chwo-laaro tem,
se ba de pipiri ba jwoori
ba ba nmo tei.
14Amo Tu Wɛ, nmo ye wolo
na jwoŋi-ne n yage to mo.
Yage n chɛ-ne se a yé maŋe de toone.
Konto to, amo wó ma a ni
a ma zuli nmo yere,
nmo na jege chega
ye n vere nɔɔna to ŋwaane.
15Amo Teiru Wɛ, pa se a ni dem
puri de taa ŋɔɔna,
se a wane a leeni a seini‑m.
16Vara kaanem nam ba pwoli nmo wo,
se a ya wó ja tento a ba a pa‑m.
Amo ná jaane varem a ba
se a zwɛ a pa‑m,
nmo bá sɛ n jwoŋi.
17Amo Tu Wɛ,
kolo yerane nmo na lage
se nɔɔno kwei o pa‑m to
mo ye bochare delo
na ba jege fia to.
Wolo ná tu o tete nmo yiga ne,
ye o ná chuli o keim-lwanno tem,
nmo bá‑n ve kotu.
18A lwoori‑m,
nmo tete lanyerane dem ŋwaane,
se n woli Zion teo kom.
Pa se Jerusalem kabiri sem jwoori
se lɔ se zege wɛɛne de dam.
19Konto ná kea, dé wó jwoori
dé ja vara dé zwɛ dé pa‑m,
pa se ko bere kaanem delo
na tɔge chwoŋa chekke
ye de pwoli nmo wo to.
Dé wó ja nabɛ dé ba dé kaane
nmo bimbini dem baŋa ne.",https://www.bible.com/bible/3661/PSA.51.KBG
LEI 52,"Baŋa Wɛ bora borem de o zaane taane
David déem pane leiŋa kanto maŋa kalo Edom tu Doegi na vei Pɛ Sɔɔl tei o ta o bere‑o we, “David wo Abimeleka sɔŋɔ ne” to.
1Nmo wolo na ye
nɔn-kamunu to,
bɛ mo ye n bere n tete
n lwarem kikia yam ŋwaane?
Baŋa Wɛ nam zege o chega kam wone o pa-ne dɛ maama wuu.
2N dindeilimi nye de fana
kalo na tiini ka jege ni to mo,
pa se n ŋɔɔne chɔgem taane,
ye vwa yerane mo n kare n fɔe.
3N ta swoi lwarem ko dwoi lam.
N ma‑n kuri vwa fɔm
ye n daare chega ŋɔŋa.
4Wonnu telo na wae
te ke nɔɔna zonne to
mo n swoi se n ta‑n ŋɔɔne-te.
N yɔɔre n gane nɔɔna mo!
5Wɛ nam wó yɔɔre o chochoge nmo se ko ti.
O lage o zi‑m o ja o nwoŋi
n sɔŋɔ kom ne,
ye o daare o gɔ‑m o yage
se n daa yé taa ŋwe logo baŋa ne.
6Nɔn-ŋona maa wó na
kolo na to n baŋa ne to,
pa se ko so-ba dedɛ.
Ba laam wó ke wopwolo
ye ba ta we:
7“Nii-na nɔn-kamunu konto!
O wo sɛ se Wɛ taa ye o dalem jei.
O nam kwei o chega maama
o pa o jejegero tem mo.
O teena maa wo
o keim-lwanno tem baŋa ne.”
8Amo kugu jei nam wo
Wɛ wara-jei sem ne,
ne Olivi tio na tei ko tete tei
mare-mare to mo.
A ta wó taa sale Wɛ swono kom
baŋa ne mo taa wuu.
9Amo Tu Wɛ, a wó taa tei‑m taa wuu
dedaane n na ke kolo to.
Amo teena wó taa wo
n yere dem baŋa ne,
de na yɔɔre de lana to ŋwaane.
A wó taa tei‑m
n tete nɔɔna bam yiga ne.",https://www.bible.com/bible/3661/PSA.52.KBG
LEI 53,"N bá‑n wane n gwooni Baŋa Wɛ
David déem pane leiŋa kanto.
1Nɔn-jworru yeini ba tɛ
ba bochare ne we, “Wɛ tera.”
Ba maama yɔɔre ba chɔge mo
ga zɔŋ-zɔŋ.
Ba totoŋa de maa tiini ya tusi dedɛ.
Nɔɔn-nɔɔno tera ba wone
o na tɔge chwo-laao.
2Wɛ ma zege o telaao sɔŋɔ kom ne
o tiiri o nii nabiina,
se o lɔre ba wolo jege swa
ye o tɔge Wɛ.
3Ba maama ywori Wɛ chwoŋa wone,
ye ba boboŋa yɔɔre ya chɔge mo
ga zɔŋ-zɔŋ.
Nɔɔn-nɔɔno nam tera ba wone
o na tɔge chwo-laao,
de dedoa de.
4Wo-lwanno keira bá sɛ
se ba zamese swa na?
Ba jege a nɔɔna bam mo ba chɔga
nenɛɛne ko ye wodiu mo ba di.
Ba nam ba bwoŋi Wɛ yere ba zuli‑o.
5Nii-ba mo!
Kolokolo tera ko na fugi-ba,
ye foone ta tiini de jege-ba.
Ko ná ye á dona balo na tu
á baŋa ne to,
Wɛ lage o chɔge-ba mo
o jage ba kwi sem.
Á maa wó pa ba di ba chaveera,
Wɛ na ve-ba to ŋwaane.
6Amo nam wó lwoori Wɛ
se o zege Zion ne
o ba o vere Isarele tiina bam.
Wɛ ná seene o pa o nɔɔna bam
jwoori ba zege de dam,
Isarele tiina na ye Jakob dwi dem to
wó taa chaka de wopwolo!",https://www.bible.com/bible/3661/PSA.53.KBG
LEI 54,"Wɛ ye amo zeinnu
David déem pane leiŋa kanto maŋa kalo Zifi tiina na vei Pɛ Sɔɔl tei ba ta ba bere‑o we, “David tu o seigi o tete debam tetare ne” to.
1Amo Tu Wɛ,
tɔge n yere dem baŋa
n jwoŋi-ne n yage.
Da n dam dem ŋwaane
n pa a na a bora.
2A Tu Wɛ, cheigi a wɛ-lworo kom,
se n daare n sɛ a ni taane dem.
3Kokuri to, veira mo zaŋe a baŋa ne.
Nankɔ-nyena bam konto
lage se ba ti a ŋwea,
ba yiga na tera Wɛ wone to ŋwaane.
4Nii-na! Wɛ mo ye amo zeinnu.
A Teiru Wɛ mo teili-ne
se a yé to tega ne.
5Wɛ wó pa se a dona bam
lwarem kikia jwoori
ya to ba yuu ne.
Wɛ, da n chega kam ŋwaane
n chɔge-ba n ti.
6Amo wó ja a wo-ywoŋo pɛɛra mo a ba
a ma a ke kaanem a pa‑m.
Baŋa Wɛ, a ta wó tei nmo yere,
de na yɔɔre de lana to ŋwaane.
7Chega to, Wɛ seene o liiri-ne
cham maama wone,
pa se a wane a dona bam a di.",https://www.bible.com/bible/3661/PSA.54.KBG
LEI 55,"David wɛ-lworo
1Amo Tu Wɛ,
cheigi a wɛ-lworo kom.
A na ŋwane n yiga ne to,
yé seigi n tete a tei ne.
2Nam pa n yiga taa wo a wone
se n daare n leiri-ne,
a cham dem na pɛ se
a yera chɛ to ŋwaane.
3A boboŋa vugimi de a dona bam
na jege-ne ba baga tei to.
Ba nye baare mo a baŋa ne
pa se lɛɛro tiini te yi-ne.
Ba maa yɔɔre ba chuli-ne
de ban-lom dedɛ.
4A wo kom maama chɔɔre mo.
A maa tiini a kɔre foone
de toone na lage de zi-ne lela tei to.
5Lwia de foone yɔɔre ya jege-ne
pa se a yera sae pɔm-pɔm.
6A maa we, “Wɛ ya ná pɛ
se a puli vɔna mo tento,
a ya wó jaane mo
nenɛɛne kunkwoŋa dwoŋi to
a vo yiga yiga se a wane a lu.”
7Tento a ya wó jaane a vo
a yi dáa dáa
se a na jeiga kagoa yuu ne se a sii.
8A ya wó ke lela a na seigim jei
se a dale,
se a dona bam vo-dɛɔ konto
daa yé wane-ne ko daane.
9Amo Teiru Wɛ, pa se vuvuga to
a dona bam tetare ne!
Ja ba bana yam n jage n yage!
Kikia yalo a na yeini a na
teo kom ne to
mo ye nankɔɔre de bobɔga yerane.
10Kikia yanto yeini ya kaare teo kom
ya vei ko kabiri sem baŋa ne
wea de tete maama ne.
Puseŋa de lwarem kikia
de maa su teo kom wo,
11ye chɔgem daga dedɛ.
Kalipera de ganem yɔɔre ya wora mo
ko yaga kam ne.
12Ko nam dae a dono mo jege-ne
o twea.
Ko ya ná ye konto,
a ya wó wane a taa cho a tete.
Ko ya ná ye a dono mo bere o tete a baŋa ne,
a ya wó wane a lɔŋe‑o.
13Se ko ye nmo wolo na ye
a yuudwoŋi to mo ke konto.
Nmo ye a badwoŋ-ywoŋo
ye dé me daane.
14Dé déem yeini dé lare daane
dé di ywoni.
Dé maa tɔge daane
de Wɛ kɔgɔ kom maama
dé beeri Wɛ wara-jei sem ne.
15Nam pa se toone pɔpɔ de ja
a dona bam!
Pa se ba vo churu lela
ŋweene ŋweene.
Kokuri to, lwarem yerane mo su
ba sam de ba bochara.
16Amo nam wó keeri a jare Wɛ mo.
Baŋa Wɛ wó jwoŋi-ne o yage.
17Dɛ maama wone, zezeŋa de wea,
de dedaan-ni ne mo
a yeini a ŋwane Wɛ yiga ne
de keira dedɛ.
Wɛ de ma yeini o cheigi
a wɛ-lworo kom.
18Nɔɔna dedɛ chuli-ne,
ye Wɛ liiri-ne o ja o nwoŋi
jara yam wone
se a wane a na yazura.
19Wɛ mo ye wolo na maŋe
o di paare faŋa faŋa to.
Wonto nam wó sɛ a lworo kom
ye o daare o waare a dona bam.
Kokuri to, banto ba sɛ
se ba leiri ba boboŋa.
Ba maa ba kɔre Wɛ.
20Amo yuudwoŋi wom zaŋe
o dwonna bam baŋa ne.
O ma yiri ni delo o na ke de-ba to.
21O yeini o ŋɔɔne ni-som ŋɔŋa
ye chɔgem boboŋa wo o yuu ne.
O ni taane swola nenɛɛne nuga to,
ye de maama laam za ke nɔɔna zonne mo
ne se-zɔɔro na ke nɔɔna zonne tei to.
22Nmo na jege lwia yalo maama to,
se n kwei-ya n pa Baŋa Wɛ,
se wonto mo wó pa‑m dam.
O bá sɛ se nɔn-ŋona tiri
ba to tega ne.
23Amo Tu Wɛ, nmo nam wó ja
puseŋ-nyena banto
n dole n yage gwoŋo kolo
na luuna to wone
se ba yera pɔ.
Ba na ye nɔn-gora de vwa-fɔra to,
n lage n pa ba te mo
ye ba ta ye nɔn-donno.
Amo tete nam wó kwei a teena mo
a daŋe nmo wone.",https://www.bible.com/bible/3661/PSA.55.KBG
LEI 56,"Ke n wo-dedoa dedaane Baŋa Wɛ
David déem pane leiŋa kanto maŋa kalo Filisi tiina na jaane‑o Gafa teo wone to.
1Amo Tu Wɛ, duri amo ŋwaŋa.
A dona mo zaŋe a baŋa ne
ye ba bɛɛse-ne dɛ dem maama wone.
2Ba maa nɔna a baŋa ne
maŋa maama,
ye ba dedɛ mo bere ba tete
ba jaŋe de-ne.
3Foone nam ná yeini de ja-ne,
a daa ta wó ke a wo-dedoa de nmo.
4A Tu Wɛ, a lage a tei nmo,
de ni delo n na tiŋi to.
A seene a ke a wo-dedoa de Wɛ.
Mo kokuri a daa bá taa kɔre foone.
Nabiina daa bá wane
ba ke amo kolokolo.
5Dɛ dem maama wone to,
ba jege-ne ba daana.
Ba boboŋa maama maa ye
se ba ke-ne lwarem.
6Ba tiŋi yi mo ba yere
a na-veili maama,
ye ba lage chwoŋa mo
se ba ma zi-ne.
Ba maa teene we
ba wó na laŋa ba go-ne.
7Ba na yɔɔre ba toŋe lwarem to,
nmo wó pa-ba chwoŋa
se ba lu na?
Amo Tu Wɛ, nam pa n bane zaŋe
de nɔɔna bam,
pa se ba na chɔgem.
8Ko ná ye lwia yalo na yeini
ya daane-ne to,
n jeeli ya maama.
N ta ma‑n la a yi-na bam
n ke kunkwolo wone
se n lɔre a na keeri tei maama.
N popone ya maama n tiŋi
n tɔnɔ kom ne.
9Dɛ dem a na wó bwoŋi Wɛ yere
se o ba o zeini-ne to,
a dona bam laam wó tutwoni
ba jwoori kwaga.
Konto maa pae se a yei we,
Wɛ mo zege a kwaga ne.
10A lage a tei Wɛ mo
de ni delo o na tiŋi to.
Chega to, a wó taa tei Baŋa Wɛ
o ni taane dem ŋwaane.
11A seene a ke a wo-dedoa de Wɛ.
Mo kokuri a daa bá taa kɔre foone.
Nabiina daa bá wane
ba ke amo kolokolo.
12Amo Tu Wɛ, a jege se a tɔge
ni delo a na dugi dede‑m to.
A maa wó ja lei-keim pɛɛra
a ba a pa‑m.
13Kokuri to, nmo mo kwoli-ne
pa a wo tege.
N ta ma‑n che-ne
pa a wo to tega ne.
N ke konto se a taa wae a vei
Wɛ chwoŋa wone
ye ŋwea pwooni wo a tei ne.",https://www.bible.com/bible/3661/PSA.56.KBG
LEI 57,"Wɛ-lworo zeinim ŋwaane
David déem pane leiŋa kanto maŋa kalo o na duri o seigi peo bɔɔne wone se Sɔɔl yé ja‑o to.
1Amo Tu Wɛ, duri a ŋwaŋa.
Popo, se n duri a ŋwaŋa.
A tu nmo tei mo se a seigi a tete.
Pa se a vwɛ n woro kom wone,
ne nmo na yarege n vɔna
n kwoli-ne tei to,
se lɛɛro tem maama kɛ.
2A lage a keeri a jare
Yuu-tu Baŋa Wɛ wom mo.
Wonto maa ye wolo
na zege a kwaga ne to.
3Wɛ wó zege o telaao ne
o toŋe zeina a ŋwaane
ye o daare o jwoŋi-ne o yage.
Ko nam ná ye balo na zaŋe
a baŋa ne to,
Wɛ wó waare-ba.
Wɛ wó pa se o swono kom yi-ne,
o na zege o chega kam wone to ŋwaane.
4A dona bam gilimi-ne
nenɛɛne a na tigi
nywonnu tetare ne
ye te lage se te tore
nabiina ya-nɔna tei to mo.
Nɔɔna bam konto yeila nye nenɛɛne chichwoa de che-tɛɛra mo.
Ba dindeilima maa nye de se-zɔɔro
telo na tiini te jege ni to.
5Amo Tu Wɛ, pa n yere zaŋe
wɛyuu maama ne!
Ta pa se n nenɔŋ-fɔrɔ taa nae
logo baŋa jei maama ne!
6A dona bam tiŋi kalanchogo mo
se ba ja-ne.
A vɔna ma pare
wo-chechɔgɔ ŋwaane.
Ba ta ma ko gwoŋo
se a to ko wone,
ye ba tete mo jwoori ba to ko wone.
7Amo Tu Wɛ, a wo kom yɔɔre
ko da nmo mo.
Chega to, a ke a wo-dedoa dede‑m.
Konto to, a lage a leeni lei a seini‑m.
8A wó ke a tete mo daane
a zaŋe wɛɛne!
A laam wó kwei kwanno dwi dwi
a ta pa se te kwori zaŋe.
Tega ná poore,
a wó zaŋe lela a leeni lei!
9A Teiru Wɛ, a wó ke nmo lei
nɔɔna bam maama yiga ne.
A ta wó leeni lei a seini‑m
logo baŋa dwi tiina maama wone.
10N swono kom wora mo taa,
ye ko geene ko di wɛyuu.
Nmo na yɔɔre n zege
n chega wone tei to
mo tiini ko yala
ko gaale kunkwonnu tem.
11Amo Tu Wɛ, pa n yere zaŋe
wɛyuu baŋa maama ne!
Ta pa se n nenɔŋ-fɔrɔ taa nae
dɔŋɔ ni maama ne!",https://www.bible.com/bible/3661/PSA.57.KBG
LEI 58,"Baŋa Wɛ wó di nabiina maama taane
David déem pane leiŋa kanto.
1Abam balo na ye dedɛɛra to,
á yeini á tɔge chega
de á na di nɔɔna taane tei to na?
Á wó sɛ á bore chega bora
á pa nabiina na?
2Aawo! Tusim kikia yerane mo
á boŋe ya boboŋa.
Á na toŋe tei to pae se nankɔɔre
sui tega kam baŋa maama.
3Puseŋ-nyena bam yeini ba tusi mo
ko zege ba lora maŋa ne.
Ba loge-ba dedaane ba maŋe
ba ywori chwoŋa wone mo
ye ba kare ba fɔe vwa.
4Ba ni taane tiini de chana,
ne basankwea vea na ye tei to mo.
Ba ma se ba zwa se ba yé cheigi,
ne kapaa de na ke tei to.
5Ka ba sɛ se ka cheigi liri-mwa tiina
balo na kwaane se ba ja-ka to,
de ba ná maŋe ba ke swa tei maama.
6Amo Tu Wɛ, nam bwori
a dona bam yeila,
ba na nye de nywon-pɔle
na lage se se tore-ne to ŋwaane.
Baŋa Wɛ, guri ba yeila yam n yage!
7Pa se ba we nenɛɛne na
na lwogi ba ke tega ne tei to.
Ba ná tage ba chena yam,
pa se ya taa ba jege ni se ya zɔ.
8Ta pa se ba taa nye nenɛɛne
kunkwora na yeini ya ko
ya daare ya kwogila yerane tei to,
se ba ta taa nye de
bu-toa balo ba na loga
ye ba bá fɔge ba na wea pwooni to.
9Wɛ wó ke lela o saare-ba o yage,
ba nɔn-donno dedaane
ba nɔn-kwe maama,
pa se ba jei lela
ba dwoni kambia na lone lela
mini ne tei to.
10Nɔn-ŋona wo wó pwoli
nenɛɛne puseŋ-nyena bam ná nɛ
waarem delo na maŋe de-ba to.
Ba ta wó vo ba zare ba nɛ
de puseŋ-nyena jana bam.
11Nɔɔna laam maa wó ta ba we,
“Nii-na nɔn-ŋona bam
na nɛ nyɔɔre tei to.
Chega ŋwaane to, Wɛ wora
ye o bore chega bora
logo baŋa ne.”",https://www.bible.com/bible/3661/PSA.58.KBG
LEI 59,"Wɛ-lworo
David déem pane leiŋa kanto maŋa kalo Pɛ Sɔɔl na toŋe nɔɔna se ba yere David sɔŋɔ kom, se ba daare ba go‑o to.
1Amo Tu Wɛ, jwoŋi-ne
a dona bam jeŋa ne n yage!
Ta‑n cho-ne,
se balo na zege amo zega to
yé wane-ne.
2Jwoŋi-ne balo na toŋe lwarem to
jeŋa ne,
dedaane nɔn-gora de jeŋa ne.
3Nii mo! Ba dale gugworru wone mo ba cheiga,
se ba laam nwoŋi ba zi-ne ba go.
Nankɔ-nyena bam konto boŋe
se ba ke-ne zonne mo.
Baŋa Wɛ, ko nam dae we
a ke woŋo a chɔge ba yiga.
4Ba ma seene ba yia
ba duri se ba ja-ne,
ye ko dae amo mo tusi
de fenfee de.
Konto to, zaŋe wɛɛne
se n ba n zeini-ne.
Nii n na ba na ke-ne tei to.
5Paŋwa Tu Baŋa Wɛ,
nmo mo ye debam Isarele tiina Wɛ wom.
Zaŋe wɛɛne se n waare
dwi-gɛ tiina bam.
Ko ná ye nɔn-ŋollo tem konto
na toŋe lwarem to,
yé duri ba yibwona kɔtaa!
6Tete ne mo a dona bam yeini
ba jwoori ywo-seeni.
Ba maa kare teo kom maama wone
ye ba wia ne kukuri tei to.
7Ta‑n cheigi ba na ŋɔɔne
boyerem ŋɔŋa tei to!
Ba ni taane dem yeini
de chɔge nɔɔna,
nenɛɛne se-zɔɔro na ke nɔɔna zonne tei to.
Ba maa boŋe we,
“Nɔɔn-nɔɔno bá wane o ni dé ŋɔŋa.”
8 Baŋa Wɛ, nmo nam jege-ba mo
n mɔna.
N jege dwi-gɛ tiina bam maama
mo n gweela.
9Amo Tu Wɛ, nmo mo jege dam
se n kwoli-ne.
Amo wó kwoni a nii nmo mo,
n na ye a dalem jei to ŋwaane.
10A Tu Wɛ wom wó ba
o jwoŋi-ne o yage,
o na jege a swono taa wuu to ŋwaane.
O ta wó pa se a wane a dona bam
a di.
11Dé Teiru Wɛ, yé gare n go-ba lela,
se a nɔɔna bam gare ba swei
ba swia.
Nam ma n dam-fɔrɔ kom
n pa ba taa beeri yɔɔ yerane,
se n laam daare n pa ba to tega ne.
Nmo Wɛ yeini n cho debam,
ne jara nantana na kwoli nɔɔna
jara wone tei to mo.
12Ba ni-wɛɛle ye tusim yerane mo.
Konto to, pa se ba na jege fia tei to de-ba tega ne.
Ba ta yeini ba sɔɔle lwarem,
ye ba fɔe vwa.
13Konto ŋwaane,
tɔge n ban-lom dem baŋa
n chɔge-ba fase, pa se ba jei.
Konto mo wó pa se logo baŋa
jei maama nɔɔna lɔre we,
Wɛ mo seene o nii debam Jakob dwi dem baŋa ne.
14Tete ne mo a dona bam yeini
ba jwoori ywo-seeni.
Ba maa kare teo kom maama wone
ye ba wia ne kukuri tei to.
15Ba maa yeini ba kare
ba beeri wodiiru se ba di.
Ba ná wo di ba su,
ba wó taa suura mo.
16Ko nam ná ye amo, a lage a leeni
a seini‑m n dam dem ŋwaane mo.
Zezeŋa maama ne mo,
a ta wó leeni de kwor-dɛa
n na jege a swono taa wuu to ŋwaane.
Kokuri to, nmo mo ye a dalem jei
mɛ a na wó wane a vo a kwoli a tete
a cham maŋa ne to.
17Amo Tu Wɛ, nmo mo jege dam
se n kwoli-ne.
A wó taa leeni lei mo a seini‑m.
Kokuri to, nmo mo ye a dalem jei.
Nmo ye amo Tu Wɛ wom
na jege a swono taa wuu to.",https://www.bible.com/bible/3661/PSA.59.KBG
LEI 60,"Wɛ yerane wó wane dé dona o di
David déem pane leiŋa kanto maŋa kalo o na ke jara de Aram tiina badwonna, ye o jar-keira bam yiga tu Joaba pipiri o zaŋe Edom jar-keira morro fuga-telei (12,000) baŋa ne o go-ba Yɛ bwolo kom ne to.
1Debam Tu Wɛ,
n nwoŋi debam kwaga ne,
ye n daare n chɔge dé dam.
N bane ya mo zaŋe
debam baŋa ne.
Laam nam pa dé dam jwoori
de taa wora.
2Nmo mo sugi debam tega kam
pa ka ziziŋi,
ye n daare n pa se ka bɔke belei.
Nam jwoori n kwoni lolwe sem,
se tega kam daa yé taa ziziŋa.
3Nmo pɛ se cham yi debam
balo na ye n nɔɔna bam to,
pa ko ni debam dedɛ.
Ko nye nenɛɛne n na pɛ debam sana pa dé nyɔ
ye dé laam beiri tei to.
4Ko nam ná ye balo na kɔre nmo to,
n zeiŋi tuta mo n pa-ba,
se ba wane ba duri ba vo da
se jara yam yé yi-ba.
5Popo, leiri dé wɛ-lworo kom.
Kwei n dam-fɔrɔ kom
n ma n jwoŋi debam n yage.
Konto to, n nɔn-swonnu tem
wó taa tei ba tete.
6Wɛ zege o tete diga kam ne mo o we:
“Amo wó bere a dam jaja
a chɛ chɛ Sɛkɛm laŋa kam,
ye a daare a maŋe Sukofa bwolo kom
a pɔɔre a pa a nɔɔna bam.
7Gilead laŋa kam ye amo nyem,
ko ta woli de Manasɛ laŋa kam de.
Efrayim maa nye de
a yu-gwoŋo kom.
Judah de maa nye de
a paare nacheiga kam.
8Ko ná ye Moaba laŋa kam,
dáane mo a lage a taa sane
a je sem.
A ta lage a dole a natere
Edom teo kom seeni mo,
se ko bere we a tei-ko.
A kwora maa wó bage ka yage
Filisi tiina bam seeni,
a na wane-ba a di to ŋwaane.”
9Wɔ nam mo wó ja amo o vo
teo kolo na lɔge ko pe to wone?
Wɔ mo wó ja-ne o vo
o yi Edom teo kom?
10Debam Tu Wɛ, nmo nam nwoŋi
dé kwaga ne mo na?
Dé ná nwoŋi se dé kwaare jara,
n daa‑n bá‑n tɔge dé yiga
se dé vo na?
11Ja, woli debam
se dé wane dé dona bam,
se nabiina na jege wolim delo to maama ba jege kuri.
12Wɛ nam ná wo debam tei ne,
dé wó wane dé dona bam dé di.
Wonto wó nɔne-ba o meere
o pa debam.",https://www.bible.com/bible/3661/PSA.60.KBG
LEI 61,"David wɛ-lworo
1Amo Tu Wɛ,
cheigi a keira kam,
se n daare n sɛ a wɛ-lworo kom.
2A maa zege logo kom yiga yiga ne
ye a keeri a jare‑m.
Amo teena maama ti mo.
Nam da amo yiga se n ja-ne
n vo n yi peo kolo
na diini wɛyuu ko dwoi amo to,
se a na jeiŋa jei dáane.
3Kokuri to, nmo mo ye wolo
a na seigi n woro wone to.
N ma‑n ye a dalem jei na kwoli-ne
pa se a dona ware se ba yi-ne to.
4Sɛ se amo taa zoore n sɔŋɔ kom ne
taa wuu,
se a wane a vwɛ n woro kom wone,
ne nmo na yarege n vɔna
n kwoli-ne tei to.
5Kokuri to, amo Tu Wɛ,
nmo maŋe n ni a na dugi duuri
tei maama to.
N ta ma pa se a na nyɔɔre
ne ko na maŋe se n pa
balo na kɔre‑m to.
6Pa se Pɛ wom taa jege momwɛ-dɛɛre.
Sɛ se o taa ŋwe taa
se o na dwi dedɛ.
7Wɛ, pa chwoŋa
se o jeini o paare dem ne taa
ye n nii o baŋa ne.
Nmo na zege n chega wone to,
pa se n swono kom taa cho‑o
maŋa maama.
8Konto to, amo wó taa leeni
a seini n yere dem
ye a bá yage.
Dɛ maama wone, a ta wó taa ke
a sui kolo maama
a na dugi duuri we a wó ke to.",https://www.bible.com/bible/3661/PSA.61.KBG
LEI 62,"Pa n teena taa wo Wɛ baŋa ne
David déem pane leiŋa kanto.
1Amo wó peene mo a taa cheigi Wɛ se o zeini-ne,
se ko ye wonto yerane mo
wó wane-ne o jwoŋi o yage.
2Wonto yerane mo ye peo kolo
amo na sale ko yera ne to.
O ta maa ye amo vereno.
O kwori o ye amo dalem jei mo.
Nɔɔn-nɔɔno daa bá wane-ne o di.
3Abam maama wó ke chichuŋu
de nɔɔno dedoa taa
se á vo á maŋe yei ne mo?
Á lage se á mage‑o
á de tega ne mo na?
O nam nye de kabira
kalo na veele to mo.
4Á boboŋe dem maama ye
se á vaŋe‑o á de tega ne mo,
de o ya na wo wɛyuu ne tei to.
Á maa swoi vwa fɔm yerane.
Á yeini á ŋɔɔne ni-som ŋɔŋa mo,
ye á boboŋa maama ye
se á sɔɔle lwarem á pa‑o.
5Chega to, amo wó peene mo
a taa cheigi Wɛ se o zeini-ne.
Wonto yerane mo jege a teena.
6Wonto yerane mo ye peo kolo
amo na sale ko yera ne to.
O ta maa ye amo vereno.
O kwori o ye amo dalem jei mo.
Nɔɔn-nɔɔno daa bá wane-ne o di.
7Ko ye Wɛ mo pɛ a na verem
dedaane zula.
O maa ye peo-kamunu kolo
amo na dale da
pa se a seigi o woro wone to.
8A nɔɔna bam, ke-na á wo-dedoa
dedaane Wɛ maŋa maama wone.
Pa-na se o lɔre kolo maama
na daane á boboŋa to.
Wɛ mo ye dé dalem jei.
9Nabiina maama ye vio yerane mo,
nabwona de dedɛɛra maama de.
Nmo ya ná kwei-ba
n maŋe ba dunni,
n wó na we ba ba jege yuu.
Ba nam nye de weero telo
vio na kale ko ja jei to mo.
10Yé ma n dam n pini nɔɔna.
Ta yé ta‑n jege teera de wonnu telo
n na vere n dwonna tei ne to.
Nmo jejegero tem ná puli
pa se te daga tei maama,
ta‑n yei se n yé kwei n bochare
n feiri te baŋa ne.
11Amo nigi chega kuni belei
Wɛ tei ne.
Boboa tu mo ye we: Wɛ jege dam.
Kolo na woli da ko ke belei to
maa ye we:
12Nmo Baŋa Wɛ jege nabiina swono chekke.
Nmo yeini n ŋwe nɔɔno maama mo
se ko tɔge de o totoŋa
na ye tei maama to.",https://www.bible.com/bible/3661/PSA.62.KBG
LEI 63,"Wɛ swono kom daga
David déem pane leiŋa kanto maŋa kalo o na wo Judah kagoa kam wone to.
1Amo Tu Wɛ,
nmo seene n ye a Wɛ mo.
Nmo fera tiini ya zo-ne,
nenɛɛne na-nyɔm na jege-ne tei to.
Amo tiini a lage‑m de a wo maama,
ne te-kora na tiga ye na tera to.
2Amo na zo n wara-jei sem ne to,
a nɛ nmo de n dam dem maama,
ko woli de n nenɔŋ-fɔrɔ kom.
3Nmo na tiini n jege amo swono to,
ko gare ŋwea kam tete ko pa-ne.
Konto ŋwaane amo wó ma a ni dem a pa‑m zula.
4Amo ta na jege ŋwea to,
amo wó tei‑m.
Amo wó zeiŋi a jea a lwoori‑m.
5Amo bochare laam wó zuri,
nenɛɛne a na nɛ wodi-fɔrɔ
a di a su tei to.
A maa wó daare a leeni lei
a zuli‑m de wopwolo.
6Tete ne, amo ná yeini a peini se a dɔ,
a guli nmo gula mo maŋa maama,
ye a boŋe nmo boboŋa.
7Ko zege boboa ne,
nmo maŋe n ye amo zeinnu mo.
A maa vwɛ n woro kom wone.
Mo kokuri a leeni lei de wopwolo.
8Amo wó taa sale‑m mo,
se n ma n jazem dem
n ma‑n teili-ne.
9Balo dwi maama na beeri
se ba go-ne to,
nmo wó chɔge.
Banto wó te ba vo tega kuri kuri
ba daare amo.
10Jar-keira wó ma se-zɔɔro mo
ba go-ba.
Nywoŋ-kuri maa wó ja ba yera yam se di.
11Wɛ ŋwaane mo Pɛ wom nam
wó di ywoni lanyerane.
Balo maama na yeini ba pwooli
kampwoli Wɛ yere dem ŋwaane to wó zuli‑o.
Ko daare se vwa-fɔra dwi maama nia pu.",https://www.bible.com/bible/3661/PSA.63.KBG
LEI 64,"David wɛ-lworo kwolim ŋwaane
1Amo Tu Wɛ,
cheigi amo wɛ-lworo
de a na wo cham wone tei to.
Ta‑n cho-ne a dona bam tetare ne
de ba na fugi-ne tei to.
2Ta‑n kwoli-ne,
se puseŋ-nyena na bane daane
se ba chɔge-ne tei to
yé wane ko yi-ne.
Yé sɛ se wo-lwan-keira
zo kɔgɔ wone
ba ke lwarem a yuu ne.
3Banto dindeilima yam gwoni mo
fileim-fileim
nenɛɛne se-zɔɔro nia tei to.
Ba ni taane de maa zɔ nɔɔna
nenɛɛne che-tɛɛra tei to.
4Ba yeini ba vwɛ mo
ba pɔpɔ ba ta nɔn-laaro,
ye ba ba kɔre foone.
5Ba ke dam mo da-kuri ne
se ba yɔɔre ba ke lwarem
ne ba boboŋa na jaane
se ba ke tei to.
Ba bane daane mo se ba che zaana ba dwonna ŋwaane,
ye ba we, “Nɔɔn-nɔɔno ba nae
dé keina yam.”
6Ba ná jeini ba bane
keim-lwanno bana konto,
ba laam yeini ba ta mo we,
“Ko ye wo-laao mo dé bane.”
Chega to, nabiina bochare de ba boboŋa maama ba ŋwae kɔtaa.
7Wɛ nam mo wó kwei
o che-tɛɛra yam o ta-ba,
pa se ba pɔpɔ ba na zonne.
8Banto tete ni taane dem
mo lage de jwoori de di-ba,
pa se ba to tega ne.
Wolo maama ná nɛ-ba,
kotu yera wó taa sae.
9Nɔɔna maama laam maa
wó taa kɔre foone.
Ba ta wó tɔɔle Wɛ totoŋa yam tɔla,
ye ba daare ba ke o kikia yam
ba boboŋa ne.
10Nɔn-ŋona wó di ywoni mo
Baŋa Wɛ ŋwaane.
Wonto wone mo ba wó na ba woro.
Balo na yɔɔre chwo-laao wone to
wó taa jege teera
de Baŋa Wɛ na ke kolo to.",https://www.bible.com/bible/3661/PSA.64.KBG
LEI 65,"Debam teena wo Wɛ tei ne
David déem pane leiŋa kanto.
1Debam Tu Wɛ,
ko maŋe se dé taa tei‑m
Zion teo kom wone mo.
Dé wó seene dé ke kolo maama
dé na pwooli se dé ke dé pa‑m to.
2Nmo mo ye wolo
na cheigi debam wara to mo.
Tega baŋa nɔɔna maama
wó ba nmo tei se ba zuli‑m.
3Debam wɛleera yam daga
ya dwoi dé jaanem,
ye nmo ta kwei dé tusim kikia yam,
n yage n ma n chɛ debam.
4Balo maama nmo na kuri
se ba ba ba taa zoore
nmo wara-jei sem wone to,
banto jege yu-ywoŋo!
Debam yi wó su dedaane wo-laaro
telo na wo n di-laao kom ne to.
Dé wó na zaane
nmo tete sɔŋɔ kom ne.
5Debam Tu Wɛ,
nmo mo ye debam Vereno.
Nmo yeini n sɛ dé wɛ-lworo kom,
ye n toŋe totoŋa yalo
na ke debam yaau to,
se n ma‑n vere debam.
Logo baŋa nɔɔna maama teena
wo nmo tei ne mo,
ko ta woli de balo na kare
naneero tem ne ba vei to.
6N tɔge n dam dem baŋa ne mo,
n chwi peero tem
n zege vili-vili.
Ko maa bere n dam dem
na tiini de daga tei to.
7Naneero tem na wuuri tei
ye na-ŋone sem pɔgele dedɛ to,
n pɛ se na-fwaaro tem maama
ke ziim mo.
Logo baŋa teene dem de na ke sɔɔ to,
n pɛ se de ye chemm mo.
8Balo na zoore logo baŋa
gugworru ne yiga yiga to
laam fona mo de wo-kenkagela
yalo n na ke to.
Ko na zege wɛ-puli seeni
se ko taa vei wɛ-zoore seeni to
nabiina maama wó taa leeni
wopwolo lei nmo ŋwaane.
9Nmo yiga wo tega kam wone
ye n yeini n pa doa nene
ka baŋa ne,
pa se ka ywomma lanyerane.
Nmo bwi sem su se wɛɛle.
Se na bam maa pa se
tega kam ke wodiiru dedɛ
ka pa nɔɔna bam.
Nmo na yeini n toŋe tei to
mo konto.
10Nmo ma‑n pa doa yeini
ka bugi te-kora kam.
Do-mimina kam maa yeini
ka zuri tega kam.
Nmo ma‑n tɔge konto baŋa ne
n pa pwola se wodiiru wane
te ke lanyerane.
11Faao ná yeini ko yi
bene maama wone,
nmo pa se wodiiru ye mo
kɛɛla kɛɛla.
Chwei selo maama
n na tɔge da n kɛ to,
wodiiru tem gaale mo.
12Kapwoli sem maama laam
yerege mo dedaane ga-lɛɛro.
Peero tem jei maama
de maa jege wo-laaro,
pa se ywoni wora ko ja gaale.
13Vara mo su pwoli sem maama.
Mena de maa li bwollu tem.
Ko daare ye jei sem maama
leeni de kwor-dɛa,
wopwolo na wora to ŋwaane.",https://www.bible.com/bible/3661/PSA.65.KBG
LEI 66,"Tei-na Baŋa Wɛ!
1Nabiina maama,
yeeri-na de wopwolo sɔɔ
á ma‑á tei Wɛ.
2Leeni-na á zuli
o yere-kamunu kom.
Seini-na o nenɔŋ-fɔrɔ kom
se á ma‑á tei‑o.
3Ta-na á bere Wɛ we:
“Nmo tiini n toŋe wo-kenkagela naa!
N dam dem de tiini de daga
de gaale,
pa se n dona maama kɔre foone
ye ba sɛ ba pa‑m.
4Nabiina maama tiiri tega ne mo
ba zuli‑m.
Ba maama leeni ba seini‑m.
N yere dem mo ba leeni
ba seini-de.”
5Ba-na á nii á na
Wɛ na ke kolo maama to.
O yɔɔre o ke wo-kenkagela mo
o pa nabiina.
6O déem pɛ se naneo kom ji te-kora.
Dé nabaara bam déem tɔge
buga kam wo de ba nɛ ba bɛ.
Pa-na se dé ke wopwolo
o keina yam konto ŋwaane.
7Wɛ jege dam mo o ma
o di o paare taa wuu.
O yia maa dole ya nii
logo baŋa teene dem maama.
Nankɔ-nyena nam yé bere ba tete
o yiga ne.
8Logo baŋa dwi tiina maama,
seini-na debam Tu Wɛ wom.
Bage-na o tia yam á yage wɛ-wɛ!
9Wonto mo yeini o cho dé ŋwea kam.
O maa wo pɛ pwola
se dé tiri dé to tega ne.
10Dé Tu Wɛ, nmo mo faŋe debam n nii.
Nmo ta pɛ se
dé fɔge dé kwɛ chekke,
ne ba na kwɛ lu-nyenno tei to.
11N jaane debam n zo
kalanchogo wone,
ye n daare n pa se cham
jege debam de daana.
12Nmo pɛ dé dona bam pwola
pa ba jege debam ba nɔna.
Dé ma tɔge mini wone
dedaane na-fɔrɔ wone dé kɛ.
Nmo laam ma‑n pa dé vo dé jeini
jei selo na ye falalala to ne.
13Amo laam nam wó ja pɛɛra mo
a zo n diga kam wone
a ma ke zwɛɛm kaanem a pa‑m.
A ta wó ke a su a na dugi duuri
se a ke kolo a pa‑m to.
14Amo cham maŋa kam ne mo
a déem puri a ni
a du duuri dem konto.
15Amo laam lage a kwei vara
balo na nugi bigila-bigila to,
a ma a ke zwɛɛm kaanem a pa‑m.
A maa wó zwɛ pi-bale se se lwom taa ywomma nmo tei ne.
A ta wó kwei nabɛ de bo-bwaalo mo a ke kaanem.
16Abam balo maama na kɔre Wɛ to,
ba-na á cheigi woŋo.
Amo laam wó lwoni
woŋo kolo maama Wɛ na ke
o pa-ne to a bere abam.
17A ya keeri mo a jare Wɛ
se o woli-ne.
A ma puri a ni a tei‑o.
18Amo fera ya ná wo
lwarem kikia wone,
a Teiru Wɛ wom ya bá sɛ
o cheigi-ne.
19Wɛ nam seene o ni a kwora kam
ye o daare o cheigi
a wɛ-lworo kom.
20Wɛ maŋe de tia.
A na lwoori‑o to, o wo ve-ne.
O ta wo dɔne o swono kom
o daare-ne.",https://www.bible.com/bible/3661/PSA.66.KBG
LEI 67,"Lei keim leiŋa
1Debam Tu Wɛ,
ta‑n duri debam yibwona,
se n zaane taa wo dé yuu ne!
Pa n yibia jeeri debam seeni.
2Pa pwola se logo baŋa nɔɔna maama lɔre n chwei sem.
Sɛ se teene dem maama nɔn-bia bam
taa yei nmo na jege dam
se n vere-ba n yage tei to.
3Dé Tu Wɛ, pa se dwi maama tiina
taa tei‑m!
Sɛ se nabiina jei maama ne to
de yeini ba taa zuli‑m!
4Pa se logo baŋa teene dem maama
di ywoni ye ba leeni wopwolo lei,
nmo na yeini n tɔge chega
n nii ba baŋa ne,
ye n bere-ba chwo-laaro
se ba taa tɔge to ŋwaane.
5Dé Tu Wɛ, pa se dwi maama tiina
taa tei‑m!
Sɛ se nabiina jei maama ne to
de yeini ba taa zuli‑m!
6Tega kam ke wodiiru lanyerane.
Dé Tu Wɛ seene o ke zaane
debam yuu ne!
7Chega ŋwaane to,
Wɛ swɛ debam swolim.
Ko jege se tega baŋa nabiina maama taa kɔre‑o mo.",https://www.bible.com/bible/3661/PSA.67.KBG
LEI 68,"Baŋa Wɛ wó wane o dona bam
David déem pane leiŋa kanto.
1Wɛ lage o zaŋe
o zege wɛɛne mo,
pa se o dona bam jage sae!
Balo na chuli Wɛ to wó duri
se ba lu o yiga ne.
2O lage o zeili-ba mo pa ba jei,
nenɛɛne vio na fuli nyoa tei
ye ka jei to.
Puseŋ-nyena maa wó saare
Wɛ yiga ne
ne maaro na nyeene mini wone
tei to.
3Ko nam ná ye nɔn-ŋona,
banto wó zege Wɛ yiga ne mo
ba di ywoni,
ye ba chake de wopwolo.
4Leeni-na lei se á tei Wɛ,
se á daare á seini o yere dem.
O yere mo ye Baŋa Wɛ.
O maa yeini o dɔge
kunkwonnu baŋa ne o via.
Zuli-o-na se á di ywoni o tei ne!
5O ye botara dwi maama kwo mo.
O daa ta maa zege kadeina
dwi maama kwaga ne.
Dé Tu Wɛ mo konto,
o na zoore jei selo
na ye wose to wone.
6O maa pae balo na ye ba yerane to nae dwi.
O ta maa yeini o pore peena o yaga
pa se ba na zurim ba ŋwea wone.
Ko daare nankɔ-nyena
wó taa zoore kagoa yuu
mɛ na na tera to wone mo.
7Dé Tu Wɛ, nmo déem nwoŋi
n tɔge n nɔɔna bam yiga
n ja-ba n bɛ kagoa kam.
8Maŋa kam konto ne,
tega kam déem ziziŋi mo,
ye doa de tiini ka ne chaa-chaa.
Ko maa ye nmo Wɛ yiga ne mo
ko ke konto.
Nmo ye Sinayi peo baŋa Wɛ wom mo,
ye n ta ye Isarele tiina bam Wɛ.
9Dé Tu Wɛ, n ta ma pa se doa nena
n tete tega kam baŋa ne.
Ka na jigi kapwor-pwoŋa to,
n pɛ se ka jwoori ka zura.
10N tete nɔn-kɔgɔ kom tu
ba jeini ka baŋa ne.
Nmo tɔge n zaane dem baŋa ne mo
n pa se yiniga tiina laam jega.
11Dé Teiru Wɛ wom tɔɔle o kwora mo,
ye kaana kɔgɔ kɔgɔ de pa
se ka jage jei maama ne.
12Ba maa we:
“Pwa de ba jar-keira bam
duri lela mo se ba lu.”
Ka-yorro tem de ma pɔɔre jejegero
telo banto na viiri ba daare to.
13Abam balo de na maŋe kwaga ne
ye á yere pei sem to,
á nɛ kunkwona nyenyero telo
ba na mɛ lu-nyenno ba kwoli
ye ya vɔna yam de ye sabu-seŋa mo ba mɛ ba kwoli-ya to.
14Dam-fɔrɔ Tu Wɛ wom na pɛ
se pwa bam jage sae konto to,
ko nye de do-kandwa mo nege
Zalemon peo kom yuu ne.
15Basan peero tem jege nenɔŋa dedɛ.
Te maa diini te yi wɛyuu baŋa baŋa.
16Pe-kamunnu tem, bɛ mo ye
á nii Wɛ tete peo kom
á gwooni-ko konto?
Wɛ kuri peo kom konto
se o di o paare dáane.
Dáane mo Baŋa Wɛ wó taa zoore
taa wuu.
17Dé Teiru Wɛ wom maa jege sisei-torokooro morro kuni morro dedɛ.
O déem tɔge de-te
o zege Sinayi peo kom ne mo
o ba o zo o wara-jei sem ne.
18O na diini wɛyuu konto to,
o kale o dona bam
o na wane-ba to o ja vo.
O ma daare o jwoŋi pɛɛra
nɔɔna tei ne,
de ba ná maŋe
ba ye nankɔ-nyena mo de.
Konto to, Yuu-tu Baŋa Wɛ
laam wó taa zoore dáane.
19Pa-na dé taa tei dé Teiru Wɛ wom,
de o na teili debam
dɛ de ni too wone tei to.
O maa ye wolo na vere debam
o yage to.
20Debam Teiru Baŋa Wɛ wom
jwoŋi nɔɔna mo o yaga.
O maa yeini o cho debam
se toone yé wane debam de ja.
21Ko nam ná ye Wɛ dona bam,
o lage o lɔ ba yuni mo.
O ta wó chochoge ba yu-kwoli,
ba na swoi tusim kikia tei to ŋwaane.
22Dé Teiru Wɛ wom maa we:
“Amo wó ja a dona bam mo
a pa ba zege Basan seeni
ba jwoori ba ba.
Ba ta ná maŋe ba wo
naneo kom kuri kuri ne de,
amo ta wó ja-ba a nwoŋi.
23Konto wó pa abam chwoŋa
se á ma ba jana bam
á ma‑á zare á nɛ.
Á kukuri sem tete wó deilimi
a dona yera yam,
ye ba di ba na lage tei to bu su.”
24Amo Tu Wɛ, nmo mo ye amo Pɛ.
Nɔɔna laam nae
nmo kwaga kɔgɔ kom na twoŋi gena
ba maa vei n wara-jei sem to.
25Lein-leena mo wo kɔgɔ kom yiga ne.
Wo-magena de ma saŋe ba kwaga.
Bukɔ-pwoli maa wo ba tetare ne
ye ba jege senyɛ ba wɔe.
26Ba maa leeni ba we:
“Pa-na dé kɔgɔ kom maama
taa tei Baŋa Wɛ!
Isarele dwi tiina maama,
zuli-o-na!”
27Nii-na, Benjamin dwi dem
na muri to mo
wo ba maama yiga ne.
Judah dwi dem nakwa
de ba kɔgɔ kom maama
maa tɔge ba wora,
ko ta woli de Zebulun dwi dem
de Nafitali dwi dem
nakwa bam maama.
28Debam Tu Wɛ, pa se n dam dem
zaŋe de bere jaja!
Fɔge n toŋe de n dam dem,
ne n déem na ke n pa debam tei to.
29N na zoore n wara-jei sem
Jerusalem ne to,
logo baŋa pwa bam wó ja pɛɛra
ba ba ba pa‑m.
30Nam zaŋe n bwɛ teo kolo
na nye de ga-varem ye ko vwɛ
nanchan-gullu wone to.
Daa ta bwɛ teene delo
na bere ba tete we ba ye nabɛ
ye ba wo na-mɔre tetare ne to.
Banto jege se ba tu ba tete mo
ba daare ba ja lu-nyenno wonnu
ba ba ba pa‑m.
Pa se teene delo na swoi jara-keim to jage sae.
31Ejipti tiina wó toŋe dedɛɛra
se ba ba.
Kusi tiina de wó ba ba sɛ ba pa Wɛ.
32Logo baŋa teene dem maama,
leeni-na á tei Wɛ.
Leeni-na á seini Baŋa Wɛ.
33Wonto mo maŋe o dɔge wɛyuu baŋa kam ne faŋa faŋa o via.
Nii-na! O kwor-dɛa kam bage mo
pina-pina.
34Sɛ-na we Wɛ tiini o jege dam!
Wonto mo di paare
Isarele tiina baŋa ne.
O dam dem maa bere jaja
wɛyuu ne.
35Dé Tu Wɛ, nmo na zoore
n wara-jei sem ne to,
n yɔɔre n jege foone.
O maa ye Isarele tiina Wɛ wom,
ye o pae o nɔɔna bam jege dam de baare.
Pa-na se dé tei Wɛ!",https://www.bible.com/bible/3661/PSA.68.KBG
LEI 69,"David wɛ-lworo
1Amo Tu Wɛ, ja,
jwoŋi-ne n yage!
A tiini a wo cham wone,
nenɛɛne na-fɔrɔ mo lage
ko li a yuu.
2A lage a moore mo mɔrɔ wone.
A nɛ maa ware se zege cheppe.
Amo maa yi na-luŋa jei,
ye na-ŋone mo lage se ja-ne se jei.
3A kaase ni mo a beeri wolim ye a ga.
A yera laam mo chɛ de keira kam,
a kwora de ma ko.
A yia maama suli de yi-na
a na tiini a lwoori a Tu Wɛ taa to ŋwaane.
4Balo na chuli amo kafɛ ŋwaane to
mo tiini ba daga
ba dwoi a yu-ywei sem.
Ba maa done amo vwa chwoŋa wone,
ye ba boŋe se ba chɔge-ne.
Ba fe amo se a jwoori a ja
woŋo kolo a na wo ŋɔge to
a ja a ba a pa-ba.
5Amo Tu Wɛ, nmo mo maŋe n yei
a na toŋe jworim delo to.
A tusim kikia bá wane ya seigi
nmo yiga ne.
6Paŋwa Tu Baŋa Wɛ wom,
ko ná ye balo na jege teena
nmo tei ne to,
yé sɛ se chaveera di-ba
amo ŋwaane.
Isarele dwi tiina Wɛ wom,
yé pa se balo na zuli‑m to
vɔna pare amo ŋwaane.
7Ko ye a na sɛ nmo to ŋwaane
mo nɔɔna jege-ne ba twea
ye a daa ba jege yuu ba yiga ne.
8Amo chorro laam ke nenɛɛne
ba yeiri-ne mo tei.
A daa ta maa nye de veiru
a tete nu-bia bam tei ne.
9Amo tiini a toŋe de yi-seena
a pa nmo wara-jei sem mo.
Konto ŋwaane, nɔɔna na jege nmo
ba twea tei to
mo jwoori ko tui amo baŋa ne.
10A maa yeini a keeri ye a vɔ ni,
pa se nɔɔna jege-ne ba yaala.
11A maa zoore gare-nyenyaaro
wo-chechɔgɔ ŋwaane
ye ba jege-ne ba mɔna.
12Teo kom nɔɔna na jeeri
mɛ maama to,
ba maa ke sawea amo ŋwaane.
Sa-nyɔra tete pane lei mo
amo ŋwaane ba leena.
13Amo Tu Baŋa Wɛ,
ko ye nmo mo a yeini a lwoori,
se n nii amo baŋa ne de yibwona.
Jan ja! Sɛ amo wɛ-lworo kom,
se n daare n jwoŋi-ne n yage
n swono kom ŋwaane.
14Vaŋe-ne n ja n nwoŋi
mɔrɔ konto wone,
se na bam yé kwoli-ne.
Yé sɛ se balo na chuli-ne to
wane-ne ba ja.
Liiri-ne n ja n nwoŋi
na-luŋa kam wone.
15Nam yé sɛ se na-fwaaro tem
ja amo ba jei.
Yé pa se na-luŋa kam li amo.
Yé yage se a zo toone gwoŋo.
16Amo Tu Baŋa Wɛ,
leiri amo wɛ-lworo kom,
nmo swono kom na tiini
ko lana to ŋwaane.
Nam pipiri n nii amo seeni,
se nmo tiini n duri nɔɔna yibwona mo.
17Yé ma n kwaga n ya-ne,
se amo ye nmo tontoŋeno mo,
ye a tiini a wo cham wone.
Ke lela n ba n woli-ne!
18Nam fɔɔre n ba n yi amo tei
se n jwoŋi-ne n yage.
Vere-ne a dona bam jeŋa ne n yage.
19Nmo nɛ a dona bam maama
na ke tetei.
Ba maa jege-ne ba twea ye ba yaala,
pa se a na a chaveera.
20Amo wo kom chɔɔre mo
ba toro tem ŋwaane.
A vɔna yam de ma pare.
A ya boŋe we nɔɔno wó ba
o duri amo ŋwaŋa,
ye nɔɔn-nɔɔno wo tu.
Nɔɔno tera o na wó pa a bochare zuri.
21Ba nam kwei wo-chɛɛro mo
ba ke a wodiu wone.
Na-nyɔm na jege-ne to
mo ba kwei sa-nyɔna
ba pa-ne se a nyɔ.
22Wɛ wó pa se ba wodi-fwaaro tem
jwoori te ja chɔgem te ba banto de ba badwonna bam baŋa ne,
ne kalanchogo na jaane-ba tei to.
23Wɛ wó pa se ba yia dwei,
ye ba daa ware ba nae.
Wɛ wó pa se ba yera sɔɔre taa wuu.
24Wɛ, pa se n bane zaŋe ba baŋa ne
n daare n waare-ba.
Pa se n ban-lom chɔge-ba.
25Wɛ wó pa se ba sam dem
ji di-dwonnu
se nɔɔn-nɔɔno daa yé daare
jei sem konto ne.
26Kokuri to, nmo na yeini
n vaŋe balo zwa to
mo banto beeri se ba zeili-ba.
Ko ta ná ye balo
n na ke-ba zonne to mo,
ba yeini ba ŋɔɔne ba yaara yam taane.
27Nam yé swei ba keim-balwaaro tem swia, de te dedoa de.
Yé sɛ se n jwoŋi-ba
se ba na ba chega.
28Ko ye se n saare ba yera mo,
se ya yé taa wo ŋwea tɔnɔ kom wone.
Yé pa se ba yera taa popone ya tiŋi
ya woli balo na tɔge Wɛ chwoŋa to yera wone.
29Amo Tu Wɛ, ko tiini ko ni amo,
ye a vɔna de laam pare.
Konto to, ba n jwoŋi-ne,
se a wane a zaŋe wɛɛne.
30Amo wó zaŋe a leeni leiŋa
a ma tei Wɛ yere!
A ta wó ke o lei ye a pa o yere zaŋe.
31A ná zuli‑o konto dwoŋi,
ko wó pwoli o wo
ko dwoni a ná mɛ nabea
a ma a ke kaanem a pa‑o.
Ko ná maŋe ko ye nabea
kalo na bege ka ti to,
ko ya bá yi a zula yam.
32Nabwona maa wó na
Wɛ na jwoŋi-ne tei to
ye ko pa ba wo pwoli dedɛ.
Abam balo na kɔre Wɛ to,
Wɛ wó pa á bochara fɔge
ya ke dam!
33Kokuri to, Baŋa Wɛ yeini o cheigi
yiniga tiina wɛ-lworo mo.
O ba swia o tete nɔɔna
na nɛ bɛɛsem to swia.
34Woŋo maama jege se ko zuli Wɛ!
Wɛyuu de tega baŋa wonnu,
ko woli de wonnu telo
na wo naneero tem wone to,
te maama wó taa tei Wɛ!
35Wɛ mo wó vere Zion teo kom o yage
ye o jwoori o lɔ
Judah teene dem maama.
O tete nɔɔna bam laam wó taa zoore jei sem konto ne.
Ba wó taa tei tega kam konto.
36O tontoŋena dwi tiina bam wó jwoŋi tega kam ba taa tei.
Balo maama na swoi Wɛ to
wó taa zoore da.",https://www.bible.com/bible/3661/PSA.69.KBG
LEI 70,"David wɛ-lworo zeinim ŋwaane
Lei 40:13-17
1Amo Tu Baŋa Wɛ, ke lela
n ba n jwoŋi-ne n yage!
Ba n zeini-ne lela.
2Ko ná ye balo na beeri amo toone to,
pa se vuvuga yi-ba se ba to tega ne.
Pa balo maama na beeri amo chɔgem to
jwoori kwaga de ba chaveera yam.
3Sɛ se banto dwi dem maama
to tega ne,
ba na tɛ ba we,
ba jeŋa zo amo to ŋwaane.
4Ko daare balo maama
na beeri nmo jei to,
pa se ba taa jege wopwolo,
se ba di ywoni nmo ŋwaane.
Ta pa se balo na swoi
se n ta‑n jwoŋi-ba to
taa tɛ maŋa maama we,
“Dé wó zeiŋi Wɛ yere dem wɛɛne.”
5Amo nam ye nabwom mo
ye yiniga jege-ne.
Amo Tu Baŋa Wɛ,
ke lela n ba n zeini-ne.
Nmo mo ye a zeinnu de a vereno.
Yé dáane se n ba n woli-ne!",https://www.bible.com/bible/3661/PSA.70.KBG
LEI 71,"Wɛ-lworo kokweero ŋwaane
1Amo Tu Baŋa Wɛ,
a tu a dale nmo woro ne mo.
Yé pa se chaveera di-ne.
2Nam tɔge n chega kam ŋwaane
n jwoŋi-ne n yage.
Pore n zwa se n cheigi
a wɛ-lworo kom,
se n daare n ba n vere-ne n yage.
3Ta‑n kwoli-ne se a wane
a dale nmo woro ne,
ne n ye peo mo tei to.
Dáane mo amo wó yeini
a duri a vo a seigi.
Tɔge n ni dem baŋa ne
n vere-ne n yage,
nmo na ye a dalem jei to ŋwaane.
4Amo Tu Wɛ, jwoŋi-ne n yage
puseŋ-nyena jeŋa ne,
se nankɔ-nyena yé wane-ne ba ja.
5Amo Teiru Wɛ,
nmo yerane baŋa ne mo
amo teena yam daŋe da.
Ko na zege a biini ne to
a ke a chega de nmo mo.
6Chega to, ko zege a lora maŋa ne
a sale nmo yera ne mo.
N jaane-ne n nwoŋi a nu puga ne
ye n nii amo baŋa ne.
Amo wó taa tei‑m
maŋa maama wone.
7Amo laam jigi maana mo
nɔɔna dedɛ yiga ne.
Nmo nam ye amo dalem jei
mɛ na damma to mo.
8Dɛ maama wuu a yeini a tei nmo,
ye a tɔɔle nmo nenɔŋa taane
a ba yaga.
9A lwoori‑m se n yé zeili-ne n yiga ne
a kokweero maŋa kam ne.
A dam dem ná tu de ti maama,
nam yé viiri n daare-ne.
10Kokuri to, a dona bam yeini
ba tɛ amo taane.
Ba maa jege ba bwɛ daane mo
se ba go-ne.
11Ba maa ŋɔɔne ba we:
“Wɛ mo maŋe o lɔ o kwaga ne.
Pa-na dé vo dé pɔpɔ dé ja‑o,
se o daa ba jege nɔɔno
wolo na wó woli‑o to.”
12Amo Tu Wɛ, yé ta‑n ye yiga yiga
dedaane amo.
Ja, ke lela n ba n woli-ne.
13Pa se chaveera ja balo
na jege-ne ba bɛɛse to
se ba daare ba na chɔgem.
Pa se balo na boŋe
se ba ke amo zonne to
to tega ne de kuri-nɔrɔ.
14Ko nam ná ye amo,
amo teena yam wó fɔge
ya lɔ nmo baŋa ne mo.
Amo ta wó taa vei yiga mo
se a tiini a taa tei‑m.
15A maa wó puri a ni a ta
nmo na toŋe chega tei to.
Dɛ maama wone a lage a ŋɔɔne
n verem dem taane,
ye a nam ware a ni
de maama kuri a ti.
16Yuu-tu Baŋa Wɛ,
amo wó ta nmo totoŋ-kamuna yam taane.
A ta wó pa se nɔɔna lɔre we
nmo yerane mo bore chega bora.
17Amo Tu Wɛ, ko maŋe ko zege
a biini wone mo
n yeini n pa-ne bera.
De zem maama de, a ta tɛ
nmo wo-kenkagela yam taane
a bere nɔɔna.
18Amo nam ná tu a kwe dedɛ
ye a yuu kom maama peere,
yé lɔ amo kwaga ne.
Kokuri to, a lage a ta
nmo dam-fɔrɔ kom taane
a bere a dwi delo
na wó saŋe a kwaga to mo.
19Amo Tu Wɛ,
nmo nɔn-ŋonne dem daga mo
pa se ko geene ko di wɛyuu.
Nmo dwoŋi tera,
de n na tiini n ke totoŋ-kamuna tei to.
20Nmo pɛ chwoŋa se a na cham
de lɛɛro dedɛ.
De ko de, nmo ta wó pa
a ŋwea jwoori ka ke dam.
Nmo wó le-ne tega kuri
gwoŋ-chanluŋu wone
se a jwoori a zege a zega jei sem ne.
21N ta wó pa a tiini a na yere,
se n daare n jwoori n pa
a wo taa tigi tega ne.
22Amo Tu Wɛ wom na ye Isarele dwi dem Wo-pwoŋo Tu wom to,
a lage a kwei kɔnɔ mo
a ma a leeni a tei‑m,
nmo na yɔɔre n zege
n chega wone to ŋwaane.
23Amo lage a puri a ni mo
a yeeri wopwolo sɔɔ,
de a na leeni a tei‑m tei to.
Kokuri to, amo ye wolo
nmo na vere n yage to mo.
24Dɛ maama wone amo wó taa tɛ jaja
n na bore chega bora tei to.
Kokuri to, ko ná ye balo ya na boŋe se ba ke-ne zonne to,
vuvuga to ba tetare ne mo,
ye chaveera di-ba.",https://www.bible.com/bible/3661/PSA.71.KBG
LEI 72,"Wɛ-lworo zeinim ŋwaane
Solomon déem pane leiŋa kanto.
1Amo Tu Wɛ,
nmo na ye chega tu to,
pa se debam pɛ wom de taa jege
nmo chega kam dwoŋi.
Pa pɛ wom bu swa se o wane
o taa bore chega bora.
2Konto, o wó taa tɔge chega
o di nmo tete nɔɔna bam taana,
se nabwona tete de na ba bora.
3Ko ná ye peero tem
dedaane zwonnu tem de,
tega kam maama wó ja yazura
ka ba ka pa nɔɔna bam,
ba na tɔge nmo chega kam to ŋwaane.
4Pɛ wom wó taa zege
nabwona bam kwaga ne,
se o taa jwoŋi yiniga tiina
bia bam o yaga.
Ko nam ná ye wolo
na jege-ba o bɛɛse to,
pɛ wom wó yɔɔre o chɔge kotu.
5Nenɛɛne wea kam de chana kam
na wora taa tei to,
nɔɔna bam de ba dwi dem
wó taa kɔre nmo Wɛ,
se ko taa vei wuu.
6Pɛ wom wó taa zeini o nɔɔna bam,
nenɛɛne doa na nena
tega baŋa ne tei to.
7O paare dem da yam ne,
nmo chega kam wó nwoŋi
ka puli lanyerane.
Yazura wó taa wora taa wuu,
nenɛɛne chana kam
na wo wɛyuu ne tei to.
8Nam pa se pɛ wom taa tei nɔɔna
jei maama ne
ko na zege naneo ni dedoa ne
se ko vo ko yi
naneo kodwoŋi ni ne to.
Pa se o paare laŋa kam taa zege
Yuferata buga kam seeni
ka vo ka yi tega baŋa
kweelim jei sem.
9 Dwi-gɛ tiina balo na zoore
kagoa yuu ne to
wó ba ba tiiri o yiga ne ba zuli‑o.
O dona bam de wó vwi ba yibia tega ne o yiga ne.
10Tarasisi de teene delo
na wo naneo kom ni ne to
pwa bam maama
wó ja pɛɛra ba ba ba pa‑o.
Pwa balo na tei Seba de Sebaa teene to
de wó ke konto dwoŋi.
11Pwa maama wó tiiri o yiga ne
ba zuli‑o.
Teene dem maama wó taa toŋe
ba pa‑o.
12Pɛ wom wó jwoŋi yiniga tu wolo
maama na keeri o jare‑o to,
ko woli de nabwona balo
na gɛ zeinnu to maama.
13Ko ná ye nabwona
de yiniga tiina maama,
o wó taa jege yibwona o pa-ba.
O ta wó vere balo na wo cham wone to ŋwea o yage.
14O wó ja-ba o ja o nwoŋi yaara
de vuvuga maama wone,
ba ŋwea na jege nyɔɔre
ka pa‑o to ŋwaane.
15Wɛ wó pa pɛ wom
momwa-dedɔrɔ!
Se ba ja sabu-seŋa kalo na nwoŋi Seba ne to ba ba ba pa‑o.
Se ba taa lwoori Wɛ
maŋa maama ba pa‑o
se Wɛ zaane taa wo o yuu ne
dɛ maama wone.
16Wɛ wó pa se wodiu tiini ko gaale
tega kam maama wone,
se zwonnu tem yuu maama
faare de mena.
Wɛ wó pa se teeni dem
taa leiri bia lanyerane
nenɛɛne Lebanon teeni dem
na leiri tei to.
Wodiiru tem maama maa
wó taa daga,
nenɛɛne gaaro na nwoŋi
te puli tei to.
17Wɛ wó pa se pɛ wom yere zaŋe
de taa wora taa wuu,
nenɛɛne wea kam ta na wo wɛyuu ne ka nyeena tei to.
Dwi tiina maama wó ma o yere
se ba taa lwoori Wɛ swolim.
Ba maama wó sɛ we
Wɛ zaane wo o yuu ne.
18Pa-na dé taa tei Baŋa Wɛ wom
na ye Isarele tiina Wɛ to!
Ko ye wonto yerane mo
toŋe wo-kenkagela.
19Pa-na dé zeiŋi o yere-kamunu kom wɛɛne taa wuu!
Wɛ nenɔŋ-fɔrɔ kom jege se ko jage
ko yi logo baŋa jei maama.
Ameena! Ameena!
20Konto mo guri Jesse bu David wɛ-lworo kolo maama o na popone o tiŋi to.
Lei Tɔnɔ 3
Lei 73–89",https://www.bible.com/bible/3661/PSA.72.KBG
LEI 73,"Baŋa Wɛ lamma
Asaf déem pane leiŋa kanto.
1Ko na ye chega to,
Wɛ seene o ke Isarele dwi tiina bam lanyerane.
O maa yeini o zeini
balo bochara na ye chekke to mo.
2Ko nam ná ye amo,
ko ya gɛ fee mo se a naga seeri
se a daare a ywori
Wɛ chwoŋa kam ne.
3Kolo ŋwaane to,
a na nɛ puseŋ-nyena bam jejegero tem to
mo a zwe kazwe de-ba,
ba na bere ba tete to ŋwaane.
4Puseŋ-nyena bam ba nae cham
de fenfee de.
Ba ta maa damma,
ye yazura yi-ba lanyerane.
5Ko ná ye yaara yalo dwi
na yeini ya jaane nɔɔna to,
banto ba na-ya.
Jaweero de ba yi-ba
nenɛɛne nɔɔna badwonna
na na-te tei to.
6Ba na bere ba tete tei to
nye de ba kwei paare zambili
ba de ba ba ne mo.
Ba maa me de nankɔɔre totoŋa
nenɛɛne ya ye gwaaro telo
ba na zoore dɛ maama to mo.
7Ba na lage paare to ŋwaane
mo ba yeini ba toŋe lwarem yerane.
Ba bochara de maa tɔge puseŋa yerane.
8Ba maa jege nɔɔna ba mɔna,
ye ba ŋɔŋa maama ye lwarem.
Ba na bere ba tete tei to,
ba mae yaara mo ba fugi nɔɔna.
9Ba maa ŋɔɔne wo-kamuna
ba ma lwɛ Wɛ.
Ba ni taane dem maa bere
ba tete kamunim,
nenɛɛne banto mo tei l
ogo baŋa maama.
10Ko ma pa se nɔɔna bam boboŋa vugimi.
Ba maa yɔɔre ba jwoŋi ba taane maama ba pa de ye chega.
11Ba maa tɛ ba we,
“Wɛ wó wane o lɔre
kolo na jege ko toŋe to na?
Yuu-tu Baŋa Wɛ wom yeiri
kolo na wora to.”
12Nii-na! Mo puseŋ-nyena bam
na ye tei!
Kolokolo ba daane-ba.
Ba jejegero tem yeini te puli mo
te gaale.
13Chega ŋwaane to, amo na chege a bochare de digiru
se a yé biini a tete,
ye a ve wɛleere keim to,
ko maama ye kafɛ ŋwaane mo na?
14Amo yeini a na yaara mo
dɛ maama wuu.
A ná zaŋe zezeŋa maama ne,
ko ye cham mo a yera ne.
15Amo nam ya ná tage a we,
“Amo wó taa ŋɔɔne konto dwoŋi mo,”
a ya wó taa ye pipiri-nyem mo
ye a ywori nmo bia bam kwaga ne.
16A ma tiini a kwaane se a boŋe
a lɔre ko na seene ko ye tei to.
Ko nam chana ko pa-ne
se a wane a lɔre ko kuri chekke.
17Amo nam na vei a zo Wɛ diga kam to
mo a laam tu a lɔre puseŋ-nyena bam gurim na wó taa ye tei to.
18Ko na ye chega to,
nmo yage-ba mo
pa se ba nɔne siseira baŋa.
Nmo wó pa ba seeri ba to
se ba daare ba jei.
19Yi-bogesem wone mo
chɔgem lage de to ba baŋa ne!
Foone wó taa tiini de jege-ba
ye ba ŋwea saare logo baŋa ne.
20Ba ŋwea kam lage ka jei mo,
nenɛɛne nɔɔno na dwɛ dendwɛ
o zaŋe dɔɔm wone pa de jei tei to.
Baŋa Wɛ, nmo ná zaŋe,
n daa‑n bá‑n ta‑n boŋe ba boboŋa.
21Amo wo ya chɔge dedɛ,
ye a pa wonnu tiini te daane-ne.
22A boboŋa maama tɔge jworim yerane mo.
A maa yeiri chega kam.
A na toŋe tei a pa nmo to
nye de kago-vara na yeini ba ke tei to mo.
23De konto maama de,
a ta sale nmo yera ne mo
maŋa maama.
Nmo yeini n jege amo jeŋa mo
ye dé via.
24Ko ye nmo bera yam mo yere-ne
pa se a wo chwo-laao wone.
Ko kwaga seeni,
nmo wó pa a na zula nmo tei ne.
25Nɔɔn-nɔɔno tera wɛyuu ne
o na wó zeini-ne,
ko ná dae nmo.
Tega baŋa ne amo daa ba beeri nɔɔn-nɔɔno
a woli nmo wone.
26Amo yera yam wó ba ya bugi ya ti.
A boboŋa de wó ywori
chwoŋa kam ne.
Nmo Wɛ nam mo ye amo dalem jei,
pa se a bochare fɔge de jege dam.
Nmo ye wolo na maŋe de amo
taa wuu to mo.
27Chega to, balo maama na wo
yiga yiga nmo tei ne to
wó ba ba jei.
Nmo wó yɔɔre n chɔge
balo na mɛ ba kwaga ba ya nmo to.
28Se ko ná ye amo,
ko lamma mo ko pa-ne
de a na sale Wɛ yera ne tei to.
Amo pɛ se nmo Yuu-tu Baŋa Wɛ
ji amo dalem jei,
se a daare a ta wo-kamuna yalo maama n na toŋe to,
se nɔɔna lɔre jaja!",https://www.bible.com/bible/3661/PSA.73.KBG
LEI 74,"Wɛ-lworo dé teo kom ŋwaane
Asaf déem pane leiŋa kanto.
1Debam Tu Wɛ, bɛ mo ye n laam yɔɔre n ve debam konto?
Bɛŋwaane mo n pɛ se n ban-lom to dé baŋa ne?
Dé nam ye n nɔɔna mo
ye n nii dé baŋa ne,
ne nayero na nii o pei-kɔgɔ tei to.
2Nam guli debam balo na ye n kɔgɔ kom to gula!
Ko nwoŋi faŋa mo n déem jwoŋi debam.
Dé maa ye dwi delo n na vere n yage
se dé taa ye n tete nyɔn-mage nɔɔna to.
Daa ta guli Zion peo kom gula,
n déem na zoore mɛ to.
3Pipiri n ba n nii dé teo kom
na yɔɔre ko ji di-dwonnu tei to.
Ba n nii dé dona bam na chɔge
n wara-jei sem
de se zela yam maama tei to.
4Jeiga kalo nmo ya na yeini
n jeeri debam to
mo n dona bam kaase tiguri-kaasa ka tetare ne.
Ba ma chwi ba jara-keim tuta dáane.
5Ba na ke jara dé teo kom
baŋa ne tei to,
ba nye de nɔɔna na mae dwoora
ba gwoni teeni dedɛ
ba de tega ne tei to mo.
6Ba déem kwei ba dwoora
de ba gwora mo
ba ma yare dɛ selo nɔɔna na fɔge ba gɔgere to.
7Ba ma kwei mini ba zwɛ
nmo wara-diga kam.
Konto to ba chɔge jeiga kalo
nɔɔna ya na zuli n yere da to
ye ba guri ka maama ba de tega ne.
8Ba déem tage ba tete boboŋa ne
ba we,
“Pa-na se dé chɔge-ba fase!”
Tega kam wone jei selo maama
nɔɔna na zuli Wɛ to
mo ba zwɛ kula.
9Dé daa ba nae wo-kenkagela yalo Wɛ na toŋe to.
Wɛ sampwori de daa maa tera
dé tei ne.
Nɔɔn-nɔɔno nam yeiri yaara yanto
na wó dáane debam tei ne tei to.
10Debam Tu Wɛ, dé dona bam wó taa jege‑m ba mɔna taa
se ba vo ba maŋe yei ne mo?
Ba ta wó taa jege n yere dem
ba gwooni mo taa na?
11Bɛ mo kea ye n wo kwei n jazem dem n waare-ba?
Nam bwoli n jeŋa se n chɔge-ba fase!
12Amo Tu Wɛ, ko zege faŋa mo
nmo maŋe n ye amo Pɛ.
Kuni dedɛ n yeini n toŋe tega kam baŋa ne mo
se n jwoŋi debam n yage.
13Nmo déem mɛ n dam-fɔrɔ mo
n pɔɔre naneo kom.
N ta ma‑n chochoge naneo wo jurru tem yuni.
14Chega to, nmo mo chochoge naneo wo juru Leviatan yuni tem,
ye n daare n kwei o yera yam
n pa kagoa wo vara bam
se ba kwei ba di.
15Nmo ma‑n pa buli-yia ta
ya nwoŋi ya bura.
Ko ta ná ye bu-tole sem,
n pɛ se se we mo.
16Nmo pɛ se wea de tete pɔɔre daane
ye te maama ye nmo nyem.
N daa‑n ta ma‑n kwei chana kam de wea kam
n zege se zega jei ne.
17Nmo pɛ se tega dwi maama
jege ka siseini mo.
N ta pɛ se yadɛ dedaane te-pwoŋa wora.
18 Baŋa Wɛ, nam guli n dona bam
ya na jege‑m ba mɔna tei to.
Nɔn-jworru de maa gwooni
nmo yere dem.
19Nmo yeini n nii dé kɔgɔ kom
ne ko ye kunkwoŋa to mo.
Nam yé kwei n kunkwoŋa kam
n pa ga-vara se ba wane-ka ba di.
Yé yɔɔre n swei debam balo
na ye n nɔɔna
ye dé wo yaara wone to ni ne.
20Nam guli n na gwoni ni
se n ke kolo n pa debam to.
Kokuri to, nankɔ-nyena mo seigi
tega kam baŋa gugworru dwi maama wone.
21Yé sɛ se debam balo nɔɔna na bɛɛse to jwoori kwaga,
se chaveera ja debam.
Nam pa se nabwona de yiniga tiina bam na chwoŋa
se ba taa tei n yere dem.
22Debam Tu Wɛ, zaŋe wɛɛne
se n zege n chega kam kwaga ne.
Nam guli nɔn-jworru na jege‑m
ba twea dɛ maama wone tei to.
23Yé swei n dona bam na tɛ wonnu
telo ba ma yaale nmo to.
Ba ke konto mo taa ye ba ba yaga.",https://www.bible.com/bible/3661/PSA.74.KBG
LEI 75,"Baŋa Wɛ bore chega bora
Asaf déem pane leiŋa kanto.
1Debam Tu Wɛ,
dé ke nmo lei mo.
Chega ŋwaane to, dé ke n lei,
n na tiini n bwola dedaane debam to ŋwaane.
Nɔɔna maa tɛ nmo wo-kenkagela yam taane.
Wɛ maa we:
2“Amo kuri maŋa mo a zege
se a ma a bore nabiina bora
dedaane chega.
3Tega kam baŋa ná yeini ka ziziŋi
ye nabiina yera de sae pɔm-pɔm,
ko daa ta ye amo mo fɔge a jege ka kuri diŋ-diŋ.
4A ma yeini a kaane bere-n-tete nyena we,
‘Yé ta‑á jege-na ni-wɛɛle konto!’
A daa ta maa tɛ de puseŋ-nyena we,
‘Yé ta‑á teera á dam ŋwaane.
5Nam yé ta‑á jege jaguli-zane
á dole wɛɛne.
Yé ta‑á kare á ŋɔɔne kamunim
á pa á tete.’ ”
6Logo baŋa jei maama ne
nɔɔn-nɔɔno tera o na jege dam
se o zeiŋi o dwoŋi nabiinu wɛɛne.
Kotu ná nwoŋi wɛ-puli seeni
naa wɛ-zoore seeni,
naa o ná nwoŋi kagoa yuu mo de,
o bá wane o ke konto.
7Ko nam ye Wɛ mo bore nɔɔna bora.
O ma yeini o ja dedoa o de tega ne,
ye o daare o zeiŋi wodwoŋi wɛɛne.
8Kokuri to, Baŋa Wɛ zei na-zoŋa mo o jeŋa ne
ka na su de sa-dɛɛra balo
dwoa-bia na guuri ba wone to.
O ma kwei-ka o teini puseŋ-nyena
balo maama na wo logo baŋa ne to nia ne.
Ko jege se ba nyɔ Wɛ ban-zɔŋɔ sana bam maama mo
se ba maama vo ba ti.
9Ko nam ná ye amo,
a ta wó taa tɛ Wɛ totoŋa yam taane taa.
A lage a leeni a seini
Jakob dwi tiina Wɛ wom mo.
Wɛ maa we:
10“Amo mo lage a chɔge puseŋ-nyena bam dam maama.
A maa wó daare a pa se
nɔn-laaro tem tiini ba na dam
se ko ja gaale.”",https://www.bible.com/bible/3661/PSA.75.KBG
LEI 76,"Baŋa Wɛ dam dem taane
Asaf déem pane leiŋa kanto.
1Wɛ le o tete o bere
Judah dwi tiina bam.
O yere dem de maa tiini
de ye kamunu
Isarele tiina bam tei ne.
2O maa zoore Salem ne,
Zion peo kom baŋa ne.
3Dáane mo o jaane dé dona bam
che-tɛɛra yam,
de ba jara nantane,
de ba se-zɔɔro,
ko woli de ba jara-keim zela yam maama,
o ja o bwori o yage.
4Nmo nenɔŋa kam tiini ka bere jaja.
N kamunim dem daga de dwoi
peero telo n na tɔɔne te baŋa ne to.
5Nmo wane dé dona bam babɛ sem,
pa se dé vere ba jejaano maama
ba jeŋa ne.
Ba maama tege mo
ba tigi da chemm.
Ba daa ware kolokolo ba ke,
de ba na ye bembɛ tei de.
6Jakob dwi tiina bam Wɛ wom,
nmo na fugi de dona bam to
mo ba sisein-nɔɔna bam
de se dira bam
zege ba maŋe da chemm.
7Nmo yerane mo maŋe
se nɔɔna taa kɔre‑m.
Nmo bane ná zaŋe de wolo,
kotu ware se o zege
nmo yiga ne o na bora.
8Nmo nam zege Wɛ telaao ne mo
n di n dona bam taane.
Foone ma zo nabiina maama
pa se ba ye chemm.
9Debam Tu Wɛ, nmo déem zaŋe
se n di ba taane,
se n daare n jwoŋi balo na nɛ
bɛɛsem tega kam baŋa ne to
n yage.
10Nɔɔna maama wó taa tei‑m,
ko ná maŋe ko ye balo
bane na zaŋe de nmo to de.
Nmo nam wó pa ba lɔre n ban-lom dem na ye tei to chekke.
11Du-na duuri á pa á Tu Baŋa Wɛ,
se á daare á ke kolo á na pwooli
se á ke to maama.
O maŋe se nɔɔna taa kɔre‑o,
se balo na bwola ded‑o to
ja pɛɛra ba ba ba pa‑o.
12O pae se dedɛɛra gwooni ba tete mo.
Logo baŋa pwa bam de maa kɔre‑o lanyerane.",https://www.bible.com/bible/3661/PSA.76.KBG
LEI 77,"Cham maŋa wɛ-lworo
Asaf déem pane leiŋa kanto.
1Amo lage a keeri
de kwor-dɛa mo a jare Wɛ.
A ná lwoori‑o,
o wó cheigi a taane dem.
2Amo cham maŋa kam ne mo
a fɔɔre a twɛ a Teiru Wɛ tei.
Tete dem maama ne mo
a zeiŋi a je sem wɛɛne
a lwoori‑o.
Amo nam wo nɛ zurim a bochare ne.
3A ná yeini a guli Wɛ gula,
ko yeini ko pa a vuvuni mo.
A ta ná boŋe o boboŋa,
a maa ware a tete a ja.
4 Baŋa Wɛ, nmo pɛ se dɔɔm ba tui
a yia ne.
A bere a ware a ŋɔɔne de,
a wo-chechɔgɔ kom ŋwaane.
5A nam yeini a guli faŋa faŋa
da yam gula.
A ma boŋe bena yalo na kɛ to boboŋa.
6A maa we, “Tete ne mo a lage a guli
lei selo a déem na leeni to gula.
A ta wó taa boŋe wonnu tem boboŋa a bochare ne.”
Konto to, a kwaane se a ni
kolo na ke to kuri,
7ye a we, “Baŋa Wɛ wom wó ve-ne
taa wuu mo na?
O daa bá jwoori o ke-ne zaane na?
8O swono kolo na wora
debam ŋwaane to
laam yɔɔre ko ti mo na?
O kampwoli sem daa ba toŋe mo na?
9Wɛ swei se o duri dé ŋwaŋa
mo na?
O ta pɛ se o ban-zɔŋɔ kom leiri
o zaane dem yuu ne mo na?”
10Amo laam ma ta a we,
“Woŋo kolo na pɛ se a wo chɔge to mo tento:
Yuu-tu Baŋa Wɛ daa ba toŋe
o woli debam.”
11Amo nam wó guli wo-kamunnu telo Baŋa Wɛ na ke to gula.
Chega ŋwaane to, Baŋa Wɛ,
a bá swei wo-kenkagela yalo
nmo déem na ke to ni ne.
12A lage a boŋe n totoŋa yam maama boboŋa,
se a daare a jeeli ya maama dedoa dedoa mo.
13Debam Tu Wɛ wom,
chwoŋa kalo nmo na tɔge to
lana fase.
Wɛ dedwoŋi tera o na jege dam
ne nmo na jege dam tei to.
14Nmo yerane mo toŋe wo-kenkagela.
N ta ma pa se dwi-gɛ tiina bam
lɔre n dam dem ni ne.
15Ko ná ye n tete nɔɔna bam
na ye Jakob dedaane Josɛf
dwi dem to,
n déem kwei n dam-fɔrɔ kom
n ma n vere-ba n yage.
16Debam Tu Wɛ,
na-fwaaro tem na nɛ nmo to,
foone déem jaane-te.
Na-luŋa kam yera de ma didigi.
17Kunkwonnu tem ma chuuri dedaane doa,
ye doa kam de bage pina-pina.
Ka ta daare ka pepele
jei sem maama ne.
18Nmo kwora kam na bage konto to,
vio kom tiini ko wuuri mo.
Doa kam de na pepele tei to pɛ se
pwooni yi logo baŋa jei maama.
Tega kam baŋa de ma tiini ka ziziŋi.
19Nmo déem tɔge naneo kom wo n bɛ.
Nmo chwoŋa kam maa wo
na-fwaaro tem tetare ne,
ye nɔɔn-nɔɔno nam wo nɛ
n nɛ-bwora kam.
20Nmo déem ma‑n tɔge Moses
de Aron baŋa ne
n da n nɔɔna bam yiga n vo,
ne nayero na kale o pei-kɔgɔ tei to.",https://www.bible.com/bible/3661/PSA.77.KBG
LEI 78,"Baŋa Wɛ de o nɔɔna bam taane
Asaf déem pane leiŋa kanto.
1Amo nɔɔna bam, pore-na á zwa
se á cheigi kolo a na jege
se a ta a bere abam to.
2A lage a puri a ni mo
a ŋɔɔne botare-dende.
A ta wó ŋɔɔne faŋa faŋa
wo-siseigiru taane.
3Te maa ye wonnu telo dé kwoa
na tage ba bere debam
ye dé cheigi to.
4Debam de maa wó lwoni-te
se ba dwi dem ni.
Dé wó pa se dé bia balo
na wo kwaga ne to lɔre
Baŋa Wɛ na ke wo-kenkagela yalo to ni ne.
Dé ta wó bere-ba o dam-fɔrɔ kom na ye tei,
dedaane totoŋ-kamuna yalo
dwi maama o na ke to.
5Wɛ déem kwei o bera yam
de o nia yam mo
o pa Isarele tiina bam
na ye Jakob dwi tiina to.
O ma daare o pa dé nabaara bam ni we,
ba taa jege-ya ba bere ba bia bam.
6O ke konto se ba kwaga kam
mo lɔre o nia yam,
ko ná maŋe ko ye dwi delo
ba ta na wo loge to.
Banto de maa wó lwoni-ya
ba bere ba bia bam.
7Konto baŋa ne mo ba wó wane
ba kwei ba chega
ba daŋe Wɛ yera ne,
se ba daa yé swei o totoŋa yam ni ne
ye ba daare ba toŋe
ba tɔge o nia yam.
8Ba dae se ba taa lwoni
ba nabaara bam kikia.
Kokuri to ba kwoa déem ye zwabani-nyena
balo wo na digili to mo.
Ba wo ke ba chega dedaane Wɛ,
ye ba lɔ o kwaga ne.
9Efrayim tiina jar-keira bam
déem fɔge ba che ba tete
dedaane jara-keim zela.
De ko de, jara yam dɛ dem
laam na yi to,
ba ma pipiri ba duri ba lu.
10Ba bere ba wo ke ba tɔge Wɛ ni-gwonim dem na bere tei to.
Ba maa wo tɔge o bera yam chwoŋa.
11Ba déem swei Wɛ totoŋa yam
ni ne mo,
dedaane wo-kenkagela yalo
o na ke o bere-ba to.
12O déem ke totoŋ-kamuna
ba nabaara bam tetare ne mo.
Zoan laŋa kam na wo Ejipti ne to mo konto.
13O ma pɔɔre naneo kom belei,
ye o daare o pa ba tɔge ko wone ba bɛ.
O pɛ se na bam zege mo cheppe
jagwia de jazem maama
ba daare chwoŋa ba tetare ne.
14Wea maama ne o déem yeini o pa
se kunkwoŋo mo tɔge ba yiga
ko bere-ba chwoŋa se ba taa via.
Ko daare tete ne,
o tɔge min-vogo baŋa ne mo
o pa-ba pwooni ye ba via.
15Ba na wo kagoa yuu ne to
mo o yare peero,
pa se na ta ba nwoŋi
tega kuri kuri ne,
ye ba nyɔ ba su.
16O ma pa se na bam buri
peero tem ne
ba chuuri ba vo
ne bu-tola na duri tei to.
17De konto maama de,
ba ta yɔɔre ba ke wɛleera
ba chɔge Yuu-tu Baŋa Wɛ yiga
kagoa kam wone,
de ba na virigi ba kwaga
ba ya‑o tei to.
18Ba déem yɔɔre ba paale mo
ba faŋe Wɛ ba nii,
de ba na lwoori‑o se o pa-ba wodiiru telo ba fera na zo to.
19Ba ma tiini ba ŋwaane Wɛ ye ba we,
“Wɛ za wó wane o na wodiu chekke
se o pa debam kagoa kanto wone na?
20Chega to, o mage peo kom
pa se na dedɛ nwoŋi ko wone
ba chuura.
Se ko ná ye wodiu,
o za wó wane o na nɔna
o pa debam se dé do na?”
21 Baŋa Wɛ nam na nigi
ba ŋwaana yam konto to,
o bane ma tiini de zaŋe ba baŋa ne.
O ban-lom dem ma fufugi
dedaane Isarele dwi tiina bam
pa se mini to ba tetare ne.
22Kokuri, ba wo ke ba wo-dedoa
de Wɛ.
Ba maa ba jege teena we
o wó wane o jwoŋi-ba o yage.
23Wɛ ma pa wɛyuu baŋa kam ni
se ka pore nenɛɛne bworru mo tei.
24O ma pa se Manna tɔge da
ya to tega ne
pa se nɔɔna bam di.
Mena yalo na nwoŋi Wɛ telaao ne to mo konto.
25Konto to, nabiina déem di malese sem wodiu mo.
Wɛ déem pɛ-ba wodiu kolo maama na wó maŋe ba dim to.
26O ma pa se wɛ-puli seeni vio
zaŋe wɛyuu ne ko fuli.
Ko ta ná ye tega-kuri seeni vio kom,
o mɛ o dam mo o kale-ko
o ja o nwoŋi.
27Konto baŋa ne mo o pɛ se zuna tu
ba faare tega kam jei maama ne.
Ba déem daga dedɛ
ne naneo ni kasolo dwoŋi mo,
pa se o nɔɔna bam na nɔna ba di.
28Wɛ ma pa zuna bam jaane ba ba
ba to o nɔɔna bam tigisim
jeiga kam tetare ne,
ba na chwi ba vwoa yam mɛ to.
29Ba maama ma di ba su ba daare,
Wɛ na pɛ-ba ba fera na zo
wodiu kolo to ŋwaane.
30Wodiu kom nam ya ta na wo
ba ni ne
ye ba wo di ba su ba fera yam to,
31Wɛ bane zaŋe ba baŋa ne.
O ma go balo na tiini ba ye babɛ ba wone to.
Isarele tiina nɔn-donno tem dedɛ mo o ti konto.
32De konto maama de,
Wɛ nɔɔna bam déem ta yɔɔre
ba ke wɛleera mo.
Ba ta wo ke ba wo-dedoa ded‑o,
de o na maŋe o ke wo-kenkagela
tei maama to de.
33Konto ŋwaane, Wɛ ma pa se
ba ŋwea kam ji kafɛ yerane,
pa se foone ja-ba
ye ba daare ba te lela.
34Wɛ na yeini o go ba badwonna to,
balo na daare to laam pipiri
ba fɔɔre ba yi o tei.
Ba ma seene ba yia
ba jwoori ba sɛ‑o.
35Ba déem laam guli we Yuu-tu Baŋa Wɛ mo ye ba dalem jei,
ye o ta kwori o ye ba Jwoŋinu wom.
36Ba nam na seini‑o tei to
ye ba ni-vɔɔ wone yerane mo.
Ba ma kwe ba yeila ded‑o
ye ba fɔe vwa ba pa‑o.
37Ba déem wo zege chega wone
ba pa‑o.
Ba nam wo sɛ ba tɔge ni delo
o na gwoni de-ba to.
38Konto maama de,
Wɛ ta duri ba yibwona.
O yage ba wɛleera o ma o chɛ-ba,
ye o peene o bane pa se
o wo chɔge-ba.
39O nam ke o boboŋa ne we
ba ye nabwona yerane mo.
Ba maa nye de vio mo na dole
ko kɛ tei to.
40Ba déem na beeri
kagoa kam wone to,
kuni dedɛ mo ba déem yeini
ba nwoŋi Wɛ ni dem kwaga ne,
pa se o wo tiini ko chɔge.
41Ba na faŋe‑o ba nii tei konto to
dae na-ni dedoa baŋa ne.
Ba déem nam pɛ se Isarele dwi dem
Wo-pwoŋo Tu wom yera chɛ.
42Ba ma swei o dam-fɔrɔ kom ni ne,
de o na vere-ba ba dona bam jeŋa ne tei to maama.
43Maŋa kam konto ne
Wɛ déem ke wo-kenkagela mo
Zoan laŋa kam na wo Ejipti ne to wone.
44O déem leiri na balo
na wo Ejipti bwi sem ne to mo
pa se ba ji jana.
Konto ŋwaane ba ma ga na
se ba mɔ bwi sem ne ba nyɔ.
45Wɛ déem ta pɛ se zɔɔro mo ba
te meeli Ejipti tiina bam te do.
Nanchane de ma jwoŋi jei sem maama se chɔge tega kam.
46O déem ta pɛ se kayere mo ba
se deilimi ba wodiiru
de ba teeni dem maama nyɔ!
47Ko ta ná ye ba Vini teeni dem,
de ba kaporro tem,
Wɛ déem pɛ se do-kandwa
dedaane do-fɔrɔ mo chɔge-te.
48Do-kandwa mo o mɛ o dole
ba naane dem o go.
Doa kam ma pepele ka bage
ba vare-mwa bam pa se ba de te.
49Wɛ déem pɛ se o ban-lom yɔɔre
de zaŋe ba baŋa ne mo.
O wo ma tiini ko fuli pa se
o toŋe lɛɛro ba yuu ne,
te na nye de malese kɔgɔ kolo
na jaane toone ko ba to.
50O maa wo zuri o bane de fenfee de.
O nam wo sɛ se o che
Ejipti tiina bam de toone.
O déem pɛ se jawe-chɛɔ mo ja-ba
ko go.
51O tɔge chwoŋa kam konto mo
o go ba bu-kwe sem maama.
Ham dwi dem bu-kwe sem mo konto.
52Ko daare ko ná ye o tete nɔɔna bam,
o jaane-ba mo o ja o nwoŋi
Ejipti teo kom wone.
O ma kale-ba pa ba tɔge
kagoa kam wo ba via,
ne ba ye o pei-kɔgɔ kom mo tei.
53O maa nii ba baŋa ne ye ba via,
ye foone tera ba tei ne.
Ko nam ná ye ba dona bam,
naneo kom mo kwoli-ba
pa se ba te ba maŋe na bam wone.
54Wɛ déem mo jaane o nɔɔna bam
o ja o vo o yi tega kalo
o na pɔɔre o pa o tete to.
Jei sem konto déem ye zwonnu laŋa mo,
Wɛ na mɛ o dam dem o wane-ka to.
55O ma zeili dwi-gɛ tiina bam
o daare tega kam
o pa o nɔɔna bam.
O laam ma chɛ tega kam o pa-ba,
se Isarele dwia yam maama
taa tei ba nyem,
ye ba zoore ka baŋa ne.
56Ba déem nam ta faŋe Yuu-tu Baŋa Wɛ wom ba nii,
ye ba daare ba lɔ o ni dem kwaga ne.
Ba ma ve se ba tɔge o bera yam.
57Ba yɔɔre ba ke ne ba kwoa bam
de déem na ke tei to mo.
Ba mɛ ba kwaga ba ya Baŋa Wɛ
ye ba tɔge zwabania kikia.
Ba maa ye yɔɔ yerane,
nenɛɛne taŋa kalo na gugwoli
ye ka ye tei to.
58Ba déem chuchugi Wɛ bane mo,
de ba na lɔge jei selo
ba na zuli jwona da to.
Ko ma pa se o wo gweene de-ba,
ba jwona kaanem to ŋwaane.
59Wɛ ma lɔre o nɔɔna bam
na ke tei to,
ye o bane tiini o zaŋe de-ba.
O ma yɔɔre o ve Isarele tiina bam we
ba daa dae o nɔɔna.
60Ko ná ye vwei delo
Wɛ na chwi Siloo ne
ye o déem zoore da
nabiina tetare ne to,
o ma nwoŋi jei sem konto
o viiri o daare-ba.
61O ma daare o pa ba dona bam pwola se ba vere
o ni-gwonim dakaa kam na bere o dam de o nenɔŋa na mae tei to.
62Wɛ bane na tiini de zaŋe
o tete nɔɔna bam baŋa ne konto to,
o yage-ba mo pa ba tɔge
jara baŋa ne ba te.
63Mini déem mo di ba nɔn-donno tem.
Ba bukwa bam de daa ba nae baara se ba zo.
64Ba kaanem tiina bam de tege
dam toone mo,
ye ba kaana bam wo nɛ pwola
se ba keeri ba lwi.
65Baŋa Wɛ wom laam ma pɛ o zaŋe
nenɛɛne nɔɔno na zaŋe
dɔɔm wone to.
O ma kaase tiguri-kaasa,
ne babea kalo na nyɔge sana
ye o bane zaŋe to.
66Wɛ déem laam ma zeili
o dona bam pa ba jage sae,
ye o daare o ke chaveera
ba kuri ne taa wuu.
67O daa ta na lage zoorem jei to,
o ve Josɛf bu Efrayim dwi tiina laŋa kam mo.
68O ma kuri Judah dwi tiina laŋa kam,
se o taa zoore Zion peo kom baŋa ne.
Jeiga kalo o na swoi to mo konto.
69O ma fɔge o lɔ o wara-diga kam
o zege
ne wɛyuu baŋa kam na ye tei to.
O ma pa ka tiini ka dana,
ne o na naane tega baŋa kam
se ka taa wora taa wuu tei to.
70Wɛ déem ta kuri David mo.
O ma vaŋe‑o o ja
o nwoŋi vara pwola ne
se o taa ye o tontoŋeno.
71David déem ya jege pei mo o nia.
Wɛ ma pa o ji nayero wolo
na nii Jakob dwi tiina bam
baŋa ne to.
Banto maa ye Wɛ tete nɔɔna
Isarele tiina bam.
72David maa jege-ba o nii lanyerane
de o bochare maama.
O déem dɛ o swa baŋa ne mo
o kale-ba o ke daane.",https://www.bible.com/bible/3661/PSA.78.KBG
LEI 79,"Wɛ-lworo Jerusalem ŋwaane
Asaf déem pane leiŋa kanto.
1Debam Tu Wɛ,
dwi-gɛ tiina bam mo tu
ba li nmo tete tega kam de jara.
Ba laam ma biini nmo diga
kalo na ye wose to,
ye ba ta daare ba pa Jerusalem ji di-dwonnu yerane.
2Ba go n tete tontoŋena bam
ye ba yage ba yera yam pwola ne,
se duura dedaane kago-vara
laam taa tui ba di-ya.
3Ba ta pɛ se n nɔɔna bam jana mo pwori Jerusalem jei sem maama ne,
nenɛɛne ba na pwori na tei to.
Nɔɔn-nɔɔno daa wo daare se kotu kwei twa bam o suli tega ne.
4Teene delo na bwola dedaane debam to mo gwooni debam.
Ba maa jege debam ba twea
ye ba mɔna.
5Debam Tu Baŋa Wɛ,
n bane dem wó taa wo
debam yuu ne taa
se de vo de maŋe yei ne mo?
N ban-lom dem wó taa wora wuu mo
ne bulu mini na?
6Jwoori n ke se n bane dem zaŋe dwi-gɛ tiina bam baŋa ne,
ba na wo sɛ se ba kɔre nmo to ŋwaane.
Banto maa ba tɔge nmo yere ŋwaane ba ware ba wara.
7Ba nam yɔɔre ba ti
Jakob dwi tiina bam
ye ba daare ba chɔge
ba tega kam mo.
8Nam yé kwei dé kwoa bam wɛleera
se n ma n waare debam ya ŋwaane.
Nam ke lela n ba n duri dé yibwona,
se dé teena maama ti mo.
9Debam Tu Wɛ, ba n woli debam,
nmo na ye dé Vereno to ŋwaane.
Da nmo tete yere dem ŋwaane
n ba n vere debam n yage,
se n daare n yage dé wɛleera
n ma n chɛ debam.
10Bɛŋwaane mo dwi-gɛ tiina bam
wó taa jege debam ba gwoona
ye ba tɛ we,
“Banto Wɛ wom nam bɛ?”
Dwi-gɛ tiina bam konto pɛ se
n nɔɔna bam jana pwori.
Jan ja! Ke keim se dé nii,
se ba lɔre we n lage n ŋwe
ba wɛleera jene mo ba baŋa ne.
11Cheigi peena bam na vuvuni tei to!
Ko ná ye balo na jege se ba go-ba to,
jwoŋi ba ŋwea n yage
se ba ta taa ŋwe.
12Baŋa We, jwoori n ŋwe n jene
teene delo na bwola dedaane debam to baŋa ne kuni berepɛ,
de ba na tiini ba twe‑m tei to.
13Konto laam maa wó pa se
dé taa tei‑m taa wuu.
Dé nam ye n nɔɔna mo
ye n de nii dé baŋa ne,
ne nayero na nii o pei-kɔgɔ tei to.
Dé wó taa zuli nmo wuu,
se dé bia dedaane banto de bia
de ba ba zuli‑m taa wuu.",https://www.bible.com/bible/3661/PSA.79.KBG
LEI 80,"Wɛ-lworo Isarele tiina bam zeinim ŋwaane
Asaf déem pane leiŋa kanto.
1Debam Tu Wɛ,
cheigi debam lworo kom!
Nmo ye Isarele dwi tiina bam nayero mo.
N yeini n tɔge Josɛf dwi tiina bam yiga n via
ne nayero na kale o pei tei to mo.
Nmo ye wolo na di paare
cherubi sem tetare laŋa ne.
Nam pa n nenɔŋ-fɔrɔ kom nyeene
ko lɔre jaja,
2ko pa Efrayim, de Benjamin,
de Manasɛ dwi tiina bam.
Zaŋe de n dam se n daare n ba
n jwoŋi debam n yage!
3Debam Tu Wɛ, pa dé jwoori
dé zege de dam!
Pa n yibia jeeri debam seeni
se dé na verem.
4Paŋwa Tu Baŋa Wɛ,
nmo nɔɔna bam yeini
ba lwoori zeinim n tei ne,
ye n bane zaŋe ba baŋa ne
se bɛ mo?
Ko ta wó taa ye konto mo taa
se ko vo ko maŋe yei ne mo?
5Nmo pɛ se dé na tiini dé ka
yi-na balo to mo ji
debam ni-wodiu.
Dé maa nyɔ dé yi-na bam dé su.
6Nmo ta pɛ se teene delo
na gilimi debam to
bane zaŋe debam ŋwaane.
Dé dona bam maa jege debam
ba mɔna.
7Paŋwa Tu Wɛ wom,
pa dé jwoori dé zege de dam!
Pa n yibia jeeri debam seeni
se dé na verem.
8Nmo déem na jaane dé kwoa bam
n ja n nwoŋi Ejipti ne to,
ko nye de Vini tio mo n na kwei
n ja n vo se n jeiri tei to.
N zeili dwi-gɛ tiina bam
n daare ba tega kam
se n jeiri debam jei sem konto ne.
9N kwɛ tega kam n pa debam,
ye dé fɔge dé yerege dé su
tega kam maama.
10Ko nye de Vini tio vɔɔro tem
na kwoli peero tem,
ye ko nɛ sem nwoŋi se vo se yi
Sedare teeni kamunnu tem
se li-te tei to mo.
11Ko nɛ sem ta ma jage
se yi tega kam maama
ko na zege Mediterania naneo kom ni ne
se ko vo ko yi Yuferata
buga kam seeni to.
12Konto to, bɛ nam daa mo kea
ye n pa tega kam laam ji di-dwonnu?
Veira de nɛ chwoŋa se ba zo
ba vere ba boboŋa wonnu.
13Ko nye de ga-teira mo nwoŋi
kagoa wone ya vei ya nɔne
ya chɔge Vini tio kom,
ye kago-vara de vei ba di
tio-bia bam maama.
14Paŋwa Tu Wɛ wom,
pipiri n jwoori n ba debam tei!
Zege wɛyuu ne n tiiri
n nii debam seeni.
Fɔge n nii debam balo
na ye n nɔɔna to baŋa ne.
15Dé ye Vini tio kolo
nmo tete na jeiri to mo.
Nam ba n kwɛ n bu wolo
n na kɔne se o ke nɔɔno to.
16Dé dona bam gwoni nmo Vini tio kom ba de tega ne,
ye ba daare ba zwɛ-ko.
Zaŋe n bwɛ-ba se ba na chɔgem.
17Ko daare se n pa wolo n na kuri to
zege de dam,
o na ye nabiinu bu wolo n na kɔne se o ke nɔɔno to ŋwaane.
18Konto, dé daa bá jwoori
dé lɔ nmo kwaga ne.
Nam pa dé jwoori dé na ŋwea,
se dé wane dé bwoŋi n yere dem
dé pa‑m zula.
19Paŋwa Tu Baŋa Wɛ
pa dé jwoori dé zege de dam!
Pa n yibia jeeri debam seeni
se dé na verem.",https://www.bible.com/bible/3661/PSA.80.KBG
LEI 81,"Kuri dim leiŋa
Asaf déem pane leiŋa kanto.
1Wɛ mo ye wolo
na pae debam dam to.
Leeni-na de kwor-dɛa á zuli‑o!
Bage-na de wopwolo á zuli Jakob dwi tiina Wɛ wom.
2Bage-na leiŋa! Wɔ-na senyɛ,
se á daare á ta-na kwanno dwi dwi
se te kwori taa ywomma.
3Wu-na nabwanno chan-doŋa kam maŋa ne,
se ko woli de chan-pwoŋa
maŋa kam de,
dé na bobo dé kuri dim to ne.
4Jakob dwi tiina bam Wɛ wom mo pɛ ni
se á ke konto Isarele teo kom ne.
5O déem na nwoŋi se o vere Josɛf dwi tiina bam
o yage Ejipti tiina bam jeŋa ne to
mo o pɛ bera yam konto.
Amo nigi kwora mo
ye a wo lɔre ka tu.
Ka maa we:
6“Amo dɔne zela yalo ya na wo
á bakale baŋa ne to
a yage dáa ne,
ye a daare a jwoŋi á totoŋ-dɛɛra yam á jeŋa ne se á sii.
7Chanɛɛre na jaane abam ye
á lwoori wolim amo tei ne to,
a ma sɛ pa a jwoŋi abam a yage.
Doa na bage kunkwon-liliru wone to,
a tɔge da a leiri á wɛ-lworo kom.
A ta ma faŋe abam se a nii
Meriba buli-yi dem seeni.
8Amo nɔɔna bam, cheigi-na,
se amo mo lage a korese abam
Isarele tiina bam,
ko ya maŋe se á sɛ
se á cheigi amo bera yam.
9Ko dae se á daa ta‑á jege wɛ-gaa
á woli amo wone.
Yé tiiri-na tega ne á zuli wɛ delo
na ye sa-teena nyem to.
10Amo yerane mo ye abam Tu
Baŋa Wɛ wom,
a na jaane abam a ja
a nwoŋi Ejipti teo ne to.
Puri-na á nia jaja,
se a lage a ke wo-laaro dedɛ mo da a pa abam.
11De konto maama de,
amo nɔɔna bam ba lage
se ba taa cheigi amo taane dem.
Amo nɔɔna Isarele tiina bam
wo sɛ ba pa-ne.
12Konto ŋwaane mo a yage-ba
se ba taa ke ba tɔge
ba wo-dɛɔ kom na lage tei to.
A ma pa-ba pwola se ba toŋe
ba su ba fera.
13Ko nam ya maŋe se a nɔɔna Isarele tiina bam sɛ a ni,
ye ba ta tɔge a chwei sem.
14Ba ya ná ke konto, a ya wó wane ba dona bam lela,
de a jeŋa na yɔɔre ka zo-ba tei to.
15Wolo maama de na chuli-ne to
maa wó ba o gwane
amo yiga ne de foone.
Kotu maa wó na waarem taa wuu.
16Amo nam ya wó pa abam
wodi-laaro dedaane tooro
se á ta‑á di á sui.”",https://www.bible.com/bible/3661/PSA.81.KBG
LEI 82,"Wɛ bora borem taane
Asaf déem pane leiŋa kanto.
1Wɛ mo tɔge de wɛyuu dedɛɛra badwonna
o jei ba kɔgɔ kom yiga ne.
O laam maa lage o zege
ba maama tetare ne
o di ba taane.
2O maa we:
“Abam ta wó taa bore vwa bora taa
se á vo á maŋe yei ne mo?
Á na ke tei to, á yeini á zege
puseŋ-nyena kwaga ne
pa se ba na ba bora kalo
na dae ba nyem to.
3Abam nam jege se á yiga taa wo nabwona de botara wone mo,
se á daare á zege balo na nɛ bɛɛsem de chanɛɛre to kwaga ne.
4Ko ta ná ye zora de yiniga tiina,
se á jwoŋi-ba puseŋ-nyena bam jeŋa ne á yage.”
5Dedɛɛra bam konto nam yeiri kolokolo
ye ba boboŋa tera.
Ba kare ba taane mo lim wone.
Tega kam baŋa maa ziziŋa
ka tu ka yi ka kuri maama.
6Amo déem tage a we,
“Á ye wa mo.
Abam maama ye Yuu-tu Baŋa Wɛ wom bia.
7De konto de, abam jege se á te mo,
nenɛɛne nabiina de dedɛɛra maama
na jege se ba te tei to.”
8Dé Tu Wɛ wom,
zaŋe wɛɛne n ke n totoŋa!
Zaŋe n di nabiina taane!
Kokuri, nmo mo tei logo baŋa teene dem maama.",https://www.bible.com/bible/3661/PSA.82.KBG
LEI 83,"Wɛ-lworo zeinim ŋwaane
Asaf déem pane leiŋa kanto.
1Debam Tu Wɛ, yé ta‑n jei
n nii konto chemm!
Yé ta‑n ke nenɛɛne
n yiga mo ga tera to!
2Nii mo! N dona bam tiini
ba vuvugi mo.
Balo na chuli‑m to
ke chichuŋu de nmo.
3Ba jege bana mo
se ba ma chɔge n nɔɔna bam.
Dé ye balo nmo na kuri
n pa n tete to,
ye banto lage ba ke swa dedaane debam.
4Ba bane daane mo ba we,
“Ba-na se dé ke daane
dé chɔge ba maama
se ba dwi dem ti,
se ba yere saare logo baŋa ne.”
5N dona bam mo yɔɔre
ba ke ni daane
se ba ywori nmo kwaga ne.
Balo na sɛ se ba tɔge daane ba ke
chichuŋu de nmo to mo tento:
6Nɔɔna balo na zoore
Edom te-nia yam ne to,
de Isameli dwi tiina bam,
de Moaba tiina bam,
de Hagiri tiina bam,
7ko ta woli de Gebale tiina,
de Amon tiina,
de Amaleki tiina bam,
de Filisi tiina bam,
de Tura teo nɔn-bia bam.
8Asiria tiina bam de mo dɛ
ba woli ba wone,
se Lot dwi tiina bam wane
ba fɔge ba na dam dedɛ.
9Nam zaŋe n chɔge banto maama
nenɛɛne n déem na toŋe tei
de Midian tiina bam to.
Ke-ba ne n na ke Sisera de Jabin yera ne tetei
ye n di-ba Kison buga kam seeni to.
10Nmo déem yɔɔre n chɔge-ba mo
Endora ne,
pa se ba yera tigi tega baŋa
ne ne popɔnɔ mo tei.
11Pa se n dona nɔn-yum tem te
nenɛɛne Oreba de Zeebi
déem na tege tetei to,
se ba dedɛɛra bam de te
ne Zeba de Zalemuna toone dem
na tɔge tei to.
12Banto balei déem mo tage ba we,
“Pa dé vere Wɛ tete tega kam pwoli sem dé taa tei!”
13Amo Tu Wɛ, pa se ba jage
jei maama ne,
nenɛɛne vio na kale weero
de ga-korro ko ja jei tei to.
14Ke-ba ne mini na di goa wo teeni
ye de tane dedaane peo yuu
gaaro tei to.
15Nmo de nam ke konto dwoŋi
n kwei vo-fɔrɔ n ma n pare-ba
se foone tiini de ja-ba.
16 Baŋa Wɛ, ta pa se chaveera
yɔɔre de ja-ba
se ba kwoli ba yibia,
ye ba daare ba sɛ ba pa n yere dem.
17Sɛ se chaveera de foone ja banto
taa wuu,
se ba daare ba yaale ba te.
18Nmo wolo yere na ye Baŋa Wɛ to,
pa se ba lɔre we nmo yerane mo
ye Yuu-tu Wɛ wom
ye n tei logo kom baŋa maama.",https://www.bible.com/bible/3661/PSA.83.KBG
LEI 84,"Wɛ zula lana dedɛ
Kora bu-baara déem pane leiŋa kanto.
1Paŋwa Tu Baŋa Wɛ!
Jei selo nmo na zoore to
tiini se lana se pa-ne!
2Nmo wara-jei sem tiini
se jege fera se pa-ne,
ye a boboŋa yeini ya wo se wone.
A maa kwaane a leeni wopwolo lei
de a wo maama de a bochare maama,
se a ma zuli nmo wolo na ye
Ŋwea Tu Wɛ wom to yere.
3Ko ná ye zuna balo na sɔ ba pworu
nmo wara-jei sem ne to tete,
ba tiini ba jege yu-ywoŋo.
Kawɛbidwoora de maa na jeiga
se ba lwei ba bia da.
Ko maa ye mɛ na bwola de
nmo kaanem bimbini dem to.
Paŋwa Tu Baŋa Wɛ,
nmo mo ye amo Pɛ de a Wɛ wom.
4Balo maama na zoore
nmo wara-jei sem wone to
tiini ba jege yu-ywoŋo lanyerane.
Banto wó taa leeni tia lei mo
ba zuli‑m.
5Balo na dɛ nmo ŋwaane ba na dam to
jege yu-ywoŋo dedɛ.
Banto mo ye balo na ke ba boboŋa ne
se ba vo ba yi nmo tei
Zion teo kom wone to.
6Ba na wora ba tɔge Baka bwolo kom ba kɛ to,
na-zura yeini ba buri
jei sem konto ne mo.
Doa de maa yeini ka nena
ye ka tagele jei sem maama
de chwaro.
7Ba vei yiga de dam mo ba maa kɛa,
se ba laam vo ba yi Zion teo kom
ba vo ba zege Wɛ yiga ne.
8Paŋwa Tu Baŋa Wɛ, ja!
Cheigi amo wɛ-lworo kom.
Nmo wolo na ye Jakob Wɛ wom to
sɛ amo na lwoori kolo to.
9Debam Tu Wɛ, fɔge n nii
dé pɛ wom baŋa ne,
de o na cho debam dé cham wone to ŋwaane.
Pa n yiga taa wo pɛ wolo
nmo na kuri to wone.
10Dɛ dedwe puna puna wone
nɔɔno ná kwei
ye o wo nmo wara-jei sem ne,
ko gare o ná vei jei de jei
o ke bena moro da!
Amo tei ne, a ya ná nɛ pwola
se a taa zege nmo sɔŋɔ kom manchwo-peena yam ne
a yere jei sem konto,
ko ya wó dwoni a na wó taa zoore puseŋ-nyena tetare ne to.
11Debam Tu Baŋa Wɛ wom
ye pwooni mo o pa debam.
O daa ta maa cho debam
dedaane cham.
O maa nii debam baŋa ne
ye o pa dé na zaane de zula lanyerane.
Ko ná ye balo na tɔge chwoŋa
ye ba ba tusi to,
o ba ve-ba wo-laaro de dedoa de.
12Paŋwa Tu Baŋa Wɛ,
balo maama na sɛ nmo de wo-dedoa to
seene ba jege yu-ywoŋo dedɛ!",https://www.bible.com/bible/3661/PSA.84.KBG
LEI 85,"Wɛ-lworo yazura ŋwaane
Kora bu-baara déem pane leiŋa kanto.
1 Baŋa Wɛ, nmo pɛ se n zaane wo n tega kam baŋa ne.
Nmo ma-n pa se Jakob dwi tiina bam jwoori ba zege de dam.
2N ta kwei n nɔɔna bam tusim dem mo
n yage n ma‑n chɛ-ba,
pa se ba wɛleera maama kwoli.
3Nmo ma‑n zuri n ban-lom dem
se de daa yé taa wo debam yuu ne.
4Nmo Wɛ ye debam Vereno mo.
Ja, pa se dé jwoori dé fɔge
dé zege de dam.
Daa‑n yé ma n kwaga n ya debam.
5N wó pa n bane dem taa wo debam baŋa ne taa wuu
se n ta kwei-de n daŋe
dé bia bam baŋa ne na?
6N bá‑n jwoori n pa dé fɔge
dé na yazura na?
N ná ke konto,
debam balo na ye n nɔɔna to
daa wó taa di ywoni nmo ŋwaane.
7 Baŋa Wɛ, pa se dé lɔre n na yɔɔre
n jege dé swono tei to,
se n daare n jwoŋi debam n yage.
8Amo nam wó cheigi se a ni
Yuu-Tu Baŋa Wɛ na wó ta kolo to.
O maa ŋɔɔne yazura taane mo
de o nɔɔna balo na jege chega ded‑o to.
Ko nam dae se banto jwoori
ba zo ba jworim kikia wone.
9Chega ŋwaane to, o lage o ke lela mo
o jwoŋi balo na kɔre‑o to o yage.
Konto maa wó pa se
o nenɔŋ-fɔrɔ kom taa nae jaja
debam tega kam jei maama ne.
10Swono dedaane chega tɔgem
mo jeeri daane.
Nɔn-ŋonne kikia de yazura
maa kukwori daane.
11Ka-zege-ka-chega-wone mo lage
ka ta ka nwoŋi tega ne.
Ka-tɔge-chega de maa zege wɛyuu ne
ka nii tega baŋa seeni.
12Chega ŋwaane to,
Baŋa Wɛ wó pa dé na wo-laaro.
Dé tega kam de maa wó ke wodiiru
kɛɛla-kɛɛla ka pa debam.
13Chega borem mo tɔge Wɛ yiga ka via,
pa se o na chwoŋa o tɔge da.",https://www.bible.com/bible/3661/PSA.85.KBG
LEI 86,"Wɛ-lworo zeinim ŋwaane
David déem pane leiŋa kanto.
1 Baŋa Wɛ, pore n zwa
se n cheigi a wɛ-lworo kom,
se amo ye nabwom mo
ye yiniga jege-ne.
2Ta‑n cho a ŋwea,
a na ke a chega de nmo to ŋwaane.
A ye n tontoŋeno mo,
ye a ta ke a wo-dedoa dede‑m.
Jwoŋi-ne n yage, se nmo mo ye amo Tu Wɛ wom.
3Amo Teiru Wɛ, duri amo yibwona,
se a yɔɔre a keeri a jare nmo mo
dɛ dem maama wone.
4Ta pa se a di ywoni.
Amo Teiru, nmo mo
a kwei a tete a pa‑m.
5Nmo Baŋa Wɛ yɔɔre n lana.
N yiga maa wo nɔɔna wone
se n kwei ba wɛleera
n ma n chɛ-ba.
Ko ná ye balo maama na lwoori wolim n tei ne to,
n tiini n jege ba swono mo taa wuu.
6Amo Tu Baŋa Wɛ,
cheigi a wɛ-lworo kom,
de a na ŋwane n yiga ne tei to.
7Amo ná zo cham wone,
a yeini a lwoori wolim mo n tei ne.
Kokuri, a yei we nmo wó leiri
a wɛ-lworo kom.
8Amo Teiru, nmo dwoŋi tera
wa yam maama wone.
Nmo totoŋ-kamuna yam de
ba jege dwoŋi.
9Logo baŋa teene dem maama nɔɔna
wó ba ba jeeri nmo yiga ne
ba tiiri ba zuli‑m,
se ko ye nmo mo ke
teene dem maama.
Ba maa wó pa se nmo yere dem
na zula.
10Kokuri to, nmo tiini n jege dam
ye n toŋe wo-kenkagela dedɛ.
Nmo yerane mo nam ye Wɛ.
11 Baŋa Wɛ, pa se a lɔre n chwoŋa kam,
se a taa wae a vei
a tɔge n chega kam.
Ta pa se a taa jege boboŋe dedwe
a ŋwea wone
se ko pa a taa kɔre
n yere dem yerane.
12Amo Teiru Wɛ,
amo wó tiini a tei‑m
de a bochare maama.
A ta wó zuli n yere dem
se ko taa vei wuu.
13Kolo ŋwaane, nmo na tiini
n swoi amo tei to gaale.
N ma‑n che toone
se de yé wane-ne de ja.
14Amo Tu Wɛ, banegero nyena
mo zaŋe ba zege amo zega.
Nankɔɔre nyena ma ke daane
ba kwaane se ba go-ne.
A dona bam konto yiga tera de nmo.
15Baŋa Wɛ, nmo nam jege nabiina ŋwaŋa,
ye n ke zaane n ke ba yuu ne.
N ma‑n yeini n peene n bane.
N swono kom gaale,
ye n chega kam de bá fɔge ka ti.
16Nam tiiri n nii amo seeni,
se n daare n duri a ŋwaŋa.
A ye n tontoŋeno mo.
Pa se a fɔge a na dam.
Chega to, a ye kabaa mo n sɔŋɔ ne.
Nam jwoŋi-ne n yage.
17Ke wo-memaŋe n bere-ne,
se ko bere we n yiga wo amo wone.
A dona bam maa wó lɔre
ko na ye tei to
ye chaveera di-ba ko ŋwaane.
Kokuri to, nmo Baŋa Wɛ mo zeini-ne
ye n ta pae se a wo zura.",https://www.bible.com/bible/3661/PSA.86.KBG
LEI 87,"Zion ye Baŋa Wɛ tete teo mo
Kora bu-baara déem pane leiŋa kanto.
1 Baŋa Wɛ tete mo chwi
Zion teo kom kuri
peo kolo o na pɔɔre o pa o tete to baŋa ne.
2O nam tiini o swoi ko taane
se ko dwoni teene delo maama
Jakob dwi tiina na zoore
de wone to.
3Zion, nmo ye Wɛ tete teo mo!
Ba yeini ba jege wo-kamuna
dwi dwi mo ba ŋɔɔna ba pa‑m.
Baŋa Wɛ maa we:
4Amo ná yeini a tɛ
balo na sɛ amo to taane,
Ejipti de Babilon tiina mo
wó woli ba wone.
Nii-na, Filisi tiina, de Tura tiina,
ko ta woli de Kusi tiina,
ba maama wó ta ba we,
“Ba loge wonto Zion wone mo.”
5Ko ná ye balo na zoore Zion wone to,
ba wó taa tɛ ba taane ba we,
“Ba loge wonto de wonto maama teo kom wone mo.
Yuu-tu Baŋa Wɛ wó pa teo kom
taa jege dam.”
6 Baŋa Wɛ wó popone dwi tiina maama yera dedoa dedoa o tiŋi.
O maa wó ta we, “Ba loge wonto de Zion wone mo.”
7Ba maama wó taa kwɛɛra
ye ba leeni ba we,
“Amo kuri dem nwoŋi
Zion teo ne mo.”",https://www.bible.com/bible/3661/PSA.87.KBG
LEI 88,"Wɛ-lworo lwia ŋwaane
Kora bu-baara déem pane leiŋa kanto ye Ezera dwi tu Heman woli-ba.
1 Baŋa Wɛ, nmo mo ye wolo
na vere-ne n yage to.
Amo nam keeri a jare nmo mo
wea dedaane tete maama.
2Ja, pore n zwa
n cheigi a wɛ-lworo kom,
se n daare n zeini-ne.
3Chanɛɛra dedɛ tiini ya daane
a ŋwea maama mo,
pa se toone lage de ja-ne lela.
4Nɔɔna maa nii amo we
a lage a te mo
se a vo a maŋe tega kuri ne.
Amo nye de wolo dam daa na tere o tei ne to mo.
5Amo ba gare balo na maŋe ba te
ye ba tigi ba bɔɔna wone to.
A maa nye de balo
n na swei ba ni ne
ye n yiga daa tere ba wone to.
6N yɔɔre n dole-ne mo
n yage gwoŋ-chanluŋu wone,
pa se a jei yibiri wone.
7Nmo ban-lom dem yɔɔre
de wo amo yuu ne.
N ma‑n pa se cham dedɛ yi amo
ne naneo wo na-ŋone na bibili
se tɔge amo baŋa
se maa kɛa de dam tei to.
8N pwɛ amo de a badwoŋ-swonnu tem daane,
a na jigi wo-zɔɔne ba tei ne to ŋwaane.
Ko nye de a na to kalanchogo wone
ye a daa ware se a lu tei to mo.
9A laam keeri keeri
pa a yia suli de yi-na,
a wo na chɔge to ŋwaane.
Baŋa Wɛ, dɛ maama wone
amo keeri a jare nmo mo.
A maa yeini a zeiŋi a jea
a lwoori zeinim n tei ne.
10Ko nam ná ye balo na tege to,
nmo ta toŋe wo-kenkagela
n pa-ba na?
Banto daa wó wane ba zaŋe wɛɛne
se ba taa tei‑m na?
11Balo na suli ba tigi tega kuri ne to
daa wó taa tɛ n swono kom taane na?
Balo na wo churu ne to
daa wó taa bere n na zege
n chega kam wone tei to na?
12Ba wó wane ba jeini jei selo
na ye lim yerane to wone
ba lɔre n wo-kenkagela yam
ni ne na?
Nmo ta na toŋe wo-laaro telo to
wó bere jei selo nɔɔna na swei woŋo maama ni ne to na?
13 Baŋa Wɛ, ko nam ná ye amo,
a yeini a keeri a gwori nmo mo.
Zezeŋa maama a yeini
a lwoori wolim mo n tei ne.
14Amo Tu Baŋa Wɛ, bɛ nam mo kea
ye n ve-ne konto?
Bɛ mo ye n laam pipiri n kwaga
n ya amo?
15Ko na maŋe ko zege
a nɔn-donne maŋa ne to
a yɔɔre a yaare taa mo
ye toone tiini de bwola a tei ne.
Nmo pɛ se chanɛɛra yɔɔre
ya fugi-ne mo,
pa se a dam maama ti.
16Nmo ban-lom dem dwoi
amo jaanem.
N ta na lwogi lɛɛro telo
amo yuu ne to mo
lage te pa a ŋwea kam chɔge.
17Chanɛɛra yam konto tiini
ya daane-ne dɛ maama wone.
Ya ma kaare a maama ya pu
ne na-fwaaro to.
18Nmo pɛ se a fara de a badwoŋ-swonnu maama lɔŋe-ne.
Leile konto yibiri yerane mo
wo amo tei ne.",https://www.bible.com/bible/3661/PSA.88.KBG
LEI 89,"Baŋa Wɛ swono wora taa wuu
Ezera dwi tu Etan déem pane leiŋa kanto.
1Amo wó taa leeni mo a seini Baŋa Wɛ swono kikia yam,
ye a bá yage.
Amo ni taane dem wó pa se
nɔɔna maama de ba bia bam
lɔre nmo na zege n chega kam wone tei to.
2Chega to, n swono kom wora mo
taa wuu ye ko bá jei.
Maŋa maama n zege n chega wone,
nenɛɛne wɛyuu kom na fɔge
ko jege dam taa wuu tei to.
3Nmo, Baŋa Wɛ tage n we:
“Amo ke ni-sɛɛm mo
de Pɛ wolo a na kuri to.
Wonto ye a tontoŋeno David
ye a dugi duuri dedaane‑o we:
4Nmo dwi dem wó taa wora
taa wuu, de bá jei,
pa se n bia wone nɔɔno mo
wó taa di paare
se ko taa vei wuu.”
5Amo Tu Baŋa Wɛ,
wɛyuu kom maama mo lage
ko seini nmo totoŋ-kamunnu tem.
Chega to, wɛyuu malese sem
maa gilimi se tei nmo,
de n na zege de chega to ŋwaane.
6Wɛyuu kom maama na tigi palalala to,
nmo dwoŋi tera.
Ko nam ná ye wa de malese maama,
ba wolowolo ba mae
de nmo Baŋa Wɛ!
7Malese sem ná jeeri nmo yiga ne,
se wó taa kɔre foone de nmo mo,
nmo na tiini n maŋe de zula
n dwoi balo maama na wora to ŋwaane.
8Paŋwa Tu Baŋa Wɛ,
nmo ba jege dwoŋi!
Nɔɔn-nɔɔno tera o na jege dam
nenɛɛne nmo to.
Nmo keina maama wone mo
n zege n chega kam wone.
9Ko ná ye naneo kom
de ko pɔgelem dem,
nmo mo jege dam ko baŋa ne.
Ko na-ŋone sem ná fufugi dedɛ,
n yeini n pa ko ke ziim mo.
10Nmo déem jaane naneo wo juru Rahaba n chochoge.
N ta mɛ n dam dem
n zeili n dona bam maama
pa ba jage.
11Wɛyuu dedaane tega baŋa maama
ye nmo nyem mo.
Logo baŋa de woŋo kolo maama na wo ko wone to,
ko ye nmo mo naane te maama.
12Logo kom wɛ-baŋa seeni
dedaane tega-kuri seeni
ye nmo mo naane se maama.
Tabora peo kom de Heremon peo kom tei nmo yere dem,
ne nɔɔna na leeni de wopwolo tei to.
13N jeŋa kam tiini ka jege dam!
N jazem dem maa wo wɛɛne,
n na di n dona to ŋwaane.
14Nmo paare dem jege dam,
n na tɔge chega
n tei n nɔɔna bam to ŋwaane.
Nmo na ke tei to,
n bere n swono kom
de n chega kam na ye tei to
maŋa maama.
15Amo Tu Baŋa Wɛ,
balo na yei se ba zuli n yere dem to
jege yu-ywoŋo dedɛ.
Nmo lanyerane dem mo kwoli-ba
ba veiŋa maama wone.
16Dɛ dem maama wone ba yeini
ba tei n yere de wopwolo.
Ba maa pa‑m zula,
n na tɔge chega yerane to ŋwaane.
17Nmo mo ye wolo na pae debam
dam de nenɔŋ-fɔrɔ to.
Nmo na yeini n ke zaane
debam yuu ne to
mo pa dé di wɔnɔ.
18Dé Pɛ wom ye wolo
Baŋa Wɛ na kuri to.
O maa cho debam dé cham wone
ne jara-keim nantana mo tei.
Dé Pɛ wom ye Isarele dwi dem
Wo-pwoŋo Tu wom mo tei‑o.
Baŋa Wɛ ni-gwonim de Pɛ David
19Faŋa faŋa to, n déem veere n tete
de n ni-jwoŋina bam ye n we:
“Amo zeini bembea dedoa
pa se o jwoŋi dam.
Chega to, a kuri nɔn-doŋo
nabwona wone
ye a daare a zeiŋi‑o se o na zula.
20Amo nɛ a tontoŋeno David,
ye a le‑o se o ji pɛ.
A ma lwo a tete swolim nuga kam
o yuu ne, se a ma tiŋi‑o paare.
21Amo mo lage a pa o zege cheppe.
A ta wó twe a jeŋa
se a pa o na dam.
22O dona bá fɔge ba zaŋe o baŋa ne
ba wane‑o.
Puseŋ-nyena de nam bá wane
ba bɛɛse‑o.
23Amo wó zeili o sebanyena o yiga ne,
ye a daare a chɔge-ba.
A ta wó mage balo maama na chuli‑o to a de tega ne.
24Amo wó taa zege o kwaga ne
maŋa maama.
A swono kom de wó taa wo o tei ne.
A ta wó pa o na dam de zula
amo tete yere ŋwaane.
25Ko ná ye teene delo na wo
naneero tem kwaga ne to,
dedaane delo na wo
bu-faaro tem kwaga ne to,
a wó pa o dam se o taa tei-de
o woli o paare dem wone.
26Pɛ David wó taa bwoi a yere
ye o we,
‘Nmo mo ye amo Kwo.
N ta maa ye amo Wɛ wom.
N ye peo kolo na ye amo dalem jei to mo
ye a na verem n tei ne.’
27Chega to, a lage a pa o ji
amo bu-kwea mo.
O wó di paare se ko taa dwoi
logo baŋa pwa bam maama.
28A swono kom wó taa wo o tei ne
taa wuu.
A daa bá fɔge a lɔ ni-sɛɛm delo
a na ke ded‑o to kwaga ne.
29Amo wó pa o dwi dem taa wora
taa wuu, de bá jei,
pa se o bia wone nɔɔno taa di paare,
nenɛɛne wɛyuu kom na wora
taa wuu tei to.
30Dɛ delo o bia bam wó lɔ
amo nia yam kwaga ne,
ye ba ve se ba taa tɔge
amo chwei sem.
31Ba wae ba yage a bera yam,
ye ba ve a ni-kaana yam.
32Ba ná ke konto,
amo wó waare-ba
ba tusim dem ŋwaane.
Chega to, a lage a tiini a mage-ba
ba wɛleera yam ŋwaane mo.
33De konto maama de,
a daa bá chɔge a swono kom
a na jege de David to.
Amo ta wó taa zege
a chega kam kwaga ne a pa‑o.
34Amo na gwoni ni delo a pa‑o to mo
a bá fɔge a lɔ de kwaga ne.
A bá kwane kampwola kalo
a na pwooli ded‑o to.
35Bedwe baŋa ne mo a dugi duuri
ded‑o a tete yere dem ŋwaane,
ye ko ti.
A bere a bá fɔ vwa ded‑o.
36Chega to, amo wó pa o dwi dem
taa wora taa wuu, de bá jei,
pa se o bia wone nɔɔno
taa di paare taa wuu,
nenɛɛne wea kam na zege
wɛyuu ne tei to.
37David de o dwi paare dem
wó taa zege de dam.
De ta wó bere Wɛ chega kam jaja
nenɛɛne chana kam na wo
wɛyuu ne ka nae jaja tei to.”
Wo-chechɔgɔ leiŋa
38 Baŋa Wɛ, nmo bane laam nam zaŋe mo.
Ko ná ye pɛ wolo nmo tete na kuri to,
nmo mɛ n kwaga n ya wonto,
ye n ve‑o.
39N ta ma chɔge ni delo n na gwoni
de n tontoŋeno wom to
ye n daare n dole o paare yipuga kam n de tega ne
pa kasolo taare ka maama.
40Nmo pɛ se o teo kom kabiri sem
bwori se to tega ne.
Dam jei selo ya na wó kwoli‑o to
laam jigi di-dwonnu.
41Veira balo maama
na tɔge da ba kɛ to
de yeini ba pɛ o jejegero mo
ba ja ba viiri.
Teene delo na gilimi debam to nɔn-bia bam
maa jege dé pɛ wom ba gwoona.
42N ma-n pa se o dona bam na dam
dedaane zula.
Ba maa tiini ba jege wopwolo
ye ba kwɛɛra.
43O na kwaare jara to,
n pɛ o jwoori kwaga
o dona bam yiga ne.
N wo sɛ se n woli‑o jara yam wone
ye o dona bam di‑o.
44N kwei o paare zela yam
n dole n yage,
pa se o daa ba jege nenɔŋa.
45N ta pɛ se kokweero mo yi‑o lela,
ye o jege o chaveera o di.
Wɛ-lworo zeinim ŋwaane
46Amo Tu Baŋa Wɛ!
Konto to, ko wó taa ye tento mo taa na?
N wó ta‑n seigi n tete
maŋa maama mo na?
N bane na tiini de zaŋe to,
n bá‑n pa de zuri lela na?
47Yé swei we amo ŋwea kam
ye kukua mo.
Bɛ mo ye n pa se nabiina maama ŋwea ye kafɛ yerane konto?
48Nɔɔn-nɔɔno tera o na ŋwe
ye o wane o lu toone jeŋa ne.
Nɔɔno maama jege se o te
ye o daare o zo tega kuri.
49Baŋa Wɛ, nmo déem dugi duuri we
n swono kom wó taa wo
Pɛ David tei ne.
N swono kom konto
laam nam jei mo na?
N ta zege n chega kam kwaga ne na?
50Amo Teiru Wɛ, amo wolo na ye
n tontoŋeno to nɛ a chaveera,
Nɔɔna jege-ne ba ke ba mɔna dedɛ.
Laam nam guli amo gula.
51Amo Tu Baŋa Wɛ!
Amo mo ye Pɛ wolo
nmo na kuri to.
Ko ye n dona bam mo jege-ne
ba twea.
Amo ná vei mɛ maama,
ba yeini ba mɔne-ne dedɛ.
52 Baŋa Wɛ maŋe de tia
se ko taa vei wuu!
Ameena! Ameena!
Lei Tɔnɔ 4
Lei 90–106",https://www.bible.com/bible/3661/PSA.89.KBG
LEI 90,"Baŋa Wɛ de nabiina taane
Wɛ tontoŋeno Moses wɛ-lworo
1Baŋa Wɛ,
ko na zege faŋa faŋa to,
nmo mo maŋe n pa debam jeiŋa jei
se dé taa zoore n woro kom wone.
2Peero tem ya ta na tera to,
nmo maŋe n ye Wɛ mo.
N maŋe n wora mo
ye n ta wo naane tega kam
de logo baŋa maama.
Nmo ba jege pulim,
ye n nam ta ba jege gurim.
3Nmo pae nabiina jwoori
ba jiri teero mo,
ye n we: “Nɔn-bia bam,
jwoori-na á ji teero!”
4Bena moro dae kolokolo
nmo tei ne!
Yanto nye dedaane dɛ dedoa
na ke lela de kɛ tei to mo.
Ya nye de awa yalei naa yatɔ
tete-koro ne mo ya pa‑m.
5Nmo yeini n pa se dé ŋwea kam ba ka kweeli lela,
nenɛɛne dendwea na ti
ye ka jei tei to mo.
Nabiina nye de ga-lɛɛro
na nwoŋi te-pora ne to mo.
6Zezeŋa ne mo te yeini te puli
ye te lana.
Ko daare dedaan-ni maŋa ne
te wó kwaare mo.
7Chega to, nmo ban-zɔŋɔ kom yeini
ko jaane debam ko chɔga,
pa se dé tiini dé kɔre foone.
8Debam wɛleera mo jare
nmo yiga ne.
Keim-balwaaro telo
dé na ke dé seigi to
de maa lɔre jaja nmo tei ne.
9Dé ŋwea kam da yam maa kɛa
ye ya laam ba ya kweeli,
nmo ban-zɔŋɔ kom ŋwaane.
Dé bena yam na tu ya ti tei to
maa nye de dé suuri
ye dé daare dé te mo tei.
10Nabiinu ŋwea wae ka ye
nenɛɛne bena fuserepɛ mo.
Yazura ná wora,
badwonna bere ba yi bena funɔnɔ.
De ná maŋe dé jege teera yalo,
dé ŋwea kam yeini ka jaane
yaara de wo-chechɔgɔ yerane mo ka tui.
Dé da yam pɔpɔ ya ti mo,
ye dé daare dé jei lela.
11Nɔɔn-nɔɔno ware se o lɔre
nmo ban-zɔŋɔ kom na daga tei to.
N bane dem jaane foone mo de tui
de ma de fugi nɔɔna.
12Nam woli debam se dé jeeli
dé da yam ni
se dé lɔre ya na muri tei to.
Ko maa wó pa dé ja swa.
13Dé Tu Baŋa Wɛ, jwoori n ba lela
n woli debam!
Yé dáane!
Duri debam ŋwaŋa
se dé ye n tontoŋena mo.
14Zezeŋa ná yia,
pa n swono kom su
debam bochara.
Dé laam wó taa leeni de wopwolo,
ye ywoni wora se ko vo
ko yi dé ŋwea kam kweelim.
15Nmo déem na pɛ dé na yaara
da yalo wone to,
nam jwoori n pa dé na wopwolo
se ko yi da yam konto ni.
Pa dé di ywoni
se ko maŋe de bena yalo
dé wo ya na chɔge to.
16Nam zaŋe n toŋe wo-kamunnu
n pa debam balo
na ye n tontoŋena to.
Pa dé bia bam lɔre n na tiini
n jege nenɔŋa tei to.
17Debam Teiru Wɛ,
pa n zaane taa wo debam yuu ne!
Ja, pa dé totoŋa yam ke lanyerane.
Ɛɛ, pa ya tiini ya ke lanyerane.",https://www.bible.com/bible/3661/PSA.90.KBG
LEI 91,"Baŋa Wɛ mo ye o nɔɔna dalem jei
1Wolo maama ná zoore Yuu-tu Baŋa Wɛ woro kom wone,
Dam-fɔrɔ Tu Wɛ wom wó kwoli kotu pa se o na siu.
2Amo wó ta Baŋa Wɛ taane mo we,
“Wonto mo ye amo dalem jei,
amo na wó seigi o woro kom wone to ŋwaane.
O maa ye amo Tu Wɛ,
ye a ke a wo-dedoa ded‑o.”
3Chega to, Baŋa Wɛ wó taa cho‑m
se zaana dwi maama
yé wane‑m ya ja.
Jawe-chɛɛro de bá na chwoŋa
se te daane‑m.
4O lage o yarege o vɔna mo
o kwoli n maama,
se n seigi o woro kom wone.
O na zege de chega to ŋwaane,
o wó taa kaare‑m
ye o daare o cho‑m
ne jara nantana na kwoli nɔɔno
jara wone tei to.
5Nmo bá‑n ta‑n kɔre tete dem
dedaane de foone maama.
Che-tɛɛra mo ná jaana
ya tɔge n seeni wea ne de,
nmo bá‑n kɔre foone.
6Ko ta ná ye jaweero telo na lage
se te ja‑m lim wone to,
naa cham delo na wó ba wea tetare ne se de chɔge‑m to,
nmo bá‑n kɔre foone de wo-balwaaro tem konto maama.
7Nɔɔna moro naa morro fuga
ná wo nmo tei ne,
ye ba maama ná maŋe ba te
jara wone,
kolokolo bá yi‑m.
8Nmo nam mo wó zege da n nii
n na waarem na wó ba
puseŋ-nyena bam baŋa ne tei to.
9Nmo pɛ se Yuu-tu Baŋa Wɛ
ji nmo dalem jei,
pa se n zoore o woro kom wone.
10Konto ŋwaane,
lwarem daa bá wane‑m de ja.
Kolokolo de bá chɔge‑m
n sɔŋɔ kom ne.
11 Baŋa Wɛ wó toŋe o malese sem
nmo tei ne,
se ba taa cho‑m de cham
n chwoŋa maama wone,
12se ba daare ba ma ba jea
ba lwori‑m,
se n yé mage n naga de kandwɛ
n to tega ne.
13Nmo wó ta‑n jege dam
nywonnu de basankwe baŋa ne,
se n wane n nɔne te baŋa ne.
Baŋa Wɛ maa we:
14“Amo wó jwoŋi wonto a yage,
o na jege amo swono to ŋwaane.
Amo wó taa cho‑o,
o na sɛ amo de wo-dedoa to ŋwaane.
15O ná bwoŋi amo yere se a woli‑o,
amo wó sɛ a cheigi o wɛ-lworo kom.
O ta ná wo cham wone,
a wó le‑o de wone,
a daare a pa o yere zaŋe.
16Amo wó ke a su o boboŋa yam
se a pa‑o momwɛ-dɛɛre,
ye a daare a pa o lɔre
amo verem dem na ye tei to.”",https://www.bible.com/bible/3661/PSA.91.KBG
LEI 92,"Wɛ zula leiŋa
Ba déem pane leiŋa kanto Wɛ siu dɛ ŋwaane.
1Ko maŋe se dé taa ke
Baŋa Wɛ lei!
Yuu-tu Baŋa Wɛ,
dé wó leeni dé tei nmo yere.
2Zezeŋa maama ne dé wó ta
n swono kom taane.
Tete ne de, dé ta wó bere
n na yɔɔre n zege
n chega kam wone tei to.
3Dé wó kwei kwanno de gwa zela dwi dwi mo
dé taa pae se te kwori zaŋa
ye dé leeni dé zuli nmo.
4Kokuri to, nmo Baŋa Wɛ pɛ
se a di ywoni,
de n na ke totoŋa yalo maama to.
A lage a leeni a seini‑m de wopwolo,
wonnu telo maama
n jea na ke to ŋwaane.
5Amo Tu Baŋa Wɛ,
nmo toŋe totoŋ-zana dedɛ.
Nmo boboŋa yam de tiini ya lira.
6Balo na gɛ boboŋa to yeiri we
tento wó ba ba baŋa.
Nɔn-jworru dwi dem
de maa ba ni ko kuri.
7Puseŋ-nyena ná maŋe ba puli dedɛ
ne gaaro na kwi tei to,
ye nɔn-balwaaro de ná vei yiga mo de,
ba maama wó ba ba jei mo.
8Nmo Baŋa Wɛ nam jege n paare
n di mo se ko taa vei wuu.
9 Baŋa Wɛ, nmo dona bam jege
se ba yɔɔre ba na chɔgem mo.
Puseŋ-nyena bam maama
maa wó jage ba jei.
10Nmo nam pɛ se
a tiini a na dam mo,
ne ga-naao na dana tei to.
N ta ma lwo nuga a yuu ne
pa se a yera yam zuri lanyerane.
11A dona bam na to tega ne to,
a yia mo nɛ ba chɔgem dem konto.
Ko ná ye puseŋ-nyena balo
na dwoni de amo to,
a zwa ma ni ba na duri ba kɛ
ye ba chwoosi tei to.
12Nɔn-ŋona wó taa jege nyɔɔre mo
ne suŋu na ye tei to.
Ba wó taa damma
ne Lebanon teo Sedare teeni
na zege te ma da te ma da tei to.
13Ba nye ne ba kugu mo wo
Baŋa Wɛ diga kam ne to.
Ba maa wó taa zoore de yazura
Wɛ wara-jei sem ne.
14Ba kokweero maŋa ne
ba ta wó taa jege nyɔɔre,
ne teeni delo na leiri bia to mo.
Maŋa maama yazura wó yi-ba,
ye ba ke totoŋ-laaro.
15Ba maa wó taa tɛ jaja we,
“Baŋa Wɛ toŋe chega mo.
Tusim tera o tei ne.
O maa nye de peo kolo
amo na dale da to.”",https://www.bible.com/bible/3661/PSA.92.KBG
LEI 93,"Baŋa Wɛ mo tei wonnu maama
1 Baŋa Wɛ mo ye Pɛ!
Nenɔŋ-fɔrɔ mo ye gɔrɔ kolo
o na zo to.
Dam-fɔrɔ maa wo o jeŋa ne.
O naane logo kom
pa se ko zege mo ga cheppe.
Ko bá fɔge ko gɔ maŋa de maŋa.
2 Baŋa Wɛ,
nmo paare dem maŋe
ko nwoŋi faŋa faŋa mo,
ye nmo maŋe n wora mo taa wuu.
3Amo Tu Baŋa Wɛ!
Nii na-fwaaro tem
na dɔne de kwor-dɛa tei!
Te na-ŋone sem tiini
se wuuri dedɛ!
4Naneero tem ná maŋe
te wuuri de baare,
ye te ná dɔne de dam tei maama,
nmo nenɔŋ-fɔrɔ kom nam mo dwoi tento maama.
Baŋa Wɛ mo jege dam wɛyuu ne!
5Amo Tu Baŋa Wɛ!
Nmo nia yam yɔɔre ya zege mo.
Nmo sɔŋɔ kom ye se
ko taa ye wose mo
se ko taa vei wuu.",https://www.bible.com/bible/3661/PSA.93.KBG
LEI 94,"Baŋa Wɛ bore chega bora
1 Baŋa Wɛ, nmo ye wolo
na jwoori o ŋwe jene
wɛle-keira baŋa ne to mo.
Nam pa n nenɔŋ-fɔrɔ kom nye
ko taa lɔre jaja!
2Nmo ma‑n ye wolo na bore chega bora logo baŋa ne to.
Konto to, zaŋe wɛɛne
se n waare boyere-nyena bam
se ko maŋe de ba kikia.
3 Baŋa Wɛ, puseŋ-nyena bam
wó taa chaka taa
se ba vo ba maŋe yei ne mo?
4Balo na toŋe lwarem to
yɔɔre ba ŋɔɔne ni-wɛɛle mo!
Nii ba na bere ba tete kamunim tei!
5 Baŋa Wɛ, ba jege n tete nɔɔna bam mo ba bɛɛsa.
Chega to, ba ke balo na ye n nyɔn-mage nɔɔna to mo zonne.
6Ba maa jaane kadeina
dedaane veira ba goe,
ye ba ta goe botara de ba woli da.
7Ba laam maa tɛ ba we,
“Baŋa Wɛ wom na ye Jakob dwi tiina Wɛ to
ba nae dé kikia yam.
O yiga nam tera dé totoŋa yam wone.”
8Amo nɔɔna balo boboŋa
na muri to,
nam fɔge á boŋe-na á nii!
Á ye jworru mo. Á bá ja swa na?
9Wolo wom na ke zwa
o pa nabiina to tete
ye zɔ-kɔgɔ mo na?
Wonto ta wó pa-ba yia,
se o tete laam daare
o taa ye lilwei na?
10O na ye wolo na vaŋe logo baŋa teene dem zwa to,
o bá waare abam de mo na?
Wolo wom na kwei chega
o bere nɔɔna to tete
wó ga yiyiu na?
11 Baŋa Wɛ nam maŋe o yei
nabiina na boŋe ba ja kolo to.
O yei we ba boboŋa yam ye kafɛ mo.
12 Baŋa Wɛ, nmo ná yeini
n korese wolo maama,
kotu tiini o jege yu-ywoŋo,
nmo na kwei n nia yam
n ma n bere‑o to ŋwaane.
13N ta yeini n pa kotu na siu
de yaara yalo na wó yi‑o to,
se ba laam ko gwoŋo se puseŋ-nyena to ko wone ba te.
14Kokuri to, Baŋa Wɛ bá fɔge
o ve o nɔɔna bam.
O bá dole-ba o yage,
ba na ye o nyɔn-mage nɔɔna to ŋwaane.
15Maŋa kam konto ne, ba daa ta
wó da chega kam ŋwaane
ba bore nɔɔna bora.
Balo maama na yɔɔre chwo-laao wone to
wó sɛ ba tɔge chega kam konto mo.
16Wɔ mo wó zaŋe o zege o pa amo,
se o dwoni de puseŋ-nyena bam konto?
Wɔ mo wó che amo
de balo na toŋe lwarem to?
17Ko ya ná dae Baŋa Wɛ mo tu
o woli-ne,
tento amo ya tega,
ye a vo churu a maŋe da chemm.
18A nam kaase ni a we,
“A lage a seeri a to tega ne mo!”
A na tage konto to, nmo Baŋa Wɛ
tɔge n swono kom ŋwaane
n teili-ne n jwoori n ja-ne n zege.
19Lwia ná tiini ya jege-ne,
nmo wó pa a bochare jwoori
de zuri mo.
20Nmo dedaane teo kom dedɛɛra balo na kweele chega to
bá wane á me daane.
Banto mo yeini ba tiŋi nia yalo
na pae pwola se lwarem fɔge
de taa pula to.
21Ba maa ke ni daane
se ba che nɔn-laaro chwoŋa,
ye ba daare ba pae se balo na wo ke kolokolo ba tusi to ga ba ŋwea.
22Ko daare, Baŋa Wɛ nam mo ye
amo dalem jei.
O maa nye de peo kolo
amo na sale ko yera ne to.
23Debam Tu Baŋa Wɛ wó jwoori
o ŋwe ba wɛleera yam jene.
Chega to, o lage o yɔɔre
o chɔge-ba mo
ba totoŋ-lwanno tem ŋwaane.",https://www.bible.com/bible/3661/PSA.94.KBG
LEI 95,"Zuli-na Baŋa Wɛ á daare á ta‑á sɛ o ni
1Pa-na se dé leeni lei selo
na ywona to
dé maa tei Baŋa Wɛ de wopwolo!
Dé maa wó bage de kwor-dɛa
dé tei Baŋa Wɛ,
o na ye dé dalem jei
ye dé na verem o tei ne to ŋwaane.
2Pa-na se dé vo o yiga dé ke o lei,
ye dé leeni lei dé zuli‑o
de wopwolo.
3Kokuri to, Baŋa Wɛ mo seene
o ye Wɛ-kamunu kom!
O maa ye Pa-faro,
ye o dwoi wa yam maama wuu.
4Tega kam kuri wo
wonto ja-bɔŋɔ ne mo.
Peero tem tete yupara
maa ye o nyem.
5Wonto mo tei naneo kom,
o na ke-ko to ŋwaane.
O daa ta mɛ o tete jea
o ke tega baŋa maama.
6Pa-na se dé vwei dé yibia tega ne
dé zuli Baŋa Wɛ!
Dé wó vo dé kuni dwoona o yiga ne,
o na ye dé Keiru wom to ŋwaane.
7Kokuri to, o ye debam Tu Wɛ mo.
Dé maa ye wonto nɔn-kɔgɔ kom.
O maa yeini o nii debam baŋa ne
ne nayero na nii o pei tei to.
Abam zem nam jege
se á ni Wɛ kwora:
8“Á yé pa á wo ke dam,
ne á nabaara déem na ke tei
Meriba de Massa ne,
maŋa kalo ba na wo
kagoa kam yuu ne to.
9Jei sem konto ne mo
á nabaara bam déem kwaane
se ba maŋe amo ba nii.
Ba déem nam maŋe ba na
amo na toŋe a pa-ba tei to.
10Konto ŋwaane mo amo bane zaŋe
de á nabaara bam konto taa,
se ko vo ko yi bena finna.
A maa we: ‘Ba ye balo na yeini
ba paale ba tusi to mo.
Ba maa ba sɛa se ba tɔge
amo chwei sem.’
11Mo kokuri amo tɔge
a ban-zɔŋɔ kom ŋwaane
a du duuri a pa-ba a we,
‘Amo bere a bá pa-ba chwoŋa
se ba zo amo woro kom wo ba sii.’ ”",https://www.bible.com/bible/3661/PSA.95.KBG
LEI 96,"Baŋa Wɛ mo ye logo baŋa maama Pɛ
1 Tigisim 16:23-33
1Leeni-na leiŋ-doŋa
á ma‑á tei Baŋa Wɛ.
Nabiina maama, leeni-na á pa-o-na.
2Leeni-na á zeiŋi o yere dem.
Dɛ maama wone se á tɔɔle-na
o taane we o ye verem tu.
3Ta-na jaja se dwi maama tiina lɔre we
o nenɔŋ-fɔrɔ kom gaale.
Pa-na se nɔɔna maama ni
o totoŋ-kamunnu tem ŋwa.
4Kokuri to, Baŋa Wɛ jege kamunni mo.
O ma seene o maŋe dedaane tia.
Nɔɔna jege se ba taa kɔre‑o
se ko dwoni wa yam maama.
5Wa yalo dwi-gɛ tiina na zuli to
ye jwona mo.
Ko nam ye Baŋa Wɛ mo
naane wɛyuu maama.
6Kamunni dedaane paare mo
wo o tei ne.
Dam de nenɔŋa de maa wo
o tete diga kam ne.
7Logo baŋa dwi tiina maama,
kwei-na zula á pa Baŋa Wɛ.
O na jege dam de nenɔŋ-fɔrɔ to ŋwaane,
kwei-na zula á pa‑o.
8O yere dem na maŋe de tia to ŋwaane,
kwei-na zula á pa‑o,
Ja-na pɛɛra á zo
o diga kam konkɔlɔ wone
á ma‑á zuli‑o.
9Zuli-na Baŋa Wɛ
se ko tɔge de o na tiini
o jege lam tei to.
Nabiina maama jege
se ba taa kɔre‑o
ye ba yera sae mo.
10Ta-na jaja se dwi maama tiina ni we,
“Baŋa Wɛ mo ye Pɛ!”
O naane logo kom
pa se ko zege mo ga cheppe.
Ko bá fɔge ko gɔ maŋa de maŋa.
O ta wó tɔge chega mo
o ma bore nɔɔna maama bora.
11Pa se wɛyuu kom taa di ywoni!
Pa se tega kam baŋa
taa jege wopwolo!
Ta pa se naneo kom taa wuura,
konto de wonnu telo maama
na wo ko wone to.
12Pa se kare dedaane se wodiiru tem maama taa chaka!
Teeni delo maama na wo goa ne to
laam wó leeni lei-ywei.
13De maa wó leeni de tei Baŋa Wɛ,
kokuri to, o maa beene se o di
logo baŋa maama taane mo.
O na ye chega Tu to mo o lage
o ba o tɔge o chega kam
o ma o bore logo baŋa dwi maama bora.",https://www.bible.com/bible/3661/PSA.96.KBG
LEI 97,"Baŋa Wɛ paare dem lana!
1 Baŋa Wɛ mo ye Pɛ.
Logo baŋa maama di-na ywoni!
Teene delo na wo naneo ni ne to
wó taa chaka de wopwolo.
2Kunkwon-lilirru mo kaare‑o
te ke tetare ne.
O paare dem jege dam,
o na tɔge chega o tei nɔɔna to ŋwaane.
3O ná maa vei mɛ maama,
mini mo wó taa tɔge o yiga,
pa se balo maama na dwoni ded‑o to na chɔgem.
4O na pae se doa pepele tei to
maa pae se pwooni yi
logo baŋa jei maama.
Tega kam baŋa maa nae
ye ka ziziŋa.
5 Baŋa Wɛ yiga ne mo
logo baŋa peero tem saare
te to buri-buri,
o na tei tega kam baŋa maama to ŋwaane.
6Wɛyuu kom tete tɔɔle
Wɛ chega kam taane mo,
se nabiina maama taa nae
o nenɔŋ-fɔrɔ kom.
7Balo maama na zuli jwona to
lage ba di ba chaveera mo.
Ba jege ni-wɛɛle ba ŋɔɔna
ba jwo-yɔɔro tem ŋwaane mo.
Wa-yɔɔro tem maama nam jege
se te pipiri te ba
te zuli Baŋa Wɛ mo!
8Balo na zoore Zion de Judah
teene dedwonna dem ne to
laam wó ni ko kuri ye ba di ywoni,
Baŋa Wɛ na bore chega bora to ŋwaane.
9Kokuri to, nmo Baŋa Wɛ
ye Yuu-tu Wɛ wom na tei
logo kom baŋa maama to mo.
Nmo tiini n jege yere n dwoi
wa yadwonna yam maama wuu.
10Abam balo maama
na swoi Baŋa Wɛ to,
ta‑á chuli-na lwarem totoŋa.
Ko ná ye Wɛ tete nɔɔna bam,
o yeini o cho-ba mo,
ye o vere-ba puseŋ-nyena jeŋa ne
o yaga.
11Pwooni mo wó nye nɔn-laaro yiga ne.
Ywoni maa wó yi balo
na yɔɔre chwo-laao to.
12Abam balo na jege chega
Wɛ yiga ne to
ke-na wopwolo de Baŋa Wɛ
na ke kolo to,
se á daare á ke o lei,
o na ye wo-pwoŋo tu to ŋwaane.",https://www.bible.com/bible/3661/PSA.97.KBG
LEI 98,"Baŋa Wɛ toŋe wo-kenkagela!
1Leeni-na leiŋ-doŋa
á ma á tei Baŋa Wɛ,
se o yɔɔre o toŋe wo-kenkagela mo.
O mɛ o tete dam-fɔrɔ kom
na ba jege dwoŋi to mo
o yɔɔre o di wɔnɔ.
2 Baŋa Wɛ ma pa se nabiina lɔre we
o jege dam se o vere nɔɔna o yage.
Dwi-gɛ tiina bam ma na
o na zege o chega wone tei to.
3O daa ta jege o ni-gwonim dem we
o wó taa swoi Isarele dwi tiina bam,
ye o toŋe chega de-ba.
Logo baŋa ni maama ne,
nabiina yɔɔre ba lɔre
debam Tu Wɛ wom na jege dam
se o vere nɔɔna o yage tei to mo.
4Logo baŋa wonnu maama,
bage-na de wopwolo á tei Baŋa Wɛ!
Ta‑á chaka de ywoni
ye á leeni-na tia lei!
5Ta-na kwanno á ma á kwɛɛre
Baŋa Wɛ yiga ne,
se á daare á leeni á seini‑o.
6Wu-na nabwanno dwi dwi
se te sɔɔ taa zaŋa.
Véi-na Baŋa Wɛ wom na ye á Pɛ to
yiga ne,
á bage de wopwolo á zuli‑o.
7Naneo kom de ko wo wonnu tem maama
jege se te taa wuuri te ke sɔɔ mo!
Logo kom baŋa de ko nɔn-bia
de jege se ba bage de baare mo.
8Bu-tola dwi maama
wó mage ka je mo.
Peero tem de maa wó tɔge daane
te leeni wopwolo lei.
9Ba maama seini Baŋa Wɛ,
de o na maa beene
se o di nabiina taane to.
Wɛ lage o da chega ŋwaane mo
o bore logo baŋa dwi maama bora.",https://www.bible.com/bible/3661/PSA.98.KBG
LEI 99,"Baŋa Wɛ ye Wo-pwoŋo Tu mo
1 Baŋa Wɛ mo ye Pɛ!
Logo baŋa dwi maama
jege se ba taa kɔre‑o mo
ye ba yera sae.
Wɛ di paare cherubi sem
tetare laŋa ne mo.
Tega baŋa maama wó ziziŋi!
2 Baŋa Wɛ jei de kamunni mo
Zion ne.
O jege dam logo baŋa teene dem
maama baŋa ne.
3Ko maŋe se nɔɔna maama
taa tei o yere dem,
de na ye kamunu
ye de ta jege foone to ŋwaane.
Baŋa Wɛ mo ye wo-pwoŋo tu!
4Dé Pɛ wom jege dam!
O nam swoi se chega kam mo taa toŋa.
O maa pae se wonnu taa tɔge chwoŋa Isarele teo ne,
se ko dedɛɛra bam de taa bore chega bora ba pa nɔɔna.
5Tei-na dé Tu Baŋa Wɛ
se á zeiŋi o yere dem.
Kuni-na nadwoona á zuli‑o,
o na ye wo-pwoŋo tu to ŋwaane.
6Moses de Aron déem wo
Wɛ kaanem tiina bam wone mo.
Samuwel de déem maa jege
Wɛ yere dem o ma o ware‑o.
Banto déem lwoori zeinim
Baŋa Wɛ tei ne
ye o sɛ ba wɛ-lworo kom.
7Wɛ déem zege kunkwoŋo kolo
na zege deiki to wone mo
o ŋɔɔne de-ba.
Ba déem ma toŋe ba tɔge
o nia yam de bera yalo
o na pɛ-ba se ba taa tɔge to.
8Debam Tu Baŋa Wɛ, nmo déem yeini n leiri ba wɛ-lworo.
N déem yeini n kwei
n nɔɔna bam wɛleera
n ma‑n chɛ-ba mo.
Ba nam ná toŋe lwarem,
n déem ma‑n yeini n vaŋe ba zwa.
9Tei-na dé Tu Baŋa Wɛ
ye á zeiŋi o yere dem.
Yi-na peo kolo o na pɔɔre
o pa o tete to á zuli‑o.
Kokuri to, debam Tu Baŋa Wɛ
ye wo-pwoŋo tu mo.",https://www.bible.com/bible/3661/PSA.99.KBG
LEI 100,"Lei keim leiŋa
1Tega baŋa nabiina maama,
bage-na de kwor-dɛa
á tei Baŋa Wɛ se á di ywoni!
2Zuli-na Baŋa Wɛ dedaane wopwolo!
Ba-na o yiga ne
ye á leeni lei selo na ywona to.
3Sɛ-na de á wo maama we Baŋa Wɛ mo seene o ye Wɛ chekke.
Dé maa ye o nyem.
Dé ye o nɔɔna mo.
O maa yeini o nii debam baŋa ne
ne nayero na nii o pei-kɔgɔ tei to.
4Ba-na á twɛ o diga kam de lei keim.
Zo-na o konkɔlɔ kom wone de zula.
Ke-na o lei,
á daare á zeiŋi o yere dem.
5Kokuri to, Baŋa Wɛ lamma!
O swono kom wora mo taa wuu.
O maa yeini o zege
o chega kam kwaga ne
o zeini nɔɔna de ba kwaga maama taa wuu.",https://www.bible.com/bible/3661/PSA.100.KBG
LEI 101,"Pɛ wom na pwooli se o ke kolo to
David déem pane leiŋa kanto.
1Amo wó leeni
a seini n swono kom
de n na bore chega bora tei to.
Amo wó leeni a tei
nmo Baŋa Wɛ yere dem.
2A ta wó taa cho a tete mo
se a yé tusi chwoŋa kam wone.
Nmo nam bá‑n ba n woli-ne lela na?
Amo tete sɔŋɔ kom ne
a wó taa toŋe a tɔge chega kam.
3Ko nam ná ye wo-yɔɔro dwi maama,
a bá ke-te a boboŋa ne.
A maa chuli tusim kikia,
ye a ba me de balo na ke-ya to.
4A ta wó pwɛ a tete
de balo boboŋa na ywori to,
ye a ma a kwaga a ya
lwarem kikia maama.
5Wolo maama ná bae o dwoŋi bebara,
amo wó chɔge kotu a yage.
Ko ta ná ye balo
na bere ba tete kamunim to,
amo bá pa-ba pwola se ba toŋe.
6Amo yiga nam wó taa wo
balo na toŋe chega to wone mo.
A lage a pa-ba chwoŋa mo
se ba taa zoore amo tei ne.
Wolo maama ná yɔɔre o tɔge chwoŋa,
kotu wó taa toŋe o pa-ne.
7Amo bá sɛ se kampin-nyena
taa zoore a sɔŋɔ kom ne.
Vwa-fɔra de nam bá taa twɛ-ne.
8Zezeŋa maama wone
amo wó chɔge balo na toŋe
puseŋa tega kam ne to a yage.
A ta wó che balo na toŋe
lwarem dwi maama to
se ba yé zo Baŋa Wɛ tete teo kom wone.",https://www.bible.com/bible/3661/PSA.101.KBG
LEI 102,"Wɛ-lworo cham ŋwaane
Nɔɔno wolo na nɛ cham pa se o bugi ye o tiini o lwoori Baŋa Wɛ de keira to déem pane leiŋa kanto.
1Amo Tu Baŋa Wɛ,
cheigi amo wɛ-lworo kom.
Pa chwoŋa se a keira kam
to n zwa ne.
2Cham na yi amo to,
yé virigi n kwaga n ya-ne.
Nam pore n zwa n cheigi
a wɛ-lworo kom.
A ná keeri a jare‑m,
se n ke lela n leiri-ne.
3Kokuri to, da yalo a na jege to
wora ya jei mo,
nenɛɛne nyoa na yeini ka jei lela tei to.
A kwi sem tete de yɔɔre se wɔe
nenɛɛne mini mo jege-se
de zwɛ tei to mo.
4Amo wo kom maama chɔge mo
nenɛɛne gaaro na yeini
te kwaare tei to.
A ni dem de nam daa ba ywomma
dedaane wodiu.
5A maa yɔɔre a suura,
lwia na jege-ne to ŋwaane.
Ko maa pae a yera kwi sem yɔɔre
se nae jaja.
6A maa nye de a ye
kagoa wo kunkworo,
de ko na jei di-dwonnu wone tei to.
7Amo yia ba vei dɔɔne seeni.
A nye de zuŋa kalo mo na jaane
ka vo ka jeini nayuu ne
ka yerane tei to.
8Dɛ dem maama wone
a dona bam jege-ne mo ba twea.
Balo na chuli-ne to ma bwoŋi a yere
ba sɔɔle lwarem
ba yage a baŋa ne.
9Amo laam mɛ tentwarem mo
a ma a ji a ni-wodiu,
ye a yi-na lura na balo
a na jege a nyɔ to wone.
10Nmo ban-lom dem ŋwaane mo
pɛ ko ke-ne konto.
Kokuri to, n gɔge-ne mo
ye n dole-ne n yage dáa dáa.
11Amo ŋwea da yam lage ya ti lela,
nenɛɛne lunluŋu na yeini ko jei
dedaan-ni seeni tei to.
A ŋwea kam daa bá dáane
ne gaaro na yeini te kwaare tei to.
12 Baŋa Wɛ, ko nam ná ye nmo,
nmo wó ta‑n di n paare dem mo taa wuu.
N yere dem wó zaŋe mo wɛ-wɛ
se ko taa vei wuu.
13N wó zaŋe n duri
Zion tiina bam ŋwaŋa.
Kokuri to, maŋa kam yɔɔre ka yi mo
se n laam duri ba yibwona.
14Ko ná ye kandwa yalo
ba déem na mɛ ba lɔ teo kom to,
debam na ye n tontoŋena to
yiga wo ya wone.
Dé wo kom yɔɔre ko chɔge mo
teo kom ŋwaane,
dedaane ko na jigi di-dwonnu
tei maama to de.
15 Baŋa Wɛ, dwi-gɛ tiina bam
wó ba ba taa kɔre n yere dem.
Logo baŋa pwa bam maama
wó taa tei‑m,
n nenɔŋ-fɔrɔ kom ŋwaane.
16Kolo ŋwaane, Baŋa Wɛ wó jwoori
o lɔ Zion teo kom,
pa se o veere o tete mo
ye o nenɔŋ-fɔrɔ kom taa bere jaja.
17Yiniga tiina ná lwoori wolim
o tei ne,
o wó sɛ ba wɛ-lworo kom.
O bá ve se o woli-ba.
18Nam popone wonnu tento maama
n tiŋi,
se dwi delo maama na wó saŋe kwaga to lɔre
Baŋa Wɛ totoŋ-kamunnu tem
na ye tei to,
ye ba daare ba taa tei‑o.
19 Baŋa Wɛ zege o wɛyuu sɔŋɔ kom ne mo
o dole o yia o nii
logo kom baŋa na ye tei to.
20O ma yɔɔre o ni peena bam
na vuvuni tei to,
ye o daare o jwoŋi balo
ba na lage ba go to ŋwea
o yage se ba taa ŋwe.
21Konto to, nɔɔna wó taa tei‑o Zion ne,
pa se o yere dem zaŋe
Jerusalem teo kom maama wone.
22Logo baŋa teene dem nɔn-bia bam
de dwi delo maama ná jeeri daane
se ba zuli Baŋa Wɛ,
ko wó ke konto.
23Amo nɔn-donne maŋa kam ne mo
Baŋa Wɛ pɛ se amo dam ti.
O pɛ se a ŋwea kam tiini ka ke kukua.
24A ma lwoori‑o a we, “Amo Tu Wɛ,
yé pa se a te lela ye a dɛ wo yi.
Nmo tete bena yam nam
wó taa vei yiga mo wuu.
25Faŋa faŋa to, nmo déem mo chwi
tega kam kuri,
ye n ta kwori n ma n jea
n naane wɛyuu wonnu maama.
26Wonnu tem konto maama
wó ba te chɔge.
Ko daare nmo ta wó ta‑n wora taa.
Tento maama wó ba te zareme
ne gɔrɔ na yeini ko zareme tei to.
Nmo nam wó le-te n dole n yage,
ne nmo na kwei gare-dwoŋo
n tiŋi dáa ne tei to.
27Nmo nam ta wó ta‑n ye
ne n na maŋe n ye tei to mo.
N bena yam bá fɔge ya ti.
28Debam balo na ye n tontoŋena to bia bam
wó taa zoore nmo tei ne de yazura,
ye ba dwi tiina bam wó taa jei
n woro kom wone.”",https://www.bible.com/bible/3661/PSA.102.KBG
LEI 103,"Baŋa Wɛ swono kom na daga tei to
David déem pane leiŋa kanto.
1Amo tɛ a tete wone mo we,
“Tei Baŋa Wɛ!”
O yere dem na ye wose to,
amo wó tei‑o se ko nwoŋi
a bochare-yi ne.
2Amo tɛ a tete wone mo we,
“Tei Baŋa Wɛ!”
A bá fɔge a swei o na ke-ne lanyerane tetei maama to.
3Wonto mo yeini o yage
a wɛleera maama o ma chɛ-ne.
O ta maa pa-ne yazura
a jaweero maama wone.
4O jwoŋi amo mo o ja o nwoŋi
toone dam wone.
O maa tɔge o swono kom
dedaane o yibwona yam baŋa
o zeini-ne se a di paare
ne pɛ tei to.
5O yeini o pa a ŋwea kam maama
su de wo-laaro,
pa se ka jwoori ka na dam-doore,
ne maao na jege dam tei to.
6 Baŋa Wɛ yeini o tɔge chega mo
o pa se balo nɔɔna na jege-ba
ba bɛɛsa to na ba bora.
7O déem pɛ se Moses
lɔre o chwei sem.
O ta ma pa se Isarele tiina bam
lɔre o totoŋ-naga na ye tei to.
8 Baŋa Wɛ tiini o jege yibwona
dedaane zaane o maa zeini nɔɔna.
O yeini o peene o bane mo.
O swono kom maa tiini ko daga.
9Ko dae we o lage o taa bwɛ nɔɔna
maŋa maama mo.
O ban-zɔŋɔ kom wó ba ko zuri.
10Dé wɛleera yam ya na maŋe
se dé na waarem delo to,
o wo sɛ se o ke debam
se ko maŋe de-ya.
O wo sɛ se dé ŋwe
dé totoŋ-balwaaro jene dem
ne ko na maŋe se de na tei to.
11Ko ná ye balo na kɔre Wɛ to,
o swono kom tiini ko daga
ko pa-ba!
O swono kom daga ko gaale,
nenɛɛne wɛyuu kom na diini vili-vili
ko gaale tega kam baŋa tei to mo.
12O ta ma yage dé wɛleera yam
o ma chɛ debam,
o daare o dole-ya o yage yiga yiga,
se ko yi wɛ-puli dedaane wɛ-zoore
na ye yiga yiga daane tei to.
13 Baŋa Wɛ tiini o jege
balo na kɔre‑o to yibwona,
ne kwo na yeini o duri
o bia yibwona tei to.
14Kokuri to, o yei lanyerane we
dé tiini dé bwona lage lage.
Ko ye teero mo o mɛ o mɔ debam.
15Ko ná ye nabiina,
ba da yam ye fenfee yerane mo,
ne ga-lɛɛro na wora
ye te jei lela tei to.
Ba yeini ba jege dam
maŋa fenfee yerane mo,
ne gaao punnu na ye tei to.
16Lon-wea vio ná tu ko dole te baŋa ne,
te wó kwaare ye te jei lela,
nenɛɛne te ya ga maŋe
te tera mo to.
17Ko nam ná ye balo
na kɔre Baŋa Wɛ to,
o swono kom wo ba tei ne mo
taa wuu ko pa-ba.
O maa zege o chega kam kwaga ne
o zeini ba de ba kwaga kam
se ko taa vei wuu.
18O ke konto o pae balo na jege chega de o ni-gwonim dem
ye ba sɛ ba tɔge o bera yam to mo.
19 Baŋa Wɛ jei wɛyuu ne mo
o di o paare.
O maa tei maama wuu!
20Abam balo na ye Baŋa Wɛ malese to,
ba-na á tei‑o!
Abam balo na tɔge o nia yam
á toŋe á pa‑o de baare to,
tei-na Baŋa Wɛ!
21Abam balo na wo
o wɛyuu kɔgɔ kom wone to,
tei-na Baŋa Wɛ!
Abam balo na ye o tontoŋena
ye á ke o boboŋa na lage kolo to,
tei-na Baŋa Wɛ!
22 Baŋa Wɛ jeŋa na ke
woŋo kolo maama to,
ba-na á tei‑o,
á ná maŋe á wo o paare dim
jei selo maama ne.
Amo tɛ a tete wone mo we,
“Tei Baŋa Wɛ!”",https://www.bible.com/bible/3661/PSA.103.KBG
LEI 104,"Baŋa Wɛ jege kamunim.
1Amo tɛ a tete wone mo we,
“Tei Baŋa Wɛ!”
Amo Tu Baŋa Wɛ,
nmo tiini n jege kamunim!
Nenɔŋ-fɔrɔ dedaane paare
mo kwoli‑m.
2Pwooni mo gilimi nmo maama
de kaare,
ne nɔɔno na pugi gɔrɔ tetei to.
Nmo daa‑n ta ma‑n lware
wɛyuu kom,
nenɛɛne ba na lware gɔrɔ
ba ma pu vwei tei to.
3Nmo tiŋi bei wɛyuu kunkwonnu tem baŋa ne,
se n ma‑n lɔ wɛyuu diga
n pa n tete.
N ta pae kunkwonnu tem tete
jiri toroko te pa‑m
se n ta‑n dɔge te baŋa ne,
ye vio kom kale‑m
ko jaane ko vei yiga.
4Nmo jege vio kom mo
n ma n toŋe n totoŋa maama.
N ta pae se doa kam pepela
se ka mini dem taa ye
n tontoŋeno.
5Nmo déem fɔge n chwi
tega baŋa kuri dem,
pa se ka zege mo ga cheppe
ye ka daa ba gɔe.
6Nmo daa‑n ta ma‑n pae se
na-fwaaro kwoli logo kom,
ne gɔrɔ na kwoli-ko tei to.
Na-fwaaro tem bere te kwoli
peero tem de.
7Nmo nam na bage-te de kwor-dɛa to,
na-fwaaro tem duri te kɛ lela.
Nmo na bage ne do-napana tei to,
te ma duri se te lu.
8Na bam déem pɛɛle peero tem seeni
ba daare ba chuuri ba tole
bwollu tem wone
ba vo ba maŋe jei selo
nmo na pɛ se ba peini da to.
9Nmo ma‑n tiŋi siseina n pa na bam
se ba yé lɛɛne-ya,
se na-fwaaro tem daa yé li
logo kom te di.
10Nmo mo pae se buli-yia
tae bwollu tem ne,
ye bu-nwaro de maa tɔge
peero tem laara ne te kɛa.
11Bwi sem konto mo pae
vara dwi maama yera zuri.
Kagoa wo bonɛ sem
de maa nyɔ na ba sui.
12Bwi sem ni ne mo
zuna sɔ ba pworu da.
Ba maa dɔge teeni nɛ sem ne
ba leena.
13Nmo yeini n zege
n wɛyuu diga kam ne mo
n pae se doa nena
se ka yi peero tem.
Ko maa pae se tega kam
nyɔ na ka sui,
ye ka ke wodiiru lanyerane.
14Nmo ma‑n pae se ga-lɛɛro nwoŋi
se vara taa di.
N ta pae se tega kam
taa ke wodiiru dwi dwi,
se nabiina taa vara
ye ba daare ba di.
15Tega kam maa pae sana se
nɔɔna taa nyɔa ye ba di ywoni.
Ka ta pae nuga
se ba yibia taa nyeena,
ye ka pae mena
se ba bochara ke dam.
16Teeni delo Baŋa Wɛ na jeiri o zege to
yeini de nae na mo dedɛ,
ko ná maŋe ko ye Sedare teeni delo na wo Lebanon peero tem ne to.
17Zuna yeini ba sɔ ba pworu
teeni dem konto nɛ ne.
Buga ni zuna de wó taa zoore
de wone.
18Peero telo na dɔra to mo ye
jei selo kagoa wo bone
na beeri se wodiu to.
Pe-ware de maa seigi
peero tem gugworru ne.
19Nmo ke chana kam mo
se ka pɔɔre bene maama
de de chane sem.
Wea kam de maa yei maŋa kalo
ka na wó zo diga to.
20Nmo mo pae se tega yeini ka yi
pa se lim wora
ye kago-vara de nwoŋi ba beera.
21Tete ne nywonnu de wó nwoŋi
te kare te beeri wodiu ye te suura.
Ko ye Wɛ mo pa-te te ni-wodiu.
22Tega ná yeini ka jege ka poora,
nywonnu tem wó jwoori mo
te vo te peini te peiga jei ne chemm.
23Ko daare se nabiina de laam nwoŋi ba diga ne
ba vo ba totoŋa ni,
se tega kam jwoori ka yi.
24Amo Tu Baŋa Wɛ,
nmo tiini n ke wonnu dwi dwi
ye te daga dedɛ.
Nmo na ye boboŋa tu to mo
pɛ se n ke tento maama.
Tega baŋa maama su mo
dedaane wonnu telo nmo na naane to.
25Nii naneo kom mo!
Ko tigi mo ga palalala
ye ko yala lanyerane.
Wonnu dwi dwi maa wo ko wone,
te ná ye wo-kamuna
de wo-baloa maama de,
ye te daga te gaale jeelim.
26Nabwooru maa tɔge naneero tem wone te bɛa.
Naneo wo juru Leviatan
de maa wora,
n na naane-ko n ke da
se ko taa kwɛɛre to.
27Wonnu tento maama n na ke to
jege n teena mo,
se n pa-ba ba ni-wodiu ko maŋa ne.
28Nmo ná yeini n kwei-ko n pa-ba,
ba wó jwoŋi ye ba daare ba di.
Nmo ná puri n jataala yam
se n pa-ba wodiu,
ba wó jwoŋi wo-laaro tem
ye ba di ba su.
29Nmo nam ná pipiri n daare-ba,
foone mo yeini de ja-ba.
N ná le siu ba yera ne,
ba jege se ba te mo,
ye ba jwoori ba ji teero.
30Nmo nam ná ke n siu kom
woŋo kolo yera ne,
ko wó taa jege ŋwea mo.
N yeini n tɔge keim dem konto baŋa ne
n pae se tega baŋa fɔge ka kwɛ mo.
31 Baŋa Wɛ wó pa se o nenɔŋ-fɔrɔ kom taa wora taa wuu,
se o taa jege wopwolo de o na ke wonnu telo maama to.
32Wonto mo ná yɔɔre o nii
tega baŋa seeni,
foone wó ja-ka se ka yera taa sae.
O ná twe o jeŋa o dwei peero tem,
te wó tɔre min-vogo
ye nyoa zaŋe gulululu.
33Amo ná lwoori a wo a ŋwea wone,
a lage a leeni mo a tei Baŋa Wɛ.
A maa wó zuli‑o taa
se a ŋwea ba ka ti.
34A ná leeni konto dwoŋi,
Wɛ wó pa se a boboŋa yam
taa pwoli o wo,
kokuri to, ko ye Baŋa Wɛ mo pae
a di ywoni.
35Ko nam ná ye wɛle-keira maama,
pa se ba jei tega kam baŋa ne,
se puseŋ-nyena de daa yé taa wora.
Amo tɛ a tete wone mo we,
“Tei Baŋa Wɛ!”
Pa-na dé tei Baŋa Wɛ!",https://www.bible.com/bible/3661/PSA.104.KBG
LEI 105,"Baŋa Wɛ jege chega de o nɔɔna
1 Tigisim 16:8-22
1Ke-na Baŋa Wɛ lei,
se á daare á tei o yere!
Pa-na se logo baŋa dwi tiina lɔre
o na toŋe kolo maama to.
2Leeni-na tia lei á pa‑o!
Ta-na kwanno á tei‑o!
Bere-na nɔɔna o totoŋ-kamunnu
na ye tei to.
3Ta‑á jege-na teera
o yere dem na ye wose to ŋwaane.
Abam balo na kɔre Baŋa Wɛ to,
se á di-na ywoni.
4Véi-na Baŋa Wɛ yiga ne
se o pa á jwoŋi dam.
Ta‑á fɔɔre-na á twɛ‑o maŋa maama wone.
5Jwoori á guli-na
o totoŋ-kamunnu tem,
dedaane o wo-kenkagela yam gula,
se á yé swei o bora borem dem
o na pɛ abam to swia.
6Chega to, á ye balo
Wɛ na kuri o pa o tete mo.
Á maa ye Wɛ tontoŋeno Abaraham bia bam,
ye á kwori á ye Jakob dwi dem.
7Wonto nam mo ye
debam Tu Baŋa Wɛ wom.
O maa tei logo baŋa maama
de chega.
8O na gwoni o ni de o nɔɔna bam tei to,
o ta wó ke se ko tɔge-de taa wuu.
O bá kwane o ni se ko taa vei wuu,
dwia moro na wó saŋe to.
9Wɛ déem gwoni o ni dem konto mo de Abaraham,
ye o daare o du duuri
o ma gwoni ni de Izaak.
10Jakob na tu o wora to,
Wɛ ma fɔge o ke ni-gwonim dem
o pa‑o,
se o de o kwaga kam taa tɔge-de
taa wuu.
11Wɛ ma ta ded‑o o we:
“Amo lage a pa nmo
Kanaan tega kam mo,
se nmo de n dwi dem jwoŋi-ka
á ta‑á tei.”
12Ba kɔgɔ kom déem ta ba daga.
Ba maa ye nɔɔna fenfee yerane,
ye ba kare Kanaan tega kam ne
ba beera ne veira mo tei.
13Ba maa tole teene dem maama wone
de dwi tiina maama wone.
14De konto de, Wɛ déem wo pɛ pwola
se nɔɔna bɛɛse-ba.
Banto ŋwaane mo o déem kaane pwa
ye o we:
15“Yé dwei-na nɔɔna banto,
se amo mo kuri-ba a pa a tete.
Nam yé pa-na ko chɛ
amo sampwori sem yera.”
16 Baŋa Wɛ déem pɛ se kana to
Kanaan tega kam baŋa,
ye ba wodiiru maama jei.
17O nam ya toŋe nɔɔno mo
se o lwoori o yi Ejipti.
Josɛf mo konto, ba na yeigi‑o
ba de kabɛɛne wone to.
18Ba déem kwei chaponno mo
ba ma vɔ o nɛ sem
ye ba daare ba kwei luu
ba ma ja o ba dem.
19 Baŋa Wɛ ni dem déem mo faŋe‑o
de nii,
se ko yi maŋa kalo
o na wuuri o ta kolo to ji chega.
20Ejipti Pa-faro wom laam ma pa ni
se ba pore‑o ba yage.
21Pɛ wom ma pa wonto ji dedɛɛro
o sɔŋɔ kom ne,
se o taa tei o jejegero tem maama o nia.
22Pɛ wom déem ta pɛ‑o dam
se o taa korese o nakwa bam,
se ba jwoŋi swa o tei ne.
23Jakob de o kwaga kam déem ma vo
Ham dwi tiina teo Ejipti ne
ba ji veira ba zoore da.
24 Baŋa Wɛ déem pɛ
se o nɔɔna bam puli dedɛ,
pa se ba damma ba dwoi
ba dona Ejipti tiina bam.
25Wɛ ta ma pa se banto boboŋa pipiri
se ba laam taa chuli o nɔɔna bam,
se ba daare ba ke swa ba bɛɛse-ba.
26 Baŋa Wɛ déem ma toŋe
o tontoŋeno Moses ba tei ne.
O ta ma kuri Aron
se o da o woli Moses.
27Banto balei mo déem toŋe wo-kenkagela yalo Wɛ na pɛ-ba to
nɔɔna bam tetare ne.
Chega to, ba ke Wɛ totoŋ-kamunnu
Ham dwi tiina teo Ejipti ne.
28 Baŋa Wɛ déem pɛ se lim mo kwoli
ba tega kam maama.
Ba nam wo sɛ Wɛ ni taane dem.
29O ma pa se ba bwi sem na maama
ji jana,
pa se ywona yam maama te.
30Nanchane déem ma yo
se jwoŋi ba teo kom maama,
dedaane pɛ sɔŋɔ peiga jei sem.
31Wɛ ta ma pa ni,
ye zɔɔro dedaane yeena laam ba
ya jwoŋi ba teo kom jei maama
ya su.
32O ma pa se doa ji do-kandwa ya ne,
ye doa pepele ka bage
ba teo kom maama.
33O ma tɔge konto baŋa
o chɔge ba Vini teeni dem
dedaane ba kaporro tem.
O ma kaare kaare ba teo kom teeni dem maama
o de tega ne.
34O ta ma puri o ni o ta,
ye kayere laam wuuri se ba.
Se kɔgɔ kom daga se gaale jeelim.
35Se ma meeli tega kam maama
se di ga-lɛɛro de wodiiru tem
maama kula.
36Ko kwaga ne to,
Baŋa Wɛ go Ejipti tiina
bu-kwea maama mo.
Bakeira kalo maama ba na dɛ yiga
ba lo sɔŋɔ maama wone to mo
o goa.
37 Baŋa Wɛ laam ma ja Isarele tiina bam o nwoŋi Ejipti ne,
ye ba zeŋe lu-nyenno de sabu-seŋa wonnu dedɛ ba ja viiri.
Ba dwia yam maama wone nɔɔn-nɔɔno wo maŋe kwaga ne.
38Ba na viiri to,
Ejipti tiina bam wo déem pwoli,
ba ya na kɔre foone de-ba to ŋwaane.
39Wɛ ma kwei kunkwoŋo
o ma o kwoli o nɔɔna bam.
O ma daare o kwei min-vogo
o pa-ba,
se tete ne ba taa jege pwooni
ba tetare ne.
40Ba ma lwoori‑o se o pa-ba wodiu
se ba di,
ye o pa lwi jaane se yi-ba.
O ma daare o pa se bworobworo
nwoŋi wɛyuu ne ko to ko pa-ba,
se ba di ba su.
41O ta ma pa se peo kodwoŋi yare,
ye na ta ba nwoŋi ba chuura.
Na bam déem tole ba zo
kagoa kam wone mo
ba dura ne bu-tola mo tei.
42 Baŋa Wɛ déem na toŋe konto maama to,
ko ye o na guli ni-gwonim delo
o na ke dedaane o tontoŋeno Abaraham to ŋwaane mo.
43 Baŋa Wɛ déem jaane o nɔɔna
balo o na kuri to
o ja o nwoŋi Ejipti ne.
Ba nwoŋi konto
ye ba leeni mo ba di ywoni,
ba daare ba bage de wopwolo baŋa baŋa.
44O ma kwei dwi-gɛ tiina teene
o pa o nɔɔna bam,
ye ba laam jwoŋi nɔɔna bam tega kam ba tei,
ba daare ba di ba wodiiru tem.
45Wɛ déem ke tento maama o pa-ba,
se ba wane ba taa sɛ o nia yam mo,
ye ba daare ba taa toŋe
ba tɔge o bera yam maama.
Pa-na dé tei Baŋa Wɛ!",https://www.bible.com/bible/3661/PSA.105.KBG
LEI 106,"Baŋa Wɛ lamma!
1Tei-na Baŋa Wɛ!
Pa se dé ke-na Baŋa Wɛ lei,
se o tiini o lamma.
O swono kom wora mo taa wuu.
2Wɔ mo wó wane o lwoni
Baŋa Wɛ totoŋ-kamunnu tem?
Wɔ mo yi se kotu wane o tei‑o
se ko maŋe?
3Ko ná ye balo na toŋe chega
ba pa ba dwonna
ye ba yɔɔre ba ke kolo na maŋe to,
Wɛ wó ke zaane o ke ba yuu ne.
4Amo Tu Baŋa Wɛ,
nam guli amo gula,
ne n na boŋe se n ke n nɔɔna lanyerane tei to.
Nmo ná tu se n jwoŋi-ba n yage,
se n ta‑n yei amo de ni ne.
5A laam wó tɔge de balo
n na kuri to
se a na yiga-veiŋa.
A ta wó da a na wopwolo kolo
n teo kom nɔɔna na nae to,
ye a tɔge de n tete nɔɔna bam
a taa jege teera nmo ŋwaane.
6Debam ke wɛleera mo,
ne dé nabaara bam de déem
na ke tei to.
Dé sage chwoŋa
ye dé tiini dé toŋe lwarem.
7Dé nabaara bam déem na wo
Ejipti ne to,
ba yiga tera wo-kenkagela yalo
nmo na ke to wone.
Ba ma swei swono kolo
nmo na jege de-ba to ni ne.
Ba déem na vei ba yi
Nane-soŋo kom ni ne to,
mo ba lɔge nmo kwaga ne.
8De konto maama de,
Wɛ déem ta jwoŋi-ba mo o yage
o tete yere dem ŋwaane,
se o wane o bere
o dam-fɔrɔ kom na ye tei to.
9O ma bage Nane-soŋo kom pa se
ko na bam pwɛ ba daare te-kora.
O laam ma pa o nɔɔna bam
nɔne te-kora kam baŋa ne
ba bɛ na-fɔrɔ kom,
ne ka na ye kagoa mo ba bɛ tei to.
10O déem jwoŋi-ba o yage
balo na chuli-ba to jeŋa ne ,
se ba dona daa yé taa jege dam
ba baŋa ne.
11Na-fwaaro tem déem jwoori
te ke daane
te pu ba dona bam maama.
Ba dona bam wolowolo
maa wo lugi na bam wone.
12Konto kwaga ne
o nɔɔna bam laam sɛ we
o taane dem ye chega mo,
ye ba daare ba leeni ba tei‑o.
13Ko déem nam wo dáane
ye ba swei o na ke tei o pa-ba to.
Ba daa wo sɛ
se ba cheigi Wɛ bera yam.
14Ba maa na wo kagoa yuu ne to,
ba fera yam déem ware ya ja,
ye ba daare ba maŋe Wɛ ba nii.
15Wɛ ma pa-ba ba na beeri kolo to,
ye o ta kwei jawe-chɛɔ o woli da
o ke ba yuu ne.
16Nɔɔna bam na pugi ba vwoa
kagoa wone to,
ba déem jege kazwe
de Moses de Aron.
Aron nam ye kaanem tu wolo Baŋa Wɛ tete na kuri to.
17Konto ŋwaane mo tega kam
déem yare belei
ka pɔpɔ ka li Datan,
ka daare ka suli Abiram
de o kɔgɔ kom.
18Mini déem mo to banto
kwaga tɔgena bam tetare ne,
pa se de zwɛ puseŋ-nyena bam konto maama kula.
19Ba na kɛ ba yi Sinayi peo kom to
mo ba déem kwei luu
ba mɔ na-mɔra nyenyego
ye ba daare ba zuli-ko.
20Konto to, ba déem nwoŋi Nenɔŋ-fɔrɔ Tu Baŋa Wɛ kwaga ne
ye ba pipiri ba zuli na-bala nyenyego kom konto,
de ka na ye varem wolo na done gaao to de.
21-22Ba déem swei ba Tu Wɛ wom swia,
de o na ye wolo
na jwoŋi-ba o yage
ye o ta ke wo-kamunnu Ejipti ne,
de wo-kenkagela Nane-soŋo kom
ni ne o pa-ba to.
23Konto ŋwaane Wɛ boboŋa ma ja
se o chɔge-ba.
Wɛ tontoŋeno Moses nam zege
ba de Wɛ tetare laŋa ne,
pa se o che Wɛ ban-zɔŋɔ kom
se o daa yé chɔge-ba.
24Nɔɔna bam déem ta ma gwooni
te-ywoŋa kalo Wɛ na lage
o pa-ba to.
Kokuri to, ba wo sɛ we Wɛ wó seene o ke o tɔge o ni dem.
25Ba maa maŋe ba vwoa yam wone
ye ba poone Wɛ.
Ba maa wo sɛ se ba ke
Baŋa Wɛ ni dem ne.
26Ko ma pa Wɛ seene o yia
o du duuri we,
o lage o pa ba te kagoa kam yuu ne,
27ye o daare o jage ba kwaga kam
o yage dwi-gɛ tiina bam tetare ne,
se ba te sa-teene wone.
28Wɛ nɔɔna bam déem ta kwei ba tete
ba sale Baal-Peora jwoni dem yera ne mo.
Ba ma tɔge ba di wodiiru telo
ba na kaane ba pa chira to.
29Ba totoŋ-naga kam konto
déem mo chuchugi Wɛ bane,
ye o pa se jawe-chɛɔ to ba tetare ne.
30Finehase nam zaŋe o che chwoŋa
se jawe-chɛɔ kom daa yé
chɔge nɔɔna bam.
31O keim dem konto ŋwaane mo
Wɛ pɛ se o na chega,
o de o kwaga kam
se ko taa vei wuu.
32Ba déem ta na wo Meriba
buli-yi dem seeni to,
mo ba daa ta chuchugi Wɛ bane.
Ba keim dem konto
déem jaane daanem mo de ba
de pa Moses.
33Kokuri, o déem wo boŋe o yi
ye o ta ta-yɔɔ,
nɔɔna bam na pɛ o bane zaŋe to ŋwaane.
34Ba maa wo chɔge dwi-gɛ tiina balo
déem na zoore te-ywoŋa kam wone to,
ne Baŋa Wɛ ya na pɛ-ba ni
se ba ke tei to.
35Ba nam gwaane de dwi-gɛ tiina bam konto mo,
pa se ba lɛɛre ba ke ba tɔge
banto chullu tem.
36Ba déem ta tɔge ba kaane
banto jwona yam,
ye konto mo jaane chɔgem
ko ba ba yuni ne.
37Ba déem jege ba tete bia mo
ba kaane ba pa tangwana.
38Konto to, ba go balo
na wo maŋe se ba te to,
de ba na kwei ba bia,
bakeiri de busankane,
ba ma ba kaane Kanaan tiina jwona yam tei to.
Jana bam konto pɛ se ba ja
ba tega kam mo ba chɔge.
39Ba ta ma biini ba tete
de ba totoŋ-zɔɔna yam konto.
Ba keina yam bere we
ba daa ba jege chega de Wɛ.
40 Baŋa Wɛ ban-lom dem déem yɔɔre
de zaŋe o nɔɔna bam baŋa ne mo,
pa se o ve balo ya na ye
o tete nyɔn-mage nyem to.
41O ma kwei-ba o ke
dwi-gɛ tiina bam jeŋa ne.
Balo na chuli-ba to mo
laam di paare ba baŋa ne.
42Ba dona bam konto ma tiini
ba bɛɛse-ba,
de ba na di dam ba baŋa ne tei to.
43Kuni dedɛ mo Wɛ yeini o vere-ba
ba dona jeŋa ne o yage.
Ba boboŋa nam jaane mo
se ba lɔ Wɛ kwaga ne.
Ko ma pa se ba bugi ba jei
ba wɛleera yam ŋwaane.
44Konto maama wone de,
Wɛ nɔɔna bam na yeini
ba keeri ba jare‑o to,
o yiga ta wo ba yaara yam wone mo.
45O ma tɔge o ni-gwonim dem
baŋa ne o duri ba ŋwaŋa,
pa se o bane dem zuri
o swono kom ŋwaane.
46O déem pɛ se balo na yeini
ba wane-ba ba di to
jege ba yibwona mo.
47Dé Tu Baŋa Wɛ, jan ja!
Jwoŋi debam n yage!
Le debam dwi-gɛ tiina bam
tetare ne n ke daane,
se n pa dé jwoori dé tete teo kom.
Dé laam wó ke nmo lei,
n yere dem na ye wose to ŋwaane,
ye dé daare dé taa tei‑m
n nenɔŋ-fɔrɔ kom ŋwaane.
48Pa-na dé taa tei Baŋa Wɛ wom
na ye Isarele tiina Wɛ to!
Wonto maŋe de tia mo
ko zege faŋa faŋa
se ko taa vei wuu.
Pa-na se nɔɔna maama ta we,
“Ameena!”
Tei-na Baŋa Wɛ!
Lei Tɔnɔ 5
Lei 107–150",https://www.bible.com/bible/3661/PSA.106.KBG
LEI 107,"Baŋa Wɛ yɔɔre o nii o nɔɔna baŋa ne
1Pa se dé ke-na
Baŋa Wɛ lei, se o lamma.
O swono kom wora mo taa wuu.
2 Baŋa Wɛ na vere balo
o ja nwoŋi cham wone to
jege se ba taa tɛ ko taane jaja,
o na jwoŋi-ba ba dona jeŋa ne to ŋwaane.
3Ba na jage ba yi logo baŋa
sapɛ sena sem to
mo o lage-ba o ke daane
o ja jwoori ba tete teo kom.
4Ba badwonna déem kare
kagoa wone mo
ba beeri yɔɔ yerane.
Ba beeri chwoŋa ba ga
se ba wane ba yi teo
ye ba daare ba jeini ko wone.
5Kana dedaane na-nyɔm
ma tiini ko chɛ-ba.
Ba déem gɛ fee mo se ba te.
6Ba cham dem konto ŋwaane mo
ba keeri ba jare Baŋa Wɛ.
O ma jwoŋi-ba o yage
ba wo-chechɔgɔ kom wone.
7O ma ja-ba o de chwoŋa kalo
na yɔɔre to wone,
pa se ba vo ba yi teo kolo
ba na wó taa zoore ko wone to.
8Ba jege se ba taa ke Baŋa Wɛ lei mo,
o swono kolo na bá fɔge ko jei to ŋwaane.
O ta yeini o toŋe wo-kenkagela
o pa nabiina.
9O goe nɔɔna na-nyɔm,
ye o daare o pae kana na jege balo to wo-laaro,
se ba taa di ba sui.
10Ba badaara déem ye peena mo
ba na vɔge-ba de chegero.
Ba maa jei lim wone
de wo-chechɔgɔ.
11Kokuri to, ba déem ve
Wɛ kwora kam mo.
Ba maa jege Yuu-tu Baŋa Wɛ bera yam ba gwoona.
12O ma pa se ba yera chɛ
de totoŋ-dɛɛra.
Ba ma chɔɔle ba to tega ne
ye nɔɔn-nɔɔno tera se o woli-ba.
13Ba cham dem konto ŋwaane,
mo ba keeri ba jare Baŋa Wɛ.
O ma jwoŋi-ba o yage
ba wo-chechɔgɔ kom wone.
14O ma ja-ba o nwoŋi lim delo
na kwoli-ba to wone.
O ma kɔ ba chegero tem o yage
se ba sii.
15Ba jege se ba taa ke Baŋa Wɛ lei mo,
o swono kolo na bá fɔge ko jei to ŋwaane.
O ta yeini o toŋe wo-kenkagela
o pa nabiina.
16Ko ná ye ni bworru telo
ba na mɛ channa ba ke
ye te fɔge te pe teo kom to,
Baŋa Wɛ popoge-te o de tega ne.
O ta daare o ja te luuru tem
o kɔ o yage.
17Nɔɔna bam badaara tɔge jworim mo.
Ba déem nɛ cham dedɛ
ba zwabania kikia
de ba tusim ŋwaane.
18Ba daa ba lage wodiu se ba di,
ye ko gɛ fee se ba te.
19Ba cham dem konto ŋwaane mo
ba keeri ba jare Baŋa Wɛ.
O ma jwoŋi-ba o yage
ba wo-chechɔgɔ kom wone.
20O ma toŋe o kwora se ka yi-ba,
ye ba na ba yazura.
O ma jwoŋi-ba toone jeŋa ne o yage.
21Ba jege se ba taa ke Baŋa Wɛ lei mo,
o swono kolo na bá fɔge ko jei to ŋwaane.
O ta yeini o toŋe wo-kenkagela
o pa nabiina.
22Ko maŋe se ba ja lei-keim pɛɛra
ba ke kaanem ba pa‑o.
Ba wó guli o totoŋ-kamuna yam,
ye ba daare ba leeni de wopwolo
ya ŋwaane.
23Ba badaara déem diini nabwooru mo
ba tɔge naneo kom wo ba via.
Ba ma kare ba beeri
na-fwaaro tem baŋa ne
ye ba na nyɔɔre pipiu ŋwaane.
24Ba ma na Baŋa Wɛ totoŋa yam
na daga tei na-luŋa jei sem ne to.
25O yeini o pa ni
ye vo-dɛɔ zaŋe ko fuli dedɛ.
Na bam ma foore ba di baŋa,
pa se na-ŋone jwoŋi
naneo kom jei maama.
26Na bam ma dole nabwooru tem
ba yage wɛɛne,
ye te jwoori te tu tega kuri kuri.
Yuŋina bam vɔna ma pare,
cham na tiini de ja-ba to ŋwaane
27Ba yeini ba kare ba jijiri mo
ne sa-nyɔra na ke tei to
Ba swa muri
pa se ba yeiri ba na wó ke tei to.
28Ba cham dem konto ŋwaane mo
ba keeri ba jare Baŋa Wɛ.
O ma vere-ba o yage
ba wo-chechɔgɔ kom wone.
29O laam ma pa vo-dɛɔ kom
maŋe da chemm.
Na-ŋone sem de ya na fufugi to
ke ziim.
30Yuŋina bam wo ma pwoli,
ba na nɛ siu ba cham dem wone to ŋwaane.
Wɛ ma ja-ba o ja o yi bubɛ delo
ba ya na lage ba yi to.
31Ba jege se ba taa ke Baŋa Wɛ lei mo,
o swono kolo na bá fɔge ko jei to ŋwaane.
O ta yeini o toŋe wo-kenkagela
o pa nabiina.
32Ko maŋe se ba vo ba zege
Wɛ nɔn-kɔgɔ kom tetare ne
ba zeiŋi o yere,
se ba daare ba zuli‑o
nakwa bam yiga ne.
33 Baŋa Wɛ déem mo pɛ se bwi we fase
ye jei sem ji kagoa yerane.
O ma pa se buli-yia na bam jei
ye tega kam maama ko.
34Tega kalo ya na ke wodiiru lanyerane to ma ji
tega kalo na ye yɛ yerane to mo,
balo ya na zoore ka baŋa ne to
puseŋa kikia ŋwaane.
35 Baŋa Wɛ nam ta pɛ
se kagoa pipiri ka ji jei selo
bwi na daga da to mo.
Na dedɛ de buri ba bugi te-kora.
36O ma ja balo kana na wɔe to
o pa-ba jeiŋa jei
tega kam konto baŋa ne.
Ba ma bobo teo kuri
se ba taa zoore ko wone.
37Ba ma va kare ba du wodiiru
se wone,
ye ba che kadwi
se ba ma jeiri Vini teeni.
Ba na dugi kolo maama to
ke wodiiru lanyerane.
38 Baŋa Wɛ maa swɛ ba swolim
pa se ba kɔgɔ kom puli dedɛ.
Ba vara bam de daga
ba maa vei yiga.
39Ba laam ta ma daare ba na cham
de wo-chechɔgɔ,
ye ba dona bɛɛse-ba,
pa se ba na ba chaveera.
40 Baŋa Wɛ nam pae se nɔn-yum
di ba chaveera mo,
ye o daare o pae ba kare kagoa
yuu ne ba beeri yɔɔ yerane.
41Ko nam ná ye nabwona,
o yeini o jwoŋi-ba o ja nwoŋi
ba yaara yam wone.
O maa pae ba dwi dem puli dedɛ
ne pei-kɔgɔ to.
42Nɔn-laaro mo nii ba na Wɛ kikia
ye ba wo pwoli dedɛ.
Puseŋ-nyena nia yam maama
nam yɔɔre ya pu mo.
43Wolo maama ná ye swa tu,
kotu jege se o taa guli
kikia yam konto maama,
se o yé swei Baŋa Wɛ swono kom
na wora taa wuu to ni ne.",https://www.bible.com/bible/3661/PSA.107.KBG
LEI 108,"Wɛ wo debam tei ne
David déem pane leiŋa kanto.
1Amo Tu Wɛ, a wo kom yɔɔre ko da nmo mo.
Konto to, a lage a leeni lei
a seini‑m de a wo maama.
2A ta wó kwei kwanno dwi dwi mo a ta
se te kwori zaŋe baŋa baŋa.
Tega ná poore,
a wó zaŋe lela a leeni lei!
3 Baŋa Wɛ, a wó ke nmo lei
nɔɔna bam maama yiga ne.
A ta wó leeni lei a seini‑m
logo baŋa dwi tiina maama tetare ne.
4N swono kom zege mo taa,
ye ko geene ko di wɛyuu.
Nmo na zege n chega wone tei to
mo tiini ko yala se ko gaale kunkwonnu tem.
5Amo Tu Wɛ, pa n yere zaŋe
wɛyuu maama ne!
Pa se n nenɔŋ-fɔrɔ taa nae
logo baŋa jei maama ne!
6Popo, leiri a wɛ-lworo kom.
Kwei n dam-fɔrɔ kom
n ma n jwoŋi debam n yage.
Konto to, n nɔn-swonnu tem
wó taa tei ba tete.
7Wɛ zege o tete diga kam ne mo
o ta we:
“Amo wó bere a dam jaja
a chɛ chɛ Sɛkɛm laŋa kam,
ye a daare a maŋe Sukofa bwolo kom
a pɔɔre a pa a nɔɔna bam.
8Gilead laŋa kam ye amo nyem,
ko ta woli de Manasɛ laŋa kam de.
Efrayim maa nye de a yu-gwoŋo kom.
Judah de maa nye de
a paare nacheiga kam.
9Ko ná ye Moaba laŋa kam,
dáane mo a lage a taa sane a je sem.
A ta lage a dole a natere
Edom teo kom seeni mo,
se ko bere we a tei-ko.
A kwora maa wó bage ka yage
Filisi tiina bam seeni,
a na wane-ba a di to ŋwaane.”
10Wɔ nam mo wó ja amo o vo
teo kolo na lɔge ko pe to wone?
Wɔ mo wó ja-ne o vo
o yi Edom teo kom?
11Debam Tu Wɛ, nmo nam nwoŋi
dé kwaga ne mo na?
Dé ná nwoŋi se dé kwaare jara,
n daa‑n bá‑n tɔge dé yiga
se dé vo na?
12Ja, woli debam
se dé wane dé dona bam.
Nabiina na jege wolim delo to maama ba jege kuri.
13Wɛ nam ná wo debam tei ne,
dé wó wane dé dona bam dé di.
Wonto wó nɔne-ba o meere
o pa debam.",https://www.bible.com/bible/3661/PSA.108.KBG
LEI 109,"David wɛ-lworo zeinim ŋwaane
1Amo Tu Wɛ, nmo na maŋe se a taa tei‑m to,
yé ta‑n ye chemm.
2Puseŋ-nyena de nɔn-ŋollo jege amo kwaga mo ba chwoa.
Ba maa fɔe vwa ba daŋe a baŋa ne.
3Sebaŋa ta-dwoa yerane mo
ba mɛ ba gilimi-ne.
A maa wo ke kolokolo
ye ba daa ta jege dedaane-ne.
4Ba maa zage-ne ni-chɛɛre,
de amo na duri ba ŋwaŋa
tei maama to de.
Amo nam ta wó taa lwoori Wɛ
a pa-ba mo.
5A ná yeini a ke-ba lanyerane,
ba wó jwoori ba ke-ne zonne.
A ta ná jege ba swono,
ba maa wó ja puseŋa ba jeeri-ne.
6Nam beeri puseŋ-nyeno
se kotu di a dono wom taane.
Ta pa se o seba-nyeno zaŋe
o saŋe‑o.
7Ba maa ná di o taane dem,
se ba ta we, o toa.
Kwei o wɛ-lworo tete
se ko taa ye wɛleere.
8Pa se o ŋwea da yam ti lela.
Ta pa se nɔɔno wodwoŋi
leiri wonto yuu ne
o taa toŋe o totoŋa yam.
9Sɛ se o bia ji botara mo,
se o kaane wom de ji kadeim.
10Pa se o bia taa kare jei maama
ba lwoori wodiu se ba di.
Ba maa wó taa zoore
di-dwonnu wone,
ye ba yeini ba nwoŋi dáa ne
ba lwoori wolim.
11Sɛ se o na di jene
nɔɔno wolo tei ne to
zaŋe o ba o jwoŋi a dono wom jejegero tem maama,
se veira de ba ba vere o na yaare o na kolo maama to ba taa tei.
12Yé pa pwola se nɔɔn-nɔɔno
duri kotu de o bia balo
o na tege o daare to yibwona.
13Nam pa se o dwi dem maama saare,
se dwi delo na saŋe to
swei ba swia lela.
14 Baŋa Wɛ, yé fɔge n swei
o nabaara bam na ke wɛleera yalo dwi maama to.
Nam yé saare o nu tusim kɔtaa.
15Ta‑n guli ba wɛleera yam konto taa,
se n daare n pa se ba dwi dem
daa yé taa jege yere logo baŋa ne.
16Kokuri to, a dono wom yiga tera
nabwona wone
se o taa ke-ba lanyerane.
O nam bɛɛse yiniga tiina
de balo wo na chɔge to mo,
pa ba vo ba te.
17O maa swoi se o taa sɔɔle lwarem
o yage o dwonna baŋa ne.
Nam pa se sensɔle-balɔrɔ
taa dɔge o tete yuu ne!
O maa ba fɔge o lage se
o ke zaane nɔɔn-nɔɔno yuu ne.
Nɔɔn-nɔɔno de nam bá ke zaane
kotu yuu ne!
18O me de sɔɔlem taane mo,
nenɛɛne de ye gɔrɔ kolo
o na jege o zoore to.
De maa nye de na balo
o na yeini o nyɔa
pa se ba tu o wo to,
de nuga kalo o na mɛ
o turi o yera to.
19Nam pa se o sensɔle-balɔrɔ kom
meeli o yera,
ne gɔrɔ kolo o na zo to.
Pa se ko taa nye de kila
kalo o na vɔga o teiŋa ne to.
20Ko ná ye balo na jege amo kwaga
ba chwo
ye ba ta zage-ne ni-chɛɛre to,
Baŋa Wɛ wó pa se ba jwoori
ba na waarem konto dwoŋi.
21Yuu-tu Baŋa Wɛ,
nam da n yere dem ŋwaane
n nii amo baŋa ne lanyerane.
Jwoŋi-ne n yage,
n swono kolo na ye chekke to ŋwaane.
22Kokuri to, amo tiini a bwona mo lage-lage
ye yiniga de jege-ne.
A bochare de maa tiini de di.
23A lage a jei lela mo,
nenɛɛne lunluŋu na yeini ko ke tei dedaan-ni seeni to.
Ba lage ba peili-ne ba yage dáa ne,
nenɛɛne kayera dwoŋi to.
24A nadwoona maa mage daane
a kana na tiini ka wɔe to ŋwaane.
A yera yam tiini ya bugi,
pa se ya daare kwi yerane mo.
25Balo na dwoni de amo to
jege-ne ba gwoona.
Ba maa ná yeini ba na-ne,
ba dole ba yuni tem mo
amo ŋwaane.
26Amo Tu Baŋa Wɛ, ba n zeini-ne!
Da n swono kom ŋwaane
n jwoŋi-ne n yage.
27Pa se a dona bam na n dam dem,
se ba wane ba lɔre we
ko ye nmo mo woli-ne.
28Ba laam wó wane ba sɔɔle lwarem
ba yage amo yuu ne,
se nmo nam wó ke zaane mo
n ke a yuu ne.
Ba ná boŋe se ba bɛɛse-ne,
ba maa wó na ba chaveera.
A nam wó di ywoni mo,
a na ye nmo tontoŋeno to ŋwaane.
29Chega to, chaveera wó di balo
na jege a kwaga kam ba chwo to.
Kuri-nɔrɔ maa ye gɔrɔ kolo
ba na wó zo to.
30A lage a puri a ni
a tiini a ke Baŋa Wɛ lei mo.
A maa wó zege nɔn-kɔgɔ tetare ne
a tei‑o.
31Kokuri to, o yeini o zege nabwom jazem seeni se o woli‑o.
O ta maa yeini o vere kotu o yaga
balo na lage ba pa o to
de o bora to jeŋa ne.",https://www.bible.com/bible/3661/PSA.109.KBG
LEI 110,"Pɛ wolo Baŋa Wɛ na kuri to taane
David déem pane leiŋa kanto.
1 Baŋa Wɛ tage
de amo Teiru wom o we:
“Ba n jeini amo jazem seeni,
se amo laam wane n dona bam
a ke nmo dam kuri ne
se n ta‑n tei-ba.”
2 Baŋa Wɛ wó pa n paare dam-fɔrɔ kom yale ko yi jei maama.
Nmo wó di paare Zion ne
ye n wane n dona bam
na gilimi abam to.
3N ná zaŋe n nwoŋi de dam
dɛ delo wone,
nmo nɔɔna bam wó tɔge n kwaga
de wopwolo
Wɛ tete zwonnu tem yuu ne.
Tega ná poore tetete,
nmo nɔn-donno tem wó ba nmo tei,
ne nyɔnɔ na yeini ko to
zezeŋa ne tei to.
4 Baŋa Wɛ dugi duuri mo
ye o daa bá fɔge o za o ni.
O tage o we, “Nmo wó ta‑n ye amo kaanem tu taa wuu,
ne Melkizedeka faŋa faŋa
na ye tei to.”
5Dé Teiru Wɛ wom maa wo
n jazem seeni.
O ban-zɔŋɔ dɛ dem ne
o wó wane pwa o de tega ne.
6O lage o di dwi-gɛ tiina bam taane,
ye o waare-ba
se ba twa bam mo faare
tega kam jei maama ne.
Ko ta ná ye logo baŋa maama pwa bam
o lage o chochoge
ba yu-kwoli sem mo.
7O ná wo chwoŋa yuu ne o via,
bu-nɔgɔ wó taa wora,
ye o nyɔ na se o yera taa zura.
Konto ŋwaane,
o wó kwoni o yuu wɛɛne,
ye o zege de dam.",https://www.bible.com/bible/3661/PSA.110.KBG
LEI 111,"Baŋa Wɛ totoŋ-kamuna yam taane
1Pa-na dé tei Baŋa Wɛ!
Amo wó ke Baŋa Wɛ lei
de a wo maama
Wɛ nɔn-kɔgɔ kom tetare ne,
ne nɔn-laaro ná jeeri daane.
2 Baŋa Wɛ tiini o toŋe
totoŋ-kamuna dedɛ.
Balo maama wo na pwoli
de o kikia to
wó taa boŋe ya boboŋa mo
maŋa maama.
3O totoŋa yam jege zula mo
dedaane nenɔŋa.
O na zege o chega wone tei to
wó taa wora wuu.
4O na yɔɔre o ke
wo-kenkagela yalo to,
nɔɔna wó taa guli ya gula.
Baŋa Wɛ ye zaane tu
de yibwona tu mo.
5O maa pae balo na kɔre‑o to
ba ni-wodiu.
O na gwoni o ni de o nɔɔna bam tei to,
o ta wó ke se ko tɔge de
o ni-gwonim dem taa wuu.
6O déem kwei dwi-gɛ tiina
ya na tei tega kalo to
o pa o nɔɔna bam,
se ba wane ba lɔre
o na toŋe de dam tei to.
7O na yeini o ke totoŋa yalo to
jege chega.
Ya maa pae se chega kam toŋa.
O bera yam maama maŋe
se nɔɔna taa tɔge-ya mo.
8Ya wó taa zega
se ko taa vei wuu.
Ya maŋe se nɔɔna ke ba chega
dedaane-ya,
se ba daare ba ke
ya na bere tei to mo.
9Wɛ déem ke woŋo se o vere
o nɔɔna bam o yage.
Ko ná ye ni delo
o na gwoni de-ba to,
o bá yiri-de kɔtaa.
O yere dem yɔɔre de ye wose mo,
ye de tiini de jege foone dedɛ.
10Nabiina na kɔre Baŋa Wɛ mɛ to,
yi-poro de puli dáane mo.
Balo maama na toŋe ba tɔge
o bera yam to
wó taa jege yeino lanyerane.
Wɛ maŋe se nɔɔna taa tei‑o
se ko taa vei wuu.",https://www.bible.com/bible/3661/PSA.111.KBG
LEI 112,"Wɛ woli nɔn-ŋona
1Pa-na dé tei Baŋa Wɛ!
Nɔɔno wolo ná kɔre Baŋa Wɛ
ye o pae se Wɛ nia yam
jege ywoni ya pa‑o,
Wɛ zaane wo kotu yuu ne lanyerane.
2O bia bam tete wó na yere
tega kam baŋa ne.
Wɛ wó yɔɔre o swɛ nɔn-ŋona
dwi dem swolim.
3Kotu sɔŋɔ kom wó na jejegero
dwi dwi.
Nɔɔna maa bá fɔge ba swei
o nɔn-ŋonne kikia ni ne.
4Ko ná ye balo na yɔɔre
chwo-laao wone ba vei to,
pwooni wó zeiŋi de pa-ba,
de ba na maŋe ba wo
lim jei wone to de.
Ko wó ke konto ko pa nɔn-ŋom wolo maama
na jege nɔɔna yibwona
ye o pae se chega toŋa to.
5Ko ta ná ye wolo wo na ywomma
pa se o jene wonnu mo
o pa o dwonna,
ye o totoŋe maama toŋe
de tɔge de chwoŋa to,
wonnu wó ke lanyerane
te pa kotu mo.
6Nɔn-ŋom nam bá fɔge o seeri o to.
Nɔɔna de bá swei o swia
se ko taa vei wuu.
7Kwor-balɔrɔ nam ná yi‑o,
o bá taa kɔre foone.
O jege baare mo
ye o wo kom yɔɔre ko da Baŋa Wɛ.
8O boboŋa maa zege chega kam wone
ye foone ba jege‑o.
O laam maa wó ba
o wane o dona o di.
9Kotu pɔɔre o wonnu
o pa yiniga tiina zɛɛra mo.
O nɔn-ŋonne dem wó taa wo
o tei ne maŋa maama.
O maa wó tiini o na dam,
pa se nɔɔna zeiŋi o yere dem wɛɛne.
10Puseŋ-nyena wó na konto maama
ye ba bana taa zaŋa ko ŋwaane.
Ba maa wó done ba nwa
lwia ŋwaane,
ye ba taa bugi ba jia.
Puseŋ-nyena bam fera ná zo
woŋo kolo maama,
ba nam bá na-ko kɔtaa.",https://www.bible.com/bible/3661/PSA.112.KBG
LEI 113,"Baŋa Wɛ lamma!
1Pa-na dé tei Baŋa Wɛ!
Abam balo na ye o tontoŋena to,
tei-o-na!
Tei-na Baŋa Wɛ yere dem!
2Pa-na se dé tei Baŋa Wɛ yere dem,
ko zege leile se ko taa vei wuu.
3Ko na zege wɛ-puli seeni
se ko vo ko yi wɛ-zoore seeni to,
ko maŋe se jei maama nɔɔna mo
taa tei Baŋa Wɛ.
4 Baŋa Wɛ jege dam mo logo baŋa
teene dem maama baŋa ne.
O nenɔŋ-fɔrɔ kom nae jaja mo
wɛyuu kom maama ne.
5Debam Tu Baŋa Wɛ dwoŋi tera.
O maa jei o paare yituŋu kom baŋa ne wɛ-wɛ,
6ye wɛyuu de tega kam maama wo kuri kuri.
O laam maa tiiri o nii
o nae te maama.
7 Baŋa Wɛ yeini o zeini yiniga tiina mo
pa se ba nwoŋi bworu wone
ba na jeiŋa jei.
O ta ma le nabwona
tampuuri baŋa ne
se ba wane ba na ba tete.
8O ma ja-ba o vo o jeini
teo kom dedɛɛra tei ne,
se nɔɔna taa nege-ba.
9Ko nam ná ye kadega de,
Wɛ wó pa kotu lo bia,
se o wane o di ywoni
o sɔŋɔ kom wone.
Pa-na dé tei Baŋa Wɛ!",https://www.bible.com/bible/3661/PSA.113.KBG
LEI 114,"Wɛ na wo o nɔɔna tei ne tei to
1Wɛ déem le Isarele tiina bam na ye Jakob dwi tiina to
Ejipti tiina bam jeŋa ne,
pa se ba nwoŋi dwi-gɛ tiina bam konto tetare ne.
2Wɛ déem na ke konto to,
o laam pɛ se Judah dwi tiina
kateiri dem mo ji o wara-jei.
O ma di paare Isarele tiina bam baŋa ne.
3Naneo kom déem nii ko na
ko na ye tei to mo,
ye ko tutwoni dáa ko daare pwola.
Jɔdan buga kam de ma pipiri
ka kɛ dáa.
4Peero tem de zwonnu tem
déem ziziŋi mo,
nenɛɛne pi-bale na faŋe wɛɛne
tei to.
5Naneo, ta‑n tɛa, bɛ mo ke ye
n tutwoni n daare pwola?
Jɔdan buga kam,
bɛ mo ye n pipiri n kɛ dáa?
6Ko ta ná ye peero tem
de zwonnu tem,
bɛ mo ye abam de faŋe wɛɛne
nenɛɛne pei to?
7Tega kam baŋa, ko nam maŋe
se n yera taa sae mo,
Wɛ na tu n tei to ŋwaane.
Chega to, Jakob dwi tiina Wɛ wom fɔɔre o twɛ nmo mo.
8Wonto déem pɛ se peo leiri
ko ji chɔgɔ.
Peo kom tete ma ji buli-yi,
pa na ta ba nwoŋi da.",https://www.bible.com/bible/3661/PSA.114.KBG
LEI 115,"Baŋa Wɛ yerane mo ye Wɛ chekke
1Ko dae debam mo
maŋe de zula,
se nmo, Baŋa Wɛ yerane mo.
Ko maŋe se nɔɔna taa tei
nmo yere,
nmo swono kom na gaale
ye n ta jege chega to ŋwaane.
2Bɛ mo ye dwi-gɛ tiina bam
bwei daane ba we,
“Ba Wɛ wom bɛ?”
3Debam Tu Wɛ wom nam wo
telaao ne mo.
O maa toŋe kolo maama
o wo na dɛ to.
4Ko nam ná ye banto jwona yam,
ko ye lu-nyenno
dedaane sabu-seŋa mo
nabiina kwei ba mɔ-ya de ba jea.
5Ya maŋe ya jege nia,
ya nam ba ŋɔɔna.
Ya ze jege yia mo de,
ya nam ba nae.
6Zwa mo ba jega,
ye ya ba ni kolokolo.
Ya momwa de ba ni lwom.
7Ya ta jege je,
ye ya ware ya ma-se
ya dwei wonnu.
Ko ná ye ya nɛ sem,
ya ware ya ma-se ya vo jei jei.
Ya kwori bá wane sɔɔ se se ke.
8Balo maama na ke jwo-yɔɔro to
wó ba ba taa nye de-ya.
Balo de na ke ba wo-dedoa
de-ya to wó ji nɔn-yɔɔro mo.
9Isarele nɔn-kɔgɔ kom,
ke-na á wo-dedoa
dedaane Baŋa Wɛ!
Wonto mo ye á zeinnu
ye o ta daare o cho abam.
10Aron dwi tiina bam,
ke-na á wo-dedoa
dedaane Baŋa Wɛ!
Wonto mo ye á zeinnu
ye o ta daare o cho abam.
11Abam balo maama
na kɔre Baŋa Wɛ to,
ke-na á wo-dedoa ded‑o!
Wonto mo ye á zeinnu
ye o ta daare o cho abam.
12 Baŋa Wɛ yeini o guli debam gula
pa se o swɛ debam swolim.
Chega to, o wó swɛ Isarele tiina bam swolim,
ko fɔge ko dae Aron dwi tiina bam de.
13Balo maama na kɔre Baŋa Wɛ to mo
o lage o swɛ ba maama swolim,
ba ná maŋe ba ye nabwona
naa naduna mo de.
14 Baŋa Wɛ wó pa abam
de á dwi dem puli dedɛ.
15O maa ye wolo na naane wɛyuu
de tega baŋa to mo.
Wonto wó swɛ abam swolim lanyerane.
16Wɛyuu kom maama
ye Baŋa Wɛ nyem mo.
O nam kwei tega kam baŋa
o ke nabiina jeŋa ne.
17Ko dae balo na tege to mo
wae ba tei Baŋa Wɛ.
Ba nia nam meeri mo tega kuri ne.
18Se ko ná ye debam balo na ŋwe to,
dé wó taa tei Baŋa Wɛ,
ko zege leile se ko taa vei wuu.
Pa-na dé tei Baŋa Wɛ!",https://www.bible.com/bible/3661/PSA.115.KBG
LEI 116,"Lei keim
1Amo swoi Baŋa Wɛ
o na yeini o cheigi-ne
ye o sɛ amo wɛ-lworo kom to ŋwaane.
2O yeini o pore o zwa mo
o ni amo ni taane.
Mo kokuri, amo wó ware‑o
se ko taa nii a ŋwea siseini.
3Toone déem kekare amo de vɔ.
A maa kɔre foone
churu veiŋa ŋwaane.
Cham de wo-chechɔgɔ yerane mo
ya ye amo nyem.
4Amo laam ma kaase
a bwoŋi Baŋa Wɛ yere a we,
“Ja, amo Tu Baŋa Wɛ!
Jwoŋi-ne n yage!”
5 Baŋa Wɛ jege ŋwaŋa de zaane mo
o maa zeini nɔɔna.
O tiini o duri nɔɔna yibwona.
6Ko ná ye nabwona,
Baŋa Wɛ yeini o cho-ba
se ba yé to.
Amo déem na tiini
a wo cham wone to,
o jwoŋi-ne o yage.
7Amo wó ta a tete ne se a jwoori
a sii de bochare-zuru,
Baŋa Wɛ na tiini o ke zaane
o ke amo yuu ne to ŋwaane.
8Amo Tu Baŋa Wɛ,
nmo jwoŋi a ŋwea kam
toone jeŋa ne n yage.
N chugi n jwoŋi-ne,
se a daa yé keeri a ka yi-na
se a ta yé seeri a to tega ne.
9Mo kokuri, amo wó taa jege
a ŋwea tega baŋa ne
ye a kɔre Baŋa Wɛ.
10A ta ke a wo-dedoa de Wɛ mo,
ye a we, “Cham tiini de jege-ne.”
11A boboŋa na vugimi to,
a maa we,
“Nabiina maama ye vwa-fɔra mo.”
12Bɛ mo amo bere a lage a kwei
a pa Baŋa Wɛ,
de o na tiini o ke zaane
o ke a yuu ne to?
13A na wó ke kolo to mo tento:
Amo wó zeiŋi zoŋa mo
de ka wo wo-nyɔɔro,
a maa ke‑o lei o verem ŋwaane,
ye a daare a bwoŋi o yere
a maa zuli‑o.
14Amo wó vo a zege Baŋa Wɛ
nɔn-kɔgɔ kom tetare ne,
se a ke kolo maama a na gwoni ni ded‑o we a wó ke to.
15Ko ná ye balo na jege chega
de Baŋa Wɛ to,
ba dedoa ná tega,
ko tiini ko jege kuri ko pa‑o.
16Amo Tu Baŋa Wɛ,
a ye n tontoŋeno mo.
Chega to, a ye kabaa mo n sɔŋɔ ne.
Nmo nam bwoli ŋone selo
ya na vɔge-ne to.
17Amo wó ja lei-keim pɛɛre mo
a ba a ke kaanem a pa‑m,
ye a daare a bwoŋi nmo Baŋa Wɛ yere a maa zuli‑m.
18Amo wó zege Baŋa Wɛ
nɔn-kɔgɔ kom tetare ne,
se a ke kolo maama a na gwoni ni ded‑o we a wó ke to.
19Amo wó vo Jerusalem teo kom tetare ne,
se a ke Baŋa Wɛ lei
o tete wara-jei sem ne.
Pa-na dé tei Baŋa Wɛ!",https://www.bible.com/bible/3661/PSA.116.KBG
LEI 117,"Tei-na Baŋa Wɛ!
1Logo baŋa dwi tiina maama
ba-na á tei Baŋa Wɛ!
Nabiina na nwoŋi
teene delo maama wone to,
zuli-o-na.
2Kokuri to,
Wɛ na jege dé swono tei to
tiini ko dana se ko gaale.
O chega zegem dem maa wó taa wora se ko taa vei wuu.
Pa-na dé tei Baŋa Wɛ!",https://www.bible.com/bible/3661/PSA.117.KBG
LEI 118,"Lei keim
1Pa se dé ke-na Baŋa Wɛ lei, se o lamma.
O swono kom wora mo taa wuu.
2Pa-na se Isarele tiina bam tɔge
ba ta we:
“O swono kom wora mo taa wuu.”
3Pa-na se Wɛ kaanem tu Aron dwi tiina bam de tɔge ba ta we:
“O swono kom wora mo taa wuu.”
4Pa-na se balo maama na kɔre Wɛ to de tɔge ba ta we:
“O swono kom wora mo taa wuu.”
5Amo wo ya na tiini ko pɛ to,
a ma lwoori Baŋa Wɛ.
O ma sɛ a wɛ-lworo kom
pa se a jwoori a na a tete.
6 Baŋa Wɛ mo zege amo kwaga ne.
Konto to,
a daa bá taa kɔre foone.
Nabiina lage ba ke amo bɛ mo?
7Chega ŋwaane to,
Baŋa Wɛ mo wo amo tei ne
se o zeini-ne.
Ko ná ye balo na chuli-ne to,
ba lage ba to mo ye a nii-ba.
8Nɔɔno ná vei
o dale Baŋa Wɛ woro ne,
konto gare o teena
ná wo nabiina baŋa ne.
9Nɔɔno ná vei
o dale Baŋa Wɛ woro ne,
konto gare o teena
ná wo dedɛɛra baŋa ne.
10 Dwi-gɛ tiina maama mo
ya gilimi amo ba ke tetare ne.
Baŋa Wɛ yere dem dam ŋwaane
amo nam wane-ba a yigi
a de tega ne.
11Chega ŋwaane to,
ba yɔɔre ba gilimi-ne,
ye a wane-ba a yigi a de tega ne,
Baŋa Wɛ yere dem dam ŋwaane.
12Ba yɔɔre ba meeli-ne mo
nenɛɛne twe na meeli nɔɔna tei to.
Ba nam jei mo lela
nenɛɛne sabare selo
mini na zwɛ to mo.
A ma wane-ba a yigi a de tega ne,
Baŋa Wɛ yere dem dam ŋwaane.
13Ba ya tiini ba jege-ne ba peena.
Ko ma gɛ fee mo se a to tega ne.
Baŋa Wɛ nam yɔɔre
o da o zeini-ne mo.
14 Baŋa Wɛ mo ye wolo na yeini
o pa-ne dam
ye o ta kwori o cho amo
cham wone.
O maa ye wolo na jwoŋi-ne
o yage to.
15Cheigi-na! Wɛ nɔn-laaro tem
zege ba vwoa wone
ba bage ywoni de wɔnɔ ŋwaane mo ye ba we:
“Baŋa Wɛ jazem dem mo
toŋe wo-kamuna!
16Chega ŋwaane to,
Baŋa Wɛ jazem dem jege dam!
O ma tɔge de baŋa ne
o toŋe wo-kamuna!”
17Amo bá te, a lage a taa ŋwe mo.
Amo laam maa wó taa tɔɔle
a bere nɔɔna
Baŋa Wɛ na ke
totoŋ-kamuna yalo to.
18 Baŋa Wɛ ya tiini o pa
ko chɛ a yera ne.
De konto maama de,
o wo pɛ se toone ja-ne.
19“Pore-na manchwoŋo ni dem
á pa-ne
se a zo Wɛ wara-jei sem
mɛ nɔn-laaro na yeini ba zoore to.
Se amo wó zo dáane mo
a ke Baŋa Wɛ lei.”
20“Baŋa Wɛ wara-jei di-nia yam
mo tento.
Wɛ nɔn-laaro tem yerane mo
jege chwoŋa se ba tɔge da
ba vo ba zuli‑o.”
21“Amo nam wó ke nmo Baŋa Wɛ lei,
nmo na sɛ a wɛ-lworo kom
ye n jwoŋi-ne n yage to ŋwaane.”
22Kandwɛ delo lɔra bam na ve to
laam jwoori de ba de ji kandwɛ
delo na pae diga kam damma to.
23Konto ye Baŋa Wɛ keim mo.
Ko maa ye wo-kenkagele
ko pa debam.
24Zem mo ye Baŋa Wɛ
totoŋ-kamuna dɛ dem!
Pa-na se dé taa chaka de wopwolo
de ŋwaane.
25Yuu-tu Baŋa Wɛ,
dé lwoori nmo tei ne
se n jwoŋi debam n yage!
Pa se dé totoŋa taa vei yiga lanyerane!
26“Baŋa Wɛ wó swɛ wolo na tu
o yere ŋwaane to swolim.
Debam zege Baŋa Wɛ
wara-jei sem ne mo
se dé ke o zaane dé yage n yuu ne!”
27 Baŋa Wɛ seene o ye
debam Tu Wɛ wom mo.
O maa pae pwooni taa wo
dé tei ne.
Konto to, di-na kuri á ma‑á zuli‑o!
Kwei-na varem á vɔ de ŋone
á ja á vo á lei
kaanem bimbini dem nyea ne.
28Nmo mo ye amo Tu Wɛ wom.
Amo wó ke nmo lei dedɛ.
Chega to, amo wó tei nmo yere
pa se de zaŋe wɛɛne,
n na ye amo Tu Wɛ to ŋwaane.
29Pa se dé ke-na Baŋa Wɛ lei,
se o lamma.
O swono kom wora mo taa wuu.",https://www.bible.com/bible/3661/PSA.118.KBG
LEI 119,"Wɛ ni taane dem jege wolim dedɛ
Alef
1Balo na yɔɔre ba tɔge chwoŋa ye ba ba tusi to mo,
Wɛ zaane wo ba yuu ne lanyerane.
Banto yeini ba sɛ
Baŋa Wɛ nia yam mo chekke.
2Ko ta ná ye balo na toŋe
ba tɔge Wɛ bera yam
ye ba fɔɔre ba twɛ‑o
de ba wo maama to,
Wɛ zaane wo ba yuu ne.
3Banto ba sɛ ba toŋe lwarem kikia kɔtaa,
ye ba nam yɔɔre ba tɔge
Wɛ chwoŋa chekke mo.
4Nmo Baŋa Wɛ maŋe n pa
se n chullu tem mo tigi jaja.
Ko maa jege se nɔɔna taa toŋe
ba tɔge-te maŋa maama.
5Pa se a totoŋ-naga taa tɔge
nmo kwora na bere kolo to!
6Amo ná seene a yia
se a taa sɛ n ni-kaana yam,
chaveera bá ja-ne ya ŋwaane.
7A ná zamese n chega taana yam,
a laam wó taa tei‑m
de a wo maama.
8Chega to, amo wó taa sɛ
a ke nmo nia yam mo.
Yé ma n kwaga n ya amo.
Bet
9Nɔn-doŋo wó ke tɛ mo
se o ŋwea kam yɔɔre chwoŋa?
O jege se o taa cho o tete,
ne nmo ni taane dem na bere
se o ke tei to mo.
10Amo kwei a wo maama mo
a kwaane se a fɔɔre a twɛ nmo.
Nam yé pa se a ywori
nmo ni-kaana yam kwaga ne.
11Amo kwei n ni taane dem mo
a ke a bochare ne,
se ko che-ne se a yé tusi
a chɔge nmo yiga.
12 Baŋa Wɛ,
nmo maŋe dedaane tia mo!
Bere-ne se a lɔre n nia yam chekke.
13Amo jege n chullu telo
n na pɛ debam to mo
a yeini a tɛ a bere nɔɔna jaja.
14Amo tiini a di ywoni mo
n bera yam ŋwaane,
ne ya pɛ a ye nadum mo tei.
15A wó taa jege n chullu tem
a boboŋa ne,
se a daare a tɔge n nɛ-bwora kam chekke.
16A maa wó pa se n nia yam
taa jege ywoni ya pa-ne,
se a daa yé swei n taane dem swia.
Gimel
17Amo Tu, a lwoori‑m
se n ta‑n ke lanyerane n pa-ne.
Amo laam maa wó taa jege ŋwea
ye a sɛ a tɔge n taane dem
na bere tei to.
18Pa se a yia puri,
se a wane a lɔre wo-kenkagela
yalo n taane dem na bere to.
19Amo ye veiru mo logo baŋa ne.
Yé seigi n ni-kaana yam amo tei ne,
se a yé wane a lɔre-ya.
20Maŋa maama wone n bera yam tiini ya jege fera mo ya pa-ne.
21Ko ná ye balo na bere ba tete kamunim to,
nmo yeini n waare-ba mo.
Sensɔle-balɔrɔ maa wo ba yuu ne,
ba na ve nmo ni-kaana yam to ŋwaane.
22Yé pa se ba toro naa ba yu-yaalem
yi amo,
kokuri to, amo sɛ a tɔge
nmo bera yam mo.
23Pa-bia tete ná maŋe ba beeri chwoŋa
se ba chɔge-ne mo de,
amo ta wó taa jege n nia yam
a boboŋa ne.
24Nmo bera yam mo tiini
ya pae amo na ywoni.
Ya maa bere-ne chwo-laao
se a taa tɔga.
Daleta
25Amo laam to tega ne,
ye toone lage de ja-ne.
Nam tɔge n ni dem baŋa ne
n pa a jwoori a na ŋwea.
26A tage a ŋwea na ye tei to maama
a bere‑m,
ye nmo de leiri a taane dem.
Laam nam bere-ne n nia yam lanyerane.
27Woli-ne se a wane a ni
n chullu tem kuri,
se ko pae a taa boŋe
n totoŋ-kenkagela yam boboŋa.
28Amo wo-chechɔgɔ kom
mo lage ko go-ne.
Nam tɔge n ni dem baŋa ne
n pa a jwoori a na dam.
29Pa se a nwoŋi vwa dwi maama wone,
se n daare n tɔge n zaane dem baŋa ne
n pa a taa yei nmo nia yam.
30Amo kuri se a taa zege de chega mo a pa‑m.
A ta maa yeini a guli
nmo chullu tem gula.
31Amo Tu Baŋa Wɛ,
amo sɛ a tɔge n bera yam mo.
Yé pa chaveera di amo!
32Amo seene a yia mo se a ke
n ni-kaana yam na bere kolo to.
Konto to, woli-ne
se a ni ya kuri lanyerane.
Hee
33Amo Tu Baŋa Wɛ, bere-ne
se a wane a lɔre n nia yam kuri.
Amo ba lage se a lɔ ya dedoa tete kwaga ne.
34Nam pa se a yi poore,
se a wane a sɛ nmo ni taane dem.
Amo zege se a yɔɔre a tɔge-de
de a wo maama mo.
35Pa n ni-kaana yam taa bere-ne chwoŋa se a taa via.
Kokuri to, amo tiini a ni
ya ywoni lanyerane.
36Pa se a boboŋa taa tɔge n bera yam,
se a fera yé zo jejegero wone.
37Dɔne amo yia wo-yɔɔro baŋa ne.
Pa se a na ŋwea n chwoŋa kam tɔgem ŋwaane.
38Amo Tu, a ye n tontoŋeno mo.
Nam ke n na gwoni ni se n ke kolo
ye n pwooli se n ke tei
de balo na kɔre nmo to.
39A kɔre foone de balo na jege-ne
ba yaale to mo.
Yé pa a na chaveera ba ŋwaane.
Kokuri nmo tete ni taane dem lana dedɛ.
40Nii a na tiini a lage
se a taa tɔge n chullu tem tei!
Tɔge n chega kam ŋwaane
n pa a ŋwea jwoori ka na dam.
Wawu
41Amo Tu Baŋa Wɛ,
pa n swono kom yi amo,
se n daare n jwoŋi-ne n yage,
ne n na gwoni ni se n ke tei to.
42Konto wó pa se a wane a leiri
balo na jege-ne ba twe to,
a na ke a chega n taane dem wone to ŋwaane.
43Yé pa se n chega taane dem jei
amo ni ne,
se a teena maama wo
nmo bora borem dem ne mo.
44Amo lage se a taa sɛ nmo nia yam maŋa maama mo
se ko taa vei wuu.
45Amo laam vei mo
ye kolokolo ba daane-ne,
a na tiini a lage n chullu tem to ŋwaane.
46A ta wó taa tɛ n bera yam a bere pwa,
ye chaveera bá ja-ne ya ŋwaane.
47Amo wo mo pwoli dedɛ
de nmo ni-kaana yam,
a na tiini a swoi-ya to ŋwaane.
48Chega to, a swoi n nia yam
ye a nege-ya lanyerane.
A maa wó taa boŋe ya wone mo zii.
Zayin
49Yé zaŋe n swei ni delo n na tiŋi
de amo wolo na ye n tontoŋeno to,
se a teena maama wo dáane mo.
50A ná wo cham wone,
n ni taane dem yeini de pa
a bochare peini tega ne mo,
ye a ŋwea jwoori ka na dam.
51Banegero nyena jege amo mo
ba ke ba mɔna.
Amo nam wo sɛ se a yage
n nia yam tɔgem.
52Amo Tu Baŋa Wɛ,
nmo chullu tem maŋe te wora mo
se ko nwoŋi faŋa.
A ná yeini a guli te gula,
te pae a bochare tigi tega ne mo.
53Amo wo mo wiira dedɛ
dedaane puseŋ-nyena bam
na ve n nia yam to.
54A ná zoore mɛ maama logo baŋa ne,
a yeini a leeni wopwolo lei mo
nmo bera yam ŋwaane.
55 Baŋa Wɛ, a ta ná yeini a peini tete ne,
a guli n yere dem gula mo.
Konto to, a lage a taa tɔge n nia yam.
56Amo na yeini a ke tei to mo tento:
a yɔɔre a sɛ a tɔge n chullu tem mo.
Het
57 Baŋa Wɛ, nmo yerane mo ye wolo
na maŋe de amo to.
A boboŋa jaane se a taa tɔge
n nia yam mo.
58A nam lwoori‑m
de a wo maama mo
se n yiga taa wo a wone.
Tɔge n ni dem baŋa ne
n pa n zaane taa wo a yuu ne.
59Amo maane a nii
a ŋwea na ye tei to,
pa se a yɔɔre a pipiri
a tɔge n bera yam.
60A seene a yia mo ye a ke lela
se a taa sɛ n ni-kaana yam.
61Puseŋ-nyena kwaane mo
se ba soge-ne se a tusi,
ne ba vɔge-ne mo de ŋone
ba ja tei to.
Amo nam bá swei nmo nia yam ni ne.
62Tete-koro ne mo a yeini a zaŋe
se a ke nmo lei dedɛ,
nmo chullu tem na zege
chega baŋa ne to ŋwaane.
63Ko ná ye a yuudwonna balo
a na tɔge de-ba to,
banto kɔre nmo mo
ye ba ta sɛ n chullu tem.
64 Baŋa Wɛ, nmo swono kom mo
yi logo baŋa jei maama.
Konto to, bere-ne se a wane
a lɔre n nia yam.
Tet
65Amo Tu Baŋa Wɛ,
a ye n tontoŋeno mo.
Nmo seene n tɔge n ni dem baŋa ne
n ke lanyerane n pa-ne.
66Nam pa se a taa jege yiyiu
dedaane swa
se a wane a tɔge chwo-laao.
Kokuri to, amo pɛ n ni-kaana yam chega mo dedɛ.
67Maŋa kalo nmo ta na
wo korese-ne to,
a kare a tusi chwoŋa mo.
Leile konto amo laam yɔɔre a sɛ
n ni taane dem mo.
68Nmo tiini n lamma,
ye n keina de lana dedɛ.
Konto to, bere-ne se a lɔre
n nia yam chekke.
69Banegero nyena yeini ba fɔ vwa mo
ba daŋe a yuu ne.
Amo nam ta wó taa tɔge nmo chullu tem mo de a wo maama.
70Banto boboŋa jei mo
ye ba ba jege yibwona.
Ko nam ná ye amo,
a tiini a di ywoni n nia yam ŋwaane.
71Amo na nɛ koresem delo to
tiini de woli-ne dedɛ,
de ko na pɛ a zamese
n bera yam to ŋwaane.
72Nia yalo nmo na bere debam to
tiini ya jege kuri ya pa-ne,
ya dwoi sabu-seŋa
de lu-nyenno maama.
Yod
73Nmo jea mo naane amo,
ye ya fɔge ya pa a zega.
Konto to, pa a yi poore
se a wane a ni
n ni-kaana yam kuri.
74Balo dwi maama na zuli nmo to
ná nɛ amo, ba wo wó pwoli,
de amo teena na wo nmo taane dem wone to ŋwaane.
75 Baŋa Wɛ, amo yei we
nmo na yeini n boŋe n ja
kolo maama to
ye chekke mo.
Nmo na korese-ne tei to
yɔɔre ko jege chega.
76Pa n swono kom yi amo
se a bochare laam peini tega ne
ne n na tiŋi n ni se n ke tei
n pa amo wolo na ye
n tontoŋeno to.
77Ta pa n yibwona yi amo
se a wane a na ŋwea chekke.
Kokuri to, a tiini a di ywoni
n nia yam ŋwaane.
78Pa banegero nyena bam
di chaveera,
se banto fɔge vwa mo
ba ma chɔge-ne.
Ko nam ná ye amo,
amo wó taa guli
n chullu tem gula mo.
79Pa se balo na kɔre nmo to
fɔɔre ba yi amo tei,
se ba wane ba me de nmo bera yam.
80Pa se a yɔɔre a taa tɔge
nmo nia yam ye tusim tera.
Konto baŋa ne, chaveera bá di amo.
Kaf
81Amo yɔɔre a nii mo
se n vere-ne n yage.
A teena maama de maa wo
nmo taane dem baŋa ne.
82A kwaane a nii mo se a na we
ni delo n na tiŋi to
seene de ji chega, ye a ga.
Maŋa kɔ mo nmo wó ba
n zeini-ne,
se a bochare peini tega ne?
83Amo yera yam kwaare mo
nenɛɛne lɔa na koge tei to.
De ko de, amo ta wo swei
n bera yam ni ne.
84Amo Tu Wɛ,
amo wó taa cheigi‑m taa
se ko vo ko maŋe yei ne mo?
Ko ná ye balo na jege-ne ba daana to,
maŋa kɔ mo nmo wó zaŋe
n waare-ba?
85Banegero nyena bam yeini
ba ve nmo nia yam mo,
ye ba boŋe se ba ja-ne,
ne ba na koge gwoŋo
se a to ko wone tei to.
86Nmo ni-kaana yam maama
ye se dé pa-ya chega mo.
Nam ba n zeini-ne,
se nɔɔna tɔge vwa baŋa ne mo
ba bɛɛse-ne.
87Ko ya gɛ fee yerane mo
se ba go-ne.
Amo maa wo dole nmo chullu tem
a yage.
88Nam da n swono kom ŋwaane
n pa se a taa jege a ŋwea
ye a toŋe a tɔge
n bera yam maama.
Lameda
89 Baŋa Wɛ, nmo ni taane dem
wó taa jege kuri taa wuu
wɛyuu jei maama ne.
90Dwi dedwe wó kɛ,
se dedwoŋi de saŋe de ba.
Nmo nam zege n chega wone mo
taa wuu.
Nmo ta ke tega kam baŋa
se ka taa wora taa wuu.
91De zem maama
nmo nia yam ta jege kuri.
Wonnu maama de jege
se te taa toŋe te pa‑m mo.
92Amo ya ná wo di ywoni
nmo nia yam tɔgem ŋwaane,
tento wɛɛne yaara ya wó go-ne.
93Amo ba lage a fɔge a swei
nmo chullu tem swia,
tento na pɛ se a ŋwea ke dam to ŋwaane.
94Jwoŋi-ne n yage,
se a ye nmo nɔɔno mo.
A maa tiini a nege n chullu tem.
95Puseŋ-nyena bam beeri chwoŋa mo
se ba ja amo ba go.
Amo nam wó taa jege n bera yam
a boboŋa ne mo.
96Amo nɛ we
woŋo maama wó ba ko kɛ,
ko ná maŋe ko lamma tei de.
Nmo ni-kaana yam nam jage
jei maama ne mo,
ye ya ba jege siseini.
Mem
97Nii amo na swoi n nia yam tei!
Amo jege ya boboŋa mo
dɛ dem maama wone.
98Nmo ni-kaana yam mo pae
a jege swa a dwoi a dona maama,
a na jege ya boboŋa
maŋa maama to ŋwaane.
99A maa jege yi-poro a dwoi
balo na jege-ne ba zamese to tete,
a na yeini a guli n bera yam gula to ŋwaane.
100Amo yi poore se ko dwoni
nɔn-kwe tete de,
a na toŋe a tɔge n chullu tem to ŋwaane mo.
101Amo ba sɛ se a taa tɔge
lwarem chwoŋa,
pa se a taa ke n ni taane dem
na bere kolo to.
102Amo wo pipiri a lɔ
n nia yam kwaga ne,
nmo tete na bere-ne
se a lɔre ya kuri to ŋwaane.
103Nmo ni taane dem tiini
de ywomma de pa-ne,
se ko dwoni tooro na sona tei to!
104Nmo chullu tem pae
a yi poore lanyerane.
Mo kokuri amo laam chuli
chwoŋa kalo maama
na ye vwa chwoŋa to.
Nun
105Nmo taane dem mo yeini
de pa-ne pwooni pa a vei de wone,
ne min-zwoŋo na nye
pwooni chwoŋa ne tei to.
106Amo maŋe a du duuri mo we
amo wó toŋe a tɔge n nia yam
de ya na yɔɔre ya jege chega tei to.
Amo bá yiri a ni dem konto.
107Amo Tu Baŋa Wɛ,
cham tiini de zo-ne dedɛ.
Konto to, tɔge n ni dem baŋa ne
n pa a ŋwea jwoori ka ke dam.
108 Baŋa Wɛ, sɛ se n jwoŋi
a wo-ywoŋo pɛɛra yam,
a na lage a ma-ya a zuli nmo to ŋwaane.
Nam ta bere-ne n chullu tem.
109A yeini a dole a ŋwea kam mo a yage,
ye a daa ta ba swei n nia yam swia.
110Puseŋ-nyena bam kwaane mo
se ba ja-ne,
ne ba tiŋi kalanchogo mo tei.
Amo nam wo pipiri a lɔ
n chullu tem kwaga ne.
111Nmo bera yam wó taa jege lonne
ya pa-ne taa wuu.
Yanto mo pae a di ywoni lanyerane.
112Amo yɔɔre a boŋe a ja mo we
amo wó taa tɔge n nia yam
na bere kolo to taa
se a ŋwea ba ka ti.
Sameka
113Ko ná ye balo na jege
boboŋa yalei to,
amo yeini a chuli-ba mo.
Amo ta ma daare a ja
se a taa swoi n nia yam.
114Nmo mo ye amo dalem jei.
Nmo ta ma‑n cho-ne cham wone.
Nmo taane dem yerane wone mo
amo teena wora.
115Abam balo na ke lwarem
á daŋe a yuu ne to,
lage-na jei da a yiga ne!
Kokuri a boboŋa maŋe ya ja
se a taa tɔge ni-kaana yalo
amo Tu Wɛ wom na pɛ-ne to mo.
116 Baŋa Wɛ, da n ni dem ŋwaane
n pa a ŋwea na dam.
Amo teena na wo nmo tei ne to,
yé pa se chaveera di-ne ko ŋwaane.
117Fɔge n ta‑n jege-ne mɔpe,
se cham yé yi-ne.
Konto mo wó pa se amo yiga taa wo
n nia yam wone maŋa maama.
118Ko ná ye balo na yeini ba lɔ
n nia yam kwaga ne to,
n yɔɔre n ve-ba mo.
Ba boboŋa maama
ye vwa yerane mo.
119Nmo nii puseŋ-nyena balo maama
na wo tega baŋa ne to
se ba taa ye weeru mo n yiga ne.
Mo kokuri amo swoi n bera yam.
120Amo yera mo tiini ya sae
a na kɔre foone de nmo to ŋwaane.
Nmo na di nɔɔna taane tei to
maa pae a fona dedɛ.
Ayin
121Amo ke kolo na lamma
ye ko jege chega to mo.
Yé yage-ne se a to
balo na bɛɛse-ne to jeŋa ne.
122Amo ye n tontoŋeno mo.
Ta‑n zege n pa-ne,
se lanyerane yi amo.
Yé sɛ se banegero nyena bam
taa bɛɛse-ne.
123Amo kwaane a nii mo taa
se n vere-ne n yage,
se ni delo nmo na tiŋi to
seene de ji chega.
124Da n swono kom ŋwaane
n ba n woli amo
na ye n tontoŋeno to.
Bere-ne se a wane a lɔre
n nia yam chekke.
125Ta pa a yi poore
se a wane a lɔre n bera yam,
a na ye n tontoŋeno to ŋwaane.
126 Baŋa Wɛ, maŋa kam yi
se n zaŋe n ke keim,
nɔɔna na ve n nia yam to ŋwaane.
127Chega to, amo tiini a swoi
n ni-kaana yam.
Ya jege kuri ya dwoi sabu-seŋa,
ne ka ná maŋe ka lana tei de.
128Konto ŋwaane a yeini a tɔge
n chullu tem maama mo.
Amo ta chuli chwoŋa kalo maama
na ye vwa chwoŋa to.
Pei
129Nmo bera yam ye
berem-kenkagela mo.
Mo kokuri a yɔɔre a tɔge-ya.
130Nɔɔna ná tu ba lɔre
n taane dem kuri,
ba wó na pwooni
se ko pa ba yia puri.
De ta pae nayeiri-nyena jaane swa.
131Amo tiini a jege
nmo ni-kaana yam fera,
nenɛɛne na-nyɔm mo jege-ne to.
132Ja, nii amo seeni
se n duri a yibwona,
ne n na yeini n ke tei
n pa balo na zuli nmo yere to.
133Tɔge n ni dem baŋa ne
n pa se a yɔɔre a tɔge chwoŋa.
Yé sɛ se wɛleera na dam
amo baŋa ne.
134Ko ná ye balo na jege-ne ba bɛɛsa to,
jwoŋi-ne ba jeŋa ne n yage,
se a wane a taa sɛ n chullu tem.
135Pa n yibia jeeri amo seeni
se n ke-ne zaane,
a na ye n tontoŋeno to ŋwaane.
Bere-ne se a wane a lɔre
n nia yam chekke.
136Amo kane yi-na mo bare-bare,
a na nɛ nɔɔna na ve
n nia yam tɔgem to ŋwaane.
Tesade
137 Baŋa Wɛ,
nmo jege chega lanyerane.
Nmo chullu tem de yɔɔre
te tɔge chwoŋa mo.
138Nmo na pɛ debam bera yalo
se dé taa tɔge to
tiini ya ye chekke mo,
ye ya maŋe se dé sɛ-ya.
139Ko tiini ko daane-ne mo
dedaane a dona bam na swei
nmo taane dem swia to.
140Nmo ni taane dem tiini de jege kuri.
Amo wolo na ye n tontoŋeno to
tiini a swoi-de dedɛ.
141Amo tiini a muri
ye nɔɔna jege-ne ba gwoona.
Amo nam ba fɔge a swei
n chullu tem ni ne.
142Nmo na zege n chega wone tei to
wó taa wora mo taa wuu.
Nmo ni-kaana yam de yɔɔre
ya ye chekke mo.
143Yaara de cham mo to amo baŋa ne.
Nmo ni-kaana yam nam pae
a di ywoni dedɛ.
144Nmo bera yam yɔɔre ya ye
chega mo se ko taa vei wuu.
Pa se a yi poore lanyerane
se a wane a na ŋwea chekke.
Qofa
145Amo Tu Baŋa Wɛ,
amo keeri a jare nmo
de a bochare maama!
Nam leiri a wɛ-lworo kom,
se a wane a taa tɔge n nia yam.
146Ja, jwoŋi-ne n yage
ne a na lwoori‑m tei to,
se a taa ke a tɔge n bera yam.
147Amo yeini a dɔ a zaŋe
ye tega ta wo poore,
se a lwoori zeinim nmo tei ne.
A kwei a teena a daŋe
n taane dem baŋa ne mo.
148Tete dem maama wone
dɔɔm ba tui a yia ne,
ye a boboŋa yɔɔre ya wo
n ni taane dem wone mo.
149 Baŋa Wɛ, da n swono kom ŋwaane
n cheigi a wɛ-lworo kom.
Ta tɔge n chega chwoŋa baŋa ne
n pa a ŋwea jwoori ka na dam.
150Balo na swoi puseŋa kikia to
laam twɛ amo mo
se ba ke-ne zonne.
Banto yiga bere ka tera de n nia yam.
151Ko nam ná ye nmo, Baŋa Wɛ,
nmo wo amo tei ne mo.
Nmo ni-kaana yam maama
maa yɔɔre ya ye chekke.
152Ko na zege faŋa faŋa to
mo a maane n bera yam wone we
n pɛ ya zege mo taa wuu.
Resa
153Nii cham na tiini de jege-ne tei to
se n daare n vere-ne n yage.
Kokuri to, amo ba swei
nmo nia yam swia.
154Zaŋe n zege a kwaga ne
se n ŋɔɔne n pa-ne,
ye n daare n jwoŋi-ne n yage.
Tɔge n ni taane dem baŋa ne
n pa a na ŋwea.
155Puseŋ-nyena bam bá fɔge
ba na verem,
ba yiga na tere n nia yam wone to ŋwaane.
156 Baŋa Wɛ, nmo tiini n ye yibwona tu.
Tɔge n chwo-laaro tem ŋwaane
n pa a ŋwea jwoori ka na dam.
157Amo dona bam de balo
na bɛɛse-ne to mo tiini ba gaale.
De konto maama de
amo ba ywori a daare nmo bera yam.
158Ko ná ye balo na nwoŋi
n chega kam kwaga ne to,
amo chuli-ba mo,
ba na ve n ni taane dem to ŋwaane.
159 Baŋa Wɛ, nii amo na swoi
n chullu tem tei!
Nam da n swono kom ŋwaane
n pa a na ŋwea chekke.
160Nmo taane dem maama yɔɔre
de ye chega mo.
Nmo chega taana yam maama
de maa wora taa wuu.
Sin
161Dedɛɛra jege-ne mo ba yaare
kafɛ ŋwaane.
Amo nam nege n taane dem mo
de a bochare maama.
162Amo tiini a di ywoni mo
nmo ni taane dem ŋwaane,
nenɛɛne a na pɛ jejegero dedɛ tei to.
163Amo tiini a chuli vwa dwi maama.
Ko daare a swoi nmo nia yam mo lanyerane.
164Kuni berepɛ mo dɛ maama wone
amo wó zuli nmo,
n nia yam na zege de chega to ŋwaane.
165Ko ná ye balo na swoi n nia yam to,
n yeini n pa ba bochare zuri lanyerane mo.
Kolokolo tera ko na wó pa
se banto to tega ne.
166 Baŋa Wɛ, amo teena wo
nmo yerane wone mo
se n vere-ne n yage.
Amo sɛ a ke n ni-kaana yam
na bere kolo to.
167Amo yɔɔre a tɔge n bera yam mo,
kokuri a tiini a swoi-ya dedɛ.
168Amo toŋe a tɔge n chullu tem
de n bera yam.
Nmo maŋe n yei amo totoŋ-naga maama ni ne.
Tawe
169 Baŋa Wɛ, cheigi amo na keeri
a jare nmo tei to!
Tɔge n taane dem baŋa ne
n pa a na yi-poro.
170Cheigi a wɛ-lworo kom,
se n daare n da n ni dem ŋwaane
n jwoŋi-ne n yage.
171Amo wó puri a ni mo
se a taa ma-de a tei nmo,
nmo na bere-ne se a lɔre
n nia yam kuri to ŋwaane.
172Amo ta wó leeni a seini
n ni taane dem mo,
nmo ni-kaana yam maama
na ye chekke to ŋwaane.
173Kwei n jeŋa kam n ma‑n zeini-ne,
amo na kuri se a sɛ
n chullu tem to ŋwaane.
174 Baŋa Wɛ, amo yɔɔre a nii mo
se n vere-ne n yage.
Nmo nia yam mo pae a di ywoni.
175Sɛ se amo yɔɔre a taa ŋwe,
se a taa tei‑m a ŋwea kam wone.
Pa se n nia yam taa jege wolim
ya pa-ne.
176Amo tusi chwoŋa mo ye a jei
ne pi-jia dwoŋi to.
Pa n yiga taa wo amo wolo
na ye n tontoŋeno to wone,
kokuri to, amo bere a wo swei
n ni-kaana yam ni ne.",https://www.bible.com/bible/3661/PSA.119.KBG
LEI 120,"Wɛ-lworo zeinim ŋwaane
1Amo cham maŋa kam ne mo a keeri a jare Baŋa Wɛ
se o zeini-ne.
O ma cheigi-ne
ye o leiri a wɛ-lworo kom.
2A maa we:
“Jwoŋi-ne balo na fɔ vwa
ba daŋe a yuu ne to,
de balo na jege ni-zɛ ni-zɛ to
jeŋa ne n yage.”
3Abam balo na gane nɔɔna to,
Wɛ lage o waare abam tetɛ mo?
O bá tiini o waare abam mo na?
4O lage o ma che-tɛɛra yalo
nia na ye chechwɛ to mo
o zɔ abam.
O ta wó kwei min-chala
o ma o zwɛ abam.
5Lɛɛro mo jege-ne!
A zoore Meseka teo ne,
de Kedare tiina tetare ne mo.
6Amo tiini a dáane nɔɔna banto tei ne,
ye ba ba beeri ni-mɔrɔ de nɔɔna.
7Ko ná ye amo,
a lage se a taa zoore de-ba
de bochare-zuru.
Amo nam ná yeini a ŋɔɔne,
banto beeri jara keim yerane mo!",https://www.bible.com/bible/3661/PSA.120.KBG
LEI 121,"Baŋa Wɛ wó nii o nɔɔna baŋa ne
1Amo yeini a kwoni
a yuu wɛɛne mo
a nii peero tem seeni.
Yein-seeni mo amo wó na zeinim?
2Ko ye Baŋa Wɛ mo wó zeini-ne.
Wonto mo naane wɛyuu dedaane tega kam baŋa maama.
3Wɛ lage o taa cho‑m mo
se n yé tiri n to tega ne.
Wɛ wó nii nmo baŋa ne
maŋa maama
ye o bá fɔge o dɔ.
4O na ye wolo na nii
Isarele tiina baŋa ne to,
o ba buga, o nam ba dɔa.
5Chega to, Baŋa Wɛ ye wolo
na cho nmo to mo.
O wó taa wo n jazem seeni
bwola bwola
se o pa n na woro.
6O bá sɛ se wea kam daane‑m
dɛ dem wone,
naa se chana kam ke‑m kolokolo
tete ne.
7 Baŋa Wɛ wó taa cho nmo
de lwarem dwi maama,
se kolokolo yé chɔge n ŋwea kam.
8Ko zege zem se ko taa vei wuu
Baŋa Wɛ wó taa nii nmo baŋa ne,
ne n ná ma‑n zoore n diga
naa n ná ma‑n nwoŋi pwooni de.",https://www.bible.com/bible/3661/PSA.121.KBG
LEI 122,"Baŋa Wɛ wó pa dé taa zoore de yazura
David déem pane leiŋa kanto.
1Amo wo mo tiini
ko pwoli dedɛ
de ba na tage de amo ba we,
“Pa-na se dé vo Baŋa Wɛ
diga kam” to.
2Jerusalem, dé laam tu
dé zege ywo mo,
teo kom manchwo-peena ni ne.
3Jerusalem ye teo kolo na fɔge ko lɔ
pa se ko lamma
ye ko jege dam to mo.
4Isarele dwia yam na ye
Baŋa Wɛ nyem to
yeini ba tui ywo
se ba ke Baŋa Wɛ lei
ne o na pɛ-ba ni se ba ke tei to.
5Ko maa ye teo kolo wone
pwa na jeini ba paare yitunnu
baŋa ne
ba bore bora
ba pa ba nɔɔna to mo.
Pwa banto nwoŋi Pɛ David
dwi dem wone mo.
6Ta lwoori-na Wɛ
se o nii Jerusalem baŋa ne
se nɔɔna taa zoore da de yazura.
Wɛ wó pa se balo na lage
teo kom konto ni taane to
na yiga-veiŋa.
7Wɛ wó pa se yazura taa wora
teo kom wo jei maama ne,
se ko dam jei sem de fɔge
se zege lanyerane.
8Amo chorro de a yuudwonna bam ŋwaane,
amo wó ta we,
“Yazura taa wo á tei ne.”
9Debam Tu Baŋa Wɛ diga kam ŋwaane,
amo beeri kolo maama
na wó pa á na yiga-veiŋa to mo.",https://www.bible.com/bible/3661/PSA.122.KBG
LEI 123,"Baŋa Wɛ, duri debam yibwona!
1Amo kwoni a yia wɛɛne
a nii nmo Baŋa Wɛ mo.
Nmo ye wolo paare na di
Wɛ telaao ne to mo.
2Ne kabɛ de ka-nyaana
na beeri yibwona
ba teira tei ne tei to,
debam de nii dé Tu Baŋa Wɛ seeni konto mo
se o ba o duri dé yibwona.
3 Baŋa Wɛ, popo
tɔge n zaane dem baŋa
n duri debam ŋwaŋa.
Kokuri to, dé dona tiini
ba twe debam se ko gaale.
4Chega to, dé yera yam laam mo chɛ
de naduna na jege debam ba mɔna
ye zwabani-nyena
de gwooni debam tei to.",https://www.bible.com/bible/3661/PSA.123.KBG
LEI 124,"Baŋa Wɛ na nii o nɔɔna baŋa ne tei to
David déem pane leiŋa kanto.
1 Baŋa Wɛ ya ná wo zege
debam kwaga ne,
dé ya wó ke tɛ mo?
Isarele tiina bam jege
se ba leiri ba ta we:
2“Baŋa Wɛ ya ná wo zege
debam kwaga ne
maŋa kalo dé dona bam
na jeeri debam de jara to,
3tento ba ya ligi debam mela,
ba ban-lom na zaŋe
debam baŋa ne to ŋwaane.
4Tento wɛɛne dé dona ya kale debam ba ja jei,
ne na-fɔrɔ na chuuri
ye ko chwooli wonnu tei to.
5Ba ya wó wuuri ba zaŋe
dé baŋa ne mo
se dé dwi ti.”
6Dé ke-na Baŋa Wɛ lei,
de o na wo sɛ
se dé dona ma ba yeila
ba ma chɔge debam to.
7Dé nam lugi ba jeŋa ne
ne zuŋa na lugi zun-choro wone tei to.
Ba dam dem chɔge mo
pa se dé jwoŋi dé tete dé yage!
8Ko nam ye Baŋa Wɛ mo
zeini debam.
Wonto mo naane wɛyuu
dedaane tega kam baŋa maama.",https://www.bible.com/bible/3661/PSA.124.KBG
LEI 125,"Baŋa Wɛ cho o nɔɔna se cham yé yi-ba
1Balo na ke ba wo-dedoa
de Baŋa Wɛ to
nye de Zion peo kom
na zege de dam tei to mo.
Peo kom konto ba bibiga.
Ko wora mo se ko taa vei wuu.
2Nenɛɛne peero na gilimi Jerusalem te pu tei to,
konto mo Baŋa Wɛ de kaare
o nɔɔna bam o pu,
se kolokolo yé yi-ba ko zege zem
se ko taa vei wuu.
3Puseŋ-nyena daa bá di paare
tega kalo Wɛ na pɛ o nɔɔna bam to baŋa ne.
Ko ná ke konto,
ba wae ba soge Wɛ nɔɔna bam
se ba toŋe lwarem.
4 Baŋa Wɛ, ke lanyerane n pa
nɔn-ŋona dwi dem,
de balo na tɔge chwo-laao to.
5Ko nam ná ye balo na tusi
ba ywori nmo chwoŋa kam ne to,
yɔɔre n waare-ba ne n na ke puseŋ-nyena tei to.
Yazura taa wo
Isarele tiina bam tei ne!",https://www.bible.com/bible/3661/PSA.125.KBG
LEI 126,"Debam teena wo Baŋa Wɛ tei ne
1Maŋa kalo Baŋa Wɛ na pɛ
se dé jwoori dé jeini
Zion teo kom ne to,
ko nye de dendwea mo dé dwɛ.
2Mwanno déem su debam ni mo.
Dé maa leeni wopwolo lei.
Dwi-gɛ tiina laam maa tɛ
debam taane ba we,
“Baŋa Wɛ mo ke wo-kamunnu dedɛ o pa-ba.”
3Chega to, Baŋa Wɛ seene o ke
wo-kamunnu o pa debam,
ye ko pwoli dé wo!
4 Baŋa Wɛ, pa se dé jwoori
dé taa jege yu-ywoŋo,
nenɛɛne doa ná nega
pa se nabare jwoori se jege na
tega-kuri seeni kagoa kam ne tei to.
5Nam pa se balo na vei
ba du wo-dwa ba kare ne
ye wo-chechɔgɔ jege-ba to
laam ba ba zage ba wodiiru tem
ye ba bage de wopwolo sɔɔ.
6Balo na keeri wo-chechɔgɔ ŋwaane
ye ba jege ba wo-dwa bam
ba maa vei se ba du to
laam wó jwoori maŋa kadwoŋi ne
de ba wodiiru tem
ye ba bage de wopwolo sɔɔ ba yaga.",https://www.bible.com/bible/3661/PSA.126.KBG
LEI 127,"Baŋa Wɛ nii o nɔɔna baŋa ne
Solomon déem pane leiŋa kanto.
1Nɔɔno ná jege o sɔŋɔ
ye ko dae Baŋa Wɛ mo lɔge-ko,
lɔra bam ná toŋe tei maama,
ba totoŋa yam ye kafɛ mo.
Ko ná dae Baŋa Wɛ mo nii
teo baŋa ne,
balo na yere-ko to de ke
kafɛ yerane mo.
2Nmo ná gwoni tega
n vo n totoŋa ni ne
se n toŋe taa n na n ni-wodiu
se ko chɛ n yera tei maama,
ko bá taa jege kuri ko pa‑m.
Ko ye Baŋa Wɛ mo nii
o nɔn-swonnu tem baŋa ne,
ne ba ná peini tete ne mo de.
3Bia ye Wɛ pɛɛre mo
o na kwei o pa debam.
Bia balo dé na loge to
ye Wɛ mo ke zaane dé yuu ne.
4Nmo na loge bakeiri selo
n nɔn-donne maŋa ne to
nye de bembea na zei che-tɛɛra
o jeŋa ne tei to mo.
5Wolo maama ná jege bia dedɛ
ne o che-kɔŋɔ na su de chena tei to,
kotu tiini o jege yu-ywoŋo mo.
Wonto ná vei o jeeri o dona teo kom manchwo-peena ni ne,
chaveera bá di‑o.",https://www.bible.com/bible/3661/PSA.127.KBG
LEI 128,"Wɛ zaane wo balo na kɔre‑o to yuu ne
1Ko ná ye balo maama
na kɔre Baŋa Wɛ
ye ba tɔge o chwei sem to,
Wɛ zaane wo ba yuu ne!
2Nmo wó di n totoŋa nyɔɔre
pa se n ta‑n zoore de yazura
de wopwolo.
3Nmo kaane wó taa lore bia mo
o pa‑m,
nenɛɛne tei-ŋoŋo na leiri
bia dedɛ tei to.
Nmo bia bam wó taa kaare‑m
nenɛɛne teeni na puli
ye de ke nɔɔna tei to.
4Chega to, wolo maama ná kɔre Baŋa Wɛ,
Wɛ wó ke zaane kotu yuu ne.
5 Baŋa Wɛ wó zege Zion ne
o swoli nmo swolim.
Maŋa maama ye n ta ŋwe to,
Wɛ wó pa n maane we
Jerusalem teo kom vei yiga lanyerane.
6Wɛ wó pa n ta‑n ŋwe
se n di wodiu n naaro jeŋa ne.
Yazura taa wo
Isarele tiina bam tei ne!",https://www.bible.com/bible/3661/PSA.128.KBG
LEI 129,"Baŋa Wɛ na wó ke Isarele tiina dona bam tei to
1Ko na maŋe ko zege
amo biini ne to
mo a dona bam yɔɔre
ba jege-ne ba daana.
Isarele tiina bam jege se ba leiri
ba ta we:
2“Ko na maŋe ko zege amo biini ne to
mo a dona bam yɔɔre
ba jege-ne ba daana,
ye ba wo wane-ne ba ja chɔge.
3Amo kwaga kam laam nye
de bwolo mo
ba na mɛ nabɛ ba ma lɔ pempala
ba tiŋi.
4 Baŋa Wɛ nam yɔɔre
o tɔge chwoŋa chekke mo.
O ma gwoni puseŋ-nyena bam ŋone sem
se a wane a lu ba jeŋa ne.”
5Balo maama na chuli Zion teo kom to mo
Wɛ wó pa ba na ba chaveera,
pa se ba pipiri ba jwoori kwaga.
6Wɛ wó pa se ba jei lela,
nenɛɛne diga nayuu gaaro
na kwaare te te lela tei to.
7Zagena bam yiga tera
gaaro tem konto wone.
Ba maa ba gaane-te ba tiŋa.
8Balo na tɔge banto seeni ba kɛ to
bá sɛ se ba sɔɔle Wɛ swolim
ba pa-ba.
Ba bá ta nenɛɛne,
“Baŋa Wɛ swolim taa wo á baŋa ne.”",https://www.bible.com/bible/3661/PSA.129.KBG
LEI 130,"Baŋa Wɛ jege debam ŋwaŋa
1Amo Tu Baŋa Wɛ,
a zege na-luŋa kuri ne mo
a keeri a jare nmo.
2Amo Teiru, cheigi amo keira kam!
Ja, pore n zwa se n cheigi
amo wɛ-lworo kom.
3 Baŋa Wɛ, nmo ya ná jeeli
nɔɔna tusim kikia n tiŋi,
nɔɔn-nɔɔno daa bá na bora
n yiga ne.
4Nmo nam kwei nɔɔna wɛleera
n ma n chɛ-ba,
se ko pa dé taa kɔre‑m mo.
5Amo zege a cheigi de a wo maama
se Baŋa Wɛ laam ba o zeini-ne.
Amo teena nam wo
o taane dem wone mo.
6Amo yɔɔre a yere a nii mo
se amo Teiru Wɛ laam ba
o zeini-ne,
ko dwoi tete yerena bam na jege teena
se tega laam ba ka poore tei to.
Chega to, a teena wo Baŋa Wɛ wone,
ko dwoi yerena bam na jege teena
we tega kam wó ba ka poore tei to.
7Isarele tiina bam,
pa-na se á teena taa daŋe
Baŋa Wɛ baŋa ne.
Kokuri to, Baŋa Wɛ swono kom
ba fɔge ko tia.
O maa yɔɔre o vere nɔɔna
o yage chekke.
8Wonto tete mo lage o jwoŋi Isarele tiina bam
ba tusim kikia yam maama wone
o yage.",https://www.bible.com/bible/3661/PSA.130.KBG
LEI 131,"Bochare-zuru taane
David déem pane leiŋa kanto.
1Amo Tu Baŋa Wɛ,
amo wo zeiŋi a tete.
A maa wo boŋe kamunni
a pa a tete.
A nam ba jeeli wo-kamuna yalo
na dwoi a jaanem to jeila.
2Amo nam jei mo chemm,
ye a bochare zuri,
nenɛɛne bu-seseŋa na ye tei
o nu nɛ baŋa ne to.
3Isarele tiina bam,
pa-na se á teena taa daŋe
Baŋa Wɛ baŋa ne,
ko zege zem se ko taa vei wuu.",https://www.bible.com/bible/3661/PSA.131.KBG
LEI 132,"Baŋa Wɛ wara-jei sem zula
1Amo Tu Baŋa Wɛ,
guli Pɛ David gula,
de o na yaare totoŋa baŋa ne
tei to.
2O déem dugi duuri mo
de nmo Baŋa Wɛ wom
na ye Jakob dwi tiina
Dam maama Tu wom to.
O ma pwooli o we:
3“Amo bá sɛ se a zo a diga,
naa se a peini a sara ne,
4naa se dɔɔne ba amo yia ne
de fenfee de,
5ko ná dae we amo nɛ jeiga
a pa Baŋa Wɛ,
pa se Jakob dwi tiina
Dam maama Tu Wɛ wom
taa zoore da.”
6Nii-na! Dé déem na wo Eferata ne to,
mo dé nigi Wɛ ni-gwonim dakaa kam ŋwa.
Dé ma na-ka Jeerim kare sem ne.
7Pa-na se dé vo Baŋa Wɛ
wara-jei sem ne,
se dé kuni dwoona o yiga ne
dé zuli‑o.
8 Baŋa Wɛ, nam zaŋe
n ba n zo n jeiŋa jei sem ne!
Tɔge de n ni-gwonim dakaa kam
n ba n ta‑n zoore da,
se n dam dem bere ja!
9Pa se n kaanem tiina bam
zo nɔn-ŋonne ne,
ne ba zo gare-laaro mo to.
Pa se n tete nɔɔna bam
taa chaka de wopwolo.
10Nam da n tontoŋeno David ŋwaane
se n yé fɔge n ve wolo n laam
na tiŋi se o di paare
n nɔɔna baŋa ne to.
11Kokuri to, Baŋa Wɛ déem
dugi duuri de Pɛ David
ye o daa bá jwoori o ni dem
kwaga ne.
O maa we: “Nɔɔno wó nwoŋi
n dwi dem wone mo o ji pɛ.
12Nmo dwi dem ná sɛ ni-gwonim delo a na ke de-ba to
ye ba tɔge bera yalo a na pɛ-ba to,
banto wó taa di nmo paare dem mo se ko taa vei wuu.”
13 Baŋa Wɛ yɔɔre o kuri Zion mo
se o pa ko taa ye o jeiŋa jei.
14O maa we:
“Ywo mo ye amo jeiŋa jei
mɛ amo na wó taa zoore
taa wuu to.
15Amo wó pa se Zion tiina bam jeŋa
taa jega se ko gaale.
Ba yiniga tiina bam de tete
wó taa di ba sui mo.
16Ba kaanem tiina bam wó taa pae a verem dem yi nɔɔna.
Amo tete nɔɔna balo na wo teo kom wone to
wó taa leeni de wopwolo
taa wuu.
17Ywo-seeni mo amo wó pa
se David dwi paare dem
taa zege de dam.
A ta wó pa se wolo amo na tiŋi
se o ji pɛ to
taa jege pwooni o ŋwea wone.
18Amo wó pa se chaveera di
o dona bam.
O tete paare dem nam
wó taa jege nenɔŋa lanyerane.”",https://www.bible.com/bible/3661/PSA.132.KBG
LEI 133,"Zurigaluu mo tei dam
David déem pane leiŋa kanto.
1Nii-na! Balo na ye nu-biu to
ná zoore daane de ni dedwe,
ko tiini ko lamma
pa ba di ywoni lanyerane.
2Ni-ywom dem konto nye de
Wɛ swolim nuga mo
ba kwei ba lwo Aron yuu ne
pa se ka duri ka bɔɔre
o twana yam maama
ka ta tu ka yi o gwaaro tem
nia yam de.
3Nu-biu swono ta maa nye de
Heremon nyɔnɔ kom dwoŋi
na toe Zion peo yuu ne tei to.
Ko maa ye dáane mo Baŋa Wɛ pɛ ni
se o swolim taa wo
o nɔɔna baŋa ne,
pa se ba na ŋwea taa wuu.",https://www.bible.com/bible/3661/PSA.133.KBG
LEI 134,"Tei-na Baŋa Wɛ!
1Nii-na!
Abam balo maama na ye
Baŋa Wɛ tontoŋena to,
tei-na Baŋa Wɛ!
Abam balo na zege o wara-jei sem ne á zuli‑o tete ne to,
tei-o-na!
2Zeiŋi-na á jea wɛɛne
á jeeri Wɛ diga kam,
á ma‑á seini Baŋa Wɛ.
3 Baŋa Wɛ mo naane wɛyuu
de tega baŋa maama,
ye wonto wó zege Zion ne
o swɛ abam swolim.",https://www.bible.com/bible/3661/PSA.134.KBG
LEI 135,"Pa-na dé tei Baŋa Wɛ!
1Pa-na dé tei Baŋa Wɛ!
Tei-na Baŋa Wɛ yere dem!
Abam balo na ye o tontoŋena to,
tei-o-na!
2Ko maa ye abam balo na zege
Baŋa Wɛ sɔŋɔ kom ne
ye á toŋe á pa‑o
o wara-jei sem ne to.
3Tei-na Baŋa Wɛ,
se o tiini o lamma.
Leeni-na lei á seini o yere dem,
ko na pae ywoni to ŋwaane.
4Kokuri to, Baŋa Wɛ kuri
Jakob dwi dem mo
se ba taa ye o tete nɔɔna.
Isarele tiina bam ye o tete
nyɔn-mage nyem mo.
5Chega ŋwaane to, a lɔre we
Baŋa Wɛ jege dam.
O maa ye Wɛ-kamunu o dwoi
wa yam maama wuu.
6Ko ná ye wɛyuu ne mo
naa tega kam baŋa ne ywoo,
naa naneero tem wone mo de,
dedaane te kuri kuri jei sem maama,
Baŋa Wɛ yeini o toŋe o fera
na lage tei maama to mo.
7O maa pae se kunkwonnu tigisa
logo baŋa ni maama ne.
O ta maa pae se doa nena
ye ka ta yeini ka pepela.
Ko ta ná ye vio kom,
o yeini o pore-ko mo
se ko nwoŋi
ko dole jei maama ne.
8Wɛ déem mo mage bu-kwea dwi maama Ejipti teo ne,
pa se nabiina dedaane vara
wo-kwe sem maama te.
9O ma ke wo-kenkagela
dedaane totoŋ-kamuna
Ejipti tiina bam tetare ne,
ye o tɔge ya baŋa o chɔge
Ejipti Pa-faro wom
dedaane o nakwa bam maama.
10O déem wane teene dedɛ mo o di,
ye o daare o ti pwa-kamuna momwɛ.
11Ko déem ye Amori tiina Pɛ Sihon,
de Basan teo Pɛ Oga,
dedaane Kanaan tiina pwa badwonna bam maama mo konto.
12O laam ma kwei ba tega kam
o pa o nɔɔna Isarele tiina bam
se ba taa tei taa wuu.
13 Baŋa Wɛ, nmo yere dem
wó taa wora mo taa wuu.
Ko zege zem se ko vo ko yi
dwi delo na saŋe to maama,
nɔɔna wó taa guli n yere dem gula.
14Kokuri to, Baŋa Wɛ wó zege
o nɔɔna bam kwaga ne
pa se ba na ba bora.
O maa wó duri o tontoŋena bam yibwona.
15Jwona yalo dwi-gɛ tiina bam
na jege ba kaane to
ye lu-nyenno de sabu-seŋa mo
ba mɛ ba ke-ya.
Nabiina mo mɔɔne-ya de ba jeŋa.
16Ya maa jege nia
ye ya ware ya ŋɔɔne.
Ya ta jege yia. Ya nam ba nae de.
17Ya maa jege zwa
ye ya ware ya cheigi taane.
Siu de nam ba tɔge ya momwa ne ko nwoŋa.
18Balo maama na mɔɔne jwona to
wó ba ba taa nye de-ya.
Balo de na ke ba wo-dedoa de-ya to
wó ji nɔn-yɔɔro mo.
19Isarele dwi tiina bam,
tei-na Baŋa Wɛ!
Aron dwi dem de,
abam de tei-na Baŋa Wɛ!
20Levi dwi tiina bam, tei-na Baŋa Wɛ!
Abam balo maama na kɔre
Baŋa Wɛ to,
zaŋe-na á tei‑o!
21Balo maama na wo Zion ne to,
tei-na Baŋa Wɛ,
o na zoore Jerusalem ne to ŋwaane!
Pa-na dé tei Baŋa Wɛ!",https://www.bible.com/bible/3661/PSA.135.KBG
LEI 136,"Baŋa Wɛ swono kom taane
1Pa se dé ke-na Baŋa Wɛ lei, se o lamma.
O swono kom wora mo taa wuu.
2Dé ke-na Wɛ wom
na tei wa maama to lei.
O swono kom wora mo taa wuu.
3Dé ke-na yuu tiina maama
Yuu-tu lei.
O swono kom wora mo taa wuu.
4Dé ke-na Baŋa Wɛ lei!
Wonto mae o tete dam mo
o ke totoŋ-kamuna.
O swono kom wora mo taa wuu.
5O déem tɔge o yeino kom ŋwaane mo
o ke wɛyuu kom maama.
O swono kom wora mo taa wuu.
6O ta ma jare tega kam ni maama
pa se ka tigi
na-fwaaro tem baŋa ne.
O swono kom wora mo taa wuu.
7O ke wo-nyen-kamuna yam
wɛyuu ne.
O swono kom wora mo taa wuu.
8O ma pa se wea kam
taa pae pwooni dɛ dem wone.
O swono kom wora mo taa wuu.
9Se chana kam de chalechwe sem
taa nii tete dem baŋa ne.
O swono kom wora mo taa wuu.
10Dé ke-na Baŋa Wɛ lei!
O déem go Ejipti tiina
bu-kwe sem maama.
O swono kom wora mo taa wuu.
11O ma daare o ja Isarele tiina bam
o nwoŋi Ejipti teo kom wone.
O swono kom wora mo taa wuu.
12O mɛ o dam-fɔrɔ kom mo
o ke totoŋ-kamunnu tem konto.
O swono kom wora mo taa wuu.
13O déem pɛ se Nane-soŋo kom
pɔɔre belei mo.
O swono kom wora mo taa wuu.
14O ma pa Isarele tiina bam
da na bam tetare ne ba kɛ.
O swono kom wora mo taa wuu.
15Ko nam ná ye Ejipti Pa-faro wom
de o jar-keira bam,
o pɛ naneo kom lini-ba mo.
O swono kom wora mo taa wuu.
16Dé ke-na Baŋa Wɛ lei!
O déem tɔge o nɔɔna bam yiga
se ba taa tɔge kagoa kam wone mo ba via.
O swono kom wora mo taa wuu.
17O ma ti pwa-kamuna momwɛ.
O swono kom wora mo taa wuu.
18Chega ŋwaane to, o go pwa balo
na jege yere to.
O swono kom wora mo taa wuu.
19Amori tiina Pɛ Sihon déem ye
ba dedoa mo.
O swono kom wora mo taa wuu.
20Basan teo Pɛ Oga maa ye wodwoŋi.
O swono kom wora mo taa wuu.
21O kwei banto tega kam mo
o pa o nɔɔna bam.
O swono kom wora mo taa wuu.
22O ma kwei-ka o pa
Isarele dwi tiina bam
se ba taa tei-ka wuu,
ba na ye o tontoŋena to ŋwaane.
O swono kom wora mo taa wuu.
23Dé ke-na Baŋa Wɛ lei!
Wonto mo guli debam gula,
dedaane dé ná wo cham wone.
O swono kom wora mo taa wuu.
24O ma vere debam o yage
dé dona bam jeŋa ne.
O swono kom wora mo taa wuu.
25Wonto mo pae nabiina
de vara maama ba ni-wodiu.
O swono kom wora mo taa wuu.
26Pa se dé ke-na
Telaao Tu Wɛ wom lei!
O swono kom wora mo taa wuu.",https://www.bible.com/bible/3661/PSA.136.KBG
LEI 137,"Wo-chechɔgɔ leiŋa
1Dé déem yeini dé jei
Babilon teo bwi sem ni ne
dé ka yi-na mo,
dé na guli dé teo Zion gula to ŋwaane.
2Dé ma kwei dé kwanno tem mo
dé pale nabare sem ni
teeni dem nɛ yera ne
dé yage da.
3Kolo ŋwaane, dé dona
déem daane debam mo
se dé leeni leiŋa dé pa-ba.
Ba maa jege debam ba bɛɛsa
se ba pa dé leeni wopwolo lei
ye ba we,
“Leeni-na leiŋa na vei
Zion teo kom seeni to
á bere debam.”
4Debam nam na zoore
sa-teo wone konto to,
dé wó ke tɛ mo se dé leeni leiŋa
kalo na vei Baŋa Wɛ seeni to?
5Jerusalem, nenɛɛne amo na wó swei nmo ni ne,
Wɛ de nam wó pa se a jazem dem swei ka totoŋa yam keim.
6Amo ná ba yeini a guli
Jerusalem gula,
Wɛ wó pa se a ni dem
laam meeri mo.
Amo ná ba pae Jerusalem ye
amo wopwolo maama,
Wɛ wó waare-ne konto dwoŋi mo.
7 Baŋa Wɛ, guli Edom tiina bam
na ke tei maama Jerusalem teo
chɔgem dɛ dem ne to,
se n daare n waare-ba.
Banto déem zege dé dona bam
kwaga ne ye ba we:
“Chɔge-na teo kom fase!
Yé daare-na sɔŋɔ dedoa de!”
8Babilon tiina bam, á nam yɔɔre
á maŋe de chɔgem!
Balo na wó jwoori ba ke abam
se ko maŋe de á na ke debam tei to,
Wɛ wó pa se banto taa jege yu-ywoŋo.
9Chega to, balo ná maŋe ba kwei
á bu-sese ba feiri peero yera ne,
Wɛ wó pa se banto de
taa jege yu-ywoŋo.",https://www.bible.com/bible/3661/PSA.137.KBG
LEI 138,"Baŋa Wɛ lei keim
David déem pane leiŋa kanto.
1 Baŋa Wɛ, amo kwei a bochare maama mo
a ma a ke nmo lei.
A maa wó zege
wa yadwonna yam yiga ne
a leeni a seini nmo yere dem.
2Amo wó pipiri a jeeri
n wara-jei selo na ye wose to
ye a laam chɔɔle tega ne a tei‑m.
Kokuri to, n swono kom wora mo
taa wuu,
ye n ta yɔɔre n zege
n chega wone.
N ma‑n pa se n yere dem
zaŋe wɛɛne,
ye ni delo n na tiŋi to
tiini de jege kuri.
3A na keeri a jare nmo to,
nmo leiri a wɛ-lworo kom lela.
Nmo ma‑n pa se a na baare
de dam.
4 Baŋa Wɛ, logo baŋa pwa bam maama wó tei nmo mo,
ne ba ná nigi kwora kalo
na nwoŋi n ni ne to.
5Ba wó leeni mo ba ta
Baŋa Wɛ totoŋa yam taane,
o nenɔŋ-fɔrɔ kom na tiini
ko gaale to ŋwaane.
6 Baŋa Wɛ, n seene n wo wɛ-wɛ mo,
ye n yiga ta wo nabwona wone.
Ko nam ná ye balo
na bere ba tete to,
o zege dáane mo
ye o yei ba chwei sem.
7Cham dedɛ ná maŋe de wo
amo yuu ne,
n ta wó pa a ŋwea jwoori
ka ke dam.
A dona bam bane ná zaŋe
amo baŋa ne,
nmo wó dole-ba jaguli-zane mo.
N ta wó kwei n dam-fɔrɔ kom
n ma n jwoŋi-ne n yage.
8 Baŋa Wɛ zege amo kwaga ne
pae a na bora.
O swono kom wora mo taa wuu.
Baŋa Wɛ, yé kwei debam balo
nmo na ke to
n dole n yage.",https://www.bible.com/bible/3661/PSA.138.KBG
LEI 139,"Baŋa Wɛ yei wonnu maama ni ne
David déem pane leiŋa kanto.
1Amo Tu Baŋa Wɛ,
nmo yɔɔre n buŋi
a maama mo,
pa se n lɔre amo na ye tei maama to.
2Amo ná jeini tega ne
naa a ná zaŋe wɛɛne,
nmo maŋe n yei ko ni ne.
Nmo ná maŋe n ye yiga yiga
tei maama de,
n ta lɔre a boboŋa yam.
3Ko ná ye amo chwoŋa veiŋa maama
dedaane a siu kom maama,
ko ye nmo mo yei a na-veili
de a keina maama.
4 Baŋa Wɛ, amo ná boŋe se a ŋɔɔne
ye a ta wo puri a ni,
nmo maŋe n yei a ŋɔŋa kam maama ni ne.
5Nmo yɔɔre n gilimi amo mo
n ke tetare ne.
Nmo daŋe n jeŋa a baŋa ne
se n zeini-ne.
6Nmo yeino kom na gaale tei to
mo pae se a ye yaau.
Amo boboŋa ware se ya yi
nmo yeino kom na tiini
ko yala tei to.
7Jeiga wora amo na wó vo
se a wane a lu
nmo Jworo kom yiga ne na?
Amo bere a lage a duri
a vo yei ne mo ye nmo tera?
8Amo ná kwaane a di wɛyuu
baŋa baŋa mo
nmo maŋe n wo dáane.
Amo nam ná koge gwoŋo mo
luŋu luŋu
se a vo a yi churu kuri kuri,
nmo daa‑n ta wo dáane de!
9Amo ná jaane wɛɛne ne zuŋa tei
a vo a yi wɛ-puli seeni,
naa a ná vei a gaale naneo kom
yiga yiga a vo a zoore
wɛ-zoore seeni,
10nmo ta wo dáane de,
se n kwei n jeŋa n ma
n bere-ne chwoŋa se a taa via,
se n daare n ma n jazem dem
n ta‑n teili-ne.
11Amo wó ta nenɛɛne,
“A lage a vo a seigi lim wone mo,
pa se de kwoli-ne.
Wea kam wó ji lim pa se
nɔɔna yia daa ba nae.”
12Amo ya ná tage konto dwoŋi,
lim dem nam bá wane nmo yia de che.
Nmo tei ne,
tete dem maa jege pwooni
ko maŋe de wea kam na ye tei to.
Lim dedaane pwooni ye bedwe mo
te pa‑m.
13Nmo mo naane a yera yam maama.
Amo ta na wo a nu puga ne to,
mo n kwei-ya n meeli n ke daane.
14A ke nmo lei dedɛ,
de n na tɔge chwo-kenkagela
n naane-ne se a taa kɔre‑m tei to.
Nmo totoŋa yam maama
maa ye wo-kenkagela,
ye ko ba jege bobwea.
15Amo yera yam kolokolo
wo seigi nmo tei ne
maŋa kalo nmo na naane-ne
ye nɔɔn-nɔɔno yeiri ko ni ne to.
Maŋa kalo n na gɔgere amo maama n ke daane
tega kuri gwoŋ-chanluŋu wone to mo konto.
16Maŋa kam konto ne
nmo maŋe n na-ne,
ye a ta wo bege a ti se ba lo-ne.
Ba ta na wo loge-ne se a na
wea pwooni to mo,
nmo maŋe n jeeli da yalo maama
amo na wó taa ŋwe to
n tiŋi n tɔnɔ kom wone.
17Amo Tu Wɛ, nmo boboŋa yam gaale
ya dwoi se a lɔre-ya.
Nɔɔno ware ya ni se o jeeli o ja.
18Amo ná maŋe a kwaane mo
se a ga ya ni,
a ga ga mo a vo a pwoli,
ya na daga ya dwoi buga ni
kasol-bia bam to ŋwaane.
Amo ta ná dɔ a zaŋe,
nmo ta wora amo tei ne.
19Amo Tu Wɛ, nam zaŋe
n go puseŋ-nyena bam!
Abam nɔn-gora bam,
lage-na jei da amo yiga ne!
20Banto kare ba ŋɔɔne wo-balwaaro mo ba pa‑m.
Nmo dona bam fɔ vwa yerane mo.
21 Baŋa Wɛ, amo yɔɔre a chuli
balo na chuli nmo to.
Ko na ye balo na lɔge
nmo kwaga ne to,
amo tiini a neese-ba mo.
22Amo tiini a chuli-ba mo chekke,
ba na jigi a dona to ŋwaane.
23Amo Tu Wɛ, yɔɔre n buŋi
a maama n ja,
se n lɔre amo bochare dem
na ye tei to.
Faŋe a maama n nii,
se n lɔre a boboŋa yam chekke.
24Kwaane se n nii,
tusim chwoŋa wora
amo na tɔge-ka na?
Laam ta‑n tɔge amo yiga,
se a kwei chwoŋa kalo na maŋe ka wora taa wuu to.",https://www.bible.com/bible/3661/PSA.139.KBG
LEI 140,"David wɛ-lworo zeinim ŋwaane
1 Baŋa Wɛ, jwoŋi-ne nɔn-balwaaro jeŋa ne n yage!
Kwoli-ne se nankɔ-nyena
yé wane ba ke-ne zonne.
2Banto yeini ba boŋe se ba ke lwarem dwi maama mo.
Ba maa lage se ba taa jaane
ni-kantɔgɔ ba tui.
3Ba nia yam zage mo nya-nya
ne basankwe nia na done tei to.
Ba ni taane maa goe nɔɔna,
ne kapaa vea kam na ke tei to.
4 Baŋa Wɛ, jan ja! Ta‑n kwoli-ne
se puseŋ-nyena yé ma ba dam
ba chɔge-ne.
Ta‑n cho-ne de nankɔ-nyena,
de ba na lage se a to tega ne tei to.
5Boyere-nyena tiŋi kalanchogo mo
se ba ja-ne.
Ba ma che bora amo chwoŋa ne
se a to ka wone.
6Amo lage a ta de Baŋa Wɛ mo a we,
“Nmo mo ye amo Tu Wɛ wom.”
Baŋa Wɛ, nam cheigi
a na ŋwane n yiga ne tei to.
7Amo Teiru Baŋa Wɛ,
n jege dam se n vere-ne n yage.
Jara ná yi amo dɛ delo wone,
n yeini n kwoli a yuu.
8 Baŋa Wɛ, yé sɛ se puseŋ-nyena bam
na wonnu telo
ba fera na zoore to.
Ba ná zaŋe amo baŋa ne,
yé pa ba na pwola
ba toŋe ba lwarem dem.
9Ko ná ye balo na gilimi-ne
se ba ke-ne zonne to,
pa se cham delo ba na boŋe
se ba ke amo yera ne to
jwoori de ba ba tete yuu ne.
10Lwo min-chala n yage ba yuu ne,
se n daare n dole-ba n yage
min-lɔŋɔ wone.
Pa se ba to gwon-chanlunnu wone
se ba daa yé wane ba nwoŋi
te wone.
11Yé pa pwola se bebare-nyena
na jeiŋa jei dé tega kam wone.
Nam pa se lɛɛro pare nankɔ-nyena
te ja lela.
12Amo yei we Baŋa Wɛ mo yeini
o zege o pa yiniga tiina,
pa se nabwona wane
ba na ba chega.
13Chega ŋwaane to,
nɔn-ŋona wó tei n yere dem.
Balo na vei chwo-laao wone to
wó taa zoore n woro kom wone.",https://www.bible.com/bible/3661/PSA.140.KBG
LEI 141,"David wɛ-lworo
1 Baŋa Wɛ,
amo keeri a jare nmo mo.
Ja, ke lela n ba n woli-ne.
Pore n zwa se n cheigi
amo wɛ-lworo kom.
2Amo ná yeini a ware nmo,
pa se ko taa nye de talwoŋ-ywoŋa
a na zwɛ a pa‑m to.
A ná zeiŋi a je sem wɛɛne
se a lwoori‑m,
pa se ko taa nye nenɛɛne
dedaan-ni seeni kaanem dem.
3 Baŋa Wɛ, fɔge n yere
amo ni taane dem,
se n che se ta-balɔrɔ
yé nwoŋi a ni ne.
4Ta‑n cho-ne se a fera
yé zo totoŋ-lwanno.
A ba lage se a tɔge a woli
de nɔn-balwaaro
ba puseŋa kikia yam wone,
ne ko ná maŋe ko ywomma tei de.
5Yage se nɔn-ŋom mage-ne.
Keim dem konto dwoŋi
ye lanyerane mo ko pa-ne.
Pa kotu chwoŋa se o korese-ne,
se ko taa nye de nuga mo
o mɛ o turi-ne.
Amo bá ve se o lwo-ka a yuu ne.
Amo nam na lwoori‑m tei to
ye se n che nɔn-balwaaro totoŋ-lwanno tem mo.
6Ba dedɛɛra bam wó pa
ba to de bora
pa se ba zege peero yuu ne
ba to tega ne vim.
Ba laam maa wó sɛ we amo ni taane dem ya jege ywoni.
7Ko wó ke nenɛɛne valo
na chɛ swoori, ye o guri tega
pa ka jage jei maama ne tei to.
Konto dwoŋi mo ba kwi
de lage se jage
se tiŋi churu ni dem ne.
8Yuu-tu Baŋa Wɛ, amo nam kwoni
a nii nmo mo.
A lage a seigi a tete
nmo woro kom wone.
Yé pa chwoŋa se lɛɛro yi-ne!
9Ko nam ná ye kalanchorro telo
ba na tiŋi se ba ja-ne to,
ta‑n cho a ŋwea se a yé to te wone.
Yé sɛ se wo-lwan-keira na che ba bora kalo amo ŋwaane to ja-ne.
10Nam pa se puseŋ-nyena bam
jwoori ba to ba tete kalanchorro tem wone,
se amo tete laam wane a lu
ba jeŋa ne.",https://www.bible.com/bible/3661/PSA.141.KBG
LEI 142,"Wɛ-lworo zeinim ŋwaane
David déem pane leiŋa kanto maŋa kalo o na seigi peo bɔɔne wone to.
1A keeri mo a jare
Baŋa Wɛ de kwor-dɛa.
A maa lwoori Baŋa Wɛ
se o duri a yibwona.
2A ta yeini a ŋwane o yiga ne,
ye a lwoni a yaara yam maama
a bere‑o.
3Amo vɔna ná yeini ya pare,
nmo yerane mo yei
chwoŋa kalo a na wó tɔge to.
Amo na wó pipiri a vo mɛ maama to
mo a dona bam tiŋi
ba kalanchorro ba seigi
se a to te wone.
4Kwaane n nii amo jazem seeni,
ye nɔɔn-nɔɔno tera
se kotu zeini-ne.
A wo nɛ wolowolo
se a sale o yera ne.
Nɔɔn-nɔɔno yiga tera a wone.
5 Baŋa Wɛ, amo keeri a jare nmo mo.
A maa tɛ a we,
“Nmo mo ye amo dalem jei.
A ta na ŋwe tega baŋa ne to,
nmo mo ye wolo na maŋe
de amo to.”
6Ja, cheigi amo wɛ-lworo kom,
se amo wo mo tiini ko chɔɔre.
Jwoŋi-ne n yage balo na pare-ne
se ba ja to jeŋa ne,
ba na dana ba dwoi amo to ŋwaane.
7Pore-ne n ja n nwoŋi
peena diga kanto wone,
se a laam wó tei nmo yere dem.
N nɔn-ŋona bam wó ba
ba gilimi daane amo ŋwaane,
dedaane n na ke-ne lanyerane
tei to.",https://www.bible.com/bible/3661/PSA.142.KBG
LEI 143,"David wɛ-lworo
1 Baŋa Wɛ,
cheigi a wɛ-lworo kom.
Pore n zwa se n ni
a na ŋwane n yiga ne tei to.
N na yɔɔre n zege n chega wone to,
da n nɔn-ŋonne dem ŋwaane
n leiri n pa-ne.
2Yé ja-ne n ba n saŋe n tete yiga ne,
se a ye nmo tontoŋeno mo.
Nɔɔn-nɔɔno tera o na ŋwe
ye o yɔɔre o jege bora nmo yiga ne.
3Amo dona bam kwaane mo
ba pare-ne
se ba mage-ne ba de tega ne.
Ba ma fe-ne ba ke lim jei ne
nenɛɛne balo na tega ba dáane
na ye tei to.
4Konto ŋwaane,
a vɔna tiini ya pare mo,
ye a wo de chɔɔre dedɛ.
5A ma guli faŋa kam
déem na ye tei to.
A maa boŋe nmo keina yam maama boboŋa,
ye a daare a jeeli n na mɛ n jea
n ke kolo to.
6A maa zeiŋi a je sem wɛɛne
a ware‑m.
A maa tiini a lage‑m
de a wo maama,
ne te-kora na tigi ye na tera tei to.
7 Baŋa Wɛ, ke lela n ba n leiri-ne,
se a vɔna yam laam pare mo.
Yé seigi n yibia amo tei ne,
se a laam wó taa nye de
balo na maa vei churu to.
8Amo ná yeini a zaŋe
zezeŋa maama ne,
pa se a taa guli
nmo swono kom gula.
Kokuri to,
a ke a wo-dedoa dedaane‑m.
Nam pa se a lɔre chwoŋa kalo
a na wó tɔge to,
a na kwei a tete a pa‑m to ŋwaane.
9 Baŋa Wɛ, jwoŋi-ne n yage
a dona bam jeŋa ne .
A duri mo a ba se a seigi
n woro kom wone.
10Bere-ne a na wó ke tei
se a taa ke nmo boboŋa yam,
nmo na ye amo Tu Wɛ wom to ŋwaane.
Sɛ se n Jwori-laao kom
tɔge amo yiga
se a taa vei tega kalo
na maŋe daane to baŋa ne.
11 Baŋa Wɛ, da n yere dem ŋwaane
se n pa a ŋwea jwoori ka ke dam.
Tɔge n nɔn-ŋonne dem baŋa ne
n le-ne yaara wone.
12Nmo na jege a swono taa wuu to,
yɔɔre n chɔge a dona bam n ti!
Ko ná ye balo maama
na beeri amo gom to,
saare-ba tega baŋa ne se ba jei.
Kokuri to,
amo ye nmo tontoŋeno mo.",https://www.bible.com/bible/3661/PSA.143.KBG
LEI 144,"Baŋa Wɛ maŋe de teem
David déem pane leiŋa kanto.
1 Baŋa Wɛ maŋe dedaane tia,
se wonto nye de peo kolo
amo na dale da to mo.
O maa bere-ne
se a taa yei jara keim laŋa.
2A Tu Wɛ wom jege a swono mo
taa wuu.
O maa ye amo dam jei,
de a dalem jei, de a jwoŋinu.
O maa yeini o cho-ne,
ne jara nantana na kwoli nɔɔna
jara wone tei to,
ye a seigi a tete o woro kom wone.
O maa jaane dwi-gɛ tiina o tui
o ke amo dam kuri ne.
3 Baŋa Wɛ, bɛ mo ke
ye n yiga wo nabiina wone?
Bɛŋwaane mo n jege nabiin-bia boboŋa konto?
4Nabiina maama momwɛ
ye vio yerane mo.
O ŋwea da yam yeini ya ti lela
nenɛɛne lunluŋu na ye tei to mo.
5 Baŋa Wɛ, kɔɔre wɛyuu kom
nenɛɛne diga ni gɔrɔ,
se n daare n tu tega kam baŋa.
Twe n jeŋa n dwei peero tem,
se te tɔre min-vogo
ye nyoa zaŋe gulululu.
6Kwei doa pepelem
n ma n bage n dona bam
pa se ba jage jei maama ne.
Kwei n che-tɛɛra yam n ta-ba
pa se ba duri ba jei.
7Zege wɛyuu baŋa kam ne
n twe n jeŋa n ja-ne,
se n jwoŋi-ne n yage.
Liiri-ne n ja n nwoŋi
na-fwaaro tem wone,
se dwi-gɛ tiina yé taa jege dam
a baŋa ne.
8Banto nia yam yɔɔre ya su mo
dedaane vwa.
Ba na yeini ba pwooli se ba ke kolo to maa ye gana yerane mo.
9Amo Tu Wɛ,
a lage a leeni leiŋ-doŋa mo
a ma a seini‑m.
A ta wó kwei kɔnɔ a ta,
se a ma a zuli‑m.
10Kokuri to, nmo mo zeini pwa
se ba wane ba dona ba di.
N ta ma jwoŋi n tontoŋeno David
n yage,
se o dona yé go‑o jara wone.
11Vere-ne dwi-gɛ tiina jeŋa ne
n yage.
Banto nia yam yɔɔre ya su mo
dedaane vwa.
Ba na yeini ba pwooli
se ba ke kolo to
maa ye gana yerane mo.
12Sɛ se dé bia bam
ke nɔɔna lanyerane,
nenɛɛne teeni na jege
de bere lela tei to.
Dé bukwa de wó taa jege lam,
nenɛɛne ywoa yalo
na teili pɛ di-kamunu
ye ba gɔgere-ya lanyerane tei to.
13Nam ta pa dé tuli sem taa sui
de wodiiru dwi dwi,
se dé pei sem de taa lore bia zanzam, moro moro laŋa ne,
pa se se faare tega kam maama.
14Pa se dé naane dem yɔɔre
de taa lore bia dɛ dɛ.
Yé pa dé dona chwoŋa
se ba wane dé teo kom ba zo,
se ba kale debam ba ja viiri.
Che se nɔɔna yé taa chwoosa
dé teo kom chwei sem ne.
15Wɛ ná ke konto dwoŋi
o zeini teo kolo
yu-ywoŋo wo ko nɔn-bia bam
tei ne!
Ko ta ná ye nɔɔna balo
na sɛ Baŋa Wɛ
se o taa ye ba Teiru to,
yu-ywoŋo wo ba tei ne!",https://www.bible.com/bible/3661/PSA.144.KBG
LEI 145,"Baŋa Wɛ lamma
David déem pane leiŋa kanto se o ma tei Wɛ.
1Amo Tu Wɛ,
nmo ye a Pɛ.
Amo wó taa tei‑m,
ye a zuli nmo yere dem mo.
2Dɛ maama wone a lage
a taa seini‑m,
ye a daare a taa zeiŋi
n yere dem taa wuu mo.
3 Baŋa Wɛ jege kamunni mo!
O maa seene o maŋe dedaane tia.
O kamunni dem daga de dwoi
se dé wane dé lɔre de kuri maama.
4Kwoa wó lwoni nmo totoŋ-zana yam ba bere ba bia
se ba taa seini nmo.
5Ba lage ba ŋɔɔne nmo paare dem
nenɔŋ-fɔrɔ taane mo
ba bere nɔɔna.
Amo de maa wó taa boŋe
nmo totoŋ-kenkagela yam boboŋa.
6Nɔɔna wó taa tɔɔle nmo na tɔge
n dam dem baŋa ne
n ke totoŋ-zana tei to.
Amo de maa wó taa ŋɔɔne
nmo kamunni dem taane.
7Ba ta wó tɔɔle nmo na jege yere
nmo lanyerane dem ŋwaane tei to,
ye ba daare ba leeni de wopwolo
ba seini nmo
n bora borem ŋwaane.
8 Baŋa Wɛ tiini o jege yibwona
dedaane zaane o maa zeini nɔɔna.
O yeini o peene o bane mo.
O swono kom maa tiini ko daga.
9 Baŋa Wɛ yeini o ke nɔɔna maama lanyerane.
Ko ná ye woŋo kolo maama
o na ke to,
o maa duri ba maama yibwona.
10 Baŋa Wɛ, nmo na naane
woŋo kolo maama to
wó taa ke nmo lei dedɛ.
Balo na ke ba chega de nmo to
maa wó taa tei‑m.
11Ba ta wó taa tɛ nmo paare dem
na jege nenɔŋ-fɔrɔ tei to,
de nmo dam dem na daga tei to.
12Ko laam maa wó pa se
nabiina maama lɔre totoŋ-zana
yalo nmo na toŋe to ni ne.
Ba ta wó lɔre nmo paare dem
na tiini de jege nenɔŋ-fɔrɔ tei to.
13Paare delo nmo na di to
wó taa wora mo ga taa wuu.
Dwi dedwe ná kɛ
se dedwoŋi laam saŋe de ba,
nmo wó taa tei nɔɔna
se ko taa vei wuu.
[Baŋa Wɛ yeini o zege
o chega wone mo
de o na tage kolo maama to.
O ta maa yeini o jege
nɔɔna yibwona
de totoŋa yalo maama o na ke to.]
14Ko ná ye balo na lage ba to to,
Baŋa Wɛ yeini o teili-ba mo o zege.
O maa zeini balo vɔna na pare to
se ba wane ba zege de dam.
15Nɔɔna maama jege nmo teena mo.
Nmo mo pa-ba ba ni-wodiu
ko maŋa ne chekke.
16Nmo ma‑n puri n jataala yam
n kwei wo-laaro dedɛ n pa
balo maama n na naane to
pa se ba di ba su.
17 Baŋa Wɛ yɔɔre o tɔge chwoŋa
de kolo maama o na ke to mo.
Maŋa maama o jege
nɔɔna ŋwaŋa.
18 Baŋa Wɛ yeini o zeini balo maama
na lwoori‑o to,
nenɛɛne ba ná lwoori‑o
de ba wo maama.
19O toŋe o tɔge balo na kɔre‑o to boboŋa mo.
Ba ná keeri ba jare‑o,
o ta wó cheigi ba wɛ-lworo kom,
ye o daare o jwoŋi-ba o yage.
20 Baŋa Wɛ cho balo na swoi‑o to mo.
Ko nam ná ye puseŋ-nyena bam,
o lage o chɔge ba maama mo fase.
21Amo wó ma a ni mo a tei Baŋa Wɛ.
Ko maŋe se nabiina maama
taa zuli‑o taa wuu,
o yere dem na ye wose to ŋwaane.",https://www.bible.com/bible/3661/PSA.145.KBG
LEI 146,"Wɛ lei keim
1Pa-na dé tei Baŋa Wɛ!
Amo tɛ a tete wone mo we,
“Tei Baŋa Wɛ!”
2Amo wó yɔɔre a tei a Tu
Baŋa Wɛ wom
a ŋwea maama wone.
A wó taa leeni a seini‑o
se ko taa nii a ŋwea kam kweelim.
3Yé kwei-na á teena á daŋe dedɛɛra
naa nabiina wolowolo baŋa ne,
se ba bá wane abam
ba jwoŋi ba yage.
4Kokuri to, ba siu kom ná kɔga,
ba yeini ba jwoori tega kuri ne mo.
Dɛ dem konto nɔɔ mo
ba ya na jege boboŋa yalo maama to wó jei.
5Wolo nam ná sɛ we
Jakob Wɛ wom ye o zeinnu,
yu-ywoŋo wo kotu tei ne,
o teena maama na wo
o Tu Baŋa Wɛ yera ne to ŋwaane.
6 Baŋa Wɛ mo naane wɛyuu kom,
de tega kam,
de naneo kom, dedaane kolo maama na wo te wone to.
O maa yeini o zege o chega wone
taa wuu.
7O maa pae se balo nɔɔna na
jege-ba ba bɛɛse to na ba bora,
ye o daare o pae kana
na jege balo to ba ni-wodiu.
Baŋa Wɛ vere balo na wo
peena diga ne to o yage
pa ba nwoŋi da.
8O ta maa puri lilwoa yia pa ba nae.
Ko ná ye balo vɔna na pare to,
Baŋa Wɛ pae se ba wane
ba zege de dam.
O maa swoi balo na jege chega
o yiga ne to.
9 Baŋa Wɛ nii balo na ye veira
sa-teo wone to baŋa ne.
O maa zeini botara de kadeina.
Ko nam ná ye puseŋ-nyena,
o yeini o che ba yiga.
10 Baŋa Wɛ wó taa di paare mo
taa wuu.
Zion tiina bam,
abam Tu Wɛ wom mo konto,
maŋa maama se ko taa vei wuu.
Pa-na dé tei Baŋa Wɛ!",https://www.bible.com/bible/3661/PSA.146.KBG
LEI 147,"Wɛ zeini debam cham maŋa ne
1Pa-na dé tei Baŋa Wɛ!
Ko lamma mo se dé leeni
dé seini dé Tu Wɛ wom,
ko na pae ywoni
ye ko tɔge chwoŋa to ŋwaane.
2 Baŋa Wɛ lage o fɔge o lɔ
Jerusalem teo kom.
O maa lae Isarele tiina balo
ya na jage jei maama ne to
o ke daane se ba jwoori
ba tete teo kom.
3O maa zuri balo wo na pɛ to bochara,
ye o vɔ ba fufwollu tem pa te jei.
4O jeeli chalechwe sem ni mo o ja,
ye o daare o bwoŋi se maama
dedoa dedoa de ka yere.
5Dé Teiru wom yɔɔre
o jege kamunim mo,
ye o dam dem gaale.
Dé ware se dé lɔre o yeino kom
dé ti.
6 Baŋa Wɛ yeini o zeiŋi balo
na tu ba tete to mo wɛɛne.
Ko nam ná ye puseŋ-nyena bam,
o lage o meere-ba mo o de tega ne.
7Leeni-na á tei Baŋa Wɛ
ye á ke o lei.
Kwei-na kwanno á ta
á ma á zuli‑o.
8Wɛ yeini o pae se kunkwonnu kwoli wɛyuu kom maama.
O ta maa pae se doa nene
tega kam baŋa ne,
se gaaro de nwoŋi
te faare zwonnu tem.
9Wonto mo pae vara ba ni-wodiu,
ko ta woli de bachangaaro de,
ne te ná keera wodiu ŋwaane.
10Wɛ ba jege wopwolo de
sisein-nɔɔna na dana tei to.
O yiga maa tera jar-keira
de ba baare dem wone.
11 Baŋa Wɛ wo nam pwoli
de balo na kɔre‑o to,
ba na kwei ba teena ba daŋe
o swono kom baŋa ne to ŋwaane.
12Jerusalem teo nɔn-bia bam,
zeiŋi-na Baŋa Wɛ yere dem.
Zion tiina bam,
tei-na á Tu Wɛ wom.
13Kokuri to, wonto fɔge o kwɛ
á teo kom ni-bworru tem,
pa se te damma.
O ma daare o swɛ abam balo
na zoore ko wone to swolim.
14O maa pae se yazura taa wo
á tega kam ni maama ne,
ye á na men-dala dedɛ
se á ta‑á di á sui.
15Wɛ yeini o toŋe o kwora mo
se ka yi logo baŋa ni maama.
Ka maa ke lela ka vei
jei maama ne.
16O ma pa se kunu ba
ko kwoli tega kam
ye ka peere cha
ne lɔŋɔ na ye tei to.
Ko ta ná ye nyɔnɔ,
o yeini o pa se ko jage lela mo
ne tentwarem tei to.
17O maa dole do-kandwa
o yage tega baŋa ne.
O waaro tem ná bobo se te zuri,
nɔɔn-nɔɔno bá wane o zege
te yiga ne.
18O laam ma toŋe o kwora
se o pa tento maama nyeene.
O ta ma pa se vio kom zaŋe
ko taa dola,
pa se bwi sem na bam
jwoori ba taa dura.
19Wɛ toŋe o kwora mo
se Jakob dwi tiina bam lɔre-ka.
O ma kwei o bera yam
de o nia yam
o pa Isarele tiina bam
se ba taa tɔge-ya.
20 Dwi-gɛ tiina nam tera
Wɛ na ke konto dwoŋi o pa-ba.
Banto maŋe ba yeiri
o bera yam ni ne.
Pa-na dé tei Baŋa Wɛ!",https://www.bible.com/bible/3661/PSA.147.KBG
LEI 148,"Baŋa Wɛ maŋe de teem
1Pa-na dé tei Baŋa Wɛ!
Abam balo na wo wɛyuu kom ne to
tei-na Baŋa Wɛ!
Tei-o-na wɛ-wɛ baŋa jei sem maama ne!
2Abam balo na ye o malese
ye á wo o kwaga kɔgɔ kom wone to, tei-o-na!
3Wea kam de chana kam,
ko maŋe se abam de taa tei‑o!
Se abam chalechwe sem
na pepele to de tei‑o!
4Wonnu maama na wo wɛyuu kom baŋa ne to, tei-o-na!
Ko ta woli de na balo na tigisi wɛyuu kom baŋa ne to,
ba-na á tei‑o!
5Ko maŋe se woŋo maama mo
taa tei‑o,
kokuri to, wonto mo dɛ o ni dem ŋwaane o naane-te.
6O déem pɛ se te zege
te zega jei ne taa wuu,
ye kolokolo daa ware o ni dem konto ko chɔge.
7Abam balo na wo
tega kam baŋa ne to
tei-na Baŋa Wɛ!
Naneo wo vare-kamuna bam,
de wonnu telo maama na zoore naneo kom kuri kuri ne to,
tei-o-na!
8Ko ná ye doa pepelem,
de do-kandwa, de kunu, de nyɔnɔ,
ko woli de vo-dɛɔ dwi maama
na sɛ o ni dem to,
tei-o-na!
9Peero de zwonnu tem maama,
de kagoa wo teeni,
dedaane teeni delo
nɔɔna na jeiri ba kare ne to,
ba-na á tei‑o!
10Ko ta woli de kago-vara,
de sɔŋɔ-vara,
dedaane tega-veila,
de zuna dwi maama,
tei-o-na!
11Tega baŋa pwa bam,
de dwi tiina maama,
dedaane nakwa,
de dedɛɛra maama,
12ko woli de nɔn-donno, de bukwa,
de nɔn-kwe, de bu-balwa,
á maama tei-o-na!
13Pa-na se wonnu maama tei Baŋa Wɛ,
o yere dem na tiini de daga
de gaale to ŋwaane!
O nenɔŋa kam de daga ka dwoi
woŋo kolo maama na wo
tega baŋa ne
dedaane wɛyuu maama ne to.
14O zeiŋi o tete nɔɔna bam mo
pa se ba na dam de zula.
O ke konto o pa o nɔn-swonnu
Isarele tiina bam mo.
Pa-na dé tei Baŋa Wɛ!",https://www.bible.com/bible/3661/PSA.148.KBG
LEI 149,"Leiŋ-doŋa
1Pa-na dé tei Baŋa Wɛ!
Leeni-na leiŋ-doŋa
á ma‑á tei Baŋa Wɛ.
Jeeri-na de o nɔn-ŋona kɔgɔ kom
á tei‑o.
2Pa-na se Isarele dwi tiina bam
di ywoni ba Keiru wom ŋwaane,
se Zion tiina bam taa chaka
de wopwolo ba Pɛ wom ŋwaane.
3Pa-na se ba taa sae Wɛ yiga ne
ba maa seini o yere dem.
Ba ta wó taa wɔe senyɛ
ye ba mage kwanno ba zuli‑o.
4Kokuri to, Baŋa Wɛ wo pwoli
de o nɔɔna bam kikia.
O jwoŋi balo na tu ba tete to o yaga,
pa se ba na nenɔŋa nɔɔna yiga ne.
5Pa-na se balo na kɔre Wɛ to taa chaka
dedaane zula yalo o na pɛ-ba to.
Pa-na se ba taa leeni de ywoni,
ne ba ná tigi ba sare wone tei to.
6Ko maŋe se tia lei taa wo ba ni ne,
ye ba ta zei jara se-zɔɔro ba jea ne.
7Ba maa wó jwoori ba ŋwe ba jene
dwi-gɛ tiina bam baŋa ne,
ye ba tiini ba waare-ba.
8Ba maa wó kwei chegero
ba vɔ teene dedwonna pwa bam,
ye ba daare ba ma luuru
ba lei ba dedɛɛra bam nɛ sem ne.
9Ba keim dem konto wó ŋwe jene
delo ya na tigi ba dona bam
baŋa ne to mo.
Konto to, balo maama na kɔre Wɛ to wó na zula.
Pa-na dé tei Baŋa Wɛ!",https://www.bible.com/bible/3661/PSA.149.KBG
LEI 150,"Baŋa Wɛ maŋe de teem!
1Pa-na dé tei Baŋa Wɛ!
Pa-na o jwoŋi o tia
o wara-jei sem ne!
Pa-na o jwoŋi o tia wɛyuu ne
mɛ na ye o dam jei sem to!
2Tei-o-na o totoŋ-zana yam ŋwaane,
de o na daga o dwoi kamunim dwi maama to ŋwaane.
3Wu-na nabwanno á ma‑á tei‑o,
se á daare á ta kwanno á tei‑o.
4Kwei-na senyɛ á ma‑á tei‑o,
se á kwɛɛre á sa.
Ta ta-na kwanno dwi dwi
ye á wu wi se á ta‑á tei‑o!
5Mage-na zwe, de konkwanno
na wó ke sɔɔ baŋa baŋa to
á ma á tei‑o!
6Ko maŋe se woŋo kolo maama
na wae ko sii vio to
mo tei Baŋa Wɛ.
Pa-na dé tei Baŋa Wɛ!",https://www.bible.com/bible/3661/PSA.150.KBG
MEMAŊA 1,"1Isarele teo pɛ Solomon na ye David bu to memaŋa mo tento.
2Memaŋa yanto nam ye se ya bere nɔɔna swa se ya daare ya korese-ba. Ya wó woli nɔɔna se ba taa ni yi-poro taane kuri, ye ba pɔɔre taana daane. 3Ya ta wó kaane nɔɔna se ba kwei yi-poro ba ma ja ba tete, se ba kikia taa tɔge chwoŋa, ne ko na maŋe de chega kam tei to. 4Memaŋa yam wae ya pae nayeiri-nyena ja boboŋ-ŋona. Ya ta wae ya pae nɔn-donno na yeino de yi-poro. 5Yi-pore-nyena de ná cheigi-ya, ba wó zamese ba woli ba swa wone. Boboŋ-boŋena de wó fɔge ba lɔre chwoŋa ba taa tɔge-ka. 6Ko maa wó pa se nɔɔna lɔre memaŋa yam kuri, ko woli de sinseiri, de dende selo maama swa tiina na yeini ba ŋɔɔne to.
7Nabiina na kɔre Baŋa Wɛ mɛ to,
yeino de puli dáane mo.
Ko daare jworru yerane mo
wó gwooni swa taane
de koresem.
Yé pa ba soge‑m ba wane
8Amo bu, sɛ se n jwoŋi n kwo koresem.
Nam yé swei n nu na bere‑m tei to.
9Pa ba bera yam taa tigi n bochare ne,
ne nenɔŋa zambili mo n de
n ba ne to.
10Amo bu, ne wɛleere-keira ná jege‑m ba soga,
se n yé sɛ ba taane dem.
11Ba wó wane ba ta de nmo we,
“Pa dé ke daane,
se dé vo dé vwɛ chwoŋa ni ne,
dé daare dé nwoŋi dé ja nɔɔna
dé go,
ye ba nam wo ke kolokolo ba chɔge.
12Dé wó ti-ba lela nenɛɛne dé ná nɛ-ba,
de ba ná maŋe ba jege yazura
tei maama de.
Dé wó li-ba ne ba ga zo tega kuri mo tei.
13Pa-na dé tɔge daane dé vere
ba wo-laaro tem dé taa tei,
pa se dé sam su de ba jejegero tem.
14Konto to, ba n woli debam wone,
se dé ná pɛ wonnu tem,
dé wó pɔɔre te wone dé pa‑m.”
15Amo bu, ba ná tage konto dwoŋi,
yé da n woli ba wone.
Nam ja n tete se n lɔŋe
ba na wo mɛ to.
16Kokuri, nɔn-balwaaro tem konto
gare ba toŋe lwarem,
ye ba lage lela de nɔn-gora totoŋa.
17Wolo ná boŋe se o ja zuŋa,
kotu bá pa ka na kalanchogo
kolo o na chege ka ŋwaane to.
18Venverena bam konto nam na vwɛ
se ba go nɔɔna to,
ko ye ba tete dwi mo ba lage ba ja.
19Wolo maama ná boŋe se o duni
kampina baŋa ne,
kotu wó guri konto mo.
Jejegero telo o na vere to mo
wó ba te chɔge‑o.
Ba maŋe yi-poro de bukɔ daane
20Yi-poro mo zege teo kom chwei sem de ko yaga kam ni ne ko tɔɔla ko yaga. 21Teo kom pwooni mɛ nɔɔna na jeeri ba ke sɔɔ to, de ko manchwo-nia yam ne mo ko zege da ko ŋɔɔne baŋa baŋa ko we:
22“Nayeiri-nyena, dɛ dɔ mo
á wó yage á jworim dem?
Nɔn-lwɛɛna, á de wó ta‑á lwɛ
á dwonna taa,
se á vo á maŋe yei ne mo?
Nɔn-jworru, á wó yage ka-taa-chuli-yeino maŋa kɔ mo?
23Á ya ná sɛ a bwɛa yam,
amo de ya wó kwei a bochare maama a pa abam,
ye a pa á lɔre kolo na tigi
a boboŋa ne to.
24Abam nam ve amo beeri dem,
pa se a twe a je a jeeri abam
ye á wo ke-ne á ke da.
25Abam ta maa wo pɛ se a kwea yam jege kuri ya pae abam,
ye á daare á wo ke á yiga
de bwɛa yalo a na pɛ to.
26Konto ŋwaane amo de wó ke abam mo a mɔne,
de á na lage á na cham tei to.
27Foone maa wó ja abam
nenɛɛne vo-dɛɔ dwoŋi,
ye lɛɛro de ba á baŋa se te li abam
ne vo-kekara na ke tei to.
28Ba laam wó lwoori wolim amo tei ne,
ye a ve se a leiri-ba.
Ba maa ná beeri a jei tei de,
ba bá na-ne.
29Kokuri, ba yɔɔre ba chuli yeino mo,
ye ba ve we,
ba bá taa kɔre Baŋa Wɛ.
30Ba maa wo sɛ amo kwea yam,
ye ba ta kwareme ba zwa
de a bwɛa yam.
31Konto ŋwaane ba wó su de yaara
ba chwoori-ya,
ba boboŋ-lwanno tem
de ba kikia yam ŋwaane.
32Kokuri, nayeiri-nyena ve bera mo
pa ba lage ba te lela.
Nɔn-jworru yiga maa tera de kolokolo
pa ba wó na chɔgem.
33Ko daare, wolo maama ná sɛ
a bera yam,
ko wó ke lam ko pa kotu.
O bochare bá taa zaga de kolokolo,
ye kolokolo foone de bá taa jege‑o.”",https://www.bible.com/bible/3661/PRO.1.KBG
MEMAŊA 2,"1Amo bu, sɛ se n jwoŋi a bera yam.
Kwei nia yalo a na pɛ‑m to
n ke n bochare ne.
2Pore n zwa se n ja swa,
n daare n kwei n boboŋa maama
n pa yi-poro.
3Yɔɔre n beeri yi-poro,
se n daare n lwoori yeino
de kwor-dɛa.
4Chɛ se n beeri swa,
ne ya ye lu-nyenno
telo na seigi to mo.
5N ná ke konto, n wó lɔre Baŋa Wɛ kɔrɔ na ye tei chekke,
ye n daare n me ded‑o.
6Kokuri Baŋa Wɛ mo kwei swa
o pae nabiina.
O ta maa woli-ba de yeino de yi-poro.
7O maa jege swa chekke
se o kwei o pa nɔn-ŋona.
Ko ta ná ye balo na yɔɔre
ba tɔge chwoŋa to,
o kwoli-ba ne jara nantana mo tei.
8O nii ko baŋa ne mo
se chega taa toŋa,
ye o che balo na jege o chega to,
se cham yé yi-ba.
9Nmo ná sɛ se n jwoŋi swa,
n laam wó ba n lɔre kolo na lana
ye ko tɔge chwoŋa to.
N ta wó lɔre kolo na maŋe keim to,
se n wane n tɔge chwo-laao.
10N boboŋa maa wó ja swa,
ye yeino de pa n na wopwolo lanyerane.
11Nmo na lɔre lɔra tei to mo
wó taa kwoli‑m.
N boboŋ-ŋona maa wó taa yere‑m.
12Konto to, n bá‑n ta‑n tɔge
puseŋ-nyena chwei sem,
naa n to pipiri-nyena chwoŋa ne.
13Banto maŋe ba ywori chega chwoŋa kam ne mo,
ye ba vei lim wone.
14Ba ta swoi se ba taa toŋe lwarem mo,
ye ba wo de tiga de puseŋa kikia.
15Ba ye nɔn-ŋollo mo
ye ba kikia ba tɔge chwoŋa.
16Swa chekke wó che‑m de ka-tola,
de o ná maŋe o ŋɔɔne ni-som ŋɔŋa
se o ma soge‑m tei de.
17Kotu yage o baro wolo o na zo
o donne maŋa ne to,
pa se o yiri ni delo o na gwoni
Wɛ yiga ne to.
18Chwoŋa kalo na vei o sɔŋɔ kom ne to guri de toone mo.
Balo na tɔge da to maa zoore churu.
19Wolo maama ná vei o tei,
kotu daa ba jwoora.
O nam daa bá to
ŋwea chwoŋa kam wone.
20Nmo nam ná jwoŋi swa,
n laam wó ta‑n tɔge
nɔn-ŋona nɛ-bwora mo,
ye n vei chega tiina chwoŋa ne.
21Kokuri to, balo na yɔɔre
ba tɔge chwo-laao to mo
wó taa zoore dé tega kam wone.
22Ko daare puseŋ-nyena bam yere
wó saare tega kam baŋa ne.
Nɔn-ŋollo de maa wó jei ka wone.",https://www.bible.com/bible/3661/PRO.2.KBG
MEMAŊA 3,"Pa Wɛ n chega
1Amo bu, yé swei wonnu telo
a na jege a bere‑m to.
Nam yɔɔre n pa a nia yam
taa tigi n boboŋa wone.
2Kokuri, n ná tɔge-ya,
n wó na momwɛ-dɛɛre,
ye wonnu da chwoŋa te pa‑m.
3Fɔge n ta‑n jege chega de swono,
se n yé yage-te.
Pa tento taa nye de zambili
n na kwei n de n ba ne to.
Pa te taa tigi n boboŋa ne wuu,
ne n na popone-te n tiŋi
kandwa-pelɛ yera ne tei to.
4Konto baŋa ne mo Wɛ de nabiina
wó taa lage n ni taane,
ye n na yere-ŋom.
5Kwei n chega maama
n daŋe Baŋa Wɛ baŋa ne.
Nam yé teege nmo tete boboŋa baŋa ne.
6Totoŋe delo maama n na wó ke to,
ta‑n yei Baŋa Wɛ ni ne.
Konto mo o wó pa wonnu maama kwei te chwoŋa te pa‑m.
7Yé fɔge n jeeli n yuu ne we
nmo mo yei n tia.
Nam ta‑n kɔre Baŋa Wɛ
ye n duri lwarem kikia.
8Konto mo wó pa n na yazura,
ye n dam dem wó jwoori n tete ne.
9Kwei n jejaano tem
n ma n zuli Baŋa Wɛ,
se n daare n kwei n da-yiga wodiiru pɛɛra n pa‑o.
10Konto baŋa ne mo n tuli wó su
de wodiiru,
ye sa-doora de taa daga ba gaale,
pa n yeiri n na wó ke-te mɛ.
11Amo bu, ne Baŋa Wɛ ná jege‑m
o koresa, se n sɛ koresem.
O maa ná bwɛ‑m,
se n yé pa n yiga nyɔne.
12Kokuri, Baŋa Wɛ korese
balo o na swoi to mo,
ne kwo na ke tei de o bu-swono to.
Swa na lana tei to
13Wolo maama ná lɔre swa
ye o jege yi-poro,
kotu yuu ywomma.
14Swa tiini ya jege kuri
ya dwoi lu-nyenno.
Ya maa jege nyɔɔre
ya dwoi sabu-seŋa de.
15Ya ta maa jege lonne
ya dwoi kandwa-nyenno.
Nmo fera ná zo woŋo kolo maama,
ko bá yi swa na ye tei to.
16Swa zei momwɛ-dɛɛre mo o jazem ne.
Jejegero de yere-kamunu maa wo
pɛɛra yalo o na zei o jagwia ne to.
17Swa chwei sem jege ywoni mo.
Se tɔgem maa pae nɔɔna bochara zura.
18Swa nye de tio kolo bia
na pae ŋwea to mo,
balo na beeri-ya se ba jwoŋi to
tei ne.
Ya ma yeini ya ja yu-ywoŋo ya ba
ya pa balo na puuri-ya ba ja to.
19 Baŋa Wɛ dɛ o swa ŋwaane mo
o chwi tega baŋa kam kuri.
O ma tɔge o yi-poro baŋa ne
o pa se wɛyuu kom de wora.
20O mɛ o yeino mo o pɔɔre
naneero tem yera yera,
ye o daare o pa doa taa zege
kunkwonnu wone ka nena.
21Amo bu, ta‑n mae swa chekke
de boboŋ-laaro n toŋa.
Yé pa se te vere n jeŋa ne
te daare‑m.
22Tento mo wó pa n ŋwea
taa jege kuri lanyerane,
ye ka taa jege lam ka pa‑m,
ne zambili mo n de n ba ne to.
23Te ta wó pa n veiŋa tɔge chwoŋa,
se n yé seeri n to tega ne.
24N ma‑n ná tigi n sia,
foone bá taa jege‑m.
Nmo nam ná peini se n dɔ mo de,
n wó dɔ mo yɔlɔ-lɔ-lɔ.
25Foone bá ja‑m,
ne lɛɛro ná pɔpɔ te ba n baŋa,
naa chɔgem ná to puseŋ-nyena yuu ne.
26Kokuri, Baŋa Wɛ mo wó pa
n wo taa tiga.
Wonto wó taa cho‑m cham wone,
se kolokolo yé ja‑m pa n to.
27N dwoŋi ná maŋe se n woli‑o,
ye nmo ná jege kolo
na wó woli‑o to,
se n yé vane‑o.
28Nmo ná wae n dwoŋi n wola leile,
nam yé ta ded‑o we,
“Vei se n jwa jwoori n ba
se a woli‑m.”
29Ko ná ye n faro wolo
na pɛ nmo o chega to,
yé boŋe lwarem se n ma n chɔge‑o.
30Yé mage kantɔgɔ de nɔɔno
yɔɔ yerane,
ne kotu ná wo chɔge n yiga
kolokolo baŋa ne.
31Yé pa se n boboŋa zo
nankɔ-nyena kikia wone.
Nam yé lwoni ba totoŋ-naga kam.
32Kokuri, Baŋa Wɛ chuli nɔn-ŋollo mo.
Ko nam ná ye nɔn-ŋona,
o lɔge o wo o bere banto mo.
33 Baŋa Wɛ sɔɔle lwarem mo o yage
puseŋ-nyem sɔŋɔ ne.
Ko daare nɔn-ŋom sɔŋɔ su
de o zaane mo.
34Ko ná ye nɔn-lwɛɛna,
Wɛ nii-ba kafɛ mo.
Ko daare ye o zaane wo balo na tu ba tete to yuu ne.
35Swa tu yere wó zaŋe mo.
Nɔn-jworo maa wó di o chaveera.",https://www.bible.com/bible/3661/PRO.3.KBG
MEMAŊA 4,"Bera yadwonna
1A bia bam, cheigi-na á kwo bera. Ke-na á zwa keo se á wane á lɔre lɔra. 2A kwea yam jege kuri mo. Konto to, yé ve-na a bera yam. 3Amo biini maŋa ne ye a ta ye bu-pwola to mo a nu déem swoi-ne, ne a na ye o bu-doa to. A kwo de ma jeini-ne tega ne 4o bere-ne o we:
“Ta‑n jege a botare sem n boboŋa ne,
ye n daare n ta‑n ke n tɔge a nia yam,
se n wó na momwɛ-dɛɛre.
5Beeri swa dedaane yi-poro.
Yé swei a bera yam ni ne, nam yé ve-ya.
6Yé ma n kwaga n ya yi-poro,
se o wó taa kwoli‑m.
Nam yɔɔre n ta‑n swoi‑o
se o taa nii n baŋa ne.
7Yi-poro mo jege kuri
ko dwoi wonnu maama.
Konto to, kwaane n beeri swa jei.
N ná maŋe n beeri kolo maama
se n ta‑n tei,
ta chɛ se n lɔre lɔra.
8Pa yi-poro taa jege lonne o pa‑m,
se o wó pa n na yere-zɔŋɔ.
N ma‑n ná kukwori‑o,
o wó pa n na zula.
9O wó ke zaane o ke n yuu ne,
ne o milimi ga-punnu daane mo
o sɔ-te o ke da to.
O ta wó pa n na nenɔŋa,
ne o kwei paare yipuga mo
o pu n yuu ne to.”
10Amo bu, sɛ se n ke n tɔge
amo bera yam,
se ko pa‑m momwɛ-dɛɛre.
11Amo kwei nmo mo a de
swa chwoŋa kam ne,
se n ta‑n tɔge chega chwei sem.
12Nmo ma‑n ná via,
kolokolo bá che n yiga.
N nam ná duri lela,
n bá‑n tiri n to tega ne.
13Zamese bera n ke n boboŋa ne,
se n yé yage-ya.
Fɔge n nii ya baŋa ne,
kokuri yanto mo wó pa
n ni ŋwea ywoni.
14Yé lwoni puseŋ-nyena kikia yam,
naa n tɔge nɔn-balwaaro nɛ-bwora.
15Nam lɔŋe banto dwi chwei sem,
se n ja n tete de ba totoŋ-naga kam.
Pipiri se n daare n ta‑n vei
n veiŋa.
16Kokuri, ba ná wo toŋe lwarem,
ba bá peini ba dɔ.
Dɔɔne ba tui ba yia,
ne ba ná wo pɛ se nɔɔno to tega ne.
17Puseŋa kikia de vuvuga totoŋa mo ye ba ni-wodiu.
18Nɔn-ŋona na jege ŋwea kalo to
nye de te-pora ni pwooni dem mo.
Pwooni dem konto lɔɔre de ke da mo
se ko vo ko yi wea tetare maŋa.
19Ko nam ná ye puseŋ-nyena bam,
ba ŋwea maama yɔɔre
ka ye ligi-ligi mo.
Ba maa yeiri wonnu telo na pae ba tiri ba toe tega ne to.
20Amo bu, ke n zwa keo se n cheigi
kolo a na jege se a ta de nmo to.
21Yé swei a bera yam swia,
de fenfee de.
Nam yɔɔre n pa ya taa tigi
n boboŋa ne.
22Kokuri, balo na lɔre-ya to
wó na ŋwea ya baŋa ne.
Ya ta maa pae nɔɔna jege yazura chekke.
23Kolo na dwoi maama to,
fɔge n ta‑n yei n boboŋa yam ni ne.
Kokuri to, n ŋwea totoŋe maama puli dáane mo.
24Yé ta‑n jege ni-zɛ ni-zɛ.
Nam yé ta‑n kare n ŋɔɔne ta-yɔɔro.
25Kwaare n yuu n yiga ne,
se n yé bare n nii jei jei.
26Ta‑n yei n tete na-veili ni ne,
se n tɔge chwoŋa kalo
na ye chekke to.
27Yé lɔ chwoŋa n vo jazem seeni,
naa jagwia seeni.
Nam yɔɔre n ta‑n cho n tete
de lwarem kikia.",https://www.bible.com/bible/3661/PRO.4.KBG
MEMAŊA 5,"1Amo bu, ke n zwa keo
se n cheigi swa de yi-poro taane
delo a na jege se a ta de nmo to.
2Ko wó pa n lɔre kolo na maŋe keim,
ye yeino taane wó taa wo n ni ne.
3Kokuri, ka-tola ke ni-som de nɔɔna,
ne to-nuga na lura tei to mo.
O ni taane maa yɔɔre de swola
ne nuga na ye tei to.
4Se ko kweeli to, o kikia maama wó pa
n na chanɛɛre de zonne yerane mo.
5O nɛ-bwora guri de toone mo.
Balo na tɔge‑o to maa vei churu.
6O yiga tera de chwoŋa kalo
na pae ŋwea to.
O ma tusi chwoŋa kam,
ye o daa yeiri woŋo kolo
o na jege o ke to.
7Konto to, amo bu,
cheigi a taane dem.
Yé se n zwa de a na jege kolo
a tɛ to.
8Nam lɔŋe ka-dwi dem konto chwoŋa kam.
Maŋe n yé twɛ o sɔŋɔ seeni.
9Yé dole n zula n yage.
Ko ná dae konto,
nankɔ-nyem wó ja‑m o go.
10Veira maa wó ba ba ba jwoŋi
n jejegero ba taa tei,
pa se nmo na yaare n na kolo to
laam kweeli nɔn-gaa sɔŋɔ ne.
11Se ko ba ti maama to,
n yera maama wó bugi ya jei mo,
pa se n ŋwana 12ye n we:
“Bɛ mo ye a déem chuli koresem?
A déem wo sɛ bwɛa se bɛ mo?
13A nam ve a berena bam taane,
ye a daare a se a zwa
de ba bera yam.
14Amo laam nam zege
se a na a lɛɛro mo,
pa se a na a chaveera
nɔn-kɔgɔ kom maama yiga ne.”
Ta‑n jege chega n pa n kaane wom
15Ta‑n jege swono lara
de n kaane yerane,
nenɛɛne nɔɔno na wó nyɔ
o tete lɔɔ wone na tei to.
16Ko dae se n pa n lɔɔ wo na bam
taa tigi zɛɛra,
se wolo maama ná yia,
se o twei o nyɔ.
17Yé pa nɔn-gaa tɔge o nyɔ-ba,
se nmo yerane mo wó taa nyɔ
ko wone.
18Ta‑n pae n yi sui de n tete lɔɔ wo na bam maŋa maama.
Ta‑n di ywoni taa de kaane wolo
n na maŋe n di
n nɔn-donne maŋa ne to.
19Pa o taa jege lam n yibia ne,
ne woŋa dwoŋi to,
se o yela yam taa jege fera
ya pa‑m taa wuu,
ye o swono kom de taa pae
n su de wopwolo.
20Amo bu, nmo wó pa ka-tola ja‑m
o ke o ja-bɔŋɔ ne se bɛ mo?
Bɛ mo wó pa n vo n kukwori nɔɔno wodwoŋi kaane?
21Kokuri, nabiinu kikia maama
ye jase mo Baŋa Wɛ yiga ne.
O maa yei dé na-veili maama ni ne.
22Puseŋ-nyeno tete wɛleera mo
jwoori ya jaane‑o.
Ya nye de ŋone mo
ya vɔge‑o ya tiŋi.
23Kotu na ware o tete o peene to
pa o lage o te lela.
O wó ba o tusi ye o jei mo,
o na tiini o toŋe jworim to ŋwaane.",https://www.bible.com/bible/3661/PRO.5.KBG
MEMAŊA 6,"Ni-kaana yadwonna
1Amo bu, nmo ná kwei n tete
n zege daare ŋwaane
se n ŋwe n dwoŋi jene n pa‑o,
ko ná fɔge ko dae nɔn-veira,
2ko bere we nmo tete ni taane mo
lage de ja‑m ne kalanchogo tei.
3Amo bu, ko nam ye se n ke tento mo,
se n wane n jwoŋi n tete,
nmo je na wo n dwoŋi wom
ni ne to ŋwaane.
Nam véi n tu n tete o yiga ne,
se n daare n lwoori‑o
se o ma o chɛ‑m.
4Ke lela n vo o tei,
ye n ta wo sii de fenfee de.
5Nam ke nmo na wó ke tei maama
se n wane n lu to,
nenɛɛne feira naa zuŋa
na kwaane ka lu
ka jaro jeŋa ne tei to.
6Nmo wolo na ye jawɔre-nyem to,
véi n nii memela na chɛ
de totoŋa tei to,
se n daare n jwoŋi swa ba tei ne.
7Banto ba jege ba yiga tu naa pɛ.
Nɔɔn-nɔɔno ba nii ba baŋa ne.
8De ko maama de, ba yeini ba pɛ ba wodiiru te maŋa ne,
ye ba daare ba tiŋi-te
cham maŋa ŋwaane.
9Nmo wolo na ye jawɔre-nyem to,
nmo wó ta‑n tigi n dɔa taa
se n vo n maŋe yei ne mo?
Nmo ba lage n zaŋe
n tiga jei sem ne na?
10Tɔ. Daa ta‑n dɔ fenfee n woli da.
Kwogili n yia se n sii.
Ta‑n tigi n peiga jei sem ne ziim.
11Yiniga wó vɔɔre ka zi‑m,
ne venvereno na zaŋe
nɔɔno baŋa ne tei to mo.
Gɛɛre de maa wó pɔpɔ de ja‑m lanyerane.
12Nɔn-wo-koro na toŋe lwarem tei to,
o kare fɔ vwa mo.
13O ta yeini o go yi mo ye o yeese o jea
se o gane o dwonna.
14Kotu jeeli lwarem mo se o ke,
o boboŋa na ywori to ŋwaane.
O ná vei mɛ maama,
nankɔɔre mo zaŋe dáane.
15Konto ŋwaane mo lɛɛro wó pɔpɔ
te ba o baŋa.
O maa wó yɔɔre o na chɔgem
ye o bá lu de wone.
16Wonnu teredo mo Baŋa Wɛ chula.
Chega to, wonnu terepɛ maa ye
wo-zɔɔna o tei ne.
17Te maa ye:
Wolo na bere o tete kamunim to,
de wolo na jege ni-zɛ ni-zɛ to,
de nɔn-goro,
18de wolo na jei o boŋe lwarem
o pae o dwonna to,
de wolo na yɔɔre o wuuri
de lwarem keim to,
19de wolo na fɔ vwa
taane dim baŋa ne to,
dedaane wolo na pae vuvuga tui
o dwonna tetare ne to.
Gwalem taane
20Amo bu, ta‑n ke n tɔge ni delo n kwo na pɛ‑m to.
Nam yé swei n nu
na bere‑m kolo to ni ne.
21Pa ba bera yam taa tigi n boboŋa ne,
se ya taa nye de zambili
n na kwei n de n ba ne to.
22Nmo ná vei mɛ maama,
ya wó taa wo n yiga ne
ya bere‑m chwoŋa.
Nmo ná tigi n dɔa de,
ya wó taa yere‑m.
Nmo daa ná zaŋe,
ya wó pa‑m kwea.
23Kokuri, ba bera yam nye de
min-zwoŋo mo.
Ya maa ye pwooni ya pa‑m
se n ta‑n via.
Ba koresem dem de maa wó pa
n ni ŋwea ywoni.
24Taana yam konto wó che‑m
de ka-balɔrɔ,
ko fɔge ko dae ka-tola
na wó kwei ni-som
se o soge‑m tei to.
25Yé ke n fera o ya-tega lam dem wone.
Nam yé sɛ se o go o yia
o ma-ya o ja‑m.
26Nɔɔna ŋwe woŋo fee mo
ba pae ka-bworo
ye ba peini ded‑o.
Nmo ta ná peini de nɔɔno wodwoŋi kaane,
o laam wó sɔ‑m mo wuu.
27Nmo ná seigi min-chala
n gare-fɛɛle ne,
n gɔrɔ kom bá ja mini na?
28Nmo nam ná nɔne min-chala
baŋa ne,
n nɛ bá pwogili na?
29Ko nam ta ye bedwe mo de wolo
na wó vo o peini
de nɔɔno wodwoŋi kaane to.
Wolo maama ná ke konto,
ko wó tiini ko zo kotu yera.
30Ba ba ŋwane ba pae ŋweeno we,
kana jege‑o ka ni pa o ŋɔ
se o zuri o kana.
31Ba nam ná jaane‑o,
kotu wó ŋwe o na ŋɔge kolo to
kuni berepɛ,
pa se o ga o sɔŋɔ jejegero maama.
32Agɛboŋa yerane mo wó ke bwoŋa
de nɔn-gaa kaane.
Kotu yɔɔre o beeri chɔgem mo
o pa o tete.
33O maŋe de waarem mo,
ye ba wó kwei tetɔ-goro
ba pu o yuu ne.
O chaveera yam de maa bá fɔge
ya ti.
34Kokuri, kazwe wiiri kan-baro bane mo ko ke da.
O ná lage o yiri o jena,
o bá ja ŋwaŋa kɔtaa.
35Ba ná maŋe ba ja kolo maama
ba ba se ba ja o naga,
o wo ta bá zuri.
Ba nam ná pɛ‑o dim
se ko taa mae tei de,
o bá sɛ se o jwoŋi-de.",https://www.bible.com/bible/3661/PRO.6.KBG
MEMAŊA 7,"Nɔn-doŋo de ka-bworo taane
1Amo bu, sɛ se n jwoŋi a bera yam. Kwei nia yalo a na pɛ‑m to n ke n yuu ne. 2Ta‑n ke n tɔge a nia yam, se n wó na momwɛ-dɛɛre. Ta‑n ni a bera yam nenɛɛne ya ye n tete yi-chele-bu mo to. 3Ta‑n guli ya gula maŋa maama. Pa ya taa tigi n boboŋa ne wuu, ne n na popone-ya n tiŋi kandwa-pelɛ yera ne tei to. 4Sɛ se swa chekke taa nye de n nakɔ mo, se yi-poro de taa ye n badwoŋ-swono. 5Banto ná wo n tei ne, ko wó che‑m de ka-bworo kom. Nmo ma‑n wó lu ka-tola kalo na mae ni-som o soge nɔɔna to jeŋa ne.
6Amo yɔɔre a zege a sɔŋɔ takworo ni ne mo, ye a leesi a nii 7a na nɔn-donno na vei chwoŋa ne tei to. Nayeiri-nyem maa wo ba wone, ye a maane we o tiini o ga boboŋa. 8O maa tɔge chwoŋa kalo na vei ka-tola sɔŋɔ kom seeni to, ye o vo o yi ko jeiga kam. 9Ko déem ye wɛ-zwora maŋa mo, ye je-gwonnu ba nii te nae. 10Kaane wom de maa yɔɔre o pi o nwoŋi se o jeeri‑o. O yɔɔre o zo ka-bworo gwaaro mo ye o laam jege o boboŋa o seiga. 11Kaane wom tiini o pepera mo ye o ba kɔre nɔɔno yi. O nam ware jeiga dedoa se o jeini da. 12O yɔɔre o kare teo kom chwei sem ni ne, de ko yaga kam ni ne mo o seigi o nii o na wó yi wolo to. 13O laam ma yɔɔre o vaŋe nɔn-doŋo konto o kukwori‑o ye o mu o ni, o daare o ta o bere‑o de baare we: 14“Yazura pɛɛre nɔna ta daare a sɔŋɔ kom ne mo. A zem nam ke a su a ni-gwonim dem mo. 15Konto ŋwaane mo a nwoŋi se a jeeri‑m. A ya yɔɔre a beeri nmo jei mo, wɛ-ywom nam nii‑m da! 16Amo kwei gare-laaro mo a ma a lware a kwoli a gadwogo kom maama. Te maa ye gare-fefale selo na nwoŋi Ejipti teo ne ye se nyenyero ye dwi dwi to. 17A ta ma kwei talwoŋ-ywoŋa dwi dwi a zezage a yage ko maama ne, se na ye Mura, de Alwo, de Kinamon to mo 18Laam nam ba se dé zo dé lare dé yi dé tete se tega laam ba ka poore. Dé yɔɔre dé lage dé di dé swono kom ywoni mo. 19Amo baro beeri o kɛ yiga yiga mo. O tera sɔŋɔ ne. 20O nam kwei sabu na daga mo o ke o yera ne o ja o kɛ. Chana kam wó peere ka ti mo se o laam jwoori sɔŋɔ.”
21Ka-tola kam tɔge chwoŋa kam konto mo o ja nɔn-doŋo kom o ywori. O nam yɔɔre o kwei ni-som mo o soge‑o o wane. 22Bedwe baŋa ne mo o pɛ o kwaga o pu, ne na-bala mo ba jege ba vei se ba go to. O ta nye de woŋa kalo kalanchogo na jaane 23ye ko laam daare se che-tɛɛre moore o bochɔŋɔ ne to mo. Ne zuŋa kalo na zo kalanchogo wone to, o nam yeiri we o seene o to cham wone se o ga o ŋwea.
24Konto ŋwaane amo bia bam, nam cheigi-na a taane dem. Ke-na á zwa keo se á ke a bera yam á boboŋa ne. 25Yé pa-na kaane wom konto dwoŋi chwoŋa se o soge abam o wane. Nam yé sɛ-na se o ja abam o ywori á chwoŋa kam ne. 26O pɛ baara dedɛ mo to tega ne, pa se nɔn-kɔgɔ dole ba ŋwea ba yage. 27Balo na zo o sɔŋɔ kom ne to laam to chwo-fara kalo na vei churu to ne. Chwoŋa kam konto wó ba ka guri de toone mo.",https://www.bible.com/bible/3661/PRO.7.KBG
MEMAŊA 8,"Yi-poro na pae wolim delo to
1Cheigi-na! Swa chekke nye de bukɔ na tɔɔla o yaga.
Yi-poro mo zeiŋi o kwora wɛɛne
se nɔɔna ni o ŋwa.
2O yeini o di zwonnu yuu mo
o vo o zege mɛ seeni chwei sem
na lɛɛne daane to.
3O ta zege o maŋe de teo kom manchwo-nia,
mɛ seeni ba na tɔge
ba zoore ko wo to,
o tɔɔla we:
4“Amo tɔɔle a bwoi abam,
se logo baŋa nabiina maama mo ni.
5Abam balo na ye nayeiri-nyena to,
ja-na boboŋ-ŋona.
Abam nɔn-jworru tem,
ja-na yi-poro.
6Cheigi-na, se a jege wo-kura mo
se a ta.
Amo ná puri a ni,
a wó ta wonnu telo
na ye chega to mo.
7Amo ni taane yɔɔre de ye chega,
a na chuli vwa to ŋwaane.
8Amo ni-botare sem maama
yɔɔre se tɔge chwoŋa mo.
A ba jege ni-zɛ kolokolo baŋa ne.
9Yi-pore-nyena nae a bera yam we,
ya yɔɔre ya ye chekke mo.
Balo na jege yeino to maa nae we,
ya ba jege tusim.
10Pa-na a koresem dem
taa jege lonne abam tei ne,
se de dwoi lu-nyenno.
Nam kuri-na yeino
se á daare sabu-seŋa,
ne ka ná maŋe ka ye chekke tei de.
11Kokuri swa chekke jege kuri
ya dwoi kandwa-nyenno.
Woŋo kolo maama á fera na wó zo to bá maŋe de-ya.
12Amo ye swa chekke mo.
Amo dedaane boboŋ-ŋona mo
vei daane.
A maa beeri yeino
dedaane yi-poro jei
se a kwei-te a pa nɔɔna.
13Wolo ná kɔre Wɛ,
kotu lɔŋe lwarem mo.
A yɔɔre a chuli ka-bere-ka-tete,
de boyerem, de totoŋ-zɔɔna,
de ni-zɛ ni-zɛ kikia mo.
14Boboŋ-ŋona de swa chekke
wo amo tei ne mo.
A maa jege yi-poro de dam.
15Pwa tɔge amo baŋa ne mo
ba di paare.
Ko ta ye amo ŋwaane mo ba kuri
wadɛ selo na maŋe to
ba pae ba nɔɔna.
16Ko ná ye nakwa, de nɔn-yum,
de dedɛɛra balo na jege chega to,
ba maama tɔge amo ŋwaane
ba na dam.
17Balo maama na swoi amo to,
amo de swoi-ba mo.
Ko ná ye balo na seene ba yia
ba beeri amo jei to,
banto wó ba ba yi amo tei.
18Jejegero de yere-kamunu
maa wo a jeŋa ne,
se a kwei a pa nɔɔna.
A maa pae nɔɔna duna,
ye ba tɔge chwoŋa chekke.
19Nyɔɔre delo nɔɔna na wó na
amo tei ne to gare sabu-seŋa,
ka ná maŋe ka tiini ka lana tei de.
Pɛɛra yalo ba na wó jwoŋi
amo jeŋa ne to
gare lu-nyenno chekke.
20Amo veiŋa maama ye chekke.
A maa tɔge chwei selo na yɔɔre to.
21A maa kwei jejegero a pae balo
dwi maama na swoi-ne to,
pa se ba sam sui de wo-laaro.
22Se Baŋa Wɛ laam ke
wonnu maama to,
o naane amo mo yiga
o jeŋa totoŋa maama wone.
23Faŋa faŋa ye Baŋa Wɛ ta wo naane logo kom to,
o maŋe o kuri-ne boboa kam ne mo.
24Ba na loge-ne to,
de naneero tem ta tera,
de buli-yia de tera se ya taa tae.
25Ba loge-ne mo ba daare,
ye Wɛ laam chwi peero tem
de zwonnu tem te jei ne.
26Konto maama kea ye o laam mɔ
tega kam, de ka pwoli sem,
de logo baŋa kasolo kom.
27A tu a wora mo ye o kwei wɛyuu kom o ke ko jeiga ne,
ye o daare o lɔ siseini delo
na kaare naneo kom maama to.
28A déem maa wora ye o kwei kunkwonnu tem o ke wɛyuu ne,
ye o daare o fɔge buli-yia
se ya pa na su naneo kom.
29A wo o tei ne mo ye o lɔ pempala
o ma che naneo kom,
se ko wo na-fwaaro yé ve o ni
ba gaale mɛ o na pɛ-ba to.
O ta na fɔge o chwi tega kam kuri to mo a wora.
30A yɔɔre a wo o tei ne mo
a woli‑o ne gɔgɔ tei.
O déem di ywoni amo ŋwaane mo,
ye a de wo pwoli o yiga ne.
31A maa jege wopwolo
de logo kolo o na ke to,
de ko nɔn-bia bam.
32Amo bia bam, cheigi-na a taane dem.
Balo na sɛ ba tɔge amo nia yam to
mo jege yu-ywoŋo.
33Cheigi-na a bera yam se á ja swa.
Yé dole-ya á yage.
34Wolo ná cheigi amo taane,
kotu jege yu-ywoŋo.
Dɛ maama wone,
o swoi se o taa tui a sɔŋɔ mo,
ye o cheiga se a ŋɔɔne ded‑o.
35Wolo maama ná tu o lɔre amo,
kotu nɛ ŋwea mo.
O nam ta wó na zaane
Baŋa Wɛ tei ne.
36Ko daare, wolo maama na gɛ amo to
beeri yaara mo o pa o tete.
Balo na chuli amo to
lage ba tete toone mo.”",https://www.bible.com/bible/3661/PRO.8.KBG
MEMAŊA 9,"Swa de jworim taane
1Swa chekke mo lɔge o sɔŋɔ.
O ma chwi ywoa yarepɛ
o teili-ko o zege.
2O go vara mo se o ke wodi-fɔrɔ,
ye o daare o ke sa-sona o woli da.
O ma ti ko maama yiga.
3O laam ma toŋe o ka-nyaana
se ba kwei o kwora ba vo
ba zege teo kom zwonnu yuu ne
ba taa tɔɔla ba yaga.
4O maa tɛ de balo na gɛ boboŋa to
o we:
“Abam nayeiri-nyena bam,
ba-na á zo amo sɔŋɔ ywo!
5Ba á di-na wodiu kolo a na ke
a zege abam,
de sana balo a na ke á ŋwaane to.
6Yage-na jworim kikia,
se á wó ni ŋwea ywoni.
Nam tɔge-na yi-poro chwoŋa kam.”
7Nmo ná kwaane se n de
nɔn-lwɛɛno chwoŋa ne,
o wó jwoori o twe‑m.
N ta ná bwɛ puseŋ-nyeno,
o de wó pa ko zo n yera mo.
8Yé zaŋe n bwɛ nɔn-lwɛɛno,
se o wó taa chuli‑m ko ŋwaane.
Nmo nam ná bwɛ yi-pore-nyem,
o wó taa swoi‑m ko ŋwaane.
9Nmo ná woli boboŋa tu,
o laam wó na swa o woli da.
N ná bere nɔn-ŋom,
o wó fɔge o lɔre wonnu.
10Nabiina na kɔre Baŋa Wɛ mɛ to,
yi-poro de puli dáane mo.
Nmo ná me de
Wo-pwoŋo Tu Wɛ wom,
nmo wó lɔre wonnu.
11N ná jege swa chekke,
n laam wó na momwɛ-dɛɛre mo.
N bena yam wó gaale logo baŋa ne.
12Yi-pore-nyem swa yam jaane
nyɔɔre mo ya tui ya pa‑o.
Wolo nam ná ye nɔn-lwɛɛno,
kotu yerane mo wó yaare
ko ŋwaane.
13Ajworo yɔɔre o ye ka-pwogo mo.
O maa ba jege boboŋa
ye o ye pere-pere.
14O jei o sɔŋɔ manchwo-ni dem seeni mo
de teo kom zwonnu yuu ne.
15O maa tɔɔle o yaga o bwoi
balo na wo chwoŋa ne
ba maa kɛa to.
16O maa tɛ de balo na gɛ boboŋa to
o we:
“Abam balo maama
na ye nayeiri-nyena to
ba-na á zo amo sɔŋɔ ywo!
17Nɔn-gaa lɔɔ wo na bam
tiini ba ywomma.
Wodiu kolo n na wó seigi n di to
de dim ywoni mo dwoi!”
18Nayeiri-nyena nam yeiri we
balo maama na lɛɛne ba zo
Ajworo sɔŋɔ to jege se ba te mo.
Churu nam yɔɔre ko su
de o sɔŋɔ veira mo.",https://www.bible.com/bible/3661/PRO.9.KBG
MEMAŊA 10,"Pɛ Solomon memaŋa
1Pɛ Solomon memaŋa yam mo tento:
Bu wolo na jege boboŋ-laaro to
pae o kwo wo pwola.
Se ko ná ye bu-jworo,
wonto pae se o nu wo chɔge mo.
2Nɔɔno ná dɛ lwarem baŋa o ma o na jejegero,
o bá na nyɔɔre te baŋa ne.
Chwo-laaro tɔgem nam wó jwoŋi nɔɔno toone jeŋa ne.
3 Baŋa Wɛ bá sɛ se kana ja nɔn-ŋona.
Ko daare ko ná ye puseŋ-nyena,
Wɛ wó che-ba de kolo maama ba fera na zoore to.
4Jawɔrɔ jaane yiniga mo ko tui ko pae nɔɔna.
Ko daare jawale-nyem jeŋa yi o ni mo.
5Wolo na nwoŋi o ja faao o zo diga ko maŋa ne to cho o tete mo.
Wolo nam na dɔ faao ni ne to jaane chaveera yerane mo o ba.
6Wɛ swolim wó taa wo nɔn-ŋona yuni ne.
Puseŋ-nyeno ni taane nam pae nankɔɔre zaŋe mo.
7Nmo ná guli nɔn-ŋom gula,
ko ke‑m ywoni mo.
Ko daare puseŋ-nyeno yere wó saare mo.
8Boboŋa tu jwoŋi bera mo.
Wolo na ŋɔɔne yɔɔ yerane to wó na chɔgem.
9Wolo ná vei chega chwoŋa ne,
kotu nɛ jaane tega mo.
Ko daare pipiri-nyena wó seeri ba to.
10Wolo ná kweele chega,
kotu beeri jara mo.
Wolo na ŋɔɔne yɔɔ yerane to wó na chɔgem.
11Nɔn-ŋom ni taane nye de buli-yi
delo na na pae ŋwea to mo.
Puseŋ-nyeno ni taane nam pae nankɔɔre zaŋe mo.
12Dono wiiri kantɔgɔ mo.
Swono maa kwoli wɛleera dwi maama.
13Yi-pore-nyem ni taane bere swa chekke.
Agɛboŋa nam maŋe se o na waarem mo.
14Swa tu mo tiŋi yeino o yuu ne.
Nɔn-jworo ŋɔŋa nam jaane lɛɛro mo ka tui.
15Nadum jejegero tem wae te che‑o de cham.
Yini-gwia nam wó chɔge yiniga tiina.
16Nɔn-ŋona nyɔɔre ye ŋwea chekke.
Puseŋ-nyena ŋweero nam wó taa ye waarem mo
ba wɛleera ŋwaane.
17Wolo maama ná sɛ bera,
kotu wo ŋwea chwoŋa ne mo o via.
Wolo nam ná ve koresem,
kotu wó pa se o dwonna de tusi.
18N ná mɔne de nɔɔno ye n wo ba ŋwae,
n ye vwa-fɔro mo.
N ná ye bebare nyem, n ye nɔn-jworo mo.
19Ta-fara jaane tusim mo ya tui.
Swa tu wó pu o ni mo chemm.
20Nɔn-ŋom ni taane jege nyɔɔre mo,
ne lu-nyenno to.
Puseŋ-nyem boboŋa maa ye weero yerane.
21Nɔn-ŋona bera jege nyɔɔre
ya pae nɔɔna dedɛ.
Ko daare jworru jworim dem mo jege-ba de goe.
22 Baŋa Wɛ swolim mo pae ko gare nɔɔno yera ne.
Kolokolo bá baare kotu kwaga.
23Nɔn-jworo mae lwarem kikia o jiri kwɛɛra mo.
Boboŋa tu wo nam pwoli keim-laaro ŋwaane.
24Puseŋ-nyena na duri kolo to mo wó yi-ba.
Ko daare nɔn-ŋona wó na ba na beeri kolo to mo.
25Vo-dɛɔ ná zaŋe, puseŋ-nyena ba jege zega jei.
Ko nam ná ye nɔn-ŋona,
banto fɔge ba zege mo cheppe taa wuu.
26Yé kwei n totoŋa n ke jawɔre-nyem jeŋa ne.
Ko wó taa ye ne mia ná ŋaare yeila,
naa nyoa na wiiri yia tei to mo.
27Nɔɔno ná kɔre Baŋa Wɛ,
kotu wó na momwɛ-dɛɛre.
Puseŋ-nyeno nam ba yi o dɛ.
28Nɔn-ŋona teena guri de ywoni mo.
Ko daare puseŋ-nyena teena wó chɔge lela mo.
29 Baŋa Wɛ mo pae chega tiina na dalem jei.
O ta maa pae puseŋ-nyena na chɔgem.
30Nɔn-ŋona kuri ba gɔe.
Puseŋ-nyena nam bá dáane tega kam baŋa ne.
31Nɔn-ŋom ni taane bere swa mo.
Vwa-fɔro ni nam maŋe se ba pu-de mo.
32Nɔn-laaro ni taane ywomma puga ne.
Ko daare ye puseŋ-nyena mo ŋɔɔne ta-yɔɔro yerane.",https://www.bible.com/bible/3661/PRO.10.KBG
MEMAŊA 11,"1 Baŋa Wɛ vae kampin-nyena ni taane.
Ko daare balo na jege bwɛ chekke ba toŋe to mo pwoli o wo.
2Bere n tete de chaveera vei daane mo,
ne tu-n-tete de yi-poro na ye tei to.
3Nɔn-ŋom chega kam yere‑o
pa o ŋwea lana mo.
Nɔn-ŋolo vwa yam maa pipiri ya jaane‑o.
4Wɛ ná wora o waare‑m,
n jejegero daa ba jege kuri.
N nɔn-ŋonne nam wó che‑m de toone.
5Nɔn-laaro nɔn-ŋonne dem tiŋi chwoŋa jaja mo pa ba via.
Ko daare puseŋ-nyena puseŋa kam pae ba saare ba toe mo.
6Chega tiina nɔn-ŋonne dem mo jwoŋi-ba de yaga.
Nɔn-ŋollo fera maa jaane-ba.
7Puseŋ-nyem ná tega, o teena yam maama dɛ ded‑o mo ya te.
O boboŋa yalo maama o na jege to daa bá toŋe.
8Nɔn-ŋona wó lu cham wone,
se de jwoori de to puseŋ-nyena baŋa ne.
9Wɛ-lwɛɛno yeini o chɔge o dwonna de ni-chworu mo.
Nɔn-ŋona nam mae yeino mo ba jwoŋi ba tete.
10Nɔn-ŋona chwoŋa ná pore,
ba teo kom nɔɔna jege ywoni mo ba di.
Puseŋ-nyena nam ná tu ba na chɔgem,
nɔɔna wó taa mɔne ba chaka mo.
11Nɔn-laaro ná ke zaane ba ke ba teo kom yuu ne,
teo kom konto wó na yere mo.
Ko daare puseŋ-nyena wó ma ba ni taane mo
ba chɔge ba teo kom.
12Wolo maama ná gwooni o dwoŋi,
kotu boboŋa mo muri.
Boboŋa tu wó pu o ni mo chemm.
13Wolo na kare o ba bebara to
yeini o bere wo-siseigiru jaja mo.
Nɔn-yero nam mo wó pu o ni,
se ya yé nwoŋi pwooni.
14Nakwa ná tera se ba woli pɛ de kwea,
o teo kom bá zege.
Nakwa dedɛ nam ná wora,
teo kom wó ke lam.
15Wolo ná sɛ se o zege daare nɔn-veiru jene ŋwaane,
kotu wó na cham.
Kotu nam ná ve se o zege daare dem,
ko wó che‑o cham wone.
16Ka-yero na nɛ yere delo to
gare nankɔ-nyena na nae jejegero telo to.
17Ŋwaŋa tu kikia yam kwɛ o tete mo.
Ko daare keim-chɛ-nyeno jaane yaara mo
o tui o tete baŋa.
18Puseŋ-nyeno ŋweero nye de lunluŋu mo te pa‑o.
Wolo nam na toŋe chega to wó yɔɔre o na o totoŋa yam nyɔɔre.
19Wolo ná seene o yia de nɔn-ŋonne totoŋa,
kotu wó ni ŋwea ywoni.
Wolo maa na seene yia de lwarem kikia to wó te mo.
20 Baŋa Wɛ chuli balo boboŋa na ywori to mo.
Ko nam ná ye balo na yɔɔre ba tɔge chwoŋa to,
ba kikia yam su o yi mo.
21Taane dento bá kwane:
Nankɔ-nyena yɔɔre ba lage ba na waarem mo.
Ko nam ná ye nɔn-ŋona dwi dem,
ba wó taa tei ba tete.
22Kaane ná lana ye o ye ka-pwogo,
ko nye de sabu-seŋa kwane na leigi teiri momwɛ ne to mo.
23Nɔn-ŋona fera na tɔge wonnu telo to wó guri lanyerane mo.
Puseŋ-nyena teena nam guri de ban-zɔŋɔ mo.
24Wo-ywoŋo tu pae mo ye o jwoori o nae o woli da.
Wo-chɛ-nyem maa ve pɛɛre
ye o ba o guri de yiniga.
25Wo-ywoŋo tu wó na zaane nɔɔna tei ne.
Wolo na twei na o pa nɔɔna to,
ba wó twei na ba pa o de.
26Nɔɔna sɔɔle lwarem ba pae balo na jege wodiiru ba seiga to mo.
Ba maa tei balo na pae te nwoŋa se ba yeigi-te to.
27Nmo ná toŋe n totoŋa de boboŋ-ŋona,
nɔɔna wó pu n kwaga.
Nmo nam ná kare n beeri lwarem jei, n wó na-de.
28Wolo maama teena ná tigi o jejegero wone,
kotu wó to mo,
se nɔn-ŋom yera zura mo,
ne vɔ-lɛɔ na kwi tio yera ne tei to.
29Wolo ná jaane daanem o tui
o diga tiina baŋa,
kotu bá fɔge o ni o diga kam ywoni.
Nɔn-jworo maa wó taa toŋe
o pae swa tu.
30Nɔn-ŋom nye de tio kolo na pae nɔɔna ŋwea to mo.
Wolo maa na jwoŋi o dwonna o yage to mo seene o jege swa.
31Nɔn-ŋona ná lage ba na ba totoŋa nyɔɔre tega baŋa ne,
se wɛle-keira laam ná niga?",https://www.bible.com/bible/3661/PRO.11.KBG
MEMAŊA 12,"1Wolo na sɛ se ba de‑o chwoŋa ne to lɔre lɔra chekke.
Ko daare wolo na chuli bwɛa to boboŋa muri mo.
2 Baŋa Wɛ zaane wo nɔn-ŋona yuu ne mo,
se ko ná ye balo na boŋe lwarem ba pa ba dwonna to,
Wɛ wó vane ba bora mo.
3Puseŋ-nyem ba fɔge o jiri nɔɔno.
Ko nam ná ye nɔn-ŋom, o kuri ba gɔe.
4Ka-yero mo pae se o baro jege zula.
Ka-pwogo nam pae o baro ye bele-bele mo.
5Nɔn-ŋom yeini o boŋe se o ke wo-laaro mo.
Puseŋ-nyem kwea nam su de sonsoga mo.
6Puseŋ-nyem ni-botare nye de o koge gwonnu mo
o tiŋi se nɔɔna to da.
Nɔn-ŋom ni taane maa jwoŋi nɔɔna de yaga.
7Wɛ yeini o vuvugi puseŋ-nyena mo o de tega ne
pa ba yɔɔre ba jei,
Nɔn-ŋom sɔŋɔ nam zege mo cheppe.
8Yi-pore-nyem ye ba tei‑o mo o boboŋa ŋwaane.
Ba maa gwooni wolo boboŋa na ywori to.
9Nɔɔno wolo ná tu o tete
ye o laam za jege wolo na toŋe o pa‑o to,
kotu gare wolo na bere o tete kamunim
ye o ba yi o ni-wodiu to.
10Nɔn-ŋom nii o vara mo lanyerane,
se ko ná ye puseŋ-nyem,
o keim-laaro tete ye puseŋa mo.
11Wolo na sɛ varem to jeŋa yi o ni.
Wolo maa na kare o toŋe wo-yɔɔro to boboŋa mo muri.
12Puseŋ-nyem boboŋa tigi nɔn-balwaaro jejegero baŋa ne.
Nɔn-ŋom zege mo ga cheppe,
ne tio kolo bonno na jaane tega chekke to.
13Nɔn-balɔrɔ vwa mo wó jwoori ya ja‑o.
Ko daare nɔn-ŋom wó lu cham wone mo.
14N ná tɛ wo-laaro de nɔɔna, n wó na ko nyɔɔre,
ne tontoŋeno na nae o totoŋa nyɔɔre tei to.
15Nɔn-jworo boboŋa mo ko swa.
Yi-pore-nyem nam yei we
swa dae cheilima ya leiri nakwa wone.
16Nɔn-jworo mo gare o bere o ban-lom jaja.
Ko daare, ba ná twe boboŋa tu,
o wae o tete o jaana.
17Wolo na tɛ chega taane dim baŋa ne to pa chega mo toŋa.
Wolo nam na fɔe vwa taane dim baŋa ne to jege nɔɔna mo o gana.
18N ná wo boŋe n yi, n wó ta taane pa de daane n dwoŋi,
ne n kwei se-zɔɔ mo n moore‑o to.
Yi-pore-nyem ni taane nam pa nɔɔna jege yazura mo.
19Chega tu taane ba jia.
Ko nam ná ye vwa-nyem taane,
de ba dáane de lɔra.
20Wolo na boŋe lwarem o pa o dwoŋi to bochare su de gana.
Wolo nam na beeri zurim o pa o dwoŋi to wó na ywoni.
21Nɔn-ŋona ba zoore cham wone.
Ko nam ná ye puseŋ-nyena,
ba cham ba fɔge de tia.
22 Baŋa Wɛ ba toŋe de vwa-nyena,
se ko ná ye balo na toŋe chega to,
o vei de banto mo.
23Boboŋa tu ba bere o yeino yɔɔ yɔɔ.
Nɔn-jworo nam kare jei maama ne mo o bere o jworim.
24Jawale-nyem jei paare baŋa ne mo.
Jawɔre-nyem maa toŋe totoŋ-dɛɛra o pae nɔɔna.
25Boboŋ-fara ye zele-dunni mo ya daane nɔɔna.
Ta-ywom nam pae nɔɔna boboŋa tigi mo.
26Nɔn-ŋom yeini o woli o badwoŋi mo
se o to chwoŋa ne.
Puseŋ-nyena maa na kwei chwoŋa kalo to jaane-ba ka jia.
27Jawɔre-nyem ba wɔa nɔna yalo o na jaane to.
Jawale-nyem wó di o su o daare o yeigi o nɔna mo.
28N kikia na tɔge chwoŋa,
n wó na ŋwea chekke.
Ko ta wó che‑m de toone.",https://www.bible.com/bible/3661/PRO.12.KBG
MEMAŊA 13,"1Bu wolo na jege boboŋ-laaro to wó jwoŋi o kwo bera.
Ko daare nɔn-lwɛɛno ba sɛ bwɛa.
2Nɔɔna wó taa di ba sui ba ni taane ŋwaane mo.
Nɔn-ŋollo nam yɔɔre ba beeri nankɔɔre jei mo.
3N ná boŋe ye n tɛ taane,
n ŋwea wó dáane.
N nam ná kare n yaga,
chɔgem wó ba n baŋa mo.
4Jawɔre-nyem fera zoore wonnu telo o na bá na to wone mo.
Ko daare wolo ná chɛ de totoŋa,
o wó taa di o sui mo.
5Nɔn-ŋona chuli vwa mo.
Puseŋ-nyena nam swoi chaveera kikia mo.
6Chega tu totoŋ-ŋona jege‑o ya kwoli mo.
Puseŋ-nyena wɛleera yam maa chɔge-ba.
7Nɔɔna badaara pae ba jeŋa jege mo,
ye ba ba yi ba teiŋa jɔgɔ.
Badwonna de ke ne yiniga mo jege-ba,
ye ba jejegero tiini te gaale.
8Nadum wó wane o ma o sabu
o ma o jwoŋi o ŋwea o yage.
Se ko ná ye yiniga tu, nɔɔn-nɔɔno bá daane‑o.
9Nɔn-ŋona ŋwea pwooni bere ba wopwolo jaja mo.
Ko nam ná ye puseŋ-nyena,
ba ŋwea pwooni dem wó pɔpɔ de dwei mo.
10Boyerem jaane kantɔgɔ yerane mo de tui.
Balo nam na sɛ bera to maa jege swa.
11Nmo ná lɔgere se n na sabu,
ko wó jei lela n jea ne.
Nmo nam ná zuri n yera
n beeri-ko fenfee,
ko wó puli ko pa‑m.
12N ná ware n teena yam n yi,
ko bwori nɛ.
Ko daare n boboŋa yam ná toŋe ya pa‑m,
wopwolo gaale mo.
13Wolo na ve se o jwoŋi bera to
wó na cham ko baŋa ne.
Wolo maa na jwoŋi ni-kaanem to
wó na nyɔɔre ko baŋa ne.
14Swa tu bera yam nye de buli-yi
delo na na pae ŋwea to mo.
Ya lage ya che nmo se toone yé ja‑m.
15Nɔɔna lage yi-pore-nyena ni taane mo.
Nɔn-ŋollo nam wó na ba chɔgem mo.
16Boboŋa tu tɔge yeino baŋa ne mo
o ke o wonnu maama.
Nɔn-jworo maa kare o bere o jworim dem.
17Wolo n na toŋe to ná ba jege chega,
o wó ywori chwoŋa kam ne.
O nam ná ye chega tu,
o wó kwɛ wonnu o pa‑m.
18Wolo maama ná ve se o jwoŋi koresem,
yiniga de chaveera wó ja kotu.
Wolo nam na sɛ bera to wó na zula.
19Nabiinu ná ke o su o fera, ko ywomma ko pa‑o mo.
Jworru nam ware se ba yage wɛleera kikia.
20Wolo na me de swa tiina to de wó ja swa mo.
Ko nam ná ye wolo na tɔge de jworru to,
ko wó tiini ko zo kotu yera mo.
21Cham zeili wɛle-keiru mo se de ja.
Ko nam ná ye nɔn-ŋom,
o nyɔɔre ye wo-laaro mo o wó na.
22Nɔn-laao wó daare jejegero se o bia leini ba taa di.
Wɛle-keiru maa lae o jejegero o tiŋa,
se te ba te kweeli nɔn-ŋona jeŋa ne.
23Wodiiru ya ba jege totoŋe yiniga tu kara ne.
Chega nam jei pa ba vere-te ba daare‑o.
24Wolo na nii o bu de yi to ba lage‑o.
N ná swoi n bu,
n wó korese‑o mo se o da chwoŋa.
25Nɔn-ŋona di ba sui ba pwi.
Ko daare puseŋ-nyena vei de kan-koro mo.",https://www.bible.com/bible/3661/PRO.13.KBG
MEMAŊA 14,"1Ka-yero kale o diga o ke da mo.
Ka-pwogo maa jage-ka o yaga.
2Chega tu kikia bere we
o kɔre Baŋa Wɛ lanyerane.
Ko daare nɔn-ŋolo kikia bere we
o yiga tera de Wɛ.
3Nɔn-jworo ni taane mo beeri waarem de pa‑o.
Yi-pore-nyem ni botare nam mo jwoŋi‑o se yaga.
4N ná ba jege nabɛ-vala se n ma n toŋe,
n tula wó ji tuli-kora mo.
N nabɛ nam ná toŋe de dam,
n wodiu wó gaale.
5Wolo na pae chega maana to ba fɔ vwa.
Wolo na fɔe vwa taane dim baŋa ne to
nam yɔɔre o gaane vwa mo o tiŋa.
6Nɔn-lwɛɛno ná beeri yi-poro jei,
o bá na-ko.
Ko daare boboŋa tu ni wonnu kuri mɔle mɔle mo.
7Pwɛ n tete de nɔn-jworo,
kokuri, n bá‑n zamese kolokolo o tei ne.
8Boboŋa tu yeino pa o boŋe o yi mo ye o ke keim.
Nɔn-jworo jworim dem maa jege‑o de gana.
9Nɔn-jworru ba pae wɛleera saarem jege kuri.
Wɛ zaane nam wo nɔn-ŋona yuu ne mo.
10Choa tu mo yei ka peiga.
Nɔn-gaa ware se o lɔre n cham de n ywoni.
11Puseŋ-nyena sam wó ji di-dwonnu.
Nɔn-ŋona di sem nam wó ke lanyerane mo.
12Nmo wae n boŋe we n na vei chwoŋa kalo ne to lana.
Ka nam wae ka tu ka guri de toone.
13Nɔɔna wae ba mɔna ye ba yiga nyɔne.
Ywoni dim nam wae de guri de wo-chechɔgɔ.
14Balo boboŋa na ywori to wó na ba totoŋa ŋweero.
Nɔn-ŋona de maa wó na ba totoŋa nyɔɔre.
15Nayeiri-nyem sɛ kolo maama na to o zwa ne to mo.
Ko daare boboŋa tu jeeli kolo o na jege o ke to mo.
16Swa tu zuri o yera mo se o lɔŋe lɛɛro.
Nɔn-jworo nam lɔgere mo ye o kare o toŋe yɔɔ.
17Ban-lom tu swoi se o taa toŋe jworim mo.
Ba maa chuli wolo na ke swa
de o dwonna to.
18Wolo boboŋa na muri to vei o kweeli de jworim mo.
Ko nam ná ye swa tu,
o na lɔre kolo to mo wó pa‑o zula.
19Nɔn-balwaaro wó chɔɔle nɔn-laaro yiga ne.
Ba wó lwoori nɔn-ŋona se ba ke-ba zaane.
20Yiniga tiina fara tete yeini ba lɔŋe-ba mo.
Ko nam ná ye naduna, ba badwonna gaale mo.
21Wolo na yeini o neese o dwonna to ke wɛleere mo.
Ko nam ná ye wolo na ke nabwona lanyerane to,
Wɛ zaane wó taa wo kotu yuu ne.
22Balo na jeeli lwarem kikia to tusi chwoŋa ba jei mo.
Balo nam na jeeli lanyerane to
bere swono kolo na ye chekke to mo.
23Totoŋ-chɛɛra dwi maama jege nyɔɔre.
Ni taane yerane nam jaane
yini-gwia mo de tui.
24Jejegero ye zula mo te pae swa tiina.
Jworru maa kare ba toŋe jworim yerane.
25Nɔɔno ná pɛ maana chekke,
wonto wó jwoŋi o dwoŋi ŋwea o yage mo.
Balo nam na fɔe vwa taane dim baŋa ne to
jege ba dwonna ba chɔga.
26Nɔɔno wolo ná kɔre Baŋa Wɛ,
kotu boboŋa wó ke dam.
O bia de wó na dalem jei.
27Nmo ná kɔre Baŋa Wɛ,
ko nye de buli-yi delo na na pae ŋwea to mo.
Ko lage ko che nmo mo se toone yé ja‑m.
28Pɛ wolo teo na jege nɔn-bia dedɛ to wó na zula lanyerane.
Pɛ wolo nɔn-kɔgɔ na muri to ba jege paare o di.
29Wolo na wae o bochare o jaane to bere we o poore mo.
Wolo na bere o ban-lom to maa bere jworim yerane.
30Nɔɔno wo ná tiga, kotu yera wó zuri.
Kazwe nam ye jaweo mo ko goe.
31Wolo ná pɛ ko zo yiniga tu yera,
kotu twe o Keiru wom mo.
Wolo nam ná ke nabwona lanyerane,
kotu zuli Wɛ mo.
32Lɛɛro ná tua, puseŋ-nyena bá wane ba zege.
Nɔn-ŋona nam wó na dalem jei,
de toone maŋa ne de.
33Swa chekke mo wo yi-pore-nyena boboŋa ne.
Ya nam ba lɔra jworru tetare ne.
34Keim-laaro na su teo kolo to,
ko yere zaŋe wɛɛne mo.
Ko daare keim-lwanno jaane chaveera mo te tui
te pae nɔɔna.
35Pɛ wo wó pwoli de o tontoŋeno wolo na toŋe de swa to.
Se ko ná ye wolo na toŋe jworim to,
o bane wó zaŋe kotu baŋa ne mo.",https://www.bible.com/bible/3661/PRO.14.KBG
MEMAŊA 15,"1Nmo ná leiri taane de ni-bwom, ko gwi bane mo.
Ko daare, kare-yɔgɔ fɔge
ko wiiri-de ko ke da mo.
2Yi-pore-nyena pae yeino jege kuri mo.
Ko daare nɔn-jworo ni ná puri,
jworim yerane mo nwoŋa.
3 Baŋa Wɛ dole o yia o nii jei maama mo.
O yei puseŋ-nyena de nɔn-laaro na jege kolo ba ke to.
4Taane ná zura puga ne, ko nye de tio kolo na pae ŋwea to mo.
Ko daare, nɔn-ŋolo ni taane to nagwola mo.
5Nɔn-jworo ba jwoŋi o kwo bera.
Boboŋa tu sɛ koresem mo.
6Nɔn-ŋona sam su de jejegero mo.
Puseŋ-nyena maa lae wonnu ba tiŋi
ye cham ba de ja-ba.
7Yi-pore-nyena jege yeino ba jage mo.
Jworru nam ware konto ba ke.
8 Baŋa Wɛ chuli puseŋ-nyena na kwei pɛɛra yalo ba pa‑o to.
Ko daare o boboŋa tɔge wɛ-lworo kolo nɔn-ŋona na ke to mo.
9 Baŋa Wɛ chuli puseŋ-nyena kikia yam mo.
Ko nam ná ye balo na tɔge nɔn-ŋonne kikia to,
o swoi banto mo.
10Wolo ná ywori chega chwoŋa kam,
ba wó waare‑o mo,
Wolo de ná kɔre se ba bwɛ‑o, o wó te mo.
11Toone de churu tete ye jase mo Baŋa Wɛ yiga ne.
Nabiina bochara mo o laam bá taa yei na?
12Boyere nyem ba lage koresem.
O maa pwɛ o tete de swa tiina.
13Nɔɔno wo ná pwoli, ko bere o yibia ne mo.
Ko daare wolo wo na pɛ to nagwola wó te mo.
14Yi-pore-nyem beeri se o lɔre chega mo.
Nɔn-jworo nam yɔɔre o puuri jworim mo o su o puga.
15Yiniga tu ŋwea yɔɔre ka ye yaara yerane mo.
Ko nam ná ye wolo wo na pwoli to,
dɛ maama nye de kuri-fɔrɔ mo o jege o di.
16N jeŋa ná ba gara
ye n kɔre Baŋa Wɛ
gare n jejegero ná gaale
ye n wo cham wone.
17Swono na wo mɛ
ye ba di dwo-vɔɔro yerane to
gare sebaŋa ná wora
ye ba done nɔna ba sui.
18Ban-lom tu fɔge o wiiri kantɔgɔ mo o ke da.
Ban-peno tu maa zuri jara.
19Jawɔre-nyem ŋwea nye de sabare na vere kara tei to mo.
Nɔn-ŋom chwei nam ye jase mo ne chwo-fara to.
20Bu wolo na jege boboŋ-laaro to pae o kwo wo pwola mo.
Ko nam ná ye nɔn-jworo,
wonto bere o ba nege o nu.
21Wolo boboŋa na muri to jege wopwolo de jwor-kikia mo.
Boboŋa tu kikia maa tɔge chwoŋa lanyerane.
22Kwea na tere mɛ to wonnu ba tɔge chwoŋa.
Berena nam ná daga, ko kwɛ wonnu mo.
23Ta-ywom ná nwoŋi de maŋa ne chekke,
ko pae nɔɔna yɔɔre ba chake mo.
24Yi-pore-nyem kikia wó pa o na momwɛ-dɛɛre,
se ko che‑o de toone.
25 Baŋa Wɛ wó yigi boyere-nyem sɔŋɔ o de tega ne.
O maa yere kadeina tega siseini dem.
26 Baŋa Wɛ chuli puseŋ-nyena boboŋa yam mo,
se ko ná ye ta-ŋona,
o yi sui yanto mo.
27Wolo na boŋe se o duni kampina baŋa ne to
wó pa cham yi o diga tiina mo.
Ko daare wolo na chuli kalipera to wó dáane.
28Nɔn-ŋom wó sigi belei mo se o ta taane.
Puseŋ-nyeno ni nam ná puri,
lwarem taane yerane mo nwoŋa.
29 Baŋa Wɛ se o zwa de puseŋ-nyena keira.
Ko daare, o yeini o cheigi nɔn-ŋona wɛ-lworo mo.
30Nɔɔno ná bwoli o yibia o jeeri‑m,
ko pae wopwolo mo.
Ta-ŋona maa pae nɔɔna wo tiga.
31Wolo ná sɛ bera yalo na jege jwa,
kotu de swa tiina wó taa vei daane.
32N ná chuli se ba bwɛ‑m,
n jege n tete mo n ni.
Wolo maa na sɛ bera to yi wó poore.
33Nɔɔno ná kɔre Baŋa Wɛ, ko pa‑o yi-poro mo.
Ka-gwooni-ka-tete de maa tɔge zula yiga.",https://www.bible.com/bible/3661/PRO.15.KBG
MEMAŊA 16,"1Nabiina wae ba boŋe ba jaane ba na wó ke kolo jwa seeni.
Baŋa Wɛ nam mo jege ni se o ta o guri.
2Nabiina boŋe we ba kikia maama yɔɔre ya tɔge chwoŋa mo.
Baŋa Wɛ nam yeini o maŋe ba bochara mo
o lɔre ya na ye tei to.
3Ke Baŋa Wɛ yiga da
n totoŋe maama wone,
se n na boŋe n ja kolo to
toŋe ko pa‑m.
4Ko kuri mo wora ye Baŋa Wɛ ke wonnu tem maama.
Puseŋ-nyena de jege ba dɛ se o chɔge-ba.
5 Baŋa Wɛ vae balo maama na bere ba kamunim to ni taane.
Ko tigi ko nae we ba wó na ba waarem.
6Nɔɔna ná jege swono de chega o pa Wɛ,
Wɛ wó yage ba wɛleera o chɛ-ba mo.
Nɔɔna ná kɔre Baŋa Wɛ,
ko cho-ba de lwarem mo.
7Nɔɔno kikia ná tɔge de Baŋa Wɛ boboŋa,
Wɛ pae o de balo ya na ware daane to me daane mo.
8N ná ye yiniga tu
ye n tɔge chega
gare n ná ye nadum
ye n wo vwa wone.
9Nabiinu wae o jeeli o tete ne
o na wó ke kolo jwa seeni.
Baŋa Wɛ nam mo wó bere chwoŋa se o taa tɔga.
10Pɛ wó da Wɛ chega kam ŋwaane o ŋɔɔne de dam.
O ná di taane, o ni taane dem bá tusi.
11 Baŋa Wɛ lage se nɔɔna maŋe wonnu chekke mo ba pa daane.
O maa nii o nae ba na jege bwɛ selo ba maa toŋe to.
12Pwa chuli lwarem kikia.
Paare nam zega chega ŋwaane mo.
13Pɛ yi wó su balo na tɛ chega to ni taane.
O maa swoi balo na ŋɔɔne chega taane ba bere‑o to.
14Pɛ bane ná zaŋe de wolo,
kotu wó wane o te lela.
Swa tu wó pa pɛ bane dem to mo.
15Pɛ lanyerane dem ná kwoli wolo,
kotu wó na ŋwea.
O wo ná dɛ nɔɔno wolo kikia,
ko nye de doa na nene duum maŋa ne to mo.
16Nɔɔno ná jege yi-poro de yeino
gare o ná jege sabu-seŋa de lu-nyenno.
17Nɔn-ŋona chwoŋa yɔɔre mo ye ba lɔŋe lwarem.
Wolo maa na yei o na-veili ni ne to wó jwoŋi o tete o yage.
18Zeiŋi-n-tete ba chɔge nɔɔno belei.
Wolo na bere o tete to wó to mo.
19Nmo ná tu n tete
ye n jei de yiniga tiina
gare n ná jei de boyere-nyena
se ba pɔɔre wonnu telo ba na vere to wone ba pa‑m.
20Wolo na ke o woŋo maama de yi-seena to vei yiga mo.
Wolo nam na ke wo-dedoa de Baŋa Wɛ to jege yu-ywoŋo.
21Wolo na wae o maase wonnu to bere we o yi poore.
Wolo taane na ywomma puga ne to,
nɔɔna wó jwoŋi o bera.
22Yi-poro nye de buli-yi delo na
na pae ŋwea to mo
balo na jege-ko to tei ne.
Ko daare jworru jworim dem mo wó waare-ba.
23Swa tu boboŋa mo pae se o ni taane jege kuri.
Nɔɔna maa cheigi ye ba sɛ-de.
24Botare-ŋona ywomma ne tooro to mo.
Se maa pae bochare-zuru de yazura.
25Nmo wae n boŋe we n na vei chwoŋa kalo ne to lana.
Ka nam wae ka tu ka guri de toone.
26Nɔɔno kana mo yigi‑o ka de totoŋ-dɛɛra wone.
O ni-wodiu ŋwaane mo o toŋa.
27Nabiin-wo-korro mo boŋe lwarem ba pae ba dwonna.
Ba ni botare tete di ne min-vogo mo tei.
28Boyere nyem swoi kantɔgɔ mo.
Bebare nyem maa jage badwoŋo.
29Nankɔ-nyem soge o dwonna mo se ba tusi.
O laam ma de-ba chwo-balɔrɔ ne.
30Wolo yibia na nyɔne kiri-kiri to boŋe lwarem boboŋa mo.
O maa ná merege o ni dem,
o zege se o toŋe cham mo.
31Yu-pwei ye nenɔŋa yipuga mo.
Nɔn-ŋona nam mo wae-se ba yi.
32Ban-peno tu gare babea.
Wolo ná wae o tete o jaana,
kotu gare wolo na wae teo maama o di to.
33Nabiina wó ta jɔrɔ mo.
Ko nam ye Baŋa Wɛ mo
wó bere kolo na wora to.",https://www.bible.com/bible/3661/PRO.16.KBG
MEMAŊA 17,"1Nmo ná di gole-kateiga de ni-mɔrɔ,
ko gare balo na di ba sui
ye ni-kantɔgɔ wo ba sɔŋɔ ne to.
2Kabaa yi ná poore, o wó di dam sɔŋɔ tu bu-kayaa baŋa ne.
Ba ná lage ba pɔɔre sɔŋɔ tu wom jejegero,
ba wó ga‑o ba woli sɔŋɔ kom bia wone se o na o nyem.
3Min-vogo pae ba yei lu-nyenno de sabu-seŋa lam mo.
Ko daare Baŋa Wɛ mo wae o bere nabiinu bochare nyenyego.
4Puseŋ-nyeno zwɛ ye keo mo se o cheigi ta-balwaaro.
Vwa-fɔro de maa cheigi ba na gaane vwa ba tiŋi tei to.
5N ná mɔne yiniga tu, n twe wolo na naane‑o to mo.
N ma‑n ná chake de n dwoŋi cham, waarem wó yi‑m.
6Nankwe nae zula ba naaro ŋwaane mo.
Bia de maa wó taa jege teera ba kwoa de ba niina ŋwaane.
7Ta-ŋom wo maŋe de nɔn-wo-koro.
Vwa fɔm tiini ko wo maŋe de Pa-bu.
8Nɔɔno wolo ná jaane dim
o vo o pa o dwoŋi,
kotu boŋe we o jege wo-kuri mo
se o maa na woŋo kolo maama
o na lage to.
9Nmo ná kwei n dwonna keim-lwanno n chɛ-ba,
n bere swono mo.
Ko daare botare-gula chɔge sɔŋɔ mo.
10N ná bwɛ boboŋa tu bedwe,
ko wó woli‑o,
ko dwoni n ná kwei kafena
n fere nɔn-jworo kuni bi.
11Nɔn-balwaaro mo ba sɛ
ba pae ba yiga tiina.
Keim-chɛ-nyeno nam mo wó ba
o pa ko zo ba yera.
12N ná vei n jeeri nywoŋ-kura kalo ba na vere ka bia ba daare-ka,
gare n ná jeeri nɔn-jworo na wora o toŋe jworim.
13N ná kwei lwarem se n ma n ŋwe lanyerane keim,
lwarem bá fɔge de nwoŋi n sɔŋɔ ne.
14Jara ná bobo, ya yagem chamma,
ne buga na pore pa ka na wuuri yɔɔ tei to mo.
N ná chege da-lɔŋɔ ko yiga ne gara.
15 Baŋa Wɛ chuli se nɔɔno pa puseŋ-nyeno bora,
naa se nɔɔno vane chega tu o bora.
16N ná chɔge sabu nɔn-jworo baŋa ne se o beeri swa,
ko ye kafɛ mo.
Kokuri, o bá fɔge o ja swa.
17Badwoŋ-ŋom zege n kwaga ne mo maŋa maama.
Chorro wora se ba woli‑m cham maŋa ne mo.
18Wolo ná le o yuu o zege se o dwoŋi jwoŋi jene,
kotu boboŋa muri mo.
19Wolo na lage kantɔgɔ to lage lwarem keim mo.
Zeiŋi-n-tete tu maa beeri chɔgem.
20Wolo boboŋa na ywori to kolokolo ba yɔɔre chwoŋa.
Ni-zɛ ni-zɛ tu maa zoore cham wone.
21N bu ná ye jworo, bane mo wó go‑m.
Nɔn-jworo kwo wo maa ba fɔge ko tiga.
22Wolo wo ná pwola maŋa maama,
kotu jege yazura mo,
Yi-nyɔna nam ye jaweo mo ko goe lela.
23Puseŋ-nyem seigi o jwoŋi dim mo
se o ma kweele chega kam.
24Wo-pore-nyem jaŋa se o yi poore mo.
Nɔn-jworo boboŋa nam kare ya beeri mo yɔɔ yerane.
25N bu ná ye jworo, bane mo wó go‑m.
Bu dwi dem konto jege zonne mo o ke o tiina.
26Ko dae ko chwoŋa ne se n waare
wolo na yeiri woŋo ni ne to,
naa se n fere nɔn-yuu de o chega.
27Wolo ni taane na ba daga to mo bere we o lɔre chekke.
Wolo maa na ba wuuri de o taane to mo seene o yei.
28Nɔn-jworo ná ye chemm de o ni ŋɔŋa kam,
ba we o yi poore mo.
O ná wae o ni o pui,
ba we o wae wonnu o kuri da-wone.",https://www.bible.com/bible/3661/PRO.17.KBG
MEMAŊA 18,"1Wolo na ba ye de nɔɔna to nii o tete yerane mo.
O ba nege yi-pore-nyem boboŋa.
2Jworru yiga tera se ba zamese swa,
Banto yɔɔre ba nii se ba ta ba boboŋa mo.
3Puseŋa kikia vei de chaveera mo.
Totoŋ-vɛɛsa nam ba yaale nɔɔno belei.
4Nabiinu ni-botare luuna ne naneo wo na-luŋa dwoŋi mo.
Swa taane nam nye de bu-dura na zege buli-yi ne ka vei to mo.
5Ko dae ko chwoŋa ne se n woli puseŋ-nyem se o lu taane wone,
ye n daare n che wolo na yeiri woŋo ni ne to se o yé na bora.
6Nɔn-jworo ni taane jaane jara mo de tui.
O ŋɔŋa kam ŋwaane o wó su magero mo.
7Nɔn-jworo ni taane mo jwoori de chɔge‑o.
O tete taane yeini de de‑o mo.
8Bebare nyem ni taane nye de
wodi-ywoŋo na duri solololo
ko tu nabiinu kana ne to mo.
9N ná kɔre jawɔrɔ de n totoŋa,
n de wo-chɔgeno ba gare daane.
10 Baŋa Wɛ yere dem ye dalem jei chekke mo.
Nɔn-ŋona maa duri ba zoore da ye ba nae siu.
11Nadum jejegero tem wae te che‑o de cham.
O boŋe we te kwoli‑o ne teo kabira na kwoli-ko tei to mo.
12Ka-zeiŋi-ka-tete mo yeini ko lwoori chɔgem.
Ka-gwooni-ka-tete de maa tɔge zula yiga.
13Nmo ná gare n leiri taane n ti,
ye n ta wo cheigi se n lɔre de kuri,
ko tɛ n kuri we n jworim dem kɛ jeŋa mo.
14N boboŋa ná ba sɛ ya pae n jaweo,
ko wó woli‑m mo se n na dam.
Ko daare n teena ná ti de n jaweo kom,
n daa‑n bá wane n ja n tete.
15Yi-pore-nyem seene o yia
se o zamese swa mo,
Swa tiina maa cheigi bera.
16Pɛɛre wó pore chwei dedɛ de pa‑m
se nɔɔna maama cheigi n taane,
de nɔn-kamuna de.
17Pa-bu dedoa ni ye solololo mo.
18Dedɛɛra balei ná mage ni-kantɔgɔ,
ko maŋe se ba ta jɔrɔ mo
se ba lɔre wɔ mo jege chega.
19Ni-kantɔgɔ pwɛ nɔɔna daane mo.
Ne ko na chana se nɔɔno bwori peena diga o zo tei to,
n ná pɛ n choro wo chɔge,
ko tiini ko chana se á kwɛ daane.
20Ni-wodiu sui kana mo.
Ni taane maa zuri bochare.
21Balo na swoi ŋɔn-fara to wó na ka ŋweero,
kokuri nabiinu ni taane mo jege toone de ŋwea dam.
22N ná di kaane, n nɛ wo-laao.
Ko ye Baŋa Wɛ mo ke‑m zaane.
23Yiniga tu ŋwane se o na yibwona mo.
Nadum maa kare nɔɔna o yaga.
24Yuudwoŋo wae ko chɔge nɔɔno.
Ko daare chilwoŋ-zɔŋɔ wora
o na gare nu-puga bu.",https://www.bible.com/bible/3661/PRO.18.KBG
MEMAŊA 19,"1Yiniga tu ná jei de o chega
gare nɔn-jworo ná jege ni-zɛ ni-zɛ.
2N ná lage keim ye n laam yeiri-ka,
ko ba lana.
Kokuri, lela lela kɔe bu-kaane nyeene.
3Nabiina tete jworim mo jege-ba de chɔga,
ye ba jwoori ba jege de Baŋa Wɛ.
4Jejegero tu wó na badwonna dedɛ.
Yiniga tu badwonna nam duri ba daare‑o mo.
5Wolo ná fɔe vwa taane dim baŋa ne,
kotu wó na waarem.
Wolo maa ná gaane vwa o tiŋi, o de bá lu.
6Nɔɔna dedɛ beeri se nadum mo taa lage ba taane.
Nɔɔna maama maa lage wo-ywoŋo tu ni taane.
7Yiniga tu chorro tete lɔŋe‑o mo.
O badwonna de nam bá duri ba daare‑o na?
O ná kwaane o tɔge-ba o lwoori tei de,
o bá na-ba.
8N ná jege yeino,
n wó nii n tete baŋa ne.
Yi-poro maa wó pa‑m yiga-veiŋa.
9Wolo ná fɔe vwa taane dim baŋa ne,
kotu wó na waarem.
Wolo maa ná gaane vwa o tiŋi, o yere wó jei.
10Nɔn-jworo wo maŋe se o taa di o ni.
Ko laam nam wó ke tɛ mo
se kabaa di dam pa-bia baŋa ne?
11Yi-pore-nyem peene o bane mo.
Ba ná maŋe ba chɔge o yiga,
o ke ne o ba nae mo to.
12Pɛ bane ná zaŋe,
ko nye de nywoŋo mo laara.
O nam ná ke wolo zaane,
ko nye de nyɔnɔ mo to ga-lɛɛro baŋa ne.
13Bu-jworo yɔɔre o pae ko jege o kwo mo ko ni.
Ka-wam ná swoi jara,
ko nye de doa na nene ka ba waara to mo.
14Kwoa kwei jejegero mo ba pae ba bia,
se ko ná ye ka-yero, Baŋa Wɛ yerane mo pae.
15N yera ná duna,
n wó ta‑n dɔ dedɛ mo.
N ma‑n ná ba sɛ totoŋa,
kana mo wó ni‑m.
16Wolo na sɛ bera to wó jwoŋi o tete o yage.
Ko daare, n ná jege Wɛ nia yam n gwoona,
n wó te mo.
17Wolo ná jege wo-ywoŋo de yiniga tiina,
kotu jene o pa Baŋa Wɛ mo.
Wɛ nam wó jwoori o yiri kotu jene o pa‑o.
18De n bia chwoŋa ne ye pwola ta tigi ka pa‑m.
Yé woli-ba se ba jwa na chɔgem.
19Ban-lom tu bane dem mo pae o nae cham.
O dae ba woli,
kokuri o ta wó to de wone.
20N ná cheigi kwea ye n jwoŋi bera,
n jwa wó ji yi-pore-nyem mo.
21Nabiinu na boŋe se o ke kolo to ba lɔre ko tia,
Ko nam ye Baŋa Wɛ boboŋa yam mo wó zege.
22Kolo na ye wo-chɛɔ to mo ye se nɔɔna bere swono daane.
Yiniga tu maa gare vwa-fɔro.
23Nɔɔno ná kɔre Baŋa Wɛ,
o wó na ŋwea.
O ta wó sii mo chɔnɔ,
ye chɔgem bá yi‑o.
24Jawɔre-nyem ware o pa o jeŋa vo o ni.
25N ná mage nɔn-lwɛɛno,
nayeiri-nyem wó tɔge da o zamese swa.
N ma‑n ná bwɛ yi-pore-nyem, o wó lɔre o yi mo.
26Wolo ná ke pa ko yi o kwo,
naa o ná zeili o nu o yage pwola ne,
kotu beeri chaveera de yu-yɔlɔ mo o pae o tete.
27Amo bu, n ná yɔɔre n ve bera,
n nam ywori lɔra chwoŋa kam ne mo konto.
28Nɔn-wo-koro yeini o yaale taane dim mo de o maana.
Puseŋ-nyena maa pae lwarem kikia jiri wodiu pa ba di.
29Nɔn-lwɛɛna maŋe de waarem mo,
ye jworru maŋe de magero.",https://www.bible.com/bible/3661/PRO.19.KBG
MEMAŊA 20,"1Sa-nyɔre pae nɔɔno toŋe jworim mo.
Sa-dɛɛra maa pae nɔɔno swoi jara.
Sana na gane wolo maama to ba jege swa.
2Pɛ bane ná zaŋe, ko nye de nywoŋo mo laara.
Wolo ná gɔre‑o, kotu wó ga o ŋwea.
3Wolo na lɔŋe jara to wó na yere.
Ko daare nɔn-jworo beeri jara jei mo se o ke.
4Jawɔre-nyem na kɔre varem to,
ba wó taa toŋe faao ye o jei o nii mo.
5Nabiinu boboŋa luuna ne naneo wo na-luŋa dwoŋi mo.
Boboŋa tu nam mo wae-ya o vaŋe o lea.
6Dedɛ tɛ de ni-vɔɔ we, ba ye chega tiina.
Chega tu nam ba yi.
7Nɔn-ŋom ŋwe o ŋwea pa ka tɔge chwoŋa mo.
O kwaga kam maama wó taa jege yu-ywoŋo.
8Pɛ ná jeini se o di nɔɔna taane,
o maane taane dwi maama mo o nia,
se o le lwarem o yage.
9Wɔ mo wó wane o ta we,
o boboŋa maama yɔɔre ya ye chekke,
ye biin tera o ŋwea wone?
10Ko ná ye kampin-nyena na kwei bwɛ selo na dae chekke ba maa toŋe to,
Baŋa Wɛ vae banto ni taane.
11Ba lɔre bia ba kikia baŋa ne mo.
Dáane mo n wó lɔre ba tɔge chwoŋa na.
12Zwa na cheiga ye yia de nii to, Baŋa Wɛ mo ke-te.
13Yé ta‑n dɔ dedɛ, se yiniga wó ja‑m.
Nam poore n yera se n ta‑n di n sui.
14Yeillu maama tɛ we wonnu yeiga dana mo.
O nam ná yeigi o ti, o we o pugi mɔle.
15Sabu-seŋa de kandwa-nyenno wae te daga te gaale.
Ko nam ná ye yeino taane,
ko tiini ko jege lonne.
16Nɔɔno ná sɛ se o zege
se veiru di jene nmo tei ne,
ko maŋe se n jwoŋi kotu gare-bwora mo n woli da.
17Kampini wonnu dim ywomma.
Te nam wó ba te ja n ba.
18Bwɛ de n dwonna se n daare
n tigisi n boboŋa jeiga dedoa.
Nam yé vei jara ne ye n wo jwoŋi kwea.
19Ta‑n yei bebare nyem ni ne,
se o ware o peene taane.
Ta‑n lɔŋe balo na ware ba nia ba pu to.
20Wolo ná jege o kwo naa o nu yere o chɔga,
o momwɛ wó pɔpɔ de ti,
ne mini na pɔpɔ de dwei
tete ne tei to mo.
21N kwo ná tega o daare jejegero o pa‑m ye n muri,
te bá kwɛ‑m n nɔn-keiri maŋa ne.
22Yé boŋe n tete ne we,
“Amo wó yiri lwarem kikia jene mo.”
Ta‑n cheigi se Baŋa Wɛ jaŋe o pa‑m.
23 Baŋa Wɛ vae kampin-nyena ni taane.
Bwɛ selo na dae chekke to ba lana o tei ne.
24 Baŋa Wɛ mo tiŋi chwoŋa o pa debam se dé taa via.
Nabiinu nam wó ke tɛ mo o lɔre kolo na wo yiga ne to?
25N ná wuuri n ta we,
“A pɛ woŋo konto Wɛ mo,”
pa n boŋe se n kwane n ni-gwonim dem,
n kwei kalanchogo mo n ja n tete konto.
26Pɛ ná nii o nɔɔna baŋa ne de swa,
o yeini o le puseŋ-nyena bam mo se o fere-ba.
27Wɛ kwei boboŋa o ke nabiinu maama wone mo.
Ya nye de min-mɔɔla mo ya bere dé wo kom chekke.
28Pɛ ná dɛ chega ŋwaane o swoi nɔɔna,
konto mo wó kwoli‑o.
Ko ye o swono kom mo pae
se o paare dem zega.
29Nɔn-donno teere ba dam baŋa ne mo.
Nɔn-kwe nam wó mage nenɔŋa de ba yu-pwei mo.
30Ba ná ke‑m zonne pa ko chɛ n yera,
n wó yage lwarem kikia mo.
Magero dedɛ korese‑m mo se n leiri n wo.",https://www.bible.com/bible/3661/PRO.20.KBG
MEMAŊA 21,"1 Baŋa Wɛ mo tei pɛ wom boboŋa.
O ma pa ya tɔge
o na lage tei to,
ne o na bere bu-dura
ka na wó tole tei to.
2Nɔɔna yeini ba boŋe we
ba kikia maama tɔge chwoŋa mo.
Baŋa Wɛ nam yeini o maŋe
ba boboŋa yam mo
o lɔre ya na ye tei to.
3Nmo ná toŋe ko lɔɔre
ye n tɔge chega,
gare n ná zwɛ vara
n ke kaanem n pa Baŋa Wɛ.
4Puseŋ-nyem na-veili
ye wɛleere yerane mo,
de o na pae o dwoi maama
ye o bere o tete to ŋwaane.
5Boboŋa tu ná chɛ de totoŋa,
o wó vo yiga.
Yiniga maa wó ja wolo na wuuri se o duni to.
6Jejegero telo nɔɔna na fɔe vwa ba nae to ba dáana.
Te nye de nyoa na maa jei to mo.
Te maa wó ja‑o te go.
7Puseŋ-nyena nankɔɔre kikia yam
wó jwoori ya chɔge-ba mo,
ba na ve se ba ke chega to ŋwaane.
8Wolo na wo vwa wone to totoŋa ba tɔge chwoŋa.
Chega tiina kikia nam yɔɔre ya ye chekke mo.
9Nɔɔno ná beeri gugworo o nayuu ne o tigi da
gare o ná zoore de ka-wam.
10Puseŋ-nyeno jege lwarem puga mo o jei.
Wonto ba duri o fara yibwona kɔtaa!
11N ná mage nɔn-lwɛɛno,
nayeiri-nyem wó tɔge da
o zamese swa.
N ma‑n ná bere boboŋa tu,
o wó lɔre lɔra mo.
12Chega Tu wom yei kolo na jege ko ke puseŋ-nyena sam ne to.
O maa pae chɔgem tui ba baŋa.
13Nabwona ná lwoori wolim
ye n ve se n cheigi,
nmo de ná lage zeinim,
ba bá leiri.
14Pɛɛre ná seigi de pa,
de goe bane.
Dim delo na kwoli de pa to
de zuri ban-lom mo.
15Chega ná jege ka toŋe jei selo ne,
nɔn-ŋona chaka mo,
ye nankɔ-nyena fona.
16Wolo na ba boŋe o yi
ye o ke keim to,
wó kweeli yibeeli wone mo.
17Yiniga mo wó ja wolo na swoi kajaŋa keim to.
Wolo na swoi sa-nyɔre de wodi-fɔrɔ to bá duni.
18Puseŋ-nyena yeini ba jwoŋi nɔn-ŋona cham ba zeŋe mo,
ye nɔn-ŋollo leiri ba jwoŋi chega tiina lɛɛro tem.
19Nɔɔno ná duri o vo kagoa yuu o zoora,
gara o ná zoore de ka-wam wolo na jege nyenyɔna to.
20Yi-pore-nyem lae wo-laaro dwi dwi de nuga mo o zege o sɔŋɔ wone.
Nɔn-jworo nam ba di o daare o zega.
21Nɔɔno ná beeri lam de swono jei,
kotu wó na momwɛ-dɛɛre,
de duni, de zula mo.
22Yi-pore-nyem wó wane teo
kolo na su de babɛ to.
O maa wó vaare mɛ ba na dale to o de tega ne.
23Ke gara n ni ne,
se n che n tete de cham.
24Ba bwoi boyere nyem we,
“Nɔn-tweeno” mo.
Kotu ba fe nɔɔna o nae bu da.
25Wolo fera ná zo wonnu dedɛ
ye o jawɔrɔ gaale,
kotu beeri toone o pa o tete mo.
26Kotu jei o teene se o na wonnu o woli da mo.
Nɔn-ŋona nam yɔɔre ba pae ba wonnu mo
ye kolokolo bá che ba yiga.
27 Baŋa Wɛ chuli puseŋ-nyena
na goe vara ba kaane‑o tei to,
ko fɔge ko dae lwarem boboŋa yam
ba jege ye ba ke-de to.
28Wolo ná fɔe vwa taane dim baŋa ne,
kotu taane wó maŋe tega ne mo.
Wolo nam ná boŋe o yi,
ba bá che kotu maana yam.
29Puseŋ-nyem pa o ye mo
ye o bere o dae da.
Nɔn-ŋom nam boŋe mo
ye o ke keim.
30N ná yei tega tei de,
de n ná jeeli n tiŋi mɛ de mɛ de,
n bá‑n dwoni de Wɛ se n di.
31Nabiinu wó wane o kwɛ o sisein-nɔɔno o ti
se o vo jara wone.
Baŋa Wɛ nam mo lage o di jara yam.",https://www.bible.com/bible/3661/PRO.21.KBG
MEMAŊA 22,"1Yere-ŋom gare jejegero dedɛ.
Nɔɔna ná nege‑m gare n ná jege lu-nyenno de sabu-seŋa dedɛ.
2 Baŋa Wɛ mo naane nabiina maama,
ko ná maŋe ko ye naduna de nabwona de.
3Boboŋa tu duri o seigi cham mo se de yé yi‑o.
Nayeiri-nyem nam wó duri o zo de wone mo ye o yaare.
4Nmo ná tu n tete
ye n kɔre Baŋa Wɛ,
nmo wó na jejegero,
de zula, de momwɛ-dɛɛre.
5Sabare de kalanchorro mo tigi
te cheigi nankɔ-nyem,
Wolo maa na jege o tete to mo wó lɔŋe-te.
6Korese n bu se o da chwoŋa.
O ná ke nɔɔno,
o bá ywori ka wone.
7Naduna di dam mo nabwona baŋa ne.
Je-diru maa ye kabaa jene tu tei ne.
8Wolo na du puseŋa to wó zage cham mo.
O ban-jworo kom bá toŋe ko pa‑o.
9Wɛ swolim wo wo-ywoŋo tu baŋa ne mo,
kokuri, kotu yei we
yiniga tiina de ni di.
10Le-na nɔn-tweeno á wone se kantɔgɔ jei.
Toro de jara maama de maa wó ti.
11Wo-pwoŋo tu ni taane ná bwona,
kotu de pɛ wó di badwoŋo mo.
12 Baŋa Wɛ yɔɔre o yere boboŋa tiina mo,
se ko na ye nɔn-ŋollo,
o jage ba boboŋa mo o yaga.
13Jawɔre-nyem maŋe diga ne ye o we,
“A ná nwoŋi pwooni ne,
nywoŋo wó ja-ne!”
14Ka-tola ni taane ye kalanchogo mo.
Ko maa jaane balo Baŋa Wɛ bane na zaŋe de-ba to.
15Bia boboŋa yɔɔre ya su
de busɔɔne kikia mo.
Nmo nam ná yɔɔre n korese-ba,
ba wó to chwoŋa ne.
16Wolo na bɛɛse nabwona
se o ma o na nyɔɔre to,
de wolo na woli naduna de pɛɛra to,
yiniga wó ja ba maama.
Faŋa tu bera yam
17Fɔge n cheigi faŋa tu bera yam,
se n daare n tɔge kolo a na bere‑m to.
18Kokuri to, ya ná tigi n bochare ne,
ye n wae-ya n lwoni n bere nɔɔna,
n wó di ywoni ya baŋa ne.
19Ko ná ye nmo,
a zem pɛ n lɔre wonnu tento maama,
se ko pa n teena taa wo Baŋa Wɛ tei ne.
20Amo nam popone ta-kura fintɔ mo
a tiŋi se a bere‑m.
Ya maa ye yalo na kwei nɔɔno kwea
ye ya daare ya pa o lɔre lɔra to.
21Memaŋa yam wó pa n lɔre taane
delo na yɔɔre de jege chega to,
se n wane n ta chega kam
de balo na toŋe‑m to.
1
22Yé zaŋe n vere nabwom wonnu
o na bwona to ŋwaane.
Nam yé vane yiniga tiina bora.
23 Baŋa Wɛ mo wó ŋɔɔne o pa-ba,
ye o pa ko zo balo na jege-ba ba bɛɛse to.
2
24Yé di badwoŋo dedaane ban-lom nyem.
Nam lɔŋe wonto dwi dem.
25N ná wo lɔre zega,
n de wó ji kodwoŋi nɔɔno,
pa se n ŋwea kam chɔge.
3
26Yé le n yuu n zege
se n ŋwe nɔn-gaa jene.
27Nmo ná wo wane n ŋwe,
ba wó ba ba kwei n sara ba daare‑m.
4
28Yé fɔɔre siseini delo dé nabaara bam na lɔge ba tiŋi ba pa daane to.
5
29Nɔɔno jeŋa totoŋa ná tɔge chwoŋa,
kotu wó toŋe o pa pwa
ye ko dae nɔn-yɔɔro.",https://www.bible.com/bible/3661/PRO.22.KBG
MEMAŊA 23,"6
1Dedɛɛro ná bwoŋi‑m
se á di wodiu daane,
ta‑n yei se n ja n tete lanyerane.
2Peene n fera yam,
se n yé di n ni.
3Yé sa yera de wodiu kom na totoge ni tei to,
kokuri, ko tigi da gana ŋwaane mo.
7
4Yé go n tete se n ma‑n duni.
Nam boŋe lanyerane
se n zuri n yera.
5N ná yɔɔre n da n na sabu,
ko nam jei mo konto,
ne ko puli vɔna mo
ko jaane wɛɛne ko jei to.
8
6Yé vei n jeini de wo-loŋ-nyem
n di wodiu,
ne ko ná maŋe ko ywomma tei de.
7Nɔɔno wom konto dwi yeini o jeeli nmo na di tei to mo.
O wae o tɛ de nmo we,
“Di nmo na lage tei!”
Ko nam wo yi o wo.
8Nmo ná maŋe n di fee de,
n wó tɔne-ko n yage.
Nmo ya na seini‑o tei to maa wó ji kafɛ.
9
9Yé ja swa taane n yi nɔn-jworo,
se o bá nege-de.
10
10Yé fɔɔre siseini delo dé nabaara bam na lɔge ba pa daane to.
Nam yé di n zo botaro kara,
o na bwona to ŋwaane.
11Baŋa Wɛ nam ye kotu yera nɔɔno na zege o kwaga ne to.
O maa wó ŋɔɔne o pa‑o.
11
12Yɔɔre n seene n yia n zamese,
se n wane n lɔre lɔra dedɛ.
12
13Yé ve se n korese n bu.
N ná waare‑o, o bá te.
14N nam ta wó che‑o de toone.
13
15Amo bu, nmo yi ná poore mo,
amo wo wó pwoli.
16Amo wó yɔɔre a taa chaka mo,
ne nmo ni ná ŋɔɔne chega taane yerane.
14
17Yé pa n boboŋa zo wɛle-keira wone.
Nam seene n yia se n ta‑n kɔre Baŋa Wɛ dɛ maama wone.
18Teena wora jwa seeni ya pa‑m,
ya nam bá ji kafɛ.
15
19Amo bu, cheigi a taane se n ja swa.
Pa n kikia taa tɔge chwoŋa lanyerane.
20Yé ta‑n vei de balo na misi ba tete sa-nyɔre wone to,
naa nɔn-kwollu telo na lage dim-fɔrɔ to.
21Yiniga mo wó ja sa-nyɔra de nɔn-kwollu.
Ba jawɔre kikia yam wó pa ba ji nɔn-kayɛ.
16
22N dɛ n kwo baŋa mo
n ba logo baŋa.
Ta‑n cheigi o taane.
Nam yé ve n nu bera
o kokweero baŋa ne.
23Kwaane se n ja chega yera.
N nam ná jaane-ka,
yé kwei-ka n yeigi.
Ta beeri se n na yi-poro,
de boboŋ-ŋona, de lɔra.
24Bu yi ná poore,
o kwo jege wopwolo mo,
ye o teere de o bu wom.
25Pa n kwo de n nu yuni
taa wo wɛɛne.
Ta ke kolo na wó pa n nu wopwolo to.
17
26Amo bu, fɔge n cheigi a taane. Zamese a ŋwea na ye tei to, se n lɔre veiŋa. 27Ta‑n yei we ka-bworo ye gwoŋ-chanluŋu mo. Ka-tola kam ye vole delo ni na ye voloa to mo. 28Ba vwɛ mo nenɛɛne venverena, se ba vere baara ba kaana tei ne.
18
29Wɔ mo wo lɛɛro wone tento? Wɔ mo tiini o jege ŋwaŋa tento? Wɔ mo swoi jara? Wɔ pompona mo gaale? Wɔ fufwollu mo dwoi o tete? Wɔ yia mo seene ne jana tento? 30Ko ye balo na kwei ba tete ba pa sana to mo. Ba maa vei ba jwoŋi sa-laŋa. 31Yé pa n fera zo sana bam ba lam ŋwaane, ne ba ná maŋe ba fufugi tei maama zom-bia wone, naa ba ná duri ba tu puga wone solololo de. 32Ka ná jaane wolo, ka zaga ne basankwea mo ye ka vea de nye de anakɔbayi vea. 33N yia wó taa kare ya nii mo liira liira ye n boboŋa maama vugimi wo-yɔɔro baŋa ne. 34Nmo dɔɔm wone tega kam nye de ka gigili mo. N laam ma‑n pipira ye n ye bele-bele n sara wone. 35Nmo laam maa wó ta nenɛɛne, “Wɔ mo jege-ne o yiga ye a ba na‑o? Sana banto bá lwoori a yia ne se a daa vo a jwoŋi sa-laŋa na?”",https://www.bible.com/bible/3661/PRO.23.KBG
MEMAŊA 24,"19
1Yé pa n boboŋa zo puseŋ-nyena wone.
Nam yé di badwoŋo de-ba.
2Kokuri ba yeini ba jeeli nankɔɔre kikia mo ba yuu ne,
ye ba ná puri ba nia
ko ye se ba chɔge nɔɔno mo.
20
3Swa lɔ sam mo ya zega.
Yi-poro pae de fɔge de chwi lanyerane de dam mo.
4Yeino maa pae sam sui
de wo-laaro dwi maama.
21
5Swa tu jege dam
o dwoi nɔn-sawɔrɔ.
Wolo na zamese o yi to ma gare babea.
6Wolo na sɛ bera to mo ke jara o di wɔnɔ,
Wolo maa na bwɛ wonnu de nɔɔna dedɛ to bá to jara wone.
22
7Botare dende tiini se dana
se dwoi nɔn-jworo jaanem.
Nakwa ná jeeri manchwoŋo ni ne,
o ba jege ni se o puri.
23
8Ba wó bwoŋi balo na swoi se ba taa boŋe lwarem ba pae ba dwonna to we nankɔ-nyena.
9Nɔn-jworo jeeli o woŋo maama
o vei o guri de wɛleere mo.
Nɔɔna maa yɔɔre ba chuli nɔn-lwɛɛno.
24
10Nmo vɔna ná pare cham maŋa ne mɔle-mɔle,
ko nam bere we n tiini n bwona mo lage-lage.
25
11Ba ná vaŋe wolo ba vei se ba go vwa chwoŋa ne,
se n jwoŋi kotu n yage.
12Nmo nam ná we,
“Ka wo nɛ amo, a yeiri nɔɔno wom,”
nam lɔre we Wɛ yei nɔɔna maama bochara na ye tei to.
Wonto mo zei n ŋwea
ye o yei n kikia maama ni ne.
N boŋe we o bá ŋwe nɔɔno maama
ko tɔge de o kikia na?
26
13Amo bu, n ná nɛ tooro,
di-te n boboŋa, te na lana to ŋwaane.
To-nuga maa sona
ye ka duri ka tu n kwora chwoŋa.
14Nam lɔre we yi-poro de ye konto mo ko pa‑m.
N ná nɛ-ko, nmo wó ta‑n jege jwa lanyerane,
ye n teena yam bá fɔge ya ti.
27
15Yé ji wolo o teo tiina na mage gulu ba le‑o,
pa o beeri nɔn-ŋom de o sɔŋɔ tiina se o de chɔge to.
16Kokuri, nɔn-ŋom ná to kuni berepɛ de,
o ta wó pɛ o zaŋe o zege cheppe.
Se ko ná ye puseŋ-nyem,
lira tera ka na wó jwoŋi‑o ka yage.
28
17Yé ta‑n chaka de n dono na to tega ne to.
O na tiri se o to,
yé ta‑n jege wopwolo.
18Kokuri, Wɛ wó na n kikia
se o wo chɔge dede‑m.
O laam maa wó pa o bane daa yé zaŋe de n dono wom.
29
19Yé pa se n boboŋa vugimi
nɔn-balwaaro ŋwaane.
Ta yé ta‑n lage se n ta‑n nye de puseŋ-nyena.
20Kokuri, nɔn-balɔrɔ ba jege jwa.
O ŋwea pwooni dem wó pɔpɔ de dwei mo.
30
21Amo bu, ta‑n kɔre Baŋa Wɛ de pɛ.
Nam yé ta‑n ye de balo na ba nege banto to.
22Kokuri to, Wɛ de pɛ jege dam
se ba chɔge nɔn-dwoa bam konto mɔle mɔle.
Faŋa tu memaŋa yadwonna
23Boboŋa tu taana yadwonna mo tento:
Ko dae ko chwoŋa ne
se n ta‑n kuri nɔɔna da-wone.
24Wolo ná tage de Agɛbora we,
“Nmo jege chega,”
nɔɔna wó sɔɔle lwarem ba pa kotu,
ye teene maama de ve‑o.
25Wolo nam ná waare balo na toŋe vwa to,
wonnu maama wó da chwoŋa te pa kotu,
ye Wɛ zaane de taa wo o yuu ne.
26Wolo na wó ta n yera chega to mo seene o ye n badwoŋi chekke.
27N ná ti n pwooni yiga totoŋa maama,
ye n daare n lwei n lweeru maama,
se n laam ta‑n yei n sɔŋɔ lɔɔm ni ne.
28Yé pa maana n chɔge n dwoŋi
ye n yeiri chega kam n tia.
Nam yé ma n ni n gane nɔɔna.
29Yé ta n tete ne we,
“O na zage a suŋu to,
a de wó zage o sɔŋɔ mo.”
30Amo nɛ pwola mo a tɔge jawɔre-nyem kara seeni a kɛ. 31A ma na we bombɔŋɔ mo jwoŋi jei sem maama. Ga-cheiŋo de ma lware tega kam maama. O na mɛ kandwa yalo o che-ka to de jage sae!
32A ma boŋe kolo a na nɛ to wone zii, ye a zamese woŋo ko wone a lɔre we:
33Ta‑n swoi dɔɔne,
ye n lage se n ta‑n tigi n sia.
Vɔ n je daane se n sii n ja n tete,
34se yiniga ná wo vɔɔre ka ba‑m ne venvereno to.
Gɛɛre de maa wó zi‑m ne ŋween-bembea dwoŋi to.",https://www.bible.com/bible/3661/PRO.24.KBG
MEMAŊA 25,"Solomon dende sem sedwonna
1Solomon memaŋa yam yadaara mo tento. Judah teo pɛ Hezekia nam mo pɛ ba jwoori ba lwoni-se ba popone ba tiŋi.
2Wɛ jege dam se o seigi wonnu mo.
Pɛ maa jege dam o yɛ wonnu.
3Ba ba lɔre pɛ boboŋa ba tia.
Ya diini wɛɛne ya dwoni wɛ baŋa kam,
ye ya ta tu tega kam kuri kuri.
4Lura ná le digiru lu-nyenno yera ne,
lu-nyenno tem wó ke wo-kura.
5Pwa ná zeili nakwa-balwaaro ba daare,
ba paare wó jeini nɔn-ŋonne baŋa ne.
6Yé zeiŋi n tete pɛ yiga ne.
Nam yé ja n tete n vo n maŋe de nɔn-kamuna.
7Pɛ ná tage de nmo o we,
“Ba n jeini ywo,”
gare o ná gwooni‑m nɔn-yerro yiga ne.
Nmo yi ná nɛ n dwoŋi wo-keeru,
8yé wuuri n ja‑o n vo taane dim jei.
Kokuri to, ko kwaga ne nmo wó maane we,
chave-kukua gare chave-dedɔrɔ.
9Pa nmo de n faro wom jeini á kwɛ daane.
Se yé ta‑n jege‑o n chwo n bere nɔɔna.
10Ko ná dae konto, nɔɔna wó ta we
n ye bebare nyem.
Nmo laam ma‑n wó te de n chaveera.
11Ta-kuri nye de sabu-seŋa de lu-nyenno na gɔgere te ke daane tei to mo.
12Yi-pore-nyem ná kwoni‑m o zege de swa taane,
ko jege kuri ko dwoi ba ná kwei sabu-seŋa zambili ba de‑m.
13Wolo ba na toŋe to ná jege chega,
o zuri balo na toŋe‑o to bochara mo,
ne na-zura na zuri na-nyɔm faao-ni maŋa ne tei to.
14N ná pwooli we n wó pa n dwoŋi woŋo ye n wo pɛ‑o,
n nye de kunkwonnu de vio na ware te ja doa te ba tei to mo.
15N ná peene n bane,
dedɛɛro wó cheigi n taane.
Wolo ni taane na bwona to
wae o kwɛ wonnu.
16Tooro tete maŋe se n ná nɛ-te,
se n di-te n maŋe mo.
Te dedɛ wó pa n tɔne mo.
17Yé pa n nɛ taa lona
de n faro sɔŋɔ.
O fera ná nwoŋi‑m,
o laam wó taa lɔŋe‑m mo.
18Wolo ná fɔge vwa
se o ma o chɔge o dwoŋi,
kotu nye de o kwei da-lɔŋɔ,
naa se-zɔɔ, naa che-tɛɛre delo na sele to mo o chɔge‑o.
19Ne yeili-bɔɔ de nachara na pae nɔɔno yeiri o tete jei to,
konto mo nɔn-ŋolo jege o ke
de o dwoŋi cham maŋa ne.
20Nmo ná jege wopwolo lei n leeni
wolo wo na chɔge to yiga ne,
ko nye de n lɔɔre o gɔrɔ mo
n daare‑o n zege waaro yiga ne,
naa n lwogi yɛ mo
n yage o ŋɔne wone.
21Nmo dono kana ná wɔe,
pa‑o wodiu se o di.
Na-nyɔm ná jege‑o,
pa‑o na se o nyɔ.
22Kikia yam konto wó pa se chaveera tiini ya ja‑o,
ne Wɛ zeiŋi mini mo o yuu ne to.
Baŋa Wɛ maa wó zuli‑m ko ŋwaane.
23Ne baŋa seeni vio kom na tui de doa tei to,
mo ban-zɔŋɔ na tɔge de bebara ko tui tei.
24Nɔɔno ná beeri gugworo o nayuu ne o tigi da
gare o ná zoore de ka-wam.
25Kwor-ywoŋa ná nwoŋi yiga yiga ka ba,
ka pae bochara tigi mo,
ne na-zura na zuri bochare tei to.
26Vole mo su de weero
pa na daa ware se ba bu.
Nɔn-ŋom de nam ná sɛ o pa puseŋ-nyem,
ko ye konto mo.
27Ne tooro dedɛ na ba woli nɔɔno tei to,
konto mo wolo ná beeri o tete seinim, ko ba woli‑o.
28Nɔɔno ná ware o bane o ja,
o nye de teo kolo kabiri na sirimi se to se daare-ko to mo.",https://www.bible.com/bible/3661/PRO.25.KBG
MEMAŊA 26,"1Ne doa na ba nena, ye nyɔnɔ de ba toe te-pwoŋa ne tei to,
konto mo nɔn-jworo de wo maŋe se n zuli‑o.
2Ne kawɛbidwoori na ba jege tega jeiŋa tei to,
mo sensɔla kalo na wo tɔge chwoŋa to na ye tei.
Ka bá jeini n yuu ne.
3Fere sisein-nɔɔno de fena,
se n de ŋona bonaga ba ne n vaŋe-ka.
Ko nam ná ye nɔn-jworo,
mage‑o se ko yi.
4Nɔn-jworo ná tage taane pa n leiri-de,
nmo ded‑o ba gare daane.
5Leiri nɔn-jworo de o jworim dem.
Ko ná dae konto,
o wó boŋe we o yɔɔre o yei mo.
6Nmo ná kwei kwora n ke nɔn-jworo jeŋa ne se o vo o pa nɔɔna,
nye de n na zage n tete naga n gwoni,
naa n na beeri cham n pa tete tei to mo.
7Ne gɔrɔ nɛ na ware se vo tei to,
konto mo nɔn-jworo de ware o lɔre dende kuri.
8Nmo ná vɔge kandwɛ napana wone
se n vuvugi n yage,
nye de n na kwaane se n zuli Agɛboŋa tei to.
9Ne sa-nyɔro na yeiri sabara jaanem tei to,
konto mo nɔn-jworo de yeiri dende kuri.
10N ná kwei totoŋe n ke Agɛboŋa jeŋa ne,
n mage bwogo mo.
11Ne kukura na jwoori ka di ka tetwanno tei to,
nɔn-jworo de kare o toŋe jworim konto mo.
12Nɔn-jworo jege teena se o lɔre,
se ko dwoi wolo na pa o yei to.
13Jawɔre-nyem tigi mo ye o we,
“Nywoŋo kare pwooni ne ko beera!”
14Ne diga ni bworo na pore
ye ko pe tei to,
konto mo yezona tu
de kare o pipiri o sara ne.
15Nɔɔna badaara jawɔrɔ ye ko yera.
Ba ná tore jeŋa zoŋa ne ba fɔ gole,
ba ware ba lu dwoa
se ba ja-de ba vo ba ni.
16Jawɔre-nyem pa o yei o dwoi yi-pore-nyena barepɛ na yeini ba leiri taane de swa tei to mo.
17Nɔɔno ná jwoŋi o dwoŋi jara o ja,
kotu wó na na-gare chene mo.
18Ne chichwoo na tae chena yɔɔ yɔɔ tei to,
19mo wolo de na gane o dwoŋi ye o we,
“A ke a kwɛɛra mo” de na ye tei.
20Dɛ ná ti, mini wó dwei mo.
Bebara ná tera, ni-kantɔgɔ jei mo.
21Min-chala nyeeri mini mo,
nankɔ-nyem de maa nyeeri jara.
22Bebare nyem ni taane nye de wodi-ywoŋo na duri solololo ko tu nabiinu kana ne to mo.
23Wolo ná tage taane
ye o wo ba tɔge o taane dem,
kotu nye de ba na kwei lu-nyenno
ba taare dɔgɔ kamɔgɔ tei to mo.
24Pipiri-nyem kwei ni-som mo
o seigi o boboŋa.
O laam maa tɔge dáane
o chɔge nɔɔna.
25O taane dem ná ywomma tei maama de,
yé sɛ-de, se o boboŋa yɔɔre ya su de lwarem mo.
26O ná seigi o boboŋ-lwanno tem tei maama de,
te wó nwoŋi pwooni
se nɔɔna na-te jaja.
27N ná chege kalanchogo,
ko wó ja n tete.
N nam ná bibili kandwɛ-zane
n ja n di peo yuu n yage-de,
de wó bibili de to de pane‑m mo.
28Vwa-nyem chuli o dona mo.
Ni-som nyem maa jaane chɔgem o tui.",https://www.bible.com/bible/3661/PRO.26.KBG
MEMAŊA 27,"1Yé tiini n ŋɔɔne jwa taane n su n ni,
se n yeiri tega ná poore,
ko na wó taa ye tei n yera ne.
2Yage se nɔn-gɛ tei‑m,
se nmo tete yé ta n su n ni.
3Kandwa-zana dumma,
ye kasolo dunni de gaale.
Nɔn-jworo nam ná toŋe jworim nmo yera ne,
ko cham dem duna
de dwoi tento maama.
4Ban-lom tu keim chana
ye o ware o ja.
Wolo kazwe na gaale to nam dwoi kotu.
5Wolo ná wo kɔre n yi se o ta n chega jei,
kotu gare wolo na jege n chega o seigi dede‑m to.
6Nmo badwoŋi ná tage n chega jei,
ko jege kuri ko pa‑m.
Ko daare n dono mɔne dede‑m mo,
se ko dae swono.
7N ná di n su,
tooro tete lwoi n momwa ne mo.
Kana nɔɔno nam yeiri ko chana.
8Wolo na duri o daare o sɔŋɔ to
nye de zuŋa kalo na nwoŋi
ka daare ka pwogo to mo.
9Terale nuga de talwoŋ-ywoŋa pae nɔɔna wopwolo mo.
Badwoŋ-ywoŋo bera nam gare tento.
10Ta‑n yei n badwonna de n kwo badwonna ni ne.
Cham ná yi‑m,
n fara bam konto wó woli‑m
ba dwoni n chorro telo na ba bwola to.
11Amo bu, kwaane n ja swa
se a wo pwoli ko ŋwaane.
Konto wó pa-ne chwoŋa
se a puri a ni a leiri
balo na jege-ne ba lwɛ to.
12Boboŋa tu duri o seigi cham mo se de yé yi‑o.
Nayeiri-nyem nam wó duri o zo de wone mo ye o na yaara.
13Nɔɔno ná sɛ se o zege
se veiru di jene nmo tei ne,
ko maŋe se n jwoŋi kotu gare-bwora mo n woli da.
14Wolo na gwoni tega
o tɔɔle o ware o dwonna to
nye de o sɔɔle lwarem mo o pa-ba.
15Ka-wam wolo na jege nyenyɔna to
nye de doa na nene
ye na luri n diga ne tei to mo.
16Wolo ná kwaane se o ja ka-dwi dem konto,
kotu wó ke o ga mo.
Ko nye de n na zeili vio se n ja-ko,
naa n mɔ nuga de n ja-bɔŋɔ tei to mo.
17Seene na kekarege daane se de ja ni tei to,
konto mo nabiina de zamese da-tei ne.
18Wolo na fɔge o kwɛ teeni to wó di ko bia mo.
Wolo de maa na toŋe o pae o tu de chega to wó jwoŋi zula.
19Niu bere nabiinu yibia mo.
Ko daare o bochare maa bere o na ye wolo to.
20Twa ná maŋe ba daga tei,
churu ba sui.
Nabiina yia de ba nii ya sui.
21Min-vogo pae ba yei lu-nyenno
de sabu-seŋa lam mo.
Ko nam ná ye nabiinu,
ba wó lɔre o wo de o na nɛ yere tei to mo.
22Kwei nɔn-jworo n ke kazɔgɔ ne
n woli de mena n zɔ n na lage tei.
O jworim dem ta bá ti.
23Ta‑n yei n vara bam ni ne,
se n daare n ta‑n nii ba baŋa ne lanyerane.
24Kokuri jejegero bá taa wora taa taa.
Dwi dedoa nam wó wane
de taa tei paare wuu na?
25Ba ná gaane gaao pa ko jwoori ko kwi,
ye ba tigisi ga-korro telo ba na gaane to ba ke daane,
26mo nmo wó kwei n pei koro n sɔ gwaaro n ta‑n zoora.
N ta wó kwei n bone n yeigi
n jwoori n ma‑n yeigi tega.
27N ma‑n wó kwei n vara nayela
n kɔne n diga kam,
de n ka-nyaana bam.",https://www.bible.com/bible/3661/PRO.27.KBG
MEMAŊA 28,"1Puseŋ-nyena duri se ba lu mo
ye nɔɔn-nɔɔno ba pare-ba.
Nɔn-ŋona nam jege baare mo ne nywoŋo to.
2Teo ná su de zwabani-nyena,
ba leiri balo na nii-ko to yɔɔ yɔɔ mo.
Boboŋa tu nam wó kwei yeino mo o ja o teo o dáane.
3Yiniga tu ná pɛ ko zo o dwonna yiniga tiina yera,
o de do-jworo na chuura ka chɔge wodiiru to ba gare daane.
4Balo na ve Wɛ nia yam to bere we ba seini puseŋ-nyena mo.
Balo maa na sɛ-ya to bere we ba dwoni de-ba mo.
5Nɔn-balwaaro bá wane ba ni chega kam kuri.
Ko nam ná ye balo na kɔre Baŋa Wɛ to,
ba yɔɔre ba ni ka kuri mo lanyerane.
6Yiniga tu ná jei de o chega
gare nadum ná ye nɔn-ŋolo.
7Wolo na ke o tɔge Wɛ nia yam to
bere we o yi poore mo.
Wolo nam ná vei de nɔn-kwollu,
kotu yaale o kwo mo.
8Wolo ná dɔne nyɔɔre dedɛ jena baŋa ne se o ma o duni,
kotu wó ga o jejegero,
ye wolo na jege yiniga tiina ŋwaŋa to laam na-te.
9Nɔɔno ná paale o se o zwa de Wɛ nia yam,
o wɛ-lworo tete lwoi mo Wɛ momwa ne.
10Nmo ná soge nɔn-ŋom n de lwarem ne,
n tete wó to n gwoŋo wone mo.
Ko nam ná ye balo na ba tusi to,
banto jege jwa.
11Nadum yeini o boŋe we
o yei o ti mo.
Yiniga tu wolo yi na poore to
nam yɔɔre o yei nadum wo maama mo.
12Nɔn-ŋona ná diini dam baŋa,
nɔɔno maama chake mo.
Puseŋ-nyena nam ná jege dam ba di,
nɔɔna duri ba seigi mo.
13Wolo na jege o wɛleera o seigi to ba vei yiga.
Wolo nam ná pɛ ya nwoŋi pwooni ye o chuli-ya,
Wɛ wó duri kotu ŋwaŋa.
14Wolo na yɔɔre o kɔre Baŋa Wɛ to jege yu-ywoŋo.
Zwabani-nyem nam zoore cham wone mo.
15Pɛ ná tɔge puseŋa baŋa o yaare nabwona,
o nye de nywoŋo na ŋuuri se ko zi nɔne to mo.
16Pɛ keim ná chamma,
o boboŋa mo muri.
Wolo nam na chuli kampina to wó dáane.
17Nɔn-goro boboŋa wó daane‑o mo
se ko yi o toone maŋa.
O dae ba woli.
18Chega tu kikia cho‑o mo.
Ko daare nɔn-ŋolo wó pɔpɔ o na chɔgem.
19Wolo na sɛ varem to jeŋa yi o ni.
Yini-gwia nam wó ja wolo na kare o toŋe wo-yɔɔro to.
20Chega tu wó na Wɛ zaane se ko gaale.
Wolo yera nam ná sae se o beeri jejegero,
kotu wó yɔɔre o na waarem.
21Ko dae ko chwoŋa ne
se n ta‑n kuri nɔɔna da-wone.
Dim ŋwaane nam,
nɔɔna jege konto mo ba ke.
22Wo-loŋ-nyem lɔgere mo se o duni.
O nam yeiri we yiniga wó yi‑o.
23Nmo ná bwɛ nɔɔno de chega,
kwaga seeni n kikia wó su kotu yi,
ko dwoni n ya ná ke ni-som ded‑o.
24Wolo ná pini o kwo de o nu
ye o boŋe we konto dae kolokolo,
kotu de nɔn-goro ba gare daane.
25Wo-loŋ-nyem pae nankɔɔre mo zaŋa.
Ko daare wolo na ke o wo-dedoa de Baŋa Wɛ to wó di ywoni.
26Wolo na teege o tete yeino baŋa ne to ye jworo mo.
Wolo nam ná ke woŋo maama de swa,
kotu wó lu cham wone.
27N ná yei yiniga tiina ni ne,
n bá‑n fɔge n ga.
N nam ná se n zwa de nabwona keira,
ba wó sɔɔle lwarem ba pa‑m mo.
28Puseŋ-nyena ná jege dam ba di,
nɔɔna duri ba seigi mo.
Ba dam maa ná ti,
nɔn-ŋona daa wó pi ba nwoŋi mo.",https://www.bible.com/bible/3661/PRO.28.KBG
MEMAŊA 29,"1Ba ná kaane bere-gɛɔ tu kuni dedɛ baŋa ne ba ga,
o wó pɔpɔ o na chɔgem mo ye o bá lu de wone.
2Nɔn-ŋona ná diini paare baŋa,
nɔɔna jege wopwolo.
Puseŋ-nyena nam ná jege paare ba di,
nɔɔna laare mo.
3Wolo na beeri swa to kwo wo pwoli mo.
Wolo na tɔge ka-bworru kwaga to ma chɔge o kwo wonnu.
4Pɛ ná nii o nɔɔna de chega,
teo kom ywomma mo.
Kalipera tu yigi teo kom o de tega ne mo.
5Ni-som nyem nye de o chege kalanchogo mo o tiŋi.
6Nɔn-balɔrɔ wɛleera jigi da-bunnu mo ya gare‑o pa o to.
Chega tu lei nam jaana mo ye o wo tiga.
7Nɔn-ŋom jege yiniga tiina ŋwaŋa
ye o pae-ba ba chega.
Konto kolokolo nam dae puseŋ-nyem yiga.
8Nɔn-lwɛɛna wiiri jara mo
ba yage teo wone.
Swa tiina maa lwɛ jara.
9Swa tu ba saŋe nɔn-jworo pɛ sɔŋɔ ne,
kokuri, jworo kom wó da mwanno, de sɔɔ yerane mo
pa á bá na taane dem kuri.
10Nɔn-goro yɔɔre o chuli chega tu mo,
ye o beeri chwoŋa se o ti o momwɛ.
11Nɔn-jworo mo bere o ban-lom jaja.
Swa tu maa jaane o bane.
12Pɛ ná mae bebare taana o toŋa,
o nakwa maama wó taa ke puseŋa mo.
13 Baŋa Wɛ mo pae nabiina maama pwooni pa ba nae,
ko ná maŋe ko ye yiniga tu
de wolo na bɛɛse‑o to de.
14Pɛ ná bore chega o pa yiniga tiina,
o paare wó dáane mo.
15Kafena de bwɛa korese bu
pa o jaane swa mo.
Bu wolo ba na yage ywori to
wó yaale o nu mo.
16Puseŋ-nyena ná jei dam ne,
wɛleere puli mo.
Ba nam wó to ye nɔn-ŋona zege ba nii mo.
17Korese n bia, se ba wó pa‑m bochare-zuru de wopwolo.
18Wɛ kwora ná tera se ka bere nɔɔna,
ba ke ba na lage tei mo.
Balo maa na sɛ Wɛ nia yam to jege yu-ywoŋo.
19Ni taane yerane ba de kabɛ chwoŋa ne.
O ná maŋe o yei n na lage
se o ke tei to, o bá ke.
20Nɔn-jworo jege teena se o lɔre,
se ko dwoi wolo na tɛ taane
ye o ba boŋe to.
21Nmo ná maŋe n pa n kabaa ywooli o biini maŋa ne,
o jwa wó ba o de‑m jaguli-zane mo.
22Bane tu wiiri kantɔgɔ mo o ke da.
Ban-lom tu kikia maa jege daanem.
23Zeiŋi-n-tete pae nɔɔna toe ba yaale lela mo.
Wolo nam na tu o tete to wó na zula.
24Wolo na woli ŋweeno pa o ŋɔ to
jege o tete mo o waara.
O ná maŋe o chem taane dim baŋa ne, o ta wo sii.
25N ná kɔre n dwonna nabiina,
ko bá woli‑m.
N nam ná ke n chega de Baŋa Wɛ,
mo n sii.
26Wɛ ná pɛ nɔɔno na chega
gare o ná lage se pɛ taa yei o ni ne.
27Chega tiina kɔre nɔn-balwaaro na wo mɛ to mo.
Puseŋ-nyena de ma chuli nɔn-ŋona bam jei.",https://www.bible.com/bible/3661/PRO.29.KBG
MEMAŊA 30,"Aguri memaŋa yadwonna
1Jakɛ bu Aguri memaŋa mo tento. Ya maa ye Wɛ kwora. Nɔɔno maa we, “A yera maama chɛ mo! Wɛ, a yera chɛ mo. A daa bá wane a zege!”
2Amo yeiri kolokolo.
A yi maa wo poore nenɛɛne a dwonna nabiina bam tetei.
3A maa wo fɔge a zamese swa,
ye a yeiri Wo-pwoŋo Tu Baŋa Wɛ.
4Nabiinu wɔ mo diini Wɛ telaao
ye o jwoori o ba?
Wɔ mo jaane vio
o ke o jaguli ne?
Wɔ mo pɛ naneo kom
o kukuli o gɔrɔ ne?
Wɔ mo lɔge logo kom baŋa maama siseini o tiŋi?
Abam yei o de o bu wom yere na?
Á ná yei, se á ta á bere-ne.
5Wɛ taane dem maama yɔɔre de zege de chega mo.
O wae o cho balo na tui ba zoore o woro ne to.
6Ta‑n yei se n yé woli kolokolo Wɛ taane dem wone,
se Wɛ wó bwɛ‑m se ko bere we n ye vwa-fɔro mo.
7Amo Tu Baŋa Wɛ,
a beeri wonnu telei mo
se n ke n pa-ne, se a laam te.
8Yé pa a taa ye vwa-nyem.
Ta yé pa zore ja-ne.
Nam yé pa-ne dunni dedɛ.
Pa-ne kolo yerane na maŋe
a jaanem to.
9Ko ná dae konto, a ná jege ko gaale,
a daa bá teege nmo yera ne,
ye a ta we “Wɔ mo ye Baŋa Wɛ?”
Yiniga nam ná tiini ka ja-ne,
a wae a ŋɔna
pa se a yaale amo Tu Wɛ yere.
10Yé chwo kabaa kwaga ka tu yiga ne,
se o laam wó sɔɔle lwarem
o ke n yuu ne.
11Nɔɔna badwonna swoi
se ba taa chɔge ba kwoa yere,
ye ba ta yɔɔre ba pae
ba niina ba jege yuu.
12Badwonna de maa boŋe we
ba kikia yɔɔre ya tɔge chwoŋa mo,
ye ba wo laam ye ligi-ligi.
13Badwonna maa bere ba kamunim mo
ye ba ta gwooni ba dwonna.
14Badaara ke wo-goo mo de nɔɔna
ye ba ni-yeila nye de se-zɔɔro.
Ba maa lage se nabwona yere saare tega baŋa ne.
15Kasandiu jege bukwa balei mo.
Ba maama maa tɛ ba we, “Tei n pa-ne.”
Wonnu tetɔ wora te na ba fɔge te sui.
Tena mo ba tɛ we “Ko maŋe!”
16Te maa ye:
churu chwoŋa,
de kadega puga,
de tega na ba fɔge ka sui na to,
de min-vogo na di bileim-bileim to.
17Wolo ná mɔne o kwo,
naa o ná ke o nu kachaare,
bachangaaro wó zɔge o yia te le,
ye duura de di o ya-nɔna yam.
18Wonnu tetɔ wora te na tiini te so-ne.
A maa ba ni wonnu tena kuri.
19Te maa ye:
Maao na jaane tei wɛyuu kom ne,
de basankwea na yei ka chwoŋa tei peero yuu ne,
de nabworo na yɛ naneo kom wone tei to,
de baaro de kaane swono laŋa na ye tei to.
20Ka-tola keim ye de yera.
O wó peini de nɔn-gaa
ye o ta jwoori o ta we,
“Amo wo ke kolokolo a chɔge.”
21Wonnu tetɔ mo pae tega baŋa kam ziziŋi.
Tena maa dwoi nabiina jaanem.
22Te maa ye:
Kabaa ná jigi pɛ,
de nɔn-jworo ná di ko su,
23de bukɔ wolo yuu na chana to ná pɔpɔ o zo baro,
de ka-nyaane ná zeili o tu o daare o vere baro wom o tei.
24Wonnu tena kamɔgɔ mo tiini ko muri tega baŋa ne,
ye te yi-poro ba jege dwoŋi.
25Memela tiini ba muri de dam.
De ko de, ba lae wodiiru
ba tiŋi cham maŋa ŋwaane.
26Pe-ware dam tiini de muri.
De ko de, ya zoore peo gugworru ne mo.
27Kayere ba jege pɛ se o bere ba na wó ke tei.
Se nam ná yo, dedoa tete ba ywori ka chwoŋa ne.
28Nɔɔno wae baleiga o jaane de o jeŋa.
Se nam ba kɔre pwa sam, se su da mo.
29Wonnu tetɔ mo yeini te vei nenɔŋa veiŋa.
Te tena gwɛɛm dem maa tiini de lana:
30Nywoŋo ye dedɛɛro mo ga-vara maama wone.
Ko maa ba ywori ko daare chwoŋa ko pae kolokolo.
31Chebɛɔ na kwoni ko yuu ko keeri to,
de bo-bala,
de pɛ wolo jar-keira na wo o tei ne to.
32N ná ke jworim de n na bere n kamunim tei to,
naa n ná jeeli lwarem kikia se n ke,
se n pu n ni chemm.
33Kokuri to, n ná mage nuga,
ka wó peere mo.
N ná chugi nɔɔno momwɛ,
jana mo wó nwoŋi.
N nam ná gware nɔɔno bane,
jara mo wó zaŋe.",https://www.bible.com/bible/3661/PRO.30.KBG
MEMAŊA 31,"Pɛ Lemuweli memaŋa
1Pɛ Lemuweli memaŋa mo tento. Ya maa ye Wɛ kwora kalo o nu na bere‑o to.
2Nii mo! Nmo ye amo tete puga bu mo.
Nmo lora kam nam tɔge wɛ-lworo baŋa ne mo.
Konto to, pore n zwa se n cheigi.
3Yé da kaana ŋwaane n chɔge n dam,
se banto dwi yeini ba pa
se pwa dedɛ na ba chaveera mo.
4A bu Lemuweli, pwa dae se ba nyɔ sana.
Ba nam dae se ba ke fera de sa-dɛɛra.
5Sa-nyɔre wó pa ba swei
Wɛ nia yam na bere tei mo,
ye ba ja chega kam ba ju
nabwona yiga ne.
6Sa-dɛɛra maŋe de balo na jei
ba cheigi ba toone to mo,
ba teena maama na ti to ŋwaane.
7Ba ná bugi, ba wó swei ba yiniga de ba cham dem ni ne.
8Jiri nabwona ni
se n ŋɔɔne n pa-ba.
Pa balo na ba jege nɔɔna se ba nii-ba to na ba chega.
9Zaŋe n ŋɔɔne jaja
ye n bore chega bora.
Zege nabwona de yiniga tiina kwaga ne se ba na ba chega.
Ka-yero taane
10Ka-yero yuu yim chana dedɛ.
O dwi jege lonne de dwoi kandwa-nyenno dwi dwi.
11O baro ba jege lwia de kolokolo.
O maa bá ga nyɔɔre de fenfee de.
12Ka-yero ke o baro lanyerane mo maŋa maama,
ye o ba pae o nae zonne.
13O yeini o sɔ gwaaro mo
waaro de wulim maŋa ŋwaane,
ye o toŋe o totoŋa de wopwolo.
14O nye de nabwooru telo na zeŋe pipiu zela te tui to mo.
O maa vei yiga yiga o jaane wodiiru o tui o pae o diga tiina.
15Tega ba poore‑o sara ne,
de o na zaŋe o saŋe wodiu
o pa o diga tiina,
se o ka-nyaana bam de na ba nyem.
16O yeini o beeri tega mo o yeigi.
O ta ma kwei o na lage o jeŋa kalo o tiŋi to
o ma o jeiri Vini teeni.
17O ba sɛ o pae jawɔrɔ,
ye o tete chɛ de totoŋ-dɛɛra.
18O yɔɔre o yei pipiu laŋa mo
pa o ba toe,
ye tega ba poore‑o sara ne.
19O tete mo dole gare-yi
ye o sɔ gwaaro o pae o diga tiina.
20O ye wo-ywoŋo tu mo, naa
ye o yeini o zeini nabwona de yiniga tiina.
21Waaro maŋa ne o bá taa lwia
o diga tiina ŋwaane,
kokuri to, ba maama jege gare-ŋonno
se ba ma ba kwoli ba tete.
22O yeini o nyaane gwaaro mo
se o ma kwɛ o peiga jei,
ye kolo o na ke o yera ne to
yeini ko jwoŋi‑o chekke.
23O baro ná yeini o jeeri teo kom kapworo ne,
nɔɔna maama pa‑o zula mo,
ye ba gare‑o ba ke ko nakwa wone.
24O sɔ gare-fefale de se vovwe mo
o yeigi o pa pipiu tiina.
25O ye nɔn-dɛɔ mo
ye nɔɔna nege‑o.
O maa ba lwia de kolo na wó ke jwa seeni to.
26O yeini o kuri o ni botare-bia mo o ŋɔɔne de swa.
O ni taane bere lanyerane keim na ye tei mo.
27O yɔɔre o chɛ de totoŋa mo,
ye o nii o diga tiina baŋa ne lanyerane.
28O bia wó ke daane ba sɛ we o jege yu-ywoŋo.
O baro de maa wó seini‑o o we:
29“Kaana dedɛ ke wo-kura.
Nmo nam mo di yiga
ba maama wone.”
30Ya-tega wae ka gana,
lam de nam wae de tia.
Ko nam ná ye kaane wolo na kɔre Baŋa Wɛ to,
kotu maŋe de zula mo.
31Tei‑o se ko maŋe de
o totoŋa na ye tei to.
Ja‑o n yi teo kom kapworo,
se n pa o na zula nɔɔna yiga ne.",https://www.bible.com/bible/3661/PRO.31.KBG
KWOR-TƐƐNO 1,"1Wolo na ye Wɛ kwor-tɛɛno to kwora mo tento. Wonto mo ye Pɛ David bu, o na di paare Jerusalem teo kom ne to.
Dé yeiri wonnu kuri
2Wɛ kwor-tɛɛno mo we:
Dé bá wane dé ni wonnu tento maama kuri.
Te kuri nim tiini de chana de gaale se dé lɔre.
3Nabiina yaare de totoŋ-chɛɛra mo tega baŋa ne.
Bɛ nyɔɔre mo ba nam nae ya baŋa ne?
4Nabiina tui logo kom baŋa mo,
ye badwonna de leiri ba toa.
Logo kom nam yɔɔre ko ye ko na maŋe ko ye tei to mo.
5Wɛ dem yeini de puli mo,
ye de laam vo de zo.
De nam ta wó ke lela mo
se de jwoori de tole de veiŋa kam.
6Vio yeini ko dole ko vei kuri seeni,
ye ko ta dole ko vei baŋa seeni.
Vio kom nam ta vei yiga de kwaga mo
ko kare ko vei konto mo taa.
7Bu-tole sem maama duri se vei
se lwoi se na bam naneo kom wone mo,
ye naneo kom ba fɔge ko sui ko wɛɛla.
Na bam daa maa yeini ba jwoori mo,
ba vei bu-tole sem na buri mɛ to.
8Woŋo maama yeini ko ke konto dwoŋi mo
ye kweelim tera.
Nɔɔn-nɔɔno bá wane o ta ko kuri o ti.
Nabiinu yia bá wane woŋo maama ya nii ya su.
O zwa de nam bá wane ya cheigi wonnu maama ya su.
9Wo-doŋo tera logo baŋa ne.
Kolo na maŋe ko wora to mo ta wó taa wora taa.
Kikia yalo déem na ke to mo ta wó jwoori ya ke.
10Woŋo kolo nɔɔna ná tɛ ko taane we,
“Nii-na, wo-doŋo mo tento!”
konto woŋo kom maŋe ko wora mo faŋa faŋa,
ye ba wo loge debam.
11Dé daa ba gula balo ya na wora faŋa kam ne to gula.
Ko nam ná ye balo ba jwa na wó lo to,
balo na tu banto kwaga ne to wó swei ba de swia.
Amo na lɔre chega kalo to
12Amo wolo na ye Wɛ kwor-tɛɛno to déem di Isarele tiina paare Jerusalem ne. 13Amo seene a yia mo se a tɔge swa chwoŋa a ma zamese a daare a buŋi wonnu telo maama na jege te ke logo baŋa ne to, se a wane te kuri a lɔre. Amo nɛ we totoŋa yalo Wɛ na pɛ nabiina se ba taa toŋe to tiini ko chana ko pa-ba. 14Amo nam maane wonnu telo maama na jege te ke logo baŋa ne to. Nii-na! Te maama chana se dé lɔre te kuri mo. Ko nye de nɔɔno na duri o zeili vio se o ja-ko tei to mo.
15Woŋo kolo ná gugwoli,
ko tweem chamma mo.
Wonnu telo maa na tera to
ware se nɔɔno jeeli te ni.
16Amo nam ya tage a tete ne a we, “Nii mo! Amo tiini a jege yi-poro a dwoi balo na maŋe ba di paare Jerusalem ne to maama. A ma jwoŋi swa de yeino dedɛ.” 17Amo seene a yia mo se a lɔre swa, se a ta lɔre jworim de chichwooru na ye tei to. A tu a maane we konto maama de nye de nɔɔno na duri o zeili vio se o ja-ko tei to mo.
18Nɔɔno yi-poro na mae tei to,
o lwia de mae konto mo.
O yeino ná daga tei,
o wo-chechɔgɔ de wó taa daga konto dwoŋi mo.",https://www.bible.com/bible/3661/ECC.1.KBG
KWOR-TƐƐNO 2,"Wo-loŋo jege nyɔɔre na?
1Amo laam ma ta a tete ne we, “Amo wó ke kwɛɛra yɔɔ se a maŋe-te a nii, te seene te lana na?” Tɔ. A ma na we konto ba jege kuri. 2A ta maane we mwanno ye jworim mo. Kwɛɛra de ba jege nyɔɔre. 3A laam ma zo sa-nyɔre wone se a nyɔ a su a na wopwolo. A maa lage se a tɔge swa ŋwaane a boŋe a nii chwoŋa kɔ mo jege nyɔɔre se nɔɔna taa tɔge-ka ba logo baŋa ŋwea wone.
4Amo déem ke totoŋ-zana yadwonna a pa a tete. A lɔge sam, ye a jeiri Vini teeni de. 5A ta ma che gaara ye a jeiri dwo-vɔɔro, de ga-punnu, de teeni delo na leiri bia dwi dwi to ya wone. 6A ma ko buli se ba taa mɔɔne na da ba yage teeni dem se de be lanyerane. 7Amo nam ta yeigi kabɛ, baara de kaana, ye ba de lo ba bia a sɔŋɔ wone pa se ba ji amo nyem. A ta ma na naane, de pei, de bone kɔgɔ kɔgɔ se a taa tei. Ko ná ye balo maama na lwoori yiga ba zoore Jerusalem ne ba daare amo to, a vara bam daga ba dwoi banto nyem. 8A ma na lu-nyenno de sabu-seŋa dedɛ a pa a tete. A déem jwoŋi jejegero teene delo de kateira yalo a na tei to pwa bam tei ne. A déem pɛ se baara de kaana taa wo a tei ne ba leeni lei se ko taa ywomma ko pa-ne. Ko maa ná ye kaana, amo yɔɔre a jege-ba mo ne ko na wó pa nabiina di ywoni dedɛ tei to. 9Ko ná ye balo dwi maama na lwoori yiga ba zoore Jerusalem wone ba daare amo to, ba wolowolo wo yi amo kamunni dem. De konto maama de, a ta tɔge swa chwoŋa kam mo.
10Kolo maama amo yi na page
ko baŋa ne to mo
a yeini a jwoŋi se a nii
ko na ye tei to.
A boboŋa ná jaane se a beeri
ywoni delo maama,
amo yeini a tɔge de kwaga mo.
Amo yi ma su a na toŋe
a na kolo maama to,
pa se a na nyɔɔre
a totoŋa yam baŋa ne.
11A laam ma jeini a jeeli
a kikia maama,
dedaane a totoŋ-chɛɛra
na pɛ-ne kolo maama to.
A ma na we te ba jege kuri.
Ko nye de nɔɔno na duri
o zeili vio se o ja tei to mo.
A totoŋa yam maama ba jege nyɔɔre
tega kam baŋa ne.
Swa de jworim taane
12Amo ta ma jeeli se a nii swa na ye tei to chekke, se a daare a lɔre jworim de yiyiri kikia na ye tei to. Kokuri to, wolo na tu o di paare to jege se o tɔge pwa balo na lwoori‑o to chwoŋa kam mo. 13Amo nam tu a maane we swa jege nyɔɔre ya dwoi jworim, se ko maŋe de pwooni na gare lim tei to. 14Chega to,
Swa tu yia wae ya na chwoŋa.
Jworo maa wo lim wone o via.
De ko maama de, a maane we swa tiina de jworru lage ba guri bedwe mo. 15Amo laam ma ta a tete ne we, “Toone na wó ja jworo to, de lage de ba amo de baŋa mo. Bɛ nyɔɔre mo a nam nɛ a swa yam baŋa ne?” A ma leiri a tete ne we, “Amo bá wane a lɔre ko kuri”.
16Swa tu dedaane jworo maama jege se ba te mo. Ba ná tega, nɔɔna daa bá taa guli ba gula taa. Jwa seeni ba wó swei debam maama swia. 17Konto pɛ se a ŋwea kam ji wo-chɛɔ ka pa-ne. Chanɛɛre yerane mo tu a baŋa de kolo maama na yeini ko ke tega baŋa ne to. Ko maama ba jege kuri. Ko nye de nɔɔno na duri o zeili vio se o ja tei to mo.
Totoŋ-chɛɛra taane
18A na tu a maane we a jege se a yage kolo maama a na toŋe a na to a pa wolo na wó saŋe amo kwaga to, ko ma pa se totoŋ-chɛɛra yalo maama a na toŋe tega baŋa ne to ji wo-chɛɔ ya pa-ne. 19A nam ware se a lɔre konto tu wó taa ye swa tu mo naa jworo mo. O laam maa wó ba o jwoŋi kolo maama a totoŋ-chɛɛra de a swa na jaane te ba te pa-ne to, o taa tei. Ko maama ba jege kuri. 20Amo na jeini a jeeli a totoŋ-chɛɛra yam maama na wó pa-ne nyɔɔre delo to, a wo pɛ ya ŋwaane. 21Kokuri to, dé wó kwei dé swa, de dé yeino, de dé boboŋa maama, dé toŋe taa se dé na wonnu. Bɛ laam nam mo tei se dé yage-te dé pa wolo na wo yaare te ŋwaane to? Ko maama ba jege kuri, se ko ye lɛɛro yerane mo. 22Logo baŋa ŋwea wone, nabiinu wó toŋe taa, ye o jei de lwia mo. O nam lage o na bɛ nyɔɔre mo ko baŋa ne? 23Dɛ maama wone, dé totoŋa yeini ya ni debam ye lwia daane debam ya ŋwaane. Tete ne de, dé boboŋa maa kare ya beera. Ko maama ba jege kuri.
24Kolo na tiini ko lamma ko pae nɔɔno to mo ye se o taa di wodiu, ye o nyɔa, se o daare o di ywoni o totoŋa yam baŋa ne. Amo nam maane we tento maama nwoŋi Wɛ tei ne mo. 25Kokuri to, Wɛ ná wo woli, nɔɔn-nɔɔno ware o na wodiu naa ywoni se o di. 26Ko ná ye nɔɔno wolo na ke o sui Wɛ yi to, Wɛ pae kotu swa, de yeino, de wopwolo mo. Ko daare, wɛleere-keira toŋe ba tiŋi se ba laam kwei ba pa balo kikia na sui Wɛ yi to mo. Konto de ba jege kuri. Ko nye de nɔɔno na duri o zeili vio se o ja tei to mo.",https://www.bible.com/bible/3661/ECC.2.KBG
KWOR-TƐƐNO 3,"Woŋo maama jege ko maŋa
1Woŋo maama logo baŋa ne
jege ko maŋa mo.
Maŋa tigi mo se dé toŋe
totoŋe dwi maama.
2Maŋa wora ba na wó lo nɔɔno,
ye maŋa de wora kotu na wó te.
Jeirim maŋa maa wora
ye ka-gɔ-ka-yage maŋa de wora.
3Maŋa wora se ba go nɔɔna,
ye maŋa wora se ba yɔɔre nɔɔna.
Ka-ja-ka-chɔge maŋa maa wora,
ye ka-lɔ-ka-zege maŋa de wora.
4Wo-chechɔgɔ maŋa mo wora,
ye mwanno maŋa de wora.
Maŋa tigi mo keira ŋwaane,
ye kadwoŋi de tiga wopwolo kwɛɛra ŋwaane.
5Maŋa wora mo se ba dole kandwa ba jage ba yage.
Maŋa de maa wora se ba tigisi-ya ba ke daane.
Maŋa nam mo wora se nɔɔna kukwori daane,
ye maŋa de wora se ba taa lɔŋe daane.
6Maŋa mo wora se nɔɔno beeri o na woŋo.
Maŋa ta maa wora se o ga kolo o na jege to.
Maŋa wora se dé kwaleme wonnu,
ye maŋa de wora se dé dole kolo dé na jege to dé yage.
7Maŋa wora se dé kaare gwaaro dé yage,
ye maŋa de wora se dé nyaane-te dé ke daane.
Maŋa wora ka pa nɔɔno se o taa ye chemm,
ye maŋa wora se kotu ŋɔɔne.
8Maŋa ta wora mo se nɔɔna taa swoi daane,
ye kadwoŋi de wora se ba taa chuli daane.
Jara-keim maŋa maa wora,
ye bochare-zuru maŋa de wora.
9Nɔɔna ná tiini ba toŋe tei, bɛ nyɔɔre mo ba nam nae ko baŋa ne?
Bɛ nyɔɔre mo dé wó na dé ŋwea wone?
10Amo maane Wɛ na kwei totoŋa yalo o pa nabiina se ba taa toŋe to. 11Wɛ maa pae se wonnu maama ke lanyerane te maŋa ne chekke. O ma kwei boboŋa yalo na vei taa wuu seeni to o ke nabiina yuu ne. Konto maama wone nam, dé bá wane dé lɔre o na jege kolo o ke to maama dé ti. 12Amo ma maane we kolo na lamma ko pae nɔɔna to ye se ba taa jege wopwolo ye ba tɔge chwo-laaro ba ŋwea wone mo. 13Ko maŋe se ba taa di wodiu, ye ba nyɔa, se ba daare ba di ywoni ba totoŋa yam baŋa ne. Konto maama ye Wɛ pɛɛre mo.
14Amo maane we Wɛ na ke wonnu telo maama to wora mo taa. Dé bá wane dé woli kolokolo o kikia yam wone, naa dé le kolokolo ya wone dé yage. O pɛ se ko taa ye konto mo se dé taa kɔre‑o. 15Kolo zem na wora to maŋe ko ke maŋa kadwoŋi ne. Kolo na lage ko ke jwa ne to de maŋe ko wora mo. Wɛ maa beeri wonnu telo na maŋe te ke te kɛ to se o pa te jwoori te ke.
Nabiina de vara ye bedwe mo na?
16Kolo na woli da to, amo maane ko na ye tei tega baŋa ne to we, chega borem na jege se de taa wo mɛ to, lwarem mo wo dáane. Chwo-balwaaro mo leiri chwo-laaro yuu ne. 17Amo ma ta a tete ne we, “Maŋa ná yia, Wɛ wó di nɔn-ŋona dedaane puseŋ-nyena maama taane, o na maŋe o tiŋi dɛ mo se wonnu maama de kikia maama ke te maŋa ne to ŋwaane.” 18A ta ma ta nabiina taane a tete ne we, “Wɛ yeini o faŋe debam mo o nii, se o pa dé lɔre we debam de vara bam ba gare daane. 19Kokuri to, debam nabiina de vara maama guri bedwe mo. Toone yeini de tui de jaane dé maama. Nabiina de vara siu ye bedwe mo. Konto to, nabiina ba gare vara. Chega to, ko maama ba jege kuri. 20Wonnu maama ŋwe ye te guri bedwe mo. Kolo maama na ŋwe to nwoŋi tega kam teero wone mo, ye te maama nam wó jwoori te zo teero wone. 21Wɔ mo wane o lɔre chekke we nabiina ná tega, ba diini wɛɛne mo, ko daare ye vara ná tega ba zoore tega kam kuri ne?”
22Konto maama wone amo maane we kolo na tiini ko lana se dé ke to ye se dé di ywoni mo dé totoŋa baŋa ne. Mo nyɔɔre delo Wɛ na pae debam to. Nɔɔn-nɔɔno tera o na wó pa dé lɔre kolo na wora jwa seeni to.",https://www.bible.com/bible/3661/ECC.3.KBG
KWOR-TƐƐNO 4,"Bɛɛsem de yaara taane
1Amo daa ta ma maane nabwona na tiini ba nae bɛɛsem logo baŋa jei maama ne tei to. Ba maa keeri bugi-bugi ye nɔɔn-nɔɔno tera o na wó wane o woli-ba pa se ba wo to. Balo na jege-ba ba bɛɛse to tiini ba dana lanyerane mo. Konto ŋwaane nɔɔn-nɔɔno tera se o pa nabwona bam bochare zuri. 2Amo laam maa boŋe we, balo na tega ye ba daa tera to gare balo ta na ŋwe ye ba yaare to. 3Ko nam ná ye chega, balo ba ta na wo loge to yuu mo ywomma ba dwoi maama, kolo ŋwaane banto ta wo nɛ lwarem kikia yalo na kare ya ke logo baŋa ne to.
4Amo ta maane we nɔɔna na yeini ba ma dam de yeino ba toŋe tei to maama ye ba dwoni daane mo. Ko maama ba jege kuri. Ko nye de nɔɔno na duri o zeili vio se o ja tei to mo.
5Ko ná ye jworru,
ba yeini ba vɔ ba jea totoŋa baŋa ne mo.
Kana nam mo wó go-ba.
6Nɔɔno nam ná nɛ o wodiu bɔŋa dedoa
ye o bochare zuri,
konto gare o ná yaare de totoŋ-chɛɛra
se o na bwɛ selei.
Konto maama nye de nɔɔno na duri o zeili vio se o ja tei to mo.
Badwoŋo taane
7Amo daa ta ma maane woŋo kodwoŋi logo baŋa ne ko na ba jege kuri. 8Amo nɛ we nɔɔno wodwoŋi wora o na ba jege fara, naa chorro, naa bia, ye o laam toŋe taa o ba jeini tega ne. O toŋe mo se o na jejegero ye o yi ba sui-te. Wonto nam jege se o bwei o tete we, “Wɔ mo lage o na nyɔɔre a totoŋ-chɛɛra yam baŋa ne? Amo ba di ywoni ya ŋwaane.” Konto maama de ba jege kuri. Cham yerane mo wora kotu ŋwea wone.
9Balei gare dedoa.
Kokuri, ba wó na nyɔɔre da-tei ne
ba totoŋa yam baŋa ne.
10Ba wone dedoa ná toa,
wodwoŋi wom wó ja‑o
se o zaŋe wɛɛne.
Se ko ná ye nɔɔno dedoa o yerane ye o to,
lɛɛro mo wó yi kotu,
o dwoŋi na tera se o woli‑o
se o zaŋe to ŋwaane.
11Ko ta woli da, nɔɔna balei ná kukwori daane,
ba yera wulim wó mage daane
se waaro yé yi-ba.
Nɔɔno nam ná ye o yerane,
o lage o ke tɛ mo o che o waaro?
12Nɔɔno dedoa wae o mage
o dwoŋi wolo na zaŋe
o baŋa ne to o di.
Ko nam ná ye nɔɔna balei mo
jaŋe ded‑o,
o yerane bá wane o mage-ba o di.
Ŋona kalo na ŋoge kuni betɔ to ba kɔe mɔle-mɔle.
Swa de paare taane
13Nɔn-doŋo ná ye yiniga tu ye o jege swa, wonto gare pa-dwooru wolo na ve se nɔɔna bere‑o to. 14Nɔn-doŋo kom wae o nwoŋi peena diga ne ye o laam ba o di paare, naa ba loge‑o yiniga wone o paare laŋa kam ne ye o daare o ji pɛ. 15Amo ta ma maane nɔɔna balo maama na ŋwe logo baŋa ne to na kare ba ke tei ye ba pɛ nɔn-doŋo wodwoŋi kwaga ba pu. Wonto lage o ba o jeini pa-dwooru wom jeiŋa jei ne mo. 16Nɔn-kɔgɔ kolo na tɔge wonto kwaga to tiini ko daga ko gaale. Ba kwaga kam nam ná tua, ba wolowolo bá nege‑o. Ko maama de ba jege kuri. Ko nye de nɔɔno na duri o zeili vio se o ja tei to mo.",https://www.bible.com/bible/3661/ECC.4.KBG
KWOR-TƐƐNO 5,"Ta‑n yei n na zuli Wɛ tei to
1Nmo ná yeini n ma‑n zoore Wɛ diga se n zuli‑o, se n ja n tete. Fɔɔre n yi Wɛ tei se n cheigi o taane, se konto wó taa gare kaanem delo jworru na ke ye ba yeiri we ba tusi to. 2Boŋe n yi se n laam ŋɔɔne n ni taane. Yé gwoni ni de Wɛ yɔɔ yɔɔ ye n wo fɔge n boŋe de wone. Lɔre lanyerane we Wɛ wo telaao ne mo ye nmo zoore tega kam baŋa ne. Konto ŋwaane nam pa se n ni taane dem taa ye fenfee yerane. 3Boboŋ-fara pae se nɔɔno dwɛ dendwea ye ya daane‑o mo. Konto dwoŋi mo ta-fare dedɛ pae se nɔɔno tɛ wo-jworru.
4Nmo nam ná gwoni ni de Wɛ, se n ke lela n kwei-de. Wɛ ba lage jworru ni taane. Konto ŋwaane, yɔɔre n kwei ni delo n na gwoni to. 5Nmo ná wo gwoni ni se n ke woŋo, konto gare n ná tiŋi ni ye n laam kwane-de. 6Yé pa se n ni taane ja‑m de zo wɛleere wone. Ta‑n cho n tete se n yé ta de Wɛ tontoŋeno we, “Amo wo maane mo ye a ta tento.” Kokuri to, Wɛ bane wae de zaŋe nmo baŋa ne n ŋɔŋa kam ŋwaane ye o daare o saare n totoŋa yam maama.
7Dendwea dwi dwi wora. Boboŋ-yɔɔro de taana daga dedɛ. Nmo nam jege se n ta‑n kɔre Wɛ mo.
Bɛɛsem taane
8Nmo ná nɛ we chega ti teo kolo wone, ye ko dedɛɛra jege nabwona ba bɛɛsa pa se ba ware ba tete se ba jwoŋi, se n yé pa se ko so‑m. Ko nam na ye tei to, dedɛɛro maama jege o yiga tu na nii‑o to. Ko daare ye yiga tu maama de jege o yuu tu. 9Ko ya maŋe se nɔɔno maama na nyɔɔre tega kam baŋa ne. Pɛ wom tete jege se o nii kare sem baŋa ne.
Jejegero taane
10Nɔɔno ná tiini o lage sabu, kotu yi ba fɔge de sui de o na jege kolo to. Nɔɔno fera ná zo jejegero wone, o ŋweero ba yi‑o. Ko maama ba jege kuri. 11Nɔɔno jejegero na mae tei to, balo na jwoŋi te wone se ba di to de gaale konto mo. Kotu na nɛ nyɔɔre delo o jejegero baŋa ne to mo ye o yi na nɛ-te to yerane. 12Tontoŋena ná toŋe taa ba ti, ye ba ná di wodi-fɔrɔ naa fenfee yerane, ba laam wae ba dɔ lanyerane tete ne. Ko nam ná ye naduna, ba ba yeini ba dɔ, ba jejegero tem boboŋa na daane-ba to ŋwaane.
13Amo nam ta maane wo-chɛɔ kodwoŋi mo logo baŋa ne. Nadum mo ke o jejegero o ke daane pa se te wae te che‑o cham wone. 14O jejegero tem laam ma jei wo-chɛɔ baŋa ne. O na loge bu wolo to daa ta wo nɛ woŋo se o taa tei. 15Ba ná loge bu wolo maama, kotu nwoŋi o nu wone bwori mo. O ŋwea ná tu ka kweeli, o daa ta wó yage logo baŋa bwori mo. O ná maŋe o toŋe tei maama, o bá ja kolokolo o woli da o kɛ. 16Tento maama yɔɔre te ye wo-chɛɔ mo! Nɔɔno na tu logo baŋa wone tei to, konto mo o jege se o yage-ko. Bɛ nyɔɔre mo o lage o na o totoŋa maama baŋa ne, de o na toŋe se o jwoŋi vio yerane to ŋwaane? 17O ŋwea maama wone, lim dedaane wo-chechɔgɔ mo tɔge‑o. O maa yɔɔre o nae ban-zɔŋɔ, de jaweero, dedaane ni-kantɔgɔ yerane.
Ywoni dim taane
18Amo nam maane we ko lamma se dé taa di wodiu, ye dé nyɔa, se dé daare dé di ywoni dé totoŋ-chɛɛra yam dé na ke dé logo baŋa ŋwea kam wone to baŋa ne. Mo nyɔɔre delo Wɛ na pae debam to. 19Ko ta ná ye Wɛ na pae balo dum de jejegero to, o ta pa-ba pwola se ba di ywoni te baŋa ne, se ba jwoŋi ba ŋweero tem konto ye ba toŋe ba totoŋ-chɛɛra yam de wopwolo. Konto maama ye Wɛ pɛɛre mo. 20Nɔɔno nam ba jege se o fɔge o jeeli o ŋwea da yam na ye tei to, Wɛ na pae o yɔɔre o na wopwolo o totoŋa yam baŋa ne to ŋwaane.",https://www.bible.com/bible/3661/ECC.5.KBG
KWOR-TƐƐNO 6,"Jejegero pae ywoni na?
1Amo nam ta maane wo-chɛɔ kodwoŋi mo logo baŋa ne, ye ko daane nabiina jei maama ne. 2Wɛ wae o pa nɔɔno dum, de jejegero, de zula, pa se kotu jege kolo maama na jege o fera to, ye o wae o vane kotu chwoŋa se o yé di-te. Nɔn-gaa mo wó ba o di te ywoni. Konto maama tiini ko ye wo-chɛɔ. A bá wane a lɔre ko kuri.
3Nenɛɛne nɔɔno ná kwe o ja gaale ye o lo bia bi, kotu ná maŋe o ŋwe taa, ye o ná wo di ywoni o jejegero tem baŋa ne, bu-too wolo ba na loge zem to ta gare‑o. 4Kokuri to, ba ná loge bu-too, dé bá wane dé lɔre ko kuri. O tua ye o daare o jwoori lela. O yere maŋe de wo bwoŋi. 5Bu wom konto ta wo fɔge o na wea pwooni. O nam wo lɔre ŋwea na ye tei to. De konto de, o ta nɛ siu o dwoni nadum wom konto, 6ko fɔge ko dae nɔɔno wom ŋwea ná yi bena morro telei ye o wo di ka ywoni. Ba maama kweelim ye bedwe mo. Ko dae konto na?
7Nabiina totoŋa maama yɔɔre ya ye ba ni-wodiu ŋwaane mo. Ba nam ba fɔge ba nae se ko yi-ba. 8Swa tu wó na nyɔɔre o dwoni jworo na? Nabwom de ná yei o na wó taa jaane o tete nɔɔna yia ne tei to, bɛ nyɔɔre mo o jega?
9“Nɔɔno yi ná su de kolo maama
o na jege to,
konto gare o ná pɛ se o fera
zo wo-gaa wone.”
Konto de chana se dé lɔre ko kuri. Ko nye de nɔɔno na duri o zeili vio se o ja-ko tei to mo.
10Kolo maama zem na wora to mo, Wɛ maŋe o tigisi-ko se ko taa jege ko yere. Nabiinu de yei o ŋwea chwoŋa na ye tei to. O bá wane o dwoni de wolo na dana o dwoi‑o to. 11Kolo ŋwaane, nɔɔno ná tiini o ŋɔɔne dedɛ, vuvuga wó tiini ka tɔge da mo. Bɛ nyɔɔre mo o lage o na o ŋɔŋa kam baŋa ne? 12Kokuri to, nɔɔn-nɔɔno yeiri kolo na wó taa lana ko pa nabiina ba ŋwea wone, ba ŋwea kam na ye kukua tei to ŋwaane. Ka ta nye de nɔɔno lunluŋu mo na bá dáane ye ka jei to. Dé bá wane dé lɔre ka kuri. Chega to, wɔ mo wó wane o bere debam kolo na wó ke dé toone kwaga ne to?",https://www.bible.com/bible/3661/ECC.6.KBG
KWOR-TƐƐNO 7,"Bɛ mo lana ko pae nabiina?
1Nɔɔno ná beeri yere-ŋom,
konto lana ko pa‑o
ko gare terale nuga na tiini ka lana to.
Nabiinu toone dɛ maa gare
o lora dɛ dem.
2Nmo nam ná vei lua sɔŋɔ,
konto lana ko pa‑m
ko gare n ná vei sɔŋɔ kolo wone
ba na di kuri to.
Toone maa ye nɔɔno maama gurim jei.
Ko maŋe se balo ta na ŋwe to
yé swei toone ni ne.
3Nmo wo ná chɔge,
konto gare n ná su de mwanno.
Kokuri to, yi-nyɔna wae ya pae
n bochare mo fɔge lanyerane.
4Swa tu yeini o boŋe lua boboŋa mo.
Jworo fera nam zoore jei selo
mwanno na wo mɛ to wone mo.
5Nmo ná sɛ swa tu na bwɛ nmo tei to,
konto lana ko pa‑m
ko gare nɔn-jworru na wo n tei ne,
ye ba leeni ba seini nmo.
6Jworo ná puri mwanno,
ko nye de sabare na to mini wone
ye se parese yɔɔ tei to mo.
Konto de ba jege kuri.
7Swa tu ná jigi kampin-nyeno,
o de laam ye jworo mo.
Nɔɔno wolo maa ná jwoŋi dim,
kotu keim dem wó chɔge o boboŋa mo.
8Totoŋe gurim mo gare
de pulim jei.
Nɔɔno ná wae o jaane o tete bochare,
konto gare o ná bere o tete kamunim.
9Kwaane se n ta‑n wae
n bane n jaana.
Balo na pae se ba ban-lom dáane to
ye nɔn-jworru mo.
10Yé zaŋe n bwei nenɛɛne,
“Bɛ mo ke ye faŋa kam gare leile?”
Bwia yam konto nam ba tɔge
swa boboŋa!
11Swa mo lana ya pae nɔɔno,
nenɛɛne o kwo na tiŋi jejegero telo se o pa‑o to.
Swa jege nyɔɔre ya pae
balo maama na ŋwe to.
12Swa wó pa n na woro mo
se kolokolo yé yi‑m,
nenɛɛne sabu de na kwoli nɔɔno kuri tei to.
Nmo nam ná lɔre swa,
ko tiini ko jege nyɔɔre mo ko pa‑m,
nmo na wó fɔge n na ŋwea
ko baŋa ne to ŋwaane.
13Nam maane Wɛ na ke tei maama to n nii!
Wɛ ná pɛ se woŋo kolo gugwoli,
wɔ mo wó wane o twe-ko?
14Wonnu ná tɔge chwo-laao te pa‑m,
se n ta‑n jege wopwolo.
Te nam daa ná vei gweeni,
se n maane we Wɛ mo pae
se lanyerane de cham tui,
pa se nabiina yeiri kolo jwa
na wó ke ko pa-ba to.
Amo bá wane a lɔre wonnu kuri a ti
15Amo maane wonnu dwi dwi dedɛ a ŋwea wone, ye a lɔre te kuri a ga. Nɔn-ŋom wora ye o wuuri o te de o na maŋe o tɔge chega tei to. Nɔn-balɔrɔ de maa wora o na yɔɔre o kwe o ja gaale ye o ta toŋe lwarem. 16Yé tiini n bere n tete we n ye nɔn-ŋom, naa n bere n swa de. Nmo boŋe se n chɔge n tete mo na? 17Nmo ta yé yɔɔre n ta‑n ke lwarem, naa se n ta‑n toŋe jworim. Nmo boŋe se n wuuri n te mo na? 18Ko nam lana se n tɔge chwei selei sem konto. Kokuri to, nmo ná kɔre Wɛ n wonnu wó kwɛ mo se maama wone.
19Swa tu yeini o nae dam o swa ŋwaane, se ko dwoni dedɛɛra fuga na nii ba teo baŋa ne.
20Nɔɔn-nɔɔno tera logo baŋa jei maama ne o na yɔɔre o ke chega, ye o ba fɔge o tusa.
21Yé yɔɔre n sɛ kolo maama nɔɔna na wó ta to. N wae n ni we n tontoŋeno mo jege‑m o twea. 22Kokuri to, nmo tete yei we n maŋe n twi n dwonna kuni dedɛ mo.
23Amo ma kwaane se a tɔge swa ŋwaane a lɔre wonnu tem konto maama na ye tei to. A boboŋa ma ja se a jwoŋi swa. Amo nam maane we ko kuri chana ko dwoi se a lɔre. 24Woŋo kolo maama na wora to kuri nim tiini ko chana mo. Nɔɔn-nɔɔno bá wane o lɔre te kuri.
25Amo boboŋa laam ma ja se a zamese yeino ye a buŋi wonnu wone a nii se a ja swa, se a wane a lɔre wonnu na ye tei to. Amo ta maa lage se a lɔre bɛŋwaane mo lwarem kikia ye jworim yerane, ye jworim kikia de jege yiyirim. 26Amo nam ta maane we, kaane wolo na lage o ja‑m ne o ye kalanchogo to mo chana o dwoi toone. O maa kwaane o kukwori‑m ne o na kwei chegero o ma vɔ‑m tei to. Balo nam na ke ba sui Wɛ yi to wó lu o jeŋa ne. O nam wó yɔɔre o ja wɛleere-keira mo.
27Amo wolo na ye Wɛ kwor-tɛɛno to we, “Nii-na amo na buŋi wonnu wone mo fee fee se a laam ba a lɔre wonnu na ye tei to. 28A nam na kwaane a beeri maama to, a gɛ ko ŋwa mo. Amo na beeri baara moro tetare ne to, mo a nɛ baaro dedoa na tɔge chega. Ko daare a wo nɛ kaane banto maama wone, de dedoa de! 29Woŋo kolo yerane amo na tu a lɔre mo tento: Wɛ ke nabiina pa se ba yɔɔre ba tɔge chwoŋa mo. Ba laam nam mo pɛ se vuvuga tui.”",https://www.bible.com/bible/3661/ECC.7.KBG
KWOR-TƐƐNO 8,"Sɛ pɛ wom ni taane
1Wɔ mo seene o ye swa tu chekke?
Wɔ mo wae wonnu kuri o lɔra?
Swa pae se nɔɔno yiga pwoli mo,
ye yi-nyɔna daa ba jege‑o.
2Ta‑n yei se n sɛ Pɛ wom ni, nmo na gwoni ni Wɛ yiga ne mo we, n wó ke konto to ŋwaane. 3Yé wuuri n nwoŋi da Pɛ wom tei ne. Yé tɔge de balo na boŋe se ba nwoŋi o kwaga ne to, Pɛ wom na wae o ke kolo maama o na lage to ŋwaane. 4Kokuri to, Pɛ wom ni taane tiini de jege dam mo ye nɔɔn-nɔɔno ware se o bwei‑o we, “Bɛ mo ye n ke konto?” 5Wolo nam ná toŋe o tɔge Pɛ wom ni, konto tu bá zo cham wone. Swa tu yeini o lɔre maŋa kalo na maŋe keim, dedaane chwoŋa kalo keim dem na wó tɔge to mo.
6Kokuri to, woŋo maama
jege ko maŋa mo,
ye ko de jege ko chwoŋa mo
se ko toŋe.
Lɛɛro nam yeini te tui nabiina baŋa.
7Dé bá wane dé lɔre kolo
na wó ke to chekke,
Nɔɔn-nɔɔno maa tera se o ta
jwa na wó taa ye tei to
o bere debam.
8Nɔɔn-nɔɔno ware vio se o ja.
Nɔɔn-nɔɔno ware o toone dɛ dem se o che.
Nɔɔn-nɔɔno ware se o le o tete jara keim wone.
Nmo ná toŋe lwarem kikia,
ya bá wane ya jwoŋi‑m ya yage.
9Amo na seene a yia a zamese wonnu tem konto maama to, mo a maane kolo maama na jege ko ke logo baŋa ne to. A ma na we maŋa de maŋa nɔɔno wae o tei o dwonna de dam pa se ba maama yaare.
Dé ware dé lɔre Wɛ chwei sem
10A ta nɛ puseŋ-nyena na tege ye ba suli-ba de zula to. Banto ya yeini ba vei Wɛ wara-jei sem, ye nɔɔna tei-ba teo kolo wone ba na ke ba puseŋa kikia da to. Ko maama ba jege kuri. 11Nɔɔna nam ná yeini ba ke lwarem ye ba wo waare-ba lela, konto pa se nabiina yɔɔre ba lage se ba de taa toŋe lwarem kikia mo. 12Chega to, wɛleere-keira wó wane ba toŋe lwarem kuni bi mo ye ba ta yɔɔre ba kwe ba ja gaale. Amo nam yei we, “Nmo ná kɔre Wɛ, wonnu wó yɔɔre chwoŋa te pa‑m, nmo na zuli‑o to ŋwaane.” 13Amo ta yei we, “Puseŋ-nyena wonnu bá da chwoŋa. Ba ŋwea nye de nɔɔno lunluŋu na bá dáane ye ko jei to mo. Banto bá kwe ba kɛ, ba na ba kɔre Wɛ to ŋwaane.”
14Woŋo kodwoŋi maa wora logo baŋa ne ye a bá wane a lɔre ko kuri. A maane we nɔn-ŋona wora ye ko ke-ba nenɛɛne ba ga ye nɔn-balwaaro mo tei. Ko ta daare ye ko ke nɔn-balwaaro nenɛɛne ko ya na maŋe se nɔn-ŋona na tei to mo. Amo tei ne, konto maama ba jege kuri.
Ywoni dim taane
15Amo nam wó ta we, dé jege se dé di ywoni mo dé ŋwea kanto wone. Kolokolo daa tera logo baŋa ne ko na lana ko pae nabiina to, ko ná dae dé na wó taa di wodiu, ye dé nyɔa, ye dé di ywoni to yerane. Nɔɔno ná ke konto mo ye o toŋe o totoŋa, ko wó woli‑o o ŋwea wone, ne Wɛ na pɛ se o taa ye tei logo baŋa ne to.
16Amo seene a yia mo se a lɔre swa chekke na ye tei to, se a daare a maane totoŋe delo maama na jege de ke logo baŋa ne to. Dɔɔm maa ba tui a yia ne, wea dedaane tete maama ne. 17Amo laam ma maane Wɛ na ke tei to maama. Nɔɔno ná maŋe o kwaane tei maama se o ni ko kuri, o bá lɔre kolo maama na ke logo baŋa ne to kuri. O ná maŋe o ye swa tu ye o bere we o yei ko kuri, o nam ta yeiri.",https://www.bible.com/bible/3661/ECC.8.KBG
KWOR-TƐƐNO 9,"Nɔɔno maama gurim jei ye bedwe
1Amo nam seene yia a boŋe wonnu tento maama wone se a lɔre te na ye tei to. A ma lɔre we nɔn-ŋona de swa tiina de ba kikia maama wo Wɛ jeŋa ne mo. Nɔɔn-nɔɔno nam yeiri kolo na wo yiga ne to, ne ko ná wó taa jege swono naa ko wó taa jege dono ko pa‑o. 2Ko wó taa ye bedwe ko pa nɔɔno maama. Nabiina maama lage ba guri bedwe mo, ne ko ná ye nɔn-ŋona de puseŋ-nyena, naa balo na maŋe de Wɛ chullu tem to de balo na wo maŋe to, naa balo na ke kaanem ba pa Wɛ to de balo na ba ke-de to maama. Nɔn-laaro de wɛleere-keira gurim ye bedwe mo, ko ta woli de balo na gwoni ni de Wɛ to, de balo na ve se ba ke konto to. 3Ko na ke tei logo baŋa ne konto to ye wo-chɛɔ mo, de nɔɔna maama gurim na ye bedwe tei to. Nabiina bochara nam ye lwarem yerane mo. Ba ta na ŋwe to, vuvuga mo su ba boboŋa. Ko kwaga ne ba laam ma te.
4Wolo nam ta ná ŋwe logo baŋa ne, teena wo kotu tei ne mo. “Kukura kalo na ŋwe to gare nywoŋo kolo na tege to.” 5Chega ŋwaane to, balo ta na ŋwe to yei we ba wó ba ba te. Ko nam ná ye twa bam, ba yeiri kolokolo ni ne. Nyɔɔre daa tera se ba jwoŋi, ye nɔɔna maŋe ba swei ba swia mo. 6Ba na swoi wonnu tei to, de ba na chuli-te tei to, de ba fera na wo wonnu baŋa ne tei to laam jei mo fase. Ba daa ba jege totoŋe logo baŋa ne se ba tɔge ba ke.
Ywoni dim taane
7Nam ta‑n jege ywoni n di wodiu, se n daare n nyɔ sa-doora de wopwolo. Kokuri to, Wɛ yi maŋe de su n kikia yam konto. 8Kwɛ n tete se n yeini n zo gare-pwonnu, se n daare n turi n yuu de nuga. 9Ta‑n swoi n kaane se á ta‑á di ywoni daane n ŋwea da yam na ye kukua to maama wone. Mo pɛɛre delo Wɛ na pɛ‑m logo baŋa ne, se n wane n di ywoni n totoŋ-chɛɛra yam baŋa ne to. 10Totoŋe delo maama n ná jege n toŋa, se n toŋe-de de n dam maama. Kokuri to, churu ne ba ba toŋa, ba nam ba boŋe boboŋa naa ba jege yeino, ye ba ta ba beeri swa dáane. Nmo nam lage n vo dáane mo.
N bá‑n wane n che n tete de cham
11Amo daa ta tu a maane tento mo logo baŋa ne:
Ko dae we balo na duri lela lela to mo wó di yiga durim kayuŋu kom ne.
Ko dae we babɛ mo wó di jara yam.
Ko nam dae swa tiina mo nae ba ni-wodiu.
Ko ta dae yi-pore-nyena mo ye naduna,
ye ko dae nɔn-yum mo na yiga-veiŋa.
Ko nam na ye tei ko pae ba maama to, keim maama wó ke ko maŋa ne mo. 12Kokuri to, nɔɔn-nɔɔno yeiri maŋa kalo toone na wó ja‑o to. Ko nye de ba na kwei bora ba ma ja ywona tei to, naa ba na jaane zuna kalanchogo wone tei to mo. Toone de yeini de pɔpɔ de yi nabiina mo maŋa kalo na wo maŋe to wone.
Swa gare dam
13Amo ta ma maane woŋo kodwoŋi logo baŋa ne na yɔɔre ko bere-ne swa na ye tei to.
14Te-balaŋa déem mo wora ye ko nɔn-bia ye fenfee yerane. Pa-kamunu ma la o jar-keira o vo se o kwaare jara de-ba. Pɛ wom ma pa se ba kaare teo kom ba pu, se ba daare ba lɔ taara ba sale ko kabiri sem teiŋa se ba wane ba zo ko wone. 15Yiniga tu maa wora teo kom wone o na jege swa. Wonto ma tɔge o swa yam baŋa ne o jwoŋi-ko o yage. Ko kwaga seeni nam nɔɔn-nɔɔno wo guli yiniga tu wom gula. 16Konto mo pɛ a lɔre we, swa lana ya gare dam. Nɔɔno nam ná ye yiniga tu ye o jege swa, nɔɔna wó gwooni o swa yam mo. Ba ba yeini ba sɛ kotu ni taane.
Swa de jworim taane
17Swa tu ná ŋɔɔne tega tega
ye n cheigi o ni taane,
konto jege kuri ko gare
pɛ ná bage de kwor-dɛa
o bere nɔn-jworru.
18Swa lana ya dwoi jara zela.
Wɛleere-keiru dedoa nam wae
o chɔge wo-laaro dedɛ
na maŋe te tigi to.",https://www.bible.com/bible/3661/ECC.9.KBG
KWOR-TƐƐNO 10,"1Nanjo-too ná to talwoŋ-ywoŋa nuga ne,
ka wó pɔ mo ka lwoi.
Konto dwoŋi mo nɔɔno jworim fenfee wó chɔge swa dedɛ.
2Swa tu boboŋa pae
o yɔɔre chwoŋa mo.
Jworo boboŋa nam pae
o toŋe gweeni mo.
3O ná kwei chwoŋa o maa via,
o bere o tete jaja we
o ye jworo mo,
o na tiini o ga boboŋa to ŋwaane.
4Pɛ wom bane ná zaŋe nmo baŋa ne, yé zaŋe n nwoŋi o tei ne. Nmo ná jaane n wo, ko laam wó pa se o ban-lom dem zuri.
5Amo nam maane wo-chɛɔ kodwoŋi mo logo baŋa ne, ne pɛ na ke o tusi tei to. 6Jworru mo yeini te jiri yiga tiina. Naduna de maa wo kwaga kwaga. 7Amo ta ma na kabɛ na dɔge sisein-nɔɔna baŋa ne tei to, ko daare ye nakwa vei tega ne.
8Wolo ná koge gwoŋo,
kotu wó wane o jwoori
o to ko wone.
Wolo nam ná yare kabira
o de tega ne,
basankwea wó wane ka tɔge dáane ka done‑o.
9Wolo ná yare kandwa peo yera ne,
kotu wó wane o na zonne
ya baŋa ne.
Nɔɔno wolo nam ná lɔe da-kwollu,
o de wae o nae zonne te baŋa ne.
10Tontoŋeno dwooru ná ba jege ni,
ye o ná wo dwori‑o,
o totoŋa wó taa chamma mo.
Swa nam wó pa nɔɔno totoŋa
taa ke lanyerane.
11Nɔɔno ná jege liri se o ma
o ja basankwea,
ye ka ná wuuri ka done‑o,
bɛ nyɔɔre mo liri tu wom wó na ko baŋa ne?
12Swa tu ni taane wó pa‑o zula mo.
Jworo ni taane nam wó chɔge‑o mo zɔŋ-zɔŋ.
13Kotu ná puri o ni,
jworim yerane mo o ŋɔɔna.
O ni taane dem yeini de kweeli
de vuvuga yerane.
14Jworo yeini o ŋɔɔne ta-fara mo
o ba kwora.
Nɔɔn-nɔɔno nam yeiri kolo
jwa na wó ke to.
Wɔ mo wó wane o bere debam
kolo na wó ke dé toone
kwaga ne to?
15Jworo totoŋ-chɛɛra pae
o yera chɛ mo.
O nam maŋe o yeiri chwoŋa kalo
o na wó tɔge
se o vo o yi teo kom wo to.
16Lɛɛro wó yi teo kolo pɛ na ye nɔn-doŋo ye o wo lɔre swa,
ye ko nakwa yɔɔre ba di wodi-fɔrɔ zezeŋa maama ne to mo.
17Ko daare yu-ywoŋo mo wó yi teo kolo pɛ ba na loge naduna dwi wone,
ye ko nakwa jaane ba tete se ba di wodiu ko maŋa ne to.
Ba yazura ŋwaane mo ba di wodiu,
ye ba ba nyɔ sana ba sui.
18Nɔɔno jawɔrɔ mo pae se
o diga to ka vwi.
O ná wo kwoni o diga lulua,
ka wó taa lura mo taa.
19Dé yeini dé saŋe wodiu se ko pa ywoni taa wora.
Sana de maa pae dé jege wopwolo dé ŋwea wone.
Sabu nam ná tere nɔɔno tei ne,
tento maama ware te ke.
20Yé zaŋe n sɔɔle lwarem n daŋe
pɛ wom yuu ne,
ko ná maŋe ko ye n tete boboŋa wone mo de.
Ta yé sɔɔle lwarem n pa naduna,
ko ná maŋe ko ye n tete diga ne mo n tage ba taane de.
Nmo ná ke konto,
zuŋa wó ja n taane dem
ka vo ka ta ka bere-ba jaja.",https://www.bible.com/bible/3661/ECC.10.KBG
KWOR-TƐƐNO 11,"Dé bá wane wonnu maama dé lɔre dé ti
1“Kwei n wonnu n dole n yage
se te tɔge naneo kom baŋa
te jage te yi jei maama.
Ko ná ke da yalei,
nmo wó jwoori n na-te.”
2“Pɔɔre n jejegero n pa
nɔɔna barepɛ naa nɔɔna nana,
se n yeiri cham delo na
wó yi‑m logo baŋa ne to.”
3“Kunkwonnu ná tigisi liira-liira,
dé yei we doa lage ka ne mo.
Tio nam ná to ko jeeri mɛ maama,
ko wó taa tigi konto mo taa.”
4“Wolo ná fɔge o nii tega yibia
se o lɔre duum maŋa,
kotu bá zaŋe o du duum.
Wolo de ná nii kunkwonnu
na tigisi tei to,
kotu bá zage wodiu o ja o zo diga.”
5Nmo nam bá wane n lɔre chwoŋa kalo vio na tɔge da ko dole to. N ta bá wane n lɔre bu na ke tei o ŋwe o nu puga ne to. Konto dwoŋi mo n bá‑n wane n lɔre Wɛ kikia yam kuri n ti, de o na ye wolo na ke wonnu maama to. 6Zezeŋa ne se n nwoŋi n vo n bobo duum. Daa ta ta‑n toŋe n kara ne se tega laam ba ka yi. Kokuri to, n bá‑n wane n lɔre totoŋe delo na wó ke lanyerane to. Dɛ delo n totoŋa yam maama wó pa n na nyɔɔre.
Ywoni taane
7Tega baŋa pwooni mo jege ywoni. Nɔɔno yia ná nae wea kam pwooni, konto tiini ko lana mo ko pa‑o. 8Nɔɔno ná maŋe o kwe de bena dedɛ, ko maŋe mo se kotu di o ŋwea da yam maama ywoni. O nam yé swei we o lage o taa wo lim wone mo taa. Ko ná ye kolo maama jwa na wó ba ko ke to, dé bá wane dé lɔre ko kuri.
Nɔn-donne taane
9Nmo wolo na ye nɔn-doŋo to, nmo ta ná wo kwe, se n di n ŋwea kam ywoni. Ta‑n jege wopwolo n nɔn-donne maŋa ne. Pa se n boboŋa de n yia taa bere‑m chwoŋa kalo n na wo tɔge to. Nam ta‑n yei we, nmo ná tɔge chwoŋa kalo maama, Wɛ wó di n taane ko baŋa ne. 10Yé sɛ se lwia zo n boboŋa, se kolokolo de yé pa n yera chɛ. Kokuri to, dé nɔn-donne maŋa kam ba dáane ye ka tia.",https://www.bible.com/bible/3661/ECC.11.KBG
KWOR-TƐƐNO 12,"1Ta‑n guli wolo na naane‑m to gula nmo nɔn-donne maŋa ne. Ke konto ye cham maŋa ta wo yi‑m, se n laam ta nenɛɛne, “Amo daa ba ni ŋwea ywoni.” 2Maŋa kam konto ne wea kam, de chana kam, de chalechwe sem pwooni daa bá taa nae te pa‑m, ye woŋo maama ye lim mo. Do-kunkwonnu de maa wó jwoori te li tega kam. 3Maŋa kam konto ne, balo na yere sɔŋɔ kom to yera laam wó taa sae mo. Babea vɔna de maa wó pare. Kaana balo na cho muni to maa yage muna chom, ba na muri to ŋwaane. Balo de na nii diga takworru tem seeni to yia laam dwei mo. 4Maŋa kam konto ne, ba wó che manchwoŋo ni dem. Nɔŋɔ kom sɔɔ daa bá taa ni teo wone. Zuŋa dedoa tete ná keeri tete ne, nmo wó zaŋe dɔɔm wone lela. Lenlɛ kwori nam daa bá to n zwa wone. 5Ka maŋa ne, nmo wó ta‑n kɔre foone de wɛyuu diinim. Lwia maa wó taa jege‑m n veiŋa wone. Alimodi tio kom maa wó kwi punnu na peere to cha. Manchwanno de wó gwane tega ne mɛmɛ. Nmo fera maama wó ti. Kokuri to, ko gɛ fee se n vo n yi n wɛyuu sɔŋɔ kom. Ba laam maa wó taa keeri lua bugi-bugi jei maama ne. 6Nam guli n Keiro wom gula ye lu-nyenno chaponno tem ta wo kɔge, ye sabu-seŋa na-zoŋa kam de wo lɔge. Ke konto ye gwoŋo kom ta wo chɔge vole dem seeni se ko pae ba daa yé wane na ba mɔ. 7Dé ye-daa kam laam maa wó jwoori tega kam ka ji teero, se jworo kolo na pae ŋwea to jwoori ko vo Wɛ wolo na kwei-ko o pa debam to tei.
8Amo wolo na ye Wɛ kwor-tɛɛno to mo we:
Dé bá wane dé ni wonnu tento maama kuri.
Te kuri nim tiini de chana
de gaale se dé lɔre.
Kweelim taane
9Kolo na woli da to mo ye: Wɛ kwor-tɛɛno déem jege swa chekke ye o ta yeini o bere nɔɔna pa se ba yia poore. O ma zamese memaŋa se o wane o lɔre ya kuri, ye o daare o tigisi-ya o ke daane. 10Kwor-tɛɛno wom ma seene o yia o lage botare-bia balo na maŋe to, ye o tɔge chega baŋa o popone taane delo na ye chekke to.
11Swa tu ni taane nye de gwoli mo nayero na jege o yere o vara. Kotu bera yam nye de chena yalo na fɔge ya chwi daa yera ne to mo. Ya maama nwoŋi nayero dedoa tei ne mo.
12Amo bu, kolo ta na woli da to mo ye se n ta‑n yei n tete de wonnu tento: nmo ná kwaane n popone swa taana n tiŋi, n totoŋa yam bá ti. Nmo ná tiini n zamese wonnu dedɛ, ko wó bogese‑m mo.
13Dé laam na nigi wonnu maama to, taane dem gurim jei mo tento: Ta‑n kɔre Wɛ, se n daare n ta‑n toŋe n tɔge o nia yam. Konto yerane ŋwaane mo nabiina wora. 14Wɛ nam wó di dé taane dé kikia maama baŋa ne, ko ná ye keim-laaro, de keim-balwaaro, de yalo dé na seigi dé ke to de maama.",https://www.bible.com/bible/3661/ECC.12.KBG
LEIŊ-YWOŊA 1,"1Solomon yera leiŋa kalo na ywomma ka dwoi lei maama to.
Leiŋa 1
Bukɔ wom:
2Ba n kwaare n ni de a ni,
se n mu-de.
Kokuri, nmo swono kom ywomma ko pa-ne
ko dwoi sa-sona ywoni.
3Nmo yera terale nuga kam lwom mo tiini ko ywomma.
N yere dem ywomma
ne ba na lwogi talwoŋ-ywoŋa
pa se ka lwom jage jei maama ne tei to.
Konto ŋwaane mo bukwa maama wó taa swoi‑m.
4Nam ja-ne se dé ke lela dé lage jei dé vo!
Pɛ, nam ja-ne n zo n diga kam wone.
Jerusalem bukwa bam:
Dé wó taa chaka mo de wopwolo nmo ŋwaane.
Dé wó tei n swono kom we,
ko ywoni lana ko dwoi sana ywoni.
Bukɔ wom:
Chega ŋwaane to, ko maŋe se bukwa bam taa swoi‑m.
5Abam Jerusalem bukwa bam,
maane-na we amo seene a zwora mo
ye a yibia ta yɔɔre ka lana.
A maa zwora ne Kedare tiina vwoa yam na ye tei to,
de gare-laaro telo Solomon na kwei
o che o di sem nia to.
6Nam yé ta‑á lwoi yia a baŋa ne
de a na zwora tei to.
Ko ye wea kam mo tiini ka mage a yera yam
pa se ya zwori konto.
Amo nu-bia bane mo zaŋe de amo.
Ba pɛ se a toŋe Vini teeni kadwi sem ne mo taa,
ye a wo nɛ pwola se a nii a tete kaduga kam baŋa ne.
7Amo bochɔŋɔ, ta n bere-ne mɛ seeni
n na yeini n kale n vara bam n vei to,
de jei selo nmo na pae ba sii wea tetare ne to.
Ko dae se a taa tole a beera
nayero de nayero pei-kɔgɔ maama wone.
Nɔn-doŋo kom:
8Nmo wolo na lana n dwoi kaana maama to,
n seene n yeiri amo na wo mɛ to na?
Nam tɔge chwoŋa kalo pei sem na nɔne da to,
se n vo n yi nayera bam vwoa yam seeni,
ye n daare n na gaao n pa n bobone sem.
9Amo bochɔŋɔ, nmo nye de sisein-nɔɔno
wolo ba na kwɛ ka yera
se ka vaŋe Ejipti pa-faro wom toroko to mo.
10Zwanno telo na wo n yuu ne to
pɛ n keila yam lam nwoŋi mo chekke.
Kandwa-nyenno telo na ye zambili n ba ne to
de woli pa n lam dem nwoŋi lanyerane.
11Nam pa se dé ke sabu-seŋa zwa-kwana mo dé pa‑m,
ye dé kwei lu-nyenno dé ma dé gɔgere ya maama.
Bukɔ wom:
12Maŋa kalo amo pɛ wom na tigi o jaŋgɔŋɔ kom baŋa ne to,
mo talwoŋ-ywoŋa kalo a na ke a yera ne to
lwom jage jei maama ne.
13A bɔɔlo wom nye de Mura terale mo a tei ne,
de na wo ganlɔgere wone
ye de tigi amo yela yam tetare laŋa ne to.
14O ta nye de ga-pun-laaro telo lwom na ywomma
ye ba gwoni-te En-gedi Vini kare sem ne to.
Nɔn-doŋo kom:
15Amo bochɔŋɔ, nii n na tiini n lana tei!
N yibia tiini ka lana dedɛ!
N yia lam jege fera ne kunkwona mo tei.
Bukɔ wom:
16A bɔɔlo, nmo yɔɔre n ye lanno mo!
Amo bere a ba nii‑m a sui.
Dé na tigi ywo-seeni to
ga-zuru mo pugi dé vwei dem.
17Sedare da-kwollu mo ye dé diga bei,
Danno telo na ne-ka to maa ye Pini teeni dɛ.",https://www.bible.com/bible/3661/SNG.1.KBG
LEIŊ-YWOŊA 2,"Bukɔ wom:
1Amo nye de ga-puŋu kolo na puli Saron jei sem ne to mo,
de kantɔgele delo na puli bwolo tega ne to.
Nɔn-doŋo kom:
2Amo bochɔŋɔ ná wo o yuudwonna wone,
o ye nenɛɛne kantɔgele mo na puli ye sabare gilimi-de to.
Bukɔ wom:
3Amo bɔɔlo wom de ná zege
de o yuudwonna bam,
o nye de kaligwoŋo tio na zege goa wo teeni tetare ne to mo.
A ke a boboŋa ne se a taa jei o woro kom kuri ne mo.
A ma tiini a ni tio-bia balo o na pɛ-ne pa a di to ywoni.
4O jaane-ne o zo diga kalo wone ba na di ywoni da to.
O ma yɔɔre o kwoli-ne de o swono.
5A yera maama tege mo
a fera na wo n swono kom wone to ŋwaane.
Nam kwei kekan-wogila
de kaligwoŋo tio-bia n pa-ne se a di,
se n ma‑n teibi-ne se a wori.
6O ma kwei o jagwia kam o teili a yuu,
se o daare o ma o jazem dem o kukwori-ne.
7Jerusalem teo bukwa bam,
da-na wei dedaane feiri dam ŋwaane
á du-na duuri we
abam bá gigili debam yia
de dé swono kom.
Nam pa-na debam chwoŋa se dé toŋe dé fera.
Leiŋa 2
Bukɔ wom:
8Amo nigi a bɔɔlo wom kwora.
Nii o na beene tei!
O yɔɔre o nɔne peero de zwonnu tem yuu ne mo
o faŋe o beene.
9A bɔɔlo wom nye de feira
naa woŋ-pɔla mo.
Nii o na zege bira-kwaga ne,
ye o tɔge takworo ne o leesi
o nii diga wone tei.
10O laam maa ŋɔɔne de amo o we:
“Amo bochɔŋɔ, nmo wolo yibia
na lana amo yiga ne to,
ba se dé tɔge daane dé kɛ.
11Nii mo! Waaro maŋa kam kɛ,
doa kam de maa kɔ nenem.
12Ga-punnu laam mo faare tega kam jei maama.
Ko laam ye maŋa mo se dé leeni lei.
Kunkwona keira laam mo zaŋe
dé tega kam jei maama ne.
13Kaporro tem bobo se te taa ke mɔɔro.
Vini teeni dem de maa kwi punnu
ye te lwom zaŋe jei maama ne.
Konto ŋwaane, a bɔɔl-swono,
pa dé lage jei dé vo.”
Nɔn-doŋo kom:
14Nmo wolo na ye amo kunkwoŋa kam
ye n seigi peero gugworru wone to,
nam nwoŋi se a na n yibia,
se a daare a ni n kwora.
Kokuri, nmo yibia kam tiini ka lana mo,
ye n kwora kam de ywomma lanyerane.
Bukɔ wom:
15Popo ja nywoŋ-kuri sem n pa debam,
kokuri vare-balwa bam konto
jege dé Vini teeni dem mo
ba chɔga ba yaga.
Dé Vini teeni dem nam wora
de kwi punnu mo,
se de daare de lei bia.
16A bɔɔlo wom ye amo nyem mo,
ye amo maama de ye wonto nyem.
O laam maa yɛ kantɔgela yam wone.
17Ta ta‑n wora se ko taa nii tega ná poore,
ye tetete vo-zuru kom dole.
A bɔɔlo, laam nam jwoori n kɛ!
Duri-na ne woŋa tei to,
de feira na nɔne peero telo na pɔɔre belei to baŋa ne.",https://www.bible.com/bible/3661/SNG.2.KBG
LEIŊ-YWOŊA 3,"Bukɔ wom:
1Tete maama ne mo a tigi a sara ne
ye a boŋe a na swoi wolo to boboŋa taa.
A maa beeri o jei ye a wo nɛ‑o.
2“Amo nam wó zaŋe leile mo
a zo teo kom wone.
A maa wó taa kare teo kom chwei sem yuni ne,
de ko kapworru tem maama ne
se a beeri a na swoi wolo to jeiga.”
A nam na beeri‑o a vo mɛ maama to,
a wo nɛ‑o.
3Balo na yere teo kom tete ne to
de maa kare ba via.
Ba ma na-ne, ye a bwei-ba we:
“Amo beeri a na swoi wolo to mo.
Abam nɛ‑o na?”
4A na yɔɔre a fere-ba a kɛ fee to,
mo a nɛ wolo wom a na swoi to.
A ma yɔɔre a to a gorege‑o mɔpe.
A maa wo sɛ se a yage‑o
se ko taa nii a ná jaane‑o a vo sɔŋɔ
ye dé zo diga kalo wone
a nu na loge-ne to.
5Jerusalem teo bukwa bam,
da-na wei dedaane feiri dam ŋwaane
á du-na duuri we,
abam bá gigili debam yia
de dé swono kom.
Nam pa-na debam chwoŋa
se dé toŋe dé fera.
Leiŋa 3
6Bɛ mo zege kagoa seeni ko zaŋe kulululu ko beena,
ne nyoa na zaŋe kulululu ka maa diini wɛyuu tei to?
Ko maa nye de ba zwɛ talwoŋ-ywoŋa mo,
pa se ka lwom zaŋe wɛɛne de jage jei maama.
Ko ke nenɛɛne Mura de Faraniki talwoŋ-ywoŋa mo ba zwɛ,
dedaane talwei dwi dwi selo pipim-piina na jege to.
7Nii mo! Ko ye Pɛ Solomon mo ba zeŋe ba via,
ye Isarele jar-keira babɛ sem fuseredo laam gilimi‑o.
8Ba maama jege se-zɔɔro mo,
ye ba yei jara keim laŋa chekke.
Nɔɔno maama se-zɔɔ leigi o teiŋa ne,
se ko ná maŋe ko ye tete ne de,
se kotu ke jara.
9Ba déem kwei Lebanon teo
da-ŋonno mo
ba ma ba ke yituŋu kom ba pa Pɛ Solomon
se ba taa maa zeŋe‑o ba via.
10Ba kwei lu-nyenno mo ba kwoli dɛ selo na teili yituŋu kom to,
ye ba ma sabu-seŋa ba ke ko kuri dem seeni.
Ko ná ye jeiŋa jei sem tete,
ba kwei gare-nasoŋ-pupwia mo
ba gɔgere ba kwoli da.
Jerusalem teo bukwa mo zuri ba yera
ba kwɛ ko wo kom maama.
11Abam Zion teo bukwa bam,
nwoŋi-na pwooni,
se á nii á na Pɛ Solomon na pugi
o paare yipuga kam o yuu ne to.
Ka ye paare yipuga kalo
o nu na kwei o pu‑o
dɛ delo wone o na di o kaane to mo.
Ko maa ye dɛ dem konto ne mo
o wo tiini ko pwoli.",https://www.bible.com/bible/3661/SNG.3.KBG
LEIŊ-YWOŊA 4,"Nɔn-doŋo kom:
1Nii nmo na tiini n lana tei,
amo bochɔŋɔ!
Nmo yibia lana dedɛ ka pa-ne!
Nmo ná mɛ gare-fefala n kwoli n yibia,
n yia yam lana ne kunkwona to mo.
Nmo yu-ywei sem zwora lanyerane
nenɛɛne bone na zege Gilead peero tem yuu ne
de faŋe de maa tu tega tei to mo.
2Nmo yeila yam maa peere cha,
ne pei-kɔgɔ ba na gwoni se koro,
ye ba swɛ-se pa se peere tei to mo.
Ya maama maŋe daane mo,
ye dedoa tete wo sage de chwoŋa.
3Nmo ni-vɔɔro tem nye de
gare-ŋon-seŋa mo.
N ni dem nyenyego de lana dedɛ.
N ná kwoli n yibia de gare-fefala,
n keila yam lam ta nae mo jaja,
ye ya nye de Pomegara tio-bu
na chɛ belei tei to.
4Nmo ba dem yɔɔre de dɔra
nenɛɛne di-dedɔrɔ kolo
Pɛ David na lɔge o zege to mo.
Nmo zambili nye de bembɛ mo kwei ba jara nantane moro
ba pale di-dedɔrɔ kom yera ne.
5Nmo yela yɔɔre ya maŋe daane mo chekke,
nenɛɛne feiri selei na vei daane
ye se zege kantɔgela tetare ne se di gaao tei to.
6Tega ta ná wo poore,
se tetete vo-zuru kom dole,
amo nam wó vo a maŋe
nmo peero telei tem seeni,
mɛ ba na zezage Mura terale
de talwoŋ-ywoŋa
pa se se lwom zaŋe lanyerane to mo.
7Amo bochɔŋɔ, n yɔɔre n lana mo
se ko gaale,
ye gɛɛ tera de fenfee de.
8Amo katɔgɔ, pa dé yage Lebanon peero jei sem!
Zege dáane yiga yiga n ba amo tei.
Zege Amana peo kom yuu ne,
de Senira peo kom,
de Heremon peo kom yuu ne,
n tu n ba.
Yage jei sem konto
de gugworru tem konto,
se nywonnu de gweera mo zoore da.
9Amo bochɔŋɔ de a katɔgɔ tete,
nmo mo yɔɔre n jei a bochare ne.
Ko nam ye n na dole n yi bedwe
n nii-ne tei to,
de n ba zambili dem kandwɛ-nyeno dedoa na nyeene tei to mo
n mɛ n gane a bochare n wane.
10Amo bochɔŋɔ de a katɔgɔ tete,
nmo na swoi amo tei to
tiini ko lana ko pa-ne!
A na laŋe n swono kom a nii to,
ko ywoni dwoi sa-sona na ye tei to.
Nmo yera terale dem lwom mo tiini de lamma
de dwoi talwoŋa dwi maama lwom.
11Amo katɔgɔ, n ni-vɔɔro tem
sona te pa-ne,
nenɛɛne tooro-kara na sona tei to mo.
Ko nye nenɛɛne tooro de nayela mo
wo n dindeilimi kuri ne.
Gwaaro telo n na zo to lwom
de maa ywomma,
ne Lebanon teeni dem lwom
na ye tei to.
12Amo bochɔŋɔ de a katɔgɔ tete,
nmo ye gaare delo ni
na fɔge de pe to mo.
N ta ma‑n ye buli-yi delo
ba na chege to,
ye nɔɔn-nɔɔno dae se o mɔ de na.
13Nmo yera yam nye de teeni dedɛ mo puli da,
de na leiri Pomegara tio-bia
na ywomma to.
Talwoŋ-ywoŋa de pun-laaro telo lwom na ywomma to de maa wora.
14Talwoŋ-ywei sem maa ye Naradi,
de Saferon, de Kalamus,
de Kinamon, de teeni delo maama
na pa talwoŋ-ywoŋa to.
Mura maaro, de Alwo teeni,
de talwoŋ-ywoŋa kalo maama
na tiini ka lana to de wora mo.
15Nmo yɔɔre n ye buli-yi delo
na tigi gaare wone to mo.
Buli-yi dem konto buri bu-dura mo,
ye ka na bam nwoŋi Lebanon peero tem seeni
ba duri ba tole ba via.
Bukɔ wom:
16Vio kolo na nwoŋi baŋa seeni to,
zaŋe n ta‑n dola!
Tega-kuri seeni vio kom de zaŋe ko ba!
Pa se ko taa dole amo gaare dem ne,
se a gaare dem lwom jage
de yi jei maama.
Pa se a bɔɔlo wom zo
o gaare dem wone,
se o di de wo wo-bi-laaro tem maama.",https://www.bible.com/bible/3661/SNG.4.KBG
LEIŊ-YWOŊA 5,"Nɔn-doŋo kom:
1Amo bochɔŋɔ de a katɔgɔ tete,
a tu se a zo a gaare dem wone mo.
Amo lage a pɛ a Mura maaro tem
de a talwoŋ-ywei sem mo.
A maa lage a di a tooro tem
de a tooro-kara kam.
A ta maa lage a nyɔ a sana bam,
se a daare a di a nayela bam.
Ba badwonna bam:
Dé badwonna bam, ta‑á di-na
se á yɔɔre á su!
Daa ta‑á nyɔ-na,
se á laam ba á bugi,
á na swo daane to ŋwaane.
Leiŋa 4
Bukɔ wom:
2Amo ya na tigi a dɔ to,
a boboŋa ba dɔa.
A laam ma ni we a bɔɔlo wom tua
ye o dɔne manchwoŋo ni dem!
O maa tɛ o we, “Amo bochɔŋɔ,
pore diga kam n pa-ne,
nmo wolo na ye amo kunkwoŋa
ye gɛɛ tera n yera ne to.
Amo yu-ywei sem yɔɔre se bugi mo de nyɔnɔ.”
3Amo nam ya maŋe a lɔɔre
a gwaaro a de tega ne mo.
A daa jege se a lɛ-te mo na?
A nam maŋe a zare a nɛ,
ko ye ko chwoŋa ne se a daa pa se digiri na?
4A bɔɔlo wom twe o jeŋa mo
se o pore diga kam ni.
Konto maa pae se a bochare yɔɔre de zaga dedɛ.
5Amo de ma zaŋe
se a pore ni dem a pa‑o,
ye Mura maaro taare a je sem maama.
A ma vo a dwei bworo kom
se a pore-ko,
ye Mura maaro bɔɔre ka tɔge
a nwa tetare ne ka lura.
6A ma pore diga kam a pa a bɔɔlo wom,
de o na pipiri o viiri
o daare-ne to de.
Amo lage a beiri mo de o na jei to.
A ma nwoŋi a beeri o jei a ga.
A maa tɔɔle a bwoi o yere.
O nam wo leiri-ne.
7Balo na yere teo kom tete ne to
de maa kare ba via.
Ba maa na nɛ amo to,
ba ma mage-ne ye ba ke-ne zonne.
Ba ta ma vere a gare-wogo kom.
Ko ye teo kom kabiri yerena bam
mo ke konto!
8Jerusalem teo bukwa bam,
du-na duuri we,
abam ná nɛ a bɔɔlo wom,
á wó ta á bere‑o we
a lage a beiri mo
a fera na wo o swono kom wone to ŋwaane.
Á bá sɛ se á ke konto na?
Jerusalem teo bukwa bam:
9Nmo wolo na lana
n dwoi kaana maama to,
bɛ mo pɛ se n boŋe we n bɔɔlo wom
mo gare nenɔna maama?
Bɛ mo pɛ se n pa debam ni
se dé kwei dé pa‑o?
Bukɔ wom:
10Amo bɔɔlo yɔɔre o ye lanno mo,
ye o yibia nyeena.
O ta maa zege mare-mare
nɔɔna moro tetare ne.
11O yibia lam nye de sabu-seŋa mo chekke.
O yu-ywei sem maa bobwale,
ye se laam zwora
ne badunu na ye tei to.
12O yia yam nyenyego ye
ne kunkwona balei mo tei,
ba na zege bu-tola ni ne,
ye ba kwei nayela ba zare-ba
pa ba peere cha to.
Ya fɔge ya meeli o yibia kam ne,
ne kandwa-nyenno mo to.
13O keila yam seeni nye de
gaare delo wone ba na dugi dwoa-bia
balo lwom na ywomma to mo.
O ni-vɔɔro tem nye de ga-pun-laaro,
ye Mura maaro bɔɔre
ka tɔge da ka lura to.
14O vɔna yam nye de sabu-seŋa
da-dedwaaro mo,
ba na kwei Berili kandwa-nyenno
ba meeli da tei to mo.
Ko ná ye o yera yam tete,
ya nye ne tuu yeila mo,
ba na kwei Safira kandwa-nyenno
ba ma ba gɔgere-ya.
15O nɛ sem maa ye nenɛɛne ywoa yalo
ba na mɛ pe-siswollu ba ke
ye ba kwei-ya ba chwi kugu jei selo
ba na mɛ sabu-seŋa ba ke to.
O maa zega ne Lebanon peero tem na ye tei to,
ye o ba jege dwoŋi
ne Sedare teeni de na ye tei to.
16O ni dem tete mo tiini de sona.
A fera maa yɔɔre ya tigi o wone.
Jerusalem bukwa bam,
amo bɔɔlo wom mo tento.
Wonto nam mo ye amo badwoŋ-chɛɔ.",https://www.bible.com/bible/3661/SNG.5.KBG
LEIŊ-YWOŊA 6,"Jerusalem teo bukwa bam:
1Nmo wolo na lana
n dwoi kaana maama to,
n bɔɔlo wom vei yei ne mo?
Ta n bere debam o na kwei chwoŋa kalo to,
se dé tɔge dé woli‑m dé beeri o jeiga.
Bukɔ wom:
2Amo bɔɔlo wom laam tu
o wo o gaare dem wone mo,
mɛ ba na dugi dwoa-bia balo
lwom na ywomma to.
O maa beeri gaare dem wone
ye o lae kantɔgela o ke daane.
3Amo maama ye a bɔɔlo wom nyem mo,
ye o de yɔɔre o ye amo nyem.
O laam maa yɛ kantɔgela yam wone.
Leiŋa 5
Nɔn-doŋo kom:
4Amo bochɔŋɔ, nmo lam dem yɔɔre de nwoŋi mo,
ne Tiraza teo na ye tei to.
Nmo yibia lana mo,
ne Jerusalem teo kom na ye tei to.
Nmo yɔɔre n jege nenɔŋa dedɛ,
ne chalechwe sem na bere jaja tei to.
5Ke n yia dáa dáa
se n yé ta‑n nii amo seeni,
ya na pae a bochare zaga to ŋwaane.
Nmo yu-ywei sem zwora lanyerane
nenɛɛne bone na zege
Gilead peero tem yuu ne
de faŋe de maa tu tega tei to.
6Nmo yeila yam peere cha ne pei kɔgɔ
ba na swɛ-se pa se peere tei to mo.
Ya maama maŋe daane mo,
ye dedoa tete wo sage de chwoŋa.
7N ná kwoli n yibia de gare-fefala,
n keila yam lam ta nae mo jaja,
ye ya nye de Pomegara tio-bu
na chɛ belei tei to.
8Pɛ ná maŋe o di kaana fuseredo,
dedaane ka-bi funɔnɔ,
ye busankan-pwoli moro ná wo
o tei ne de,
9wolo wom na tigi amo bochɔŋɔ ne to
ta ba jege dwoŋi!
O ye amo kunkwoŋa na ba jege gɛɛ o yera ne to mo.
O maa ye o nu bukɔ-doa,
ye o nu wom swoi wonto
o dwoi o bia bam maama.
Busankan-pwoli sem na nɛ‑o to,
ba sɛ we o jege yu-ywoŋo lanyerane.
Pɛ wom kaana bam,
de o ka-bi sem maama
de maa yɔɔre ba seini‑o.
10Ba maa we:
“Wɔ mo tento na yɔɔre o ye jase
ne tega na jege ka poore to?
Wonto lam nam nye de
chana kam na peere tei,
ye o pae pwooni ne wea kam.
O ta maa jege nenɔŋa dedɛ,
ne chalechwe sem na bere jaja tei to.”
11Amo vei bwolo kom ne mɛ
a ya na jeiri a teeni to mo,
se a nii ga-lɛɛro puli da na?
A vei se a nii Vini teeni dem kwi vɔɔro,
ye Pomegara teeni dem de ke punnu na?
12Amo boboŋa laam ma vugimi
wopwolo ŋwaane.
Ko ke-ne nenɛɛne a jei
pa-bu saŋa ne mo,
ye sisein-nɔɔna vaŋe debam
de torokooro se via.
13Sulam tiina bukɔ,
jwoori n ba ywo-seeni!
Ba ywo se dé wane dé taa nii nmo!
Bukɔ wom:
Bɛ mo ye á lage á nii
wolo na ba jege gɛɛ to,
ne o na tɔge kɔgɔ kuni belei
tetare ne o sae to?",https://www.bible.com/bible/3661/SNG.6.KBG
LEIŊ-YWOŊA 7,"Nɔn-doŋo kom:
1Nmo ye pɛ bukɔ mo chekke.
N nɛ sem de se natera jege lam dedɛ.
Nmo chwoa yam jege fera
ne kandwa-nyenno mo tei.
Ya maa nye de gɔgɔ mo mɔɔne-ya.
2Nmo wuri dem nye de zoŋa mo
na maŋe se ka taa sui
de sa-sona maŋa maama!
Nmo puga kam nye de men-pwei mo ba tigisi ba tiŋi,
ye kantɔgela laam kaare ya maama ya pu.
3Nmo yela yɔɔre ya maŋe daane mo chekke,
nenɛɛne feiri selei na vei daane tei to.
4Nmo ba dem yɔɔre de dɔra
nenɛɛne di-dedɔrɔ ba na mɛ tuu yeila ba ke to mo.
N yia yam de maa nye de
Hesebon chwaro tem na tigi
Baf-Rabim ni dem seeni to.
N momwɛ dem lam nye de
Lebanon di-dedɔrɔ
kolo na tole ko nae Damasika teo seeni to mo.
5Nmo yuu kom zaŋe wɛɛne,
nenɛɛne Kamele peo kom
na ye tei to mo.
Nmo yu-ywei sem zwora
ye se nyeene lanyerane.
Pɛ wom ná nɛ‑m,
o daa ware o tete se o ja,
n yu-ywei sem na tiini se lana to ŋwaane.
6A bochɔŋɔ, nii nmo na tiini
n lana tei!
Nii n na tiini n jege fera n pa-ne tei!
7Nmo yera yam zege ya maŋe daane mo
ne konkwara na zege mare-mare tei to.
N yela yam maa su daane
ne ka tio-bia na leigi zɔgɔ tei to.
8Amo laam wó di konkwara kam yuu mo,
se a yi ka tio-bia na leigi mɛ to.
Ta pa se n yela yam taa nye de
tio bi-zwaro telo Vini tio na ke to.
Nmo ná sii n yera vio,
a swoi se ko lwom taa ywomma
ne kaligwoŋo tio-bia lwom
na ye tei to mo.
9Amo ná jaane n ni se a mu-de,
pa se ko taa ywomma ko pa-ne
ko dwoi sa-ŋona ywoni.
A bochɔŋɔ, nam pa se sana bam
taa tole nmo ni-vɔɔro
de n yeila ne ba taa lura ba tua.
Bukɔ wom:
10Amo maama ye a bɔɔlo wom nyem mo,
ye o de fera yɔɔre ya wo amo wone.
11A bɔɔlo, nam pa se dé nwoŋi
teo kom wone
dé vo dé taa wo pwola ne,
ye dé tigi te-balwa jei ne.
12Dé laam maa wó gwoni tega
dé vo dé zo Vini teeni kare sem wone,
se dé nii de kwi vɔɔro de punnu na?
Dé ta wó daare dé nii
Pomegara teeni dem ke punnu na?
Dáane mo amo wó kwei a tete a pa‑m
se ko bere a swono.
13Mandaraka ga-punnu tem lwom
mo jwoŋi jei sem maama.
Tio-bia dwi dwi mo tigi
dé diga kam ni ne!
A bɔɔlo, a kwaleme te maama
a tiŋi a pa nmo,
se n wane n di te ywoni.",https://www.bible.com/bible/3661/SNG.7.KBG
LEIŊ-YWOŊA 8,"Bukɔ wom:
1Ne n ya ná ye a nabɔ
wolo na ŋɔge a tete nu yele to,
ye dé ná jeeri daane jei selo maama ne,
a ya wó mu n ni mo,
ye nɔɔn-nɔɔno bá ta we
a ke a chɔge.
2A ya wó ja‑m se dé tɔge daane
dé vo sɔŋɔ,
ye dé zo diga kalo wone
a nu na kɔne-ne to.
A laam wó kwei sa-sona
de amo Pomegara tio-bia nyoa bam
se n nyɔ n su.
3O ma kwei o jagwia kam o teili a yuu,
se o daare o ma o jazem dem
o kukwori-ne.
4Jerusalem teo bukwa bam,
du-na duuri we
abam bá gigili debam yia
de dé swono kom.
Nam pa-na debam chwoŋa
se dé toŋe dé fera mo.
Kweelim taane
Jerusalem teo bukwa bam:
5Busankana kɔ mo tento
o zege kagoa seeni o beene,
ye o sale o bɔɔlo wom yera ne?
Bukɔ wom:
Kaligwoŋo tio kom kuri ne,
mo a pepage‑m se n zaŋe.
Ko ye dáane mo n nu déem jaane n puga.
Jei sento ne mo o ta virigi n puga
ye o lo‑m.
6Pa se amo yerane taa tigi
n bochɔŋɔ ne,
se ko taa ye ne a ye zɔŋɔ mo n ba ne,
naa baŋa mo n jeŋa ne to.
Kokuri swono vɔɔre ko tui
nɔɔna baŋa mo,
ne toone na ke tei to.
Fera de maa zi nɔɔna
ne yibeela na li-ba tei to.
Ko ta nye de min-vo-fɔrɔ kolo
na yɔɔre ko zwɛ wonnu to mo.
7Na-fɔrɔ ná daga tei maama de,
ko ware ko dwei swono mini dem.
Buga ná maŋe ka su ka wɛɛle tei de,
ka ware ka zɔre swono pa ko jei.
Nɔɔno ná maŋe o ve o sɔŋɔ jejegero maama
se o wane o yeigi swono,
nɔɔn-nɔɔno bá jwoŋi-te o tei ne.
Bukɔ wom nabwa:
8Dé jege dé nakɔ balaŋa,
o ta na wo yi se o mage yela.
Ne nɔɔno ná tu o we o lage‑o
se o di o ke kaane,
dé laam wó ke tɛ mo?
9O ya ná ye kabira,
dé wó kwei lu-nyenno mo
dé ma dé lɔ dé daŋe o baŋa ne.
O nam ya ná ye diga ni bworo,
dé wó kwei Sedare da-ŋonno mo
dé ma dé kwoli o yera se ya kwɛ.
Bukɔ wom:
10Amo seene a ye kabira mo.
A yela yam nam nye de
di-dedwaaro na zege choraam to mo.
Konto ŋwaane mo a kikia laam su
a bɔɔlo wom yi.
11Solomon déem jege Vini teeni gaare Baal-hamon ne.
O ma kwei-de o jene o pa nɔɔna
se ba dedoa dedoa yeini ba taa pa‑o
lu-nyenno sabu-dala moro
de tio-bia bam ŋwaane.
12Ko nam ná ye amo tete Vini teeni gaare dem,
de ye amo nyem mo
se a taa nii de baŋa ne.
Ko ná ye sabu-dala moro kom,
ko ye nmo Pɛ Solomon nyem mo.
Balo na nii de tio-bia baŋa ne to,
ba de wó jwoŋi sabu-dala bia yalei mo.
Nɔn-doŋo kom:
13Nmo wolo na kare n beeri
gaare dem wone
ye n yuudwonna wo n tei ne
ba cheigi nmo kwora to,
pa se amo de ni n kwora!
Bukɔ wom:
14Amo bɔɔlo, ke lela n ba amo tei!
Duri nenɛɛne feira naa woŋ-pɔla mo na duri lela tei
se ka vo ka yi peero telo na su de talwoŋ-ywoŋa to.",https://www.bible.com/bible/3661/SNG.8.KBG
IZAYA 1,"1 Baŋa Wɛ déem veere wonnu tento na tɛ Judah de Jerusalem taane to o bere Amozi bu Izaya mo. Ko nam ye maŋa kalo Yuzia, de Jotam, de Ahaz, de Hezekia na di Judah teo paare ba saŋe da-kwaga to mo.
Baŋa Wɛ vaŋe o nɔɔna bam zwa
2Wɛyuu cheigi! Tega baŋa de cheigi!
Baŋa Wɛ na tage tei to mo tento:
“Amo kɔne a bia mo, ye a nii ba baŋa ne.
Ba nam nwoŋi a kwaga ne.
3Nabea yei ka tu.
Bonaga de yei ka tu, de ka tu na pae-ka wodiu mɛ to.
Amo nɔɔna Isarele tiina bam nam yeiri-ne.
Ba ba ni amo na jege kolo a ke to kuri.”
4Woo, nii teo konto na swoi wɛleera keim tei!
Ba ye balo boboŋa na ywori to mo.
Ba ta ye nɔn-balwaaro dwi mo,
de bia balo totoŋa na ba tɔge chwoŋa to!
Ba ve Baŋa Wɛ wom na ye Isarele dwi dem Wo-pwoŋo Tu wom to mo.
Ba ma pipiri ba kwaga ba ya‑o.
5Bɛ mo ye á ta yɔɔre á ke zwabania kikia?
Á ba kɔre se Wɛ waare abam na?
Abam yuni su de fufwollu mo,
ye á bochara yam wone de, yazura tera.
6Ko na zege á yuni ne se ko taa tu á napera kuri ne to,
yazura tera á yera yam wone.
Fufwollu, de kalwanno,
de ŋɔn-zana yerane mo wora.
Abam nam ba zare á ŋɔna yam, se á vɔ-ya.
Á ma á ba ke liri ya wone
se ya jei ya pa abam.
7Abam tega kam yɔɔre ka tigi mo yɔɔ yerane.
Mini ma zwɛ á teene dem maama.
Veira mo tu ba zage á kare wodiiru maama nyɔ,
ye abam zege á nia.
Sa-teena bam konto ma chɔge á tega kam maama
pa se kolokolo wo daare.
8Zion teo ye ko yerane mo ko zega,
ne pwoŋa na chwi ka zega gaare ne tei to.
Ko ta nye de vwei mo na zege gaane kara tetare ne.
Ko maa ye nenɛɛne teo kolo ba na li-ko
se ba ke jara ba di to.
9Paŋwa Tu Baŋa Wɛ wom
ya ná wo daare debam badaara se dé wori,
debam de ya wó chɔge dé ti,
ne ko déem na ke Sodom teo tiina tei to mo.
Dé ya ta maa wó ji ne Gomora teo déem na ye tei to.
10Nam cheigi-na Baŋa Wɛ taane dem,
abam balo na ba gare Sodom teo dedɛɛra bam to.
Abam balo maa na nye de Gomora tiina bam to,
cheigi-na Wɛ nia yam!
11 Baŋa Wɛ tage o we:
“Abam na yeini á ja vara kɔgɔ kɔgɔ
á ke kaanem dedɛ tei to,
á boŋe we amo yiga wo ya wone mo na?
Amo yera chɛ mo de abam na kwei pi-bale,
de na-paala lara,
á ma á ke zwɛɛm kaanem á pa-ne tei to.
Amo yi nam wo su
á na-bale, de pipeili, de bo-bwaalo jana balo
á na kwei á pa-ne to.
12Á na yeini á tui á ware-ne to,
wɔ mo pɛ se á kare á kekare amo wara-jei sem ne
de á vara bam konto?
13Daa yé ta‑á jaane pɛɛra á tui ywo se á kwei-ya á pa-ne,
kokuri ya daa ba jege kuri!
Talwoŋa kalo á na kwei á zwɛ á pa-ne to
ye wo-zɔɔne mo amo tei ne.
Abam na yeini á di kura chan-doŋa ŋwaane,
naa siu dɛ ŋwaane, naa á kɔgɔ tigisim ŋwaane to,
amo yera wiiri mo de á na toŋe lwarem á woli da tei to.
14A jworo mo yɔɔre ko nwoŋi á chan-doŋa kura yam,
de wodi-fɔrɔ kura yam.
A ba veele de-ya mo ne a ga zeŋe zele mo to,
ye a yera chɛ ya ŋwaane.
15Abam ná twe á je á jeeri-ne wɛ-lworo baŋa ne,
amo wó pipiri a kwaga mo a ma a ya abam.
Abam nam ná tiini á ware-ne á dáane tei maama de,
a bá cheigi á wɛ-lworo kom.
Kokuri to, á je sem maama taare de jana mo.
16Nam sane-na á je sem,
se á daare á fɔge á kwɛ á tete.
Ja-na á totoŋ-lwanno tem
á vo dáa á daare-ne.
Yage-na lwarem totoŋa yalo á na jege á ke to,
17se á laam zamese lanyerane keim!
Beeri-na se chega kam taa toŋa,
se á daare á che balo na bɛɛse ba dwonna to.
Ta pa-na se botara na ba bora,
ye á ŋɔɔne á pa kadeina de.”
18 Baŋa Wɛ na tage tei to mo tento:
“Ba-na se dé bwɛ wonnu daane.
Abam wɛleera yam ná maŋe ya pa se á biini tei maama de,
amo wó saare ya digiru tem,
se á ta‑á jege wo-pwoŋo fase.
Kolo na biini abam to ná tiini ko seene chwɛ-chwɛ mo de,
amo wó pa se á ŋwea kam peere cha,
ne lɔŋɔ na ye tei to.
19Abam wo ná dɛa, pa se á jege ni-sɛɛm á pa-ne,
mo á wó di tega kam wo-laaro tem á su.
20Abam nam ná ve, pa se á nwoŋi amo kwaga ne,
á dona mo wó go abam jara wone.”
Baŋa Wɛ tete ni taane mo konto o taga o tiŋi.
21Nii mo! Teo konto déem jege amo chega.
Leile, ko laam nam yage-ne mo ne ka-tola tei!
Teo kom déem su de chega mo,
ye nɔn-ŋona de ya zoore ko wone.
Nɔn-gora laam nam mo wora.
22Abam déem jege lam ne lu-nyenno mo.
Á laam nam jigi wo-yɔɔro.
Boboa ne to, á déem ye sa-ŋona mo.
Na laam nam mo gwaane ba wone.
23Abam nakwa bam ye paweero mo,
ye ba me de ŋweena.
Ba maama swoi kalipera kikia mo,
ye ba duri ba tɔge pɛɛra kwaga.
Ba yeini ba kweele chega botara tei ne.
Ba nam ba di taane ba bore ba pae kadeina.
24Konto ŋwaane mo Paŋwa Tu Baŋa Wɛ wom
na ye Isarele tiina Dam Tu wom to tage jase o we:
“Amo bane wó zaŋe abam balo na jigi a dona to baŋa ne,
se á daa yé ja cham á ba á pa-ne.
25Amo wó pa ko chɛ abam yera ne,
se a wane a le á yera digiru tem maama,
ne luru na kwɛ lu-nyenno se o le te digiru tei to.
26A maa wó pa abam dedɛɛra de yi-pore-nyena
se ba taa nii á baŋa ne lanyerane,
ne ko déem na ye tei faŋa kam ne to.
Konto kwaga ne nɔɔna laam wó bwoŋi abam yere we,
‘Teo kolo na tɔge chega yerane to’,
de ‘Teo kolo na ke ba chega de Wɛ to.’ ”
27 Baŋa Wɛ wó da o chega kam ŋwaane
o jwoŋi Jerusalem tiina bam o yage.
Balo na pipiri ba jwoori o tei to wó na verem.
28Ko nam ná ye wɛleere keira,
de balo na ve Baŋa Wɛ to maama,
o wó meere-ba mo pa se ba jei.
29Chaveera wó ja abam,
de á na kwei á teena á daŋe tangwana baŋa ne,
ye á daare á zuli jwona liri-mwa tiina kara wone to.
30Abam wó ji ne tei-zɔŋɔ kolo vɔɔro na kwaare to,
de gaare delo na gɛ na se ba ma ba yage-de to mo.
31Dedɛɛra wó ji ne lɔŋɔ mo tei,
ye ba totoŋ-balwaaro de ji ne min-cheŋo de zwɛ-ko,
Nɔɔna bam tete de ba kikia maama maa wó chɔge lela
ne mini na zwɛ wonnu tei to.
Nɔɔn-nɔɔno bá wane o jwoŋi-ba o yage.",https://www.bible.com/bible/3661/ISA.1.KBG
IZAYA 2,"Baŋa Wɛ nenɔŋa wó bere jaja
1 Baŋa Wɛ déem na le wonnu telo na tɛ Judah de Jerusalem taane o bere Amozi bu Izaya to mo tento:
2Maŋa wó ba ye Baŋa Wɛ diga kam na zege peo kolo yuu ne to na yere ko dwoni logo baŋa jei maama. Ko wó taa zege wɛɛne vili-vili se ko dwoni peero tem maama. Dwi maama tiina wó taa nwoŋi ba teene dem ne ba twoŋi daane taa ba yɔɔre da.
3Dwia yera yera maa wó ba da ye ba ta ba bere daane we,
“Pa-na se dé vo dé di Baŋa Wɛ peo kom yuu
se dé zuli Jakob Wɛ wom o diga kam ne.
Wonto wó bere debam o chwei sem,
se debam de wane dé taa tɔge-se.”
Kokuri to, da yam konto ne Wɛ bera yam wó zege Zion ne mo
ya jage jei maama ne.
Baŋa Wɛ kwora kam maa wó nwoŋi Jerusalem ne
ka yi nɔɔna maama.
4Logo baŋa dwi tiina balo maama ná jege daane,
Wɛ wó fɔge-ba o ke daane ye o lwɛ ba jara yam.
Ba maa wó kwei ba jara-keim se-zɔɔro ba ma lu vaane,
se ba chichwoa yam de pipiri ya ji lare ya pa-ba.
Teo daa bá kwaare jara de ko dwoŋi.
Nɔɔna de daa bá zamese jara keim.
5Jakob dwi tiina bam, nam ba-na!
Pa-na se dé taa vei pwooni delo Baŋa Wɛ na tiŋi o pa debam to wone.
Baŋa Wɛ dɛ-kamunu kom taane
6 Baŋa Wɛ, nmo yɔɔre n dole n nɔɔna Jakob dwi tiina bam n yage mo.
Ba yeini ba tɔge wɛ-puli seeni liri-mwa tiina kikia,
ye ba beeri yi-nara ne Filisi tiina bam na ke tei to mo.
Ba maa me de dwi-gɛ tiina de ba chullu tem.
7Ba teo kom maama su de lu-nyenno de sabu-seŋa mo.
Ba jejegero tem ware te jeeli te ti.
Ba tega kam ta su de sisein-nɔɔna mo,
ye ba ware ba sisei-torokooro tem ni se ba ga ba ti.
8Ba tega kam maama su de jwo-yɔɔro mo.
Ba maa tiiri ba zuli wonnu telo ba tete je sem na ke to.
9Nɔɔna gwooni ba tete ya yiga ne,
ye ba daare ba vwi ba yibia tega ne ba pa-ya.
Konto ŋwaane, yé kwei ba wɛleera yam n chɛ-ba.
10Nam véi-na peero tem gugworru ne,
se á seigi tega kam wone.
Kokuri to, Baŋa Wɛ ban-zɔŋɔ kom jege foone mo
ye o nenɔŋ-fɔrɔ kom de tiini ko nye.
11Dɛ dem konto ná yia,
nabiina balo na gwooni ba dwonna to wó to tega ne.
Balo na bere ba tete kamunim to de wó jwoori ba ba tega.
Baŋa Wɛ yere dem yerane mo wó zaŋe wɛɛne.
12Paŋwa Tu Baŋa Wɛ le dɛ mo o tiŋi dáa ne,
se o waare balo na jege fia ye ba bere we ba fuŋi to.
Dɛ dem konto ne banto maama wó to tega ne.
13O ta wó gwoni Lebanon tei-dedwaaro tem,
de tei-zwanno tem na wo Basan laŋa kam ne to o de tega ne.
14O maa wó pa pe-dedwaaro tem
de zwonnu telo na wo wɛɛne to jwoori tega,
15ye di-dedwaaro dwi maama
de teo kabiri-lilirru dwi maama de to tega ne.
16Ko ta ná ye nabwooru telo na beeri pipiu ŋwaane to,
de telo dwi na lana to,
te maama de wó chɔge dɛ dem konto ne.
17Nabiina kamunim kikia maama wó ti mo
pa se ba fia kam ji kafɛ.
Baŋa Wɛ yere dem yerane mo wó zaŋe wɛɛne.
18Jwona yam nam lage ya pɔpɔ ya jei mo.
19Nɔɔna wó duri mo ba vo ba seigi peero gugworru wone,
dedaane tega kuri bɔɔna wone,
maŋa kalo Baŋa Wɛ na wó zaŋe o fugi-ba to.
Kokuri to Baŋa Wɛ jege foone o pa-ba,
ye o nenɔŋ-fɔrɔ kom de tiini ko nye mo.
20Dɛ dem konto nam ná yia, nɔɔna wó kwei ba jwona
yalo ba na mɛ sabu-seŋa de lu-nyenno ba mɔ se ba taa zuli to mo
ba dole ba yage,
se twarro de jenjwaano taa kare te kekare ya baŋa ne.
21Ba laam wó vo ba seigi ba tete peero bɔɔna wone,
de gugworru wone,
se ba wane ba lu Baŋa Wɛ ban-zɔŋɔ de o nenɔŋ-fɔrɔ kom.
Konto wó ke maŋa kalo Baŋa Wɛ na wó zaŋe o fugi nabiina to mo.
22Yé ta‑á jege-na nabiina chega.
Ba yɔɔre ba bwona mo lage-lage ne siu tei.
Dam dɔ mo ba jega se á sale ba yera ne?",https://www.bible.com/bible/3661/ISA.2.KBG
IZAYA 3,"Lɛɛro wó ba Judah tiina baŋa
1Nii-na ywo!
Yuu-tu Baŋa Wɛ wom na ye Paŋwa to ti o yiga mo
se o le Jerusalem tiina bam de Judah tiina bam
ya na teege wonnu telo maama baŋa ne to.
Ko maa ye ba wodiiru de ba na bam mo konto.
2O ta wó le ba bembɛ sem, de ba jar-keira bam,
de ba dedɛɛra bam, de ba sampwori sem de.
O maa wó le vora bam, de nakwa bam ba wone.
3O daa ta wó le ba jar-keira yiga tiina, de ba nɔn-yerro tem,
de ba swa tiina bam, de ba gwaro tem, de ba liri-mwa tiina bam de.
Baŋa Wɛ maa we:
4“A lage a kuri busɔ-nyena mo se ba taa ye teo kom dedɛɛra,
se ba kwei boboŋ-yɔɔro ba taa maa nii teo kom.
5Nɔɔna wó da ko ŋwaane se ba taa bɛɛse daane mo.
Baaro wó nwoŋi o dwoŋi kwaga ne,
ye fara de nwoŋi da-kwaga ne.
Bia daa bá taa nege nɔn-kwe.
Nɔn-yɔɔro de maa wó dwoni de nɔn-yum.
6Kanto maŋa ne nɔɔno wó vo o kwo sɔŋɔ
o kuri o dwi nɔɔno dedoa ye o ta ded‑o o we,
‘Nmo na jege gɔrɔ n zoore to ŋwaane,
ta‑n ye dé yiga tu se n le debam lɛɛro tento wone.’
7Konto tu de maa wó leiri o ta jaja we,
‘Amo bá wane abam a jwoŋi a yage.
A ba jege wodiu, naa gwaaro a sɔŋɔ ne.
Konto ŋwaane, yé le-ne-na se a ji nɔɔna bam yiga tu.’ ”
8Nii-na! Jerusalem teo kom yɔɔre ko titirigi mo se ko to!
Judah kateiri dem maama wora de toe mo!
Ba ni taane de ba kikia maama ba tɔge Baŋa Wɛ boboŋa.
Ba maa mae ba kwaga ba ya wonto de o paare dem.
9Ba yibia maama bere we ba ba lage Baŋa Wɛ ni taane.
Ba maa yɔɔre ba ke wɛleera jaja,
ne Sodom tiina déem na ke tei to.
Lɛɛro mo wó yi-ba!
Ko maa wó zege ba tete yera ne.
10Ko nam ná ye balo na zege de chega to,
ta de-ba we, wonnu wó tɔge chwoŋa te pa-ba.
Ba wó na ba totoŋa yam nyɔɔre.
11Lɛɛro taa wo puseŋ-nyena bam baŋa ne!
Cham mo lage de yi-ba!
Ba lage ba na ba totoŋ-balwaaro tem ŋweero mo.
12Busɔ-nyena mo jege a nɔɔna bam ba bɛɛsa.
Kaana de maa jege-ba ba nia.
Amo nɔɔna bam, á yiga tiina bam mo jaane abam ba ywori.
Ba maa pae se á tusi chwoŋa kam.
13 Baŋa Wɛ tete nam mo tu se o saŋe nɔɔna bam.
O jege taane mo de-ba.
14 Baŋa Wɛ lage o di o nɔɔna nakwa bam,
de ba dedɛɛra bam taane, ye o ta de-ba we:
“Abam mo jaane amo Vini teeni kara kam á chɔge.
Á ta daare á vere wonnu nabwona tei ne
á ja á zo á tete sam wone á tiŋi da.
15Wɔ mo pɛ abam chwoŋa
se á ta‑á yɔɔre á peene a nɔɔna bam?
Á ta maa jege yiniga tiina jana á nyɔa.”
Paŋwa Tu Baŋa Wɛ mo tage konto.
16 Baŋa Wɛ ta ma ta o we:
“Jerusalem teo kaana bam tiini ba bere ba tete mo.
Ba maa kare ba via,
ye ba ba nii ba nae nɔɔn-nɔɔno.
Ba maa jege ba yia ba soge baara se ba da ba kwaga.
Ba maa na vei to, ba jege ba kura mo ba dole ba bere nɔɔna.
Ba maa kare ba vei ye ba na-jullu tem dɔne de sɔɔ.
17Konto ŋwaane, a nam wó pa se ŋɔn-daala jeini ba yuni tem ne,
ye a daare-ba a zege de kuri-nɔrɔ yerane.”
18Maŋa kam konto ná yia, Baŋa Wɛ wó le Jerusalem kaana bam yera zela yalo na pae-ba lam to, se o daare-ba o zege kafɛ. Ko maa ye ba na-jullu tem, de ba zambila yam, de ba yum lu-nyenno tem, 19de ba zwa-kwana yam, de ba je bɛ sem, de ba gare-fefale selo na kwoli ba yibia to. 20O ta wó le ba yu-kwale sem, de ba ban-jullu tem, de ba vovwe sem, de ba talwoŋ-ywei sem, de ba swa-gungwollu tem, 21de ba jafola yam, de ba momwa kwana yam. 22Ko nam ta ná ye ba gare-nyenno, de ba gare-dedwaaro, de ba gare-danno tem, de ba tampɔro tem, 23de ba niiru tem, de ba gare-fefale sem, de ba yuu gare-yia yam, de ba gare-woru tem, Wɛ wó le wonnu tento maama mo kaana bam tei ne.
24Ba wó taa teene se lwom na ywona to mo zaŋe,
ye ba yera lwom nam mo wó chɛ nɔɔna momwa ne.
Ba ya ná teene teiŋa vovwe,
ba wó na ŋone yerane mo.
Ba ya ná teene se ba yu-ywei taa lana,
ba yuni tem wó fe te daare yu-kapwooru mo.
Ba ya ná boŋe se ba zo gare-nyenno,
ba wó zo gare-nyenyaaro mo.
Ba lam dem wó leiri de ji wo-yɔɔro tento dwoŋi mo.
25Á teo kom baara bam wó te jara-keim baŋa ne mo.
Á bembɛ sem de wó tɔge jara baŋa ne mo ba te.
26Jerusalem teo manchwo-peo kom tete wó taa keeri mo ga ŋɔɔ,
teo kom na yɔɔre ko chɔge ye nɔɔna daa tera ko wone to ŋwaane.
Ko maa wó taa nye de kaane na jei tega ne bwori
ye o wo yɔɔre ko chɔge to.",https://www.bible.com/bible/3661/ISA.3.KBG
IZAYA 4,"1Maŋa kam konto nam ná yia,
kaana barepɛ mo lage ba to
ba gorege baaro dedoa,
ye ba ta ded‑o we,
“Dé wó taa jege dé tete ni-wodiu,
ye dé daare dé beeri dé tete yera gwaaro.
Nam sɛ se dé kwei n yere dé ke dé yera ne,
se ba taa mae-de ba bwoi debam,
se ba yé ke debam chaveera we dé wo zo banna ŋwaane.”
Baŋa Wɛ wó kwɛ teo kom
2Maŋa kam konto ne Baŋa Wɛ wó pa se tega kam teeni de gaaro dwi maama puli dedɛ se ka lam de ka nenɔŋa tiini ko gaale. Tega kam wó ke wodiiru dedɛ ka pa Isarele tiina balo ta na daare to, se ba taa jege wopwolo de teera ka ŋwaane. 3Ba wó taa bwoi Zion teo tiina ta na daare ye ba wo Jerusalem ne to we, “Wose tiina.” Banto yera mo popone ya tiŋi we, ba wó wori chɔgem dem baŋa ne. 4Kokuri to Baŋa Wɛ mo lage o zare Zion kaana bam digiru tem o yage. O lage o toŋe waarem ba wone ne mini mo tei, o ma o zare jana balo na taare Jerusalem teo kom to. 5Baŋa Wɛ laam maa wó pa woro ba ko kwoli Zion peo kom de nɔn-kɔgɔ kolo maama na jeeri da to. Wea ne nyoa wó taa nye de kunkwoŋo mo ko kwoli jei sem. Tete ne min-vogo de maa wó taa wora ko nyeena. Ko wó taa ye ne teo kom de ko lam maama wo pwoŋa kuri ne mo. 6Tento maa wó taa kwoli-ba pa se ba na woro wea funyogo maŋa ne, ye ba daare ba na dalem jei vo-dɛɔ de doa maŋa ne.",https://www.bible.com/bible/3661/ISA.4.KBG
IZAYA 5,"Vini teeni kara kam leiŋa
1Amo wó leeni leiŋa a pa a na swoi wolo to,
ka na bere o Vini teeni kara yera taane to ŋwaane:
Wolo a na swoi to ya jege o teeni kara mo,
o na jeiri-ka zwoŋo kolo tega na lana to baŋa ne.
2O ma va tega kam konto maama lanyerane,
ye o le kandwa yalo na wo ka wone to.
O ta ma jeiri Vini teeni na lana to ka wone.
O ma pu vwei se o taa maa yere-ka.
O ta ma lu gwoŋo se ba taa ŋoke Vini tio-bia nyoa ko wone.
O laam maa jei o cheiga se tio-bia bam be wo-ŋona.
De ko de, ba jigi wo-kanywaano mo.
3“Abam balo nam na zoore Jerusalem teo
de Judah kateiri dem maama ne to,
Zo-na amo de a kara kam tetare á bore bora.
4Bɛ mo a ya daa wó ke de a kara kam
se ka ke lanyerane, ye a wo ke?
A nam ya na beeri wo-ŋona to,
bɛŋwaane mo a kara kam leigi wo-kanywaano yerane?
5Nam nii a na boŋe se a ke tei
de a teeni kara kam to.
A lage a le wonnu telo ya na chege-ka to mo,
se a daare se kara kam chɔge.
A maa wó bwori ka kabira kam a de tega ne,
se vara wane ba zo ka wone ba nɔne teeni dem.
6A ta wó pa se gaaro yerane jwoŋi kara kam.
Nɔɔn-nɔɔno bá gwoni teeni dem nɛ se o kwɛ-de,
naa o va tega kam.
Ga-cheiŋo de sabare mo wó su kara kam maama.
Amo laam maa wó pa kunkwonnu tem ni
se te yé pa doa ne ka wone.”
7Paŋwa Tu Baŋa Wɛ teeni kara kam
mo ye Isarele dwi dem.
Judah dwi tiina bam maa ye gaare delo o yi na su to.
O nam ya na beeri se nɔn-ŋonne taa wora to,
nɔn-gora yerane mo o nɛa.
O maa na lage se chega taa toŋe to,
chɔgem mo o nɛa.
Lɛɛro de waarem taane
8Lɛɛro wó yi abam balo na lɔ sam dedɛ
á woli da-baŋa ne to.
Á ta ma beeri kare á jwoŋa á daŋe da-baŋa ne.
Ko ná woli fee, abam daa bá daare jei á tiŋi,
ye á yerane laam mo wó ta‑á zoore tega kam ne.
9Amo nigi Paŋwa Tu Baŋa Wɛ na tage o we:
“Abam sɔ-fwaaro tento dedɛ wó ji sɔ-korro mo,
se nɔɔn-nɔɔno yé taa zoore de wone.
10Nɔɔno ná jeiri Vini teeni dedɛ kara kamunu wone,
tio-bia bam bá lɛɛre sana ba su kunkwolo dedoa.
Nɔɔno maa ná kwei wo-dwa bwɛ fuga o du tega kam ne,
o wó na wodiu bɔŋa dedoa yerane mo ko baŋa ne.”
11Lɛɛro wó yi balo na yeini ba zaŋe tetete
ba yɔɔre ba wowole ba beeri sana jei to.
Ba maa maŋe sana nyɔɔm ne taa se ko yi tete-koro maŋa,
ye sana bam jwoŋi ba boboŋa maama.
12Ba ná jege kuri ba di, ba jege kwanno mo ba maga.
Ba ta maa jege senseŋa, de wui ba ke sɔɔ,
ye ba nyɔ sana.
Se ko ná ye Baŋa Wɛ, ba yiga tera de o na jege totoŋa yalo
o ke ba tetare ne to.
Baŋa Wɛ jeŋa totoŋa yam ba sae ba yera kɔtaa!
13Mo kokuri ba lage ba kale Wɛ nɔɔna bam
ba ja vo sa-teo yiga yiga,
ba na ba ni o taane kuri to ŋwaane.
Kana wó go ba teo nɔn-yum tem mo,
ye na-nyɔm de ja ba nɔn-kɔgɔ kom maama.
14Konto ŋwaane mo churu ke ko fera ko ke daane,
pa se ko yale ko tete ko ke da,
se ko li nɔɔna bam maama.
Toone wó ja teo kom dedɛɛra, de nabwona,
de sa-nyɔra balo na ke sɔɔ bɔge-bɔge to.
15Nɔɔna bam wó ba tega ne mo.
Boyere-nyena de wó di ba chaveera.
16Paŋwa Tu Baŋa Wɛ yere dem mo wó zaŋe wɛɛne,
o chega borem dem na wó bere jaja to ŋwaane.
Wo-pwoŋo Tu Baŋa Wɛ wó tɔge o chega kam baŋa ne mo
se o bere we o seene o ye wose.
17Pei laam maa wó taa kare se di wodiu teo kom wone,
ne ko ye se tete pwola mo to.
Veira de wó ba ba zege naduna bam di-dwonnu wone
ba taa di ba sui.
18Lɛɛro wó yi balo na me de ba wɛleera yam
ye ba ware-ya ba yage to.
Ba maa jaane-ya ba vei jei maama,
nenɛɛne nɔɔno na vaŋe toroko de ŋone tei to.
19Ba ta maa tɛ ba we, “Baŋa Wɛ nam ke lela
o toŋe kolo o na we o wó ke to,
se dé yɔɔre dé na.
O boboŋa na jaane se o ke kolo to
o nam jege se o seene o ke mo
se dé lɔre ko ni ne.
Kokuri to, o bere we o ye Wo-pwoŋo Tu wom
na zeini o nɔɔna Isarele tiina to mo.”
20Lɛɛro wó yi balo na pipiri lwarem se de taa ye wo-laao,
ye ba daare ba kwei wo-laaro pa te ye lwarem to.
Banto dwi yeini ba kwei lim mo ba ma ji pwooni,
ye ba daare ba pa pwooni dem ji lim.
Ba ta maa pae se wo-chɛɛro ye telo na sona to,
ye wo-sonno jwoori te ye wo-chɛɛro.
21Lɛɛro wó yi balo na boŋe ba tete ne we
banto swa mo dwoi nɔɔna maama to.
Banto pae se ba tete swa mo jege-ba ya gana.
22Lɛɛro wó yi balo na ye bembɛ sa-nyɔre baŋa ne,
ye ba tiini ba yei sana keim ba dwoi nɔɔna maama to.
23Taane dim baŋa ne ba swoi se ba taa jwoŋi dim mo
ye ba yage balo na gɛ bora to pa ba viiri zɛɛra.
Ba ta ma da ko ŋwaane ba vane nɔn-ŋona ba bora.
24Konto ŋwaane, banto kugu jei mo wó ŋɔɔle,
ne mini na di ga-korro kula
pa se te jei lela tei to.
Ba punnu tem de wó jage te jei,
ne vio na yeini ko jage fwogo tei to.
Kokuri to, ba ve Paŋwa Tu Baŋa Wɛ wom
na ye Isarele dwi dem Wo-pwoŋo Tu to nia yam mo.
Ba ta ma nii o taane dem ba gwooni.
25Konto nam mo pɛ se Baŋa Wɛ bane tiini de fuli de o nɔɔna bam.
O yɔɔre o zeiŋi o jeŋa mo se o mage-ba o de tega ne.
Peero tem wó ziziŋi,
ye twa de faare teo kom chwei yuu ne, ne weero tei to.
De konto maama de nam, Baŋa Wɛ bane dem ta bá zuri.
O ta wó twe o jeŋa kam mo se o waare-ba.
26 Baŋa Wɛ wó zeiŋi tuta mo
se o pa dwi-gɛ tiina balo na wo yiga yiga to
zaŋe ba ba ba kwaare jara de o nɔɔna bam.
O ma fwooli o bwoŋi-ba se ba ba.
Nii ba na ke lela ba wuuri tei ba beene!
27Ba nɔɔna bam wolowolo ba buga.
Ba nam ba tiri ba toe tega ne.
Dɔɔne ba tui ba wolowolo yibia ne.
Ba wolowolo kila wo bwoli o teiŋa ne.
Ba natera yam de nam wo bwoli ba nɛ sem ne.
28Ba che-tɛɛra yam nia yɔɔre ya di mo bileim-bileim.
Ba tɛ sem tete de ma saŋe se ti se se ta.
Ba sisein-nɔɔna bam napɔɔna dana
ne kandwa na ye tei to mo.
Ba torokooro tem nɛ de ye ne vo-kekara na ye tei to mo.
29Ba tiguri-kaasa nye ne nywoŋo na laare tei to mo.
Ba maa yɔɔre ba laare ne nywon-pɔle na ŋuuri tei to.
Ba suuri mo ye ba toe ba gorege ba nɔna yam.
Ba nam na jege-ya ba maa kɛ to,
nɔɔn-nɔɔno tera se kotu jwoŋi-ya o yage.
30Maŋa kam konto ná yia
ye ba suuri balo ba na jaane to baŋa ne,
ko wó taa nye de naneo kom na wuuri tei to mo.
Nɔɔno maa ná bare se o nii tega kam na ye tei to,
kotu wó na we lim mo jwoŋi jei sem maama
ye wo-chechɔgɔ de gaale.
Kunkwonnu mo wó kwoli pwooni delo na maŋe de wora to,
pa se de ji lim yerane.",https://www.bible.com/bible/3661/ISA.5.KBG
IZAYA 6,"Wɛ toŋe Izaya
1Bene delo wone Pɛ Yuzia na tege to, mo a nɛ a Teiru Wɛ wom. O déem jei paare yituŋu kolo na tiini ko ye wɛ-wɛ to yuu ne mo. O gare-dedɔrɔ kom nabili maa su Wɛ diga kam maama. 2Serafi tiina déem mo zege o baŋa ne. Ba maama déem jege vɔna yaredo yaredo mo. Ba jege vɔna yalei mo ba maa kwoli ba yibia, yalei de maa kwoli ba nɛ, ye ba daare yalei ba jege ba jaana. 3Ba laam maa mɔɔne leiŋa ba bere daane, ye ba daare ba sɛ-ka ba we:
“Paŋwa Tu Baŋa Wɛ wom ye wo-pwoŋo tu mo.
O maa yɔɔre o ye wose ye o dwoŋi tera.
O nenɔŋ-fɔrɔ kom mo su tega baŋa ni maama.”
4Ba kwori sem sɔɔ ma pa se Wɛ diga kam ziziŋi ka yi ka kuri na jaane mɛ to, ye nyoa yɔɔre ka pe ka wo kom maama.
5A na nɛ konto to, mo a tage a we, “Lɛɛro yi amo! A tege a ti! Kokuri to, a ye wolo ni taane na digiri to mo. A maa zoore de balo ni taane de na digiri to. De ko de, amo ta nɛ Pɛ wom na ye Paŋwa Tu Baŋa Wɛ to.”
6Serafi tiina bam dedoa ma jaane o yi a tei, ye o zei min-chale o déem na mɛ tasɔɔne mo o le-de bimbini dem baŋa ne to o ja o ba. 7O laam ma kwei-de o dwei a ni, ye o ta de amo o we, “Nii ywo! Min-chale dento na dwei n ni-vɔɔro to, n tusim dem saare de yage, ye n wɛleera yam daa tere n yuu ne.”
8Amo laam ma ni a Teiru wom kwora, o na bwei o we, “Wɔ mo amo wó toŋe se o ja debam kwora o vo a nɔɔna bam tei?” Amo de ma leiri a we, “Nii amo da! Toŋe-ne!”
9O laam maa we:
“Véi n ta de nɔɔna banto we:
‘Abam ná maŋe á cheigi tei maama de,
á bá ni wonnu kuri.
Abam nam ná kwaane á nii tei maama de,
á bá lɔre kolokolo.’
10Yage nɔɔna bam se ba boboŋa jei,
ye ba zwa yam de kwareme.
Nam ta pa se ba yia yam dwei.
Ko ná dae konto, ba wó ma ba yia ba nii ba na wonnu,
ba daare ba ni de ba zwa yam,
ye ba ma ba boboŋa ba lɔre wonnu kuri,
se ba pipiri ba jwoori amo tei,
ye ba daare ba na fɔgem.”
11Amo de ma bwei‑o a we,
“Amo Teiru, wonnu tento wó taa ke taa
se te vo te maŋe yei ne mo?”
O ma leiri-ne o we,
“Ko jege se ko vo ko yi maŋa kalo ba teene dem na wó ji di-dwonnu
pa se nɔɔna ware de wone se ba taa zoora to.
Nɔɔna wó duri ba daare ba sam,
ye ba tega kam maama de wó chɔge ka ti.
12 Baŋa Wɛ wó zeili o nɔɔna bam
o ja vo o yage teo kodwoŋi ne yiga yiga.
O ta wó daare ba tega kam pa ka taa tigi yɔɔ yerane.
13Nɔɔna fuga maama wone dedoa tete mo ná daare da,
tega kam daa ta wó na chɔgem mo.
Ko nam wó taa ye nenɛɛne ba na gwoni tei-zɔŋɔ,
ye ko kugu kom ta daare tega kam ne tei to mo.
Kugu kom daa wó jwoori ko kwi
se Isarele dwi dem taa ye wose.”",https://www.bible.com/bible/3661/ISA.6.KBG
IZAYA 7,"Imanuwel memaŋe dem
1Jotam bu Ahaz na ye Yuzia naa to déem di Judah teo paare. Maŋa kam konto ne mo Siria teo pɛ Rezin, de Isarele teo pɛ Peka na ye Remalia bu to ke daane se ba jeeri Jerusalem teo kom de jara. Ba nam wo wane teo kom ba di.
2Kwora ma yi pɛ sɔŋɔ kom tiina we, “Siria tiina sɔge ni de Efrayim dwi tiina mo se ba ke jara de debam!” Taane dem ma pa se Ahaz de o nɔɔna bam yera yɔɔre ya sae, ne vo-fɔrɔ na mage teeni ye de zuuli tei to.
3 Baŋa Wɛ laam ma ta de Izaya o we, “Nwoŋi de n bu Sear-Jasubi se á vo á jeeri Pɛ Ahaz. Abam wó na‑o na-fera kalo na zoore baŋa seeni chɔgɔ kom to ni ne, se ko maŋe de chwoŋa kam mɛ ba na sɔ gwaaro to. 4Ta ded‑o we:
Ta‑n yei n tete. Pa n bochare taa tiga se n yé ta‑n kɔre foone. Siria teo pɛ Rezin, de o nɔɔna bam, dedaane Remalia bu Peka daa ba jege dam. Banto balei nye ne mini na dwei de daare da-toora yalei tei to mo. Konto ŋwaane, yé pa se n vɔna pare ba bane na zaŋe dede‑m to ŋwaane. 5Chega ŋwaane, Siria teo pɛ, de Isarele teo pɛ, de Efrayim tiina bam ke ni daane se ba ke abam zonne. Ba maa tɛ ba we, 6‘Dé wó vo dé li Judah teo kom mo dé fugi ko nɔɔna bam ye dé daare dé jwoŋi-ko dé taa tei. Dé laam maa wó tiŋi Tabeeli bu wom se o ji ba pɛ.’ 7Yuu-tu Baŋa Wɛ nam tage tento mo o we:
‘Chega ŋwaane, ko bá toŋe.
Ba bá ba ba jwoŋi teo konto ba taa tei!
8Kokuri to, Siria ba dana ko dwoi ko te-fɔrɔ Damasika.
Damasika teo kom de nam ba dana ko dwoi ko pɛ Rezin.
Se ko ná ye Efrayim tiina bam,
bena fuseredo-yanu mo daare se ba na chɔgem,
ye ba dwi dem jei.
9Efrayim tiina bam ba dana ba dwoi ba te-fɔrɔ Samaria.
Samaria teo kom de nam ba dana ko dwoi Remalia bu Peka.
Abam ná wo ke á chega de amo,
á bá wane á fɔge á zege de pu-dɛa.’ ”
10Izaya na tage Wɛ kwora kam konto o bere Pɛ Ahaz to mo Baŋa Wɛ daa ta tage de pɛ wom o we, 11“Nam lwoori amo wolo na ye n Tu Baŋa Wɛ to, se a wó ke wo-memaŋe a bere‑m, se n lɔre we a tage chega. Amo wó ke wo-memaŋe ne nmo na lage tei to, ko ná maŋe ko ye tega kuri ne naa wɛyuu ne yiga yiga de.”
12Ahaz ma leiri o we, “Aawo, amo bá sɛ se a maŋe Baŋa Wɛ a nii.”
13Izaya laam ma ta o we, “Cheigi-na, abam balo na nwoŋi Pɛ David dwi dem wone to. Á yeini á daane Wɛ tontoŋena bam mo. Á laam boŋe se á daane Wɛ wolo amo na toŋe a pa‑o to tete mo na? 14Ko nam na ye tei to, Baŋa Wɛ tete mo lage o ke wo-memaŋe o bere abam. Nii-na! Busankan-pwola kam wó ba o ja puga o lo bakeira. O maa wó bwoŋi bu wom yere we ‘Imanuwel’. 15Bu wom ná ke nɔɔno o yi se o taa kuri lam ye o ve lwarem, nayel-pepala de tooro yerane mo wó taa wora se o di. 16Kokuri to, bu wom ta ná wo yi se o pɔɔre lam de lwarem daane, de pwa balei bam nmo zem na kɔre foone de-ba to teene dem jigi di-dwonnu. 17Baŋa Wɛ nam lage o pa ko tiini ko ni nmo, de n nɔɔna bam, de n kwo dwi dem maama mo. Ko zege maŋa kalo Efrayim tiina bam na pwɛ ba tete de Judah teo se ko yi zem to, cham dento dwoŋi wo yi abam. Asiria teo pɛ mo wó ba á baŋa.”
18Maŋa kam konto ná yia, Baŋa Wɛ wó fwooli se o pa Ejipti jar-keira nwoŋi ba ba, ne nanjwɛ mo nwoŋi Ejipti bu-nwaro tem ne yiga yiga to. O ta wó bwoŋi Asiria jar-keira se ba de ba, ne ba na chiŋi twe ba yage tei to. 19Banto wó nwoŋi de kɔgɔ mo ba ba ba faare tega kam maama. Ba wó vo ba jeini bwol-fwaaro ne, de peero gugworru wone, de mɛ na jege sabare to ne, ko woli de vara pwoli sem ne.
20Maŋa kam ná yia, Baŋa Wɛ wó bwoŋi Asiria teo pɛ se o nwoŋi Yuferata buga kam seeni o ba o chɔge abam pa se á di á chaveera, ne o na kwei fana o ma o cheeri á yu-ywei maama, ye o fane á twana, se o daare o kwooni á yera koro tem maama tei to. 21Maŋa kam konto ne, valo wae o pɔɔre na-mɔra dedoa de bone delei yerane se o taa jega. 22De ko de, kotu ta wó na nayela dedɛ se o taa di nayel-pepala. Balo ta na daare tega kam ne to wó di nayel-pepala de tooro mo. 23Maŋa kam konto ne, mɛ maama ba ya na jeiri Vini teeni moro ye de jeelim yi sabu-dala moro to, ga-cheiŋo de sabare yerane laam mo wó taa nwoŋi da. 24Nɔɔna laam maa wó taa vei dáane ba tɔɔna, ga-cheiŋo de sabare na wó jwoŋi jei sem konto maama to ŋwaane. 25Nɔɔn-nɔɔno daa bá vo zwonnu tem jei sem ne se o va. Kokuri to, ga-cheiŋo de sabare yerane mo wó su jei sem maama. Dáane mo ba nam wó kale naane ba yage da se de di gaao, ye pei de wó taa nɔne jei sem konto ne.",https://www.bible.com/bible/3661/ISA.7.KBG
IZAYA 8,"Baŋa Wɛ wó ma Asiria teo pɛ o toŋe
1 Baŋa Wɛ ma ta de amo o we, “Beeri tɔn-kamunu se n popone botare-bia ko wone se nɔɔna taa wae ba gara jaja. Popone tento: Mahere-Salal-Hasa-Bazi. 2Amo nam wó bwoŋi Wɛ kaanem tu Yuria, de Jeberekia bu Zekaria, se ba ba ba ji maana tiina chekke ba pa-ne.”
3Amo déem ma peini de a kaane, ye o ja puga o lo bakeira. Baŋa Wɛ ma ta de amo o we, “Bwoŋi o yere we Mahere-Salal-Hasa-Bazi. 4Bu wom ta ná wo yi se o taa wae o ni o pura o tɛ we, ‘A nu’ naa ‘A kwo’, Asiria pɛ wom wó ba o vere Damasika jejegero tem, de Samaria wonnu tem maama o ja o viiri.”
5 Baŋa Wɛ daa ta ma ta de amo o we:
6“Judah tiina bam yɔɔre ba ve Siloa bu-nɔgɔ kom na duri mɛmɛ to mo, ye ba sɛ ba pa Rezin, de Remalia bu Peka. 7Konto ŋwaane amo lage a bwoŋi Asiria teo pɛ de o jar-keira bam maama mo se ba ba ba jeeri abam de jara. Ko wó taa nye ne Yuferata buga kam na su ka pɛɛle, ye ka ta nwoŋi ka su ka bu-nwaro tem maama, ka ta kɛ ka kwoli ka buburi-bɛa yam baŋa maama tei to. 8Na bam ta wó chuuri ba kɛ ba yi Judah laŋa kam ba tagele jei sem, ye ba daare ba lini tega kam de nɔɔna bam maama. Imanuwel, Wɛ nam wó kwoli nmo tega kam maama, ne zuŋa na yarege ka vɔna ka bia baŋa ne tei to.”
9Abam dwi-gɛ tiina bam, bage-na tiguri-kaasa,
se á wó na chɔgem!
Cheigi-na, abam teene delo na ye yiga yiga to.
Kwei-na á jara zela se á ke jara!
Á nam wó na chɔgem!
Á ná ti yiga se á ke jara tei de,
á ta wó na chɔgem mo zɔŋ-zɔŋ!
10Abam ná jaane boboŋa se á ke tei maama de,
ya lage ya vugimi mo.
Á ná le á boboŋa yam chwei á tiŋi tei de,
ya bá wane ya zege.
Kokuri to, Wɛ wora dé tei ne.
Kɔre-na Baŋa Wɛ
11 Baŋa Wɛ yɔɔre o tɔge o dam dem baŋa ne mo o kaane-ne se a de yé kwei chwoŋa kalo nɔɔna banto na tɔge da to. O maa we:
12“Banto ná jeeli kolo we, ba ke ni se ba baare nɔɔno kwaga, abam yé jeeli-ko konto. Nam yé ta‑á kɔre-na wonnu telo banto na kɔre to. Yé ta‑á fona-na. 13Paŋwa Tu Baŋa Wɛ yerane mo á wó ta‑á nii we o ye wo-pwoŋo tu. Ko maa ye wonto mo á jege se á ta‑á kɔre, ye á fona ded‑o. 14Baŋa Wɛ tete wó taa ye dalem jei o pa abam. Ko ná ye Isarele dwi tiina di selei sem, o nam wó taa ye kandwɛ delo na cheili pa nɔɔna gare-de ba chɔɔle ba to tega ne to mo. Chega to, o wó taa ye kalanchogo mo se o ja Jerusalem teo nɔn-bia bam de. 15Ba dedɛ mo lage ba tiri ba to ba chochoge ba tete. Ba dona maa wó che-ba de kalanchorro ba ja ba viiri.”
Ke n teena Baŋa Wɛ wone
16Kwei-na nia yalo maama Wɛ na pɛ debam to á ke daane. Fɔge á tiŋi o bera yam, ye á daare á ke-ya amo tɔgena bam jeŋa ne. 17De Baŋa Wɛ na jege o tete o seigi Jakob dwi tiina bam yiga ne to de, amo ta wó taa cheigi‑o mo, amo teena yam na tigi wonto baŋa ne to ŋwaane.
18Nii-na amo de bia balo Baŋa Wɛ na ke amo jeŋa ne to mo tento dé zega. Dé ye wo-memaŋe mo dé pa Isarele tiina bam se ba wane ba lɔre kolo Wɛ na lage o ke to. Paŋwa Tu Baŋa Wɛ wom na zoore Zion peo kom yuu ne to nam mo pɛ dé ye konto.
19Nɔɔna nam wó ta de abam se á beeri vora, de yi-nara, de balo na yeini ba seini ba vogo to mo, ye ba we, “Nɔɔna maŋe se ba vo ba wa yam yiga ne ba beeri ba yiga mo. Ba wó bwɛ de twa se ba lɔre kolo ná wó yi balo na ŋwe to.” 20Nam kwei-na ba taane dem konto á maŋe de Wɛ nia de o bera yam. Ba na tage kolo to bere we, chega seene ka tere ba taane dem wone. 21Amo nɔɔna bam wó taa kaare tega kam maama wone ba beera, se wo-chechɔgɔ de kana taa jege-ba. Ba bane wó zaŋe ba kana kam ŋwaane. Ba maa wó kwoni ba yuni wɛɛne ba lwɛ ba pɛ wom de ba Wɛ dem. 22Ba ta wó tiiri se ba nii tega kam jei maama ne, ye ba na cham, de yibiri, de wo-chechɔgɔ yerane mo. Ba laam maa wó vo ba to lim dem wone.",https://www.bible.com/bible/3661/ISA.8.KBG
IZAYA 9,"1Ko nam na ye tei to, lwia ya na jege nɔɔna balo to wó nwoŋi ba cham dem wone. Faŋa kam to, nɔɔna déem jege Zebulun dwi tiina laŋa kam de Nafitali tiina laŋa kam ba gwoona. Maŋa nam na beene to, Wɛ wó pa jei sem konto na zula lanyerane. Ko maa ye jei selo na wo naneo kom seeni to, de jei selo na wo Jɔdan buga kam bubɛ dedwoŋi dem kwaga ne to, de Galili laŋa kam dwi-gɛ tiina na zoore mɛ to.
2Nɔɔna balo déem na beeri lim wone to
mo pwooni laam yi-ba lanyerane.
Balo ya na zoore yibiri jei ne ye toone tei-ba to,
wea laam maa nye ba baŋa ne.
3Nmo Baŋa Wɛ pɛ se teo kom nɔn-bia bam puli dedɛ,
pa se ba wopwolo kom de puli lanyerane.
Ba maa jege ywoni ba di nmo yiga ne,
ne vala na jege wopwolo wodiiru zagem maŋa ne tei to.
Ko ta nye de jar-keira na di ywoni,
de ba na wane ba dona,
ye ba pɔɔre ba jejegero ba pa daane tei to mo.
4Kokuri to, n jaane zele-zana yalo ba ya na zeŋe to,
de da-lwanno telo ya na mage-ba to
n ja n bwori n yage.
Konto to, n chɔge dam delo ba dona na kwei
ba ma ba bɛɛse-ba to mo,
ne nmo déem na ke tei n chɔge Midian tiina bam dam to.
5Ba maa wó kwei ba jara zela yam maama
ba ma ba tɔre mini.
Bembɛ natere-kogela yam,
de gɔrɔ kolo maama na fereme de jana to
wo ba te chɔge zɔŋ-zɔŋ.
6Ba loge bu ba pa debam.
Ba ma pa debam bakeira.
Ko nam ye wonto yuu zele mo se o taa tei o nɔɔna.
Ba maa wó taa jege‑o ba bwoi we:
Swa Bereno na ye kenkagele,
de Wɛ-kamunu kom,
de Taa Wuu Tu Kwo wom,
de Bochare-zuru Tu dedɛɛro wom.
7O na tei o nɔɔna bam tei to
wó taa fɔge ko vei yiga mo,
pa se yazura jage ya yi jei maama.
O lage o jeini Pɛ David paare yituŋu kom baŋa ne mo
o di David dwi dem paare.
O ta wó da chega de nɔn-ŋonne ŋwaane mo
o ma o fɔge o paare dem se de zege de dam,
ko zege zem se ko taa vei wuu.
Paŋwa Tu Baŋa Wɛ tete nam wó pa se wonnu tento maama ke,
o na seene yia se te ji chega to ŋwaane.
Wɛ wó waare Isarele tiina bam
8Baŋa Wɛ maŋe o toŋe o kwora
se o ma o kaane Jakob dwi dem mo.
Isarele tiina bam wó seene ba na waarem.
9Nɔɔna bam maama wó lɔre ko ni ne,
ko ná maŋe ko ye Efrayim dwi tiina bam,
de balo maama na zoore Samaria teo ne to.
Banto yeini ba bere ba tete kamunim
ye ba ta de nyɔn-mage ba we,
10“Dé bira yam to tega ne.
Dé nam wó sare kandwa
dé fɔge dé lɔ dé di sem.
Ba gwoni dé kaporro tem de ba de tega ne.
De ko de, dé wó jwoori dé jeiri Sedare teeni mo
se dento leiri te yuu ne.”
11 Baŋa Wɛ nam lage o chiŋi Pɛ Rezin dona bam mo
se ba jeeri-ba de jara.
O ta wó pa se Isarele tiina dona bam maama zaŋe
ba ba ba baŋa ne.
12Siria tiina bam wó nwoŋi wɛ-puli seeni
se Filisi tiina bam de zege wɛ-zoore seeni ba ba.
Banto maama laam maa wó kaŋe ba nia
ba li Isarele tiina bam.
13De Paŋwa Tu Baŋa Wɛ nam na pɛ se ko zo ba yera to maama de,
nɔɔna bam ta wo pipiri se ba jwoori o tei.
14Konto ŋwaane, Baŋa Wɛ wó chɔge Isarele dwi dem maama,
ne o na gwoni ba yuu kom de ba nabili dem dɛ dedwe wone tei to mo.
Dɛ dedwe wone mo o lage o bwori konkwara vɔɔ de sangaa.
15Ba nakwa de ba nɔn-yum tem mo ye yuu kom.
Ba sampwori selo na kare ba fɔe vwa to maa ye nabili dem.
16Balo na wo nɔɔna banto yiga ne to mo pae ba tusa.
Ko maa pae se balo ba na jege ba bere chwoŋa to na chɔgem.
17Konto ŋwaane mo Baŋa Wɛ yi ba sui ba nɔn-donno tem kikia.
O nam ba duri botara bam de kadeina bam de ŋwaŋa.
Kokuri to, nɔɔna bam maama ve Wɛ chwoŋa tɔgem mo
ye ba toŋe puseŋa yerane.
Ba nia maa yɔɔre ya ŋɔɔne wo-popwanno.
De konto maama de nam, Baŋa Wɛ bane dem ta bá zuri.
O ta wó twe o jeŋa kam mo se o waare-ba.
18Nɔɔna bam puseŋa totoŋa yam nye ne mini mo,
de na jege punnu de sabare de di.
De ta ma di gwe sem bileim-bileim,
se nyoa yɔɔre ka tiini ka taa zaŋe wɛɛne.
19Paŋwa Tu Baŋa Wɛ ban-lom dem ŋwaane,
tega kam maama wó di mini mo ye ka zwɛ maama.
Nɔɔna bam wó ji ne dɛ mo se ba kwei-ba ba ma ba tɔre mini,
ye nɔɔn-nɔɔno bá ŋwane o pa o dwoŋi.
20Jazem seeni de jagwia seeni maama
ba kare ba beeri wodiu mo se ba di.
Ba nam ta ba di ba sui.
Ba ma kwaane ba di ba tete dwi dem ya-nɔna.
21Manasɛ dwi tiina ke chichuŋu de Efrayim dwi tiina mo,
ye Efrayim dwi tiina bam de ke chichuŋu de Manasɛ dwi tiina bam.
Banto balei laam ma ke daane
ba ke chichuŋu de Judah dwi tiina bam.
De konto maama de nam, Baŋa Wɛ bane dem ta bá zuri.
O ta wó twe o jeŋa kam mo se o waare-ba.",https://www.bible.com/bible/3661/ISA.9.KBG
IZAYA 10,"1Lɛɛro wó yi abam balo na chwi vwa nia á tiŋi á pa á nɔɔna to,
ya na ye se ya pa nɔɔna bam na bɛɛsem to ŋwaane.
2Á tɔge tento baŋa ne mo á cho nabwona chwoŋa,
pa se balo na ye yiniga tiina a nɔɔna bam wone to
ware se ba na ba bora.
Á yeini á ke konto dwoŋi mo á vere kadeina de botara wonnu tem.
3Bora borem dɛ dem nam ná yia,
abam lage á ke tetɛ mo?
Lɛɛro wó zege yiga yiga ne te ba te to á baŋa ne.
Abam laam wó duri á vo bera tei mo se ba woli abam?
Á lage á vo á seigi á jejegero tem yei ne mo?
4Abam bá wane á lu cham dem wone.
Á nam lage á tɔge de á dwonna bam mo
á kuni dwoona á dona bam yiga ne.
Ko ná dae konto, á wó to jara yam wone
á maŋe tega ne de twa badwonna bam maama.
De konto maama de nam, Baŋa Wɛ bane dem ta bá zuri.
O ta wó twe o jeŋa kam mo se o waare abam.
Wɛ wó waare Asiria tiina
5Lɛɛro wó yi Asiria teo kom!
Ko nam ye da-lɔŋɔ kolo amo na mae a waare nɔɔna
a ban-zɔŋɔ kom ŋwaane to mo.
A kwei a dam dem a ke ba jeŋa ne,
se ba ma-de ba toŋe a waarem dem.
6Amo wó toŋe-ba se ba vo ba ke chichuŋu
de dwi tiina balo na ve Wɛ chwoŋa tɔgem
ye ba chuchugi a bane to.
Asiria tiina bam maa wó vere nɔɔna bam konto jejegero
ba ja ba viiri.
Ba ta wó pa ko yi-ba ne teero mo ba jege ba nɔne to.
7Ko nam dae konto mo Asiria pɛ wom ya boŋa.
Ko dae konto mo o jege o jeela o yuu ne.
Wonto ya yɔɔre o lage se o chɔge teene dedɛ mo,
se o pa de yere saare tega baŋa ne.
8O maa tɛ o we,
“A dedɛɛra bam maama jege dam ba dwoi pwa!
9Kalino teo de Karekemisi teo ye bedwe mo.
Hamafa teo de Arapade teo de maa ye bedwe,
ko ta woli de Samaria teo de Damasika teo kom.
Debam déem wane de maama dé di.
10A ma ja teene delo na kaane jwo-dɛɛra to
a ke a jeŋa ne.
Banto jwona yam dana ya dwoi
yalo na wo Jerusalem ne de Samaria ne to.
11Ne a na maŋe a chɔge Samaria teo kom de ko jwona tei to,
mo a ta na wó ke tei de Jerusalem de ko jwona yam.”
12Baŋa Wɛ nam ná ke o na lage tei to Zion peo kom de Jerusalem teo kom yera ne, o laam wó waare Asiria teo pɛ wom mo, de o na bere o tete kamunim, ye o ta jege teera to. 13Kokuri to, wonto tɛ o we:
“Amo tete dam mo pɛ se a ke tento maama.
A nam ta ke-ko ko tɔge a swa de a yi-poro baŋa ne mo.
A ma gɔ teene dem siseina,
ye a daare a vere ba jejegero a jega.
A maa jege dam ne nabea tei to
pa se a chɔge pwa dam.
14A ma pa a jeŋa zo logo baŋa teene dem wone
ne a ga tore-ka zuna pwogo wone mo tei.
A ma vere ba jejegero tem a ke daane
ne a yɔɔre a la chechara a pɛ mo tei.
Zuna bam dedoa tete nam wo pipeigi ka vɔna.
Ka nam wo puri ka ni ka keeri.”
15Dwooru wó wane o dwoni de wolo na jege‑o o toŋe to na?
Seo de wó taa jege kuri ko dwoi wolo na zei-ko to na?
Gwoli ba zeiŋi nabiinu.
Ko ye nabiinu mo wó zeiŋi gwoli.
16Asiria teo pɛ na bere o tete kamunim konto to ŋwaane mo
Yuu-tu Baŋa Wɛ wom na ye Paŋwa to
wó pa jaweo to o bembɛ sem baŋa ne
se ko di ba yera ko ti.
Wɛ wó chɔge Asiria pɛ wom nenɔŋa kam maama,
ne o na tɔre mini delo na di bileim-bileim tei to mo.
17Baŋa Wɛ wom na pae Isarele tiina pwooni to
laam wó ji mini mo o pa-ba.
Ba Wo-pwoŋo Tu Wɛ wom mo wó ji min-vogo,
se o zwɛ Asiria pɛ wonnu tem dɛ dedwe wone.
O lage o zwɛ-te ne ba na zwɛ sabare de ga-cheiŋo tei to mo.
18Ko ná ye pɛ wom goa na lini to,
naa o te-ywoŋa kam mo,
te maama wó yɔɔre te na chɔgem.
Ko wó taa nye de jaweo na jaane nɔɔno
ye ko yɔɔre ko di‑o ko ti tei to mo.
19Goa wone teeni dem wó mɔ mo de daare fee yerane,
pa se bu-balaŋa de wó wane de ni o jeeli o ja.
Isarele tiina wó jwoori ba tete teo
20Maŋa kam konto ná yia, balo ta na daare Isarele tiina bam wone to daa bá kwei ba teena ba daŋe wolo ya na bɛɛse-ba to baŋa ne. Ba nam wó kwei ba chega de ba teena maama mo ba ke Jakob dwi tiina Wo-pwoŋo Tu Baŋa Wɛ wom wone. 21Jakob dwi tiina ta wó daare fee se ba jwoori. Ba badaara maa wó jwoori Wɛ-kamunu kom tei ne. 22Isarele tiina kɔ-fɔrɔ kom seene ko daga, ne naneo ni kasolo bia na ye tei to mo. De ko de, ba fenfee yerane mo wó jwoori Wɛ tei. Wɛ boboŋa maŋe ya ja ya ti se o chɔge-ba mo. Chɔgem dem nam wó tɔge o chega bora kam baŋa ne mo chekke. 23Paŋwa Tu Baŋa Wɛ wó yɔɔre o ke-ba ne o na tage tei to o ti, pa se tega kam maama na chɔgem mo.
24Konto ŋwaane, Paŋwa Tu Baŋa Wɛ nam tage tento mo ye o we:
“Amo nɔɔna balo na zoore Zion ne to, yé ta‑á kɔre-na foone de Asiria tiina bam, de ba na jege da-lwanno de gwola ba mage abam, ne Ejipti tiina bam de déem na ke abam tei to. 25Kokuri to, ko ná ke fee, amo bane delo ya na zaŋe de abam to wó zuri. A laam maa wó pa se a bane pipiri de zaŋe banto baŋa ne se a chɔge-ba.
26Amo Paŋwa Tu Baŋa Wɛ tete nam wó fere Asiria tiina bam se ko zo ba yera, ne a déem na ke Midian tiina tei Orebi peo kom teiŋa ne to mo. Amo ta wó waare-ba, ne Moses déem na twe o nacheiga kam naneo baŋa ne ye a waare Ejipti tiina bam tei to. 27Maŋa kam konto ná yia, amo wó dɔne zele delo banto na kwei ba daŋe á bakale baŋa ne to. A ta wó bwori yɔgese delo na wo á ba ne to. Abam na wó nu á dwoni-de to ŋwaane mo de wó bwori.”
28Á dona bam tu ba li Ayate teo!
Ba tɔge Migoron ne mo ba kɛ.
Ba ma kwei ba zela ba tiŋi Mikimasa ne.
29Ba kwei peero yuu chwoŋa mo ba vei ye ba tɛ we,
“Dé wó vo dé yi Geba teo mo dé peini da.”
Rama teo nɔɔna bam yera maa sae.
Sɔɔl teo Gibea tiina de duri mo se ba lu.
30Abam Galim teo tiina bam, tiini á ta‑á chwoosa!
Abam de cheigi-na, Layisa teo tiina bam!
Anatofe teo tiina bam, lwia jege abam!
31Mademena teo tiina yɔɔre ba duri mo sae.
Gebim teo nɔɔna de maa duri ba beeri seigim jei.
32Dɛ dento ne nɔɔ mo á dona bam yi Nobi teo
ba maŋe da se ba sii.
Ba maa yɔɔre ba jege ba jagula ba dola
se ba fugi Zion nɔn-bia bam.
Ba gwooni balo na zoore Jerusalem zwoŋo kom yuu ne to mo.
33Nam nii-na! Yuu-tu Baŋa Wɛ wom na ye Paŋwa to
seene o lage o ma o dam-fɔrɔ kom mo
o gwoni tei-kamunnu nɛ sem.
Tei-zwanno tem mo o lage o gwoni o de tega ne.
Telo maa na dɔra to de wó ba tega.
34Goa kalo na tiini ka lini to mo
o lage o kwei dwooru o ma o gwoni ka teeni o de tega ne.
Wɛ-kamunu kom mo wó pa se Lebanon teo to tega ne.",https://www.bible.com/bible/3661/ISA.10.KBG
IZAYA 11,"Pɛ David dwi dem taane
1Jesse dwi dem da-buŋa kalo ta na daare to
wó jwoori ka ta naga.
Naga kalo na wó nwoŋi da to mo wó ke bia.
2 Baŋa Wɛ Jworo maa wó taa wo kotu baŋa ne.
Jworo kom wó pa o taa jege swa de yi-poro,
se o taa wae o bere nɔɔna chega.
Jworo kom ta wó pa o taa jege dam de yeino,
se o taa kɔre Baŋa Wɛ.
3O ywoni maama wó taa wo Baŋa Wɛ kɔrɔ kom wone mo.
O bá kwei o yia na nɛ nɔɔna yibia na ye tei to
se o ma o di ba taane.
O ta bá tɔge sawea baŋa ne se o bore bora o pa nɔɔna.
4O nam wó tɔge nɔn-ŋonne baŋa ne mo
o di yiniga tiina taane.
O maa wó bore chega bora
o pa nabwona balo maama na zoore tega kam ne to.
O ni-vio kom maa wó taa jege dam tega kam jei maama ne,
se ko pa puseŋ-nyena na chɔgem.
5Nɔn-ŋonne mo o lage o vɔ o teiŋa ne,
se o zege o chega wone o nii o nɔɔna bam.
6Wiira de pipeili wó taa zoore daane.
Gweera de bebale de maa wó taa tigi jeiga dedoa ne.
Na-mɔre de nywon-pɔle wó taa tɔge de na-paala mo se ba me daane.
Bu-balwa maa wó taa jege-se ba nia.
7Naane de kago-vara wó zege daane ba di.
Ba bia bam de maa wó taa tigi da-tei ne.
Nywonnu de wó di ga-korro ne nabɛ na di tei to.
8Bu-sese wó taa jei kapɛ bɔɔna ni ne ba kwɛɛra.
Bu-balɛ de wó kwei ba je ba tore anakɔbayi peiga jei ne.
Kolokolo zonne nam bá yi-ba.
9Nɔɔn-nɔɔno daa bá ke o dwoŋi zonne,
naa o chɔge kolokolo
amo Baŋa Wɛ peo kom jei maama ne.
Kokuri to, tega baŋa maama wó su de
nɔɔna balo na yɔɔre ba me de Baŋa Wɛ to,
ne na na yɔɔre ba su naneo kom wo maama tei to mo.
10Maŋa kam konto ná yia, logo baŋa dwi maama wó ba Jesse dwi tu wom tei, o yere dem na wo wɛ-wɛ to ŋwaane. O maa na zoore mɛ to wó na zula lanyerane. 11Maŋa kam konto ne, Baŋa Wɛ daa ta wó tɔge o dam dem baŋa ne se o ja o nɔɔna balo ta na daare ye ba wo teene dedɛ wone to o jwoori sɔŋɔ. Teene dem konto maa ye Asiria, de Ejipti, de Paforosi, de Kusi, de Elam, de Babilonia, de Hamafa, de jei selo na wo naneo kom ni ne to.
12Wonto mo lage o zeiŋi tuta se teene dem maama na,
se o daare o la Isarele tiina de Judah tiina
balo na jage to o ke daane.
Banto wó zege tega baŋa ni maama ne mo ba jwoori.
13Efrayim dwi tiina maa wó yage ba kazwe sem,
se Judah dwi tiina daa yé taa ke dono de-ba.
Efrayim tiina bam daa bá taa jege kazwe
ba di de Judah tiina bam.
Judah tiina bam de nam bá chuli Efrayim tiina bam.
14Ba nam wó tɔge daane mo ba siseiri ba tu
Filisi teo na wo wɛ-zoore seeni to.
Ba maa wó ke daane
se ba vere nɔɔna balo na zoore wɛ-puli seeni to jejegero.
Ba ta wó wane Edom teo, de Moaba teo se ba taa tei-de,
ye Amon teo tiina wó ba ba zo banto dam kuri ne.
15 Baŋa Wɛ wó pa se te-kora peini
Ejipti naneo kom wone.
O maa wó twe o jeŋa o pa se vo-loŋo zaŋe
Yuferata buga kam baŋa ne.
Buga kam laam wó chɛ ka ji nabare serepɛ,
se wolo maama ná vei de napera,
se kotu wane o bɛ-ka.
16Chwo-fara wó taa tigi ka pae Isarele tiina balo ta na daare
ye ba zege Asiria teo ne ba jwoori sɔŋɔ to.
Ko maa wó taa nye de Isarele tiina bam
déem na nwoŋi Ejipti teo ne ye ko ye tei to mo.",https://www.bible.com/bible/3661/ISA.11.KBG
IZAYA 12,"Seinim lei
1Maŋa kam konto ná yia, nmo wó ta we:
“Baŋa Wɛ, amo wó ke nmo lei.
Kokuri to, n bane ya zaŋe de amo mo.
De laam nam toa,
ye n jwoori n ke dam n ke amo kuri ne.
2Chega to, Wɛ mo ye wolo na vere-ne o yage to.
Amo wó ke a wo-dedoa ded‑o mo
se foone yé taa jege-ne.
Baŋa Wɛ mo ye wolo na pa-ne dam to,
ye wonto ŋwaane mo a leena.
O ma bere o tete we o ye amo vereno wom mo.”
3Abam na wó na verem tei to wó pa á di ywoni dedɛ,
ne á na mɔɔne na-ŋona vole wone á nyɔ tei to.
4Maŋa kam konto ne, abam wó taa tɛ we:
“Ke-na Baŋa Wɛ lei,
se á daare á tei o yere!
Pa-na se logo baŋa dwi tiina lɔre
o na toŋe kolo maama to.
Pa-na se o yere dem tiini de zaŋe wɛɛne.
5Leeni á seini-na Baŋa Wɛ,
wo-kenkagela yalo o na ke to ŋwaane!
Pa-na se logo baŋa dwi tiina lɔre
o na toŋe kolo maama to.
6Abam Zion teo tiina bam, ta‑á bage-na á yaga,
ye á leena de wopwolo.
Kokuri to, Isarele dwi dem Wo-pwoŋo Tu wom
mo wo abam tetare ne, ye o tiini o dana.”",https://www.bible.com/bible/3661/ISA.12.KBG
IZAYA 13,"Babilon tiina taane
1Wɛ kwora kalo Wɛ na kwei o pa Amozi bu Izaya se ka vo Babilon tiina seeni to mo tento:
2Zege-na zwoŋo yuu ne á zeiŋi tuta wɛɛne,
se nɔɔna wane ba na jaja.
Tɔɔle-na kwora se ka yi-ba,
se á daare á yeese á jea á pa ba vo ba ke chichuŋu
de naduna balo na zoore sɔ-fwaaro wone to.
3Amo mo bwoŋi babɛ selo a na kuri to
ye a daare a pa-ba chwoŋa se ba vo
ba waare balo a bane na zaŋe ba baŋa ne to.
Babɛ sem nam di ywoni mo a dam dem ŋwaane.
4Cheigi-na, se á wó ni sɔɔ na ke peero jei sem ne.
Ko nam ye ne kɔ-fɔrɔ mo jeeri daane.
Cheigi-na, se á wó ni logo baŋa dwi tiina bam na bage tiguri-kaasa,
ye ba maama yɔɔre ba lae ba ke daane.
Ko nam ye Paŋwa Tu Baŋa Wɛ mo lae
o jar-keira o ke daane se ba nwoŋi jara ŋwaane.
5Ba nwoŋi jei na ye yiga yiga logo baŋa ni maama ne to mo
ye ba ba ba jeeri daane.
Ba nam ye Baŋa Wɛ jara zela mo,
o na wó tɔge ba baŋa
o chɔge tega kam ni maama
o ban-zɔŋɔ kom ŋwaane.
6Nam ta‑á chwoosi-na á yaga,
kokuri to, Baŋa Wɛ dɛ-kamunu kom bwola.
De ná yia, ko wó taa ye Dam-fɔrɔ Tu Wɛ wom mo pɛ se chɔgem ba.
7Konto ŋwaane nɔɔna maama vɔna wó pare.
Ba maama wo maa wó leegi.
8Foone wó ja ba maama
ye ba yera chɛ yaara ŋwaane.
Ba yera maa wó taa sae,
ne kaane wolo na wowole se o lo bu to.
Ba wó taa nii daane mo, ye ba jaane ba nia.
Ba yibia maa wó bere jaja we,
ko tiini ko chɛ ba yera ne.
9Nii-na, Baŋa Wɛ dɛ-kamunu kom beene.
De nam wó ja lɛɛro mo de ba,
ye Wɛ ban-lom dem wó tiini de zaŋe de wone.
Konto maa wó pa se tega kam jei maama ji kagoa,
ye wɛleere-keira maama saare ka wone.
10Nɔɔna daa bá wane ba na wɛyuu chalechwe sem maama pwooni.
Wɛ nam ná jege de pula, ko wó taa ye lim mo.
Chana kam de bá taa nyea de pwooni.
11Amo nam wó pa se lɛɛro yi logo baŋa,
nabiina totoŋ-lwanno ŋwaane.
A ta wó waare puseŋ-nyena ba wɛleera ŋwaane.
A maa wó pa se boyere-nyena kamunim dem ti,
ye a daare a chɔge nankɔ-nyena dam dem de.
12A waarem dem konto ná ti,
nabiina fenfee yerane ta wó daare.
Balo na daare to maa wó taa jege lonne
ba dwoi sabu-seŋa kalo na lana ye ka nwoŋi Ofiri to.
13Amo nam lage a pa se wɛyuu kom jei maama taa dɔne mo,
ye tega baŋa jei maama de maa wó taa ziziŋa,
amo Paŋwa Tu Baŋa Wɛ bane na zaŋe to ŋwaane.
Amo wo wó tiini ko fuli mo dɛ dem konto ne.
14Nɔɔna maama wó kwaane ba duri se ba lu,
ne feiri selo tɔɔna na zeili se ba ja to mo,
naa pei selo na ba jege nayero to.
Ba maa wó duri se ba jwoori ba tete teo de ba tete sam.
15Balo nam na wo nɛ chwoŋa se ba lu to,
nɔɔna wó ja-ba ba zɔ de se-zɔɔ ba go.
16Nɔɔna wó yigi ba bu-sese ba de tega ne ba go mo
ye ba zege ba nia.
Ba ta wó zo ba sam wone ba vere ba wonnu
ba daare ba zi ba kaana.
17A lage a chuchugi Media tiina mo se ba nwoŋi
ba vo ba jeeri Babilon teo de jara.
Banto yiga tera de lu-nyenno naa sabu-seŋa.
18Ba wó kwei ba chena mo ba tɔ nɔn-donno ba go.
Ba bá duri bu-sese yibwona,
ba nam bá duri bu-somwa de ŋwaŋa.
19Babilon mo jege nenɔŋa ko dwoi teene maama.
Babilon tiina bam maa jege fia ba teo kamunu kom ŋwaane.
Wɛ nam wó chɔge-ko mo,
ne o déem na ke tei o chɔge Sodom de Gomora to.
20Nɔɔna daa bá jwoori ba taa zoore teo kom konto wone maŋa de maŋa.
Arabi tiina bá chwi ba vwoa dáane.
Nayera de nam bá ja ba vara ba vo da se ba peini ba sii.
21Kago-vara yerane mo wó taa kare da ba beera.
Nywoŋ-kuri maa wó su ba di-dwonnu tem.
Dáane mo kunkwooru de wó taa zoora,
ye tɔro de taa kare de faŋe jei maama.
22Wiira mo wó zege teo kom dam jei sem ne ba ke sɔɔ,
Nywoŋ-kuri de maa wó zege ko sɔ-fwaaro tem wone se wei.
Kokuri to, Babilon teo kom maŋa yi ka ti,
ye ba daa bá twoŋi dɛ dedwe ko maŋa kam wone.",https://www.bible.com/bible/3661/ISA.13.KBG
IZAYA 14,"Judah tiina wó jwoori ba di ywoni
1 Baŋa Wɛ lage o jwoori o duri Jakob dwi dem yibwona mo. O maa wó fɔge o kuri Isarele tiina bam se ba taa ye o tete nyem. O nam wó ja-ba o jwoori ba tete teo kom wone ye o pa ba jeini da. Veira laam maa wó ba ba gwaane ba wone, se ba de Jakob dwi tiina bam taa ye bedwe. 2Teene dedɛ nɔɔna mo lage ba woli Wɛ nɔɔna bam se ba jwoori ba tete teo kom ne. Isarele tiina bam maa ná tu ba jeini Baŋa Wɛ tega kam ne, ba laam wó wane dwi-gɛ tiina bam konto ba taa tei, se dwi-gɛ tiina bam ji ba kabɛ, baara de kaana maama. Konto to, ba lage ba di dam balo ya na jaane-ba ba pe to baŋa ne mo, se ba taa tei balo ya na jege-ba ba bɛɛse to.
Babilon teo pɛ taane
3Isarele tiina bam, Baŋa Wɛ wó seene o pa se á ba á sii de chanɛɛre, de yaara, de totoŋ-dɛɛra yalo á dona na fe abam ba de ya wone to. Dɛ dem konto ná yia, 4abam laam wó ta‑á ke Babilon teo pɛ mo á mɔna ye á we:
Kachɛa kam tete dam ti!
O daa bá yaare debam!
5 Baŋa Wɛ bwori puseŋ-nyena da-lwanno tem,
ye o daare o nɔne pwa dam o se tega ne.
6Ba ya jege ba dam dem konto mo
ba bɛɛse nɔɔna taa ba ba yaga.
Ba ma kwei ba bane ba fe teene pa se de toe de pa-ba,
ye ba laam yɔɔre ba jege-ba ba yaare taa.
7Tega baŋa jei maama laam nɛ bochare-zuru de yazura,
ye ba maama jege wopwolo lei ba leena.
8Lebanon teo Sedare teeni dem tete,
dedaane tei-ŋonno tedaara tem
de jege wopwolo mo de kolo na yi nmo to ye ba tɛ ba we:
“Nmo laam na to n tigi tega ne tei to ŋwaane,
nɔɔn-nɔɔno daa bá ba ywo
se kotu gwoni debam o de tega ne.”
9Babilon teo pɛ wom,
churu yɔɔre ko ti yiga mo se ko jeeri‑m.
Ko ma chiŋi chira dwi maama se ba zaŋe ba jeeri‑m.
Ko ná ye balo déem na di paare logo baŋa teene dem wone to,
churu ta pɛ se ba zaŋe ba paare yitunnu baŋa ne mo.
10Banto maama laam maa wó leiri n taane
se ba ta dede‑m we,
“Nmo de laam bwona mo ne debam na ye tei to.
Nmo de yɔɔre n ye ne debam na ye tei to mo.”
11Nmo nenɔŋ-fɔrɔ kom maama laam tu ko ti churu ne mo,
ye n ya ye wolo ba na mage kwanno mo
ba jege ba tei nmo yere to.
Nam nii! Kanzwa yerane laam nam mo lulugi n kuri ne,
ye kaloro de kwoli n yera yam maama.
12Nmo ya nye de naŋɔgɔ na tiini ko nyeene to mo.
Nam nii nmo laam na zege wɛɛne n to tega ne tei!
Nmo déem mo yigi logo baŋa teene maama n de tega ne,
ye nmo tete laam to n tigi n kwaga tetare ne.
13Nmo ya ke n boboŋa ne mo n we,
“Amo wó di wɛɛne mo baŋa baŋa,
se a zege a paare yituŋu kom wɛ-wɛ,
wɛyuu chalechwe sem na lɛɛne jei selo ne to.
A laam maa wó taa jei baŋa seeni peo kom ne yiga yiga,
mɛ seeni wa yam na yeini ya jeeri to.
14A ta wó di wɛɛne a gaale kunkwonnu tem mo,
se a taa ye ne Yuu-tu Wɛ wom na ye tei to.”
15Ko nam na ke tei to, ba jwoori ba dole‑m mo
ba de gwoŋ-chanluŋu wone.
Nmo laam ma‑n tu n zo churu kuri kuri.
16Balo na wo churu ne to maa wó fɔge ba nii‑m zii,
ye ko so-ba de kolo na yi‑m to.
Ba laam maa wó bwei ba ta we,
“Wolo déem na sugi tega baŋa
ye o pa logo baŋa teene dem ziziŋi to mo tento na?
17Wolo déem na pɛ se logo kom maama ji kagoa,
ye o yɔɔre o chɔge tega baŋa teene maama to mo tento na?
O ma daare o ve se o pa balo o na jaane jara wone to chwoŋa
se ba jwoori sɔŋɔ.”
18Logo baŋa teene dem pwa maama tega
ba tiga de ba nenɔŋa zela mo.
Ba dedoa dedoa maa tigi o tete yibeeli wone.
19Ko nam ná ye nmo, Babilon teo pɛ,
ba le‑m n yibeeli dem ne mo,
ne ba na gwoni tio naga ba yage tei to.
Nmo yera yam wó gwaane de balo ba na go jara wone
ye ba te ba tiga laŋa ne to mo.
Ba laam maa wó tuuri á yera yam maama ba vo ba de gwoŋo wone,
mɛ na ye kandwa jei.
Ko laam maa wó pa se ba nɔne n yera yam ba se tega ne.
20Nmo na maŋe n chɔge n teo kom
ye n go n nɔɔna bam to ŋwaane,
ba bá ke n yera yam tega ne
ne ba na ke pwa badwonna bam tei to.
Puseŋ-nyena dwi dem yera maama nam wó saare mo
se ko taa vei wuu.
21Ti-na yiga se á go pɛ wom bia,
ba nabaara wɛleera yam ŋwaane.
Yé pa-ba chwoŋa se ba wane logo baŋa maama ba di,
se ba fɔge ba lɔ teene jei maama ne ba zege.
22Paŋwa Tu Baŋa Wɛ na tage tei to mo tento:
“Amo tete nam mo lage a ke chichuŋu de Babilon tiina bam. A maa wó pa se Babilon teo kom yere saare, se nɔɔn-nɔɔno daa yé daare ko wone. Ba bia de ba dwi dem maama maa wó ti.”
Baŋa Wɛ na tage kolo to mo konto.
23“Amo wó pa se ba teo kom ji kunkworru zoorem jei mɛ buli na daga to. A maa wó chɔge ko jei sem maama, ne a kwei zwɛ mo a yɔɔre a zɔre ko wonnu maama a yage.”
Paŋwa Tu Baŋa Wɛ na tage kolo to mo konto.
Asiria teo taane
24Paŋwa Tu Baŋa Wɛ nam yɔɔre o du duuri mo o we:
“Amo na jaane boboŋa se a ke tei to wó seene ko ke mo.
A nam na ti a yiga se a toŋe kolo to jege se ko zege mo.
25A lage a yɔɔre a chochoge Asiria tiina
balo na wo amo tega kam ne to mo.
A ta wó nɔne ba balo na wo amo peero tem yuu ne to
a se tega ne.
Ko ná ye yɔgese delo Asiria tiina bam na de a nɔɔna bam ba ne to,
amo wó le-de a yage.
A maa wó dɔne ba zela yam ba bakale baŋa ne a yage.
26Amo na jege boboŋe delo tega baŋa maama ŋwaane to mo konto.
Amo nam mo twe a jeŋa
se a mage logo baŋa dwi tiina bam.”
27Paŋwa Tu Baŋa Wɛ boboŋa nam na jaane se o ke tei to mo konto.
Nɔɔn-nɔɔno bá wane o che o chwoŋa.
O maŋe o twe o jeŋa se o toŋe.
Nɔɔn-nɔɔno bá wane o gwi o yiga.
Filisi tiina taane
28Wɛ déem pɛ se kwora kanto yi amo tei bene delo Pɛ Ahaz na tege to wone mo.
29Filisi tiina bam, abam maama yé ta‑á chaka we,
da-lɔŋɔ kolo ya na jege abam ko mage to laam bwori.
Lɔre-na we basankwea done ye ka bu nii mo.
Basankwea kam konto bu wom vea nam wó dwoni ka tete vea kam.
30Yini-gwia na jege balo to wó na ba ni-wodiu.
Nabwona de wó sii de ba yaara yam.
Ko daare abam Filisi tiina bam wó te mo de kana.
Abam kɔgɔ kom nɔɔn-nɔɔno bá wori.
31Á teo kom nakwa bam, ta‑á chwoosa!
Á teo kom nɔn-bia bam de taa keera!
Abam Filisi tiina bam maama,
kɔre-na foone se á wo maama chɔɔre!
Kokuri to, jar-keira nwoŋi baŋa seeni
ba beene se ba jeeri abam de jara.
Kafooro tere ba kɔgɔ kom wone.
32 Dwi-gɛ tiina ná toŋe nɔɔna debam tei ne,
dé nam wó ta bɛ mo dé bere-ba?
Dé wó ta de-ba mo we,
“Baŋa Wɛ maŋe o chwi Zion teo mo o zege.
Ko nam ye dáane mo o nɔɔna balo na yaare to
wó zo ba na dalem jei.”",https://www.bible.com/bible/3661/ISA.14.KBG
IZAYA 15,"Moaba tiina taane
1Kwora kanto mo wora Moaba tiina ŋwaane:
Ara teo na wo Moaba laŋa kam ne to chɔge.
Ko nam ye tete dedoa ne mo ko yɔɔre ko chɔge!
Kira teo de na wo Moaba ne to chɔge.
Ko nam ye tete dedoa ne mo ko chɔge konto!
2Dibon teo tiina diini ba teo jwoni diga kam,
dedaane de wara-jei bimbini dem mo,
se ba keeri wo-chechɔgɔ ŋwaane.
Moaba tiina yɔɔre ba keeri mo
Nebo de Medeba teene dem na chɔge to ŋwaane.
Ba cheeri ba yuni mo ye ba daare ba fane ba twana
ba wo na chɔge to ŋwaane.
3Ba ma zo gare-nyenyaaro
ye ba kare teo kom chwei sem yuu ne ba via.
Ba ta yɔɔre ba diini ba sam nayuni mo,
ye ba jeeri ba jeerim jei maama ne
ba kare ba chwoosa.
Ba maama ma vwi ba yibia tega ne
ye ba kane yi-na taa.
4Hesebon teo tiina de Elealɛ teo tiina de yɔɔre ba keeri mo.
Ba keira kam sɔɔ kɛ ko ni Jahaza teo ne de.
Moaba teo jar-keira tete vɔna pare mo,
ye ba chwoosa, ba baare maama na ti to ŋwaane.
5A yɔɔre a ŋwane a pae Moaba tiina bam mo.
Teo kom nɔɔna duri mo se ba kwaane ba yi Zoara.
Badaara de ma duri se ba vo ba yi Egalate-Selisiya.
Ba badwonna de kwaana se ba di ba yi Luhifi.
Ba nam yɔɔre ba keeri mo ye ba via.
Balo na to Horon teo chwoŋa ne ba maa kɛ to
de laare mo de ba teo kom na chɔge to.
6Nimirim bu-nɔgɔ kom we maama,
ye gaao kolo na wo dáane to de kwaare.
Ga-zuru de teeni maama jei mo.
7Moaba tiina na nɛ jejegero telo ba tiŋi to mo ba laga ba ke daane,
ye ba ja-te ba vo ba bɛ ‘Buga ni teeni’ nabara kam.
8Ba yini-keira kam kɛ ka yi Moaba laŋa kam siseini.
Ba na laare tei to yi Egelayim seeni,
ye ba ŋwana yam de vo ya yi Beeri-Elim teo kom.
9Dibon teo buga kam su de jana mo.
De ko de, amo Baŋa Wɛ wó pa se ba cham dem dwoni konto.
Ko nam ná ye balo na nɛ chwoŋa se ba lu
ye ba ta daare Moaba laŋa kam ne to,
nywoŋo mo wó zaŋe ba baŋa ne ko go-ba.",https://www.bible.com/bible/3661/ISA.15.KBG
IZAYA 16,"1Pa-na se dé kwei pei dé ŋwe dé pa
wolo na nii tega kam baŋa ne to.
Dé wó zege Sela teo ne mo dé toŋe-se
se se tɔge kagoa kam yuu
se vo se yi Zion peo kom.
2Moaba teo kaana bam yɔɔre ba zege Aranon buga kam bubɛ ne mo
ye ba lage se ba bɛ-ka.
Ba nam nye ne zuna balo nɔɔna na chiŋi ba pworu ne
pa ba pipeigi ba vɔna to mo.
3Ba maa tɛ ba we, “Bere-na debam dé na wó ke tei to.
Kuri-na boboŋe á pa debam.
Kwei-na á lunluŋu á kwoli debam wea tetare ne,
ne woro na wora tei tete ne to.
Pa-na debam dalem jei,
dé daa na ba jege sɔŋɔ to ŋwaane.
Yé pa-na se balo na pare debam se ba ja to wane ba lɔre dé jei.
4Yage-na se debam balo ba na zeili Moaba teo ne to
na chwoŋa se dé ba dé jeini abam tetare ne.
Pa-na se dé na dalem jei abam tei ne,
se dé dona bam yé wane debam ba chɔge.”
Wolo na bɛɛse nɔɔna to nam wó jei.
Chɔgem dem de maa wó ti
ye nankɔ-nyena bam de saare tega kam baŋa ne.
5Ba wó tɔge swono baŋa ba pa paare dedwoŋi taa zega,
se nɔɔno tɔge chega kikia baŋa ne o di paare dem konto.
Wolo nam na wó di-de to ye David dwi tu mo.
Wonto wó bore nɔɔna bora de chega mo,
se o daare o nii se nɔn-ŋonne taa toŋa.
6Debam nigi Moaba teo tiina bam na jege fia tei to ni ne.
Ba yɔɔre ba bere ba tete kamunim mo de ba dagem,
ye ba toŋe yi-dɛɛre kikia.
Ba boyerem kikia yam nam ba jege kuri.
7Moaba tiina bam nam jege se ba taa chwoosi mo,
lɛɛro telo na yi ba teo kom to ŋwaane.
Ba maama wó taa keeri mo wo-chechɔgɔ ŋwaane.
Ta‑á keera, de ko na chɛ á yera
pa á daa ba nae Kiri-Heresi kekan-wogila á di to.
8Kare selo na wo Hesebon ne to,
de Sibima teo Vini teeni kare sem maama kwaare mo.
Tio-bia bam konto nyoa déem mo pɛ
teene dedɛ dedɛɛra nyɔ sana ba bugi.
Vini teeni dem ma ta nɛ se yi Jazera
ye de ta jage se yi kagoa kam seeni.
De nɛ sem ta kɛ se yi
naneo kom ni na wo mɛ to.
9Amo nam wó keeri mo ne Jazera tiina na keeri tei to,
Sibima Vini teeni dem na chɔge to ŋwaane.
A yi-na nwoŋi mo bare-bare,
Hesebon de Elealɛ teene ŋwaane!
Kokuri to, abam daa bá taa bage de wopwolo,
á kare wodiiru keim baŋa ne, de á teeni na ke bia tei to.
10Wopwolo de ywoni dim daa tera abam kare sem ne.
Vini teeni kare sem ne, nɔɔna ware se ba leeni lei da.
Ba maa ware se ba bage sɔɔ ba yage wɛɛne.
Ba daa ware Vini tio-bia bam se ba ŋoke ba nyoa,
kokuri to, amo pɛ se wopwolo sɔɔ keim ti ba tei ne.
11A bochare yɔɔre de zage mo Moaba teo ŋwaane,
pa se a suuri ne ba na tae kɔnɔ ye ko ye tei to.
A wo de ma tiini ko chɔge Kiri-Heresi ŋwaane.
12Moaba tiina ta ná kare ba vei ba jwona yiga ne,
ye ba ná yaare ba tete ya wara-jei sem ne,
se ba lwoori wolim ya tei ne tei maama de,
ya bá wane-ba ya jwoŋi ya yage.
13Kwora kam konto mo Baŋa Wɛ déem ya maŋe o pa Moaba teo kom ŋwaane. 14Baŋa Wɛ ta na tage tei to mo tento: “Bena yatɔ ná yia, ne tontoŋeno na jeeli o totoŋa da yam chekke tei to, Moaba teo jejegero tem na pa-ba zula to daa bá taa jege kuri. Ko nɔn-bia bam na maŋe ba daga tei to de, ba fenfee yerane mo wó daare, ye ba de nam wó taa tiini ba bwona mo.”",https://www.bible.com/bible/3661/ISA.16.KBG
IZAYA 17,"Damasika teo taane
1Kwora kalo na wora Damasika teo kom ŋwaane to mo tento:
“Nii mo! Damasika teo kom daa bá taa ye te-fɔrɔ!
Ko lage ko taa ye di-dwonnu yerane mo ko zega.
2Ba wó duri ba daare Arowa teene dem
se vare-mwa yerane taa tigi de wone,
ye nɔɔn-nɔɔno bá wane-ba se o zeili.
3Efrayim teene dem ya na lɔge de pe de dam to wó chɔge.
Damasika teo paare dam dem de maa wó ti.
Siria tiina balo fenfee na daare to wó yaale mo,
ne Isarele tiina déem na daga ye ba laam yaale tei to.”
Paŋwa Tu Baŋa Wɛ na tage tei to mo konto.
4“Maŋa kam konto nam ná yia,
Jakob dwi tiina nenɔŋa kam wó ba tega.
Teo kom jejegero maa wó jei,
ne kana na jege nadum pa se o zwale tei to.
5Ko na wó ke-ba tei to wó taa nye ne
men-zagena na zage mena ba ke daane tei to mo.
Ko ta wó taa nye ne ba na lare mena Refayim bwolo kom ne tei to.
6Men-lara yadaara nam ta wó daare da.
Ko wó ke ne ba na pore Olivi tio tei,
ye ba daare ko tio-bia balei, naa batɔ,
tio kom nɛ selo na tiini se wo wɛ-wɛ to yera ne.
Tio-bi-laaro tena, naa tenu mo wó daare
ko nɛ sem maama ne.”
Baŋa Wɛ wom na ye Isarele tiina Wɛ to mo tage konto.
7Maŋa kam konto maa ná yia,
nɔɔna wó kwoni ba nii ba Keiru wom se o zeini-ba.
Ba wó kwei ba teena mo
ba daŋe Isarele tiina Wo-pwoŋo Tu wom wone.
8Ba yiga daa bá taa wo bimbina yalo
ba na ke de ba je to wone.
Ko ná ye jwona yalo ba na mɔɔne to,
ba teena bá taa wo ya wone,
ne ko ná ye Asera nyenyego dɛ sem
naa talwoŋa zwɛɛm bimbina yam de.
9Maŋa kam konto nam ná yia, nɔɔna wó duri ba daare teene delo na lɔge de pe de dam ye Isarele tiina bam zeili-ba de wone to. Ga-cheiŋo de punnu yerane mo wó taa wora. Jei sem maama maa wó taa tigi yɔɔ yerane.
10Abam nam swei á Wɛ wom na ye á Vereno to ni ne mo.
Á daa maa ba guli Wɛ na ye á peo de á dalem jei to gula.
Konto ŋwaane, abam ná maŋe á jeiri teeni delo na tiini de lana to,
de delo á na zeŋe á ja á nwoŋi dwi-gɛ tiina teene wone á ba to,
11abam nam ná nii de baŋa ne pa se de puli de nwoŋi lela,
ye de be de ke punnu tetete delo wone á na jeiri-de to de,
á bá na kolokolo á zage.
Á nam wó na wo-chechɔgɔ de zonne delo na ba ti to yerane mo.
12Nii dwi-gɛ tiina dedɛ jar-keira na ke sɔɔ tei!
Ba yɔɔre ba wuuri mo ne naneo kom na wuuri tei to!
Nii ba nɔn-kɔgɔ sɔɔ na zaŋe tei!
Ko nye ne na-fɔrɔ na wuuri ba beene tei to mo!
13Nɔɔna bam konto kwora ná maŋe ka zaŋe,
ne na-fɔrɔ na wuuri ko ke sɔɔ tei to de,
Baŋa Wɛ nam ná puri o ni o bwɛ-ba,
ba maama wó lage jei mo ba vo.
Ko wó taa nye de vio na kale swanno zwonnu yuu ne
ko ja jei tei to mo,
naa vo-kekara na pɛ weeru ko ja kɛ tei to mo.
14Dedaan-ni maŋa ne, foone tiini de jege debam,
dé dona na yi debam to ŋwaane.
Tega nam na jege ka poore to, de ba viiri mo!
Kolo na wó yi balo na tu se ba ke chichuŋu de debam
ye ba vere dé wonnu ba ja viiri to mo konto.",https://www.bible.com/bible/3661/ISA.17.KBG
IZAYA 18,"Kusi tiina taane
1Lɛɛro wó yi teo kolo sɔɔ na zaŋa
ne kayere mo wuuri se beene to!
Teo kom konto nam lɛɛne ko wo Kusi bwi sem jei ne mo.
2Ko yeini ko toŋe ko nɔɔna de kwora mo
se ba tɔge Naili buga kam baŋa ne ba vo jei sedwonna ba pa.
Ba kwei sangɛ mo ba ma ba ke nabwooru telo ba na mae ba yɛ na to.
Nam toŋe-ba se ba ke lela ba jwoori ba tete teo.
Ko ye teo kolo nɔɔna na dɔra ye ba yera de swola to.
Nɔɔna jei maama ne kɔre ko nɔn-bia mo,
ba keim na chana
ye ba chɔge balo na dwoni de-ba to ŋwaane.
Ba tega kam nam ye bwi mo pɔɔre-ka se ke tetare ne.
3Abam logo baŋa nabiina maama,
ba ná zeiŋi tuta peero tem yuu ne, fɔge-na á nii!
Ba maa ná wugi nabɔnɔ, fɔge-na á cheigi!
4 Baŋa Wɛ nam na tage tei de amo to mo tento:
“Amo wó zege a na zoore mɛ to ne mo
se a taa ye chemm ye a nia.
Amo wó toŋe mɛmɛ ne wulim na zaŋe wea maŋa ne tei to,
naa nyɔnɔ na toe wodiu zagem maŋa ne tei to mo.”
5Kokuri to, Vini teeni ná gɛ fee se de lei de bia,
maŋa kalo punnu tem na yɔɔre te wora te bere se te ke bia to,
Wɛ lage o kwei lara mo o pere teeni dem nɛ o de tega ne,
ne se ná ye balɛ naa se ye selo na jage se maa kɛ yiga to de.
6Ba yera yam wó maŋe tega ne mo,
se ya ji wodiiru ya pa peero yuu zuna de kago-vara.
Kwea maŋa ne mo zuna bam wó di-ya,
se kago-vara bam de di-ya waaro maŋa ne.
7Maŋa kam konto ne nɔɔna wó ja pɛɛra ba ba ba pa Paŋwa Tu Baŋa Wɛ wom. Balo na wó ja pɛɛra yam ba ba ba pa‑o to mo
nwoŋi teo kolo nɔɔna na dɔra ye ba yera de swola to.
Nɔɔna jei maama ne kɔre ko nɔn-bia mo,
ba keim na chana
ye ba chɔge balo na dwoni de-ba to ŋwaane.
Ba tega kam nam ye bwi mo pɔɔre-ka se ke tetare ne.
Banto wó ja ba pɛɛra ba ba Zion peo kom, jeiga kalo Paŋwa Tu Baŋa Wɛ na kuri se nɔɔna taa zuli o yere da to mo.",https://www.bible.com/bible/3661/ISA.18.KBG
IZAYA 19,"Ejipti teo taane
1Wɛ kwora kalo na vei Ejipti teo seeni to mo tento:
Nii-na! Baŋa Wɛ dɔge kunkwoŋo kolo na wurigi to baŋa ne
o maa beene Ejipti.
Ejipti teo jwona yam yera sae mo o yiga ne.
Ko maa ná ye Ejipti tiina bam tete,
ba wo maama chɔɔre mo.
2“A lage a pa Ejipti tiina bam zaŋe da-baŋa ne mo ba ke jara.
Nɔɔno mo wó ke jara de o choro,
ye nɔɔno de o faro de dwoni daane.
Teo wó chiŋi ko dwoŋi teo se jara zaŋe,
ye pɛ de ke chichuŋu de o dwoŋi pɛ.
3Ejipti tiina bam nagwola lage ya te mo,
amo na wó pa ba boboŋa yam ji kafɛ to ŋwaane.
Ba wó nwoŋi beira se ba lɔre ba jwona yam de ba chira boboŋa.
Ba maa wó vo chichiri vora de yi-nara tei.
4Amo nam lage a kwei Ejipti tiina bam mo
a ke pɛ-balɔrɔ jeŋa ne.
Wonto wó tɔge keim-chɛɛre baŋa ne o taa tei-ba.”
Yuu-tu Baŋa Wɛ wom na ye Paŋwa to mo tage konto.
5Naili buga na bam wó we ba ti,
pa se te-kora yerane daare.
6Bu-nwaro tem wó taa lwoi mo,
ye nabare sem de na ba ba we maama.
Buga ni gaaro, de nanchan-gullu tem de maama wó kwaare.
7Ko woli da, wodiiru telo ba na dugi
Naili buga kam ni ne to maama wó ko mo.
Ko nam ná ye kare selo ba na dugi buga kam ni ne to,
se maama wó ko mo, ye vio kale ko ja jei,
se kare daa yé daare dáane.
8Ywon-jara wó taa vuvuni mo ye ba keera.
Kokuri to, balo na de ba gwoli-dole Naili buga kam wone to,
de balo na dole ba ŋwe ba de ka wone to
wó taa toŋa yɔɔ yerane mo.
9Balo na toŋe gare-nyenno totoŋa to vɔna wó pare mo.
Balo de na dole gare-yia to teena wó ti.
10Ko ná ye balo na sɔ gwaaro to,
ba wo wó chɔɔre mo.
Balo maama na toŋe ŋweero ŋwaane to wo maa wó chɔge.
11Zoan teo dedɛɛra bam yɔɔre ba ye jworru yerane mo.
Ejipti Pa-faro wom na jege nakwa balo to ba bere‑o swa.
Abam lage á tɔge chwoŋa kɔ ne mo se á ta ded‑o we,
“Amo de tɔge a ye swa tiina dwi dem wo nɔɔno mo.
Ko na zege faŋa to mo
dé nabaara bam jwoŋi swa pwa tei ne”?
12Nmo swa tiina nam daa wo yein-seeni mo?
Bwoŋi-ba se ba ba ba ta ba bere‑m
kolo maama Paŋwa Tu Baŋa Wɛ
na boŋe se o ke de Ejipti teo kom to.
13Zoan teo dedɛɛra bam seene ba ji jworru mo.
Ko ta ná ye Memfisi teo yiga tiina bam,
nɔɔna jege-ba ba gana mo.
Balo na ye Ejipti sɔ-yuni tem yiga tiina to
jaane ba nɔɔna bam ba ywori.
14 Baŋa Wɛ nam na ke tei to,
o vugimi nakwa bam boboŋa mo,
pa se Ejipti tiina kare ba tusi chwoŋa.
Ba maa nye de sa-nyɔro na bugi
ye o vei chwoŋa yuu de gaao wone tei to.
15Nɔɔn-nɔɔno nam tera Ejipti teo ne
se kotu wane o jwoŋi-ba o yage.
O ná ye nɔn-yero naa nɔn-kafɛ mo de,
naa nadum naa nabwom mo,
kotu bá wane o woli-ba.
16Maŋa kam konto nam ná yia, Ejipti teo tiina maama wó na Paŋwa Tu Baŋa Wɛ na twe o jeŋa tei se o waare-ba to. Konto maa wó pa ba taa fona ne kaana na jege foone tei to. 17Judah teo tiina nam mo lage ba pa foone tiini de ja Ejipti teo nɔɔna bam. Ba maa ná yɔɔre ba bwoŋi Judah teo kom yere ba bere wolo, kotu wó fom mo, de Paŋwa Tu Baŋa Wɛ na boŋe se o ke-ba tei to.
18Maŋa kam konto ná yia, Ejipti teene denu mo lage de taa jege Hiburu taane dem ba ŋɔɔna, ne ba na ŋɔɔne Kanaan ne tei to. Ba laam maa wó du duuri ba sɛ ba pa Paŋwa Tu Baŋa Wɛ. Ba wó taa bwoi teene dem konto dedoa yere we, “Wea Teo kom.”
19Maŋa kam konto nam ná yia, ba wó lɔ bimbini Baŋa Wɛ ŋwaane Ejipti teo kom tetare ne. Ba ta maa wó chwi kandwɛ nenɛɛne ywei dwoŋi Ejipti siseini dem ne ba pa‑o. 20Wonnu tem konto wó taa ye memaŋe se te guli Ejipti tiina bam mo we Paŋwa Tu Baŋa Wɛ yɔɔre o jege dam. Ba dona ná jege-ba ba bɛɛsa, ye ba ná keeri ba jare‑o, o de wó toŋe dedɛɛro se o ba o jwoŋi-ba o yage. 21Baŋa Wɛ laam wó pa Ejipti tiina bam lɔre o na ye wolo to chekke, ye ba de sɛ ba pa‑o. Ba maa wó taa jaane pɛɛra ba tui ba ke kaanem ba pa‑o, se ba ma ba zuli‑o. Ba ta wó taa gwoni ba nia ded‑o, ba daare ba tɔge-ya. 22Baŋa Wɛ tete mo wó waare Ejipti tiina bam, ye wonto nam ta mo lage o pa-ba yazura. Ba maa ná pipiri ba jwoori o tei, o de wó sɛ ba wɛ-lworo kom ye o daare o yɔɔre-ba.
23Maŋa kam konto ná yia, chwo-fara wó taa tigi yala-yala Ejipti de Asiria teene dem tetare ne. Teene dem konto delei nɔɔna wó taa kare ba vei da-teene dem wone. Ba ta wó yeini ba ke daane ba zuli Wɛ. 24Maŋa kam konto ne, Isarele teo kom wó woli Ejipti de Asiria wone, se teene detɔ dem konto taa ye daane. Ba maa wó ja Wɛ swolim ba ba ba pa tega baŋa maama nabiina. 25Paŋwa Tu Baŋa Wɛ laam maa wó swɛ banto maama swolim ye o ta we, “Ejipti tiina bam ye amo nɔɔna mo. Asiria tiina bam maa ye amo tete jeŋa totoŋa. Se ko ná ye Isarele tiina bam, amo mo kuri-ba se ba taa ye amo tete nyɔn-mage nɔɔna. Konto ŋwaane, amo wó swɛ ba maama swolim.”",https://www.bible.com/bible/3661/ISA.19.KBG
IZAYA 20,"Ejipti de Kusi taane
1Asiria teo pɛ Saregon déem toŋe o jar-keira yuu tu pa o vo o jeeri Asedodi teo de jara, se o wane-ko o di. 2Bene dem konto wone mo Baŋa Wɛ tage de Amozi bu Izaya o we, “Lɔɔre gare-nyenyaaro telo na wo n yera ne to, se n daare n le natera yalo n na zo to.” O ma seene o ke konto, ye o kare jei sem maama o beera bwori de o napera yerane.
3 Baŋa Wɛ laam ma ta o we, “Ne amo tontoŋeno Izaya na kare o vei bwori o napera baŋa ne bena yatɔ tei to, keim dem konto wó ji maana mo se ko bere kolo na wó yi Ejipti teo de Kusi teo to. 4Asiria teo pɛ lage o ba o kale Ejipti de Kusi tiina balo o na wane to mo o ja o kɛ, ye ba wó taa vei bwori de napera mo ba maa kɛa. Ko nam wó taa ye ba nɔn-donno de ba nɔn-kwe mo, ye ba maama kura nae chaveera yerane. 5Balo ya na kwei ba teena ba daŋe Kusi teo baŋa ne, ye ba daare ba ke ba chega de Ejipti teo to laam maa wó taa kɔre foone, ye chaveera jege-ba. 6Maŋa kam konto ná yia, balo na zoore naneo kom ni seeni to laam maa wó ta we, ‘Debam ya sale banto yera ne ye dé duri dé vo ba tei se ba jwoŋi debam mo ba yage Asiria pɛ wom jeŋa ne. Nam nii kolo na yi-ba to! Debam laam nam wó tɔge yein-seeni mo se dé lu?’ ”",https://www.bible.com/bible/3661/ISA.20.KBG
IZAYA 21,"Babilon teo taane
1Kwora kanto wora kagoa kalo na tigi naneo kom ni ne to ŋwaane mo:
Ne vo-kekara na yɔɔre ka dole tega-kuri seeni jei sem ne tei to,
konto mo lɛɛro lage te nwoŋi kagoa kam seeni
mɛ foone na daga to te ba abam baŋa.
2Amo nii a na chanɛɛre mo Wɛ na le o bere-ne:
Jei maama ne nɔɔno wó nwoŋi o dwoŋi kwaga ne.
Venverena de wó zo ba vere wonnu.
Elam jar-keira bam,
ja-na jara yam á jeeri-ba!
Abam Media tiina bam,
á de kaare-na ba teo kom maama á pu!
Amo lage a pa yaara yalo banto na ke nɔɔna yera ne to ti.
3A na nɛ wonnu telo Wɛ na le o bere-ne to,
mo a yera maama yɔɔre ya wiira.
A maa yɔɔre a wowola,
ne kapua na virigi puga se o lo bu tei to.
A yera chɛ de kolo a na nigi to.
A boboŋa maa vugimi de kolo a na nɛ to.
4A yia maama yɔɔre ya gigili mo.
Foone ŋwaane a yera maama maa sae.
A ya na beeri se wɛ-toore yi lela to,
de nam jwoori de ja foone mo de ba de pa-ne.
5Nii-na! Ba ti wodiu yiga mo se ba jeini ba di kuri,
ye ba lware gare-jala se nɔɔna jeini te baŋa ne ba di.
Ba laam maa jei ba di, ye ba daare ba nyɔ sana.
Abam dedɛɛra bam, nam zaŋe wɛɛne!
Kwɛ-na á jara nantane sem se á nwoŋi á vo á ke jara!
6Baŋa Wɛ laam ma ta de amo o we:
“Véi n kwei nɔɔno n zege se o taa yere teo kom.
Ta ded‑o se o taa tɛ kolo o na nɛ to o bere nɔɔna.
7Kotu nam ná nɛ jara-keim torokooro
ye sisein-nɔɔna vaŋe-te,
ye o ta ná nɛ nɔɔna na dɔge bonɛ baŋa ne
naa ba dɔge kona baŋa ne,
ko bere we o jege se o taa fɔge
o yere o tete mo lanyerane.”
8Teo yereno wom laam ma tɔɔle o ta o we,
“Amo tu, dɛ maama wone mo
amo yɔɔre a zege a zega jei sem ne.
Tete maama ne de, a ta wora mo ye a yere jei sem.
9Nam nii! Nɔɔno mo beene
o na dɔge jara-keim toroko baŋa ne,
ye sisein-nɔɔna vaŋe-ko.”
Nɔɔno wom mo baga o yaga we:
“Babilon teo kom chɔge ywoo!
Ko yɔɔre ko chɔge mo!
Ba teo jwona yam nyenyero maama chochoge mo,
ye ya tigi tega kam jei maama ne.”
10A nɔɔna bam, ba pɛ ko zo á yera mo
ne kaane na zɔge mena kazɔgɔ ne tei to.
Amo nam jwoŋi kwora mo
ye ka nwoŋi Paŋwa Tu Baŋa Wɛ wom
na ye Isarele tiina Wɛ to tei ne.
Kwora kam konto mo a laam nam tage a bere abam.
Edom teo taane
11Kwora kanto wora Duma teo kom ŋwaane mo:
Nɔɔno mo zege Seyira ne o bwei o we,
“Maŋa kɔ mo tega kam wó poore?
Ta n bere-ne maŋa kalo tega na wó poore to.”
12Teo yereno wom ma leiri o we,
“Ko bá dáane se tega poore.
Ka nam ta wó jwoori ka yi.
Nmo nam ná lage se n daa‑n bwei woŋo n woli da,
se n jwoori n ba n bwei se n lɔre.”
Arabia jei sem taane
13Kwora kalo na wora Arabia ŋwaane to mo tento:
Abam Dedan pipim-piina bam ná yeini á tɔge daane
á beeri Arabia te-kora kam ne,
á wó peini teeni woro ne mo se tega laam poore.
14Beeri-na na á pa na-nyɔm na jege balo to!
Abam balo de na zoore Tema teo ne to,
ja-na wodiiru á ba
á pa balo na duri se ba lu cham wone to.
15Kokuri to, banto maŋe ba duri mo
se ba lu jara wone.
Ba maa kwaane se ba lu se-zɔɔro de chena tam wone,
jar-keira na lage se ba go-ba to ŋwaane.
16Amo Teiru Wɛ nam na tage tei de amo to mo tento: “Bene dedoa maŋa ne, ne tontoŋeno na jeeli o totoŋa da yam chekke tei to, de Kedare teo nenɔŋa kam ti. 17Kedare che-tara bam mo ye bembɛ ba nɔɔna bam maama wone. Ba nam lage ba daare fenfee yerane mo.”
Baŋa Wɛ wom na ye Isarele tiina Wɛ to mo tage konto.",https://www.bible.com/bible/3661/ISA.21.KBG
IZAYA 22,"Jerusalem teo taane
1Kwora kanto mo wora teo kolo yere na ye ‘Veerem Bwolo’ to ŋwaane:
Bɛ mo jege ko ke á teo kom ne,
pa nɔɔna bam maama di ba sam nayuni?
2Bɛ mo ke ye ba sɔɔ zaŋe teo kom jei maama ne,
ye ba bage ba yaga de wopwolo?
Balo na tege abam teo kom wone to
wo tɔge jara-keim baŋa ne mo ba te.
3Abam teo yiga tiina bam maama duri mo
se ba lu jara yam wone.
Ba yɔɔre ba sɛ bwom ba pa ba dona bam mo
ye jara yam ta wo yi-ba.
Abam wone balo maama ya na kwaane
se ba liisi ba dona yiga ne to,
ba ta nɛ-ba mo ye ba ja ba maama nywa!
4Konto ŋwaane amo de laam maa we,
“Yage-ne konto chemm,
se a keeri lanyerane a nɔɔna bam ŋwaane.
Nɔɔn-nɔɔno yé gwi-ne de a keira kam,
kokuri to, chɔgem mo yɔɔre de yi a nɔɔna bam.”
5Paŋwa Tu Baŋa Wɛ wom le dɛ mo o tiŋi
de na jege sɔɔ, de vuvuga, de cham,
se o pa de yi Veerem Bwolo kom.
De maa ye dɛ delo ne ba na wó kuusi teo kom kabiri mo,
se ko nɔn-bia bam keira sɔɔ zaŋe ko yi peero jei sem to.
6Elam teo tiina ma kwei ba che-kɔro tem
ba nwoŋi de ba jara-keim torokooro,
de ba sisein-dira maama.
Kiri teo tiina de ti ba jara nantane sem yiga mo.
7Ko ná ye abam bwollu telo ya na ke wodiiru lanyerane to,
jara sisei-torokooro laam mo su te maama se jara ke.
Balo maa na dɔge sisein-nɔɔna yuu ne to
de ma vo ba cheiŋi teo kom manchwo-peo ni.
8Judah teo da ba jege dalem jei se ba ma che ba tete.
Maŋa kam konto ne,
abam boŋe se á le jara zela yalo
ya na tigi ‘Goa’ diga kam ne to mo.
9Abam nɛ we David teo kabiri sem
su de lolwe dedɛ.
Á ma la na á zege kuri seeni chɔgɔ kom ne,
se á daare á mɔ-ba.
10Á ma jeeli Jerusalem teo sam dem ni
ye á daare á yigi de dedwonna á de tega ne,
se á ma á fɔge á lɔ teo kabiri sem se se taa dana.
11Á ta koge gwoŋo mo á yage kabiri selei sem tetare ne
se á ta‑á ke na balo na nwoŋi chɔ-dwoŋo kom wone to dáane.
De ko de, abam yiga nam tera de wolo na pɛ se wonnu tento ke to.
Á maa wo nege wolo na boŋe te boboŋa faŋa faŋa to.
12Maŋa kam konto ne,
Paŋwa Tu Baŋa Wɛ wom nam ya tage de abam mo
se á ka yi-na
ye á ta keeri wo-chechɔgɔ ŋwaane,
se á daare á cheeri á yuni,
ye á kwei gare-nyenyaaro á zo.
13Nam nii abam na ke wopwolo ye á chake tei!
Á kare á goe naane de pei mo se á ma á di kuri.
Á maa jege nɔna dedɛ á dona,
ye á daare á nyɔ sana!
Abam laam maa tɛ we, “Pa-na se dé taa di dé ni ne,
kokuri to dé yeiri dé jwa wó te na.”
14Amo nigi Paŋwa Tu Baŋa Wɛ na tage o we, “Amo bere a bá kwei ba wɛleere dento a chɛ-ba se ko maŋe ko yi ba toone de.” Yuu-tu Baŋa Wɛ na tage tei to mo konto.
15Paŋwa Tu Baŋa Wɛ tage tento mo o we:
“Vei Sebena tei, wolo na nii pɛ sɔŋɔ kom kikia maama baŋa ne to, se n ta ded‑o we: 16Nmo bere n pa n ye wɔ mo? Ba suli n nabaara badwonna ywo, se n vo n lage n tete yibeeli pɛ-sɔŋɔ yibeela jei sem ne n tiŋi mo na? Bɛ mo ye n vo n bɔɔre bɔɔne peo kom ne wɛ-wɛ, ye n sare siu jei n tete ŋwaane.
17A nɔɔno, nam ta‑n yei we, Baŋa Wɛ mo lage se o ja‑m o vuvugi o dole o yage de dam. 18O wó ja‑m o kukuli o ke daane ne geili dwoŋi to, ye o laam dole‑m o yage tega kalo na tiini ka yala to wone. Nmo ma‑n wó te dáane, ye n sisei-torokooro telo na pɛ‑m zula to de maŋe da. Nmo nam ye wolo na tiini n yaale n tu wom sɔŋɔ kom to mo.
19Amo Baŋa Wɛ nam lage a le‑m mo n totoŋe dem baŋa ne, se n ga zula yalo ya na tɔge de totoŋe dem to. 20Maŋa kam ná yia, amo wó bwoŋi a tontoŋeno Hilikia bu Eliakim. 21A maa wó pa‑o chwoŋa se o taa zoore nmo gwaaro tem, ye o daare o vɔ nmo vovoa kam o teiŋa ne, ye a kwei n dam dem a pa‑o. O laam maa wó ji Jerusalem nɔn-bia bam, de Judah dwi tiina bam maama kwo. 22A lage a kwei David paare dem bwor-bu mo a ke o jeŋa ne. O maa ná jaane boboŋa se kolo ke, nɔɔn-nɔɔno bá wane o gwi o boboŋe dem. O nam ná we kolo bá ke, nɔɔn-nɔɔno ware se o pa ko ke. 23A nam ta wó pa o kuri ja tega mo, ne ba na page paare delo tega ne to. Konto to Eliakim mo wó ja zula o ba o pa o kwo sɔŋɔ kom maama. 24O diga tiina nam wó kwei ba chana maama ba gwori wonto mo. Ba wó taa pale ba tete o yera ne mo, ne ba na page chene kabira yera ne ye ba pale kambi de kabeili de baŋa ne tei to.”
25Paŋwa Tu Baŋa Wɛ ta ma ta o we, “Maŋa kam nam ná yia, chene dem wó kore de to tega ne. Wonnu telo maama ya na leigi de yera ne to maa wó pare te to tega ne.” Baŋa Wɛ na tage tei to mo konto.",https://www.bible.com/bible/3661/ISA.22.KBG
IZAYA 23,"Tura teo taane
1Kwora kanto wora Tura teo kom ŋwaane mo:
Ta‑á keeri-na, nabworo yuŋina balo na nwoŋi Tarasisi
ye á beeri pipiu ŋwaane to!
Kokuri to, Tura teo kom chɔge mo.
Ko sam dem maama chɔge.
Jei daa tera se nabwooru tem zo te zege da.
Ko ye Kitim ne mo ba nigi kwora kam konto.
2Ta‑á ye chemm, abam balo na zoore naneo kom ni ne to.
Abam Sidon teo pipim-piina bam mo toŋe nɔɔna
se ba tɔge naneo kom baŋa ba ke pipiu pa se á duni.
3Ba ma beeri na-fwaaro tem baŋa ne
ba ke pipiu de teene delo na ye yiga yiga to.
Ba ma vo ba yi Sihora de Naili bwi sem
ba yeigi wodiiru telo na ke dáane to
ba ja ba jwoori sɔŋɔ.
4Sidon teo tiina bam, á laam wó na á chaveera!
Kokuri to, nmo Sidon teo nɛ dam naneo kom ŋwaane,
ye naneo kom laam nam ve‑m ye ko we,
“Ko nye de amo ta wo virigi puga se a lo bia.
Amo nam wo kɔne bia se ba ke nɔɔna,
ko ná ye bakeiri naa busankane de.”
5Ejipti tiina ná nigi kolo na yi Tura teo tiina to,
ba yera wó sɔɔre dedɛ.
6Kwaane-na se á bɛ á yi Tarasisi se á nii.
Keeri-na á wo-chechɔgɔ ŋwaane,
abam balo na zoore naneo kom ni ne to.
7Bɛ mo ke teo konto ba na chwi faŋa faŋa to?
Ko déem pɛ á na ywoni lanyerane,
ye ko nɔɔna jage ba vo yiga yiga
ba zoore teene dedwonna ne.
8Wɔ mo jeini o boŋe lwarem kikia yanto
se o ma o chɔge Tura teo kom?
Ko ya ye teo kolo na pɛ nɔɔna di paare mo.
Balo déem na pipi ko wone to ye dedɛɛra mo,
ye logo baŋa nɔɔna maama nege-ba.
9Ko nam ye Paŋwa Tu Baŋa Wɛ mo boŋe se o chɔge-ba.
O ma ke konto se o zoore-ba tega ne de ba nenɔŋa kam,
se ko pa nɔn-yum dwi maama tu ba tete tega ne.
10Abam Tarasisi tiina bam,
laam ta‑á vare-na á tega kam
ne ba na ke tei Naili buga kam ni ne to.
Kokuri to, abam daa ba jege jei selo
á na wó ke pipiu da to.
11 Baŋa Wɛ tete mo twe o jeŋa naneo kom baŋa ne,
pa se logo baŋa teene dem ziziŋi.
O pɛ ni se ko vo Kanaan laŋa kam seeni,
ye o we ba chɔge banto dam jei sem maama.
12O ma ta de Sidon tiina bam o we,
“Abam ywoni dim dem ti mo,
ba na chɔge abam lam to ŋwaane.
Abam ná maŋe á bɛ á vo Kitim,
á ta bá na siu da.”
13Fɔge-na á nii Babilon teo kom. Ko nɔɔna bam daa ba jege yuu! Asiria tiina bam pɛ se ko ji kago-vara zoorem jei mo. Ba ya lɔge taara mo ba yeiri teo kom kabira yera ne, ye ba daare ba tɔge da ba zo ba vaare ko sɔ-fwaaro tem ba de tega ne. Ba ma pa ko ji di-dwonnu yerane ko tiga.
14Ta‑á keeri-na, abam nabwoor-yuŋina balo na nwoŋi Tarasisi
ye á beeri pipiu ŋwaane to,
á dam jei sem maama na chɔge to ŋwaane.
15Maŋa kam konto ná yia, ba wó kwei bena fuserepɛ ba ma swei Tura teo kom swia. Bena yam konto wone mo pɛ wom maŋe se o di paare. Maŋa kam konto nam ná ti, ko lage ko ke Tura teo kom ne ka-tola kalo ba na tɛ o taane leiŋa wone ba we:
16“Ka-tola kalo ba na swei n swia to,
nam kwei kɔnɔ se n ta‑n kare teo kom wone n via.
Kwaane se n ta kɔnɔ kom lanyerane,
se n ta‑n leeni lein-ywei.
Konto mo wó pa se nɔɔna daa guli n gula.”
17Bena fuserepɛ yam ná ti, Baŋa Wɛ yiga daa wó jwoori ka taa wo Tura teo kom ne. Ko nɔn-bia bam daa wó na nyɔɔre ba totoŋa baŋa ne. Ba ta wó kwei ba tete ba yeigi ba pa logo baŋa teene dem maama, ne ka-tola na ke tei de baara to. 18De ko de, nyɔɔre delo ba na wó na ba pipiu kom baŋa ne to, ba wó kwei ba pa Baŋa Wɛ mo. Ba bá kwei ba jejegero tem ba seigi, naa ba tiŋi-te jwa ŋwaane. Te nam wó woli se balo na zuli Baŋa Wɛ to na wodiiru dedɛ, de gare-laaro.",https://www.bible.com/bible/3661/ISA.23.KBG
IZAYA 24,"Baŋa Wɛ wó waare logo baŋa
1Nii-na! Baŋa Wɛ mo lage
o chɔge tega baŋa maama
pa se ka ji di-dwonnu yerane.
O maa wó ja ka ni maama o jujugi,
ye o daare o jage ka nɔn-bia bam
o yage jei maama ne.
2Cham dedwe mo lage de yi ba maama.
Kaanem tu bá taa gare nɔn-kɔgɔ kom.
Sɔŋɔ tu nam bá taa gare o kabaa.
Kaane de o ka-nyaane bá taa gare daane.
Wolo na jege wonnu o yeigi to bá taa gare o na yeigi-te se o pa wolo to.
Je-diru bá taa gare o na jene wonnu wolo tei ne to.
Nadum de bá taa gare nabwom.
3Ba lage ba kɔgese tega kam maama mo
ba daare-ka ba tiŋi yɔɔ yerane.
Baŋa Wɛ mo tage konto.
4Tega kam koge mo ye gaaro tem maama kwaare.
Logo kom baŋa maama bwona mo.
Balo ya na ye dedɛɛra tega kam maama ne to dam ti.
5Ko ye balo na zoore tega kam baŋa ne to mo chɔge-ka.
Kokuri to, ba yɔɔre ba chɔge Wɛ nia yam mo,
ye ba ve o bera yam.
Ba ma daare ba chɔge ni-gwonim delo Wɛ na ke de-ba
ye de wora taa wuu to.
6Konto ŋwaane mo Wɛ sɔɔle lwarem o yage tega kam ne.
Balo na zoore ka baŋa ne to wó yaare ba wɛleera ŋwaane.
Wɛ ma yɔɔre o waare-ba,
pa se nabiina fee yerane laam daare logo baŋa ne.
7Vini teeni dem maama kwaare
pa sa-doora ji gweeru jana.
Balo ya na di ywoni sana nyɔɔm baŋa ne to laam kare ba ŋwane mo.
8Senyɛ sem daa ba wɔe.
Kwɛn-kwɛɛra wopwolo sɔɔ de nam daa ba ni.
Ko nam ná ye kwanno, ba yage tento tam.
9Nɔɔna daa ba nyɔ ba sana ye ba leena.
Sana de daa maŋe ba ba ywona ba nia ne.
10Teo kolo na chɔge to laam tigi yɔɔ yerane mo.
Ko sam dem maama ma fɔge de pe
se nɔɔn-nɔɔno yé zo de wone.
11Nɔɔna kare teo kom chwei sem yuu ne mo
ba laare ba beeri sana se ba nyɔ.
Ba ywoni dem maama leiri de ji wo-chechɔgɔ.
Wopwolo yɔɔre ko jei mo tega kam baŋa ne.
12Teo kom laam daare di-dwonnu yerane mo.
Ko manchwo-peo kom ma chochoge muga-muga.
13Ko lage ko ke konto dwoŋi mo
logo baŋa teene dem maama ne.
Ko wó taa nye de teeni bia gworim maŋa na yeini ka yi,
pa se ba pore tio kolo ba ja tega tei to mo.
Ba laam maa wó lare tio-bia fenfee balo na daare da to.
14Balo na wo wɛ-zoore seeni to wó leeni de wopwolo.
Ba wó bage de kwor-dɛa ba tei Baŋa Wɛ.
15Konto ŋwaane abam balo na zoore wɛ-puli seeni to
zuli-na Baŋa Wɛ.
Abam balo maama na zoore naneo kom ni ne to
de zeiŋi-na Baŋa Wɛ wom na ye Isarele tiina Wɛ to yere.
16Dɔŋɔ ni maama ne mo dé nigi ba na leena
ba we, “Chega Tu wom maŋe de zula.”
Amo nam ma ta a we, “A wo yɔɔre ko chɔɔre mo!
Lɛɛro yi-ne ywoo!
Nɔɔna nwoŋi ba dwonna kwaga ne mo.
Ba bebare-kikia yam de maa fɔge ya vei yiga.”
17Lɛɛro, de gwonnu, de kalanchorro mo tigi
se te ja abam balo na zoore tega baŋa ne to.
18Wolo ná kwaane o lu vuvuga kam wone,
kotu wó vo o to gwoŋo wone mo.
Wolo maa ná wane o bɛ gwoŋo kom wone,
kalanchogo mo wó ja kotu.
Kokuri to, chɔgem dedɛ wó nwoŋi wɛyuu ne.
Tega kam kugu jei de maa wó ziziŋi.
19Loloa wó bage tega kam yera ne
pa se ka yare belei.
Ka ta wó tiini ka ziziŋi de dam.
20Tega kam nam kare ka yuŋi jei maama ne mo,
ne sa-nyɔro na beiri tei to.
Ka maa zuuli jei maama ne ne vio na jege vwei
ko mage ye ko ye tei to.
Nɔɔna bam wɛleera yɔɔre ya chɔge tega kam mo,
pa se ka to buru-tu-tu,
ye ka daa bá zaŋe wɛɛne.
21Maŋa kam konto ná yia,
Baŋa Wɛ lage o waare dedɛɛra balo na wo wɛyuu ne ba toŋe to mo.
Ko nam ná ye tega baŋa ne,
o lage o waare pwa balo na jege dam ba di da to mo.
22O ta wó ja ba maama o kale o ke daane mo
ye o daare o pe-ba peena diga ne.
Ba ná maŋe da ba dáane fee,
o laam wó yɔɔre o waare-ba.
23Wɛ wó kwoli chana kam pwooni.
Wea kam de wó pipiri ka ji lim.
Kokuri to, Paŋwa Tu Baŋa Wɛ mo wó jeini Zion peo kom yuu ne
o di paare Jerusalem teo kom wone.
Teo kom nakwa bam maa wó na o nenɔŋ-fɔrɔ kom.",https://www.bible.com/bible/3661/ISA.24.KBG
IZAYA 25,"Wɛ lei keim
1Amo Tu Baŋa Wɛ, nmo mo ye amo Wɛ.
A zeiŋi n yere dem wɛɛne mo,
ye a daare a tei nmo.
Kokuri to, n yɔɔre n tɔge chega baŋa ne mo
n boŋe n ja faŋa faŋa se n ke wo-kenkagela
ye n seene n jege-ya n ke.
2Nmo pɛ se te-fɔrɔ kom laam ji kandwa-pwoa mo.
Teo kolo ya na lɔge ko pe de dam to laam ma ji di-dwonnu.
Sa-fwaaro telo sa-teena na lɔge to daa tera,
ye ba daa bá wane-te ba fɔge ba lɔ ba zege.
3Konto nam mo tei pa dwia yalo nɔɔna na dana to jege se ba zuli‑m.
Teene delo nɔɔna na ye nankɔ-nyena to maa wó taa kɔre‑m.
4Yiniga tiina yeini ba seigi n woro kuri ne mo.
N ma‑n ye dalem jei n pa nabwona ba cham maŋa ne.
Nmo ye woro mo chekke vo-dɛɔ maŋa ne.
N ta ma‑n ye pwoŋa n kwoli nɔɔna se wea yé yi-ba.
Chega to, nankɔ-nyena yɔɔre ba pare debam mo vera-vera
ne vo-fɔrɔ na tiini ko mage kabira ye ko ye tei to.
5Ba keim dem ta nye ne kagoa yuu wulim na ye tei to mo.
Nmo ma‑n che dé dona bam tiguri-kaasa pa ka ba ni,
ko nye de kunkwoŋo na kwoli wea dam pa zurim wora tei to mo.
Nankɔ-nyena bam daa maa ware ba lei sem se ba leeni.
6Paŋwa Tu Baŋa Wɛ nam lage o ke kuri-fɔrɔ mo
peo konto yuu ne,
o pa logo baŋa dwi tiina bam maama.
Sana de wodiiru wó bugi kuri dem wone,
se ba di wodi-laaro dwi dwi, ye ba nyɔ sa-ŋona.
7O nam lage o zege peo konto yuu ne mo
se o dɔne ni-pugu kolo na kwoli dwi-gɛ tiina bam maama to.
O ta wó lɔɔre gɔrɔ kolo na kaare ko pu teene dem to
o yage dáane.
8O maa wó yɔɔre o chɔge toone dam
se ko taa vei wuu.
Yuu-tu Baŋa Wɛ ta wó weeri nɔɔna bam maama yi-na
se ba daa yé taa jege yi-nɔna.
O maa wó pa se chaveera yalo o nɔɔna bam na nɛ
logo baŋa jei maama ne to jei.
Baŋa Wɛ mo tage konto.
9Maŋa kam konto nam ná yia, ba laam wó taa tɛ ba we:
“Chega ŋwaane, debam Wɛ mo tento.
Dé ma kwei dé chega maama dé pa‑o,
ye o jwoŋi debam o yage.
Baŋa Wɛ wom mo tento.
Dé kwei dé chega dé seene dé pa‑o mo.
Nam pa-na se dé taa jege wopwolo
ye dé di ywoni o verem dem ŋwaane.”
10 Baŋa Wɛ yi page peo konto baŋa ne mo
se o taa yere ko nɔɔna bam.
Ko daare ko ná ye Moaba tiina bam,
o lage o nɔne-ba mo o se tega ne,
ne ba na nɔne ga-korro ba se bulu wone tei to.
11Moaba tiina wó taa yaare de ba je mo ba korege se ba bɛ,
ne nɔɔno na ligi na ye o korege se o bɛ buga tei to.
Wɛ nam wó pa se ba fia kam ji kafɛ,
de ba ná maŋe ba ke swa de ba jea tei maama de.
12O ta wó pa se ba dam jei kabiri sem to tega ne buri-buri!
Se maama wó ja tega mo,
ye ba daare ba nɔne-se ywale-ywale
se se ji fwogo yerane.",https://www.bible.com/bible/3661/ISA.25.KBG
IZAYA 26,"Baŋa Wɛ seinim leiŋa
1Maŋa kam konto ne, ba wó taa leeni leiŋa kanto mo Judah teo kom wone:
Debam teo kom tiini ko dana mo.
Baŋa Wɛ mo vere teo kom cham wone o yage,
ne ko ye kabiri de taara mo chege-ko to.
2Pore-na teo kom nia yam,
se dwi delo nɔɔna na ye nɔn-ŋona to zo ko wone.
Ba ye balo na yɔɔre ba jege chega to mo.
3 Baŋa Wɛ, wolo ná ke o wo-dedoa de nmo,
ye o boboŋa zege cheppe,
nmo wó pa se kotu taa jege bochare-zuru chekke.
4Kwei-na á wo-dedoa á pa Baŋa Wɛ,
se ko taa vei wuu.
Kokuri, Baŋa Wɛ mo ye peo kolo debam na wó dale to.
5Ko ná ye balo na zoore baŋa baŋa jei sem ne to,
o lage o zoore-ba tega ne mo.
O ma pa ba te-fɔrɔ kom to tega ne buri-buri,
ye o daare o nɔne-ko ywale-ywale
pa ko ji fwogo.
6Nɔɔna mo jege-ko ba nɔna ba se tega ne.
Banto maa ye yiniga tiina,
de balo na nɛ yaara to.
7 Baŋa Wɛ, nmo yeini n pa nɔn-ŋona chwoŋa tigi mo jase.
N ma‑n yere-ba de ba veiŋa
se ba yé tiri ba to tega ne.
8 Baŋa Wɛ, debam tɔge nmo bera yam mo
ye dé teena maama wo nmo wone.
Woŋo kolo na jege dé fera to
ye se nmo yere dem taa jege zula mo.
9Amo fera yɔɔre ya wo nmo wone mo tete dem maama ne.
Tega de nam ná jege ka poore de,
a ta wó taa boŋe nmo boboŋa mo.
Nmo bera yam ná jwoŋi logo baŋa ni maama,
nabiina wó lɔre chwei selo na tɔge chega to.
10Nmo yɔɔre n ke zaane mo n ke puseŋ-nyena yuu ne.
De ko de, ba ba zamese chega tɔgem.
Ba ná maŋe ba zoore nɔn-laaro teo wone de,
ba ta swoi se ba taa ke lwarem mo,
ye ba ba nege Baŋa Wɛ paare dem.
11 Baŋa Wɛ, nmo twe n jeŋa se n waare-ba mo.
De ko de, ba ta ba nae ko na ye tei to.
Nam pa se ba lɔre we n yi page n nɔɔna bam baŋa ne,
se chaveera ja-ba.
Ta pa se n ban-lom dem to ba baŋa ne,
ne ko na maŋe se n dona na waarem delo to.
12 Baŋa Wɛ, nmo mo wó pa se dé jeini de yazura.
Kokuri, totoŋa yalo maama dé na ke to
ye nmo mo ke n pa debam.
13Dé Tu Baŋa Wɛ, dedɛɛra badwonna de ya seene ba ba ba tei debam.
Dé nam yɔɔre dé teege nmo yere dem yerane baŋa ne mo.
14Dedɛɛra bam konto tega,
ye ba daa bá jwoori ba bi.
Ba chira daa bá zaŋe wɛɛne.
Kokuri to, nmo mo waare-ba, pa se ba yɔɔre ba na chɔgem.
N ma‑n pa se ba yere saare nabiina yiga ne.
15 Baŋa Wɛ, nmo pɛ se debam teo kom yale mo ko ke yiga ne.
N yale dé tega kam mo jei maama wone,
pa se n yere dem na zula dedɛ.
16 Baŋa Wɛ, nmo nɔɔna bam lwoori wolim mo n tei ne,
ko na zo ba yera to ŋwaane.
Nmo na korese-ba de cham to,
mo ba pipiri ba ba n tei de wɛ-lworo.
17 Baŋa Wɛ, ko ke ne kaane na virigi puga se o lo
ye o yɔɔre o wowole de cham tei to mo.
Mo debam na yaare tei n yiga ne.
18Chega to, dé jaane puga
ye dé ye bele-bele mo se dé lo.
Ko nam nye de vio yerane mo dé jwoori dé lo.
Debam wo wane dé vere dé teo kom dé yage.
Dé wo daare kwaga se ba jwa jwoŋi tega kam ba taa tei.
19Abam twa bam nam wó jwoori ba bi.
Ba yera yam daa wó zaŋe ya na ŋwea.
Balo na tigi tega kuri ne to wó jwoori ba zaŋe
ba taa chaka de wopwolo.
Ne nyɔnɔ na yeini ko pa tega na zurim zezeŋa ne tei to,
chira daa ta wó zaŋe tega kam ne,
ba jwoori ba na ŋwea.
20Amo nɔɔna bam, zo-na á di sem wone.
Pe-na se ni á maŋe da á seigi maŋa fenfee wone,
se ko taa nii Wɛ ban-lom dem ná zuri.
21Nii-na! Baŋa Wɛ nwoŋi o jeiga kam ne mo o beena.
O nam lage o waare logo baŋa nɔɔna bam mo
ba wɛleera ŋwaane.
Tega kam laam wó pa se nɔn-gora na lwogi jana balo ka baŋa ne to lɔre jaja.
Ka daa bá seigi balo ba na go to ka kuri ne.",https://www.bible.com/bible/3661/ISA.26.KBG
IZAYA 27,"Wɛ wó jwoŋi Isarele tiina bam o yage
1Maŋa kam konto ná yia, Baŋa Wɛ lage o kwei o se-zɔɔ kom, ko nia na di fileim-fileim de foone to mo. O maa wó waare basankwe-kenkagele dem yere na ye Leviatan ye ka tiini ka duri ye ka pipiri to. O laam maa wó go naneo wo juru kom konto.
2Dɛ dem konto ná yia,
dé wó leeni dé ta Vini teeni kara kalo na lana to taane we:
3Amo Baŋa Wɛ tete mo nii ka baŋa ne.
A maa pae na yi-ka maŋa de maŋa.
A yɔɔre a yere-ka mo wea de tete maama
se nɔɔn-nɔɔno yé wane-ka o ja o chɔge.
4A bane wo zaŋe ka ŋwaane.
Nɔɔno nam ya ná pɛ se ga-cheiŋo de sabare li-ka,
amo ya wó nwoŋi se a jeeri kotu de jara,
ye a zwɛ te maama nyɔ!
5Nɔɔno nam daa ná lage se o ba o to amo pwoa ne,
o jege se o ke ni-mɔrɔ de amo.
Chega to, o jege se o ba se dé ke ni-mɔrɔ mo daane.
6Maŋa nam beene se Jakob dwi dem kugu ja tega.
Isarele tiina bam maa wó kwi vɔɔro ye ba lei leira.
Tio-bia balo banto na wó lei to
mo wó jage ba yi logo baŋa jei maama.
7 Baŋa Wɛ pɛ ko zo Isarele tiina bam yera
ne o na ke tei de balo ya na jege-ba ba bɛɛse to mo na?
O nam wo go Isarele tiina bam
se ko yi o na ke tei de balo ya na jege-ba ba goe to.
8O nam na waare Isarele tiina bam tei to,
o zeili-ba pa ba vo sa-teo mo yiga yiga.
Ko yɔɔre ko nye ne wɛ-puli seeni vo-dɛɔ mo
o kwei o maa kale-ba o yage da.
9Ko na wó ke tei ye Wɛ kwei Jakob dwi tiina bam wɛleera
o ma chɛ-ba se ba tusim dem maama saare to mo tento:
Ba jege se ba lɔ ba kandwa yam
ba na mɛ ba ji kaanem bimbina to mo,
ba daare ba cho-ya muga-muga.
Ba nam ta dae se ba yage Asera nyenyego dɛ sem
se se taa zege se zega jei ne.
10Teo kolo ya na lɔge ko pe de dam to
laam jigi di-dwonnu mo.
Ko nɔn-bia bam ma nwoŋi ba daare-ko ba zege
ne kagoa mo to.
Naane laam kare de di gaao jei sem konto ne
ye de daare de tigi da de sia.
De ma yɔɔre de di ko teeni vɔɔro tem maama nyelamm.
11Teeni dem nɛ jigi da-dwa mo
ye se bwori se to tega ne.
Kaana maa vei da ba twɛ-se se ba ma dwei mini.
Ko na ye tei to, nɔɔna bam konto swa muri.
Mo kokuri ba Keiru wom bá duri ba yibwona.
O ta bá ke zaane o yage ba yuu ne,
de o na maŋe o naane-ba to de.
12Maŋa kam ná yia, Baŋa Wɛ wó zege Yuferata buga kam ni ne mo o waare o nɔɔna bam ne o na fere mena tei to, se o vo o yi Ejipti bu-nɔgɔ kom seeni. O laam maa wó la abam Isarele tiina bam dedoa dedoa o ke daane. 13Maŋa kam konto nam ná yia, ba wó wu nabɔnɔ wɛ-wɛ, se ba bwoŋi Isarele tiina balo maama ba ya na kale ba vo ba yage Asiria de Ejipti teene dem wone ye ba dáane da to. Banto maa wó ba ba zuli Baŋa Wɛ peo kolo o na pɔɔre o pa o tete Jerusalem teo kom wone to.",https://www.bible.com/bible/3661/ISA.27.KBG
IZAYA 28,"Lɛɛro wó yi Efrayim dwi tiina bam
1Lɛɛro wó yi Efrayim dwi tiina teo kamunu kom,
de ko sa-nyɔra bam na jege fia ko ŋwaane tei to.
Ko maa nye ne punnu telo nenɔŋa na lage ka ti to mo.
Ko lam dem wó jei lela.
Teo kom zege te-ywoŋa bwolo baŋa seeni mo.
Ko nɔɔna bam maa nyɔ sana ba buga,
ye ba jege teera ba teo kom ŋwaane.
2Nii-na dé Teiru Wɛ wom nam lage o toŋe dedɛɛro
na tiini o jege dam to mo se o ba ba baŋa.
Kotu wó mage-ba o de tega ne,
ne do-kandwa naa vo-fɔrɔ na tui ko chɔge wonnu tei to.
Ko ta wó ke ne na-fɔrɔ na chuuri
ye ko chwooli wonnu ko viira tei to mo.
3Efrayim teo sa-nyɔra bam na jege teera de kolo to mo,
ba lage ba nɔne-ko ba se tega ne.
4Ba teo kom seene ko zege te-ywoŋa bwolo baŋa ne.
De ko de, ko lam dem, de ko nenɔŋa kam maama laam wó jei mo.
Ko wó taa nye ne mɔɔro na bege te ti
ye te maŋe se ba su-te ba de tega ne to mo.
Nɔɔno ná nɛ-te ye o gwori de o jeŋa,
o wó yɔɔre o kwei-te o mage o ni ne mo.
5Maŋa kam konto ná yia, Paŋwa Tu Baŋa Wɛ tete
mo wó pa o nɔɔna balo ta na daare to
taa jege nenɔŋa de lam lanyerane.
Ko wó taa nye de wonto mo ye ba paare yipuga.
6O maa wó kwei chega boboŋa o pa balo na di nɔɔna taane to,
se ba ma-ya ba bore chega bora ba pa nɔɔna.
Ko ta ná ye balo na zege teo kom manchwo-nia yam ne
ba cho se ba dona yé zo to,
Wɛ wó pa banto de taa jege baare.
7Balo na kare ba zuuli jei maama sana nyɔɔm ŋwaane to mo tento:
Wɛ kaanem tiina de sampwori sem tete mo ke konto.
Ba ma yeiri ba tete jei ye ba beiri,
ba na bugi de sana to ŋwaane.
Konto ŋwaane ba ware ba lɔre wonnu telo
Wɛ na le o bere-ba to lanyerane.
Ba nam ná wora ba di nɔɔna taane,
ba ba zege boboŋe dedwe baŋa ne.
8Ba yɔɔre ba tɔne mo ba chɔge ba jeiŋa jei sem maama.
Jeiga dedoa tete wo daare ye ba wo digiri-ka.
9Ba ta tɛ mo ba we, “O kwaane se o bere nɔɔno wɔ mo?
Wɔ mo o wora o maŋe wonnu se kotu ni te kuri?
O pa dé ye bu-sese selo ba na kwori yele leile to mo na?
10O yɔɔre o pae dé jwoori dé tɛ botare-bia bam mo dé tulisa.
Dé maa tɛ botare sem gena de gena,
ye dé ta tɛ-se bedwe bedwe se dé lɔre.”
11Ko nam na ye tei to, Wɛ lage o tɔge dwi-gɛ tiina baŋa ne
se o ma ta-veiri mo o ŋɔɔne de o nɔɔna bam.
12O ya tage de-ba mo o we,
“Abam wó sii jeiga kam konto ne mo.
Balo na bugi to wó ba ba jeini ba sii”.
O ta ma ta o we, “Abam siu jei mo tento.”
De ko de, ba wo sɛ o ni dem konto.
13Konto ŋwaane nam mo Baŋa Wɛ kwora daa wó yi-ba,
se ba jwoori ba taa tɛ botare-bia bam ba tulisa.
Ba wó taa tɛ botare sem gena de gena,
ye ba ta tɛ-se bedwe bedwe se ba lɔre.
Konto to, ba ná boŋe se ba vo yiga,
ba laam wó to ba kwaga ne jambayala.
Konto baŋa ne mo ba wó na zonne,
ye kalanchorro de ja-ba, pa se ba to ba dona jeŋa ne.
Jerusalem teo taane
14Abam nɔn-lwɛɛna balo na nii Jerusalem tiina baŋa ne to,
cheigi-na Baŋa Wɛ na jege kwora kalo se o ta de abam to.
15Abam yɔɔre á teere mo we,
“Debam gwoni ni mo de toone,
ye dé daare dé ke ni-sɛɛm de churu.
Konto ŋwaane, lɛɛro ná yɔɔre te yi dé teo kom,
ne na-fɔrɔ na chuuri ko chwooli wonnu tei to de,
te bá wane debam te ke kolokolo.
Kokuri to, debam seigi vwa woro kuri ne mo,
ye ka-gane-nɔɔna ji dé dalem jei.”
16Konto ŋwaane, Yuu-tu Baŋa Wɛ na tage tei to mo tento:
“Nii-na, amo lage a chwi kabiri-beira mo Zion ne.
Ka maa ye kandwɛ delo na ye chekke ye de kwaare tega ne to.
De tiini de jege kuri, pa se diga kam dana.
Wolo maama nam ná sale de yera ne,
kotu ba lwia de kolokolo.
17Amo na wó chwi diga kam kuri tei to,
amo wó kwei chega de nɔn-ŋonne mo a ma maŋe-ka
ne te ye lɔra ŋone mo tei.
Do-kandwa mo wó ba ya chwooli á vwa yam ya ja ya jei,
ye na-fɔrɔ de ba ko lini á na seigi mɛ to.
18Ni-gwonim delo á na ke de toone de churu to
daa bá taa jege kuri.
Lɛɛro tem ná tu á baŋa, ne na-fɔrɔ na chwooli wonnu tei to,
te lage te yɔɔre te chɔge abam mo.
19Lɛɛro tem nam lage te taa tui titwon-twono mo
se te ja abam te jei.
Ko wó taa ke abam konto mo zezeŋa maama ne,
de wea de tete maama ne.”
Abam ná nigi Wɛ kwora kam konto kuri,
ko wó pa foone mo tiini de zo abam.
20Á bá na siu, ne nɔɔno sara kam na tiini ka ye kukua
se o peini da tei to,
naa o gare-jale dem de na tiini de ye memena
se o ma-de o kukwori o tete tei to.
21 Baŋa Wɛ nam daa wó pɔpɔ o nwoŋi,
ne o déem na ke tei Perazim peo yuu ne to.
O bane daa ta wó zaŋe,
ne ko déem na ke tei Gibeon bwolo kom tega ne to.
O nam na lage o ke tei to wó taa ye wo-kenkagele.
O lage o ke totoŋ-veira mo á tetare ne.
22Konto ŋwaane, daa yé ta‑á jege-ne á lwɛa.
Ko ná dae konto, á cham dem wó puli dedɛ.
Paŋwa Tu Baŋa Wɛ wom nam maŋe o pa-ne kwora o we,
o ti o yiga mo se o chɔge á tega kam maama.
23Nam fɔge-na á cheigi se á ni amo kwora kam.
Ta‑á yei-na se á wane á ni a na tɛ kolo to.
24Valo ná yɔɔre o chɛ swoori,
o bá taa vare taa ye o wo dugi kolokolo.
25O nam ná guri tega kam ye bwogili peini da,
o laam wó dole o wo-dwa bia bam mo ka baŋa ne.
O ta wó du mena dwi dwi da,
se ko maŋe de tega kam na ye tei to,
ye o daare o du wodiiru tedwonna o kara kam nia ne.
26Ko nam yeini ko ye Wɛ mo bere valo wom
pa se o yei o na wó taa ke tei to.
27Ko ná ye wo-sworru mo o pɛ,
o bá kwei luu-zɔŋɔ o tuuri te baŋa ne
naa o mage-te de da-lɔŋɔ.
O nam wó ma da-memena mo o fere-te
se o le te wo-bia bam.
28Ko nam ná ye mena, ba wó fere-ya lanyerane.
Ba nam bá ke konto taa
se ya cho yɔle-yɔle ne muni na ye te to.
Ba ná tuuri luu-zɔŋɔ ya baŋa ne,
ba nam bá mumugi-ya.
29Valo yeino kom konto maama nwoŋi Paŋwa Tu Baŋa Wɛ tei ne mo.
Wɛ maa jege swa chekke,
ye o bere nabiina kolo na maŋe se ba taa ke to.",https://www.bible.com/bible/3661/ISA.28.KBG
IZAYA 29,"David teo Jerusalem taane
1Areli, nmo mo ye teo kolo wone David déem na zoore to,
Lɛɛro nam wó yi teo kom konto nɔɔna bam!
Abam ná laga,
ta‑á di-na á kura yam bene maama.
2Amo Baŋa Wɛ nam lage a ke chichuŋu de Areli tiina bam mo.
Ba wó taa keeri mo, ye ba ŋwana.
Amo wó pa se teo kom ji ne bimbini delo ba na zwɛ wonnu
ba ma ke kaanem da to mo.
3Amo tete mo lage a jeeri teo kom de jara.
A maa wó kaare ko maama a pu,
ye a daare a lɔ taara a yeiri ko yera ne se a di-ko.
4Abam wó ba tega mo
ye á ta‑á tigi da á ŋɔɔna.
Á ŋɔŋa kam wó nwoŋi teero wone se ka zaŋe fenfee.
Á wó ta‑á waase tega-tega ne chira na ŋɔɔne tei to.
5Abam dona kɔgɔ kom wó taa daga ne fwogo mo tei.
Ba nam wó ji ne swanno, vio na kale-te ko ja jei to.
Bedwe baŋa ne mo
6Paŋwa Tu Baŋa Wɛ nam lage o pɔpɔ o ba.
O maa wó tɔge de doa bagem, de tega ziziŋim, de sɔɔ dedɛ o ba.
O ta wó ba de vo-fɔrɔ de ko fufugim,
de mini na di wonnu bileim-bileim tei to mo.
7Ko ná ye dwi-gɛ tiina jar-keira balo na tu se ba kwaare jara de Areli,
ye ba kaare teo kom de ko dam jei sem maama ba pu to,
banto wó jei lela, ne nɔɔno na zaŋe dɔɔne wone
ye o dendwɛ jei tei to mo.
8Ko wó ke ne kana ná chɛ nɔɔno
pa kotu dwɛ we, o jege wodiu mo o di.
O maa na dɔ o zaŋe to, o kana kam ta wɔe.
Ko ta nye ne na-nyɔm ná jege nɔɔno wolo
ye kotu dwɛ we o jege na mo o nyɔa.
O maa ná zaŋe dɔɔm ne,
o yɔɔre o lage o beiri mo de na-nyɔm.
Ko nam wó ke konto dwoŋi mo
de dwi-gɛ tiina jar-keira balo na tu
ba kwaare jara de Zion peo kom tiina to.
9Nam yage-na se ko so abam, se á ta‑á zege yaau.
Pa-na se á yia dwei, se á yé ta‑á nae.
Ta‑á beiri-na, ye ko dae á na bugi sana to ŋwaane.
Ta á véi-na chwoŋa yuu de gaao,
ye ko dae ne ko tɔge sa-dɛɛra baŋa ne mo.
10 Baŋa Wɛ pɛ se á tiini á dɔ á kɛ mo.
O ta ma ja á sampwori sem yia yam o kwoni.
O ma pa ba kwoli abam yi-nara bam de yuni.
11Ko na ye tei to, Wɛ na veere taane delo o bere abam to nye de ba na popone botare selo ba ke tɔnɔ wone, ye ba daare ba kwoni ko ni to mo. Nmo ná kwei-ko n pa tɔnɔ tu ye n ta de kotu n we, “Ja! Ga tɔnɔ konto se a cheigi,” kotu wó leiri mo we, “Amo ba wane-ko a ga, ko ni na kwoni to ŋwaane.” 12N nam ná kwei-ko n pa wolo na yeiri tɔnɔ to, ye n ta ded‑o we, “Ja! Ga tɔnɔ konto se a cheigi,” kotu wó leiri mo we, “Amo yeiri tɔnɔ garem.”
13Baŋa Wɛ nam taga o we:
“Nɔɔna banto zuli amo de ba ni mo,
ye ba yeini ba ta we, ba sɛ amo ni.
Ba boboŋa nam tera amo tei ne.
Ba na pae amo zula tei to maama ye kafɛ mo,
ko na tɔge nabiina boboŋa chullu to ŋwaane.
14Konto ŋwaane mo a daa wó jwoori
a ke wo-kenkagela a saŋe daane se ko so-ba dedɛ.
Swa tiina bam boboŋa maama wó jei mo,
se yi-pore-nyena bam de yi-poro kom ji kafɛ.”
15Lɛɛro wó yi balo na ko tega ba zoore
se ba seigi ba boboŋa Baŋa Wɛ yiga ne to.
Banto toŋe ba totoŋa lim ne mo ye ba boŋe ba we,
“Wɔ mo nae debam?
Wɔ mo yei dé na jege kolo dé ke to ni ne?”
16Abam nam kwaane se á pa na mo duri tuntula.
Kamɔgɔ de ko mɔro, wɔ mo dwoi?
Kamɔgɔ wó wane ko ta de kamɔ-mɔro wom we,
“Ko dae nmo mo ke ne” na?
Kambia de nam wó wane o ta wolo na mɔɔne-ka to taane we,
“Wolo na ke-ne to yeiri kolokolo” na?
17Ko daa bá dáane se Lebanon goa kam na lini de teeni to
pipiri ka ji kara.
Kara kalo maa na lana de varem to
de wó pipiri ka ji goa.
18Maŋa kam konto nam ná yia,
zwa-kwarro wó ni tɔnɔ kom wo taane dem.
Lilwoa na jei yibiri wone to yia wó puri
se ba na kolo na jege ko ke to.
19Nabwona laam maa wó jwoori ba di ywoni Baŋa Wɛ ŋwaane.
Yiniga tiina de maa wó ke wopwolo
Isarele dwi dem Wo-pwoŋo Tu wom ŋwaane.
20Nankɔ-nyena wó jei.
Boyere-nyena de daa maa bá taa wora.
Balo maama na jege puseŋa kikia puga ba jei to de dwi wó saare.
21Banto maa jege ba dwonna ba soga.
Ba maa jaane chega ba jua se chega bora yé taa toŋa,
ye ba fɔ vwa pa se chega tiina ba nae ba bora.
22 Baŋa Wɛ mo ye wolo na jwoŋi Abaraham o yage to. O nam tɛ tento mo de Jakob dwi tiina bam:
“Chaveera daa bá ja Jakob dwi tiina bam,
se ba yuni taa veela.
23Ba ná nii ba nae ba bia bam na daga tei ba tetare ne,
ye ba ye balo amo mo na kwei a pa-ba to,
ba laam wó zuli amo yere dem.
Ba wó taa nege amo wolo na ye Jakob dwi tiina Wo-pwoŋo Tu wom to.
Ba maa wó da ko ŋwaane ba taa kɔre amo wolo na ye Isarele tiina Wɛ wom to.
24Balo na tusi ba boboŋa ne to laam maa wó na yi-poro.
Balo de na swoi pompona to wó sɛ se ba jwoŋi bera.”",https://www.bible.com/bible/3661/ISA.29.KBG
IZAYA 30,"Ba yé ke ba teena Ejipti wone
1 Baŋa Wɛ na tage kolo to mo tento:
“Lɛɛro wo abam baŋa ne
de á na ye yi-dɛ-nyena to.
Boboŋa yalo abam na jege á ma á toŋe to dae amo boboŋa.
Abam ta maa vei á ke ni-sɛɛm de teene dedwonna,
ye amo wo pɛ chwoŋa se á ke konto.
Á kikia yam konto maa pae se á yɔɔre á ke wɛleera
á daŋe da-baŋa ne.
2Abam duri á vo Ejipti teo ne mo
ye á maŋe á wo bwei-ne se á lɔre a boboŋa.
Abam ya teene we Ejipti teo pa-faro wom wó taa jege abam
o kwola o woro wone mo.
3Ejipti pɛ wom na wó kwoli abam tei to wó ta á kuri mo.
Á na boŋe se á seigi o woro wone tei to
maa wó pa á na á chaveera.
4Á dedɛɛra badwonna maŋe ba wo Zoan ne,
ye á toŋe badwonna se ba vo ba yi Hanesi.
5De ko de, chaveera mo lage ya di Judah tiina bam maama,
de ba na kwei ba teena ba daŋe te-kafɛ baŋa ne to.
Teo kom konto ba jege wolim se ko pa-ba.
Kuri-nɔrɔ de chaveera yerane mo
ko lage ko pa ba na.”
6Wɛ kwora mo tento se ko tɔge vara balo na wo tega-kuri seeni kagoa kam wone to:
Tega kam konto seene ka chana ye daanem dedɛ wora.
Nywonnu maa wo jei sem maama ne,
ko woli de basankwe dedaane kapɛ.
De ko de, dedɛɛra kwei ba jejegero mo
ba daŋe bonɛ de kona baŋa ne ba tɔge da
se ba ja ba vo ba pa teo kom konto nɔɔna.
Ko maa ye teo kolo na ba jege nyɔɔre ko pa-ba to mo.
7Ejipti teo bá wane abam ko woli de fenfee de.
Konto ŋwaane mo amo kwei baseim a pa-ko,
se ba taa bwoi we, ‘Rahaba na jei chemm to’.
Nɔɔna balo na nwoŋi Wɛ kwaga ne to taane
8Popone wonnu tento maama
n tiŋi n pa nɔɔna bam.
Ke-te tɔnɔ wone se te taa tigi da jwa seeni ŋwaane,
se ko taa ye maana ko pa-ba taa wuu.
9Ba yɔɔre ba ye zwabani-nyena mo,
ye ba swoi vwa totoŋa.
Ba maa wo sɛ bera yalo Baŋa Wɛ na pɛ-ba to.
10Ba maa tɛ de yi-nara bam ba we,
“Daa yé ta‑á nii á nae veera!”
Ba ta maa tɛ de Wɛ sampwori sem ba we,
“Daa yé ta-na chega á bere debam!
Nam ta-na wonnu telo na ywona puga ne to,
se á ma á gane debam.
11Ywori-na chwoŋa kam wone,
se á daa yé che dé yiga.
Yage-na ka-taa-kare-ka-tɛ
Isarele dwi dem Wo-pwoŋo Tu wom taane á bere debam.”
12Mo kokuri, Isarele dwi dem Wo-pwoŋo Tu wom nam tage tento:
“Abam seene á ve amo kwora kanto mo,
ye á daare á sɛ vuvuga totoŋa
se á ta‑á ma á gane nɔɔna.
Á na tɔge kikia yam konto dwoŋi to ŋwaane,
13á wó yɔɔre á to de á bora mo.
Abam wó to tega ne ne kabira na dɔra
ye ka jege lolo-kayɔlɔ ka yera ne to mo.
Kabira kam lage ka pɔpɔ ka to mo buri-buri bedwe baŋa ne.
14Abam ta lage á to á chochoge
ne kambia kalo ba na feiri tega ne
pa se ka ji kanchwi muga-muga yerane to mo.
Kanchua daa bá daare
se ba wane min-chale ba kwei ba ke ka wone,
naa se ba dane na ba ke kɔɔro wone.”
15Yuu-tu Baŋa Wɛ wom na ye Isarele dwi dem Wo-pwoŋo Tu to na tage tei to mo tento:
“Abam ya ná leiri á boboŋa
pa se á jwoori amo tei,
á ya wó na á verem, ye á ta sii.
Á ya ná ye chemm mo,
ye á daare á sale amo yera ne,
á ya wó na á dam dem.
Abam nam ba sɛ se á ke konto.
16Abam nam boŋe á tete ne mo á we,
‘Debam wó kwei dé sisein-nɔɔna
dé duri dé dona yiga ne se dé lu!’
Chega to, á wó seene á duri se á lu!
Á ta tɛ mo we, ‘Dé sisein-nɔɔna bam wara,
dé wó di-se mo dé lu.’
Chega to, á dona bam nam wara ba dwoi abam.
17Á dona bam wone nɔɔno dedoa ná bage tiguri-kaasa,
á nɔɔna moro mo wó duri ba daare‑o.
Ko laam ná ye á dona bam banu,
ba yi se ba fugi abam maama se á duri á daare-ba.
Se ko kweeli to, á wó duri á daare á nɔɔna fenfee.
Ba wó taa ye ba yera,
ne daa na zege geili-geili
ka zeiŋi tuta peo yuu ne tei to.”
Baŋa Wɛ wó duri o nɔɔna yibwona
18Ko nam na ye tei to,
Baŋa Wɛ ta jei se o ke abam zaane mo.
O ma yɔɔre o ti o yiga se o duri abam yibwona.
Kokuri to, Baŋa Wɛ yeini o bore chega bora mo.
Balo na ke ba teena ded‑o to tiini ba jege yu-ywoŋo.
19Nɔɔna daa wó taa zoore Zion ne. Abam daa yé ta‑á keeri-na Jerusalem teo ne. Baŋa Wɛ wó duri á ŋwaŋa ne á ná keeri á jare‑o. O ná yɔɔre o ni á keira kam, o wó leiri abam lworo. 20Baŋa Wɛ seene o kwei yaara de cham mo o pa abam, se te ji á ni-wodiu, de á na se á nyɔ. Wolo na jege Wɛ bera yam o zamese abam to daa bá seigi o tete. Á yia wó yɔɔre ya na‑o. 21Abam ná ywori chwoŋa ye á vo jazem seeni, naa jagwia seeni de, á wó ni kwora na zege á kwaga ne ka ŋɔɔne de abam ka we, “Chwoŋa kam mo tento á yiga ne. Véi-na ka wone.” 22Ko ná ye á jwona yalo ba na kwei lu-nyenno de sabu-seŋa ba gɔgere-ya to, abam laam maa wó taa nii-ya ne ya ye weero mo á yiga ne. Á wó dole-ya á yage, ne á na ke tei de wo-zɔɔna to mo, ye a ta de-ya we, “Lage-na jei dé yiga ne.”
23Abam ná dugi á wo-dwa, Baŋa Wɛ wó pa do-ŋwe ne se á wodiiru ke lanyerane, se á zage wodiiru zanzam. Maŋa kam konto ná yia, á vara de wó na pwola yala-yala se ba taa di ga-zuru da. 24Nabɛ de bonɛ selo na toŋe á kare sem ne to tete wó taa di mena yalo ba na chaare men-swanno tem lanyerane ba yage ba daare-ya to mo. 25Maŋa kam konto ne á wó yɔɔre á di á dona se ba dalem jei sem vaare se to tega ne. Na maa wó taa bura peero de zwonnu maama yuu ne ba duri ba tu tega ne bare-bare. 26Chana kam wó peere pa se ka pwooni de wea pwooni taa mae daane. Wea kam de wó tiini ka nye ka woli da kuni berepɛ, ne da yarepɛ pwooni na lage de ke daane tei to. Konto maama wó ke ne Baŋa Wɛ ná tu o twoŋi o nɔɔna kwi selo na bwori to, ye o daare o pa se ba fufwollu tem fɔge te kwɛ.
27Nii-na! Baŋa Wɛ zege yiga yiga mo o beene,
ye o yere dem nenɔŋ-fɔrɔ nii ko nae jaja.
O wo tiini ko fuli mo ye nyoa zaŋa guli-guli.
Ban-lom taane delo na nwoŋi o ni ne to
ye ne min-vogo na di wonnu bugi-bugi tei to mo.
28O ná sii o momwa vio,
ko nye de na-fɔrɔ na fufugi
ba di ba maŋe nɔɔno ba seeni to mo.
O maa jege dwi-gɛ tiina bam o chɔga
ne o zɛ-ba yɔlɔ ne mo tei.
O ta maa ke-ba ne o na kwei gara o ke ba nia ne,
se o pa ba ywori ba chwoŋa wone tei to mo.
29Wɛ nɔɔna bam, abam nam wó di ywoni, ne á na yeini á di kuri á ma‑á zuli Wɛ ye á leeni lei tete ne tei to. Á wó ke wopwolo se ko nwoŋi á bochara ne, ne á na mage kɔgɔ á diini Baŋa Wɛ peo kom to mo, se á vo á zuli wolo na ye Isarele tiina peo to, ye nɔɔna wui wi ba tɔge á yiga ba via. 30Baŋa Wɛ maa wó bage de kwor-dɛa, pa se nɔɔna lɔre o na jege nenɔŋa de dam tei to. O ta wó twe o jeŋa se o waare nɔɔna o ban-lom dem ŋwaane. O maa wó fugi-ba de min-vogo na di bugi-bugi to, de vo-fɔrɔ, de doa bagem, de do-kandwa. 31Baŋa Wɛ kwora ná zaŋe konto, foone wó tiini de ja Asiria tiina bam. O lage o kwei da-lɔŋɔ mo o mage-ba o de tega ne. 32Ko na wó ke tei to, Baŋa Wɛ wó taa tiini o dole-ba jaguli-zana mo se o ke chichuŋu de-ba. O ná kwei o da-lɔŋɔ kom se o ma o waare-ba maŋa de maŋa, nɔɔna wó taa wɔe senyɛ ye ba tae kwanno wopwolo ŋwaane. 33Kokuri to, Baŋa Wɛ nam maŋe o kwɛ jeiga ba na wó zwɛ twa da to. Ba ti yiga se ba zwɛ Asiria teo pɛ wolo na tege to yera dáane. Mini jei sem konto luuna, ye se ta yala de. Ba ma dogele dɛ dedɛ ba ke da se mini taa di bileim-bileim. Baŋa Wɛ nam ná sii o momwa vio, ko nye de chilibugu mo nyeene ye ko duri ne buga to. Ko laam maa wó taa jege‑o ko di bugi-bugi!",https://www.bible.com/bible/3661/ISA.30.KBG
IZAYA 31,"Lɛɛro wó yi balo na sale Ejipti yera ne to
1Lɛɛro wó yi balo na kare ba vei Ejipti teo se ba beeri wolim,
ye ba daare ba teege sisein-nɔɔna baŋa ne to.
Banto teena daŋe ba sisei-torokooro baŋa ne mo
te na daga to ŋwaane.
Ba teena ta daŋe ba sisein-dira baŋa ne,
ba na jege baare to ŋwaane.
Ba yiga nam tere Isarele dwi dem Wo-pwoŋo Tu wom wone.
Ba ba lwoori Baŋa Wɛ se o zeini-ba.
2 Baŋa Wɛ nam jege swa!
O wae o pae lɛɛro yi nɔɔna.
O maa ba jwoori o ni dem kwaga ne.
Ko ná ye nɔɔna balo dwi maama na toŋe lwarem to,
ko woli de balo na zege ba kwaga ne to,
o lage o zaŋe ba baŋa ne mo o waare-ba.
3Ejipti tiina bam nam ye nabiina mo se ba dae Wɛ.
Ba sisein-nɔɔna maa jege ye-daa,
se se dae jworru telo toone na ware de ja to.
Baŋa Wɛ nam ná twe o jeŋa se o waare-ba,
teo kolo nɔɔna ya na jege dam to wó tiri ba to tega ne mo.
Balo de na beeri wolim ba tei ne to de maa wó to,
pa se ba maama laam tɔge daane ba jei.
4 Baŋa Wɛ de ma ta tento de amo o we:
“Amo Baŋa Wɛ wó ke ne nywoŋo mo suura,
naa nywoŋ-pɔla na nɛ nɔne ye ka laare tei to.
Nayere-kɔgɔ ná gilimi daane se ba zeili-ko
ye ba kaase tei maama de,
ko bá fom.
Ba sɔɔ kom bá pa se ko yera taa sae.
Paŋwa Tu Baŋa Wɛ de wó foore o chu konto dwoŋi mo,
se o ke jara Zion peo kom yuu ne.
5Ne zuna na kare wɛyuu kom ne ba jaane tei to,
konto mo Paŋwa Tu Baŋa Wɛ de lage
o taa kwoli Jerusalem.
O wó che teo kom se cham yé yi-ko,
ye o daare o jwoŋi-ko o yage,
O maa wó tɔge ko baŋa ne o kɛ
se o vere ko nɔɔna bam o yage.”
6Isarele tiina bam, pipiri-na á jwoori Baŋa Wɛ tei, de á ya na yɔɔre á kwei a kwaga á ya‑o tei de. 7Maŋa kam konto ná yia, abam dedoa dedoa wó ve jwona yalo á na tusi á ma á tete je á kwei lu-nyenno de sabu-seŋa á ke-ya to.
8“Asiria tiina bam wó te jara wone.
Ko nam dae nabiina se-zɔɔro mo lage te go-ba.
Ko ye Wɛ se-zɔɔ kom mo lage ko go-ba.
Ba jar-keira bam wó kwaane se ba duri ba lu.
Wolo na wane-ba to wó fe ba nɔn-donno tem
o de totoŋ-chɛɛra wone.
9Ba wó duri ba daare ba dam jei sem,
foone na jaane-ba to ŋwaane.
Ba dedɛɛra bam ná nɛ jara-keim tuta na zeiŋi wɛɛne to,
ba boboŋa wó vugimi mo ye foone zo-ba.”
Baŋa Wɛ na tage kolo to mo konto.
O maa ye wolo na tɔre mini Zion peo yuu ne,
ye o dwei mini-fɔrɔ Jerusalem teo kom wone to.",https://www.bible.com/bible/3661/ISA.31.KBG
IZAYA 32,"Paare delo na wó tɔge chega to
1Nii-na! Pɛ wodwoŋi wó ba o di o paare de chega.
Teo kom dedɛɛra de wó taa bore chega bora ba pa nɔɔna.
2Ba dedoa dedoa wó taa ye dalem jei,
ne woro mo kwoli nɔɔna se vo-fɔrɔ yé ja-ba.
Ba wó taa nye de na-dura mo kagoa yuu ne
de peo kolo woro na jwoŋi nɔɔna se wea yé di-ba to.
3Balo na nii ba nae to maa wó taa nae jaja.
Balo zwa de na ni to wó taa fɔge ba cheiga.
4Balo na ye wole-wole to wó boŋe ba yi de yi-poro.
Balo de na ŋɔɔne ba bibeigi to wó taa ŋɔɔne jase.
5Nɔɔna daa bá taa tɛ jworo we, o ye nɔn-yero.
Ba bá taa pae nankɔ-nyena zula.
6Kokuri to, jworo ŋɔɔne ko jworim mo.
O boboŋa de maa jeeli lwarem kikia yerane.
O ba lage se o taa tɔge Wɛ chwoŋa,
ye o ni taane nye de o twe Baŋa Wɛ mo.
O maa yage balo kana na jege-ba to se ka ni-ba.
Ko ta ná ye na-nyɔm na jege balo to,
o pae de chɛ-ba mo.
7Nankɔ-nyem kikia yɔɔre ya ye puseŋa yerane mo.
O yeini o jei o boŋe lwarem mo,
se o ma vwa o chɔge nabwona,
de ba ná maŋe ba beeri se ba na ba chega de.
8Ko nam ná ye nɔn-yero, o boŋe boboŋ-ŋona mo.
O maa yeini o zege o totoŋ-ŋona yam kwaga ne.
Jerusalem teo kaana bam taane
9Kaana bam na jei de zurim falalala to,
zaŋe-na se á cheigi a taane dem!
Teo kom bukwa na ba jege lwia to,
cheigi-na amo na lage a ta kolo to!
10Zem mo kolokolo ba daane abam.
Nam lɔre-na we,
bene ko mae tento to abam wó fom,
ye á yera taa sae.
Kokuri to, á teeni dem bá lei bia.
Wodiiru bá ke se á zage á ja á zo diga.
11Kaana bam, yage-na á na jei fae to se á yera taa sae.
Bukwa balo na ba jege lwia to,
kɔre-na foone.
Lɔɔre-na á gwaaro tem,
se á daare á leiri á vɔ gare-nyenyaaro á tei sem ne.
12Daŋe-na á je á nyɔɔna ne wo-chechɔgɔ ŋwaane
de á kare sem na chɔge
ye á Vini teeni ba leiri bia to ŋwaane.
13Nam keeri-na amo nɔɔna tega kam ŋwaane,
sabare yerane laam na jege-ka.
Ywoni déem mo wo teo kom jei maama ne,
ye nɔɔna chaka ko sam dem wone.
Laam nam ta‑á keera teo kom ŋwaane.
14Nɔɔna wó duri ba daare pɛ sɔ-fɔrɔ kom.
Teo kom konto ya na su de sɔɔ to,
nɔɔn-nɔɔno daa bá taa zoore ko wone.
Ko dam jei sem de mɛ ba na zege da ba yere-ko to maama chɔge.
Kagoa wo bonɛ de vare-mwa yerane laam mo jeeri da ba di gaao.
15Ko wó taa ye konto mo se Wɛ laam pa o Jworo nwoŋi wɛyuu ne
ko ba dé baŋa.
Maŋa kam konto ne, kagoa kam wó ji te-ywoŋa,
ye te-ywoŋa kam de laam ji goa mɛ na lini de teeni to.
16Jei maama ne nɔɔna wó taa tɔge chega kikia,
kagoa yuu de te-ywoŋa ne de.
17Ba nɔn-ŋonne kikia wó pa zurim mo taa wora.
Ba ta wó taa jei de yazura taa wuu
ba chega totoŋa yam ŋwaane.
18Amo nɔɔna bam wó taa zoore jei selo ne
yazura na wora to mo.
Daanem de lwia bá yi-ba ba sam dem wone.
19Do-kandwa ná maŋe ya chɔge goa kam,
ye teo kom maama ba tega tei maama de,
20abam ta wó taa jege yu-ywoŋo.
Á wó vo á du á wo-dwa bu-dura maama ni ne.
Á ta wó yage á naane de á bonɛ sem,
se de taa kare de beeri yɔɔ de di gaao.",https://www.bible.com/bible/3661/ISA.32.KBG
IZAYA 33,"Lɛɛro de wolim taane
1Lɛɛro lage te yi abam balo na kare á chɔge amo nɔɔna bam to mo.
Nɔɔn-nɔɔno ta wo chɔge abam!
Lɛɛro wó yi abam de á na baare nɔɔna kwaga ne to.
Nɔɔn-nɔɔno ya ta wo baare abam kwaga!
Abam nam ná chɔge teene dedwonna á ti,
mo ba laam wó chɔge abam de.
Abam bebara kam na ti maŋa kalo ne to
mo ba laam lage ba baare á de kwaga.
2Dé Tu Baŋa Wɛ, pa n zaane dem ba dé baŋa,
se dé teena wo nmo wone mo.
Zezeŋa maama ne pa debam dam.
Ta pa se dé na verem cham maŋa ne.
3Nmo ná pɛ se tiguri-kaasa zaŋe,
teene maama nɔɔna wó duri mo se ba lu.
N ma‑n ná zaŋe wɛɛne,
dwi-gɛ tiina wó jage sae mo.
4Dé dona bam,
ne kayere na yeini se deilimi kara se ja tega tei to,
konto mo nɔɔna wó pɛ á jejegero ba ja viiri,
se kolokolo daa yé daare.
5 Baŋa Wɛ yere dem mo zaŋe wɛɛne.
O maa zoore wɛyuu kom baŋa jei sem ne.
O nam wó pa se Zion tiina bam taa tɔge chega de nɔn-ŋonne kikia yerane.
6Woŋo kolo maama ná ke abam,
Baŋa Wɛ mo wó zege á kwaga ne de dam.
O ta wó vere abam cham wone o yage,
se á ta‑á tiini á jege swa de yeino lanyerane.
Balo na kɔre Baŋa Wɛ to,
wo-laaro tento mo wó taa ye ba lonne wonnu.
7Nii-na! Dé bembɛ sem tete chwoosi
dé teo kom chwei sem yuu ne mo.
Dé na toŋe balo se ba kwɛ wonnu to
de keeri mo de wo-chechɔgɔ.
8Nɔɔna duri ba daare chwo-fare sem mo.
Chwo-veila daa ba tɔge pempala yam ne ba via.
Nɔɔno ná ke ni-sɛɛm de o dwoŋi,
o wó chɔge-de mo.
Ba ta gwooni balo na pae maana taane dim baŋa ne mo.
Ba daa maa ba nege nɔɔn-nɔɔno de.
9Tega kam maama koge mo ye ka ta leere.
Lebanon teeni dem de kwaare mo
ye chaveera di teo kom.
Saron te-ywoŋa kam de jigi kagoa mo.
Basan de Kamele jei sem teeni vɔɔro ma siiri.
10 Baŋa Wɛ na tage tei to mo tento:
“Maŋa laam nam yi se a zaŋe a toŋe.
Ko yi se a pa a yere dem zaŋe wɛɛne,
se a jwoŋi zula nɔɔna tei ne.
11Abam ná jaane swanno puga,
ga-korro mo wó ji bu wolo á na wó lo to.
Momwa vio kolo á na sii á yage to
maa wó ji mini de zwɛ abam.
12Ko wó pa á teo tiina bam zwɛ kula mo,
ne sabare na zwɛ ye se ji tentwarem tei to.
13Abam balo teene na wo yiga yiga to,
lɔre-na totoŋ-kamunnu telo amo na ke to.
Abam balo de na bwola to,
ta‑á yei-na we, a dam dem daga dedɛ!”
14Wɛleere-keira balo na wo Zion ne to
wora ba to de foone mo.
Balo na ve Wɛ chwoŋa tɔgem to yera maa sae pɔm-pɔm,
ye ba tɛ ba we:
“Debam wone wɔ mo wó wane o taa zoore
jeiga kalo mini na wora de di de chɔge to?
Wɔ mo wó wane o zege
mini delo na bá dwei maŋa de maŋa to yiga ne?”
15Ko nam ye wolo na tɔge chwo-laao
ye o yɔɔre o tɛ chega to mo.
Kotu ba sɛ se o pini nɔɔna se o ma o duni,
ye o ba sɛ o jwoŋi wonnu kalipera baŋa ne.
O ba gwaane de balo na ke bana se ba go nɔɔna to.
O nam bere o ba sɛ se o toŋe lwarem.
16Nɔɔno ná ye konto dwoŋi,
konto tu jei mo ye lwia ba jege‑o.
Ko nye de o dale peo mo.
Maŋa maama wone, wonto ba gae o ni-wodiu,
na-nyɔm de nam bá ja‑o.
17Abam wó nii á na pɛ wom na jei de nenɔŋ-fɔrɔ,
ye o paare laŋa kam jage ka yi jei maama.
18Á laam ma‑á wó boŋe wonnu telo ya na pɛ abam foone to boboŋa
se á ta we, “Dedɛɛra yiga tu wom bɛ?
Wolo na fe o jwoŋi lampwoo dé tei ne to wo yein-seeni mo?
Dedɛɛro wolo na zege o yere teo kom to de bɛ?”
19Abam nam daa bá na boyere-nyena bam konto maŋa de maŋa.
Ba ye balo taane na ye de yera ye á ba ni de kuri to mo.
Ba na ŋɔɔne tei to nye de ba bibeigi mo.
20Nii-na Zion teo kom!
Ko ye mɛ dé na di dé kura yam da to mo.
Abam ná nii á na Jerusalem teo kom,
á wó na we ko zege cheppe mo,
ne vwei delo na ba bebege to.
Ba bá wane ba gɔ vwei dem konto paara.
De yera ŋone de nam bá kɔ se de chɔge.
21Dáane mo Baŋa Wɛ laam wó taa ye dé Dam Tu.
Bu-fara de nabare wó taa duri se kɛa
jei sem konto ne mo.
Pwola nam bá taa wora se dé dona bam ja ba nabwooru
ba ba dáane ba yɛ ba kɛ.
Nabwor-kamunnu bá wane te tɔge da te kɛ.
22Kokuri to, Baŋa Wɛ mo wó jwoŋi debam o yage.
O ye wolo na bore debam bora to mo.
O maa pae debam o nia yam se dé taa tɔga.
Wonto mo ye dé pɛ.
23Ko ná ye abam nabworo kom,
ko gare-yi ŋone sem daa wo vɔge diŋ-diŋ,
ye ko tetare beiŋa kam daa ba zege deiki.
Konto to, vio daa ware ko yigi gare-yi dem
se nabworo kom taa yɛ na ko via.
Abam nam wó ba á vere á dona bam jejegero á chɛ á pa daane.
Gwaaro de wó na ba popɔra,
jejegero tem na wó taa daga dedɛ to ŋwaane.
24Nɔɔn-nɔɔno daa bá taa zoore Zion teo ne
se kotu ta we, “A weele mo.”
Balo na zoore da to,
Wɛ wó kwei ba wɛleera o yage o chɛ-ba.",https://www.bible.com/bible/3661/ISA.33.KBG
IZAYA 34,"Logo baŋa dwi tiina taane
1Abam dwi-gɛ tiina, fɔɔre-na á yi se á cheigi.
Nɔɔna na wo jei maama to pore-na á zwa.
Tega kam baŋa maama
de balo na zoore ka wone to jege se ba cheigi,
ko woli de logo baŋa wonnu dwi maama.
2 Baŋa Wɛ bane zaŋe de dwi-gɛ tiina bam maama mo.
O wo ma fuli de ba jar-keira bam.
O yɔɔre o pɔɔre-ba o zege dáa ne se ba na chɔgem mo.
O maa wó pa se ba dona go-ba ba ti.
3Ba maa wó kwei ba twa bam ba dole ba yage,
se ba yera yam lwom zaŋe tage-tage.
Ba jana de maa wó faare peero jei sem maama.
4Wɛyuu chalechwe sem maama wó jei,
ye ba piri wɛyuu kom tete ne sara mo ba piri.
Chalechwe sem maama wó taa toe tega ne mo,
ne Vini tio vɔɔro naa kaporo vɔɔro na kwaare
ye te siiri te toe tega ne tei to.
5 Baŋa Wɛ maa we,
“A se-zɔɔ kom maŋe ko toŋe ko fera ko su wɛyuu ne.
Nii-na! A laam wó kwei-ko a ma a waare Edom tiina bam mo.
Banto ye balo a na pɔɔre a zege dáa ne
se ba yɔɔre ba na chɔgem to mo.”
6 Baŋa Wɛ se-zɔɔ kom maama yɔɔre ko ye jana yerane mo.
Vara lara de maa taare ko maama.
Ko nye de pei de bone jana,
ko woli de pi-bale tapwale-bia bam lara mo taare-ko.
Kokuri to, Baŋa Wɛ lage o ke kaanem mo Bozera teo ne.
O maa wó go nɔɔna dedɛ Edom laŋa kam ne.
7Ba dedɛɛra bam wó yɔɔre ba te,
de ba na nye de na-bale selo na ware se ja to mo.
Ba babɛ sem na dana ne nabɛ tei to de wó tɔge ba te.
Ba jana mo wó bugi ba tega kam maama.
Ba yera lara de maa wó ji popɔnɔ ka pɔɔne-ka.
8Kokuri to, Baŋa Wɛ le dɛ mo
se o ba o zeini Zion tiina bam.
Bene dem konto wone o lage o yiri jene
ba dona bam baŋa ne mo.
9Edom bu-nwaro tem wó ji kɔtaale mo.
Ba teo kasolo de maa wó ji chilibugu.
Mini maa wó ja ba tega kam maama,
ne mini na jege kɔtaale de di tei to.
10Wea de tete maama wone, teo kom mini bá dwei.
De nyoa kam de wó taa zaŋe wɛɛne mo wuu.
Ba tega kam wó taa tigi yɔɔ yerane mo,
ko zege dwi dedoa ne se ko yi dwi dedwoŋi maŋa ne.
Nɔɔn-nɔɔno daa bá tɔge ba tega kam ne o kɛ.
11Kunkworru, de bachangaaro, de vara dwi dwi
mo wó taa tei jei sem konto.
Baŋa Wɛ lage o twe o jeŋa Edom tega kam baŋa ne,
se o maŋe-ka ye o daare o jeeli ka chɔgem dem.
O maa wó pa se tega kam taa tigi yɔɔ yerane.
12Edom teo yiga tiina bam daa bá na pɛ
se kotu taa nii ko baŋa ne.
Ba nakwa bam maama wó jei mo.
13Sabare mo wó jwoŋi ba sa-fwaaro tem.
Bombwaano de ga-cheiŋo de maa wó cheiŋi ba dam jei sem maama.
Teo kom laam maa wó taa ye mɛ
nywoŋ-kuri de kunkworru na zoore to.
14Ga-kukuri de wiira mo wó taa tɔge daane ba beeri wodiiru.
Tɔro maa wó taa kare da te keera,
ye tete wo-korro laam taa tigi di-dwonnu tem gugworru wone.
15Kunkworru wó sɔ te pworu da
ye te de te chechara.
Te chechara yam maa wó lwei
se te taa jege te bia te nii da.
Kalwonnu de wó taa jeeri jei sem konto ne,
wo-bɛ de wo-kana maama.
16Nii-na Baŋa Wɛ tɔnɔ kom wone
se á wó na ko na popone we:
Wonnu tento dedoa bá lage kodwoŋi ko ga.
Wo-bɛa bá ga wo-kana se te taa wo daane.
Kokuri to, Baŋa Wɛ mo pɛ ni dem konto,
ye wonto Jworo kom mo lage ko la-te ko ja jeeri daane.
17 Baŋa Wɛ mo pɔɔre tega kam o pa-te.
O ma maŋe jei selo te maama na wó taa zoore to.
Ko nam na zege dwi dedwe ne se ko yi dwi dedwoŋi to,
te wó lɛɛre te taa zoore dáane mo taa wuu.",https://www.bible.com/bible/3661/ISA.34.KBG
IZAYA 35,"Wɛ nɔɔna bam wó di ywoni
1Wopwolo wó yi kagoa jei sem mɛ na na tera to.
Te-kora kam wó di ywoni,
ga-punnu na wó kwi te nwoŋi da de zurim to ŋwaane.
2Jei sem konto wó tiini se ke punnu dedɛ,
pa se se taa chaka de wopwolo.
Tega kam wó ke lam,
ne Lebanon peero tem na ye tei to.
Ka nenɔŋa de wó nwoŋi jaja,
ne Kamele de Saron jei sem na ye tei to mo.
Nɔɔna laam maa wó na Baŋa Wɛ nenɔŋ-fɔrɔ kom,
de o paare dem na ye tei to.
3Nam pa balo vɔna na bugi to
jwoori ba na dam,
se balo nagwola na tege to
daa jwoori ba na baare.
4Ta de balo wo na leegi to we,
“Ja-na baare se á yé ta‑á fona.
Se á Tu Wɛ wom lage o ba
se o bere o ban-zɔŋɔ mo,
ye o daare o yiri jene á dona baŋa ne.
O nam wó ke konto mo se o vere abam o yage.”
5Lilwoa yia laam maa wó puri
ye zwa-kwarro de zwa yam pore.
6Gwaaro de wó faŋe wɛɛne,
ne woŋa dwoŋi to,
ye memaaro de taa bage sɔɔ ba yage de wopwolo.
Na de wó taa buri ba bugi kagoa yuu,
ye nabare de taa wo te-kora kam ne se dura.
7Kasolo kolo wea kam ya na yɔɔre ka jege ka mage to
laam wó ji buga mo ko taa tiga.
Te-kora kam ne, buli-yia wó taa tae
ya nwoŋi jei maama ne.
Jei selo maama nywoŋ-kuri ya na tigi da to,
ga-zuru, de nanchan-gullu, de sangɛ mo laam wó taa wora.
8Chwo-fara wó peini se nɔɔna taa tɔge da ba via.
Ba wó taa bwoi-ka we, “Wose Chwoŋa” mo.
Balo na jege digiru Wɛ chullu tem seeni to
bá wane ba tɔge ka wone.
Kokuri to, balo na tɔge Wɛ chwoŋa to yerane mo vei ka wone.
Jworru bá na chwoŋa se ba beeri ka wone.
9Nywonnu bá taa wo chwoŋa kam konto ne.
Kago-vara balo na jaane nɔɔna to de bá tɔge da.
Tento maama maŋe te bá twɛ da.
Wɛ na vere balo o ja nwoŋi cham wone to
mo wó tɔge da ba taa via.
10 Baŋa Wɛ na jwoŋi balo o yage to
wó tɔge da ba jwoori sɔŋɔ.
Ba maa wó jwoori ba zo Zion teo kom wo
ye ba leeni de wopwolo.
Ywoni delo na ba ti to mo wó taa ye ba nyem.
Ba wopwolo kom wó tiini ko gaale,
ye ba wo-chechɔgɔ de ba keira kam wó jei.",https://www.bible.com/bible/3661/ISA.35.KBG
IZAYA 36,"Asiria teo pɛ ke chichuŋu de Judah tiina
2 Pwa 18:13-27; 2 Tigisim 32:1-19
1Pɛ Hezekia paare dim bena fuga-yana bene dem wone mo Asiria teo pɛ Senakeribi tu o li Judah te-kamunnu telo na lɔge chekke, ye te ta fɔge te pe to maama de jara. O ma wane-ba o di. 2Asiria pɛ wom ma toŋe o dedɛɛra bam yiga tu se o zege Lakisi ne o nwoŋi de jar-keira kɔgɔ dedɛ o vo Jerusalem o gware Hezekia. Dedɛɛro wom ma vo o zege na-fera kalo na zoore baŋa seeni chɔgɔ kom to ni ne, se ko maŋe de chwoŋa kam mɛ ba na sɔ gwaaro to. 3Pɛ wom ma toŋe Hilikia bu Eliakim na nii pɛ sɔŋɔ kom totoŋa baŋa ne to, dedaane Sebena na ye tɔn-poponno to, ko woli de Asafe bu Joa na nii pɛ sɔŋɔ kom yera seina twanno baŋa ne to, se ba nwoŋi teo kom wone ba vo ba jeeri‑o.
4Ba na jeeri to mo Asiria teo dedɛɛra yiga tu wom tage de-ba se ba ja Asiria pɛ wom kwora ba vo ba ta de Pɛ Hezekia. O maa we:
“Asiria teo Pa-faro wom we: Bɛ mo bere ko pa se n jege n tete chega konto? 5Nmo boŋe we ni-wɛɛle wae jara de ke mo na? Wɔ baŋa ne mo n teege ye n lɔ amo kwaga ne? 6Nmo teena wo Ejipti teo ne mo na? Konto nam nye de nɔɔno na kwei kasogo o ji o nacheiga to mo. Kasogo kom wó seere mo ko zɔ wolo maama na zei-ko to jeŋa. Konto mo wó ke de wolo maama na sale Ejipti Pa-faro wom yera ne to. 7Nmo nam ta ná we, ‘Dé wó sale debam Tu Baŋa Wɛ yera ne mo,’ ko dae Wɛ dem konto wara-jei, de de kaanem bimbina mo Hezekia guri o yage o daare o pa ni se Jerusalem de Judah nɔɔna maama taa tui bimbini dem na wo ywo-seeni to yerane ba zuli‑o na?
8Amo lage a ma a tu wom yere mo a ke ni dedaane nmo Hezekia. Amo wó pa‑m sisei morro telei, ne nmo ná wó wane n na se dira bam n ke da. 9Nii amo wolo na ye a pɛ wom nabwom to na jege dam delo to. Nmo wó wane amo n ve, ye n daare n ke n teena de Ejipti tiina se ba woli‑m de ba jara-keim torokooro de ba sisein-dira na? 10Ko dae Baŋa Wɛ mo toŋe-ne se a ba ywo a wane n teo kom na? Ko seene ko ye Baŋa Wɛ tete mo pɛ-ne ni se a li teo kom de jara a daare a chɔge-ko.”
11Eliakim, de Sebena, dedaane Joa maama ma ta de Asiria teo dedɛɛra yiga tu wom ba we, “Popo ŋɔɔne Aram tiina taane de debam, se dé wó ni. Nmo ná ŋɔɔne de Judah tiina taane dem, balo na dɔge kabira kam yuu ne ba cheigi to wó da ba ni n na tɛ kolo to mo.” 12Asiria teo dedɛɛro wom ma leiri o we, “Á boŋe we amo tu wom kwora kam ye abam de á pɛ wom yerane nyem mo na? Ka ta wora balo maama na dɔge kabira kam baŋa ne to ŋwaane mo. Banto de wó da ba di ba beinnu ba daare ba nyɔ ba fea, ne abam na jege se á ke tei to mo.”
13Dedɛɛro wom ma tɔɔle o yage de Judah tiina taane dem o we:
“Abam maama cheigi-na Asiria teo pa-faro wom kwora kam. 14Pɛ wom we: Yé sɛ-na se Hezekia taa jege abam o gana, se o bá wane abam o jwoŋi o yage! 15Yé pa-na se á pɛ wom gane abam se á ke á wo-dedoa de Baŋa Wɛ. O ná tage de abam we, Baŋa Wɛ wó jwoŋi abam o yage, ye o che se Asiria teo pɛ yé di á teo kom, nam yé sɛ-na.
16Yé cheigi-na Hezekia taane kɔtaa. Asiria pɛ wom nam na tage tei to mo tento: Abam maama jege se á nwoŋi á teo kom wone mo se á ba á to á pa-ne. Á ná ke konto, á wó na chwoŋa se á ta‑á jei yɔlɔ-lɔ-lɔ ye á di á tete Vini teeni de á kaporro tem nyɔɔre. Á ta maa wó nyɔ á vola na bam á ni ywoni. 17Konto kwaga ne, amo ta wó ja abam a vo a yage tega kalo na nye de abam tete tega kam to baŋa ne. Dáane Vini teeni wora se á na sana á nyɔ, de mena se á ma á ke bworobworo.
18Yé cheigi-na pɛ Hezekia taane dem, de o na gane abam ye o we, Baŋa Wɛ wó jwoŋi abam o yage to. Teo kɔ jwona mo dana pa se ya wane ya jwoŋi ya teene dem Asiria pa-faro wom jeŋa ne ya yage? 19Hamafa, de Arapade, de Sefavayim jwona yam bɛ? Ya wane ya vere Samaria tiina ya yage a dam kuri ne na? 20Teene dem maama jwona yam wone, jwoni dɔ mo wane de jwoŋi de teo de yage amo jeŋa ne? Baŋa Wɛ de nam bá wane o vere Jerusalem o yage amo jeŋa ne.”
21Jerusalem teo nɔɔna bam ma maŋe da chemm, ba wo leiri o taane dem, kokuri to, Pɛ Hezekia ya pɛ-ba ni mo o we, “Yé leiri-o-na.”
22Hilikia bu Eliakim na nii pɛ sɔŋɔ kom totoŋa baŋa ne to, de Sebena na ye tɔn-poponno to, dedaane Asafe bu Joa na tiŋi pɛ sɔŋɔ kom yera seina twanno tem to maama ma ja ba gwaaro ba kaare wo-chechɔgɔ ŋwaane, ye ba ja kwora kalo Asiria teo dedɛɛra yiga tu wom na taga to ba vo ba ta de Pɛ Hezekia.",https://www.bible.com/bible/3661/ISA.36.KBG
IZAYA 37,"Hezekia lwoori wolim Baŋa Wɛ tei ne
2 Pwa 19:1-7
1Pɛ Hezekia déem na nigi kwora kam to, o wo ma tiini ko chɔge ye o kaare o gwaaro. O ma daare o kwei gare-nyenyaaro o zo, ye o vo o zo Baŋa Wɛ diga kam. 2O ma toŋe Eliakim na nii pɛ sɔŋɔ kom totoŋa baŋa ne to, de Sebena na ye tɔn-poponno to, dedaane Wɛ kaanem yiga tiina bam se ba zo gare-nyenyaaro ba vo Amozi bu Izaya na ye Wɛ sampwora to tei. 3Ba ma vo ba ta ded‑o ba we, “Hezekia na tage tei to mo tento: Dé zem jege lɛɛro de chaveera mo dé di. Ko tiini ko ye kuri-nɔrɔ mo de yera ne. Dé nye de kaane na virigi puga se o lo, ye dam tere o yera ne se o lo bu wom to mo. 4Asiria teo pɛ wom mo toŋe o dedɛɛra yiga tu se o ba o twe Ŋwea Tu Baŋa Wɛ. Dɛ delo tento nmo Tu Baŋa Wɛ nigi toro tem konto maama, ye o nam wó bwɛ dedɛɛro wom de o ta-balɔrɔ kom. Nam lwoori Wɛ n pa debam balo fee na daare pa de maŋe teo kom ne to.”
5Hezekia tontoŋena bam na pɛ Izaya kwora kam ba ti to, 6mo Izaya de kwei kwora o pa-ba o we, “Jwoori-na á vo á ta de Pɛ Hezekia we, ‘Baŋa Wɛ na tage tei to mo tento: Yé ta‑n kɔre foone de taane delo Asiria pɛ na tɔge o nɔn-donno tem baŋa ne o ma o twe-ne to. 7Nii mo. Amo Baŋa Wɛ wó pa se Asiria pɛ wom boboŋa vugimi pa se o ni sawea, ye o da ka ŋwaane o jwoori o tete teo. Dáane mo ba wó zɔ‑o de se-zɔɔ ba go.’ ”
Asiria pɛ Senakeribi chichuŋu belei tu taane
8Asiria teo dedɛɛra yiga tu wom déem nigi we, ba pɛ wom yage Lakisi teo ye o vo se o kwaare jara de Libina teo tiina. O de ma vo dáane.
9Maŋa kam konto ne de, Asiria teo pɛ Senakeribi ta nigi kwora we, Tirahaka na ye Kusi teo pɛ to mo beene se o jeeri‑o de jara. O ma toŋe nɔɔna Hezekia tei ne de kwora kanto o we:
10“Ta-na de Judah teo pɛ Hezekia we, ‘Yé pa wɛ delo n na pɛ-de chega to taa jege‑m de gane we, Jerusalem teo bá fɔge ko zo Asiria teo pɛ jeŋa ne. 11Nmo maŋe n ni Asiria teo pwa bam na toŋe tei de logo baŋa teene maama to. Ba yɔɔre ba chɔge de maama mo. Nmo nam boŋe tetɛ mo ye n teene se n lu? 12Teene dedwonna dem jwo-dɛɛra wane-de ya jwoŋi ya yage amo nabaara bam jeŋa ne na? Gozam teo wɛ, de Haran teo wɛ, de Rezepa teo wɛ, de Eden tiina balo déem na zoore Tɛl-Asara ne to wɛ wo wane ba wolowolo ya jwoŋi ya yage. 13Ko ta ná ye Hamafa, de Arapade, de Sefavayim, de Hena, de Ivaa, teene dem konto pwa bam de wo yein-seeni mo?’ ”
Hezekia wɛ-lworo kom
14Hezekia ma jwoŋi tɔnɔ kom Asiria teo pɛ tontoŋena bam tei ne, ye o ga-ko. O ma ja-ko o zo Baŋa Wɛ diga kam. O ma jare-ko Baŋa Wɛ yiga ne. 15Hezekia ma lwoori Baŋa Wɛ ye o we, 16“Paŋwa Tu Baŋa Wɛ wom na ye Isarele tiina Wɛ to, nmo paare di cherubi sem tetare laŋa ne mo. Nmo yerane mo ye Wɛ, ye n tei tega baŋa paare dim jei maama. Nmo nam mo naane wɛyuu de tega baŋa. 17Baŋa Wɛ, nam pore n zwa se n cheigi! Ta puri n yia se n nii n na kolo na jege ko ke debam tento to. Cheigi ta-kwogila yalo maama Senakeribi na toŋe o ma o twe nmo Ŋwea Tu Baŋa Wɛ to. 18Baŋa Wɛ, ko ye chega mo we Asiria teo pwa déem seene ba chɔge teene maama de de nɔn-bia dedɛ, pa se de ji di-dwonnu yerane. 19Ba ma dole teene dem konto jwona ba de mini wone ba zwɛ-ya. Kokuri to, ba wa yam dae wa chekke. Nabiina mo boŋe ba ja ye ba kwei dɛ de kandwa ba ke-ya. Konto ŋwaane mo ba de ba jwona nɛ chɔgem. 20Konto to, dé Tu Baŋa Wɛ, yɔɔre n jwoŋi debam n yage Asiria teo pɛ jeŋa ne se logo baŋa teene dem maama lɔre we nmo yerane mo ye Baŋa Wɛ.”
Baŋa Wɛ leiri pɛ wom
2 Pwa 19:20-37
21Amozi bu Izaya ma toŋe kwora Pɛ Hezekia tei ne ye o we:
“Baŋa Wɛ wom na ye Isarele tiina Wɛ to na tage kolo to mo tento: Nmo na lwoori amo tei se ko vo Asiria teo pɛ Senakeribi seeni to, 22kwora kanto mo Baŋa Wɛ jege se o pa‑o:
Zion tiina bam yɔɔre ba neese nmo mo.
Jerusalem teo tiina bam jege‑m mo ba mɔna.
23Wɔ mo nmo twe ye n daare n lwɛ konto?
Wɔ yiga ne mo n zege n nye baare
ye n daare n bere n tete konto dwoŋi?
Ko ye Isarele dwi dem Wo-pwoŋo Tu wom mo.
24Nmo tɔge n tontoŋena baŋa ne mo
n twe amo Baŋa Wɛ.
Nmo ta ma n bere n tete n we,
‘Amo pɛ se a sisei-torokooro dedɛ mo di peero tem yuu
te yi Lebanon peero tem yuu chekke.
A ta ma gwoni ba tei-dedwaaro dem a de tega ne,
de ba tei-ŋonno tem maama.
A ma vo a yi yiga yiga a di ba peero tem yuu,
ye a zo ba goa mɛ na lini to wone.
25Amo ta ma vo a ko vola sa-teene ne yiga yiga,
ye a nyɔ na ya wone.
A jar-keira bam ma nɔne Ejipti bwi sem
de ba napera pa se we.’
26Nmo wo nigi we amo maŋe
a boŋe boboŋe dem faŋa faŋa mo na?,
A na boŋe tei faŋa faŋa konto to
mo amo laam pɛ se ko seene ko ke.
A boboŋa déem jaane
se nmo zaŋe n chɔge teene delo ya na lɔge de pe to,
se de ji kandwa na dogele da-baŋa ne ya tigi to mo.
27A ta pɛ se teene dem konto nɔn-bia bam dam ti,
ye ba di ba chaveera nmo ŋwaane.
Banto jigi ne ga-punnu de ga-lɛɛro mo nmo yiga ne.
Ba maa nye de gaao na wora ko tae ko nwoŋi tei to,
ye wea laam mage-ko pa se ko te lela.
28Amo nam yei nmo kuri maama.
A ta yei n na-veili maama ni ne,
de ni-wɛɛle delo n na jege n ke de amo to ni ne.
29Amo laam lage a waare‑m mo
n na jege ni-wɛɛle delo n ke de amo to ŋwaane.
N yi-dɛɛre kikia yam to amo zwa ne.
Mo kokuri amo wó lei gwola n momwɛ ne,
ye a daare a ke gara n ni ne.
A laam maa wó vaŋe‑m se n tɔge
chwoŋa kalo n na tɔge da n ba to
n jwoori n tete teo.”
30Izaya laam ma ta de Hezekia o we:
“Keim dento mo wó ke se ko taa ye maana ko pa‑m: Dɔɔm bene dem ne, á wó di wodiiru telo na ke te tete ne to. Bene delo na saŋe-de to ne, á wó di kolo na tage ko nwoŋi boboa nyem kom yera ne to. Ko daare bena yatɔ bene dem ne, abam wó du wodiiru ye á pe-te. Á ta wó jeiri Vini teeni ye á daare á di de wo-bia bam. 31Judah dwi tiina balo ta na daare to laam wó taa ye ne tio bonno na jaane tega ye ko nɛ sem leiri bia to mo. 32Kokuri to, Jerusalem teo tiina ta wó daare. Chega to, balo na zoore Zion peo kom baŋa ne to badaara wó lu toone wone. Paŋwa Tu Baŋa Wɛ tete nam wó pa se wonnu tento maama ke, o na seene yia o nii o nɔɔna baŋa ne to ŋwaane.
33 Baŋa Wɛ nam na tage Asiria teo pɛ yera taane tei to mo tento: O bá na chwoŋa se o zo teo konto wone. O jar-keira bam bá ta chene kɔtaa da! Ba bá kwei ba jara nantane ba nwoŋi se ba ke chichuŋu de teo kom, naa ba lɔ taara ba yeiri teo kom kabiri sem teiŋa ne. 34Asiria pɛ na tɔge chwoŋa kalo o ba to, mo o wó tɔge da o jwoori, se o bá zo teo konto wone. 35Amo tete yere dem zula ŋwaane, de a tontoŋeno David ŋwaane, a wó taa kwoli teo konto se kolokolo yé wane-ko ko chɔge. Amo Baŋa Wɛ na tage tei to mo konto.”
36 Baŋa Wɛ maleka déem ma zaŋe ka vo Asiria jar-keira bam na tigisi mɛ to. Ka ma go Asiria tiina morro bi de funɔnɔ-banu (185, 000). Tega na poore to, ba ma na we ba jei sem su de twa yerane mo. 37Konto baŋa ne mo Senakeribi pɛ o jar-keira bam yage jara yam keim, ye o jwoori o kɛ o vo o tete teo. O laam ma vo o zoore Ninevɛ teo ne.
38Dɛ dedwe, o déem ma zo o jwoni Nisiroka diga kam se o zuli-de. O bia balei Aderamɛlɛka, de Sarezera ma zo ba zage‑o ba go de se-zɔɔro. Ba ma duri ba vo Ararati laŋa kam ba zoore da. Senakeribi bu Esara-hadon déem ma leiri o yuu ne o ji pɛ.",https://www.bible.com/bible/3661/ISA.37.KBG
IZAYA 38,"Hezekia weele ye o jwoori o zaŋe
2 Pwa 20:1-11; 2 Tigisim 32:24-26
1Da yam konto ne, Hezekia déem yɔɔre o weele mo ye o bwola de toone. Wɛ sampwora Izaya na ye Amozi bu to ma vo o tei ye o ta‑o o we, “Baŋa Wɛ na tage kolo to mo tento: Bere n sɔŋɔ tiina bam ba na wó ke tei ne n ná tera. Kokuri to, n lage n te mo. N bá‑n wori de n jaweo kom.”
2Hezekia na nigi konto to, mo o pipiri o yibia o jeeri kabira kam ye o lwoori Wɛ o we, 3“Baŋa Wɛ, guli we amo yeini a tɔge‑m de a chega maama, dedaane a wo maama mo. A ma yɔɔre a ke kolo nmo na lage se a ke to.” Hezekia ma tiini o keeri dedɛ.
4 Baŋa Wɛ kwora ma yi Izaya we:
5“Véi n ta de Hezekia we, ‘Baŋa Wɛ wom na ye n kwo David Wɛ to mo tage o we: A nigi n wɛ-lworo kom, ye a ta na n na kane yi-na tei to. A nam lage a woli bena fuga-yanu mo n bena yam wone. 6A ta wó jwoŋi nmo de Jerusalem teo konto a yage Asiria teo pɛ wom jeŋa ne, se a daare a taa kwoli teo konto.
7Keim dento nam mo wó pa n lɔre we, Baŋa Wɛ wó seene o ke o na gwoni ni se o ke tei to: 8Nii se n wó na wɛ dem na jege de zoora ye de ke luluŋu kolo Ahaz nateini dem yera ne to. Baŋa Wɛ lage o pa lunluŋu kom fɔɔre ko jwoori kwaga naba-laara yia kuni fuga mo.’ ”
Wɛ dem na ke lunluŋu kolo to ma seene ko jwoori kwaga naba-laara yia kuni fuga.
9Hezekia déem na zaŋe o jaweo kom baŋa ne ye o na yazura to, mo o pane leiŋa kanto:
10Amo ya boŋe a tete ne mo we,
“A lage a te a nɔn-donne maŋa ne mo,
se a zo churu ye a maŋe dáane taa wuu.
11A ma boŋe we, a daa bá taa ŋwe logo baŋa ne
se a na Baŋa Wɛ dáane.
A ta maa bá na nabiina balo na ŋwe to de.
A nam bá taa zoore ba tetare ne.
12Amo ŋwea kam pɔpɔ ka ti mo.
Ko nye de nayero na pɔpɔ o gɔ o vwei tei to mo.
Ko ta nye de gare-yi delo
gare-yi sɔɔno na pɔpɔ o vaŋe ŋona
o kɔ de yera ne to mo.
Nmo wora n pa a momwɛ ti lela,
ne wea na pɔpɔ ka ji lim tei to mo.
13A yɔɔre a keeri mo taa pa se tega ba ka poore.
Ko nye de nywoŋo ya mo jege a kwi sem ko yara.
Nmo wora n pa a momwɛ ti lela,
ne wea na pɔpɔ ka ji lim tei to mo.
14A keeri ne kawɛbidwoori
naa koŋwaa na keeri tei to mo.
A nam ta keeri ne kunkwoŋa mo.
Amo na kwoni a yuu wɛɛne taa to,
a yia seene mo de keira.
Amo Teiru Wɛ, a cham dem gaale.
Nam ba lela n jwoŋi-ne n yage.”
15Bɛ mo amo nam jege se a ta
wonnu tento maama baŋa ne?
Wɛ maŋe o ta taane o bere-ne,
ye o seene o ke o boboŋa na jaane tei to.
Amo wó gwooni a tete mo a ŋwea maama wone,
a wo na tiini ko chɔge to ŋwaane.
16Amo Teiru Wɛ, nmo kikia mo pae nɔɔna jege ŋwea.
Amo de maa tɔge ya ŋwaane a jege ŋwea.
Nam pa se yazura yi-ne
se a jwoori a na a ŋwea.
17Nii mo. A na nɛ yaara yalo to
jege nyɔɔre ya pa-ne.
N na swoi-ne to ŋwaane,
n wo sɛ se a to gwoŋo kolo na wó chɔge-ne to wone.
N ta daare n yage a wɛleera yam maama n chɛ-ne.
18Kokuri, balo na wo churu wone to ware se ba tei‑m.
Twa ware ba leeni ba seini‑m.
Balo de nam na zo tega kuri ne to,
ware se ba lɔre nmo na toŋe chega tei to.
19Ko ná ye chega, ko ye balo na ŋwe to yerane mo wae‑m ba tia,
ne amo na wora a ke tei zem to.
Kwoa wó ta ba bere ba bia
nmo na yɔɔre n jege chega tei to.
20 Baŋa Wɛ nam lage o jwoŋi-ne o yage mo.
Dé wó taa jege gwa kwɛɛra wonnu ye dé leeni dé zuli‑o.
Dé nam wó zuli‑o taa mo Baŋa Wɛ diga kam wone,
se ko yi dé ŋwea siseini.
21Izaya déem ya tage de Pɛ Hezekia mo o we, “Pa se ba zɔ mɔɔro se ba kwei-te ba taare n ŋɔn-pwona kam, se n wó na yazura.”
22Hezekia de ma bwei we, “Keim dɔ mo wó ke se ko bere we, amo daa wó na chwoŋa se a zo Baŋa Wɛ diga kam wo a zuli‑o?”",https://www.bible.com/bible/3661/ISA.38.KBG
IZAYA 39,"Ba toŋe nɔɔna pa ba zege Babilon ne ba ba
2 Pwa 20:12-19
1Ko maŋe de maŋa kam konto ne, Merodaki-Baladan laam mo jigi Babilon teo pɛ. O na nigi we Hezekia weele o zaŋe to, mo o toŋe nɔɔna o tei ne de twanno de pɛɛra. 2Hezekia déem ma jeeri nɔɔna bam de wopwolo. O ma ja-ba o zo o jejegero tem na tigi mɛ to. O laam ma bere-ba o lu-nyenno tem maama, de o sabu-seŋa, de o talwoŋ-ywei sem, de o nu-ŋoŋa kam, de o jara zela yam maama, de kolo maama ba na tiŋi jejegero di sem wone to. Pɛ Hezekia déem wo daare kolokolo pɛ sɔŋɔ kom ne, naa o paare dim jei sem maama ne ye o wo kwei o bere-ba.
3Wɛ sampwora Izaya déem ma vo Hezekia tei o bwei‑o o we, “Nɔɔna banto nwoŋi yein-seeni mo ba ba nmo tei? Ba nam tage bɛ mo de nmo?” Hezekia ma leiri o we, “Ba nwoŋi Babilon teo yiga yiga mo ba ba amo tei.” 4Izaya daa ma bwei o we, “Bɛ mo ba nii ba na n sɔŋɔ kom wone?” Hezekia ma leiri o we, “Amo bere-ba wonnu telo maama na tigi a jejegero di sem wone to mo. Kolokolo wo daare ye a wo bere-ba.”
5Izaya daa ta ma ta de Pɛ Hezekia o we, “Nam cheigi Paŋwa Tu Baŋa Wɛ na jege kwora kalo se o pa‑m to: 6Ta‑n yei we, maŋa lage ka yi se Babilon teo tiina ba ba pɛ jejegero telo maama na tigi n sɔŋɔ kom wone to, de telo n nabaara bam na yaare ba la ba tiŋi to ba ja ba vo ba tete teo kom. Kolokolo daa bá daare ko pa abam. Baŋa Wɛ ni dem mo konto. 7Nmo tete dwi dem de wó tɔge ba woli da ba vo. Ba nam ná jaane-ba ba yi da, ba wó lwe n bia bam mo se ba taa toŋe Babilon teo pɛ sɔŋɔ ne.”
8Hezekia na nigi konto to, mo o tage de Izaya o we, “Baŋa Wɛ na pɛ‑m kwora kalo se n pa-ne to lana.” Kokuri to, o boŋe o tete ne o we, “Ko ná ke konto, cham bá yi debam amo paare dim maŋa kam ne, ye a nɔɔna wó taa zoore de bochare-zuru.”",https://www.bible.com/bible/3661/ISA.39.KBG
IZAYA 40,"Wɛ nɔɔna bam wó jwoori ba na dam
1Abam Tu Wɛ wom na tage tei to mo tento:
“Pa se a nɔɔna bam bochara taa tiga.
2Ŋɔɔne-na bochare-zuru taane de Jerusalem tiina bam,
se á ta de-ba we, ba totoŋ-chɛɛra maŋa kam ti.
Bere-ba we, Baŋa Wɛ kwei ba wɛleera mo
o yage o chɛ-ba.
O maŋe o waare-ba mo
se ko ma ko ŋwe ba jene dem kuni belei ko pa‑o.”
3Nɔɔno kwora mo tɔɔla ka we:
“Kagoa yuu ne mo á wó zaŋe á kwɛ chwoŋa kam
á pa dé Tu Baŋa Wɛ.
Nam pa-na se chwei selo o na wó tɔge te-kora jei ne to
fɔge se yɔɔre lanyerane.
4Jei selo maama na jege gwonnu to
jege se te suuri mo.
Jei selo maama na jege zwonnu de peero to
de maa wó guri te daare chwoŋa kam.
Tega kam mɛ na ba mae daane to
de maa wó palese ka maŋe daane.
5Konto mo wó pa Baŋa Wɛ nenɔŋ-fɔrɔ kom taa nae jaja,
se nabiina maama na-ko bedwe baŋa ne.
Baŋa Wɛ na pɛ ni delo to mo konto.”
6Nɔɔno mo tage o we, “Ta‑n tɔɔle n yaga!”
Amo de ma bwei a we, “A bwooli a ta we bɛ?”
Ta we: “Ko ná ye nabiina,
ba maama nye de gaaro mo.
Ba lam de ye ne punnu na nwoŋi gaao wone to mo.
Ba bere ba ba dáana ye ba toa.
7Gaaro tem wó kwaare mo
ye punnu tem de siiri,
Baŋa Wɛ na wó sii vio o yage te yera ne to ŋwaane.
Chega to, nabiina mo nam nye de gaaro tem konto.
8Gaaro tem wó seene te kwaare,
ye punnu tem de siiri.
Ko nam ná ye Wɛ kwora kam,
kanto wó taa wora mo ga wuu.”
9Zion, nmo jege kwor-ywoŋa se n tɔɔle!
Nam diini peo na tiini ko dɔra to yuu.
Jerusalem, kwei kwor-ywoŋa kam
n ta‑n bwooli n yaga wɛ-wɛ!
Ta‑n tɔɔle n yaga ye n ba fona.
Ta de Judah teene dedwonna dem we,
“Nii-na. Abam Tu Wɛ wom wora!”
10Nii-na! Yuu-tu Baŋa Wɛ wom maa beene de baare.
O nam tei nɔɔna de dam-fɔrɔ mo.
Nii-na. O jege o ŋweero mo o beena.
Nyɔɔre delo o na nɛ to ma to o yiga ne pa ba via.
11Dento nam mo ye nɔɔna balo o na kuri to.
O maa yere-ba ne nayero na nii o pei tei to.
O ta bukki pipeili sem mo o ja-kukworo ne,
ye o ja-se o ba o feiri o bochare ne.
Ko ta ná ye pi-ni selo na jege bia to,
o yeini o kale-se o vei mɛmɛ mo.
12Wɔ mo wane naneo na-fwaaro tem
o maŋe o ke o jaguli ne?
Wɔ mo wane o kwei o jeŋa
o maŋe wɛyuu kom maama o ti?
Wɔ nam mo wane tega kasolo kom maama
o la o ke tetɔgɔ wone,
ye o daare o kwei peero tem de zwonnu tem
o maŋe te dunni se o lɔre?
13Wɔ mo yi se o wane o lɔre Baŋa Wɛ boboŋa,
naa se kotu bere‑o o na wó ke tei?
14 Baŋa Wɛ jeini de wɔ mo se ba bane daane,
se kotu pa Baŋa Wɛ yi poore,
ye o daare o bere‑o chwoŋa kalo na ye chekke to?
Wɔ mo wane o pa Baŋa Wɛ yeino,
ye o daare o bere‑o se o taa ni wonnu kuri?
15 Baŋa Wɛ nii logo baŋa dwi tiina bam
ne ba ye na mo na lugi fee ba ke ware-zoŋa wone to.
Ba ta nye de kasolo bia mo
ba maŋe ba ke bɔŋa ne ye ka muri.
O ma maŋe teene delo na wo naneo kom ni ne to
ne de ye fwogo mo to.
16Lebanon vara bam muri
se ba kwei-ba ba ma ke zwɛɛm kaanem.
Ko teeni dem de ma muri se ba ma de dɛ sem
ba tɔre mini ba ma zwɛ kaanem dem konto.
17 Dwi-gɛ tiina bam maama ye kafɛ mo o yiga ne.
O nii ba maama we ba ye yɔɔ yerane mo,
ye ba ta ba jege kuri de fenfee de.
18Wɔ mo abam nam wó kwei á maŋe de Wɛ?
Bɛ nyenyego mo abam wó kwei á maŋe ded‑o?
19Ko ná ye jwoni, gɔgɔ mo wó mɔ-de,
ye luru de kwei sabu-seŋa o taare-de,
ye o daare o ma lu-nyenno o gɔgere de maama.
20Yiniga tu ná ware lu-nyenno de sabu-seŋa o yi,
o wó beeri da-ŋoŋa kalo na ba pɔe to mo.
O maa wó ta de gɔgɔ
se kotu ke jwoni delo na ba toe tega ne to o pa‑o.
21Abam yeiri tento na?
Abam wo nigi ko ŋwa na?
Ba wo zege ko dɛ ne se ba ta de abam na?
Ko na zege logo boboa ne to,
abam wo nigi ko kuri na?
22 Baŋa Wɛ ye wolo na jei mɛ na gaale tega kam baŋa
de wɛyuu kom to mo.
O maa nii nabiina ne ba ye manchwanno mo to.
O yɔɔre o lware wɛyuu kom ne gare-jale mo,
naa vwei delo o na zoore de wone to.
23Wonto mo wae o pae logo baŋa dedɛɛra jia,
ye pwa de yɔɔre ba jiri kafɛ.
24Ba nye de teeni delo ba na yɔɔre ba jeiri to mo.
Ba ná chwi-de tega kam ne,
ye de bonno ná wora te jaane tega,
mo Baŋa Wɛ wó pa se vio ba ko fuli-de
pa se de kwaare lela.
Ba ta nye de swanno mo
vo-kekara na kale ko ja viiri.
25Wo-pwoŋo Tu Wɛ wom mo bwei o we,
“Wɔ mo abam wó kwei á maŋe de amo?
Wɔ de amo mo wó taa mae daane?”
26Kwoni-na á yia á nii wɛɛne se á ta‑á bere-ne,
wɔ mo naane wonnu tem konto maama?
Ko ye Wɛ mo jaane chalechwe sem kɔgɔ kom dedoa dedoa o nwoŋa,
ye o bwoŋi chalechoa maama de ka yere.
Se dedoa tete wo fɔge ka jei,
o dam-fɔrɔ kom na dwoi woŋo maama to ŋwaane.
27Isarele tiina bam na ye Jakob dwi tiina to,
bɛ mo ye abam poona á we,
“Baŋa Wɛ yeiri kolo na ke debam to.”
Á ta ma‑á we,
“Baŋa Wɛ yiga tera debam wone.”
28Abam yeiri tento na?
Á wo nigi ko ŋwa na?
Baŋa Wɛ ye Wɛ wolo na wora taa wuu to mo.
Wonto mo naane logo baŋa de ko ni maama.
O ba buga.
O yera de nam ba chɛa.
Nɔɔn-nɔɔno ba lɔre o yeino kom o tia.
29Ko ná ye balo yera na chɛ to,
o yeini o nyaare ba yera yam mo.
O ta maa pae balo na bugi to dam dem puli de ke da.
30Bu-donno tete wae ba buga ye ba yera chɛa.
Nɔn-donno de maa wae ba tiri ba toe tega ne.
31Ko nam ná ye balo teena na wo Baŋa Wɛ wone to,
ba dam dem yeini de jwoori de jiri dam-doore mo.
Ba wó zaŋe wɛɛne toge-toge,
ne maaro na yaare te vɔna tei to mo.
Ba ná duri tei maama de, ba yera bá chɛ.
Ba maa ná vei taa tei de, ba ba beira.",https://www.bible.com/bible/3661/ISA.40.KBG
IZAYA 41,"Wɛ mo ye Isarele tiina bam zeinnu
1Teene delo na wo naneo kom ni ne to,
ta‑á ye chemm se á cheigi a taane!
Pa-na se tega baŋa dwi tiina bam beeri dam-doore
ba ke ba tete kuri ne,
se ba fɔɔre ba yi amo tei se dé ŋɔɔne taane.
Pa-na dé jeeri daane
se dé lɔre wolo na jege bora.
2Wɔ mo chiŋi wɛ-puli seeni pɛ wom,
ye o pa se o toŋe chega ŋwaane?
Kotu ma kwei teene o ke pɛ wom konto dam kuri ne,
pa se o nɔne ba pwa bam o se tega ne.
O ma kwei o se-zɔɔ o zeili-ba
pa ba jage ne kasolo mo jage,
ye o chena de kale-ba ya ja jei,
ne vio na ke weero tei to.
3O na pare-ba lela tei to
nye de o nɛ sem ba dwei tega mo tei.
O maa kɛ yiga, ye o tete wo nɛ zonne.
4Wɔ mo pɛ se wonnu tento maama ke,
ne o boboŋa na jaane se o ke tei to?
Wɔ mo tei dwi dedwe wora,
ye dedwoŋi saŋe de kwaga?
Ko ye amo Baŋa Wɛ mo tei konto maama.
Amo déem mo maŋe a wora boboa ne,
ye a ta wó taa wora kweelim maŋa ne.
5Naneo ni teene dem nɛ a na ke kolo to,
pa se foone ja-ba.
Logo baŋa jei maama nɔɔna yera tiini ya sae mo.
Ba ma ke daane ba fɔɔre ba ba.
6Ba maama woli daane mo,
ye nɔɔno maama tɛ de o faro we,
“Ke n tete n ke daane!”
7Gɔgɔ kolo na sare dɛ to wó woli
wolo na jege sabu-seŋa o gɔgere wonnu to,
se ba na dam ye ba ke jwoni ba zege.
Wolo de na kwei swoli o ma o kwɛ-de to
wó woli luru wom se ba na baare.
Ba maama wó ta ba bere daane we, “Dé kwaane.”
Ba laam maa wó kwei chena ba kwaare jwoni dem,
se de yé vwi de to tega ne.
8Abam Isarele tiina bam na ye Jakob dwi dem to,
á ye amo tontoŋena balo a na kuri a pa a tete to mo.
Abam maa ye amo badwoŋi Abaraham bia.
9A liiri abam a ja a nwoŋi tega baŋa gugworru tem ne mo.
A ma bwoŋi abam se á zege logo baŋa ni maama ne á ba.
A laam ma ta de nmo Jakob dwi dem we,
“Nmo ye amo tontoŋeno mo.
A nam na kuri nmo to, a wo ve‑m.”
10Nam yé ta‑n fona, se a wo n tei ne.
Yé ta‑n jage lwia, kokuri to, amo mo ye n Tu Wɛ wom.
Amo wó ke dam a ke n kuri ne,
ye a ta woli‑m.
A maa wó kwei a dam dem a toŋe de chega
se a ma a zeini‑m.
11Nii mo! Balo wo na wiiri de nmo to
wó na ba lɛɛro mo ye chaveera ja-ba.
Balo de nam na dwoni de nmo to wó jei mo.
12Nmo wó beeri balo na chiŋi nmo to
ye n bá‑n na-ba.
Balo ná done nmo,
banto yere mo lage de saare logo baŋa ne.
13Kokuri to, amo wolo na ye nmo Isarele dwi dem Tu Baŋa Wɛ to
mo yɔɔre a jege n jazem,
ye a tɛ de nmo we,
“Yé ta‑n fona, se amo wó woli‑m.”
14Jakob dwi dem, n seene n bwona
ne kanzwɛ na ye tei to mo.
Isarele tiina bam, nam yé ta‑á fona.
Amo Baŋa Wɛ mo tɛ a we,
“A lage a woli abam mo.”
Amo wolo na ye Isarele dwi dem Wo-pwoŋo Tu wom to mo ye á Jwoŋinu.
15Jakob dwi dem, a lage a pa se nmo ji ne
ferem luu-zɔŋɔ ba na tuuri mena baŋa ne to dwoŋi mo,
Ko maa ye wo-doŋo, ye ko jege chen-chechwɛ dedɛ.
Nmo laam ma‑n wó mage peero tem n chochoge,
ye n ta pa se zwonnu tem ji ne swanno dwoŋi.
16Abam wó dole-te á yage wɛɛne,
se vio kale ko ja jei.
Vo-dɛɔ mo lage ko pɛ-ba ko ja jage jei maama ne.
Nmo tete nam wó taa chaka de wopwolo Baŋa Wɛ ŋwaane,
ye n ta ta‑n teera o baŋa ne,
o na ye Isarele dwi dem Wo-pwoŋo Tu wom to ŋwaane.
17Yiniga tiina de nabwona beeri na mo ba ga se ba nyɔ.
Ba dindeilima ma ko na-nyɔm ŋwaane.
Amo Baŋa Wɛ nam wó leiri ba wɛ-lworo kom.
Amo mo ye Isarele tiina Wɛ wom,
ye a bá ve-ba a yage.
18Amo wó pa se bwi taa tole peero yuu ne se tua,
se buli-yia de taa tae ya nwoŋi bwollu tem ne.
A ta wó pa se kagoa pipiri ka ji jei selo bwi na daga da to,
se te-kora kam leiri ka taa ye mɛ buli-yia na gaale.
19Amo wó pa se Sedare teeni ke kagoa yuu ne,
se golesaa, de Motele, de Olivi teeni de nwoŋi dáane.
Tei-ŋonno de punnu dwi dwi mo wó nwoŋi
se te li te-kora kam maama.
20Nɔɔna laam maa wó na ko maama
ye ba lɔre we Baŋa Wɛ wom
na ye Isarele dwi dem Wo-pwoŋo Tu wom to mo ke tento maama.
Ba ta wó jeeli ko maama ba nii
pa se ba ni ko kuri lanyerane.
21 Baŋa Wɛ na ye Jakob dwi dem pɛ wom to tɛ o we:
“Nam ja-na á taane á ba, se dé nii.
Ta-na á ni se dé cheigi.
22Pa se á jwona yam ba ya ta
ya bere debam kolo na lage ko ke to.
Ya jege se ya ta wonnu telo na ke te kɛ to
ya bere debam se dé lɔre ko ni ne,
ye dé daare dé lɔre te na lage te guri tei to.
Ya nam wó ta ya bere debam wonnu telo jwa na wó ke to.
23Konto mo wó pa dé wane dé sɛ we,
ya seene ya ye wa chekke.
Ke-na woŋo, ko ná ye lam naa balɔrɔ de,
se konto wó pa foone yɔɔre de ja debam.
24Abam nam ba jege nyɔɔre kolokolo baŋa ne,
ye á na ke wonnu telo to ye totoŋ-yɔɔro mo.
Balo na kuri se ba zuli abam to ye wo-zɔɔna mo!
25Amo nam chiŋi nɔɔno mo se o nwoŋi baŋa seeni
o ba o kwaare jara.
Wonto yeini o bwoi amo yere o zuli-ne mo.
O laam lage o zege wɛ-puli seeni mo o ba.
O maa wó chɔge teene dedɛɛra
ne nɔɔno na nɔne teero tei to.
O ta maa wó ke de-ba
ne kamɔ-mɔro na viiri o dɔgɔ tei to.
26Wɔ mo zege boboa kam ne o ta wonto taane,
se dé wane dé lɔre ko ni ne?
Wɔ mo wuuri o ta debam
se dé wane dé ta we, ‘O wo o chega wone’?
Nɔɔn-nɔɔno wo tage ko taane.
Nɔɔn-nɔɔno wo pworisi-ko se dé ni.
Nɔɔn-nɔɔno wo nigi taane abam ni ne.
27Amo Baŋa Wɛ mo lwoori yiga
se a ta de Zion tiina bam we, ‘Nii-ba-na!’
A ma toŋe ni-jwoŋinu se o vo Jerusalem
o bere-ba kwor-ywoŋa.
28A nam na nii jwona yam wone to,
a wo nɛ ya dedoa se de wane de bere swa.
Ya dedoa tete tera se de sɛ a beeri dem.
29Ya maama ye wo-yɔɔro mo!
Ya kikia ye kafɛ yerane ŋwaane mo.
Ya nyenyero de maa ba jege wolim kɔtaa,
ko yɔɔre ko nye de momwɛ vio mo to.”",https://www.bible.com/bible/3661/ISA.41.KBG
IZAYA 42,"Baŋa Wɛ tontoŋeno wom taane
Baŋa Wɛ maa we:
1“Nii-na, amo tontoŋeno wolo a na teili to mo tento.
Wonto mo amo kuri, ye o kikia su a yi.
A nam kwei a Jworo mo a ke o wone.
O maa wó toŋe chega o pa logo baŋa dwi tiina maama.
2Wonto bá dɔne o kwora se o ke sɔɔ.
O bá taa pae o kwora zaŋa teo pwooni ne.
3Ko ná ye nanchan-gaa kalo na bwona to de,
o bere o bá bwori-ka.
O nam bá ja min-zwoŋo kolo nuga na ti to mini o dwei o yage.
O maa wó pa chega yi nɔɔna maama,
o tete na ye chega tu to ŋwaane.
4O bá ywori o chwoŋa kalo o na tɔge to wone,
naa o pa se o vɔna pare,
se ko yi o na pɛ se chega jwoŋi logo baŋa jei maama tei to.
Teene delo na wo naneo kom ni ne to
wó ke ba teena wonto bera yam wone mo.”
5Yuu-tu Baŋa Wɛ déem naane wɛyuu kom
ye o lware-ko pa ko tigi palalala.
O ta mo jare tega kam ni maama,
de wonnu telo na ŋwe te wo ka baŋa ne to.
O pae ka nabiina bam jege siu,
se ba taa jege ŋwea ba vei ka wone.
Wonto na tage kolo to mo tento:
6“Amo Baŋa Wɛ bwoŋi‑m mo se n pa chega taa toŋa.
Amo mo lage a ja n jeŋa se a taa teili‑m.
A ta wó tɔge nmo baŋa a ke ni-gwonim de nabiina,
ye a pa n ji pwooni n nye dwi-gɛ tiina bam baŋa ne.
7Nmo ma‑n wó puri lilwoa yia,
se n daare n pore peena diga
se balo ya na jei lim wone to nwoŋi pwooni.
8Amo mo ye Baŋa Wɛ. A yere dem mo konto!
A nam bá sɛ se nɔɔn-nɔɔno tɔge o jwoŋi amo zula yam.
Jwona de nam bá na amo tia yam dwi.
9Nii-na! Wonnu telo a na wuuri a ta te taane to seene te ke.
Amo laam wó ŋɔɔne wo-donno taane mo.
Wonnu tento ta ná wo bobo se te ke mo,
a nam wó pa se á lɔre te ni ne.”
Leeni-na á seini Baŋa Wɛ
10Leeni-na leiŋ-doŋa se á ma‑á tei Baŋa Wɛ.
Zege-na logo baŋa ni maama ne á tei‑o.
Abam balo na zoore nabwooru wone á lɛɛne teene to,
de wonnu telo maama na wo naneo kom wone to,
ko woli de abam balo na zoore naneo ni teene dem ne to,
ta‑á zuli-na Baŋa Wɛ.
11Kagoa kam de ka teene dem maama wó tei‑o de kwor-dɛa mo,
ko woli de Kedare tiina na zoore jei selo ne to.
Balo na zoore Sela teo ne to wó taa chaka de wopwolo,
ye ba di peero yuu se ba taa bwooli ba yaga de ywoni.
12Sa-teena balo na zoore naneo kom ni ne to
wó taa zuli Baŋa Wɛ ye ba zeiŋi o yere wɛɛne.
13Ko ná ye Baŋa Wɛ, o yeini o nwoŋi mo
se o ke jara ne bembea na ke tei to.
O nam ná chichei se o zege,
o yera yɔɔre ya pepere mo se o ke jara yam.
O lage o kaase tiguri-kaasa mo,
ye o daare o di dam o dona baŋa ne.
Baŋa Wɛ tage o we:
14“A na peene a bane tei to tiini ko dáane.
A ya ta ye chemm mo taa.
A laam nam ti a yiga mo se a taa chwoosi a yage jei maama,
ne kaane wolo na wowole se o lo bu ye o keeri tei to.
15Amo lage a chɔge zwonnu de peero mo,
ye a daare a pa se gaaro de teeni maama kwaare te te.
A maa wó pa se bwi sem ji te-kore selo na na gilimi-se to,
ye a daare a pa se chwaro tem na bam we.
16Amo lage a vaŋe lilwoa bam mo
a pa ba tɔge chwei selo ba na maŋe ba yeiri to.
A maa wó pa se lim delo ba na vei de wone to
ji pwooni de pa-ba.
Chwei selo ya na tigi de gwonnu to
a wó pa se palese mo se pa-ba.
Amo wó yɔɔre a ke wonnu tento mo a pa-ba,
ye a bá dole-ba a yage.
17Ko nam ná ye balo na sale jwona yera ne to,
ba wó jwoori kwaga mo ye ba na ba chaveera.
Nɔɔna banto dwoŋi yeini ba tɛ de kamwaro telo na ye ba jwona to we,
‘Abam mo ye dé wa.’ ”
Isarele tiina bam ye zɔ-kɔro
18“Abam zɔ-kɔro tem, pore-na á zwa se á cheigi!
Abam lilwoa bam de taa fɔge á nii á nae!
19Lilwei nam daa ba dwoi amo tontoŋeno wom.
Zɔ-kɔgɔ de nam daa ba dwoi wolo amo na toŋe de a kwora to.
Nɔɔn-nɔɔno yia wo tiini ya dwei
ya dwoni wolo na sɛ amo to yia yam.
Amo Baŋa Wɛ tontoŋeno wom yia yɔɔre ya dwei mo ko ja gaale.
20Isarele tiina bam, abam nɛ wonnu dedɛ,
ye á wo kwei-te á ke a yuni ne.
Abam ma‑á pore á zwa,
á nam wo nigi kolokolo.”
21 Baŋa Wɛ na zege o chega wone to,
o ya lage se o nia yam taa jege yuu de nenɔŋa nɔɔna tei ne.
22O nɔɔna bam dona nam mo wane-ba,
ye ba daare ba vere ba wonnu ba ja viiri.
Ba ma li ba maama ba yage gwon-chanlunnu
dedaane peena di wone.
Ba na jaane-ba konto to,
nɔɔn-nɔɔno daa tera se kotu jwoŋi-ba o yage.
Nɔɔn-nɔɔno tera se kotu ta we,
“Pa chwoŋa se ba jwoori.”
23Abam wɔ mo wó cheigi a taane dento?
Ko zege leile se ko taa via,
wɔ mo laam wó fɔge o cheigi?
24Wɔ mo yeigi Jakob dwi dem o pa nɔɔna
se ba wane-ba ba vere?
Isarele tiina bam seene ba to venverena jeŋa ne mo.
Ko nam ye Baŋa Wɛ tete mo ke konto.
Dé tusi dé chɔge wonto yiga mo.
O nɔɔna bam wo sɛ se ba tɔge o chwei sem
naa se ba ke o nia yam na bere tei to.
25Konto ŋwaane mo o bane tiini de fuli de-ba,
ye o pa se ba na chɔgem jara baŋa ne.
O bane dem jigi mini-vogo mo de li-ba,
ye ba ta wo nigi ko kuri.
De yɔɔre de zwɛ-ba mo,
ye ba wo zamese keim dem konto baŋa ne,
se ba kwei-ko ba ke ba boboŋa ne.",https://www.bible.com/bible/3661/ISA.42.KBG
IZAYA 43,"Baŋa Wɛ wó jwoŋi o nɔɔna o yage
1Jakob dwi dem na ye Isarele tiina to,
Baŋa Wɛ mo naane abam pa se á wora.
O nam na tage tei to mo tento:
“Yé ta‑á fona, se a jwoŋi abam mo a pa a tete.
A ma bwoŋi abam dedoa dedoa de á yera.
Konto ŋwaane, á ye amo nyem mo.
2Abam ná tɔge na-luŋa wone mo se á bɛ,
amo wó taa wo á tei ne.
Á nam ná tɔge bwi wone se á bɛ mo de,
se na bam bá lini abam.
Ko nam ná ye mini wone mo á tɔge da á vei de,
de bá zwɛ abam.
De nam bá zaŋe bugi-bugi se de di abam.
3Kokuri to, amo mo ye abam Tu Baŋa Wɛ wom.
A maa ye Isarele dwi dem Wo-pwoŋo Tu wom na ye á Jwoŋinu to.
Amo mo kwei Ejipti teo a pa
se abam wane á ta‑á tei á tete.
A nam ta kwei Kusi de Sebaa teene dem de a pa
se a jwoŋi abam a yage.
4Amo wó ga teene dedɛ de nabiina dwi maama
se ko pa a vere abam se á ta‑á jege á ŋwea.
Kokuri to, abam tiini á jege kuri á pa-ne,
ye a tiini a swoi abam mo.
5Nam yé ta‑á kɔre-na foone, se amo wo á tei ne.
A maa wó ja á bia bam á zege wɛ-puli seeni a ba,
ye a daare a la abam badwonna
a ja a nwoŋi wɛ-zoore seeni se a ke abam daane.
6Amo wó ta de baŋa seeni teene dem we,
‘Yage a nɔɔna bam se ba viiri!’
A ta wó ta de tega-kuri seeni teene dem we,
‘Yé che-na ba yiga.’
Pa-na se a bia bam nwoŋi yiga yiga teene dem ne ba ba.
Ta pa-na se a bukwa bam de zege tega baŋa ni maama ne ba ba.
7Banto ye amo nɔɔna balo a na mae a yere mo a bwoi-ba.
A na naane-ba to, a kuri se a tɔge ba baŋa mo
a ma na nenɔŋ-fɔrɔ.”
8Nam ja nɔɔna balo na jege yia ye ya ba nae,
ye ba ta jege zwa yalo na ba ni to,
n pa ba zege amo yiga ne.
9Ta de dwi maama tiina se ba jeeri daane,
se tega baŋa nɔɔna bam la ba ke da-yiga ne.
Banto wone wɔ mo lwoori yiga o ta wonnu tento taane
se te laam ba te ke?
Ba nam ba de ba maana-para se ko bere we ba jege chega,
se nɔɔna badaara de sɛ ye ba ta we, “Chega mo ba tɛa.”
10 Baŋa Wɛ na tage tei to mo tento:
“Nmo Isarele dwi dem nam mo wó zege amo chega kam kwaga ne.
N ma‑n ye a tontoŋeno wolo a na kuri to.
Konto mo wó pa se n lɔre we amo mo ye kotu,
se ko pa n ke n wo-dedoa de amo.
Nmo ma‑n wó ni ko kuri we
amo mo ye Wɛ chekke.
Wɛ dedwoŋi ya maŋe de tera,
se amo laam taa wora.
Wɛ nam tera de na wó saŋe amo kwaga se de taa wora.
11Amo yerane mo ye Baŋa Wɛ.
Amo yiga ná le, jwoŋinu nam daa tera.
12Amo mo ya gwoni ni de abam se a jwoŋi abam a yage,
ye a seene a ke a su a ni-gwonim dem.
Ko ye amo tete mo,
se ko dae wɛ-gaa mo wo á tetare ne.
Á maa ye balo na wó zege a chega kam kwaga ne we,
a seene a ye Wɛ chekke to mo.”
Baŋa Wɛ na tage kolo to mo konto.
13“Chega to, ko na maŋe ko nwoŋi faŋa to
de amo ye Wɛ mo chekke.
Amo ná jege wolo de a jeŋa,
nɔɔn-nɔɔno ware kotu se o jwoŋi o yage.
A nam ná chwi kolo,
nɔɔn-nɔɔno ware se o gɔ-ko o yage.”
Wɛ wó duri Isarele tiina yibwona
14 Baŋa Wɛ mo ye abam Isarele dwi dem Wo-pwoŋo Tu wom de á Jwoŋinu. O nam na tage tei to mo tento:
“Abam ŋwaane mo a lage a toŋe jar-keira se ba li Babilon teo,
se ba daare ba ja ko nɔɔna bam ba kale ba ja viiri.
Babilon tiina bam wopwolo sɔɔ
laam wó leiri ko ji wo-chechɔgɔ keira mo.
15Amo mo ye Baŋa Wɛ wom na ye abam Wo-pwoŋo Tu to.
A maa ye wolo na naane abam Isarele tiina bam,
ye a ta ye á Pɛ.”
16 Baŋa Wɛ mo ye wolo na pɛ se
chwoŋa peini naneo kom wone,
ka na tigi na-fwaaro tem tetare ne to.
17O ma soge jar-keira dedɛ kɔgɔ,
de ba jara-keim torokooro, de ba sisein-nɔɔna,
pa se ba maama tu ba maŋe na bam wone.
Ba yɔɔre ba to mo, se ba daa yé zaŋe wɛɛne.
Ba maama jilli jei mo,
ne ba na fuli min-zwoŋo mini ba dwei tei to.
Baŋa Wɛ na tage tei to mo tento:
18“Swei-na faŋa wonnu telo na ke te kɛ to swia.
Yé ta‑á guli-na wo-dwonnu gula.
19Nii-na, amo lage a ke wo-doŋo mo!
Keim dem nam bobo mo de wora de ke.
Abam ba lɔre ko ni ne na?
A lage a pa se chwoŋa mo peini kagoa yuu ne,
se bu-nwaro de peini te-kora jei sem ne.
20Kago-vara bam maama wó zuli-ne,
ko woli de nywoŋ-kuri, de kunkworru.
Kokuri to, amo wó pa se na taa bura kagoa kam yuu ne,
ye bu-nwaro de taa tigi da,
se amo nɔɔna balo a na kuri to nyɔ ba su.
21Banto mo ye balo a na naane a pa a tete
se ba taa leeni ba seini amo to.
22Jakob dwi dem na ye Isarele tiina to,
abam nam wo bwoŋi a yere se a woli abam.
Á ta wo sɛ se ko chɛ á yera amo ŋwaane.
23Abam wo jaane á pei á ba
se á ma á ke zwɛɛm pɛɛra á pa-ne.
Á maa wo ke kaanem se á ma á zuli amo.
Amo wo fe abam se á ja wodiu pɛɛra á ba á pa-ne,
naa se á zwɛ talwoŋ-ywoŋa á ma á zuli-ne.
24Á wo kwei á sabia á yeigi nu-ywoŋa
se á ma á zuli-ne.
Á ta wo kwei á vara lara kam á pa-ne
se ko pa a di ywoni ko ŋwaane.
Abam nam pɛ se a yera chɛ de á wɛleera yam mo,
ye á ta pa se a yia gigili de á tusim kikia yam.
25De konto maama de, amo Baŋa Wɛ yerane mo
ye wolo na saare á wɛleera yam a yage to.
Ko nam ye amo tete ŋwaane mo a ke konto.
A nam daa bá guli á wɛleera yam gula.
26Pa-na se dé jeeri dé ŋɔɔne se dé maŋe daane.
Pa-na se a guli kolo na ke ko kɛ to gula.
Tole-na taane dem se dé lɔre
á seene á wo á chega wone na?
27Boboa ne to, á nabaaro wom déem wo wɛleera wone mo.
Á yiga tiina bam de ma nwoŋi amo kwaga ne.
28Konto ŋwaane mo a lage a pa á kaanem tiina
balo na kweere de ba totoŋa to di ba chaveera.
A ta wó yɔɔre a chɔge Isarele dwi tiina bam,
se nɔɔna maama taa jege-ba ba yaala.”",https://www.bible.com/bible/3661/ISA.43.KBG
IZAYA 44,"Isarele tiina ye Baŋa Wɛ nyem
1“Jakob dwi dem a na kuri a pa a tete to, nam cheigi.
Isarele dwi dem, nmo mo ye a tontoŋeno.
2Amo Baŋa Wɛ mo naane‑m a ke n nu puga ne,
ye a ta wó woli‑m.
Amo nam na tage tei to mo tento:
Amo tontoŋeno Jakob, yé ta‑n fona.
Kokuri to, a kuri Isarele tiina bam
se á ta‑á ye a nɔn-swonnu mo.
3Amo wó lwo na dedɛ te-kora baŋa ne,
pa se bu-nwaro taa duri jei sem konto ne.
A maa wó pa se a Jworo ba á bia baŋa ne,
ye a daare a swɛ ba swolim.
4Banto wó puli ne ga-lɛɛro na puli tei to mo,
de teeni delo na zege bwi ni ne to.
5Ba wone nɔɔno dedoa wó ta we,
‘Baŋa Wɛ mo tei amo’.
Wodwoŋi de wó taa jege Jakob yere dem,
o ma o bwoi o tete.
Wodwoŋi de maa wó popone o jeŋa ne we,
‘Baŋa Wɛ nyem,’
ye o daare o ta we, o nwoŋi Isarele dwi dem wone mo.”
Jwona ba jege kuri, se Baŋa Wɛ yerane mo
6Paŋwa Tu Baŋa Wɛ ye Isarele dwi tiina bam Pɛ mo de ba Jwoŋinu. O nam na tage tei to mo tento:
“Amo mo ye boboa kam de gurim tu.
Amo yiga ná le, wɛ nam daa tera.
7Wɔ mo wó kwei o tete o maŋe de amo?
O ná wora, se o bwooli taane dem.
Kotu nam ba o zege a yiga ne o ta se dé cheigi.
Ko zege faŋa kam ne a na kuri dwi delo se ba taa ye a nɔɔna to,
o nam jege se o ta kolo na maŋe ko ke to
ko woli de kolo na wó ke jwa seeni to se dé lɔre.
Ɛɛ, pa se kotu ta wonnu telo na beene to.
8A nɔɔna bam, yé ta‑á pa se á yera sae.
Nam yé ta‑á fona-na.
A wo wuuri a ta wonnu tem konto taane
a bere abam mo na?
Abam nam mo wó zege amo chega kam kwaga ne.
Wɛ dedwoŋi nam daa mo wora
ye ko dae amo na?
Aawo! Peo kodwoŋi daa tera se nɔɔna dale da.
Amo yeiri dedoa tete ni ne.”
9Balo maama na gɔgere jwona to ba jege kuri. Jwona yalo ba na pa-ya chega to de ye wo-yɔɔro mo. Balo na zege ya kwaga ne to ye lilwoa mo, ye ba yeiri kolo wone ba na wora to. Konto ŋwaane ba wó na ba chaveera.
10Wɔ mo boŋe se o mɔ jwoni o pa de ji o wɛ? De bere de bá pa o na nyɔɔre. 11Nii-na! Nɔɔno wom konto de o dwi maama wó di ba chaveera. Gwaro telo na ke jwona to maa ye nabiina yerane. Ba nam jege se ba ba ba zege amo yiga ne se dé ŋɔɔne. Foone yerane mo wó ja-ba ye ba ta di ba chaveera.
12Luru mo yeini o kwei o yɔrɔ kom zela o ma o gɔgere luu mini wone. O ma kwei swoli mo o mage luu kom de o dam, se ko ji jwoni nyenyego na ye tei to. O kana laam maa wae ye na-nyɔm jege‑o pa se o bugi ye o dam de ti.
13Gɔgɔ kolo na sare dɛ to de ma yeini o maŋe daa. O ma bei bibeira daa kam yera ne se ko bere jwoni nyenyego. O laam maa wó kwei o totoŋa zela o ma o sare daa kam, ye o daare o swolisi. O ma ke ka nyenyego kom pa ko lwoni nabiinu nyenyego, ye ko jege nabiinu lam dem. O laam wó kwei-ka o vo o zege ka diga wone.
14Gɔgɔ kom wae o kuri dɛ dwi dwi wone se o ma o ke jwoni dem. O wó wane o zo goa wone o gwoni Sedare tio o de tega ne, naa loa, naa kantɔŋɔ, naa tei-zɔŋɔ kolo maama. Ko ná dae konto, o tete mo wó jeiri tio, ye doa laam ne ko baŋa ne pa ko be kamunu. 15Kotu ná gwoni daa kanto dwoŋi, o laam wó kwei ka chichworo mo o ma o wiiri mini, ye o daare o kwei ka chichworo o ke jwoni. Konto to, o tɔge ka chichworo baŋa ne o weeri mini, naa o ma o wɔ bworobworo. O ta ma kwei ka chichworo kom o gɔgere jwoni se o taa zula. 16O yeini o twori dɛ sem wone o dwéi mini, ye o daare o ma mini dem o wɔ nɔna, pa se o done o su. O ta ma yeini o weeri mini de dɛ sem ye o we, “Aha! Nii mini dem na lana tei! A yera ye ŋwamm!” 17Dɛ selo na daare to mo o wó ma o ke jwoni. O laam ma yeini o tiiri de yiga ne o zuli-de. O ma lwoori wolim de tei ne ye o we, “Jwoŋi-ne n yage, se nmo mo ye amo wɛ.”
18Nɔɔna banto dwoŋi nam yeiri kolokolo. Ba bere ba ba ni wonnu kuri. Ba yia yam kwoni mo pa se ya ba nae kolokolo. Ba boboŋa de kwaale mo de chega kam. 19Ba ba fɔge ba jeeli wonnu. Ba wone wolowolo ba boŋe o yi se o ta we, “A kwei da kam chichworo mo a ma a dwéi mini. A ma wɔ bworobworo mini dem wulim wone. A ta wɔge nɔna wulim dem wone a done. A nam wó wane a kwei ka chichworo kolo na daare to a ma a ke jwo-yɔɔ na? Amo wó tiiri a zuli da-kwolo mo na?”
20Nɔn-jworo konto dwoŋi boboŋa gane‑o mo. Ko nye de o ni-wodiu ye tentwarem mo. O maa ware o tete o jwoŋi. O bá ta de o tete we, “Nii woŋo kolo a na zei a jazem ne to. Ko ba jege-ne ko gana mo na?”
Baŋa Wɛ jwoŋi o nɔɔna o yage
Baŋa Wɛ maa we:
21“Abam Isarele tiina bam nam guli-na wonnu tento gula.
Kokuri to, nmo Jakob dwi dem ye amo tontoŋeno mo.
Amo mo naane‑m pa se n ye a tontoŋeno.
Isarele tiina bam, amo bá swei abam swia.
22A kale á wɛleera yam a pa ya jei
ne kunkwonnu na duri te kɛ tei to mo,
naa tetete nyɔnɔ na jei tei to.
Jwoori-na á ba amo tei,
se amo mo vere abam a pa a tete.”
23Wɛyuu jei sem maama,
bage-na á yage de wopwolo!
Tega kuri gugworru tem de,
ta‑á bwoola á yage jei maama ne.
Peero tem, de teeni delo maama na wo goa wone to,
ta‑á chake-na de ywoni.
Kokuri to, Baŋa Wɛ mo vere Jakob dwi dem o pa o tete,
se o nenɔŋ-fɔrɔ kom taa nae jaja Isarele tiina bam tetare ne.
24 Baŋa Wɛ ye wolo na vere nmo mo o pa o tete.
Wonto nam mo naane‑m o ke n nu puga ne.
O na tage tei to mo tento:
“Amo mo ye Baŋa Wɛ wom na ke wonnu maama to.
Amo mo lware wɛyuu kom a tete ne
pa se ko tigi palalala.
A daa ta ma jare tega kam ni maama a tiŋi a tete ne.
25Amo mo pae vora ni taane jiri kafɛ,
ye daare a pae yi-nara jworim dem bere jaja.
A yeini a pa swa tiina jwoori kwaga mo,
se ba yeino maama taa ba jege kuri.
26Ko daare, ko ná ye amo tete tontoŋena,
a yeini a pa se ba taane jege kuri mo.
A ta maa ke a sui a tontoŋena na bere wonnu telo to.
Amo nam mo tɛ Jerusalem teo taane we,
‘Nɔɔna wó taa zoore ko wone.’
Ko ta ná ye Judah teene dedwonna dem,
a maa we, ‘Ba wó fɔge ba lɔ-de mo ba zege,
pa se de di-dwonnu jwoori te ji sɔ-ŋonno.’
27A maa tɛ de naneero tem we, te na bam we,
se bu-nwaro tem de we.
28Ko ta ná ye Pɛ Sarusi, a maa tɛ o taane we,
‘O ye nayero mo o toŋe o pa-ne.
O jege se o ke o su amo boboŋa na dɛ se o ke tei to mo.’
Wonto laam maa wó pa ni we,
‘Fɔge á lɔ-na Jerusalem teo kom á zege.’
O nam wó ta Wɛ diga kam taane we,
‘Chwi-na ka kabiri-beira kam.’ ”",https://www.bible.com/bible/3661/ISA.44.KBG
IZAYA 45,"Peresia teo pɛ Sarusi taane
1 Baŋa Wɛ na tage tei de o dam tu Sarusi wolo o na kuri to mo tento:
“Amo mo jaane n jazem se a woli‑m
se n wane n di teene dedɛ,
se n daare n vere ba pwa bam jara zela.
A ta wó pa‑m dam se n pore teene ni-bworru
se n wane de wo n zo,
ye ba daa ware ba che n chwoŋa.
2A nam wó to nmo yiga ne,
ye a palese peero a tiŋi a pa‑m.
Amo wó bwori channa ni-bworru tem se n zo,
ye a daare a gwoni te luuru tem a de tega ne.
3A ta wó kwei jejegero telo ya na tigi lim wone to a le a pa nmo.
Wonnu telo nɔɔna na tiŋi gugworru wone jwa ŋwaane to mo konto.
Konto mo wó pa se n lɔre we,
amo mo ye Baŋa Wɛ wom na ye Isarele tiina bam Wɛ to.
A ma bwoŋi‑m de n yere.
4Ko ye a tontoŋeno Jakob dwi dem
na ye Isarele tiina bam a na kuri to ŋwaane mo,
a yɔɔre a bwoŋi nmo yere.
N nam ta wo sɛ n pa amo.
De konto de a kwei yere-kamunu mo a pa‑m.
5Amo mo ye Baŋa Wɛ,
ye wɛ dedwoŋi wo woli amo wone.
Amo yiga ná le, wɛ nam daa tera.
Amo wó taa pa‑m dam,
de n na wo lɔre amo to de.
6Ko na zege wɛ-puli seeni se ko vo ko yi wɛ-zoore seeni to,
nɔɔna wó lɔre we, wɛ dedwoŋi daa tera ko ná dae amo yerane.
Amo mo ye Baŋa Wɛ,
ye wɛ dedwoŋi wo woli amo wone.
7Amo mo ke pwooni ye a ta pa lim wora.
A maa pae nɔɔna yazura ye a jaane chanɛɛre de a tui.
Amo Baŋa Wɛ nam mo pae wonnu tem konto maama ke.
8Wɛyuu kom maama, pa se doa taa nena.
Se chega taa toŋe tega baŋa ne,
ne kunkwonnu tem na siiri de doa tei to.
Nam pa se tega baŋa ni maama de pore dedɛ,
se verem de nɔn-ŋonne ta te nwoŋi ka wone,
ye te yɔɔre te be tega kam baŋa ne.
Ko ye amo Baŋa Wɛ mo pɛ ko ke konto.
9Lɛɛro wó yi wolo na mage kantɔgɔ de o keiru to.
Kotu nye de kanchua mo na gwaane de kanchwi sedwonna
ye se maama tigi tega ne to.
Dɔgɔ ba jege chwoŋa se ko bwei kamɔ-mɔro we,
‘Bɛ mo ye n ke-ne tento?’
Ko bá ta ded‑o we,
‘N totoŋa yam ba lana.’
10Lɛɛro wó yi bu wolo na wó ta de o kwo we,
‘Bu dwi dɔ mo tento n loga?’
naa wolo na wó ta de o nu we,
‘N virigi puga se n lo bɛ woŋo mo tento?’”
11 Baŋa Wɛ wom na ye Isarele dwi dem Wo-pwoŋo Tu wom
ye o ta ye ba Keiru to na tage tei mo tento:
“Ko ná ye wonnu telo na wó ke jwa seeni to,
bɛ mo ye á bwei amo se ko tɔge a bia bam seeni?
Bɛ mo ye á bere amo a na jege se a ke kolo
de balo a tete je na ke to?
12Amo mo ke logo baŋa
ye a daare a naane nabiina a ke da.
Amo tete mo kwei a je a lware wɛyuu kom
pa se ko tigi palalala.
A laam ma tigisi chalechwe sem de se kɔgɔ kom maama.
13Ko ta ná ye Sarusi, a lage a chiŋi‑o mo se o ke keim,
pa se chega taa toŋa.
A maa wó to o yiga ne se a pa o totoŋa ke mɔle ya pa‑o.
O wó fɔge o lɔ amo tete teo Jerusalem,
ye o daare o vere a nɔɔna balo ya na wo sa-teo ne to
pa se ba taa tei ba tete,
De ko de, o ba lage o toŋe ŋweero ŋwaane.”
Paŋwa Tu Baŋa Wɛ na tage kolo to mo konto.
Isarele tiina taane
14 Baŋa Wɛ na tage tei to mo tento:
“Ko ná ye Ejipti tiina bam, de Kusi tiina bam,
de Sabea tiina bam na ye nɔn-dedwaaro to,
banto maama wó ba ba to ba pa abam.
Ba nam ta wó ja ba pipiu zela de ba jejegero
ba ba ba pa te ji á nyem.
Ba wó ba ba tɔge á kwaga de ba nɛ chegero,
ye ba ke ba tete á jeŋa ne.
Ba maama wó tiiri abam yiga ne,
ye ba lwoori abam we,
‘Wɛ mo seene o wora abam tei ne,
se wɛ dedwoŋi nam daa tera.’ ”
15Isarele tiina Wɛ wom na ye dé Vereno to,
nmo seene n ye Wɛ wolo na yeini o seigi o tete to mo.
16Ko ná ye balo maama na ke jwona ba zege to,
chaveera wó di-ba mo, ye nɔɔna de yaale-ba.
Ba maama lage ba tɔge daane ba na ba lɛɛro mo.
17Ko nam ná ye Isarele tiina bam,
Baŋa Wɛ tete nam mo lage o jwoŋi-ba o yage.
Á verem dem wó taa ye verem chekke na wora taa wuu to.
Abam daa bá na á chaveera, ye ba nam bá yaale abam,
se ko taa vei maŋa na ba ti to.
18Kokuri to, Baŋa Wɛ ye wolo na naane wɛyuu maama to mo.
Wonto mo ye Wɛ chekke.
O ma jeeli logo kom na wó taa ye tei to ye o ke-ko.
O ta ma chwi ko kuri.
O na naane-ko konto to,
o wo ke-ko se ko taa ye yɔɔ yerane.
O nam ke se nɔɔna mo taa zoore ko wone.
Wonto na tage tei to mo tento:
“Amo mo ye Baŋa Wɛ.
Wɛ dedwoŋi daa wo woli amo wone.
19A wo tage taane a seigi.
A nam wo ke na a ni ne se a ta taane.
A wo tage de Jakob dwi dem we,
‘Beeri-na amo kafɛ ŋwaane.’
Amo Baŋa Wɛ wom, a ŋɔɔne chega taane mo.
A maa ná pɛ a ni, de ye chega mo.
20Nam la-na daane se á ba amo tei.
Abam dwi-gɛ tiina balo na wane á lu jara yam wone to
ba-na á jeeri daane.
Ko ná ye jwona yalo nɔɔna na mɛ dɛ ba ke to,
balo na zeŋe-ya ba kare ba beeri to boboŋa tera.
Kokuri to, ba zuli wa yalo na ware nɔɔna
se ya jwoŋi ya yage to mo.
21Ba-na á tole taane dem se dé nii kolo na wora to.
Pa-na se ba bane daane ba nii ba na wó ta kolo to.
Wɔ mo wuuri o ta tento faŋa faŋa o pa ko nwoŋi pwooni.
Wɔ déem mo bwooli-ko o yage?
Ko dae amo Baŋa Wɛ mo na?
Wɛ dedwoŋi wo woli amo wone,
de na jege chega ye de ta ye jwoŋinu.
Amo yiga ná le, wɛ nam daa tera.
22Logo baŋa jei sem maama nɔɔna,
pipiri-na á ba amo tei,
se a jwoŋi abam a yage.
Kokuri to, amo mo ye Wɛ chekke,
se wɛ dedwoŋi daa tera.
23Amo nam dugi de a tete yere mo.
A ni ma puri de da a chega kam ŋwaane
de ta kwora kalo daa na ba kwana to we:
Nabiina maama wó ba ba kuni nadwoona amo yiga ne.
Ba maama wó puri ba nia ba sɛ ba pa amo mo.
24Ba maa wó ta amo taane we,
‘Baŋa Wɛ yerane wone mo
chega de dam maama wora.’ ”
Balo maama nam na chuli Wɛ to
wó ba o yiga ne ba di ba chaveera.
25 Baŋa Wɛ nam wó pa se Isarele dwi tiina maama na ba bora,
ye ba de wó taa jege teera Wɛ ŋwaane.",https://www.bible.com/bible/3661/ISA.45.KBG
IZAYA 46,"Babilon teo jwona yam taane
1Babilon teo wa yam Bel de Nebo dam ti,
ya nadwoona jege tega mo.
Ya nyenyero tem laam nam ye zela mo
bonɛ na zeŋe-ya se via.
Ya maa ye zele-zana yalo na duna to mo,
pa se vara balo na zeŋe-ya to tiini ba bugi.
2Jwona yam konto de balo na zeŋe-ya to
nam dɛ daane mo ba tiiri tega ne.
Wa yam ware se ya jwoŋi ya tete nyenyero tem ya yage.
Ya maama ye se nɔɔna ja-ya mo
ba ja ba vo sa-teo yiga yiga.
Baŋa Wɛ maa we:
3“Abam Jakob dwi tiina bam, cheigi-na a taane dem.
Abam Isarele dwi tiina balo maama ta na daare to,
a yɔɔre a teili abam mo,
ko zege maŋa kalo á nu na kwei á puga to.
Ko zege ba na loge abam maŋa kalo to
a ta yɔɔre a jege abam a peila mo.
4Abam na kwe maŋa kalo
ye á yum tem su de yu-pwei to,
ko ta ye amo mo jege abam a nia.
Amo mo naane abam, ye a wó taa nii á baŋa ne taa.
Amo wó taa teili abam, ye a jwoŋi abam a yaga.
5Wɔ mo abam wó kwei á maŋe de amo?
Wɔ mo á wó ta we, dé ye da-yuudwonna?
6Nɔɔna badwonna yeini ba lwo ba tampɔro wo sabu-seŋa mo ba tiŋi tega ne,
ye ba daare ba maŋe ba lu-nyenno tem dunni.
Ba laam maa wó kwei sabu kom ba pa luru
se o pipiri-ka se ka ji ba jwoni.
Ba laam maa wó tiiri de yiga ne,
ye ba jege-de ba zula.
7Ba ta wó kwei-de mo ba daŋe ba bakale baŋa ne,
ye ba jege-de ba via.
Ba ná yɔɔre ba chwi-de mɛ,
de lɛɛre de zege da mo,
de daa ware se de gɔ naga de tete ne.
Nɔɔno ná laare tei o jare-de se de woli‑o,
de ware se de leiri kolokolo.
De nam ware se de jwoŋi kotu o cham wone de yage.
8Abam balo na swoi se á ta‑á ve amo to,
guli-na tento se á wane á ke dam á ke á kuri ne.
Kwei-ko á ke á yuu ne.
9Guli-na wo-dwonnu telo na ke faŋa faŋa to.
Amo mo ye Wɛ, ye wɛ dedwoŋi daa tera.
Amo mo ye Wɛ, ye kolokolo tera ko na mae de amo.
10Boboa kam ne mo amo maŋe a ta kolo na wó ke ko guri to.
Ko na nwoŋi faŋa to mo a tage kolo jwa na wó ba to.
A maa we: Amo boboŋa yam mo wó yɔɔre ya toŋe.
A nam wó ke kolo maama na su a yi to mo.
11A lage a bwoŋi nɔɔno mo
se o zege wɛ-puli seeni o ba.
O nam wó foore o ba mo
ne kalwoŋo na foore chibia baŋa ne tei to.
Kotu wó nwoŋi teo yiga yiga o ba
o ke tei maama amo na boŋe se o ke to.
Amo na jeeli a ja tei ye a ta kolo taane to mo
a lage a seene a ke.
12Abam zwabani-nyena bam cheigi-na a taane dem.
Á swoi se á ta‑á pɔɔre á tete de a chega kam mo.
13Amo nam lage a vaŋe a chega kam mo se ka yi abam.
Ka daa dae yiga yiga de abam.
Ko bá dáane se a ma a jwoŋi abam a yage.
Amo wó pa se Zion tiina bam na verem,
se Isarele tiina bam taa jege nenɔŋ-fɔrɔ amo ŋwaane.”",https://www.bible.com/bible/3661/ISA.46.KBG
IZAYA 47,"Babilon teo wó chɔge
1“Babilon tiina bam,
tu-na á jeini bworu wone.
Á laam wó ta‑á jei bwori mo
ye a di pa-kateiga.
Nmo Babilon teo kom,
ba daa bá taa bwoi‑m we,
ka-bwom wolo na jege lonne to.
2Nam beeri nɔŋɔ namim se n cho muni.
Dɔne gare-fefala kam na kwoli n yibia to.
Kɔɔre n gɔrɔ se ko di n teiŋa kam seeni,
ye n laam yɛ na n bɛ bu-nwaro tem.
3Nmo wó ta‑n zege kalambwolo mo,
se nɔɔna na n chaveera.
A lage a yiri jene mo nmo nɔɔna bam maama baŋa ne,
ye nɔɔn-nɔɔno bá wane a yiga o che.”
4Debam Jwoŋinu wom na tage kolo to mo konto.
O yere mo ye Paŋwa Tu Baŋa Wɛ.
O maa ye Isarele dwi dem Wo-pwoŋo Tu wom.
5“Nmo Babilon teo kom, ta‑n jei chemm,
se n ta ta‑n wo lim wone.
Nɔɔna daa bá taa bwoi nmo yere we,
logo baŋa teene ka-pɛ.
6Amo bane ya mo zaŋe de a nɔɔna bam,
pa se a chɔge-ba ne ba dae a nɔɔna mo to.
A ma kwei-ba a ke nmo jeŋa ne,
ye nmo wo duri ba ŋwaŋa.
Ko ná maŋe ko ye ba nɔn-kwe de,
n yɔɔre n pa ko zo ba yera mo,
7Nmo tage n tete ne mo n we,
‘Amo wó yɔɔre a taa wora mo wuu,
se a taa ye ka-pɛ wolo paare na bá ti to!’
Nmo nam na tage konto dwoŋi to,
n wo jeeli wonnu tento wone,
naa n boŋe se n nii bɛ jwa mo wó yi nmo.
8Nam fɔge n cheigi a taane dem,
nmo wolo na swoi paare dim
ye n yɔɔre n jei mo fae n ba lwei kolokolo to.
Nmo ma‑n tɛ n tete ne n we,
‘Amo mo wora, ye a dwoŋi tera.
Amo bere a bá ji kadeim.
A bia de nam bá te ba daare-ne.’
9Wonnu tem konto maama nam wó yi nmo bedwe baŋa ne.
Dɛ dedwe mo te lage te ba n baŋa.
N bia wó te, ye n ta ji kadeim de.
Lɛɛro tento wó yɔɔre te ba n baŋa mo.
N vora natɔga kam de n liri-mwa kikia yam maama
bá jwoŋi‑m ya yage.
10Nmo toŋe puseŋa kikia mo ye n ba jege lwia.
N ma‑n tɛ n we, ‘Nɔɔn-nɔɔno ba nae a kikia yam.’
Nmo na yeini n tɛ de n tete we,
‘Amo mo wora, ye a dwoŋi tera’ to,
nmo swa yam de n yeino kom mo jaane‑m ya jei.
11Lɛɛro lage te pɔpɔ te ba n baŋa mo,
ye lira tera ka na wó jwoŋi‑m ka yage.
Chanɛɛre lage de yi nmo mo.
Kolokolo nam tera se n ma-ko n leiri de yuu ne.
Chɔgem delo nmo na maŋe n ba jege de boboŋa to
mo lage de pɔpɔ de yi‑m bedwe baŋa ne.
12Nmo nam ná laga, ta ta‑n tɔge n liri-mwa kikia yam,
de n vora natɔga kam de,
ne n na maŋe n ke tei ko zege n nɔn-donne maŋa ne to.
Dɛ delo, n wó ke jira totoŋa n pore de-ya,
se ko pa n dona taa fona de nmo.
13Bera yalo maama nmo na jwoŋi to
pɛ se n boboŋa vugimi.
Pa se balo na nii chalechwe se ba jwoŋi swa to
ba ba zege nmo yiga ne.
Ba yeini ba nii chalechwe sem mo chana maama
se ba lɔre wonnu telo jwa na wó ke to.
Nam pa se ba jwoŋi nmo ba yage
de cham delo na beene n baŋa to.
14Banto yɔɔre ba nye de ga-korro mo.
Mini nam mo lage de di-ba kula.
Ba ware ba tete se ba jwoŋi ba yage,
min-vogo kom na tiini ko dana to ŋwaane.
Mini dento dae delo ba na wó taa jeeri daane de yiga ne,
naa se ba jeini ba twɛ-de ba weeri to.
15Ko ná ye nmo na ke n chega de balo maama
ye nmo de-ba toŋe daane ko nwoŋi n biini maŋa ne to,
ba ba jege nyɔɔre ba pa‑m.
Ba maama tusi chwoŋa mo ba vei ba tete veiŋa,
pa se nɔɔn-nɔɔno tera se kotu jwoŋi‑m o yage.”",https://www.bible.com/bible/3661/ISA.47.KBG
IZAYA 48,"Isarele tiina zwabania kam taane
1Abam Jakob dwi tiina bam, cheigi-na taane dento.
Abam balo ba na jege Isarele yere ba bwoi
ye á kuri nwoŋi Judah dwi dem ne to, cheigi-na!
Abam mo yeini á mae Baŋa Wɛ yere dem á du duuri,
ye á ta yeini á ware Isarele tiina Wɛ wom.
Á nam ba ke konto chega wone
naa nɔn-ŋonne baŋa ne.
2De ko de, abam bere á tete mo ye á we,
á zoore Wɛ tete teo Jerusalem ne mo.
Á ta bere á tete we, á teege Isarele tiina Wɛ wom baŋa ne mo,
ye wonto yere mo ye Paŋwa Tu Baŋa Wɛ.
Baŋa Wɛ maa we:
3“Faŋa faŋa to amo nam wuuri a ta ko dɛ ne mo
wonnu telo na lage te ke to taane.
A ni ma puri ye a pa se á lɔre kolo na wó ba to.
A laam ma pɔpɔ a pa ko ke,
se a na tage tei to seene ko ji chega.
4Kokuri to, amo maŋe a yei abam zwa na ba ni taane tei to.
Á yi dana de dwoi luu na ye tei to.
Á wo de maa dana ko dwoi channa dam.
5Konto ŋwaane mo a nam wuuri a ta wonnu tento
a bere abam ko dɛ ne,
pa se á lɔre te ni ne ye te ta wo ke.
A ke konto se abam yé wane á ta we,
‘Dé jwona yam mo ke tento ya pa debam.
Ko ye dé wa yam nyenyero dam mo pɛ se wonnu tento ke.’
6Abam maŋe á ni a na tage wonnu telo to taane.
Nam fɔge-na á guli te gula,
se á daare á sɛ we te seene te ke.
Amo laam nam lage a ta wo-donno taane mo a bere abam.
Te maa ye wonnu telo ya na seigi á yiga ne ye á yeiri-te to mo.
7Ko ye zem mo amo lage a pa te ke,
se ko dae faŋa faŋa wonnu.
Se ko lwoori zem to, á ya maŋe á wo nigi te ŋwa.
Konto ŋwaane, abam bá wane á ta we,
‘Nii mo! Dé maŋe dé yei te ni ne.’
8Abam nam maŋe á wo nigi wonnu tem konto ŋwa
se á wane á lɔre te kuri.
Ko zege faŋa kam ne to, á yɔɔre á se á zwa mo.
Amo nam yei á na ye nɔn-ŋollo tei to.
Ko na nwoŋi á lora maŋa ne to mo
á maŋe á ke zwabania.
9Amo na lage se a yere taa jege zula to ŋwaane,
a wó ja a wo mo.
A maa na lage se nɔɔna taa tei-ne to ŋwaane,
a ta wó peene a bane de abam,
se a yé chɔge abam zɔŋ-zɔŋ.
10Nii-na! A yɔɔre a kwɛ abam mo.
Ko nam ba nye de ba na kwɛ lu-nyenno tei to.
A pɛ se á zo yaara wone mo
se a ma-ya a faŋe abam a nii.
11Ko nam yɔɔre ko ye amo tete yere dem ŋwaane mo
a lage a toŋe konto dwoŋi.
Kokuri to, amo bá sɛ se a yere dem maŋe bworu wone.
A ta bá sɛ se nɔɔn-nɔɔno tɔge o jwoŋi amo zula yam.
Isarele teo tiina tei ba tete
12Cheigi-na, Jakob dwi dem na ye Isarele tiina bam to.
Ko ye abam mo a bwoŋi se á taa ye a nyem.
Amo yerane nam mo maŋe a wora.
A maa ye boboa tu de kweelim tu.
13Amo tete mo kwei a jeŋa a ma a chwi logo kom kuri.
Amo ta mo lware wɛyuu kom de a jazem dem,
pa se ko tigi palalala.
A ná yeini a bwoŋi tento maama,
te maama wó zaŋe wɛɛne mo te taa zega.
14Á maama nam la-na á ke daane
se á cheigi a taane dem:
Jwona yam wone, jwoni dɔ mo wuuri de ta wonnu tento taane?
Amo Baŋa Wɛ nam na maŋe a gwoni ni de wolo se o toŋe o pa-ne to
mo wó ke a na boŋe se a ke tei Babilon tiina bam yera ne to.
Kotu nam wó seene o na dam se o toŋe cham ba yera ne.
15Amo tete mo yɔɔre a ta konto.
Amo mo bwoŋi Sarusi,
ye a na toŋe‑o se o ke kolo to wó seene ko ke.
16Nam fɔɔre á yi-na se á cheigi a taane dento:
Ko na zege boboa kam ne to,
a wo ke na a ni ne, ye a ŋɔɔne de abam.
Wonnu tem na bobo te ke to, de a maŋe a wora mo.”
Leile konto, Yuu-tu Baŋa Wɛ dɛ o Jworo baŋa ne mo o toŋe-ne.
17 Baŋa Wɛ wom na ye Isarele dwi dem Wo-pwoŋo Tu wom
ye o ta kwori o ye á Vereno to kwora mo tento:
“Amo mo ye abam Tu Baŋa Wɛ wom.
A nam yeini a bere abam á na wó ke tei
á na nyɔɔre á ŋwea wone to mo,
ye a daare a to á yiga ne a bere abam chwo-laao se á tɔge-ka.
18Abam ya ná maŋe á ke á tɔge nia yalo a na pɛ abam to,
á ya wó taa jege bochare-zuru,
ne bu-tola na na duri bare-bare tei to mo.
Á ta wó taa zege á chega wone
ne naneo na-ŋone sem na wɛɛle tei to mo.
19Tento wɛɛne á dwi dem ya wó puli dedɛ
ne naneo ni kasol-bia na daga tei to.
A ya wó taa yere-ba se ba dwi dem daa yé ti,
se nɔɔn-nɔɔno yé pa ba jei amo yiga ne.”
20Laam nwoŋi-na Babilon teo kom ne!
Duri-na á daare Babilonia tiina bam!
Nam ta bwooli á yage jei maama ne
ye á ke wopwolo ko ŋwaane.
Ta-na se logo baŋa jei sem maama ni we,
“Baŋa Wɛ mo jwoŋi o tontoŋeno Jakob dwi dem o yage.”
21O na tɔge ba yiga ye ba beeri kagoa yuu ne to,
na-nyɔm wo jaane-ba.
O déem pɛ na mo nwoŋi peo yera ne ye ba nyɔ.
O yɔɔre o lɔ peo kom mo,
pa se na ta ba chuura.
22 Baŋa Wɛ nam na tage tei to mo tento:
“Puseŋ-nyena bá fɔge ba na bochare-zuru.”",https://www.bible.com/bible/3661/ISA.48.KBG
IZAYA 49,"Baŋa Wɛ tontoŋeno wom taane
1Abam sa-teena balo na zoore naneo kom ni ne yiga yiga to,
cheigi-na a taane dem.
Baŋa Wɛ maŋe o kuri-ne mo ye ba laam lo-ne.
O ma le-ne a nu puga wone,
ye o bwoŋi a yere se a ji o tontoŋeno.
2Wonto ma pa se a ni taane nye de se-zɔɔ
kolo ni na di lanyerane to.
O maa jege-ne o ja-kukworo ne.
A ta nye de taŋa chene delo o na fɔge o kwɛ to mo.
O ma ke-ne o che-kɔŋɔ wone o seigi.
3O tage de amo mo o we,
“Isarele dwi dem, nmo ye amo tontoŋeno mo,
se n pa a nenɔŋ-fɔrɔ kom taa nae jaja.”
4Amo laam maa we: “Amo yɔɔre a toŋe totoŋ-zɛɛra mo.
A na mɛ a dam a ke kolo maama to ba jege kuri.”
Baŋa Wɛ yerane nam mo wó pa a na a totoŋa yam nyɔɔre.
Wonto mo wó pa-ne ŋweero telo na maŋe to.
5 Baŋa Wɛ mo naane-ne o ke a nu puga ne
se a laam ji o tontoŋeno.
O ma tiŋi-ne se a ja Jakob dwi dem na ye Isarele tiina bam to
a jwoori a ba a ke o jeŋa ne.
Ko nam ye a Tu Baŋa Wɛ wom mo ke dam o ke a kuri ne,
se ko pa a na zula o yiga ne.
6 Baŋa Wɛ tage o we:
“Nmo na ye amo tontoŋeno to,
n jege totoŋ-fare mo se n ke.
Nmo wó ja Isarele dwi tiina balo ta na daare to
n jwoori n pa ba zege de dam,
ye ko dae konto yerane mo n wó ke.
Nmo ta wó ji pwooni n nye dwi-gɛ tiina bam baŋa ne,
se n wane n pa nabiina na verem logo baŋa jei maama ne.”
7 Baŋa Wɛ wom na ye Isarele dwi dem Wo-pwoŋo Tu wom
ye o ta kwori o ye á Vereno to tage tento mo
de wolo logo baŋa nɔɔna na gwooni ye ba ta chuli‑o,
ye o toŋe o pa ba teene dem dedɛɛra to.
Baŋa Wɛ tage de kotu o we:
“Pwa laam ná nɛ nmo,
ba wó zaŋe wɛɛne mo ba sɛ ba pa‑m.
Dedɛɛra de ná nɛ nmo, ba wó tiiri n yiga ne mo.
Ba nam wó ke konto Baŋa Wɛ na ye chega tu to ŋwaane mo.
Wonto nam mo ye Isarele dwi dem Wo-pwoŋo Tu wom,
ye o kuri nmo se n toŋe n pa‑o.”
Isarele tiina bam wó jwoori sɔŋɔ
8 Baŋa Wɛ na tage tei to mo tento:
“Maŋa kam ná yia se a ke zaane á yuu ne,
a laam wó leiri á wɛ-lworo kom.
Dɛ dem ná yi se a vere abam a yage to,
amo wó zeini abam.
A wó taa jege abam mɔpe
se a tɔge abam baŋa a gwoni ni de nɔɔna.
Á ta wó pa se á tega kam fɔge ka ji te-ŋoŋa,
ye á daare á pɔɔre jei selo na chɔge to
se nɔɔna jwoori ba taa zoore da.
9Abam wó ta de balo ba na ke peena diga ne to we,
‘Nwoŋi-na á viiri zɛɛra!’
Se ko ná ye balo na jei lim wone to,
á wó ta de-ba we, ‘Ba-na pwooni yiga ne!’
Ba ná maa jwoora, ba wó na ba ni-wodiu chwoŋa yuu ne,
ye ba di ba su ba boboŋa peero jei ne de.
10Kana de na-nyɔm bá ja-ba.
Wea, de kagoa vo-loŋo kom de bá daane-ba.
Kokuri to, ŋwaŋa Tu Wɛ wom mo wó da ba yiga,
ye o kale-ba o vo buli-yia na wo mɛ to se ba taa nyɔa.
11Amo lage a pipiri peero jei sem maama mo
se se ji pempala,
A ta wó pa chwo-fare peini se a nɔɔna bam da da ba kɛ.
12Nii-na! A nɔɔna bam wó nwoŋi sa-teene yiga yiga
ba jwoori ba ba ba tete teo.
Ba badaara wó nwoŋi baŋa seeni teene dem mo,
ye badwonna de nwoŋi wɛ-puli seeni ba ba.
Ba babam de maa wó nwoŋi Sayene laŋa kam ba jwoori ba ba.”
13Wɛyuu jei sem maama,
bage-na á yage de wopwolo!
Tega baŋa ni maama de taa di ywoni!
Peero jei sem de bage leiŋa á yage jei maama!
Kokuri to, Baŋa Wɛ mo pae o nɔɔna bam bochare tiga,
ye o daare o duri ba ŋwaŋa ba yaara yam wone.
14De ko de, Zion teo kom ta tage mo ko we,
“Amo Tu Baŋa Wɛ wom yage-ne,
ye o swei amo swia.”
15“Kaane wó swei o bu wolo na jege‑o o ŋɔge to swia
se o daa yé ja bu wolo o tete na loge to ŋwaŋa na?
Wonto nam ná maŋe o swei o bu wom swia de,
amo Baŋa Wɛ bere a bá swei nmo ni ne.
16Nii mo! Amo gweere n yere dem
a tiŋi a jataala wone mo.
A nam bá fɔge a swei nmo kabiri sem na chɔge to ni ne.
17Nmo bia bam wó taa laga se ba jwoori ba ba lela.
Ko nam ná ye balo ya na yɔɔre ba chɔge‑m to,
banto wó viiri ba daare‑m.
18Kwoni n yuu se n nii jei maama ne.
N bia bam maama maa tɔge daane ba beene n tei.”
Baŋa Wɛ ta ma ta o we,
“Amo na lwoori a ye Ŋwea Tu Wɛ wom to,
ko ye chega mo we nmo yi wó su n bia bam,
ne ba ye nenɔŋa zwanno kaane na lage o zo baro
ye o kwei-te o ke o ba ne tei to mo.
19Nɔɔna déem chɔge nmo jei sem maama
pa se n nɔn-bia bam duri ba daare‑m,
ye n laam zege di-dwonnu yerane.
Ko nam na wó taa ye tei to,
nmo wó ba n ta‑n peena n pa n nɔɔna bam,
ba na wó taa daga ba dwoi n jaanem to ŋwaane.
Balo de ya na chɔge nmo to wó lage jei ba vo yiga yiga.
20Bia balo ba na loge ye ba wo sa-teo ne to wó jwoori
ye ba ta pa ko zo n zwa we,
‘Dé tega kanto tiini ka muri dé zoorem.
Nam beeri tega n woli da n pa debam
se dé taa zoora.’
21Nmo laam ma‑n wó ta n tete ne we,
‘Bɛ mo ke ye a na bu-kɔgɔ konto maama?
Ba déem go a bia bam dedɛ mo jara wone,
ye ba zeili balo na daare to
pa ba vo sa-teo yiga yiga.
A maa nye de kadega daa na ware bia ka lo to.
Se wɔ nam mo kɔne bia banto maama?
Amo ya ye a yerane mo.
Wɔ mo loge bia bam konto o pa-ne?’ ”
22Yuu-tu Baŋa Wɛ na tage tei to mo tento:
“Nii mo! Amo lage a zeiŋi a jeŋa wɛɛne mo
a bwoŋi dwi-gɛ tiina.
A maa wó zeiŋi tuta wɛɛne,
se nɔɔna bam maama lɔre ko ni ne.
Banto wó peili n bia bam ba ja ba ba ba pa nmo,
bakeiri de busankane maama.
23Teene dedwonna pwa mo wó jwoŋi n bia bam ba kɔne.
Ba bukwa wó pa-ba yele se ba taa ŋɔga.
Ba wó tiiri nmo yiga ne se ba yibi sem ja tega.
Ba maa wó deilimi nmo napera kuri kasolo.
Nmo de n bia bam laam maa wó lɔre we,
amo mo ye Baŋa Wɛ.
Balo teena na wo amo wone to bá fɔge ba na ba chaveera.”
24Nɔɔna wae ba vere bembea jeŋa wonnu na?
Nankɔ-nyem nam ná jaane kabɛ se ba taa ye o nyem,
ba wae ba bwoli-ba ba yage na?
25 Baŋa Wɛ nam na tage kolo to mo tento:
“Ba wó wane ba vere bembea kabɛ o tei ne ba yage.
Ba ta wó wane ba jwoŋi wonnu nankɔ-nyem de tei ne.
Ko nam ná ye balo na dwoni de nmo to,
amo tete mo wó dwoni de-ba,
ye a daare a jwoŋi n bia bam a yage.
26Ko ta ná ye balo na bɛɛse‑m to,
a lage a pa ba taa jege daane ba goe mo.
Ba maa wó me de nɔn-gora kikia,
se ko taa nye de ba nyɔ jana mo ba sui.
Nabiina maama laam maa wó lɔre we,
amo Baŋa Wɛ mo ye abam Vereno wom.
A maa ye Jakob dwi tiina Dam maama Tu wom,
ye a ta ye á Jwoŋinu wom.”",https://www.bible.com/bible/3661/ISA.49.KBG
IZAYA 50,"Isarele tiina bam tusi
1 Baŋa Wɛ na tage tei to mo tento:
“Ko ná ye chega we amo zeili abam nu pa se o viiri,
tɔnɔ kolo na bere we a yage‑o to nam bɛ?
Á nam boŋe we, a yeigi abam a pa sa-teena
se a ma a ŋwe a jene mo na?
Ko nam ye á tete tusim ŋwaane mo
ko ke abam konto dwoŋi.
Ko ta ye á nu wɛleera ŋwaane mo
a zeili‑o a yage yiga yiga.
2A ya na tu se a jwoŋi abam a yage to,
bɛ mo ye nɔɔn-nɔɔno wo jeeri-ne?
A na bwoŋi abam yere maŋa kalo to,
bɛŋwaane mo á wo sɛ a beeri dem?
A dam mo muri,
pa se a ware abam se a vere a yage na?
A dam dem nam ti mo,
pa se a ware se a jwoŋi abam na?
A yɔɔre a pa ni mo, ye naneo wo na bam we.
A ma daare a pipiri bwi se se ji kagoa.
Ywona ma da ko ŋwaane ya pɔ,
na na tera se ya nyɔ to ŋwaane.
3Amo mo wae a pa se wɛyuu kom maama ke tim,
ne nɔɔno na zo gare-nyenyaaro o ma keeri lua tei to.”
Wɛ tontoŋeno wom taane
4Yuu-tu Baŋa Wɛ mo pɛ-ne chwoŋa se a taa ŋɔɔne a pa‑o.
O maa yeini o pa-ne swa taane se a ta,
se balo na bugi to jwoori ba na dam.
Tetete maama ne, o yeini o zaŋe-ne dɔɔm wone mo.
O ma pore a zwa se a yɔɔre a lɔre o bera yam.
5Yuu-tu Baŋa Wɛ tete mo pore a zwa
se a cheigi o taane.
Amo de maa wo ke zwabania ded‑o.
A nam wo pipiri a viiri a daare‑o.
6A yɔɔre a kwei a kwaga mo
a pa balo na jege-ne ba mage to.
A ma guni a popɔŋɔ
a pa balo na jege a twana ba vaŋe ba vuuri to.
Ba ta na jege-ne ba twea,
ye ba twe lileeru ba yage a yera ne to,
amo wo kwoli a yibia ba yiga ne.
7Yuu-tu Baŋa Wɛ na woli amo to ŋwaane,
amo yuu bá fɔge ko yaale.
Mo kokuri a nam jege baare se a zege,
a na yei we a bá di a chaveera to ŋwaane.
8Wɛ mo zege amo kwaga ne,
ye wonto wó pa se a na a bora.
Wɔ daa mo wora se o saŋe-ne we a chɔge?
Kotu nam ba se dé jeeri daane!
Wɔ mo wora se o bwɛ-ne?
Kotu ba se o zege a yiga ne!
9Yuu-tu Baŋa Wɛ zeini-ne mo.
Wɔ nam mo wora se o di bora o vane-ne?
Balo na chuli-ne to maama wó chɔge mo ba ti,
ne tóa na mugi gɔrɔ maama tei to.
10Abam maama wone wɔ mo kɔre Baŋa Wɛ
ye o nege o tontoŋeno wom?
Wolo nam ná vei lim wone,
ye pwooni tera o tei ne,
se kotu ke o teena o Tu Baŋa Wɛ yere dem ne,
se o daare o sale o yera ne.
11Ko nam ná ye abam balo maama na tɔre min-mɔɔla to,
fɔge-na á che á tete,
de á na laŋe mini delo á pa á tete to.
Ta‑á véi-na á mini dem á na tɔre to pwooni wone.
Nam lɔre-na we, amo lage a ba a ke tento mo á yera ne:
Á wó ba á peini tega ne ye ko tiini ko ni abam dedɛ.",https://www.bible.com/bible/3661/ISA.50.KBG
IZAYA 51,"Baŋa Wɛ wó zeini o nɔɔna
Baŋa Wɛ maa we:
1“Abam balo na lage se chega taa toŋa,
ye á kɔre Baŋa Wɛ to,
cheigi-na a taane dem.
Kwoni-na á nii peo kolo ba na sare abam ba nwoŋi ko yera ne to.
Ko maa ye gwoŋo kolo ba na koge ye ba lɔɔne abam ko wone to.
2Guli-na á nabaaro Abaraham gula,
de o kaane Sarah gula.
Abam nwoŋi banto dwi dem wone mo.
Amo nam na bwoŋi Abaraham se o ji a nyem maŋa kalo ne to,
de o ta wo nɛ dwi de dedoa de.
A laam ma swɛ o swolim pa se o bia kɔgɔ gaale.
3 Baŋa Wɛ wó pa se Zion teo tiina bam bochare zuri.
O maa wó fɔge o nii ko di-dwonnu tem baŋa ne.
O lage o pa teo kom kagoa kam taa ye ne Eden teeni kara kam na lana tei to mo.
Ka wó taa ye ne Baŋa Wɛ gaare dem na ye tei to mo.
Wopwolo dedɛ wó taa wo dáane,
ye ba wó taa bage lei-keim lei ba yage jei maama.
4Amo nɔɔna bam, cheigi-na a taane dem.
Amo tete nɔɔna bam, pore-na á zwa!
Amo wó pa se a bera yam yi nɔɔna maama.
A ta wó pa se a chega kam taa toŋa,
se logo baŋa dwi maama na pwooni.
5A ti a yiga se a bore chega bora a pa nɔɔna,
se a daare a jwoŋi-ba a yage lela.
A ta wó di dwi tiina bam maama taane.
Balo na zoore naneo kom ni ne to
de wó taa teene amo mo,
se a ba a ma a dam dem a vere-ba.
6Kwoni-na á yia á nii wɛyuu kom,
se á daare á tiiri á nii tega kam maama ne.
Wɛyuu kom nam lage ko jei,
ne nyoa na yeini ka zaŋe toge-toge
ye ka jei tei to mo.
Tega kam baŋa de maa wó zareme,
ne gɔrɔ na zareme tei to.
Balo na zoore ka wone to wó te,
ne nanjwɛ na to tei to mo.
Ko nam ná ye a na vere nɔɔna a yage tei to,
dento wó taa wora mo wuu.
A chega kam de wó taa toŋa taa,
ka bá fɔge ka ti.
7Abam balo na yei chega tɔgem
ye á jege amo nia yam á boboŋa ne to,
nam cheigi-na a taane dem.
Yé ta‑á fona-na de nɔɔna na jege abam ba lwɛ tei to.
Nam yé pa-na se ba toro tem daane abam.
8Kokuri to, tóa mo lage ka mu-ba ka ti,
ne kenkaao na mugi gɔrɔ tei to.
Kanzwa de maa wó zo-ba ya ja chɔge,
ne ya na chɔge lɔŋɔ tei to.
Amo chega kam nam wó taa toŋa mo wuu.
A verem dem de wó taa wora maŋa maama wone.”
9 Baŋa Wɛ, zaŋe wɛɛne!
Ke n tete n ke daane de dam!
Daa‑n zaŋe n ke ne n na ke tei faŋa faŋa
ye dé nabaara bam ta wora to.
Ko dae nmo mo chɔge juru kolo yere na ye Rahaba to na?
N yɔɔre n zɔ-ko mo n de tega ne
ye n gwoni-ko muga muga.
10Ko dae nmo déem mo pɛ se naneo kom wo na bam we,
pa se na-luŋa kam jei ye chwoŋa peini naneo kom wone na?
Konto laam ma pa se balo n na vere kabɛɛne ne n yage to
wane ba bɛ ba kɛ.
11 Baŋa Wɛ na jwoŋi balo o yage to
wó jwoori ba tete teo.
Ba nam wó taa leeni mo
ye ba maa zoore Zion teo kom wo.
Ba wó taa jege wopwolo mo taa wuu,
ne ba na kwei paare yipwi ba pu ba yuni tei to.
Ba ta wó di ywoni se ko gaale.
Wo-chechɔgɔ de yiga-nyɔnem dwi maama maa wó jei ba tei ne.
Baŋa Wɛ maa we:
12“Amo tete mo yeini a pa‑m baare.
Bɛŋwaane nam mo ye nmo kɔre foone de nabiina?
Se banto bá dáane ye ba jei,
ne gaaro na kwaare ye te te tei to.
13Bɛ mo ye n swei amo Baŋa Wɛ na ye n keiru to swia?
Amo mo lware wɛyuu baŋa kam maama
pa se ka tigi palalala.
A ma daare a chwi logo kom kuri.
Bɛ mo ye n pa se foone jege‑m dɛ maama wone,
de balo na jege‑m ba bɛɛse de ban-lom
ye ba yɔɔre ba beeri n chɔgem to?
Banto bane nam zaŋe kafɛ mo.
14Ko bá dáane de ko na chɛ balo to jwoŋi ba tete ba yage.
Ba bá maŋe peena diga kam wone ba te.
Ba nam bá ga ba ni-wodiu de.
15Amo nam mo ye abam Tu Baŋa Wɛ wom.
A ná yeini a yuŋi naneo kom,
ko na-ŋone sem laare mo bɔge-bɔge.
A yere mo ye Paŋwa Tu Baŋa Wɛ.
16Amo mo pɛ‑m ni se n ta‑n toŋe n pa-ne,
ye a daare a seigi‑m a jaguli wone.
A ma lware wɛyuu kom a yage ko na tigi mɛ to,
ye a daare a chwi logo kom kuri de.
Ko ta ná ye Zion tiina bam,
a tage de-ba we, ‘Abam ye amo nɔɔna mo.’ ”
Jerusalem tiina bam yaara wó ti
17Jerusalem tiina bam, zaŋe-na!
Zaŋe-na dɔɔm wone!
Abam nyɔge na-zoŋa kalo Baŋa Wɛ na pɛ abam to wone mo,
ka na su de o ban-zɔŋɔ kom to.
Á ma nyɔ á su á ja á gaale,
pa se á beiri ye á daa ware se á ta‑á zege cheppe.
18Jerusalem nɔn-bia bam maama wone
nɔɔno dedoa tete tera
se o da á yiga o bere abam chwoŋa se á ta‑á tɔga.
19Cham kuni belei mo tu á baŋa konto.
Jara mo tu á baŋa, ye kana de ja abam,
pa se á na chɔgem de chanɛɛre.
Wɔ mo wó wane o pa se á bochare zuri?
20Á bia bam maama beiri mo.
Ba maa tigi Jerusalem chwei sem maama yuu ne.
Ba yɔɔre ba nye de tɔgɔ kolo kalanchogo na jaane to mo.
Baŋa Wɛ ban-zɔŋɔ kom mo yɔɔre ko to ba baŋa ne.
Á Tu Wɛ wom ma seene o bwɛ-ba.
21Nmo wolo na jei yaara ne pa n bugi n tiga,
ye ko dae sana mo n nyɔge n bugi to,
nam cheigi a taane dento.
22Nmo Yuu-tu Baŋa Wɛ nii n baŋa ne,
ye o zege o nɔɔna bam kwaga ne.
Wonto na tage de o nɔɔna bam tei to mo tento:
“Nii-na! A lage a le na-zoŋa kalo á na nyɔge ka wone
pa se á beiri to mo á nia ne.
Ka maa ye a ban-zɔŋɔ kom na su zoŋa kalo to.
A nam ná le-ka á nia ne,
abam daa bá jwoori á nyɔ ka wone maŋa de maŋa.
23Amo laam wó kwei-ka a teini
balo na jege abam ba bɛɛse to nia ne mo.
Banto ya mo jege abam ba tɛ ba we,
‘Peini-na tega ne yuur,
se dé taa nɔne abam baŋa ne dé via.’
Á ma seene á tigi da yareganpwei,
ye ba laam nɔne á baŋa ne ba via,
ne ba na tɔge chwo-fara yuu ne ba vei tei to.”",https://www.bible.com/bible/3661/ISA.51.KBG
IZAYA 52,"Wɛ wó jwoŋi Jerusalem teo kom o yage
1Zion tiina bam, zaŋe-na dɔɔm wone!
Zaŋe-na wɛɛne se á ke dam á ke á tete kuri ne!
Jerusalem teo kolo na ye Wɛ tete nyem to,
kwei nenɔŋa gwaaro n vɔ n teiŋa ne!
Kokuri to, dwi-gɛ tiina balo na yeiri Wɛ to
daa bá jwoori ba zo nmo wone.
2Jerusalem teo tiina,
pepage-na fwogo kolo na taare á yera yam to á yage,
se á daare á zaŋe wɛɛne á jeini á paare baŋa ne.
Zion tiina balo ya na nɛ bɛɛsem to,
le-na chegero telo na leigi á ba ne to.
3 Baŋa Wɛ na tage tei to mo tento:
“Amo na yeigi abam a pa sa-teena to,
ba wo ŋwe kolokolo ba pa-ne.
A nam ná lage a jwoori a jwoŋi abam,
a bá ŋwe sabu ko ŋwaane.”
4Yuu-tu Baŋa Wɛ nam na tage tei to mo tento:
“Boboa ne to, a nɔɔna bam déem vei Ejipti teo wone mo ba zoora.
Ko kwaga seeni Asiria tiina bam de da maa jege-ba ba yaara.
5Bɛ nam daa mo jege ko ke tento?
Kafɛ ŋwaane mo ba seene ba kale a nɔɔna bam
ba ja vo sa-teo yiga yiga.
Ba dedɛɛra bam maa chwoosi dedɛ.
Dɛ maama wone
ba jege amo yere dem mo ba yaala.
6Mo kokuri, a lage a pa se a nɔɔna bam lɔre a yere dem kuri chekke.
Dɛ dem konto ná yia, ba ta wó lɔre we,
ko ye amo Baŋa Wɛ mo ŋɔɔne de-ba,
ye a we ‘Nii-na amo da.’ ”
Baŋa Wɛ na tage kolo to mo konto.
7Nii-na balo nɛ sem na nɔne peero tem yuu ne
ye ba bwooli kwora to veiŋa na jege ywoni tei!
Ba maa tɛ ba we, yazura wó taa wo nɔɔna tei ne,
ye ba jaane kwor-ywoŋa ba tui,
ba daare ba tɔɔle verem taane.
Ba maa tɛ de Zion tiina bam ba we,
“Abam Tu Wɛ wom jei o di o paare mo.”
8Cheigi-na, se á wó ni á teo yerena bam na bage de kwor-dɛa.
Ba maama ke daane mo ba tɔɔle ba kwora kam de wopwolo.
Kokuri to, ba tete yia mo nɛ Baŋa Wɛ na jwoori
se o taa zoore Zion wone tei to.
9Jerusalem teo di-dwonnu tem,
abam de zaŋe-na á ta‑á leeni wopwolo lei.
Kokuri to, Baŋa Wɛ mo pɛ se o nɔɔna bam bochare zuri,
de o na jwoŋi Jerusalem teo kom o yage to.
10 Baŋa Wɛ lage o bere dwi-gɛ tiina bam
o dam-fɔrɔ kom na ye tei to mo.
Ko maa wó pa se tega baŋa ni maama na
dé Tu Wɛ wom na wó vere o nɔɔna o yage tei to.
11Nam nwoŋi-na da sa-teo kom konto ne!
Yé digiri-na á tete de ba wo-zɔɔna yam!
Nwoŋi-na á daare-ba.
Abam balo na zeŋe Baŋa Wɛ diga zela yam to
jege se á ta‑á ye wose mo.
12Ko nam dae se á wuuri á nwoŋi lela
ne balo na duri se ba lu to.
Baŋa Wɛ wom na ye abam Isarele tiina Wɛ to
mo lage o to á yiga ne se á ta‑á via.
Wonto nam ta mo wó taa wo á kwaga ne
ye o kwoli abam jei maama wone.
Wɛ tontoŋeno wom taane
Baŋa Wɛ ma ta o we:
13“Amo tontoŋeno wom totoŋa wó vo yiga.
O yere dem wó zaŋe wɛɛne pa se o na zula dedɛ.
14Ko nam so nɔɔna dedɛ balo na nɛ‑o to mo.
Kokuri to, ba ke‑o zonne pa se o yibia chɔge
ye o daa ba jege nabiinu nyenyego o yera ne kɔtaa!
15O nam ta wó yɛ teene dedɛ nɔɔna nia.
Pwa de wó da o ŋwaane ba pu ba nia.
Kokuri to, kolo nɔɔna na wo tage ba bere-ba to mo ba lage ba lɔre.
Ba maa wó ni wonnu telo ba ya na yeiri te ni ne to kuri.”",https://www.bible.com/bible/3661/ISA.52.KBG
IZAYA 53,"1Debam nam na tɔɔle kwora kalo to,
wɔ ya mo wó sɛ we, ka seene ka ye chega?
Baŋa Wɛ na bere o dam dem na toŋe tei to,
wɔ nam mo wó sɛ-de?
2Wɛ tontoŋeno wom na bege tei to
nye de wo-dwi na tage de nwoŋi te-kora ne tei
ye de kuru tem kwaare tega ne to mo.
O yibia ba jege lam de nenɔŋa
se dé boboŋa vo o seeni.
O ya-tega de maa ba jege kolo dé na wó nii dé na
se dé taa lage‑o ko ŋwaane to.
3O ye wolo nabiina na yɔɔre ba gwoona,
ye ba daare ba ve to mo.
O ma tiini o me de wo-chechɔgɔ de yaara.
Nɔɔna nyaŋe‑o mo ye ba seigi ba yibia o tei ne.
Dé ma boŋe we, o ye wo-koro mo.
4Wonto nam mo jwoŋi dé yaara
se ya taa ye o nyem.
O ma daare o zeŋe dé wo-chechɔgɔ kom maama o yuu ne.
De ko de, debam boŋe we ko ye Wɛ mo waare‑o,
pa se o yaare o tete kikia yam ŋwaane.
5Ko nam na ye tei to, o nɛ zonne debam wɛleera ŋwaane mo.
Ko maa ye debam tusim dem ŋwaane mo
o nɛ chɔgem dem konto.
Waarem dem na wó pa dé na zurim to tu wonto baŋa ne mo.
Ko ma tɔge o fufwollu tem baŋa ne se dé na yazura.
6Dé maama tusi ne pei mo na ywori se chwoŋa wone.
Nɔɔno maama pipiri mo o kwei o tete chwoŋa o tɔga.
Baŋa Wɛ laam ma kwei dé maama tusim kikia yam
o daŋe wonto baŋa ne.
7Ba bɛɛse‑o ye ba daare ba pa ko zo o yera.
De ko maama de, o wo puri o ni.
O maa nye de pipeila kalo ba na vaŋe ba ja ba vo se ba go to.
O ta nye de pia kalo ba na fane ka koro
ye ka wo ke sɔɔ to.
Ko maama wone o nam wo puri o ni o ta kolokolo.
8Ba dɛ vwa chwoŋa ne mo ba di o taane
ba de‑o se o te.
Nɔɔn-nɔɔno nam wo ke o toone dem o boboŋa ne.
O ŋwea yɔɔre ka ke kukua mo nabiina tetare ne.
Ko nam ye o tete nɔɔna bam wɛleera ŋwaane mo o nɛ chɔgem.
9Ba ke ba boboŋa ne se ba suli‑o
mɛ ba na suli puseŋ-nyena to mo.
O de naduna nam mo ba suli daane.
O nam ya bere o wo ke nankɔɔre kikia.
O ta wo pɛ se vwa nwoŋi o ni ne.
10De ko de, Baŋa Wɛ mo maŋe o ja boboŋa
se o pa ko zo o tontoŋeno wom yera de yaara.
O nam ná kwei o ŋwea o ma o ke wɛleere saarem kaanem o ti,
o laam wó na dwi delo na wó saŋe o kwaga to
ye o taa jege o ŋwea taa.
Baŋa Wɛ maa wó tɔge o baŋa
o ke kolo o boboŋa na jaane se o ke to.
11O nam ná yaare o ti, o wo wó pwoli,
o na lɔre we o keBaŋa Wɛ boboŋa na lage kolo to ŋwaane.
Baŋa Wɛ maa we:
“Amo tontoŋeno wom wó pa se nɔɔna dedɛ na ba bora,
o na kwei ba wɛleera yam o daŋe o tete yuu ne to ŋwaane.
12Konto ŋwaane mo amo wó pa o na zula,
ne ko na maŋe de nɔn-yerro tei to.
O ta wó jwoŋi nyɔɔre delo na maŋe de babɛ to.
Kokuri to, o yɔɔre o sɛ se o dole o ŋwea kam mo o yage.
Nɔɔna ma pa o ye wɛ-lwɛɛna bam wone dedoa.
O nam zeŋe nɔɔna dedɛ wɛleera o yuu ne mo,
ye o ta lwoori Wɛ o pa wɛ-lwɛɛna bam de.”",https://www.bible.com/bible/3661/ISA.53.KBG
IZAYA 54,"Wɛ jege o nɔɔna bam swono
1 Baŋa Wɛ na tage tei to mo tento:
“Nmo Zion teo kom, laam ta‑n leeni lei!
Nmo nam nye de kadega mo
ye n wo jaane puga n lo bu.
De ko de, nam bage n yage de wopwolo.
Kokuri to kaane wolo baro ya na yage‑o to
laam wó ba o taa jege bia,
se ko dwoni kaane wolo de o baro ta na wo daane to.
2Pa se n pwola kam taa yala.
Ko ná ye n vwei dem,
vaŋe de gwaaro tem se te twe te ke da.
Yé kɔre jawɔrɔ.
Vaŋe n vwei dem ŋone se se ke dedwaaro
se n daare n kwaare paara yam ya jei ne.
3Kokuri to, nmo siseina wó yale
ya yi jazem seeni de jagwia seeni maama mo.
Nmo nɔn-bia bam lage ba di teene dedwonna mo,
ye ba zeili de nɔɔna se ba laam taa zoore de wone.
4Nam yé ta‑n kɔre foone, se n bá di chaveera.
Yé ta‑n lwia we, ba wó na n kuri,
se ko bá ke konto.
Ko ná ye chaveera yalo nmo na nɛ n nɔn-donne maŋa ne to,
nmo wó swei ya swia.
N daa bá‑n guli n ya na ye kadeim
ye nɔɔna gwooni‑m tei to gula.
5Kokuri to, nmo Keiru wom mo ye n baro.
Wonto yere nam mo ye Paŋwa Tu Baŋa Wɛ.
Isarele dwi dem Wo-pwoŋo Tu wom mo ye n Jwoŋinu.
Wonto nam ta mo tei tega baŋa ni maama.
6 Baŋa Wɛ wó bwoŋi‑m se n jwoori n ba o tei,
ne ka-bwom wolo ya na zo baro o nɔn-donne maŋa ne
ye o baro wom yage‑o lela,
pa se o jei o yerane de wo-chechɔgɔ tei to mo.”
Nmo Tu Wɛ wom mo tage konto.
7“Amo yage nmo se n ta‑n ye n yerane
maŋa fenfee wone mo.
Ko nam yɔɔre ko vaŋe-ne mo pa n jege ŋwaŋa n pa-ne.
A laam ma ja‑m a jwoori a tete tei ne.
8A bane ya na zaŋe de nmo to
mo pɛ se a seigi a yibia dede‑m maŋa fenfee wone.
A nam wó tɔge a swono kolo na ba ti to baŋa ne mo
se a duri nmo ŋwaŋa.”
Baŋa Wɛ wom na ye n Jwoŋinu to mo tage konto.
9“Amo tei ne, ko nye de a déem na ke tei
Noah maŋa kam ne to mo.
A déem tage a du mo we,
a daa bá pa se na-fɔrɔ li logo kom.
A laam nam ta tage a du mo we,
a bane bá zaŋe nmo baŋa ne,
a nam bá bwɛ nmo de.
10Peero tem ná maŋe te ziziŋi
ye zwonnu tem de jei mo de,
amo bere a bá dɔne a swono kom nmo baŋa ne.
A nam bá kwane ni delo a na gwoni de nmo bochare-zuru ŋwaane to.”
Baŋa Wɛ wom na jege nmo ŋwaŋa to mo tage konto.
11Nmo ye teo kolo vo-dɛɔ na puri n baŋa ne
ye nɔɔn-nɔɔno tera se o pa n bochare zuri to mo.
Nii mo! Amo nam wó kwei kandwa-nyenno dwi dwi mo
a fɔge a lɔ nmo jei sem.
A lage a ma Safira mo a chwi n kabiri-beira kam.
12Rubi kandwa-nyenno mo a ta wó ma a lɔ n dam jei sem,
se n manchwo-nia yam de taa ye kandwa-nyenno yerane.
Nmo kabiri sem de tete wó taa ye kandwa-nyenno telo na jege lonne to mo ba wó ma ba lɔ-se.
13Amo Baŋa Wɛ tete mo lage a bere nmo nɔn-bia bam,
se ba taa kɔre-ne ye ba yazura wó tiini ya taa daga.
14Chega na toŋe n wone to mo wó pa se n kuri ja tega lanyerane.
Yaara wó taa ye yiga yiga de nmo,
se ko pa n yé ta‑n kɔre foone.
Lɛɛro dwi maama de bá twɛ nmo tei.
15Teo kolo nɔɔna ná li nmo de jara,
ko dae amo mo pɛ-ba chwoŋa se ba ke konto.
Wolo maama nam ná ke chichuŋu de nmo,
kotu wó ba o sɛ o pa‑m.
16“Nii mo! Ko ná ye luru wolo na wiiri mini o ke o yɔrɔ kuri ne
se o wane o lu jara zela yalo na jege ni to,
ko ye amo mo ke konto tu.
Amo nam ta mo ke babɛ sem de,
se ba taa jege vuvuga kikia ba ke.
17Ba nam ná ti jara zele delo maama yiga
se ba ma-de ba jeeri‑m, ko bere ko bá toŋe.
Ba daa ná kwaane se nmo to de n bora,
n wó ŋɔɔne n jwoŋi n tete n yage.
Baŋa Wɛ tontoŋena na wó jwoŋi nyɔɔre delo to mo konto.
Amo nam mo wó pa se ba na ba bora.”
Baŋa Wɛ mo tage konto.",https://www.bible.com/bible/3661/ISA.54.KBG
IZAYA 55,"Ba-na Baŋa Wɛ tei!
Baŋa Wɛ tage o we:
1“Abam balo maama na-nyɔm na jege to,
ba-na á nyɔ na!
Á ná maŋe á ba jege sabu de, ta ba-na!
Yeigi-na kolo á na lage to á di!
Abam ná lage sana de nayela, ba-na á jwoŋi!
Te maama ye zɛɛra mo.
Á bá ŋwe kolokolo te ŋwaane.
2Bɛ mo ye á boŋe se á chɔge sabu
wonnu telo na dae wodiu chekke to baŋa ne?
Ko ná ye wonnu telo na ba zuri kana to,
bɛŋwaane mo abam wó toŋe taa se á wane á na-te?
Cheigi-na amo taane dem, se á beeri wodi-laao á di.
Konto mo wó pa se á ni á wodiu kom ywoni.
3Ba-na amo tei, se á daare á pore á zwa se á cheigi.
Abam ná cheigi amo taane dem, á wó na ŋwea chekke.
Kokuri to, a lage a ke ni-gwonim delo na wó taa wora taa wuu to mo de abam,
se ko bere swono kolo a déem na jege de David
ye ko bá chɔge maŋa de maŋa to mo.
4Nii-na! A déem kuri‑o mo
se o pa dwi-gɛ tiina lɔre a dam dem na ye tei to.
A ta ma pa se o ji ba yiga tu ye o tei-ba.
5Abam wó toŋe á bwoŋi teene delo á ya na yeiri to nɔɔna,
ye ba de wó ke lela ba ba ba sɛ á beeri dem.
Ba wó ke konto abam Tu Baŋa Wɛ wom ŋwaane.
Wonto mo ye Isarele dwi dem Wo-pwoŋo Tu wom,
ye o pa se á na nenɔŋa lanyerane.”
6Abam ta jege chwoŋa se á na Baŋa Wɛ,
nam kwaane-na se á lɔre-o.
Bwoŋi-na o yere ye o ta bwola se o sɛ á beeri dem.
7Puseŋ-nyena maŋe se ba dole ba kikia yam ba yage mo,
se nɔn-balwaaro de yage ba boboŋ-balwaaro tem.
Banto laam ná pipiri ba vo ba yi debam Tu Baŋa Wɛ tei,
o laam wó duri ba ŋwaŋa,
ye o daare o yage ba wɛleera o ma o chɛ-ba.
8 Baŋa Wɛ na tage tei to mo tento:
“Chega to, amo boboŋa de abam boboŋa dae bedwe.
Abam nam na vei chwei selo wone to dae amo chwei sem.
9Ne wɛyuu kom de tega baŋa kam na pɔɔre daane tei to,
konto mo amo chwei sem wo wɛɛne
ye abam nyem wo kuri ne.
Amo boboŋa yam de maa wo abam boboŋa yam yiga ne.
10Ko ta nye de doa
na zege wɛyuu ne ka tui tega kam ne
ye ka ba jwoori kafɛ tei to mo.
Ko jege se ka bugi tega kam mo
se gaao de teeni kwi te ke bia.
Te bia bam maa wó ji wo-dwa te pa vala,
de wodiu se nɔɔna di.
11Ko ye bedwe mo de taane delo na nwoŋi amo ni ne to.
De bá jwoori de ba a tei kafɛ.
Ko nam ye se de ke a boboŋa na laga tei maama to mo,
se de ke de su a na toŋe-de se de ke tei to.”
12Abam wó nwoŋi sa-teo kom ne de wopwolo mo
se á jwoori sɔŋɔ de bochare-zuru.
Á ná ma‑á kɛa, peero tem de zwonnu tem wó taa bage lei mo.
Teeni delo maama de na wo pwola ne to
wó taa mage je mo wopwolo ŋwaane.
13Sabare ya na wo mɛ maama to
laam wó ji tei-ŋonno jeiga mo.
Swanno telo na ke bia to
mo wó leiri sabare-mangwoli yuu ne.
Keina yanto mo wó pa Baŋa Wɛ jwoŋi yere o pa o tete.
Ko nam ye memaŋe na wó taa wora taa wuu
ye de bá chɔge kɔtaa to mo.",https://www.bible.com/bible/3661/ISA.55.KBG
IZAYA 56,"Baŋa Wɛ wó jwoŋi dwi-gɛ tiina
1 Baŋa Wɛ na tage tei to mo tento:
“Ta‑á yei-na se á pa chega kam zege,
se á ta‑á ke kolo na tɔge chwoŋa to.
Kokuri to, ko bá dáane se a jwoŋi abam a yage,
ye a pa se chega taa toŋa jaja.
2Balo na yɔɔre ba sɛ ba ke wonnu tento to mo jege yu-ywoŋo,
ne ba ná yei a siu dɛ dem ni ne,
se ba yé chɔge de chullu tem,
ye ba ve se ba ke lwarem dwi maama.”
3Dwi-gɛ tu wolo ná tu o kwei o tete o sale Baŋa Wɛ yera ne, kotu yé ta nenɛɛne, “Baŋa Wɛ wó pa popɔra taa tigi amo de o tete nɔɔna bam tetare laŋa ne.” Ba na lwe nɔɔno wolo to de yé ta nenɛɛne, “Amo ye wo-koro mo.”
4 Baŋa Wɛ nam na tage tei to mo tento:
“Ko ná ye balo ba na lwe-ba to,
banto ná tɔge a siu dɛ chullu tem,
ye ba ke kolo na wó pwoli a wo to,
ba ta ná yɔɔre ba jege a ni-gwonim dem chekke,
5amo laam wó pa se ba na jeiŋa jei a tete diga kam ne.
A maa wó pa se ba na yere
na gare ba ya ná jege bu-baara de bukwa
se nɔɔna guli ba gula tei to.
A maa wó pa-ba yere delo na wó taa wora wuu
ye de bá fɔge de jei.
6Ko ta ná ye veira balo na tu ba sale amo Baŋa Wɛ yera ne
se ba taa toŋe ba pa-ne to,
banto ná swoi a yere dem ye ba zuli-ne,
ba ta daare ba yei a siu dɛ dem ni ne,
se ba yé chɔge ba tete de chullu tem,
ba maa ná yɔɔre ba jege a ni-gwonim dem chekke,
7banto mo a lage a ja-ba a yi a peo kolo na ye wose to,
se ba di ywoni amo wara-jei sem wone.
A laam maa wó sɛ a jwoŋi ba zwɛɛm pɛɛra,
de kaanem delo maama ba na ke a bimbini dem baŋa ne to.
Kokuri to, ba wó taa bwoi amo sɔŋɔ kom we,
wara-jei mo na zege dwi maama ŋwaane.”
8Yuu-tu Baŋa Wɛ nam mo ye wolo na lage Isarele tiina balo ya na jage jei maama ne to o ke daane.
Wonto mo tage o we:
“Amo ta wó la nɔɔna badwonna mo a ba a woli da,
ye ko dae balo a na maŋe a la a ke daane to yerane.”
Wɛ bwɛ puseŋ-nyena
9“Ba-na abam ga-vara bam maama!
Nwoŋi-na gaao wone de goa wone á ba á di á su!
10Balo na jege a nɔɔna bam ba nii to ye lilwoa mo.
Ba maa yeiri kolokolo kuri.
Ba ta nye de kukuri selo nia na pugi to mo,
ba ware se ba wei kɔtaa.
Ba yɔɔre ba tigi ba dwɛ dendwa yerane mo.
Ba maa tiini ba swoi dɔɔm dedɛ.
11Ba fera yam yɔɔre ya daga
ne kukuri fera na ye tei to mo.
Ba ba fɔge ba di ba sui.
Ba maa ye nayera balo yia na wo poore to.
Ba maama ke ba na lage tei to mo,
ye ba daare ba beeri nyɔɔre ba pa ba tete.
12Ba maa kare ba tɛ ba bere daane ba we,
‘Dé vo dé nyɔ sana!
Pa-na se dé nyɔ sa-dɛɛra dé su dé boboŋa.
Zem de jwa nam bá taa gare daane,
ye dé jwa wó di ywoni se ko ja gaale.’ ”",https://www.bible.com/bible/3661/ISA.56.KBG
IZAYA 57,"1Balo na kɔre Wɛ to yeini ba te,
ye nɔɔna yiga tera ko wone.
Balo na ke chega to yeini ba jei mo,
ye nɔɔn-nɔɔno yeiri ko kuri.
Nɔɔna ware se ba lɔre we, Wɛ mo kwei-ba o ja o kɛ
se lwarem yé yi-ba.
2Balo na yɔɔre ba tɔge chwoŋa to nam ná tega,
ba yeini ba na yazura mo,
ye ba daare ba si.
3Abam balo na nwoŋi vora dwi dem wone to,
fɔɔre-na á yi amo tei!
Á ye ka-tola de ka-bworru bia mo!
4Bera mo abam jege á ke á mɔna?
Bera mo á kaŋe á nia kayɔ-yɔlɔ
á jege-ba á twea?
Abam nam yɔɔre á ye zwabani-nyena dwi,
de vwa-fɔra yerane mo.
5Á na zuli á jwona tei-kamunnu tetare ne tei to,
á tigi teeni maama kuri ne á ke kabwoŋa kikia mo.
Á daa ta ma kwei á bia á kaane-ya bwollu tem ne,
mɛ gugworru na wo peero tem wone to.
6Abam yeini á tu bwollu kura ne
á beeri kandwa-siswollu se ya ji á jwona.
Yanto mo á swoi se á ta‑á zula.
Abam ma yeini á kwei wo-nyɔɔro pɛɛra
á lwo ya baŋa ne,
ye á ta pa-ya muni pɛɛra.
Á nam boŋe we, á wó ta‑á ke tento maama,
se amo ta taa ye chemm mo na?
7Abam ta yeini á diini peo maama yuu mo á ke kabwoŋa kikia
de á na kaane á jwona yam tei to.
8Abam ta yeini á zo á di sem wone á pe se nia,
ye á zege á jwona nyenyero da.
Á ma ve amo ye á daare á sɛ á pa jwona.
Á ma‑á yɔɔre á tɔge ya baŋa á ke sare-peiga,
de á na to sare wone á tigi de balo á fera na zoora to.
9Abam ta ma kwei nuga de talwoŋ-ywoŋa dedɛ
á ja á vo se á ma á zuli pɛ wom.
Á ma toŋe á nɔɔna se ba vo yiga yiga ba nii,
ko ná maŋe ko ye churu ne mo de.
10Abam na vei taa á beeri wa yadwonna tei to pɛ se á bugi mo.
De ko de, á ta wo sɛ se á ta we, “Ko ba jege kuri.”
Á ma jwoori á na dam-doore á pa á tete,
se á wane á ke á boboŋa yam na lage tei to.
11Abam nam kɔre foone de jwoni dɔ mo
pa se á daa ba jege amo chega?
Bɛŋwaane mo abam daa ba guli amo gula,
á nam maŋe á ba boŋe amo boboŋa de?
A na dáane ye a wo korese abam to ŋwaane mo,
á daa ba kɔre-ne na?
12Abam na ke kikia yalo ye á boŋe we ya tɔge chwoŋa to,
amo wó pa ya nwoŋi jaja,
ye á bá na nyɔɔre ya baŋa ne.
13Abam nam ná keeri á lage wolim,
á jwona yam wó wane ya woli abam na?
Vio tete yerane yi se ko kale-ya ko ja ko jei.
Siu fenfee yerane mo wó kale-ya ko ja ko kɛ.
Ko daare wolo ná sale amo Baŋa Wɛ yera ne,
kotu wó jwoŋi tega kam o taa tei,
ye o daare o taa zuli-ne a tete peo kom baŋa ne.
Balo wo na chɔge de ba wɛleera to wó sii
14Ba maa we:
“Fɔge á tiŋi-na chwo-fara kam!
Guri-na da-bunnu tem maama
se a nɔɔna na chwoŋa ba kɛ.”
15 Baŋa Wɛ wo wɛyuu baŋa baŋa mo ye o ba jege dwoŋi.
O maa ŋwe taa wuu, ye o yere dem ye wose.
Wonto nam tage tento mo:
“Amo seene a jeini wɛyuu jei sem ne
mɛ na ye wose to mo.
De ko de, a ta wora de balo na zoore ba tete tega ne
ye ba chuli ba wɛleera yam to,
se a pa nɔɔna bam konto dwi bochara bi.
16A bá yɔɔre a taa bwɛ a nɔɔna taa.
A bane dem nam bá taa wo ba baŋa ne wuu.
Ko ná dae konto, nabiina nagwola wó yɔɔre ya te mo,
de ko na maŋe ko ye amo mo pɛ ba jege ŋwea to de.
17Ba na tusi ba wo-loŋo ŋwaane to, mo a bane zaŋe de-ba.
A ma waare-ba ye a daare a seigi a yibia ba tei ne.
De ko de, ba ta yɔɔre ba ke zwabania
ne ba boboŋa na lage tei to mo.
18Amo seene a na ba kikia na ye tei to.
A nam ta wó pa ba na zurim.
Amo wó to ba yiga ne se ba lɔre chwoŋa kam,
ye a daare a pa se ba bochara zuri.
19A ta wó pa se balo na keeri lua to bage ba yage de wopwolo.”
Baŋa Wɛ daa ta maa we:
“Ko ná ye balo na wo yiga yiga to,
de balo na bwola to de,
amo wó pa ba bochara zuri.
A maa wó pa ba na zurim.
20Ko daare, puseŋ-nyena nye de naneo wo na-ŋone mo
na jaane se diini wɛɛne ye siu tera se ko pa se to.
Se maa yɔɔre se dole weero de bworu se yaga.”
21Amo Tu Wɛ wom na tage tei to mo tento:
“Puseŋ-nyena bam bá fɔge ba sii.”",https://www.bible.com/bible/3661/ISA.57.KBG
IZAYA 58,"Ni-vɔre delo na tɔge chwoŋa to taane
Baŋa Wɛ maa we:
1“Bage n yage wɛɛne!
Yé ta‑n chem.
Pa se n kwora zaŋe ne n wora n wui nabɔnɔ mo to.
Ta de a nɔɔna Jakob dwi tiina bam
ba zwabania kikia na ye tei to,
se ba lɔre ba na ke wɛleera yalo to.
2Dɛ maama wone ba fɔɔre ba twɛ amo tei mo.
Ba maa bere ba tete we, ba seene yia
se ba lɔre amo bera yam.
Ba kare ba ke ne ba ye nɔɔna balo na tɔge chwoŋa
ye ba wo yage ba Tu Wɛ wom nia yam to mo.
Ba maa tɛ de amo we, a bore chega bora a pa-ba,
ne ba ye balo na swoi se ba de Wɛ me daane to mo.
3Ba ta bwei amo mo ba we,
‘Bɛŋwaane mo dé vɔge dé nia,
ye nmo ba nii dé seeni?
Bɛ mo ke ye dé na gwooni dé tete tei to,
nmo wo maane ko ni ne?’
Nii-na! Abam na yeini á vɔ ni maŋa kalo ne to,
á ta ke á boboŋa na lage kolo to,
ye á bɛɛse balo na toŋe ba pa abam to mo.
4Abam ni-vɔre dem yeini de kweeli de jara de ni-kantɔgɔ mo.
Á maa swoi se á ta‑á mage daane de jagula.
Abam na yeini á vɔ ni tei konto to,
á boŋe we, amo wó cheigi á wɛ-lworo kom mo na?
5Á boŋe we, a wo pwoli de ni-vɔre dem konto dwoŋi mo na?
Ko ye se nɔɔna zoore ba tete tega ne dɛ dedwe yerane wone,
ye ba chɔɔle ba yuni tega ne,
ne gaaro mo gwoori na?
Ko ta ye se nɔɔna lware gare-nyenyaaro
se ba peini da de tentwarem wone mo na?
Abam jege konto mo á bwoi ni-vɔɔm na?
Á boŋe we, amo Baŋa Wɛ wo pwoli
de dɛ dem konto kikia mo na?
6Amo nam na beeri ni-vɔre delo dwoŋi to mo tento:
Ko ye se abam jwoŋi balo ba na vane-ba chega to mo á yage,
se á daa yé ta‑á bɛɛse balo na toŋe ba pae abam to.
Ko ta ná ye balo na wo cham wone to,
se á bwoli chegero telo na leigi ba ba ne to á yage,
se ba taa tei ba tete.
7Amo ta lage se á pɔɔre á wodiu mo á pa kana na jege balo to,
se á daare á pa yiniga tiina balo na ba jege tiga jei to pwola
se ba taa tiga á sam ne.
Balo na gɛ gwaaro se ba zo to,
se á pa-ba tedwonna.
Abam chorro maa ná lage se á woli-ba,
se á yé virigi á kwaga á ya-ba.
8Abam nam ná tɔge kikia yam konto dwoŋi,
amo zaane dem wó ba á baŋa ne mo,
ne wɛ-puli wea na yeini ka nwoŋi jaja tei to.
Á maa wó na á zurim lela.
Á nɔn-ŋonne kikia de wó nwoŋi ya taa vei á yiga ne,
se Baŋa Wɛ nenɔŋ-fɔrɔ kom de taa kwoli abam kwaga.
9Abam laam maa ná lwoori kolo maama Baŋa Wɛ tei ne,
o wó leiri abam ye o ke lela o ta we, ‘Nii-na ne da.’
Abam jege se á kwei á keim-chɛɛre dem á dole á yage,
se á daa yé bwɛ daane, naa á chwo da-kwaga.
10Á ta jege se á ta‑á pae kana na jege balo to wodiu,
ye á daare á woli balo na wo cham wone to.
Á ná ke wonnu tem konto dwoŋi,
á wó pa se pwooni pɔpɔ de ba
de zege lim wone de nye woŋaa,
se ko taa nye de wea ko pae abam.
11Maŋa maama mo Baŋa Wɛ wó taa nii á baŋa ne.
Te-kora ne mɛ seeni wea na dana to,
mo o lage o pa abam á na gɛ wonnu telo to,
se á yera yam fɔge ya ke dam.
Á wó ta‑á nye de gaare delo ba na yage na dedɛ da to mo,
naa buli-yi delo na na ba kɔe to mo.
12Abam dwi dem wó fɔge ba lɔ teo kom di-dwonnu tem mo.
Ba nam lage ba chwi ba sam dem
kabiri-beiri selo na maŋe se wora faŋa faŋa to baŋa ne mo.
Ba laam wó taa jege abam ba bwoi we,
‘Kabiri kwɛɛm lɔra’,
de ‘Chwo-fare de sam lɔra’ mo.
13Abam nam jege se á ta‑á yei siu dɛ chullu tem ni ne,
se á yé ke á boboŋa na lage tei to de wone,
de na ye wose de pa-ne to ŋwaane.
Á ta wó pa se siu dɛ dem taa tigi á bochara ne,
ye á nege-de, de na ye amo Baŋa Wɛ nyem to ŋwaane.
Á laam wó pɔɔre-de se de taa ye de yera,
se á kwei-de á pa amo.
Abam dae se á ke abam tete boboŋa na lage tei,
naa á ŋɔɔne ta-yɔɔro de wone.
14Á ná seene á ke keim dem konto dwoŋi,
á laam wó di ywoni amo Baŋa Wɛ ŋwaane.
A maa wó pa se á yere zaŋe tega kam maama ne,
ye á di nyɔɔre tega kalo a na kwei a pa á nabaaro Jakob to baŋa ne.”
Baŋa Wɛ ni dem mo konto.",https://www.bible.com/bible/3661/ISA.58.KBG
IZAYA 59,"Lwarem kikia taane
Bwɛɛm
1Chega ŋwaane to, ko dae we Baŋa Wɛ dam muri mo
se o wane o vere abam o yage.
O nam dae zɔ-kɔgɔ se á ta we,
o wo nigi á keira kam mo.
2Ko nam na ye tei to, abam tusim kikia mo chege chwoŋa
ye ya pɔɔre abam de á Tu Wɛ wom daane.
Á wɛleera yam mo pɛ se o kwoli o yibia de abam,
ye o ba ni á lworo kom.
3Kokuri to, abam yɔɔre á ye nɔn-gora mo.
Á je sem maa me de lwarem totoŋa
ye á nia yam de me de vwa fɔm.
Á ta maa swoi se á taa ŋɔɔne puseŋa botare á pae á dwonna.
4Nɔɔn-nɔɔno vae se chega kam taa toŋa
taana dim wone.
Ba ba bore taane de chwoŋa ne.
Ba nam swoi ganem mo de vwa fɔm de.
Ba yeini ba jeeli chichuŋu mo
se lwarem kikia puli ya taa daga.
5Ba boboŋa yam nye de kapɛ chechara mo.
Wolo ná di-ya, o wó te mo.
Ya dedoa maa ná lɔga,
kapaa mo wó nwoŋi da.
Ba na jeeli chɔgem tei to
nye de didwonkwogo na sɔ zwollu tei to mo.
6Ba nam ware se ba kwei zwollu tem konto ba nyaane gwaaro de.
Banto na toŋe totoŋa yalo to ba woli nɔɔna
se ba ma ba kwoli ba tete.
Ba jege lwarem kikia yerane mo ba ke,
ye ba jea totoŋa de maa ye nankɔɔre yerane.
7Ba yɔɔre ba wuuri mo de wɛleera keim.
Ba maa ye lela se ba go balo na wo maŋe se ba te to.
Ba boboŋa yɔɔre ya ye lwarem yerane mo.
Ba chwei sem maama maa ye chɔgem yerane.
8Banto yeiri bochare-zuru na ye woŋo kolo to.
Ba totoŋa maama ba tɔge chega.
Ba pipiri ba chwei sem pa se gugwoli mo.
Wolo maama na vei se wone to yeiri yazura na ye tei to.
Leirim
9Ko ye konto ŋwaane mo dé wo nɛ dé bora,
ye verem de wo tu dé tei ne.
Dé ya jei dé teene pwooni mo,
ye jei maama ye lim yerane ko pae debam.
Dé laam maa yɔɔre dé taana yibiri wone,
wea na tera dé tei ne to ŋwaane.
10Dé nye de lilwoa balo na kare ba taane kabira yera ne to mo.
Dé jege dé tete dé tiri dé toe wea tetare ne,
ne ko ga ye wɛ-zwora maŋa mo to.
Dé ná maŋe dé wo babɛ tei ne mo de,
dé ta bwona ne twa mo tei.
11Dé yɔɔre dé ŋuuri ne nywoŋ-kuri mo tei.
Dé ta maa keeri ŋwaŋa yerane
ne kunkwon-puura to.
Dé na lage se dé na dé bora to,
dé nam wo nɛ-ka.
Dé ta na teene se dé na verem to,
de yɔɔre de ye yiga yiga dedaane debam mo.
12Kokuri to, dé zwabania kikia yam tiini ya gaale Wɛ yiga ne.
Dé wɛleera yam tete mo jege debam ya yeigi ya pa‑o.
Dé na tusi mɛ maama ne to yɔɔre ko tigi mo jaja.
Dé yɔɔre dé sɛ we
dé ke dé sa n yiga ne mo.
13Dé zwabania gaale
ye dé ta lɔ dé Tu Baŋa Wɛ wom kwaga ne.
Dé ma pipiri dé kwɛ sem dé ya‑o.
Dé ta pɛ se bɛɛsem de vuvuga ba dé dwonna baŋa.
Dé maa na yeini dé boŋe vwa yalo to mo dé kare dé fɔe.
14Nɔɔna daa maa ba bore chega bora.
Nɔn-ŋonne kikia ye dáa dáa mo de dé teo kom.
Chega to ko nye de chwei sem yuu ne tete de,
ba mage gulu mo ba le lanyerane keim dé teo kom wone.
15Chega daa tere jei jei ne.
Wolo maama maa ná ve se o toŋe lwarem,
ba wó gilimi kotu se ba ja‑o mo.
Baŋa Wɛ bora borem
Baŋa Wɛ ma nii o na ko na ye tei to,
ye o wo chɔge zanzam
de chega borem daa na tera to.
16O maa na nii to, o nɛ we nɔɔno tera ba wone,
se kotu ŋɔɔne o pa balo na wo yaara wone to.
O yera ma sɔɔre ko ŋwaane.
Mo kokuri, wonto tete laam zo taane dem wone.
O na zege o tete chega wone to ma pa o na dam
se o jwoŋi-ba o yage.
17Ko na ye tei to, nɔn-ŋonne mo o kwei o kwoli o nyɔɔne.
O ma kwei verem o ji yu-gwoŋo o pu o yuu ne.
O ta ma kwei ka-yiri-jena mo o ji chwoŋa o vɔ-ka,
ye o daare o kwei yi-seena o daŋe te baŋa ne
ne gɔrɔ mo o daŋe o yera ne to.
18O nam lage o yiri jena ba baŋa ne,
se ko tɔge de ba kikia na ye tei to mo.
Konto to, o bane wó zaŋe o dona baŋa ne,
pa se o yiri jena banto baŋa ne,
ko ná maŋe ko ye sa-teena balo na zoore naneo kom ni ne to de.
19Balo na zoore wɛ-zoore seeni to wó taa kɔre Baŋa Wɛ yere dem.
Balo na wo wɛ-puli seeni to de wó zuli‑o,
o nenɔŋ-fɔrɔ kom ŋwaane.
O nam lage o li-ba ne na-fɔrɔ na fufugi tei
de Baŋa Wɛ na pɛ vio dole ba baŋa ne to mo.
20 Baŋa Wɛ na tage tei to mo tento:
“Jwoŋinu wom nam wó ba Zion teo kom ne,
se o jwoŋi Jakob dwi delo na ve ba wɛleera yam to o yage.
21Amo nam na gwoni ni de a nɔɔna bam tei to mo tento: Amo Jworo kom na wo abam baŋa ne to, ko daa bá viiri ko daare abam. Amo botare selo a na ke abam ni ne to de bá fɔge se ti abam de á bia bam nia ne. Se nam ta bá ti á bia dwi dem de nia ne. Se wó taa wo á tei ne mo taa, se ko taa vei wuu.”
Baŋa Wɛ na tage kolo to mo konto.",https://www.bible.com/bible/3661/ISA.59.KBG
IZAYA 60,"Jerusalem teo wó na zula
1Jerusalem, zaŋe wɛɛne,
se nmo maŋa mo tento ka yia.
Wea mo tu ka pa n na pwooni.
Ko nam ye Baŋa Wɛ nenɔŋ-fɔrɔ kom mo nye n baŋa ne.
2Nii mo! Lim mo kwoli tega baŋa maama
ye de li dwi-gɛ tiina bam.
Ko nam ná ye nmo,
Baŋa Wɛ tete mo nye pwooni n baŋa ne.
O nenɔŋ-fɔrɔ kom de bere jaja n baŋa ne.
3 Dwi-gɛ tiina wó ba ba zo n pwooni dem wone.
Pwa de maa wó ba se ba da ba na
á tega kam na poore tei to.
4Kwoni n yuu se n nii kolo na jege ko ke jei maama ne to.
Nɔɔna bam maama tɔge daane
ba maa beene n tei.
N bu-baara bam nwoŋi yiga yiga ne ba beene.
Ba maa peili n bukwa bam ba maa jwoora.
5Nmo laam ná nɛ konto maama,
n wo wó pwoli,
ye n yera taa sae de wopwolo,
de n na jege teera ba ŋwaane to.
Ba nam wó zeŋe sa-teene dem jejegero
ba ja ba ba ba pa‑m,
se dwi-gɛ tiina bam jejaano ji nmo nyem.
6Kona dedɛ wó ba ya su
nmo laŋa kam,
ya na ye Midian teo kona
de Efa teo kona.
Seba tiina bam dé wó tɔge ba ba
ye ba zeŋe sabu-seŋa de talwoŋ-ywoŋa ba ja ba ba.
Ba wó taa leeni ba tei Baŋa Wɛ.
7Ba ta wó ja Kedare teo pei-kɔgɔ maama ba ba ba pa nmo,
ye ba daare ba ke Nebayofa teo pi-bale sem n jeŋa ne.
Ba laam wó kwei-se ba ma ke kaanem a bimbini dem baŋa ne,
ye a sɛ a jwoŋi-se.
Ko maama wó pa se a tete di-laao kom na zula dedɛ.
8Bɛ mo tento te vei mare-mare te beene?
Te maa nye de kunkwonnu na dole tei wɛɛne to,
ye te ta nye de kunkwona balo na jaane ba maa vei ba pworu to.
9Te ye nabwooru telo na nwoŋi Tarasisi pipiu ŋwaane
ye te tɔge naneo baŋa te beene to mo.
Balo na zoore naneo ni teene dem ne to
ke ba teena amo wone.
Nabwooru tem konto zege yiga yiga ne
te jege nmo Jerusalem nɔn-bia bam mo te maa beena.
Lu-nyenno de sabu-seŋa nam mo wo te wone,
ba na jege-te ba beene
se ba ma ba zuli n Tu Baŋa Wɛ wom
na ye Isarele dwi dem Wo-pwoŋo Tu wom to.
Kokuri to, wonto yɔɔre o pa se nmo na nenɔŋ-fɔrɔ mo.
10Sa-teena mo lage ba fɔge ba lɔ n kabiri sem ba zege,
ye ba pwa de maa wó taa toŋe ba pa‑m.
A ya dɛ a ban-zɔŋɔ ŋwaane mo a chɔge‑m.
A zaane dem ŋwaane nam,
a daa wó duri n ŋwaŋa.
11Nmo teo nia yam wó taa pore ya yage mo wuu.
Maŋa maama wone, ba bá pe-ya ba zege,
wea ne, naa tete ne de.
Konto mo wó pa chwoŋa se ba ja dwi-gɛ tiina bam jejegero
ba ba ba zo n teo kom wone ba pa‑m.
Ba pwa bam dé wó tɔge da ba sɛ ba pa‑m.
12Teo kolo tiina ná ve se ba zo abam dam kuri ne,
banto wó na chɔgem mo pa se ba jei tega kam baŋa ne.
13Ba wó zeŋe Lebanon teo wo-laaro mo ba ja ba ba pa nmo.
Tento ye ba tei-dedwaaro da-ŋonno tem dwi maama.
Ba laam wó kwei-te ba fɔge ba kwɛ a diga kam,
se a jeiŋa jei taa jege nenɔŋa lanyerane.
14Balo déem na jege‑m ba bɛɛse to bia wó ba ba tiiri nmo yiga ne.
Balo de ya na jege‑m ba gwooni to maa wó chɔɔle tega ne ba pa‑m.
Ba laam wó taa bwoi n yere we,
‘Baŋa Wɛ tete teo kom’,
dedaane ‘Zion na ye Isarele dwi dem Wo-pwoŋo Tu wom to teo’.
15Nmo déem ye teo kolo nɔɔna na chuli,
ye ba vae se ba tɔge n seeni ba kɛ to mo.
A nam lage a pa se nɔɔna taa jege nmo mo ba ke teera
se ko taa vei wuu.
Nmo wó pa se nɔɔna maama de ba bia taa jege wopwolo taa wuu.
16Sa-teene de pwa mo lage ba taa nii n baŋa ne,
ne bu nu na jege‑o o kɔne tei to.
Nmo laam wó lɔre we, amo Baŋa Wɛ mo ye n Jwoŋinu.
A maa ye Jakob dwi tiina Dam Tu wom
na wó vere‑m o yage to.
17Nmo ya na teene channa to,
a lage a pa‑m sabu-seŋa mo.
Nmo ya na teene luuru to,
a maa wó pa‑m lu-nyenno.
A ta wó kwei channa a pa‑m se ko leiri dɛ yuu ne,
ye a daare a pa‑m luuru se te leiri kandwa yuu ne.
A lage a pa yazura mo taa ye teo kom dedɛɛro.
Nɔn-ŋonne de maa wó taa ye n yuu tu.
18Chichuŋu sɔɔ daa bá taa ke n te-nia yam ne.
Chɔgem de vuvuga nam bá zo n siseina yam maama ne.
Nmo teo kabiri sem yere laam mo wó taa ye ‘Verem’,
ye ni-bworru telo na pe teo kom to yere taa ye ‘Tia’.
19Nmo daa bá ta‑n lage wea se ka pa‑m pwooni wea maŋa ne,
naa se chana kam de taa pa‑m pwooni tete ne.
Kokuri to, n Tu Baŋa Wɛ tete mo wó ji pwooni
delo na nye n baŋa ne taa wuu to.
Wonto tete mo wó pa n ta‑n jege nenɔŋ-fɔrɔ lanyerane.
20Wɛ dem daa bá to de pa‑m.
Chana kam de nam daa bá tu kuri nmo laŋa kam ne.
Baŋa Wɛ wom tete mo wó taa ye pwooni
o nye n baŋa ne taa wuu.
Nmo wo-chechɔgɔ maŋa kam laam wó ti.
21Maŋa kam konto ne mo
nmo nɔn-bia bam maama wó taa tɔge chega chwoŋa.
Ba laam wó jwoŋi tega kam ba taa tei wuu.
Amo tete nam mo lage a jeiri-ba de a je,
se ba ta ba nwoŋi ye ba bere a nenɔŋa kam jaja.
22Wolo na muri ba wone to wó ji sɔ-yuu kamunu.
Wolo de na ye balaŋa to de wó puli o ji te-fɔrɔ.
Amo mo ye Baŋa Wɛ wom.
Maŋa kam ná yia, a wó ke wonnu tento maama lela.",https://www.bible.com/bible/3661/ISA.60.KBG
IZAYA 61,"Baŋa Wɛ zaane dem taane
1Yuu-tu Baŋa Wɛ Jworo kom mo wo amo baŋa ne.
Kokuri to, o tiŋi-ne mo
se a tɔɔle o kwor-ywoŋa kam a bere yiniga tiina.
O toŋe-ne se a pa balo wo na chɔge to na zurim,
se a daare a tɔɔle we,
balo nɔɔna yiga na chege to wó taa tei ba tete,
ye balo na wo peena diga ne to de nwoŋi pwooni yiga.
2O ta toŋe-ne se a pa o kwora nwoŋi we,
bene delo Baŋa Wɛ na wó ba o fɔge o nɔɔna bam to laam yia.
Ko nam ye maŋa kalo o na wó yiri jene ba dona baŋa ne to mo.
O ma toŋe-ne se a pa balo maama na keeri wo-chechɔgɔ ŋwaane to bochara zuri,
3se balo na wo Zion teo wone ye ba yiga nyɔne to na zeinim.
Ba wó taa jege lam mo ba ma ba pu ba yuni,
se de leiri tentwarem yuu ne.
Ba maa wó jwoŋi nuga kalo na zege wopwolo ŋwaane to,
se ka leiri ba keira kam yuu ne.
Ba ta wó taa jege tia lei ba leena,
se ko leiri wo-chechɔgɔ kolo na jege-ba to yuu ne.
Nɔɔna wó taa jege-ba ba bwoi we,
tei-kamunnu telo na zege chega ŋwaane
ye Baŋa Wɛ jeiri-te se te bere o nenɔŋa kam jaja to.
4Banto mo wó fɔge ba lɔ faŋa faŋa teene dem,
se de di-dwonnu tem jwoori te zege.
Ba wó jwoori ba lɔ teene delo ya na to de saare ko dáane to.
5“Veira mo lage ba taa yere abam pei sem.
Sa-teena de maa wó taa vare á kare sem,
ye ba toŋe á Vini teeni kadwi sem wone ba pa abam.
6Nɔɔna wó taa bwoi abam we,
debam Tu Baŋa Wɛ tete kaanem tiina
balo na toŋe ba pa‑o to.
Ba wó kwei dwi-gɛ tiina jejegero mo ba ma kɔne abam.
Á de maa wó taa jege teera ba jejegero tem ŋwaane.
7Abam wó na nyɔɔre kuni belei mo
se ko leiri á chaveera yam yuu ne.
A nɔɔna bam yu-yɔlɔ kom wó jei mo,
se ba daare ba di ywoni ba tega kam ŋwaane.
Ba wó na nyɔɔre kuni belei mo ba tega kam baŋa ne.
Ba ta wó taa jege wopwolo se ko taa vei wuu.
8Kokuri to, amo Baŋa Wɛ swoi se chega kam mo taa toŋa.
A nam chuli vero de keim-balwaaro dwi maama.
A na zege a chega wone to ŋwaane mo
a lage a pa ba jwoŋi ŋweero
se a daare a ke ni-gwonim delo na wó taa wora taa wuu to de-ba.
9 Dwi-gɛ tiina bam wó taa yei ba bia bam ni ne,
ye nɔɔna maama ni ba kwaga kam ŋwa.
Balo maama nam ná nɛ-ba,
ba wó sɛ we, Baŋa Wɛ mo seene o swɛ ba swolim.”
10Amo tiini a di ywoni a Tu Baŋa Wɛ wom ŋwaane.
O maa pae a yɔɔre a chaka.
Kokuri to, o pɛ a na verem,
ne gɔrɔ mo o kwei o zo-ne.
O ta ma kwei nɔn-ŋonne o pa-ne,
ne gare-bwora mo a zoa to.
A maa nye de kan-baro wolo na kwɛ o yuu
ne kaanem tiina na kwɛ ba yuni tei to,
naa ka-dooro na kwɛ o tete de kandwa-nyenno
se o zo o baro ye o ye tei to.
11Ko ta nye de tega kam na pae se wo-bia nwoŋi
ye ba daare ba ke wodiiru tei to.
Konto dwoŋi mo Yuu-tu Baŋa Wɛ lage o pa se chega taa toŋa,
se o nɔɔna bam taa tei‑o dwi-gɛ tiina bam maama yiga ne.",https://www.bible.com/bible/3661/ISA.61.KBG
IZAYA 62,"Baŋa Wɛ yi page Zion baŋa ne
1Zion teo nɔn-bia bam ŋwaane mo,
amo bá taa ye chemm.
A na beeri Jerusalem teo kom zeinim to,
a bá maŋe da konto.
A maa lage se chega taa toŋa teo kom wone jaja,
ne wɛ na bobo de puli tei to,
se ko nɔɔna bam na verem
ne min-mɔɔle na di de zaŋe tei to.
2Jerusalem, dwi-gɛ tiina bam wó nii ba na
chega na toŋe n wone tei to.
Pwa maama de wó na nmo nenɔŋa kam.
Nɔɔna wó taa jege yere-doore mo ba mae ba bwoi‑m.
De nam wó taa ye yere delo
Baŋa Wɛ tete mo na wó kwei o pa nmo to.
3N na wo Baŋa Wɛ jeŋa ne to,
nmo wó ta‑n jege nenɔŋ-fɔrɔ n pa‑o,
ne paare yipuga mo tei.
4Ba daa bá taa jege‑m ba bwoi we,
‘Teo kolo Wɛ na swei ko ni ne to’.
Ba nam bá pa n tega kam yere we,
‘Kaane wolo ba na yage to’.
Ba laam wó taa jege‑m ba bwoi we,
‘A yi page o baŋa ne’ mo.
N tega kam yere maa wó taa ye,
‘Kaane wolo na zo baro to’.
Kokuri to Baŋa Wɛ yi wó taa page nmo baŋa ne,
ye o wo wó da n tega kam,
nenɛɛne o na swo kaane tei to.
5Nmo nɔɔna bam wó taa jege wopwolo se ba taa zoore nmo wone,
ne nɔn-doŋo na swo ka-bwom o ma ji o kaane tei to mo.
Nmo Tu Wɛ wom de maa wó di ywoni nmo ŋwaane,
ne kan-baro na jege wopwolo de o ka-dooro tei to.
6Jerusalem, amo kwei yerena mo a zege n teo kabiri sem baŋa ne.
Banto bá fɔge ba pu ba nia wea de tete maama ne.
Abam balo na yeini á keeri á jare Baŋa Wɛ to,
yé sii-na kɔtaa.
7Á nam yé pa-na Baŋa Wɛ pwola se o sii,
ko ná dae we o jwoori o pa Jerusalem teo kom fɔge ko zege,
pa se ko yere zaŋe tega baŋa jei maama ne.
8 Baŋa Wɛ dugi duuri mo ko tɔge o dam dem ŋwaane
ye o we:
“Amo daa bá kwei abam wodiiru tem
a pa á dona se ba di ba daare abam.
Veira de nam daa bá nyɔ sa-doora balo á na yaare á na to.
9Ko nam na ye tei to,
balo na gwei ba wodiiru ba zo diga to mo wó di-te,
ye ba daare ba zuli Baŋa Wɛ.
Balo de na gwori Vini tio-bia bam to
wó zo amo wara-jei konkwallo tem mo
ba nyɔ sa-doora balo ba tete na ke to.”
10Tɔge-na teo kom nia yam á nwoŋi ko wone!
Ba-na á kwɛ chwoŋa kam á pa nɔɔna bam.
Fɔge á lɔ-na pempale dem,
se á daare á bibili kandwa-zana yam á yage dáa ne.
Zeiŋi-na tuta wɛɛne se logo baŋa teene dem maama na.
11 Baŋa Wɛ pɛ se o kwora yi tega baŋa ni maama mo, ye o we:
“Ta-na á bere Zion nɔn-bia bam we,
‘Nii-na! Yuu-tu Baŋa Wɛ wom maa beene de baare mo!
O nam tei nɔɔna de dam-fɔrɔ mo.
Nii-na. O jege o ŋweero mo o beena.
Nyɔɔre delo o na nɛ to maa tɔge o yiga de via.’ ”
12Ba maa wó taa bwoi banto we,
‘Nɔɔna balo na ye wose Wɛ ŋwaane to’,
de ‘Nɔɔna balo Baŋa Wɛ na vere to’.
Ba ta wó taa bwoi nmo Jerusalem teo we,
‘Teo kolo nɔɔna na jege ko fera to’,
de ‘Teo kolo ba na wo nwoŋi ba yage-ko to’.",https://www.bible.com/bible/3661/ISA.62.KBG
IZAYA 63,"Wɛ wó yiri jene nɔɔna baŋa ne
1Wɔ mo tento o nwoŋi Edom teo Bozera seeni o maa beene?
O maa beene ye o zo gare-sonno chwɛ-chwɛ.
Wɔ mo konto ye o zo nenɔŋa gwaaro?
Kotu gwɛ de o dam-fɔrɔ o vei mo.
“Ko ye amo mo beene konto.
A kwora kam bere verem taane mo,
ye a jege dam se a jwoŋi nɔɔna a yage.”
2Bɛ nam mo ke ye n gwaaro tem seene konto?
Nmo nye de wolo na nɔne Vini tio-bia pa ba nyoa nwoŋi to mo.
3“Ko na ye tei to, amo yerane mo nɔne Vini tio-bia bam,
ye nɔɔn-nɔɔno wo nwoŋi logo baŋa dwi tiina bam wone
se o ba o woli-ne.
A ban-zɔŋɔ kom ŋwaane mo a yɔɔre a nɔne a dona bam.
Ba jana bam ma chaŋe ba ke a gwaaro tem yera ne,
ye ko laam pa se te seene konto.
4Kokuri to, a ke a boboŋa ne se a waare a dona bam mo,
se a daare a jwoŋi a nɔɔna bam a yage.
5A maa nii jei maama ye nɔɔn-nɔɔno tera se o woli-ne.
Ko so-ne de a na wo nɛ nɔɔno se o woli-ne to.
A nam tɔge a tete dam ŋwaane mo a wane-ba.
A ban-lom dem mo pɛ se a di-ba.
6A bane na zaŋe konto to,
a nɔne logo baŋa teene dem baŋa ne mo.
A ma pa se ba nyɔ a ban-lom dem sana ba su,
ye a daare a lwo ba jana bam a yage tega ne.”
Wɛ zaane dem taane
7Amo wó ta Baŋa Wɛ swono kolo na ba ti to taane mo,
de o kikia yalo na maŋe se nɔɔna tei‑o ya ŋwaane to taane,
se ko tɔge de o na ke kolo maama o pa debam to.
O nam seene o da o zaane dem ŋwaane mo o ke wo-kamuna
o pa Isarele tiina bam.
Ko ye o na jege ba ŋwaŋa
ye o yɔɔre o swo-ba to ŋwaane mo o ke konto.
8 Baŋa Wɛ ma ta o we,
“Ba seene ba ye amo tete nɔɔna mo.
Ba nam daa bá fɔ vwa ba pa-ne.”
Konto to o ma ji ba Jwoŋinu.
9Ba déem na wo yaara wone to,
o de tɔge o yaare mo.
O ma tɔge o tete maleka kam baŋa o jwoŋi-ba o yage.
O swono de o ŋwaŋa kam ŋwaane mo o vere-ba.
Faŋa faŋa to mo o gɔ-ba o zeŋe taa.
10De ko de, ba ta nwoŋi Wɛ kwaga ne mo,
pa se o Jwori-laao kom wo chɔge.
Ko ma pa se o pipiri o ji ba dono,
ye o daare o ke chichuŋu de-ba.
11Wɛ nɔɔna bam laam ma guli faŋa kam gula,
de ko na ye tei Moses de o kwaga nɔɔna bam maŋa kam ne to.
Ba ma bwei daane ba we:
“Bɛ mo ke ye wolo déem na tɔge Isarele tiina bam yiga
ye ba bɛ naneo kom pa Moses yere-ba to daa tera?
Wolo déem na pɛ o Jwori-laao kom wo ba tei ne to daa bɛ?
12Wonto déem mɛ o dam-fɔrɔ kom o tɔge Moses baŋa ne
o pɔɔre naneo kom belei ye Isarele tiina bam bɛ.
Ko ma pa se Wɛ na yere delo na wora taa wuu to.
13Wonto déem mo dɛ ba yiga
ye ba zo na-luŋa wone ba bɛ.
Ba maa nye de sisein-nɔɔna balo na wurigi kagoa yuu ne to.
Ba wo tiri ba to tega ne.
14 Baŋa Wɛ Jworo kom de déem pɛ se ba na siu,
ne naane na tɔge bwolo wone de kɛ to.
Konto mo nmo déem nii n nɔɔna bam baŋa ne,
se n na yere delo na tiini de lana to n pa n tete.
15 Baŋa Wɛ, nam zege telaao ne,
jeiga kalo na ye wose ye ka jege nenɔŋ-fɔrɔ to,
n tiiri n nii kolo na jege ko ke debam to.
Nmo yi-seena de n dam-fɔrɔ kom daa bɛ?
Bɛ mo ye n yiga daa tera dé wone se n duri dé ŋwaŋa?
16Nmo nam mo ye debam Kwo.
Dé nabaaro Abaraham ná maŋe o yeiri debam,
ye dé kwo Isarele yiga ná tera dé wone de,
nmo Baŋa Wɛ ta wó ta‑n ye debam Kwo mo.
Ko nwoŋi faŋa to, n yere dem mo ye debam Jwoŋinu.
17 Baŋa Wɛ, bɛŋwaane mo n sɛ
pa se dé pipiri dé ywori n chwoŋa kam ne?
N ta pɛ se dé wo ke dam mo,
pa dé daa ba kɔre‑m.
Jwoori n ba n woli debam,
se dé ye n tontoŋena mo.
Dé maa ye dwia yalo n na kuri se ba taa ye nyem to.
18Maŋa fenfee wone n tete nɔɔna bam ya tei n tega kam mo.
Nam nii, dé dona laam mo tu
ba nɔne n tete diga kam baŋa ne.
19Ko yeini ko ke ne debam ga dae nmo nɔɔna mo,
naa nmo ga ba tei debam mo
se n ta‑n nii debam baŋa ne.”",https://www.bible.com/bible/3661/ISA.63.KBG
IZAYA 64,"1Nmo ya ná kɔɔre wɛyuu kom n ke dáa ne,
ye n laam tu n ba tega baŋa,
peero tem maama ya bá taa ziziŋi mo nmo yiga ne na?
2Ko ya wó taa ye ne mini na jaane da-dwa
pa se na chore de baŋa ne tei to.
Nmo de nam tu se n pa dwi-gɛ tiina bam yera taa sae,
n dona na wó lɔre n yere dem dam to ŋwaane.
3N déem na ke wo-kenkagela yalo
dé na ba teene ya teena to,
n tete mo tu n ba,
ye peero tem yɔɔre te ziziŋi n yiga ne.
4Ko nam maŋe ko nwoŋi faŋa mo
ye nɔɔn-nɔɔno wo nigi Wɛ dedwoŋi na nye de nmo to ŋwa.
Ko maa wo to ba zwa ne,
ye ba yia de ta wo nɛ nmo dwoŋi.
Nmo nam toŋe n woli balo na ke ba teena dede‑m to mo.
5Nmo yeini n woli balo na pae chega toŋa de ba wo-ywoŋo,
ye ba daare ba tɔge n chwei sem to mo.
Debam nam tiini dé tusi mo taa,
pa se n bane zaŋe dé baŋa ne.
Konto to, dé wó wane dé na verem tetɛ seeni mo?
6Wɛleera mo lɔgese debam yera maama pa se dé digiri.
Dé ná maŋe dé kwaane dé toŋe chega tei de,
dé totoŋ-laaro ta ye ne kaane na liŋi o gare-zezɔŋɔ kolo to mo.
Dé wɛleera yam maa wó kale debam maama ya ja jei,
ne vɔɔro telo na kwaare ye vio pa te jei tei to.
7Nɔɔn-nɔɔno nam ba bwoi n yere dem
se n zeini konto tu.
Ba maa ba kwaana se ba ja n naga.
Kokuri to, n mɛ n kwaga n ya debam mo,
ye n daare n yage debam
pa se dé maŋe dé wɛleera yam dam kuri ne.
8De ko de, Dé Tu Baŋa Wɛ, nmo ta mo ye debam Kwo.
Debam nye de dɔgɔ mo n jeŋa ne.
Nmo ma‑n ye kamɔ-mɔro wom.
Nmo mo kwei n jeŋa n mɔ debam pa dé wora.
9 Baŋa Wɛ, nam yé tiini n pa n bane zaŋe de debam se ko kɛ jeŋa.
Yé ta‑n yɔɔre n guli dé wɛleera yam gula taa wuu.
Ja! Nii debam de ŋwaŋa,
se debam maama ye nmo nɔɔna mo.
10Teene delo nmo na kuri se de taa ye n nyem to laam jigi kagoa mo.
Zion peo kom tete jigi kagoa.
Chega to, Jerusalem teo ye di-dwonnu yerane mo.
11Ko ta ná ye dé Wɛ diga kam na ye wose
ye ka jege nenɔŋa pa se dé kwoa déem zuli‑m ka wone to,
ba tu ba zwɛ-ka de mini ba de tega ne mo.
Ko ma pa se wonnu telo maama dé boboŋa ya na tigi te baŋa ne to
laam yɔɔre te chɔge.
12 Baŋa Wɛ, tento maama nam na jege te ke to,
n yiga tera mo na?
N ta wó maŋe da chemm mo,
ye n jege debam n waara se ko kɛ dé jaanem na?",https://www.bible.com/bible/3661/ISA.64.KBG
IZAYA 65,"Waarem de verem taane
Baŋa Wɛ tage o we:
1“Balo na wo bwei amo bwia to
mo a pɛ-ba chwoŋa se ba lɔre-ne.
A ta ma le a tete
a bere balo na wo beeri a jei to.
Teo kolo nɔɔna na wo bwoŋi a yere se a woli-ba to
mo a tage de-ba a we, ‘Nii-ne da ywoo!’
2Maŋa maama wone amo yɔɔre a twe a je mo
se a jeeri a nɔɔna bam,
de ba na maŋe ba ye zwabani-nyena tei to de.
Ba nam kare ba vei chwei selo na wo maŋe to wone mo,
ye ba ke wonnu telo ba tete boboŋa na lage to.
3Ba ma yeini ba ke ba chɔge a yiga
ye chaveera ba jege-ba.
Ba swoi se ba taa ke kaanem ba pae jwona mo
liri-mwa tiina kara wone.
Ba ta daare ba zwɛ talwoŋ-ywoŋa ba pa-ya
bimbina yalo ba na mɛ wara ba lɔ to baŋa ne.
4Tete ne ba ma vei yibeela jei ne,
ye ba seigi ba tete gugworru wone.
Ba ma daare ba di teira,
ye ba furi wo-zɔɔna dwi dwi nɔna nyoa ba kabeili sem wone.
5De ko maama de, ba ta yeini ba tɛ ba bere daane mo we,
‘Ja n tete se n yé fɔɔre n yi a yera,
se amo ye wose mo Wɛ ŋwaane a dwoi nmo!’
Nɔɔna bam konto nam nye de nyoa na zo a momwa wone,
naa mini delo na wora dɛ dem maama wone ye de ba dwei to mo.
6Nam nii-na! A boboŋa na jaane se a ke kolo to
maŋe ko popone ko tigi a yiga ne we:
A daa bá taa ye chemm.
A lage a yiri a jene maama mo ba yuu ne,
se ko maŋe de ba kikia yam na ye tei to.
7Ba jege se ba ŋwe ba tete wɛleera
de ba kwoa wɛleera yam jene maama mo.”
Baŋa Wɛ mo tage konto.
“Kokuri to, ba ke kaanem ba pa jwona peero yuni ne,
ye ba ta ke konto dwoŋi ba ma chɔge a yere
zwonnu tem baŋa ne.
Konto ŋwaane amo de wó pa ko zo ba yera mo
se a yiri a jene maama ba yuu ne.
Ko nam wó maŋe de ba totoŋa na ye tei to mo.”
8 Baŋa Wɛ na tage tei to mo tento:
“Ne nyoa ta ná yeini ba wo tio bu-zɔgɔ wone
ye nɔɔna tɛ ba we, ‘Yé chɔge-ko,
se ko ta jege nyɔɔre ko pa‑m’ tei to,
konto mo amo de wó ke de a tontoŋena bam.
A nam bá chɔge ba maama.
9Amo wó pa se Jakob na dwi,
ye a ta pa se Judah de na kwaga,
pa se ba jwoŋi amo peero laŋa kam ba taa tei.
Nɔɔna balo a na kuri to mo wó taa tei-te,
ye dáane mo a tontoŋena bam wó taa zoora.
10Saron laŋa kam wó ji jei selo nɔɔna na kale ba pei ba via
se se taa di gaao to.
Nɔɔna maa wó kale ba naane ba ja ba vo Akore bwolo kom ne,
se de na wodiu ye de daare de sii da.
Jei sem konto wó taa ye a nɔɔna balo
na kwaane se ba lɔre-ne to nyem mo.
11Ko nam ná ye abam balo na ve amo Baŋa Wɛ
ye á ba lage se á zuli-ne a tete peo kom baŋa ne to,
a lage a chɔge abam mo.
Á yeini á kwei wodiiru de sana dwi dwi mo,
á ma á zuli á wa-yɔɔro tem,
te yera na ye ‘Yu-ywoŋo’, de ‘Jwa taane’ to.
12Amo jwa seeni wó pa se abam te jara wone.
Abam wone nɔɔno maama wó kuni dwoona ye ba go‑o.
Kokuri to, a na bwoŋi abam to, á wo leiri-ne.
A ma ŋɔɔne de abam
ye á wo cheigi a taane dem.
Á nam yɔɔre á ke lwarem mo á chɔge amo yiga,
ye á kuri kolo a na vae to á pa á tete.”
13Yuu-tu Baŋa Wɛ nam na tage tei to mo tento:
“Amo tontoŋena bam wó taa di ba sui mo,
ye kana nam jege abam ka goe.
A tontoŋena bam maa wó taa nyɔ ba sui ba boboŋa,
ye na-nyɔm jege abam de ni.
A tontoŋena bam wó taa chaka de wopwolo,
ye chaveera nam yɔɔre ya ja abam.
14Amo nɔɔna bam wó leeni wopwolo lei de ba bochara maama.
Ko nam ná ye abam, á wó tiini á keeri de kwor-dɛa,
de á wo na pɛ to ŋwaane.
15A nɔɔna bam a na kuri to ná lage ba sɔɔle lwarem ba pa nɔɔno,
mo ba wó bwoŋi á yere ba yage kotu yera ne.
Yuu-tu Baŋa Wɛ wó pa se abam te,
se ko ná ye o tete nɔɔna bam,
o wó kwei yere dedwoŋi o pa-ba.
16Logo baŋa ne wolo maama ná yeini o boŋe se o sɔɔle Wɛ swolim
o yage o dwoŋi baŋa ne,
kotu wó ke konto Chega Tu Wɛ wom yere ŋwaane mo.
Logo baŋa ne wolo nam ná boŋe se o gwoni ni,
kotu de wó kwei Chega Tu Wɛ wom yere o du.
Kokuri to, faŋa faŋa lɛɛro tem daa tera
ye amo de swei te ni ne mo.
Wɛyuu-doŋo de te-doŋa taane
17Nii-na! Amo lage a naane wɛyuu-doŋo mo,
ye a ke te-doŋa de.
Ba laam wó swei boboa wonnu tem ni ne.
Ba maŋe ba bá boŋe te boboŋa.
18Nam ta‑á jege na wopwolo
de amo na lage a naane wonnu telo to,
ye á ta‑á chaka taa wuu.
Kokuri to, amo wó naane Jerusalem
se ko pa nɔɔna na ywoni.
Ko nɔn-bia bam de wó pa wopwolo taa tui.
19Amo yi wó taa page Jerusalem teo kom baŋa ne,
ye a nɔɔna bam de ja ywoni ba ba ba pa-ne.
Ba daa bá taa keera, naa ba kane yi-na
teo kom konto wone maŋa de maŋa.
20Bu-sese daa bá taa jwoora te teo kom konto wone kɔtaa!
Nɔn-kwe de nam bá te ye se wo yi se maŋa.
Nɔɔno ná tega bena bi maŋa ne,
ba wó ta we, bu mo jwoori.
Wolo nam ná tega ye o wo yi bena bi,
ba wó ta we, Wɛ sɔɔle lwarem o yage kotu yuu ne mo.
21Maŋa kam konto ne,
nɔɔna wó lɔ ba sam ye ba zo de wone.
Ba maa ná jeiri ba Vini teeni kare,
ba wó di de bia bam.
22Ba daa bá lɔ sam se nɔɔna badwonna zo de wone,
naa ba jeiri teeni se nɔɔna badwonna di de bia.
Kokuri to, a nɔɔna bam ŋwea de laam wó taa dáane mo,
ne teeni na yeini de dáane tei ye de to to.
Amo na kuri balo to wó dáane logo kom ne,
se ba di ba totoŋa yam nyɔɔre.
23Ba bá toŋe kafɛ ŋwaane.
Ba nam bá lo bia se ba bia bam na lɛɛro.
Kokuri to, Baŋa Wɛ lage o swɛ o nɔɔna bam swolim mo,
ba de ba dwi dem maama.
24Amo wó leiri ba lworo,
ye ba ta wo bwoŋi-ne.
Ba ta na wora ba ŋɔɔne de amo to,
mo a lage a sɛ ba lworo kom a pa-ba.
25Wiiru de pipeila wó taa zege jeiga dedoa ne ba di.
Nywoŋo de maa wó taa di gaao,
ne nabea na ke tei to.
Basankwea nam wó yɔɔre ka taa di kasolo yerane mo.
Amo tete peo kom na ye wose to ne mo
nɔɔn-nɔɔno daa bá ke o dwoŋi zonne,
naa o ke o chɔge woŋo baŋa ne.”
Baŋa Wɛ mo tage konto.",https://www.bible.com/bible/3661/ISA.65.KBG
IZAYA 66,"Baŋa Wɛ wó waare logo baŋa teene dem
1 Baŋa Wɛ na tage tei to mo tento:
“Wɛyuu kom mo ye amo paare yituŋu.
Ko daare tega baŋa kam maa ye
amo na chwi a nɛ mɛ to.
Abam wó wane á ke tɛ mo á lɔ diga á pa-ne?
Jeiga kɔ mo amo wó vo a peini da a sii?
2Amo tete je mo a mɛ a ke wonnu tento maama.
Te ma da keim dem konto baŋa ne te seene te wora.”
Baŋa Wɛ mo tage konto.
“Nɔɔno wolo nam a yiga na wo o wone to mo tento:
Ko ye wolo na tu o tete tega ne,
ye o wo chɔge de o tusim kikia,
ye o nege amo taane dem to mo.
3Ko nam na ye tei to,
nɔɔna bam ke ba tete boboŋa na lage tei maama to mo.
Wolo ná kwei nabea o ma ke kaanem o pa-ne,
kotu ba gare wolo na go nabiinu to.
Wolo de ná kwei pia o ke kaanem o pa-ne,
kotu de ba gare wolo na kwei kukura o bwori ka ba
se o ke kaanem to.
Wolo de ná ke wodiu kaanem o pa-ne,
kotu ta ba gare wolo na jaane teiri jana o ba o ke kaanem to.
Wolo ná zwɛ talwoŋ-ywoŋa kam se o zuli-ne,
kotu ba gare wolo na wora o kaane jwoni to.
Banto dwi dem maama nam kuri
se ba taa ke wo-zɔɔna konto dwoŋi mo
ne ba boboŋa na lage tei to.
4Amo de nam wó kuri se a pa se ko ni-ba mo
ye a pa kolo ba na vae to ba ba baŋa ne.
Kokuri to, a na bwoŋi-ba to, nɔɔn-nɔɔno wo leiri-ne.
A maa na ŋɔɔne de-ba to,
nɔɔn-nɔɔno wo cheigi a taane dem.
Ba nam yɔɔre ba ke lwarem mo ba chɔge amo yiga,
ye ba kuri kolo a na vae to ba pa ba tete.”
5Abam balo na pae se Baŋa Wɛ taane dem sae á yera to,
cheigi-na o kwora kam.
Á chorro tem na chuli abam to mo pɛ se
ba dole abam ba yage amo yere dem ŋwaane,
ye ba daare ba tɛ ba we:
“Pa-na se Baŋa Wɛ na zula,
se dé wane dé na o na wó pa á wo pwoli tei to!”
Ko nam ye banto mo lage ba di ba chaveera.
6Cheigi-na sɔɔ na zaŋe teo kom jei maama ne tei,
se á wó ni sɔɔ na zege Wɛ diga kam seeni ko zaŋa!
Ko nam ye Baŋa Wɛ kwori mo dɔna
se o yiri jena o dona baŋa ne.
Baŋa Wɛ maa we:
7“Kaane ta ná wo wowole de o puga,
o wó lo bu na?
O puga kam nam ná wo virigi ka ti,
o wó wane bakeira o lo na?
8Yein-seeni mo abam nigi keim dento dwoŋi?
Wɔ mo fɔge o ni wonnu tento ŋwa?
Ba kwei dɛ dedwe ba lɔ teo ba zege na?
Teo kɔ nam mo wó wane ko pɔpɔ ko taa wora?
Zion teo kom nam nye de kaane wolo na virigi puga
ye o lo o bia bam lela to mo.
9Maŋa kam ná yi se ba lo a nɔɔna bam,
amo wó che we, ba bá nwoŋi na?
Amo daa wó sɛ se a pe puga kam chwoŋa,
ye a ya pɛ ni se o lo na?”
Abam Tu Baŋa Wɛ na tage tei to mo konto.
10Abam balo maama na swoi Jerusalem teo kom to,
tɔge-na de ko nɔn-bia bam maama se á ke wopwolo.
Abam balo ya na ŋwane á pa-ko to,
tiini á di-na ywoni teo kom yu-ywoŋo ŋwaane.
11Kokuri to, á wó tɔge Jerusalem ŋwaane á di ywoni dedɛ.
Teo kom wó taa jege abam ko kɔna,
nenɛɛne nu na kɔne o bia
pa se ba ŋɔge yele ba sui tei to.
12 Baŋa Wɛ tage tento mo ye o we:
“Amo wó pa se Jerusalem teo kom na yazura
ne bu-tola na duri bare-bare tei to mo.
Logo baŋa teene dem jejegero wó ba te su teo kom,
ne buga na su ka wɛɛle tei to.
Konto to, teo kom wó kɔne abam,
ye ko daare ko teili abam,
ne kaane na peili o bu
ye bu wom de tigi o nu wom nɛ baŋa ne tei to.
13Amo de lage a pa á bochara zuri
ne bu nu na jege‑o o nii tei to mo.
Á wó yɔɔre á ta‑á jege bochare-zuru Jerusalem teo kom ŋwaane.”
14Á ma‑á ná nɛ we wonnu tento jege te ke,
á wopwolo kom wó gaale.
Á wó jwoori á na dam-doore, ne gaaro na kwi tei to.
Baŋa Wɛ tontoŋena bam laam maa wó lɔre jaja we,
o seene o wo ba tei ne.
O dona bam nam wó lɔre o ban-lom na wo ba baŋa ne tei to.
15Nii-na! Baŋa Wɛ tɔge de min-fɔrɔ mo o maa beena.
O sisei-torokooro tem nam wurigi mo te beene de fora
ne vo-kekara na ke tei to.
O lage o pa o ban-lom dem mo to nɔɔna baŋa ne lela,
ye o tɔge min-vogo baŋa ne o bwɛ-ba.
16Kokuri to, Baŋa Wɛ lage o kwei mini de se-zɔɔ mo,
o ma o waare nabiina maama.
Baŋa Wɛ maa wó tɔge ko baŋa ne o go nɔɔna dedɛ.
17 Baŋa Wɛ na tage tei to mo tento:
“Amo wó yɔɔre a chɔge balo na kwɛ ba tete ye ba daare ba pɛ da kwaga ba pu ba zoore tangwana wone ba zuli-ya to. Banto yeini ba di nɔna yalo na wo maŋe to, ne teira, de baywoa, de wo-zɔɔna tedwonna. 18A maŋe a yei ba keina de ba boboŋa maama na ye tei to mo. A nam lage a la logo baŋa teene dem de dwi tiina maama mo a ke daane, pa se ba ba ba na a nenɔŋ-fɔrɔ kom na ye tei to.
19A ta wó ke totoŋ-kamunu mo ba tetare ne, ye a daare a toŋe ba balo na daare to se ba vo dwi-gɛ tiina tei. Ko maa ye Tarasisi tiina tei, de Puli tiina, de Ludi tiina na yei chena tam to, de Tubal tiina, de Javan tiina tei, ko ta woli de naneo ni teene dem, de mɛ maama ba ta na wo nigi amo yere dem ŋwa to mo. Ba laam wó pa dwi-gɛ tiina bam konto lɔre a nenɔŋ-fɔrɔ kom na daga tei to. 20Ba maa wó ja abam chorro telo maama na daare logo baŋa teene dem wone to ba jwoori ba ba Jerusalem ywo ba pa-ne. Nɔɔna bam nam wó di sisein-nɔɔna, de sisei-torokooro, de sisei-bonɛ, de kona baŋa ne mo ba jwoori ba ba. Ba wó ja-ba ba ba amo peo kolo na ye wose to ne, ne ba ye pɛɛra mo ba kwei ba pa-ne. Ko wó taa ye nenɛɛne Isarele tiina na yeini ba ke tei ye ba kwei ba muni pɛɛra ba ke zon-laaro wone ba ja ba ba se ba zuli-ne a diga kam ne tei to. 21A maa wó kuri nɔɔna ba wone se ba taa ye kaanem tiina, se badwonna de taa ye Levi tiina na wó toŋe ba pa-ne to.” Baŋa Wɛ mo tage konto.
22 Baŋa Wɛ ta na tage tei to mo tento:
“Amo na wó naane wɛyuu-doŋo kom de te-doŋa kam se te taa wora a yiga ne taa wuu to, konto dwoŋi mo abam bia bam de wó taa wora taa wuu, se á yere dem yé jei logo baŋa ne. 23Nabiina maama wó taa tui se ba zuli amo maŋa maama wone, chana de chana maama, de Wɛ siu dɛ maama wone de. 24Ba nam ná maa nwoŋi pwooni, ba wó na balo na ve amo to na tega ye ba yera tigi pwola ne tei to. Toa kam na mu ba yera yam to bá na toone. Mini delo na jege-ba de zwɛ to de nam bá dwei. Ba wó taa ye wo-zɔɔna mo nabiina maama yiga ne.”",https://www.bible.com/bible/3661/ISA.66.KBG
JEREMIA 1,"Baŋa Wɛ wó waare Judah dwi tiina bam
1:1–12:17
1Hilikia bu Jeremia ni taane mo tento. O déem nwoŋi Anatofe teo kolo na wo Benjamin laŋa kam ne to mo. O dwi tiina bam maa ye Wɛ kaanem tiina. 2Bene delo Amon bu Josia déem na jege bena fuga-yatɔ Judah paare baŋa ne to, mo Baŋa Wɛ pɛ Jeremia kwora se o ta o bere nɔɔna. 3Josia bu Jehoyakim de paare dim maŋa ne se ko taa vei o bu Zedekia na jege bena fuga-dedoa Judah paare baŋa ne to mo Baŋa Wɛ yeini o ŋɔɔne de Jeremia kuni dedɛ. Bene dem konto chane senu chana kam ne mo ba déem jaane Jerusalem tiina bam ba kale ba vo sa-teo yiga yiga.
Wɛ kuri Jeremia se o taa toŋe o pa‑o
4 Baŋa Wɛ déem ma pa amo ni ye o we:
5“Amo maŋe a yei n ni ne mo,
ye a ya ta wo naane‑m a ke n nu puga ne.
Ba déem ta na wo loge‑m to,
de a maŋe a pɔɔre‑m a zege dáa ne.
A ma tiŋi‑m se n ta‑n ye amo sampwora
n bere dwi-gɛ tiina bam n pa-ne.”
6Amo ma leiri‑o a we, “Yuu-tu Baŋa Wɛ, amo ta ye bu mo, ye a ni yeiri taane.”
7 Baŋa Wɛ daa ma ta o we, “Yé ta we, n ye bu. Nmo nam wó vo balo maama amo na wó toŋe‑m to tei mo, se n pa-ba ni delo maama amo na pɛ‑m se n ta de-ba to. 8Yé ta‑n fona de-ba, se amo wó taa wo n tei ne, se a jwoŋi‑m ba jeŋa ne a yage.” Baŋa Wɛ na tage tei to mo konto.
9 Baŋa Wɛ ma twe o jeŋa o dwei amo ni, ye o daare o ta de amo o we, “Nii ywo! A taane dem mo tento a kwei a pa‑m se n ta‑n jege n ŋɔɔna. 10Lɔre we a zem kwei teene de dwi tiina na wo mɛ maama to mo a pa‑m. Nmo jege dam se n bere-ba we, ba wonnu wó gɔ te yage, naa te de tega ne te yage. Nmo ta wó bere-ba we, ba wonnu wó ba te chɔge, naa ba dole-te ba yage kafɛ. Dam ta wo n tei ne se n pa ba lɔre we ba wonnu wó jwoori te fɔge te lɔ te zege de dam, naa te jeiri te-ywoŋa jei ne.”
Wɛ na veere wonnu telo o bere Jeremia to
11 Baŋa Wɛ déem ma bwei-ne o we, “Jeremia, bɛ mo n nii n na?” Amo de ma leiri a we, “A nɛ Alimodi tio naga mo.”
12 Baŋa Wɛ laam maa we, “Nmo seene n na chekke! Amo de nam lage a nii mo se a taane dem ji chega lela.”
13 Baŋa Wɛ daa ma bwei-ne o we, “Bɛ mo nmo daa‑n nii n na?” A ma leiri‑o a we, “A nɛ kambia na mo na chora baŋa seeni, ye ka guni ka jeeri ywo-seeni.”
14 Baŋa Wɛ ma ta o we, “Amo lage a pa se lɛɛro nwoŋi baŋa seeni mo te ba. Te wó guni te lwo tega kanto maama de ka nɔɔna bam baŋa ne.”
15 Baŋa Wɛ na tage kolo to mo tento:
“A lage a bwoŋi baŋa seeni teene dem dwi tiina mo se ba maama ba ywo-seeni.
Ba pwa bam lage ba ba ba jeini Jerusalem teo kom ni ne mo
ba di paare.
Ba maa wó ba ba gilimi Jerusalem de Judah teene dem maama ba pu,
se ba daare ba di-de.
16Amo wó puri ni mo a ta we waarem ba a nɔɔna bam baŋa,
ba lwarem kikia yam ŋwaane.
Ba ve amo mo ye ba daare ba zuli wa yadwonna,
banto tete je na ke to.
17Konto ŋwaane Jeremia, ti n yiga se n vo n ta de-ba kolo maama a na pɛ‑m ni se n ta to. Yé ta‑n fona de-ba. Ko ná dae konto, nmo ná yi ba tei, amo wó ke kolo na jege foone to n baŋa ne. 18Amo zem lage a pa se nmo ta‑n jege dam, nenɛɛne teo kolo na lɔge ko pe to mo. Nmo ta wó ta‑n nye de ywei delo na ye luu to, naa kabira kalo ba na mɛ channa ba lɔ to. Nmo wó zege de dam n ve balo maama na zoore tega kam ne to kikia yam, nenɛɛne ko ná ye Judah tiina pwa bam, de ba teo nakwa bam, de ba kaanem tiina bam, de ba nɔn-bia bam maama. 19Banto maama wó taa dwoni dede‑m mo. Ba nam bá wane‑m kolokolo ba ke. Kokuri to, amo wo n tei ne se a jwoŋi‑m ba jeŋa ne a yage.”
Baŋa Wɛ na tage tei to mo konto.",https://www.bible.com/bible/3661/JER.1.KBG
JEREMIA 2,"Isarele tiina na ve Wɛ tei to
1 Baŋa Wɛ daa ma pa amo ni ye o we, 2Véi n ta taane dento se Jerusalem tiina maama ni-de:
“Cheigi-na Baŋa Wɛ taane dem:
A guli nmo déem na ye nɔn-doŋo
ye n tiini n swoi amo,
ne ka-bwom na swo o baro tei to.
N yɔɔre n tɔge a kwaga mo kagoa kam wone,
mɛ seeni ba na wo dugi wodiu da to.
3Ka maŋa ne, Isarele tiina déem yɔɔre ba ye Baŋa Wɛ nyem mo,
ne wodiiru telo na lwoori yiga te ke ye ba pɔɔre-te ba pa‑o to.
Wɛ déem ma yeini o waare balo na chɔge o nɔɔna bam to,
pa se lɛɛro yi-ba.
Baŋa Wɛ na tage tei to mo konto.”
4Jakob dwi tiina bam, cheigi-na Baŋa Wɛ taane dem!
Á sɔ-yuni tem maama, cheigi-na o kwora kam!
5 Baŋa Wɛ taane dem mo tento:
“Á nabaara bam déem na ywori amo kwaga ne to,
ko ye amo na ke a tusi de-ba to ŋwaane mo na?
Ba déem tɔge jwo-yɔɔro kwaga ba daare amo.
Ba keim dem konto pɛ se ba de ji wo-korro mo amo yiga ne.
6Ba maŋe ba wo bwei daane we,
‘Baŋa Wɛ wom nam bɛ?
O déem jaane debam o nwoŋi Ejipti wone
o daare o da debam yiga
o ja o tɔge kagoa kam wone se dé kɛ.
Ka maa ye te-kora na jege gwonnu,
ye na tera ka wone to.
Ka tɔgem tiini ka jege foone,
ye nɔɔna ba zoore ka wone.’
7Amo Baŋa Wɛ nam jaane abam mo
a kale a zo te-ywoŋa wone,
se á di ka teeni bia de ka wodi-laaro tem.
Abam nam na zo a tega kam konto to,
á kwei á wɛleera á ma‑á chɔge-ka,
pa se ka ji wo-zɔɔne amo yiga ne.
8Abam teo kaanem tiina bam daa wo bwei daane we,
‘Baŋa Wɛ wom bɛ?’
Balo na jege amo nia yam ba bere nɔɔna to
nam yeiri amo ni ne.
Á yiga tiina bam ma lɔ amo kwaga ne.
Ko ná ye amo sampwori sem,
ba de yeini ba ma Baal yere ba pworisi mo,
ye ba daare ba tɔge jwo-yɔɔro kwaga.
9Á wɛleera yam konto ŋwaane,
amo Baŋa Wɛ daa lage a saŋe abam mo,
se a daare a saŋe á bia de á naaro maama.”
Baŋa Wɛ na tage tei to mo konto.
10“Kwaane-na á bɛ wɛ-zoore seeni
á vo á yi Kitim bubɛ nia yam,
se á nii ko na ye tei to.
Ta daare-na á toŋe nɔɔna wɛ-puli seeni,
se ba vo ba yi Kedare jei sem,
ba fɔge ba nii ba na ko na ye tei to.
Keim dento dwoŋi maŋe de ke na?
11Teo kolo wa ná maŋe ya ye kafɛ tei,
ba wó ve-ya na?
Nam nii! Amo nɔɔna bam dole amo ba yage,
ye ba daare ba tɔge jwo-yɔɔro kwaga.
Amo nam ye ba Nenɔŋ-fɔrɔ Tu Baŋa Wɛ wom mo!
12Wɛyuu maama jege se ko nii ko na ko na ye tei to!
Ja-na á nia ye á daare á ta‑á ye yaau!
Pa-na á yera taa sae de foone!
13Amo nɔɔna bam tusi belei mo ba daŋe ba yuu ne:
Amo mo ye buli-yi delo na na pae ŋwea to,
ye ba ve-ne.
Ba ta ma lɛɛre ba mɔ kɔɔra se ba ke ba na ba wone,
ye ba kɔɔra bam konto maŋe ba lɔ mo.
Na bam nam ware kɔɔra bam konto wone se ba maŋe da kɔtaa!
14Isarele tiina bam dae kabɛ.
Ba déem wo loge-ba kabɛɛne wone.
Bɛ nam mo pɛ se ba dona wane ba ja-ba ba viiri?
15Ba dona bam nye de nywonnu mo
te na di-ba ye te laare ba ŋwaane.
Ba yɔɔre ba chɔge Isarele tega kam mo,
pa se ba teene dem zwɛ de daare di-dwonnu yerane.
16Chega to, Memfisi de Tapanahesi jar-keira mo tua
ba cheeri á teo kom ba daare yu-kwolo ba tiŋi.
17Isarele tiina bam,
abam tete nam mo bwoŋi yaara yanto á pa a tete.
Kokuri to, á Tu Baŋa Wɛ wom mo ya wo abam yiga ne
o bere chwoŋa kam pa se á via,
ye á laam ywori o kwaga ne.
18Bɛ mo ye á boŋe se á vo Ejipti
á nyɔ Naili buga na bam?
Bɛ mo ye á lage á vo Asiria
se á nyɔ Yuferata buga na bam?
Á wó na wolim banto tei ne na?
19Abam lwarem kikia yam ŋwaane nam,
ko wó zo á yera.
Abam na nwoŋi amo kwaga ne tei to,
de maa wó pa á na waarem.
Nam ta‑á yei-na we ko chamma
se á ve á Tu Baŋa Wɛ wom.
Ko ta wó ni abam lanyerane,
de á na ba kɔre amo to ŋwaane.”
Paŋwa Tu Baŋa Wɛ na tage tei to mo konto.
20“Ko zege faŋa faŋa to mo
á ywori amo chwoŋa kam ne.
Á mɛ á kwaga á ya amo ye á we,
á bá sɛ se á zuli-ne.
Á ma kare zwonnu maama yuu ne
se á zuli jwona,
ye á daare á tigi teeni maama kuri ne
á ke kabwoŋa kikia.
21Amo déem jeiri abam a tega kam ne,
ne á ye Vini tio kolo na tiini ko lana to mo.
Nam nii abam na gare á leiri tei!
Á jigi Vini tei-tɔgɔ kolo na leiri wo-yɔɔro to mo.
22Chanfene de sea ná daga tei maama,
te bá wane abam yera te titigi te gɔ á yera digiru tem.
Abam wɛleera yam ta wó taa wo amo yiga ne mo taa.”
Yuu-tu Baŋa Wɛ na tage tei to mo konto.
23“Bɛ mo ye á we, á wo biini á tete chullu tem seeni?
Á wo zuli Baal jwona yam na?
Nii-na lɛɛro telo á na ke bwollu tem tega ne to.
Abam nye de kon-kana na lage se baara di-ka ye ka ke tei to mo.
Ka ware ka tete se ka ja.
24Abam ta nye de bona-kana kalo na wo kagoa yuu ne
ka kare ka beeri baara se se di-ka to mo.
Nɔɔn-nɔɔno bá wane ka yiga o che.
Bona-bea kalo maama ná lage-ka,
ko bá chɛ ka yera.
Ka wó na-ka mɔle mo ka di,
bona-kana kam yera na maŋe ya nyaare to ŋwaane.
25Isarele tiina bam, yé ta‑á duri-na taa,
se á napera peere ye na-nyɔm jege abam.
Abam nam ve mo ye á we,
‘Yé kwaane se n che debam!
Dé fera zo dwi-gɛ tiina wa yam mo.
Dé wó yɔɔre dé da ya kwaga.’
26Isarele tiina bam yuu nam lage ko yaale mo.
Ko wó taa nye de ba na jaane ŋweeno
ye ba yaale‑o tei to mo.
Ba pwa de ba teo kom nakwa bam,
de ba kaanem tiina bam,
de ba sampwori sem maama
mo lage ba di chaveera.
27Ba yeini ba zuli da-kwolo mo ye ba we,
‘Nmo ye amo kwo mo.’
Ba daa ta zuli kandwɛ ye ba we,
‘Nmo mo loge-ne.’
Ba ta ma pipiri ba lɔ amo kwaga ne,
ye ba yiga tera amo wone.
Cham laam ná yeini de yi-ba,
ba duri ba tui ba keeri ba jare-ne
se a jwoŋi-ba a yage.
28Judah tiina bam, á jwona yam á na mɔɔne to nam bɛ?
Pa-na se ya ba ya jwoŋi abam ya yage á cham maŋa ne!
Á teo maama jege ko jwoni mo. Vwa mo na?
29Abam jege-ne á bwɛ se bɛ mo?
Ko nam ye abam mo ywori amo kwaga ne.”
Baŋa Wɛ na tage tei to mo konto.
30“Amo ya waare á nɔɔna bam
ye ba pa se ko ba jege kuri.
Ba wo sɛ a koresem dem.
Á laam ma‑á go sampwori selo a na toŋe abam tei ne to,
ne nywoŋo kolo kana na jege-ko ye ko zi vara tei to.”
31Abam zem nɔɔna bam, cheigi-na Baŋa Wɛ taane dem. O maa we:
“Amo laam jigi kagoa mo a pa Isarele tiina bam na?
A yage pa se lim mo gilimi-ba na?
Bɛŋwaane mo a nɔɔna bam kare ba tɛ we,
‘De wó beeri dé vo dé na lage mɛ to mo,
se de bá jwoori nmo tei’?
32Bukɔ wó wane o swei o nenɔŋa zela se o zo na?
Kaane ná wora o ti o yiga se o zo baro,
kotu wó kwei o ban-zore gɔrɔ kom o seigi na?
Ko nam ná ye amo tete nɔɔna bam,
ko na zege faŋa faŋa to mo
ba maŋe ba swei amo swia se ko dáane.
33Abam tiini á lɔre chwei selo á na wó tɔge
se á na bɔɔla dedɛ to.
Ka-tole tete tui abam tei mo se á bere-ba!
34Abam gwaaro tem taŋe de nabwona jana mo,
ye nɔɔna nae á na biini á tete tei to.
Abam nam wo peere-ba ŋweene baŋa ne,
ye ba jege bora.
De ko maama de, abam nam ta tɛ á we,
35‘Debam wo ke dé chɔge mo.
Wɛ zuri o bane o pa debam mo.’
Amo nam lage a waare abam mo,
de á na kare á tɛ we
‘Debam seene dé wo tusi’ to.
36Nii-na á na kare á jege á tete
á bwo jei maama ne tei!
Abam ná vei Ejipti tiina tei mo se ba woli abam,
á wó to ba jeŋa ne,
nenɛɛne á déem na to tei Asiria tiina jeŋa ne to.
37Abam lage á kwei á je sem á vɔ á yum ne mo,
se á zege Ejipti ne á jwoori de chaveera.
Amo Baŋa Wɛ maŋe a nwoŋi
balo á na pɛ-ba chega to kwaga ne mo.
Ba bá wane abam ba woli de fenfee de.”",https://www.bible.com/bible/3661/JER.2.KBG
JEREMIA 3,"Isarele tiina ba jege chega ba pa Wɛ
1 Baŋa Wɛ daa ma ta o we:
“Nɔɔno ná ve o kaane
pa se kaane wom vo o zo baro wodwoŋi,
kotu wó wane o jwoori o kwei kaane wom se o ji o kaane na?
Keim dem konto bá chɔge tega kam mo na?
Abam nam bwoori de bɔɔla dedɛ mo,
ye á ta beeri chwoŋa se á jwoori amo tei.
2Kwoni-na á yuni se á nii zwonnu tem baŋa ne.
Jeiga wora ye abam wo vei da se á ke kabwoŋa na?
Abam vei á jei chwei sem maama ni ne mo
á cheigi á bɔɔla bam,
nenɛɛne venverena na jei kagoa yuu ne se ba zi nɔɔna tei to.
Á kwei á lwarem de á kabwoŋa kikia mo
á ma‑á chɔge tega kam.
3Konto ŋwaane nam a chege doa se ka yé ne,
nenɛɛne ko ná ye duum doa de do-mimina de.
Á yɔɔre á chɛ mo de á tolo kom,
ye chaveera ba jege abam ko ŋwaane.
4Abam yeini á tɛ amo taane mo á we,
‘Dé kwo’,
ye á ta we, ‘Ko na zege dé nɔn-donne maŋa ne to mo
nmo maŋe n ye debam badwoŋi.
5Nmo bane bá tiini de zaŋe debam baŋa ne se ko dáane.’
Nam nii-na á na tɛ tei,
ye á laam swoi lwarem kikia.”
Isarele tiina jege se ba leiri ba wo Wɛ ŋwaane
6Josia déem na ye pɛ to, mo Baŋa Wɛ tage de amo o we, “Jeremia, nii Isarele teo na ke tei to. O ba jege chega o pa-ne, ne kaane wolo na nwoŋi o baro tei ne o vo o beeri bɔɔla to. O ma kare zwonnu maama yuu ne o ke konto ye o daare o tigi teeni maama kuri ne o tɔge kabwoŋa kikia kwaga. 7Amo ya ta cheigi mo se a nii, o ná ke o su, se o jwoori amo tei. O nam ve se o jwoori o ba. O choro Judah déem nɛ o kikia yam na ye tei to. Wonto de nam ba jege chega, 8ye Isarele keim dem wo sage wonto de yera. A ma zeili Isarele se o viiri o daare amo o kabwoŋa kikia yam ŋwaane. Judah de nam yage amo mo, ye o nwoŋi o bwoora. 9O maŋe o wo nii o tolo kikia yam we ya jege chaveera ya pa‑o. O ma yage amo ye o daare o kare o zuli jwona yalo ba na kwei kandwa de dɛ ba ke-ya to. Konto baŋa ne o jege o tete dedaane amo tega kam mo o chɔga. 10De konto maama de, Judah wo jwoori amo tei ne de o wo maama. O yɔɔre o ke nenɛɛne o wo mo chɔge ye ko nam dae konto.”
Baŋa Wɛ na tage tei to mo konto.
11 Baŋa Wɛ laam ma ta de amo o we, “Isarele tiina bam yɔɔre ba ywori amo kwaga ne mo. De ko de, ba nam gare Judah tiina bam na ba tɔge-ne de chega to. 12Nam vei n yɔɔre tega-baŋa seeni n ta de Isarele tiina bam we:
‘Abam seene á ywori amo kwaga ne.
Nam jwoori-na amo tei.’
Baŋa Wɛ na tage tei to mo konto.
‘Amo ye ŋwaŋa tu mo.
A bane dem bá taa wo á baŋa ne taa wuu.’
Baŋa Wɛ na tage tei to mo konto.
13‘Yɔɔre á sɛ-na we á tusi,
ye á nwoŋi abam Tu Baŋa Wɛ wom kwaga ne.
Sɛ-na we á tɔge wa-yɔɔro kwaga,
ye á zuli-ya teeni maama kuri ne.
Á yɔɔre á wo ke á tɔge amo nia yam.’
Baŋa Wɛ na tage tei to mo konto.”
14 Baŋa Wɛ nam tage tento mo ye o we: “A bu-chechɔgero tem, amo mo tei abam. Nam jwoori-na amo tei! A lage a le abam dedoa dedoa á teo maama wone, se a daare a le balei balei sɔ-yuu maama wone, a ja-ba a jwoori Zion wone. 15A maa wó beeri yiga tiina balo na ke ba tɔge amo yiga to, se ba taa nii abam baŋa ne. Banto wó tɔge yeino de yi-poro baŋa ne mo ba woli abam lanyerane. 16Abam kɔgɔ kom laam maa wó puli tega kam baŋa ne. Maŋa kam konto ne nɔɔna daa bá taa tɛ Wɛ ni-gwonim dakaa kam taane. Ko maŋe ko bá ba ba boboŋa ne se ba guli ka gula. Nɔɔna fera bá zo-ka. Ba nam bá taa lage se ba jwoori ba ke ka dwoŋi. 17Maŋa kam konto ne, ba wó taa bwoi Jerusalem teo kom we, Baŋa Wɛ paare yituŋu kom mo. Logo baŋa dwi maama tiina maa wó jeeri Jerusalem ne se ba zuli Baŋa Wɛ yere dem. Ba daa bá tɔge ba wo-dɛɔ kom na lage puseŋa kikia yalo to. 18Ko nam ná yi maŋa kam konto, Isarele dwi dem de Judah dwi dem wó ba ba ke daane se ba taa ye sɔŋɔ kodoo. Ba wó zege baŋa seeni teo kom ne ba jwoori ba zo tega kalo wone amo déem na pɛ ba nabaara bam se ba taa tei to.
19Amo déem boŋe a tete ne we:
Isarele dwi tiina bam, amo ya lage se a taa jege abam
ne á ye amo tete bia mo.
A ma ja boboŋa se a pa abam te-ywoŋa kanto,
ka na ye te-ŋoŋa ka dwoi tega kalo maama
dwi-gɛ tiiina bam na jege to.
A nam ya lage se á ta‑á bwoi-ne we, ‘Dé kwo’ mo,
se á daa yé nwoŋi amo kwaga ne.
20Abam nam ba sɛa.
Á bere á ba jege chega de amo,
ne kaane wolo na yage o baro
ye o daare o tɔge bɔɔla kwaga tei to mo.”
Baŋa Wɛ na tage tei to mo konto.
21Keira zege zwonnu tem yuu ne
ka tui ywo-seeni mo.
Isarele tiina bam mo yɔɔre ba laare se ba na wolim.
Banto nam mo ywori chwo-laaro wone
ye ba daare ba swei ba Tu Baŋa Wɛ wom ni ne.
22“Abam balo maama na nwoŋi amo kwaga ne to,
jwoori-na amo tei ne,
se a wó yɔɔre abam
a de chega chwoŋa wone.”
“Dé wó seene dé jwoori nmo tei,
Nmo na ye debam Tu Baŋa Wɛ wom to ŋwaane.
23Debam na diini zwonnu tem yuu ne de zuli jwona,
ye dé laare baŋa baŋa peero tem yuu ne to,
keim-yɔɔro tem konto wo wane debam te woli.
Ko ye dé Tu Baŋa Wɛ yerane mo wane
o jwoŋi Isarele tiina bam o yage.
24Ko nam na zege faŋa faŋa to,
jwo-yɔɔro telo dé na zuli to mo chɔge dé wonnu.
Te yɔɔre te chɔge wonnu telo maama
dé nabaara bam na yaare ba na to mo.
Ko ná ye dé vara de dé bia maama,
dé gɛ-ba jwona kaanem baŋa ne.
25Dé laam nam wó taa jei de dé chaveera mo,
se dé kwei tetɔ-gorro de pu dé yum ne.
Kokuri to, debam dedaane dé nabaara bam maama
tusi dé Tu Baŋa Wɛ wom yiga ne.
Ko na zege faŋa faŋa to, dé yɔɔre dé wo sɛ o nia yam mo.”",https://www.bible.com/bible/3661/JER.3.KBG
JEREMIA 4,"1 Baŋa Wɛ ma ta o we:
“Isarele tiina bam, sɛ-na se á jwoori á ba amo tei.
Dole-na wo-zɔɔna yalo á na zuli to á yage
se á laam ba.
Á nam ná tua,
daa yé jwoori-na kwaga.
2Abam ná mɛ amo Ŋwea Tu Baŋa Wɛ yere dem á du duuri,
á jege se á ta‑á toŋe á tɔge chega chwoŋa á ŋwea maama wone mo.
Á na seene á ke konto dwoŋi,
logo baŋa dwi maama wó da abam ŋwaane
ba lwoori swolim amo tei ne.
Ba maa wó taa jege teera amo ŋwaane.”
3 Baŋa Wɛ ta tage tento mo de Jerusalem tiina, dedaane Judah tiina badaara bam:
“Véi-na á kagwe sem wone se á chɛ-se.
Nam yé kwei-na á wo-dwa bam
á du á yage sabare wone.
4Kwɛ-na á tete dedaane amo Baŋa Wɛ,
ne amo ni-gwonim dem na bere tei to.
Abam Jerusalem de Judah tiina bam,
kwɛ-na á bochara yam se ya taa tɔge amo boboŋa.
Abam ná wo ke konto
a bane wó tiini de fuli abam baŋa ne,
á lwarem kikia yam ŋwaane.
Nɔɔn-nɔɔno bá wane a bane dem
o pa se de zuri.”
Lɛɛro wó zaŋe sa-teo wone te ba te chɔge Judah tiina
5“Tɔɔle-na kwora kanto á ma á kaane Jerusalem tiina de Judah tiina bam maama we:
‘Wu-na nabwanno á ma á kaane
balo maama na zoore tega kam ne to.’
Ta-na de kwor-dɛa we: ‘Jeeri-na daane,
se á duri á zo teene delo na lɔge de pe to wone!’
6Zeiŋi-na tuta se ka bere Jerusalem chwoŋa kam.
Ke-na lela á duri á vo á seigi te-fɔrɔ wone!
Kokuri to, amo lage a pa se lɛɛro mo nwoŋi baŋa seeni
te ba te chɔge abam zɔŋ-zɔŋ.
7Á dono mo zaŋe o teo wone
se o nwoŋi o ba o wane te-kamunnu dedɛ.
O nye de nywoŋo mo na zege ko bɔɔne wone ko nwoŋi.
O ná tu se o chɔge á teo kom,
di-dwonnu yerane mo wó daare,
ye nɔɔn-nɔɔno daa bá taa zoore á teene dem wone.
8Konto ŋwaane, kwei-na gare-nyenyaaro á lɛ,
se á daare á ta‑á chwoosa ye á keeri we,
‘Baŋa Wɛ ban-zɔŋɔ ta wo debam Judah tiina baŋa ne.’ ”
9 Baŋa Wɛ daa ma ta o we:
“Dɛ dem konto ná yia,
teo kom pɛ de o nakwa vɔna wó pare.
Ko maa wó so kaanem tiina bam,
se Wɛ sampwori sem de nia yɛ.”
10Amo laam ma ta a we, “Yuu-tu Baŋa Wɛ, nmo na ke tei to, n yɔɔre n gane Judah de Jerusalem tiina bam mo! Nmo tage de-ba n we, ‘Yazura wó taa wo á tei ne’ ye se-zɔɔ zege se ko go-ba.”
11Maŋa nam ná yia, ba wó ta de Judah de Jerusalem tiina bam maama we, “Vo-loŋo mo zege kagoa yuu zwonnu tem ne ko beene a nɔn-swonnu tem baŋa ne. Ko nam dae vio na dáane ko dola se ba ma-ko ba chaare wonnu to. 12Ko ye vo-dɛɔ kolo na nwoŋi amo Baŋa Wɛ tei ne to mo. Amo mo wora a bere a nɔɔna bam we ba ba jege bora.”
13Nii dé dona bam na beene debam baŋa ne tei!
Ba nye de do-vio na kale kunkwonnu
ko tui de baare tei to mo.
Ba jar-keira torokooro tem nye de vo-jijira na ke sɔɔ tei to mo.
Ba sisein-nɔɔna duri lela
se dwoi maaro na chaale wonnu tei to.
Lɛɛro yi debam!
Dé lage dé te mo.
14Jerusalem tiina bam,
kwɛ-na á bochara se á yage lwarem keim,
se Wɛ laam vere abam o yage.
Abam bá ke lela á yage á boboŋ-lwanno tem na?
15Nɔɔna mo zege Dan teo wone ba ba.
Badwonna de ma nwoŋi Efrayim zwonnu laŋa kam ne ba yi ywo.
Ba kwora kam maa bere lɛɛro taane ye ba tɛ ba we:
16“Pa-na se dwi-gɛ tiina bam lɔre we
jar-keira bam yia!
Tɔɔle-na á bere Jerusalem tiina bam we:
‘Jar-keira nwoŋi teo yiga yiga mo
ba beene abam baŋa.
Ba wó kaase tiguri-kaasa ba ma jeeri Judah teene dem.
17Ba lage ba kaare Jerusalem teo kom mo ba pu,
nenɛɛne nɔɔna na kaare ba kare sem ye ba yere-se tei to.
Amo nɔɔna bam nam nwoŋi amo kwaga ne mo
pa se ko ye konto ba yera ne.’ ”
Baŋa Wɛ na tage tei to mo konto.
18“Ko zege abam tete yera ne mo
pa se á na waarem dento.
Kikia yalo á na toŋe to mo jaane chanɛɛre dento ya ba á baŋa.
Lɛɛro mo tua!
Ko maa jege abam yera ko zoora.”
Jeremia wo chɔge o nɔɔna bam ŋwaane
19Nii mini na jege-ne de zwɛ tei!
Ei! Lɛɛro jege-ne naa!
Amo yera mo yɔɔre ya wiira.
A maa ware se a jeini chemm,
ye a bochare di.
Kokuri to a nigi nabwanno na wui te bere jara-keim,
ye tiguri-kaasa kwori zaŋa.
20Chanɛɛre dedoa ná ke de kɛ,
dedwoŋi mo wó saŋe de ba dé baŋa.
Dé teo kom maama wó ji di-dwonnu yerane.
Dé di sem maama lage se chɔge bedwe baŋa ne mo.
21Dé dona bam wó taa chiŋi jara dedaane debam taa
se ba vo ba maŋe yei ne mo?
Dɛ dɔ mo a daa bá taa ni ba nabwanno tem kwori?
Baŋa Wɛ ma ta o we:
22“Ko ná ye a nɔɔna bam,
ba ye jworru mo.
Ba maa yeiri amo ni ne.
Ba tiini ba ga boboŋa dedɛ,
ne bu-sese na ye tei to.
Ko ná ye lwarem kikia,
ba tiini ba yei dento lanyerane.
Se ko ná ye lanyerane keim,
ba yɔɔre ba yeiri-de kɔtaa mo.”
Jeremia lɔre chɔgem delo na wó ba to
23Amo na nii to,
tega kam baŋa ya ye kafɛ mo
ka jage jeiga maama.
Wɛyuu kom pwooni maama de ma jei,
ye lim yerane mo daare.
24A ta na nii peero tem seeni to,
te ziziŋi mo,
ye zwonnu tem maama zuuli yiga de kwaga.
25Amo nam na nii taa to,
a wo nɛ nabiina.
Zuna bam tete jaane mo ba jei wɛyuu kom ne.
26Dé te-ywoŋa kam laam jigi kagoa mo.
Ka teene dem maama de jigi di-dwonnu yerane.
Konto nam kea Baŋa Wɛ ban-lom dem ŋwaane mo.
27Kokuri to, Baŋa Wɛ na tage tei to mo tento:
“Lɛɛro wó ba tega kanto maama baŋa ne,
ye a nam bá yɔɔre a chɔge-ka a ti.
28Mo kokuri tega kam baŋa wó keeri wo-chechɔgɔ ŋwaane,
se wɛyuu kom maama de ji lim.
Kolo ŋwaane amo mo tage a taane,
de nam ba gɔe.
Amo boboŋa na jaane tei to mo konto.
A nam bá jwoori a ni dem kwaga ne.”
29Dé dona bam wó taa dɔge sisein-nɔɔna baŋa ne
ye ba badwonna de taa ta chena
ba ba ba chiŋi jara de debam.
Dé teo maama nɔn-bia bam ná nigi ba sɔɔ kom,
ba wó duri ba vo ba seigi mo.
Badaara wó vo ba zo punnu wone ba seigi,
se badwonna di peero yuu ba dale.
Ba maama wó duri ba daare ba teene dem,
se nɔɔn-nɔɔno daa yé taa zoore de wone.
30Jerusalem teo kom, chɔgem mo tu n baŋa ne!
N wora n ke bɛ mo?
N jege yiga mo n zoore gare-nyenno na?
N kwɛ n tete de sabu-seŋa wonnu,
ye n daare n fɔge n yibia se bɛ?
Ko ba jege kuri.
Á bɔɔla bam ve abam mo,
ye ba boŋe se ba go abam.
31Chega to, amo nigi keira mo
ne kaane na virigi puga se o lo ye o kone tei to.
Ko ta ma laare ko yaga,
ne kaane wolo na wora o lore o ka-cheeri puga to mo.
Keira kam nam ye Jerusalem mo kaase konto,
ye o siu wora ko kwae!
O yɔɔre o lwoori wolim mo de je-kora ye o we,
“Lɛɛro jege-ne naa!
A dona bam wora ba goe-ne.”",https://www.bible.com/bible/3661/JER.4.KBG
JEREMIA 5,"Nɔn-laao tera
1“Kaare-na Jerusalem chwei sem maama á pu,
de ko gugworru tem, de ko yɛ sem maama,
se á nii á na wó na nɔn-ŋom teo kom maama wone
de dedoa de.
Nɔɔno wora o na tɔge keim-laaro
ye o jege chega de amo na?
Abam ná nɛ nɔɔno konto dwoŋi,
amo de wó da kotu ŋwaane
a kwei teo konto lwarem dem
a ma a chɛ-ba.
2Ba ná yeini ba ma amo Ŋwea Tu Baŋa Wɛ yere dem ba du duuri,
ba taane dem konto ye vwa yerane mo.”
3 Baŋa Wɛ, nmo yeini n beeri chega mo nabiina tei ne.
Nmo nam fere n nɔɔna bam,
ye ko wo chɛ ba yera.
Nmo ta pɛ se ba tiini ba na chɔgem,
ye ba wo sɛ koresem.
Ba ma pa se ba bochara ke dam,
ye ba ve se ba leiri ba ŋwea.
4Amo laam ma ta a tete ne a we,
“Nɔɔna banto yɔɔre ba ye nabwona mo
pa se ba toŋe jworim yerane.
Kokuri, ba yeiri Baŋa Wɛ chwei sem na ye tei to.
Ba nam wo lɔre ba Tu Wɛ wom
na beeri kikia yalo se o nɔɔna taa ke to.
5A nam wó vo dedɛɛra bam tei mo
a ŋɔɔne de-ba.
Kokuri, banto wó taa yei Baŋa Wɛ chwei sem,
de o na beeri kikia yalo o nɔɔna tei ne to.”
Banto tete de nam ve mo se Baŋa Wɛ taa tei-ba,
Ba ma kwei ba kwaga ba ya‑o.
6Ba keim dem konto ŋwaane,
nywoŋo wó nwoŋi goa wone
ko ba ko zi-ba.
Wiiru de wó zege kagoa ne o ba
se o ja-ba o tore.
Gweeru de wó vwɛ ba te-nia yam ne.
Nɔɔno wolo maama ná nwoŋi o beeri pwooni yiga ne,
kago-varem wó ja kotu ko go.
Ko nam ye nɔɔna bam na tiini ba ywori Wɛ kwaga ne
ye ba wɛleera de gaale tei to ŋwaane mo konto.
Baŋa Wɛ ma bwei-ba o we:
7“Jerusalem, bɛŋwaane mo amo wó kwei n wɛleera a ma a chɛ‑m?
N nɔn-bia bam nwoŋi amo kwaga ne mo,
ye ba vei ba zuli wa-yɔɔro.
Amo mo pae ba di ba sui.
Ba ma lɔ ba kaana kwaga ne,
ye ba laam yɔɔre ba vo ba peini de ka-tole.
8Banto nye de sisein-bɛ selo na di se sui ye se nu bigila bigila to mo.
Ba fera mo yɔɔre ya wo nɔɔna badwonna kaana wone
se ba lage-ba.
9A nam ná waare-ba ba keim dem konto ŋwaane,
ko dae ko chwoŋa ne mo na?
Amo bá jwoori a ŋwe ba wɛleera jene,
ba dwi dem na ye puseŋ-nyena to ŋwaane na?”
Baŋa Wɛ na tage tei to mo konto.
10“Zo-na ba kadwi sem wone mɛ ba na jeiri Vini teeni to
á gwɛɛne-se.
Nam yé chɔge-na-se á ti.
Za á gwoni-na teeni dem nɛ á yage,
sento na dae Baŋa Wɛ nyem to ŋwaane.
11Isarele dwi dem de Judah dwi dem maama
yɔɔre ba ywori amo kwaga ne mo.”
12Nɔɔna bam fɔe vwa mo Baŋa Wɛ ŋwaane ba we,
“O bá ke debam kolokolo.
Cham bá yi debam.
Kana de jara-keim bá to debam teo kom baŋa ne.
13Sampwori sem nye de vio mo!
Ba ni taane ba jege Wɛ dam de wone.
Yage-na se ba tete taane dem jwoori de di-ba.”
14Mo kokuri Paŋwa Tu Baŋa Wɛ tage o we:
“Jeremia, nɔɔna bam na tage konto to ŋwaane,
amo wó pa se taane delo a na ke n ni ne to ji mini.
Nɔɔna bam maa wó taa ye dɛ selo na wó ja mini to,
pa se de zwɛ-ba.”
15 Baŋa Wɛ na tage tei to mo tento:
“Isarele tiina bam, cheigi-na!
Amo lage a ja dwi tiina balo teo na ba ŋwae to mo a ba
a ma a waare abam.
Teo kom konto maŋe ko wora mo faŋa faŋa.
Á ba ni ba ŋɔŋa.
Á maa ba ni ba taane dem.
16Ba maama ye babɛ mo.
Ba maa tae ba chena ye ba goe nɔɔna.
17Ba nam lage ba di á mena de á wodiiru maama mo.
Ko ná ye á bia, ba wó go ba maama,
bakeiri dedaane busankane.
Ba ta wó di á vara maama,
ye ba chɔge á Vini teeni de á kaporro.
Ko ná ye teene delo na lɔge de pe
ye á ya boŋe se á seigi de wone to,
ba wó chɔge-de jara-keim baŋa ne mo.”
18 Baŋa Wɛ daa ma ta o we, “Maŋa kam konto ná yia, amo bá yɔɔre a chɔge abam maama a ti konto. 19Nɔɔna bam ná bwei nmo Jeremia ba we, ‘Bɛŋwaane mo dé Tu Baŋa Wɛ pɛ se tento maama yi debam?’, se n ta de-ba we, ‘Ko ke abam konto, á na nwoŋi amo Baŋa Wɛ kwaga ne ye á daare á jege wa-yɔɔro á zuli á tete tega kam ne to ŋwaane mo. Mo kokuri abam nam wó vo sa-teo se á ta‑á toŋe á pa veira.’
20Tɔɔle-na kwora kanto se Jakob dwi tiina bam maama ni.
Nam pa-na se ka yi Judah laŋa kam maama.
21Cheigi-na Wɛ taane dem,
se á ye jworru mo ye á ta ga boboŋa.
Abam jege yia, ye ya ba nae.
Á ma‑á jege zwa, ye á ba ni taane kuri.
22Ko ya maŋe se á ta‑á kɔre amo Baŋa Wɛ,
ye á yera sae de amo.
Amo mo ke naneo ni kasolo a ma a che-ko.
Konto ma ji naneo kom siseini se ko taa vei wuu.
Naneo kom na-ŋone ná maŋe se diini wɛɛne tei,
ye se ná wuuri tei maama de,
na bam bá gaale siseini delo a na tiŋi a pa-ba to.
23Amo nɔɔna bam nam tiini ba jege yi-dɛɛre dedɛ,
ye ba zwa de ba ni.
Ba lɔge amo kwaga ne mo,
ye ba pipiri ba viiri ba daare-ne.
24Ba ba tɛ daane we,
‘Pa-na se dé taa kɔre dé Tu Baŋa Wɛ.
Kokuri to, duum doa maŋa ná yeini ka yi,
ye kwea doa maŋa de yi,
wonto mo pae se doa nena ka maŋa ne chekke.
O maa da ko ŋwaane o pa dé zage mena lanyerane.’
25Wonnu tem konto nam wo ke,
á wɛleera yam ŋwaane.
Á tusim kikia yam de ma che abam
de wo-laaro tento maama.
26Puseŋ-nyena mo tɔge ba gwaane de a nɔɔna bam.
Ba dale mo ye ba vwɛ,
ne nɔɔno na vwɛ tei se o ja zuŋa to.
Ko nam ye kalanchorro mo ba choa se ba ja nabiina.
27Banto sam dem su de vwa kikia mo,
ne zun-bora na su de zuna tei to.
Ba laam ma da keina yam konto baŋa ne
ba ji dedɛɛra, ye ba ta dum.
28Ba ma yɔɔre ba nu bigila bigila,
ye ba ba sɛ se ba yage lwarem kikia.
Ko ná ye botara dedaane nabwona,
puseŋ-nyena bam bá zege ba kwaga ne
se ba jaŋe ba di bora ba pa-ba.
29A nam ná waare-ba ba keim dem konto ŋwaane,
ko dae ko chwoŋa ne mo na?
Amo bá jwoori a ŋwe ba wɛleera jene,
ba dwi dem na ye puseŋ-nyena to ŋwaane na?”
Baŋa Wɛ na tage tei to mo konto.
30“Woŋo kolo na didigi yera to mo jege ko ke tega kanto ne.
Ko maa tiini ko ye wo-zɔɔne.
31Sampwori sem pworisi vwa yerane mo.
Kaanem tiina bam de ma kwei ba tete dam
ba nii nɔɔna bam baŋa ne.
A nɔɔna bam ma yɔɔre ba lage ko na ye tei konto to.
Wonnu tento maama kweelim ná yia,
abam lage á ke tetɛ mo?”",https://www.bible.com/bible/3661/JER.5.KBG
JEREMIA 6,"Judah tiina dona wó gilimi ba kaare Jerusalem
1Benjamin dwi tiina bam, duri-na se á lu!
Duri á nwoŋi-na á daare Jerusalem teo kom!
Wu-na nabwanno á kaane Tekoa nɔn-bia bam,
se á daare á tɔre mini Bɛte-Hakerem ne
se de nyoa kam ji ni-kaana ka pa nɔɔna bam.
Kokuri lɛɛro mo lage te zege baŋa seeni te ba ywo-seeni.
Ko nam wó ja chɔgem dedɛ ko ba.
2Jerusalem teo ya nye de a bukɔ-laao mo,
ye o tiini o jege ŋwaane o pa-ne!
Amo nam wó chɔge‑o.
3Pwa de ba jar-keira mo lage ba ba
ba jeeri abam de jara.
Ba wó chwi ba vwoa ba gilimi teo kom,
ne nayera de ba vare-kɔgɔ kom tei to.
Kɔgɔ maama wó jeini ko jeiga ne,
se ba di ba na lage mɛ to.
4Ba maa wó ta ba jar-keira bam we,
“Ti-na á yiga se dé ja jara yam se dé yi teo kom.
Pa-na se dé zaŋe ba baŋa ne wea tetare ne.”
Ba ta wó ta we, “Maŋa tiini ka kɛ.
Wɛ dem guni ye tega lage ka yi.
5Konto ŋwaane dé wó zaŋe dé li-ba tete ne mo,
se dé chɔge ba sɔ-fwaaro tem maama!”
6Paŋwa Tu Baŋa Wɛ de ma ta o we:
“Zage-na teeni dem á de tega ne,
ye á daare á lɔ taara
á yeiri Jerusalem kabiri sem teiŋa ne.
Amo wó waare ko nɔn-bia bam,
ba na yɔɔre ba sɛ puseŋa totoŋa to ŋwaane.
7Ne vole na yeini de buri na tei to,
konto mo amo nɔɔna bam de yɔɔre ba ke lwarem.
Jei maama ne, nankɔɔre de vuvuga totoŋa sɔɔ mo zaŋa.
Jaweero de zonne mo jege nɔɔna bam,
ye amo nae te maama!
8Jerusalem tiina bam,
cheigi-na amo ni-kaana yam.
Ko ná dae konto,
amo wó dole abam a yage mo.
A ta maa wó pa se á teo kom ji di-dwonnu,
se nɔɔn-nɔɔno yé wane da o zo.”
Isarele tiina bam ve Wɛ ni-kaana yam
9Paŋwa Tu Baŋa Wɛ na tage tei to mo tento:
“Jeremia, pa se ba kwaane ba lare
nɔɔna balo ta na daare Isarele tiina bam wone to,
se ba wolowolo daa yé daare,
nenɛɛne ba na lare Vini tio-bia tei,
ye kolokolo wo daare tio kom yera ne tei to.”
10Amo nam ná ŋɔɔne de nɔɔna bam,
nɔɔn-nɔɔno bá sɛ se o jwoŋi nmo ni-kaana yam.
Ba zwa yam kwareme mo,
ye ba ve se ba cheigi taane.
Ba yiga daa tera Baŋa Wɛ taane dem wone,
ye ba ba ni de ywoni.
11Amo de bane tiini de fuli
ne Baŋa Wɛ bane na zaŋe tei to mo,
pa se a daa ware a tete se a ja.
Baŋa Wɛ ma leiri o we:
“Kwei a ban-lom dem
n lwo teo kom nɔn-bia bam maama yera ne,
ko ná maŋe ko ye bia bam na kwɛɛre pwooni ne to,
de nɔn-donno tem na kare ba jeeri daane to.
A bane dem bá muri nɔɔn-nɔɔno,
de kan-banna, de ba kaana bam,
de nɔn-kwe, de balo na gɛ fee se ba te to maama de.
12Amo wó kwei ba sam dem, de ba kare sem,
dedaane ba kaana bam,
a pa nɔɔna badwonna se ba taa tei.
Chega to, a lage a yɔɔre a waare
balo na zoore tega kanto wone to mo.”
Baŋa Wɛ na tage tei to mo konto.
13“Ba wone nɔɔna maama pini o dwoŋi mo
se o ma ji nɔɔno.
Nɔn-kamuna, de nɔn-balwa maama ke konto dwoŋi mo.
Wɛ kaanem tiina tete de o sampwori sem
de maa yeini ba tɔge vwa kikia.
14Ba nii a nɔɔna bam zonne dem
nenɛɛne de ye mɔle yerane mo tei.
Ba maa we, ‘Yazura taa wo á tei ne.’
Yazura nam tera se ya yi a nɔɔna bam.
15Ko ya maŋe se chaveera taa jege-ba
ba wo-zɔɔna kikia yam ŋwaane.
Ko nam ba sae ba yera.
Ba maŋe ba yeiri chaveera na ye kolo to.
Konto ŋwaane, ba de wó to tega ne mo,
nenɛɛne nɔɔna maama na toe tei to.
Amo ná tu a waare-ba,
ba kweelim jeiga mo konto.”
Baŋa Wɛ na tage tei to mo konto.
Isarele tiina ve Wɛ chwoŋa kam
16 Baŋa Wɛ na tage tei to mo tento:
“A nɔɔna bam, vei á zege-na chwo-pwɛa yam ne
se á ta‑á fɔge á nia.
Nam ta bwei-na se á lɔre
á nabaara chwei sem déem na ye tei to.
Kuri-na chwo-laao kom,
se á ta‑á vei ka wone,
se á bochara zuri.
Abam ma ve ye á we, ‘Dé bá tɔge-ka.’
17Amo ta ma toŋe a tontoŋena á tei ne,
se ba taa yere abam.
A maa we, ‘Cheigi-na se á ni nabɔnɔ kom kwori!’
Abam ta maa we, ‘Dé bá cheigi.’
18Tɔ, dwi tiina maama, cheigi-na lanyerane!
Abam balo na nii to,
lɔre-na kolo na lage ko ke a nɔɔna bam yera ne to.
19Tega baŋa maama, cheigi-na ywo-seeni.
Amo lage a pa se lɛɛro mo yi a nɔɔna bam,
ba pale-kia yam ŋwaane.
Ba yɔɔre ba swoi se ba taa ve a taane mo.
Ba ma virigi ba kwaga ba ya amo nia yam.
20Ko ná ye talwoŋ-ywoŋa kalo ba na jaane ba nwoŋi Seba ne to,
de nu-ywoŋa kam ba na jaane ba nwoŋi teo yiga yiga to,
amo yiga tera se wone.
Amo bá jwoŋi á zwɛɛm pɛɛra yam,
kokuri to, ya wo su a yi.
21Amo Baŋa Wɛ nam lage a kwei da-bunnu mo
a tiŋi nɔɔna banto chwoŋa ne.
Kwoa de ba bia laam maa wó gare ba to.
Balo de na ye fara daane to,
de ba badwonna de maa wó jei.”
Baŋa Wɛ na tage tei to mo konto.
Jar-keira wó nwoŋi baŋa seeni ba ba
22 Baŋa Wɛ na tage tei to mo tento:
“Kwoni á nii-na baŋa seeni!
Te-fɔrɔ nɔɔna mo maa beene abam baŋa.
Ba nam ti ba yiga mo ba nwoŋi yiga yiga
se ba ba ba jeeri abam de jara.
23Ba zei ba tɛ dedaane ba chichwoa mo ba beena.
Ba nam tiini ba jege puseŋa mo,
ye ba ba jege nɔɔna yibwona kɔtaa!
Ba wurigi ba sisein-nɔɔna
ne naneo na-ŋona na wuuri tei to mo.
Ba ke ba tete ba ke daane
se ba kwaare jara de abam Jerusalem tiina bam.”
Nɔɔna bam ma ta ba we:
24“Debam nigi nɔɔna bam konto ŋwa mo,
pa se dé vɔna pare.
Foone tiini de jege debam mo,
nenɛɛne kaane na virigi puga se o lo
ye ko ke‑o tei to.
25Nam yé ta‑á kare á vei pwola ne yɔɔ yɔɔ,
Á nam yé ta‑á kare chwo-fare sem ne á via,
kokuri, dé dona bam wo jei maama ne mo,
ye ba zei se-zɔɔro ba mae ba fugi debam.”
Amo Jeremia maa we:
26“Amo nɔɔna bam, zo-na gare-nyenyaaro,
ye á bibili tentwarem wone
á wo-chechɔgɔ ŋwaane.
Ta‑á keeri-na nenɛɛne nɔɔno na gɛ o bu-doa
ye o keeri o lua tei to.
Kokuri, dé dona bam wó pɔpɔ ba zaŋe dé baŋa ne mo.”
Baŋa Wɛ ma ta de amo o we:
27“A pɛ nmo ni mo
se n faŋe a nɔɔna bam n nii.
Nmo nam ná faŋe-ba,
n wó lɔre ba na ye nɔɔna dwi delo to,
ne nɔɔno na faŋe luuru dwi dwi o nii tei to.
28Ba maama ye zwabani-nyena mo.
Ba maa kare ba bae da-bebara.
Ba wo maa tiini ko dana
ko dwoi channa de luuru na ye tei to.
Ba maa yɔɔre ba jege daane ba chɔga.
29Mini fonyogo kom tiini ko dana chekke,
se ko le weero lu-nyenno tem wone.
Ba nam ná maŋe ba kwaane tei,
ko maama ye kafɛ mo.
Ba maa ware ba le puseŋ-nyena bam
a nɔɔna bam wone.
30Ba wó taa bwoi a nɔɔna bam we,
lu-nyenno telo ba na ve to mo,
kokuri to, amo Baŋa Wɛ maŋe a ve-ba mo.”",https://www.bible.com/bible/3661/JER.6.KBG
JEREMIA 7,"Jeremia zege Wɛ diga kam ne o tɔɔle Wɛ kwora
1 Baŋa Wɛ na pɛ Jeremia ni delo to mo tento:
2Vei n zege Baŋa Wɛ diga kam ni ne, se n tɔɔle kwora kanto we:
Judah tiina bam, Baŋa Wɛ taane mo tento. Abam balo maama na tɔge Wɛ diga kam manchwo-peena yam á zoore ka wone se á zuli‑o to, nam cheigi-na! 3Paŋwa Tu Baŋa Wɛ wom na ye Isarele tiina Wɛ to nam tage o we:
“Leiri-na á kikia yam se á ta‑á tɔge chwo-laaro. Amo de wó pa abam chwoŋa se á ta‑á zoore tega kanto ne. 4Nam yé ta‑á tɛ á pa daane we, ‘Baŋa Wɛ diga kam wo debam tei ne! Chega to, Baŋa Wɛ diga kam wo debam tei ne!’ Á yeini á tɛ konto dwoŋi ye á boŋe we kolokolo bá yi abam. Á jege á tete á gana mo konto! 5Nam yɔɔre á leiri-na á kikia yam se á ta‑á tɔge chwo-laaro, ye á daare á toŋe de chega da-tei ne. 6Yé ta‑á jege-na veira á bɛɛsa, de botara, dedaane kadeina. Yé zaŋe-na á go balo na wo maŋe se ba te to. Yé ta‑á zuli wa-yɔɔro, se ya wó chɔge abam. 7Á ná seene á leiri á kikia konto dwoŋi, amo de wó sɛ se á ta‑á zoore tega kanto wone, a na kwei-ka a pa á nabaara bam se ba taa tei taa wuu to.
8Nam nii-na á na ke tei! Á jege á tete á gana, de á na tɔge ta-yɔɔro tei to. 9Á yeini á ŋɔna, ye á goe nɔɔna. Á tɔge kabwoŋa kikia. Á ma‑á daare á fɔ vwa taane dim baŋa ne. Á ma‑á zwɛ talwoŋ-ywoŋa á pae Baal jwoni dem, ye á ta tɔge wa-yɔɔro telo á ya na yeiri to. 10Á yeini á toŋe totoŋ-vɛɛsa yam konto dwoŋi ye á laam ba á zo amo tete diga kam wone se á zuli-ne. Á ke konto ye á boŋe we kolokolo bá yi abam, amo na wo á tei ne to ŋwaane. 11Abam boŋe se á pipiri diga kanto ba na mae amo yere ba bwoi-ka to, se ka ji ŋweena tigisim jeiga mo na? Lɔre-na we amo nii a nae á na ke tei maama to. Baŋa Wɛ na tage tei to mo konto.
12Nam véi-na Siloo se á nii bɛ mo kea. Ko ye jeiga kalo a na bobo a kuri se nɔɔna taa zuli a yere da to mo. Amo nam pɛ se ka yɔɔre ka chɔge mo, amo nɔɔna Isarele tiina bam na tɔge lwarem kikia to ŋwaane. 13Tɔ. Abam na yeini á jege wonnu tento maama á ke to, amo yɔɔre a ŋɔɔne de abam mo titwon-twono ye á ba cheiga. A ta ma kwaane a bwoi abam, ye á ve se á leiri-ne. Baŋa Wɛ na tage tei to mo konto. 14Nam lɔre-na se amo na ke tei Siloo ne to, a ta wó ke konto mo amo tete diga kalo na wora a yere zula ŋwaane to baŋa ne. Ka ye diga kalo á na tiini á kwei á teena á daŋe ka baŋa ne to. A ya kwei-ka a pa abam de á nabaara bam mo. A nam wó chɔge-ka. 15Abam Judah tiina bam, a lage a le abam mo a dole a yage yiga yiga, nenɛɛne a déem na ke tei dedaane á chorro Efrayim tiina bam maama to.”
Judah tiina bam na ve Baŋa Wɛ tei to
16“Konto ŋwaane Jeremia, yé lwoori amo Baŋa Wɛ n pa-ba. Yé ŋwane a yiga ne ba ŋwaane, naa n kwaane se n kwoori-ne n pa-ba. Kokuri to, a bá cheigi n wɛ-lworo kom konto. 17Nam dole n yi se n na kolo ba na jege ba ke Jerusalem teo wone dedaane Judah teene dem maama wone to. N wo nɛ ba na ke tei to na? 18Ba bia kare ba puuri da-dwa mo, ba baara maa dwéi mini, ye ba kaana bam de choe muni se ba ma ba fɔge maasa. Ba kwei maasa yam ba ma ji pɛɛra ba pa jwoni delo ba na bwoi we ‘Telaao Pa-kana kam’ to mo. Ba ta maa yeini ba lwoi sana ba pa ba wa-yɔɔro tem. Ba mae ba keina yam konto mo ba twe amo pa se a bane zaŋe. 19Ko nam ye amo mo ba keina yam chɔge na? Ko dae ba tete yera mo ko zoore na? Ba yeiri we ba tete chaveera mo ba kare ba beera.” Baŋa Wɛ na tage tei to mo konto.
20Yuu-tu Baŋa Wɛ nam tage tento mo we, “Mo kokuri amo wó tiini a lwo a ban-lom jei sem konto maama baŋa ne. Ko ná ye nabiina, de vara, de teeni, de wodiiru telo na ke tega kam baŋa ne to maama, te maama wó chɔge! Kolokolo bá che amo ban-lom dem.”
21Paŋwa Tu Baŋa Wɛ wom na ye Isarele tiina Wɛ to mo tage tento o we:
“Á ná laga, ja-na á zwɛɛm pɛɛra yam, de á kaanem yadwonna yam á ba á di nɔna yam maama, se a yiga tera ya wone. 22Amo déem na jaane á nabaara bam a nwoŋi Ejipti ne ye a daare a ŋɔɔne de-ba to, a wo pɛ-ba ni se ba kwei zwɛɛm pɛɛra, de kaanem dwi dwi ba pa-ne. 23Amo déem na pɛ-ba ni delo to mo tento: ‘Ta‑á sɛ-na amo ni, se a taa ye abam Wɛ wom, se á de ta‑á ye amo nɔɔna. Ta‑á tɔge-na chwei selo a na tiŋi a pa abam to, se á ŋwea ke lanyerane ka pa abam.’ 24Abam nabaara bam déem ma ve. Ba bere ba wo cheigi-ne de. Ba maa jege yi-dɛɛre ye ba tɔge keim-lwanno telo maama ba boboŋa na lage to. Ko ma pa se ba pipiri ba jwoori kwaga, ye ba ya maŋe se ba vo yiga mo. 25Ko na zege abam nabaara bam déem na maŋe ba nwoŋi Ejipti ne to se ko yi zem, amo yeini a toŋe a sampwori sem mo á tei ne maŋa maama. 26Abam ma‑á yɔɔre á ve se á cheigi ba taane. Á zwabania kikia yam kɛ á nabaara bam déem na ke tei to.
27Jeremia, nmo nam ná tage tento maama n bere a nɔɔna bam, ba bá cheigi n taane. N ma‑n ná bwoŋi-ba, ba bá leiri‑m. 28Nam vei n ta de-ba we, ‘Dwi dento tiina bam ba sɛ ba Tu Baŋa Wɛ wom ni. Ba ve Wɛ koresem se ba wane ba leiri ba wo. Chega kam de ma jei ba tei ne, ye ba daa ba tɛ-ka. 29A nɔɔna bam, nam cheeri-na á yum, se á daare á dole á yu-ywei sem á yage. Ta diini-na peo yuu ne, á jeini da á leeni luseim lei. Kokuri abam ye dwi delo Baŋa Wɛ na ve to mo, o bane na tiini de zaŋe de abam to ŋwaane.’ ”
30 Baŋa Wɛ daa ma ta o we:
“Judah tiina bam tiini ba toŋe lwarem amo yiga ne. Ba kwei wo-zɔɔna yalo ba na zuli to ba zege diga kalo na wora a yere zula ŋwaane to wone, ye ba da ko ŋwaane ba biini-ka. 31Ba lɔge wara-jei bimbina mo ba zege Tofete ne na wo Ben-Hinom bwolo kom wone to. Ba maa yeini ba kwei ba bia ba zwɛ mini wone ba ke kaanem da. Amo nam wo fɔge a pa-ba ni se ba ke konto. Keim dem konto dwoŋi nam ya bere de tera a boboŋa ne. 32Nam lɔre-na we maŋa lage ka yi se nɔɔna daa yé taa bwoi jei sem konto we Tofete, naa Ben-Hinom bwolo kom. Ba laam wó taa bwoi-ko we ‘Ba-gwono bwolo’ mo. Kokuri, nɔɔna wó taa tigi Tofete ne se ba suli-ba, se ko dwoni pwola kalo na wó taa wora se ba suli-ba to. 33Zuna de kago-vara mo wó ba ba di nɔɔna bam yera, ye nɔɔn-nɔɔno daa bá daare se o zeili-te o yage. 34Amo wó pa se wopwolo de mwanno sɔɔ maama ti Jerusalem teo chwei sem ne, de Judah teene dem maama wone. Kadiri ywoni de daa bá taa wora. Kokuri to, abam tega kam laam lage ka ji di-dwonnu mo.”",https://www.bible.com/bible/3661/JER.7.KBG
JEREMIA 8,"1 Baŋa Wɛ daa ma ta o we:
“Maŋa kam konto ne, ba wó jwoori ba ko Judah tiina pwa de ba nakwa bam yibeela ba le ba kwi. Ba ta wó ko ba le Wɛ kaanem tiina kwi, de Wɛ sampwori sem kwi, dedaane Jerusalem tiina bam maama kwi ba yibeela yam ne. 2Ba kwi sem laam maa wó taa jare se tigi pwola ne se wea, de chana dedaane chalechwe sem mage-se. A nɔɔna bam nam ya swoi se ba taa zuli tento mo. Ba ma lwoori wolim te tei ne ye ba ke kaanem ba pa-te. Nɔɔn-nɔɔno nam bá suli ba kwi sem. Se wó taa tigi tega baŋa ne mo pare-pare, ne popɔnɔ tei. 3Dwi-balɔrɔ tiina bam konto badaara nam wó wori. Amo nam ná pɛ se banto jage ba vo ba jeini sa-teo kolo maama ne, ba wó taa beeri toone da, se ko dwoni ba ŋwea.”
Paŋwa Tu Baŋa Wɛ na tage tei to mo konto.
Wɛleere dedaane waarem taane
4“Ta de nɔɔna bam we, Baŋa Wɛ mo tage o we:
Ne nɔɔna ná yeini ba to tega ne,
ba bá pɛ ba zaŋe se ba zege wɛɛne mo na?
Nɔɔno nam ná ywori o chwoŋa ye o maane ko ni ne,
kotu bá jwoori o pipiri o to chwoŋa ne mo na?
5Bɛŋwaane mo a nɔɔna bam nwoŋi amo kwaga ne?
Jerusalem tiina bam yɔɔre ba vae amo.
Ba maa yeini ba gorege vwa mo,
ye ba ve se ba pipiri ba jwoori amo tei.
6Amo yɔɔre a cheigi mo se a ni ba ni taane.
Ba wolowolo nam ba tɛ chega.
Nɔɔn-nɔɔno bá sɛ se o leiri o wo
o daare o yage o lwarem kikia.
O ba boŋa o nii o kikia na ye tei to.
Ba maama yɔɔre ba mage ba yum ba tɔge chwo-yɔɔ mo,
ne sisein-nɔɔna na duri se vei jara wone tei to.
7Zuna dwi dwi maŋe ba yei ba maŋa kam ná yia
se ba zaŋe ba vo jeiga kadwoŋi ba taa jei da.
Ko ná ye buga ni zuna, de kunkwona,
de kawɛbidwoora, de koŋwaaro,
ba maama yei ba chwei sem konto.
Ko nam ná ye amo tete nɔɔna bam,
ba yɔɔre ba yeiri chwei selo amo Baŋa Wɛ na pɛ-ba se ba taa tɔge to mo.
8Abam nam kare á tɛ nenɛɛne,
‘Debam yia poore!
Dé jege Baŋa Wɛ nia yam dé tei ne!’
Ko nam na seene ko ye tei to,
balo na jege abam ba bere to pipiri amo nia yam
pa se ya ji vwa mo ya pa abam.
9Á yi-pore-nyena bam konto lage ba ja ba nia mo,
chaveera na wó ja-ba to ŋwaane.
Chwoŋa bá taa wora se ba lu.
Kokuri to, ba ve Baŋa Wɛ ni mo.
Ba yi-poro kom nam bɛ?
10Konto ŋwaane mo a lage a kwei ba kaana a pa nɔn-gɛ,
se ba kare de ji nɔɔna badwonna nyem.
Ba wone nɔɔno maama pini o dwoŋi mo
se o ma ji nɔɔno.
Nɔn-kamuna, de nɔn-balwa maama ke konto dwoŋi mo.
Wɛ kaanem tiina tete de o sampwori sem
de yeini ba tɔge vwa kikia yam konto mo.
11Ba nii a nɔɔna bam zonne dem
nenɛɛne de ye mɔle yerane mo tei.
Ba maa we, ‘Yazura taa wo á tei ne.’
Yazura nam tera se ya yi a nɔɔna bam.
12Ko ya maŋe se chaveera taa jege-ba
ba wo-zɔɔna kikia yam ŋwaane.
Ko nam ba sae ba yera.
Ba maŋe ba yeiri chaveera na ye kolo to.
Konto ŋwaane, ba de wó to tega ne mo,
nenɛɛne nɔɔna maama na toe tei to.
Amo ná tu a waare-ba,
ba kweelim jeiga mo konto.”
Baŋa Wɛ na tage tei to mo konto.
13 Baŋa Wɛ ta ma ta o we:
“Amo wó kwei ba faao wodiiru tem a ja viiri.
Tio-bia daa bá daare ba Vini teeni dem yera ne.
Mɔɔro de bá taa wo ba kaporro tem yuu ne.
Teeni vɔɔro tem maama de maa wó kwaare.
Kolo maama a ya na pɛ-ba to laam wó jei ba tei ne.”
Nɔɔna bam maa we:
14“Bɛŋwaane mo ye dé ta jei ywo-seeni?
Pa-na se dé duri dé vo teene delo na lɔge de pe to
dé gilimi de wone.
Kokuri to, dé ná tege dáane,
ko wó taa gara.
Dé Tu Baŋa Wɛ nam tage o tiŋi mo
se debam maama te.
O ma kwei na-chɛɛra o pa debam
se dé nyɔ dé te.
Ko maa ye dé na tusi o yiga ne to ŋwaane mo
o ke konto maama dé yera ne.
15Debam ya teene yazura mo,
ye ko wo ke debam lanyerane.
Dé ta maa beeri se dé na zurim,
ye dé jwoori dé na vuvuga yerane.
16Debam dona bam sisein-nɔɔna napɔna kwori
mo dɔne Dan teo ne yiga yiga.
Ba sisei sem keira ma pa se Judah tiina bam yera sae.
Dé dona bam beene se ba chɔge dé tega kam mo,
de ka woŋo maama,
dedaane Jerusalem teo kom,
de ko nɔn-bia bam maama.”
17 Baŋa Wɛ na tage tei to mo tento:
“Nii-na ywo-seeni!
A lage a toŋe basankwe mo
se se ba á tetare ne.
Se wó ba se done abam,
ye á bá wane-se á che.”
Jeremia keeri Judah tiina bam ŋwaane
18Amo wo na jei tei to laam kɛ jaanem.
A vɔna de ma pare.
19Cheigi-na, se á wó ni a nɔɔna bam na keeri tei
tega kam ni maama ne to.
Ba maa we, “Baŋa Wɛ viiri o daare Zion mo na?
Dé Pɛ wom daa tera mo na?”
Baŋa Wɛ maa we:
“A nɔɔna bam zuli jwona yalo ba jea na mɔɔne to,
dedaane jwo-yɔɔro telo na ye dwi-gɛ tiina nyem to mo.
Bɛŋwaane mo ba ke konto
pa se a bane zaŋe de-ba?”
Nɔɔna bam daa ma keeri ba we:
20“Yadɛ de kwea maŋa tu te kɛ,
ye nɔɔn-nɔɔno ta wo jwoŋi debam o yage.”
21Ko tiini ko jege-ne ko ni
de ko na nigi a nɔn-swonnu tem tei to.
Lwia mo tiini ya jege-ne,
ye a keeri dedɛ.
22Terale nuga tere Gilead ne mo
se ba ma ba lɛ a nɔɔna bam ŋɔna na?
Liri keiru de nam mo tere dáane na?
De konto maama de, a nɔɔna bam ta wo nɛ yazura.",https://www.bible.com/bible/3661/JER.8.KBG
JEREMIA 9,"1Amo yuu ya ná wó wane ko ji vole,
se a yia de ji buli-yia,
amo ya wó keeri wea de tete maama,
ba na go a nɔɔna balo to ŋwaane.
2Amo ya wó lage jei kagoa yuu ne,
mɛ chwo-veila na vei ba sii to a vo da.
A laam maa wó vo dáa a daare a nɔɔna bam.
Kokuri to, ba maama nwoŋi Wɛ kwaga ne,
ye ba tɔge puseŋa kikia.
Baŋa Wɛ na leiri Jeremia tei to
3 Baŋa Wɛ na tage kolo to mo tento:
“Ne nɔɔna na saŋe tɛ tei to,
konto mo a nɔɔna bam de ti ba yiga
se ba taa fɔe vwa.
Ba na kwaane se ba na dam tega kam ne tei to,
ko dae chega mo ba tɔga,
se vwa yerane mo.
Ba maa toŋe lwarem ba daŋe da-baŋa ne,
ye ba yiga tera de amo.
4Ta‑á yei-na á badwonna bam ni ne.
Nam yé kwei-na á teena á daŋe á chorro baŋa ne.
Kokuri to, á dwi tiina bam maama
kare ba pini daane mo.
Nɔɔna maama de maa bae da-bebara.
5Ba maa jege ba badwonna ba gana.
Nɔɔn-nɔɔno ba tɛ chega o pae o dwoŋi.
Ba maa pae se ba nia yam me de vwa-fɔra.
Ba maama swoi se ba taa ke wɛleera,
ye ba ware ba yage.
6Ba maa yeini ba tɔge vuvuga kikia
ba daŋe da-baŋa ne,
ye ba ta gane ba dwonna ba woli da.
Ba ba sɛ se ba taa kɔre amo.”
Baŋa Wɛ na tage tei to mo konto.
7Mo kokuri Paŋwa Tu Baŋa Wɛ tage tento:
“Nii a na lage a ke tei to!
A lage a ma mini mo a faŋe a nɔɔna bam a nii,
ye a le wo-yɔɔro ba wone
se a daare a kwɛ-ba.
Bɛ mo amo daa wó ke,
a nɔɔna bam wɛleera yam ŋwaane?
8Kokuri to, ba ni taane nye de chena yalo ba na sole to mo.
Ba maa kare ba fɔe vwa yerane.
Nɔɔno maama mae yazura taane mo o ware o dwoŋi,
ye o laam che kalanchogo se o ma o ja kotu.
9A ná waare-ba ba kikia yam ŋwaane,
ko dae ko chwoŋa ne mo na?
Amo bá jwoori a ŋwe ba wɛleera jene,
ba dwi dem na ye puseŋ-nyena to ŋwaane na?”
Baŋa Wɛ na tage tei to mo konto.
Amo ma ta a we:
10“Amo wó keeri peero tem ŋwaane mo.
A maa wó chwoosi kagoa pwola kam ŋwaane,
ka laam na jigi kapwor-pwoŋa to ŋwaane.
Nɔɔna nam daa ware jei sem konto ne
se ba tɔge ba kɛ.
Naane daa tera dáane de keera.
Zuna de vara dwi maama viiri ba daare jei sem konto.”
Baŋa Wɛ maa we:
11“Amo wó pa se Jerusalem ji di-dwoŋ-koro,
se nywoŋ-kuri taa kare dáane se via.
Amo ta wó pa se Judah teene dem taa ye yɔɔ yerane,
se nɔɔn-nɔɔno yé wane de wone o zo.”
12Swa tu wora o na yei keim dento kuri na? Baŋa Wɛ pɛ se nɔɔno lɔre ko kuri se kotu wane o bere debam na? Bɛŋwaane mo ye dé tega kam tiini ka ji kagoa konto, pa se nɔɔna daa ware ka wone se ba tɔge ba kɛ?
13 Baŋa Wɛ ma leiri o we:
“Amo nɔɔna bam na ve bera yalo a na pɛ-ba to ŋwaane mo ko ye konto ba yera ne. Ba maa wo sɛ se ba tɔge amo nia yam, ye ba ywori a chwei sem wone. 14Ba nam jege yi-dɛɛre mo ye ba yɔɔre ba zuli Baal jwona yam, nenɛɛne ba kwoa na bere-ba se ba taa ke to.” 15Mo kokuri, Isarele tiina Paŋwa Tu Baŋa Wɛ wom tage tento o we, “Amo wó pa a nɔɔna bam na yaara dedɛ. Ko maŋe se ba di wodi-chɛɔ ye ba daare ba nyɔ na-chɛɛra mo. 16A nam ta wó jage-ba a yage sa-teene ne yiga yiga, mɛ ba de ba kwoa na wo nigi de ŋwa to! A ta wó toŋe jar-keira ba baŋa ne se ba ba ba zeili-ba taa, se ko yi ba maama chɔgem.”
Jerusalem tiina keeri ba jare Baŋa Wɛ
17Paŋwa Tu Baŋa Wɛ na tage kolo to mo tento:
“Boŋe-na á nii kolo na jege ko ke to,
se á daare á bwoŋi kaana balo
na yei luseim mɔɔnem to
se ba ba.”
Amo maa we:
18Tɔ. Pa se ba ke lela ba ba
ba leeni luseim lei,
se se vaŋe debam dedɛ.
Konto wó pa se debam yi-na tiini ba taa nwoŋa.
19Jerusalem tiina bam yɔɔre ba keeri mo ye ba we,
“Lɛɛro yi debam ywoo!
Chaveera tiini ya ba debam baŋa ne!
Dé jege se dé nwoŋi dé daare dé tega kam mo,
dé sam dem maama na chɔge to ŋwaane.”
20Kaana bam, nam cheigi-na Baŋa Wɛ taane dem.
Pa-na se o botara kam zo á boboŋa.
Bere-na á bukwa de á badwonna ba na wó ke tei
ba leeni luseim tento dwoŋi to:
21“Toone laam dɔɔle dé takworru tem ne mo
de zo dé sɔ-fwaaro tem wone.
Ko ná ye dé bia ya na wo teo kom chwei sem ne ba kwɛɛre to,
dedaane nɔn-donno telo na wo yaga kam ne to,
toone go-ba mo.”
22 Baŋa Wɛ na bere-ne se a ta kolo mo tento:
“Twa wó taa tigi jase mo jei maama ne,
nenɛɛne popɔnɔ na yeini ko tigi kare sem ne tei to.
Ko ta wó taa nye de men-pwoa yalo nɔɔno na zage o tiŋi,
ye nɔɔna tera se ba la-ya ba ke diga ne to mo.”
23 Baŋa Wɛ na tage kolo to mo tento:
“Swa tiina dae se ba taa mage ba nyɔɔna
de ba swa yam.
Dedɛɛra nam yé mage ba nyɔɔna
de ba dam dem.
Naduna de nam taa yei se ba yé mage ba nyɔɔna
ba dum dem baŋa ne.
24Nɔɔno nam ná boŋe se o taa mage o nyɔɔne,
kotu jege se o teere woŋo konto yerane baŋa ne mo:
O wó mage o nyɔɔne we o yɔɔre o yei amo,
ye o lɔre we amo mo ye Baŋa Wɛ wom.
A maa ye wolo swono kom na daga taa wuu tu to.
Amo nam lage se chega de lanyerane keim mo taa toŋa tega baŋa ne.
Keina yanto dwoŋi mo ye yalo na pwoli amo wo to.”
Baŋa Wɛ na tage tei to mo konto.
25 Baŋa Wɛ daa ta ma ta o we, “Chega to, maŋa lage ka yi se amo waare balo dwi maama na gwoni ba peina ye ba laam ba kɔre amo to mo. 26Banto nam mo ye Ejipti tiina, de Judah tiina, de Edom tiina, de Amon tiina, de Moaba tiina, dedaane balo na cheeri ba yuni ye ba zoore kagoa yuu ne to. Kokuri banto maama ba tɔge pein-gwoŋa ni-sɛɛm delo amo na tiŋi to. Isarele dwi tiina bam de tete maŋe ba ba tɔge ni dem konto.”",https://www.bible.com/bible/3661/JER.9.KBG
JEREMIA 10,"Jwona kaanem na chɔge nɔɔna tei to
1Abam Isarele dwi tiina bam maama, cheigi-na Baŋa Wɛ taane. 2Baŋa Wɛ na tage tei to mo tento:
“Abam yé lwoni-na dwi-gɛ tiina bam kikia.
Yé nii-na wo-kenkagela yalo na wo wɛyuu ne to,
se á pa se ya so abam,
nenɛɛne dwi-gɛ tiina na yeini ba fone de-ya tei to.
3Banto na ke tei de ba chullu tem to ba jege kuri.
Ba yeini ba vo goa wone ba gwoni daa mo,
se gɔgɔ kwei o dwooru o ma o kwɛ-ka se ka ji jwoni.
4Ba maa wó kwei sabu-seŋa de lu-nyenno
ba ma fɔge-de ba kaare,
ye ba daare ba ma chena ba mage-de ba ja daane,
se de yé kwori de to yera yera.
5Wa-yɔɔro tem konto nye de nabiinu nyenyego
nɔɔno na kwei o chwi o kaduga ne,
se o ma o saare zuna tei to mo.
Ya ware ya ŋɔɔne.
Ya maa ware ya vo ya tete ne.
Nɔɔna jege se ba taa zeŋe-ya mo ba beera.
Konto ŋwaane, yé ta‑á fona de-ya.
Ya bá wane abam ya chɔge,
ya nam bá wane ya woli abam.”
6Yuu-tu Baŋa Wɛ, nmo dwoŋi tera.
Nmo mo yɔɔre n jege kamunim.
Nmo yere dem ye yere-zɔŋɔ mo,
n dam-fɔrɔ kom ŋwaane.
7Nmo ye dwi tiina maama Pɛ.
Nɔɔna maama jege se ba taa kɔre‑m mo.
Nmo maŋe se n jwoŋi ba zula yam.
Ko ná ye tega baŋa teene dem maama pwa bam
dedaane ba swa tiina bam,
nmo dwoŋi tera ba maama wone.
8Ba maama ba jege boboŋa.
Ba maa tɔge jworim yerane mo.
Bera yalo ba na jwoŋi ba jwona tei ne to ye kafɛ mo.
9Ba yeini ba yeigi lu-nyenno Tarasisi ne,
ye ba ta yeigi sabu-seŋa Yupaza ne,
se gwaro kwei-te ba ma ba kwɛ jwona yam.
Ba ma daare ba gɔgere-ya
de gare-yia yalo nyenyero na ye nazwon-pupwia,
de nasoŋ-pupwia to.
Nabiina ma swa mo ba mɔɔne-ya.
10Chega ŋwaane nam,
Baŋa Wɛ yerane mo ye Wɛ chekke!
O maa ye Ŋwea Tu Wɛ wom.
O paare dem wora taa wuu.
O bane nam ná zaŋe,
tega baŋa maama ziziŋi mo.
O ban-lom dem konto dwoi
logo baŋa dwi maama jaanem.
11Ta-na se ba lɔre ne Baŋa Wɛ mo we, “Ko dae abam wa yam mo naane wɛyuu dedaane tega baŋa. Ya nam wó jei tega baŋa ne, de wɛyuu maama ne.”
12 Baŋa Wɛ nam kwei o dam dem mo
o ke tega kam baŋa.
O ma daare o kwei o swa yam
o naane logo kom maama.
O ma da o boboŋa baŋa ne o lware wɛyuu kom
pa se ko tigi palalala.
13Wonto ná zege wɛɛne o bage o kwora,
wɛyuu baŋa na bam yeini ba wuuri mo.
O wae o pae se kunkwonnu zege
logo baŋa kweelim jei sem ne
te tae te nwoŋa.
O maa pae se doa nena ye ka pepela.
O ná pore o diga kam,
vio mo wó nwoŋi da ko jage ko yi jei maama.
14Jwo-kaana bam maama jworim dem gaale mo,
ye ba boboŋa tera.
Chaveera wó ja gɔgɔ kolo maama na gɔgere jwona to,
o jwona yam na ba jege ŋwea to ŋwaane.
Ya ye wo-yɔɔro mo.
15Ya ba jege kuri.
Ya maŋe se nɔɔna taa jege-ya ba mɔna mo.
Ya waarem maŋa kam ná yia,
ya maama wó chɔge mo fase.
16Wolo Jakob dwi tiina bam na zuli to
nam dae ne yanto na ye tei to.
Wonto mo ye woŋo maama Naano wom.
Isarele dwi tiina bam de ye balo
o na kuri se ba taa ye wonto tete nyem to mo.
O yere mo ye Paŋwa Tu Baŋa Wɛ wom.
Lɛɛro wó ba Jerusalem tiina baŋa ne
17Nam ke-na á zela á ke daane,
se á duri á daare á teo kom,
á dona na gilimi abam ba ke tetare ne to ŋwaane.
18 Baŋa Wɛ nam tage tento mo o we:
“Amo lage a kwei abam balo na zoore tega kam ne to
a dole a yage mo,
nenɛɛne nɔɔna ná mɛ napana ba dole kandwɛ ba yage tei to.
A maa wó pa se lɛɛro yi abam
pa se ko ni abam ko ja gaale.”
A maa we:
19Lɛɛro wo a yuu ne!
Nii ko na zoore a yera tei.
A zonne dem ba tia!
A ya boŋe we, “Jaweo mo jege-ne,
a laam wó ba a wori.”
20Ko nam na ye tei to,
a vwei dem yɔɔre de chɔge mo.
Ŋone selo ya na vɔge-de to laam kɔga.
A bia bam maama ma jei ba daare-ne.
Nɔɔn-nɔɔno daa tera se kotu chwi a vwei dem o pa-ne,
naa o lɔ diga se a zo ka wone.
21Dé yiga tiina bam boboŋa tege mo.
Ba ba bwei se ba lɔre Baŋa Wɛ boboŋa.
Konto nam mo pɛ se ba zo gɛɛre wone,
ye dé kɔgɔ kom maama de jage ko jei.
22Cheigi-na! Ba jege taane ba beena!
Tiguri-kaasa mo nwoŋi baŋa seeni teo kodwoŋi ne.
Ba jar-keira mo gwɛ ba beene debam baŋa.
Ba keim dem konto nam wó pa se
Judah laŋa kam ji di-dwonnu mo.
Nywoŋ-kuri yerane maa wó taa zoore ka teene dem wone.
23Amo Tu Baŋa Wɛ, amo yei we ko ná ye nabiina,
dé wolowolo ba zei o tete ŋwea.
Nɔɔn-nɔɔno ware se o lɔre chwoŋa kalo
kotu na wó kwei to.
24Konto to, Baŋa Wɛ, ta‑n jege-ne n koresa.
Nam tɔge chega chwoŋa n korese-ne,
se n ná dɛ n ban-zɔŋɔ kom baŋa n ke konto,
a bá wori.
25Ko nam ná ye dwi-gɛ tiina balo na ba kɔre nmo to,
de balo maama na ve nmo to,
pa se n ban-lom dem to ba baŋa ne.
Kokuri to, banto tiini ba chɔge debam Isarele tiina bam mo.
Ba ma wane debam ba di
ye ba daare ba pa se dé teo kom ji di-dwonnu ko zega.",https://www.bible.com/bible/3661/JER.10.KBG
JEREMIA 11,"Nɔɔna bam chɔge Wɛ ni-gwonim dem
1 Baŋa Wɛ daa na pɛ Jeremia ni delo to mo tento:
2“Guli ni delo a déem na gwoni de a nɔɔna bam to. Ta daare n ŋɔɔne de Jerusalem teo kom tiina de Judah tiina bam maama. 3Ta de-ba ne amo Isarele tiina Baŋa Wɛ wom mo tage a we: Amo déem gwoni ni de á nabaara bam. A nam sɔɔle lwarem a yage wolo maama na ve se o ke de na bere tei to yuu ne mo. 4A déem na jaane á nabaara bam a nwoŋi Ejipti ne ye a ke ni-gwonim delo de-ba to mo konto. Teo kom konto ya ye min-vogo yaara jei mo ko pa-ba. A déem tage de-ba a we, ‘Sɛ-na amo ni se á daare á ta‑á tɔge chullu telo maama a na pɛ abam to. Á ná ke konto, á wó ta‑á ye amo tete nɔɔna, se amo de taa ye abam Wɛ. 5Amo laam maa wó ke a su a déem na dugi duuri de á nabaara bam se a pa-ba tega kalo na ywomma de varem de kɔnɔ to.’ Tega kam konto baŋa ne mo abam laam zoore zem tento.” Amo ma leiri a we, “Ɛɛ, Baŋa Wɛ, pa se ko seene ko ke konto.”
6 Baŋa Wɛ laam ma ta de amo o we:
“Vei n tɔɔle kwora kanto Jerusalem chwei sem ne de Judah teene dem maama wone se n ta we: Guli-na ni delo amo déem na gwoni to, se á ta‑á tɔge de na bere tei to. 7Amo déem na yɔɔre a ja á nabaara bam á nwoŋi Ejipti ne to mo a maŋe a kaane-ba taa se ko yi zem. A maa yeini a ta de-ba a we, ‘Sɛ-na amo ni dem.’ 8Ba nam wo sɛ. Ba bere ba wo cheigi-ne de. Ba maa jege yi-dɛɛre ye ba tɔge keim-lwanno telo maama ba boboŋa na lage to. Konto ŋwaane mo a nam pɛ se waarem delo maama ni-gwonim dem na bere to ba ba baŋa, ba na ve se ba tɔge ni delo amo na gwoni de-ba to ŋwaane.”
9 Baŋa Wɛ daa ma ta de amo o we:
“Jerusalem teo kom tiina de Judah tiina bam maama mo ke ni daane se ba yé sɛ ba pa-ne. 10Ba nwoŋi amo kwaga ne ye ba yɔɔre ba sɛ se ba ke ba nabaara wɛleera yam dwoŋi mo. Banto de déem ve se ba cheigi amo taane dem. Ba laam ma tɔge wa-yɔɔro kwaga se ba zuli-ya. Isarele dwi tiina bam, de Judah dwi tiina bam maama mo chɔge ni-gwonim delo amo na ke de ba nabaara bam to. 11Amo Baŋa Wɛ nam tage tento mo we: ‘A lage a pa se chɔgem mo ba ba baŋa ne se ba yé lu. Ba nam ná kaase ba jare amo tei maama de, a bá cheigi ba keira kam. 12Jerusalem tiina bam dedaane Judah tiina bam maama laam maa wó vo wa-yɔɔro telo ba na zuli to tei se ba lwoori wolim ya tei ne. Ya nam bá wane-ba ya che cham delo na wó to ba yuu ne to. 13Abam Judah dwi tiina bam, nii á kikia na ye tei! Abam teene dem na mae tei to, á jwona de ye konto mo. Bimbina yalo á na kaane Baal jwo-yɔɔ kom ya baŋa ne to de maa mae de chwei selo na wo Jerusalem teo kom wone to.’
14Konto ŋwaane Jeremia, yé kwaane se n lwoori-ne n pa nɔɔna banto. Nam yé ŋwane a yiga ne ba ŋwaane, se ba cham maŋa ná yia, amo bá cheigi ba wɛ-lworo kom.
15A nɔn-swonno tem daa ba jege chwoŋa
se ba jeeri a diga kam wone.
Ba dedɛ mo ke puseŋa kikia.
Á boŋe we, á ná sugi a yia de á vara kaanem dem,
cham daa bá ba á baŋa ne mo na?
Yé ta‑á jege-na wopwolo,
se ko ba jege kuri.
16Amo Baŋa Wɛ nam ya pɛ se á nye de Olivi tio
kolo na ke vɔɔro lanyerane
ye ko tio-bia bam de tiini ba lana to mo.
A nam wó bage mo ne do-fɔrɔ tei,
ye a pa se mini ja tio kom konto de di.
Ko nɛ sem maama de maa wó chochoge.
17Amo Paŋwa Tu Baŋa Wɛ déem mo jeiri abam á tega kam ne, ne tio tei to. Amo nam sɔɔle lwarem mo a yage á yuu ne. Kokuri to, Isarele dwi tiina de Judah dwi tiina bam maama pɛ se a bane zaŋe mo, de ba na zuli Baal jwoni dem to.”
Nɔɔna na boŋe se ba go Jeremia tei to
18 Baŋa Wɛ déem ma pa se a yia puri se a wane a lɔre ko kuri. O ma pa se a taa yei nɔɔna bam keim-lwanno tem ni ne. 19A ya yeiri we ba ke ni-sɛɛm daane se ba go amo mo. A maa nye de pipeila kalo ba na wó ja ba vo ba go ye ka yeiri kolo na wora ko ke to mo. Ba déem ma ta ba we:
“Pa-na se dé chɔge tio kom de ko bia maama.
Dé wó pa se o momwɛ ti logo baŋa ne,
se nɔɔna daa yé taa guli o gula.”
20Ko nam ná ye nmo, Paŋwa Tu Baŋa Wɛ,
nmo yeini n bore chega bora mo.
N ta ma‑n faŋe nɔɔna bochara de ba boboŋa
se n lɔre ya na ye tei to.
Nam zaŋe n waare-ba,
se n ma n ŋwe a jene ba baŋa ne.
Kokuri to, a kwei a woŋo maama
a ke nmo jeŋa ne mo.
21Anatofe teo tiina déem beeri amo mo se ba go, ye ba tɛ ba we a yé taa pworisi Baŋa Wɛ yere ŋwaane, se a ná ve, ba wó go-ne. 22Mo kokuri, Paŋwa Tu Baŋa Wɛ tage ba taane o we, “Amo wó waare-ba mo. Ba nɔn-donno tem wó te jara wone mo, se kana laam go ba bia bam, bakeiri de busankane maama. 23Maŋa kam ná yi se a waare Anatofe tiina bam, a laam wó pa se lɛɛro to ba baŋa ne, ye ba wolowolo bá daare.”",https://www.bible.com/bible/3661/JER.11.KBG
JEREMIA 12,"Jeremia jege taane de Baŋa Wɛ
1 Baŋa Wɛ, amo ná yeini a kwei taane a pa‑m,
n yeini n nii de baŋa ne de chega mo.
De ko de, a lage a bwei bwia nmo bora borem dem seeni.
Bɛ mo tei pa se puseŋ-nyena vei yiga?
Bɛŋwaane mo vwa-nyena ŋwea ke lanyerane?
2Nmo jeiri-ba ne ba ye teeni mo tei.
Ba ma ke bonno ye ba zege de dam,
se ba daare ba taa leiri bia.
Maŋa maama n taane wo ba nia ne.
Ba bochara nam ba tɔge nmo.
3Amo Tu Baŋa Wɛ, nmo nam maŋe n yei-ne.
N ma‑n yere-ne ye n ta faŋe a boboŋa
se n lɔre a na swoi‑m tei to.
Yɔɔre n vaŋe nɔɔna bam konto,
ne ba na vaŋe pia ba vei se ba go tei to.
Pɔɔre-ba n zege dáa ne
se n le dɛ dedwe n chɔge-ba.
4Debam tega kam wó taa ye te-kora konto taa na?
Nii gaaro na kwaare jei maama ne tei!
Vara de zuna maama maa wora ba toa,
dé nɔɔna bam puseŋa kikia ŋwaane.
Ba nam ta jege ni mo ba tɛ ba we,
“Baŋa Wɛ bá na kolo na lage ko ke debam to.”
Baŋa Wɛ na leiri Jeremia tei to
5“Nmo nam ná kwaane n duri n dwoni de nabiina n ga,
n wó ke tetɛ mo n duri n dwoni de sisein-nɔɔna se n di?
Nmo ná vei te-kampare baŋa ne n saare n toe,
ko laam nam ná ye punnu na li mɛ Jɔdan buga kam ni ne to,
ko bá ke dwono mo na?
6Nmo tete chorro telo á na ye dwi daane to
mo ba jege chega dede‑m.
Ba maa chiŋi‑m ye ba bage ba yage wɛ-wɛ.
Konto to, ba ná maŋe ba ŋɔɔne ni-som de nmo,
yé kwei n chega n pa-ba.
7Amo nam wó nwoŋi a tete dwi tiina bam kwaga ne.
A yiga daa bá taa wo nɔɔna balo na ye a nyem to wone.
Ko ye balo a na tiini a swoi to mo
a lage a kwei-ba a ke ba dona bam jeŋa ne.
8Nɔɔna balo a tete na kuri to mo pipiri
ba dwoni de amo,
ne nywonnu na ye tei goa ne to.
Ba maa laare de sɔɔ ba yage a yera ne.
Ko ma pa se a chuli-ba.
9Amo laam pɛ se a tete nɔɔna bam ji nenɛɛne kalwoŋo na ye tei,
ye duura gilimi-ko ba zɔge to mo.
Nam bwoŋi kago-vara bam se ba de ba
ba di ba su ba boboŋa.
10Yiga tiina dedɛ mo wó ba se ba nɔ ba chɔge
te-ywoŋa kalo a na jeiri a nɔɔna bam ka wone to.
Ba nam wó pa se a te-ywoŋa kam konto laam ji kagoa.
11Jei sem maama wó ji kapwor-pwoŋo,
de di-dwonnu yerane mo.
Tega kam maama laam wó ji kagoa mo,
ye nɔɔn-nɔɔno yiga bá taa wo ka wone.
12Nɔn-kɔgɔ dedɛ wó ba
ba meeli kagoa zwonnu tem maama yuu ne
se ba kwaare jara de a nɔɔna bam.
Amo Baŋa Wɛ wó tɔge jar-keira bam konto baŋa
a chɔge tega kam jei maama.
Nɔɔn-nɔɔno bá wane o lu ba jeŋa ne.
13Amo nɔɔna bam ná dugi mena,
ba wó jwoori ba gwei men-kayale mo.
Ba maa wó yaare de totoŋ-chɛɛre
ye ba bá na nyɔɔre ba totoŋa baŋa ne.
Chaveera wó ja-ba de ba na wó zage wodiu fenfee kolo to.
Kokuri to, amo ban-lom mo zaŋe ba baŋa ne.”
14 Baŋa Wɛ ma ta o we, “Ko ná ye teene delo maama na gilimi tega kalo a na kwei a pa a nɔɔna Isarele tiina bam se ba taa tei ye ba boŋe se ba chɔge-ka to, amo lage a gɔ-ba ba jei sem ne a dole a yage mo. A laam maa wó le Judah dwi tiina bam ba wone a jwoŋi a yage. 15Amo nam ná gɔge dwi-gɛ tiina bam konto a dole a yage ye ko ke fee, a daa wó duri ba ŋwaŋa, se a ja-ba a jwoori ba tete teene dem, se ba jwoori ba jeini da. 16Ko nam maŋe se ba zamese amo tete nɔɔna bam chwei sem se ba tɔge-se. Ba déem soge amo nɔɔna bam pa se ba ma Baal yere ba du duuri. Ba laam jege se ba ma amo yere dem mo ba du duuri, ye ba we, ‘Ne Ŋwea Tu Baŋa Wɛ wom ná sɛ.’ Ba ná ke konto maama, ba de wó wane ba na jeiŋa jei amo nɔɔna bam wone. 17Ko daare, teo kolo maama ná ve amo ni, amo wó yɔɔre a gɔ-ba mo a yage, se a daare a chɔge-ba fase!”
Baŋa Wɛ na tage tei to mo konto.",https://www.bible.com/bible/3661/JER.12.KBG
JEREMIA 13,"Judah dwi dem na wó na chɔgem delo to
13:1–20:18
Jɔgɔ memaŋe
1 Baŋa Wɛ ma ta de amo o we, “Véi n yeigi jɔgɔ kolo ba na mɛ gare-fefale ba sɔ to, se n daare n vɔ-ko n teiŋa ne. Nam yé pa se na dwei-ko.” 2Amo de ma vo a ke tei Baŋa Wɛ na bere-ne se a ke to, ye a vɔ-ko a teiŋa ne.
3 Baŋa Wɛ daa ta ma pa amo ni ye o we, 4“Kwei jɔgɔ kom na vɔge n teiŋa ne to n ja n vo Perata, se n beeri peo gugworo n kwei-ko n seigi ko wone.” 5Amo ma seene a vo a seigi-ko Perata jei sem ne, ne Baŋa Wɛ na bere-ne we a ke tei to.
6Ko na ke da yalei to, Baŋa Wɛ ma ta de amo o we, “Nam zaŋe n jwoori n vo Perata, se n le jɔgɔ kom a na tage a bere‑m se n vo n seigi to.” 7A ma seene a jwoori Perata, ye a vo a ko a le jɔgɔ kom ko seigim jeiga kam ne. A na nii to, de ko pɔge mo. Ko daa ba jege totoŋe.
8 Baŋa Wɛ ma ta de amo o we, 9“Amo Baŋa Wɛ na tage tei to mo tento: A lage a chɔge wonnu telo Jerusalem tiina de Judah dwi tiina bam maama na mage ba nyɔɔna te baŋa ne to mo. 10Puseŋ-nyena bam konto yɔɔre ba ve se ba cheigi amo taane mo. Ba ma ke wo-dɛɔ ba beeri wa-yɔɔro se ba zuli. Amo nam ná waare-ba a ti, ba de wó ji nenɛɛne jɔgɔ konto na ye tei ye ko daa ba jege kuri to mo. 11Amo ya le Isarele dwi tiina bam de Judah dwi tiina bam maama se ba sale amo yera ne, nenɛɛne nɔɔno na wó vɔ jɔgɔ o teiŋa ne tei to mo. A kuri-ba se ba taa zuli-ne mo, se a na yere. Ba nam ve-ne mo. Amo Baŋa Wɛ na tage tei to mo konto.”
Sana kɔɔra memaŋe
12“Amo Baŋa Wɛ na tage tei de Isarele tiina bam to mo tento: ‘Abam sana kɔɔra bam maama ye se á lɛɛre-ba á su de sana mo!’ Ba wó jwoori ba leiri‑m ba ta we, ‘Debam maŋe dé yei we, dé jege se dé lɛɛre dé sana kɔɔra bam maama dé su de sana mo.’ 13Ba ná tage konto, se n leiri-ba n ta we, ‘Baŋa Wɛ nam tage o we: Amo Baŋa Wɛ wó pa se nɔɔna balo maama na zoore Judah laŋa kam ne to nyɔ sana ba su pa se ba bugi. A lage a ke konto a waare pwa balo na nwoŋi Pɛ David dwi dem wone to, de kaanem tiina bam, de sampwori sem, de Jerusalem tiina bam maama mo. 14A laam maa wó kwei-ba a mage daane se ba chochoge ne kɔɔra mo tei. Ko ná ye ba nɔn-kwe de ba bia bam, ba maama wó na chɔgem. A nam bá duri ba ŋwaŋa naa a leiri a boboŋa kɔtaa! A lage a waare-ba mo.’
Amo Baŋa Wɛ na tage tei to mo konto.”
Jeremia kaane nɔɔna bam de ba kamunim dem
15Cheigi-na se á ni
kolo Baŋa Wɛ na tage de abam to.
Yé ta‑á jege-na kamunim.
16Kwei-na á zula á pa-na á Tu Baŋa Wɛ wom
se cham yé yi abam.
Ko ná dae konto,
Baŋa Wɛ wó pa lim yi abam
ye á seeri á to peero tem yuu ne,
tega na yi to ŋwaane.
Abam ná jege teena se pwooni ba á baŋa ne,
Wɛ wó pa se lim ba de kwoli jei maama,
se á ta‑á jei yibiri wone.
17Abam nam ná ve se á cheigi Wɛ taane dem,
amo wó vo a seigi a yerane a ka yi-na mo,
abam na bere á tete kamunim to ŋwaane.
Amo wó kane yi-na yerane mo.
A yibia maa wó taa chuuri de yi-na,
ba na jaane Baŋa Wɛ nɔn-kɔgɔ kom
ba maa jei to ŋwaane.
Baŋa Wɛ ma ta de amo o we:
18“Kwei amo ni n vo n pa pɛ wom de o nu wom we,
‘Zaŋe-na á paare yitunnu tem ne á tu tega ne.
Kokuri to, abam paare yipwi sem lage se dɔne á yuni ne
se to tega ne mo.
19Teene delo na wo Judah tega-kuri seeni to maama pe.
Ba dona kaare-de mo ba pu
ye nɔɔna daa ba jege chwoŋa se ba zo teo kom wone
naa ba nwoŋi ko pwooni ne.
Ba zi Judah tiina bam maama ba ja ba kɛ.
Ba ma kale-ba ba vo sa-teo yiga yiga.’ ”
20Jerusalem tiina bam, kwoni-na á nii
jar-keira balo na nwoŋi baŋa seeni
ba beene á baŋa ne to.
Nɔn-kɔgɔ kolo Wɛ na ke n jeŋa ne
se n ta‑n nii-ba to nam bɛ?
Á déem nam tiini á jege teera ba baŋa ne mo.
21 Baŋa Wɛ lage o pa se á na di badwoŋo de balo to
jwoori ba di dam mo abam baŋa ne.
Ko laam wó taa ye tetɛ mo á yera ne?
Ko bá tiini ko ni abam,
ne kaane na virigi puga se o lo
ye ko ni‑o tei to mo na?
22Nmo nam wae n bwei n tete ne we,
“Bɛ mo pɛ se tento maama yi-ne?”
Ko ye n wɛleera yam na gaale to ŋwaane mo.
Mo kokuri n gwaaro kaare te daare‑m
ye nɔɔna zi‑m ba chɔge.
23Nɔn-zwono wó wane o leiri o ye-daa se ka peere na?
Gweeru de nam wó wane o zare o yera
se ya daa yé popore na?
Abam de bá wane á leiri á wo
se á ta‑á ke wo-laaro,
á na yɔɔre á me de lwarem kikia to ŋwaane.
24 Baŋa Wɛ na tage tei to mo tento:
“Amo nam lage a pa se á jage mo,
nenɛɛne vio na nwoŋi kagoa ne
ko kale weero ko ja jei tei to.
25Amo boboŋa jaane se a ke konto mo á yera ne.
Ko nam wó seene ko ke.
Kokuri to, abam swei amo swia mo,
ye á daare á tɔge jwo-yɔɔro kwaga.
26Amo wó pa á tiini á di á chaveera
nenɛɛne ba na le kaane gwaaro
ba daare‑o de kuri-nɔrɔ tei to.
27Jerusalem tiina bam, amo nii a na
wo-zɔɔna yalo maama á na jege á ke to.
Á nwoŋi amo kwaga ne
ye á daare á tɔge wa-yɔɔro kwaga,
ne kaane na yage o baro
ye o vo o beeri bɔɔla
se o ke kabwoŋa de-ba
kare sem ne de zwonnu yuu ne tei to mo.
Á fera tiini ya zo totoŋ-vɛɛsa,
ye á ba jege chaveera ya ŋwaane.
Lɛɛro yi abam!
Á wó biini á tete taa
se á laam jwoori á na kwɛɛm yei ne mo?”",https://www.bible.com/bible/3661/JER.13.KBG
JEREMIA 14,"Da-kore taane
1 Baŋa Wɛ na pɛ Jeremia kwora kalo da-kore seeni to mo tento:
2“Judah laŋa kam maama ye ŋɔɔ mo de keira.
Ka teene dem nɔn-bia bam jwoori kwaga mo.
Ba maa jei tega ne wo-chechɔgɔ ŋwaane.
Jerusalem tiina bam de maa chwoosi wɛ-wɛ.
3Naduna bam toŋe ba kabɛ,
se ba vo ba beeri na ba ba ba pa-ba.
Kabɛ sem ná yi buli selo maama,
se yeini se ko mo ye na tera.
Ba laam maa wó zeŋe ba kɔɔra bam
ba jwoori sɔŋɔ de je-kore,
ye wo-chechɔgɔ de chaveera yerane jege-ba.
4Doa daa ba nena,
pa se tega kam maama bage lolwe.
Mo kokuri vala bam vɔna pare.
Ba maa vɔ ba je ba yum ne.
5Woŋa mo loge ka bu pwola ne,
ye ka duri ka daare‑o,
gaao na tera jei jei ne to ŋwaane.
6Bonɛ laam zege zwonnu tem yuni ne mo,
se sii se dwoi nenɛɛne nywoŋ-kuri na sii tei to.
Se yɔɔre se leesi jei maama se nii mo,
se gaao ná zege ko wo jei selo ne.
Wodiu nam tera se se di.”
Nɔɔna bam maa tɛ ba we:
7“Dé Tu Baŋa Wɛ,
dé wɛleera yam yɔɔre ya le debam mo ya zege dáa ne.
De ko de, dé nam lwoori‑m mo,
se n ta da ko baŋa n woli debam,
nmo tete yere dem ŋwaane.
Chega to, dé nwoŋi nmo kwaga ne kuni dedɛ,
ye dé tusi dé chɔge nmo yiga.
8Nmo yerane baŋa ne mo
Isarele tiina bam jege ba teena.
Cham ná yeini de yi debam,
n ma‑n ye dé Jwoŋinu.
Bɛ mo ye n ke ne n ye veiru mo
dé teo kom wone?
Ko nye de n peini debam tei ne tete dedoa yerane mo.
Tega daa na poore to, n ma‑n kwei chwoŋa n kɛ.
9N ke ne n ye nabwom mo,
naa babea kalo na ware ka nɔɔna se ka jwoŋi ka yage to.
Dé Tu Baŋa Wɛ, nmo nam wo debam tei ne mo.
Dé yɔɔre dé ye n tete nɔɔna mo chekke.
Nam yé viiri n daare debam!”
10 Baŋa Wɛ ma leiri o ta nɔɔna bam taane o we:
“Ba swoi se ba taa kare jei maama ne mo ba beera.
Ba ba jaane ba tete se ba maŋe amo tei ne.
Konto ŋwaane amo yi daa ba sui ba kikia yam.
Amo laam wó guli ba wɛleera de ba lwarem kikia,
se a waare-ba ya ŋwaane.”
11 Baŋa Wɛ laam ma ta de amo o we:
“Yé lwoori amo se a pa nɔɔna banto jwoori ba na lam. 12Ba ná maŋe ba vɔ ba nia se ba kaase ba jare-ne de, amo bá cheigi ba wɛ-lworo kom. Ba nam ná ke zwɛɛm pɛɛra de wodiiru pɛɛra se ba pa-ne de, a bá jwoŋi-te. A lage a pa se ba te jara wone mo, se jawe-chɛɛro de kana de ja-ba te go.”
13Amo de ma leiri a we:
“Yuu-tu Baŋa Wɛ, nmo sampwori sem yeini se ta de-ba se we, ‘Wonnu maama wó ke lam te pa abam. Á bá zo jara wone. Kana de nam bá ja abam, se yazura yerane mo wó taa wora.’ ”
14 Baŋa Wɛ daa ma leiri-ne o we:
“Sampwori sem konto tɔge amo yere baŋa mo se fɔe vwa yerane. Amo wo tiŋi-ba se ba taa ye a sampwori. A nam wo toŋe-ba a nɔɔna bam tei ne. Amo maŋe a wo pɛ-ba a kwora. Ba yi-nɛɛre totoŋa de veera yalo ba na jege ba tɛ ba bere abam to maama ba jege kuri. Ko ye ba tete boboŋa mo gane-ba pa se ba ŋɔɔna. 15Amo Baŋa Wɛ nam tage tento mo: Ko nam ná ye sampwori selo amo na wo toŋe-ba ye ba jege amo yere ba fɔe vwa we jara de kana bá ba á teo kom ne to, amo wó pa se banto tete te jara wone, ye kana de go-ba. 16Ko ta ná ye balo ba na pworisi vwa de-ba to, kana de jara mo wó go banto de, pa se ba yera taa tigi Jerusalem chwei sem jei maama ne. Nɔɔn-nɔɔno daa bá daare se o kwei nɔɔna bam konto o suli tega ne. Ko wó ke konto ko pa banto tete, de ba kaana, de ba bia maama. A yɔɔre a lage a pa se lɛɛro to ba baŋa ne, ne ko na maŋe de ba lwarem kikia tei to mo.”
17 Baŋa Wɛ ma pa-ne ni se a vo a ta de nɔɔna bam we:
“Wea de tete maama wone a yia su de yi-na mo.
A keira kam bá wane ka kwori.
Ko nam ye amo nɔn-swonnu tem ŋwaane mo.
Ba tiini ba na zonne,
ye de zo ba yera lanyerane.
18A ná nwoŋi a vo pwola ne,
a yɔɔre a nae nɔɔna mo na tege jara wone
ye ba tigi jei maama.
Amo nam ná zo teo kom wone de,
a nae nɔɔna mo kana na jege-ba ka goe.
Sampwori sem de kaanem tiina bam maa kare jei maama ne mo ba toŋa.
Ba nam yeiri ba na jege kolo ba toŋe to.”
Nɔɔna bam na lwoori Baŋa Wɛ tei to
19“Dé Tu Baŋa Wɛ, nmo yɔɔre n virigi n kwaga
n ya Judah tiina bam mo na?
Nmo laam neese debam Zion tiina mo na?
Bɛ mo ye n kwei zonne delo na ba jei to
n ke dé yera ne?
Dé ya jege teena we dé wó na yazura mo.
Wo-laaro nam wo tu dé tei ne.
Dé ma teene se dé na fɔgem,
ye lɛɛro yerane mo to dé baŋa ne.
20Debam Tu Baŋa Wɛ, dé sɛ we dé ye puseŋ-nyena.
Dé ta sɛ we dé nabaara bam tusi dedɛ.
Debam maama yɔɔre dé ke dé chɔge nmo yiga mo.
21Nmo tete yere dem ŋwaane,
yé nwoŋi debam kwaga ne.
Yé yaale n tete teo kom mɛ n na di paare to.
Nam yé yiri ni delo n déem na gwoni de debam to.
22 Dwi-gɛ tiina jwona yam wae ya pae doa nena na?
Doa nam zege wɛyuu ne ka nene ka tete ne na?
Chega to, debam Tu Baŋa Wɛ,
ko ye nmo yerane mo wae konto n ke.
Mo kokuri, dé teena tigi nmo baŋa ne.”",https://www.bible.com/bible/3661/JER.14.KBG
JEREMIA 15,"Lɛɛro wó to Judah tiina baŋa ne
1 Baŋa Wɛ ma ta de amo o we:
“Moses de Samuwel tete ya ná tu se ba lwoori-ne, a bá duri nɔɔna banto ŋwaŋa. Pa se ba lage jei da a yiga ne, se a daa yé taa na-ba! 2Ba nam ná bwei‑m ba we, ‘Dé nam véi yein-seeni?’ se n ta de-ba we, ‘Baŋa Wɛ na tage tei to mo tento:
Balo na ye se ba te to wó te mo.
Balo maa na ye se ba te jara wone to wó te jara wone.
Balo de na ye se kana go-ba to,
kana wó go-ba mo.
Balo maa na ye se ba kale to,
ba wó kale-ba ba vo sa-teo mo.’ ”
3 Baŋa Wɛ maa we:
“A nam lage a toŋe lɛɛro dwi dwi kuni bena mo ba baŋa ne. Se-zɔɔro wó go-ba jara wone. Kukuri maa wó tuuri ba yera yam se ja se kɛ. Duura de wó ba ba zɔge ba yera, ye kago-vara laam di ba yera yalo ta na daare to nyelamm. 4Amo lage a pa se ba ji wo-zɔɔna mo logo baŋa teene maama yiga ne, Judah teo pɛ Hezekia bu Manasɛ na toŋe kolo Jerusalem wone to ŋwaane.”
5 Baŋa Wɛ daa ta maa we:
“Jerusalem tiina bam, wɔ nam mo wó ŋwane o pa abam?
Wɔ mo lage o keeri o pa abam?
Wɔ mo wó zege se o ware abam?
Nɔɔn-nɔɔno tera!
6Abam yɔɔre á ve amo mo,
ye á nwoŋi a kwaga ne kuni dedɛ.
Konto ŋwaane, amo tete mo lage a twe a jeŋa
a gorege abam a ja a chɔge.
Amo daa bá duri abam yibwona kɔtaa!”
7“A lage a chaare-ba,
ne nɔɔno na chaare mena
ye vio kom kale weero ko yage tei to mo.
Amo wó waare-ba konto dwoŋi
ba teene dem maama ne.
A wó chɔge a nɔɔna bam tete, de ba bia de,
ba na wo sɛ se ba pipiri
ba yage ba lwarem kikia to ŋwaane.
8A ta wó pa se ba teo kadeina taa daga
ba dwoi naneo ni kasolo na ye tei to.
Wea ná bega, a wó toŋe lɛɛro ba nɔn-donno tem baŋa ne,
se ba niina tiini ba yaare ba toone ŋwaane.
Bedwe baŋa ne mo a lage a pa se chanɛɛre yɔɔre de ja-ba,
pa se foone tiini de zo-ba.
9Kaane wolo na loge bia barepɛ to wó beiri,
ye o bochɔŋɔ fwei,
ba maama na tege to ŋwaane.
Ko nye de wea tetare ne mo wɛ zo de pa wonto.
Chaveera maa jege‑o,
o na tu o ga o bia bam to ŋwaane.
Ko ná ye balo ta na daare to,
amo wó pa se ba dona go-ba jara wone.”
Baŋa Wɛ na tage tei to mo konto.
Jeremia poone Baŋa Wɛ yiga ne
10A nu, lɛɛro mo jege-ne! Bɛŋwaane mo n loge-ne? Mɛ maama a ná via, nɔɔna yɔɔre ba chuli-ne mo. Amo wo vei a jene woŋo nɔɔno tei ne, a nam wo jene woŋo a pa nɔɔn-nɔɔno. De ko de, nɔɔna maama done-ne mo.
11 Baŋa Wɛ ma ta o we, “Amo nam lage a jwoŋi nmo se ko ke lanyerane ko pa‑m mo. Cham dedaane vuvuga ná tu ya daane n dona, ba laam wó ba ba lwoori wolim n tei ne.
12Abam nye de luuru telo na gwaane de channa to. Á bá wane á bwori luuru telo na nwoŋi baŋa seeni to. 13A nam lage a kwei á jejegero de á dunni maama mo a pa á dona zɛɛra se ba chɛ ba pa daane, á na tiini á ke wɛleera á teo kom jei maama ne to ŋwaane. 14Amo wó pa se á dona kwei abam ba ja ba vo sa-teo kolo á ya na yeiri ko ni ne to, se á ji ba kabɛ dáane. Kokuri to, a ban-lom dem nye de mini na lage de di abam kula tei to mo!”
Amo maa we:
15Amo Tu Baŋa Wɛ,
nmo maŋe n yei a na yaare tei maama to.
Guli amo gula se n ta‑n nii amo baŋa ne.
Nam pa se ko zo balo na chuli-ne to yera!
Yé duri ba yibwona
se n pa ba na chwoŋa ba go-ne.
Ko ye nmo ŋwaane mo
a nɛ yaara ba tei ne.
16Nmo taane dem na to a zwa ne to,
a ke-de a wone mo pa se a ŋwe.
Dento mo pɛ-ne wopwolo
ye a wo de tiga.
Paŋwa Tu Baŋa Wɛ,
nmo yere dem mo leigi amo yera ne.
17Amo wo sɛ se a me de balo na kare ba beeri jalam-jalam to.
A wo tɔge de-ba se dé taa kare dé nyɔ sana.
A nam pwɛ a tete a jeini dáa ne mo a yerane,
ko na ye nmo mo tei-ne to ŋwaane.
Nmo pɛ se a bane zaŋe de banto kikia yam.
18Bɛŋwaane nam mo ye amo yaara yam ba fɔge ya tia?
Bɛ mo ke ye a zonne dem de ba fɔge de tia?
Nmo na woli amo tei to
nye de nabara na we te-pwoŋa ne,
de buli-yi na yeini de ko tei to mo.
19Mo kokuri, Baŋa Wɛ tage tento:
“Nmo ná yage n ta-yɔɔro tem konto,
ye n jwoori n ba amo tei,
a laam wó pa se n jwoori n zege chekke
se n ta‑n toŋe n pa-ne.
Nmo ná ŋɔɔne taane delo na jege kuri to,
n wó ta‑n ye a ni-jwoŋinu.
Nɔɔna bam laam maa wó ba ba tɔge nmo kwaga.
Ko dae se n ta‑n tɔge banto kwaga.
20Amo wó pa se n ta‑n nye de kabira kalo ba na mɛ channa ba lɔ to mo
se n che nɔɔna banto de ba keim-balwaaro tem.
Ba wó chiŋi jara de nmo.
Ba nam bá wane‑m ba di.
Kokuri to, amo wo n tei ne
se a jwoŋi‑m a yage.
21Amo wó jwoŋi‑m a yage
nankɔ-nyena bam jeŋa ne,
se ba yé wane‑m ba ke lwarem.”
Baŋa Wɛ na tage tei to mo konto.",https://www.bible.com/bible/3661/JER.15.KBG
JEREMIA 16,"Baŋa Wɛ na pɛ Jeremia chwei selo se o tɔge to
1 Baŋa Wɛ daa ma pa amo ni ye o we:
2“Yé di bukɔ n ma‑n ji n kaane, naa n lo bia teo konto ne. 3Ko ná ye bia balo ba na loge jei sento wone to, de ba niina, de ba kwoa, amo Baŋa Wɛ jege taane se a ta ba ŋwaane we: 4Jawe-chɛɛro mo lage te ja-ba se ba te. Ba bá na nɔɔna se ba keeri ba lwi, naa balo na wó suli-ba to. Ba yera wó taa tigi tega baŋa ne, ne popɔnɔ mo tei. Jara wone mo ba lage ba te, se kana de go-ba. Ba yera yam maa wó ji wodiiru ya pa zuna de kago-vara.”
5 Baŋa Wɛ na tage tei to mo tento:
“Jeremia, yé vei n zo ba lwi wone se n da n keeri de-ba. Kokuri to, amo yiri a swolim de a swono kom ba tei ne, ye a daa bá duri ba yibwona. 6Naduna de nabwona maama wó te tega kanto wone mo. Ba nam bá na nɔɔna se ba suli-ba, naa se ba keeri ba lwi. Ba bá gwe ba yera yam, naa ba cheeri ba yuni lwi sem ŋwaane. 7Nɔɔna daa bá toŋe wodiu se ko vo lwi sem na wo mɛ to. Ko ná maŋe ko ye nɔɔno nu de o kwo lua de, nɔɔna bá vo ba yi kotu yera se ba weeri o yi-na.
8Nam yé zo sɔŋɔ kolo wone ba na di wodi-fɔrɔ kɛɛla-kɛɛla to. Yé woli ba wone se n ta‑n di ye n nyɔa. 9Amo Paŋwa Tu Baŋa Wɛ wolo na ye Isarele tiina bam Wɛ wom to mo tage tento: Amo lage a pa se wopwolo de ywoni sɔɔ ti nɔɔna bam tei ne. Ba daa bá kwɛɛre kadiri kwɛɛra. Nmo de n badwonna ta ná ŋwe, á wó na amo na lage a ke-ba tei to.
10Nmo nam ná vei n ta wonnu tem konto maama n bere nɔɔna bam, ba wó bwei‑m we, ‘Bɛŋwaane mo Baŋa Wɛ ke se chanɛɛre dento ba debam baŋa ne? Bɛ mo dé ke dé tusi? Dé chɔge dé Tu Baŋa Wɛ yiga tetɛ seeni mo?’ 11Laam ta de-ba we, ‘Á nabaara bam na nwoŋi amo kwaga ne to ŋwaane mo a ke konto. Ba ma kuri se ba tɔge wa-yɔɔro ye ba zuli-ya. Ba yɔɔre ba ve-ne mo ye ba wo sɛ a nia yam. 12Abam keim-lwanno nam bere ya dwoi á nabaara bam na ke tei to! Á yɔɔre á ke á tɔge á wo-dɛɔ kom na lage puseŋa kikia yalo to mo, ye á ba cheigi amo taane. 13Konto ŋwaane, a lage a le abam mo tega kanto ne, se a daare a dole abam a yage sa-teo ne yiga yiga, mɛ abam de á nabaara bam ya na yeiri ko ni ne to. Abam laam ná wo jei sem konto ne, á wó ta‑á zuli á wa-yɔɔro tem maŋa maama, wea de tete. Amo nam bá duri á ŋwaŋa kɔtaa.’ ”
Baŋa Wɛ daa ta ma ta o we:
14“Chega to, maŋa lage ka yi se balo ná lage ba du duuri, ba daa yé ta we, ‘A dugi de Baŋa Wɛ wolo na jwoŋi debam Isarele tiina bam o ja o nwoŋi Ejipti teo kom ne to yere dem.’ 15Ba laam wó taa tɛ we, ‘A dugi de Baŋa Wɛ wolo na jwoŋi Isarele tiina bam o ja o nwoŋi baŋa seeni teo kom ne, dedaane jei selo maama o na jage-ba to yere dem mo.’ Kokuri to amo wó seene a ja-ba a ba se ba jwoori ba taa jei tega kalo wone a na pɛ ba nabaara se ba taa tei to.
16Amo Baŋa Wɛ nam na tage tei to mo tento: A laam lage a toŋe ywon-jara dedɛ mo se ba vo nɔɔna banto tei ba ja-ba. A ta maa wó pa se tɔɔna dedɛ vo ba ja-ba. Ba wó vo peero de zwonnu tem maama baŋa ba beeri-ba ba le bɔɔna de gugworru wone ba go. 17Amo yɔɔre a yere-ba mo jei maama wone. Ba bá wane ba seigi amo yiga ne. A maa nae wɛleera yalo ba na jege ba ke to. 18Amo nam wó jwoori a ŋwe ba wɛleera de ba puseŋa kikia jene kuni belei. Kokuri to, ba chɔge amo tega kanto mo de ba jwona yalo na ba jege ŋwea ye a yɔɔre a chuli-ya to. Ba ta ma su a tete tega kam konto de ba wo-zɔɔna kikia yam.”
Amo maa we:
19Amo Tu Baŋa Wɛ,
nmo mo ye amo dam de a dalem jei.
Cham ná lage de yi-ne,
a yeini a duri a seigi nmo woro wone mo.
Logo baŋa dwi tiina maama nam wó ba nmo tei
se ba zuli nmo.
Ba maa wó zege tega baŋa jei maama ne
ba ba ba ta we,
“Dé nabaara déem jege wa-yɔɔro mo ba zula.
Yanto nam wo wane-ba ya woli.
20Nɔɔna wó wane ba tete wa ba ke na?
Ba ná ke-ya, ya bá taa ye wa chekke!”
Baŋa Wɛ maa we:
21“Amo laam nam wó yɔɔre a pa se ba lɔre
a dam dem na mae tei to.
Konto laam mo wó pa se ba taa yei we
amo yere mo ye Taa-wuu Baŋa Wɛ wom.”",https://www.bible.com/bible/3661/JER.16.KBG
JEREMIA 17,"Waarem delo na maŋe de Judah tiina wɛleera yam to
1“Judah tiina bam yɔɔre ba me de ba wɛleera, nenɛɛne nɔɔno mo kwei luu o sare-ya o tiŋi ba bochara ne. Ko ta nye nenɛɛne ba kwei kandwɛ-fole mo ba popone-ya ba tiŋi ba bimbina yam nyea ne. 2Ba bia de yeini ba boŋe ba jwona bimbina yam de ba Asera nyenyego dɛ sem boboŋa mo. Ba ke wonnu tem konto se ba taa maa zula ba jwona yam teeni maama kuri ne, de zwonnu tem maama yuu ne, 3ko ta woli de peero tem na wo gaao ne to yuu ne. Mo kokuri, amo lage a kwei á dunni, de á jejegero maama a pa á dona se ba chɛ ba pa daane, se ko ŋwe á wɛleera yam jene, á na ke-ya tega kam jei maama ne to. 4Ko ye abam tete yiga mo pa se á lage á ga tega kalo a na kwei a pa abam to. A maa wó pa se á dona kwei abam ba ja ba vo sa-teo kolo á ya na yeiri ko ni ne to, se á ji ba kabɛ dáane. Kokuri to, á pɛ se a ban-lom dem tiini de fuli á baŋa ne, ne mini delo na lage de di abam taa wuu tei to!”
Taana yadwonna
5 Baŋa Wɛ na tage kolo to mo tento:
“Amo sɔɔle lwarem mo a yage
balo na kwei ba chega ba pa nabiina to yuu ne.
Ba maa boŋe we ba dam zege ba tete yera ne mo.
Ba laam ma pipiri ba yage amo Baŋa Wɛ.
6Ba nye nenɛɛne kagoa wo punnu mo.
Tento zege kago-yoro ne mo,
mɛ yɛ yerane na wora,
ye nɔɔn-nɔɔno ba zoore da to.
Lanyerane ná maŋe de ba,
nɔɔna dwi dem konto ba nae-de.
7Ko nam ná ye balo na kwei ba chega
ba pa amo Baŋa Wɛ to,
amo wó swɛ banto swolim.
Banto ke ba wo-dedoa de amo mo.
8Ba nye de tio kolo na zege ko bwola de buga ni,
ye ko bonno zo tega lanyerane
te yi na chekke to mo.
Wulim wɛ ná yia,
ko bá kɔre foone.
Da-kore ná maŋe ko ba,
ko ta jege vɔ-lɛɛro maŋa maama,
ye ko yɔɔre ko leiri bia mo.
9Nabiinu bochare mo ba jege chega
de dwoi woŋo maama.
De tiini de chɔge mo,
ye nɔɔna ware-de se ba yɔɔre.
Wɔ mo wae-de o lɔre o tia?
10Amo Baŋa Wɛ nam yɛ nabiinu maama boboŋa.
A maa faŋe ba bochara a nia.
A maa pae nɔɔna maama ba kikia ŋweero,
se ko maŋe de chwoŋa kalo ba na tɔge to.
11Nɔɔno ná pini o dwonna se o ma o duni,
ko nye de luga na vwɛ chechara yalo ka na wo de to baŋa ne
se ka lwei-ya tei to mo.
O nɔn-donne maŋa ne mo
o jejegero tem wó ti.
Kotu laam maa wó ba o kweeli
ne nɔn-jworo na kweeli tei to.”
Jeremia wɛ-lworo
12Ko na zege faŋa faŋa to,
Baŋa Wɛ paare jeiŋa jei sem debam na zuli‑o da to
zeiŋi wɛɛne de nenɔŋ-fɔrɔ mo.
13Dé Tu Baŋa Wɛ, nmo yerane baŋa ne mo
Isarele tiina bam jege teena.
Balo maama nam na nwoŋi nmo kwaga ne to wó na ba chaveera.
Balo na ve nmo to wó jei mo
ne nɔɔna yera na popone ya tiŋi kasolo ne
ye ya saare tei to.
Kokuri to ba ve nmo wolo na ye buli-yi
delo na pae ŋwea to mo.
14Amo Tu Baŋa Wɛ, yɔɔre-ne
se a seene a na yazura.
Jwoŋi-ne n yage,
se a seene a zo n woro wone.
Kokuri to, nmo mo amo yɔɔre a seina.
15Nii mo! Nɔɔna mo tɛ de amo ba we,
“Kolokolo ta wo ke debam.
Baŋa Wɛ kwora kam nam bɛ?
Pa se ka ji chega se dé nii!”
16A wo yage totoŋe delo n na kwei n pa-ne
se a ta nii n nɔɔna bam to.
A nam ba kare a beeri ba chɔgem.
Nmo yɔɔre n yei a na ye tei to,
de kwora kalo a na jege a ŋɔɔne to.
17Yé pa se foone ja-ne.
Cham ná lage de yi amo,
nmo mo ye amo dalem jei.
18Pa se balo na chuli-ne to di chaveera.
Nam che amo se a yé na a chaveera.
Pa se banto vɔna pare
ye ko dae amo.
Pa se lɛɛro yi banto
se ba tiini ba na chɔgem dedɛ.
Wɛ siu dɛ taane
19 Baŋa Wɛ laam ma ta de amo o we, “Zaŋe n vo teo kom manchwoŋo ni delo ba na bwoi we ‘Nɔn-bia bam Ni’ ye Judah tiina pwa bam tɔge da ba zoore teo kom wo ye ba jwoori ba nwoŋi to n ta‑n zege da n tɔɔle amo kwora kam. Nam ta vei n zege Jerusalem teo manchwo-nia yam maama ne n ke konto. 20Laam ta de Judah tiina pwa bam de ba nɔn-bia bam, de balo maama na zoore Jerusalem teo ne ye ba yeini ba tɔge nia yam konto ba kɛ to we, ‘Cheigi-na Baŋa Wɛ kwora kanto! 21Baŋa Wɛ na tage tei to mo tento: Wɛ siu dɛ dem ne, ta‑á yei-na se á yé ta‑á zeŋe zela. Nam yé zeŋe-na zela á tɔge Jerusalem teo manchwo-nia yanto á kɛ. 22Yé zeŋe-na zela á ja á nwoŋi á sam ne, naa á ke totoŋe de totoŋe Wɛ siu dɛ dem ne! Nam pɔɔre-na dɛ dem konto á pa Baŋa Wɛ, ne amo na pɛ á nabaara bam ni se ba ke tei to. 23De ko de, ba wo sɛ amo ni dem konto. Ba ma ve se ba cheigi a taane. Ba bochara digili mo, ye ba wo sɛ koresem.
24 Baŋa Wɛ ta ma ta o we: Nam ta‑á yei-na se á sɛ amo ni. Yé ta‑á zeŋe-na zela á tɔge teo kom manchwo-nia yam á zo ko wo siu dɛ dem ne. Pɔɔre-na dɛ dem konto á pa amo se á yé toŋe de wone. 25Abam ná ke konto, á teo kom pwa balo na nwoŋi Pɛ David dwi dem wone to wó taa wora mo taa ye ba tɔge nia yanto wone ba kɛa. Ba nakwa bam de wó taa tɔge ba kwaga. Pwa bam konto dedaane Jerusalem teo kom tiina de Judah tiina bam maama wó yeini ba di sisei-torokooro de sisein-nɔɔna baŋa ne ba tɔge manchwo-nia yam konto ba kɛ. Teo kom tete de maa wó taa sui de nɔɔna taa wuu. 26Nɔɔna de wó nwoŋi Judah teene dem maama wone, de Jerusalem nawuura yam wone, de Benjamin laŋa kam ne, de wɛ-zoore seeni bwollu tem ne, de zwonnu laŋa kam seeni, de tega-kuri kagoa kam seeni, ba zo Jerusalem teo kom wo. Ba laam maa wó taa jaane zwɛɛm pɛɛra, de wodiu pɛɛra, de talwoŋ-ywoŋa, dedaane lei keim pɛɛra ba tui ba kaane ba pae Baŋa Wɛ o wara-jei sem ne. 27Ko daare, abam ná wo sɛ se á cheigi a kwora kam, ye á ve se á pɔɔre Wɛ siu dɛ dem á pa‑o pa se á jaane zela á tɔge manchwo-nia yam á zoore teo kom wo siu dɛ dem ne, nam lɔre-na we, amo wó tɔre mini se de ja manchwo-nia yam. De laam maa wó lɔgese de ja á sɔ-fwaaro tem de di kula. Nɔɔn-nɔɔno nam bá wane-de se o dwei.’ ”",https://www.bible.com/bible/3661/JER.17.KBG
JEREMIA 18,"Jeremia vei kamɔ-mɔro sɔŋɔ
1 Baŋa Wɛ daa na pɛ Jeremia ni delo to mo tento:
2“Nam zaŋe n vo kamɔ-mɔro wom sɔŋɔ. N ná yi da, amo wó pa‑m a kwora.” 3Amo ma seene a vo kamɔ-mɔro wom tei. A na yi o sɔŋɔ to, a nɛ we o jei mɛ o na yeini o mɔɔne o kamwaro tem to mo o toŋa. 4O ná mɔɔne kamɔgɔ kolo, ye ko ná wo dɛ chwoŋa lanyerane, o laam wó jwoori o fɔge o mɔ dɔgɔ kom se ko ji kamɔgɔ kodwoŋi, ne o boboŋa yam na tɔge tei to.
5 Baŋa Wɛ laam ma pa amo ni dento o we:
6“Isarele dwi tiina bam, amo de ba jege chwoŋa se a ke de abam ne kamɔ-mɔro na ke tei de o dɔgɔ to na? Dɔgɔ kom na ye tei kamɔ-mɔro jeŋa ne to, abam Isarele tiina bam de ye konto mo amo jeŋa ne. 7Amo wó wane a pa kwora we teo kolo, naa paare dam delo gɔ de yage, naa se a vaare-de a de tega ne, naa a chɔge-de. 8Amo nam na kaane teo kolo to nɔn-bia ná pipiri ba yage ba lwarem kikia yam, amo de wó leiri a boboŋa mo, se a daa yé chɔge-ba ne a ya na boŋe se a ke tei to. 9Ko daare, amo nam wó wane a pa kwora we a lage a fɔge a lɔ teo kolo a zege, naa a jeiri-ko te-ywoŋa jei ne. 10Teo kom konto nɔɔna nam ná toŋe lwarem kikia a yiga ne, ye ba daare ba ve se ba cheigi amo kwora, amo de wó leiri a boboŋa mo, se a daa yé ke-ba lanyerane ne a ya na boŋe se a ke tei to.
11Jeremia, nmo nam véi n kaane balo na zoore Jerusalem ne to de Judah tiina bam maama. Ta de-ba we, ‘Baŋa Wɛ na tage tei to mo tento: Amo maŋe a ke a boboŋa ne se a toŋe lɛɛro abam baŋa ne. A boboŋa jaane se a chɔge abam mo. Mo kokuri abam maama jege se á yage chwo-balwaaro telo á na tɔge to. Leiri-na á boboŋa de á lwarem kikia yam.’ 12Ba nam wó leiri ba ta we, ‘Yé ta‑n jege n tete n yaara, se dé lage dé taa ke dé zwabania kikia yam mo, ne dé boboŋa na lage tei to.’ ”
13 Baŋa Wɛ nam na tage tei to mo tento:
“Vei n bwei dwi-gɛ tiina bam se n nii,
nɔɔno wora o na nigi woŋo konto dwoŋi ŋwa na?
Isarele dwi dem ya nye de bukɔ-pwola mo.
Ba laam ke kolo na tiini ko ye wo-zɔɔne to.
14Lebanon peero yuni tem peere mo maŋa maama.
Te nyɔnɔ kom ba fɔge ko wea.
Ko ná ye bwi selo na nwoŋi peero tem ne yiga yiga se kɛ to,
se na-zura bam yeini ba duri ba ti na?
15Ko nam ná ye amo tete nɔɔna bam,
ba yɔɔre ba swei amo ni ne mo.
Ba maa ke kaanem ba zwɛ ba pae jwo-yɔɔro.
Jwona yam konto ma soge-ba
pa se ba ywori chwo-laaro tem ne.
Ba ma yage ba nabaara chwei sem déem na ye tei to.
Ba ma lɛɛre ba tɔge chwo-memene selo na wo kwɛ to.
16Ko ma pa se ba tega kam yɔɔre ka chɔge.
Nɔɔna maa jege-ka ba yaala
maŋa maama se ko taa vei wuu.
Balo maama ná tɔge ko jei ne ba kɛ,
ko wó ke-ba yaau se ba taa dole ba yuni.
17Ne vio kolo na nwoŋi wɛ-puli seeni
ye ko kale fwogo ko ja jei tei to,
mo a lage a pa a nɔɔna bam de jage ba dona yiga ne.
A nam wó ma a kwaga a ya-ba mo.
Lɛɛro ná to ba baŋa ne,
a yiga bá taa wo ba wone.”
Ba na boŋe se ba chɔge Jeremia tei to
18Nɔɔna bam badwonna ma ta ba we, “Pa-na se dé ke ni daane se dé lɔre dé na wó ke tei dé chɔge Jeremia to. Wɛ kaanem tiina ta wó taa wora se ba bere debam Wɛ nia yam. Yi-pore-nyena de wó taa wora se ba zamese debam. Wɛ sampwori de wó pa se dé ni Wɛ kwora kam. Nam pa-na se dé ba bebara dé daŋe o baŋa ne. Dé daa bá taa cheigi o ni taane.”
Amo ma lwoori Wɛ a we:
19“Amo Tu Baŋa Wɛ, cheigi-ne!
Nii a sebanyena banto na tɛ amo taane tei!
20Ko lana se nɔɔno kwei lwarem
o jwoori o ŋwe lanyerane keim na?
Banto nam yɔɔre ba gwaare gwoŋo mo
se amo to ko wone.
Guli amo déem na tiini a lwoori‑m tei ba fɔgem ŋwaane to.
A ma zege nmo yiga ne ye a lwoori‑m
se n zuri n bane de-ba.
21Laam nam pa se kana ni ba bia.
Dole-ba n yage se ba te jara wone.
Pa se ba kaana ga ba bia,
ye ba daare ba ji kadeina.
Ta pa se jawe-chɛɛro go ba nɔn-kweero tem,
se ba nɔn-donno de te jara-keim baŋa ne.
22Pa se keira zaŋe ba sam dem wone bugi-bugi,
ba dona mo na pɔpɔ ba zaŋe ba baŋa ne to ŋwaane.
Kokuri to, ba koge gwoŋo mo ba tiŋi se amo to da,
ye ba daare ba che kalanchorro jei maama se te ja-ne.
23Amo Tu Baŋa Wɛ, nmo nam maŋe n yei
ba na boŋe se ba go-ne tei to.
Yé kwei ba totoŋ-balwaaro tem n ma‑n chɛ-ba.
Nam yé saare ba wɛleera yam kɔtaa!
Pa se ba to n dam kuri ne,
se n daare n tɔge n ban-lom dem baŋa ne n waare-ba.”",https://www.bible.com/bible/3661/JER.18.KBG
JEREMIA 19,"Jeremia na lɔge kikeira tei to
1 Baŋa Wɛ déem ma ta de amo o we, “Vei kamɔ-mɔro tei n yeigi kikeira, se n daare n bwoŋi Isarele nakwa bam badaara de kaanem yiga tiina bam badwonna, 2se á maama vo Ben-Hinom bwolo kom mɛ seeni na bwola de teo kom ni delo ba na bwoi we ‘Tampuuri Ni’ to. Abam ná yi da, se n kwei kwora kalo amo na wó ta a bere‑m to n pa-ba. 3Ta de-ba ne, ‘Judah tiina pwa bam, de Jerusalem teo nɔɔna bam, cheigi-na Baŋa Wɛ kwora. Paŋwa Tu Baŋa Wɛ wom na ye Isarele tiina Wɛ to mo tage tento:
Cheigi-na! Amo lage a pa se lɛɛro mo tiini te ba teo konto baŋa. Ko ta wó pa se balo maama ná nigi ko ŋwa, se ba nia mɔɔre. 4Ko nam ye Judah tiina bam na yage amo to ŋwaane mo. Ba ma pipiri bwolo konto se ko ji jwona kaanem jei ye ba zwɛ wonnu ba pa-ya. Banto tete de ba nabaara, de Judah pwa bam nam ya yeiri jwo-yɔɔro tem konto ni ne. Ba laam ma yɔɔre ba go balo na wo maŋe se ba te to. 5Ba ta lɔge bimbina mo se ba ma ba zuli Baal jwoni dem, ye ba laam kwei ba bia ba zwɛ mini wone ba ke kaanem ba pa-de. Amo nam wo fɔge a pa-ba ni naa a ta de-ba se ba ke konto. Keim dem konto dwoŋi nam ya bere de tera a boboŋa ne. 6Nam lɔre-na we maŋa beene se nɔɔna daa yé taa bwoi jei sento we Tofete, naa Ben-Hinom bwolo kom. Ba laam wó taa bwoi-ko we “Ba-gwono bwolo” mo. Amo Baŋa Wɛ na tage tei to mo konto. 7Kokuri to, a lage a pa se Jerusalem teo tiina de Judah tiina bam maama boboŋa ji kafɛ mo. Amo wó yage se ba dona wane-ba ba di ye ba daare ba go-ba. Ba twa wó taa tigi jei maama ne, se zuna de kago-vara taa tui ba di. 8Amo wó yɔɔre a chɔge Jerusalem teo kom. Nɔɔna wó taa jege-ko ba yaala. Balo maama ná tɔge ko jei ne ba kɛ, ko wó ke-ba yaau ye ba yaale-ko ko chanɛɛre dem ŋwaane. 9Jerusalem dona bam wó kaare teo kom ba pu se nɔɔn-nɔɔno yé lu ko wone. Teo kom nɔɔna bam laam wó di ba dwonna ya-nɔna, ba dona bam na tiini ba peene-ba ye wodiu tera se ba di to ŋwaane. Ba bere ba wó di ba tete bia ya-nɔna de.’ ”
Baŋa Wɛ ta ma ta de amo o we:
10“Laam kwei kikeira kam n de n chochoge se nɔɔna balo na tɔge dede‑m ba nwoŋi teo kom wone to taa zege ba nia. 11Ta de-ba we, ‘Paŋwa Tu Baŋa Wɛ na tage tei to mo tento: Amo lage a chochoge te-fɔrɔ konto, de ko nɔn-bia bam, ne kikeira kanto na chochoge tei to mo. Nɔɔn-nɔɔno daa bá wane-ko o la o ke daane. Nɔɔna wó taa tigi Tofete ne se ba suli-ba, se ko dwoni pwola kalo na wó taa wora se ba suli-ba to. 12Amo Baŋa Wɛ na tage tei to mo tento: Amo wó yɔɔre a pa se teo konto de ko nɔn-bia bam taa nye de Tofete na ye tei to mo. 13A nam wó pa se Jerusalem sam dem de Judah pwa bam sɔ-fwaaro tem maama de chɔge, ne Tofete na biini de twa tei to. Kokuri to ba yeini ba di sam dem konto nayuni ne mo, ye ba zwɛ wonnu ba ma ke kaanem ba pa chalechwe, ne se ga ye wa mo to. Ba ta ma kwei sana pɛɛra ba pa wa yadwonna.’ ”
Jeremia daa na ŋɔɔne Wɛ kwora tei to
14Jeremia ma zege Tofete ne o jwoori o zo teo kom wone. Baŋa Wɛ nam ya toŋe‑o Tofete ne se o pworisi o kwora mo. O laam ma vo o zege Baŋa Wɛ wara-jei konkɔlɔ kom ne, ye o ta de nɔɔna bam maama o we, 15“Paŋwa Tu Baŋa Wɛ wom na ye Isarele tiina Wɛ to mo tage tento: Amo seene a lage a pa se lɛɛro mo ba teo konto baŋa, de ko nawuura yam baŋa, ne a na pwooli we a wó ke tei maama to. Ko nam ye ba na se ba zwa, ye ba ve se ba cheigi amo taane dem to ŋwaane mo a lage a ke-ba konto.”",https://www.bible.com/bible/3661/JER.19.KBG
JEREMIA 20,"Jeremia de Pasura taane
1Yimera bu Pasura déem mo ye kaanem tu wolo na nii Baŋa Wɛ wara-jei sem totoŋa yam baŋa ne to. O ma ni Jeremia na pworisi o pa Jerusalem tei to. 2O ma pa ni se ba ja Wɛ sampwora Jeremia ba mage, se ba daare ba ja‑o ba vɔ de chegero. Ba déem lugi dɛ mo ba ke o nɛ ne ye ba pe‑o se ko maŋe de Benjamin Ni dem na wo Wɛ diga kam baŋa seeni to. 3Tega na poore to, Pasura ma pa se ba bwoli‑o ba yage. Jeremia ma ta o bere‑o o we, “Baŋa Wɛ laam leiri n yere dem mo. De daa dae ‘Pasura’. De laam wó taa ye ‘Ba fugi-ne jei maama ne’ mo. 4Kokuri to, Baŋa Wɛ na tage tei to mo tento:
Amo wó pa se á dona ba ba fugi nmo de n badwonna bam maama. Nmo wó ta‑n zege n nii mo ye á dona bam go-ba de se-zɔɔro. A nam ta wó kwei Judah tiina bam maama a ke Babilon teo pɛ wom jeŋa ne, se o kale-ba o ja o vo Babilon, naa o go-ba jara-keim baŋa ne. 5A ta wó pa ba dona bam chwoŋa se ba zo Jerusalem teo kom ba vere ko jejegero tem maama. Ko ná ye wonnu telo nɔɔna na yaare ba na to, de telo na tiini te jege lonne to, de wo-laaro telo Judah pwa bam na nɛ to, ba dona bam wó pɛ te maama ba ja ba vo Babilon ba chɛ ba pa daane. 6Ko ná ye nmo Pasura, ba lage ba ja nmo, de n sɔŋɔ tiina maama mo ba kale ba vo Babilon. Dáane mo nmo wó te, se ba daare ba ke‑m da. Ko ta wó taa ye bedwe mo de n badwonna bam maama, kokuri to, n pworisi vwa mo n bere-ba.”
Jeremia daa poone Wɛ yiga ne
7 Baŋa Wɛ, nmo soge amo mo,
pa se a ji nmo tontoŋeno.
Amo de ma pa nmo chwoŋa
se n soge-ne konto.
Nmo dam dem wane amo de di.
Nɔɔna maama laam jege-ne mo ba mɔna.
Ba maa twe-ne dɛ maama wone.
8Amo ná yeini a puri a ni
se a ŋɔɔne taane,
kolo yerane a na tɔɔle to
ye vuvuga de lɛɛro taane mo!
Baŋa Wɛ kwora kalo a na jege se a tɔɔle to
ma ja toro de kuri-nɔrɔ yerane
ka ba ka pa-ne.
9Amo nam ná tage a tete ne a we,
“Amo daa bá boŋe Baŋa Wɛ boboŋa,
a nam daa bá tɔɔle o kwora kam,”
o taane dem laam yeini de daane-ne
ne mini na vevela a wone tei to mo.
Ko nye de mini mo jege a kwi sem de zwɛa.
A ná kwaane se a che o kwora kam
se a daa yé tɔɔle-ka,
a ware a tete se a ja.
10Amo yɔɔre a ni nɔɔna na jege a taane mo
ba waasa ye ba we:
“Ba fugi debam jei maama ne!
Nam pa se dé ba bebara dé daŋe o baŋa ne!
Dé wó pa se o to de o bora.”
Amo badwoŋ-swonnu tem maama
de maa lage se a seeri a to.
Ba maa we:
“Pa-na dé soge‑o se o ke o sa chwoŋa.
Dé laam wó wane dé di dam o baŋa ne
se dé jwoori dé ŋwe jene o baŋa ne.”
11 Baŋa Wɛ nam zege a tei ne mo, ne babea tei.
Konto ŋwaane mo balo na bɛɛse-ne to
wó seeri ba to tega ne.
Ba bá yi amo yuu.
Ba nam wó di chaveera.
Nɔɔna bá fɔge ba swei banto yuu na yaale tei to.
12Paŋwa Tu Baŋa Wɛ, nmo yeini n faŋe
balo na ye nɔn-ŋona to mo n nii.
N maŋe n yei ba bochara
de ba boboŋa na ye tei to.
Nam zaŋe n waare-ba n pa-ne,
se n jwoori n ŋwe jene ba baŋa ne.
Kokuri to, a kwei a taane dem a ke nmo jeŋa ne mo.
13Nam leeni-na leiŋa á pa Baŋa Wɛ!
Tei-na o yere!
Kokuri to o yeini o jwoŋi nabwona mo
o yage puseŋ-nyena jeŋa ne.
14A nam wó sɔɔle lwarem mo
a yage a lora dɛ dem baŋa ne!
Dɛ dem a nu na loge-ne to dae wopwolo dɛ!
15Ko ta ná ye wolo na tu o pa a kwo kwora,
pa se o de wo pwoli, ye o ta ded‑o o we,
“Ba loge bakeira ba pa‑m” to,
a wó sɔɔle lwarem a yage kotu de yuu ne.
16Wɛ wó pa se kotu na chɔgem
ne faŋa faŋa teene delo Baŋa Wɛ na chɔge,
ye o wo jaane de ŋwaŋa to mo.
Zezeŋa ne, kotu wó ni keira mo na zaŋe bugi-bugi.
Wea tetare ne, tiguri-kaasa wó to o zwa ne.
17Kotu ya ná go-ne ye a tigi a nu puga ne mo,
ko ya wó taa gara.
A nu puga kam ya wó lɛɛre ka ji a yibeeli.
O ya wó taa jege a puga kam taa wuu.
18Bɛŋwaane mo ba bere ba lo-ne?
A ŋwea kam yɔɔre ka su de cham
de wo-chechɔgɔ mo.
Amo laam maa wó ba a kweeli de chaveera!",https://www.bible.com/bible/3661/JER.20.KBG
JEREMIA 21,"Wɛ wó waare Judah pwa de yiga tiina
21:1–29:32
Wɛ ve Zedekia na lwoori‑o kolo to
1 Baŋa Wɛ na pɛ Jeremia ni delo to mo tento. Pɛ Zedekia déem toŋe Malakia bu Pasura, de Maaseya bu Zefania na ye Wɛ kaanem tu to se ba vo Jeremia tei ba ŋɔɔne ded‑o. Ba ma lwoori‑o ba we, 2“Lwoori Baŋa Wɛ se o jwoŋi debam o yage. Pɛ Nebukadeneza bobo se o kwaare jara dedaane dé teo kom mo. Dɛ delo, Baŋa Wɛ daa wó duri dé ŋwaŋa se o ke wo-kenkagele ne o na ke tei faŋa to, se o zeili Nebukadeneza se o jwoori o viiri o daare debam.”
3Jeremia déem ma kwei Baŋa Wɛ kwora kam o ma o leiri-ba o we, “Véi-na á ta de Zedekia we, 4‘Isarele tiina Baŋa Wɛ wom na tage tei to mo tento:
Babilon teo pɛ wom de o jar-keira bam laam kaare á teo kom ba pu. Ko nam ná ye jara zela yalo á na jege á ma‑á jeeri-ba to, a lage a pa ya jwoori ya ba á baŋa ne, pa se á kwaleme-ya á tiŋi á teo kom tetare ne mo. 5Amo tete mo wó tɔge a dam baŋa ne a toŋe wo-kamunnu ye a kwaare jara de abam, a bane na tiini de fuli á baŋa ne to ŋwaane. 6A nam wó pa se ko zo balo maama na zoore teo konto wone to yera. Ko ná ye nabiina de vara bam maama, jawe-chɛɛro mo lage te go-ba. 7Ko kwaga ne, amo Baŋa Wɛ wó kwei Judah teo pɛ Zedekia, de o nakwa, dedaane teo konto nɔɔna balo maama jawe-chɛɛro tem, de jara yam, de kana kam ta na wo go-ba to, a ke Pɛ Nebukadeneza jeŋa ne, de abam dona balo na beeri á gom to jeŋa ne. Wonto bere o bá duri ba ŋwaŋa de fenfee de ye o pa se ba maama ga ba ŋwea. Amo Baŋa Wɛ na tage tei to mo konto.’
8Daa‑n ta ta de nɔɔna bam we, ‘Baŋa Wɛ wom na tage tei to mo tento: Amo zem pɛ abam chwoŋa mo se á kuri chwei selei tetare ne: kuri-na ŋwea, naa toone. 9Wolo maama ná maŋe teo konto wone, jara, naa kana, naa jawe-chɛɔ mo wó go kotu. Wolo nam ná nwoŋi teo kom wone o vo o sɛ o pa Babilon tiina bam, kotu wó jwoŋi o tete o yage. 10Ko na ye tei to, amo boboŋa jaane ya ti se a pa lɛɛro mo yi teo konto, ye ko dae lam. A lage a kwei-ko a ke Babilon teo pɛ jeŋa ne, se o zwɛ-ko kula! Amo Baŋa Wɛ na tage tei to mo konto.’ ”
Judah teo pwa bam taane
Baŋa Wɛ daa ta ma ta de amo o we:
11-12“Nam ta tento n woli da n bere balo na ye Judah teo Pɛ sɔŋɔ tiina ye ba nwoŋi Pɛ David dwi dem wone to we, ‘Baŋa Wɛ na tage kolo to mo tento:
Dɛ maama wone, se á ta‑á ke chega de balo á na nii to.
Abam ná maane we ba vere nabwom wolo,
se á jwoŋi kotu á yage wolo na bɛɛse‑o to jeŋa ne.
Á ná wo ke konto, a bane wó zaŋe de di abam ne mini tei to,
á lwarem kikia yalo á na kare á ke to ŋwaane.
Nɔɔn-nɔɔno nam bá wane mini dem konto o dwei.
13Jerusalem pɛ sɔŋɔ kom,
amo nwoŋi abam kwaga ne mo!
Á sɔŋɔ kom dɔge peero yuu ne,
ko jeeri bwolo kolo na wo ko kuri ne to.
Abam laam maa tɛ we,
“Wɔ mo wó wane o yi se o chɔge debam?
Wɔ mo wó wane o zo dé dalem jei sento wone?”
14Amo nam wó waare abam
se ko maŋe de á totoŋa na ye tei to.
Ko ná ye á sɔ-fɔrɔ kom,
amo wó pa se ko di sem ja mini,
se mini dem di woŋo kolo maama na bwola da to kula!
Amo Baŋa Wɛ na tage tei to mo konto.’ ”",https://www.bible.com/bible/3661/JER.21.KBG
JEREMIA 22,"Judah pwa bam taane
1 Baŋa Wɛ déem ma ta de amo o we, “Zaŋe n vo Judah teo pɛ sɔŋɔ se n ta amo kwora n pa-ba we: 2‘Judah teo pɛ wolo na nwoŋi Pɛ David dwi dem wone to, ko woli de nakwa bam, de balo maama na tɔge manchwo-peena yanto ba kɛ to, cheigi-na Baŋa Wɛ taane dem! 3Baŋa Wɛ na tage tei to mo tento:
Ta‑á tɔge-na chega de á na ke nɔɔna tei to. Á ná maane we ba vere nabwom wolo, se á jwoŋi kotu á yage wolo na bɛɛse‑o to jeŋa ne. Ko ná ye veira balo na zoore á tei ne to, de botara, de kadeina, se á yé bɛɛse-ba naa á ke-ba lwarem. Nam yé zaŋe-na á go balo na wo maŋe se ba te to jei sento ne. 4Abam ná sɛ amo nia yam konto, á teo kom pwa balo na nwoŋi Pɛ David dwi dem ne to wó taa wora mo taa, ye ba tɔge nia yanto seeni ba kɛa. Pwa bam konto dedaane ba nakwa wó yeini ba di sisei-torokooro de sisein-nɔɔna baŋa ne ba tɔge manchwo-peena yanto ba kɛ mo, ye ba nɔɔna bam de tɔge ba kwaga. 5Abam nam ná wo sɛ amo nia yam konto, amo tage a du de a tete yere we, sɔ-fɔrɔ konto lage ko ji di-dwoŋo mo. Amo Baŋa Wɛ na tage tei to mo konto.’ ”
6 Baŋa Wɛ nam tage tento mo se ko vo Judah teo pɛ sɔŋɔ kom seeni:
“Sɔ-fɔrɔ kom konto tiini ko lana amo yia ne,
ne Gilead laŋa kam
de Lebanon peero tem na ye tei to mo.
Amo nam wó pa se ko ji ne kagoa dwoŋi,
se nɔɔn-nɔɔno yé taa zoore ko wone.
7Amo mo lage a toŋe jar-keira
se ba ba ba chɔge-ko.
Ba wó taa jege ba jara zela mo,
se ba gwoni Sedare ywoa yam
ba dole-ya ba de mini wone.
8Ko kwaga ne dwi-gɛ tiina dedɛ wó tɔge teo konto seeni se ba kɛ, ye ba bwei daane ba we, ‘Bɛŋwaane mo Baŋa Wɛ chɔge teo kom tento dwoŋi, ye ko ya ye teo kamunu mo?’ 9Ba maa wó leiri-ba ba ta we, ‘Ko ye ba na ve ni delo ba Tu Baŋa Wɛ wom na gwoni de-ba to, ye ba daare ba zuli wa-gɛ to ŋwaane mo o ke-ba konto.’ ”
Pɛ Jehohaza yera taane
10Yé ta‑á keeri-na pɛ wolo na tege to ŋwaane,
naa á ta‑á nyɔne yiga.
Ko nam ná ye á pɛ wolo ba na kale
ba jege ba vei sa-teo yiga yiga to,
se á ta‑á keera wonto ŋwaane.
Wonto daa bá jwoori ywo-seeni,
se o ma o yi o na o nabaara tega kam.
11Kokuri to, Baŋa Wɛ jege kwora se o pa Josia bu Jehohaza wolo na leiri o kwo yuu ne o di Judah teo paare, ye ba laam kale‑o ba ja ba viiri to. Wɛ kwora kam mo tento: “O daa bá jwoori ywo-seeni. 12O lage o te sa-teo ne mo yiga yiga, se o daa yé na o nabaara tega kam.”
Pɛ Jehoyakim taane
Baŋa Wɛ ma ta o we:
13“Lɛɛro wo wolo na tɔge vwa chwoŋa
se o ma o lɔ o sɔ-fɔrɔ kom to yuu ne.
O ta ma ke kampina se o ma o yale-ko o zege.
O ma daare o pa se o nɔɔna toŋe zɛɛra mo ba pa‑o,
ye o ba sɛ o ŋwe-ba ba totoŋa ŋwaane.
14Wonto maa tɛ o we, ‘Amo wó lɔ sɔ-fɔrɔ mo a pa a tete,
de ko nayuu di selo na yala to.’
O ta ma ke takworru dedɛ ko wone,
se o daare o kwei Sedare dɛ
o ma o kwɛ ko di sem.
O laam ma kwei sonno dwi dwi o ma o kwɛ-ko.
15Nmo na ye pɛ to,
ko ye n na mɛ da-ŋonno
n lɔ sɔ-fɔrɔ to ŋwaane mo na?
Boŋe n nii n kwo Josia na ye tei to.
Wonto déem tɔge chwoŋa de o na ke nɔɔna tei to.
O maa nae o dɛ dɛ wodiu pa se ko maŋe ded‑o,
ye wonnu tɔge chwoŋa te pa‑o.
16O déem jwoŋi nabwona taane o ŋɔɔne o pa-ba.
Mo kokuri wonnu maama kwei chwoŋa te pa‑o.
O keina yam konto bere we o yɔɔre o yei amo.
Ko dae konto na?”
Baŋa Wɛ na tage tei to mo konto.
17“Ko nam ná ye nmo,
n boboŋa yam jaane ya ti
se n ma vwa mo n duni.
N ma‑n goe balo na wo maŋe se ba te to,
ye n daare n jege n nɔɔna bam n bɛɛsa de dam.”
18Konto ŋwaane, Baŋa Wɛ na tage kolo Josia bu Jehoyakim na ye Judah teo pɛ to seeni to mo tento:
“O ná tega, nɔɔn-nɔɔno bá keeri o lua.
Ba bá ta nenɛɛne, ‘Lɛɛro mo yi debam!’
Ba wo nam bá chɔge de o toone dem,
se ba keeri we ba tu wom de o nenɔŋa jei.
19Ba lage ba suli‑o
ne ba na suli bonaga tei to mo.
Ba wó tuuri‑o mo
ba ja ba nwoŋi Jerusalem teo kom wone,
se ba kɛ ba dole‑o ba yage teo kom kabira kwaga ne.
20Jerusalem tiina bam, véi-na Lebanon laŋa kam á laare dáane,
Pa-na se á kwori zege Basan ne se zaŋe wɛɛne.
Véi-na Abarim peero tem wone se á keeri.
Kokuri to á fara bam maama daa tera jei jei
se ba woli abam.
21Wonnu maama ya ta na vei lanyerane te pae abam to,
mo a kaane abam.
Abam ma ve ye á we, ‘Dé bá cheigi nmo ni-kaana yam.’
Abam nam maŋe á ye konto mo
se ko zege á biini ne.
Á yeini á ba sɛ á pae amo.
22Abam yiga tiina bam maama lage ba jei,
ne vio mo kale-ba ko ja jei tei to.
Ba maa wó ja á fara bam ba viiri ba vo sa-teo.
Chaveera laam wó di abam ye á yuu yaale,
á puseŋa kikia yam ŋwaane.
23Abam jege dalem jei á sɔ-fwaaro tem wone,
de á na mɛ Lebanon teo da-ŋonno á lɔ-te to.
Ko nam bá dáane se abam tiini á keeri,
ne kaane wolo na virigi puga ye ka wɔe tei to.”
Pɛ Jehoyachin taane
24 Baŋa Wɛ nam na tage tei to mo tento:
“Jehoyakim bu Jehoyachin na ye Judah teo pɛ to, a lage a vaŋe nmo mo a le a yage, ne n ye jafole delo na bere amo dam ye a vaŋe-de a le a jazem jeŋa ne tei to mo. 25A maa wó kwei‑m a ke balo na beeri‑m se ba go to jeŋa ne. Nmo nam yɔɔre n kɔre foone de-ba mo. A nam lage a kwei‑m a pa Babilon teo pɛ Nebukadeneza de o jar-keira mo. 26A ta wó kwei nmo de n nu a dole a yage sa-teo ne yiga yiga. Ba wo loge abam teo kom konto ne. Á nam wó maŋe dáane se á te. 27Á daa bá jwoori tega kanto á fera na wo ka wone to.”
28Jehoyachin nye de zon-kɔga kalo na ba jege kuri to mo.
O maa ye wolo nɔɔna maama na vae to.
Ko seene ko ke‑o konto mo na?
Bɛ mo ke ye ba lage ba ja o de o bia bam
ba dole ba yage sa-teo kolo ba na yeiri to wone?
29Tega baŋa tiina bam, tega baŋa tiina bam,
nam cheigi-na Baŋa Wɛ kwora kam!
30 Baŋa Wɛ na tage tei to mo tento:
“Popone-na Jehoyachin yere dem á tiŋi,
se ko bere nenɛɛne o ya ba jege bia.
Wonto ŋwea maama wone,
ko bá ke lanyerane ko pa‑o.
Ko ta ná ye o bia bam de,
ba wolowolo bá di paare Judah tiina baŋa ne,
ne ba nabaaro David déem na di paare tei to.”",https://www.bible.com/bible/3661/JER.22.KBG
JEREMIA 23,"Baŋa Wɛ wó jwoŋi o nɔɔna o yage
1 Baŋa Wɛ na tage kolo to mo tento:
“Lɛɛro taa wo yiga tiina balo na nii a nɔɔna bam to yuu ne! Banto nye de nayera balo na jege a pei sem ba chɔga to mo, pa se se jage jei maama ne.”
2Isarele tiina Baŋa Wɛ wom nam na tage nayera bam konto taane tei to mo tento:
“Abam na zeili amo pei sem pa se jage, ye á wo nii se baŋa ne chekke to, amo lage a waare abam mo, á lwarem kikia yam ŋwaane. 3Ko ná ye amo nɔɔna balo ta na daare ye a zeili-ba jei selo maama ne to, amo lage a jwoori a la-ba se ba nwoŋi mɛ maama ba na vei to mo, se ba jwoori ba tete tega kam ne. Ba laam maa wó puli dedɛ. 4A ta wó beeri nayera balo yiga na wo ba wone to a pa-ba, se ba taa nii ba baŋa ne. Konto wó pa se foone daa yé ja a nɔɔna bam, ye ba wolowolo de bá jei.”
5 Baŋa Wɛ mo taga o we:
“Maŋa lage ka yi
se David dwi dem puli naga dedoa,
ye kotu wó taa ye nɔn-ŋom mo.
Amo wó tiŋi wonto se o di paare,
ye o taa nii a nɔɔna baŋa ne de yi-poro.
O ta wó taa tɔge chega de o na ke nɔɔna tei to mo
tega kam maama ne.
6O paare dim maŋa ne, Judah tiina wó na verem,
ye Isarele tiina maama taa zoore de yazura.
Nɔɔna maa wó taa bwoi o yere we,
‘Baŋa Wɛ mo bore debam bora de chega.’
7Chega to, maŋa lage ka yi se balo ná lage ba du duuri, se ba daa yé ta we, ‘A dugi de Baŋa Wɛ wolo na jwoŋi debam Isarele tiina bam o ja o nwoŋi Ejipti teo kom ne to yere dem.’ 8Ba laam wó taa tɛ we, ‘A dugi de Baŋa Wɛ wolo na jwoŋi Isarele tiina bam o ja o nwoŋi baŋa seeni teo kom ne, dedaane jei selo maama o na jage-ba to yere dem.’ Kokuri to ba laam wó taa zoore ba tete tega kam ne mo.”
Vwa sampwori sem taane
9A wo yɔɔre ko pɛ mo
de sampwori sem kikia yam.
A yera maa didigi de ba keim dem.
Ko ye Baŋa Wɛ tete ŋwaane,
de taane delo o na ŋɔɔne banto seeni to ŋwaane mo,
amo nye de nɔɔno na nyɔge sana o bugi to.
10Tega kam maama su de balo na lɔge Wɛ kwaga ne to mo.
Sampwori sem duri ba tɔge lwarem kikia.
Ba na jege dam ba ke tei to yɔɔre ko ba tɔge chwoŋa.
Mo kokuri Wɛ sɔɔle lwarem o yage tega kam baŋa ne,
pa se ka keeri wo-chechɔgɔ ŋwaane.
Pwoli sem maama laam jigi te-kora yerane.
11“Sampwori sem de kaanem tiina bam ba gare daane,
ba wolowolo yeiri Wɛ.
Ba bere ba ja ba totoŋ-lwanno tem
ba zo amo wara-jei sem wone mo ba ke.”
Baŋa Wɛ na tage tei to mo konto.
12“Konto ŋwaane, ba chwei sem wó taa ye lim mo,
ye se taa seera.
Nɔɔna wó pare-ba chwei sem konto wone,
pa se ba to tega ne.
Maŋa kam ná yi se a waare-ba,
a laam wó pa se lɛɛro to ba baŋa ne.”
Baŋa Wɛ na tage tei to mo konto.
13“Amo nii a na sampwori selo na wo Samaria ne
ye ba jege wo-zɔɔne delo ba ke to.
Ba yeini ba ma Baal jwoni dem yere mo
ba pworisa.
Ba na ke tei konto to
ma pa se a nɔɔna Isarele tiina bam tusi.
14Ko nam ná ye sampwori selo na wo Jerusalem teo kom ne to de,
amo ta nɛ we banto ke wo-zɔɔne ko ja gaale.
Ba kare ba tɔge kabwoŋa kikia mo,
ye ba ta swoi se ba taa toŋe vwa.
Ba yɔɔre ba woli ba dwonna mo
se ba taa ke totoŋ-balwaaro,
pa se nɔɔna ware ba wɛleera yam ba yage.
Ba maama jigi ne Sodom teo tiina na ye tei to mo a yiga ne.
Chega to, Jerusalem tiina bam
ye ne Gomora teo tiina déem na ye tei to mo.”
15Paŋwa Tu Baŋa Wɛ wom nam na tage sampwori sem konto taane tei to mo tento:
“Amo wó pa ba na yaara dedɛ.
Ko maŋe se ba di wodi-chɛɔ
ye ba daare ba nyɔ na-chɛɛra mo.
Kokuri to, Jerusalem sampwori sem kikia ŋwaane mo
nɔɔna swei amo swia tega kam jei maama ne.”
16Paŋwa Tu Baŋa Wɛ wom nam na tage tei to mo tento:
“Jerusalem tiina bam, yé cheigi-na sampwori sento na pworisi tei de abam to. Ba pae se á jege teena kafɛ mo. Ko maa ye ba tete boboŋa mo ba jege ba tɛ ba bere abam, se ba wo nigi taane amo Baŋa Wɛ ni ne. 17Ba swoi se ba taa tɛ de balo na ve amo taane to we, ‘Baŋa Wɛ tage we, abam wó na yazura.’ Ko ta ná ye zwabani-nyena bam de, ba tɛ de-ba mo we, ‘Cham bá ba á baŋa kɔtaa!’
18Sampwori sem konto wɔ nam mo me de Baŋa Wɛ,
se kotu maane o lɔre Baŋa Wɛ kwora?
Ba wɔ mo bere o cheigi se o ni o taane dem?
19Nii-na! Baŋa Wɛ bane wó zaŋe lela,
ne vo-dɛɔ na zaŋe tei to mo.
Ko nam wó taa nye de vo-kekara
na chugi nɔn-balwaaro yuu ne tei to mo.
20 Baŋa Wɛ bane nam ná zaŋe de-ba,
ko ná dae we o ke o su o boboŋa yam mo,
o bochare dem ta bá zuri.
Maŋa kam nam ná yia,
abam laam wó ni ko kuri lanyerane.
21Amo wo toŋe sampwori sem konto.
De ko de, ba duri ba vo nɔɔna tei
se ba ŋɔɔne amo yere ŋwaane.
Amo nam wo kwei a taane a pa-ba,
ye ba ta kare ba pworisa ba bere nɔɔna.
22Ba nam ya ná me de amo chekke,
ba ya wó tɔɔle amo taane dem
ba bere a nɔɔna bam.
Ba ya wó pa se a nɔɔna bam pipiri
ba yage ba vwa chwei sem,
de ba lwarem kikia yam.”
23 Baŋa Wɛ ta ma bwei o we:
“Abam boŋe we a ye Wɛ delo na wo jeiga dedoa bwola bwola yerane to mo na? Á yeiri we amo wo yiga yiga de jei maama ne na? 24Gugworo wora logo baŋa ne se nɔɔno seigi ko wone ye a bá na kotu na? Á yeiri we amo yɔɔre a su wɛyuu kom de tega kam maama mo na?”
Kwora kalo Baŋa Wɛ na tage to mo konto.
25“Amo nigi vwa yalo sampwori sento na kare ba pworisi amo yere ŋwaane to. Ba yɔɔre ba tɛ mo ba we, ‘Wɛ ŋɔɔne de amo dendwɛ wone!’ 26Ko nam ye vwa mo ba jege ba pworisa. Ba tete boboŋa mo gane-ba pa se ba ŋɔɔna. Ba wó ke konto taa se ba vo ba maŋe yei ne mo? 27Ba maa kwaane se ba pa amo nɔɔna bam swei amo yere dem, de ba na lwoni ba dendwea yam ba bere daane tei to. Ba ke nenɛɛne ba nabaara de déem na ke tei ye ba swei amo yere dem ba daare ba zuli Baal jwoni dem to mo. 28Tɔ. Sampwora ná dwɛ dendwɛ, se kotu ta o bere de na seene de ye tei to. Sampwora kalo nam ná jwoŋi amo taane, se kotu yɔɔre o bere-de chekke. Taana yanto dae bedwe, ne men-swanno na dae mena yam chekke tei to!”
Baŋa Wɛ na tage tei to mo konto.
29“Amo taane zwɛ wonnu ne mini na ke tei to mo. De ta maa nye de swoli na jege kandwa-zana de lɔe muga-muga tei to. Ko dae konto na?
30Konto to, ko ná ye sampwori selo na kare ba jene da-taana ba ŋɔɔne, ye ba we ko ye amo kwora mo ba jege ba ŋɔɔne to, amo nwoŋi ba kwaga ne. 31Chega to, amo yiga tera sampwori selo na ŋɔɔne ba tete taane ye ba tɛ ba we, ‘Baŋa Wɛ kwora mo tento’ to wone. 32Nii-na! Amo Baŋa Wɛ mo tage a we: A chuli balo na dwɛ dendwea ye ba daare ba pworisi vwa ya ŋwaane to. Ba na yɔɔre ba fɔe vwa ba bere a nɔɔna bam tei to maa pae se ba tusa. Amo wo kuri sampwori sem konto. A ta wo toŋe-ba a nɔɔna bam tei ne. Ba bere ba ba woli a nɔɔna bam de fenfee de.”
Baŋa Wɛ na tage tei to mo konto.
Baŋa Wɛ laam ma ta de amo o we:
33“Nɔɔna banto wone, naa ba sampwori sem wone, naa ba kaanem tiina wone dedoa ná bwei‑m o we, ‘Baŋa Wɛ daa kwei zele dɔ mo se o pa dé zeŋe?’, se n ta de kotu we, ‘Abam mo ye zele delo na daane Baŋa Wɛ to mo! Baŋa Wɛ we o lage dole abam mo o yage!’
34Sampwora kalo, naa kaanem tu wolo, naa nɔɔno wolo maama nam ná tage o we, ‘Baŋa Wɛ kwei zele dento mo o pa-ne’, amo wó waare kotu mo de o sɔŋɔ tiina maama.
35Abam nam na maŋe se á bwei daane tei to mo tento: ‘Baŋa Wɛ leiri debam o we bɛ mo?’ naa ‘Baŋa Wɛ tage o we bɛ mo?’. 36Á nam daa yé ta‑á tɛ we, ‘Zele delo Baŋa Wɛ na pɛ debam to mo tento.’ Kokuri to, abam tete kwora mo ye zele delo na daane abam to. Á tɔge konto baŋa á kweele dé Tu Wɛ wom taane dem á yage tega ne, ye wonto mo ye Ŋwea Tu Baŋa Wɛ de Paŋwa Tu Baŋa Wɛ wom. 37Abam nam ná yeini á vo sampwora tei, se á bwei‑o nenɛɛne: ‘Baŋa Wɛ leiri‑m o we bɛ mo?’ naa ‘Baŋa Wɛ tage o we bɛ mo?’ 38Á nam ta ná tɛ á we ‘Zele delo Baŋa Wɛ na pɛ debam to mo tento’, ta‑á yei-na we amo Baŋa Wɛ na tage tei to mo tento: Abam ta na tage we ‘Zele delo Baŋa Wɛ na pɛ debam to mo tento’, ye a maŋe a kaane abam we á daa yé ta‑á tɛ konto dwoŋi to ŋwaane, 39amo yɔɔre a lage a gɔ abam a dole a yage yiga yiga mo. A ta wó zeili á teo kom maama amo déem na pɛ abam de á nabaara bam to se á viiri amo yiga ne. 40A laam maa wó pa se á na chaveera yalo na bá fɔge ya ti to. Abam bá swei á na wó yaale tei to ni ne.”",https://www.bible.com/bible/3661/JER.23.KBG
JEREMIA 24,"Mɔɔro dwia yalei taane
1Babilon teo pɛ Nebukadeneza déem jaane Judah teo pɛ Jehoyakim bu Jehoyachin Jerusalem ne mo o kale o ja o vo Babilon. O ta kale Judah nakwa bam, de ba teo gwaro, de ba lura bam maama mo o ja o viiri. Konto kwaga ne mo Baŋa Wɛ le wonnu o bere-ne. O ma pa se a na mɔɔro tetwaro telei, te na zege Baŋa Wɛ diga kam yiga ne. 2Tetɔgɔ dedoa su de mɔɔro na lana to. Te maa ye telo na lwoori yiga te ke to mo. Tetɔgɔ kodwoŋi kom wo mɔɔro tem ma pɔ, te yɔɔre te wo maŋe de dim!
3 Baŋa Wɛ ma bwei amo o we, “Jeremia, bɛ mo n nii n na?” Amo ma leiri‑o a we, “Mɔɔro dwia yalei mo a nɛa. Tedwonna tiini te lana. Tetem tem ba lana. Te yɔɔre te dae ba ke ni ne.”
4 Baŋa Wɛ déem ma pa amo ni o we:
5“Amo Isarele tiina Baŋa Wɛ wom na tage tei to mo tento: Mɔɔro telo na lana to zege te pae Judah tiina balo a na kale a ja a vo a yage Babilon teo wone to mo. Nɔɔna bam konto lana amo yiga ne. 6Amo wó taa nii ba baŋa ne pa se ko ke lanyerane ko pa-ba. A ta wó jwoori a ja-ba a jwoori a ba ywo-seeni. A lage a fɔge a lɔ-ba a zege mo, se a daa bá vaare-ba a de tega ne a yage. A maa wó jeiri-ba te-ywoŋa jei ne, se a bá vuuri-ba a gɔ a yage. 7A maa wó pa se ba boboŋa ja se ba taa kɔre amo wolo na ye Baŋa Wɛ wom to. Ba laam maa wó taa ye amo tete nɔɔna, se amo de taa ye ba Wɛ. Kokuri to, ba lage ba jwoori amo tei de ba bochare maama mo.
8Amo Baŋa Wɛ daa ta maa we: Ko daare ko ná ye Judah teo pɛ Zedekia, de o nakwa bam, de nɔɔna balo maama ta na daare Jerusalem teo kom wone to, de balo na duri ba vo Ejipti teo ba zoore da to, amo lage a ke-ba ne mɔɔro telo na pɔga ye te dae se ba di to mo. 9A lage a pa se lɛɛro ba ba baŋa mo, se ba ji wo-zɔɔna logo baŋa teene maama yia ne. Nɔɔna maama wó neese-ba mo, ye ba ta lɔŋe-ba. Ba ta maa wó taa ye sinseira nɔɔna nia ne. Mɛ maama amo na wó pa se ba jage ba yi da to, nɔɔna wó taa mɔne-ba, ye ba daare ba mae ba yere ba sɔɔle lwarem ba pa daane. 10A lage a pa se ba te jara wone mo, se kana de jawe-chɛɛro de ja-ba te go, se ko ta nii maŋa kalo ba yere na saare tega kalo a déem na kwei a pa ba de ba nabaara bam to wone.”",https://www.bible.com/bible/3661/JER.24.KBG
JEREMIA 25,"Judah tiina wó maŋe sa-teo ne bena fuserepɛ
1Judah teo pɛ Josia bu Jehoyakim paare dim bena yana bene dem wone mo Baŋa Wɛ pɛ Jeremia kwora se o ta o bere Judah tiina bam maama. Bene dem konto ne mo Babilon teo Pɛ Nebukadeneza de déem bobo se o di o paare.
2Wɛ sampwora Jeremia na tage kolo o bere balo na zoore Jerusalem ne to dedaane Judah tiina bam maama to mo tento:
3Ko zege Judah teo Pɛ Amon bu Josia paare dim bena fuga-yatɔ bene dem ne, se ko yi zem, amo yɔɔre a tɛ de abam Baŋa Wɛ na pɛ-ne kwora kalo maama se a pa abam to mo. Abam nam ba cheiga. 4Baŋa Wɛ nam yɔɔre o toŋe o sampwori sem mo á tei ne maŋa maama se ba ŋɔɔne de abam, ye á ta ba sɛ ba taane dem. Á maŋe á ba cheigi-ba de. 5Baŋa Wɛ maa yeini o tɔge banto baŋa o ta we, “Abam maama pipiri-na á yage chwo-balwaaro telo á na vei se wone to, se á daa yé ta‑á tɔge lwarem kikia. Á ná ke konto, á wó ta‑á zoore tega kalo amo Baŋa Wɛ na kwei a pa abam de á nabaara bam se á ta‑á tei-ka taa wuu to ne. 6Nam yé tɔge-na wa-yɔɔro kwaga, se á zuli-ya. Yé pa-na se a bane zaŋe de á je na ke wonnu telo to. Abam ná sɛ amo ni konto, amo de bá chɔge abam.
7 Baŋa Wɛ na tage kolo to mo tento: Abam nam wo sɛ amo taane dem, ye á chuchugi a bane de á je na ke wonnu telo to. Á keim dem konto ma pa se á na chɔgem delo laam na tu á baŋa tento to. 8Konto ŋwaane, Paŋwa Tu Baŋa Wɛ na tage tei to mo tento: Abam na wo cheigi amo taane dem to, 9amo de wó bwoŋi dwia yalo na zoore baŋa seeni to nɔɔna bam maama, de amo tontoŋeno Nebukadeneza wolo na ye Babilon teo Pɛ to se ba ba. A maa wó toŋe-ba se ba ke jara de abam balo na zoore tega kanto wone to, de teene delo maama na gilimi abam to. Ba wó yɔɔre ba chɔge á tega kam maama de jei selo na gilimi abam to fase, pa se ka maama ji di-dwonnu yerane. Nɔɔna wó taa jege-ka ba yaala, ye ba dole ba yuni ka ŋwaane. 10Amo wó pa se wopwolo de ywoni sɔɔ maama ti jei sem maama ne. Kadiri ywoni de daa bá taa wora. Nɔɔna daa bá taa choe muni naa ba tɔre mini. 11Tega kam maama jilli wó ji di-dwonnu mo ne kagoa tei. Judah tiina bam de dwi-gɛ tiina balo maama na gilimi-ba to maa wó taa wo Babilon teo pɛ dam kuri ne bena fuserepɛ.
12Bena fuserepɛ sem nam ná yia, amo wó waare Babilon teo pɛ de o teo kom maama ba wɛleera yam ŋwaane. Amo ta wó pa se lɛɛro ba Babilon tiina tega kam maama baŋa ne pa se ka ji di-dwonnu se ko taa vei wuu. 13A lage a pa se cham delo maama a na tage se ko vo Babilon tega kam seeni to mo seene de yi-ba. Waarem delo maama na popone de tiŋi tɔnɔ konto wone to, dedaane wonnu telo maama Jeremia na pworisi o pa dwi-gɛ tiina bam maama to wó yi-ba. 14Pa-kamuna de dwia yadwonna dedɛ mo wó di dam Babilon tiina bam baŋa ne pa se ba ji ba kabɛ. Amo wó jwoori a ŋwe ba keim-balwaaro tem jene se ko maŋe de ba je na ke wonnu telo to.”
Baŋa Wɛ na tage tei to mo konto.
Baŋa Wɛ ban-zɔŋɔ kom
15Isarele tiina Baŋa Wɛ wom ma ta de amo o we, “Nii na-zoŋa a jeŋa ne de ka wo sana bam. Ka su de a ban-zɔŋɔ kom mo ka pɛɛle. Nam jwoŋi-ka n vo n pa dwi tiina balo maama amo na pɛ se n vo ba tei to, se ba nyɔ ka wo sana bam. 16Ba ná nyɔga, ba wó yirisi mo, jara yalo amo na wó pa se ya to ba tetare ne to ŋwaane.”
17Amo ma seene a jwoŋi na-zoŋa kam Baŋa Wɛ jeŋa ne. A ma kwei ka wo sana bam a pa dwi tiina balo maama o na pɛ se a vo ba tei to, ye ba nyɔ. 18A vei Jerusalem mo, de Judah teene dedwonna dem, de ba pwa de ba nakwa bam tei. A ma pa ba nyɔ na-zoŋa kam wo sana bam, se ko bere we ba lage ba na chɔgem ye ba teene dem ji di-dwonnu yerane. Nɔɔna wó taa jege-ba ba yaala ye ba mae ba yera ba sɔɔle lwarem ba pa daane. Ko ta ye konto mo de zem maama.
19Nɔɔna balo amo ta na pɛ ba nyɔ na-zoŋa kam wo sana bam to mo tento:
Ejipti teo Pa-faro wom, de o nakwa, de o dedɛɛra, de o nɔn-bia bam, 20dedaane veira balo maama na zoore ba tetare ne to.
Yuzi laŋa pwa bam maama.
Filisi tiina pwa bam maama. Banto maa ye Asekelon teo pɛ, de Gaza teo pɛ, de Ekoron teo pɛ, de balo ta na daare Asedodi teo wone to.
21Edom tiina bam, de Moaba tiina bam, de Amon tiina bam.
22Tura de Sidon teene pwa bam maama, ko ta woli de pwa balo na zoore naneo ni kateira yam ne to.
23Dedan tiina bam, de Tema tiina bam, de Buzi tiina bam, dedaane balo na cheeri ba yuni ye ba zoore kagoa yuu ne to.
24Arabia laŋa pwa bam, de dwi-gɛ tiina balo na zoore kagoa kam wone to pwa bam.
25Zimiri pwa bam, de Elam pwa bam, de Media pwa bam.
26Pwa balo na zoore baŋa seeni teene dem ne to, ko ná ye delo na bwola daane to, dedaane delo na ye yiga yiga to de.
A vei logo baŋa maama teene dem mo a pa se ba nyɔ na-zoŋa kam wo sana bam. Se ko kweeli to, Babilon teo pɛ wom de maa wó nyɔ ka wone.
27 Baŋa Wɛ ma ta de amo o we, “Nam ta nɔɔna bam we, ‘Paŋwa Tu Baŋa Wɛ wom na ye Isarele tiina Wɛ to mo we: Nyɔ-na na-zoŋa kam wone sana á bugi, se á tɔne tetwanno. Ta‑á pare á toe tega ne, se á daa yé zaŋe wɛɛne, jara yalo amo na wó pa se ya to á tetare ne to ŋwaane.’ 28Ba nam ná ve se ba nyɔ na-zoŋa kam n na tei na pa-ba to wone, se n ta de-ba we, ‘Paŋwa Tu Baŋa Wɛ tage tento mo: Á jege se á nyɔ mo! 29Nii-na! Ko ná ye teo kolo na ye a tete nyem to, amo bobo banto baŋa ne mo se a pa ba na chɔgem. Abam nam boŋe we a laam wó yage abam mo na? Abam de bá lu waarem dem wone! A yɔɔre a lage a pa se jara mo to logo baŋa teene dem maama wone. Amo Paŋwa Tu Baŋa Wɛ mo tage konto!’
30Jeremia, nam tɔɔle taane dento maama n bere-ba we:
‘Baŋa Wɛ kwora mo lage ka zaŋe wɛyuu ne ka mumuni.
O kwor-dɛa maa wó bage ka zege o telaao sɔŋɔ kom wone.
O sɔɔ wó zaŋe o tega kam maama baŋa ne.
O kwora kam wó zaŋe baŋa baŋa,
ne nɔɔno na nɔne Vini tio-bia ye o ke sɔɔ o yage tei to.
Logo baŋa nɔɔna maama wó ni Baŋa Wɛ na bage-ba tei to.
31Sɔɔ kom konto wó jage ko yi logo baŋa jei maama.
Kokuri to, Baŋa Wɛ jege taane de dwi yam maama mo.
O nam lage o di nabiina maama taane mo,
se se-zɔɔro ti puseŋ-nyena dwi dem.’
Baŋa Wɛ na tage tei to mo konto.”
32Paŋwa Tu Baŋa Wɛ nam tage tento mo o we:
“Nii mo! Lɛɛro lage te jage
te yi logo baŋa teene maama.
Jara zaŋe ne vo-dɛɔ mo tei.
Ya ma nwoŋi logo baŋa jei selo na wo yiga yiga to ne ya beene.”
33Jara yam ná yia, nɔɔna balo Baŋa Wɛ na go to wó faare tega baŋa jei maama ne mo. Ba bá na nɔɔna se ba keeri ba lwi naa ba suli-ba. Ba yera wó taa tigi tega baŋa jei maama ne pare-pare, ne popɔnɔ mo tei.
34Abam yiga tiina bam, keeri-na á sisigi.
To-na tega ne á ta‑á bibila,
abam balo na yere Wɛ nɔɔna bam to.
Kokuri to, ko laam yi maŋa se ba go abam.
Á lage á yɔɔre á to tega ne mo á chochoge,
ne kabeila na to ka chochoge tei to.
35Yiga tiina bam bá na chwoŋa se ba duri ba lu.
Balo na yere Wɛ nɔɔna bam to bá na seigim jei.
36Cheigi-na se á wó ni
yiga tiina bam na keeri bɔge-bɔge tei to.
Balo na yere Wɛ nɔɔna bam to
de ma laare ba yage jei maama ne.
Kokuri to, Baŋa Wɛ mo lage o chɔge tega kam
ba na kale o nɔɔna bam ba vo mɛ to.
37Pwoli selo ya na jege ga-zuru lanyerane to
lage se yɔɔre se chɔge mo,
Baŋa Wɛ ban-lom dem na zaŋe to ŋwaane.
38 Baŋa Wɛ viiri o daare o tega kam
ne nywoŋo na yage ko tiga jei tei to mo.
Tega kalo Wɛ nɔɔna bam na zoore da to yɔɔre ka chɔge mo.
Kokuri to, ba dona bam tiini ba kwaare jara de-ba,
Baŋa Wɛ bane na tiini de zaŋe ba baŋa ne to ŋwaane.",https://www.bible.com/bible/3661/JER.25.KBG
JEREMIA 26,"Ba na di Jeremia taane tei to
1Josia bu Jehoyakim déem na bobo se o di Judah teo paare to, mo kwora kanto tu Jeremia tei. 2Baŋa Wɛ ma ta ded‑o o we,
“Véi n zege Wɛ diga konkɔlɔ kom ne. Nɔɔna bam laam maa ná nwoŋi Judah teene dem maama wone ba ba ba zo da se ba zuli amo Baŋa Wɛ, se n ta kwora kanto maama n bere-ba. Yé seigi kolokolo ba yiga ne. 3Dɛ delo nɔɔna bam wó cheigi amo kwora kam ye ba daare ba yage ba lwarem kikia yam. Ba ná sɛ ba ke konto, amo wó wane a leiri a boboŋa de lɛɛro telo a ya na jeeli se a ke ba baŋa ne ba wɛleera yam ŋwaane to.
4Nam ta de-ba we, ‘Baŋa Wɛ na tage tei to mo tento: Abam nam jege se á cheigi amo taane, se á daare á sɛ nia yalo a na pɛ abam to mo. 5A yeini a toŋe a sampwori sem á tei ne titwon-twono se ba tɔɔle a kwora kam ba bere abam. Ko ya maŋe se á sɛ ba ni-kaana yam, á nam ba sɛa. 6Abam daa ta ná wo sɛ a taane dem, amo de nam wó chɔge Wɛ diga kanto mo, ne a déem na ke tei Siloo baŋa ne to. A laam maa wó pa se Jerusalem ji teo kolo logo baŋa dwi maama na wó ma ko yere ba sɔɔle lwarem ba pa daane to.’ ”
7Kaanem tiina bam, de sampwori sem, de nɔɔna bam maama déem ma zege Baŋa Wɛ wara-jei sem ne ye ba ni Jeremia na tage tei maama to. 8O maa na tɔɔle Baŋa Wɛ kwora kam maama o ti to, mo kaanem tiina bam, de sampwori sem, dedaane nɔɔna bam maama ke lela ba zaŋe o baŋa ne ba zi‑o ye ba we, “N maŋe se n te mo! 9Wɔ mo pɛ‑m chwoŋa se n pworisi de Baŋa Wɛ yere we, Wɛ diga kanto de lage ka chɔge mo, ne ko déem na ke tei Siloo baŋa ne to? Bɛ mo ye n ta ta we teo konto wó ji di-dwonnu se nɔɔn-nɔɔno daa yé taa zoore ko wone?” Ba déem ma ta konto Wɛ wara-jei sem ne ye ba peene Jeremia ba ke‑o ba tetare ne.
10Judah teo nakwa bam na nigi kolo na ke to, mo ba de ke lela ba zege pɛ sɔŋɔ kom ne ba vo Wɛ wara-jei sem ne. Ba ma vo Wɛ diga konkɔlɔ kom ni delo yere na ye ‘Ni-doore dem’ to ba jeini da se ba nii taane dem baŋa ne. 11Kaanem tiina bam, de sampwori sem laam ma ta de teo nakwa bam, de nɔn-bia bam maama ba we, “Nɔɔno wonto maŋe se o te mo. Kokuri to, o ŋɔɔne taane delo na yaale dé teo kom to mo. O na tage tei maama to to abam tete zwa wone.”
12Jeremia ma ta de nakwa bam de nɔɔna bam maama o we, “Baŋa Wɛ mo pɛ-ne ni se a pworisi taane a chɔge Wɛ diga kanto de teo konto maama, ne á na nigi tei maama to. 13Nam leiri-na á kikia yam se á ta‑á tɔge chwo-laaro. Pipiri-na á sɛ á Tu Baŋa Wɛ ni dem. Konto mo wó pa se o leiri o boboŋa de lɛɛro telo o ya na jeeli se o pa te yi abam to. 14Ko nam ná ye amo, a wo á je ne mo, se á ke kolo maama á na boŋe we ko tɔge chwoŋa to. 15Nam lɔre-na we, abam ná go-ne, á go wolo na wo ke kolokolo o chɔge to mo. Á wɛleere dem konto wó taa wo á yuu ne, dedaane teo konto de ko nɔn-bia bam maama yuu ne. Kokuri to, Baŋa Wɛ mo seene o toŋe-ne se a ta kolo maama á na nigi to.”
16Teo kom nakwa bam, de nɔɔna bam maama na nigi konto to, ba ma ta de kaanem tiina bam, de sampwori sem ba we, “Nɔɔno wonto wo ke kolo na maŋe se o te to. Ko ye o tɔge Baŋa Wɛ yere ŋwaane mo o ŋɔɔne de debam.”
17Ba taane dem kwaga ne mo nakwa badwonna zege ba ta de nɔɔna balo maama na jeeri da to ba we, 18“Hezekia déem na ye Judah teo pɛ to mo Moresɛf teo tu Mika pworisi o bere Judah tiina bam maama ye o we:
‘Paŋwa Tu Baŋa Wɛ na tage tei to mo tento:
Wɛ tete teo Jerusalem wó to ko saare
ko ji di-dwonnu yerane.
Nɔɔna wó ba ba va Zion tega kam konto ba tiŋi.
Teeni maa wó li zwoŋo kolo Wɛ diga kam ya na zege da to.’
19Pɛ Hezekia de Judah tiina bam déem nam go Mika mo na? Aawo. Pɛ wom kɔre Baŋa Wɛ ye o lwoori‑o se o duri ba ŋwaŋa. Baŋa Wɛ de ma leiri o boboŋa de lɛɛro telo o ya na jeeli se o pa te yi-ba to. Debam nam ná go nɔɔno wonto, lɛɛro lage te ba dé baŋa ne lela mo!”
20Nɔɔno wodwoŋi de déem wora. O ye Semaya bu Yuria mo. O maa nwoŋi Kiriaf-Jeerim. O de déem tɔge Baŋa Wɛ yere ŋwaane mo o pworisi o ta Jerusalem de Judah tiina bam taane, ne Jeremia na tage tei to. 21Pɛ Jehoyakim, de o babɛ sem, de o nakwa bam ma ni ko ŋwa. Pɛ wom ma beeri o gom. Yuria ma maane ko ni ne, pa o duri o vo Ejipti o seigi da, o na kɔre foone to ŋwaane. 22Jehoyakim ta ma toŋe Akebora bu Elinatan de nɔɔna badwonna se ba vo Ejipti ba ja‑o ba ba. 23Ba ma vo ba ja Yuria ba jwoori ba vo ba ke Pɛ Jehoyakim jeŋa ne. Pɛ wom ma pa ba go‑o, ye ba dole o yera yam ba yage ba teo yibeela yam jei ne.
24Ko nam ná ye Jeremia, Safan bu Ahikam déem ŋɔɔne o pa‑o. Mo kokuri ba wo jaane‑o ba ke nɔɔna bam jeŋa ne se ba go.",https://www.bible.com/bible/3661/JER.26.KBG
JEREMIA 27,"Judah tiina wó sɛ ba pa Nebukadeneza
1Josia bu Zedekia déem na bobo o di Judah paare to, mo Baŋa Wɛ pɛ Jeremia kwora se o ta. 2Baŋa Wɛ na tage kolo de amo to mo tento:
“Kwei tankɔlɔ n seere-ko, se n ma sesere sem konto n vɔ daa yera ne n ke nabɛ yɔgese se n daare n kwei-ka n de n ba ne. 3Nmo laam wó toŋe kwora se ka yi Edom teo pɛ, de Moaba teo pɛ, de Amon teo pɛ, de Tura teo pɛ, ko woli de Sidon teo pɛ. Ko nam ye ba dedɛɛra balo na tu Jerusalem se ba ware Pɛ Zedekia to mo wó ja n kwora kam ba vo ba pa pwa bam konto. 4Paŋwa Tu Baŋa Wɛ wom na ye Isarele tiina Wɛ to nam tage de amo se a pa-ba kwora kanto, se ba de ta ba bere ba pwa bam we:
5‘Amo tɔge a dam baŋa ne a toŋe wo-kamunnu a ma a naane tega baŋa, de ka nɔn-bia, de vara balo na kare ba vei da to. A nam yeini a kwei tento maama a pae wolo a yi na su to mo. 6Amo yɔɔre a kwei teene dento maama mo a ke Babilon teo pɛ Nebukadeneza jeŋa ne. Wonto ye amo tontoŋeno mo. Amo ma bere a pa kago-vara ni se ba sɛ ba pa‑o. 7Teene maama nɔɔna wó taa toŋe ba pa‑o mo. Ba ta wó toŋe ba pa o bu, de o naa. Ko wó taa ye konto mo se ko yi maŋa kalo ba de teo kom na yi se a pa nɔɔna taa tei-ba to. Wonto de o teo tiina laam maa wó toŋe ba pa pa-kamuna de ba nɔɔna.
8Teo kolo nɔɔna nam ná ve se ba ke ba tete Babilon teo pɛ Nebukadeneza jeŋa ne se o taa tei-ba, amo wó pa se banto te jara wone mo, se jaweero de kana de ja-ba te go. Amo wó tɔge Pɛ Nebukadeneza baŋa ne mo a chɔge-ba konto se ba ba ba ti fase. Amo Baŋa Wɛ na tage tei to mo konto. 9Mo kokuri, á ba jege se á cheigi á sampwori, de á yi-nara, de á dendwea tɛɛna, de á chichiri vora, de á liri-mwa tiina taane. Banto yeini ba ta de abam ba we, á bá taa wo Babilon teo pɛ dam kuri ne. 10Ko ye vwa mo ba jege ba pworisa. Ba na gane abam tei to wó pa se á vo sa-teo yiga yiga á daare á tega kam. Amo wó zeili abam a dole a yage da, se á maŋe dáane á te. 11Teo kolo nɔɔna nam ná sɛ se ba ke ba tete Babilon teo pɛ wom jeŋa ne se o taa tei-ba, amo de wó pa nɔɔna bam konto chwoŋa se ba maŋe ba tete tega wone, se ba taa zoore ka wone ye ba vara.’ ”
12Amo déem ma daare a ja kwora kam konto a vo Judah pɛ Zedekia tei, ye a lwoni-ka a bere‑o. A ma ta ded‑o a we, “Ke n tete Babilon teo pɛ wom jeŋa ne se o taa tei á teo kom. Á ná sɛ á pa wonto de o nɔɔna, á wó jwoŋi á tete á yage. 13Baŋa Wɛ tage o we teo kolo nɔɔna ná wo sɛ Babilon teo pɛ wom, banto wó te jara wone mo, se jaweero de kana de ja-ba te go. Bɛ mo wó ke se nmo de n nɔɔna bam ta‑á lage toone? 14Nam yé cheigi-na sampwori selo na tɛ de abam ba we, á bá taa wo Babilon teo pɛ dam kuri ne to. Banto jege vwa mo ba pworisi de abam.
15 Baŋa Wɛ na tage tei to mo tento:
‘Amo wo toŋe sampwori sem konto. Ba jege vwa mo ba pworisi amo yere ŋwaane. Konto ŋwaane mo amo lage a zeili abam se á viiri. Abam de á sampwori sem konto maama wó te mo.’ ”
16Amo laam ma ta de kaanem tiina bam, de nɔɔna bam maama a we:
“Baŋa Wɛ na tage tei to mo tento: ‘Yé cheigi-na sampwori selo na tɛ de abam ba we, Babilon tiina bam wó jwoori ba ja Wɛ diga zela yalo ba ya na jaane ba viiri to ba ba ba pa debam. Ko ye vwa mo ba jege ba pworisa. 17Nam yé cheigi-na ba taane. Sɛ-na á pa Babilon teo pɛ wom, se á jwoŋi á tete á yage. Á lage á pa se teo konto ji di-dwonnu se bɛ mo?’
18Ba nam ná seene ba ye sampwori selo na jege Baŋa Wɛ kwora se ba ta to, se ba lwoori Paŋwa Tu Baŋa Wɛ se o yé pa chwoŋa se ba vere Wɛ diga kam zela yalo ta na daare Jerusalem ne to, de pɛ sɔŋɔ kom wo jejegero tem ba ja vo Babilon. 19Paŋwa Tu Baŋa Wɛ nam tage tento mo se ko vo Wɛ diga kam zela yalo ta na wora to seeni. Yanto maa ye channa ywoa yalei yam, de channa na-zon-zaŋa kalo ba na bwoi we ‘Naneo kom’ to, de ware-zwe zegem torokooro tem, de zela dwi dwi yalo ta na daare to. 20Babilon teo pɛ Nebukadeneza déem na tu o kale Judah teo pɛ Jehoyakim bu Jehoyachin, de Jerusalem de Judah laŋa kam naduna maama o ja o vo Babilon to, o yage Wɛ diga zela yam konto ya jei ne mo. 21Chega to, Paŋwa Tu Baŋa Wɛ wom na ye Isarele tiina Wɛ to tage Wɛ diga kam zela yalo ta na daare Jerusalem ne to, de pɛ sɔŋɔ kom wo jejegero tem taane o we:
22‘Nɔɔna wó vere jejegero tem konto maama ba vo Babilon mo. Te wó maŋe dáane, se ko yi maŋa kalo amo boboŋa daa na wó vo te seeni to. Amo laam maa wó jwoori a ja-te a ba a zege jei sento ne.’
Baŋa Wɛ na tage tei to mo konto.”",https://www.bible.com/bible/3661/JER.27.KBG
JEREMIA 28,"Hanania na dwoni de Jeremia tei to
1Bene dem konto chane senu chana kam wone mo Azura bu Hanania déem zege Wɛ diga kam wone o ŋɔɔne de amo. Pɛ Zedekia paare dim bena yana bene dem ne mo konto. Hanania maa ye sampwora ye o nwoŋi Gibeon teo ne. O ma zege kaanem tiina bam, de nɔɔna bam maama yiga ne o ta de amo o we:
2“Paŋwa Tu Baŋa Wɛ wom na ye Isarele tiina Wɛ to na tage tei to mo tento: ‘Amo lage a chɔge Babilon teo pɛ wom dam delo o na jege o di abam baŋa ne nenɛɛne á jege nabɛ yɔgese mo á ba ne tei to. 3Bena yalei laŋa ne amo wó jwoori a ja Wɛ diga kam zela yalo Babilon teo pɛ Nebukadeneza na vere o ja o vo Babilon to a ba a yage ywo. 4A nam ta wó ja Jehoyakim bu Jehoyachin na ye Judah teo pɛ to a jwoori ywo. Wonto de balo maama ba na kale ba ja vo Babilon ne to mo a lage a ja a jwoori ywo. Kokuri to, a lage a chɔge dam delo Babilon teo pɛ na jege o di abam baŋa ne to mo.’ Baŋa Wɛ na tage kolo to mo konto.”
5Wɛ sampwora Jeremia de ma zege Baŋa Wɛ diga kam wone o leiri Hanania, ye kaanem tiina bam de nɔɔna bam maama de zege da ba cheiga. 6O ma ta o we, “Ameena. Baŋa Wɛ wó pa ko seene ko ke! A teene we n na pworisi tei to wó ji chega, se Baŋa Wɛ pa se jejegero telo Babilon tiina bam na vere Wɛ diga kam ne ba ja ba viiri to, de nɔɔna balo ba na kale ba ja ba viiri to jwoori ywo. 7Nam cheigi taane delo a na jege se a pa nmo de nɔɔna banto maama to. 8Ko ná ye Wɛ sampwori selo na lwoori yiga se ba faŋa faŋa ye nmo de amo ta wo tu to, banto yeini ba pworisi ba bere we jara-keim, de kana, de lɛɛro dwi dwi wó ba teene dedɛ baŋa ne, de ná maŋe de ye te-kamunnu mo de. 9Ko daare, sampwora kalo ná pworisi yazura taane, kotu na pworisi tei to ná seene ko ke, ko bere we wonto mo ye wolo Baŋa Wɛ na seene o toŋe to.”
10Hanania laam ma vaŋe nabɛ yɔgese delo na wo Jeremia ba ne to o le, ye o daare o bwori-de. 11O ta ma zege nɔɔna bam maama yiga ne, ye o ta o we, “Baŋa Wɛ na tage tei to mo tento: ‘Tento dwoŋi mo a lage a chɔge dam delo pɛ Nebukadeneza na jege o di dwi tiina maama baŋa ne to. Bena yalei laŋa ne mo amo wó ke konto.’ ”
O na tage konto o ti to, Jeremia ma kɛ o daare-ba.
12Hanania déem na le nabɛ yɔgese Jeremia ba ne ye o daare o bwori-de ye ko ke fee to, mo Baŋa Wɛ daa kwei kwora kadwoŋi o pa Jeremia. O ma ta ded‑o o we, 13“Zaŋe n vo n ta de Hanania we, Baŋa Wɛ na tage tei to mo tento: ‘Nmo seene n wane yɔgese delo amo na mɛ daa a ke to n bwori n yage. Nmo nam lage n leiri yɔgese dem konto pa se de ji luuru nyem mo. 14Paŋwa Tu Baŋa Wɛ wom na ye Isarele tiina Wɛ to na tage tei to mo tento: Amo lage a kwei luuru yɔgese mo a de teene dem konto maama ba ne, se ko fe-ba se ba sɛ ba pa Babilon teo pɛ Nebukadeneza. Ba wó taa toŋe ba pa‑o. A ta maa wó pa kago-vara de ni se ba sɛ ba pa‑o.’ ”
15Jeremia ta ma ta de Hanania o we, “Cheigi-ne! Baŋa Wɛ bere o wo toŋe nmo. De ko de, n ta pɛ se nɔɔna banto sɛ n vwa yam. 16Konto ŋwaane, Baŋa Wɛ na tage kolo to mo tento: A lage a le nmo se n jei tega baŋa ne. Bene dento ne mo n lage n te, n na bere nɔɔna bam se ba lɔ amo Baŋa Wɛ kwaga ne to ŋwaane.”
17Bene dem konto chane serepɛ chana kam ne nɔɔ mo Hanania seene o te.",https://www.bible.com/bible/3661/JER.28.KBG
JEREMIA 29,"Jeremia popone tɔnɔ o pa balo ba na kale ba ja vo Babilon to
1Jeremia déem zege Jerusalem ne mo o popone tɔnɔ o toŋe o pa Isarele nakwa balo ba na jaane ba vo Babilon ye ba ta wora to, de kaanem tiina bam, de sampwori sem, de balo maama Pɛ Nebukadeneza na jaane Jerusalem ne o kale o vo Babilon to. 2Ko nam ye ba déem na maŋe ba kale Pɛ Jehoyachin, de o nu, de pɛ sɔŋɔ dedɛɛra bam, de yiga tiina balo na nii Jerusalem de Judah kateira yam baŋa ne to, de ba teo kom gwaro, de ba lura ba ja ba viiri to kwaga ne mo. 3Jeremia déem kwei tɔnɔ kom o ke Safan bu Elasa, de Hilikia bu Gemaria jeŋa ne mo. Judah teo pɛ Zedekia déem toŋe banto mo se ba vo Babilon ba zege ba pa‑o Pɛ Nebukadeneza tei ne. Tɔnɔ kom popone we:
4Paŋwa Tu Baŋa Wɛ wom na ye Isarele tiina Wɛ to na jege kolo se o ta de balo o na pɛ se Nebukadeneza kale o nwoŋi Jerusalem ne o vo Babilon to mo tento:
5“Lɔ-na sam dáane se á lɛɛre á jeini ba teo kom wone. Jeiri-na gaara, se á ta‑á di ya tio-bia bam. 6Swo-na kaana, se á lo bia de-ba. Di-na kaana á pa á bakeiri sem, se á daare á kwei á bukwa á yei á pa banna. Konto wó pa se ba na naaro ba pa abam. Puli-na de kɔgɔ. Yé mɔ-na á kɔgɔ kom ni. 7Ta‑á toŋe-na se teo kolo a na kale abam a vo a yage da to taa jege yazura, se wonnu taa ke lanyerane te pa-ba. Nam ta lwoori-na Baŋa Wɛ á pa-ba, kokuri to ko ná ke lanyerane ko pae banto, abam de wó na á yiga-veiŋa.”
8Chega ŋwaane to, Paŋwa Tu Baŋa Wɛ wom na ye Isarele tiina Wɛ to tage tento mo:
“Yé pa-na se sampwori selo, de yi-nara balo na wo abam tetare ne to gane abam. Á nam yé ke á boboŋa ba dendwea yam wone. 9Se ko ye vwa mo ba jege ba pworisa ba pae abam amo yere ŋwaane. Amo bere a wo toŋe-ba.” Baŋa Wɛ na tage kolo to mo konto.
10 Baŋa Wɛ nam ta tage tento mo o we:
“Abam nam ná ke á bena fuserepɛ yam Babilon ne á ti, á laam wó jwoori á tete teo kom. Amo yiga daa wó taa wo abam wone se a ke wo-laaro telo a na gwoni ni se a ke a pa abam to. 11Kokuri to, amo boboŋa maŋe ya ja de a na wó ke abam tei to mo. Amo jeeli se a pa á na yiga-veiŋa mo, se ko dae lɛɛro. A jeeli se á ta‑á jege teena de jwa mo. 12Abam laam maa wó ba amo yiga ne se á ware-ne. Amo de maa wó cheigi á wɛ-lworo kom. 13Abam maa wó beeri-ne, ye á na-ne. Chega to, á ná beeri-ne de á bochara maama, 14a maa wó pa abam chwoŋa se á lɔre-ne.” Baŋa Wɛ na tage kolo to mo konto.
“Amo de wó pa se á jwoori á ta‑á jege yu-ywoŋo. Amo wó la abam a ja a nwoŋi jei selo maama ne a ya na zeili abam a yage se wone to, se á jwoori á ba á jeini á tete teo kom wone.” Baŋa Wɛ na tage kolo to mo konto.
15Abam nam wae á tɛ nenɛɛne, “Baŋa Wɛ maŋe o kuri sampwori o pa debam Babilon teo ne.” 16Ko nam ná ye á pɛ wolo zem na jei Pɛ David paare yituŋu kom baŋa ne o di paare Jerusalem ne to, de á chorro telo maama na wo tɔge de abam ba vo sa-teo yiga yiga ye ba ta daare teo kom ne to, Baŋa Wɛ na tage banto taane tei to mo tento:
17“Amo Paŋwa Tu Baŋa Wɛ lage a pa se jara mo to ba wone, se kana, de jaweero de ja-ba, pa se ba ji ne mɔɔro telo na pɔga ye te ware te di to. 18Chega ŋwaane to, amo lage a tɔge jara-keim, de kana, de jaweero baŋa a zeili-ba mo, pa se ba ji wo-zɔɔna logo baŋa teene maama yia ne. A nam ná pɛ se ba jage ba yi mɛ maama, nɔɔna wó dole ba yuni ba ŋwaane ye ba ma ba yere ba sɔɔle lwarem ba pa daane. Nɔɔna wó taa jege-ba ba yaala, ye ba mɔne-ba. 19Kokuri to, ba wo cheigi amo kwora kalo a tontoŋena bam na pworisi de-ba titwon-twono to.” Baŋa Wɛ na tage kolo to mo konto.
“Abam balo na wo sa-teo wone to de wo cheigi a taane dem. 20Abam balo maama a na zeili Jerusalem ne a kale a ja a vo Babilon teo to, nam cheigi-na amo Baŋa Wɛ taane dem.”
21Paŋwa Tu Baŋa Wɛ wom na ye Isarele tiina Wɛ to nam na tage tei se ko vo Kolaya bu Ahab, de Maaseya bu Zedekia seeni to mo tento:
“Banto jege vwa mo ba pworisa amo yere ŋwaane. A nam wó kwei-ba a ke Babilon teo pɛ Nebukadeneza jeŋa ne, se o go-ba ye á zege á nia. 22Judah tiina balo maama ba na jaane ba vo Babilon to wolo ná boŋe se o sɔɔle lwarem o pa o dwoŋi, kotu wó tɔge banto ŋwaane o ta we: ‘Baŋa Wɛ wó ke‑m ne Babilon teo pɛ na ke tei de Zedekia, de Ahab, ye o zwɛ-ba mini wone to.’ 23Kokuri to, banto tiini ba toŋe wo-zɔɔna mo a nɔɔna bam tetare ne. Ba ke kabwoŋa de ba dwonna kaana. Ba ma ŋɔɔne vwa amo yere ŋwaane, ye amo wo pɛ-ba a kwora. Amo nam maane ko maama ni ne.” Baŋa Wɛ na tage tei to mo konto.
Semaya na popone tɔnɔ kolo to
24 Baŋa Wɛ déem ma ta de Jeremia o we, “Nam ta de Nehelam tu Semaya we: 25Paŋwa Tu Baŋa Wɛ wom na ye Isarele tiina Wɛ to na tage tei to mo tento: Nmo tɔge n tete yere ŋwaane mo n popone tɔnɔ n toŋe n pa Jerusalem tiina bam maama. N ma‑n pa ko yi Maaseya bu Zefania na ye kaanem tu to, de kaanem tiina badaara bam maama. N ma‑n ta de Zefania we:
26‘Baŋa Wɛ mo tiŋi‑m se n leiri Jehoyada yuu ne n ta‑n ye kaanem tu o wara-jei sem ne, ye n nii Wɛ diga kam baŋa ne. Nmo ná nɛ we chichwoo mo wora o na bere o tete we o ye Wɛ sampwora to, n jege se n ja kotu n vɔ o nɛ mo, se n daare n lei luu o ba ne. 27Bɛ nam mo ye n wo ke Anatofe tu Jeremia kolokolo? Wonto yeini o pworisi mo o pa abam. 28Ko maŋe se n che‑o mo, kokuri to o popone tɔnɔ o toŋe o pa debam balo na wo Babilon ne to ye o we, dé wó dáane ywo bena dedɛ. O we, dé lɔ sam se dé lɛɛre dé jeini ywo, ye dé daare dé jeiri gaara se dé taa di ya tio-bia.’ ”
29Zefania na jwoŋi tɔnɔ kom to, mo o gage-ko o bere Jeremia. 30Baŋa Wɛ de laam ma kwei kwora kanto o pa Jeremia ye o we, 31“Pa kwora kanto yi balo maama ba na kale ba ja vo Babilon to: Baŋa Wɛ na tage tei se ko vo Nehelam tu Semaya seeni to mo tento: ‘Semaya yeini o pworisi mo o bere abam, ye amo wo toŋe‑o. O ma gane abam ye á sɛ o vwa yam. 32Konto ŋwaane amo Baŋa Wɛ lage a waare Nehelam tu Semaya de o dwi dem mo. O dwi dem wolowolo bá na wo-laaro telo a na boŋe se a ke a pa a nɔɔna bam to, o na bere nɔɔna bam se ba lɔ amo kwaga ne to ŋwaane.’ Baŋa Wɛ na tage kolo to mo konto.”",https://www.bible.com/bible/3661/JER.29.KBG
JEREMIA 30,"Baŋa Wɛ wó woli o nɔɔna se ba jwoori ba tete teo
30:1–33:26
Baŋa Wɛ na gwoni ni de o nɔɔna tei to
1 Baŋa Wɛ na pɛ Jeremia ni delo to mo tento:
2Isarele tiina Baŋa Wɛ wom na tage tei to mo tento: “Popone wonnu telo maama a na tage a bere‑m to n ke tɔnɔ wone se te taa tiga. 3Kokuri to, maŋa kam beene se a pa a nɔɔna bam jwoori ba taa jege yu-ywoŋo. Isarele tiina bam de Judah tiina bam mo konto. Amo wó pa se ba jwoori ba jeini tega kalo ne a déem na pɛ ba nabaara bam to. Ba laam maa wó taa tei-ka.”
Baŋa Wɛ na tage kolo to mo konto.
4Kwora kanto mo Baŋa Wɛ nam pɛ se ka vo Isarele tiina de Judah tiina bam seeni:
5O na tage kolo to mo tento:
“A nigi nɔɔna bam na keeri tei to.
Ko nam ye foone keira mo,
vuvuga na to ba wone to ŋwaane.
Yazura maa tera jei jei.
6Fɔge-na á jeeli taane dento á nii:
Baara de jaane pwi ye ba lore bia na?
Bɛ nam mo ke ye a nae baara na ye bele-bele,
ne kaane puga na virigi se o lo to?
Ba je sem ma teili ba pwi,
ye ba yibia nyɔne kiri-kiri.
7Lɛɛro wó tiini te ba maŋa kam konto ne,
se ko dwoni maŋa maama.
Kokuri to, a nɔɔna Jakob dwi tiina bam wó zo cham dedɛ wone.
Ba nam wó na verem de wone de.”
8Paŋwa Tu Baŋa Wɛ ma ta o we, “Amo wó ja nabɛ yɔgese delo na wo a nɔɔna bam ba ne to a bwori a yage, ye a daare a kɔ ba chegero tem, se veira daa yé taa jege dam ba di ba baŋa ne. 9Ba laam wó ke ba tete amo wolo na ye ba Tu Baŋa Wɛ wom to dam kuri ne mo. Ba ta wó zuli pɛ wolo a na wó kuri a pa-ba ye o ye David dwi tu to mo.”
10 Baŋa Wɛ na tage tei to mo tento:
“Amo tontoŋena, Jakob dwi tiina bam,
yé ta‑á kɔre-na foone.
Isarele tiina bam, nam yé ta‑á lwia.
Ko ná ye balo na peene abam yiga yiga teo wone to,
a lage a jwoŋi abam de á dwi dem mo banto jeŋa ne a yage.
Jakob dwi tiina bam wó jwoori ba tete teo de yazura,
ye nɔɔn-nɔɔno daa bá ke se foone zo-ba.
11Kokuri to, amo Baŋa Wɛ wo abam tei ne
se a jwoŋi abam a yage.
Amo wó yɔɔre a chɔge teene delo maama
a ya na jage abam a yage de wone to.
Se ko ná ye abam, a bá chɔge abam fase.
A nam yeini a wae a korese abam.
Amo ná waare abam maŋa de maŋa,
ko nam wó taa tɔge chega chwoŋa mo.”
Baŋa Wɛ na tage kolo to mo konto.
12 Baŋa Wɛ na tage tei to mo tento:
“Abam na nɛ zonne delo to,
á bá na de yɔɔrem jei.
Á fufwollu tem bá wane te jei.
13Nɔɔno tera se kotu nii á taane dem baŋa ne.
Wolim nam tera á zonne dem ŋwaane,
ye yɔɔrem de tera de pae abam.
14Á fara bam maama swei á swea,
ye ba yiga daa tere á wone.
A tiini a de jaguli-zane mo á yera ne,
ne amo ye á dono mo tei.
A na tiini a waare abam tei to,
a wo duri á ŋwaŋa de fenfee de.
Ko nam ye á na tiini á tusi tei,
de á wɛleera yam na kɛ jeŋa to ŋwaane mo.
15Bɛŋwaane mo ye á keera
á zonne dem na ba jege yɔɔrem jei to ŋwaane?
A na pɛ ko tiini ko zo á yera tei to,
ko ye á na tiini á tusi tei,
de á wɛleera yam na kɛ jeŋa to ŋwaane mo.
16Ko nam na wó taa ye tei to,
amo wó chɔge balo zem na jege abam ba chɔge to.
Amo wó ja á dona maama
a vo a yage teene dedwonna wone.
Ko ná ye balo na vere á jejegero ba ja viiri to,
a lage pa nɔɔna vere banto de jejegero mo.
A ta wó pa se balo zem na bɛɛse abam to
jwoori ba na bɛɛsem.
17A laam maa wó jwoori a pa abam á yazura,
ye a daare a yɔɔre á fufwollu tem.
Kokuri to, ba ya jege abam Zion tiina bam
ba bwoi we, nɔn-yɔɔro telo Wɛ na zeili to,
ye ba we, nɔɔn-nɔɔno tera kotu yiga na wo á wone.”
Baŋa Wɛ na tage kolo to mo konto.
18 Baŋa Wɛ nam tage tento mo o we:
“Amo wó jwoori a ja Jakob dwi dem
a jwoori ba tete teo,
pa se sɔ-yuu maama taa zoore de yazura.
Ba wó jwoori ba chwi Jerusalem teo kom
ko di-dwonnu baŋa ne mo.
Pɛ sɔ-fɔrɔ kom de wó jwoori ko zege
ko jeiga kam ne.
19Ba wó leeni lei-keim lei jei sem konto ne,
ye ba daare ba ke ywoni dim sɔɔ.
A maa wó pa se ba kɔgɔ puli dedɛ,
se ba daa yé muri.
A ta wó pa se ba jwoŋi zula,
pa se nɔɔna daa yé gwooni-ba.
20Ba nɔn-bia bam wó jwoori ba na dam,
ne ba déem na ye tei faŋa faŋa to.
Ba nɔn-kɔgɔ kom wó fɔge ba zege amo tei ne.
A maa wó waare balo maama na wó bɛɛse-ba to.
21Ba tete dwi tu laam mo wó di paare ba baŋa ne.
Wolo na wó taa tei-ba to
wó nwoŋi ba tete dwi dem wone.
Amo laam maa wó pa kotu chwoŋa
se o fɔɔre o ba o twɛ-ne.
Wɔ mo nam wó sɛ o yi amo tei,
ye amo wo bwoŋi kotu?
22Abam laam wó taa ye amo nɔɔna mo,
se amo de taa ye abam Wɛ wom.”
Baŋa Wɛ na tage kolo to mo konto.
23Nii-na! Baŋa Wɛ bane wó zaŋe lela,
ne vo-dɛɔ na zaŋe tei to mo.
Ko nam wó taa nye de vo-kekara
na chugi nɔn-balwaaro yuu ne tei to mo.
24 Baŋa Wɛ bane nam ná zaŋe de-ba,
ko ná dae we o ke o su o boboŋa yam,
o bochare dem bá zuri.
Maŋa kam nam ná yia,
abam laam wó ni ko kuri lanyerane.",https://www.bible.com/bible/3661/JER.30.KBG
JEREMIA 31,"Isarele tiina wó jwoori ba tete teo
1 Baŋa Wɛ ta ma ta o we, “Maŋa kam konto ná yia, amo wó taa ye Isarele sɔ-yuni maama Wɛ wom, se ba de taa ye amo nɔɔna.”
2 Baŋa Wɛ na tage tei to mo tento:
“Ko ná ye balo na lugi toone jara wone,
ye ba kare ba vei kagoa wone to,
banto nɛ wolim lanyerane.
Isarele tiina bam na beeri siu konto to,
3amo Baŋa Wɛ mo veere a tete de-ba
jei selo na ye yiga yiga to ne.
Isarele tiina bam,
ko na zege faŋa faŋa ne to mo a tiini a swoi abam.
Amo ta maa swoi abam de zem maama.
4Isarele tiina, á ye a nɔn-swonnu tem mo.
Amo wó pa se á jwoori á fɔge á zege de dam.
Á wó yɔɔre á fɔge á zege lanyerane.
Á daa ta wó kwei á senyɛ sem
á nwoŋi pwooni á tɔge de sara bam
á ta‑á sae de wopwolo.
5Abam daa ta wó jeiri á Vini teeni
Samaria zwonnu tem yuu ne.
Balo maama na jeiri ba Vini teeni dem to,
banto tete wó di de bia bam.
6Maŋa beene se balo na yeini ba nii Efrayim zwonnu laŋa kam to zaŋe
ye ba tɔɔle ba ta we,
‘Ba-na se dé vo Jerusalem,
se dé zuli dé Tu Baŋa Wɛ Zion ne.’ ”
7 Baŋa Wɛ nam na tage tei to mo tento:
“Leeni-na lei de wopwolo Jakob dwi dem ŋwaane,
de ba na wo dwi maama tiina yiga ne to ŋwaane.
Pa-na se á tia taa zaŋa,
se á ta we,
‘Baŋa Wɛ, nam zaŋe n jwoŋi n nɔɔna bam n yage!
Jwoŋi balo ta na daare Isarele tiina bam wone to n yage.’
8Nii mo! A lage a ja-ba a nwoŋi baŋa seeni teo kom ne a ba ywo,
se a daare a la ba maama a nwoŋi logo baŋa jei selo na wo yiga yiga ne to.
Lilwoa, de gwane wó taa wo ba kɔgɔ kom wone.
Kapwi de balo na virigi puga se ba lo to de wó taa wora.
Chega to, kɔ-fɔrɔ mo lage ko jwoori.
9Ba ná maa jwoora, ba wó taa keeri mo de wo-chechɔgɔ.
Amo na to ba yiga ne ye dé jwoori to,
Wɛ-lworo wó taa wo ba nia ne mo.
Amo wó kale-ba se ba tɔge na-zura na duri ba tole mɛ to.
Ba wó taa vei chwoŋa kalo na mae daane to ne mo
se ba daa yé to.
Kokuri to, amo mo ye Isarele dwi tiina bam kwo.
Efrayim maa ye amo bu-kwea.”
10Logo baŋa teene dem maama,
cheigi-na Baŋa Wɛ taane.
Tɔɔle-na o kwora kam
se ka yi balo na zoore naneo ni ne to we:
“Baŋa Wɛ ya mo jage Isarele dwi tiina bam o yage.
O nam wó jwoori o la-ba o ke daane.
O maa wó taa yere-ba
ne nayero na nii o pei-kɔgɔ baŋa ne tei to.”
11Kokuri to, Baŋa Wɛ mo lage o jwoŋi Jakob dwi tiina o yage.
O wó vere-ba o ja o nwoŋi
balo na dana ba dwoi-ba to jeŋa ne.
12Ba laam maa wó jwoori ba ba
ba zege Zion peo kom yuu ne,
ye ba leeni de kwor-dɛa.
Ba wó taa di ywoni mo
Baŋa Wɛ na pɛ-ba wo-laaro telo to ŋwaane.
Tento maa ye mena, de sa-doora, de nuga,
de vare-mɔra.
Ba ta wó taa nye de gaare delo na na yage da ye de zura to mo.
Ba vɔna daa bá pare maŋa de maŋa.
13 Baŋa Wɛ na tage kolo to mo tento:
“Bukɔ-pwoli sem wó taa sae de wopwolo.
Baara bam de nam bá maŋe kwaga ne,
nɔn-donno, de nɔn-kwe de.
Amo wó pa se ba keira kam pipiri ka ji mwanno.
A ta wó fɔge-ba de wopwolo,
se ko leiri ba wo-chechɔgɔ kom yuu ne mo.
14Amo wó pa se kaanem tiina bam ŋwea su de ywoni,
se a daare a pa a nɔɔna bam wo-laaro telo maama ba na lage to.”
15 Baŋa Wɛ na tage tei to mo tento:
“Sɔɔ mo zaŋe Rama teo wone.
Nɔɔna mo wora ba keera,
ye ba chwoosa dedɛ.
Racheli mo tiini o keeri o bia bam ŋwaane.
O maa ba sɛ se nɔɔn-nɔɔno ja‑o,
ba daa na tera to ŋwaane.”
16 Baŋa Wɛ ta ma ta o we:
“Daa‑n yé ta‑n keera.
Nam weeri n yi-na bam,
se nmo wó na n totoŋa yam nyɔɔre.
Amo wó jwoŋi n bia bam n dona bam jeŋa ne
a pa ba jwoori ba tete teo ne.
17Teena wora ko pae á kwaga kam.
Abam bia bam wó jwoori ba tete teo kom ne
se ba taa zoore da.”
Baŋa Wɛ na tage tei to mo konto.
18“Amo nigi Efrayim tiina wo na chɔge ye ba we,
‘Nmo Baŋa Wɛ waare debam
ye dé sɛ nmo koresem dem.
Dé déem nye de na-bala kalo ta na wo toŋe to mo.
Nam pa debam chwoŋa
se dé jwoori dé ba n tei.
Dé maa wó seene dé ba,
bɛŋwaane nmo mo ye debam Tu Baŋa Wɛ.
19Dé ya ywori chwoŋa mo.
Dé nam chuli dé wɛleera yam.
Dé boboŋa laam na jwoori to,
mo dé mage dé takeira wo-chechɔgɔ ŋwaane.
Chaveera ma di debam, ye dé yuu yaale,
wo-zɔɔna yalo dé na ke dé nɔn-donne maŋa ne to ŋwaane.’
20Efrayim ye amo bu-swono
kolo na jei amo bochare ne to mo.
A yeini a ŋɔɔne ta-balwaaro a pa‑o.
De ko de, a nam ta yɔɔre a swoi‑o mo.
Amo boboŋa vei o seeni maŋa maama mo,
ye a tiini a jege o ŋwaŋa,”
Baŋa Wɛ na tage tei to mo konto.
21“Tiŋi-na memaŋa chwei sem nia ne,
se ko pa á yé tusi chwoŋa kam ne.
Fɔge á lɔre chwo-fara kalo á déem na tɔge da
ye á kɛ to.
A nɔn-swonnu Isarele tiina bam,
nam jwoori-na se á zo á teene dem wone.
22Á nwoŋi amo kwaga ne,
ne bukɔ wolo na ve o kwo to.
Á wó ta‑á jege boboŋa yalei taa se á vo á maŋe yei ne mo
se á laam kwei chwoŋa á jwoori amo tei?
Baŋa Wɛ nam lage o ke wo-doŋo logo baŋa ne,
nenɛɛne kaana na cho baara cham wone tei to mo.”
Baŋa Wɛ nɔɔna wó na yazura
23Paŋwa Tu Baŋa Wɛ wom na ye Isarele tiina Wɛ to na tage tei to mo tento:
“Amo ná jaane a nɔɔna bam se ba jwoori ba taa jege yu-ywoŋo, Judah tiina bam daa wó ta ba teene dem maama ne we, ‘Baŋa Wɛ swolim taa wo Jerusalem baŋa ne! Wɛ wó ke zaane o di-laao kom de o tete peo kolo na ye wose to baŋa ne!’
24Nɔɔna bam wó taa zoore daane Judah laŋa kam de ka teene dem maama ne, ko ta woli de vala, de nayera. 25Ko ná ye balo na bugi to, amo wó pa se ba yera zuri. Ko ta ná ye balo na beiri to, a wó pa ba di ba su. 26Mo kokuri ba wó ta we, ‘Amo na zaŋe dɔɔm wone ye a nii a kaare a maama to, a dɔɔm dem ke-ne ywoni.’ ”
27 Baŋa Wɛ na tage tei to mo tento: “Nii-na! Maŋa kaage ka yi se amo pa Isarele dwi tiina de Judah dwi tiina puli. Nabiina de vara wó taa daga ba tega kam ne. 28Amo déem mo pɛ se ba wonnu gɔ te yage, se te maama dole te yage kafɛ ye te chɔge. A ta ma ja cham de lɛɛro a ba a pa-ba. De konto maama de, a nam ta wó jwoori a jeiri-ba te-ywoŋa jei ne, ye a daare a fɔge a lɔ-ba a zege lanyerane. 29Maŋa kam konto ná yia, nɔɔna daa bá taa tɛ ba we:
‘Kwoa mo ke ba wonnu,
pa te zem laam gwori ba bia.’
30Ko nam na wó taa ye tei to, nɔɔno maama wɛleera wó taa wo ba tete yuu ne, pa se ba te ya ŋwaane. Konto to, wolo ná done Vini tio bi-kanywaano tem, kotu tete yeila mo wó taa ŋaara.”
31 Baŋa Wɛ na tage tei to mo tento:
“Chega to, maŋa lage ka yi se amo jwoori a gwoni ni de Isarele dwi tiina bam de Judah dwi tiina bam, se ko taa ye amo ni-doore. 32Dento nam bá taa ye bedwe de ni delo a déem na gwoni de ba nabaara bam maŋa kalo a déem na mɛ a jeŋa a ja-ba a nwoŋi Ejipti ne to. Kokuri to, ba déem chɔge a ni-gwonim dem konto mo, de amo na maŋe a swoi-ba dedɛ, ne baaro na jege o kaane swono tei to.”
Baŋa Wɛ ta ma ta o we:
33“Maŋa kam ná yia, ni delo amo na wó gwoni de Isarele dwi tiina bam to mo tento:
Amo wó kwei a nia yam a tiŋi ba boboŋa ne mo,
ye a daare a popone-ya a yage ba bochara wone.
Amo laam maa wó taa ye ba Wɛ,
se ba de taa ye amo nɔɔna.
34Ko daa bá taa ye fefeo se ba wolowolo bere o dwonna, naa se o ta de o chorro we, ba lɔre-na Baŋa Wɛ. Kolo ŋwaane, nɔɔna maama wó taa yei amo, ko ná maŋe ko ye nabwona de dedɛɛra de. Amo laam maa wó kwei ba keim-lwanno tem a ma chɛ-ba. A daa bá guli ba wɛleera yam gula.”
Baŋa Wɛ na tage tei to mo konto.
35 Baŋa Wɛ ye wolo na yeini o pa wea nye
pa pwooni wora dɛ dem wone to mo.
O ma daare o pa chana kam de chalechwe sem nye,
se se taa pae pwooni tete ne.
O ná yeini o yuŋi naneo kom,
ko pae se na-ŋone sem wuuri mo.
O yere nam mo ye Paŋwa Tu Baŋa Wɛ.
36Wonto ma ta o we:
“Amo wó sɛ se wonnu tento maama taa toŋa dɛ dɛ.
Te ta ná wora, Isarele dwi dem wó taa ye teo kolo na zega,
pa se ko nɔn-bia bam taa ye amo nɔɔna.
37Ne ba na ware wɛyuu kom se ba maŋe ko ni ba ti to,
ye nɔɔna ta yeiri tega kuri ni na mae tei to,
konto nam mo amo de bá ve Isarele dwi tiina bam
ba totoŋ-balwaaro ŋwaane.”
Baŋa Wɛ na tage kolo to mo konto.
38 Baŋa Wɛ ta ma ta o we:
“Maŋa lage ka yi ba na wó fɔge ba lɔ Jerusalem teo kom ba pa-ne. Ba nam wó zege Hananeli di-dedɔrɔ kom ne mo, ba lɔ ba yi Gugworo Ni dem. 39Teo kom siseini dem wó zege dáane mo de yɔɔre de vo de yi Gareba zwoŋo kom, se de laam gugwoli de vo de yi Goa. 40Jei sem maama wó taa ye wose mo amo Baŋa Wɛ ŋwaane, ko ná maŋe ko ye bwolo kom ba na suli twa ye ba lwoi tentwarem da to, de pwoli selo na vei Kidoron nabara kam seeni to, se ko taa vei wɛ-puli seeni ko yi Sisein-nɔɔno Ni dem gugworo kom. Ba daa bá gɔ teo kom konto ba de tega ne, ba nam bá chɔge-ko.”",https://www.bible.com/bible/3661/JER.31.KBG
JEREMIA 32,"Jeremia na yeigi tega tei to
1 Baŋa Wɛ daa na pɛ Jeremia ni delo to mo tento. Ko déem ke ko maŋe de Judah teo pɛ Zedekia na jege bena fuga o paare dim wone to mo. Babilon teo pɛ Nebukadeneza paare dim bena fuga-nana bene dem wone mo konto.
2Maŋa kam konto ne, Babilon teo pɛ jar-keira bam mo tu ba kaare Jerusalem teo kom ba pu, de ba déem jaane Wɛ sampwora Jeremia ba pe Judah pɛ sɔŋɔ konkɔlɔ kom ne. 3Judah teo pɛ Zedekia mo pe‑o da, Jeremia déem na pworisi wonnu telo Jerusalem seeni to ŋwaane. Zedekia déem ya bwɛ Jeremia o we, “Bɛ mo ye n bere we n jwoŋi Baŋa Wɛ kwora we, o lage o kwei teo kom o ke Babilon teo pɛ jeŋa ne mo se o di-ko?” 4Jeremia ta tage Baŋa Wɛ kwora we, “Pɛ Zedekia bá lu Babilon tiina bam jeŋa ne. Ba wó ja‑o ba vo ba pa Babilon teo pɛ mo se ba ŋɔɔne daane. 5Ba laam wó ja Zedekia ba vo Babilon. O nam wó taa wo dáane mo se amo laam ba a waare‑o. Abam ná kwaane á jaŋe de Babilon teo tiina bam, á lage á to mo. Amo Baŋa Wɛ na tage tei to mo konto.”
6Konto maama kwaga ne, Baŋa Wɛ daa ta ma ta de Jeremia o we, 7“Nmo kwo choro Salum bu Hanameli wó ba n tei o ta dede‑m we, ‘Amo boŋe se a kwei a kara kalo na wo Anatofe ne to mo a yeigi a pa‑m. Nmo maŋe se n yeigi-ka, nmo na ye amo yera nɔɔno to ŋwaane.’ ”
8Ko na ke da yalei to, amo choro Hanameli ma seene o ba a tei mɛ ba na pe-ne pɛ sɔŋɔ konkɔlɔ kom ne to, nenɛɛne Baŋa Wɛ na wuuri o ta o bere-ne tei to. O ma ta de amo o we, “Amo boŋe se a kwei a kara kam na wo Anatofe ne, Benjamin kateiri dem ne to mo a yeigi a pa‑m. Nmo maŋe se n yeigi-ka se ka taa ye nmo nyem. Nam yeigi-ka n ta‑n tei.”
Ko na ke konto to, amo ma lɔre we ko ye Baŋa Wɛ kwora chekke mo a niga. 9A ma yeigi a choro kara kam na wo Anatofe ne to o tei ne, ye a jeeli lu-nyenno sabu-dala fuga-yarepɛ se a pa‑o ka ŋwaane. 10A ta ma popone a yere tega kam tɔnɔ wone, ye a daare a zi a jeŋa ko baŋa ne. Nɔɔna badwonna ma nii ye ba sɛ a na ke tei to. Amo ma maŋe tega kam sabu se ko taa ye chekke. 11Amo laam ma kwei tɔnɔ kolo a na zi ye tega kam yera seina wo te wone to, dedaane tɔnɔ kodwoŋi na lwoni-ko ye ko ta puri to 12a pa Neria bu Baruki. O déem ye Maseya naa mo. A na pɛ‑o twanno telei tem konto to, mo a choro Hanameli nɛa, ko ta woli de nɔɔna balo na maane a keim dem ye ba popone ba yera tɔnɔ kom wone to, de Judah tiina balo maama na wo pɛ sɔŋɔ konkɔlɔ kom ne to. 13Banto maama na zege da ye ba cheigi to mo a pɛ Baruki ni ye a we: 14“Paŋwa Tu Baŋa Wɛ wom na ye Isarele tiina Wɛ to na tage kolo to mo tento: ‘Kwei twanno tento dé na popone tega kam yeilo ŋwaane to, se n laam ke-te kambia wone se te maŋe da bena dedɛ. Ke konto de tɔnɔ kolo ba na zi ba je ko baŋa ne to, de ko dwoŋi kom ta na puri to.’ 15Kokuri to, Paŋwa Tu Baŋa Wɛ wom na ye Isarele tiina Wɛ to na tage kolo to mo tento: ‘Maŋa wó ba se nɔɔna daa jwoori ba yeigi sam, de kare, de Vini kare teo konto wone.’ ”
Jeremia wɛ-lworo
16A na kwei twanno tem a pa Neria bu Baruki a ti to, mo a lwoori Baŋa Wɛ a we:
17“Yuu-tu Baŋa Wɛ, nmo dɛ n dam-fɔrɔ kom baŋa ne n toŋe wo-kamunnu mo n ke wɛyuu kom, de tega baŋa maama. Kolokolo nam tera ko na tiini ko chamma ko dwoi nmo keim. 18Nmo yɔɔre n jege swono mo n pae nɔɔna morro dedɛ. N nam ta pae bia yaare ba kwoa wɛleera ŋwaane. N ye Wɛ-kamunu mo ye n dam de gaale. N yere dem mo ye Paŋwa Tu Baŋa Wɛ. 19N yeini n tɔge yeino dwi maama baŋa ne mo n ke totoŋ-kamunnu. Nmo yei nabiina maama kikia na ye tei to. N ma‑n ŋwe-ba se ko maŋe de chwei selo ba na tɔge to de kikia yalo ba na toŋe to. 20Nmo déem ke totoŋ-kamunnu de wo-kenkagela Ejipti wone. Totoŋa yanto dwoŋi mo n ta jege n ke de zem maama Isarele tiina de dwi-gɛ tiina maama tei ne. Mo kokuri n yere zaŋe jei maama ne de zem. 21Nmo tɔge n dam baŋa ne n toŋe wo-kamunnu dedaane wo-kenkagela se n ma‑n fugi Ejipti tiina bam ye n daare n vere n nɔɔna Isarele tiina bam ba jeŋa ne n yage. 22N ma‑n kwei tega kanto n déem na gwoni ni ka ŋwaane de ba nabaara bam to n pa-ba. Ka maa ye tega kalo na ywomma de varem de kɔnɔ to. 23Ba de na tu ba jwoŋi-ka to, ba wo sɛ nmo nia yam. Ba bere ba wo tɔge chwei selo n na bere-ba to. Ko ná ye wonnu telo n na pɛ-ba ni se ba taa ke to, ba wo ke te kolokolo. Konto ŋwaane nam mo tei n pɛ lɛɛro tento maama ba ba baŋa ne.
24Nii-na! Babilon tiina bam lɔge taare kamuna ba yeiri dé teo kom kabiri sem yera ne mo se ba tɔge-ya ba zo teo kom ba di debam. Jara-keim, de kana, de jawe-chɛɛro wó chɔge debam. Dé teo kom laam wo Babilon jar-keira bam jeŋa ne mo se ba wane debam. Nmo Baŋa Wɛ na tage we kolo wó yi debam to laam mo to dé baŋa ne, ye nmo tete nɛ-ko. 25Yuu-tu Baŋa Wɛ, nmo yei we ko bá dáane se Babilon tiina bam di dam dé teo kom baŋa ne. N nam ta pɛ amo ni se a kwei lu-nyenno a ma yeigi kara kam, se nɔɔna de maane a keim dem konto ye ba zi ba je ko ŋwaane.”
26 Baŋa Wɛ daa na pɛ Jeremia ni delo to mo tento:
27“Amo mo ye Baŋa Wɛ wom. A nam ye nabiina bam maama Wɛ mo. Woŋo wora ko na tiini ko chamma ko dwoi amo keim na? 28Amo Baŋa Wɛ nam na tage tei to mo tento: A lage a kwei teo konto mo a ke Pɛ Nebukadeneza de o jar-keira bam jeŋa ne se ba di-ko. 29Jar-keira balo na tu se ba kwaare jara de teo kom to wó zo teo kom wone ye ba daare ba zwɛ-ko. Ba maa wó pa se mini di sam delo nɔɔna na diini de nayuni baŋa ne ye ba zwɛ wonnu ba ma ke kaanem ba pa Baal jwoni dem ba daare ba kwei sana pɛɛra ba pa wa yadwonna to. Ba totoŋa yam konto pɛ se a bane zaŋe ba baŋa ne mo.
30Judah dwi tiina de Isarele dwi tiina bam yɔɔre ba toŋe lwarem kikia amo yiga ne mo ko zege ba nɔn-donne maŋa ne se ko yi zem maama. Ba je na ke wonnu telo to yeini te chuchugi amo bane mo. Amo Baŋa Wɛ na tage tei to mo konto. 31Ba na maŋe ba chwi teo kom kuri to mo ko nɔn-bia bam bobo se ba taa ke kolo na wó zaŋe a bane to. Ko laam nam yi se a chɔge-ko, pa se ko jei a yiga ne. 32Isarele tiina bam de Judah tiina bam pae a bane mo yɔɔre de zaŋa de ba lwarem kikia yam. Ko maa ye ba pwa, de ba nakwa, de ba kaanem tiina, de ba sampwori sem, de balo maama na zoore Jerusalem teo kom de Judah laŋa kam maama ne to mo chuchugi a bane. 33Ba mɛ ba kwaga ba ya amo, ye ba yiga tera a wone. Amo yɔɔre a bere-ba maŋa maama mo. Ba nam wo cheigi a taane dem. Ba maa wo sɛ se a korese-ba. 34Ba kwei wo-zɔɔna yalo ba na zuli to ba zege diga kalo na wora a yere zula ŋwaane to wone, ye ba da ko ŋwaane ba chɔge-ka. 35Ba ta ma lɔ bimbina Ben-Hinom bwolo kom ne, ye ba zuli Baal jwoni dem ya baŋa ne. Ba maa yeini ba kwei ba bia ba zwɛ mini wone ba ke kaanem ba pa Moleka jwoni dem. Amo nam wo fɔge a pa-ba ni se ba ke konto. Keim-lɔŋɔ kom konto dwoŋi maŋe ko wo tu a boboŋa ne. Ba nam jege konto mo ba ke, pa se Judah tiina bam maama tiini ba tusi.
36Abam yeini á tɛ teo konto taane á we, ‘Jara-keim, de kana, de jawe-chɛɛro mo lage te chɔge teo kom pa se ko taa wo Babilon teo pɛ jeŋa ne se o wane-ko.’ Amo Isarele tiina Baŋa Wɛ wom nam na tage tei to mo tento: 37Ko ná ye jei selo maama a na wó zeili a nɔɔna bam a yage da a ban-zɔŋɔ kom ŋwaane to, a daa ta wó la-ba a zege da a ja a jwoori ba teo kom, se ba taa zoore ywo de yazura. 38Ba maa wó taa ye a nɔɔna, se amo de taa ye ba Tu Wɛ wom. 39A maa wó pa ba taa jege boboŋe dedwe ba ŋwea wone, pa se ba taa kɔre amo taa wuu. Ba wó ke konto se ko taa lana ko pae ba tete de ba kwaga kam. 40A ta wó ke ni-gwonim delo na wó taa wora taa wuu to de-ba. Amo wó pwooli se a taa ke-ba lanyerane taa wuu. A maa wó pa se ba taa kɔre amo de ba wo maama, se ba daa yé nwoŋi a kwaga ne. 41Ko wó ke amo ywoni se a taa ke-ba lanyerane. A maa wó fɔge a jeiri-ba tega kanto ne de a wo maama.
42Amo Baŋa Wɛ na tage kolo to mo tento: Amo seene a ja lɛɛro tento maama a ba a de nɔɔna bam wone. De konto maama a nam wó pa-ba yu-ywoŋo ne a na gwoni ni we a wó pa-ba tei to. 43Abam yeini á ta jei sento taane mo á we, ‘Babilon jar-keira bam tu se ba chɔge tega kam. Ka lage ka ji di-dwonnu yerane, mɛ nabiina de vara na tera ka wone to.’ De ko de, nɔɔna daa wó yeigi tega ywo-seeni. 44Chega to, nɔɔna wó kwei lu-nyenno ba ma yeigi tega jei sento wone. Ba ta wó popone tega kam twanno, ye ba daare ba zi ba je te baŋa ne. Nɔɔna badaara wó maane ba keim dem ye ba de zi ba je ko ŋwaane. Ko nam wó ke konto mo Benjamin kateiri dem ne, de Jerusalem nawuura yam ne, de Judah teene dem ne, ko ta woli de zwonnu laŋa kam seeni, de wɛ-zoore seeni bwollu tem ne, de tega-kuri kagoa kam seeni maama. Kokuri to, amo wó jwoori a pa se a nɔɔna bam jwoori ba taa jege yu-ywoŋo. Amo Baŋa Wɛ na tage tei to mo konto.”",https://www.bible.com/bible/3661/JER.32.KBG
JEREMIA 33,"Wɛ wó pa o nɔɔna jwoori ba na yazura
1Ba déem ta na pe Jeremia ba yage pɛ sɔŋɔ konkɔlɔ kom ne to, mo Baŋa Wɛ daa pɛ‑o o kwora o ke kuni belei ye o we: 2Baŋa Wɛ ye wolo na naane tega baŋa maama to. O ma fɔge o mɔ-ka o daare o chwi-ka o zege cheppe. Wonto yere mo ye Baŋa Wɛ. O nam tage tento mo o we:
3“Bwoŋi-na amo yere, se a wó leiri abam. A ta wó bere abam wo-kamunnu telo ya na seigi ye á yeiri te ni ne to.”
4Isarele tiina Baŋa Wɛ wom daa tage Jerusalem teo kom sam de Judah pɛ sɔ-fwaaro tem taane mo ye o we:
“Ba yigi sam dem ba de tega ne, se ba ma ba kwɛ teo kom kabira kam, se ba wane ba che Babilon jar-keira bam se ba yé zo teo kom wone. 5Á nam ná ke jara de-ba, á teo kom wó su de twa ye á suli-ba di-dwonnu tem wone. Kokuri to, amo jaane boboŋa se á yɔɔre a chɔge-ba mo, a bane na zaŋe de-ba to ŋwaane. Amo yiga daa bá taa wo teo kom nɔn-bia bam wone, ba lwarem kikia yam ŋwaane.
6Nii-na! Dɛ nam ta wora se amo jwoori a fɔge a kwɛ teo kom. Amo wó yɔɔre a nɔɔna bam pa se ba taa zoore de yazura zurim wone. 7Amo wó pa se Judah tiina bam de Isarele tiina bam jwoori ba taa jege yu-ywoŋo, ye a pa ba fɔge ba zege de dam ne ba déem na ye tei to. 8Wɛleera yalo maama ba na ke ba chɔge a yiga to, a lage a saare-ya a yage mo. Ba na nwoŋi amo kwaga ne to, a nam ta wó kwei ba tusim dem konto a ma a chɛ-ba. 9Maŋa kam konto ne, Jerusalem teo kom wó pa a na yere logo baŋa teene maama wone. Amo wó na wopwolo, de zula, de nenɔŋ-fɔrɔ mo teo kom konto ŋwaane. Dwi tiina maama wó lɔre wo-laaro telo a na wó kwei a pa a nɔɔna bam to ni ne. Banto ná nɛ a na fɔge teo kom de yazura tei to, ko wó so-ba ye ba yera de taa sae.”
10 Baŋa Wɛ na tage tei to mo tento:
“Abam kare á tɛ we, ‘Teo konto yɔɔre ko ji di-dwonnu yerane mo pa se nabiina de vara maama jei ka wone.’ Chega to, Jerusalem teo chwei sem ne de Judah teene dem maama wone, nabiina de vara seene ba tera. Ko nam na wó taa ye tei to, jei sem konto ne mo abam daa lage á ni 11wopwolo de mwanno sɔɔ na zaŋe. Kadiri ywoni de daa wó taa wora. Ba maa wó ja lei-keim pɛɛra ba ba Baŋa Wɛ ware-jei sem ne, ye ba leeni we:
‘Pa-na se dé ke Paŋwa Tu Baŋa Wɛ lei,
se Baŋa Wɛ lamma!
O swono kom de maa wora taa wuu.’
Kokuri to, amo wó jwoori a pa se tega kanto na yu-ywoŋo, ne ka déem na jege tei to.”
Baŋa Wɛ na tage tei to mo konto.
12Paŋwa Tu Baŋa Wɛ na tage tei to mo tento:
“Tega kam laam seene ka daare di-dwonnu yerane mo ka tiga, pa se nabiina de vara daa tere ka wone. Ka nam wó jwoori ka kwi de ga-lɛɛro se nayera ja ba vara ba vo da ba kɔne. 13Ko ná ye zwonnu laŋa kam ne, de wɛ-zoore seeni bwollu tem ne, de tega-kuri seeni kagoa kam ne, de Benjamin laŋa kam ne, dedaane Jerusalem nawuura yam de Judah laŋa kam maama ne, jei sem konto teene maama wone mo vara bam wó puli lanyerane ye nayera bam jeeli ba ni.”
Baŋa Wɛ na tage kolo to mo konto.
14 Baŋa Wɛ daa ta ma ta o we:
“Maŋa lage ka yi se amo ke a su ni delo a déem na gwoni de Isarele dwi tiina dedaane Judah dwi tiina bam we a wó zeini-ba to.
15Maŋa kam konto nam ná yia,
amo wó pa David dwi dem puli naga dedoa
ye kotu wó taa ye nɔn-ŋom mo.
O ta wó taa tɔge chega de o na ke tei de nɔɔna to mo
tega kam maama baŋa ne.
16O paare dim maŋa ne, Judah tiina wó na verem,
ye Jerusalem tiina de taa zoore de yazura.
Nɔɔna maa wó taa bwoi teo kom yere we,
‘Baŋa Wɛ mo bore debam bora de chega.’
17Amo Baŋa Wɛ nam na tage tei to mo tento: David dwi dem daa bá ga nɔɔno se kotu yeini o jeini o di Isarele teo paare. 18Kaanem tiina bam na nwoŋi Levi dwi dem ne to de wó taa wora maŋa maama mo, se ba taa ke zwɛɛm pɛɛra, de wodiu pɛɛra, de kaanem dwi dwi ba pa-ne.”
19 Baŋa Wɛ daa ta ma pa Jeremia ni ye o we:
20“Amo Baŋa Wɛ na tage kolo to mo tento: Amo gwoni ni de wea kam de tete dem, se tento taa tui dɛ maama te maŋa ne. Abam wó wane á chɔge ni-gwonim dem konto na? 21Á ya ná wane á chɔge-de, á ya wó wane ni-gwonim delo a na ke de a tontoŋeno David to dedaane delo a na ke de Levi tiina bam to á chɔge. Ko nam na ye tei to, maŋa maama nɔɔno wó taa wora o na wó nwoŋi Pɛ David dwi dem wone se o di paare. Levi tiina de wó taa wora se ba taa ye kaanem tiina ba pa-ne. 22Ko ná ye a tontoŋeno David dwi dem, de Levi dwi dem na kaane ba pa-ne to, a lage a pa ba puli mo ne wɛyuu chalechwe sem na daga tei to. Ba ni bá wane de ga de ti, ne naneo ni kasolo bia na ye tei to.”
23 Baŋa Wɛ daa ma pa Jeremia ni ye o we:
24“N wo nɛ na? Nɔɔna badwonna jege a nɔɔna bam ba twe ye ba we, ‘Baŋa Wɛ laam virigi o kwaga o ya dwia yalei yam o ya na kuri to.’ Ba yeini ba ta konto dwoŋi, ye ba boŋe we a nɔɔna bam daa ba jege kuri mo. 25Amo Baŋa Wɛ nam na tage tei to mo tento: Ni-gwonim delo a na ke de wea kam, de tete dem to yɔɔre de zege mo chekke. A ta ma pa se wɛyuu de tega baŋa taa tɔge chwei selo na yɔɔre se maŋe de-te to. 26Ko ta ye bedwe mo, amo bá ve Jakob dwi dem kɔtaa. A bá swei se a kuri nɔɔno a tontoŋeno David dwi tiina bam wone, se kotu di paare a nɔɔna bam baŋa ne. Abaraham, de Izaak, de Jakob dwi tiina bam mo konto. A wó jwoori a pa se a nɔɔna bam taa jege yu-ywoŋo. A maa wó duri ba yibwona.”",https://www.bible.com/bible/3661/JER.33.KBG
JEREMIA 34,"Wɛ na wó waare nɔɔna badwonna tei to
34:1–35:19
Ba na pɛ Zedekia kwora kalo to
1Babilon teo pɛ Nebukadeneza de o jar-keira bam maama déem tu se ba kwaare jara de Jerusalem teo kom, dedaane ko nawuura yam mo. O jar-keira bam konto déem nwoŋi logo baŋa teene delo maama o na di paare de baŋa ne to wone mo. Maŋa kam konto ne Baŋa Wɛ ma kwei kwora kanto o pa Jeremia ye o we:
2Isarele tiina Baŋa Wɛ wom na tage tei to mo tento: “Vei Judah teo pɛ Zedekia tei, se n ta ded‑o we, ‘Baŋa Wɛ mo tage tento ye o we: Amo yɔɔre a ti a yiga mo se a kwei teo konto a ke Babilon teo pɛ wom jeŋa ne se o zwɛ-ko kula. 3Nmo nam bá‑n lu o jeŋa ne. O nɔɔna wó zi‑m ba daare ba ja ba vo o tei. Konto to, nmo wó zege Babilon teo pɛ wom yiga ne se á ŋɔɔne daane. Nmo laam ma‑n jege se n vo Babilon.
4De ko de, Judah teo pɛ Zedekia, nam cheigi ni delo Baŋa Wɛ na tiŋi nmo ŋwaane to. Baŋa Wɛ tage n taane o we: N bá‑n te jara wone. 5N lage n te n tete toone mo. Ko ná ye n kwoa balo na lwoori nmo yiga ba di paare to, nɔɔna déem di banto lwi sem ye ba zwɛ talwoŋ-ywoŋa se ba zuli-ba. Konto mo ba ta wó di nmo de lua. Ba maa wó taa keera ye ba we, “Dé pɛ ywoo! Dé tu wom tega!” Amo Baŋa Wɛ na pwooli se kolo ke to mo konto.’ ”
6Wɛ sampwora Jeremia déem ma vo Judah teo pɛ Zedekia tei Jerusalem wone, ye o ta wonnu tento maama o bere‑o. 7Konto maama de Babilon teo pɛ wom jar-keira yɔɔre ba jege Jerusalem teo kom mo ba kwaare jara ko baŋa ne. Ba déem ta wora ba ke jara de Lakisi teo kom, de Azeka teo kom de mo. Judah kateiri teene delo na lɔge de pe to wone, teene delei dem konto yerane mo ta zega.
Ba na yiri ba ni kabɛ ŋwaane tei to
8 Baŋa Wɛ daa ta ma pa Jeremia kwora se o ta. Pɛ Zedekia déem ya gwoni ni mo de Jerusalem tiina bam maama se ba yage ba kabɛ sem se se viiri zɛɛra. 9Ni dem bere we wolo maama ná jege kabɛ na ye Hiburu tiina to, se kotu yage-ba se ba viiri zɛɛra, ba ná ye baara, naa kaana de. Ko wo maŋe se nɔɔn-nɔɔno taa jege o dwoŋi Judah dwi tu se o taa ye o kabaa. 10Teo kom nakwa bam de nɔɔna bam maama ma sɛ pɛ wom ni. Ba ma yage ba kabɛ sem pa ba viiri zɛɛra, baara de kaana maama. 11De ko de, ko na ke fee to, mo ba leiri ba boboŋa. Ba ma jwoori ba jwoŋi ba kabɛ sem ba na yage se se viiri zɛɛra to, pa se jwoori se ji ba kabɛ se toŋe se pa-ba.
12Maŋa kam konto ne Baŋa Wɛ ma da ko ŋwaane o kwei kwora kanto o pa Jeremia ye o we, 13Isarele tiina Baŋa Wɛ wom na tage tei to mo tento:
“Amo déem na jaane á nabaara bam a nwoŋi Ejipti ne pa se a jwoŋi-ba ba kabɛɛne wone a yage to, mo a ke ni-gwonim de-ba. A ma ta de-ba a we, 14‘Hiburu tu ná kwei o tete o yeigi o pa wolo se o taa ye o kabaa, ye o ná toŋe bena yaredo o pa kotu, se kotu yage‑o bena yarepɛ bene dem wone.’ De ko de, abam nabaara bam wo sɛ amo ni dem konto. Ba ma ve se ba cheigi a taane. 15Abam tete nam leiri á boboŋa ye á ke á pwoli amo wo lanyerane. Á dedoa dedoa ma sɛ se o pa o dwonna Hiburu tiina viiri zɛɛra. Á bere á zo amo tete diga kalo na wora a yere zula ŋwaane to wone mo á gwoni ni se á ke konto. 16Leile konto abam laam yiri á ni dem konto, pa se á jege amo yere dem á yaala! Abam maama jwoori á kwei á kabɛ selo á ya na yage se ba taa tei ba tete to mo. Á ma fe-ba se ba jwoori ba taa toŋe ba pae abam, baara de kaana de.”
17Konto ŋwaane Baŋa Wɛ daa na tage tei to mo tento:
“Abam wo sɛ amo ni se á yage á dwonna Isarele tiina na ye á kabɛ sem to se ba viiri zɛɛra. Mo kokuri amo de lage a yage abam se á vo á te jara wone, se jaweero de kana de ja á badwonna te go. Abam maa wó ji wo-zɔɔna logo baŋa teene maama yia ne. 18Ko ná ye nɔɔna balo na chɔge ni-gwonim delo a déem na ke de a nɔɔna bam to, amo de lage a chɔge-ba mo. Ba wo ke ba tɔge ni delo ba na gwoni amo yiga ne to. Ba go na-bala mo ba gwoni-ka kuni belei ye, ba daare ba da ka popɔre selei sem tetare laŋa ne ba kɛ ni-gwonim dem ŋwaane. Amo de wó ke-ba ne ba na ke tei de na-bala kam to. 19A lage a kwei Judah de Jerusalem teo nakwa bam, de pɛ sɔŋɔ dedɛɛra bam, de kaanem tiina bam, de teo kom nɔɔna balo maama na dɛ na-bala kam tetare laŋa ne to, 20a ke ba dona jeŋa ne se ba go-ba. Zuna de kago-vara mo wó ba ba di ba yera yam.
21Ko ta ná ye Judah teo pɛ Zedekia de o dedɛɛra bam, amo wó seene a ke-ba ba dona jeŋa ne. Babilon teo pɛ jar-keira bam mo konto. Banto pipiri ba viiri leile ye ba daa bá jeeri abam de jara. 22Amo nam lage a pa-ba ni mo se ba jwoori ba ba ywo. A maa wó pa se ba daa kwaare jara de teo konto. Ba lage ba di-ko mo se ba daare ba zwɛ-ko kula! Amo ta wó pa se Judah teene dem taa ye di-dwonnu yerane, se nɔɔn-nɔɔno yé wane de wone o zo.”
Baŋa Wɛ na tage tei tei to mo konto.",https://www.bible.com/bible/3661/JER.34.KBG
JEREMIA 35,"Rekabi dwi tiina bam taane
1Josia bu Jehoyakim déem na di Judah paare maŋa kalo ne to mo Baŋa Wɛ daa pɛ Jeremia ni ye o we, 2“Zaŋe n vo mɛ Rekabi sɔŋɔ tiina bam na zoore to, se n bwoŋi-ba se á da daane á vo Baŋa Wɛ wara-jei sem. Ja-ba n zo ko di sem dedoa wone, se n laam pa-ba sana se ba nyɔ.”
3Amo ma seene a vo Jeremia bu Jaazania tei. Wonto ta ye Habazinia naa mo. A ma bwoŋi Jaazania de o chorro tem, de o bia bam maama. Rekabi sɔŋɔ tiina bam maama mo konto. 4A ma ja-ba a zo Baŋa Wɛ wara-jei sem wone. Dé déem zo diga kalo ba na pɛ Wɛ tontoŋeno Hanan tɔgena bam to mo. Hanan déem ye Igadalia bu mo. Banto diga kam déem saŋe dedɛɛra bam diga kam mo, ye ka wo Salum bu Maaseya diga kam yuu ne. Maaseya déem ye Wɛ diga kam ni-yerena bam dedoa mo. 5A laam ma kwei kɔɔra de ba wone sana a zege Rekabi sɔŋɔ tiina bam yiga ne. Zwe selo ba na wó nyɔ se wone to de maa wora. A ma ta de-ba a we, “Nyɔ-na á na lage tei to.”
6Ba ma leiri-ne ba we, “Debam chuli sana. Dé nabaaro Rekabi bu Jonadabi maŋe o pa debam ni ye o we, ‘Abam de á bia dae se á nyɔ sana. 7Abam ta ba jege se á lɔ sam, naa se á du wo-dwa tega ne, naa se á jeiri Vini teeni. Yé ke-na wonnu tento kolokolo. Ta‑á zoore-na vwoa wone. Konto mo wó pa se á ta‑á kare á beeri tega kam ne ye á dáane taa.’ 8Tɔ. Debam de nam yɔɔre dé tɔge dé nabaaro wom ni dem mo. Debam tete ba nyɔ sana. Dé kaana, de dé bia de nam ba nyɔ sana. 9Dé nam ba lɔ sam se dé zo de wone. Dé nam wo jeiri Vini teeni, naa dé beeri kare de kadwi se dé du wo-dwa da. 10Dé maa yɔɔre dé zoore vwoa wone mo. Konto to, dé sɛ dé nabaaro Jonadabi ni dem maama. 11Babilon teo pɛ Nebukadeneza nam na tu laŋa kanto maama ne se o kwaare jara to, mo dé ke ni daane ye dé we, ‘Pa-na dé zaŋe dé vo dé taa zoore Jerusalem teo kom wone se dé wane dé lu Babilon jar-keira bam de Aram jar-keira bam jeŋa ne.’ Konto mo tei debam laam tu dé zoore Jerusalem ne.”
12 Baŋa Wɛ laam ma pa Jeremia ni ye o we, 13Paŋwa Tu Baŋa Wɛ wom na ye Isarele tiina Wɛ to na tage kolo to mo tento: “Zaŋe n vo Jerusalem tiina bam de Judah tiina bam maama tei n ta de-ba we, ‘Zamese-na se á lɔre á na jege se á ke tei chekke. Yɔɔre á sɛ-na a bera yam. Amo Baŋa Wɛ ni dem mo konto. 14Nii-na! Rekabi bu Jonadabi déem pɛ o kwaga kam ni we ba yé nyɔ sana. Ba ma yɔɔre ba sɛ o ni dem mo, pa se de zem maama ba ba nyɔ sana. Amo nam yɔɔre a pae abam ni-kaana mo titwon-twono. De ko de, á ta ba sɛ a ni dem. 15Maŋa maama wone, amo yeini a toŋe a sampwori sem maama mo á tei ne. Ba ma kaane abam ba we, “Abam maama jege se á yage chwo-balwaaro telo á na tɔge to, se á daare á leiri á boboŋa de á lwarem kikia yam. Daa yé ta‑á zuli-na wa-yɔɔro. Á ná seene á ke konto, á wó na chwoŋa se á taa zoore tega kanto a na pɛ abam de á nabaara bam to wone.” De konto maama nam, abam wo sɛ se á cheigi amo taane dem. 16Rekabi dwi tiina bam yɔɔre ba sɛ ba nabaaro wom ni mo chekke. Ko nam ná ye abam, á ba sɛ amo ni kɔtaa!’
17Konto ŋwaane, Paŋwa Tu Baŋa Wɛ wom na ye Isarele tiina Wɛ to na tage kolo to mo tento: ‘Nii-na! Amo laam lage a pa se lɛɛro yɔɔre ko ba Jerusalem tiina bam de Judah tiina bam maama baŋa ne, ne a na wuuri a ta we a wó ke tei to. Kokuri to, amo yɔɔre a ŋɔɔne de-ba mo, ye ba ba cheiga. A ta ma kwaane a bwoi-ba, ye ba ve se ba leiri-ne.’ ”
18Jeremia daa ma jwoori o ta de Rekabi sɔŋɔ tiina bam o we, “Paŋwa Tu Baŋa Wɛ wom na ye Isarele tiina Wɛ to na tage tei to mo tento: ‘Abam yɔɔre á sɛ á nabaaro Jonadabi ni dem chwoŋa maama wone, ye á ke o na bere abam se á ta‑á ke tei to maama. 19Konto ŋwaane, amo Paŋwa Tu Baŋa Wɛ wom na ye Isarele tiina Wɛ to de gwoni ni we, maŋa maama wone Rekabi dwi dem bá ga nɔɔno se kotu taa toŋe o pa-ne.’ ”",https://www.bible.com/bible/3661/JER.35.KBG
JEREMIA 36,"Jeremia na yaare tei to
36:1–45:5
Jehoyakim zwɛ Jeremia tɔnɔ kom
1Bene delo Josia bu Jehoyakim na di Judah paare o ke bena yana to ne mo Baŋa Wɛ pɛ Jeremia ni o we, 2“Beeri tɔnɔ se n popone wonnu telo a na maŋe a ta dede‑m se ko vo Isarele tiina bam, de Judah tiina bam, dedaane dwi-gɛ tiina bam maama seeni to n tiŋi ko wone. Nam popone wonnu telo a na tage a bere‑m ko zege Josia paare dim maŋa ne se ko yi leile to n tiŋi. 3Dɛ delo Judah tiina bam ná lɔre lɛɛro telo maama a na boŋe se a pa te yi-ba to, ba wó leiri ba boboŋa de ba lwarem kikia yam. Amo de maa wó da ko ŋwaane a yage ba wɛleera yam de ba tusim dem a chɛ-ba.”
4Jeremia ma toŋe o bwoŋi Neria bu Baruki. O na tu to, Jeremia ma lwoni kolo maama Baŋa Wɛ ya na pɛ‑o se o ta to, ye Baruki de popone-te o ke tɔnɔ wone. 5Jeremia ta ma ta de Baruki o we, “Ba chege amo chwoŋa mo we a daa yé zo Baŋa Wɛ diga kam ne. 6Konto to, nɔɔna bam ni-vɔre dɛ daa ná yia, se n zaŋe n vo Wɛ diga kam. N laam ma‑n wó puri tɔnɔ konto n ga Baŋa Wɛ taane delo o na pɛ-ne, ye a lwoni a pa‑m ye n de popone n tiŋi to n bere nɔɔna bam. Ga-ko se Judah tiina bam na nwoŋi ba teene dem wone ba ba ba jeeri da to maama cheigi. 7Dɛ delo ba laam wó tu ba tete ba lwoori wolim Baŋa Wɛ tei ne, ye ba maama pipiri ba yage chwo-balwaaro telo ba na tɔge to. Kokuri to, Baŋa Wɛ yɔɔre o ta we o lage o waare nɔɔna banto o ban-lom dem na gaale to ŋwaane mo.”
8Neria bu Baruki ma seene o vo Wɛ diga kam o ga Baŋa Wɛ taane dem na popone tɔnɔ kom wone to o bere nɔɔna bam, ne Wɛ sampwora Jeremia na bere‑o se o ke tei to. 9Ko nam ye Judah teo pɛ Josia bu Jehoyakim paare dim bena yanu bene dem chane nogo chana kam ne mo, ba tiŋi dɛ se de taa ye dɛ delo nɔɔna bam na wó jeeri ba vɔ ni Baŋa Wɛ ŋwaane to. Nɔɔna balo maama na zoore Jerusalem ne to, de balo na nwoŋi Judah teene dem maama wone to ma gilimi daane ye ba vɔ ni. 10Baruki déem na zo Wɛ diga kam to, o ma vo o zege pɛ sɔŋɔ tɔn-poponno Safan bu Gemaria diga kam seeni. Diga kam konto déem wo Wɛ diga konkɔlɔ kolo na wo baŋa ne to ne mo ye ka bwola de ni delo ba na bwoi we ‘Ni-doore’ ni to. Baruki zege dáane mo o ga taane delo Jeremia na pɛ‑o ye o popone o ke tɔnɔ kom ne to pa nɔɔna bam maama ni.
11Gemaria bu Mikaya ma ni Baŋa Wɛ kwora kalo Baruki na gage to maama. 12O ma tu o vo o zo pɛ sɔŋɔ tɔn-poponno wom diga kam ne. Teo dedɛɛra bam maama maa jei da ba bane wonnu. Banto maa ye: Elisama wolo laam na ye tɔn-poponno to, de Semaya bu Delaya, de Akebora bu Elinatan, de Safan bu Gemaria, de Hanania bu Zedekia, de dedɛɛra badaara bam maama. 13Mikaya ma ta o bere-ba Baruki na gage wonnu telo ye nɔɔna bam maama ni to. 14Dedɛɛra bam maama ma toŋe Netania bu Jehudi, o na ye Kusi bu Selemia naa to, we o pa Baruki ni se o ja tɔnɔ kolo o na gage ye nɔɔna bam ni to o ba se ba nii. Baruki ma seene o ja tɔnɔ kom o vo ba tei ye o zei-ko o jeŋa ne. 15Ba ma ta ded‑o ba we, “Jeini tega ne, se n ga-ko n bere debam.”
Baruki de ma ke ba na we o ke tei to. 16Ba na nigi tɔnɔ kom taane dem maama to, mo ba nii daane ye foone tiini de zo-ba. Ba ma ta de Baruki ba we, “Dé jege se dé pa pɛ wom ni tɔnɔ konto ŋwa mo.”
17Ba ta ma bwei Baruki ba we, “Ta n bere debam. Nmo ke tetɛ mo n popone wonnu tento maama n tiŋi? Jeremia mo tɛ-te ye n de popone na?” 18Baruki ma leiri o we, “Ɛɛ, Jeremia mo yɔɔre o lwei ta-bu maama o bere-ne, ye amo de popone-ya a tiŋi tɔnɔ kom wone konto jaja.”
19Dedɛɛra bam ma ta de Baruki ba we, “Nmo de Jeremia jege se á beeri jei mo á seigi da. Yé pa-na se nɔɔn-nɔɔno lɔre abam na wo mɛ to.”
20Ba laam ma tiŋi tɔnɔ kom Elisama diga kam wone. Wonto déem ye pɛ tɔn-poponno mo. Dedɛɛra bam ma vo pɛ wom tei ba tole tɔnɔ kom seina maama ba bere‑o. 21Pɛ wom ma toŋe Jehudi se o vo o ja tɔnɔ kom o ba o pa‑o. Jehudi ma vo Elisama diga kam o ja tɔnɔ kom o ba o ga o bere pɛ wom, ye o dedɛɛra bam maama zege o tei ne. 22Ko déem ye waaro maŋa ne mo. Pɛ wom maa wo o sɔ-fɔrɔ kom diga kadwoŋi ne mɛ o na weeri mini se o yera lone to. 23Jehudi déem ná yeini o ga tɔnɔ kom botare-bia na saŋe daane to o ti, pɛ wom yeini o kwei se-kukua mo o gwoni botare-bia bam konto na wo tɔnɔ kom pwola kalo ne to. O ta ma kwei o na gwoni tɔn-kukwi selo to o de mini dem wone. O gwoni tɔnɔ kom konto mo kukwi-kwi, o daare o de-se mini dem ne pa se tɔnɔ kom maama laam ba ko zwɛ ko ti. 24Pɛ wom de o tontoŋena bam nam na nigi tɔnɔ kom taane dem maama to, ko wo pɛ se foone ja-ba. Ba wolowolo wo kaare o gwaaro wo-chechɔgɔ ŋwaane. 25Elinatan, de Delaya, de Gemaria déem na lwoori pɛ wom se o yé zwɛ tɔnɔ kom to, o wo cheigi ba taane dem. 26Pɛ wom ta ma pa ni se pa-bu Jerameeli, de Azireli bu Seraya, de Abedeli bu Selemia vo ba ja Baruki na ye tɔn-poponno to, de Wɛ sampwora Jeremia ba ba ba pa‑o. Baŋa Wɛ nam ya mo kwei-ba o seigi.
Jeremia daa pɛ se Baruki popone tɔnɔ kodwoŋi
27Pɛ wom na zwɛ tɔnɔ kolo Jeremia déem na tɛa ye Baruki popone o tiŋi ko wone to, ye ko ke fee ko woli da to, mo Baŋa Wɛ daa pɛ Jeremia ni o we, 28“Beeri tɔnɔ kodwoŋi se n jwoori n popone taane delo maama ya na wo boboa tɔnɔ kom ne ye Judah pɛ Jehoyakim zwɛ-ko to n ke ko wone. 29Nmo ta wó ta de Pɛ Jehoyakim we, ‘Baŋa Wɛ kwora mo tento: Boboa tɔnɔ kom tɛ ko bere we Babilon teo pɛ wó ba o di teo konto, o daare o chɔge tega kam pa se nabiina de vara maama mo jei ka wone. Nmo nam kwei tɔnɔ kom konto n zwɛ, n na wo sɛ Jeremia na popone kolo to ŋwaane. 30Baŋa Wɛ kwora kalo nam na wora Judah teo pɛ Jehoyakim ŋwaane to mo tento: Nmo bá na dwi se kotu jeini Pɛ David yituŋu kom baŋa ne o di Judah teo paare. Nmo ná tega, ba bá suli n yera tega kam wone. Ya nam wó taa tigi pwola ne mo, se wea de waaro zo-ya lanyerane. 31A nam lage a waare‑m mo, de n bia, de n tontoŋena, á lwarem kikia ŋwaane. A ta lage a tiini a lwo lɛɛro dedɛ mo a yage balo na zoore Jerusalem teo ne de Judah laŋa kam maama ne to yuu ne, ba na wo cheigi a taane dem to ŋwaane. Amo wó waare-ba ne a na pwooli we a wó ke-ba tei to maama mo.’ ”
32Jeremia daa ma kwei tɔnɔ kodwoŋi o pa o tɔn-poponno Baruki na ye Neria bu to. O déem maa tɛa wonnu tem ye Baruki de popone-te o tiŋa. O ma popone kolo maama na wo boboa tɔnɔ kom wone ye pɛ Jehoyakim zwɛ to o ke ko de wone. Jeremia ta ma ta wonnu tedwonna ye Baruki popone-te o woli da.",https://www.bible.com/bible/3661/JER.36.KBG
JEREMIA 37,"Ba ke Jeremia peena diga ne
1Pɛ Nebukadeneza déem tiŋi Josia bu Zedekia mo se o leiri Jehoyakim bu Jehoyachin yuu ne o ji Judah teo pɛ. 2Zedekia, de o tontoŋena balo na woli‑o to, de Judah tiina bam maama nam wo sɛ kwora kalo Baŋa Wɛ déem na pɛ o sampwora Jeremia se o ta o bere-ba to.
3Dɛ dedwe, Pɛ Zedekia déem toŋe Selemia bu Jehukali mo, de Maaseya bu Zefania na ye Wɛ kaanem tu to, se ba vo Wɛ sampwora Jeremia tei ba ta kwora kanto ded‑o we, “Nam lwoori dé Tu Baŋa Wɛ n pa debam.”
4Maŋa kam konto ne, de ba ya ta wo pe Jeremia peena diga ne. O déem maa wae o beeri o na lage tei to, se o taa ŋɔɔne de nɔɔna bam. 5Ko ta maŋe de Babilon tiina jar-keira bam ya tu ba kaare Jerusalem teo kom ba pu mo. Ba maa na nigi we Ejipti pa-faro jar-keira bam nwoŋi ba teo kom ne ba beene se ba jeeri-ba de jara to, mo ba tutwoni ba jwoori ba viiri ba daare Jerusalem teo kom.
6 Baŋa Wɛ laam ma pa Jeremia ni ye o we, 7“Isarele tiina Baŋa Wɛ wom na tage tei to mo tento: Judah teo pɛ Zedekia toŋe nmo mo se n ba n bwei-ne n nii kolo na wó ke to. Nam ta n bere‑o we, Ejipti pa-faro jar-keira bam seene ba nwoŋi ba ba se ba woli abam. Ba nam wó jwoori ba tete teo ba daare abam, 8se Babilon tiina bam de pipiri ba ba ba kwaare jara teo konto baŋa ne. Ba lage ba di-ko mo, ye ba daare ba zwɛ-ko kula!
9Amo Baŋa Wɛ nam na tage kolo to mo tento: Yé gane-na á tete de á na kare á boŋe á tete ne we, ‘Babilon tiina bam daa bá jwoori ywo’ to. Chega ŋwaane to, ba lage ba jwoori ba ba abam baŋa ne mo. 10Abam ya ná maŋe á di Babilon jar-keira bam maama mo, pa se balo na nɛ zonne to yerane daare ba tigi ba vwoa wone de, banto mo lage ba nwoŋi ba vwoa yam ne ba zwɛ teo konto maama kula!”
11Babilon teo jar-keira bam déem viiri mo ba daare Jerusalem teo kom, Ejipti pa-faro jar-keira bam na beene to ŋwaane. 12Jeremia ma ja boboŋa se o nwoŋi Jerusalem teo kom ne o vo Benjamin kateiri dem ne se o jwoŋi tega o sɔŋɔ tiina bam popɔra wone. 13O ma vo o yi teo kom manchwoŋo ni delo ba na bwoi we ‘Benjamin Ni’ to se o nwoŋi o kɛ. O na yi da to, mo jar-keira yiga tu wodwoŋi zege da, o na ye Selemaya bu Irija, de Hanania naa to. O ma zi Jeremia ye o ta ded‑o o we, “Nmo laam lage n gɔ n zo Babilon tiina kɔgɔ kom wone mo na?” 14Jeremia ma leiri‑o o we, “Ko dae chega. Amo wo lɔge á kwaga ne se a daare a zo Babilon kɔgɔ kom wone.”
De ko de, Irija wo sɛ. O ma ja Jeremia o yi dedɛɛra bam tei. 15Ba de bane déem ma zaŋe de Jeremia, ye ba fere‑o lanyerane. Ba ta ma ja‑o ba vo ba pe tɔn-poponno Jonatan sɔŋɔ ne. Ba ya leiri wonto sɔŋɔ kom mo se ko ji peena diga se ba wane ba taa pe nɔɔna ko wone.
16Ba ma ja Jeremia ba vo ba pe diga kalo wone ba na lugi tega ne to. Ba ma yage‑o pa o maŋe da o dáane. 17Pɛ Zedekia ma toŋe pa ba ja‑o ba ba o tei pɛ sɔŋɔ kom ne. O ma bwei‑o tega tega o we, “Baŋa Wɛ daa pɛ‑m kwora na?”
Jeremia ma leiri‑o o we, “Ɛɛ, kwora wora.” O ta ma ta o we, “Ba seene ba lage ba ja‑m ba vo ba ke Babilon teo pɛ jeŋa ne mo.”
18Jeremia laam ma bwei pɛ wom o we, “A ke bɛ mo a chɔge nmo yiga, de n teo dedɛɛra bam, de nɔɔna bam maama yiga, ye abam yɔɔre á pe-ne á yage peena diga wone? 19Nmo tete sampwori sem tage de nmo ba we, ‘Babilon teo pɛ bá ba ywo se o kwaare jara de nmo, naa de tega kanto.’ Banto nam vei yei ne mo? 20Pɛ, a nam lwoori‑m mo se n cheigi a ŋwaana yanto: Daa‑n yé pa se ba ja-ne ba jwoori ba vo ba pe Jonatan sɔŋɔ kom ne, se a daa ná lage a vo dáane, a wó te mo.”
21Pɛ Zedekia ma sɛ ye o daare o pa ni se ba ja‑o ba vo ba pe pɛ sɔŋɔ konkɔlɔ kom wone. Pɛ wom ta ma pa ni se ba taa pae Jeremia bworobworo dedoa dɛ maama wone, ne bworobworo ná lwoori ko wo teo kom wone. Jeremia déem ma maŋe pɛ sɔŋɔ konkɔlɔ kom mɛ ba na pe‑o to wone.",https://www.bible.com/bible/3661/JER.37.KBG
JEREMIA 38,"Ba dole Jeremia ba de vole wone
1Dɛ dedwe, mo Matan bu Sefatia, de Pasura bu Gedalia, de Selemia bu Jehukali, de Malakia bu Pasura nigi Jeremia na jege taane delo o tɛ de nɔɔna bam to. O yɔɔre o tɛ-ba mo o we, 2“Baŋa Wɛ na tage tei to mo tento: ‘Wolo maama ná maŋe teo konto wone, jara, naa kana, naa jawe-chɛɔ mo lage te go kotu. Ko daare wolo ná lɛɛne o vo Babilon tiina bam tei, kotu wó jwoŋi o tete o yage. Ba bá go‑o.’ 3Baŋa Wɛ ta ma ta o we: ‘Babilon teo pɛ jar-keira bam wó seene ba wane teo konto ba di se ba taa tei-ko.’ ”
4Teo kom dedɛɛra bam na nigi Jeremia ni taane dem to, ba ma ta de pɛ wom ba we, “Nɔɔno wonto maŋe se o te mo. O na jege taane delo o ŋɔɔne de jar-keira bam, de nɔɔna bam maama to yɔɔre de bwori ba nɛ mo. O ba lage nɔɔna bam wolim, o beeri ba chɔgem mo.” 5Pɛ wom ma leiri-ba o we, “Ko wo á tei ne. Ke-na ded‑o á na boŋe tei to, se a bá wane a che abam yiga.”
6Ba ma kwei Jeremia ba de pa-bu Malekia vole-kore wone. De déem wo pɛ sɔŋɔ konkɔlɔ kom ne mo. Ba ma kwei ŋone ba ba‑o, ye ba daare ba dole‑o ba de vole dem wone. Na déem tere de wone, se bworu yerane mo su da. Jeremia ma moore bworu tem wone.
7Ebede-Mɛlɛka déem maa wora ye o ye Kusi tu mo. O ye pɛ sɔŋɔ dedɛɛro mo o toŋe ko wone. O ma ni we ba jaane Jeremia ba dole ba de vole dem wone. Pɛ wom ya nwoŋi o jei Benjamin Ni dem seeni mo o di taane. 8Ebede-Mɛlɛka ma vo o yi o tei ye o ta ded‑o o we, 9“Pɛ, nɔɔna banto tiini ba chɔge de ba na ke tei Jeremia yera ne to. Ba dole‑o mo ba yage vole dem wone se o yaare de kana o te, wodiu na lage ko jei teo kom ne to ŋwaane.”
10Pɛ wom ma pa Ebede-Mɛlɛka ni o we, “Tɔge de nɔɔna fintɔ se á vo á vaŋe á le Wɛ sampwora Jeremia vole dem wone. Ke-na konto lela se o daa yé te.”
11Ebede-Mɛlɛka ma tɔge de nɔɔna bam ye ba zo pɛ sɔŋɔ kom diga kadwoŋi na wo jejegero tiŋim diga kam kuri ne to. Ba ma na gare-zenzwara yadwonna da, ye ba daare ba kwei-ya ba lei de ŋona. Ba ma vo ba de-ya vole dem wone se ya yi Jeremia na wo mɛ to. 12Ebede-Mɛlɛka ma tɔɔle o ta de Jeremia vole dem ne o we, “Kwei gare-zenzwara yanto n ke n pulugu kuri ne, se ŋona kam yé fuuli‑m. Dé laam wó ma-ka dé le‑m.” Jeremia ma ke konto. 13Ba ma vaŋe‑o ba le vole dem wone, ye ba daare ba ja‑o ba vo ba pe pɛ sɔŋɔ konkɔlɔ kom ne. O ma lɛɛre o wo dáane.
Zedekia bwei Jeremia bwia yadwonna
14Dɛ dedwe Pɛ Zedekia ma toŋe pa ba ja Jeremia ba ba o tei. Ba ma jeeri daane Baŋa Wɛ wara-jei sem nia yatɔ tu ni dem ne. Ba na nɛ daane to mo pɛ wom tage ded‑o o we, “A lage a bwei‑m bwia mo. Nam yé seigi kolokolo a yiga ne.” 15Jeremia ma leiri pɛ wom o we, “Amo ná leiri‑m chekke, nmo wó go-ne mo. A nam ná bere‑m n na wó ke tei se ko jwoŋi‑m to, n ta bá‑n cheigi. Ko dae konto na?”
16Pɛ Zedekia ma seigi o gwoni ni de Jeremia ye o we, “A dugi duuri Ŋwea Tu Baŋa Wɛ yere ŋwaane, o na ye wolo na pae debam ŋwea to, we amo bá go‑m. A nam bá le‑m a pa balo na beeri‑m se ba go to.”
17Jeremia ma ta de Zedekia o we, “Paŋwa Tu Baŋa Wɛ wom na ye Isarele tiina Wɛ to na tage kolo to mo tento: ‘Nmo ná to n pa Babilon teo pɛ dedɛɛra bam, ba bá go‑m. Ba nam bá zwɛ dé teo kom. Nmo de n diga tiina de wó jwoŋi á tete á yage. 18Ko daare, nmo ná wo sɛ n pa Babilon teo pɛ dedɛɛra bam, lɔre we teo konto lage ko zo Babilon tiina bam je ne mo se ba zwɛ-ko kula. Nmo de n diga tiina bam de nam bá lu ba jeŋa ne.’ ”
19Pɛ Zedekia ma leiri Jeremia o we, “Ko nam ná ye Judah tiina balo na duri ba yage debam ye ba zo Babilon tiina bam wone to, a kɔre foone de-ba mo. Babilon tiina bam ná kwei-ne ba ke banto je ne, ba wae ba pa ko tiini ko zoore a yera.”
20Jeremia ma leiri‑o o we, “Ba bá le‑m ba pa-ba. Nmo ná yɔɔre n sɛ Baŋa Wɛ ni dem ne a na bere‑m se n ke tei to, nmo wó jwoŋi n tete n yage. N ŋwea de maa wó ke lanyerane. 21Ko daare, nmo ná ve se n to n pa Babilon tiina bam, nam lɔre we Baŋa Wɛ le wonnu tento mo o bere-ne: 22Ba lage ba kwei kaana balo maama ta na daare Judah pɛ sɔŋɔ ne to mo ba ja ba vo ba pa Babilon teo pɛ dedɛɛra bam. Kaana bam konto laam maa wó taa tɛ de nmo ba we:
‘Ba gane‑m mo ba de tega ne.
Ko nam ye n badwonna balo n na pɛ-ba chega to mo ke konto.
N nɛ sem laam na moore bworu wone to,
mo ba maama duri ba jei ba daare‑m.’
23Ba lage ba ja n kaana de n bia bam maama mo ba nwoŋi ba ke Babilon tiina bam jeŋa ne. Nmo tete de nam bá lu ba jeŋa ne. Babilon teo pɛ wó seene o ja‑m. Ba maa wó daare ba zwɛ teo konto kula.”
24Zedekia daa ta ma ta de Jeremia o we, “Yé ta de nɔɔn-nɔɔno n na tage tei de amo tento to. Ko ná dae konto, n wae n toe taane dento ŋwaane. 25Teo kom dedɛɛra bam ná nigi we amo de nmo ŋɔɔne daane, ba wó taa lage se ba lɔre dé na bwɛ kolo to. Ba wae ba fugi‑m ye ba we, ‘N ná seigi kolo n na tage to se dé yé lɔre ko ni ne, dé wó go‑m.’ 26Ko ná ye konto, se n ta de-ba we, ‘A ya lwoori pɛ wom mo se o yé pa a jwoori Jonatan sɔŋɔ kom ne. Kokuri to, a ná jwoori dáane, a wó te mo.’ ”
27Pɛ wom dedɛɛra bam ma seene ba vo Jeremia tei se ba bwei‑o ba lɔre kolo ŋwaane pɛ wom na toŋe o bwoŋi‑o to. O ma ta de-ba kolo maama pɛ wom na bere‑o se o ta to. Ba daa maa wo tage kolokolo ded‑o, kokuri to, nɔɔn-nɔɔno wo nigi kolo Jeremia déem na tage de pɛ wom to.
28Jeremia déem ma lɛɛre o maŋe pɛ sɔŋɔ konkɔlɔ kom ne o zoore da, se ko yi maŋa kalo Babilon tiina bam na di Jerusalem teo kom jara wone to.",https://www.bible.com/bible/3661/JER.38.KBG
JEREMIA 39,"Babilon tiina di Jerusalem teo kom
1Zedekia paare dim bena nogo bene dem chane fuga chana kam wone mo Babilon teo pɛ Nebukadeneza de o jar-keira bam maama déem tu se ba kwaare jara de Jerusalem. Ba ma kaare teo kom ba pu. 2Ko na yi Zedekia bena fuga-dedoa paare dim bene dem chane sena chana kam da nogo dɛ dem ne to, mo Babilon tiina bam déem mage Jerusalem teo kabiri sem ba bwori se ba zo teo kom wone. 3Babilon teo pɛ dedɛɛra bam maama laam ma vo ba jeini Jerusalem teo Tetare Ni dem manchwoŋo ne. Banto déem ye Samgare tu Neregala-Sarezera, de Nebo-Saresekim, de Neregala-Sarezera wodwoŋi, de Babilon teo dedɛɛra badwonna mo. 4Judah teo Pɛ Zedekia de o jar-keira bam maama na nɛ we Babilon teo dedɛɛra bam zo ba jei teo kom manchwo-peo kom ni ne to, mo ba duri se ba lu tete ne. Ba kwei pɛ gaare chwoŋa kam mo, ba vo ba tɔge ni dem na wo teo kabiri selei sem tetare ne to, ye ba laam ma tu Jɔdan bwolo kom seeni.
5De ko de, Babilon teo jar-keira bam déem pare-ba mo. Ba ma vo ba yi ba ja Zedekia se ko maŋe de Jeriko te-kampare sem seeni. Ba ma zi‑o ba ja ba vo Babilon teo pɛ Nebukadeneza tei. O déem wo Ribila teo ne mo, Hamafa kateiri dem ne. Nebukadeneza ma di taane o vane Zedekia dáane. 6O ma pa ba go Zedekia bia bam, ye o zege da o nia. O ta ma pa ba go Judah teo dedɛɛra bam maama. 7Ko kwaga ne o ta pɛ se ba kokɔrege Zedekia yia yam mo ba le, ye ba daare ba kwei channa chegero ba ma ba vɔ‑o ba vaŋe ba jege ba maa kɛ Babilon.
8Babilon tiina bam déem zwɛ pɛ sɔ-fɔrɔ kom, de nɔɔna bam sam dem mo, ye ba daare ba yigi Jerusalem teo kabiri sem ba de tega ne. 9Nebuzaradan déem mo ye Babilon babɛ sem yiga tu. O ma kale nɔɔna balo ya ta na daare teo kom wone to, de balo na duri ba zo Babilon tiina kɔgɔ kom wone to o ja o vo Babilon teo kom. 10Ko nam ná ye yiniga tiina balo na ba jege kolokolo to, Nebuzaradan ma yage-ba Judah laŋa kam ne. O ma pa-ba tega se ba va, de Vini teeni kare, se ba taa nii se baŋa ne.
11Pɛ Nebukadeneza nam ya tɔge Nebuzaradan baŋa mo o pa ni se ko vo Jeremia seeni ye o we, 12“Kwaane-na á beeri Jeremia jei se á nii o baŋa ne lanyerane. Yé zaŋe-na á ke‑o zonne. Nam ke-na kolo maama o na lage to á pa‑o.” 13Nebuzaradan na ye babɛ sem yiga tu to, de Nebusazeban, de Neregal-Sarezera, de Babilon teo dedɛɛra badwonna bam maama ma da ko ŋwaane 14ba toŋe nɔɔna pa ba vo pɛ sɔŋɔ konkɔlɔ kom mɛ ba na pe Jeremia to ba ja‑o ba nwoŋi. Ba ma kwei‑o ba pa Ahikam bu Gedalia se wonto taa nii o baŋa ne. Gedalia déem ye Safan naa mo. O ma ja Jeremia o vo sɔŋɔ. Konto mo tei Jeremia maŋe o tete nɔɔna bam tei ne.
15Maŋa kam ba ta na pe Jeremia pɛ sɔŋɔ konkɔlɔ kom ne to, Baŋa Wɛ ya pɛ‑o kwora kanto mo we:
16“Zaŋe n vo Kusi tu Ebede-Mɛlɛka tei, se n ta ded‑o we, ‘Paŋwa Tu Baŋa Wɛ wom na ye Isarele tiina Wɛ to na tage kolo to mo tento: Amo laam lage a pa se a na gwoni ni delo teo konto seeni to ji chega mo. Ba lage ba na lɛɛro mo, se ko dae lam. Nmo yia nam wó na kolo maama amo na wó ke to. 17Ko nam ná ye nmo tete, a wó jwoŋi‑m a yage maŋa kam konto ne. Nmo na kɔre foone de balo to bá na chwoŋa ba ja‑m. 18Amo wó taa yere n ŋwea kam a pa‑m. Nmo bá‑n te jara wone. N nam wó jwoŋi n tete n yage, n na ke n wo-dedoa de amo to ŋwaane. Amo Baŋa Wɛ mo tage konto!’ ”",https://www.bible.com/bible/3661/JER.39.KBG
JEREMIA 40,"Ba pɛ se Jeremia tei o tete
1Ba déem kale nɔɔna balo maama ta na daare Jerusalem teo kom wone de Judah laŋa kam maama ne to mo ba maa vei Babilon. Ba na yi Rama to, Babilon babɛ sem yiga tu Nebuzaradan ma na Jeremia ba wone de ba vɔge‑o de chegero mo. O laam ma bwoli‑o o yage. Konto kwaga ne mo Baŋa Wɛ pɛ Jeremia ni.
2Nebuzaradan ma ta de Jeremia o we, “Abam Tu Baŋa Wɛ wom maŋe o ta we lɛɛro tento wó ba á teo kom baŋa. 3O nam yɔɔre o ke o su o na tage we kolo wó ke to mo. Ko ke konto mo á teo tiina bam na tusi ba chɔge Baŋa Wɛ yiga, ye ba ta ve o ni dem to ŋwaane. 4Amo zem nam lage a bwoli n je chegero tem mo, se a yage‑m se n ta‑n tei n tete. Nmo ná kuri se n tɔge de amo n vo Babilon teo kom, se dé kɛ. Amo wó taa nii n baŋa ne dáane. N nam ná ba lage se n vo da, ko dae fefeo. Ko wo nmo tei ne. Tega kanto na tigi n yiga ne palalala to, n wae n kuri mɛ maama n na lage to, se n vo n jeini da.” 5Jeremia ta wo kɛ ye o ta ta ded‑o o we, “Nam jwoori n vo Ahikam bu Gedalia tei. Babilon teo pɛ wom le wonto se o taa nii Judah kateiri dem teene dem mo o pa‑o. N wae n zoore wonto tei ne se n ta‑n wo n nɔɔna bam tetare ne. Ko ná dae konto, vei n na lage mɛ maama to, se n ta‑n zoore da.”
Nebuzaradan laam ma kwei pɛɛre o pa Jeremia ye o ta pa‑o wodiu se o taa jege o nii o tete. O ma daare o yage‑o pa o viiri zɛɛra. 6Jeremia ma vo Ahikam bu Gedalia tei Mizipa ne. O maa zoore de nɔɔna balo fenfee na daare ba wo Judah laŋa kam wone to.
Gedalia taane
7Judah teo jar-keira badwonna de ba yiga tiina déem ta kare ba beeri gaao wone, ba na wo sɛ ba pa Babilon pɛ wom to ŋwaane. Ba ma ni we pɛ wom le Ahikam bu Gedalia mo se o taa ye ba teo kom yuu tu se o nii nɔɔna balo ta na daare tega kam ne, ye ba wo kale-ba ba woli da ba vo Babilon teo to. Banto déem ye yiniga tiina mo, baara, de kaana, de bia. 8Jar-keira yiga tiina bam de ba nɔɔna bam déem ma vo Gedalia tei Mizipa ne. Yiga tiina bam yera mo tento: Netania bu Isameli, de Karea bia Johanan de Jonatan, de Tanhumefa bu Seraya, de Netofa tu Efayi bia bam, de Maaka tu Jezania. 9Gedalia ma ke baare ba kuri ne ye o du duuri o ta de-ba o we, “Yé ta‑á kɔre-na foone. Nam sɛ-na á pa Babilon tiina bam. Maŋe-na ywo dé teo kom ne, se á sɛ á pa Babilon teo pɛ, se á ŋwea ke lanyerane ka pa abam. 10Amo tete wó maŋe ywo Mizipa ne, se a yeini a ŋɔɔne a pa abam, ne Babilon tiina bam ná yeini ba ba se ba jeeri debam. Nam jwoori-na teo kolo maama á na di to se á ta‑á zoore ko wone. Abam maa wó gwori Vini tio-bia, de mɔɔro, se á daare á ta‑á ke sana de nuga á zega.”
11Judah dwi tiina balo déem na zoore Moaba ne, de Amon ne, de Edom ne, de teene dedwonna wone to ma ni we Babilon teo pɛ wom pɛ chwoŋa se nɔɔna fenfee daare Judah laŋa kam ne. Ba ta ma ni we o le Ahikam bu Gedalia mo se o taa nii ba baŋa ne. 12Ba maama ma zege ba ya na jage ba wo mɛ maama to ne ba jwoori Judah teo Mizipa, Gedalia tei ne. Ba déem ma tiini ba la sana de tio-bia dedɛ ba zege.
13Dɛ dedwe mo Karea bu Johanan, de jar-keira yiga tiina balo ya na wo sɛ ba pa Babilon teo pɛ wom to tu Gedalia tei Mizipa ne. 14Ba ma ta ded‑o ba we, “Ta‑n yei we Amon tiina pɛ Baalisi toŋe Netania bu Isameli mo se o ba o go‑m.” Gedalia maa wo sɛ ba taane dem.
15Johanan ma vo Mizipa o na Gedalia tega tega ye o we, “Nam pa-ne chwoŋa se a vo a seigi a go Isameli. Nɔɔn-nɔɔno bá lɔre ko ni ne. Bɛŋwaane mo dé wó taa jei dé nii se o go nmo? Konto ná kea, Judah tiina balo na tu nmo tei tento to maama wó jage mo, pa se balo na daare Judah laŋa kam ne to de jei.”
16Gedalia déem maa wo sɛ ye o ta de Johanan o we, “Yé ke konto! Nmo na tɛ Isameli yera taane tei to dae chega.”",https://www.bible.com/bible/3661/JER.40.KBG
JEREMIA 41,"1Bene dem konto chane serepɛ chana kam wone, mo Netania bu Isameli na ye Elisama naa to déem tɔge de nɔɔna fuga pa ba vo Mizipa. Wonto déem ye pa-diga kam wo nɔɔno mo. O ya ye pɛ wom dedɛɛra bam wone dedoa mo. O de o nɔɔna bam ma vo Ahikam bu Gedalia tei, ye ba jei ba di wodiu daane. 2Ba na wora ba di konto to, mo Isameli de nɔɔna fuga balo na tɔge o kwaga to le ba se-zɔɔro ba go Ahikam bu Gedalia, o na ye wolo Babilon teo pɛ na kuri se o taa nii teo kom o pa‑o to ŋwaane. 3Isameli ta ma go Judah tiina balo maama na wo Gedalia tei ne to, dedaane Babilon teo jar-keira balo de na wo Mizipa ne to.
4Tega na poore ye nɔɔna ta wo lɔre we ba go Gedalia to, 5mo nɔɔna fu-nɔnɔ tu ba yi Mizipa. Banto ya fane ba twana, ye ba ja ba gwaaro ba kaare kaare, ba daare ba gwoni ba yera maama wo-chechɔgɔ ŋwaane. Ba déem zege Sɛkɛm ne, de Siloo ne, de Samaria ne mo ba maa vei Jerusalem se ba zuli Baŋa Wɛ o wara-jei sem ne. Ba ma ja ba wodiu pɛɛra de talwoŋ-ywoŋa ba ba se ba pa Baŋa Wɛ. 6Ba na maa beene to, Isameli ma nwoŋi Mizipa ne o vo o jeeri-ba chwoŋa ne. O maa keeri ye o via. O na yi-ba to, mo o tage de-ba o we, “Ba-na se dé tɔge daane dé vo Ahikam bu Gedalia tei.” 7Ba na yɔɔre ba zo teo kom wone to, mo Isameli de o nɔɔna bam go-ba. Ba ma dole ba yera yam ba yage na-keim gwoŋo wone. 8Nɔɔna bam wone fuga nam ya tage de Isameli ba we, “Yé go debam, se dé ya seigi dé mena, de nuga, de tooro gaao kom jei sedwoŋi ne. Dé nam wó ja-te dé ba dé pa‑m.” Isameli ma sɛ ye o wo go-ba ne o na ke tei de nɔɔna badaara bam to. 9Isameli na go nɔɔna bam ye o kwei ba yera yam o dole o de gwoŋo kolo wone to, ye kolo Judah teo Pɛ Asa déem na koge to mo. O ya koge gwoŋ-kamunu kom se o ma che Mizipa teo kom se Isarele teo pɛ Baasa yé wane-ko o di mo. Netania bu Isameli déem kwei twa bam konto o suuri ko ni dem maama mo.
10Nɔɔna balo maama ta na daare ye ba wo Mizipa teo kom ne to, mo Isameli déem kale o ja o viiri. Ko maa ye pɛ bukwa bam, de balo maama Babilon babɛ sem yiga tu Nebuzaradan déem na kwei o ke Gedalia jeŋa ne se o taa nii ba baŋa ne to mo konto. Netania bu Isameli kale ba maama ye ba kwei chwoŋa ba maa vei Amon.
11Karea bu Johanan, de jar-keira yiga tiina balo maama na wo o tei ne to ma ni Isameli na ke lwarem kikia yalo to. 12Ba ma ja ba nɔɔna bam maama ba ke ba kwaga ne, ye ba pɛ Isameli de o nɔɔna bam kwaga ba pu. Ba déem vei ba yi-ba Gibeon bu-kayɔlɔ kom ni ne mo. 13Nɔɔna balo Isameli na kale se o ja o viiri to na nɛ Johanan de o jar-keira yiga tiina bam to, ba wo ma pwoli dedɛ. 14Ba ta ma pipiri ba yage Isameli, ye ba duri se ba jeeri Johanan de o kɔgɔ kom. 15Se ko ná ye Isameli, o de o nɔɔna nana mo lugi Johanan jeŋa ne pa se ba duri ba vo Amon teo.
16Karea bu Johanan de o jar-keira yiga tiina bam laam ma la nɔɔna balo ba na vere Isameli jeŋa ne to ba ke daane. Ko maa ye jar-keira, de kaana, de bia, de pɛ sɔŋɔ dedɛɛra balo Isameli ya na jaane Mizipa ne maŋa kalo o na go Gedalia to mo. Johanan ma kale ba maama o ja o kɛ. 17Ba ma vo ba yi Gerufe Kimeham ye ba ke da yalei dáane. Ko déem bwola de Bɛtelehem mo. Ba déem boŋe se ba vo Ejipti teo kom mo, 18ba na lage se ba lu Babilon tiina bam jeŋa ne to ŋwaane. Kokuri to, ba kɔre Babilon tiina bam mo. Ba yeiri kolo na wó yi-ba de Isameli na go Gedalia wolo Babilon teo pɛ ya na kuri se o taa nii Judah laŋa kam to.",https://www.bible.com/bible/3661/JER.41.KBG
JEREMIA 42,"Nɔɔna bam ve Baŋa Wɛ ni
1Jar-keira yiga tiina bam maama déem ma vo Wɛ sampwora Jeremia tei. Banto maa ye Karea bu Johanan, de Hosaya bu Jezania. Ba ma tɔge de nɔɔna badwonna na ye nɔn-kamuna de nɔn-balwa de, 2ba vo ba yi Wɛ sampwora Jeremia tei ye ba ta ded‑o ba we, “Ja! Cheigi dé na jege kolo se dé lwoori n tei ne to. Lwoori nmo Tu Baŋa Wɛ n pa debam balo ta na daare Judah ne to. Dé déem ye kɔgɔ mo. Laam nam nii, dé daare fenfee yerane mo. 3Nam lwoori Baŋa Wɛ se o bere debam dé na wó vo mɛ, dedaane dé na wó ke tei to.”
4Jeremia ma leiri-ba o we, “Tɔ! A niga. Amo wó seene a lwoori abam Tu Baŋa Wɛ ne á na tage tei to. O nam ná tage kolo o bere-ne, amo wó ta a de á zwa ne. A bá seigi kolokolo á yiga ne.”
5Ba daa ma ta de Jeremia ba we, “Baŋa Wɛ ye chega Tu. Wonto wó maane dé na tage kolo to chekke ye o waare debam, ne dé ná wo ke dé tɔge o na we dé ke tei to. 6Debam na toŋe nmo Baŋa Wɛ tei ne to, dé wó yɔɔre dé ke o na we dé ke tei to mo. O kwora kam ná ywomma, naa ka ná chamma, dé wó sɛ dé Tu Baŋa Wɛ ni dem mo se wonnu da chwoŋa te pa debam.”
7Taane dem konto kwaga ne, da fuga mo kɛ ye Baŋa Wɛ laam pa Jeremia o kwora. 8O ma bwoŋi Karea bu Johanan, de jar-keira yiga tiina balo na wo o tei ne to, de nɔɔna bam maama, nɔn-kamuna de nɔn-balwa de, se ba jeeri daane. 9O ma ta de-ba o we, “Abam toŋe amo Isarele tiina Baŋa Wɛ wom tei ne mo. O nam we tento mo: 10‘Abam ná maŋe tega kanto ne á zoora, amo wó fɔge a lɔ abam a zege mo, se a bá vaare abam a de tega ne. A ta wó jeiri abam mo te-ywoŋa jei ne, se a bá vuuri abam a gɔ a yage. Kokuri to, a wo tiini ko chɔge de a na pɛ lɛɛro telo ba abam baŋa ne to. 11Nam daa yé ta‑á kɔre foone de Babilon teo pɛ wom, se amo wo á tei ne se a jwoŋi abam o jeŋa ne a yage. 12Amo laam maa wó duri á yibwona, ye a pa se Babilon pɛ wom de duri á yibwona se o pa á jwoori á tete teo kom wone á ta‑á zoore da. Amo Baŋa Wɛ na tage tei to mo konto.’
13Abam nam daa yé ve abam Tu Baŋa Wɛ ni dem se á ta nenɛɛne, ‘Debam bá maŋe teo konto ne’. 14Á yé ta‑á tɛ we, ‘Dé wó vo dé taa zoore Ejipti teo kom wone mo. Dáane mo jara daa bá daane debam. Dé bá ni jara-keim nabwanno kwori. Kana daa bá ja debam dáane.’ 15Abam Judah tiina balo nam na daare tega kam ne to, cheigi-na Baŋa Wɛ taane dem. Paŋwa Tu Baŋa Wɛ wom na ye Isarele tiina Wɛ to na tage tei to mo tento: ‘Abam nam ná kuri se á vo Ejipti teo kom á ta‑á zoora, 16nam lɔre-na we jara-keim delo á na kɔre to wó yi abam dáane. Abam nam na kɔre we kana wó ja abam ywo to, ka wó seene ka yi abam dáane. Á wó te Ejipti ne. 17Chega ŋwaane to, ko ná ye balo maama na lage ba duri ba vo Ejipti se ba taa zoore da to, banto wó te jara wone, de kana baŋa ne, de jawe-chɛɛro baŋa ne mo. Ba wolowolo bá lu de lɛɛro telo a na wó kwei a ke ba yera ne to.’ 18Paŋwa Tu Baŋa Wɛ wom na ye Isarele tiina Wɛ to na tage tei to mo tento: ‘Á ná yɔɔre á vo á zo Ejipti teo kom ne, amo wó tiini a lwo a ban-lom abam baŋa ne, ne a bane déem na zaŋe de Jerusalem tiina ye a ke-ba tei to. Á wó ji wo-zɔɔna nɔɔna maama yia ne, pa se ba neese abam. Ba wó taa mɔne abam, ye ba daare ba mae á yere ba sɔɔle lwarem ba pa daane. Abam de nam bá jwoori ywo se á na tega kanto.’ ”
19Jeremia ta ma ta o we, “Abam Judah tiina balo na daare á tega kam ne to, Baŋa Wɛ maŋe o ta de abam o we, ‘Yé zaŋe-na á vo Ejipti teo kom.’ Nam ta‑á yei-na amo zem na kaane abam tei to. 20Lɔre-na we abam mo ke á sa chwoŋa de á na toŋe-ne á Tu Baŋa Wɛ wom tei ne, ye á ta á we, ‘Lwoori dé Tu Baŋa Wɛ wom n pa debam, se n daare n ta o na we dé ke tei to, se dé wó sɛ o ni dem konto.’ 21Amo zem nam tage Baŋa Wɛ kwora kam a bere abam. De ko de, á ta lage á ve o ni delo maama o na pɛ-ne se a ta de abam to mo. 22Konto ŋwaane, yɔɔre á ta‑á yei we, á ná vei á yi jeiga kalo á na boŋe se á vo á ta‑á zoore da to, á wó te jara wone, de kana baŋa ne, de jawe-chɛɛro baŋa ne mo.”",https://www.bible.com/bible/3661/JER.42.KBG
JEREMIA 43,"1Jeremia déem ma ta de nɔɔna bam kwora kalo maama ba Tu Baŋa Wɛ na pɛ‑o se o ta to. 2O na ti to mo Hosaya bu Azaria, de Karea bu Johanan, de boyere nyena badaara bam tage de Jeremia ba we, “N fɔe vwa mo! Dé Tu Baŋa Wɛ bere o wo toŋe‑m debam tei ne se n ta we dé yé vei dé taa zoore Ejipti ne. 3Dé lɔre n lɔra. Ko nam ye Neria bu Baruki mo chuchugi‑m se n ta tento n bere debam. O maa boŋe se Babilon tiina bam mo na dam dé baŋa ne, se ba wane ba go debam, naa ba kale debam ba ja ba viiri.”
4Johanan, de jar-keira yiga tiina bam maama, de nɔɔna bam maama ma ve Baŋa Wɛ ni dem se ba maŋe Judah laŋa kam ne. 5Johanan, de jar-keira yiga tiina bam ma la nɔɔna balo maama na nwoŋi ba ya na jage ba wo teene delo maama wone ye ba jwoori Judah laŋa kam se ba taa zoore da to ba ke daane se ba kɛ Ejipti. 6Ba ta ma ja nɔɔna balo maama Babilon babɛ sem yiga tu Nebuzaradan na yage o pa Ahikam bu Gedalia se o taa nii-ba to ba ja ba kɛ. Baara, de kaana de bia maa wo kɔgɔ kom wone, ko woli de pɛ bukwa bam. Wɛ sampwora Jeremia dedaane Neria bu Baruki de déem tɔge ba wo ba wone. 7Nɔɔna bam ma yɔɔre ba ve Baŋa Wɛ ni dem, ye ba vo Ejipti. Ba ma vo ba yi Tapanahesi teo kom.
8Ba na wo teo kom konto ne to, mo Baŋa Wɛ pɛ Jeremia o kwora o we, 9“Beeri kandwa-zana n ja n vo Ejipti Pa-faro sɔŋɔ kolo na wo Tapanahesi ne to. Kwei-ya n suli mɛ ba na kwei dɔgɔ ba fɔge manchwo-peena yam to. Nam ke konto se Judah dwi tiina bam taa zege da ba nia. 10Laam ta de-ba we, ‘Paŋwa Tu Baŋa Wɛ wom na ye Isarele tiina Wɛ to na tage kolo to mo tento: Amo lage a toŋe a bwoŋi Babilon teo Pɛ Nebukadeneza mo se o ba ywo. Wonto ye a tontoŋeno mo. Amo laam maa wó chwi o paare yituŋu kom se ko ja tega kandwa yanto a na seigi to baŋa ne. Wonto wó yarege o woro kom se ko yi yanto de. 11O wó ba o kwaare jara de Ejipti tiina bam. Balo na ye se ba te to maa wó te. Balo maa na ye se ba kale-ba ba ja viiri to, ba wó kale-ba ba ja viiri mo. Balo nam na ye se ba te jara wone to wó yɔɔre ba te jara wone mo. 12Amo wó pa Nebukadeneza zwɛ Ejipti tiina jwona di sem se o daare o zwɛ ba jwona yam de, naa o pɛ-ya o ja o viiri. O lage o zɔre Ejipti tega kam mo kiliŋi, ne nayero na yeini o le kasele o gɔrɔ yera ne tei to. O laam maa wó jwoori o tete teo de yazura. 13O yɔɔre o lage o zo diga kalo Ejipti tiina na zuli wea jwoni dem ka wone to mo. O ta wó yigi kandwa yalo ba na chwi ba jwoni dem konto ŋwaane to o de tega ne. O laam maa wó zwɛ Ejipti tiina jwona yam di sem maama.’ ”",https://www.bible.com/bible/3661/JER.43.KBG
JEREMIA 44,"Jwona kaanem wó ja waarem ko ba
1 Baŋa Wɛ déem daa ma pa Jeremia kwora kanto se o pa Judah tiina balo na tu ba zoore Ejipti ne to. Balo na zoore Migidola ne, de Tapanahesi ne, de Memfisi ne, dedaane Ejipti teo tega-kuri seeni to mo konto.
2Paŋwa Tu Baŋa Wɛ wom na ye Isarele tiina Wɛ to na tage kolo to mo tento:
“Abam yi nɛ lɛɛro telo a na pɛ ko yi Jerusalem teo kom, de Judah teene dem maama to. Jei sem konto zem tigi di-dwonnu yerane mo. Nɔɔn-nɔɔno ba zoore de wone. 3Ko nam ye ba lwarem kikia yam ba na ke to ŋwaane mo a bane zaŋe de-ba. Ba zwɛ wonnu ba ma ke kaanem ba pa wa-yɔɔro. Ba ma yɔɔre ba zuli wa yalo ba ya na yeiri to. Abam, de á nabaara bam de ya yeiri-ya. 4A ma yeini a toŋe a sampwori sem á tei ne titwon-twono. Ba de maa tɛ ba we, ‘Yé ta‑á ke wo-zɔɔna yanto amo na tiini a chuli to!’ 5Amo nɔɔna bam nam wo cheigi ba ni-kaana yam. Ba wo sɛ se ba yage ba lwarem kikia yam, ye ba ta yɔɔre ba zuli wa-yɔɔro tem konto. 6Mo kokuri, a lwogi a ban-lom Judah teene dem baŋa ne, de Jerusalem teo chwei sem baŋa ne, pa se teene dem konto tiini de chɔge de tigi di-dwonnu yerane, de zem maama.”
7Paŋwa Tu Baŋa Wɛ wom na ye Isarele tiina Wɛ to na tage tei to mo tento:
“Bɛŋwaane mo abam yɔɔre á lage se á ja lɛɛro á ba á tete baŋa? Abam lage se á baara, de á kaana, de á bia, de bu-sese sem maama mo jei, se nɔɔn-nɔɔno daa yé daare Judah dwi tiina bam wone mo na? 8Á na tu á zoore Ejipti teo ywo-seeni ye á je de ke wonnu telo to de á na zuli wa-yɔɔro tei to mo chuchugi a bane. Á boŋe se á da ko ŋwaane á chɔge á tete mo na? Dwi tiina maama wó yaale abam mo ye ba daare ba taa mae á yere ba sɔɔle lwarem ba pa daane. 9Abam swei á nabaara bam déem na toŋe lwarem kikia yalo to mo na? Á ta swei Judah teo pwa, de ba kaana bam, ko ta woli de abam tete, de á kaana bam na ke lwarem kikia yalo to mo na? Abam maama ke á tusi konto mo Jerusalem teo kom wone dedaane Judah teene dem maama ne. 10De zem maama de, abam wo bere we á wo chɔge de á kikia yam. Á ma‑á ba nege-ne de. Abam bere á wo sɛ se á tɔge nia yalo a déem na kwei a pa abam de á nabaara bam to.”
11Paŋwa Tu Baŋa Wɛ wom na ye Isarele tiina Wɛ to na tage kolo to mo tento:
“Amo boboŋa laam nam jaane ya ti se a pa lɛɛro ba á baŋa mo, se a daare a chɔge Judah dwi dem maama. 12Chega to, ko ná ye Judah tiina balo ya na daare ba teo kom ne ye ba boboŋa laam ja se ba vo Ejipti ba taa zoore da to, amo lage a chɔge-ba mo kula. Ba maama wó maŋe Ejipti teo ne ywo mo ba te. Ko ná maŋe ko ye nɔn-kamuna de nɔn-balwa de, ba maama lage ba te jara wone, naa kana baŋa ne mo. Á wó ji wo-zɔɔna nɔɔna maama yia ne, se ba taa neese abam. Ba wó taa mɔne abam, ye ba daare ba taa mae á yere ba sɔɔle lwarem ba pa daane. 13A lage a ke balo na tu ba zoore Ejipti ne to ne a na ke tei de balo na wo Jerusalem ne to mo. Ba de wó te jara wone, de kana baŋa ne, de jawe-chɛɛro baŋa ne mo. 14Judah tiina balo maama ya na daare ye ba vo Ejipti teo ba zoore da to wolowolo bá lu cham dem konto wone. Ba daa bá jwoori Judah teo kom, se ba taa zoore da, de ba na maŋe ba jege teena se ba jwoori tei to de. Se ba wone nɔɔna fenfee yerane mo lage ba jwoori ba tete teo kom ne.”
15Jeremia na tage konto to, baara balo maama na yei we ba kaana yeini ba zwɛ wonnu ba ma ke kaanem ba pae wa yadwonna to, de kaana balo maama na zege da to ma leiri o taane dem. Ba déem ye Judah tiina balo maama na tu ba zoore Ejipti teo kom baŋa de kuri seeni to mo. 16Ba maa we, “Dé bá sɛ taane delo n na tɔge Baŋa Wɛ yere ŋwaane n ta n bere debam to. 17Dé wó ke dé boboŋa na jaane se dé ke tei maama to mo. Debam lage dé zwɛ wonnu mo dé ke kaanem de pa dé Telaao Pa-kana jwoni dem mo, ye dé daare dé lwo sana dé pa-de. Dé wó yɔɔre dé ke nenɛɛne debam, de dé kwoa, de dé pwa, de dé nakwa déem na ke tei Jerusalem teo kom wone de Judah teene dem maama wone to mo. Kokuri to, maŋa kam konto ne, dé déem jege wodiiru dé di dé sui, ye lɛɛro ba yi debam. 18Nam nii! Dé daa na ba zwɛ wonnu dé pae ‘Telaao Pa-kana kam’, ye dé daare dé lwoi sana dé pa‑o to, dé bere dé ba nae ywoni. Dé nɔɔna bam yɔɔre ba to jara wone mo, ye kana de goe ba badwonna.”
19Kaana bam de ma ta ba we, “Debam déem na jege wonnu dé zwɛ dé pae Telaao Pa-kana kam, ye dé ta lwoi sana dé pa‑o to, dé banna yeiri ko ni ne na? Banto nam mo yeini ba zege dé kwaga ne ye dé fɔge maasa na lwoni jwo-kana kam konto nyenyego.”
20Jeremia ma ta de nɔɔna balo na zege ba tɛ taane dem konto ba bere‑o, baara de kaana maama to, o we, 21“Ko ná ye wonnu telo abam, de á kwoa bam, de á pwa, de á nakwa, de teo kom nɔɔna maama déem na zwɛ ba ma ba ke kaanem ba pa wa yadwonna Jerusalem teo kom wone de Judah teene dem maama wone to, abam boŋe we á kikia yam konto wo zo Baŋa Wɛ boboŋa ne mo na? O nam wo swei ya swia. 22Baŋa Wɛ yera déem yɔɔre ya chɛ de á puseŋa kikia, de á totoŋ-vɛɛsa yam mo. Mo kokuri o pɛ se á tega kam ji di-dwonnu yerane ye nɔɔn-nɔɔno ba zoore ka wone. Nɔɔna maa yeini ba mae ka yere ba sɔɔle lwarem ba pa daane. 23Abam zem na jege lɛɛro tento á di to zege á tete yera ne mo. Abam zwɛ wonnu mo á pa jwona pa se á tusi á chɔge Baŋa Wɛ yiga. Abam nam ba sɛ o nia yam, de bera yalo o na tiŋi o pa abam se á ta‑á tɔge-ya to.”
24Jeremia laam ma ta de nɔɔna bam maama, ko fɔge ko dae kaana bam, o we, “Abam Judah tiina balo maama na tu á zoore Ejipti teo ne to, cheigi-na Baŋa Wɛ taane dento. 25Paŋwa Tu Baŋa Wɛ wom na ye Isarele tiina Wɛ to na tage kolo to mo tento: Abam de á kaana bam ya na maŋe á ja boboŋa se á ke tei to mo á seene á jege á ke. Kokuri to, abam feiri ni mo ye á we, ‘Debam wó ke dé su kampwola kalo dé na we dé wó zwɛ wonnu dé pa Telaao Pa-kana kam, se dé ta lwo sana dé pa‑o to.’
Ko maŋe. Yɔɔre á ke-na á na feiri á ni we á wó ke tei to. 26Abam Judah tiina balo nam na zoore Ejipti teo wone to, cheigi-na taane delo Baŋa Wɛ na jege se o ta de abam to: Amo dugi a yere-kamunu kom ŋwaane we abam Judah tiina balo na wo Ejipti teo jei selo maama ne to wolowolo daa bá kwei amo yere o ma o du duuri, naa o feiri ni se o ta we, ‘Amo kwei Yuu-tu Baŋa Wɛ na ye Ŋwea Tu to yere se a ta tento.’ 27Amo yɔɔre a zege a nii-ba se a ja lɛɛro mo a ba ba baŋa, se ko dae lam. Judah tu wolo maama na wo Ejipti ne to wó te mo. Ba lage ba te jara wone mo, naa kana mo wó go-ba, se ba maama jei. 28Ko nam na ye tei to, ba fenfee wó lu jara wone de ba ŋwea, se ba nwoŋi Ejipti teo ne ba jwoori ba jeini Judah laŋa kam ne. Konto to, Judah tiina balo maama na daare to wó lɔre wolo taane na jigi chega to, ko ná ye amo nyem dem, naa banto nyem dem mo.
29 Baŋa Wɛ ta na tage kolo to mo tento: A nam wó ke memaŋe se á lɔre we a seene a lage a waare abam mo jei sento ne. Ko ta wó pa se á maane we amo na tage we lɛɛro telo maama wó yi abam to wó seene te ke. 30A lage kwei Ejipti teo Pa-faro Hofera a ke o dona balo na beeri‑o se ba go to jeŋa ne mo. Ko wó ke ne a déem na kwei Judah teo pɛ Zedekia a ke o dono Babilon teo pɛ Nebukadeneza jeŋa ne tei to mo. Nebukadeneza de nam ya beeri‑o mo se o go.”",https://www.bible.com/bible/3661/JER.44.KBG
JEREMIA 45,"Wɛ na pɛ Baruki kwora kalo to
1Judah teo pɛ Josia bu Jehoyakim paare dim bena yana bene dem ne mo Wɛ sampwora Jeremia déem lwoni Baŋa Wɛ taane o bere Baruki, ye Baruki de popone-de o tiŋi tɔnɔ wone. Jeremia déem tage ded‑o o we, 2“Isarele tiina Baŋa Wɛ wom na tage kolo de nmo Baruki to mo tento: 3Nmo kare n tɛ mo n we, ‘Lɛɛro wo a yuu ne! Baŋa Wɛ fɔge o kwei wo-chechɔgɔ mo o woli a zonne dem wone. Amo yera laam chɛ mo de vuvunim, ye siu tera a tei ne.’ ”
4 Baŋa Wɛ nam pɛ Jeremia ni se o ta de Baruki we, “Baŋa Wɛ na tage kolo to mo tento: Amo lage a yigi wonnu telo a na lɔge to mo a de tega ne, se a daare a gɔ wonnu telo a na jeiri to a yage. A nam wó ke konto mo tega baŋa maama ne. 5Konto ŋwaane, nmo ná beeri kamunim se n pa n tete, yé ke konto. Kokuri to, amo lage a pa lɛɛro mo yi nabiina maama. Ko daare nmo, amo wó pa se, n ná ma‑n vei mɛ maama, se n jwoŋi n tete n yage. Amo Baŋa Wɛ na tage tei to mo konto.”",https://www.bible.com/bible/3661/JER.45.KBG
JEREMIA 46,"Wɛ wó waare dwi-gɛ tiina
46:1–51:64
Ejipti teo taane
1 Baŋa Wɛ na pɛ o sampwora Jeremia kwora kalo dwi-gɛ tiina seeni to mo tento:
2Ejipti teo taane mo tento. Judah teo pɛ Josia bu Jehoyakim paare dim bena yana bene dem ne mo Babilon teo pɛ Nebukadeneza déem wane Ejipti Pa-faro Neko jara wone. Jara yam déem ke Karekemisi laŋa ne mo ye ko bwola de Yuferata buga kam. Ejipti Pa-faro jar-keira bam taane mo tento:
3“Tigisi-na á zege de á jara zela
se á vo á ke jara!
4Kwɛ-na á sisein-nɔɔna bam
se á daare á di-se.
Chichei á zege jara zega
ye á yu-gwonnu wo á yuni ne.
Dwori-na á chichwoa yam,
se á fɔge á vɔ á jara zela yam.”
5 Baŋa Wɛ ta ma ta o we,
“Bɛ mo amo nam nii a nae?
Foone mo tiini de zo-ba!
Ba bembɛ sem yɔɔre ba tutwoni ba jwoori kwaga mo,
ba na to jara wone to ŋwaane.
Ba yɔɔre ba ke lela mo se ba duri ba lu.
Ba daa ba bare se ba nii kwaga ye tetɛ.
Nɔɔna fugi-ba mo jei maama ne.
6Bembɛ selo na wara to bá lu,
ba ná maŋe ba duri lela tei de.
Ba ná duri ba yi tega kam baŋa seeni,
ba lage ba to ba te
Yuferata buga kam ni ne mo.
7Wɔ mo zaŋe wɛɛne tento,
ne Naili buga kam na yeini ka su ka pɛɛle tei to?
8Ejipti teo mo konto.
Ko yɔɔre ko zaŋe mo ne Naili buga na ke tei to.
Ko yɔɔre ko zaŋe mo fugi-fugi.
Ejipti tiina maa tɛ ba we,
‘Dé wó zaŋe dé faare logo baŋa jei maama mo.
Dé laam maa wó chɔge teene dem,
dedaane de nɔn-bia.’
9Fe-na á sisein-nɔɔna bam se se vo jara wone!
Duri-na á torokooro tem de fora!
Abam bembɛ sem, nwoŋi-na se á kwaare jara.
Kusi tiina, de Puti tiina,
ja-na á jara tankwallo á nwoŋi.
Ludi tiina, saŋe-na á tɛ sem.
10Paŋwa Tu Baŋa Wɛ nam mo tei dɛ dento.
De ye jena ŋweem dɛ mo,
dɛ delo ne o na wó ŋwe jene o dona baŋa ne to.
O se-zɔɔ kom wó go ba maama ko ti.
Ko ta wó nyɔ ba jana ko su,
se ko laam yage ba chɔgem.
Kokuri to, Yuu-tu Baŋa Wɛ na ye Dam-fɔrɔ Tu to
lage o ma o dona o ke kaanem mo
Yuferata buga kam ni ne.
11Ejipti tiina bam, á tiini á bwona.
Nam véi-na Gilead laŋa kam
á beeri liri á ma‑á yɔɔre á tete.
Abam nam na jege liri selo á ma á yɔɔre á tete to
ware abam se se jwoŋi.
12Logo baŋa dwi tiina wó ni
chaveera na jaane abam tei to.
Á keira kam de wó jage
ka yi tega baŋa jei maama ne.
Abam teo babɛ sem wó gare daane mo,
ye ba maama laam tiri ba to da-baŋa ne.”
Babilon teo pɛ Nebukadeneza taane
13Kwora kalo Baŋa Wɛ na pɛ o sampwora Jeremia se ko vo Babilon teo pɛ Nebukadeneza na lage o kwaare jara de Ejipti teo kom tei to mo tento:
14“Tɔɔle taane dento se de jage de yi Ejipti teene dem maama.
Pa se Migidola tiina ni-de,
se Memfisi tiina, de Tapanahesi tiina de ni-de.
‘Ke-na á tete daane se á ke jara!
Kokuri to, nɔɔna balo na gilimi abam to
wora ba to jara wone mo.’
15Bɛ mo ke ye abam teo bembɛ sem to ba tigi ba pwi baŋa ne konto?
Ba ware ba zege wɛɛne,
kokuri to, Baŋa Wɛ mo yigi-ba o de tega ne.
16Á jar-keira kɔgɔ kom tiri konto mo taa.
Ba laam maa wó vo ba to ba daŋe da-baŋa ne.
Ba wó ta daane we,
‘Pa-na se dé zaŋe dé jwoori
dé tete nɔɔna tei dé tete teene dem wone,
se dé lu jara wone ye dé ta ŋwe.’
17Ba ná yi sɔŋɔ mo ba wó taa tɛ ba we,
‘Ejipti teo Pa-faro wom yɔɔre o ye sɔɔ yerane mo.
O ya nɛ chwoŋa se o ke o boboŋa,
ye o yage-ka pa ka kɛ ka daare‑o.’ ”
18Paŋwa Tu Baŋa Wɛ nam ye Pɛ mo chekke.
Wonto mo we, “Amo yɔɔre a ye Ŋwea Tu Baŋa Wɛ mo.
Babea wó ba o jeeri abam o na ye kamunu
ne Tabora peo kom na dwoi peero maama tei to.
Kotu wó taa zege wɛɛne chwolololo,
ne Kamele peo na zege wɛɛne tei naneo kom ni ne to.
19Abam balo na zoore Ejipti wone to,
lu-na á zela á ke daane,
se ba lage ba kale abam mo
ba ja ba vo sa-teo yiga yiga.
Kokuri to, Memfisi teo wó ba ko chɔge,
pa se ko ji di-dwonnu mo
ye nɔɔn-nɔɔno ba zoore da.
20Ejipti teo nye de na-chwɛ mo na lana chekke to.
De ko de, zɔɔ nam mo wó nwoŋi baŋa seeni
ko ba ko done-ko.
21Ejipti tiina na jene jar-keira balo se ba woli-ba to
nye de na-paala na nugi bigila bigila to mo.
Banto de pipiri ba duri mo se ba lu jara wone,
ba na ware se ba jeeri ba dona bam to ŋwaane.
Ko yɔɔre ko ye lɛɛro maŋa mo ko pa Ejipti tiina bam.
Maŋa yia se ba na waarem.
22Ejipti nye ne basankwea mo.
O ke lela lela se o duri o lu, ye o sweesa,
o dona na pare‑o vera-vera de dam to ŋwaane.
Ba jege ba dwoora mo ba beene se ba go‑o,
ne nɔɔna na gwoni teeni ba de tega ne tei to.
23Ba jar-keira bam ná maŋe ba lini de kɔgɔ tei maama de,
ba wó gwoni ba maama ba de tega ne.”
Baŋa Wɛ na tage tei to mo konto.
“Kokuri to, ba dona bam yɔɔre ba yo mo
ne kayere dwoŋi tei to.
Nɔɔna ware ba ni se ba ga ba ti.
24Ejipti tiina bam wó di chaveera,
baŋa seeni nɔɔna bam na wó di-ba jara wone to ŋwaane.”
25Paŋwa Tu Baŋa Wɛ wom na ye Isarele tiina Wɛ to tage tento mo o we:
“Nii-na! A ti a yiga mo se a waare Tebesi teo jwoni Amon, de Ejipti jwona yadwonna yam. A nam ta wó waare Ejipti Pa-faro wom, de ko pwa badwonna bam, de ko nɔn-bia bam, ko ta woli de balo maama na kwei ba chega ba daŋe Ejipti Pa-faro wom baŋa ne to. 26A yɔɔre a lage a kwei-ba mo a ke balo na beeri-ba se ba go to jeŋa ne. Ko maa ye Babilon teo Pɛ Nebukadeneza de o dedɛɛra bam mo konto. Kwaga seeni, a nam wó pa se ba daa jwoori ba taa zoore Ejipti wone ne faŋa kam to.”
Baŋa Wɛ na tage tei to mo konto.
Baŋa Wɛ wó jwoŋi o nɔɔna o yage
27“Amo tontoŋena, Jakob dwi tiina bam,
yé ta‑á kɔre-na foone.
Isarele tiina bam, nam yé ta‑á lwei-na.
Ko ná ye balo na pe abam ba yage teo wone yiga yiga to,
a lage a jwoŋi abam de á dwi dem banto jeŋa ne mo a yage.
Jakob dwi tiina bam wó jwoori ba tete teo de yazura,
ye nɔɔn-nɔɔno daa bá ke se foone zo-ba.
28Amo tontoŋena, Jakob dwi tiina bam,
yé ta‑á kɔre-na foone.
Kokuri to, amo wo abam tei ne.
Amo wó yɔɔre a chɔge teene delo maama
a ya na jage abam a yage de wone to.
Se ko ná ye abam, a bá chɔge abam fase.
Amo wó yeini a korese abam.
A nam ná waare abam maŋa de maŋa,
ko wó taa tɔge chega chwoŋa mo.”
Baŋa Wɛ na tage tei to mo konto.",https://www.bible.com/bible/3661/JER.46.KBG
JEREMIA 47,"Filisi tiina taane
1 Baŋa Wɛ na pɛ o sampwora Jeremia kwora kalo Filisi tiina bam ŋwaane, ye Ejipti Pa-faro wom ya ta wo kwaare jara de Gaza teo to mo tento:
2 Baŋa Wɛ na tage kolo to mo tento:
“Nii-na baŋa seeni!
Na-fɔrɔ zaŋe jei sem konto ne ba beena!
Ba nam yɔɔre ba wuuri de baare mo
se ba su ba pɛɛle tega kam maama
ye ba di kolo maama na wo ka wone to.
Na bam wó chɔge teene dem
de balo na zoore de wone to mo.
Nɔɔna wó taa keeri mo ba lwoori wolim.
Balo maama na zoore tega kam wone to wó taa chwoosa.
3Nɔɔna bam wó ni sisein-nɔɔna napɔɔna na dɔna.
Ba dona jara-keim torokooro tem de maa ke sɔɔ,
te nɛ sem na dɔne to ŋwaane.
Nɔɔna wó duri ba daare ba bia,
foone na jege-ba ye ba vɔna pare to ŋwaane.
4Kokuri to, dɛ delo Wɛ na wó chɔge
Filisi tiina bam maama to yia.
Maŋa yia se balo ta na daare
ye ba woli Tura de Sidon tiina to jei.
Baŋa Wɛ ti o yiga mo se o chɔge Filisi tiina balo ta na daare to.
Banto ya nwoŋi Kiriti naneo ni dem ne mo.
5Gaza tiina wó cheeri ba yuni wo-chechɔgɔ ŋwaane.
Asekelon tiina de wó ke chemm.
Abam balo ta na daare te-kampare laŋa kam ne to,
á ta wó taa gwe á yera yam wo-chechɔgɔ ŋwaane na?
6Abam maa laara ye á tɛ á we:
‘Se-zɔɔ kolo na wo Baŋa Wɛ jeŋa ne to,
nmo wo ta wo to de n na gwoni debam tei to na?
Jwoori n zo n pwolo kom wone,
se n ta‑n tigi da n sia!’
7Ko nam bá wane ko sii,
Baŋa Wɛ na pɛ-ko kwora to ŋwaane.
O ma pa ni se ko vo ko jeeri Asekelon tiina,
de balo na zoore naneo ni seeni to,
se ko chɔge-ba fase.”",https://www.bible.com/bible/3661/JER.47.KBG
JEREMIA 48,"Moaba teo taane
1Moaba teo taane mo tento.
Paŋwa Tu Baŋa Wɛ wom na ye Isarele tiina Wɛ to na tage kolo to mo tento:
“Lɛɛro mo wo Nebo teo yuu ne,
ko na lage ko chɔge to ŋwaane.
Kariafayim de wó yaale
ba na di-ko jara wone to ŋwaane.
Ba lage ba yigi ko dam jei sem ba de tega ne mo,
pa se teo kom nɔn-bia bam na ba chaveera.
2Moaba teo daa ba jege yere se nɔɔna taa tei-ko.
Moaba dona bam wó zege Hesebon ne
ba bwɛ ba na wó de-ko tega ne tei to.
Ba wó ta we,
‘Pa-na se dé lɛɛre dé ti teo konto.’
Teo kolo ba na bwoi we ‘Chichwooru teo’ to
laam wó maŋe da mo yirr,
ba na wó pare abam de jara to ŋwaane.
3Cheigi-na se á ni nɔɔna na keeri tei Horon wone,
vuvuga de cham na to ba wone to ŋwaane.
4Moaba teo lage ko chɔge maama mo.
Ko bia bam wó laare dedɛ.
5Ba kwei Luhifi chwoŋa kam mo ba maa kɛa.
Ba na maa diini to mo ba yɔɔre ba keeri taa.
Ba ta kwei Horon chwoŋa kam mo ba maa tua,
ye ba laare we ba teo kom chɔge.
6Ba maa we, ‘Duri-na se á lu de á ŋwea!
Véi á zo-na kagoa kam wone ne bonaga tei.’
7Abam Moaba tiina kwei á chega á daŋe
á totoŋa de á jejegero baŋa ne mo.
Á dona nam wó wane abam ba di.
Ba wó kale á jwoni Chemosi de ba ja ba vo sa-teo,
ko ta woli de de kaanem tiina de balo na toŋe ba pa-de to.
8Á dona wó ba se ba kwaare jara
á teene dem maama baŋa ne.
De maama wó chɔge fase.
Teene delo na wo bwolo ne to,
de delo na wo te-kampare ne to de,
maama lage de ji di-dwonnu yerane mo,
nenɛɛne amo Baŋa Wɛ na tage tei to.
9Ko-na yibeeli se á suli Moaba de wone,
ko na wó taa tigi mo yɔɔ yerane to ŋwaane.
Moaba teene dem maama wó ji di-dwonnu mo,
se nɔɔn-nɔɔno daa yé taa zoore de wone.”
10Ko ná ye wolo maama na ve se o taa toŋe o pa Baŋa Wɛ de o wo maama to, Wɛ wó sɔɔle lwarem o yage kotu yuu ne!
Ko ta ná ye wolo na wo sɛ se Moaba tiina jana taŋe o se-zɔɔ yera ne to, Baŋa Wɛ wó sɔɔle lwarem o yage kotu de yuu ne!
11 Baŋa Wɛ ta ma ta o we:
“Ko na zege Moaba nɔn-donne maŋa ne
se ko yi leile tento to,
kolokolo wo gigiri‑o.
Ba ta wo kale Moaba tiina ba vo sa-teo
se ba lɔre ko na ye tei to.
Ba nye ne sana balo sabɔle na tigisi de dɔ to mo.
Nɔɔn-nɔɔno ta wo kwei-ba kambia dedoa ne,
se o lwo o ke kadwoŋi wone.
Konto nam mo pɛ se sana bam konto ywoni ba leira.
Ba lwom de ta maa ye de na ye tei to.
12Maŋa nam lage ka yi se a toŋe nɔɔna Moaba tiina tei ne
se ba kwei-ba ba lwo ba yage.
Ba lage ba kwoori sana bam maama mo ba lwo ba yage,
se ba daare ba chochoge kambi sem.
Amo Baŋa Wɛ na tage tei to mo konto.
13Moaba tiina jwoni Chemosi wó pa ba di chaveera,
ne Isarele tiina déem na pɛ ba jwoni dem chega Bɛtel ne
pa se ba di chaveera tei to.
14Moaba tiina bam, bɛ mo ye á kare á tɛ we,
‘Debam ye bembɛ mo!
Dé yei jara-keim lanyerane’?
15Moaba dona bam nam wó kaare ba teene dem ba pu,
ye ba daare ba chɔge de maama!
Ko ná ye Moaba nɔn-donno telo na jege jwa to,
ba lage ba go ba maama mo.
Pɛ wolo yere na ye Paŋwa Tu Baŋa Wɛ to mo tage konto.
16Moaba tiina cham maŋa kam yi ka ti.
Lɛɛro mo wó ke lela te ba ba baŋa.
17Abam teene delo maama na gilimi Moaba
ye á yei o yere déem na zaŋe tei to,
keeri-na á pa‑o.
Ta‑á tɛ-na we,
‘O paare nacheiga kam laam bwori!
Moaba daa ba jege dam!’
18Abam balo na zoore Dibon ne to,
yage-na á kamunim dem,
se á tu á tete á ta‑á jei fwogo wone.
Moaba dona bam beene abam baŋa,
se ba yɔɔre ba chɔge á dam jei sem mo.
19Abam balo na zoore Arowa ne to,
ta‑á zege-na chwoŋa ni ne se á ta‑á nia.
Á ná nɛ baara de kaana na duri se ba lu jara wone,
se á bwei-ba we, ‘Bɛ mo jege ko ke?’
20Ba laam wó leiri abam we,
‘Moaba tiina mo nɛ ba chaveera,
ba dona na di-ba to ŋwaane!
Ta‑á chwoosa,
ye á daare á keeri-na á pa-ba.
Zege-na Arowa buga kam ni ne
á tɔɔle de kwor-dɛa we,
Moaba teo kom chɔge mo zɔŋ-zɔŋ!’
21Teene delo na chwi te-kampare sem ne to waarem maŋa yia. Ko nam ye Holon, de Jaza, de Mefaafa, 22de Dibon, de Nebo, de Bɛte-Dibilafayim, 23de Kiriafayim, de Bɛte-Gamuli, de Bɛte-Meon, 24de Keriofa, de Bozera. Waarem dem lage de yi Moaba teene dem maama mo, delo na wo yiga yiga dedaane delo na bwola to de. 25Moaba teo de ko jar-keira dam dem maama ti mo.”
Baŋa Wɛ na tage tei to mo konto.
26“Moaba teo dwoni de amo Baŋa Wɛ mo.
Nam pa-na se ba nyɔ sana ba bugi.
Ba wó taa tigi ba tete tetwanno wone mo ba bibila,
se nɔɔna taa jege-ba ba ke ba mɔna.
27Moaba tiina bam, nii á déem na jege Isarele tiina á mɔne tei!
Abam ke-ba ne ba tɔge ba wo ŋweena wone mo to.
Abam maa yɔɔre á jege-ba á yaala
de á na ŋɔɔne ba taane tei to.
28Abam balo na zoore Moaba laŋa kam ne to,
nwoŋi-na á teene dem ne,
se á daare á vo á ta‑á zoore peero jei sem wone.
Abam wó ta‑á nye de kunkwoŋa
kalo na beeri bɔɔne peo yuu ne,
ye ka sɔ ka pwogo da to mo.
29Dé nigi Moaba tiina na bere ba tete kamunim tei to.
Ba ma pa se ba daga ba dwoi maama,
ye ba jege teera.
Ba ma bere we ba fuŋi,
pa se ba vei ye ba cho ba vɔna jei maama ne.
30Amo Baŋa Wɛ nam maŋe a yei
ba na bere ba tete kamunim tei to.
Ba kamunim dem ba jege kuri.
Ba kikia maama ye kafɛ mo.
31Mo kokuri a nam lage a keeri a pa Moaba teo kom,
de a wo na chɔge Moaba tiina bam maama ŋwaane to.
A ta wó ŋwane a pa Kiri-Heresi tiina bam mo.
32Abam Sibima tiina bam,
a wó keeri a pa abam mo,
se ko dwoni a na ke tei a pa Jazera teo tiina to.
Abam nye de Vini tio,
ko nɛ sem na tage se yi naneo kom ni to mo.
Se ma tole taa se yi Jazera teo kom.
Abam dona nam tu á baŋa,
ye ba chɔge á mɔɔro de á Vini tio-bia bam.
33Wopwolo de ywoni daa tera
Moaba te-ywoŋa kam wone.
Amo lage a pa se nɔɔna daa yé ŋoke Vini tio-bia
se ba ji sana mo.
Ba ya na bage wopwolo sɔɔ ba yage jei sem konto ne tei to,
ko laam wó leiri ko ji sɔɔ kodwoŋi mo.
34Nɔɔna tiini ba chwoosi Hesebon de Elealɛ ne.
Ba keira kam zaŋe ka yi Jahaza seeni.
Ka ta zege Zoara ne mo ka yi Horon de Egalate-Selisiya.
Nimirim bu-nɔgɔ kom tete koge mo.
35Ko ná ye balo na kare ba kaane jwona zwonnu yuu ne
ye ba daare ba zwɛ wonnu ba ma ba zuli ba wa to,
amo lage a pa ba jei Moaba laŋa kam ne mo.
Amo Baŋa Wɛ na tage kolo to mo konto.
36A yi-na mo yɔɔre ba chwi a wone Moaba teo ŋwaane.
Ko nye de nɔɔno na jege gungwoŋa o mage
ye ba mɔɔne luseim tei to mo.
Amo wo chɔge Kiri-Heresi tiina de ŋwaane.
Kokuri to, ba jejegero maama jei ba jeŋa ne mo.
37Wo-chechɔgɔ ŋwaane mo
ba maama wó cheeri ba yuni,
ye ba daare ba fane ba twana yam ba yage.
Ba ta wó kwei fane mo ba bɛ ba je,
ye ba laam vɔ gare-nyenyaaro ba teiŋa ne.
38Moaba teo sam dem nayuni ne,
de ba yɛ sem maama ne
keira yerane mo yɔɔre ka zaŋa.
Kokuri to, amo lage a ja Moaba teo a chochoge,
ne nɔɔno na vae kambia
ye o chochoge-ka tei to mo.
Amo Baŋa Wɛ na tage kolo to mo konto.
39Nii-na Moaba teo na chɔge ko tigi tei!
Cheigi-na se á ni ko nɔn-bia bam na chwoosi tei to!
Ba ma pipiri ba jwoori de chaveera.
Moaba tiina bam wó ji wo-zɔɔna
teene delo na gilimi-ba to yiga ne.
Nɔɔna wó taa jege-ba ba mɔne mo.”
40 Baŋa Wɛ na tage tei to mo tento:
“Moaba dona bam wó pɔpɔ ba ba ba baŋa ne,
ne maao na zege wɛɛne ko foore
se ko chaale ko nɔne tei to.
Ko nam wó yarege ko vɔna mo de baŋa ne.
41Ba wó wane Moaba teene dem
de ba dam jei sem maama ba di.
Maŋa kam ná yia, foone wó ja Moaba jar-keira babɛ sem,
ne kaane na wowole se o lo ye o fona tei to.
42Moaba teo lage ko chɔge mo se ba yere saare,
ba na dwoni de Baŋa Wɛ to ŋwaane.
43Moaba tiina bam,
lɛɛro, de gwonnu, de kalanchorro mo tiga te cheigi abam.”
Baŋa Wɛ na tage kolo to mo konto.
44“Wolo maama ná duri se o lu lɛɛro tem wone,
kotu wó vo o to gwoŋo wone mo.
O nam ná bɛ o gwoŋo kom wone,
kotu wó vo o to kalanchogo wone mo.
Kokuri to, maŋa kam ná yia,
amo wó yɔɔre a waare Moaba tiina bam mo.”
Baŋa Wɛ na tage kolo to mo konto.
45Nɔɔna ná kwaane ba duri ba vo ba yi Hesebon,
ba teena wó ti mo ye ba daa ware yiga se ba vo.
Kokuri to, min-fɔrɔ mo nwoŋi Pɛ Sihon teo Hesebon wone
ko dɔɔle ko yi Moaba tiina bam,
ba na swoi vuvuga kikia to ŋwaane.
46Moaba tiina bam, lɛɛro wo á yuu ne!
Abam balo na zuli á jwoni Chemosi to wó na chɔgem.
Ba maa wó kale á bia bam
ba ja ba vo sa-teo yiga yiga,
bakeiri de busankane maama.
47“Maŋa nam daa wó ba
se amo pa Moaba tiina jwoori ba taa jege yu-ywoŋo.”
Baŋa Wɛ na tage kolo to mo konto.
Moaba yera taane kweeli ywo mo.",https://www.bible.com/bible/3661/JER.48.KBG
JEREMIA 49,"Amon dwi tiina taane
1Amon tiina bam taane mo tento.
Baŋa Wɛ na tage kolo to mo tento:
“Isarele dwi dem daa ba jege baara
se ba taa tei ba tega kam mo na?
Ko ye konto ŋwaane mo balo na kaane Moleka jwoni to tua
ba jwoŋi Gad dwi dem laŋa kam ba tei,
pa se ba zoore ka teene dem wone na?
2Maŋa nam lage ka yi se amo Baŋa Wɛ bage tiguri-kaasa,
se jara ba Amon tiina teo Raba baŋa ne.
Ko wó ji di-dwonnu na tigi zwoŋo yuu ne to mo.
Mini wó zwɛ ko nawuura yam de di maama.
Isarele tiina laam maa wó zeili Amon tiina
balo déem na tu ba zeili-ba to se ba viiri.”
Baŋa Wɛ na tage tei to mo konto.
3“Hesebon tiina, keeri-na Ayi teo kom na chɔge to ŋwaane.
Abam Raba tiina, á de ta‑á chwoosa!
Kwei-na gare-nyenyaaro á zo
se á ta‑á keera.
Ta‑á duri-na teo kom wone á lɛɛna,
ba na lage ba zeŋe á jwoni Moleka
ba ja ba viiri to ŋwaane.
Ba ta wó kale de kaanem tiina de balo na toŋe ba pa-de to,
ba ja ba woli da ba vo sa-teo.
4Amon dwi tiina bam, bɛ mo ye á jege teera á dam dem ŋwaane?
Á dam dem konto nam lage de jei mo.
Á ye boyere nyena!
Á ma‑á kwei á chega á daŋe á jejegero baŋa ne,
ye á we, ‘Nɔɔn-nɔɔno bá wane o zaŋe debam baŋa ne.’
5Amo Paŋwa Tu Baŋa Wɛ wó pa se foone tiini de ja abam,
teene delo na gilimi abam to ŋwaane.
Ba lage ba zeili á maama mo pa á duri á jage da-yiga ne.
Nɔɔn-nɔɔno daa bá wane balo na duri to
se o jwoori o la o ke daane.
6Ko kwaga ne nam, amo wó pa Amon tiina bam jwoori ba taa jege yu-ywoŋo.”
Baŋa Wɛ na tage tei to mo konto.
Edom tiina taane
7Edom tiina taane mo tento.
Paŋwa Tu Baŋa Wɛ na tage tei to mo tento:
“Swa daa tera Teman laŋa kam ne mo na?
Yi-pore-nyena daa tera se ba taa tɛ chega na?
Ba boboŋa maama jei mo na?
8Abam balo na zoore Dedan ne to, pipiri-na á duri,
se á vo á seigi peero bɔɔna wone!
Kokuri to, maŋa yia se a waare Esawu dwi tiina bam.
A nam lage a pa lɛɛro ba ba baŋa ne mo.
9Nɔɔna ná tu abam tei se ba gwori Vini tio-bia,
ba bá gwori ba daare tio-bia bam badaara na?
Ŋweena nam ná tu se ba ŋɔ abam tete ne,
ba yeini ba ŋɔne kolo ba na beeri to yerane mo.
10Ko nam ná ye Esawu dwi tiina bam,
amo lage a vere ba wonnu maama mo
a daare-ba kiliŋi.
A maa wó pa se ba seigim jei sem taa tigi jase,
se ba daa yé wane ba seigi ba dona yiga ne.
Ba bia, de ba chorro maama wó na chɔgem mo.
Ba dwi dem wó jei tega baŋa ne.
11Nam yage-na á botara,
se amo mo taa nii ba baŋa ne.
Á kadeina dé wó wane ba sale amo yera ne.”
12 Baŋa Wɛ na tage tei to mo tento: “Balo ya na wo maŋe se ba na waarem to nam jege se ba nyɔ a ban-zɔŋɔ na-zoŋa kam wo na mo. Bɛ mo ye á boŋe se á lu waarem dem wone? Amo bá yage abam! Á jege se á nyɔ ka wo na mo! 13Amo Dam-fɔrɔ Tu Baŋa Wɛ dugi de a tete mo we amo wó chɔge Bozera teo pa se ko ji wo-zɔɔne nɔɔna yiga ne. Nɔɔna wó taa mɔne-ko, ye ba daare ba ma ko yere ba sɔɔle lwarem ba pa daane. Laŋa kam teene dem maama wó ji di-dwonnu mo taa wuu.”
14Amo nigi kwora na nwoŋi Baŋa Wɛ tei ne.
O toŋe nɔɔno mo logo baŋa dwi maama tei ne,
se kotu vo o ta de-ba we,
“La-na daane se á vo á jeeri-ba de jara!
Zaŋe-na wɛɛne jara-keim ŋwaane!”
Baŋa Wɛ ma ta de Edom tiina bam o we:
15“Amo nam lage a pa se á ta‑á tiini á bwona mo
logo baŋa teene dem maama wone,
se nɔɔn-nɔɔno yé taa nege abam.
16Abam bere á tete kamunim mo,
ye á boŋe we nɔɔna kɔre foone de abam.
Abam nam gane á tete mo.
Á zoore peero bɔɔna wone,
ye á wo peero tem yuu ne wɛ-wɛ.
Abam ná maŋe á zoore baŋa baŋa,
se ko maŋe de maao na sɔge ko pwogo wɛ-wɛ tei to de,
amo nam ta wó vaare abam a de tega ne.”
Baŋa Wɛ na tage tei to mo konto.
17“Edom teo wó tiini ko na chɔgem.
Balo maama ná tɔge ko jei seeni ba maa kɛa,
ko wó ke-ba yaau.
Ba wó taa jege teo kom ba yaala
yaara yalo na yi-ko to ŋwaane.
18Ko wó yɔɔre ko ke Edom teo kom
ne ko déem na ke Sodom, de Gomora,
de teene delo na bwola da to tei to mo.
Nɔɔn-nɔɔno daa bá taa zoore jei sem konto ne.
Nɔɔn-nɔɔno nam bá maŋe dáane.”
Baŋa Wɛ na tage tei to mo konto.
19“Amo lage a pi a nwoŋi Edom tiina baŋa ne
se a zeili-ba ba tega kam wone bedwe baŋa ne mo,
Ko wó taa nye de nywoŋo na nwoŋi punnu na li mɛ Jɔdan buga kam ni ne tei,
ye ko zaŋe vara dim jei sem ne ko zi-ba to mo.
Amo laam wó kuri yiga tu
se o taa nii teo kom baŋa ne.
Wɔ nam mo nye de amo, se kotu wane o bwei-ne?
Yiga tu tera o na wó wane o dwoni de amo.
20Nam cheigi-na se á lɔre boboŋe delo
amo Baŋa Wɛ na jege Edom tiina bam ŋwaane to.
Ta‑á yei-na a boboŋa na jaane se a ke tei
de balo na zoore Teman wone to.
Ba lage ba zi ba bu-balwa tete mo ba ja ba viiri.
Amo wó pa se ba sam dem ji sa-kore.
21Edom teo kom ná toa,
tega kam baŋa maama wó ziziŋi.
Ba keira kam wó zaŋe ka yi Nane-soŋo kom.
22Nii-na! Maao mo lage ko taa yaare wɛɛne,
se ko foore ko tu ko ba tega kam seeni.
Ko nam lage ko yarege ko vɔna yam Bozera baŋa ne mo.
Maŋa kam ná yia, foone wó ja Edom babɛ sem,
ne kaane na wowole se o lo ye o fona tei to.”
Damasika tiina taane
23 Baŋa Wɛ na tage Damasika tiina bam taane tei to mo tento:
“Lwia mo wó ja Hamafa de Arapade tiina,
ba na nigi kwor-balɔrɔ to ŋwaane.
Ba wo de maa wó leeri, ye ba ware ba sii,
foone na jege-ba to ŋwaane.
24Damasika tiina bam vɔna wó pare mo.
Ba ta wó pipiri se ba duri ba lu jara wone.
Vuvuga lage ka to ba wone mo.
Lwia yerane mo wó taa jege-ba,
ye zonne de yi-ba dedɛ.
Cham wó zo-ba
ne kaane na virigi puga se o lo tei to.
25Ko ná ye á teo kolo yere déem na zaŋe
ye wopwolo tiini ko wo ko wone to,
nɔɔna wó viiri ba daare-ko.
26Chega ŋwaane, ba lage ba go teo kom nɔn-donno tem
ko pempala yuu ne mo.
Maŋa kam ná yia, ba jar-keira bam de wó te.
27Amo mo lage a zwɛ Damasika kabiri sem,
se mini di Ben-Hadadi dam jei sem maama.”
Paŋwa Tu Baŋa Wɛ na tage tei to mo konto.
Kedare tiina de Hazora tiina taane
28Ko nam ná ye Kedare dwi tiina, de Hazora dwi tiina balo Babilon teo pɛ Nebukadeneza na di jara wone to, banto taane mo tento.
Baŋa Wɛ na tage kolo to mo tento:
“Zaŋe-na se á nwoŋi á kwaare jara de Kedare tiina bam,
se á chɔge nɔɔna bam konto na zoore wɛ-puli seeni to.
29Vere-na ba vwoa, de ba vara bam,
de gwaaro telo ba na ma kwoli ba vwoa yam to.
Vere-na ba jejegero, de ba kona yam maama.
Nɔɔna wó laare de kwor-dɛa we,
‘Dé dona fugi debam mo jei maama ne!’
30Hazora tiina bam, ke-na lela á duri a viiri.
Véi á maŋe-na peero bɔɔna wone se á seigi da.”
“Babilon teo pɛ Nebukadeneza yɔɔre o boŋe se o ke abam lwarem mo.
O boboŋa jaane mo de o na wó ke tei o chɔge abam to.”
Baŋa Wɛ na tage tei to mo konto.
31 Baŋa Wɛ ta ma ta o we:
“Zaŋe-na á nwoŋi se á kwaare jara de teo kom konto.
Lwia ba jege-ba
ye ba ba kɔre nɔɔn-nɔɔno.
Ba wo pe ba teo kom nia de bworru naa luuru.
Teene dedwonna ba bwola de-ba.
32Vere-na ba kona de ba vare-kɔgɔ kom maama á ta‑á tei.
Ko ná ye balo na cheeri ba yuni
ye ba zoore kagoa yuu ne to
a lage a jage-ba a yage vio wone,
ye a daare a pa lɛɛro nwoŋi jei maama ne te ba te yi-ba,”
Baŋa Wɛ na tage tei to mo konto.
33“Hazora wó ji kagoa yerane taa wuu,
mɛ nywoŋ-kuri na kare se vei to mo.
Nɔɔna daa bá taa zoore jei sem konto ne.”
Elam tiina taane
34 Baŋa Wɛ kwora kalo o na pɛ o sampwora Jeremia Elam ŋwaane to mo tento. Ka déem nam tu o tei maŋa kalo Judah teo pɛ Zedekia na bobo se o di paare to mo:
35Paŋwa Tu Baŋa Wɛ na tage tei to mo tento:
“Nii ywo! A lage a ja Elam che-tara bam mo a chɔge.
Banto mo ye babɛ ba dwoi jar-keira bam maama.
36A maa wó pa se vio zege jei maama ne
ko dole ko ba ko daane Elam teo kom.
A ta wó da ko ŋwaane a jage teo kom nɔɔna
a yage jei maama ne.
Teo bá daare logo kom baŋa ne,
ye ba wo kale Elam tiina bam ba yi ko wone.
37Amo wó pa Elam tiina bam taa kɔre foone de ba dona,
ba dona na beeri-ba se ba go to ŋwaane.
A ta maa wó yɔɔre a pa lɛɛro ba ba baŋa,
a ban-lom dem ŋwaane.”
Baŋa Wɛ na tage tei to mo konto.
“A lage a toŋe jar-keira ba baŋa ne
se ba ba ba zeili-ba taa,
se ko yi ba maama chɔgem mo.
38Amo lage a chɔge ba pɛ de o nakwa bam mo,
se a daare a chwi a paare yituŋu ba teo kom wone.”
Baŋa Wɛ na tage tei to mo konto.
39“Maŋa nam daa wó ba
se amo pa Elam tiina jwoori ba taa jege yu-ywoŋo.”
Baŋa Wɛ na tage tei to mo konto.",https://www.bible.com/bible/3661/JER.49.KBG
JEREMIA 50,"Babilon tiina taane
1Kwora kalo Baŋa Wɛ na pɛ o sampwora Jeremia Babilon teo de ko nɔn-bia bam ŋwaane to mo tento:
2“Tɔɔle-na de kwor-dɛa
se logo baŋa teene dem maama ni!
Zeiŋi-na tuta wɛɛne,
se á ta‑á tɔɔle á yaga.
Yé kweele-na taane á yage tega ne,
nam ta-na we,
‘Ba lage ba di Babilon teo kom mo.
Bel jwoni dem wó na de chaveera.
Chega to, lɛɛro wó yi Merodaka jwoni dem.
Chaveera wó ja Babilon teo jwona yam,
ba na wó chochoge wo-yɔɔro tem konto maama to ŋwaane.’
3Teo kodwoŋi jar-keira wó zege baŋa seeni
ba nwoŋi ba ba Babilon baŋa.
Ba wó chɔge tega kam maama
pa se ka ji kagoa ka tiga.
Nabiina de vara maama wó duri ba jei.
Nɔɔn-nɔɔno daa bá taa zoore ka wone.”
4 Baŋa Wɛ na tage kolo to mo tento:
“Maŋa kam konto ná yia,
Isarele dwi tiina de Judah dwi tiina wó tɔge daane
ba vo ba beeri ba Tu Baŋa Wɛ wom,
ye ba ka yi-na ba via.
5Ba laam maa wó bwei se ba lɔre Zion chwoŋa kam,
ye ba daare ba mage ba yum chwoŋa kam konto ne.
Ba wó ba amo Baŋa Wɛ tei
ye ba daare ba sale amo yera ne
se dé fɔge dé gwoni ni dé pa daane.
Ni-gwonim dem konto wó taa wora taa wuu.
Ba nam bá swei de swia maŋa de maŋa.
6Amo nɔɔna bam ya nye de pei selo na jei to mo.
Balo nam na jege-ba ba nii to mo pɛ ba ywori chwoŋa kam,
pa se ba zo peero wone ba jage ba jei.
Ba laam maa beeri peero de zwonnu yuu ne.
Ba daa yeiri ba kugu jei na wo mɛ to.
7Balo maama ná nɛ-ba,
ba yeini ba kwaare jara de-ba mo se ba di-ba.
Ba dona de maa tɛ ba we, ‘Dé wo ke dé tusi.
Banto mo tusi ba chɔge Baŋa Wɛ yiga.
Wonto maa ye ba woro chekke.
Ba nabaara teena déem nam daŋe Baŋa Wɛ baŋa ne mo.’
8Amo nɔɔna bam, nwoŋi-na Babilon teo kom wone.
Duri-na á nwoŋi á daare Babilon tiina bam.
Nam tɔge-na kɔgɔ kom yiga á viiri.
9Kokuri to, amo lage a chiŋi nɔɔna mo
se ba kwaare jara de Babilon tiina bam.
Ko nam ye te-kamuna yalo na wo baŋa seeni to mo
lage de ke ni daane se ba nwoŋi ba jeeri-ba de jara.
Ba maama wó ke daane ba chichei ba zege
se ba ke jara yam.
Ba nam wó zege baŋa seeni mo ba nwoŋi
ba vo ba di Babilon teo kom.
Ba che-tara bam ye bembɛ
selo chena na ba tae ya lɛɛre to mo.
10Ba lage ba vere Babilon tiina jejegero mo.
Balo na beene ba baŋa to wó chwooli ba zela maama.”
Baŋa Wɛ na tage tei to mo konto.
11“Abam Babilon tiina bam tiini á chake de wopwolo mo,
á déem na di amo nɔɔna bam
ye á vere ba wonnu to ŋwaane.
Á laam ma kare á kekara
ne na-mɔra na jege ga-lɛɛro ka di tei to.
Abam ta ke ne sisein-nɔɔna na keeri tei to mo.
12Abam tete teo kom nam wó na ko chaveera.
Teo kolo na ye á kugu jei to wó yaale.
Ko wó taa ye teo kolo na muri teene maama wone to.
Ko ta wó ji kagoa kalo na ye te-kora yerane to mo.
13Nɔɔn-nɔɔno bá taa zoore jei sem konto ne,
Baŋa Wɛ bane na zaŋe de-ba to ŋwaane.
Ko yɔɔre ko lage ko ji di-dwonnu yerane mo.
Balo maama ná tɔge ko jei ne ba kɛ,
ko wó ke-ba yaau
pa se ba yaale-ko ko chanɛɛre dem ŋwaane.
14Abam balo na ye che-tara to,
fɔge á chichei á zege á gilimi Babilon teo kom.
Ta‑á tae chena á yage ko yera ne!
Yé daare-na chene dedwe de.
Kokuri to, ko nɔn-bia bam tusi mo
ba chɔge Baŋa Wɛ yiga.
15Mage-na tiguri-kaasa,
se á nwoŋi á gilimi Babilon teo kom de jara!
Nii-na! Ba wora ba toe!
Teo kom dam jei sem maama chɔge.
Ba ma yigi ko kabiri sem ba de tega ne.
Baŋa Wɛ mo lage o jwoori o ŋwe jene ba baŋa ne.
Konto ŋwaane, tɔge-na á waare-ba!
Ke-na de-ba ne ba na ke nɔɔna badwonna tei to.
16Ko ná ye balo na yeini ba du wodiiru,
de balo na zage-te to,
kwaane-na á le-ba Babilon teo ne.
Veira balo maama na zoore da to jege se ba jwoori
ba tete nɔɔna tei ba nabaara teene dem wone,
se ba lu jara wone mo ba taa ŋwe.”
Baŋa Wɛ ta ma ta o we:
17“Isarele dwi dem nye ne pei-kɔgɔ
nywoŋo na zo se tetare ne
ye ko jage-se ko yage tei to mo.
Asiria teo pɛ mo dɛ yiga o ja-ba o di.
Babilon teo pɛ Nebukadeneza ma saŋe o kwaga
o de ja ba kwi sem o chochoge maama.”
18Paŋwa Tu Baŋa Wɛ wom na ye Isarele tiina Wɛ to na tage kolo to mo tento:
“Amo wó waare Babilon teo pɛ wom de o tega kam,
ne a déem na waare Asiria teo pɛ tei to.
19Ko daare se a ja Isarele dwi tiina
a jwoori ba tete te-ywoŋa kam wone.
Ba laam wó taa zoore Kamele, de Basan ne,
ba taa di ba boboŋa na lage tei.
Ba maa wó maŋe Efrayim, de Gilead zwonnu tem yuu ne,
ba di ba su ba fera.
20Maŋa kam konto nam ná yia,
nɔɔna ná boŋe se ba na wɛleera
yalo na wo Isarele tiina bam yuu ne to,
ba bá na dedoa tete de.
Ba ta bá na tusim Judah tiina bam de tetare ne,
de fenfee de.
Kokuri to, ko ná ye balo amo na le-ba se ba daare to,
amo wó kwei ba wɛleera a ma a chɛ-ba.”
Baŋa Wɛ na tage tei to mo konto.
21 Baŋa Wɛ ta ma ta o we:
“Nwoŋi-na á vo á kwaare jara de Meratayim teo
de balo na zoore Pekoda ne to.
Pare-ba-na á ja se á go se ba dwi ti.
Ke-na kolo maama amo na pɛ abam ni se á ke to.
22Jara-keim sɔɔ mo zaŋe tega baŋa jei maama ne.
Wonnu maama mo lage te chɔge!
23Babilon déem chɔge logo baŋa jei maama,
ne swoli mo ba jege ba mage wonnu tei.
Nii-na! Babilon teo tete laam chochoge mo ko ji mura-mura!
Ko yɔɔre ko ji wo-zɔɔne
logo baŋa teene dem maama yiga ne mo.
24Babilon tiina bam, amo chege kalanchogo mo á ŋwaane.
Á nam wo lɔre ko ni ne pa ko ja abam.
Abam na to ko wone to
ye á na dwoni de amo Baŋa Wɛ to ŋwaane mo.
25Amo pore a na tiŋi a jara-keim zela yam mɛ to,
se a ja-ya a nwoŋi pwooni
a ma a toŋe a ban-zɔŋɔ totoŋa.
Kokuri to, a jege woŋo se a ke
Babilon tiina tega kam baŋa ne.
Amo ye Paŋwa Tu Baŋa Wɛ wom mo.
26Zege-na yiga yiga á nwoŋi á ba
se á kwaare jara de Babilon teo kom.
Puri-na ba tuli sem se á le mena yam.
Chwooli-na ba sam se de ji tampuuri.
Yɔɔre á chɔge-na teo kom
se kolokolo daa yé daare.
27Go-na ba babɛ sem maama!
Yɔɔre á gwoni-se á tiŋi!
Lɛɛro wo ba yuu ne!
Ba maŋa kam yia mo konto
se ba na ba waarem.”
28Cheigi-na! Balo na zege Babilon teo ne ba duri ba lu jara yam wone to laam tu ba yi Jerusalem. Ba maa zege Zion ne ba tɛ ko na ke tei ye debam Tu Baŋa Wɛ jwoori o ŋwe jene Babilon tiina baŋa ne, de ba na chɔge Wɛ diga kam to.
29“Bwoŋi-na che-tara se ba nwoŋi
ba vo ba jeeri Babilon tiina bam de jara.
Ko maa ye balo na wae tɛ ba saŋe to mo.
Pa-na se ba gilimi teo kom ba ke tetare ne,
se nɔɔn-nɔɔno yé wane o lu.
Ke-na de-ba ne banto na ke tei de nɔɔna badwonna to.
Kokuri to, ba tiini ba gwooni amo Baŋa Wɛ
na ye Isarele dwi dem Wo-pwoŋo Tu wom to mo.
30Konto ŋwaane mo Babilon nɔn-donno tem wó to
ba taa tigi teo kom chwei sem ne.
Ba jar-keira bam maama wó te dɛ dedwe.”
Baŋa Wɛ na tage tei to mo konto.
31Paŋwa Tu Baŋa Wɛ ta ma ta o we:
“Babilon ye boyere nyem mo!
Amo nam nwoŋi á kwaga ne.
Dɛ dem amo na le se a waare abam to laam yia.
32Á teo kom boyerem ŋwaane,
á lage á tiri á to tega ne mo.
Nɔɔno bá taa wora se kotu ja abam se á zaŋe wɛɛne.
A maa wó pa se mini zwɛ á teene dem maama.
De ta wó di woŋo kolo maama na bwola da to.”
33Paŋwa Tu Baŋa Wɛ na tage tei to mo tento:
“Isarele tiina bam tiini ba na yaara dedɛ,
ba de Judah tiina bam de.
Balo na jege-ba ba bɛɛse to yɔɔre ba sɔ-ba mo diŋ-diŋ.
Ba maa ve se ba pa-ba chwoŋa se ba viiri.
34Wolo na bore o pa-ba to nam tiini o dana.
O yere mo ye Paŋwa Tu Baŋa Wɛ.
Wonto tete mo lage o zaŋe o ŋɔɔne o pa-ba.
O lage o tɔge ko baŋa ne mo
o pa se yazura taa wo ba tega kam baŋa ne.
Se ko ná ye Babilon tiina bam,
cham wó yi banto mo.”
35 Baŋa Wɛ na tage kolo to mo tento:
“Jar-keira wó ba Babilon tiina bam baŋa!
Balo na zoore Babilon teo ne to wó na chɔgem,
ba de ba teo nakwa, de ba yi-pore-nyena bam maama!
36Ba teo kom yi-nara bam de wó na chɔgem.
Ba jworim kikia wó ba ya lɔre jaja.
Ba teo babɛ sem de wó to,
ye foone tiini de ja-ba.
37Ba sisein-nɔɔna de se jara-keim torokooro de wó chɔge.
Jar-keira balo na ye veira ba wone to de lage ba to mo!
Banto wó taa bwona mo ne kaana tei to.
Ba jejegero de wó ba te chɔge jara yam ŋwaane.
Ba dona wó vere-te ba ja ba viiri.
38Da-kore wó zege ba teo kom wone
pa se ba bwi sem maama ko.
Jara wó ba ba baŋa ne,
ba teo kom na su de jwona yerane to ŋwaane.
Yanto yeini ya fugi nɔɔna bam
pa se ba boboŋa jei foone ŋwaane mo.
39Konto ŋwaane nam, kago-vara, de wiira mo wó taa zoore Babilon ne. Kunkwooru de wó taa zoore jei sem konto ne mo. Nabiina daa bá taa zoore teo kom konto ne se ko taa vei wuu. 40Ko wó yɔɔre ko ke Babilon teo ne ko déem na ke Sodom, de Gomora, de teene delo na bwola da to tei to mo. Nɔɔn-nɔɔno daa bá taa zoore jei sem konto ne. Nɔɔn-nɔɔno nam bá maŋe dáane.”
Baŋa Wɛ na tage tei to mo konto.
41“Kwoni á nii-na baŋa seeni!
Te-fɔrɔ jar-keira dedaane pwa dedɛ mo maa beene abam baŋa.
Ba ti yiga mo se ba nwoŋi yiga yiga
ba ba ba jeeri abam de jara.
42Ba zei ba tɛ dedaane ba chichwoa mo ba beena.
Ba nam tiini ba jege puseŋa mo,
ye ba ba kɔre nɔɔna yibwona kɔtaa!
Ba wurigi ba sisein-nɔɔna
ne naneo na-ŋona na wuuri tei to mo.
Ba ke ba tete ba ke daane
se ba kwaare jara de abam Babilon tiina bam mo.
43Babilon teo pɛ nigi nɔɔna bam konto ŋwa,
pa se o vɔna pare.
Ko yɔɔre ko jege‑o ko ni mo ye o fona,
nenɛɛne kaane na virigi puga se o lo
ye ko ni‑o tei to.
44Amo lage a pi a nwoŋi Babilon tiina baŋa ne
se a zeili-ba ba tega kam wone bedwe baŋa ne.
Ko wó taa nye de nywoŋo na nwoŋi punnu na li mɛ Jɔdan buga kam ni ne tei,
ye ko zaŋe vara dim jei sem ne ko zi-ba to mo.
Amo laam wó kuri yiga tu
se o taa nii teo kom baŋa ne.
Wɔ nam mo nye de amo, se o wane o bwei-ne?
Yiga tu tera o na wó wane o dwoni de amo.
45Nam cheigi-na se á lɔre boboŋe delo
amo Baŋa Wɛ na jege Babilon tiina bam ŋwaane to.
Ta‑á yei-na a boboŋa na jaane se a ke tei
de balo na zoore Babilon laŋa kam wone to.
Ba lage ba zi ba bu-balwa tete mo ba ja ba viiri.
Amo wó pa se ba sam dem ji sa-kore.
46Babilon teo kom ná toa,
tega baŋa maama wó ziziŋi.
Ba keira kam wó zaŋe
ka jage ka yi logo baŋa teene dem maama.”",https://www.bible.com/bible/3661/JER.50.KBG
JEREMIA 51,"1 Baŋa Wɛ na tage tei to mo tento:
“Amo lage a pa se vio mo zaŋe
se ko dole ko vo ko chɔge Babilon teo kom,
de balo na zoore Babilonia laŋa kam ne to.
2A lage a toŋe jar-keira mo Babilon teo baŋa ne,
se ba vo ba chɔge ba tega kam maama,
ne ba na chaare mena tei de vio to.
Dɛ dem lɛɛro na wó yi Babilon tiina to,
ba dona wó kaare-ba mo ba pu,
ye ba di-ba ba daare ba tega kam ba tiŋi yɔɔ yerane.
3Yé pa-na ba che-tara bam chwoŋa se ba saŋe ba tɛ,
naa se ba vɔ ba jara zela yam.
Yé yage-na ba nɔn-donno tem tete se ba taa ŋwe.
Nam yɔɔre á chɔge-na ba jar-keira bam maama.
4Pa-na se ba na zonne ye ba daare ba te
ba taa tigi Babilon teo chwei sem ne.
5Ko ná ye Isarele tiina bam, de Judah tiina bam,
ba Tu Baŋa Wɛ wom na ye Paŋwa to wo nwoŋi ba kwaga ne,
de ba na maŋe ba tusi tei to de.
Ba ke wɛleera ba chɔge Isarele dwi dem Wo-pwoŋo Tu wom yiga
pa se ba tega kam maama chɔge.
6Duri á nwoŋi-na Babilon teo kom wone!
Duri-na se á lu ye á ta ŋwe!
Yé tɔge-na de Babilon tiina bam
á te ba wɛleera yam ŋwaane.
Maŋa yia se Baŋa Wɛ jwoori o ŋwe jene ba baŋa ne.
O lage o pa Babilon tiina jwoŋi ba kikia yam ŋweero mo.
7Babilon déem nye ne sabu-seŋa na-zoŋa mo Baŋa Wɛ jeŋa ne.
Wonto ma kwei ka wo sana bam
o pa logo baŋa dwi maama
pa ba nyɔ ba su ba bugi.
Ba maama na nyɔge ka wo sana bam to,
ba yɔɔre ba yirisi mo.
8Babilon nam lage ko pɔpɔ ko to mo ko chochoge.
Tiini á keeri-na ko ŋwaane!
Beeri-na nuga se á ma á lɛ ko zonne dem,
se dɛ delo ko wó jwoori ko na yazura.
Veira balo na zoore Babilon ne to maa we:
9‘Dé ya ná wae, dé ya wó pa Babilon na yazura.
Ko nam ware, o bá na yɔɔrem.
Pa-na se dé viiri dé daare teo kom,
se nɔɔno maama jwoori o tete teo.
Wɛ na lage o waare-ba tei to wó kɛ jeŋa,
se ko yi wɛyuu kom tete.
Ko nam ye se ba yɔɔre ba na chɔgem mo.’
Judah dwi tiina bam de maa we:
10‘Baŋa Wɛ bere we debam mo jege chega.
Pa-na se dé vo Jerusalem se dé zege Zion ne
ye dé ta dé Tu Baŋa Wɛ wom na ke kolo o pa debam to.’
11Sele-na á chena yam á tiŋi,
se á kwei-na á jara tankwallo tem á zeeri!
Kokuri to, Baŋa Wɛ mo chiŋi Media pwa bam se ba ba,
o na boŋe se o chɔge Babilon teo kom to ŋwaane.
Baŋa Wɛ wó jwoori o ŋwe jene Babilon tiina baŋa ne,
de ba na chɔge Wɛ diga kam tei to.
12Zeiŋi-na tuta se jara ke Babilon teo ne!
Ke-na dam jar-keira bam kuri ne!
Pa-na se yerena bam taa zege ba zega jei ne!
Ta pa-na se nɔɔna badwonna vwɛ ba kaare teo kom!
Kokuri to, Baŋa Wɛ lage o ke o su o boboŋe dem mo.
O boboŋe delo o na jege se o chɔge Babilon to mo konto.
13Abam balo na zoore Babilon bu-tole sem ni ne to,
á ye naduna mo pipiu ŋwaane.
Maŋa nam yi se á teo kom to ko saare
se abam de te.
14Paŋwa Tu Baŋa Wɛ dugi o tete ne mo o we:
Amo lage a pa se á dona tiini ba yo mo á baŋa ne
ne kayere dwoŋi.
Ba laam maa wó bage sɔɔ ba yage
we ba wane abam ba di.”
15 Baŋa Wɛ nam kwei o dam dem mo
o ke tega kam baŋa.
O ma daare o kwei o swa yam
o naane logo kom maama.
O ma da o boboŋa baŋa ne o lware wɛyuu kom
pa se ko tigi palalala.
16Wonto ná zege wɛɛne o bage o kwora,
wɛyuu baŋa na bam yeini ba wuuri mo.
O wae o pae se kunkwonnu zege
logo baŋa kweelim jei sem ne
te tae te nwoŋa.
O maa pae se doa nena ye ka pepela.
O ná pore o diga kam,
vio mo wó nwoŋi da ko jage ko yi jei maama.
17Jwo-kaana bam maama jworim dem gaale mo,
ye ba boboŋa tera.
Chaveera wó ja gɔgɔ kolo maama na mɔɔne jwona to,
o jwona yam na ba jege ŋwea to ŋwaane.
Ya ye wo-yɔɔro mo.
18Ya ba jege kuri.
Ya maŋe se nɔɔna taa jege-ya ba mɔna mo.
Ya waarem maŋa ná yia,
ya maama wó chɔge mo fase.
19Wolo Jakob dwi tiina bam na zuli to
nam dae ne yanto na ye tei to.
Wonto mo ye woŋo maama Naano wom.
Isarele dwi tiina bam de ye balo
o na kuri se ba taa ye wonto tete nyem to mo.
O yere nam mo ye Paŋwa Tu Baŋa Wɛ wom.
Baŋa Wɛ ma ta Babilon teo taane o we:
20“Nmo ye gwoli delo a na jege a ma a ke jara to mo.
Amo yeini a kwei nmo mo
a ma a chɔge dwi tiina de logo baŋa teene maama.
21A maa tɔge nmo baŋa ne
a chɔge sisein-nɔɔna, de balo na diini-se to.
A ta maa tɔge nmo baŋa ne
a chɔge jara-keim torokooro, de te chwoona.
22A maa tɔge nmo baŋa ne
a chɔge baara, de kaana,
de nɔn-kwe, de nɔn-donno,
de bakeiri, de busankane maama.
23A ta tɔge nmo baŋa ne
a chɔge nayera, de ba pei sem,
de vala, de ba nabɛ,
de teo yiga tiina, de dedɛɛra de.”
24 Baŋa Wɛ ta ma ta o we, “Amo laam lage a jwoori a ŋwe jene Babilon teo baŋa ne, ye a ta ŋwe-de balo maama na zoore Babilon laŋa kam ne to baŋa ne mo. Abam wó taa zege á nii mo ye a waare-ba konto de ba na ke tei Jerusalem tiina yera ne to.”
25 Baŋa Wɛ na tage kolo to mo tento:
“Babilon, nmo nye de pe-zɔŋɔ
kolo na jege logo baŋa maama ko chɔge to mo.
Amo Baŋa Wɛ nam mo nwoŋi nmo kwaga ne.
Amo wó ma a dam mo a waare‑m.
A lage a dole‑m a de tega ne mo,
se a daare a zwɛ n sam dem se de ji tentwarem.
26Nɔɔn-nɔɔno daa bá beeri weero telo na daare to wone
se o na kandwɛ o ma o chwi kabiri-beira kadwoŋi.
Kokuri to, abam teo kom yɔɔre ko chɔge mo wuu.”
Baŋa Wɛ na tage tei to mo konto.
27Zeiŋi-na tuta tega kam baŋa ne!
Wu-na jara nabwanno se ko yi logo baŋa teene maama!
Pa-na se dwi maama tiina jar-keira bam ke daane
se ba nwoŋi ba kwaare jara de Babilon teo kom.
Bwoŋi-na Ararati tiina, de Minni tiina, de Asekenazi tiina,
se ba vo ba jeeri-ko de jara.
Nam le jara yiga tu se o da ba yiga o ke jara yam.
Ja-na sisein-nɔɔna á nwoŋi
se se taa daga ne kayere na yo tei to.
28Pa-na se dwi maama tiina jar-keira bam ke daane
se ba nwoŋi ba kwaare jara de Babilon teo kom.
Bwoŋi-na Media pwa bam,
de ba teo yiga tiina bam, de ba dedɛɛra bam,
dedaane teene delo maama ba na tei to jar-keira bam.
29Tega kam maama ziziŋi mo, ye ka yera sae.
Kokuri to, Baŋa Wɛ boboŋa jaane ya ti
se o chɔge Babilon laŋa kam.
O maa lage se o yɔɔre o chɔge-ka
se nɔɔn-nɔɔno daa yé taa zoore da.
30Nii-na! Babilon babɛ sem yage jara yam keim.
Ba ma lɛɛre ba maŋe ba dam jei sem ne.
Ba dam maama ti mo.
Ba laam bwona ne kaana dwoŋi mo.
Mini mo zwɛ teo kom sam.
Ko manchwo-nia da-gare sem laam ma bwori.
31Tontoŋena dedɛ saŋe da kwaga mo
ba jege jara kwora ba duri ba maa vei
se ba pa Babilon teo pɛ we,
o dona mo yɔɔre ba di o teo kom maama ba ti.
32Ba ma si chwei selo nɔɔna na wó tɔge da bɛ buga kam ba lu to.
Ba ta ma zwɛ nanchan-gullu jei sem.
Konto ŋwaane mo pɛ se foone tiini de jege Babilon teo jar-keira bam.
33Paŋwa Tu Baŋa Wɛ wom na ye Isarele tiina Wɛ to na tage kolo to mo tento:
“Babilon teo kom nye de tega kalo nɔɔna na fɔge ba kwɛ-ka
se ba ma ba mage mena to mo.
Ko bere we wodiu zagem maŋa yia.
Ba dona laam wó ba ba zage-ba ba de tega ne.”
Jerusalem tiina bam daa ma ta ba we:
34Babilon teo pɛ Nebukadeneza mo di debam.
O ma pa se vuvuga dedɛ to debam tetare ne.
O ma kwoori teo kom
se kolokolo daa yé daare ko wone.
O ma li debam kula,
ne o ye juru mo tei to.
O na done dé wo-laaro tem o su o puga to
mo o tɔne debam o yage.
35Balo na zoore Zion ne to wó ta we,
“Wɛ wó pa se lɛɛro telo Babilon teo tiina na ke debam yera ne to jwoori te to ba tete baŋa ne.”
Jerusalem tiina bam wó ta we,
“Waarem ta wo Babilon tiina bam yuu ne,
de ba na go dé yera nɔɔna to.”
36Mo kokuri, Baŋa Wɛ tage tento:
“Amo wó zege abam kwaga ne
se a ŋɔɔne a pa abam.
A ta wó jwoori a ŋwe jene Babilon tiina baŋa ne.
A nam wó pa se ba bwi sem we,
se ba buli-yi de yé buri na.
37Babilon teo kom wó ji di-dwoŋ-koro,
mɛ nywoŋ-kuri na kare se vei to mo.
Teo kom wó di chaveera, se nɔɔna taa mɔne-ko,
ye nɔɔn-nɔɔno bá taa zoore ko wone.
38Babilon tiina bam maama yɔɔre ba laare mo,
ne nywonnu na suuri tei to.
Ba ta maa ŋuuna ne nywon-bia na ŋuuni tei to.
39Maŋa kalo ba nia na totoge de fera to,
amo wó ke kuri-fɔrɔ a pa-ba,
ye a pa se ba nyɔ sana ba bugi.
Ba laam maa wó taa bage mwanno ba yaga,
ye ba daare ba dɔ ba lusi taa wuu,
ye ba daa bá zaŋe wɛɛne.
40Amo wó ja-ba a vo ba gom jeiga,
ne vara mo ba jege ba vei se ba go to.
Ba wó taa nye de pipeili, de pi-bale, de bo-bale
selo ba na lage ba gwoni ba tiŋi to.”
Baŋa Wɛ na tage tei to mo konto.
41“Nii Babilon teo na yɔɔre ko to tei!
Ba lage ba di teo kolo tega baŋa maama na teere ko baŋa ne to mo!
Babilon laam wó ji wo-zɔɔne
logo baŋa teene dem maama yiga ne.
42Naneo kom lage ko zaŋe mo ko yi Babilon teo kom.
Na-fwaaro tem mo wó chuuri
te kwoli teo kom maama.
43Babilon teene maama wó ji di-dwonnu yerane mo.
Tega kam wó taa ye kago-kora mo,
mɛ nɔɔn-nɔɔno na bá taa zoore ka wone to.
Nabiina bere ba bá taa tɔge ka wone ba kɛa.
44Ko ná ye Babilon tiina jwoni Bel,
a lage a waare-de mo.
A ta wó pa de tɔne wo-laaro telo de na ligi to de yage.
Logo baŋa dwi tiina daa bá taa vei se ba zuli-de.
Chega to, Babilon teo kabiri sem lage se to mo!
45Amo nɔɔna bam, nwoŋi-na Babilon teo kom wone!
Duri-na á lu ye á ta ŋwe!
Duri-na se á wane á lu Baŋa Wɛ ban-lom dem.
46Yé pa-na se á vɔna pare.
Á nam yé ta‑á kɔre foone,
ne á ná nigi sawea kalo maama na kare teo kom wone ka ŋɔɔna to.
Sawea wae ka zaŋe bene dento ne,
ye kadwoŋi zaŋe bene yiga ne.
Sawe sem wó taa tɛ vuvuga taane,
ye se tɛ teo yiga tu na wó dwoni de wodwoŋi tei to.
47Kokuri to, maŋa lage ka yi
se amo yɔɔre a waare Babilon teo jwona yam.
Ba teo kom maama wó di chaveera.
Ko nɔn-bia bam wó te,
ye ba yera taa tigi ko jei maama ne.
48Wɛyuu de tega baŋa maama,
de wonnu telo na wo te wone to
wó bage te yage de wopwolo
Babilon na toa to ŋwaane.
Kokuri to, jar-keira lage ba nwoŋi baŋa seeni mo,
ba ba ba kwaare jara de-ko.”
Baŋa Wɛ na tage tei to mo konto.
49“Babilon tiina bam yɔɔre ba go
logo baŋa teene maama nɔɔna mo.
Babilon teo kom laam jege se ko to,
ba na go Isarele tiina bam tei to ŋwaane.
50Abam Isarele tiina balo na lugi toone to,
ke-na lela á viiri se á yé ta‑á zege á dáana ywo!
Nam guli-na Baŋa Wɛ wom gula,
de á na wo sa-teo ne yiga yiga tei to de.
Daa ta‑á boŋe-na Jerusalem teo kom boboŋa.
51Abam ma‑á tɛ á we, ‘Dé yuu tiini ko yaale.
Kokuri to, dé dona bam twe debam mo
ye ba ta ke debam chaveera wone.
Dwi-gɛ tiina ma ba ba zo Baŋa Wɛ wara-jei
selo na ye wose to wone mo.’
52Amo Baŋa Wɛ nam na tage kolo to mo tento:
Maŋa lage ka yi
se amo waare Babilon teo jwona yam.
Babilon teo kom jei maama ne,
ko nɔn-bia bam wó taa yɔɔre ba vuvuna,
ba na nɛ zonne to ŋwaane.
53Babilon teo kom ná maŋe ko lɔ ko di wɛ-wɛ tei,
ye ko daare ko fɔge dam jei sem wɛyuu ne tei de,
amo ta wó toŋe jar-keira mo
se ba ba ko baŋa.”
Baŋa Wɛ na tage tei to mo konto.
54Cheigi-na se á ni keira na zaŋe Babilon teo ne tei!
Ko nam ye teo kom chɔgem sɔɔ mo
ye ko nwoŋi Babilon teo jei maama ne.
55 Baŋa Wɛ mo lage o chɔge Babilon teo kom,
se o pa ko sɔɔ maama ti.
Ba dona bam wó pɔpɔ ba ba ba baŋa,
ne na-fwaaro na wuuri te beene tei to mo.
Banto wó tiini ba bage sɔɔ ba jeeri-ba de jara.
56Teo kodwoŋi jar-keira mo lage ba ba
ba chɔge Babilon teo kom.
Ba wó ja Babilon babɛ sem,
ye ba jwoŋi ba tɛ sem ba bwori ba yage.
Kokuri to, Baŋa Wɛ yeini o waare balo na tusi to mo.
O lage o jwoori o ŋwe jene maama mo.
57Pɛ wolo yere na ye Paŋwa Tu Baŋa Wɛ to na tage kolo to mo tento:
“Ko nam ná ye ba teo kom nakwa, de ba yi-pore-nyena bam,
ko ta woli de ba yiga tiina, de ba dedɛɛra, de ba babɛ sem de,
amo wó pa se ba nyɔ sana ba bugi.
Ba maama wó dɔ ba lusi mo taa wuu
ye ba daa bá zaŋe wɛɛne.”
58Paŋwa Tu Baŋa Wɛ na tage tei to mo tento:
“Babilon teo kabiri sem ná lira tei maama de,
ba lage ba yigi-se ba de tega ne mo buri-buri.
Mini wó zwɛ teo kom manchwo-nia yam.
Logo baŋa nɔɔna bam yaare ba tete kafɛ ŋwaane mo.
Kokuri to, ba na toŋe tei maama to wó ja mini.”
Jeremia toŋe kwora se ka vo Babilon
59Neria bu Seraya déem mo ye Pɛ Zedekia tontoŋeno na nii o wonnu baŋa ne to. O ta ye Maseya naa mo. Bene delo Zedekia na di Judah teo paare o ke bena yana to ne mo Seraya déem tɔge de Pɛ wom se ba vo Babilon. Jeremia ma kwei kwora kanto o pa‑o se o ja o woli da o vo o pa. 60O déem ya popone Babilon teo kom na wó na lɛɛro telo maama to mo o ke tɔnɔ wone. Babilon wonnu maama mo popone te tiŋi tɔnɔ kom wone. 61O ma ta de Seraya o we, “Nmo ná vei n yi Babilon, se n ga taane dento maama baŋa baŋa se nɔɔna bam ni-de. 62Ta ta n woli da we, ‘Amo Tu Baŋa Wɛ, nmo mo taga we n lage n chɔge teo konto kula, se nabiina, de vara daa yé wane ko wone ba zo, se ko lage ko ji di-dwonnu yerane mo se ko taa vei wuu.’ 63N ná gage tɔnɔ konto n ti, se n kwei-ko n vɔ de kandwɛ, ye n laam vo n dole-ko n de Yuferata buga kam wone, 64se n daare n ta we, ‘Mo Babilon teo na lage ko tu ko lini tei to. Ko nam daa bá zaŋe wɛɛne, amo na yɔɔre a lage a ja lɛɛro dedɛ a ba ko baŋa ne to ŋwaane. Ko nɔn-bia bam maama wó to.’ ”
Jeremia kwori sem maama kweeli ywo mo.",https://www.bible.com/bible/3661/JER.51.KBG
JEREMIA 52,"Jerusalem teo na to tei to
2 Pwa 24:18–25:7
1Zedekia déem jege bena finlei-dedwe mo ye o ji Judah teo pɛ. O ma jeini Jerusalem ne o di paare dem o ke bena fuga-dedwe. O nu yere mo Hamutali. Wonto maa ye Jeremia wolo na nwoŋi Libina to bukɔ mo. 2Pɛ Zedekia déem toŋe lwarem mo o chɔge Baŋa Wɛ yiga, ne Pɛ Jehoyakim de ya na ke tei to. 3Lɛɛro telo maama na ke Jerusalem de Judah tiina bam maama yera ne to tɔge Baŋa Wɛ ban-zɔŋɔ kom ŋwaane mo. O ma yɔɔre o zeili-ba o yiga ne, ba kikia yam ŋwaane.
Pɛ Zedekia déem ma zaŋe o nwoŋi Babilon teo pɛ Nebukadeneza kwaga ne. 4O paare dim bena nogo bene dem chane fuga chana kam wone, ka da fuga dɛ dem ne mo Nebukadeneza déem tu o li Jerusalem de o jar-keira bam maama. Ba ma kaare ba pu teo kom ye ba daare ba lɔ taare-kamuna ba yeiri ko kabiri sem yera ne. 5Ko na yi Zedekia paare dim bena fuga-dedoa bene dem to, mo Babilon tiina bam déem wane Jerusalem teo kom ba di.
6Ko na yi bene dem konto chane sena chana kam da nogo dɛ dem to, kana déem tiini ka chɛ mo pa se Jerusalem nɔn-bia bam daa ba jege wodiu se ba taa di. 7Babilon tiina bam ma bwori teo kom kabiri sem ba de tega ne, ye ba tɔge pwoli sem ne ba zo ko wo. Zedekia de o jar-keira bam maama déem duri se ba lu tete ne mo. Ba ma kwei pɛ gaare chwoŋa kam, ba vo ba tɔge ni dem na wo teo kabiri selei sem tetare ne to, ye ba laam duri ba tu Jɔdan bwolo kom seeni. 8De ko de, Babilon tiina jar-keira bam déem pare-ba mo. Ba ma vo ba yi Zedekia se ko maŋe de Jeriko te-kampare sem seeni. O jar-keira bam ma pwɛ da yiga ne, ye ba jage ba daare‑o.
9Ba ma zi Zedekia ba ja ba vo Babilon teo pɛ Nebukadeneza tei. O déem wo Ribila teo ne mo, Hamafa kateiri dem ne. Nebukadeneza ma di taane o vane Zedekia dáane. 10O ma pa ba go Zedekia bia bam Ribila ne, ye o zege da o nia. O ta ma pa ba go Judah teo dedɛɛra bam maama. 11Ko kwaga ne o pɛ se ba kokɔrege Zedekia yia yam mo ba le, ye ba daare ba kwei channa chegero ba ma ba vɔ‑o ba vaŋe ba ja ba vo Babilon. O na yi da to, ba ma ke‑o peena diga ne se o maŋe da o te.
12Nebukadeneza déem na di Babilon teo paare o ke bena fuga-nogo bene delo ne to, chane senu chana kam da fuga dɛ dem ne mo o kwaga-saŋeno Nebuzaradan zo Jerusalem teo kom wone. Wonto maa ye Babilon teo babɛ sem yiga tu. 13O déem ma pa ba zwɛ Baŋa Wɛ diga kam, de pɛ sɔŋɔ kom, de Jerusalem sam dem maama. Ba déem zwɛ sɔ-laao dwi maama mo Jerusalem teo wone. 14Nebuzaradan ma pa ni pa o jar-keira bam yɔɔre ba yigi Jerusalem teo kabiri sem maama ba de tega ne. 15O ma kale yiniga tiina badwonna, de balo ta na daare teo kom wone to, ko ta woli de gwaro ta na daare to, de balo na duri ba zo Babilon tiina kɔgɔ kom wone to o ja o vo Babilon. 16Ko nam ná ye teo kom yiniga tiina badaara bam, Nebuzaradan ma yage-ba Judah laŋa kam ne. O ma pa-ba tega se ba va, de Vini teeni kare, se ba taa nii se baŋa ne.
17Babilon tiina bam ma zo Baŋa Wɛ diga kam ba bwori channa zela yam maama. Yanto maa ye ywoa yalei yam, de ware-zon-zɔŋɔ kolo ba na bwoi we ‘Naneo kom’ to, de ware-zwe zegem torokooro tem. Ba ma daare ba kwei te channa kam ba zeŋe ba ja ba vo Babilon. 18Ba ta ma kwei zwe selo ba na wó taa mae ba pɛ tentwarem to, de sɛbullu, de wonnu telo na wó fɔge te kwɛ mini dem to, de zwe selo na jege se lwori jana to, de selo ba na zwɛ talwoŋ-ywoŋa se wone to, de channa wonnu telo maama na jege te fɔge Wɛ diga chullu tem to ba woli da. 19Nebuzaradan ta ma pa ba kwei Wɛ diga zela yalo maama ba na mɛ sabu-seŋa, naa lu-nyenno ba ke-ya to. Tento maa ye zon-balɛ, de min-chala zwe, de zwe selo ba na wó ma ba zezage na bimbini dem baŋa ne to, de kambi, de min-zwon-zegero, de zom-bi, de zwe selo ba na mae ba lwoi wo-nyɔɔro pɛɛra to.
20Ko ná ye ywoa yalei yam, de ware-zon-zɔŋɔ kom, de ko nabɛ nyenyero fuga-telei telo na zeŋe-ko to, dedaane ware-zwe zegem torokooro tem, Pɛ Solomon déem ya pɛ ba mɔ wonnu tem konto maama Baŋa Wɛ diga chullu tem ŋwaane mo. Te yera channa kam déem tiini ka dumma ka dwoi maŋem. 21Ywoa yalei yam dedoa wɛ-baŋa seeni dedɔrem déem ye jatwogo de noa ni maŋem kuni fuga-nana mo. Ya yera kikilu maŋem maa ye jatwogo de noa ni maŋem kuni fuga belei. Ba déem mɔɔne-ya se ya taa ye wogo mo. Channa kam liliru maa ye nwe sena maŋem. 22Ywei maama yuu ne ba meeli channa wo-sugili mo da se de wane de teili diga kam yuu kom seeni. Wo-sugila yam dedoa dedoa dedɔrem ye jatwogo de noa ni maŋem kuni benu mo. Ba mɛ channa mo ba sɔ ba lɛɛne daane ba ke da, ye ba gɔgere Pomegara tio-bia ba kaare wo-sugila yam. Ywoa yalei yam wo-sugila yam maama ye bedwe mo. 23Ywei maama yera ne, ba gɔgere Pomegara tio-bia bi mo, se nɔɔno ná zege tega ne ye kotu kwoni se o nii de sɛ sem, o nae funogo yaredo yerane mo.
24Nebuzaradan déem ta jaane Wɛ kaanem nakwe tu Seraya, de o kwaga-saŋeno Zefania, de Wɛ diga kam ni-yerena batɔ bam mo o ja o viiri. 25Ko ná ye balo ya ta na daare Jerusalem teo kom wone to, o ma kale ba jar-keira yiga tu wom, de nɔɔna barepɛ balo ya na bwola de pɛ wom to, de dedɛɛro wolo na le nɔɔna se o woli-ba jar-keira kɔgɔ kom wone to, de nɔɔna fuseredo balo ta na wora to o woli da o ja o viiri. 26Nebuzaradan déem jaane banto maama mo o vo Babilon teo pɛ wom tei. O déem wo Hamafa kateiri dem teo Ribila ne mo. 27Dáane mo Babilon teo pɛ déem pɛ se ba go nɔɔna bam konto maama.
Ko déem ke konto mo ye ba kale Judah dwi tiina bam ba ja ba vo sa-teo yiga yiga. 28Pɛ Nebukadeneza na kale balo maama o ja o vo Babilon teo to mo tento:
O paare dim bena yarepɛ bene dem ne
o kale Judah dwi tiina morro tetɔ de finlei-batɔ (3,023) o vo da.
29O paare dim bena fuga-nana bene dem ne
o ma kale Jerusalem tiina bia nana de fintɔ-balei (832) o vo da.
30O paare dim bena finlei-yatɔ bene dem ne
o babɛ sem yiga tu Nebuzaradan ma ja Judah dwi tiina bia yarepɛ de finna-banu (745) o vo da.
Nɔɔna balo ba na kale ba vo Babilon to ná ke daane,
ba ye morro tena de bia yaredo (4,600) mo.
Ba pore Jehoyachin ba yage
31Ba déem na kale Judah teo Pɛ Jehoyachin ba ja ba vo Babilon ye o daare o ke bena fintɔ-yarepɛ Babilon ne to, bene dem konto chane fuga-selei chana kam da finlei-yanu dɛ dem ne mo Babilon teo Pɛ Evil-merodaki ke Pɛ Jehoyachin zaane, ye o pore‑o peena diga ne o yage. Ko maa ye bene delo Evil-merodaki na bobo o di Babilon teo paare to mo o ke konto. 32O ma ke Pɛ Jehoyachin lanyerane, ye o pa‑o jeiŋa jei na tiini se jege zula se dwoi jei selo pwa babam bam na wo Babilon ne na nɛ to. 33Jehoyachin ma lɔɔre o peena diga gwaaro tem o tiŋi. O ŋwea kam dɛ maama wone o ma lɛɛre o di wodiu Babilon teo pɛ tei ne. 34Babilon teo pɛ ta ma kwei kolo maama Jehoyachin na wó ke o yera ne to o pa‑o dɛ maama, se ko vo ko yi o toone maŋa.",https://www.bible.com/bible/3661/JER.52.KBG
WO-CHECHƆGƆ 1,"Wo-chechɔgɔ na yi Jerusalem tiina tei to
1Nii teo konto laam na tigi tei
ye nɔɔn-nɔɔno tere ko wone.
Ko déem nam su de nɔɔna mo!
Ko déem ye te-fɔrɔ mo logo baŋa teene dem wone.
Nii ko laam na ye ne kadeim tei!
Ko ya ye teene dem maama dedɛɛro mo,
ye ko laam to kabɛɛne wone.
2Teo kom nye de kaane wolo na yɔɔre o keeri mo.
Yi-na ma bɔɔre o keila yam tete dem maama wone.
O bɔɔla bam wolowolo nam tera
se kotu zuri o bochare.
O badwonna maama de ma baare o kwaga ne,
ye banto ji o dona.
3Judah tiina yaara yam de ba totoŋ-dɛɛra yam kwaga ne,
ba ta kale-ba mo ba ja ba vo sa-teo yiga yiga.
Ba laam maa zoore dwi-gɛ tiina tetare ne.
Ba daa ba jege mɛ ba na wó jeini se ba sii to.
Ba dona maama pare-ba ba ja mo.
Jeiga daa tera se ba duri ba vo ba jwoŋi ba tete.
4Nɔɔna daa ba tui ba zoore teo kom wone
se ba di kura Wɛ diga kam wone.
Konto ŋwaane chwei selo na vei se zoore Zion wone to de keeri mo.
Teo kom ni maama wone nɔɔn-nɔɔno tera.
Wɛ kaanem tiina yɔɔre ba vuvuni mo.
Ko bukwa bam wo ma chɔge,
kokuri to, teo kom cham dem kɛ jeŋa mo.
5Balo na ye Jerusalem dona to laam mo jigi ko yuu tiina.
Ba nam ba lwei de kolokolo.
Kokuri to, Baŋa Wɛ mo pɛ se cham dento yi teo kom,
ko wɛleera yam na tiini ya gaale to ŋwaane.
Ko dona bam yɔɔre ba di ko nɔn-bia bam mo jara wone,
ye ba daare ba pɛ-ba ba ja ba viiri.
6Zion nenɔŋ-fɔrɔ kom maama laam ti mo.
Teo kom dedɛɛra tiini ba bwona
ne wei na beeri gaao se ga se se di tei to.
Ba ma kwaane se ba duri ba dona yiga ne,
ye ba ware.
7Jerusalem na wo cham wone
ye o kare o beeri maŋa kalo to,
mo o guli o déem na jege ywoni delo o di to.
Ko ye o dendéem gula mo o guli.
O laam nam to o dona jeŋa ne mo,
ye nɔɔn-nɔɔno tera se kotu woli‑o.
O dona bam maa nii,
ye ba jege‑o ba mɔna
de o na nɛ chɔgem to ŋwaane.
8Jerusalem yɔɔre o ke o tusi dedɛ mo,
pa se o ji wo-zɔɔne nɔɔna yiga ne.
Balo déem na nege‑o to laam gwooni‑o mo,
ba na nɛ o kuri to ŋwaane.
Wonto tete de laam yɔɔre o vuvuni mo,
ye o daare o jege o yibia o seiga
chaveera na jege‑o to ŋwaane.
9O chɔge o tete mo de wo-zɔɔna kikia.
O nam wo boŋe se o lɔre ko jwa na wó ke‑o tei to.
O laam na to tei to mo tiini ko jege lɛɛro.
Nɔɔn-nɔɔno nam tera se kotu zuri o bochare.
O maa we, “Baŋa Wɛ,
nii ko na zoore a yera tei!
A dona bam mo di dam a baŋa ne!”
10O dona bam nɛ chwoŋa se ba zo
ba pɛ o jejegero maama ba ja ba viiri.
O zege o nii mo ye dwi-gɛ tiina zo Wɛ wara-jei sem wone.
Baŋa Wɛ tete nam ya maŋe o ta we,
ko chula se banto zo o diga kam wo.
11Teo kom nɔn-bia bam maama yɔɔre ba vuvuni mo
ye ba beeri wodiu se ba di.
Ba laam ma kwei ba jejegero ba yeigi,
se tento leiri wodiu yuu ne se ba ma wori.
Ba maa we, “Baŋa Wɛ, nii dé seeni,
se ba tiini ba gwooni debam dedɛ.”
12“Abam balo na wo chwoŋa yuu ne á kɛ to,
á yiga tera na?
Nam pipiri-na á nii kolo na yi amo to.
Nɔɔno tera kotu yaara na yi amo nyem dem.
Ko ye Baŋa Wɛ mo kwei cham dem konto o ke amo yera ne,
maŋa kalo o ban-lom na zaŋe de amo to.
13O pɛ se mini mo nwoŋi wɛyuu ne de ba amo baŋa.
De ma zo a yera ne, ye de zwɛ a kwi sem.
O chege kalanchogo mo se ko ja-ne,
pa se a pipiri a jwoori kwaga.
O yage amo a yerane mo,
pa se a yera chɛ dɛ dem maama wone.
14Ko nye de o kwei a wɛleera yam mo o ke daane,
ne nɔɔno na vɔge ŋone daane tei to.
O ta kwei-ya o lei a ba ne
pa se a dam maama jei mo.
Baŋa Wɛ na kwei-ne o ke a dona jeŋa ne to,
a ware se a zege de-ba.
15Baŋa Wɛ tete mo maŋe o ve
a na teere de babɛ selo to.
O ma bwoŋi nɔn-kɔgɔ se ba ba amo baŋa,
ye ba daare ba meere a nɔn-donno tem.
Wɛ tete mo nɔne Judah dwi tiina bam o le,
ne nɔɔno na nɔne sɛɛro o le swa wone tei to.
16Wonnu tento ŋwaane nam mo pa se a yɔɔre a keera.
A yia yi-na de maa chuuri bare-bare.
Nɔɔn-nɔɔno nam tera
se kotu zuri a bochare.
Nɔɔno tera se o woli-ne
se a jwoori a tete ne.
Amo bia bam daa ba jege jwa,
kokuri to, dé dona bam wane debam mo.”
17Jerusalem yɔɔre o lwoori wolim mo nɔɔna tei ne.
Nɔɔn-nɔɔno nam tera se kotu zi o bochare.
Baŋa Wɛ maŋe o ta Jakob dwi tiina yera taane o we,
ba fara wó ji ba dona.
Jerusalem seene o ji wo-zɔɔne mo banto yiga ne,
pa se ba chuli‑o.
18O maa we, “Baŋa Wɛ ye chega Tu mo,
se ko ye amo mo nwoŋi o ni dem kwaga ne.
Cheigi-na, abam dwia yalo na zoore jei selo maama ne to.
Nii-na a na yaare
ye ko zoore a yera tei!
Ba jaane a nɔn-donno tem de a bukwa bam mo
ba kale ba ja vo sa-teo yiga yiga.
19A bwoŋi a bɔɔla mo se ba ba ba woli-ne.
Ba nam koge a kuri mo ba pa a dona.
Kana ma go a kaanem tiina bam, de a nakwa bam,
teo kom wone.
Ba kare jei maama mo ba beeri wodiu
se ba di ba wori ye ba ga.
20 Baŋa Wɛ, nii ko na tiini ko yi-ne tei!
Ko jege-ne mo ko ni.
A wo kom tete de ma di,
a na nwoŋi n ni dem kwaga ne to ŋwaane.
Teo kom chwei sem ne,
nɔɔna toa jara wone mo.
Sɔŋɔ ne de, toone ta maa wora.
21Nɔɔna nigi a na vuvuni tei to,
ye nɔɔn-nɔɔno tera se kotu zi a bochare.
A dona bam maama na nigi kolo na yi-ne to,
ba yɔɔre ba chake mo de nmo na ke tei a yera ne to.
Ja! Nam pa se banto de dɛ yi,
ne n na gwoni ni se n ke-ba tei to,
se ba de na yaara
ne ko na ye tei amo yera ne to.
22Pa se ba lwarem kikia maama taa tigi n yiga ne,
se n pa ko zo ba de yera,
ne n na pɛ ko zo amo yera tei
a wɛleera yam maama ŋwaane to.
A tiini a vuvuni dedɛ.
A wo de ma jei.”",https://www.bible.com/bible/3661/LAM.1.KBG
WO-CHECHƆGƆ 2,"Baŋa Wɛ na waare Jerusalem tei to
1Nii Baŋa Wɛ bane na zaŋe Zion teo kom baŋa ne tei!
O ban-lom li-ba mo
ne kunkwon-liliru tei.
Wɛ ma pa se Isarele tiina bam lonne jejegero ji kafɛ.
O ma zege wɛyuu ne o de-te tega ne.
Maŋa kalo o bane na zaŋe de Jerusalem to,
o daa maŋe o wo sɛ se o wara-jei sem taa wora.
2Baŋa Wɛ chɔge teene delo maama
Jakob dwi tiina na zoore de wone to mo.
O wo kom na fuli to ŋwaane,
o vaŋe Judah tiina dam jei sem maama o de tega ne mo.
O ma chɔge ba teene dem de ba pwa bam de,
pa se ba zula maama ti.
3O ma pa se Isarele jar-keira bam maama dam ti
o ban-lom dem ŋwaane.
Ba dona na beene ba baŋa ne to,
o ma dɔne o jeŋa o daare-ba.
Wonto tete jigi ne min-vogo na ye tei to mo,
ye o yɔɔre o zwɛ Jakob dwi tiina bam kula!
4Wɛ mo saŋe o taŋa,
ne o ye ba dono mo tei.
O laam ma yɔɔre ba baŋa se o ta.
O ma go ba nɔn-donno telo maama
kikia ya na su o yi to.
O pɛ se o bane dem to Jerusalem tiina baŋa ne mo,
ne mini na di bileim-bileim tei to.
5Chega to, Baŋa Wɛ jigi Isarele tiina bam dono mo.
O ma yɔɔre o chɔge-ba.
O mage ba sɔ-fwaaro tem pa te ji di-dwonnu mo.
O nam ta chɔge ba dam jei sem de.
O ma pa se Judah tiina keira kam puli dedɛ,
ye ka ba tia.
6Wɛ ta yigi o diga kam o de tega ne,
ne ka ga ye kara wo vwei mo.
O ma pa se o nɔɔna bam de swei
se ba yeini ba di kura yam,
ye ba ta swei o siu dɛ dem swia.
Ko ná ye pɛ wom de kaanem tiina bam maama,
Wɛ nwoŋi ba kwaga ne o ban-lom dem ŋwaane.
7Baŋa Wɛ tage o kaanem bimbini dem mo o yage.
O ma viiri o daare o tete diga kam.
O ma kwei Jerusalem sɔ-fwaaro tem o ke ko dona bam jeŋa ne
pa ba yigi te kabiri sem ba de tega ne.
Banto laam ma zege Baŋa Wɛ diga kam ne ba bage tiguri-kaasa,
ne ba di kuri Wɛ ŋwaane mo tei.
8 Baŋa Wɛ jaane o boboŋa mo
se o yigi Zion kabiri sem o de tega ne.
O ma maŋe se dedɔrem baŋa chekke,
ye o daare o chɔge se maama fase.
Kabiri selo ya na kaare teo kom se che to maama
laam maa tigi tega ne buri-buri.
9Jerusalem teo ni-bworru tem moore tega ne mo.
Wɛ ma yɔɔre o bwori te luuru tem.
Ko ná ye teo kom pɛ de pa-bia bam,
o kale-ba o ja o vo o de teene dedwonna wone mo.
Nɔɔna daa ba mae Wɛ bera yam ba toŋa.
Wɛ sampwori sem daa ware
se ba lɔre Baŋa Wɛ kwora na ye tei to.
10Zion nakwa bam laam jei tega ne mo chemm.
Ba wo-chechɔgɔ ŋwaane mo ba taare ba yuni de kasolo,
ye ba ta yɔɔre ba zo gare-nyenyaaro ba jei.
Jerusalem teo bukwa bam de gwoori ba tira tega ne mo de chaveera.
11A keeri a yia yi-na maama a ti.
A wo kom de ma yɔɔre ko pɛ.
Amo jworo nye de ko lwogi mo ko tigi tega ne,
kokuri to, ba jege a nɔɔna bam ba chɔge mo.
Bia de bu-sese yɔɔre ba tigi teo kom chwei sem ne mo.
12Bia bam maa tɛ de ba niina ba we
“Dé lage wodiu mo se dé di.”
Ba ma to teo kom chwei sem ne,
ne ko na tiini ko zo babɛ tei jara-keim ne to.
Ba ŋwea ma ti
ba niina bam ja-kukworru wone.
13Jerusalem tiina bam, amo wó ta abam yera taane we bɛ mo?
Amo lage a kwei bɛ mo se a maŋe de abam?
Zion tiina bam, amo wó ke tɛ mo
se a wane a pa se á bochare zuri?
Á yaara yam daga mo ne naneo na yala tei to.
Wɔ mo wó wane o woli abam se á na yazura?
14Abam sampwori sem na nɛ kolo ye ba bere abam to
ya ye vwa mo.
Ba ma gane abam.
Ba wo pɛ se á lɔre á na tiini á tusi tei to,
se á wane á jwoori á ta‑á tɔge chwoŋa.
Ba nam tage vwa taana mo ba bere abam,
pa se á ywori chega chwoŋa kam wone.
15Balo maama na tɔge abam seeni ba kɛ to
laam jege abam mo ba yeera.
Ba ta chweese mo, ye ba daare ba dole ba yuni,
Jerusalem teo kom na nɛ chɔgem to ŋwaane.
Ba maa mɔna ye ba tɛ ba we,
“Teo kolo na lana ko gaale to mo tento na?
Nabiina maama daa jege wopwolo de-ko na?”
16Abam dona maama jege abam mo ba twea.
Ba maa chweese abam.
Ba maa nyɔne ba yibia de abam ye ba we,
“Dé laam wane-ba dé chɔge dé yage.
Dé ya jei dé cheigi dɛ dento mo,
dé yi nam nɛ-de!”
17Ko nam ye Baŋa Wɛ mo laam ke
o na ke o boboŋa ne se o ke tei to.
O yɔɔre o ke o su ni delo o na tiŋi faŋa faŋa to mo.
O dole teo kom o de ye o wo jaane á ŋwaŋa.
O ta pɛ se á dona jege wopwolo á chɔgem ŋwaane.
O ma pa ba tiini ba dana ba dwoi abam.
18Zion teo kom, keeri-na de kwor-dɛa
á lwoori Baŋa Wɛ.
Pa-na á yi-na taa chuuri bare-bare
wea de tete maama ne.
Yé sɛ-na se á sii.
Á yia de nam yé kɔ keira.
19Zaŋe-na dɔɔm ne se á keeri á jare Baŋa Wɛ.
Lwoori-o-na titwon-twono tete dem maama wone.
Lwo-na á wo-chechɔgɔ kom maama á tiŋi Baŋa Wɛ yiga ne,
ne nɔɔna na lwogi na ba tiŋi tega ne tei to.
Zeiŋi-na á je Baŋa Wɛ yiga ne se á lwoori‑o,
se o duri á bia bam ŋwaŋa se ba yé te.
Kokuri to, kana wora ka go-ba
teo kom chwei sem maama ne.
20“Baŋa Wɛ, nii debam seeni,
se n duri dé ŋwaŋa.
Ko ye n tete nɔɔna mo n jege n yaara!
N lage se kaana kwei ba tete bia
balo ba na jege ba kɔne to mo
ba di na?
N ta lage se ba go n kaanem tiina bam de n sampwori sem
n tete diga kam ne mo na?
21Nɔn-donno de nɔn-kwe maama mo tega
ba tigi teo kom chwei sem ne.
Nɔn-donno de bukɔ-pwoli de ma yɔɔre ba te jara wone.
Nmo bane na zaŋe de-ba to pɛ se n go-ba.
N yɔɔre n gwoni-ba n tiŋi mo
ye n wo jaane ba ŋwaŋa.
22Nmo bwoŋi a dona mo se ba ba ba di kuri,
ye ba fugi-ne jei maama ne.
Nmo Baŋa Wɛ bane na zaŋe maŋa kalo ne to,
nɔɔn-nɔɔno wo wane se o lu.
Bia balo amo ya na jege a kɔna, ye a nii ba baŋa ne to
mo a dono wom yɔɔre o go nyɔ!”",https://www.bible.com/bible/3661/LAM.2.KBG
WO-CHECHƆGƆ 3,"Teena wora Baŋa Wɛ swono kom ŋwaane
1Amo ye wolo na nɛ cham,
ne Baŋa Wɛ na waare-ne o ban-lom dem ŋwaane tei to mo.
2O yɔɔre o kale-ne mo se a taa vei lim wone,
ye pwooni daa tera kɔtaa!
3O nam yɔɔre o jege-ne o maga mo taa.
O ma dole o jaguli-zane a yera ne dɛ maama wone.
4O ma pa a ya-nɔna yam kwe lela,
ye o daare o ja a kwi sem o bwori.
5O yɔɔre o zaŋe a baŋa ne mo o peene-ne,
pa se a maama ye cham de wo-chechɔgɔ yerane.
6O ma zeili-ne pa se a jei yibiri wone,
ne balo na tege ba dáane to.
7Ko nye de o pe-ne mo o yage diga ne,
ye o ta vɔ-ne de chegero se a yé lu.
8Amo ná maŋe a keeri a jare‑o tei maama de,
o yeini o ve se o cheigi-ne mo.
9O mɛ kandwa mo o lɔ kabiri o che a chwoŋa.
Chwoŋa daa tera se a wane a tɔge da a kɛ.
10O seigi jei ne mo o tiga, ne kago-varem tei.
O maa lage se o zi-ne, ne nywoŋo na ke tei to.
11O ma tuuri-ne o le chwoŋa yuu ne ye o tore-ne.
O laam ma yage-ne pa a wo a yerane ye wolim tera.
12O yɔɔre o saŋe o taŋa mo,
ye o laam jege-ne o tae de chena.
13O jeeri amo mo o ta o chena yam.
Ya ma yɔɔre ya moore ya yi a bochare-yi.
14Amo nɔɔna bam laam jege-ne mo ba mɔna.
Dɛ maama ba leeni lei mo ba ma twe-ne.
15O pɛ se a ŋwea maama su de wo-chɛɛro mo.
Ko ta nye nenɛɛne o kwei wo-chechɔgɔ mo
o ke na-zoŋa ne o pa-ne se a nyɔ.
16O pɛ se a done kandwa mo ye ya guri a yeila.
O ta ma nɔne amo o se tega ne
pa se a yera taare de kasolo.
17Yazura daa tera amo tei ne.
Amo swei wopwolo na ye tei to.
18Amo laam ma ta a we,
“A dam dem jei.
Teena yalo amo ya na jege Baŋa Wɛ tei ne to de ti.”
19A guli a chanɛɛre dem,
de a na kare a beeri yɔɔ yerane tei to gula.
A ŋwea yɔɔre ka su de wo-chɛɛro mo.
20A maa ná yeini a guli konto maama,
a wo wó chɔge mo.
21De ko de, a daa ná yeini a guli tento,
a teena daa ta wó jwoori a tei ne mo.
22 Baŋa Wɛ na yɔɔre o jege o swono tei to bá fɔge ko ti.
O na yeini o duri debam yibwona tei to de nam ba tia.
23Tega ná poore dɛ maama,
tento yeini te jwoori te wora mo.
Chega to, nmo zaane dem tiini de daga.
24Amo wó ta a tete ne mo we,
“Baŋa Wɛ wo amo tei ne.
O nam maŋe amo.
Wonto yera ne mo a teena maama tiga.”
25 Baŋa Wɛ lana mo o pa balo na sale‑o to.
O maa zeini balo na tui o tei to.
26Ko lana mo se nɔɔna taa cheigi chemm
ba nii se Baŋa Wɛ jwoŋi-ba o yage.
27Nɔn-donno ná lɔre se ba peene ba tete,
ko wó taa lana ko pa-ba.
28 Baŋa Wɛ ná korese nɔɔno wolo,
ko maŋe se kotu zuri o yera mo o pa‑o.
29O nam ná tu o tete konto dwoŋi
teena daa wó jwoori ya ba o tei ne.
30Nɔɔna ná lage ba mage‑o, se o yage se ba lɔ o popɔŋɔ.
Ba ná jege‑o ba twea, ko maŋe se o sɛ ba toro tem mo.
31Kokuri to, Baŋa Wɛ ba yɔɔre o ve nɔɔna
o yage-ba taa wuu.
32O ná maŋe o chɔge ba wo tei de,
o ta wó duri ba ŋwaŋa,
o swono kom na tiini ko daga to ŋwaane.
33Wonto ba swoi se o ja yaara naa cham
o ba o de nabiina baŋa ne.
34Nɔɔno ná nɔne peena balo maama na wo tega kam baŋa ne to
o se o nɛ kuri ne, ko lana na?
35Kotu ná ve Yuu-tu Baŋa Wɛ wom ni,
ye o che nɔɔna de ba chega,
ko lana na?
36Kotu ná ve nɔɔno bora taane dim baŋa ne,
Baŋa Wɛ ba nae ko maama na?
37Wɔ mo wó wane o ŋɔɔne se wonnu toŋe,
ye ko dae Baŋa Wɛ mo pɛ chwoŋa se te ke?
38Ko ye Yuu-tu Baŋa Wɛ wom kwora mo pae
se cham de ywoni tui nabiina baŋa.
39Wɛ nam ná waare nabiina ba wɛleera ŋwaane,
ba wolo ná poone ko baŋa ne, ko jege kuri na?
40Nam pa-na se dé fɔge dé maane dé ŋwea na ye tei to,
se dé laam daare dé jwoori Baŋa Wɛ tei.
41Pa-na se dé pore dé bochara,
ye dé zeiŋi dé je wɛɛne
dé jeeri Baŋa Wɛ se dé ta we:
42“Baŋa Wɛ, debam tusi ye dé ta nwoŋi n kwaga ne.
Nmo wo yage dé wɛleera n chɛ debam.
43Nmo mɛ n bane dem mo n pɛ debam kwaga n pu.
N ma‑n daare n go debam,
ye n wo duri dé ŋwaŋa.
44Nmo yɔɔre n kwei kunkwoŋo mo n che n tete,
pa wɛ-lworo tera dé na wó ke se ko yi‑m.
45Nmo dole debam n yage
ne dé ye weero mo to.
Dé ma ji wo-yɔɔro dwi-gɛ tiina bam tetare ne.
46Debam dona bam maama maa jege debam ba twea.
47Cham de chɔgem dedɛ mo tu debam baŋa.
Foone maa jege debam.”
48A yi-na mo yɔɔre ba chuuri bare-bare,
kokuri to, ba jege a nɔɔna bam ba chɔge mo.
49A yia yi-na wó yɔɔre ba ta nwoŋi mo taa,
ye ba ba kwora,
50se ko yi Baŋa Wɛ ná zege wɛyuu ne,
ye o tiiri o nii o na-ne.
51A wo tiini ko chɔge, a yia na nae wonnu telo to ŋwaane,
de a na nɛ a teo kom bukwa bam na yaare tei to.
52Ko ná ye balo na chuli-ne ba tete boboŋa ŋwaane to,
ba jege-ne ba para ne nɔɔno na zeili zuŋa se o ja tei to mo.
53Ba ma ja-ne ba vo ba dole ba yage gwoŋ-chanluŋu wone,
ye ba daare ba dole-ne de kandwa se ba go.
54Na ma bibili a baŋa ne ba kɛa.
A ma boŋe we a ŋwea ti mo.
55 Baŋa Wɛ, amo de ma zege gwoŋo kom wone
a bwoŋi n yere se n ba n zeini-ne.
56Nmo ma‑n cheigi a na lwoori‑m tei a we,
“Yé se n zwa. Nam cheigi a wɛ-lworo kom.”
57Amo na bwoŋi‑m konto to mo n fɔɔre n yi a tei.
N ma‑n ta de amo n we,
“Yé ta‑n fona.”
58Amo Teiru Wɛ, nmo mo jwoŋi a taane dem n ŋɔɔne n pa-ne.
Nmo ta mo jwoŋi a ŋwea n yage.
59 Baŋa Wɛ, n yei ba na ke ba chɔge a yiga tei to.
Nam di a taane se a na bora.
60Nmo nɛ a dona na tiini ba chuli-ne tei to.
Ba jeini ba ke ni daane mo se ba chɔge-ne.
61 Baŋa Wɛ, nmo ta nigi ba na jege-ne ba twe tei to.
Ba jeini ba ke ni daane mo se ba chɔge-ne.
62Nmo ta nigi ba na waase tei,
de ba na yɔɔre ba bane daane
se ba chɔge-ne tei to.
63Nii-ba mo! Ba kikia maama wone,
ba jege-ne mo ba mɔne de ba lei sem.
64 Baŋa Wɛ, yiri jene ba baŋa ne,
se ko maŋe de kolo maama ba na ke to.
65Pa se ba bochara taa tiini ya dana,
se n daare n sɔɔle lwarem
n yage ba yuu ne.
66Tɔge n ban-lom dem baŋa
n zeili-ba n ja,
se n daare n ti-ba
se ba yere saare tega baŋa ne.",https://www.bible.com/bible/3661/LAM.3.KBG
WO-CHECHƆGƆ 4,"Baŋa Wɛ na waare Jerusalem o ti tei to
1Nii sabu-seŋa kam na gɛ ka lam dem tei!
Sabu-seŋ-laao kom daa ba jege yuu.
Kandwa-nyenno tem laam jage,
pa te tigi teo kom chwei sem maama ne.
2Zion teo nɔɔna bam déem tiini ba jege dunni,
ne sabu-seŋa na ye tei to mo.
Leile konto ba laam nam nye de kambi selo
kamɔ-mɔro na mɔɔne to mo.
3Ko ná ye ga-kukuri, se yeini se kwei yele
se ma kɔne se bia.
Amo nɔɔna bam nam ve ba bia mo,
ne nakelakɔro na ke te bia tei kagoa yuu ne to.
4Na-nyɔm mo lage de go bia bam.
Ba nia de ma ko ya peere.
Ba yɔɔre ba lwoori wodiu mo,
ye nɔɔn-nɔɔno ba sɛ o ke o pa-ba.
5Balo déem na jege wodi-laaro ba di ne pwa tei to,
kana laam wora ka go-ba teo kom chwei sem ne mo.
Balo nam ya na jege ywoni ba di to,
laam mo tigi tampuura baŋa ne.
6A nɔɔna bam na nɛ waarem delo to daga
de dwoi delo Sodom tiina na nɛ to.
Banto déem nɛ chɔgem bedwe baŋa ne mo,
ye nɔɔn-nɔɔno tera se o woli-ba.
7Jerusalem dedɛɛra bam déem tiini ba lana dedɛ.
Ba maa ye nɔn-pwonnu.
Ba ta ma kwɛ ba yera pa se ya nyeena ne kandwa-nyenno tei.
Ba maa jege dam de yazura lanyerane.
8Ba yibia laam ye ligi-ligi ka dwoi sambinnu mo.
Ba ná nwoŋi pwooni, nɔɔna ware se ba lɔre-ba.
Ba yera yam ma kwaare ya tane ba kwi ne.
Ba ya-nɔna yam ma ko, ne dɛ na koge tei to.
9Balo na tege jara wone to toone dem
maŋe de gare kana na go balo to.
Kokuri to, kana kam jege-ba ka goe fee fee mo se ba ba ti,
kare sem na wo ke wodiiru to ŋwaane.
10Kaana balo na ye pu-bwon-nyena to
mo mɛ ba tete je ba go ba bia ba di.
Ba saŋe ba bia mo ba di,
se ba wori teo kom chɔgem baŋa ne.
11 Baŋa Wɛ nam yɔɔre o pa se o bane tiini de zaŋe mo.
O ma pa se o ban-lom dem to debam baŋa ne.
Wonto mo dwei mini se de di Zion wone.
De ma zwɛ teo kom kabiri-beira kam tete kula.
12Logo baŋa pwa bam de nabiina jei maama ne
ya ba boŋe we,
debam dona wó na chwoŋa
se ba zo Jerusalem wone ba chɔge teo kom.
13Konto nam seene ko ke.
Ko maa ye teo kom sampwori
de ba kaanem tiina wɛleera yam ŋwaane mo.
Kokuri to, banto jege nɔn-ŋona mo teo kom wone
ba goe kafɛ ŋwaane.
14Ba laam nam kare teo kom chwei sem yuu ne mo
ba taana ba beeri chwoŋa, ne lilwoa na ke tei to.
Ba na tiini ba biini ba tete de nɔɔna jana tei to,
pɛ se nɔɔna kɔre se ba dwei ba yera,
ba na wo maŋe de chullu tem to ŋwaane.
15Nɔɔna tɔɔle ba de ba zwa ne mo ba we,
“Lage-na jei dé tei ne,
se á biini á tete dedɛ!
Yé dwei-na debam!”
Ba nam na kare teene dedwonna ne ba beeri jeiŋa jei to,
dwi-gɛ tiina tɛ ba taane ba we,
“Dé bá sɛ se ba taa zoore debam tetare ne.”
16Ko nam ye Baŋa Wɛ tete mo jage-ba o yage.
O yiga daa tera de-ba.
Nɔɔna daa ba nege kaanem tiina bam.
Nakwa bam de maa ba nae zula nɔɔna tei ne.
17Debam nam ya nii chwoŋa ne mo,
se dé fara ná wó ba ba woli debam, ye dé ga.
Dé maa zege dé teo kom nayuni ne dé yɔɔre dé nia,
ye teo kolo dé na beeri ko wolim to wo tu.
18Dé dona bam yɔɔre ba yere dé na-veili maama mo.
Dé daa ware dé teo kom chwei sem yuu ne se dé taa via.
Maŋa kam yia se dé teo kom chɔge.
Dé na wó na dé lɛɛro maŋa kalo to yia!
19Balo na zeili debam se ba ja to
nye de maaro na nwoŋi wɛyuu ne te tu te zi wonnu tei to mo.
Dé na duri dé di peero yuu to,
mo ba pɛ debam kwaga ba pu.
Dé na yɔɔre dé zo kagoa kam wone to,
ba ta li debam da.
20Ba ma che kalanchorro ba ja Baŋa Wɛ na tiŋi pɛ wolo o pa debam to,
ye wonto ya mo pɛ debam pempanno.
Dé nam ya teene we, dé na zoore o woro kom wone to,
teene delo na gilimi debam to bá wane debam de di.
21Abam Edom dwi tiina bam,
á wó ta‑á jege wopwolo na?
Abam balo na zoore Yuzi tega kam ne to wó ta‑á chaka na?
Nam lɔre-na we Wɛ bane wó zaŋe abam de baŋa ne.
Á wó nyɔ o ban-lom dem á su
ye á daare á na á chaveera,
ne debam na nɛ tei tento to.
22Abam Zion tiina bam,
waarem delo á na nɛ á tusim ŋwaane to wó kɛ.
Wɛ bá yage abam sa-teo ne yiga yiga se ko dáane.
Ko daare, ko ná ye abam Edom tiina bam,
o lage o waare abam mo á wɛleera ŋwaane,
se nɔɔna lɔre we á puseŋa kikia gaale.",https://www.bible.com/bible/3661/LAM.4.KBG
WO-CHECHƆGƆ 5,"Jerusalem tiina wɛ-lworo kom
1Dé Tu Baŋa Wɛ,
guli kolo na yi debam to.
Nii n na dé yuu na tiini ko yaale tei to!
2Veira laam mo jwoŋi debam tega kam ba tei.
Dé sam dem laam ma ji sa-teena nyem.
3Dé kwoa daa tera ye ba daare debam botara.
Dé niina de laam ma ji kadeina.
4Dé jege se dé yeigi na balo dé na nyɔ to de sabu mo.
Ko maa ná ye dé dɛ sem de,
dé wó le sabu dedɛ mo se dé ma na-se.
5Dé dona mo pɛ dé kwaga ba pu.
Dé yɔɔre dé bugi mo,
ye siu tera ko pae debam.
6Dé laam to dé pa Ejipti de Asiria tiina mo,
se ba pa debam wodiu se dé ma dé wori.
7Dé kwoa mo tusi, ba nam daa tera.
Wɛ ma waare debam banto wɛleera ŋwaane.
8Dé dona bam kabɛ laam mo tei debam.
Nɔɔn-nɔɔno nam tera se o jwoŋi debam ba jeŋa ne o yage.
9Dé yeini dé dole dé ŋwea mo
dé yage se dé na wodiu.
Kokuri to, nɔn-gora mo kare ba zi nɔɔna kagoa kam ne.
10Dé yera yam maama maa lone bakke.
Dé kana kam laam jigi paa ka daane debam.
11Baara yeini ba zi dé kaana bam Zion teo kom ne.
Ba maa fe dé busankan-pwoli sem Judah teene dem maama ne ba laga.
12Ba jaane dé teo kom dedɛɛra mo
ba kuuni de ŋone ba go.
Ba maa wo nege dé nakwa bam kɔtaa!
13Ba jege dé nɔn-donno tem mo
ba cho muni.
Bakeiri bia de jege se ba zeŋe dɛ
selo na duna se dwoi-ba to mo.
14Dé teo kom nakwa daa ware
teo kom manchwoŋo ni ne se ba jeini.
Nɔn-donno tem maa ba mage gungwei.
15Wopwolo kikia maama jei debam tei ne.
Dé jɔŋɔ magem maama laam leiri
ko ji keira mo.
16Dé nenɔŋa kam maama jei.
Lɛɛro ma yi debam,
dé wɛleera yam ŋwaane.
17Mo kokuri dé wo maama jei.
Dé daa ba nae chekke,
dé yia na suli de yi-na to ŋwaane.
18Kokuri to, Zion peo kom laam tigi
de di-dwonnu yerane mo.
Ga-kukuri de laam maa kare te wone se beera.
19Dé Tu Baŋa Wɛ,
nmo ye pɛ mo taa wuu.
N paare dem bá taa jege kweelim
se ko taa vei wuu.
20Bɛŋwaane mo nmo yɔɔre n swei dé swia?
Bɛ mo ye n yage debam dé yerane
bena dedɛ wone konto?
21Dé Tu Baŋa Wɛ, nam pa dé pipiri
dé jwoori nmo tei.
Pa se dé jwoori dé na dé faŋa kam.
22Ko ná dae konto, ko bere we
n yɔɔre n ve debam mo,
ye n ban-lom dem wo dé baŋa ne
se ko kɛ jeŋa.",https://www.bible.com/bible/3661/LAM.5.KBG
EZEKELI 1,"Baŋa Wɛ na le kolo o bere Ezekeli to
1Ko déem na yi bena fintɔ bene dem chane sena chana kam da yanu dɛ dem ne to mo amo Ezekeli zege Chebara buga kam ni ne. A maa wora de Judah tiina balo ba na kale jara-keim baŋa ne ba ja vo Babilon to. Amo déem na wora konto to, mo a nɛ wɛyuu kom na pore pa se Wɛ veere o tete o bere-ne. 2Bene dem konto ye ba déem na jaane Judah pɛ Jehoyachin ba kale ba vo jei sem konto ye bena yanu kɛ to mo. Chana kam da yanu dɛ dem ne 3Baŋa Wɛ kwora déem yi amo ye a zege Chebara buga kam ni ne mo Babilon teo wone. A ma maane we Baŋa Wɛ dam dem tu amo wolo na ye Buzi bu Ezekeli ye a ye Wɛ kaanem tu to baŋa.
4Amo déem kwoni a yuu a nii a na vo-dɛɔ na nwoŋi baŋa seeni ko foore ko beena. Kunkwoŋ-zɔŋɔ ma da ko baŋa ko ba ye ko pepele jei maama de dam. Pwooni delo na tiini de pera to maa gilimi ko maama. Kunkwoŋo kom tetare mini dem yɔɔre de seene mo ne channa na tiini ka nyeene tei to. 5A ma nii a na wo-kenkagela yana na ŋwe to mini dem tetare ne. Ya déem nye de nabiina mo, 6ye wo-kenkagele maama laam jege yibi sena, de vɔna yana se de taa maa jaana. 7Ya nɛ sem nam yɔɔre se twe mo, ye ya napera seeni maa nye de na-mɔra napɔɔna yalo na nyeene ne channa na nyeene tei to. 8Wo-kenkagela sɛ sena sem maama maa jege nabiina jea ya vɔna yam kuri ne mo. Ya yana yam maama maa jege yibia de vɔna tento dwoŋi: 9Ya ma kwei ya vɔna ya dwei daane. Wo-kenkagele maama yɔɔre de vei de yiga na jeeri mɛ to mo, pa se de vei ye de ba pipira.
10Ya maama jege yibi sena sena mo na ye se yera: Dedoa maama jege nabiinu yibia de yiga seeni. Nywoŋo yibia maa wo de jazem seeni. Nabea yibia maa wo de jagwia seeni. Maao yibia de maa wo de kwaga kam seeni. 11Wo-kenkagele maama vɔna zeiŋi wɛɛne mo, ye ya yalei yarege ya dwei wo-kenkagela yalo na zege ya yeiri de yera ne to vɔna yam jazem de jagwia seeni. Ko na daare vɔna yalei yadwonna yam to, de laam ma kwei yanto de kwoli de yera yam. 12Wo-kenkagele maama mo yɔɔre de vei yiga ye de ba pipira. Ya maa vei ya jworo kom na bere se ya vo mɛ to. 13Wo-kenkagela yam nye de min-mɔɔla naa min-zwonnu mo wo ya tetare ne. Mini dem maa zaŋa ya tetare ne ye de vei yiga de kwaga. De tiini de nyeene dedɛ mo ye de pepela. 14Wo-kenkagela yam tete maa yɔɔre ya vei yiga de kwaga lela ne doa pepelem to.
15A na zege da a nii wo-kenkagela yam konto to, mo a nɛ wo-gigilu na tigi tega ne ya maama dedoa dedoa teiŋa ne. 16Wo-gigillu tena tem nye daane mo, ye te nyeena ne kandwa-nyenno. Wo-gigilu maama maa nye de ko jege wo-gigilu kodwoŋi na wo ko wone ko gare-ko to. 17Wo-gigillu tem maa ná vei mɛ maama, te wó taa yɔɔre te vei wo-kenkagela yam yiga dedoa na yɔɔre mɛ to, ye te ba pipira. 18Wo-gigillu tem nia déem dɔra mo ye ya tiini ya jege foone. Yia mo yɔɔre ya faare nia yam jei maama.
19Wo-kenkagela yam ná zaŋe ya maa via, wo-gigillu tem de tɔge de-ya te vei mo. Wo-kenkagela yam maa ná jaane ya maa diini wɛɛne, wo-gigillu tem de wó jaane te di wɛɛne mo. 20Wo-kenkagela yam jworo déem wo wo-gigillu tem wone mo. Mo kokuri, jworo kom maa ná laga se ya vo mɛ maama, ya jege se ya vo dáane mo, ye wo-gigillu tem de wó zaŋe te tɔge te maa via. 21Ko na ye tei to, wo-kenkagela yam ná yeini ya via, wo-gigillu tem de tɔge de-ya te vei mo. Ya nam ná maŋe mɛ ya zege, wo-gigillu tem de wó taa zege mo. Ya daa ná zaŋe ya jaane wɛɛne, wo-gigillu tem de maa tɔge-ya te jaana. Kokuri to, wo-kenkagela yam jworo wo wo-gigillu tem wone mo.
22A ma nii wo-kenkagela yam yuni tem baŋa kam seeni a na woŋo na nye de wɛyuu pwola to na tigi da. Ka yɔɔre ka jege nenɔŋa ye ka nyeene jei maama mo ne gelaase na ye tei to. 23Pwola kam kuri seeni, wo-kenkagele maama yarege de vɔna mo pa ya dwei dedwoŋi vɔna. Wo-kenkagele maama ta ma kwei vɔna yalei de ma kwoli de yera yam. 24Wo-kenkagela yam ná yeini ya jaana, a ni ya vɔna yam na wuuri tei to mo. Ya sɔɔ kom nye de na-fwaaro na chuuri tei to mo. Ko ta maa nye de Dam-fɔrɔ Tu Wɛ wom tete kwora, naa jar-keira kɔgɔ sɔɔ na ye tei to. Ko daare ya ná jaane ya ti, ya yeini ya yage ya vɔna yam mo.
25Wo-kenkagela yam na zege da konto ye ya vɔna yam wo tega ne to, a ma ni kwora na nwoŋi pwola kalo na wo ya yuni tem baŋa seeni to. 26Pwola kam wɛyuu baŋa seeni woŋo maa wora, ko na nye de paare yituŋu, ye Safira mo ba mɛ ba ke-ko. Woŋo kodwoŋi de maa wo wɛyuu baŋa seeni, ko na jei yituŋu kom baŋa ne ye ko nye de nabiinu na ye tei to. 27A ma nii a na nenɛɛne ko na zege ko teiŋa seeni se ko taa diini to, ko yɔɔre ko nyeene ne channa na wo mini wone tei to mo. Ko ta na zege ko teiŋa ne se ko taa tua to, ko nye de ko ye mini mo. Pwooni delo na tiini de pera to de ma gilimi ko maama. 28Ko lam dem ye nenɛɛne doa ná nege ka waare ye manlaataŋa yeini ka gare wɛɛne tei to mo.
Nyenyego kom konto bere-ne Baŋa Wɛ nenɔŋ-fɔrɔ kom na ye tei to mo. A na nɛ konto to, mo a vwi a yibia tega ne, ye a ni nɔɔno kwora na ŋɔɔne de amo.",https://www.bible.com/bible/3661/EZK.1.KBG
EZEKELI 2,"Wɛ na bwoŋi Ezekeli tei to
1O ma ta de amo o we, “Nabiinu, zaŋe n zege wɛɛne se a ŋɔɔne dede‑m.” 2O na yɔɔre o wora o ŋɔɔne konto to, mo vio fuli ko zo-ne, ye ko gɔ-ne ko zege wɛɛne. Amo ma cheigi o na ŋɔɔne kolo de amo to.
3O ma ta o we, “Nabiinu, a lage a toŋe‑m Isarele tiina bam tei ne mo. Ba nam ye dwi delo nankɔɔre na daga to mo. Ba de ba nabaara bam nwoŋi amo kwaga ne, ye ba ta ve-ne de zem maama. 4Amo na toŋe‑m balo tei ne to yi dana ye ba zwa de ba ni taane. Nam ta de-ba we, ‘Taane dento ye Yuu-tu Baŋa Wɛ mo tage-de!’ 5Ba ná sɛ n taane dem, naa ba ná ve-de, ko ba fea. Ba maŋe ba ye zwabani-nyena mo. Ko laam wó pa ba lɔre we Wɛ sampwora tu o wo ba tetare ne. 6Nabiinu, ko nam ná ye nmo, yé ta‑n kɔre foone de-ba. Nam yé ta‑n fona de wonnu telo ba na tɛ ba pa‑m to. Ba ŋwɛ sem nye de sabare-mangwoli de kali-chena mo na gilimi‑m ya ke tetare ne, ye ba ni taane ta nye de nɔŋɔ na done nɔɔno tei to. De ko de, yé pa n yera taa sae ba ŋwɛ sem naa ba toro tem ŋwaane. Ta‑n yei we ba dwi dem ye nankɔ-nyena mo. 7Nam yɔɔre n ta amo taane dem n bere-ba, ba ze ná ti yiga se ba cheigi, naa ba ná ve mo de. Kokuri to, ba zwabania kam kɛ jeŋa mo. 8Se ko ná ye nmo nabiinu, fɔge n cheigi a na jege kolo se a ta dede‑m to. Yé lwoni nankɔ-nyena dwi dem konto kikia yam dwoŋi. Puri n ni se n di kolo maama a na lage a pa‑m to.”
9A laam ma nii a na jeŋa na twe ka jeeri amo, ye ka wo jege tɔnɔ na piri ko tigi da. 10O ma bwoli-ko o tiŋi a yiga ne. A ma na we ko yiga de ko kwaga maama ne, ba popone botare-bia ba ke da. Botare-bia bam bere luseim, de wo-chechɔgɔ, de lɛɛro taane yerane mo.",https://www.bible.com/bible/3661/EZK.2.KBG
EZEKELI 3,"1O ta ma ta de amo o we, “Nabiinu, di kolo na tigi n yiga ne to. Done tɔnɔ kom se n daare n vo n ŋɔɔne de Isarele dwi tiina bam.” 2A de ma puri a ni ye o pa-ne tɔnɔ kom pa a done-ko.
3O daa ma ta de amo o we, “Nabiinu, done tɔnɔ konto a na kwei a pa‑m to maama n li n su n puga.” A ma seene a done-ko a li. Ko yɔɔre ko sona a ni ne mo, ne tooro na ye tei to.
4O ma ta de amo o we, “Ja amo kwora kam n vo n pa Isarele dwi tiina bam se ba ni a taane dem. 5A na toŋe‑m se n vo balo tei ne to dae nɔn-gɛ selo taane na ye de yera, ye de kuri nim chana to. Ko nam ye Isarele tiina bam mo a we n véi ba tei, 6se ko dae sa-teene delo taane na ye de yera, ye de chana se n wane n ni de kuri to. Ko ya ná ye banto tei ne mo a toŋe‑m, ba ya wó cheigi taane dem. 7Ko nam na ye tei to, Isarele dwi tiina bam bá sɛ se ba cheigi n taane dem, ba na vae se ba ni amo tete kwora to ŋwaane. Kokuri to, ba yɔɔre ba ye zwabani-nyena mo ye ba jege yi-dɛɛre. 8Nii mo! A lage a pa se nmo de taa jege wo-dɛɔ de yi-dɛɛre mo ne banto na ye tei to. 9Chega to, a lage a pa se n wo taa tiini ko dana ko gaale, ne peo na dana tei to. Konto ŋwaane, yé ta‑n kɔre foone de-ba. Yé pa n vɔna pare ba ŋwaane, de ba na maŋe ba ye nankɔ-nyena tei maama to de.”
10O ta maa we, “Nabiinu, fɔge n cheigi a taane dem lanyerane, se n daare n kwei kolo maama a na wó ta a bere‑m to n ke n yuu ne. 11Nmo laam ma‑n wó vo n dwi tiina balo ba na jaane-ba jara-keim baŋa ne ba kale ba vo Babilon teo ne to tei, se n ŋɔɔne de-ba. Ta de-ba we, ‘Taane dento ye Yuu-tu Baŋa Wɛ mo tage-de!’ Ba ná sɛ ba cheigi n taane dem, naa ba ná maŋe ba ve de, se n ta de-ba konto dwoŋi.”
12Vio laam ma fuli ko gɔ-ne ko zege wɛɛne. A ma ni sɔɔ na nwoŋi a kwaga ne ye ko tiini ko mumuna. Ko ye wo-kenkagela na bere Baŋa Wɛ nenɔŋ-fɔrɔ kom to mo zaŋe ya jeiga kam ne. 13A ma ni wo-kenkagela yam vɔna na mage daane ye ya sɔɔ kom zaŋe tei to, ko woli de wo-gigillu tem de na wo ya teiŋa ne to sɔɔ kom. Ko yɔɔre ko mumuni dedɛ. 14Vio kom daa ta ma gɔ-ne ko ja ko viiri. A maa yɔɔre a vei ye a wo pɛ. A bane de ma tiini de zaŋe. Baŋa Wɛ dam dem nam ya tiini de daga a baŋa ne mo. 15A ma vo a yi balo ba na jaane jara-keim baŋa ne ba kale ba ba ye ba laam zoore Tɛl-Abibi ne to tei. Jei sem konto bwola de Chebara buga kam. A ma maŋe ba na zoore mɛ to da yarepɛ. A na jeini ba tetare ne konto to, a yera sɔɔre mo.
Wɛ na kaane Isarele tiina tei to
16Da yarepɛ yam konto kwaga ne mo Baŋa Wɛ kwora tu amo tei ye o we:
17“Nabiinu, a le nmo mo a zege se n ta‑n yere Isarele dwi tiina bam n pa-ne. Nmo nam ye se n cheigi a kwora kam n daare n lwoni-ka n ma‑n kaane-ba mo n pa-ne. 18Amo ná pɛ puseŋ-nyeno kwora we, ‘N jege se n te mo,’ ye nmo wo vei n kaane‑o, kotu wó seene o te o tusim kikia ŋwaane. Nmo ná wo maŋe ko kuri n bere‑o se o yage o keim-lwanno tem se o wane o ŋwea o jwoŋi, o jege se o te mo. A nam wó bwei nmo mo o toone dem baŋa ne. 19Nmo nam ná vei n kaane kotu, ye o ná ve se o za o puseŋa kikia yam de o totoŋ-lwanno tem, o ta wó te mo o tusim kikia yam ŋwaane. Nmo tete nam wó fwoli n ba ŋona.
20Nɔn-ŋom ná yage totoŋ-laaro kikia ye o bobo se o taa toŋe lwarem, ye amo ná chege o chwoŋa, kotu de jege se o te mo. Nmo ná wo kaane‑o, o wó seene o te o wɛleera yam ŋwaane. Amo yiga bá taa wo o keim-laaro tem wone, ye a nam wó bwei‑m o toone dem baŋa ne. 21Nmo nam ná kaane kotu we o daa yé ke wɛleere pa o seene o wo ke-de, o daa bá te, o na sɛ kaanem dem to ŋwaane. Nmo de maa wó fwoli n ba ŋona.”
22Dáane mo Baŋa Wɛ dam dem wo amo baŋa ne. O ma ta de amo o we, “Zaŋe n nwoŋi n vo te-kampare laŋa kam seeni, se a lage a ŋɔɔne dede‑m dáane mo.” 23A ma seene a vo te-kampare sem. A ma na we Baŋa Wɛ nenɔŋ-fɔrɔ kom wo jei sem konto ne. Ko nye de a ya na nɛ-ko tei ye a wo Chebara buga kam ni ne to mo. A ma to a vwi a yibia tega ne.
24Vio ma fuli ko zo-ne pa a zaŋe a zege wɛɛne. Baŋa Wɛ ma ŋɔɔne de amo o we, “Jwoori n vo sɔŋɔ, se n pe n tete n yage diga ne. 25Nabiinu, nam ta lɔre we ba wó kwei ŋone mo ba vɔ‑m se n daa yé wane n nwoŋi n zo kɔgɔ wo. 26A maa wó pa n ni meeri pa se n jeini da chemm. N bá‑n wane n kaane-ba, de ba na yɔɔre ba ye zwabani-nyena tei to de. 27Maŋa nam ná yia se a ŋɔɔne dede‑m, a laam wó puri n ni se n daare n ta de-ba we, ‘Taane dento ye Yuu-tu Baŋa Wɛ mo tage-de.’ Balo na wó cheigi taane dem to wó yɔɔre ba sɛ-de. Balo de na wó ve-de to jege se ba taa ye konto. Kokuri to, ba dwi dem ye zwabani-nyena mo.”",https://www.bible.com/bible/3661/EZK.3.KBG
EZEKELI 4,"Jerusalem nyenyego kom
1“Nabiinu, kwei biri n tiŋi n yiga ne, se n daare n la bibeiri de yera ne se se lwoni Jerusalem teo kom na ye tei to. 2Laam ke se ko bere we jar-keira kaare teo kom mo ba pu. Dogele kandwa, de teero n ja n di teo kom kabira kam yuu, se n daare n chwi vwoa se jar-keira bam taa zoore ya wone. Ta tiŋi da-kwollu telo ba na wó kwei ba ma mage kabira kam ba bwori to n kaare teo kom. 3N laam wó lage luu zon-tanlaŋa mo se ka ji kabira ka che nmo de teo kom kabira kam daane. Pipiri n yibia n jeeri teo kom nenɛɛne n tete mo li-ko n pu de jara. Keim dem konto ye se ko kaane Isarele dwi tiina bam mo.
4Nmo laam wó peini n jagwia saŋa ne, se ko bere we n zeŋe Isarele dwi tiina bam wɛleera mo. Da yalo wone nmo na wó peini da to ye maŋa kalo ba wɛleera jene na wó taa wo n yuu ne to mo. 5Nmo wó ta‑n tigi da da bia yatɔ de funogo (390) se ko bere bena yalo wone Isarele tiina bam na ke wɛleera to, se dɛ maama zege de pa bene. Da yam konto wone mo Isarele dwi tiina bam wɛleera jene wó taa wo n yuu ne.
6Da yam konto ná tu ya ti, se n pipiri n peini n jazem saŋa kam ne da finna (40), se ko bere we n zeŋe Judah dwi tiina bam wɛleera. Da yam konto de wó zege ya pa bena yalo Judah tiina de na yaare ba wɛleera ŋwaane to mo. 7Pipiri n jeeri Jerusalem teo de ko jara yam nyenyego kom, se n pu n jagula ko baŋa ne n pworisi n chɔge-ko. 8Amo lage a kwei ŋone mo a vɔ‑m a tiŋi da. N bá‑n wane n pipiri n peini saŋa kadwoŋi ne, ko ná dae we n kwaare jara yam de teo kom n ti.
9La banina, de chaara, de swoona, de sia, de mena, de kadaga n ke-te kambi-zɔŋɔ wone, se n daare n ma-te n wɔ bworobworo n ta‑n jege n di. Wodiu kom konto mo nmo wó ta‑n di da bia yatɔ de funogo (390) yalo nmo na wó ta‑n tigi n saŋa baŋa ne to. 10Nmo wó maŋe wodiu kom ja-bwanno nana mo se n ta‑n jege n di ko maŋa ko maŋa dɛ maama wone. 11Nam ta twei na se ba maŋe de kunkwolo-yi chicheiro, se n ta‑n jege-ba n nyɔ ko maŋa ko maŋa dɛ maama wone. 12Nii wodiu kom ne ko ye maasa mo n jege n di. Nam kwei nabiina beinnu n ji dɛ selo n na wó ma n wɔ bworobworo kom, ye n wɔ-ko mɛ nɔɔna bam maama na wó taa zege ye ba nii to.”
13 Baŋa Wɛ laam ma ta o we, “Tento bere Isarele tiina bam na wó ke tei ye ba di wodiiru telo na wo maŋe de chullu tem to dwi-gɛ tiina bam tetare ne, mɛ amo na wó zeili-ba se ba taa zoore to.”
14Amo ma ta a we, “Jan ja! Yuu-tu Baŋa Wɛ, yé pa se a ke konto dwoŋi. Ko na zege a biini ne se ko yi leile, amo ta wo biini a tete de wodiiru telo na wo maŋe de chullu tem to. A bere a wo di wo-teko, naa woŋo kolo kago-vara na jaane ba go to.”
15Wɛ laam ma leiri o we, “Tɔ. A nam pɛ‑m chwoŋa se n kwei na-beinnu n ma n wɔ n bworobworo kom, se n daa‑n yé ma nabiinu beinnu n wɔ-ko.”
16O ta ma ta o we, “Nabiinu, a lage a pa Jerusalem teo kom ga wodiu mo. Ko nɔn-bia bam wó taa lare wodiiru ba di fenfee ye lwia jege-ba. Ba ta wó taa twei na fenfee ba nyɔ de wo-chechɔgɔ. 17Kokuri to, wodiiru de na wó tiini te taa jege zore. Teo kom nɔɔna bam ná nii daane, ba yera wó sɔɔre mo. Ba maa wó bugi ba jei ba wɛleera yam ŋwaane.”",https://www.bible.com/bible/3661/EZK.4.KBG
EZEKELI 5,"Jerusalem teo na wó chɔge tei to
1“Nabiinu, kwei se-zɔɔ kolo ni na di lanyerane to n ma n fane n twana yam de n yu-ywei sem. Maŋe-te se n lɔre te dunni na mae tei to, se n daare n pɔɔre-te kuni betɔ. 2Nmo ná kwaare jara de Jerusalem teo nyenyego kom n ti, se n kwei n twana yam, de n yu-ywei sem popɔra betɔ wone dedoa n zwɛ teo nyenyego kom wone. N ta wó kwei se popɔra betɔ wone dedoa n ja n nwoŋi teo kom dáa ne n zage n gwo de se-zɔɔ. Ta daare n kwei se popɔra betɔ wone dedoa n dole n yage se vio ja-se ko jage. Amo laam wó kwei a se-zɔɔ mo a ma a pare-se. 3Nam daare yu-ywei fenfee se n kwei-se n vɔ n gɔrɔ ni ne. 4N daa‑n wó le yu-ywei sem konto wone mo, se n dole-se n de mini dem wone se se zwɛ. Mini dem konto mo lage de di de jage de yi Isarele dwi tiina bam maama.
5Yuu-tu Baŋa Wɛ na tage tei to mo tento: Konto lage ko bere Jerusalem teo kom na ye tei to mo. A ya kwei-ko a zege dwi-gɛ tiina tetare ne mo, ye ba teene dem gilimi-ko de ke tetare ne. 6Ko nɔn-bia bam nam nwoŋi a kwaga ne mo, ye ba toŋe puseŋa kikia yerane se ko dwoni dwi tiina balo na gilimi-ba to kikia na ye tei to. Ba yɔɔre ba ve a nia yam de a bera yam mo.
7Yuu-tu Baŋa Wɛ nam na tage tei to mo tento: Abam zwabania kikia maŋe ya dwoi teene delo na gilimi abam de ke tetare ne to, ye á ba tɔge a bera yam. Á nam ba sɛ a nia yam. Ko ná maŋe ko ye dwi tiina balo na gilimi abam to chullu tem, á wo kwaane á ke tento na bere tei to.
8Yuu-tu Baŋa Wɛ nam na tage tei to mo tento: Jerusalem tiina bam, amo tete nam wó pipiri a ji á dono. A lage a waare abam mo se dwi-gɛ tiina bam taa zege ba nia. 9A nam wó tiini a waare abam, á na zuli wo-zɔɔna to ŋwaane. A na wó ke abam tei to dae kolo a na maŋe a ke to, ye a nam daa bá fɔge a waare nɔɔna konto dwoŋi de. 10Kwoa wó tɔge ko baŋa ne ba di ba bia, ye bia de di ba kwoa, kana na jege-ba to ŋwaane. Amo wó waare abam á wɛleera ŋwaane. A ta wó jage abam wone balo na daare to a yage tega baŋa jei maama ne. 11Konto ŋwaane, Yuu-tu Baŋa Wɛ tage tento mo we: Ne amo na jege ŋwea tei to, ko yɔɔre ko ye chega mo we a jaane boboŋa se a ti abam mo, á na biini amo wara-jei sem de wo-zɔɔna, de totoŋ-vɛɛsa dwi maama to ŋwaane. A bá ŋɔne a pa abam naa a duri á yibwona kɔtaa! 12Abam teo nɔɔna bam popɔra betɔ wone dedoa mo lage ba maŋe teo kom wone ba te jawe-chɛɛro, de kana ŋwaane. Popɔra betɔ wone dedoa maa wó nwoŋi ye á dona bam go-ba jara baŋa ne. Á popɔra betɔ wone dedoa kalo na daare to, a maa wó jage-ba jei maama ne, ye a ta kwei a se-zɔɔ a pare-ba se a go.
13Amo ná ke konto ba yera ne a ti, a bane dem laam wó zuri, a na waare-ba se ko maŋe de ba wɛleera yam to ŋwaane. Amo ban-lom dem ná to ba baŋa ne konto, ba laam wó lɔre we ko ye amo Baŋa Wɛ mo pɛ se ko ke-ba konto dwoŋi amo na chana ba baŋa ne to ŋwaane.
14Amo wó pa se á teo kom ji di-dwonnu se dwi-gɛ tiina balo na gilimi abam to na á chaveera, ye ba de balo maama na tɔge da ba maa kɛ to taa jege abam ba gwoona. 15Abam ná nɛ á lɛɛro tento, dwi-gɛ tiina bam wó taa jege abam ba twea ye ba mɔna. Ba nam ta wó kɔre foone de amo na yɔɔre a chɔge abam tei a ban-zɔŋɔ kom ŋwaane to. Amo Baŋa Wɛ mo tage konto. 16Kana lage ka ji chene delo vea na chana to mo, ye amo wó kwei-ka a ma a chɔge abam a ti. Amo wó pa kana taa jaane abam taa, á teo kom na wó ga wodiu dwi maama to ŋwaane. 17Amo wó pa se kana de kago-vara ba á baŋa de dam. Te nam wó ti á bia maama se á daa yé ta‑á jege bia. Jawe-chɛɛro, de tigura, de jara-keim wó to á tetare ne se te go abam. Amo Baŋa Wɛ mo tage konto.”",https://www.bible.com/bible/3661/EZK.5.KBG
EZEKELI 6,"Lɛɛro telo na wó yi Isarele tiina to
1 Baŋa Wɛ kwora tu ka yi amo we:
2“Nabiinu, pa n yibia jeeri Isarele peero tem seeni se n daare n pworisi taane n chɔge-te 3we, ‘Isarele peero tem, cheigi-na Yuu-tu Baŋa Wɛ kwora. Tento mo Yuu-tu Baŋa Wɛ tage de peero tem, de zwonnu tem, de gugworru tem, de bwollu tem: A lage a pa jara mo zaŋe á jei sem maama ne, se a chɔge mɛ nɔɔna bam na diini ba zuli jwona da to. 4Amo wó yigi ba kaanem bimbina yam a de tega ne, ye a daare a chochoge bimbina yalo ba na zwɛ talwoŋ-ywoŋa ya baŋa ne to. Nɔɔna bam ná zege ba jwona yam yiga ne ba zuli-ya, amo wó go-ba dáane mo. 5A laam wó yage abam Isarele tiina twa bam yera se ya taa tigi á jwona yam yiga ne. A maa wó pa á kwi sem jage se kaare á bimbina yam. 6Teene delo maama á na zoore de wone to wó chɔge mo, se wara-jei selo á na zuli jwona da to de chochoge. Á jwona kaanem bimbina yam wó ba ya chɔge zɔŋ-zɔŋ, ko ta woli de jwona yam tete. Bimbina yalo baŋa ne á na zwɛ talwoŋ-ywoŋa to de wó chochoge. Woŋo kolo maama á na ke to jege se ko saare ko jei mo. 7Twa wó taa tigi jei maama abam tetare ne. Konto maama baŋa ne mo á wó lɔre we amo mo ye Baŋa Wɛ.
8A nam wó pa abam badwonna chwoŋa se ba lu toone. Banto bá te jara wone, ba na jage ba zo teene dedwonna wone to ŋwaane. 9Ba dona maa ná kale-ba ba ja vo sa-teene wone se ba taa zoore da, ba laam wó guli amo gula. Ba maa wó lɔre we a wo tiini ko chɔge de ba na nwoŋi amo kwaga ne tei to. Kokuri to, ba mɛ ba kwaga ba ya amo mo, ye ba daare ba seene ba yia de jwona kaanem. Ba fera nam wó nwoŋi ba tete, lwarem de totoŋ-vɛɛsa yalo maama ba na ke to ŋwaane. 10Ba laam maa wó lɔre we amo mo ye Baŋa Wɛ. A na tage we a lage a pa lɛɛro telo yi-ba to, ko dae we a tɛ de a ni yerane mo.’ ”
11Yuu-tu Baŋa Wɛ na tage tei to mo tento: “Mage n je sem daane, se n ta‑n nɔne n nɛ tega ne de dam, ye n daare n laare de wo-chechɔgɔ we, ‘Lɛɛro na!’ Ke konto Isarele dwi tiina bam totoŋ-lwanno, de ba wo-zɔɔna kikia yam ŋwaane. Ba nam lage ba te jara, de kana, de jawe-chɛɛro baŋa ne mo. 12Wolo na wo sa-teo wone to, jawe-chɛɔ mo wó go‑o. Wolo na bwola to de maa wó te jara wone. Wolo na daare ye o lu toone to de maa wó te de kana. A lage a tiini a waare-ba konto dwoŋi mo a ban-lom dem ŋwaane. 13Konto baŋa ne ba wó lɔre we amo mo ye Baŋa Wɛ. Ko nam wó ke ne ba ná nɛ we ba tete tiina twa tigi ba faare tega baŋa jei maama. Ko wó taa ye ba jwona yam tetare ne, de ba kaanem bimbina yam teiŋa ne, de zwonnu tem de peero tem maama yuni ne, de tei-kamunnu kura ne mɛ ba ya na kwei talwoŋ-ywoŋa ba kaane ba pa ba jwona yam maama to mo. 14Amo wó zeiŋi a jeŋa mo se a waare-ba se a daare a chɔge ba tega kam se ka ji di-dwonnu yerane, ko zege kagoa kam ne se ko yi Dibila. Amo wó chɔge jei selo maama ba na zoore to. Ba laam maa wó lɔre we amo mo ye Baŋa Wɛ.”",https://www.bible.com/bible/3661/EZK.6.KBG
EZEKELI 7,"Lɛɛro na lage te yi lela tei to
1 Baŋa Wɛ kwora tu ka yi amo we:
2“Nabiinu, Yuu-tu Baŋa Wɛ na tage tei de Isarele teo kom to mo tento: Lɛɛro maŋa yi ka ti! Maŋa yi se abam tega kam ni maama chɔge. 3Abam chɔgem maŋa kam na yi to ŋwaane, amo wó yɔɔre a lwo a ban-lom dem mo á baŋa ne. A lage a bwei abam chwei selo á na tɔge to ŋwaane. A ta wó waare abam se ko maŋe de wo-zɔɔna kikia yalo maama á na ke to. 4A bá ŋɔne a pa abam naa a duri á yibwona. A nam lage a waare abam mo chwei selo á na tɔge to ŋwaane, de á na yɔɔre á ke totoŋ-vɛɛsa tei to. Konto baŋa ne á wó lɔre we amo mo ye Baŋa Wɛ.
5Yuu-tu Baŋa Wɛ na tage tei to mo tento: Ta‑á yei-na we lɛɛro telo dwoŋi na tera to mo beene á baŋa. 6Chɔgem maŋa yia! Lɛɛro tem lage te yi lela! Te nam diini á baŋa mo. Fɔge-na á nii-na! 7Abam balo na zoore tega kam baŋa ne to, á lɛɛro tem maŋa yia. Baŋa Wɛ dɛ dem yi de ti. Dɛ dem konto ne vuvuga wó taa wora. Á daa bá ta‑á kare peero tem yuu ne á di ywoni. 8Ko bá dáane se a lwo a ban-lom dem á baŋa ne. Amo wó da a ban-zɔŋɔ kom ŋwaane a bwei abam chwei selo á na tɔge to ŋwaane, ye a daare a waare abam se ko maŋe de wo-zɔɔna kikia yalo maama á na ke to. 9A bá ŋɔne a pa abam naa a duri á yibwona. A nam lage a waare abam mo chwei selo á na tɔge to ŋwaane, de á na yɔɔre á ke totoŋ-vɛɛsa tei to. Konto baŋa ne á wó lɔre we amo Baŋa Wɛ tete mo dole abam jaguli-zane.
10Nii-na! Dɛ dem beene ye de laam yia! Lɛɛro tem zaŋe te nwoŋi se te ba á baŋa. Da-lɔŋɔ kom kwi vɔɔro mo. Zwabania de puli jei maama ne. 11Ba nankɔɔre kikia yam daga ya gaale, pa se ya ji da-lɔŋɔ kolo na wora puseŋa ŋwaane to mo. Ba wolowolo nam daa bá daare. Ba kɔ-fɔrɔ kom, de ba jejegero tem, de ba dunni dem maama wó ti mo. 12Maŋa kam yia. Ba chɔgem dɛ dem tua. Balo na yeigi wonnu de sabu to wo daa bá pwoli. Balo nam na yeigi-te ba pa to de wo bá chɔge we ba toa. Kokuri to, Wɛ lage o waare ba kɔgɔ kom maama mo. 13Wolo ná kwei o wonnu o yeigi, kotu daa bá jwoori o na-te o ŋwea wone. Kokuri to, a bá leiri a boboŋa yalo a na veere de-ba to. Ya maa vei ba kɔgɔ kom maama seeni mo. Ba maama dedoa dedoa na ke wɛleera yalo to ŋwaane, ba bá jwoŋi ba ŋwea.
14Ba wugi nabɔnɔ se nɔɔna ti ba yiga jara ŋwaane. Nɔɔn-nɔɔno nam bá nwoŋi o vo o kwaare jara yam. Kokuri to, amo bane mo zaŋe ba kɔ-fɔrɔ kom maama baŋa ne. 15Jara-keim mo wo pwola ne. Ko daare ye jaweero de kana wo sam dem wone. Balo na wo pwola ne to wó te jara yam baŋa ne mo. Jaweero de kana maa wó go balo na wo teo kom wone to. 16Balo na maŋe se ba lu to wó duri ba vo peero jei ne mo ba taa wora. Ba maa wó taa keera ne kunkwona na keeri tei to, se nɔɔno maama taa keeri o tete wɛleera ŋwaane. 17Nɔɔna bam maama vɔna wó pare, ye ba nadwoona taa mage daane. 18Ba wó zo gare-nyenyaaro, ye foone de ja-ba. Ba yiga maa wó nyɔne chaveera ŋwaane, ye ba cheeri ba yuni wo-chechɔgɔ ŋwaane. 19Ba wó dole ba lu-nyenno tem ba yage teo kom chwei sem yuu ne, ye ba ke ba sabu-seŋa kam ne ka ye wo-yɔɔ mo to. Ba lu-nyenno tem de ba sabu-seŋa kam maama bá wane te jwoŋi-ba te yage Baŋa Wɛ ban-zɔŋɔ kom dɛ dem ne. Ba jejegero tem konto bá pa-ba wodiu se ba di ba su ba kana. Te nam ye wonnu telo na pɛ ba tusi to mo. 20Ba ya jege teera mo de ba wo-nyenno tem, ye ba kwei-te ba ma ba ke wo-zɔɔna nyenyero se ba taa zuli-te. A nam wó pa wonnu tem konto pipiri te ji wo-yɔɔro te pa-ba. 21A ta wó pa dwi-gɛ tiina de logo baŋa puseŋ-nyena bam vere wonnu tem konto ba tei ne, pa se te daa yé taa jege lam. 22A lage a kwoli a yibia mo se dwi-gɛ tiina bam na chwoŋa ba zo jeiga kalo na jege a fera to, ye ba daare ba biini-ka. Venverena mo wó biini-ka konto.
23Fɔge-na chegero á tiŋi a nɔɔna bam ŋwaane. Kokuri nɔɔna swoi nɔn-gora kikia de vuvuga totoŋa mo teo kom maama ne. 24Ko ná ye ba sam dem, a lage a pa teene delo nɔɔna puseŋa na gaale to mo ba ba jwoŋi-de ba taa tei. A maa wó pa se ba babɛ sem dam ti, se venverena de ba ba biini ba wara-jei sem. 25Chanɛɛre dem ná yi-ba, ba laam wó beeri yazura jei ba ga. 26Lɛɛro tem wó ba te daŋe da-baŋa ne. Ba ta wó ni sawea ba woli sawea kadwoŋi baŋa ne. Ba ta wó vo Wɛ sampwora tei se o le wonnu o bere-ba ye ba ga ko ŋwa. Wɛ bera yam nam wó jei o kaanem tiina bam ni ne. Teo kom nakwa bam de daa bá taa tɛ yi-poro taane. 27Pɛ wom wó taa keeri wo-chechɔgɔ ŋwaane, ye o dedɛɛro wom teena de ti. Foone maa wó ja teo kom nɔɔna bam se ba yera taa sae. A lage a ke-ba se ko maŋe de ba kikia na ye tei to mo. A ta wó di ba taane se ko tɔge de ba tete chullu tem na bere tei to. Ba laam maa wó lɔre we amo mo ye Baŋa Wɛ.”",https://www.bible.com/bible/3661/EZK.7.KBG
EZEKELI 8,"Jwona kaanem
1Bena yaredo bene dem chane seredo chana kam da yanu dɛ dem ne, mo a jei de Judah teo nakwa bam a tete sɔŋɔ ne. Yuu-tu Baŋa Wɛ dam dem ma pɔpɔ de ba amo baŋa. 2A ma nii a na woŋo na nye de nabiinu to a yiga ne. O teiŋa seeni se ko taa tu to yɔɔre ko di mo ne mini na ye tei to. O teiŋa seeni se ko taa diini de maa nyeena ne channa na tiini ka nyeene tei to. 3O ma pa woŋo na nye de o jeŋa to twe ka ja-ne a yu-ywei sem seeni. Vio laam ma fuli ko gɔ-ne wɛɛne pa a jaane a lei tega kam de wɛyuu tetare laŋa ne. Ko ma tɔge wonnu telo Wɛ na veere o bere-ne to baŋa ne, ko kwei-ne ko ja ko vo Jerusalem. A ma vo a yi Wɛ diga kam tetare konkɔlɔ kom ni delo na jeeri baŋa seeni to. Dáane mo jwoni nyenyego kolo na chuchugi Wɛ bane to yɔɔre de zega. 4A ma nii a na we Isarele tiina Wɛ wom nenɔŋ-fɔrɔ kom wo dáane. Ko nye de nyenyego kolo Wɛ ya na le o bere-ne ye a wo bwolo kom tega ne to mo.
5O laam ma ta de amo o we, “Nabiinu, kwoni n yuu n nii baŋa seeni.” A na nii baŋa seeni to, mo a nɛ jwoni delo na chuchugi Wɛ bane dem to. De maa zege de maŋe de bimbini dem baŋa seeni ni dem.
6O ma ta de amo o we, “Nabiinu, n nɛ totoŋ-nɛ selo Isarele dwi tiina bam na jege ba ke ywo-seeni to na? Ba yɔɔre ba ke totoŋ-zɔɔna se ba zeili-ne pa se a vo yiga yiga a daare a wara-jei sem mo. Nam ta‑n yei we, n wó na totoŋ-vɛɛsa na dwoi tento.”
7O laam ma ja-ne pa dé vo dé yi Wɛ diga kam konkɔlɔ kom ni dem. A ma nii a na bɔɔne de na wo kabiri kam yera ne. 8O ma ta de amo o we, “Nabiinu, fɔge n bɔɔre bɔɔne n ke kabiri kam yera ne.” A na ke konto to, mo a nɛ ni na tigi da. 9O daa ma ta o we, “Tɔge ni dem n zo se n na lwarem de wo-zɔɔna kikia yalo ba na jege ba toŋe ywo-seeni to.” 10A ma zo da, ye a na we ba gɔgere wo-zɔɔna dwi dwi nyenyero mo ba yage kabira kam yera maama ne. Nyenyero tem bere tega-veila, de vare-balwaaro, de Isarele dwi tiina na kaane jwona yalo dwi maama to mo. 11Isarele dwi tiina nakwa fuserepɛ maa zege nyenyero tem yiga ne, ye Safan bu Jazania wo ba tetare ne. Ba maa zei min-chala zwe ye ba zwɛ talwoŋ-ywoŋa pa se ka nyoa zaŋa wɛɛne.
12O ma bwei amo o we, “Nabiinu, n nɛ Isarele dwi tiina nakwa bam na seigi lim wone ba ke wonnu telo na? Nɔɔno maama seigi o jwoni nyenyero diga ne mo o ke o na lage tei. Ba maa tɛ ba we, ‘Baŋa Wɛ ba nae debam. Baŋa Wɛ viiri o daare dé teo kom mo.’ ” 13O daa ma ta o we, “Nam ta‑n yei we, n ta wó na totoŋ-vɛɛsa ba na ke ye ya dwoi tento.”
14O daa ma ja-ne o vo o yi Baŋa Wɛ diga kam ni delo na jeeri baŋa seeni to. A ma na kaana na jei da ye ba keeri Tammuza keira kam. 15O ma ta de amo o we, “Nabiinu, n nɛ konto de na? Nam ta‑n yei we, n wó na totoŋ-vɛɛsa na dwoi tento.”
16O ma ja-ne o zo Baŋa Wɛ diga kam tetare konkɔlɔ kom. A ma nii Wɛ diga kam ni dem seeni mɛ na ye napɔrɔ kom de kaanem bimbini dem tetare laŋa ne to a na nɔɔna badwonna na maŋe de finlei-banu. Banto mɛ ba kwaga ba ya Baŋa Wɛ diga kam, ye ba pipiri ba yibia wɛ-puli seeni ba jeeri wea kam ba tiiri tega ne ba zuli-ka. 17O ma ta de amo o we, “Nabiinu, n nɛ konto de na? Judah dwi tiina bam na ke wo-zɔɔna yalo maama ywo-seeni to, ba boŋe we ya dae kolokolo mo na? Ba nam ta jege nankɔɔre totoŋa mo ba ke teo kom ni maama ne ba woli da, pa se ba chuchugi a bane se ko gaale. Nii ba na jege-ne ba twea tei! 18Konto ŋwaane nam mo amo de wó da a ban-lom dem ŋwaane a waare-ba! A bá ŋɔne a pa-ba naa a duri ba yibwona kɔtaa! A bá sɛ se a cheigi ba keira kam, de ba ná maŋe ba keeri ba jare-ne de kwor-dɛa tei maama de.”",https://www.bible.com/bible/3661/EZK.8.KBG
EZEKELI 9,"Wɛ na waare jwo-kaana bam tei to
1O laam ma bage de kwor-dɛa ye a ni we, “Abam balo na jege se á waare teo kom to, fɔɔre-na á yi ywo, ye á maama zei jara zela se á ma‑á chɔge-ko!” 2Nɔɔna baredo ma pi ba nwoŋi ba tɔge Wɛ diga kam ni delo na wo baŋa seeni to ba beene. Ba dedoa maama maa jege jara-keim zele na sele chekke to o jeŋa ne. Nɔɔno wodwoŋi maa wo ba tei ne. O déem zo gare-fefala mo ye o vɔ tɔnɔ poponem zela o teiŋa ne. Ba maama ma vo ba zege channa bimbini dem teiŋa ne.
3Isarele tiina Wɛ wom nenɔŋ-fɔrɔ kom ma gɔ ko tete mɛ ko ya na dɔge cherubi wo-kenkagela yam baŋa ne to. Ko laam ma vo ko yi Wɛ diga kam ni dem seeni. Baŋa Wɛ ma bwoŋi nɔɔno wolo na zo gare-fefala kam ye o jege tɔnɔ poponem zela to 4ye o ta ded‑o o we, “Kaare Jerusalem teo kom ni maama se n beeri balo maama na suuri de wo-chechɔgɔ wo-zɔɔna kikia yalo na jege ya ke teo kom wone to ŋwaane, se n daare n ke daale n yage ba tira ne.”
5A ta na zege a cheigi to, mo o tage de nɔɔna badwonna bam o we, “Ta á tɔge-na o kwaga se á de kaare teo kom ni maama á go wuu. Yé ŋɔne-na á pa nɔɔn-nɔɔno naa á duri ba wolowolo yibwona. 6Yɔɔre á ta‑á goe nɔn-kwe, de nɔn-donno, de ka-bwona, ko ta woli de bia de kaana dwi maama. Nam yé go-na balo na jege daala yam ba tira ne to. Nam bobo-na amo diga kam ni ne se á ta‑á goe á via.” Ba ma seene ba bobo ba go nakwa balo na wo Wɛ diga kam yiga ne to.
7O ta ma ta de nɔɔna bam o we, “Dole-na twa bam á yage Wɛ diga kam konkwallo tem jei maama ne se ko pa wara-jei sem biini. Véi-na á bobo totoŋa!” Ba ma seene ba zo teo kom wo ba kaare ko ni maama ba goe yɔɔ. 8Nɔɔna bam na yɔɔre ba jege nɔɔna bam ba goe konto ye ba daare a yerane to, mo a yɔɔre a to a vwi a yibia tega ne ye a laare a yage we, “Jan ja, Yuu-tu Baŋa Wɛ, nmo na yɔɔre n tɔge n ban-lom dem baŋa n tiini n waare Jerusalem teo tiina konto to, n ta wó chɔge Isarele tiina balo na daare to maama de mo na?”
9O ma leiri-ne o we, “Isarele de Judah dwi tiina bam na tusi tei to tiini ko kɛ jeŋa mo. Nɔɔna kare ba goe daane tega kam ni maama ne mo, ye chega kam ba toŋa teo kom wone. Ba ta maa tɛ ba we, ‘Baŋa Wɛ viiri o daare dé teo kom mo. Baŋa Wɛ ba nae dé kikia yam.’ 10Amo nam bá ŋɔne a pa-ba naa a duri ba yibwona kɔtaa! A yɔɔre a lage a pa ko ni-ba mo se ko maŋe de ba totoŋ-lwanno tem.”
11Nɔɔno wolo na zo gare-fefala kam ye o jege tɔnɔ poponem zela to ma jwoori ye o ta de Baŋa Wɛ o we, “A ke n ni dem ne mo.”",https://www.bible.com/bible/3661/EZK.9.KBG
EZEKELI 10,"Baŋa Wɛ nenɔŋ-fɔrɔ kom nwoŋi ko daare Wɛ diga kam
1A ma nii wɛyuu pwola kalo na tigi cherubi wo-kenkagela yam yuni tem baŋa seeni to a na woŋo na nye de paare yituŋu ye Safira mo ba mɛ ba ke-ko to. 2Baŋa Wɛ ma ta de nɔɔno wolo na zo gare-fefala kam to o we, “Véi n zo wo-gigillu tem na viviriga cherubi wo-kenkagela yam kuri dem seeni to tetare ne. Laam le min-chala da tetei nmo na wó wane n pɛ to, se n daare n ja-ya n zo Jerusalem teo kom wone n laam dole n yage ko ni maama ne.” A maa zege da a nia ye o seene o zo.
3Nɔɔno wom na zo wo-kenkagela yam tetare ne konto to, ya wo Wɛ diga kam tega-kuri seeni mo. Kunkwoŋo ma tu ko su konkɔlɔ kolo na wo tetare ne to maama. 4Baŋa Wɛ nenɔŋ-fɔrɔ kom ma gɔ ko tete mɛ ko ya na dɔge cherubi wo-kenkagela yam baŋa ne to ko fɔɔre ko yi Wɛ diga kam ni dem seeni. Kunkwoŋo kom ma lware ko pe Wɛ diga kam maama, ye ka konkɔlɔ kom de yɔɔre ko nyeene de Baŋa Wɛ nenɔŋ-fɔrɔ kom pwooni. 5Cherubi wo-kenkagela yam na vei ye ya vɔna wuuri tei to, ko sɔɔ kom ma ni ko yi Wɛ diga kam da-yiga konkɔlɔ kom. Ko maa nye de Dam-fɔrɔ Tu Wɛ wom kwora na dɔne tei to.
6 Baŋa Wɛ déem ya pɛ nɔɔno wolo na zo gare-fefala kam to ni we, “Véi n zo cherubi wo-kenkagela yam tetare ne n le min-chala wo-gigillu tem tetare ne.” Nɔɔno wom ma seene o vo o zege wo-gigillu tem dedoa tei ne. 7Cherubi wo-kenkagela yam dedoa ma kwei o jeŋa o tore mini delo na wo ya tetare ne de di to o twoŋi min-chala de wone. O ma kwei min-chala yam o ke nɔɔno wolo na zo gare-fefala kam to jeŋa ne, ye o de jwoŋi-ya o nwoŋi o kɛ. 8A ma nii a na woŋo kolo na nye de nabiinu jeŋa to cherubi wo-kenkagela yam dedoa maama vɔŋɔ maama kuri ne.
9A daa ta ma nii a na wo-gigillu tena na wo cherubi wo-kenkagela yam tei ne, pa wo-gigilu dedoa zege wo-kenkagele dedoa maama tei ne. Wo-gigillu tem yɔɔre se nyeene mo ne kandwa-nyenno to. 10Wo-gigillu tena tem maama nye daane mo. Wo-gigilu maama maa nye de ko jege wo-gigilu kodwoŋi na wo ko wone ko gare-ko to mo. 11Wo-kenkagela yam maa ná vei mɛ maama, ya wó taa yɔɔre ya vei ya yiga dedoa na yɔɔre mɛ to, ye ya ba pipira. Wo-kenkagele yiga kam na yɔɔre mɛ to mo ya wó taa tɔge ya vei yɔrɔ-tɔtɔ, ye ya ba pipira. 12Yia mo yɔɔre ya faare ya yera yam maama, ko ná ye ya kwaga kam, de ya je sem, de ya vɔna yam, ko ta woli de wo-gigillu telo na wo ya yana yam maama tei ne to. 13Amo ma ni ba na bwoŋi wo-gigillu tem yere we, “Wo-gigillu telo na viviriga to.” 14Wo-kenkagele maama jege yibi sena mo. Boboa yibia kam ye nabea nyem mo. Yibia balei tu maa ye nabiinu nyem. Yibia batɔ tu wom ye nywoŋo nyem mo, ye kalo na kweeli to ye maao yibia.
15Cherubi wo-kenkagela yam ma jaane ya maa diini wɛɛne. Wo-kenkagela yam konto mo a ya nɛ Chebara buga kam ni ne to. 16Ya maa ná yeini ya via, wo-gigillu tem na wo ya tei ne to de vei mo. Ya daa ná yarege ya vɔna se ya zaŋe ya jaane, wo-gigillu tem de wó maŋe ya tei ne mo. 17Ya nam ná maŋe mɛ ya zege, wo-gigillu tem de wó taa zege konto mo. Ya daa ná zaŋe ya jaane wɛɛne, wo-gigillu tem de maa tɔge-ya te jaana. Kokuri to, wo-kenkagela yam jworo wo wo-gigillu tem wone mo.
18 Baŋa Wɛ nenɔŋ-fɔrɔ kom maa zaŋe Wɛ diga kam ni ne ko vo ko zege cherubi wo-kenkagela yam na wo mɛ to baŋa seeni. 19A na zege da a nii to, mo wo-kenkagela yam yarege ya vɔna yam ya jaane ya di wɛɛne. Ya na maa vei to, wo-gigillu tem tɔge te wo ya tei ne mo. Ya ma vo ya zege Wɛ diga kam wɛ-puli seeni ni dem ne. Isarele tiina Wɛ wom nenɔŋ-fɔrɔ kom maa wo ya baŋa kam seeni.
20Wo-kenkagela yam konto mo a ya nɛ Chebara buga kam ni ne ye ya wo Isarele tiina Wɛ wom kuri ne. A laam lɔre we ya seene ya ye cherubi mo. 21Ya dedoa maama jege yibi sena, de vɔna yana mo. Vɔŋɔ maama laam maa jege woŋo kolo na nye de nabiinu jeŋa to ko kuri ne. 22Ya yibi sem maa nye de yibi selo a ya na nɛ Chebara buga kam ni ne to. Wo-kenkagele delo yiga maa na yɔɔre mɛ to, de yɔɔre de vei konto mo yɔrɔ-tɔtɔ.",https://www.bible.com/bible/3661/EZK.10.KBG
EZEKELI 11,"Ba wó di Jerusalem dedɛɛra bam taane
1Vio ma gɔ-ne ko ja ko vo ko chwi Baŋa Wɛ diga ni delo na jeeri wɛ-puli seeni to. Baara finlei-banu maa jei da, ye Azura bu Jaazania, de Benaya bu Pelatia wo ba wone. Banto balei déem ye teo kom nakwa mo. 2Baŋa Wɛ ma ta de amo o we, “Nabiinu, n nɛ nɔɔna banto na? Banto yɔɔre ba jei ba boŋe lwarem kikia yerane mo. Ba ta maa swoi se ba taa bere teo kom nɔɔna se ba ke puseŋa. 3Ba maa tɛ ba we, ‘Ko dae se dé zaŋe dé lɔ sam lela. Dé teo kom nye de kambia mo, ye debam ye ne nɔna yalo na wo ka wone to.’ 4Konto ŋwaane, nabiinu, yɔɔre n pworisi n chɔge-ba.”
5 Baŋa Wɛ Jworo ma ba amo baŋa, ye o ta de amo o we, “Ja kwora kanto n vo n pa Isarele dwi tiina bam. Ta de-ba we, Baŋa Wɛ na tage tei to mo tento: Amo yei kolo maama á na boŋe á yuni ne to. 6Abam tiini á go teo konto nɔɔna dedɛ pa se ko chwei sem maama su de twa. 7Konto ŋwaane, amo Yuu-tu Baŋa Wɛ na tage tei to mo tento: Chega to, Jerusalem teo kom seene ko ye kambia kalo á na tɛ ka taane to mo. Abam na go balo ye á pa ba yera tigi teo kom wone to maa ye ka wo nɔna yam. A nam wó le abam mo se á nwoŋi á daare teo kom. 8Abam fona de jara-keim mo. A nam lage a pa nɔɔna mo ba ba kwaare jara de abam. Yuu-tu Baŋa Wɛ na tage kolo to mo konto. 9Amo wó zeili abam se á nwoŋi da teo konto ne, ye a daare a kwei abam a ke veira jeŋa ne se a tɔge ba baŋa a waare abam. 10Abam dona wó taa goe abam mo jara ne ba vo ba kwaare Isarele laŋa kam siseini ni ne, se á laam wane á lɔre we amo mo ye Baŋa Wɛ. 11Teo konto bá taa nye de kambia se ko taa cho abam. Abam tete bá taa ye ne nɔna yalo na wo ka wone to. A nam lage a waare abam mo a vo a kwaare á teo kom siseini ni ne. 12Á laam wó ba á lɔre we amo mo ye Baŋa Wɛ. Kokuri to, abam yɔɔre á ve a bera yam mo. Á wo toŋe á tɔge amo chullu tem, ye á jwoori á ke teene delo na gilimi abam to chullu tem na bere tei to.”
13Amo ta na wora a pworisi taane dem de-ba to, mo Benaya bu Pelatia pare o to tega ne o te. A de ma to a vwi a yibia tega ne ye a laare wɛ-wɛ a we, “Aba! Yuu-tu Baŋa Wɛ, n lage n chɔge Isarele tiina balo ta na daare to n ti mo na?”
Wɛ gwoni ni de balo ba na kale ba vo sa-teo to
14 Baŋa Wɛ kwora déem tu ka yi amo we:
15“Nabiinu, nii Jerusalem teo nɔn-bia bam na tɛ n chorro tem taane tei to. Ko ye n tete yera nɔɔna bam de Isarele dwi dem maama taane mo ba tɛ ye ba we, ‘Dé chorro tem laam vei yiga yiga pa se ba daa ba bwola de Baŋa Wɛ. Ko nam ye tega kanto mo Wɛ kwei o pa debam se dé taa tei.’
16Konto ŋwaane, ta tento we, ‘Yuu-tu Baŋa Wɛ na tage tei to mo tento: A seene a le a nɔɔna bam a pa ba vo yiga yiga se a yage-ba logo baŋa teene dem jei maama wone. De ko de, maŋa kalo ba ta na wo sa-teene wone to, amo tete mo wó taa ye wara-jei a pa-ba, se ba taa zuli-ne da.’
17Nam ta de-ba we, ‘Yuu-tu Baŋa Wɛ na tage tei to mo tento: Amo wó la abam se á nwoŋi teene delo a ya na jage abam se á ta‑á zoore de wone to, ye a pa se á jwoori Isarele tega kam á jwoŋi á ta‑á tei.’ 18Ba nam ná jwoori da, ba wó le jwo-yɔɔro de wo-zɔɔna dwi maama ka wone. 19A maa wó pa ba taa jege wo-dedoa ba ma zuli-ne, ye a pa-ba boboŋ-doora. A ta wó pa se ba wo daa yé ke dam, se a daare a pa ba yi taa bwona. 20Konto mo wó pa ba taa sɛ a bera yam, ye ba daare ba toŋe ba tɔge a chullu tem na bere tei to. Ba laam maa wó taa ye a nɔɔna chekke, ye amo de taa ye ba Tu Wɛ wom. 21Ko daare, balo wo na dɛ se ba taa kaane ba wo-zɔɔna nyenyero de ba jwo-yɔɔro to, a lage a waare-ba mo se ko maŋe de ba wɛleera na ye tei to. Amo Yuu-tu Baŋa Wɛ mo tage konto.”
22 Baŋa Wɛ na ŋɔɔne o ti to, cherubi wo-kenkagela yam ma gɔ ya tete ya yarege ya vɔna ya jaane ya di wɛɛne, ye wo-gigillu tem tɔge te wo ya tei ne. Isarele tiina Wɛ nenɔŋ-fɔrɔ kom pwooni maa wo ya baŋa kam seeni. 23Konto to Baŋa Wɛ nenɔŋ-fɔrɔ kom ma nwoŋi Jerusalem teo kom wone, ye ko vo ko maŋe peo kolo na wo teo kom wɛ-puli seeni to baŋa ne. 24Konto kwaga ne mo vio daa gɔge-ne ko ja ko jwoori Babilon teo ne. Ko ma ja-ne ko vo ko yi balo ba na jaane jara-keim baŋa ne ba kale ba vo ba yage dáane to tei. Ko ye Wɛ déem ya tɔge o Jworo baŋa mo o veere wonnu o bere-ne. Amo na nɛ veera yalo to ma ti, 25ye a de lwoni kolo maama Wɛ na le o bere-ne to a bere nɔɔna bam.",https://www.bible.com/bible/3661/EZK.11.KBG
EZEKELI 12,"Sa-teo veiŋa taane
1 Baŋa Wɛ kwora daa ma yi amo we:
2“Nabiinu, nmo zoore zwabani-nyena tetare ne mo. Ba seene ba jege yia, ya nam ba nae. Ba ta jege zwa, ba nam ba ni taane kuri. Kokuri to, ba yɔɔre ba ye zwabani-nyena mo.
3Konto ŋwaane, kwaleme n zela n ke daane ne wolo ba na fe se o viiri o daare o teo to. Laam zaŋe wea tetare ne se n nwoŋi n daare n na zoore mɛ to n vo jeiga kadwoŋi, se nɔɔna bam na n na ke tei to. Ba wó wane ba ni n kikia yam kuri, de ba na ye zwabani-nyena tei to de. 4Lu n zela wea tetare ne n ja n nwoŋi n diga ne, ye nɔɔna bam maama zege ba nia. Dedaan-ni ne laam nwoŋi pwooni n ke ne wolo na lage o vo sa-teo to na wó ke tei to. 5Ba ta wó taa nii‑m mo, ye n vo n lu bɔɔne n sɔŋɔ kom kabira yera ne se n tɔge de wone n nwoŋi de n zela yam. 6Wɛ-zoore maŋa ne se n kwei n zela yam n daŋe n bakale baŋa ne n kɛ, ye ba zege ba nii‑m. Nmo nam jege se n kwoli n yibia mo se n yé ta‑n nii n nae tega kam. A kuri se nmo mo ji memaŋe n pa Isarele dwi tiina bam.”
7A ma seene a ke ne Baŋa Wɛ na pɛ-ne ni se a ke tei to. Wea ne a lugi a zela mo a ja a nwoŋi diga ne, ne wolo na lage o viiri o daare o teo to. Wɛ-zoore maŋa ne a ma lu bɔɔne de a jea kabira kam yera ne. A ma tɔge da a nwoŋi de a zela, ya na daŋe a bakale baŋa ne, ye nɔɔna bam zege ba nia.
8Tega na poore tetete to, mo Baŋa Wɛ kwora daa tu ka yi amo we:
9“Nabiinu, Isarele dwi zwabani-nyena banto wo bwei‑m n keim dem kuri na? 10Nam ta de-ba we, ‘Yuu-tu Baŋa Wɛ na tage tei to mo tento: Kwora kanto mo ye se ka pa Jerusalem teo dedɛɛro wom, de Isarele dwi tiina balo maama na zoore ko wone to.’ 11Ta n bere-ba we, ‘Amo keim dem ye memaŋe mo de pae abam. A na ke tei maama to mo wó ba abam baŋa.’
Ba dona wó di-ba jara wone ye ba daare ba kale-ba ba ja vo sa-teo yiga yiga. 12Wolo na ye dedɛɛro ba wone to wó lu o zela o bukki o bakale baŋa ne mo wɛ-zoore maŋa ne. O maa wó tɔge bɔɔne delo ba na lugi kabira yera ne ba pa‑o to o viiri. O ná maa via, o wó kwoli o yibia mo se o yé taa nii o nae tega kam. 13Amo Baŋa Wɛ nam wó che a kalanchogo se ko ja‑o. A maa wó pa ba kale‑o ba vo Babilon tiina teo. O wó te jei sem konto ne. O yi nam bá na teo kom na ye tei to. 14Ko ta ná ye o kwaga nɔɔna bam de o jar-keira bam, a lage a pa ba jage jei maama ne sae mo, se a laam kwei a se-zɔɔ a ma a pare-ba.
15A ná jage-ba pa ba vo yiga yiga se a yage-ba logo baŋa teene dem jei maama wone, mo ba laam wó lɔre we amo mo ye Baŋa Wɛ. 16A nam wó yage ba fee se ba lu jara yam wone, de kana, de jaweero wone. Konto to, ba ná yi sa-teene delo maama ba zoore de wone, ba laam wó maane ba lɔre ba wo-zɔɔna kikia yam maama ni ne. Ba maa wó wane ba lɔre we amo mo ye Baŋa Wɛ.”
17 Baŋa Wɛ kwora daa ma yi amo we:
18“Nabiinu, n ná yeini n di wodiu, pa n yera taa sae. N ta ná nyɔ na, se n bere we lwia de foone mo jege‑m. 19Ta de teo konto nɔɔna bam we, ‘Yuu-tu Baŋa Wɛ na tage tei se ko vo balo na zoore Jerusalem ne, de Isarele laŋa kam maama ne to mo tento: Ba wó taa di ba wodiiru de lwia mo, ye ba ta nyɔ ba na de wo-chechɔgɔ. Kokuri to, ba teo kom lage ko chɔge mo se kolokolo daa yé daare. Ko nam ye ba nankɔɔre kikia yam ŋwaane mo konto wó ke. 20Teene delo nɔɔna na zoore de wone leile to wó ji di-dwonnu mo, se tega kam maama de chɔge. Abam laam maa wó lɔre we amo mo ye Baŋa Wɛ.’ ”
21 Baŋa Wɛ kwora daa ta ma yi amo we:
22“Nabiinu, Isarele tiina bam boŋe bɛ mo ye ba tɛ memaŋe dento ba we, ‘Maŋa dedɛ maŋe ka kɛ, ye Wɛ na pɛ veera yalo maama to jigi kafɛ’? 23Nam ta de-ba we, ‘Yuu-tu Baŋa Wɛ na tage tei to mo tento: Amo lage a pa se Isarele tiina bam yage memaŋe dem konto taane mo.’ Laam nam bere-ba we, ‘Maŋa yia se veera maama laam ji chega. 24Isarele dwi tiina bam daa bá taa ni veera yalo na ye vwa to, de yi-nɛɛre taana yalo na soge-ba to. 25Amo Baŋa Wɛ nam wó yɔɔre a ta a na lage tei to mo, ye ko bá dáane se a taane dem ji chega. Abam zwabani-nyena bam, ta‑á yei-na we, á ta ná ŋwe, amo na wó ta woŋo kolo maama to wó seene ko ji chega. Yuu-tu Baŋa Wɛ mo tage konto.’ ”
26 Baŋa Wɛ kwora daa ma yi amo we:
27“Nabiinu, Isarele dwi tiina bam kare ba tɛ nmo taane ba we, ‘Veera yalo o na nɛ to wó dáane se ya ji chega. O taana yam dae leile ŋwaane.’ 28Nam ta de-ba we, ‘Yuu-tu Baŋa Wɛ na tage tei to mo tento: Amo taane dem bá dáane se de ke ne a na boŋe tei to. Kolo maama a na tɛ ko taane to wó yɔɔre ko ji chega mo. Yuu-tu Baŋa Wɛ mo tage konto.’ ”",https://www.bible.com/bible/3661/EZK.12.KBG
EZEKELI 13,"Waarem wó ba sampwori sem baŋa
1 Baŋa Wɛ kwora daa tu ka yi amo we:
2“Nabiinu, pworisi taane n chɔge Isarele tiina sampwori selo zem na pworisi to. Ta de balo na jege ba tete boboŋa ba mae ba pworisi to we, ‘Cheigi-na Baŋa Wɛ kwora kam. 3Yuu-tu Baŋa Wɛ na tage tei to mo tento: Ko ná ye sampwori selo na tɔge ba tete boboŋa ŋwaane ba pworisi jworim ye ba wo nɛ kolokolo to, lɛɛro wo ba yuu ne. 4Isarele tiina bam, á sampwori sem nye de nywoŋ-kuri na kare di-dwonnu baŋa ne ba beeri to mo. 5Ba wo kwaane ba kwoni lulwi selo na wo teo kom kabira kam yera ne to se ba fɔge ba kwɛ-ka ba pa Isarele dwi tiina bam, se ka taa dana ye ka cho-ba Baŋa Wɛ ban-zɔŋɔ dɛ dem ne. 6Ba veera yam gane nɔɔna mo, ye ba yi-nɛɛre taana ye vwa yerane. Ba kare ba tɛ we amo Baŋa Wɛ mo toŋe-ba de a kwora, ye a wo toŋe-ba. Ba maa boŋe we a wó pa ba taane dem ji chega. 7Veera yalo á na nɛ to dae wo-yɔɔro mo na? Yi-nɛɛre delo maama á na tage de taane to dae vwa na? Á nam yeini á ta we, amo Baŋa Wɛ mo toŋe abam de a kwora, ye a wo tage kolokolo de abam.
8Konto ŋwaane, Yuu-tu Baŋa Wɛ na tage tei to mo tento: Ta-yɔɔro telo á na jege á tɛ to, de á veera yalo na ye vwa to ŋwaane, amo dwoni de abam mo. 9Ko ná ye sampwori selo maama veera na ye wo-yɔɔro ye ba yi-nɛɛre taana yam ye vwa to, a lage a dole-ba jaguli-zane mo. Ba daa bá tɔge ba woli a nɔɔna kɔ-fɔrɔ kom wone, naa ba popone ba yera Isarele dwi dem natɔga twanno tem wone. Ba nam bá jwoori ba zo ba tete teo kom. Konto to, á wó ba á lɔre we amo mo ye Yuu-tu Baŋa Wɛ.
10Sampwori sem konto pae a nɔɔna bam tusi mo. Ba kare ba tɛ we, “Yazura taa wo á tei ne”, ye yazura tera se ya yi a nɔɔna bam. Ko nye de nɔɔna na lɔge kabiri-memena tei, ye sampwori sem konto laam kwei tentwarem ba taare ka maama to mo. 11Nam ta de balo na fɔge kabira kam konto to we ka lage ka to mo. A lage a pa do-fɔrɔ mo mage-ka, se do-kandwa de to ka yera ne, ye vo-dɛɔ de yigi-ka de dam. 12Ka laam maa wó to buru-tu-tu, se nɔɔna bwei abam we, “Tentwarem dem á na mɛ á taare kabiri kam to laam bɛ?”
13Yuu-tu Baŋa Wɛ na tage tei to mo tento: A lage a tɔge a ban-lom dem ŋwaane mo a toŋe vo-dɛɔ, de do-fɔrɔ, de do-kandwa se tento ba te chɔge kabira kam. 14A wó yigi kabira kalo á na kwei tentwarem á taare ka maama to mo a de tega ne ye a daare a guri-ka a ja tega. Ka nam wó to ka pane abam, pa se abam tete de chɔge. Konto to á wó ba á lɔre we amo mo ye Baŋa Wɛ. 15Amo bane wó tiini de zaŋe de kabira kam, de sampwori selo na jege tentwarem ba taare-ka to. A laam maa wó ta de abam we, “Kabiri kam de balo na jege-ka ba taare to maama jei. 16Banto maa ye balo ya na kare ba pworisi Jerusalem teo kom taane ye ba bere we yazura wó taa wo ko baŋa ne, ye yazura nam tera to.” Yuu-tu Baŋa Wɛ mo tage konto!’
17Nabiinu, ta ŋɔɔne n chɔge kaana balo na yeini ba jege ba tete boboŋa ba mae ba pworisi to. Pworisi n chɔge-ba, 18se n ta we, ‘Yuu-tu Baŋa Wɛ na tage tei to mo tento: Ko ná ye kaana balo na gɔgere liri ba pae nɔɔna se ba vɔ ba je ne, ye ba ta sɔ yu-kwale dwi maama ba pa-ba se ba vɔ ba yuni ne to, lɛɛro wo ba yuu ne. Á ke konto mo se á ma liri sem á vɔ nɔɔna bam á pa á tete. Abam nam boŋe we á wó vɔ a nɔɔna bam ye á daare á jwoŋi á tete ŋwea mo na? 19Kwora yalo á na yeini á jwoŋi amo nɔɔna bam tei ne to mo ye mena de bworobworo fenfee, ye konto ŋwaane á jege-ne á lwɛa ba yiga ne. Konto to á yeini á fɔ vwa á gane balo de na swoi se ba taa cheigi vwa to mo. Abam laam ma da ko ŋwaane á jege balo na wo maŋe se ba te to á goe, ye á ta pae se balo na maŋe de toone to kare ba via.
20Yuu-tu Baŋa Wɛ nam na tage tei to mo tento: Amo chuli liri selo á na jege á ma á vɔ nɔɔna se ba taa toe ba pae abam ne zuna dwoŋi to. A nam wó bwoli liri sem á je sem ne, pa se nɔɔna balo á na vɔge á pa á tete to viiri zɛɛra. 21Ko ta ná ye á yu-kwale sem, a lage a kaare-se a yage, se a jwoŋi a nɔɔna bam á jeŋa ne a yage mo. Ba daa bá taa wo abam dam kuri ne. Abam de laam maa wó lɔre we amo mo ye Baŋa Wɛ. 22Abam pɛ nɔn-ŋona vɔna pare de á vwa yalo á na jege á gane-ba to, ye amo ya ba beeri ba wo-chechɔgɔ. Á ma daare á ke dam puseŋ-nyena kuri ne, se ba yé yage ba puseŋa kikia yam ye ba daare ba jwoŋi ba ŋwea. 23Konto ŋwaane abam daa bá ta‑á nae veera na ye wo-yɔɔro to naa á tɔge yi-nɛɛre kikia. A maa wó jwoŋi a nɔɔna bam a yage á jeŋa ne. Konto to á laam wó lɔre we amo mo ye Baŋa Wɛ.’ ”",https://www.bible.com/bible/3661/EZK.13.KBG
EZEKELI 14,"Isarele nakwa bam na kaane jwona tei to
1Dɛ dedwe mo Isarele teo nakwa badwonna tu a tei ba jeini a yiga ne, se ba bwei ba lɔre Wɛ boboŋa na ye tei to. 2Baŋa Wɛ kwora ma yi amo we:
3“Nabiinu, nɔɔna banto kwei jwona kaanem mo ba feiri ba bochara ne, ye ba puuri wo-yɔɔro telo na pa ba tusi to ba ja. Bɛŋwaane mo a nam wó pa se ba lɔre a boboŋa na ye tei to? 4Nam ta de-ba we, ‘Yuu-tu Baŋa Wɛ na tage tei to mo tento: Isarele tu wolo maama ná kwei jwona kaanem o feiri o bochare ne, ye o puuri wo-yɔɔro telo na pae o tusi to o ja, ye o ná vei o bwei Wɛ sampwora se o nii, amo Baŋa Wɛ tete mo wó leiri kotu se ko maŋe de o jwona kaanem na daga tei to. 5A lage a ke konto mo se a pipiri Isarele tiina bam boboŋa se ya jwoori ya tɔge-ne, ba na mɛ ba kwaga ba ya amo ye ba daare ba zuli jwona to ŋwaane.’
6Nam ta de Isarele dwi tiina bam we, Yuu-tu Baŋa Wɛ na tage tei to mo tento: ‘Leiri-na á boboŋa! Yage-na jwona kaanem, se á daare á ve totoŋ-zɔɔna yalo á na jege á ke to.
7Chega ŋwaane, ko ná ye Isarele tu, naa veiru wolo maama na zoore Isarele teo kom ne to, kotu ná ve-ne ye o daare o kwei jwona kaanem o feiri o bochare ne, ye o puuri wo-yɔɔro telo na pa o tusi to o ja, ye o ná vei o bwei Wɛ sampwora se o nii, amo Baŋa Wɛ tete mo wó leiri kotu. 8Amo wó dwoni de kotu pa se o ji maana o pa a nɔɔna bam se ba yé ke konto dwoŋi. A ta wó le‑o se o daa yé woli a nɔɔna bam wone. Abam laam maa wó lɔre we amo mo ye Baŋa Wɛ.
9Ko ta ná ye sampwora kam tete, o ná tusi pa se o pworisi taane o pa nɔɔno wom, ko ye amo Baŋa Wɛ mo gane‑o se o ke konto. A nam wó dwoni de kotu de, ye a chɔge‑o mo se o daa yé woli a nɔɔna Isarele tiina bam wone. 10Ko ná ye sampwora kam de wolo na vei o tei se o bwei o nii to, ko ye bedwe mo. Banto maama wɛleera wó taa wo ba yuu ne mo. 11Konto mo wó che Isarele dwi tiina bam se ba daa yé ywori a chwoŋa kam ne. Ba daa bá taa biini ba tete ba wɛleera baŋa ne. Ba nam wó taa ye a nɔɔna, se amo de taa ye ba Tu Wɛ wom. Yuu-tu Baŋa Wɛ mo tage konto.’ ”
Baŋa Wɛ waarem dem taane
12 Baŋa Wɛ kwora daa ta ma yi amo we:
13“Nabiinu, ne teo kolo nɔɔna ná ke wɛleera ba chɔge amo yiga de ba na ba jege chega ba pa-ne tei to, pa se a dole-ba jaguli-zane, ba bá wane ba tete ba jwoŋi. A ná pɛ ba teo kom ga wodiu mo se kana laam taa jege nabiina de vara maama ka goe, 14Noah, de Danyeli, de Job mo ya ná maŋe ba zoore teo kom konto wone de, ba nɔn-ŋonne dem wó jwoŋi banto tete yerane mo, se nɔn-gaa daa bá lu. Yuu-tu Baŋa Wɛ mo tage konto.
15A nam daa ná pɛ se kago-vara mo chu ba puri teo kom wone ba jege ko nɔɔna bam ba goe yɔɔ, pa se ko ji di-dwonnu yerane ye nɔɔna ba beeri ko wone vara bam ŋwaane, 16nɔɔna batɔ bam konto ná maŋe ba wo teo kom wone, ko ta bá jwoŋi ba bia. Ba batɔ bam yerane mo wó lu, se ko ná ye teo kom maama, ko wó chɔge mo. Ne amo Yuu-tu Baŋa Wɛ na jege ŋwea tei to, ko wó taa ye konto mo.
17Ko nam ná ye we a pɛ chwoŋa se jara mo ba teo kom konto baŋa, ye a we, ‘Se-zɔɔ jege se ko chɔge teo kom maama,’ pa nabiina de vara maama te, 18nɔɔna batɔ bam konto ná maŋe ba wo teo kom wone, ko ta bá jwoŋi ba bia. Ba batɔ bam yerane mo wó lu. Ne amo Yuu-tu Baŋa Wɛ na jege ŋwea tei to, ko wó taa ye konto mo.
19A bane nam ná tiini de zaŋe de teo kom konto pa se a toŋe jawe-chɛɛro ko wone, pa nabiina de vara maama yɔɔre ba to yɔɔ, 20Noah, de Danyeli, de Job mo ná maŋe ba wo teo kom wone, ko ta bá jwoŋi ba bia. Ba batɔ bam yerane mo wó jwoŋi ba ŋwea ba nɔn-ŋonne dem ŋwaane. Ne amo Yuu-tu Baŋa Wɛ na jege ŋwea tei to, ko wó seene ko taa ye konto mo.
21Yuu-tu Baŋa Wɛ na tage tei to mo tento: Amo nam ná lage a waare Jerusalem teo kom, ko wó dwoni tento mo. A lage a pa lɛɛro dwia yana mo yi-ba. Tento ye tigura, de kana, de kago-vara daanem, de jawe-chɛɛro, se te chɔge nɔɔna bam de vara maama. 22De konto maama de, teo kom nɔɔna fee wó lu lɛɛro tem wone. Ba laam wó ja á chorro tem konto ba ba á tei ywo-seeni. Abam nam ná nɛ-ba, ye á lɔre ba totoŋ-balwaaro tem na seene te ye tei to, á wó na we lɛɛro telo maama a na jaane a ba Jerusalem baŋa ne to tɔge chwoŋa mo. Konto baŋa ne, abam bane maa wó zuri. 23Chega to, abam ná nɛ ba kikia yam na ye tei to, á wó lɔre we amo jege chega de kolo maama a na toŋe ba yera ne to. Yuu-tu Baŋa Wɛ mo tage konto.”",https://www.bible.com/bible/3661/EZK.14.KBG
EZEKELI 15,"Vini tio memaŋe
1 Baŋa Wɛ kwora daa tu ka yi amo we:
2“Nabiinu, goa wo teeni dem maama wone, Vini tio dɛ wó taa ye se yera de teeni dedwonna dem nɛ sem na? Ko nɛ sem jege kuri na? 3Ba wae ba gwoni-se ba ma ba ke woŋo na? Ba wó kwei ko daa ba ma sare paare tete de, se ba ma lei wonnu da na? 4Ko nam na ye tei to, nɔɔna mae ko nɛ sem ba dwéi mini yerane mo. Se nam ná di se daare, bɛ nyɔɔre mo se daa jega? 5Vini tio nɛ ba jege totoŋe ye ba wo mɛ-se ba dwéi mini. Mini nam ná zwɛ-se ye se ta daare, se tiini se ye wo-yɔɔro mo.
6Konto ŋwaane, Yuu-tu Baŋa Wɛ na tage tei to mo tento: Amo na lage a toŋe kolo Jerusalem teo tiina yera ne to nye de Vini tio nɛ na ye tei goa wo teeni dem maama wone ye a pa ba kwei-se ba ma dwéi mini to mo. 7A nam wó dwoni de-ba mo. Ba ná maŋe ba lu mini dem wone, mini dedwoŋi daa ta wó di-ba. Á maa wó lɔre we amo mo ye Baŋa Wɛ, de amo na dwoni de-ba to ŋwaane. 8Amo wó chɔge ba tega kam pa se ka ji di-dwonnu yerane, ba na ba jege chega ba pa-ne to ŋwaane. Yuu-tu Baŋa Wɛ mo tage konto.”",https://www.bible.com/bible/3661/EZK.15.KBG
EZEKELI 16,"Ka-chala memaŋe
1 Baŋa Wɛ kwora daa ma yi amo we:
2“Nabiinu, tɔɔle Jerusalem tiina bam wo-zɔɔna kikia taane se ba taa yei ya ni ne. 3Ta de-ba we, Yuu-tu Baŋa Wɛ na tage tei de Jerusalem teo kom to mo tento: Nmo nabaara bam yɔɔre ba ye Kanaan tiina mo, ye ba lo‑m tega kam konto ne. Nmo kwo déem ye Amori tu mo. N nu maa ye Hiti tu. 4Ba na loge nmo dɛ delo ne to, ba wo gwoni n wuri se ba vɔ-de. Ba maŋe ba wo swɛ‑m de. Ba nam wo kwei yɛ de nuga se ba ma wei n yera yam, naa se ba pu‑m de gwaaro se waaro yé yi‑m. 5Nɔɔn-nɔɔno yiga déem tere n wone, naa se ba duri n ŋwaŋa ye ba ke konto dwoŋi ba pa‑m. Ba nam na yɔɔre ba lo‑m to, mo ba dole‑m ba yage pwola ne, nɔɔn-nɔɔno na va‑m to ŋwaane.
6Ko na lage ko wonnu to, de amo tɔge jei sem konto ne a maa kea. A ma na‑m n na tigi n tae n jana bam wone. A maa wo sɛ se n peini n jana bam wone n te, ye a we, n ta‑n ŋwe. 7A ma pa se n ji n ke da, ne pwola ni puŋu na ye tei to. N ta bege mo dam yerane, pa se n ji ka-bwom cheila. N yela yam tu ya zege mo chao-chao, ye n yu-ywei sem de ke dedwaaro. Nmo nam ta tigi pwola ne bwori mo.
8Ko na ke fee to, a daa ma tɔge n tei seeni. A ma na we n laam lwoni kaane ye n yi bwoŋ-dira. Amo ma kwei a gare-jale a pu‑m se ko kwoli n chaveera. A ma du duuri we, a gwoni ni dede‑m se a taa swoi‑m. Nmo laam ma‑n lɛɛre n ji amo nyem. Yuu-tu Baŋa Wɛ mo tage konto.
9A déem ma ja‑m a swɛ, ye a zare n yera jana bam a yage. A ta ma turi n yera de nuga kalo lwom na ywomma to. 10A ma daare a kwei gare-nyenno telo ba na gɔgere to a pa‑m se n zo. A ta ma pa‑m natera yalo ba na mɛ twan-nyenno ba ke to pa n ke n nɛ ne. A ma kwei gare-fefale de gare-laaro dwi dwi a vɔ n yera ne. 11A ta kwei wo-nyenno mo a pa‑m se n ma n kwɛ n yera. A ma ke bɛ n je ne, ye a daare a ke zambili n ba ne. 12A ta ma pa‑m jafole se n ke n momwa ne, de zwa-kwana, de nenɔŋa yipuga se n pu n yuu ne. 13Konto to, n fɔge n kwɛ n tete de sabu-seŋa, de lu-nyenno zela mo. Gwaaro telo n na zo to de maa ye gare-fefale, de gare-nyenno telo ba na gɔgere to mo ba mɛ ba sɔ. 14Nmo lam dem ŋwaane, ko pɛ se n yere tiini de zaŋe de yi logo baŋa teene dem maama. Kokuri to, n lam dem gaale, a na pɛ n jege nenɔŋa kalo to ŋwaane. Yuu-tu Baŋa Wɛ mo tage konto.
15Nmo nam ke n chega dedaane n lam dem konto. N yere-zɔŋɔ kom ŋwaane mo n laam jigi ka-bworo, pa se n lɛɛre n ke tolo de nɔn-gara kalo maama na dɛ n seeni ka kɛ, ne o na lage tei maama to. 16Nmo yeini n lɔɔre gare-laaro telo a na pɛ‑m to mo n ma n kwɛ n jwona wara-jei sem. Dáane mo n peini gwaaro tem baŋa ne n toŋe kabworim. Ko dae ko chwoŋa ne se wonnu tem konto taa jege te ke kɔtaa. 17N ta ma‑n kwei wo-nyenno telo amo na mɛ sabu-seŋa, de lu-nyenno a ke ye a daare a pa nmo to n ma n mɔ baara nyenyero, ye n sɛ n pa-te. 18N ma‑n kwei gare-nyenno telo a na pɛ‑m to n zwe nyenyero tem. N daa ta jege nuga de talwoŋ-ywoŋa kalo a na pɛ‑m to mo n zuli-te. 19Ko ta ná ye wodi-laaro telo a na pɛ nmo se n ta‑n di to, n jwoori n kwei mun-bwei dem, de nuga kam, de tooro tem mo n zege se te lwom taa ywomma nyenyero tem yiga ne. Ko seene ko ke konto dwoŋi mo. Amo Yuu-tu Baŋa Wɛ mo tage konto.
20Nmo ta daare n kwei n bia balo dé na loge daane to, bakeiri de busankane, n ma n ke wodiu kaanem n pa jwona yam konto. Nmo na yɔɔre n toŋe kabworim kikia to, n ta wo toŋe n fera n su na? 21Bɛ mo wó pa se n kwei amo bia bam n go n ma n ke kaanem n pa n jwona yam? 22Nmo nam na ke totoŋ-zɔɔna de kabworim delo maama to, n ta wo guli n nɔn-donne maŋa kam, we n déem tigi pwola ne bwori mo, ye n tae n jana bam wone.
23Yuu-tu Baŋa Wɛ na tage n taane tei to mo tento: Lɛɛro wo n yuu ne! N totoŋ-balwaaro tem konto maama ne, n ta ke wonnu tento mo n woli da. 24Nmo nam vei n pu vwei ye n lɔ bimbini n pa n tete teo kom kapworo maama ne. 25Chwoŋa maama yuu ne n yeini n ke konto se n tɔge n lam dem baŋa n ke totoŋ-vɛɛsa. N ma‑n soge nɔn-gara kalo maama na dɛ n seeni ka kɛ to se o peini de nmo. Konto to, n yɔɔre n moore n yuu mo tolo wone. 26N ta maŋe n sɛ pa Ejipti tiina bam fera ya na wo n wone to ke sare-peiga dede‑m. N ma‑n yɔɔre n chuchugi a bane de n kabworim totoŋa yam na tiini ya gaale tei to. 27Nii mo! Ko ye konto ŋwaane mo a dole‑m jaguli-zane pa se n jejegero tem muri. N dona Filisi tiina bam yi na su n wonnu tem to, a ma kwei nmo a ke ba bukwa jeŋa ne. Ba de yera maŋe ya sɔɔre de á wo-zɔɔna kikia yam mo. 28N daa ta ma vo n toŋe kabworim de Asiria tiina bam, n ta na wo ke n su n fera to ŋwaane. De ko de, n fera ta wo nwoŋi tolo ne. 29N kabwoŋa kam kɛ jeŋa mo ye n ja n tete n vo n pa Babilon teo tiina bam na ye pipim-piina to. De ko de nam, n fera ta wo nwoŋi tolo ne.
30Yuu-tu Baŋa Wɛ na tage te to mo tento: N boboŋa yɔɔre ya chɔge mo de n na tiini n yage n tete tei n pa baara to. Nmo na ke tei to nye de ka-tola kalo kikia na bere we ka momwɛ laam yɔɔre de gaale ka ni mo to. 31Nmo nam na pugi n vwoa chwoŋa maama yuu ne ye n ta lɔ bimbina kapworru maama wone to, n wo jwoŋi sabia n kabworim kikia baŋa ne, ne ka-tole na yeini se ke tei to. 32Nmo nam nye de ka-tola kalo na ve o baro, ye o laam swoi se o taa tigi de veira to mo. 33Ka-bworru jwoŋi ŋweero mo tolo ŋwaane. Nmo nam mo yeini n pa n bɔɔla pɛɛra. N jwoori n yo baara balo na nwoŋi jei dwi dwi to se ba ba ba ke sare-peiga dede‑m. 34Konto to, nmo kikia yam ye ya yera de ka-tole sesem sem. Nɔɔn-nɔɔno wo beeri n jei bwoŋa ŋwaane. Ko nam ye nmo mo ŋwe-ba, se ko dae banto mo ŋwe‑m. Nmo seene n ye n yera mo.
35Konto ŋwaane, nmo wolo na ye ka-tola to, cheigi Baŋa Wɛ kwora kam! 36Yuu-tu Baŋa Wɛ na tage tei to mo tento: Nmo pɛ se n fera tiini ya zo baara, ye n lɔɔre n gwaaro se n ke sare-peiga de n bɔɔla bam. N ta ma‑n kare n kaane jwo-yɔɔro, ye n go n bia n lwo ba jana n pa jwona yam konto. 37Konto ŋwaane mo, amo lage a la n bɔɔla bam maama a ke daane jeiga dedoa ne, ko ná ye balo n na swoi to, de balo n na vae ba taane to. A laam wó vaŋe n gwaaro a lɔɔre a daare nmo a zege bwori ba yiga ne, se ba yɔɔre ba na‑m. 38A nam lage a waare nmo ne ko na maŋe de ka-tola de nɔn-goro tei to mo. A wo na tiini ko fuli de n kikia yam ŋwaane to, a lage a pa se n totoŋ-zɔɔna yam jwoori ya saŋe n tete yuu ne mo. 39A ta wó kwei‑m a ke n bɔɔla bam jeŋa ne. Ba maa wó yigi n vwoa yam ba de tega ne, ye ba daare ba chɔge n bimbina yam. Ba ta wó lɔɔre n gwaaro tem maama, de n wo-nyenno zela yam ba daare nmo ba zege bwori. 40Ba maa wó nwoŋi de kɔ-fɔrɔ ba jeeri‑m, se ba dole‑m de kandwa, ba daare ba kwei se-zɔɔro ba ma cha‑m muga-muga. 41Ba wó zwɛ n sam dem mo. Nmo na ba jege bora to, ba lage ba waare‑m ye kaana dedɛ zege ba nia mo. Amo nam wó tɔge konto baŋa a pa se n yage kabworim kikia mo, se n daa yé ta‑n ŋwe n bɔɔla bam se ba peini dede‑m. 42Konto maama ná kea, a bane laam wó to. A ban-lom dem daa bá zaŋe n baŋa ne ye a bochare maa wó zuri.
43Nmo nam na wo guli n nɔn-donne maŋa na ye tei, ye n pa se a wo fuli dede‑m to ŋwaane, a lage a pa se n kikia yam jene jwoori de taa wo n yuu ne mo. Yuu-tu Baŋa Wɛ na tage kolo to mo konto. Nmo na ke tei to, n ke kabwoŋa mo n woli wo-zɔɔna yalo n na maŋe n ke to wone.
44Nii mo! Nɔɔna maama wó maŋe memaŋe dento mo ba ke n yera ne we, ‘Basankwea done ye ka bu nii mo.’ 45Nmo Jerusalem teo seene n ye n nu bukɔ mo. Kokuri to, n nu déem chuli o baro de o bia mo. N ta seene n ye n chorro tem choro mo chekke. Ba de chuli ba banna, de ba bia mo. N nu déem ye Hiti tu mo. N kwo maa ye Amori tu. 46N zembaaro ye Samaria mo. Teo kom konto de ko bukwa ya zoore n teo kom baŋa seeni mo. N nyaane maa ye Sodom teo, ye ko de zoore n teo kom kuri seeni de ko bukwa. 47Nmo déem seene n zo ba natera yam mo ye n lwoni ba wo-zɔɔna kikia yam. Nmo laam nam wo dáane ye n ke n dwoni banto na ke tei to! 48Ne amo Yuu-tu Baŋa Wɛ na jege ŋwea tei to, ko ye chega mo we n nyaane Sodom de o bukwa bam wo-lwanno kikia wo yi nmo de n bukwa bam na ke tei to.
49Ta‑n yei we n nyaane Sodom na tusi tei to mo tento: Wonto de o bukwa bam kamunim déem gaale mo. Ba yɔɔre ba di ba boboŋa ye ba tɔge jawɔrɔ chwoŋa mo. Ba yiga nam tera yiniga tiina de nabwona wone. 50Ba déem ta bere ba tete kamunim mo, ye ba swoi se ba taa ke wo-zɔɔna yalo amo na chuli to. Mo kokuri, a chɔge-ba, ne a na nɛ ba na ke tei to. 51Samaria maa wo ke nmo wɛleera yam chichworo de. Nmo nam ke wo-zɔɔna n dwoni banto na ke tei to. Nmo na tiini n ke wo-zɔɔna konto to pɛ n zembaaro de n nyaane bere we ba jege bora ba dwoi‑m. 52Nmo nam jege se n kwei tetɔ-goro n pu n yuu ne de chaveera, n na pore chwoŋa n pa n chorro tem se ba na ba bora to ŋwaane. Kokuri to, ko nye de ba jege bora ba dwoi‑m, nmo tete wɛleera na tiini ya daga to ŋwaane. Mo kokuri nam pa se n chaveera tiini ya taa wo n yuu ne.
53De ko maama de, maŋa wó ba se a pa Sodom, de Samaria, de ba bukwa bam jwoori ba taa jege yu-ywoŋo. A ta wó pa se nmo Jerusalem jwoori n na yu-ywoŋo se n de woli ba wone. 54Konto baŋa ne mo n wó kwei tetɔ-goro n pu n yuu ne se chaveera ja‑m de n na ke kolo maama n ke dam n chorro tem kuri ne to. 55Nmo chorro Sodom, de Samaria, dedaane ba bukwa bam maama laam maa wó jwoori ba kwi, se ba ji ne ba ya na ye tei to. Nmo tete de n bukwa bam de wó jwoori á kwi, se á ji ne á déem na ye tei to. 56-57Maŋa kalo nmo déem na bere n tete kamunim ye n puseŋa kikia yam ta wo nwoŋi pwooni to, n yiga tera n nyaane Sodom wone. Teene delo na gilimi‑m to laam nam jege‑m ba gwoona mo. Aram tiina, de Filisi tiina, de teene delo maama na bwola da to mo yaale‑m konto. 58Nmo na yɔɔre n toŋe kabwoŋa de wo-zɔɔna to, wɛleera yam konto maama jene wó taa wo n yuu ne. Baŋa Wɛ mo tage konto.
59Yuu-tu Baŋa Wɛ nam na tage tei to mo tento: A lage a waare‑m se ko maŋe de n na ke tei ye n gwooni kampwola kalo n na pwooli to pa se n chɔge dé ni-gwonim dem. 60De ko de, amo ta wó guli ni delo amo na gwoni de nmo ye n ta ye nɔn-doŋo to. A maa wó pa ni-gwonim dem konto taa wora taa wuu. 61Nmo de maa wó guli wo-lwanno telo n ya na ke to pa se chaveera ja‑m. Kokuri to, a laam wó kwei n zembaaro Samaria de n nyaane Sodom a pa‑m se ba ji nmo tete bukwa, de banto ya na wo tɔge ba woli dé ni-gwonim dem wone to de. 62Amo laam maa wó pa se a na gwoni ni delo de nmo to zege, se abam wane á lɔre we amo mo ye Baŋa Wɛ. 63Amo nam wó yage wɛleera yalo maama n na ke to a ma a chɛ‑m. Konto baŋa ne n wó guli n na ke n chɔge tei to pa se chaveera ja‑m ye n bá wane n ni se n puri. Yuu-tu Baŋa Wɛ mo tage konto.”",https://www.bible.com/bible/3661/EZK.16.KBG
EZEKELI 17,"Maaro telei de Vini tio memaŋe
1 Baŋa Wɛ kwora tu ka yi amo we:
2“Nabiinu, véi n sɔɔle sensɔla n bere Isarele dwi tiina bam, se n ta memaŋe dento n bere-ba. 3Ta de-ba we, ‘Yuu-tu Baŋa Wɛ na tage tei to mo tento: Maao mo jaane ko vo ko chu Lebanon laŋa kam ne. Ko déem tiini ko daga, ye ko vɔna yala. Ko koro de maa dɔra ye te ta tiini te lana de nyenyero dwi dwi. Ko laam ma vo ko ja Sedare tio na-gela kadwoŋi na wo tio kom yuu ne to. 4Ko ma bwori naga kam ye ko daare ko ja-ka ko vo pipim-piina teo mɛ ko nɔn-bia bam na ke pipiu to ko jeiri da.
5Maao kom daa ma kwei tio bu Isarele tega kam ne, ye ko vo ko jeiri-ko te-ywoŋa jeiga kadwoŋi ne. Jeiga kam wo bu-zaŋa teiŋa ne pa se tio kom be lela ne buga ni tio na ke tei to. 6Ko ma nwoŋi pa ko ji Vini tio na tage ko nɛ ko lware jei maama. Ko nɛ sem ma lware se tete se jeeri maao kom na wo mɛ to. Ko kuru tem nam sɔɔne tega ne mɛ ko na zege to mo. Ko na ye Vini tio konto to, ko ma ta nɛ dedɛ de vɔɔro tigi-tigi.
7Maao kodwoŋi de daa ma ba. Ko de maa daga ye ko jege vɔ-dɛɛra de koro-lilirru. Nii-na! Vini tio kom ma pa se ko kuru tem pipiri te jeeri maao kom konto. Ko nɛ sem de ma ta se jeeri-ko. Tio kom zege tega kalo ko na jeiri to ne mo ko ke konto, ko na teena we maao kom wó yage na ko pa-ko to ŋwaane. 8Ko nam maŋe ko zege te-ywoŋa ne mo, mɛ na na daga da se ko wane nɛ ko taa tae, ye ko daare ko ke bia, se ko taa yɔɔre ko ye tei-ŋoŋo to mo.’
9Nam ta ta de-ba we, ‘Yuu-tu Baŋa Wɛ na tage tei to mo tento: Vini tio konto wó be lanyerane na? Boboa maao kom bá gɔ-ko o yage, ye o daare o poore ko bia bam, pa se ko vɔ-lɛɛro tem maama kwaare na? O nam wó yɔɔre o gɔ tio kom mɔle mɔle ye nɔn-kɔgɔ wo woli‑o. 10Nii-na ba na fɔge ba jeiri-ko tei to. Ko nam wó be lanyerane na? Vio ná zaŋe wɛ-puli seeni ko dole ko mage-ko, ko bá yɔɔre ko maŋe jeiga kalo ko na nwoŋi da to mo ko kwaare na?’ ”
11 Baŋa Wɛ kwora daa ta ma yi-ne we:
12“Ta de nɔɔna banto na ye zwabani-nyena to we, ‘Abam nam wo nigi memaŋe dem konto kuri na?’ Nam ta n bere-ba we, ‘Babilon teo pɛ mo vei Jerusalem, ye o kale teo kom konto pɛ de o dedɛɛra bam o ja o jwoori o tete teo Babilon. 13O ma le pa-diga wone nɔɔno dedoa, pa o de kotu ke ni-sɛɛm daane. O ma pa kotu du duuri we, o wó taa jege chega o pa‑o. O nam ya kale teo kom nɔn-yum tem mo o ja o viiri, 14se ko pa teo kom taa wo o dam kuri ne, se ba daa yé wane ba zeiŋi ba tete wɛɛne. O déem pɛ se ba dam zege ni-sɛɛm delo o na ke de-ba to wone. 15O na le Judah teo pɛ wolo to nam nwoŋi ba ni-sɛɛm dem kwaga ne mo. O ma toŋe nɔɔna Ejipti teo ne se ba ja jar-keira de sisein-nɔɔna dedɛ ba ba ba pa‑o. Nɔɔno wonto nam wó wane o lu Babilon teo pɛ wom jeŋa ne na? O na lɔge ba ni-gwonim dem kwaga ne to, o wó jwoŋi o tete o yage na?
16Ne amo Yuu-tu Baŋa Wɛ na jege ŋwea tei to, ko ye chega mo we kotu lage o te Babilon teo ne mo, se o bá lu. Ko ye Babilon teo pɛ mo tiŋi‑o paare, ye o nam chɔge duuri delo o na dugi to pa se o nwoŋi ni-sɛɛm delo ba na ke daane to kwaga ne. Babilon teo kom wone mo o lage o te! 17Ejipti teo pa-faro wom de o jar-keira bam seene ba ye babɛ. Ba nam bá wane ba jwoŋi Judah pɛ wom ba yage, de ba kɔgɔ kom na maŋe ko daga tei to de. Babilon jar-keira bam wó ba ba kaare Jerusalem teo kom ba pu ye ba daare ba dogele kandwa, de teero ba ja ba di teo kom kabira kam yuu, se ba wane ba go teo kom nɔn-bia dedɛ. 18Judah pɛ wom ve o duuri dem de o na lɔge ba ni-gwonim dem kwaga ne tei to mo. Chega ŋwaane to, o ya ke kampwola mo, ye o ta ke wonnu tem konto maama o ma o chɔge-ka. Konto ŋwaane, o bere o bá lu.
19Konto ŋwaane, Yuu-tu Baŋa Wɛ na tage tei to mo tento: Ne amo na jege ŋwea tei to, ko ye chega mo we a lage a waare‑o mo. Ko ye amo yere ŋwaane mo o dugi duuri ye o ta ve-de. O na chɔge ni-gwonim delo to de maa ye amo nyem. O keina yam konto jene wó taa wo o yuu ne. 20A lage a che kalanchogo mo se ko ja‑o. A laam wó ja‑o a vo Babilon, ye a di o taane dáane, o na nwoŋi a kwaga ne to ŋwaane. 21O jar-keira babɛ sem maama wó te jara wone. A ta wó jage balo na wó daare to a yage tega baŋa jei maama ne. Konto baŋa ne mo á wó lɔre we ko ye amo Baŋa Wɛ mo pɛ kwora kam konto.
22Yuu-tu Baŋa Wɛ na tage tei to mo tento: Amo tete mo lage a ja Sedare tei-dedɔrɔ kodwoŋi na-gela, ye a daare a bwori na-bobɔla dedoa na wo ko yuu ne to. Amo tete laam wó ja-ka á vo a jeiri peo kodwoŋi yuu ne wɛ-wɛ. 23Isarele peero tem yuu ne mo a lage a jeiri-ka. Tio kom wó be lanyerane ye ko ta nɛ, ko daare ko ke bia. Ko maa wó ji Sedare tei-laao. Zuna dwi dwi wó ba da ba sɔ ba pworu ko nɛ sem ne, ye ba sii ko woro kom ne. 24Teeni dem maama na wo goa wone to wó lɔre we amo mo ye Baŋa Wɛ. A maa wae a pa se tei-dedwaaro toe, ye a daare a pa teeni delo na wo tega ne to zaŋe wɛɛne. A ta wae a pa se teeni delo na jege vɔ-lɛɛro to kwaara, ye a daare a pa delo na kwaare to yera zuri.
Amo Baŋa Wɛ mo tage konto. A nam wó seene a ke kolo a na tage to.’ ”",https://www.bible.com/bible/3661/EZK.17.KBG
EZEKELI 18,"Wolo na ke wɛleere to mo jege se o te
1 Baŋa Wɛ kwora daa ta ma yi amo we:
2“Bɛ mo ye abam jege memaŋe dento na vei Isarele tega kam seeni to ye á tɛ á we:
‘Kwoa mo ke ba wonnu,
pa te zem laam gwori ba bia’?
3Ne amo Yuu-tu Baŋa Wɛ na jege ŋwea tei to, ko ye chega mo we abam daa bá maŋe memaŋe dem konto Isarele laŋa kam ne. 4Nii-na! Amo mo jege nabiina maama dam, ne ko ná ye kwo, naa o bu de. Ko ye wolo na ke wɛleera to mo jege se o te.
5Nɔɔno wolo ná seene o ye nɔn-ŋom chekke,
kotu wae o ke totoŋ-ŋona ye o tɔge chwoŋa.
6O maa ba diini peero tem yuu se o di jwona wodiiru,
ye o yiga tera de Isarele dwi tiina jwona yam.
O ba ke tolo de o dwonna bam kaana.
O maa ba peini de kaane wolo na jege o chana zarem o ke to.
7O nam ba bɛɛse nɔɔn-nɔɔno.
O na jwoŋi wonnu telo nɔɔno tei ne jene ŋwaane to
mo o wó jwoori o pa kotu.
O maa ba vere nɔɔna.
O ta yeini o pa wodiu yi balo kana na jege-ba to,
o daare o kwei gwaaro o kwoli yiniga tiina chaveera.
8Konto tu ba jene wonnu o pae
ye o daŋe nyɔɔre dedɛ jene dem baŋa ne.
O maa cho o tete de wo-lwanno kikia
ye o bore nɔɔna taane de chega.
9O maa toŋe o tɔge a bera yam,
ye o ke o chega de a nia yam.
Nɔɔno wolo ná seene o ke konto dwoŋi,
konto tu ye chega tu mo,
ye o wó seene o taa ŋwe.”
Yuu-tu Baŋa Wɛ na tage kolo to mo konto.
10“Nɔɔno wom konto nam ná loge bu, ye bu wom ná ye nankɔ-nyem na ye nɔn-goro, ye o daare o ke wonnu tem konto dwoŋi, bu wom jege se o te mo, 11ye o kwo ya wo ke te kolokolo.
O kare o di jwona wodiiru peero yuu bimbina yam ne.
O ta maa swoi se o taa tigi de o dwoŋi kaane.
12O maa jege nabwona de yiniga tiina o bɛɛsa,
ye o kare o vere nɔɔna.
O yeini o cheiŋi kolo ba na pɛ‑o ba ma tiŋi daare to.
O yiga maa wo jwona wone,
ye o daare o tɔge wo-zɔɔna kikia.
13O ta yeini o jene wonnu o pa nɔɔna,
ye o beeri nyɔɔre dedɛ mo se o dɔne.
Nɔɔno ná ke konto dwoŋi, o wó jwoŋi o ŋwea o yage mo na? Kɔtaa! O bá na o ŋwea! Wo-zɔɔna yalo maama o na ke to ŋwaane, o wó te mo ye ko wó taa ye o tete yiga.
14Ko daare, bu wom konto de ná loge bu, ye o bu wom ná nɛ wɛleera yalo o kwo na jege o ke to, ye o ná ve se o ke ne o kwo na ke wo-zɔɔna yalo to, o bá te o kwo wɛleera yam ŋwaane.
15O ba diini peero tem yuu se o di jwona wodiiru,
ye o yiga tera de Isarele dwi tiina jwona yam.
O maa ba ke tolo de o dwonna kaana.
16O ba bɛɛse nɔɔn-nɔɔno.
O ba jwoŋi woŋo nɔɔno tei ne
se o laam jene jene o pa kotu.
O ba vere nɔɔna
O ta yeini o pa wodiu yi balo kana na jege-ba to,
o daare o kwei gwaaro o kwoli yiniga tiina chaveera.
17O maa cho o tete de totoŋ-balwaaro,
ye o ba beeri nyɔɔre dedɛ se o dɔne jena baŋa ne.
O maa toŋe o tɔge a nia yam de a bera yam.
Bu wom konto bá te o kwo wɛleera ŋwaane. O wó taa ŋwe mo. 18O kwo nam wó te o tete wɛleera ŋwaane mo, de o na pini nɔɔna, ye o vere o chorro, ye o daare o toŋe lwarem o tete nɔɔna tetare ne tei to.
19Abam nam bwei we, ‘Bɛ mo ye bu wom konto bá tɔge o yaare o kwo tusim dem ŋwaane?’ Ko na ye tei to, bu wom na jege chega ye o ke kolo na maŋe to, o daare o toŋe o tɔge a bera yam to ŋwaane, o wó seene o taa ŋwe mo. 20Wolo ná ke wɛleere, konto tu mo jege se o te. Nɔɔno kwo wɛleera jene bá taa wo kotu yuu ne. Bu de wɛleera nam bá taa tɔge o kwo. Nɔn-ŋona wó na ba totoŋ-laaro tem nyɔɔre mo, se nɔn-balwaaro na waarem delo na maŋe de ba totoŋ-lwanno tem to.
21Puseŋ-nyeno wolo nam ná pipiri o yage wɛleera keim, kotu bá te. O nam ná toŋe o tɔge a bera yam maama, ye o ke o chega de kikia yalo na maŋe to, kotu wó taa ŋwe mo, o daa bá te. 22Ko ná ye wɛleera yalo o ya na maŋe o ke to, amo bá ke tento a boboŋa ne. O nam wó taa ŋwe mo, o na lɛɛre o ke totoŋ-ŋona yalo to ŋwaane. 23Á nam boŋe we puseŋ-nyena toone mo pae amo wo pwoli na? Ko nam na ye tei to, puseŋ-nyena ná pipiri ba yage ba chwei sem, se ko pa ba na ŋwea, konto wó pa a wo pwoli. Amo Yuu-tu Baŋa Wɛ na tage kolo to mo konto.
24Ko daare, nɔn-ŋom ná yage totoŋ-ŋona keim, ye o bobo se o taa ke wo-zɔɔna yalo dwoŋi puseŋ-nyena bam na kare ba ke to, á boŋe we o wó taa ŋwe mo na? Kɔtaa! Amo bá ke wo-laaro telo o ya na ke to a boboŋa ne. O de jege se o te mo, o na ke wɛleera yalo o ma o chɔge amo yiga to ŋwaane.
25Abam maa yeini á tɛ we, ‘Chega tera Baŋa Wɛ na tɔge chwei selo to wone.’ Isarele dwi tiina bam, á pa-na dé taa tɛ chega. Ko ye amo mo ba toŋe ko chwoŋa ne na? Ko dae abam za mo toŋe á tusi na? 26Nɔn-ŋom ná pipiri o yage totoŋ-ŋona keim, ye o lɛɛre o ke wɛleera, o jege se o te mo o wɛleera kikia ŋwaane. 27Puseŋ-nyeno nam ná yage puseŋa kikia yalo o ya na ke to, ye o daare o toŋe chega kam de kikia yalo na maŋe to, o wó jwoŋi o ŋwea o yage mo. 28Kolo na wó jwoŋi‑o to ye o na jeeli o totoŋ-lwanno tem ni o ja, ye o daare o pipiri o yage-te to. O daa bá te, o wó taa ŋwe mo. 29Isarele dwi tiina bam nam ta maa tɛ ba we, ‘Chega tera Baŋa Wɛ na tɔge chwei selo to wone.’ Chega seene ka tera se wone na? Isarele dwi tiina bam, ko dae abam za mo toŋe á tusi na?
30Yuu-tu Baŋa Wɛ na tage tei to mo tento: Konto ŋwaane, Isarele dwi tiina bam, amo lage a di abam dedoa dedoa taane mo se ko maŋe de á na ke tei to. Nam pipiri-na á yage á tusim kikia yam maama, se á yé na waarem. Ko ná dae konto, á wɛleera yam wó pa á tiri á to tega ne. 31Dole-na wɛleera yalo maama á na yeini á ke to á yage, se á daare á beeri bochare-doore de boboŋ-doora á pa á tete. Isarele dwi tiina bam, bɛ mo ye á beeri toone á pa á tete? 32Nɔɔn-nɔɔno toone nam ba pae a wo pwola. Konto ŋwaane, pipiri-na á yage wɛleera kikia se á daare á na ŋwea. Yuu-tu Baŋa Wɛ na tage kolo to mo konto.”",https://www.bible.com/bible/3661/EZK.18.KBG
EZEKELI 19,"Isarele dedɛɛra bam luseim leiŋa
Baŋa Wɛ ma ta de amo o we:
1“Mɔ luseim leiŋa n pa Isarele teo dedɛɛra bam 2se n ta we:
‘Á nu wom ye tetɛ mo?
O nam nye de nywoŋ-kana na jege yuu
nywonnu tem maama tetare ne to mo!
Ko maa tigi nywon-pɔle sem tetare ne ko kɔne ko bia.
3Ko ma korese ko bia bam wone dedoa
pa ko ji nywoŋ-doŋo na dana to.
Ko de ma lɔre nɔna jaanem,
ye ko bobo se ko taa di nabiina.
4 Dwi-gɛ tiina laam ma ni ko ŋwa,
ye ba daare ba ko gwoŋo ko ŋwaane pa ko to da.
Ba ma kwei gwoli ba lei ko ba ne
ye ba ja-ko ba vo Ejipti teo.
5Nywoŋ-kana kam na maane we ka teena yam wo ke,
ye ka boboŋa yam de wo toŋe to,
ka daa ma le ka bia bam wone dedoa
ka korese-ko pa ko de ji nywoŋo na dana to.
6Ko de na bege ko ti to, ko ma kare de nywonnu tedwonna
ko beeri nɔna.
Ko de ma ba ko lɔre nɔna jaanem
ye ko bobo se ko taa di nabiina.
7Nywoŋo kom konto yeini ko chɔge nɔɔna bam dam jei sem mo,
ye ko gwɛɛne ba teene dem de.
Teo kom de ko nɔɔna bam ná yeini ba ni ko na suuri tei to,
foone mo yɔɔre de jaane-ba.
8Teene delo maama na gilimi da to maa ba
ba ke ni daane se ba ja-ko.
Ba ma tiŋi ŋwe-choa se ba ja-ko,
ye ko to ba gwoŋo wone.
9Ba laam ma kwei gwoli ba lei ko ba ne,
ye ba vaŋe-ko ba vo ba ke chefeɔ wone.
Ba ma ja-ko ba vo ba pa Babilon teo pɛ wom.
Ba ma pe nywoŋo kom konto,
pa se ko ŋuurim dem daa yé taa ni Isarele peero tem yuni ne.
10Abam nu wom nam ya ta nye de Vini tio
kolo ba na jeiri á Vini kara ne to mo
pa ko wo buga teiŋa ne.
Ko ma leiri bia dedɛ, ye ko nɛ sem de ke zwase,
na na daga ko jeiga kam ne to ŋwaane.
11Ko nɛ sem ma fɔge se ke dam,
ye se maŋe se ba kwei-se ba ke pɛ nacheiga to.
Vini tio kom ke dedɔrem
se ko dwoni teeni delo maama na gilimi-ko to mo.
Nɔɔna maama maa nii ba nae ko na zege deiki tei to,
ko nɛ sem na daga to ŋwaane.
12Ba nam dɛ bane baŋa ne mo ba vaŋe-ko ba vuuri,
ye ba daare ba dole-ko ba de tega ne.
Vio ma zaŋe wɛ-puli seeni ko dole ko mage-ko,
pa se ko tio-bia bam ko.
Ko na-dɛɛro tem de ma bwori pa se te kwaare
ye mini di-te.
13Ba laam nam jaane Vini tio kom konto
ba vo ba jeiri kagoa yuu ne mo,
mɛ tega kam na koge ye na tera to.
14Mini ma zege ko teiŋa ne de jage de yi
ko nɛ sem de ko bia bam maama ko di kula.
Na-dɛa daa wo daare
se ka maŋe de pɛ nacheiga se o taa zeera.’
Leiŋa kanto mo ye luseim leiŋa, ye ba jege se ba taa jege-ka ba mɔɔne luseim mo.”",https://www.bible.com/bible/3661/EZK.19.KBG
EZEKELI 20,"Isarele tiina zwabania kam
1Bena yarepɛ bene dem chane senu chana kam da fuga dɛ dem ne, mo Isarele teo nakwa bam badwonna tu amo tei se ba bwei ba lɔre Baŋa Wɛ boboŋa na ye tei to. Ba ma ba ba jeini a yiga ne. 2Baŋa Wɛ kwora ma yi amo we:
3“Nabiinu, ŋɔɔne de Isarele teo nakwa bam se n ta de-ba we, ‘Yuu-tu Baŋa Wɛ na tage tei to mo tento: Abam tu se á lɔre amo boboŋa na ye tei to mo na? Ne amo na jege ŋwea tei to, ko ye chega mo we a bá pa abam chwoŋa se á lɔre a boboŋa. Yuu-tu Baŋa Wɛ mo tage konto.’
4Nabiinu, nmo nam bá bore taane n vane-ba na? Tole ba kwoa bam wo-zɔɔna kikia yam taane se ba taa yei ya ni ne. 5Ta de-ba we, ‘Yuu-tu Baŋa Wɛ na tage tei to mo tento: Maŋa kalo a déem na kuri Isarele tiina bam se ba taa ye a nyem to, a tu a veere a tete de Jakob dwi tiina bam Ejipti teo ne. A ma daare a du yi-seena duuri de-ba a we, “Amo mo ye abam Teiru Baŋa Wɛ wom.” 6Amo ta ma du duuri maŋa kam konto ne a ta de-ba we, a wó ja-ba a nwoŋi Ejipti teo ne a vo tega kalo a ya na kuri a pa-ba to. Tega kam konto nam ye te-ŋoŋa kalo na lana ka dwoi jei maama, ye ka ywomma de varem de kɔnɔ to. 7A ma ta de-ba a we, “Abam maama nam dole-na wo-zɔɔna nyenyero telo á na zuli to á yage, se á daa yé ta‑á biini á tete de Ejipti tiina jwo-yɔɔro tem kaanem. Amo mo ye abam Tu Baŋa Wɛ wom.”
8Ba nam lɔge amo kwaga ne mo, pa ba ve se ba cheigi a taane dem. Ba wolowolo wo dole wo-zɔɔna yalo ba na zuli to de Ejipti tiina jwona yam ba yage. Konto ŋwaane amo boboŋa ma ja se a lwo a ban-lom dem ba baŋa ne, se a pa ba yaare Ejipti teo kom wone. 9Amo déem nam ba lage se dwi-gɛ tiina bam taa jege amo yere ba yaala. A yere dem ŋwaane a tage we a wó ja Isarele tiina bam a nwoŋi Ejipti teo kom ne, pa se a veere a tete a pa-ba ye dwi tiina balo ba na zoore ba wone to de zege ba nia.
10Konto ŋwaane mo a seene a ja-ba a nwoŋi Ejipti ne, ye a ja-ba a zo kagoa kam wo. 11A ma kwei a bera yam de a nia yam a pa-ba. Kokuri to, nɔɔno wolo ná toŋe o tɔge-ya, kotu wó na ŋwea ya baŋa ne. 12A ta ma tiŋi a siu da yam a pa-ba, se ya taa ye maana na tigi amo de banto tetare ne we amo Baŋa Wɛ mo kuri-ba se ba taa ye amo nyem. 13De ko maama de, Isarele dwi tiina bam nwoŋi amo kwaga ne mo kagoa kam yuu ne. Ba maa wo sɛ se ba ke ba tɔge a bera yam, ye ba daare ba ve a nia yam. Ko nam ye wolo maama ná tɔge yanto mo kotu wó na ŋwea ya baŋa ne. Ba ta ma yɔɔre ba yaale a siu da yam. Ko ma pa se a ja boboŋa se a lwo a ban-lom dem ba baŋa ne se a yɔɔre a chɔge-ba kagoa kam wone. 14Amo nam ba lage se dwi-gɛ tiina bam taa jege amo yere ba yaala, de banto na nii ye a ja Isarele tiina bam a nwoŋi dáane to. 15Ko kwaga ne to, a déem dugi duuri a pa-ba kagoa kam ne mo we, a daa bá ja-ba a zo tega kalo a ya na kuri se a pa-ba to. Tega kanto nam mo ye te-ŋoŋa kalo na lana ka dwoi jei maama, ye ka ywomma de varem de kɔnɔ to. 16Amo déem vane-ba konto, ba na ve a nia yam de a bera yam, ye ba ta yaale a siu da yam to ŋwaane mo. Ba fera nam tiini ya wo ba jwona kaanem wone mo. 17De ko de a duri ba ŋwaŋa mo, pa se a wo yɔɔre a chɔge-ba kagoa kam wone.
18A déem ma kaane ba bia bam kagoa yuu ne a we, “Abam de daa yé tɔge-na á kwoa bam chwei sem de ba chullu tem. Nam yé biini-na á tete de ba jwona yam kaanem. 19Amo mo ye abam Tu Baŋa Wɛ wom. Ta‑á sɛ-na amo bera yam, se á daare á ta‑á ke á tɔge a nia yam. 20Ta‑á jege-na a siu da yam se ya taa ye ya yera, se yanto taa ye maana amo de abam tetare ne. Konto mo abam wó lɔre we amo ye abam Tu Baŋa Wɛ wom.”
21Ba dwi dem de nam lɔge amo kwaga ne mo. Ba wo sɛ ba tɔge a bera yam. Ba yiga de maa tere a nia yam wone. Wolo maama nam ná tɔge yanto, kotu wó na ŋwea ya baŋa ne. Ba ta yɔɔre ba yaale a siu da yam mo. Konto ŋwaane amo boboŋa ma ja se a lwo a ban-lom dem ba baŋa ne, se a pa ba yaare kagoa kam yuu ne. 22De ko de, a yɔɔre a ja a bane dem mo, se dwi-gɛ tiina bam yé taa jege amo yere ba yaala, de banto na nii ye a ja Isarele tiina bam a nwoŋi Ejipti ne to. 23A nam ta dugi duuri mo a pa-ba kagoa kam ne we a lage a jage-ba pa ba vo yiga yiga se a yage-ba logo baŋa teene dem jei maama wone. 24Ko nam ye ba na wo sɛ ba tɔge amo nia yam, ye ba ve a bera yam to ŋwaane mo a ke-ba konto. Ba ta ma yaale amo siu da yam, ye ba daare ba pa ba fera zo ba kwoa jwona yam ne. 25Amo ta ma pa ba sɛ bera yalo na ba lana to, de chullu telo nɔɔna na bá na ŋwea te baŋa ne to. 26A ma pa ba biini ba tete de pɛɛra yalo ba na kwei ba pa-ne to. Ba bere ba yeini ba kwei ba bu-kwe sem maama mo ba ke kaanem. A ke konto maama ba yera ne se foone mo zo-ba, ye ba daare ba lɔre we amo mo ye Baŋa Wɛ.’
27Nabiinu, konto ŋwaane nam ta de Isarele tiina bam we, ‘Yuu-tu Baŋa Wɛ na tage tei to mo tento: Abam kwoa bam de déem maŋe ba twe-ne mo de ba na nwoŋi amo kwaga ne tei to. 28Amo na yɔɔre a ja-ba a yi tega kalo a na dugi duuri we a wó kwei a pa-ba to, mo ba ná nɛ peero telo maama na zeiŋi wɛɛne to, de teeni delo maama na pae woro to, ba yeini ba ke kaanem da. Ba pɛɛra yam konto chuchugi a bane mo. Ba maa zwɛ talwoŋ-ywoŋa ba daare ba lwo wo-nyɔɔro pɛɛra jei sem konto ne. 29Amo déem bwei-ba a we, “Jeiga kɔ mo á yeini á diini wɛ-wɛ se á ke kaanem da to?” ’ Mo kokuri ba bwoi jei sem yere we ‘Wɛ-wɛ Jeiga’ de zem maama.
30Nam ta de Isarele dwi tiina bam we: ‘Yuu-tu Baŋa Wɛ na tage tei to mo tento: Abam de boŋe se á biini á tete ne á kwoa bam déem na ke tei to mo, se á de pa á fera taa wo wo-zɔɔna kaanem ne na? 31Abam na kwei á pɛɛra yam á pa jwona, ye á kwei mini á zwɛ á bia se ko taa ye kaanem to, á jege á tete mo á biini de á jwona yam de zem maama. Isarele dwi tiina bam, á nam boŋe we amo wó pa chwoŋa se á ta‑á tui á beeri a boboŋa mo na? Ne amo Yuu-tu Baŋa Wɛ na jege ŋwea tei to, ko ye chega mo we amo bá sɛ se á bwei á lɔre a boboŋa yam.
32Abam maa tɛ we, “Debam nam lage se dé taa nye de dwi-gɛ tiina bam na zoore logo baŋa teene dedwonna dem ne ye ba zuli wa yalo ba na mɛ dɛ de kandwa ba ke to mo.” Abam boboŋe dem nam bá fɔge de jeini. 33Ne amo Yuu-tu Baŋa Wɛ na jege ŋwea tei to, ko ye chega mo we, amo wó taa ye abam pɛ, pa se a kwei a je-dɛa, de a dam maama, de a ban-lom dem a taa nii abam baŋa ne. 34A maa wó ja abam a nwoŋi teene delo maama a ya na jage abam a yage de wone to de je-dɛa, de dam, dedaane a ban-lom dem. 35Amo laam wó ja abam mo a vo a zege kagoa kam wone mɛ dwi-gɛ tiina na gilimi to. Dáane mo a wó jeeri abam yibia de yibia, ye a di á taane se á to. 36Amo déem na di á kwoa bam taane tei Ejipti teo kagoa kam ne to, konto dwoŋi mo a ta wó di abam de taane. Yuu-tu Baŋa Wɛ na tage tei to mo konto. 37A ta wó korese abam pa se á ke ne dé ni-gwonim dem na bere se á ke tei to. 38A maa wó le zwabani-nyena balo na wo á wone to, de balo maama na ve-ne to. A nam wó ja-ba a nwoŋi sa-teene delo ba na zoore de wone to. Ba nam bá na chwoŋa se ba tɔge ba zo Isarele tega kam wone. Konto baŋa ne abam de wó lɔre we amo mo ye Baŋa Wɛ.
39Ko nam ná ye abam, Isarele dwi tiina bam, Yuu-tu Baŋa Wɛ na tage tei to mo tento: Á maama véi-na á zuli á jwona yam, ne á na jege boboŋa yalo to. Á ná lage á ve amo ni dem, daa ta‑á ke-na konto dwoŋi taa. Nam lɔre-na we, a bá sɛ se á ta‑á jege amo yere dem na ye wose to á yaala, de pɛɛra yalo á na kwei á pae á jwona yam to. 40Kokuri to, maŋa wó ba ye Isarele dwi dem maama taa zuli-ne ba tega kam ne. Ba maa wó zuli-ne Isarele peo-kamunu kolo a na pɔɔre a pa a tete to yuu ne, ye amo de wó sɛ se ba taa ye a nɔɔna. Dáane mo amo wó beeri á pɛɛra yam, dedaane wo-laaro telo á na wó pɔɔre se á kwei-ya á ma á ke kaanem á pa-ne to. Yuu-tu Baŋa Wɛ mo tage konto. 41Amo ná jaane abam a nwoŋi sa-teene delo ne a na jage abam pa á zo dwi-gɛ tiina bam wone to, a laam wó sɛ a jwoŋi abam nenɛɛne á ye talwoŋ-ywoŋa mo ba zwɛ ba pa-ne. A ta ná wo abam tetare ne, a wó bere jaja we a ye wose mo, se dwi-gɛ tiina bam taa zege ba nia. 42Amo laam maa ná jaane abam a ja a jwoori Isarele tega kalo a déem na dugi duuri we a wó kwei-ka a pa á kwoa bam to, á wó seene á lɔre we amo mo ye Baŋa Wɛ wom. 43Maŋa kam konto ne, abam wó guli wo-zɔɔna kikia yalo á ya na ke pa se á biini á tete to. Konto wó pa á yaale á tete de wo-lwanno telo a ya na ke to. 44Isarele dwi tiina bam, abam wó lɔre we amo mo ye Baŋa Wɛ wom, ne a ná tɔge a yere dem ŋwaane a duri abam ŋwaŋa, ye a wo waare abam se ko maŋe de á totoŋ-lwanno tem de á wo-zɔɔna kikia yam na ye tei to. Yuu-tu Baŋa Wɛ na tage kolo to mo konto.’ ”
Tega-kuri seeni taane
45 Baŋa Wɛ kwora daa ta ma yi amo we:
46“Nabiinu, pipiri n yibia n jeeri tega-kuri seeni jei sem. Tɔɔle kwora n chɔge kuri seeni tiina bam, se n daare n pworisi taane n chɔge kuri seeni goa kam. 47Nam ta de kuri seeni goa kam we: ‘Cheigi Baŋa Wɛ kwora kam! Yuu-tu Baŋa Wɛ na tage tei to mo tento: A yɔɔre a ti a yiga mo se a zwɛ nmo de mini. De nam lage de di n teeni dem maama mo kula! Tei-lɛɛro de delo na koge to maama wó zwɛ mo. Min-lɔŋɔ kom konto nam bá di ko dwei kɔtaa. De maa wó zwɛ kolo maama na tigi de yiga ne ko zege tega-kuri seeni se ko taa diini baŋa seeni to mo. 48Nɔɔna maama wó lɔre we amo Baŋa Wɛ mo tɔre mini dem konto, ye de nam bá di de dwei kɔtaa.’ ”
49Amo de laam ma ta a we, “Ja! Yuu-tu Baŋa Wɛ, ko wó ja lɛɛro mo ko ba amo yuu ne! Ba nam maŋe ba jege amo taane mo ba tɛ we, ‘O taana yam yeini ya ye dende mo.’ ”",https://www.bible.com/bible/3661/EZK.20.KBG
EZEKELI 21,"Baŋa Wɛ se-zɔɔ kom taane
1 Baŋa Wɛ kwora daa ta ma yi amo we:
2“Nabiinu, pipiri n yibia n jeeri Jerusalem teo kom. Tɔɔle kwora n chɔge ko wara-jei sem, se n daare n pworisi taane n chɔge Isarele tega kam. 3Ta de-ba we: ‘Baŋa Wɛ na tage tei to mo tento: Amo lage a vaŋe a se-zɔɔ mo a le ko pwolo kom ne, se a ma-ko a go nɔn-ŋona de puseŋ-nyena de. 4Amo na wó yɔɔre a ke konto to ŋwaane, a se-zɔɔ kom wó zege tega-kuri seeni mo ko taa gwoni nɔɔna maama ko de se ko vo ko yi baŋa seeni. 5Nabiina maama laam maa wó lɔre we amo mo ye Baŋa Wɛ. A nam na le a se-zɔɔ kom ko pwolo ne konto to, a daa bá pa ko jwoori ko zo da.’
6Konto ŋwaane, nabiinu, ta‑n vuvuna wo-chechɔgɔ ŋwaane. Pa se nɔɔna bam na nmo wo na pɛ ye n tiini n vuvuni tei to. 7Ba nam ná bwei‑m se ba lɔre kolo ŋwaane n na vuvuni to, se n ta de-ba we, ‘Kwora kalo na beene se ka pa nɔɔna dedɛ nagwola te to ŋwaane mo amo vuvuna. Ba nadwoona wó taa mage daane mo de foone, ye ba vɔna de pare.’ Wonnu tento nam lage te seene te ke mo. Yuu-tu Baŋa Wɛ na tage kolo to mo konto.”
8 Baŋa Wɛ kwora daa ma yi amo we:
9“Nabiinu, pworisi n ta de-ba we: ‘Baŋa Wɛ na tage tei to mo tento:
Nii-na se-zɔɔ!
Ba nam dwori-ko mo!
Ko maa tiini ko jege ni mo ye ko nyeena.
10Ko ni tiini ko dwori ko ti
se ko gwoni ko de tega ne.
Ko nam ta liligi jei maama ne mo
ne doa na pepele tei to!
Dé wó taa chaka Judah paare dem ŋwaane na?
Se-zɔɔ kom yiga nam tera paare maama wone!
11Amo kuri se-zɔɔ kom a tiŋi
se ba dwori-ko pa ko tiini ko jege ni mo.
Ba laam wó kwei-ko ba ke nɔn-goro wom jeŋa ne.
12Nabiinu, nam ta‑n keera ye n chwoosi n yaga,
lɛɛro telo na wó yi a nɔɔna bam to ŋwaane.
Isarele teo yiga tiina bam de wó na lɛɛro tem konto.
Ba maama wó te jara wone mo,
ba de a nɔɔna bam maama.
Konto ŋwaane, mage n takeiri wo-chechɔgɔ ŋwaane.
13Ko lage ko faŋe a nɔɔna bam mo ko nii. Judah paare dem ná ti, se-zɔɔ kom yiga na tere de wone to ŋwaane, bɛ mo daa wó ke? Yuu-tu Baŋa Wɛ na tage kolo to mo konto.’
14Konto ŋwaane, nabiinu, pworisi taane
se n daare n mage n jea.
Pa se-zɔɔ kom zage kuni belei naa betɔ.
Kokuri to, ko ye se-zɔɔ kolo na goe to mo.
Ko nam wó kaare nɔɔna bam ko pu
se ko yɔɔre ko go-ba.
15Konto wó pa se ba vɔna pare,
ye ba dedɛ da ko ŋwaane ba to.
Amo pɛ se se-zɔɔ mo che ba teo kom ni maama.
Ko nam yɔɔre ko liligi jei maama ne
ne doa na pepele tei to mo,
ye ko ke siri se ko gwoni ko de tega ne.
16Se-zɔɔ, yɔɔre n ta‑n zage jazem seeni,
se n daare n pipiri jagwia seeni n zage n woli da.
Nmo ni dem ná jeeri mɛ seeni,
se n ta‑n gwoni nɔɔna n de tega ne.
17Amo de maa wó mage a jea daane
ye a bane de laam zuri.
Amo Baŋa Wɛ mo tage konto.”
18 Baŋa Wɛ kwora daa ma yi amo we:
19“Nabiinu, bei bibeiri selei se se bere chwei selo Babilon teo pɛ se-zɔɔ kom na wó tɔge da ko ba to. Chwei sem nam wó nwoŋi teo kodoo ne mo se ba. Laam chwi daa mɛ seeni chwei sem na wó pwɛ to, se ka bere chwoŋa maama yiga na yɔɔre teo kolo seeni to. 20Ta pa se se-zɔɔ kom tɔge chwoŋa dedoa ko vo Amon tiina te-fɔrɔ Raba seeni, se chwoŋa kadwoŋi kam de vo Jerusalem teo na wo Judah laŋa kam ne to seeni. 21Kokuri to, Babilon teo pɛ wom lage o vo o zege chwei sem na pwɛ belei mɛ to, ye o daare o tɔge yi-nɛɛre baŋa se o lɔre chwoŋa kalo o na wó tɔge to. O maa zuzugi taŋa chena, o daare o bwei chwoŋa o teo jwona tei ne, ye o kwei chulu varem chwɛ o nii, se o lɔre o na wó ke tei to. 22O jazem ne mo o wó taa zei chene delo baŋa ne ba na popone Jerusalem teo yere to. O maa wó vo da o tiŋi da-kwollu telo ba na wó kwei ba mage teo kom ni-bworru tem ba bwori, se o laam pa o jar-keira bam ni se ba go ko nɔn-bia bam. Ba maa wó bage tiguri-kaasa, ye ba lɔ taara ba sale teo kom kabira kam teiŋa ne ba ja di ka yuu. 23Jerusalem tiina bam nam bá sɛ we Babilon teo pɛ yi-nɛɛre dem wó ji chega, ba na maŋe ba du duuri ba pa‑o to ŋwaane. Pɛ wom nam wó guli-ba ba tusim dem na ye tei to, ye o daare o ja-ba.
24Konto ŋwaane, Yuu-tu Baŋa Wɛ tage tento mo o we: ‘Abam pɛ se á tusim dem nwoŋi pwooni, ye á wɛleera yam maa yɔɔre ya nae jaja. Á kikia yam maama maa bere we á ba jege chega. Konto ŋwaane mo á dona wó ba ba ja abam de dam.
25Ko ta ná ye nmo Isarele tiina yiga tu wom, n lwarem kikia de n puseŋa gaale. Maŋa kam yi ka ti se n yɔɔre n na waarem. 26Yuu-tu Baŋa Wɛ nam na tage tei to mo tento: Dɔne n yuu gare-yi dem, de n paare yipuga kam n yuu ne. Ko daa bá taa ye ne ko ya na ye tei faŋa to. Nabwona jege se ba zaŋe de zula, se balo ya na jege paare ba di to ga ba paare. 27Chɔgem beena! Chɔgem beena! Teo kom paare dem wó ti! Konto nam bá ke, ye ko dae we wolo a na kuri se o waare teo kom to tua. A laam maa wó kwei-ko a ke o jeŋa ne.’
28Nabiinu, ko nam ná ye nmo, pworisi taane we, ‘Yuu-tu Baŋa Wɛ na tage tei Amon tiina bam de ba toro tem seeni to mo tento:
Nii-na se-zɔɔ!
Ba laam zei-ko mo se ba ma ba go nɔɔna.
Ba kwɛ-ko pa ko liligi mo ne doa na pepele tei to,
se ko yɔɔre ko taa chɔge nɔɔna.
29Á veera yalo na vei jara yam seeni to nam gane abam mo,
ye á yi-nɛɛre taana ye vwa yerane.
Se-zɔɔ kom wó ba abam baŋa
pa se puseŋ-nyena bam na maŋe de toone to te.
Dɛ dem banto na wó na chɔgem to yia,
pa se ba yɔɔre ba na waarem.
30Laam nam kwei se-zɔɔ kom
n jwoori n ke ko pwolo wone.
Jwoori n vo jei selo ba na naane‑m to.
Kokuri to, amo wó di n taane
teo kolo na ye n kugu jei to ne.
31A yɔɔre a lage a lwo a ban-lom dem mo n baŋa ne,
se n lɔre we a wo tiini ko fuli dede‑m.
A ta wó kwei‑m a ke nankɔ-nyena
balo na me de nɔn-gora kikia to jeŋa ne.
32Nmo wó ji ne da-kora
kalo ba na kwei ba de mini wone to.
N tete teo kom wone mo
n jana wó lwo tega ne.
N yere dem laam maa wó saare logo baŋa ne.
Amo Baŋa Wɛ mo tage konto.’ ”",https://www.bible.com/bible/3661/EZK.21.KBG
EZEKELI 22,"Jerusalem tiina bam na tusi tei to
1 Baŋa Wɛ kwora ma yi amo we:
2“Ko ta ná ye nmo, nabiinu, n nam bá bore taane n vane teo konto nɔn-bia bam, de ba na swoi nɔn-gora kikia tei to na? Tole ba wo-zɔɔna kikia yam taane se ba taa yei ya ni ne. 3Nam ta de-ba we, ‘Yuu-tu Baŋa Wɛ na tage tei to mo tento: Jerusalem teo, n lage n ja chɔgem mo n ba n pa n tete. Kokuri, n nɔn-bia bam yeini ba go ba dwonna dedɛ n wone, ye ba ta mɔ jwona se ba zuli-ya, pa se ba biini ba tete. 4Abam Jerusalem tiina nɔn-gora kikia yam pɛ se á to de á bora. Á na mɔɔne jwona á pa á tete to de ma pa se á digiri á tete. Jerusalem, nmo waarem maŋa kam bwola. N bena yam lage ya ti mo. Amo lage a pa se dwi-gɛ tiina bam taa jege‑m ba yaale mo, se logo baŋa teene dem de taa twe‑m. 5Teene delo na bwola de nmo to, de delo na ye yiga yiga to maama wó taa mɔne‑m mo, nmo yere na chɔge ye n su de vuvuga to ŋwaane.
6Nii mo! Isarele teo yiga tu wolo maama na wo n wone to jege o dam dem o goe nɔɔna mo. 7Nmo nɔn-bia bam yɔɔre ba gwooni ba kwoa de ba niina mo. Ba ta maa jege veira, de botara, dedaane kadeina ba bɛɛsa. 8Ba bere ba ba nege wonnu telo na ye wose te pa amo to, ye ba daare ba jege amo siu da yam ba yaala. 9Nmo wone nɔɔna kare ba ba bebara se ba wane ba dwonna ba go mo. Nɔɔna badwonna de maa diini peero tem yuu ba di jwona wodiiru, ye badaara de swoi kabwoŋa kikia. 10Nmo wone baara badwonna de maa tigi de ba kwoa kaana, ye babam de fe mo se ba peini de kaana balo na jege ba chana zarem ba ke to. 11Nɔɔna ta wo n wone ye ba lage ba dwonna kaana se ba ke bwoŋa de-ba. Badaara maa jege ba bu-kaana ba laga, ye babam de yeini ba peini de ba nakwa ba na ye kwoa daane to. 12Nmo wone de, nɔɔna jwoŋi dim mo se ba wane ba go ba dwonna. Badwonna de maa jene wonnu ba pae ye ba dɔne nyɔɔre dedɛ jene dem baŋa ne. Ba laam maa tɔge kampina baŋa ne ba duni. Nmo nɔn-bia bam maa swei amo swia. Yuu-tu Baŋa Wɛ na tage kolo to mo konto.
13Amo wó dole abam jaguli-zane mo, abam na pini á ma‑á duni, ye á daare á go á dwonna á teo kom wone to ŋwaane. 14Amo nam ná tu a toŋe de abam ne ko na maŋe tei to, á ta wó ta‑á jege baare na? Á ta wó ta‑á dana maŋa kam konto ne na? Amo Baŋa Wɛ mo tage konto. A nam wó seene a ke kolo a na tage to. 15A lage a jage abam mo pa á vo yiga yiga se á ta‑á zoore logo baŋa teene dem jei maama wone. Konto to, a laam wó le á digiru tem maama a yage. 16Abam ná pɛ se dwi-gɛ tiina bam jege abam ba yaala, á laam wó ba á lɔre we amo mo ye Baŋa Wɛ wom.’ ”
17 Baŋa Wɛ kwora daa ta ma yi amo we:
18“Nabiinu, amo nii a nae Isarele dwi tiina bam we ba ye weeru mo. Ko nye de luru na kwɛ lu-nyenno mini wone se o le channa, de luuru tedwonna o daare lu-nyenno chekke to mo. Banto nam nye de weeru tem konto mo amo yiga ne. 19Konto ŋwaane Yuu-tu Baŋa Wɛ nam na tage tei to mo tento: ‘Amo de wó la abam mo a ke daane Jerusalem teo kom wone, á laam na jigi weeru dwoŋi to ŋwaane. 20Ne luru na yeini o la lu-nyenno, de channa, de luuru tedwonna o de min-vogo wone se o fuli mini dem pa te nyeene tei to, konto mo amo de lage a ke abam. A maa wó tɔge a ban-lom dem ŋwaane a la abam a ke daane teo kom wone, ye a daare a waare abam, se á de nyeene, a wo na fuli dedɛ to ŋwaane. 21Chega ŋwaane to, a lage a la abam a ke daane teo kom wone mo, se a laam fuli a ban-lom dem a yage á yera ne. 22Ne lu-nyenno na nyeene tei min-vogo wone to, konto mo abam de lage á yaare teo kom wone. Abam laam maa wó lɔre we amo Baŋa Wɛ mo lwogi a ban-lom dem a yage á baŋa ne.’ ”
23 Baŋa Wɛ kwora daa ma yi amo we:
24“Nabiinu, ta de Isarele tiina tega kam we, ‘Nmo ye tega kalo doa na ba nena n baŋa ne se ka kwɛ to mo, a bane na zaŋe n baŋa ne to ŋwaane.’ 25Teo kom yiga tiina bam ke ni daane mo ne nywonnu na laare tei se te ja nɔna te kaare to. Ba maa kare ba goe nɔɔna, ye ba daare ba vere ba jejegero de ba lonne wonnu tem, pa se ba daare kadeina dedɛ ba yage teo kom wone. 26Teo kom kaanem tiina bam yiga tere amo nia yam wone. Ba maa yaale wonnu telo na ye wose te pae amo to. Ba nam ba pɔɔre wonnu telo na ye wose amo ŋwaane to, de telo na wora dɛ dɛ totoŋa yam ŋwaane to daane. Ba maa bere we wonnu telo na maŋe de Wɛ chullu tem to, de telo na jege digiru chullu tem seeni to maama ye bedwe mo. Ko ta ná ye amo siu da yam, ba yiga tere ya wone. Ba na ke tei konto to maa pae se nɔɔna jege amo yere dem ba yaala. 27Teo kom nakwa bam nye de wiira mo na nɛ vara se ba zi ba kaare to. Ba maa ke nɔɔna zonne ye ba jege-ba ba goe se ba tete ma ba duni. 28Teo kom sampwori sem de ye ja chɔge. Ba yɔɔre ba peeri nɔɔna bam kikia mo, de ba veera yam na gane nɔɔna, ye ba yi-nɛɛre taana ye vwa tei to. Ba maa tɛ ba we, ‘Yuu-tu Baŋa Wɛ tage o we tento mo,’ ye Baŋa Wɛ nam bere o wo puri o ni de-ba de. 29Teo kom nɔɔna bam yɔɔre ba me de kampina mo, ye ba ta swoi se ba taa vere nɔɔna. Ba maa yɔɔre ba jege yiniga tiina de nabwona ba bɛɛsa. Ba ta maa jege veira de ba yaara, ye ba vane banto bora taane dim baŋa ne.
30A nam beeri se a na nɔɔno mo ba wone, se kotu fɔge o lɔ teo kom kabira kam o zege. Kotu ya wó zege o che se lulua kalo na tigi amo de teo kom laŋa ne to kwoni, se a daa yé chɔge teo kom. A ma beeri a ga. 31Konto ŋwaane mo a nam lage a yɔɔre a lwo a ban-lom dem ba baŋa ne, se a zwɛ-ba kula, a wo na tiini ko fuli de-ba to ŋwaane. A maa wó jwoori a ŋwe ba keim-lwanno tem maama jene. Yuu-tu Baŋa Wɛ na tage kolo to mo konto.”",https://www.bible.com/bible/3661/EZK.22.KBG
EZEKELI 23,"Kaana balei memaŋe
1 Baŋa Wɛ kwora ma yi amo we:
2“Nabiinu, kaana balei déem mo wora, ba na ye nu dedoa. 3Ba ta na ye bukwa-donno ye ba zoore Ejipti teo wone to mo ba jigi ka-bworru. Dáane mo baara déem jege ba yela ba teiŋa, ye ba ta jege ba pwoa yam seeni ba peera. 4Zembaaro wom yere mo ye Ohola. O nyaane wom yere maa ye Oholiba. Ba ma ji amo kaana, ye ba lo bakeiri de bukwa ba pa-ne. Ohola mo ye Samaria teo. Oholiba maa ye Jerusalem teo kom.
5Ohola ya ta na wo amo tei ne to mo o zo kabwoŋa kikia wone. O ma kare o lage bɔɔla, ne o fera na zo-ba tei to. Asiria tiina bam mo konto. Ba badwonna maa ye jar-keira 6ye ba zo gwaaro telo nyenyego na ye nazwon-pupwiu to. Ba badaara nam ye dedɛɛra, de yiga tiina, de balo na diini sisein-nɔɔna to mo. Ba maama maa ye nɔn-donno telo na jege lam to. 7O ma yɔɔre o kwei o tete o pa Asiria teo nɔn-yum tem maama kabworim ŋwaane. O ta ma chɔge o tete de o na zuli balo maama fera na wo o wone to jwona yam. 8O nam wo sɛ se o yage o kabworim kikia yam, ne o na maŋe o ke tei Ejipti ne ye o ta ye bukɔ-pwola to. Maŋa kam konto ne baara déem taane o pwoa ye ba daare ba toŋe ba fera na lage tei to mo ded-o. 9Amo nam yɔɔre a yage‑o mo a pa o bɔɔla Asiria tiina bam. Kokuri to, o fera maŋe ya wo ba wone. 10Ba de ma lɔɔre o yera zela ba daare‑o ba zege bwori. Ba ta kale o bakeiri de o bukwa bam mo ba ja ba viiri, ye ba daare ba kwei se-zɔɔ ba ma ba go o tete. Kaana laam maa jege o yera taane ba ŋɔɔna, o na nɛ waarem delo to ŋwaane.
11O nyaane Oholiba déem nɛ tento maama, ye wonto nam ta ke o chɔge se ko dwoni o zembaaro wom kabworim totoŋa, o na ware o fera yam o ja to ŋwaane. 12O ma yɔɔre o lage Asiria tiina bam, ba na ye dedɛɛra, de yiga tiina, de jar-keira na zo gare-laaro to, de balo na dɔge sisein-nɔɔna baŋa ne to. Ba maama maa ye nɔn-donno telo na jege lam to. 13A ma maane we wonto de ke ne o zembaaro wom ya na ke tei to mo, pa se o biini o tete.
14Ko nam ná ye Oholiba, wonto ke kabworim se ko dwoni o zembaaro wom kikia yam. O déem nɛ ba na gɔgere Babilon tiina nyenyero telo ba yage kabira yera ne pa te lana nason-sonno tei to. 15Ba maa jege vovwe selo na bage ba teiŋa ne to, dedaane yuu gare-yia yalo na vɔge ba yuni ne to. Nyenyero tem maama maa yɔɔre te nye de Babilon teo dedɛɛra balo na nwoŋi Chaladea to. 16O na bobo o na ba nyenyero tem konto to, mo o fera zo ba wone, pa o toŋe nɔɔna ba teo kom ne se ba bwoŋi-ba ba pa‑o. 17Babilon tiina bam de ma ba o tei ba peini ded‑o. Ba ma tiini ba chɔge‑o de ba sare-peiga kikia, pa se o yera ba ya chɛ ye o ma o kwaga o ya-ba. 18O yɔɔre o ja o kabworim kikia yam o nwoŋi pwooni mo pa nɔɔna maama na o kuri. A laam ma ma a kwaga a ya‑o, ne a déem na yage o zembaaro tei to. 19De ko de, o ta wo sɛ se o yage o tolo kom. O nam guli o ya na ye nɔn-doŋo Ejipti teo ne ye o tɔge kabworim kikia yalo to gula mo, pa se o tiini o ke konto dwoŋi se ko gaale. 20O ta yɔɔre o swoi se o taa tigi de o bɔɔla bam mo, ba na dana de sare-peiga ne bonɛ de sisein-nɔɔna na ye tei to ŋwaane. 21Oholiba, nmo na guli n na ke wo-zɔɔna yalo n nɔn-donne maŋa ne ye Ejipti baara bam peeri n pwoa ye ba teiŋi n yela to, n ta lage se n ta‑n ye konto mo.
22Konto ŋwaane Oholiba, Yuu-tu Baŋa Wɛ na tage tei to mo tento: Ko ná ye n bɔɔla balo n na mɛ n kwaga n ya-ba to, a lage a pa ba zaŋe jei maama ne ba ke chichuŋu de nmo mo. 23A nam wó la nɔn-donno telo na jege lam ye ba nwoŋi Babilon, de Chaladea, de Pekoda, de Soa, de Koa to, ko ta woli de Asiria tiina bam maama a ke daane. Ba ye ba teo dedɛɛra, de ba yiga tiina, de jar-keira, de babɛ, ye ba maama dɔge sisein-nɔɔna baŋa ne mo. 24Ba maa wó ba de jar-keira kɔgɔ kamunu de ba torokooro ba jeeri‑m de jara, ye ba zei jara zela dwi dwi. Ba wó taa jege jara nantane ba ma ba kwoli ba tete, ye ba pu jara yu-gwonnu mo. Ba maa wó ba ba gilimi nmo ba ke tetare ne ye ba daare ba waare‑m. Amo mo wó pa-ba chwoŋa se ba di n taane, ye ba daare ba waare‑m se ko tɔge de banto wadɛ sem. 25A lage a da a ban-lom dem baŋa ne mo a pa se ba seene ba yia ba waare‑m. Ba maa wó dɔɔre n momwɛ de n zwa ba yage. Balo ta na wó daare n wone to wó te jara wone. Ko ta ná ye n bia bam de, ba lage ba ja-ba mo, ye ba daare ba zwɛ n nɔn-bia balo na daare to mini wone. 26Ba ta wó lɔɔre n gwaaro tem maama, de n wo-nyenno zela yam. 27Amo nam wó pa se wo-zɔɔna de kabworim kikia yalo nmo déem na bobo n ke Ejipti ne to ti. Nmo daa bá‑n ta‑n jege kikia yanto dwoŋi fera, naa n guli Ejipti teo gula kɔtaa!
28Yuu-tu Baŋa Wɛ nam na tage tei to mo tento: Oholiba, a lage a kwei‑m a ke balo n na chuli to jeŋa ne mo. Ko ye banto mo n déem mɛ n kwaga n ya-ba. 29Ba de wó kwei sebaŋa mo ba toŋe se ko yi abam lanyerane. Ba ta wó vere wonnu telo n na yaare n na to ba ja viiri. Ba maa wó kɛ ba daare‑m, se n ta‑n zege de kuri-nɔrɔ. N kabworim kikia yam wó taa nae jaja pa se chaveera yɔɔre ya ja‑m. Ko ye n wo-zɔɔna de n tolo kikia yam mo 30pɛ se daanem dento ba n baŋa, n na kare n lage dwi-gɛ tiina bam ye n biini n tete ba jwona yam kaanem baŋa ne to ŋwaane. 31Nmo yɔɔre n kwei n zembaaro totoŋ-naga kam mo. Konto ŋwaane, amo de wó kwei na-zoŋa kalo a na pɛ‑o pa o nyɔ ka wo cham to mo a pa‑m se n de nyɔ.
32Yuu-tu Baŋa Wɛ nam na tage tei to mo tento:
Nmo de lage n nyɔ n zembaaro wom na-zoŋa kam wone mo.
Ka wo nam tiini ko luuna.
Nɔɔna wó taa jege‑m ba mɔna ye ba ta yaale‑m,
na-zoŋa kam konto na jege n yera wonnu dedɛ ka wone to ŋwaane.
33Nmo wó nyɔ ka wo wonnu tem n bugi
ye n ta‑n jei de wo-chechɔgɔ.
Ka nam ye na-zoŋa kalo na wó ja chɔgem de lɛɛro ka ba
ye n zembaaro Samaria de nyɔ ka wone to mo.
34Nmo nam wó nyɔ ka wo wonnu tem mo n ti maama nyɔ!
Nmo laam ma‑n wó feiri-ka tega ne n lɔ muga-muga,
ye n daare n bɛ bɛ n yela wo-chechɔgɔ ŋwaane.
Amo Yuu-tu Baŋa Wɛ mo tage konto.
35Yuu-tu Baŋa Wɛ nam na tage tei to mo tento: Nmo na swei amo swia ye n ta-ne n yage kwaga kwaga to, nmo nam jege se n na waarem mo se ko maŋe de n wo-zɔɔna de n tolo kikia yam.”
36 Baŋa Wɛ daa ta ma ta de amo o we:
“Nabiinu, nmo nam bá bore taane n vane Ohola de Oholiba na? Tole ba totoŋ-vɛɛsa yam taane se ba taa yei ya ni ne. 37Kokuri to, ba tiini ba ke tolo dedɛ, ye ba nɔn-gora kikia de kɛ jeŋa. Ba nwoŋi amo kwaga ne ye ba daare ba zuli ba jwona yam. Ba maŋe ba kwei bia balo amo de-ba na loge daane to mo ba ke kaanem ba pa ba jwona yam konto. 38De ko de, ba ta ke tento mo ba ma chɔge amo yiga: Ba yɔɔre ba jege a wara-jei sem ba biini mo, ye ba yaale a siu da yam. 39Dɛ delo wone ba na kwei ba bia bam ba ke kaanem ba pa ba jwona yam to, mo ba zo amo wara-jei sem wone pa se ba chɔge se chullu tem. Ba seene ba ke konto dwoŋi mo amo tete diga kam wone.
40Ba maa yeini ba toŋe se ba vo yiga yiga ba bwoŋi nɔɔna se ba ba. Nɔɔna bam konto maa ná nwoŋi sa-teene wone ba yi, nmo Oholiba wó swɛ n yera mo, n daare n kwɛ n yibia ye n fɔge n yera de wo-nyenno dwi dwi. 41Nmo laam ma‑n wó vo n jeini jaŋgɔŋɔ kolo na jege nenɔŋa to baŋa ne, ye n pa ba kwei yituŋu ba zege n yiga ne. N ma‑n wó kwei talwoŋ-ywoŋa, de nuga kalo ya na ye amo zula ŋwaane to n tiŋi ko baŋa ne.
42Nɔn-kɔgɔ kolo na tiini ba di ywoni to mo gilimi‑o ba bage sɔɔ ba yaga. Ba nam nwoŋi kagoa kam seeni mo ba ba. Nɔɔna bam maa ye dwia yadwonna, ko woli de sa-nyɔra balo ba na jaane ba nwoŋi kagoa wone to. Nɔɔna bam konto ma kwei jeŋa bɛ ba ke kaana balei bam je ne, ye ba daare ba kwei nenɔŋa yipwi ba pu ba yuni ne. 43A laam ma ta kaane wolo yera na chɛ de kabwoŋa kikia to yera taane a we, ‘Ba ta wó taa tigi ded‑o mo ne ba na ke tei de ka-tole to.’ 44Ba ma seene ba ke sare-peiga ded‑o, ne nɔɔna na tigi de ka-bworru tei to. Ba ke totoŋ-vɛɛsa konto dwoŋi mo de Ohola dedaane Oholiba, ba na ye ka-tole to ŋwaane. 45Nɔn-ŋona nam wó di banto taane ba vane-ba, pa se ba na waarem delo na maŋe de ba kabworim de ba nɔn-gora kikia to mo, ba na seene ba ye ka-tole ye nɔn-gora jana wo ba yuni ne to ŋwaane.
46Yuu-tu Baŋa Wɛ nam na tage tei to mo tento: Pa se jar-keira kɔgɔ ba ba ke chichuŋu de-ba, pa se lɛɛro de foone yi-ba. 47Kɔ-fɔrɔ kom konto wó dole-ba de kandwa mo, ye ba daare ba kwei ba se-zɔɔro ba gwoni-ba ba de tega ne. Ba ta wó go ba bu-baara de ba bukwa, ye ba daare ba zwɛ ba sam dem.
48Amo wó tɔge konto baŋa ne mo a pa se wo-zɔɔna kikia yanto dwoŋi ti tega kam jei maama ne. Kaana bam maama wó na ko na ke banto tei to pa se ba daa bá lwoni ba kikia yam. 49Ko nam ná ye abam, Ohola de Oholiba, á wó yaare mo á kabworim kikia yam á na ke to ŋwaane. Á wɛleera yam á na ke de á na kaane jwona tei to jene mo wó taa wo abam yuu ne. Abam laam maa wó lɔre we amo mo ye Yuu-tu Baŋa Wɛ.”",https://www.bible.com/bible/3661/EZK.23.KBG
EZEKELI 24,"Kambi-zaŋa memaŋe
1Bena nogo bene dem chane fuga chana kam da fuga dɛ dem ne, mo Baŋa Wɛ kwora tu ka yi amo we:
2“Nabiinu, popone dɛ dento n tiŋi tɔnɔ wone, kokuri, ko ye dɛ dem konto ne nɔɔ mo Babilon teo pɛ tu o kaare Jerusalem teo kom o pu. 3Véi zwabani-nyena banto tei n maŋe memaŋe de-ba we: ‘Yuu-tu Baŋa Wɛ na tage tei to mo tento:
Kwei kambia n teini mini ne,
se n daare n lwo na ka wone.
4-5Nam nii n vara bam wone n kuri vare-ŋom.
Kwei ko nɔn-dɛ sem maama n ke kambia kam wone,
ko chwei dem de ko vɔŋɔ kom mo konto.
Ta kuri ko kwi-laaro tem n ke da,
n su kambia kam ni maama.
Laam tigisi da-dwa dedɛ ka kuri ne,
n pa se na bam chore lanyerane
ye kwi sem de saŋe se be.
6Kokuri to, Yuu-tu Baŋa Wɛ na tage tei to mo tento: Lɛɛro wo teo konto na su de nɔn-gora to yuu ne! Ko yɔɔre ko nye de kambi-dwoŋa mo na tiini ka digiri ye ka ba zare ka gɔe to. Nam ta le ka wo nɔna yam dedoa dedoa ye á wo kuri ya wone á daare. 7Teo kom nɔn-bia bam kare ba go nɔɔna pa se ba jana bam taare tega kam maama mo. Ba ma lwo jana bam pelwaaro baŋa ne jaja, ye ko dae tega ne mɛ fwogo na wó kwoli-ba to. 8Amo de nam yage jana bam pa ba tigi pelwaaro tem baŋa ne konto mo, se nɔn-gora bam daa yé seigi-ba. Konto wó pa se a bane zaŋe ye a jwoori a ŋwe jana bam jene ba yuu ne.
9Yuu-tu Baŋa Wɛ nam na tage tei to mo tento: Lɛɛro wo teo konto na su de nɔn-gora to yuu ne! Amo tete mo wó tigisi da-dwa a dogele da-baŋa ne. 10Konto ŋwaane, dogele dɛ sem se se di baŋa, se n daare n dwei mini se kuri ne. Saŋe nɔna yam se ya be lanyerane, se n woli diira ya wone. Nam ta pa se kwi sem fuli. 11Laam kwei kambi-kora kam n saŋe min-chala yam baŋa ne se n pa ka tiini ka lone ye ka channa kam nyeene. Konto mo wó pa se digiru telo na wo ka yera ne to maama nyeene te ti, se mini dem zwɛ wonnu telo ya na pɛ ka chɔge to pa te jei. 12Amo yera nam chɛ de a na kwaane se a kwɛ-ka tei to mo. Digiru telo na daga ka wone to ta wo jei. Dole-ka n yage mini dem wone, de ka digiru tem maama!
13Abam nam biini á tete de á wo-zɔɔna kikia yam mo. Amo yɔɔre a kwɛ abam a ga mo. Á wo sɛ se a le á digiru tem. Abam nam daa bá wane á kwɛ á digiru tem, ko ná dae we amo lwogi a ban-lom dem á baŋa ne mo a ti pa se a wo laam zuri.
14Amo Baŋa Wɛ wom mo tage konto maama. Maŋa kam yi se a ke tei a na tage to. A bá yiri a ni dem konto. A bá leiri a boboŋa, ye a ta bá duri á yibwona. Amo nam lage a waare abam mo se ko maŋe de á totoŋa yam na ye tei to. Yuu-tu Baŋa Wɛ na tage kolo to mo konto.’ ”
Ezekeli kaane wom na tege tei to
15 Baŋa Wɛ kwora daa ma yi amo we:
16“Nabiinu, amo lage a pɔpɔ a ke keim mo na wó zwɛ‑m lanyerane. A wó jwoŋi wolo na tiini o tigi n bochare ne to a daare‑m. De ko de, yé keeri o ŋwaane. Yé kane yi-na naa n pa n yiga nyɔne. 17N jege chwoŋa se n suuri fenfee n wone. Nam yé pa n kwora zaŋe. Yé keeri o lua kam. Kwei n yuu vovoa n ba n yuu ne, se n daare n zo n natera yam. Yé kwoli n yibia ne balo na keeri ba twa na ke tei to, naa se n di wodiu kolo lua tiina na jege ba di to.”
18Dɛ dem konto tetete mo a ŋɔɔne de nɔɔna bam. Ko na yi dedaan-ni maŋa to, mo a kaane wom tega. Tega na poore to, amo de ma ke ne Wɛ na pɛ-ne ni se a ke tei to. 19Nɔɔna bam ma bwei-ne ba we, “N kaane na tega ye n ke konto dwoŋi to, n bá pa dé lɔre ko kuri na ye tei ko pa debam to mo na?”
20Amo de ma ta de-ba a we, “Baŋa Wɛ kwora mo tu ka yi amo we: 21Ta de Isarele dwi tiina bam we, ‘Yuu-tu Baŋa Wɛ na tage tei to mo tento: Amo lage a pa a tete wara-jei sem ji wo-zɔɔne mo. Ko ye kolo á na teere ko baŋa ne to mo. Abam ba nii-ko á sui, ye ko ye jeiga kalo á bochara na tigi da to mo. Abam bia balo á nam na daare kwaga ne to de lage ba te jara wone mo. 22Konto maama nam ná kea, abam de wó ke ne amo na ke tei to mo. Abam bá kwoli á yibia ne balo na keeri ba twa na ke tei to, naa á di wodiu kolo lua tiina na jege ba di to. 23Abam wó yage á yuu vovwe mo se se ba á yuni ne, ye á daare á yage á natera se ya taa wo á nɛ ne. Á bá keeri keim dem ŋwaane. Á nam bá pa á yiga nyɔne de. Abam wó yɔɔre á ta‑á bugi á jei mo á wɛleera yam ŋwaane, ye á daare á suuri á bere daane. 24Ezekeli nam ye memaŋe mo o pa abam se á lɔre ko na wó taa ye tei to á yera ne. Abam de wó ke tei wonto na ke to mo. Konto maama ná yi abam, á wó lɔre we amo mo ye Yuu-tu Baŋa Wɛ wom.’
25Ko ta ná ye nmo, nabiinu, dɛ dem wó yi a na wó chɔge dam jei selo ba na teere ko baŋa ne to. Ko maa ye woŋo kolo ba na di ywoni ko ŋwaane ye ba swoi se ba taa nii-ko ba ba sui to mo. Ba bochara maa tigi ko baŋa ne. A ta wó ja ba bia bam mo a woli da a ja a kɛ. 26Dɛ dem konto ne mo nɔɔno wó duri o lu jara wone o ja kwora o ba o pa‑m se n lɔre kolo na ke to. 27Maŋa kam konto ne mo chwoŋa wó pore ka pa‑m se n ni puri se n ŋɔɔne ded‑o. Nmo daa bá ta‑n ye chemm. Konto baŋa ne mo nmo lage n ji memaŋe n pa-ba, se ba de wane ba lɔre we amo mo ye Baŋa Wɛ.”",https://www.bible.com/bible/3661/EZK.24.KBG
EZEKELI 25,"Amon teo taane
1 Baŋa Wɛ kwora ma yi amo we:
2“Nabiinu, pipiri n yibia se ka jeeri Amon tiina bam se n pworisi taane n chɔge-ba. 3Ta de-ba we, ‘Cheigi-na Yuu-tu Baŋa Wɛ taane dem. Yuu-tu Baŋa Wɛ na tage tei to mo tento: Abam ya yɔɔre á chake mo de ba na jaane amo wara-jei sem ba chɔge to. Ba na wane Isarele tega kam ba chɔge, ye ba daare ba kale Judah dwi tiina bam ba ja vo sa-teo yiga yiga to, mo á déem jege a nɔɔna bam á mɔna. 4Konto ŋwaane, ta‑á yei-na we a lage a ja abam a ke dwia yalo na zoore wɛ-puli seeni to jeŋa ne mo. Ba wó ba ba chwi ba vwoa se ba taa zoore abam tetare ne. Ba maa wó jwoŋi á tio-bia bam ba di, ye ba ta vere á nayela de ba nyɔ ba daare abam. 5Amo ta wó pa se Raba pipiri ko ji mɛ kona na vei ya di gaao to, se Amon de taa ye jei selo ba na kɔne pei da to. Abam laam maa wó lɔre we amo mo ye Baŋa Wɛ wom. 6Kokuri, Yuu-tu Baŋa Wɛ tage tento mo o we: Abam mage á jea de wopwolo, ye á tɔ sankena, á ma‑á daare á chake de wo-gworo kolo na yi Isarele teo kom to. 7Mo kokuri nam lɔre-na we amo de lage a twi a jeŋa mo á baŋa ne, se a kwei abam a ke dwia yadwonna jeŋa ne se ba vere á wonnu tem. Amo lage a le abam mo dwi-gɛ tiina bam wone, se a daare a saare abam se á daa yé gwaane logo baŋa teene dem wone. A ná yɔɔre a gwoni abam a de tega ne konto dwoŋi, mo á wó lɔre we amo mo ye Baŋa Wɛ wom.’ ”
Moaba teo taane
8“Yuu-tu Baŋa Wɛ na tage tei to mo tento: Moaba teo de Seyira teo déem tage ba we, ‘Judah dwi tiina bam de laam yɔɔre ba nye de dwia yadwonna yam mo.’ 9Konto ŋwaane amo de wó pa se nɔɔna ke chichuŋu de Moaba teene delo na chege ba siseini dem to. Ko nam ye ba teene delo na jege nenɔŋa to, Bɛte-Jesimofa, de Baal-Meon, de Kiriafayim mo konto. 10A nam lage a kwei Moaba teo kom de Amon tiina bam mo a ke dwia yalo na zoore wɛ-puli seeni to jeŋa ne se ba taa tei. Konto to, Amon tiina yere dem wó saare logo baŋa teene dem wone. 11A laam maa wó waare Moaba tiina bam se ba lɔre we amo mo ye Baŋa Wɛ wom.”
Edom teo taane
12“Yuu-tu Baŋa Wɛ na tage tei to mo tento: Edom tiina bam sage chwoŋa de ba na yiri jene Judah dwi tiina bam baŋa ne to. Tusim dem konto jene yɔɔre de wo ba yuu ne mo. 13Konto ŋwaane, Yuu-tu Baŋa Wɛ na tage tei to mo tento: Amo nam wó twi a jeŋa mo Edom teo baŋa ne, se a go ko nɔn-bia de ko vara maama. A maa wó pa ko ji di-dwonnu yerane. Ko na wó zege Teman ne se ko yi Dedan to, se-zɔɔro mo wó ti ba maama. 14A maa wó tɔge a tete nɔɔna Isarele tiina bam baŋa a yiri jene Edom teo kom baŋa ne. A wó pa-ba chwoŋa se ba waare Edom tiina bam ne a ban-lom dem na lage se ba ke tei to. Konto baŋa ne mo ba wó lɔre a ban-zɔŋɔ kom na ye tei to. Yuu-tu Baŋa Wɛ mo tage konto.”
Filisi teo taane
15“Yuu-tu Baŋa Wɛ na tage tei to mo tento: Filisi tiina bam jege nabaara sebaŋa mo ba di de Judah tiina bam. Ba ma kwaane se ba yiri jene ba baŋa ne kuni dedɛ, ba daare ba chɔge-ba. Ba maa wo duri ba ŋwaŋa de fenfee de. 16Konto ŋwaane, Yuu-tu Baŋa Wɛ na tage tei to mo tento: Amo lage a twi a jeŋa mo Filisi tiina bam baŋa ne. A maa wó pa se Cherete tiina bam dwi jei tega baŋa ne, ye a daare a chɔge Filisi tiina balo ta na daare ye ba zoore naneo kom ni ne to. 17Amo wó tɔge a ban-lom dem ŋwaane a yiri jene ba baŋa ne. A maa ná yiri jene ba baŋa ne ye a waare-ba a ti, ba de wó lɔre we amo mo ye Baŋa Wɛ wom.”",https://www.bible.com/bible/3661/EZK.25.KBG
EZEKELI 26,"Tura teo taane
1Bena fuga-dedoa bene dem chana kam boboa dɛ dem wone, mo Baŋa Wɛ kwora yi amo we:
2“Nabiinu, Tura tiina bam ya yɔɔre ba chake mo de Jerusalem totoore dem ye ba we, ‘Jerusalem teo laam to ywoo! Ko laam nam jigi di-dwonnu mo ko tiga. Chwoŋa laam pore se dé tɔge da dé ke pipiu de teene dedwonna. Debam mo wó leiri ba yuu ne dé duni.’ 3Konto ŋwaane Yuu-tu Baŋa Wɛ na tage tei to mo tento: Abam Tura teo tiina bam, amo dwoni de abam mo. A lage a pa dwi-gɛ tiina dedɛ mo ba ba ke chichuŋu de abam, ne naneo na-ŋone sem na zaŋe wɛɛne tei to. 4Banto nam lage ba vaare teo kom kabiri de ko dalem jei sem mo ba de tega ne. A ta wó pa ba chwooli ko teero tem maama ba ja jei, se kolo yerane na wó daare da to taa ye peo ko tiga. 5Tura teo wó taa zege naneo kom tetare ne mo, se ywon-jara yeini ba jare ba ŋwe da. Amo Yuu-tu Baŋa Wɛ mo tage konto. Dwia yadwonna tiina mo wó ba ba vere ba wonnu. 6Ba maa wó yɔɔre ba go Tura tiina balo na zoore naneo ni te-kampare sem ne to. Ba laam maa wó lɔre we amo mo ye Baŋa Wɛ.
7Kokuri, Yuu-tu Baŋa Wɛ na tage tei to mo tento: Amo lage a pa Babilon teo pɛ Nebukadeneza mo zege baŋa seeni o ba o jeeri Tura teo kom de jara. Wonto ye pa-faro mo pwa maama wone. O maa jege sisein-nɔɔna de jara torokooro dedɛ. O ta jege balo na dɔge sisein-nɔɔna baŋa ne to, de jar-keira kɔ-fɔrɔ na daga to. 8O lage o yɔɔre o chɔge á teene delo maama na wo naneo ni te-kampare sem ne to mo jara-keim baŋa ne. O jar-keira bam maa wó kaare á teo kamunu kom ba pu. Ba wó lɔ taara ye ba dogele teero ba sale á kabira kam teiŋa ne ba ja di ka yuu, ye ba daare ba geene jara-keim nantane ba ma jeeri abam de jara. 9O ta wó pa ba kwei da-kwollu ba ma mage á kabiri sem ba bwori, ye ba daare ba ma ba luuru ba bwori á dalem jei sem ba de tega ne. 10O sisein-nɔɔna bam fwogo wó pe á teo kom, se na daga to ŋwaane. O sisei sem ná guri tega, ye o jara torokooro tem de duri te kɛa, á teo kom kabiri wó taa ziziŋi mo. Ba maa wó tɔge á teo kom manchwo-peena yam ba zo ko wo, ne nɔɔna na mage teo kabira ba yare se ba zo tei to. 11Ba sisein-nɔɔna napɔɔna wó taa dɔna á teo kom chwei sem maama ne mo. Ba maa wó taa jege ba se-zɔɔro ba yɔɔre ba goe nɔɔna. Ywoa yalo á na chwi ye ya dana to maa wó to tega ne buru-tu-tu. 12Jar-keira bam wó vere á jejegero tem, de á pipiu zela maama mo. Ba maa wó yigi á kabiri sem ba de tega ne, ye ba daare ba chɔge á sɔ-ŋonno tem. Ko ná ye á sam dem kandwa yam, de dɛ sem, dedaane teero telo na daare to, ba wó dole tento maama ba yage naneo kom wone mo. 13Amo wó che se á lei sem sɔɔ daa yé taa zaŋa. Abam nam daa bá ta‑á tae á kwanno tem se te kwori zo nɔɔna zwa. 14Amo nam lage a pa se á teo kom ji peo kolo ywon-jara na wó yeini ba jare ba ŋwe da to mo. Ba daa bá jwoori ba lɔ teo kom ba zege. Kokuri, amo Yuu-tu Baŋa Wɛ mo tage konto.
15Yuu-tu Baŋa Wɛ nam na tage taane delo o bere Tura teo to mo tento: Teene delo maama na wo naneo kom ni ne to ná nigi nmo na to tega ne buri-buri ye n nɔn-bia bam nɛ zonne pa ba vuvuna tei to, ba yera bá taa sae mo na? 16Naneo ni teene dem pwa laam wó zaŋe ba daare ba paare yitunnu ye ba le ba paare nenɔŋa gwaaro, ba daare ba lɔɔre ba gare-nyenno tem. Foone wó yɔɔre de ja-ba pa ba jeini tega ne, ye ba yera sɔɔre de kolo na yi á teo kom to. 17Ba laam maa wó mɔ luseim leiŋa nmo ŋwaane ba ta we:
‘Nmo ye teo kolo yere ya na zaŋe
ye n nɔn-bia bam nwoŋi naneero tem baŋa ne to.
Nmo laam nam yɔɔre n chɔge mo n tiga!
Nmo de n nɔn-bia bam déem jege dam mo
naneero tem maama wone,
pa se balo maama na zoore naneo kom ni ne to
tiini ba kɔre foone abam ŋwaane.
18Dɛ dem nmo nam na lage n to konto to,
naneo ni teene dem maama yera wó sɔɔre mo,
de nmo dam dem na ti tei to.’
19Yuu-tu Baŋa Wɛ nam na tage tei to mo tento: Amo ná pɛ se n ji di-dwonnu yerane, ne teo kolo nɔɔna daa na ba zoore ko wone to, ye a ta ná pɛ se naneo kom wo na-fwaaro tem pɛɛle te ba te kwoli‑m, 20a laam wó pa se nmo de n nɔn-bia bam tu á zo churu, pa se á woli de faŋa faŋa nɔɔna balo na vei da to. Nmo laam wó ta‑n zoore tega kuri ne mɛ faŋa faŋa di-dwonnu na maŋe te tigi to. Ko laam maa wó pa se n maŋe dáane taa wuu, ye n daa bá‑n ta‑n ye teo kolo nɔn-ŋwena na zoore ko wone to. 21Amo wó pa se lɛɛro ba n baŋa ye n laam guri. Nɔɔna wó beeri n jei ye ba daa bá na‑m. Yuu-tu Baŋa Wɛ na tage kolo to mo konto.”",https://www.bible.com/bible/3661/EZK.26.KBG
EZEKELI 27,"Tura teo luseim leiŋa
1 Baŋa Wɛ kwora ma yi amo we:
2“Nabiinu, mɔ luseim leiŋa n pa Tura teo kom. 3Tura teo kom lɔge ko zege naneo kom ni ne, ye ko nɔn-bia bam ke pipiu de naneo ni teene dedɛ. Nam ta de teo kom konto we, ‘Yuu-tu Baŋa Wɛ na tage tei to mo tento:
Tura teo, nmo bere n tete we,
“Amo jege lam mo chekke.”
4N siseina yam yɔɔre ya wo naneo kom tetare ne mo.
N lɔra bam ma pa se n lam dem nwoŋi chekke.
5Nmo nye de nabworo kolo da-kwollu
na ye Senira tei-dedwaaro mo ba gwoni ba ma ke to.
Ba ta ma kwei Sedare tio na nwoŋi Lebanon ne to
ba ma ba ke n tetare beiŋa kam.
6Basan tei-zwanno mo ba kwei
ba ma ba sare n yuŋina bam naywi sem.
Ko ta ná ye n wo kom tega kam seeni,
ba mɛ Koperese dɛ selo na nwoŋi Kitim ne to mo ba ke-ko,
ye ba ma tuu yeila ba gɔgere dɛ sem konto.
7Ba ta ma kwei gare-fefale selo na gɔgere ye se nwoŋi Ejipti ne to
ba pale wɛɛne se vio taa dole ko mage-se.
Gwaaro tem konto nam ta mo ye nmo tuta de.
Ba ta ma kwei gwaaro telo nyenyero na ye nazwon-pupwiu de nasoŋ-pupwiu ye te nwoŋi Elisa jei sem ne to
ba ma ba pu vwoa ba ke da.
8Sidon tiina, de Aravadi tiina mo ye n yuŋina bam.
Nmo tete Tura nɔɔna balo na jege yi-poro to
nam mo nii nabworo yuŋim baŋa ne.
9Gebale teo nakwa balo na ye gwaro to
mo fɔge ba kwɛ nabworo kom ne ko ná chɔge.
Balo maama na tɔge naneo kom baŋa ba beeri to
mo yeini ba tui se ba ke pipiu n teo kom wone.
10Peresia tiina, de Ludi tiina, de Puti tiina
de tɔge ba ye nmo jar-keira mo.
Ba ma kwei ba jara nantane de ba jara yu-gwonnu
ba pale n kabiri sem yera ne,
pa se ko ja nenɔŋa ko ba ko pa‑m.
11Aravadi tiina, de Heleki tiina
mo zege n kabiri sem baŋa ne ba yere jei sem maama.
Gamade tiina de maa wo n di-dedwaaro tem ne.
Banto de kwei ba jara nantane sem
ba pale n kabiri sem maama yera ne.
Konto ma pa se n lam dem tiini de nwoŋi.
12Tura teo, Tarasisi tiina mo tu ba ke pipiu dede‑m, nmo na tiini n duni de jejegero dedɛ to ŋwaane. Ba maa yeini ba kwei lu-nyenno, de luuru tedwonna ba ma ba yeigi n zela yam.
13Girisi, de Tubal, de Meseka tiina de yeini ba ke ba pipiu de nmo mo. Ba maa yeini ba kwei kabɛ, de channa wonnu ba pa‑m se ba daare ba jwoŋi n zela yam.
14Bɛte-Togarama teo nɔɔna de maa yeini ba kwei sisein-nɔɔna, de jara-keim sisei, de bona-sisei ba pa‑m ye ba daare ba jwoŋi n zela yam.
15Rodan tiina de maa yeini ba ke pipiu dede‑m. Teene delo na wo naneo ni ne to nɔɔna dedɛ mo tu se á ke pipiu daane. Ba ma kwei tuu yeila de kakɔnɔ dɛ ba maa yeigi n zela yam.
16Aram tiina de maa yeini ba ke pipiu dede‑m, n zela yam na daga to ŋwaane. Ba kwei kandwa-nyenno dwi dwi, de gare-nyenno, de gwaaro telo ba na gɔgere to, de gare-fefale, de Korale kandwa-ŋona mo ba ma ba leiri n zela yam.
17Judah de Isarele dwi tiina de pipi de nmo mo. Ba kwei banina kalo na nwoŋi Minifa to, de mɔɔro, de tooro, de nuga, de terale nuga mo ba leiri n wo-yeillo tem.
18Damasika tiina ke pipiu dede‑m, n na jege zela dedɛ de jejegero dwi dwi to ŋwaane. Ba ma ja sana balo na nwoŋi Helebon to, de pei koro telo na nwoŋi Zahara to, 19de kɔɔra de ba wo sana balo na nwoŋi Yuzali ne to ba ba ba ma ba yeigi n wonnu. Luuru, de Kasia tio poro, de feil-kasoro maa wo n zela yam wone.
20Dedan tiina ma kwei gwaaro telo n na wó kwei n daŋe n bonaga baŋa ne to ba ma ba leiri nmo zela yam.
21Ko nam ná ye Arabia tiina, de Kedare teo dedɛɛra bam, ba kwei pipeili, de pi-bale, de bone mo ba ke pipiu de nmo, ye ba ma-te ba leiri n zela yam.
22Seba de Raama tiina bam de ke pipiu de nmo mo. Ba kwei dwoa-bia, de kandwa-nyenno, de sabu-seŋa mo ba ma leiri n zela yam.
23N ta ke pipiu de Haran tiina, de Kanɛ tiina, de Eden tiina, ko ta woli de Seba, de Asuri, de Chilamada pipim-piina bam. 24Banto yeini ba pipi n yɛ sem ne mo ye ba kwei gare-laaro dwi dwi ba ma leiri n zela yam. Gwaaro tem tedwonna nyenyero ye nazwon-pupwiu mo, ye ba ta gɔgere te tedwonna lanyerane. Gwaaro tedwonna na ye sare to ye ba mɛ gare-ŋone na ye nyenyero dwi dwi to mo ba sɔ-se pa se jujugi ye ba daare ba fɔge ba sɔ se nia yam. 25Tarasisi nabwooru tem mo yeini te zeŋe n zela yam te ja vo jei sedwonna pipiu ŋwaane.
Tura teo, nmo déem nye de nabworo kolo zela na duna
ye ko wo naneo kom tetare ne ko vei to mo.
26Balo na yuŋi nmo to mo jaane‑m
ba zoore na-luŋa jei sem ne.
Nmo na wo naneo kom tetare ne konto to,
vio mo zaŋe wɛ-puli seeni ko ba ko vuvugi‑m
pa se n chɔge zɔŋ-zɔŋ.
27Ko ná ye n jejegero tem, de n zela yam,
de n pipiu wonnu tem maama,
de n yuŋina bam, de balo na nii yuŋim dem baŋa ne to,
de balo na fɔge ba kwɛ nabworo kom to,
de n pipim-piina bam,
de n jar-keira bam,
de balo maama na wo n wone to,
banto maama wó maŋe naneo kom tetare wone mo ba te.
Konto maama wó ke dɛ dem lɛɛro na tu n baŋa to mo.
28Naneo ni buburi-bɛ maama wó ziziŋi mo,
de n nɔɔna bam na tiini ba laare tei to.
29Yuŋina bam maama wó nwoŋi ba nabwooru tem wone mo
ba daare-te.
Balo maama ya na wó zo te wone ba yɛ na ba bɛ to
laam maa wó bɛ ba zege buburi-bɛ dem ne.
30Ba maa wó laare baŋa baŋa de wo-chechɔgɔ nmo ŋwaane.
Ba ta maa wó kwei kasolo ba taare ba yuni
ye ba ta bibili tentwarem wone.
31Ba ta wó cheeri ba yuni de kolo na yi nmo to,
se ba daare ba kwei gare-nyenyaaro ba zo.
Ba wó tiini ba keeri de wo-chechɔgɔ ba pa‑m,
ba wo na wó tiini ko pɛ to ŋwaane.
32Ba ná laare konto dwoŋi á ŋwaane,
ba wó taa leeni luseim lei ba we:
“Tura teo jege dwoŋi mo na?
Ko ni nam tu de meeri
ye naneo kom yɔɔre ko li-ko kula!”
33Teene dedɛ yeini de jwoŋi nmo wonnu tem
pa ba toŋe ba fera abam yera ne mo.
Nmo jejegero tem de n zela yam
mo pɛ se tega baŋa teene dem pwa duni.
34Leile nam, naneo kom yɔɔre ko chɔge nmo mo,
pa se n maŋe na-luŋa kuri ne.
N zela yam de balo maama na toŋe n wone to
tɔge dede‑m ba jei naneo kom wone.
35Nɔɔna balo maama na zoore naneo ni teene dem ne to
yera sɔɔre de kolo na yi nmo to.
Ba pwa yera sae mo de foone,
ye ba yiga tiini ka nyɔne.
36Balo na ke pipiu logo baŋa teene dem wone to
pwɛ ba tete de nmo mo.
Lɛɛro telo na yi nmo to kɛ jeŋa,
pa se n dwi ti taa wuu.’ ”",https://www.bible.com/bible/3661/EZK.27.KBG
EZEKELI 28,"Tura teo pɛ yera taane
1 Baŋa Wɛ kwora ma yi amo we:
2“Nabiinu, ta de Tura teo yuu tu wom we, ‘Yuu-tu Baŋa Wɛ na tage tei to mo tento:
Nmo yeini n bere n tete kamunim mo
ye n tɛ n tete ne we, “Amo ye wɛ mo.
Tura teo kom ne mo a jei a di paare,
ne wɛ dedwoŋi na di paare
naneo kom tetare ne tei to.”
Nmo nam ye nabiinu mo se n dae wɛ,
de nmo na boŋe we n jege wɛ boboŋa to de.
3Nmo bere n tete we n jege swa n dwoi Danyeli mo na?
N ta boŋe we kolokolo wo seigi n yiga ne mo na?
4Nmo kwei swa mo, de yi-poro,
ye n tɔge tento baŋa ne n beeri jejegero n pa n tete.
N ma‑n la sabu-seŋa, de lu-nyenno dedɛ
n tiŋi n di sem wone.
5Nmo tiini n yei pipiu laŋa
ye n tɔge ko baŋa ne n tiini n duni.
Nmo jejegero tem ŋwaane,
n laam ma n bere n tete.
6Konto ŋwaane, Yuu-tu Baŋa Wɛ na tage tei to mo tento:
Nmo boŋe we n jege swa,
pa n yei wonnu ne wɛ dwoŋi to.
7Mo kokuri, amo lage a pa se veira ba
ba ke chichuŋu de n teo kom.
Ba nam ye teene delo nɔɔna na ye nankɔ-nyena
ba dwoi nɔɔna maama to mo.
Nii mo! Ba wó jeeri nmo nɔɔna bam de jara,
se ba chɔge wo-laaro telo n na nɛ n swa baŋa ne to ba yage,
ye ba daare ba chɔge n nenɔŋa kam.
8Nmo dona bam konto wó pa se n te dam toone mo,
pa se n maŋe tega kuri ne,
mɛ na ye naneo kom tetare to.
9Nmo nam ná zege balo na lage ba go‑m to yiga ne,
n laam wó ta we, n ye wɛ mo na?
Ne n ná to n gora bam jeŋa ne,
n laam wó lɔre we n ye nabiinu mo,
se n dae wɛ.
10Nɔn-yɔɔro mo lage ba go‑m,
se n te balo na yeiri Wɛ to toone.
Amo Yuu-tu Baŋa Wɛ na tage kolo to mo konto.’ ”
11 Baŋa Wɛ kwora daa ta ma yi amo we:
12“Nabiinu, yɔɔre n mɔ luseim leiŋa n pa Tura teo pɛ wom ye n ta ded‑o we: ‘Yuu-tu Baŋa Wɛ na tage tei to mo tento:
Nmo déem ye nɔɔno mo chekke.
N swa gaale ye n ta ye nenɔm.
13Wɛ na ke kara kalo Eden jei sem ne to
nmo ya n zoora.
N ma‑n kwei kandwa-nyenno dwi maama
n ma n fɔge n yera.
Te maa ye: Rubi, de Topazi, de Emeraleda,
de Kirisola, de Onika, de Jasipa,
de Safira, de Tukwazi, de Berili.
Ba ta ma gɔgere sabu-seŋa wonnu ba tiŋi,
se te cheigi dɛ delo ne ba na wó lo nmo to.
14Amo ma le cherubi yuu tu se o taa yere‑m.
N déem wo amo Wɛ peo kolo na ye wose to baŋa ne mo.
N ma‑n beeri kandwa yalo na di de mini to tetare ne.
15Nmo totoŋa maama déem ba jege tusim
ko zege dɛ delo ne ba na naane‑m to.
Ko laam ma yi yiga ye n bobo se n ta‑n ke lwarem.
16Nmo na tiini n ke pipiu tei to
mo pɛ se n nankɔɔre kikia de n wɛleera laam gaale.
Amo de ma zeili‑m pa se n yage Wɛ peo kom
de n chaveera.
Cherubi tu wolo ya na yere‑m to
de laam ma le‑m kandwa yalo na di de mini to tetare ne.
17N déem bere n tete kamunim mo
n na ye nenɔm to ŋwaane.
N nenɔŋa kam ma li n swa yam.
Konto ŋwaane mo a vuvugi‑m a dole a de tega ne,
pa se n ji wo-mɔnɔ pwa badwonna yiga ne.
18N tiini n tusi dedɛ,
ye n daare n pini nɔɔna pipiu baŋa ne.
Ko ma pa se n chɔge wara-jei selo n ya na zuli-ne da to.
A ma da ko ŋwaane a pa se mini to n teo kom ne,
se de zwɛ ko maama kula!
Teo kom laam jigi tentwarem mo,
ye balo maama na nɛ nmo to zege ba nia.
19Ko ná ye dwi tiina balo ya na yei n na ye wolo to,
ba nia laam yɛ mo de kolo na yi‑m to.
Lɛɛro telo na yi nmo to kɛ jeŋa,
pa se n dwi ti taa wuu.’ ”
Sidon teo taane
20 Baŋa Wɛ kwora daa ma yi amo we:
21“Nabiinu, pa n yibia jeeri Sidon teo kom seeni se n daare n pworisi taane n chɔge-ko. 22Ta we, ‘Yuu-tu Baŋa Wɛ na tage tei to mo tento:
Sidon teo, amo dwoni dede‑m.
A nam wó pa se a nenɔŋ-fɔrɔ kom taa nae jaja n wone.
Nɔɔna wó lɔre we amo mo ye Baŋa Wɛ wom,
ne a ná yɔɔre a waare n nɔn-bia bam a ti,
ye ba sɛ we amo mo ye wo-pwoŋo tu.
23Amo wó pa se jawe-chɛɛro to ba teo kom ne
ko go ba dedɛ.
A ta wó pa se jar-keira zaŋe jei maama ne
ba kwaare jara de teo kom
pa se twa faare ko wo maama.
Ba laam wó lɔre we amo mo ye Baŋa Wɛ wom.
24Isarele tiina bam daa bá taa jege dona balo na nye de sabare de sabare-mangwoli to se ba taa jege-ba ba zɔa ye ba yaale-ba. Ba maa wó lɔre we amo mo ye Yuu-tu Baŋa Wɛ wom.
25Yuu-tu Baŋa Wɛ na tage tei to mo tento: Amo ná lage Isarele tiina bam a ja a nwoŋi teene delo a ya na yage-ba de wone to, a laam wó pa dwi-gɛ tiina bam lɔre we amo mo ye wo-pwoŋo tu de a na ke a nɔɔna bam tei to. Isarele tiina bam laam maa wó jwoori ba vo ba taa zoore ba tete tega kalo a déem na kwei a pa a tontoŋeno Jakob to wone. 26Ba maa wó taa zoore da de yazura ye ba lɔ sane ba daare ba jeiri Vini teeni. Kolokolo daa bá daane-ba, amo na wó waare ba dona balo ya na jege-ba ba yaale to ŋwaane. Konto mo ba wó lɔre we amo mo ye ba Tu Baŋa Wɛ wom.’ ”",https://www.bible.com/bible/3661/EZK.28.KBG
EZEKELI 29,"Ejipti teo taane
1Bena fuga bene dem chane fuga chana kam da fuga-yalei dɛ dem ne, mo Baŋa Wɛ kwora yi amo we:
2“Nabiinu, pipiri n jeeri Ejipti teo kom seeni, se n pworisi taane n chɔge ba pa-faro wom, de o teo kom maama. 3Ta o yera taane we, ‘Yuu-tu Baŋa Wɛ na tage tei to mo tento:
Ejipti teo pɛ, amo dwoni de nmo mo.
Nmo nye de naneo wo juru
kolo na tigi n teo kom bwi sem ne to mo.
Nmo ma‑n bere n tete we, “Amo mo tei Naili buga kam.
A nam ke-ka se a pa a tete mo.”
4A nam lage a kwei gwoli mo a ja‑m n peyaa seeni.
A ta wó pa se ywona yalo na su n bwi sem to
meeli n yera yam.
A nam lage a vaŋe‑m mo a ja a nwoŋi n bwi sem ne,
ye ywona yam maama ta yɔɔre ya meeli n yera yam.
5A nam lage a dole nmo tete
de n bwi sem wo ywona yam mo
a yage kagoa yuu ne.
Abam laam wó taa tigi pwola ne mo,
ye nɔɔn-nɔɔno daa bá wane o la abam o ke daane.
A lage a pa se á ji wodiu mo
á pa tega baŋa vara bam,
de wɛyuu zuna bam.
6Balo maama na zoore Ejipti teo wone to laam wó lɔre we amo mo ye Baŋa Wɛ.
Nmo déem nye de kasogo kolo Isarele dwi tiina bam na kwei ba ji ba nacheiga to mo. 7Ba na twe ba je se ba zii nmo ba zaŋe to, n seere mo pa se ba vɔna kaare. Ba maa na sale nmo yera ne to, mo n bwori n daare-ba pa ba nɛ sem te.
8Konto ŋwaane, Yuu-tu Baŋa Wɛ na tage tei to mo tento: Amo lage a pa se jara mo to n teo kom wone, se nabiina de ba vara bam maama te. 9Ejipti teo kom wó ji di-dwonnu yerane, se ba laam lɔre we amo mo ye Baŋa Wɛ wom.
Kokuri to, nmo tage n we, “Amo mo tei Naili buga kam. Amo mo ke-ka.” 10Konto ŋwaane amo dwoni de nmo, de n bwi sem maama mo. Amo wó pa se Ejipti teo kom chɔge, ye ko ji di-dwonnu yerane, se ko zege Migidola ne ko vo ko yi Sayene se ko kɛ ko yi Kusi siseini dem seeni. 11Nabiina de vara daa bá de ba nɛ tega kam konto ne se ba tɔge da ba kɛ. Nɔɔn-nɔɔno de nam bá taa zoore ka wone se ko yi bena finna. 12A lage a pa Ejipti mo yɔɔre ko ji kagoa teene delo maama na chɔge to wone. Ko teene dem maama wó taa ye di-dwonnu yerane mo, ye di-dwonnu de gilimi-de. Ko wó taa ye konto mo bena finna. A maa wó jage Ejipti tiina bam pa ba vo yiga yiga, se a yage-ba logo baŋa teene dem jei maama wone.
13De ko de, Yuu-tu Baŋa Wɛ na tage tei to mo tento: Bena finna yam ni ná dia, amo wó la Ejipti tiina bam se ba nwoŋi teene delo maama ba ya na jage ba zoore de wone to mo. 14A laam maa wó pa se ba jwoori ba taa jege yu-ywoŋo. Ba wó zege sa-teo ne ba jwoori ba ba Paforosi seeni, mɛ na ye ba kugu jei to. Dáane mo ba wó maŋe ba taa ye te-balaŋa. 15Ko maa wó tiini ko taa ye te-balaŋa teene dem maama wone. Ko daa bá wane ko zeiŋi ko tete teene dedwonna baŋa ne. Ko bá di dam dwi-gɛ tiina baŋa ne, amo na wó pa ko taa bwona to ŋwaane. 16Ejipti daa bá taa ye teo kolo Isarele dwi tiina bam na ke ba teena ko wone to. Ba nam wó guli ba na tusi ye ba beeri wolim ko wone to mo. Ba laam maa wó lɔre we amo mo ye Yuu-tu Baŋa Wɛ wom.’ ”
17Bena finlei-yarepɛ bene dem boboa chana kam boboa dɛ dem ne, mo Baŋa Wɛ kwora yi amo we:
18“Nabiinu, Babilon teo pɛ Nebukadeneza déem pɛ o jar-keira bam tiini ba kwaare jara de Tura teo kom. O ma fe-ba jara yam ŋwaane pa ba yuni fe, ye ba vɔna de dɔre ŋɔna. Nebukadeneza de o jar-keira bam nam wo wane Tura teo kom se ba di nyɔɔre ko baŋa ne, de ba na toŋe tei maama de to. 19Konto ŋwaane, Yuu-tu Baŋa Wɛ na tage tei to mo tento: Amo lage a kwei Ejipti teo kom mo a pa Babilon teo pɛ Nebukadeneza se o taa tei. Wonto wó zeŋe ba jejegero o ja o viiri, ye o daare o vere ba wonnu o pa o jar-keira bam se ba jwoŋi ba ŋweero. 20A nam kwei Ejipti teo kom a pa‑o se ko taa ye o totoŋa yam ŋweero mo, o de o jar-keira bam na ke kolo maama ba pa amo to ŋwaane. Yuu-tu Baŋa Wɛ na tage kolo to mo konto.
21Maŋa kam konto ná yia, amo wó pa Isarele dwi tiina bam jwoori ba na dam. Ko daare nmo Ezekeli, a maa wó pa n ni puri se n ŋɔɔne de-ba. Ba maa wó lɔre we amo mo ye Baŋa Wɛ.”",https://www.bible.com/bible/3661/EZK.29.KBG
EZEKELI 30,"Ejipti teo luseim leiŋa
1 Baŋa Wɛ kwora ma yi amo we, 2“Nabiinu, pworisi se n ta we, ‘Yuu-tu Baŋa Wɛ na tage tei to mo tento:
Chwoosi-na se á ta we,
“Lɛɛro naa!”
3Kokuri to, dɛ dem yi de ti.
Baŋa Wɛ dɛ-kamunu kom mo konto.
Kunkwon-lilirru wó kwoli tega kam
ye lɛɛro yi logo baŋa teene dem
maŋa kam konto ne.
4Jara mo lage ya to Ejipti teo wone.
Cham de maa wó yi Kusi tiina bam.
Ejipti tiina dedɛ wó te jara wone.
Ba dona wó zeŋe ba jejegero tem ba ja ba viiri,
ba daare ba chɔge teo kom
se ko taa zege di-dwonnu yerane.
5Ko ta ná ye Kusi, de Puti, de Ludi, de Arabia tiina maama, de Libia tiina, de balo na nwoŋi amo ni-gwonim tega kam ne to, ba maama wó da de Ejipti tiina bam mo ba te jara wone.
6 Baŋa Wɛ na tage tei to mo tento:
Balo na zege Ejipti teo kwaga ne to lage ba to tega ne mo.
Dam delo Ejipti tiina bam na teere de baŋa ne to maa wó jei.
Ko na zege Migidola ne, se ko yi Sayene to,
ba maama lage ba te jara yalo na wó yi Ejipti to wone mo.
Yuu-tu Baŋa Wɛ na tage kolo to mo konto.
7Ba jei sem wó yɔɔre se ji kagoa
teene delo maama na chɔge to wone.
Ba teene dem wó taa ye di-dwonnu yerane mo,
ye di-dwonnu de gilimi-de.
8Ba laam maa wó lɔre we amo mo ye Baŋa Wɛ wom,
ne a na wó pa se Ejipti teo kom ja mini,
ye a daare a nɔne ko fara maama a meere to.
9Dɛ dem konto ná yia, a ta lage a toŋe nɔɔna nabwooru wone se ba ja a kwora ba vo ba pa Kusi teo tiina, de ba na jei de yazura tei to de. Lwia nam wó pɔpɔ ya ja-ba Ejipti teo chɔgem maŋa kam ne, ko na wó seene ko ke to ŋwaane.
10Yuu-tu Baŋa Wɛ nam na tage tei to mo tento:
Amo lage a tɔge Babilon teo pɛ Nebukadeneza baŋa ne mo
se a chɔge Ejipti jar-keira bam dam.
11Wonto de o jar-keira bam keim tiini de chana
de dwoi tega baŋa nɔɔna maama na ye tei to.
Ba lage ba jeeri Ejipti teo kom de jara mo,
se ba daare ba chɔge ba tega kam.
Ba maa wó pa twa faare Ejipti tega kam maama.
12Amo wó pa se Naili buga kam we,
ye a kwei ba tega kam a pa nɔn-balwaaro.
A yɔɔre a lage a tɔge veira baŋa ne mo
a chɔge ba tega kam de kolo maama na wo ka wone to.
Amo Baŋa Wɛ mo tage konto.
13Yuu-tu Baŋa Wɛ ta na tage tei to mo tento:
A lage a chɔge ba jwona yam mo,
ye a pa se ya nyenyero telo na wo Memfisi ne to jei.
Ejipti teo kom daa bá taa jege pwa.
A maa wó pa foone zo ko nɔɔna bam maama.
14Amo wó pa se Paforosi taa ye yɔɔ yerane,
ye a pa se mini zwɛ Zoan teo kom.
A nam ta wó waare Tebesi de.
15A yɔɔre a lage a lwo a ban-lom dem Pelusi baŋa ne mo,
ko na ye Ejipti dam jei sem to ŋwaane.
A ta wó go Tebesi jar-keira bam maama.
16A lage a pa mini mo ja Ejipti teo kom,
ye Pelusi tiina bam wó taa wowole de cham.
Tebesi teo kabiri sem lage se chɔge mo.
Foone maa wó tiini de ja Memfisi tiina dɛ maama wone.
17Ona, de Pi-besefa nɔn-donno maama wó te jara wone.
Ba maa wó ja teene dem konto nɔɔna bam ba vo sa-teo yiga yiga.
18Wea maŋa ne Tapanahesi teo kom wó ji lim yerane,
ne a ná jaane Ejipti teo dam dem a ja a chɔge a yage.
Ba ya maa na teere kolo baŋa ne to maama wó ti.
Kunkwon-lilirru mo wó kwoli ba tega kam.
Ko ta ná ye Ejipti teene dem maama,
ba lage ba ja de nɔn-bia bam
ba vo sa-teo yiga yiga mo.
19Amo laam maa ná waare Ejipti teo kom a ti,
ba wó lɔre we amo mo ye Baŋa Wɛ wom.’ ”
20Bena fuga-dedoa bene dem boboa chana kam da yarepɛ dɛ dem ne, mo Baŋa Wɛ kwora yi amo we:
21“Nabiinu, amo jaane Ejipti pa-faro wom jeŋa mo a bwori. Nɔɔn-nɔɔno nam wo vɔge gare-zɔŋɔ se o kwei-ka o de ko wone. Ko laam ma pa se o jeŋa kam wo twoŋi se ka taa dana se ka wane se-zɔɔ ka zeeri. 22Yuu-tu Baŋa Wɛ nam na tage tei to mo tento: Amo dwoni de Ejipti teo pa-faro wom mo. A yɔɔre a lage a bwori o je sem maama mo, ne ko ná ye o je-laao kom de je-bubwora kam maama. Konto to, o se-zɔɔ kom wó lwei ko to tega ne. 23A nam ta lage a pa Ejipti tiina bam mo jage ba vo yiga yiga se a yage-ba logo baŋa teene dem maama wone. 24A maa wó pa Babilon teo pɛ na dam ye a kwei a se-zɔɔ a ke o jeŋa ne. A laam maa wó bwori Ejipti pa-faro wom vɔna, se o taa vuvuni de cham Babilon pɛ wom yiga ne, ne wolo na nɛ zonne ye o lage o te to. 25Chega to, a wó pa Babilon teo pɛ je sem na dam. Se ko ná ye Ejipti pa-faro wom, o vɔna lage ya to tega ne mo vareba. Ba laam maa wó lɔre we amo mo ye Baŋa Wɛ, ne a ná kwei a se-zɔɔ kom a ke Babilon pɛ wom jeŋa ne, se o de kwei-ko o ma o fugi Ejipti tiina bam. 26A nam wó seene a jage Ejipti tiina bam pa ba vo yiga yiga se a yage-ba logo baŋa teene dem maama wone. Konto baŋa ne ba wó lɔre we amo mo ye Baŋa Wɛ wom.”",https://www.bible.com/bible/3661/EZK.30.KBG
EZEKELI 31,"Ejipti Pa-faro wom taane
1Bena fuga-dedoa bene dem chane setɔ chana kam boboa dɛ dem ne, mo Baŋa Wɛ kwora yi amo we:
2“Nabiinu, ta n bere Ejipti pa-faro wom de o nɔn-kɔgɔ kom we:
‘Wɔ kamunni mo ma de nmo?
3Nam boŋe n nii Asiria teo na guri tei to.
Ko déem nye de Sedare tei-zɔŋɔ mo
na wo Lebanon teo kom ne.
Ko nɛ sem déem tage mo lanyerane
ye se ke vɔɔro pa woro wora goa kam ne.
Ko ma tiini ko ke dedɔrɔ
ko kɛ ko di wɛyuu baŋa baŋa.
4Na maa daga da se tio kom taa nyɔa.
Buli-yia yalo na nwoŋi tega kuri ne to
pɛ se ko be lanyerane.
Bu-nwaro maa wora jeiga kalo ko na jeiri to,
ye te na bam duri ba vo ba yi
teeni delo maama de na wo goa kam ne to.
5Tio kom konto ma tiini ko ke dedɔrɔ
ko dwoni goa kam wo teeni dedwonna dem maama.
Ko ma yɔɔre ko ta nɛ dedɛ,
ye se tiini se dɔra.
Ko nɛ sem nam na yarege konto to,
ko ye na bam na daga da to ŋwaane mo.
6Zuna dwi dwi ma ba
ba sɔ ba pworu ko nɛ sem yera ne.
Ko daare ye ga-vara de ba
ba maŋe ko nɛ sem kuri ne ba lo ba bia.
Logo baŋa dwi tiina balo maama na dana to de ma ba
ba jeini ko woro kuri ne.
7Ko déem yɔɔre ko jege lam de kamunni mo,
ye ko nɛ sem yarege se yi jei maama.
Kokuri to, ko bonno tem zo te kwaare tega ne mo,
pa se te yi na dedɛ tega kuri ne.
8Wɛ tete kara Sedare teeni dem
bá wane de maŋe de tio kom konto.
Ko ta ná ye Koperese de Pileeni tei-dedwaaro tem de,
te nɛ sem bá maŋe de konto nɛ sem na ye tei to.
Tio dwi déem maŋe ko tere Wɛ teeni kara kam ne,
se dé kwei dé ma dé maŋe de tio kom konto lam.
9Ko ye amo mo pɛ ko lana konto
pa ko jege nɛ selo na tiini se daga to,
ye Eden wo teeni dem maama
déem tiini de jege kazwe de di de tio kom konto.
10Konto ŋwaane, Yuu-tu Baŋa Wɛ na tage tei to mo tento: Tio kom tiini ko ke dedɔrɔ ko kɛ ko di wɛyuu kom, pa se ko bere ko tete. 11Mo kokuri, a kwei-ko a ke pɛ wolo na jege dam logo baŋa teene dem baŋa ne to jeŋa ne. Wonto laam ma yɔɔre o waare-ko se ko maŋe de ko keim-lwanno na mae tei to. Amo mo dole-ko a yage dáa ne. 12Konto ma pa se dwi-gɛ tiina balo na tiini ba ye nankɔ-nyena to ba ba gwoni-ko ba de tega ne, ba daare ba yage-ko pa ko tiga ko na to mɛ seeni to. Ko nɛ sem to mo se tigi peero yuni ne, de bwollu maama tega ne. Ko da-dwa de ma bwori ye se tigi tega kam gugworru maama wone. Teene delo nɔɔna ya na tigi ko woro kuri ne to ma duri ba daare-ko. 13Zuna bam laam ma ba ba jeini tio kom da-buŋa kalo na daare ka tigi to baŋa ne. Ga-vara bam de ma ba ba nɔne ko nɛ selo na to tega ne to baŋa ne. 14Ko nam na ye tei to, tio kolo maama na nae na ko nyɔ to daa bá fɔge ko ke dedɔrɔ ko di wɛyuu kom, ne tio konto ya na ye tei to. Na ná maŋe ba yi teeni dem tei maama de, de bá wane de taa dɔra konto dwoŋi. De jege se de te mo tega baŋa ne, ne ko na ye tei nabiina tei ne to. De maa jege se de maŋe nabiina tetare ne, ne banto na toa ye ba vei tega kuri ne tei to.
15Yuu-tu Baŋa Wɛ na tage tei to mo tento: Dɛ delo ne tio kom konto na to ko te ye ko tu ko zo churu to, amo ma pa buli-yia yam ni se ya keeri tio kom lua. A ma che bwi sem pa se na-fwaaro tem daa ba dura. A ma pa Lebanon tega kam maama ye lim, tio kom na to to ŋwaane. Teeni dem maama de ma kwaare de zega. 16Tio kom na to buru-tu-tu ye dwi-gɛ tiina bam ni to, a ma pa se ba yera sae, ko na tɔge de balo na vei tega kuri ne ko vo ko zo churu to ŋwaane. Eden kara kam wo teeni dem maama, de Lebanon tei-laaro tem, ko woli de teeni delo maama na na yi-de chekke to maama wo laam ma zuri. 17Logo baŋa dwi tiina balo maama ya na yeini ba jei tei-zɔŋɔ kom woro ne ye ba ye ko fara to de ma tɔge de-ko ba zo churu, ba woli de balo na maŋe ba te jara wone to.
18Eden kara wo teeni dem maama wone, tio kɔ kamunni de ko nenɔŋa mo ma de nmo? De ko de, ba lage ba gwoni nmo ba de tega ne, se nmo de woli Eden kara wo teeni dem mo n zo tega kuri. Dáane mo n lage n ta‑n tigi de balo na yeiri Wɛ to, dedaane balo maama na tega jara wone to.
Memaŋe dento bere ko na wó ke Ejipti teo pa-faro wom de o nɔn-kɔgɔ kom tei to mo. Yuu-tu Baŋa Wɛ na tage kolo to mo konto.’ ”",https://www.bible.com/bible/3661/EZK.31.KBG
EZEKELI 32,"Ejipti Pa-faro wom luseim leiŋa
1Bena fuga-yalei bene dem chane fuga-selei chana kam boboa dɛ dem ne, mo Baŋa Wɛ kwora tu ka yi amo we:
2“Nabiinu, mɔ luseim leiŋa n pa Ejipti teo pa-faro wom n ta ded‑o we:
‘Nmo ya bere n tete we n ye nywoŋo mo
ye n jege dam logo baŋa teene dem maama wone.
Ko nam na ye tei to, n yɔɔre n ye naneo wo juru mo.
Nmo ma‑n tigi n teo kom bwi sem ne
n jege na bam n pɔgele de n nɛ,
pa se na bam maama ji bworu yerane.
3Yuu-tu Baŋa Wɛ nam na tage tei to mo tento:
Amo wó la nɔn-kɔgɔ dedɛ mo
ye a daare a dole a bora se a ma a ja‑m.
Nɔɔna bam laam maa wó vaŋe‑m
ba ja ba nwoŋi buga kam ne.
4A maa wó dole‑m a yage te-kora baŋa ne,
se n ta‑n tigi pwola ne.
Amo ta wó pa se wɛyuu zuna bam maama ba
ba jeini nmo baŋa ne,
se ga-vara bam maama de ba ba di n yera yam ba su.
5A ta lage a kwei n ya-nɔna yam
a jare peero tem yuu ne mo.
Nmo yera yalo na daare ye ya pɔ to
maa wó faare bwollu tem maama.
6N jana wó duri ba taa tole tega kam jei maama ne mo
ba kɛ ba yi peero jei sem,
ye ba su gugworru tem de.
7Amo ná yɔɔre a chɔge‑m a ti,
a lage a li wɛyuu kom mo
se chalechwe sem yé ta se nwoŋi.
A ta wó pa se kunkwoŋo mo kwoli wea kam.
Chana kam de daa bá nye ka pwooni dem.
8Wɛyuu pwooni dwi maama wó ji lim ko pa‑m,
pa se n teo kom jei maama taa ye lim yerane.
Yuu-tu Baŋa Wɛ na tage kolo to mo konto.
9Logo baŋa teene dem ná nɛ nmo na yɔɔre n chɔge tei to,
a laam wó pa se lwia tiini ya ja-ba,
ko ná maŋe ko ye dwi-gɛ tiina
balo nmo ya na yeiri ba ni ne to de.
10A ta wó pa se nɔɔna dedɛ yera sɔɔre nmo ŋwaane.
Ba pwa bam wó fom mo ye ba yera taa sae,
a na wó kwei a se-zɔɔ kom
a liligi ba yiga ne to ŋwaane.
Nmo totoore dɛ dem ne mo foone wó ja ba maama,
ye lwia taa jege-ba maŋa maama
de ba ŋwea na lage ka ti tei to.
11Kokuri, Yuu-tu Baŋa Wɛ na tage tei to mo tento:
Babilon teo pɛ wom mo lage o ba
o jeeri n teo kom de jara.
12A nam lage a tɔge babɛ se-zɔɔro baŋa ne mo,
se a go n jar-keira bam maama.
Babɛ sem konto jege nankɔɔre mo
ba dwoi logo baŋa teene dem maama.
Ba lage ba chɔge Ejipti kamunim maama mo,
ye ba daare ba meere ba jar-keira kɔgɔ kom maama.
13Ko ta ná ye n teo kom naane delo na beeri bwi sem ni ne to,
a lage a chɔge de maama mo.
Nabiina daa bá de ba nɛ bwi sem na wone se ba pɔgele-ba.
Naane de napɔɔna de daa bá nɔne na bam wone
se ba pa ba pɔgele.
14Kwaga seeni mo a laam wó pa se
n teo kom bwi sem wo na bam tigisi,
se bu-nwaro tem na de taa duri ba kɛa ne nuga na ke tei to.
Yuu-tu Baŋa Wɛ na tage kolo to mo konto.
15Amo wó seene a pa Ejipti teo kom ji di-dwonnu yerane,
se kolokolo daa yé daare tega kam baŋa ne.
A ta wó mage balo maama na zoore ko wone to pa ba to tega ne.
Maŋa kam konto ne mo ba laam wó lɔre we amo mo ye Baŋa Wɛ wom.’
16Luseim leiŋa kanto mo ba lage ba leeni ba pa‑o. Ko nam ye dwi-gɛ tiina bam bukwa mo lage ba mɔ luseim leiŋa kam konto ba pa Ejipti teo de ko nɔn-bia bam maama. Yuu-tu Baŋa Wɛ na tage kolo to mo konto.”
17Bena fuga-yalei bene dem chane fuga-selei chana kam da fuga-yanu dɛ dem ne, mo Baŋa Wɛ kwora yi amo we:
18“Nabiinu, yɔɔre n ta‑n keeri Ejipti teo nɔn-bia bam ŋwaane. Banto jege se ba tɔge de te-kamunnu dedwonna nɔɔna mo se ba maama te ba daare ba tu tega kuri jei sem ne. 19Ta de-ba we, ‘Abam boŋe we á jege lam á dwoi dwia yadwonna mo na? Á nam jege se á tu tega kuri ne á ta‑á tigi de balo na yeiri Wɛ to mo.’ 20Ba nam wó tɔge de balo na to jara wone to mo ba te. Se-zɔɔro lage te ba te go-ba mo lela! Ejipti teo kom de ko nɔn-bia bam maama ye se ba dona bam mo zi-ba ba ja ba viiri. 21Bembɛ selo na maŋe ba wo churu wone to wó ta Ejipti teo de ko fara bam taane ba we, ‘Ba laam tu debam tei se ba taa tigi de balo na yeiri Wɛ to, dedaane balo na tege jara wone to.’
22Asiria teo de ko jar-keira bam maama maa wora. Banto tege jara wone ye ba yibeela tigi da. 23Ba déem na ŋwe tega baŋa ne to, ba tiini ba fugi nɔɔna dedɛ. Ba maama ma te jara wone, ye ba yibeela yam wo tega kuri gwoŋo kom gugworru wone.
24Elam teo de maa wora de ko nɔn-bia bam maama ba tigi ba yibeela wone. Ba maama déem tege jara wone mo. Balo maama ya na ŋwe ye ba tiini ba fugi nɔɔna dedɛ to laam mo zo churu ye ba ta yeiri Wɛ. Ba ma tɔge de balo maama na zo tega kuri gwoŋo kom wone to mo ba na ba chaveera. 25Ba ma kwɛ jeiga ba pa Elam teo churu ne se ko taa tigi o jar-keira bam maama tetare ne. Banto maama yeiri Wɛ ye ba laam ba ba te jara wone. Ba ma tɔge de balo maama na zoore churu wone to ba na ba chaveera, ba ya ta na ŋwe ye ba fugi nɔɔna dedɛ to ŋwaane. Ba laam maa tigi balo na tege jara wone to tetare ne.
26Meseka de Tubal de maa wora, ba woli de ba nɔn-bia bam maama ye ba tigi ba yibeela wone. Ba maama nam yeiri Wɛ ye ba te jara wone, ba ya ta na ŋwe ye ba tiini ba fugi nɔɔna dedɛ to ŋwaane. 27Ba nam wo suli-ba de zula ne ba na ke tei de faŋa faŋa bembɛ selo na tege jara wone to mo. Banto déem zo churu wone ye ba jege ba se-zɔɔro ba ma ba yeiri ba yuni, ba daare ba jege ba jara nantane ba kwoli ba yera. Bembɛ sem konto ya ta na ŋwe to, ba ya tiini ba fugi nɔɔna dedɛ.
28Ejipti teo pɛ, ko nam ná ye nmo, nmo de lage n te mo, se n tɔge n taa wo balo na yeiri Wɛ ye ba go-ba jara ne to wone.
29Edom teo, de ko pwa, de ko dedɛɛra bam de maa tɔge ba wo churu wone. Ba tu ba tɔge de balo na tege jara wone to, de ba na maŋe ba jege dam tei maama to de. Ba laam maa tigi de balo ya na yeiri Wɛ ye ba zo tega kuri gwoŋo kom wone to.
30Baŋa seeni teene dem dedɛɛra dedaane Sidon teo tiina bam maama maa wora. Ba ma tɔge de balo na tege jara wone to ba na ba chaveera ye ba te, de ba ya na maŋe ba da ba dam-fɔrɔ ŋwaane ba fugi nɔɔna tei to de. Ba laam maa tigi ba yibeela wone ye ba ta yeiri Wɛ. Ba de di ba chaveera ne balo maama na zo tega kuri gwoŋo kom wone to mo.
31Ejipti teo pa-faro wom wó na kolo na yi teene dem konto maama de de nɔn-bia bam to. O wo laam wó zuri de o tete jar-keira bam na tege jara wone tei to. Mo ko na wó ke Ejipti pa-faro wom de o jar-keira bam maama tei to. Yuu-tu Baŋa Wɛ na tage kolo to mo konto. 32Amo ya mo seene a pa‑o dam se o fugi tega baŋa nabiina bam. Wonto de o nɔn-kɔgɔ kom maama nam tɔge de balo maama na tege jara wone to mo ba tigi balo na yeiri Wɛ to tetare ne. Yuu-tu Baŋa Wɛ na tage kolo to mo konto.”",https://www.bible.com/bible/3661/EZK.32.KBG
EZEKELI 33,"Ezekeli na jigi teo yereno tei to
1 Baŋa Wɛ kwora daa ta ma yi amo we:
2“Nabiinu, ta de nmo dwi tiina bam we: ‘Amo ná pɛ chwoŋa se jara ba teo kodwoŋi baŋa, ye ko nɔɔna bam kuri ba wone dedoa se o taa yere ba teo kom, 3kotu ná nɛ we jar-keira mo beene teo kom baŋa pa o wu nabɔnɔ se o ma o kaane teo kom nɔɔna, 4wolo maama ná nigi nabɔnɔ kom kwori ye o ke ne o yiga mo tera, nɔɔno wom konto ná tege jara yam wone, ko ye o tete yiga mo. 5Kokuri, kotu nigi nabɔnɔ kom kwori mo ye o ke ne o yiga tera pa o te. O ya ná ke o tɔge nabɔnɔ kom kwori na bere tei to, o ya wó jwoŋi o ŋwea. O toone tɔge de o tete mo. 6Ko daare, wolo na zege o yere teo kom to ná nɛ we jar-keira mo maa beene se ba jeeri-ba de jara, ye o ná ve se o wu nabɔnɔ kom o kaane nɔɔna bam pa ba badwonna te jara yam baŋa ne, ko ye ba nɛ waarem ba tusim kikia ŋwaane mo. Amo nam wó bwei nɔɔna bam konto jana bam jene wolo na zege o yere teo kom to tei ne mo.’
7Nabiinu, a kuri nmo mo se n ji wolo na zege n yere Isarele dwi tiina bam to. Nmo totoŋe mo ye se n cheigi taane delo a na tɛ to, se n laam vo n kaane-ba n pa-ne. 8Amo ná tage puseŋ-nyeno yera taane we o jege se o te mo, ye nmo ná ve se n ŋɔɔne jaja n kaane‑o se o yage o keim-balwaaro tem, puseŋ-nyeno wom konto wó seene o te o tusim kikia yam ŋwaane. A nam wó bwei kotu jana bam jene nmo tei ne mo. 9Ko daare, nmo ná kaane puseŋ-nyeno wom se o yage o keim-balwaaro tem ye o ná ve n ni-kaana yam, o wó seene o te o tusim kikia ŋwaane, ye nmo nam wó jwoŋi n tete n yage.
10Nabiinu, ta de Isarele dwi tiina bam we, ‘Abam na kare á tɛ tei to mo tento: Cham delo debam na nɛ dé zwabania kikia dedaane dé wɛleera yam ŋwaane to tiini de daga de dwoi dé jaanem. Dé wora dé bugi dé jia ya ŋwaane. Debam wó ke tetɛ mo se dé jwoŋi dé ŋwea?’ 11Nam ta de-ba we, ‘Ne amo Yuu-tu Baŋa Wɛ na jege ŋwea tei to, ko ye chega mo we, puseŋ-nyeno toone bá pwoli amo wo. A nam swoi se puseŋ-nyena pipiri ba yage ba totoŋ-nɛ sem, se ba daare ba na ŋwea mo. Isarele dwi tiina bam, nam pipiri-na á yage á lwarem kikia yam. Á wó kuri toone se bɛ mo?’
12Nabiinu, nam ta de n dwi tiina bam we, ‘Nɔn-ŋom ná tusi o chwoŋa, o nɔn-ŋonne kikia bá jwoŋi‑o ya yage. Puseŋ-nyeno nam ná yage o puseŋa kikia yam, o de bá to o puseŋa kikia yalo o ya na ke to ŋwaane. Nɔn-ŋom ná bobo se o taa ke wɛleera, o faŋa nɔn-ŋonne dem bá wane‑o de jwoŋi de yage se o na ŋwea.’ 13Amo nam ná tage de nɔn-ŋom we o wó na ŋwea, pa se o laam kwei o teena o daŋe o nɔn-ŋonne dem baŋa ne se de jwoŋi‑o de yage, ye o bobo se o taa ke totoŋ-lwanno, amo daa bá jeeli wo-laaro telo o ya na ke to de dedoa de. O nam wó te mo o lwarem kikia yam ŋwaane. 14A nam ná tage de puseŋ-nyeno a we, ‘N jege se n te mo,’ ye kotu ná pipiri o yage o wɛleera yam, ye o daare o toŋe chega kam, de kikia yalo na maŋe to, o wó jwoŋi o tete. 15Puseŋ-nyeno ná kwei wonnu telo nɔɔna na pɛ‑o ba ma tiŋi daare to, de wonnu telo o na vere nɔɔna tei ne to o jwoori o pa-ba, ye o ná ke o tɔge a bera yam na pae ŋwea to, ye o daa ba ke wo-lwanno, kotu wó na ŋwea ye o daa bá te. 16Amo daa bá jeeli wɛleera yalo maama o ya na ke to se a ma a chɔge‑o. O laam toŋe chega mo ye o ke kolo na maŋe to. O wó seene o na ŋwea.
17Nmo dwi tiina bam nam jege ni mo ba tɛ ba we, ‘Chega tera Baŋa Wɛ na ke tei to wone.’ Ko nam ye banto mo ba jege chega de kolo ba na jege ba ke to. 18Nɔn-ŋom ná pipiri o yage o nɔn-ŋonne kikia, ye o bobo se o taa toŋe lwarem, o wó te mo ko ŋwaane. 19Puseŋ-nyeno nam ná yage o puseŋa kikia yam, ye o bobo se o taa ke chega kam de kolo na maŋe to, o wó na ŋwea mo o keina yam baŋa ne. 20De ko de, Isarele dwi tiina bam, abam ta kare á tɛ mo á we, ‘Chega tera Baŋa Wɛ na ke tei to wone.’ Amo nam wó bore abam dedoa dedoa taane se ko maŋe de o kikia na ye tei to mo.”
Jerusalem teo totoore dem taane
21Ba na kale debam ba vo sa-teo yiga yiga ye bena fuga-yalei kɛ to, bene dem konto chane fuga kam da yanu dɛ dem ne mo nɔɔno wodwoŋi nwoŋi Jerusalem teo kom ne o duri o lu, ye o ba o ta de amo o we, “Jerusalem teo kom yɔɔre ko to mo jara baŋa ne!” 22Dɛ delo tega na wó poore se nɔɔno wom laam ja kwora kam o ba o pa-ne to, dedaan-ni maŋa ne mo Baŋa Wɛ dam yɔɔre de ba amo baŋa. O ma pa se a ni puri pa a wae a ŋɔɔna se ko lwoori nɔɔno wom tutuuri dem.
23 Baŋa Wɛ kwora laam ma yi amo we:
24“Nabiinu, nɔɔna balo ta na maŋe Isarele teo kom di-dwonnu wone to yeini ba tɛ ba we, ‘Abaraham déem ye o yerane dedoa mo, ye o wane tega kam maama o jwoŋi. Debam nam ye kɔgɔ mo. Dé jege se dé jwoŋi tega kanto mo se ka taa ye debam nyem.’ 25Nam ta de-ba we, ‘Yuu-tu Baŋa Wɛ na tage tei to mo tento: Abam ta swoi se á ta‑á di nɔna yalo yera jana na wo ya wone to mo, ye á daare á kaane jwona, ye á goe nɔɔna. Konto to, ko maŋe se á ta‑á tei tega kam na? 26Abam teege á se-zɔɔro tem baŋa ne mo, ye á kare á ke wo-zɔɔna dwi maama. Nɔɔno maama maa beeri chwoŋa se kotu chɔge o dwoŋi kaane. Abam boŋe we konto maama kwaga ne ko maŋe se á ta‑á tei tega kam mo na?’
27Nam ta de-ba we, ‘Yuu-tu Baŋa Wɛ na tage tei to mo tento: ne amo na jege ŋwea tei to, ko ye chega mo we balo na daare ba zoore di-dwonnu tem wone to wó te jara wone mo. Ko ta ná ye balo de na wo pwola ne to, a lage a pa kago-vara mo go-ba. Ko nam ná ye balo na vei ba dale dam jei de gugworru wone to, jawe-chɛɛro mo wó go-ba. 28Amo nam wó pa se ba teo kom maama taa tigi di-dwonnu yerane, se ba dam dem ba na teere de baŋa ne to ji kafɛ. Isarele teo peero jei sem wó ji kagoa ka taa tiga, ye nɔɔn-nɔɔno bá wane o tɔge dáane o kɛ. 29Konto baŋa ne ba wó lɔre we amo mo ye Baŋa Wɛ wom, ne a ná pɛ se ba teo kom ji di-dwonnu, wo-zɔɔna yalo ba na jege ba ke to ŋwaane.’
30Ko daare nmo nabiinu, nmo dwi tiina bam yeini ba jeeri daane mo á teo kabiri sem teiŋa ne, de ba sam manchwo-nia ne, ba waase ba bere daane ba we, ‘Pa-na se dé vo Ezekeli tei, se dé ni Baŋa Wɛ kwora kam o na jege se o pa debam to.’ 31Ba maa yeini ba tui nmo tei de kɔgɔ, ye ba cheigi n taane dem, ne ko na maŋe de a nɔɔna bam na ke tei to. Ba nam ba lage se ba toŋe ba tɔge a taane dem na bere tei to. Swono taane wo ba nia ne. Ba fera nam wo wonnu telo na wó pa ba duni to wone mo. 32Ta‑n yei we banto pae n ye gɔgɔ kolo na leeni lei selo na bere swono taane to mo. Ba maa sɛ we n jege kwor-ywoŋa, ye n yei kɔnɔ tam lanyerane. Ba swoi se ba taa cheigi n kwora kam. Ba nam ba toŋe ba tɔge ka na bere tei to. 33Wonnu telo a na tage to nam wó seene te ke. Maŋa kam konto ne mo ba wó lɔre we Wɛ sampwora ya wo ba tetare ne.”",https://www.bible.com/bible/3661/EZK.33.KBG
EZEKELI 34,"Nayera de ba pei taane
1 Baŋa Wɛ daa ta ma pa-ne o kwora o we:
2“Nabiinu, pworisi taane n chɔge Isarele teo yiga tiina balo na nii a nɔɔna bam baŋa ne to. Nam ta de-ba we: ‘Yuu-tu Baŋa Wɛ na tage tei to mo tento: Lɛɛro taa wo á baŋa ne! Nayera jege se ba taa nii ba pei sem baŋa ne mo. Ko dae konto na? Abam nam nii á tete baŋa ne mo. 3Á swoi se á ta-á di á pei lara kam, ye á kwei se koro tem á sɔ gwaaro á ma á kwoli á tete. Á ma daare á kuri vare-laaro tem á go á pa á tete, ye á yiga laam tere pei sem wone. 4Á wo nii ko baŋa ne se á ta‑á cho pei selo na bwona to se se na dam. Á ta maa wo yɔɔre vare-jaweena bam, se á daare á vɔ balo na nɛ zonne to ŋɔna yam. Abam chem mo ye á pei sem ywori se maa jia. Selo maa na jei to, á wo beeri-se se á ja á jwoori. Abam nam bɛɛse pei-kɔgɔ kom de je-chɛa mo. 5Ko maa pa se se jage jei maama, se na ba jege nayero se kotu taa nii se baŋa ne to ŋwaane. Se na jage konto to, se laam ma ji kago-vara dwi maama ni-wodiu. 6Amo pei sem yɔɔre se jage mo se yi tega baŋa ni maama. Se maa kare zwonnu de peero maama yuni ne se kekara, ye nɔɔn-nɔɔno wo ke o yiga se wone se kotu beeri se jei.
7Konto ŋwaane, abam balo na nii a nɔɔna bam baŋa ne ne nayera na ke tei to, cheigi-na Baŋa Wɛ kwora kam: 8Ne amo Yuu-tu Baŋa Wɛ na jege ŋwea tei to, ko ye chega mo we a dwoni de abam mo. Kokuri to, a pei-kɔgɔ kom gɛ nayero pa kago-vara jege-se ba tore ba di. A nayera bam nam wo beeri amo pei selo na tusi chwoŋa to jei, ye ba yɔɔre ba nii ba tete mo, pa ba yiga tere amo pei sem wone. 9Konto ŋwaane, abam nayera bam, nam cheigi-na Baŋa Wɛ kwora kam. 10Yuu-tu Baŋa Wɛ na tage tei to mo tento: Amo dwoni de nayera bam mo. A maa wó bwei-ba de ba na ke a pei sem tei to. Amo wó jwoŋi a pei sem a daare-ba se ba daa yé taa nii-se. Nayera bam daa bá na chwoŋa se ba kɔne pei sem, naa se ba taa kɔne ba tete pei sem baŋa ne. Ba daa bá done pei sem nɔna.
11Yuu-tu Baŋa Wɛ na tage tei to mo tento: Amo tete mo lage a nwoŋi a beeri a pei sem jei se a taa nii se baŋa ne. 12Ne nayero na beeri o pei selo na jage pwola ne tei to, konto mo amo de wó taa nii a pei sem baŋa ne. Amo pei sem déem yɔɔre se jage mo dɛ delo ne kunkwon-lilirru na tu te li tega kam maama to. A nam wó beeri se jei ye a jwoŋi-se a yage. 13Amo wó ja-ba a nwoŋi teene dedwonna dem ne se a la-ba a ke daane, ye a pa ba jwoori ba tete tega kam ne. Amo laam maa wó kale-se se se na gaaro se di Isarele peero jei sem ne, de bwollu tem ne, de jei selo maama nɔɔna na zoore da to. 14A lage a taa yere-se se se taa di ga-zuru mo Isarele peero tem yuni ne. Se wó taa tigi ga-zuru jei ne mo, ye se taa di se boboŋa Isarele teo peero tem ne. 15Amo tete nam mo lage a taa nii a pei sem baŋa ne, ye a daare a pa se taa tigi tega ne de bochare-zuru. Yuu-tu Baŋa Wɛ na tage kolo to mo konto. 16Amo ta wó beeri pei selo na jei to mo, se a daare a kale selo na ywori chwoŋa to a ja a jwoori. A maa wó vɔ pei selo na nɛ fufwollu to ŋwana se ya jei, se a daare a taa cho selo na bwona to se se na dam. Ko daare, ko ná ye pei selo na nugi bigila bigila ye se dana to, a lage a go-se mo. Amo wó taa kɔne a pei sem ko chwoŋa kam ne mo.
17Ko nam ná ye abam na ye amo pei sem to, Yuu-tu Baŋa Wɛ na tage tei to mo tento: Ta‑á yei-na we amo lage a bore taane pia de ka dwoŋi tetare ne, ye a daare a pɔɔre pi-bale de bo-bale daane mo. 18Abam na nɛ ga-zuru se á ta‑á di to, ko ta wo maŋe ko pa abam na? Bɛŋwaane mo á yɔɔre á titirigi gaao kom ne, ye á jege-ko á nɔne á chɔga? Abam wo ba tigi de na-zura balo á na jege á nyɔ to mo pa se á jege na bam á pɔgele na? 19Amo pei sesem sem daa bá na ga-zuru se di, ko ná dae gaao kolo abam na nɔne á chɔge to. Se maa jege se se nyɔ na balo abam á pɔgele pa ba ji bworu yerane to mo.
20Yuu-tu Baŋa Wɛ nam na tage tei de pei sem to mo tento: Amo tete mo lage a bore pei selo na nugi to de selo na kwaare to daane. 21Abam kwei á vɔna mo á yigi pei selo na bwona to, ye á daare á chu-se de á nyea se á zeili-se pa se jage se kɛ se wo dáa dáa. 22Konto ŋwaane amo wó jwoŋi a pei sem a yage, se se daa yé na bɛɛsem. A ta wó bore pia de ka dwoŋi taane. 23A laam maa wó le nɔɔno dedoa se wonto ji a nɔɔna bam maama nayero. A tontoŋeno David mo konto. O maa wó kɔne-ba ye o ta nii ba baŋa ne. 24Amo Baŋa Wɛ tete wó taa ye ba Tu Wɛ wom. A tontoŋeno David maa wó taa ye ba maama dedɛɛro. Amo Baŋa Wɛ mo tage konto.
25Amo wó gwoni ni de-ba bochare-zuru ŋwaane, ye a daare a zeili kago-vara dwi maama ba tega kam ne. Konto maa wó pa-ba pwola se ba taa zoore gaao ne, naa ba peini goa wone, ye foone bá taa jege-ba. 26Amo nam wó swɛ ba swolim, se de yi jei selo maama na kaare amo tete peo kom to. A maa wó pa se do-mimina taa nena ka maŋa ne chekke. Do-mimina kam konto mo wó ja swolim ka pa-ba. 27Konto mo wó pa ba teeni dem lei bia lanyerane, ye tega kam de ke wodiiru dedɛ ka pa-ba. Nɔɔna bam maama wó taa jei ba teo kom ne ye kolokolo ba daane-ba. Ba laam maa wó lɔre we amo mo ye Baŋa Wɛ, ne a ná jaane nabɛ yɔgese delo ba dona na de ba ba ne to a bwori a yage pa ba nwoŋi ba kabɛɛne ne. 28Dwi-gɛ tiina daa bá ba ba vere-ba. Kago-vara de nam daa bá ja-ba ba tore ba di. Ba wó taa jei ba teo ne de yazura mo, ye nɔɔn-nɔɔno bá fugi-ba. 29A maa wó pa-ba te-ywoŋa se ba jeini ka baŋa ne ba va. Konto wó pa se kana daa yé ja-ba, se dwi-gɛ tiina bam taa jege-ba ba yaala. 30Ba laam maa wó lɔre we amo wolo na ye ba Tu Baŋa Wɛ wom to wo ba tei ne, ye banto Isarele dwi tiina bam de maa ye amo nɔɔna. Yuu-tu Baŋa Wɛ na tage kolo to mo konto. 31A maa yeini a nii abam baŋa ne, ne nayero na nii o pei-kɔgɔ tei to, ye á ye nabiina. Á ye amo nɔɔna mo, ye amo de ye abam Wɛ. Yuu-tu Baŋa Wɛ na tage kolo to mo konto.’ ”",https://www.bible.com/bible/3661/EZK.34.KBG
EZEKELI 35,"Edom teo taane
1 Baŋa Wɛ kwora daa ma yi amo we:
2“Nabiinu, pipiri n yibia n jeeri Seyira peo kom se n pworisi n chɔge-ko 3n ta we, ‘Seyira peo, amo Yuu-tu Baŋa Wɛ dwoni dede‑m mo. A nam wó twe a jeŋa a jeeri‑m se n ji kagoa n ta‑n tiga. 4A lage a pa se nmo teene dem maama mo ji di-dwonnu de taa zega, se n laŋa kam ji kagoa. Nmo laam ma‑n wó lɔre we amo mo ye Baŋa Wɛ wom.
5Ko zege faŋa kam ne mo abam jege sebaŋa á ke de Isarele tiina bam. Á ma da ko ŋwaane á dole-ba á yage se ba te jara wone, maŋa kalo ne lɛɛro na tiini te yi-ba ye ba yɔɔre ba na waarem ba ti to. 6Konto ŋwaane, ne amo Yuu-tu Baŋa Wɛ na jege ŋwea tei to, ko ye chega mo we a lage a pa chwoŋa mo se nɔɔna yɔɔre ba go abam. Abam bá lu de á ŋwea, á na maŋe á swoi nɔn-gora kikia to ŋwaane. 7Amo wó pa Seyira peero jei sem ji kagoa ka taa tiga, ye a daare a go balo maama na tɔge jei sem konto ne ba kɛ to. 8Twa yerane mo lage ba faare abam peero tem yuu. Balo na tege jara wone to wó taa tigi a zwonnu baŋa ne, de á bwollu tem, de á gugworru tem tega ne. 9A lage a pa á teo kom ji kagoa mo se ko taa vei wuu. Nɔɔna daa bá taa zoore á teene dem wone. Abam laam maa wó lɔre we amo mo ye Baŋa Wɛ.
10Abam nam tage á tete ne we, “Debam mo wó jwoŋi Judah teo de Isarele teo, de ba tega kam maama dé taa tei.” Á tage konto dwoŋi ye amo Baŋa Wɛ nam wo ba tei ne. 11Konto ŋwaane, ne amo Yuu-tu Baŋa Wɛ na jege ŋwea tei to, ko ye chega mo we a lage a waare abam mo se ko maŋe de á na tiini á ke bane de puseŋa tei amo nɔɔna bam baŋa ne, ye á ta done-ba tei to. Amo laam maa wó veere a tete de-ba, ne a ná waare abam a ti. 12Abam de maa wó lɔre we amo Baŋa Wɛ nigi á ta-yɔɔro tem, de abam na yaale Isarele peero tem tei to. Abam maŋe á ta te taane we, “Jei sem konto jigi kagoa mo, pa se dé na chwoŋa se dé wane-ba dé di.” 13Á bere á tete kamunim mo amo yiga ne, ye á daare á ŋɔɔne ta-balwaaro dedɛ á ma á chɔge-ne. Amo nam nigi te maama. 14Yuu-tu Baŋa Wɛ nam na tage tei to mo tento: A lage a pa á teo kom maama chɔge mo, se logo baŋa nɔɔna maama taa chaka. 15Ne nmo de déem na chake maŋa kalo ne Isarele dwi tiina bam de ba tega kam maama na nɛ chɔgem to, konto mo amo de lage a ke abam. Seyira peero jei sem de Edom laŋa kam maama lage te chɔge te ji di-dwonnu yerane mo. Ba laam maa wó lɔre we amo mo ye Baŋa Wɛ.’ ”",https://www.bible.com/bible/3661/EZK.35.KBG
EZEKELI 36,"Isarele peero tem taane
1“Nabiinu, pworisi taane n pa Isarele teo peero tem se n ta we, ‘Abam Isarele teo peero tem, cheigi-na Baŋa Wɛ kwora. 2Yuu-tu Baŋa Wɛ na tage tei to mo tento: Abam dona bam laam chake abam ŋwaane mo ye ba tɛ ba we, “Faŋa faŋa peero tem laam jigi debam nyem mo.” ’
3Konto ŋwaane, pworisi se n ta we. ‘Yuu-tu Baŋa Wɛ na tage tei to mo tento: Á dona bam nwoŋi jei maama ne ba ba ba chɔge á laŋa kam maama, pa se ka ji dwi-gɛ tiina bam nyem. Nɔɔna maa bae bebara ba pa abam ye ba jege abam ba yaala. 4Konto ŋwaane, Isarele peero tem, cheigi-na Yuu-tu Baŋa Wɛ kwora. Yuu-tu Baŋa Wɛ tage tento mo de abam peero tem, de zwonnu tem, dedaane á gugworru de bwollu tem. O kwora kam ta wó yi á teene delo maama á dona bam na chɔge pa de ji di-dwonnu ye nɔɔn-nɔɔno daa ba zoore de wone, pa se dwi-gɛ tiina balo na gilimi abam to laam vere á wonnu ba daare ba jege abam ba twe to. 5Yuu-tu Baŋa Wɛ na tage tei to mo tento: Amo tɔge a ban-lom baŋa ne mo a ta taane a chɔge dwi-gɛ tiina bam konto maama, ko fɔge ko dae Edom teo kom. Kokuri ba chake mo abam chɔgem ŋwaane, ye ba ta kuri se ba vere tega kalo abam na kɔne á vara da to se ka taa ye banto nyem.’
6Nam ta pworisi Isarele tega kam taane n ta de ka peero de ka zwonnu tem, dedaane ka gugworru, de ka bwollu tem we, ‘Yuu-tu Baŋa Wɛ na tage tei to mo tento: Amo ŋɔɔne ko tɔge a ban-lom dem ŋwaane mo de dwi-gɛ tiina bam na tiini ba twe abam tei to. 7Konto ŋwaane, Yuu-tu Baŋa Wɛ laam nam tage tento mo: Amo dugi duuri mo de yi-seena we, amo wó pa dwi-gɛ tiina balo na gilimi abam to na ba chaveera.
8Ko daare abam Isarele peero tem, teeni daa ta wó kwi vɔɔro á yuu ne, ye te ke bia lanyerane se amo nɔɔna Isarele tiina bam taa jege ba di. Kokuri, ko bá dáane de ba na jwoori ba tete teo. 9Amo yiga wo abam wone, se a woli abam. Nɔɔna wó va tega kam ye ba du wodiiru ka baŋa ne. 10Amo wó pa Isarele dwi tiina bam puli jei maama ne. Ba maa wó fɔge ba lɔ ba teene delo ya na chɔge to ba zege, se ba taa zoore de wone. 11A ta wó pa se nabiina de vara puli de kɔgɔ dedɛ á tega kam baŋa ne, ye ba daare ba lo bia. Nɔɔna dedɛ wó taa zoore á teene dem wone mo ne faŋa kam na ye tei to, ye á tiini á na yu-ywoŋo se ko dwoni faŋa kam. Abam laam maa wó lɔre we amo mo ye Baŋa Wɛ wom. 12A maa wó pa se a nɔɔna Isarele tiina bam jwoori ba taa zoore á tega kam baŋa ne. Á tega kam wó taa ye ba nyem mo ye ba tei-ka. Te-ywoŋa kam konto nam daa bá pa se ba dwi ti.
13Yuu-tu Baŋa Wɛ na tage tei to mo tento: Nɔɔna kare ba tɛ abam taane ba we, “Á tega kam jege nabiina mo ka lira, pa se á teo kom ga ko bia.” 14Konto ŋwaane, amo Yuu-tu Baŋa Wɛ nam tage we, ko na zege leile se ko taa vei to, tega kam daa bá li nabiina, pa se á teo kom ga ko bia. 15Amo daa bá pa se á ni dwi-gɛ tiina bam na jege abam ba mɔna tei to. Nɔɔna daa bá taa jege abam ba yaala se á ni ko zonne. Á teo kom de nam daa bá jwoori kwaga abam ŋwaane. Yuu-tu Baŋa Wɛ na tage kolo to mo konto.’ ”
16 Baŋa Wɛ kwora daa ta ma yi amo we:
17“Nabiinu, maŋa kalo Isarele tiina bam ya na zoore ba tete tega kam baŋa ne to, mo ba digiri-ka de ba totoŋ-zɔɔna kikia yam. Amo nii a na ba kikia yam pa ya nye de kaane na wora o ke o chana zarem ye ko ye tei to mo. 18Amo ma yɔɔre a lwo a ban-lom ba baŋa ne a ma a waare-ba, ba na chɔge tega kam de ba nɔn-gora de ba jwona kaanem kikia yam to ŋwaane. 19Amo ma jage-ba pa ba vo yiga yiga se a yage-ba logo baŋa teene dem maama wone, ye a daare a waare-ba se ko maŋe de ba kikia yam na ye tei to. 20Ba nam na yeini ba vo ba gwaane de dwi-gɛ tiina jei selo maama ne to, ba de maa jege a yere dem na ye wose to ba yaala. Kokuri, nɔɔna yeini ba tɛ ba taane ba we, ‘Baŋa Wɛ nɔɔna bam mo tento. De ko de, o nam fe o le-ba tega kalo o ya na pɛ-ba to ne.’ 21Amo yiga nam wo a yere dem zula wone, de Isarele dwi tiina bam na pɛ dwi-gɛ tiina jege-de ba yaale tei to.
22Konto ŋwaane, ta de Isarele dwi tiina bam we, ‘Yuu-tu Baŋa Wɛ na tage tei to mo tento: Amo na lage a jwoŋi abam a yage to dae abam totoŋa ŋwaane. Ko nam ye amo na laga se a tete yere dem na zula to ŋwaane mo. Kokuri, abam tiini á pa se dwi-gɛ tiina balo á na zoore ba tetare ne to yaale-de mo. 23A nam wó yɔɔre a bere dwi-gɛ tiina bam we amo yere-kamunu kom abam na yaale ba maama yiga ne to ye wose mo. Logo baŋa teene dem maama laam maa wó lɔre we amo mo ye Baŋa Wɛ wom, ne a ná tɔge abam baŋa ne a bere-ba jaja we a seene a ye wose mo. Yuu-tu Baŋa Wɛ na tage kolo to mo konto.
24Amo nam wó ja abam a nwoŋi teene dedwonna dem maama ne, ye a la abam a ke daane se a ja abam a jwoori a ba a yage a tete teo kom ne. 25A laam maa wó lwo na-ŋona á yera ne a ma a kwɛ abam de á wo-zɔɔna de á jwona kaanem kikia yam. 26A ta wó pa á ta‑á jege bochare-doore de boboŋ-doora se á ma á zuli-ne. A maa wó pa se á wo daa yé ke dam, ye a daare a pa á yi taa bwona. 27A nam lage a kwei a Jworo mo a ke á bochara ne. Konto maa wó pa á fera taa wo a nia yam de a bera yam tɔgem wone. 28Abam daa maa wó ta‑á zoore tega kam a na kwei a pa á nabaara bam to, se á ta‑á ye amo nɔɔna, se amo de taa ye abam Wɛ. 29A nam wó vere abam a ja a nwoŋi á wo-zɔɔna kikia yam ne. A maa wó pa se á tega kam ke wodiiru dedɛ, se kana daa yé ja abam. 30Á teeni dem wó taa ke bia dedɛ de pa abam, ye á kare wodiiru de puli lanyerane, se ko pa dwi-gɛ tiina daa yé taa jege abam ba yaale we, kana jege abam ka goe. 31Á ta maa wó guli á totoŋ-vɛɛsa yam, de á kikia yalo na wo tɔge chwoŋa to gula. Á fera nam wó nwoŋi á tete, wɛleera de totoŋ-vɛɛsa yalo maama á ya na ke to ŋwaane. 32Isarele dwi tiina bam, nam lɔre-na we ko dae abam totoŋ-laaro ŋwaane mo a lage a ke tento maama a pa abam. Abam yuni nam maŋe se de tiiri tega ne mo de chaveera á kikia yam ŋwaane. Yuu-tu Baŋa Wɛ na tage kolo to mo konto.
33Yuu-tu Baŋa Wɛ daa ta na tage tei to mo tento: Dɛ delo ne amo na wó kwɛ abam a ti de á tusim kikia yam maama to a laam wó pa á jwoori á ta‑á zoore á teene dem wone. Á maa wó fɔge á lɔ jei selo ya na jigi di-dwonnu to. 34Abam daa wó ta‑á vare á tega kalo ya na tigi kafɛ to baŋa ne, se nɔɔna daa yé taa nii-ka ne ka ga ye kagoa mo. 35Ba maa wó taa tɛ we, “Tega kanto ya na tigi kafɛ to laam nye de Eden te-laao kom déem na ye tei to mo. Nii-na! Teene delo ya na chɔge ye de sam ji di-dwonnu to laam fɔge de lɔ de pe de dam, ye nɔɔna dedɛ zoore de wone!” 36Dwi-gɛ tiina balo ta na daare ye ba gilimi abam jei sem to laam wó lɔre we amo Baŋa Wɛ mo fɔge a lɔ teo kolo maama ya na chɔge to a zege, ye a jwoori a va tega kalo maama ya na tigi kafɛ to. Amo Baŋa Wɛ mo tage konto. A nam wó seene a ke kolo a na tage se a ke to.’
37Yuu-tu Baŋa Wɛ na tage tei to mo tento: Amo daa wó pa Isarele dwi tiina bam chwoŋa se ba lwoori wolim amo tei ne. A maa wó leiri ba wɛ-lworo kom ye a pa se ba kɔgɔ kom puli ne vare-kɔgɔ na daga tei to. 38Ba nɔn-kɔgɔ kom wó taa daga lanyerane, ne vara dedɛ déem na yeini ba su Jerusalem teo kom kura dim maŋa ne se ba kwei-ba ba ma ke kaanem tei to mo. Konto mo nɔɔna wó yɔɔre ba su teene delo ya na zege di-dwonnu yerane to. Ba laam maa wó lɔre we amo mo ye Baŋa Wɛ wom.”",https://www.bible.com/bible/3661/EZK.36.KBG
EZEKELI 37,"Kwi-kore taane
1 Baŋa Wɛ dam dem déem tu amo baŋa, pa se o tɔge o Jworo baŋa o kwei-ne o vo o zege bwolo kodwoŋi tetare ne. Kwi dedɛ jage se yɔɔre se faare bwolo kom jei maama. 2Baŋa Wɛ ma ja-ne pa dé yɛ kwi sem wone dé kare dé via. Amo ma nii a na kwi zanzam na tigi bwolo kom tega jei maama ne. Se nam tiini se ko mo. 3O ma bwei-ne o we, “Nabiinu, nmo na nɛ kwi sento to, n boŋe we se wó jwoori se na ŋwea na?” Amo de ma leiri‑o a we, “Yuu-tu Baŋa Wɛ, nmo yerane mo wó wane taane dento n ta.”
4O laam ma ta de amo o we, “Pworisi n ta taane de kwi sento we, ‘Abam kwi-kore, cheigi-na Baŋa Wɛ kwora kalo o na jege se o ta de abam to! 5Yuu-tu Baŋa Wɛ na tage tei de kwi sento to mo tento: Amo lage a pa siu mo zo abam wone, se á ta‑á jege ŋwea. 6A nam wó kwei ŋwanno a ba abam maama, ye a daare a kwei ya-nɔna de ya-tane a ma a kwoli abam. A maa wó sii siu a yage á yera ne se ko pa á ta‑á ŋwe. Abam laam maa wó lɔre we amo mo ye Baŋa Wɛ.’ ”
7Amo ma yɔɔre a pworisi taane ne Wɛ na pɛ-ne ni se a ke tei to. A ta na wora a pworisi konto to, mo a nigi sɔɔ kare-kare. Kwi sem mo bobo se se taa tui se tete ne, ye se twoŋi daane! 8A ta na zege a nii to, mo a nɛ we ŋwanno de ya-nɔna tu te meeli kwi sem, ye ya-tane de kwoli-se. De ko de, siu ta wo zo se wone.
9 Baŋa Wɛ ta ma ta de amo o we, “Nabiinu, pworisi n ta de vio kom we, ‘Yuu-tu Baŋa Wɛ na tage tei to mo tento: Vio, zaŋe n nwoŋi logo baŋa sapɛ sena sem maama ne n ba n dole siu n yage nɔɔna banto ba ya na go to wone se ba laam na ŋwea.’ ” 10Amo de ma pworisi ne o na pɛ-ne ni se a ke tei to. Siu ma seene ko zo twa bam wone. Ba ma pɛ ba zaŋe ba zege ba nɛ baŋa ne ye ba ŋwe. Ba yɔɔre ba ye jar-keira kɔ-fɔrɔ mo.
11 Baŋa Wɛ daa ta ma ta de amo o we:
“Nabiinu, kwi sento bere Isarele dwi tiina bam maama na nye tei to mo. Ba kare ba tɛ we, ‘Debam kwi sem koge se peere mo, ye dé teena maama ti. Debam teo kom daa ba jege jwa.’ 12Konto ŋwaane, pworisi n ta taane de-ba we: ‘Yuu-tu Baŋa Wɛ na tage tei to mo tento: Amo nɔɔna bam, amo tete mo lage a puri á yibeela yam, se a pa á bi. A laam maa wó ja abam a jwoori a ba a yage Isarele tega kam ne. 13Amo nɔɔna bam, á wó ba á lɔre we amo mo ye Baŋa Wɛ wom, ne a ná seene a puri yibeela yam á ya na tigi ya wone to pa á nwoŋi pwooni. 14A maa wó kwei a Jworo a ke abam wone se ko pa á na ŋwea, ye a daare a pa á jwoori á jeini á tete tega kam baŋa ne. Abam laam maa wó da ko baŋa ne á lɔre we amo Baŋa Wɛ mo tage konto, ye a seene a ke a na tage we a wó ke tei to. Yuu-tu Baŋa Wɛ na tage kolo to mo konto.’ ”
Isarele teo de Judah teo taane
15 Baŋa Wɛ kwora daa ma yi amo we:
16“Nabiinu, beeri daa se n popone ka baŋa ne we, ‘Judah, de Isarele tiina balo na ye o yera nɔɔna to nyem.’ Ta beeri daa kadwoŋi se n popone kanto baŋa ne we, ‘Josɛf bu Efrayim nyem, de Isarele tiina balo na ye wonto de yera nɔɔna to nyem.’ 17Laam ja se nia yam n ba n twoŋi daane se ya taa ye daa dedoa nmo jeŋa ne.
18Nmo dwi tiina bam ná bwei se ba lɔre n keim dem kuri, 19se n ta de-ba we, ‘Yuu-tu Baŋa Wɛ na tage tei to mo tento: Amo lage a kwei Josɛf daa kam na wo Efrayim jeŋa ne to mo, se a pa ka twoŋi de Judah daa kam, se banto maama ji daa dedoa. Ba laam maa wó taa ye dedoa amo jeŋa wone.’ 20Nam ta‑n zei dɛ selei sem konto n jeŋa ne se nɔɔna bam maama na. 21Nmo laam ma‑n wó ta de-ba we, ‘Yuu-tu Baŋa Wɛ na tage tei to mo tento: Amo lage a le Isarele tiina bam mo a ja a nwoŋi teene delo maama wone ba ya na zoore to. A maa wó la-ba a ja a nwoŋi logo baŋa sapɛ maama ne se ba jwoori ba jeini ba tete teo kom wone. 22Ba ná jwoori ba tega kam ne konto, a lage a pa ba maama ji teo dedoa ye ba zoore Isarele peero jei sem ne. Pɛ dedoa mo wó taa nii ba maama baŋa ne. Ba daa bá fɔge ba pɔɔre ba tete se ba ji teene delei. 23Ba nam daa bá biini ba tete de ba jwo-yɔɔro tem, de ba wo-zɔɔna de zwabania kikia yam. Amo tete mo lage a jwoŋi-ba a yage de ba na ywori a chwoŋa kam ne ba tusi tei to. Ba maa wó taa ye amo nɔɔna se amo de taa ye ba Wɛ wom.
24Amo tontoŋeno David nam mo wó taa ye ba pɛ. Nɔɔno dedoa wó taa nii ba maama baŋa ne, ne nayero na kɔne o pei sem tei to mo. A nɔɔna bam maa wó taa toŋe ba tɔge a nia yam de a bera yam. 25Ba wó taa zoore tega kalo a déem na kwei a pa a tontoŋeno Jakob to wone, mɛ seeni á nabaara de déem na zoore da to. Ba de ba dwi delo na saŋe ba kwaga to laam maa wó taa zoore tega kam konto ne se ko taa vei wuu, ye amo tontoŋeno David de taa ye ba dedɛɛro taa wuu. 26Amo nam wó gwoni ni mo de a nɔɔna bam bochare-zuru ŋwaane. Ni-gwonim dem konto wó taa zega se ko taa vei wuu. Amo lage a jeini-ba ba tega kam ne mo se ba taa wora chɔpe, ye ba puli de kɔgɔ. A maa wó pa se a wara-jei sem taa wo ba tetare ne se ko taa vei wuu. 27Amo maa wó taa zoore ba tei ne se a taa ye ba Wɛ, ye ba de ye amo tete nɔɔna. 28Logo baŋa teene dem maa wó lɔre we amo Baŋa Wɛ mo kuri Isarele tiina bam se ba taa ye amo tete nyem, ne a wara-jei sem ná wo ba tetare ne se ko taa vei wuu.’ ”",https://www.bible.com/bible/3661/EZK.37.KBG
EZEKELI 38,"Goga taane
1 Baŋa Wɛ kwora daa ma yi amo we:
2“Nabiinu, pipiri n yibia n jeeri Magoga teo pɛ Goga na tei Meseka de Tubal to. Pworisi taane n chɔge‑o, 3se n ta we, ‘Yuu-tu Baŋa Wɛ na tage tei to mo tento: Amo dwoni de nmo mo, nmo Goga na ye Meseka de Tubal yuu tu to. 4Amo lage a pa se n za n kikia yam mo. A maa wó kwei gwoli a ja‑m n peyaa seeni, ye a daare a vaŋe nmo de n jar-keira bam maama, de á sisein-nɔɔna de balo na diini-se to. Banto maama vɔge jara-keim zela mo ba zege diŋ-diŋ. Ba maa ye kɔ-fɔrɔ zanzam, ye ba zei se-zɔɔro de jara nantane. 5Peresia tiina, de Kusi tiina, de Puti tiina de wó tɔge ba taa wo ba wone, ye ba de jege ba jara nantane de ba yu-gwonnu. 6Gomera jar-keira bam maama de maa wora, ko woli de baŋa seeni teo Bɛte-Togarama jar-keira bam maama. Ba tu ba woli abam wone, se á jar-keira kɔgɔ kom tiini ko taa daga.
7Nmo Goga, de jar-keira kɔgɔ kolo maama na wo n tei ne to nam jege se á che á tete mo. Nmo wó ta‑n nii ba baŋa ne. 8Ko ná tu ko dáane fee, ba wó bwoŋi abam se á ti á yiga jara ŋwaane. Bena yam ná yi ya ti, á laam wó vo á kwaare jara de Isarele tiina bam, de ba ya na nwoŋi jara wone ye ba ba ba sii to de. Ba ma nwoŋi sa-teene dedɛ ne mo ba jwoori sɔŋɔ, ye ba laam zoore ba tete teo peero jei sem ne mɛ ya na tigi kafɛ to de bochare-zuru. 9Nmo de n jar-keira bam, de dwi-gɛ tiina balo na wo n tei ne to nam wó vo á jeeri-ba de jara mo, ne vo-dɛɔ na pɔpɔ ko zaŋe tei to. Abam wó li tega kam baŋa maama ne kunkwoŋo dwoŋi to.
10Yuu-tu Baŋa Wɛ na tage tei to mo tento: Maŋa kam konto ne, boboŋa wó taa kare n yuu ne ya via, se n da ko ŋwaane n jeeli lwarem se n ke. 11Nmo wó ta n tete ne we, “A lage a vo a ke chichuŋu de nɔɔna bam konto ye ba zoore chemm mo. Ba teene dem tiini de bwona lage-lage, ye kabiri wo chege-de. Bworru de nam tera se ba taa pe-de. 12A nam wó vo a chɔge jei selo ya na ye di-dwonnu ye nɔɔna laam fɔge ba kwɛ-te to. A maa wó vere nɔɔna bam wonnu tem. Ba déem ye peena mo sa-teene wone, ye ba jwoori ba tete teo ba zoora tega kalo na wo logo baŋa tetare ne to wone. Ba maa jege vara de jejegero dedɛ.”
13Nmo ná nwoŋi se n kwaare jara, Seba tiina, de Dedan tiina, de pipim-piina balo na nwoŋi Tarasisi de ko nawuura yam seeni to wó bwei ba we, “Nmo tu se n vere debam mo na? N lage n jar-keira bam mo n ke daane se á ba á vere debam lu-nyenno, de sabu-seŋa, dedaane dé vara, de dé jejegero, se á zeŋe wonnu dedɛ á ja á viiri na?” ’
14Konto ŋwaane, nabiinu, pworisi n chɔge Goga we, ‘Yuu-tu Baŋa Wɛ na tage tei to mo tento: Maŋa kam konto ná yia, ye a nɔɔna Isarele tiina bam zoore ba tega kam wone chemm mo, nmo bá maane ko ni ne na? 15Nmo wó zaŋe n nwoŋi n baŋa seeni teo kom ne n tɔge de n kɔ-fɔrɔ kom na ye teene dedɛ nɔɔna to n vo n kwaare jara de Isarele tiina bam. Abam jar-keira kɔ-fɔrɔ zanzam wó taa diini sisein-nɔɔna mo ba via. 16Á wó vo á zaŋe amo nɔɔna Isarele tiina bam baŋa ne mo ne kunkwoŋo na li tega kam baŋa maama tei to. Goga, da yam ná yi ya ti, amo lage a pa se n vo n kwaare jara de a tete teo kom, se dwi-gɛ tiina bam lɔre amo na ye wolo to, ne a ná tɔge nmo baŋa ne a bere jaja we a ye wose mo ye ba na.
17Yuu-tu Baŋa Wɛ nam na tage tei to mo tento: Ko dae nmo taane mo a déem ŋɔɔne ko tɔge Isarele sampwori sem na ye a tontoŋena to baŋa ne na? Ba déem kwei bena dedɛ mo ba pworisi we, amo lage a pa nmo ke chichuŋu de-ba. 18Ko nam na wó taa ye tei maŋa kam konto ne to mo tento: Goga ná jeeri Isarele teo kom de jara, amo ban-lom dem wó wiiri ba baŋa ne. Yuu-tu Baŋa Wɛ mo tage konto. 19A lage a da a ban-zɔŋɔ kom ŋwaane a ta jaja we, dɛ dem konto ne tega kam wó tiini ka ziziŋi mo Isarele laŋa kam ne. 20Ko maa wó pa se naneo wo ywona, de zuna balo na kare ba jaane wɛɛne to, de kago-vara, de tega-veila, de logo baŋa nabiina maama wó fom amo yiga ne. Peero tem de te gugworru maama wó sirimi, ye kabiri maama de to buri-buri. 21A maa wó pa se jara ba ya jeeri Goga amo tete peero tem maama yuu ne. Yuu-tu Baŋa Wɛ na tage kolo to mo konto. Nɔɔno maama wó kwei o se-zɔɔ o beeri o dwoŋi se o go. 22Amo nam wó tɔge jawe-chɛɛro, de nɔn-gora baŋa ne mo a yɔɔre a waare‑o. A maa wó pa do-fɔrɔ ba ka mage‑o, se a ta dole do-kandwa de chilibugu a yage o yera ne, de o jar-keira bam yera ne, de dwi-gɛ tiina kɔ-fɔrɔ kom na wo o tei ne to de yera ne. 23Konto baŋa ne mo amo wó pa se logo baŋa teene dedɛ lɔre amo na ye kamunu ye a ta ye wose tei to. A maa wó veere a tete ba yiga ne. Ba laam maa wó lɔre we amo mo ye Baŋa Wɛ wom.’ ”",https://www.bible.com/bible/3661/EZK.38.KBG
EZEKELI 39,"1“Nabiinu, pworisi taane n chɔge Goga se n ta we, ‘Yuu-tu Baŋa Wɛ na tage tei to mo tento: Goga, amo dwoni de nmo, nmo wolo na ye Meseka, de Tubal yuu tu to. 2A lage a pa se n za n kikia yam mo. A maa wó kale‑m, se a pa n nwoŋi baŋa seeni teo kom mɛ n ya na wora to se n ba n kwaare jara Isarele peero tem baŋa ne. 3A laam maa wó fere taŋa kalo n na zei n jagwia ne to a de tega ne, ye a daare a pa se n chena yam n na zei n jazem ne to de lwei ya to tega ne. 4Isarele peero tem yuu ne mo n lage n te, nmo de n jar-keira bam maama, de dwi-gɛ tiina balo na wo n tei ne to. Abam yera yam laam maa wó ji duura, de zuna dwi maama, de kago-vara ni-wodiu. 5Nmo yera yam wó yɔɔre ya taa tigi pwola ne mo pare-pare. Amo Yuu-tu Baŋa Wɛ mo tage konto. 6Amo lage a tɔrege mini mo a de Magoga de balo na zoore chemm naneo kom ni ne to wone. Ba laam maa wó lɔre we amo mo ye Baŋa Wɛ wom.
7Amo lage a pa se a nɔɔna Isarele tiina bam taa yei amo yere dem ni ne mo. A daa bá pa-ba chwoŋa se ba yaale-de, de na yɔɔre de ye wose to ŋwaane. Logo baŋa teene dem maama de maa wó lɔre we amo Baŋa Wɛ mo ye Wo-pwoŋo Tu ye a nii Isarele teo kom baŋa ne. 8Nii-na! Maŋa lage ka yi se wonnu tento seene te ke! Yuu-tu Baŋa Wɛ na tage kolo to mo konto. Ko ye maŋa kalo amo na maŋe a ta ka taane to mo.
9Maŋa kam konto nam ná yia, Isarele tiina bam wó nwoŋi ba sam dem ne ba vo ba pɛ jara zela yalo jar-keira bam na tega ba daare to, se ba kwei-ya ba ma dwei mini. Ba maa wó kwei ba jara nantane sem, de ba tɛ sem, de ba chena yam, de ba jara-keim gwola yam, de ba chichwoa yam, se ba taa jege-te ba dwei mini bena yarepɛ. 10Ba daa bá vo gaao se ba puuri da-dwa, naa ba zo goa wone se ba gwoni dɛ, ba na wó taa jege jara zela yam ba ma ba dwei mini to ŋwaane. Konto to, Isarele tiina bam wó yiri ba jene balo déem na vere-ba to baŋa ne, de ba na vere banto de wonnu to. Yuu-tu Baŋa Wɛ na tage kolo to mo konto.
11Maŋa kam konto ne, amo wó kwei tega Isarele laŋa kam ne a pa Goga, se ba suli o de o jar-keira bam da. Ka maa wó taa ye chwo-veila bwolo kom ne, nɔɔna na tɔge mɛ ba vei naneo kom wɛ-puli seeni to mo. Ba yibeela yam nam wó che chwoŋa kam mo se nɔɔna daa yé wane ba tɔge da ba kɛ, ba na wó suli Goga de o kɔ-fɔrɔ kom maama da to ŋwaane. Konto ŋwaane ba wó taa bwoi jei sem we, “Goga nɔn-kɔgɔ bwolo” mo.
12Isarele tiina bam wó kwei chane serepɛ mo ba suli twa bam ba ti, se ba wane ba kwɛ tega kam. 13Teo kom nɔn-bia bam maama nam mo wó suli twa bam. Ko maa wó pa ba jwoŋi yere dɛ delo ne amo na wó bere a nenɔŋ-fɔrɔ kom jaja to. Yuu-tu Baŋa Wɛ na tage kolo to mo konto. 14Ba maa wó kuri nɔɔna se ba taa kare tega kam ni maama ba beera, se ba nii ba na twa balo ta na tigi pwola ne to. Ba maa ná nɛ-ba, nɔɔna badaara wó suli-ba mo se ko kwɛ tega kam. Ba wó taa ke konto mo chane serepɛ. 15Ba ná kare tega kam ne ba via, ye ba dedoa ná nɛ nabiinu kua, kotu wó ke maana mo o tiŋi ka yera ne. Bayɛ maa wó ba ba kwei kua kam ba vo ba suli Goga nɔn-kɔgɔ bwolo kom ne. 16Ba wó tɔge chwoŋa kam konto mo ba kwɛ tega kam. Teo kodwoŋi nam wó taa wo jei sem konto ne, ko yere na ye Hamona.’
17Ko nam ná ye nmo, nabiinu, Yuu-tu Baŋa Wɛ na tage tei de nmo to mo tento: Bwoŋi zuna dwi maama, de kago-vara bam se n ta we, ‘Nwoŋi-na jei maama á ba á jeeri daane Isarele peero tem yuu ne, se á di kaanem kuri delo a na ke se a pa abam to. Ko ye kuri-fɔrɔ mo a ke dáane, se a pa abam di nɔna, ye á daare á nyɔ jana á su. 18Á wó di babɛ ya-nɔna ye á daare á nyɔ tega baŋa dedɛɛra jana. Ba wó taa nye de pi-bale, de pipeili, de bo-bale, de na-bale mo ba pɛ abam se á di, ye ba maama nugi bigila-bigila ne Basan vara bam na ye tei to mo. 19Abam ná tu á di kuri delo amo na wó ke a pa abam to, á wó di nabiina yera lara se á yera ba ya sɔɔre, ye ba jana bam á na wó nyɔ to de maa wó pa á bugi. 20Wodiu kolo amo na wó pa abam se á di to, abam wó kuri sisein-nɔɔna de balo ya na diini-se to nɔna mo á di á boboŋa.’ Yuu-tu Baŋa Wɛ na tage kolo to mo konto.
21Amo nam wó pa se a nenɔŋ-fɔrɔ kom bere jaja logo baŋa dwi maama tetare ne. Ba maama wó na a na tɔge a dam-fɔrɔ kom ŋwaane a yɔɔre a waare-ba tei to. 22Ko maa na wó zege maŋa kam konto ne se ko taa vei to, Isarele dwi tiina bam wó lɔre we amo mo ye ba Tu Baŋa Wɛ wom. 23Dwi-gɛ tiina bam de maa wó lɔre we Isarele tiina bam na ke wɛleera ye ba nwoŋi amo kwaga ne to ŋwaane mo amo déem dole-ba a yage sa-teo ne yiga yiga. A laam ma le a yiga ba wone, ye a ke-ba ba dona jeŋa ne, pa se ba maama te jara wone. 24A déem waare-ba se ko maŋe de ba totoŋ-zɔɔna de ba zwabania kikia yam na ye tei to mo. Amo yiga daa tera ba wone.
25Konto ŋwaane, Yuu-tu Baŋa Wɛ na tage tei to mo tento: Amo wó pa se Jakob dwi dem jwoori ba taa jege yu-ywoŋo, ye a duri Isarele tiina bam maama ŋwaŋa. A maa wó seene a yia se a zeiŋi a yere dem na ye wose to wɛɛne. 26Ba ná tu ba jeini ba tete tega kam wone ye nɔɔn-nɔɔno daa ba fugi-ba, ba laam wó swei chaveera yalo maama ba ya na nɛ to, de zwabania kikia yalo ba na ke ba chɔge amo yiga to ni ne. 27Amo wó le-ba a ja a nwoŋi teene delo ba ya na zoore de wone to, se a jwoŋi-ba ba dona jeŋa ne. A maa wó tɔge ba baŋa ne a bere jaja we a ye wose, se dwi-gɛ tiina dedɛ taa zege ba nia. 28Amo nɔɔna bam laam maa wó lɔre we amo mo ye ba Tu Baŋa Wɛ wom. Kokuri, amo ya mo dole-ba a yage teene dedwonna wone, ye a nam daa wó ja-ba a jwoori a jeini ba tete teo kom wone. A daa bá yage ba dedoa tete de se kotu daare jei sem konto ne. 29Amo daa bá le a yiga ba wone. A nam lage a lwo a Jworo mo a yage Isarele dwi tiina bam baŋa ne. Yuu-tu Baŋa Wɛ na tage kolo to mo konto.”",https://www.bible.com/bible/3661/EZK.39.KBG
EZEKELI 40,"Jerusalem nadoŋo kom taane
1 Baŋa Wɛ dam dem déem tu amo baŋa. Ko ye bene delo ba na kale debam ba vo sa-teo yiga yiga ye bena finlei-yanu kɛ to boboa chana kam da fuga dɛ dem ne mo konto. Ko nam ye Jerusalem teo totoore dem kwaga ne bena fuga-yana bene dem ne mo. Baŋa Wɛ dam dem na tu amo baŋa dɛ dem konto ne to mo o jaane-ne o vo o bere-ne Jerusalem na ye tei to. 2Wɛ ma veere wonnu o bere-ne ye o pa a vo Isarele tega kam seeni se a zege peo na tiini ko dɔra to yuu ne. Amo na nii tega-kuri seeni to, mo a nɛ sam dedɛ na lɔge de zega, ne te-fɔrɔ mo zege de sam to. 3O na jaane-ne pa a fɔɔre a yi da to, mo a nɛ nɔɔno na zega, ye o nyeena ne channa na ye tei to. Kotu yɔɔre o zege manchwo-peo kom ni ne mo, ye o zei ŋona de kasogo o jeŋa ne, ne ba na ma-te ba maŋe wonnu tei to. 4Nɔɔno wom laam ma ta de amo o we, “Nabiinu, fɔge n puri n yia se n nii, n daare n pore n zwa se n cheigi kolo maama a na lage a bere‑m to. Kokuri, konto ŋwaane mo ba jaane‑m ba ba ywo-seeni. Tole kolo maama n na nɛ to n bere Isarele tiina bam.”
Wɛ diga konkɔlɔ wɛ-puli seeni ni dem
5Amo ma nii a na kabira na lɔge ka che Wɛ diga kam jei sem maama. Nɔɔno wom na zei kasogo kolo to dedɔrem déem ye naba-laara yatɔ mo. O ma kwei-ko o maŋe kabira kam na lira tei to. Ka maŋem déem nam ye kasogo dedoa. Ka dedɔrem baŋa maŋem de maa ye kasogo dedoa.
6O laam ma vo o yi Wɛ diga kam ni delo na jeeri wɛ-puli seeni to. O ma dɔɔle nateina yam o di, ye o daare o maŋe manchwo-ni dem seeni na dɔra tei to. De maŋem dem déem ye kasogo dedoa mo. 7Gugworru teredo déem mo zege te geene tetare chwoŋa kam ka sɛ selei sem ne. Te dedɔrem baŋa maŋem ye kasogo dedoa mo. Te kayɔlɔ baŋa maŋem de maa ye kasogo dedoa. Kabira kalo na chege ka pɔɔre gugworru tem maama daane to maa ye jatwogo de noa ni maŋem kuni benu. Napɔrɔ kolo na jeeri Wɛ diga kam to manchwo-ni maŋem de maa ye kasogo dedoa.
8Nɔɔno wom ta ma maŋe napɔrɔ kom tete. 9Ko wo kom maa ye jatwogo de noa ni maŋem kuni nana, ye ko taara yam maa ye jatwogo de noa ni maŋem belei. Napɔrɔ kom ni dem déem jeeri Wɛ diga kam tete mo.
10Gugworru tetɔ tetɔ maa wo tetare chwoŋa kam sɛ selei sem maama ne. Te maama mae daane mo, ye taala yalo na wora to de maa mae daane. 11O ta ma maŋe chwoŋa kalo na tɔge ni dem seeni to. Ka na yala tei to maa ye jatwogo de noa ni maŋem kuni fuga. Ka dedɔrem baŋa maŋem maa ye jatwogo de noa ni maŋem kuni fuga-betɔ. 12Gugworo maama yiga ne, gengaŋ-tua mo zege da ye ka maŋe de jatwogo de noa ni maŋem dedoa. Gugworru tem tete maama maa ye jatwogo de noa ni maŋem kuni beredo se sɛ sena sem maama baŋa ne. 13Nɔɔno wom daa ma zege gugworo dedoa kwaga kabira kam seeni, o tɔge tetare chwoŋa kam seeni o maŋe o zo gugworo kodwoŋi kwaga kabira kam. Ko maa ye jatwogo de noa ni maŋem kuni finlei-benu. 14O laam ma jeeli napɔrɔ kom wɛ-baŋa maŋem dem. Ko maa ye jatwogo de noa ni maŋem kuni fuseredo. Napɔrɔ kom déem jeeri konkɔlɔ kolo na wo ko sɛ setɔ sem ne to mo. 15Pwola kalo ba na tɔge da ba kɛ, ko zege pwooni yiga ni dem ne se ko yi napɔrɔ kom ni dem to maŋem maa ye jatwogo de noa ni maŋem finnu. 16Gugworru tem de te taala yam déem jege takworru mo te kabiri sem yera maama ne. Napɔrɔ kom de maa jege takworru konto dwoŋi. Konkwara nyenyero mo gɔgere te tigi taala yam maama yera ne.
Da-yiga konkɔlɔ kom
17Nɔɔno wom ma ja-ne pa dé zo Wɛ diga kam da-yiga konkɔlɔ kom. Amo ma nii a na di selo na lɔge da to, de ko pwola kalo na fɔge ka kwɛ to. Di sem ke daane se ye fintɔ mo. Se déem lɔge se jeeri pwola kam mo ye se kaare konkɔlɔ kom maama. 18Pwola kam maa tigi ka tɔge konkɔlɔ kom nia yam maama, pa se ka dedɔrem maŋe de-ya. Kuri seeni pwola kam mo konto. 19O ma maŋe pwola kalo na tigi konkɔlɔ kom nia yalei yam tetare laŋa ne to. Ko na zege wɛ-puli seeni ni dem se ko taa vei baŋa seeni ni dem to, ko maŋem ye jatwogo de noa ni maŋem kuni bi mo.
Baŋa seeni ni dem
20Nɔɔno wom daa ma maŋe ni delo na jeeri baŋa seeni ye de tole de vei da-yiga konkɔlɔ kom to. 21Gugworru tetɔ tetɔ na wo tetare chwoŋa kam sɛ sem ne to, de te taala yam, ko woli de napɔrɔ kom maama maŋem ye bedwe mo de wɛ-puli seeni ni dem na ye tei to. Ni dem diga kam ye jatwogo de noa ni maŋem kuni finnu mo dedɔrem baŋa ne. De taa ye jatwogo de noa ni maŋem finlei-benu ko kayɔlɔ baŋa ne. 22Ka takworru tem, de napɔrɔ kom, dedaane konkwara nyenyero telo na gɔgere te tigi ka kabiri sem yera ne to maama yɔɔre te ye bedwe mo de wɛ-puli seeni ni dem na ye tei to. Ka maa jege nateina yarepɛ na diini ya vei ka wone. Nɔɔna ná diini ba yi da, ka napɔrɔ kom wó taa wo ba yiga ne mo. 23Ni dedwoŋi de maa wora de na vei de zoore tetare konkɔlɔ kom wone, ye de jeeri baŋa seeni ni dem. Ni dedwoŋi de maa wo konkɔlɔ kom wɛ-puli seeni. Nɔɔno wom ma maŋe pwola kalo na tigi ni dedwe ne, se ko yi ni dedwoŋi dem ne to. Ko maa ye jatwogo de noa ni maŋem kuni bi.
Tega-kuri seeni ni dem
24Nɔɔno wom laam ma tɔge a yiga pa dé vo konkɔlɔ kom tega-kuri dem seeni. Amo ma nii a na ni delo na jeeri tega-kuri seeni to. O ma maŋe de taala yam, de de napɔrɔ kom. Te maama maŋem dem yɔɔre de ye bedwe de nia yadwonna yam na ye tei to mo. 25Ni dem diga kam de de napɔrɔ kom maa jege takworru ne nia yadwonna yam takworru tem na ye tei to. Diga kam ye jatwogo de noa ni maŋem kuni finnu mo dedɔrem baŋa ne. Ka ta ye jatwogo de noa ni maŋem finlei-benu mo kayɔlɔ baŋa ne. 26Ka maa jege nateina yarepɛ na diini ya vei ka wone. Nɔɔna ná diini ba yi da, ka napɔrɔ kom wó taa wo ba yiga ne mo. Ka taala yam maa jege konkwara nyenyero na gɔgere te tigi ya yera ne to, konkwara dedoa saŋa maama ne. 27Wɛ diga kam tetare konkɔlɔ kom de maa jege ni delo na jeeri tega-kuri seeni to. Nɔɔno wom ma maŋe pwola kalo na tigi tega-kuri seeni nia yalei yam tetare laŋa ne to. Ko maa ye jatwogo de noa ni maŋem kuni bi.
Nia yalo na vei ya zoore tetare konkɔlɔ kom wone to
28O daa ma tɔge tega-kuri ni dem seeni o ja-ne pa dé zo Wɛ diga tetare konkɔlɔ kom wone. O ma maŋe tega-kuri seeni ni dem, ye dento de nia yadwonna yam maŋem ye bedwe. 29De gugworru tem, de taala yam, de napɔrɔ kom maama maŋem dem ye bedwe de nia yadwonna yam mo. Ni dem diga kam, de napɔrɔ kom kabiri maama maa jege takworru se yera ne. Ka maa ye jatwogo de noa ni maŋem kuni finnu dedɔrem baŋa ne. Ka ta ye jatwogo de noa ni maŋem finlei-benu mo kayɔlɔ baŋa ne. 30Tetare konkɔlɔ kom saŋa maama jege ka napɔrɔ mo. Te maama ye jatwogo de noa ni maŋem kuni finlei-benu mo dedɔrem baŋa ne. Te ta ye jatwogo de noa ni maŋem kuni benu mo kayɔlɔ baŋa ne. 31Napɔrɔ kom nam jeeri da-yiga konkɔlɔ kom mo. Konkwara nyenyero déem gɔgere mo te tigi kabiri sem yera ne. Nateina nana de maa tole ya diini ni dem konto ne.
32Nɔɔno wom daa ma ja-ne o vo o yi tetare konkɔlɔ kom wɛ-puli seeni saŋa kam. O ma maŋe ka ni dem. De de maŋem yɔɔre de ye ne yadwonna yam maŋem na ye tei to mo. 33De gugworru tem, de taala yam, de napɔrɔ kom maama maŋem ye bedwe de nia yadwonna yam mo. Ni dem diga kam, de napɔrɔ kom kabiri maama maa jege takworru se yera ne. Ka maa ye jatwogo de noa ni maŋem kuni finnu dedɔrem baŋa ne. Ka ta ye jatwogo de noa ni maŋem finlei-benu mo kayɔlɔ baŋa ne. 34Napɔrɔ kom jeeri da-yiga konkɔlɔ kom mo. Konkwara nyenyero déem maa gɔgere te tigi kabiri sem yera ne. Nateina nana de maa tole ya diini ni dem konto ne.
35O daa ma ja-ne pa dé yi baŋa seeni ni dem, ye o maŋe-de. Dento de maŋem ye bedwe de nia yadwonna yam na mae tei to, 36dedaane de gugworru tem, de taala yam, de napɔrɔ kom maama mo. Diga kam kabiri sem maama maa jege takworru se yera ne. Ka maŋem dem ye jatwogo de noa ni maŋem finnu mo dedɔrem baŋa ne. Ka ta ye jatwogo de noa ni maŋem finlei-benu mo kayɔlɔ baŋa ne. 37Napɔrɔ kom jeeri da-yiga konkɔlɔ kom mo. Konkwara nyenyero déem mo gɔgere te tigi ko kabiri sem yera ne. Nateina nana de maa tole ya diini ni dem konto ne.
Kaanem vara kwɛɛm diga
38Diga kadwoŋi de ka ni maa wo konkɔlɔ ni dem konto napɔrɔ kom teiŋa ne. Ka wone mo ba yeini ba zare vara balo ba na wó go ba ma ke zwɛɛm kaanem to. 39Tabollo tena mo zege napɔrɔ kom ne. Te telei mo zege diga kam saŋa dedoa seeni, ye telei de zege saŋa kadwoŋi kam ne. Te baŋa ne mo ba nam goe vara balo ba na wó ma ba ke zwɛɛm kaanem, de wɛleere saarem kaanem, de wɛleere jene kaanem to. 40Tabollo tena ta mo wo napɔrɔ kom pwooni yiga ne, mɛ nɔɔna na diini ba tɔge baŋa seeni ni dem to. Telei maa wo ni dem saŋa dedoa seeni, ye telei de wo saŋa kakam kam ne. 41Ko maa na ye tei to, tabollo nana mo wora. Tena mo wo napɔrɔ kom wone, ye tena de wo pwooni yiga kam ne. Te maa ye se ba go kaanem vara bam mo te baŋa ne. 42Tabollo tena maa wora ba na sare kandwa ye ba ma-ya ba ke-te to. Ba mae tento mo ba chae zwɛɛm kaanem vara bam. Tabollo tem konto dedɔrem baŋa maŋem ye jatwogo de noa ni maŋem dedoa de chicheiro mo. Te kayɔlɔ baŋa maŋem de ta ye konto mo. Te wɛ-baŋa maŋem maa ye jatwogo de noa ni maŋem dedoa. Fane selo ba na mae ba gwona vara balo ba na wó ma ba ke zwɛɛm kaanem de kaanem dwi maama to mo ba kwei ba tiŋi tabollo tem konto baŋa ne. 43Gwoli de maa meeli diga kam wo kabira yera maama ne. Se ye da-yiga noa maŋem mo. Tabollo tem nam wora se ba ná go vara bam, se ba kwei nɔna yam mo ba daŋe te baŋa ne.
Kaanem tiina bam di sem
44Wɛ diga tetare konkɔlɔ kom wone di selei maa wora, se na wo konkɔlɔ ni dem pwooni yiga ne to. Se dedoa yeiri ni delo na wo baŋa seeni to mo ye ka jeeri tega-kuri seeni. Diga kadwoŋi kam de maa yeiri ni delo na wo tega-kuri seeni to, ye ka jeeri baŋa seeni. 45Nɔɔno wom laam ma ta de amo o we, “Diga kalo na jeeri tega-kuri seeni to ye kaanem tiina balo na nii Wɛ diga kam baŋa ne to nyem mo. 46Ko daare kalo na jeeri baŋa seeni to maa ye kaanem tiina balo na nii kaanem bimbini dem baŋa ne to de nyem. Banto nam ye Zadoki diga kam tiina mo. Levi dwi dem maama wone nɔɔna banto yerane mo jege chwoŋa se ba fɔɔre ba twɛ Baŋa Wɛ tei se ba taa toŋa ba pa‑o.”
47Nɔɔno wom laam ma maŋe tetare konkɔlɔ kom. Ko yɔɔre ko mae da ko mae da mo, dedɔrem baŋa, de kayɔlɔ baŋa ne. Ko maa ye jatwogo de noa ni maŋem bi bi. Kaanem bimbini dem maa zege Wɛ diga kam yiga ne.
Wɛ diga kam
48O laam ma ja-ne o vo o yi Wɛ diga kam tete napɔrɔ kom. O ma maŋe ko taala yalei yam na wo ni dem sɛ selei sem ne to. Ya na lira tei to ye jatwogo de noa ni maŋem kuni benu mo. Napɔrɔ kom ni dem maa ye jatwogo de noa ni maŋem fuga-bena kayɔlɔ baŋa ne. Ka sɛ kabiri sem ye jatwogo de noa ni maŋem betɔ betɔ saŋa maama baŋa ne mo. 49Napɔrɔ kom maa ye jatwogo de noa ni maŋem finlei kayɔlɔ baŋa ne. Ko ta ye jatwogo de noa ni maŋem fuga-belei mo dedɔrem baŋa ne. Nateina mo dɔɔle ya diini ya yi diga kam ni. Ywoa yalei na wo taala yam teiŋa ne to déem maa chwi ya zege ni dem saŋa maama ne.",https://www.bible.com/bible/3661/EZK.40.KBG
EZEKELI 41,"1Nɔɔno wom laam ma ja-ne o zo di-yuu kom. O ma maŋe taala yalei yam na wo ka ni dem sɛ selei sem ne to. Ya dedoa na lira tei to ye jatwogo de noa ni maŋem beredo mo. 2Ka ni dem maŋem ye jatwogo de noa ni kuni fuga mo. Ka sɛ kabiri sem maa ye jatwogo de noa ni maŋem benu benu saŋa maama baŋa ne. O ta ma maŋe diga kam tete. Ka dedɔrem baŋa maŋem maa ye jatwogo de noa ni maŋem kuni finna. Ka kayɔlɔ baŋa maŋem de maa ye jatwogo de noa ni maŋem kuni finlei. 3O laam ma vo o zo di-yun-gala kam. O ma maŋe taala yalei yam na wo ka ni dem sɛ selei sem ne to. Ya dedoa dedoa maa ye jatwogo de noa ni maŋem belei. Ni dem tete ye jatwogo de noa ni maŋem kuni beredo mo kayɔlɔ baŋa ne. Ka sɛ kabiri sem maa ye jatwogo de noa ni maŋem berepɛ berepɛ. 4O laam ma maŋe di-yun-gala kam tete, de ka na lɛɛne ka yi di-yuu kom to. Ko maa ye jatwogo de noa ni maŋem finlei dedɔrem baŋa ne. Ko ta ye jatwogo de noa ni maŋem finlei mo kayɔlɔ baŋa ne. O ma ta de amo o we, “Diga kanto mo tiini ka ye wose Wɛ ŋwaane.”
5Nɔɔno wom laam ma maŋe Wɛ diga kabira kam ni na ye tei to. Ka na lira tei to ye jatwogo de noa ni maŋem beredo mo. Di-balwa balo na lɔge ba yeiri Wɛ diga kabira kam pwooni yiga seeni to ye jatwogo de noa ni maŋem bena bena mo kayɔlɔ baŋa ne. 6Di-balwa bam konto lɔge ba daŋe da-baŋa mo kuni betɔ. Se maa ye di fintɔ mo gena maama ne. Ba nam na lɔge di-kamunu kom kabira kam tei to, ba pɔɔre mɛ di-balwa bei sem na wó peini da to mo, se ba daa yé lu bɔɔna kabira kam yera ne ba lɔ. 7Di selo na lɔge se daŋe baŋa gene sem ne to yala se dwoi selo na wo kuri dem ne to, se ko tɔge Wɛ diga kabira kam na ye tei ko zege tega kam seeni ko taa diini baŋa seeni to. Nateina mo zege kuri gene sem ne ya dɔɔle ya tɔge tetare gene sem seeni, ya kɛ ya di baŋa seeni gene di sem.
8Amo ma nii a na we ba lɔge bimbini mo na kaare Wɛ diga kam maama. Di-balwa bam déem chwi bimbini dem baŋa ne mo, ye de maŋem dem ye kasogo dedoa. Jatwogo de noa ni maŋem kuni beredo mo konto. 9Di-balwa bam kabiri sem liliru maŋem ye jatwogo de noa ni kuni benu mo. Ko daare, pwola kalo na tigi Wɛ diga kam di-balwa bam, 10dedaane konkɔlɔ kom di sedwonna sem laŋa ne to ya ye jatwogo de noa ni maŋem finlei mo ka kayɔlɔ baŋa ne, se ko ja ko kaare Wɛ diga kam ni maama. 11Nia mo wora ya na tɔge ya zoore di-balwa bam wone, ne nɔɔno ná zege pwola kam ne o beene da. Ni dedoa zege Wɛ diga kam baŋa seeni mo, ye dedwoŋi dem zege ka tega-kuri seeni. Pwola kalo na daare to kayɔlɔ baŋa maŋem dem laam maa ye jatwogo de noa ni maŋem benu ko kaare Wɛ diga kam maama.
12Diga kadwoŋi déem wo Wɛ diga kam wɛ-zoore seeni ka na jeeri konkɔlɔ kom. Ka maa ye jatwogo de noa ni maŋem kuni fuserepɛ kayɔlɔ baŋa ne. Ka kabira kam liliru maŋem maa ye jatwogo de noa ni maŋem benu se ko kaare ko pu. Ka dedɔrem baŋa maŋem maa ye jatwogo de noa ni kuni funogo.
13Nɔɔno wom laam ma maŋe Wɛ diga kam. Ka ye jatwogo de noa ni maŋem bi mo dedɔrem baŋa ne. Wɛ diga konkɔlɔ kom pwola kayɔlɔ maŋem de maa ye jatwogo de noa ni maŋem bi, se ko vo ko yi diga kam de ka kabira kam maama. 14Wɛ diga konkɔlɔ pwola kalo na wo ka wɛ-puli seeni to, de ka yiga kam seeni de maa ye jatwogo de noa ni maŋem bi kayɔlɔ baŋa ne.
15Nɔɔno wom daa ma maŋe diga kalo na wo Wɛ diga kam wɛ-zoore seeni ye ka jeeri konkɔlɔ kom to, ko woli de di selo na yeiri ka sɛ selei sem to. Ko maama maa ye jatwogo de noa ni maŋem kuni bi.
Ko ta ná ye Wɛ diga napɔrɔ kom, de ka di-yuu kom, dedaane di-yun-gala kam, 16ba kwei da-pelwaro mo ba kwoli di setɔ sem maama wo kabira kam, ko zege ka tega kam seeni se ko yi takworru tem na wo mɛ to. Di sem nia yam, de se takworru tem, dedaane se gugworru tem maama mo ba fɔge ba kwɛ konto dwoŋi ba zege. 17Ko ta ná ye ni delo na zoore di-yuu kom to, ba ma kwɛ kabira kalo na wo de baŋa kam seeni to. Ba ma gɔgere Wɛ diga kam wo kabiri sem maama. 18Ko nam ye cherubi de konkwara nyenyero mo ba gɔgere ba ke da, pa se cherubi maama gɔgere ko saŋe konkwara. Ba nam ke cherubi maama pa ka jege yibi selei mo. 19Cherubi maama yibia kalo na ye nabiinu yibia to wó jeeri konkwara mo daa dedoa ne, ye ka yibia kalo na ye nywoŋo yibia to jeeri konkwara kadwoŋi na saŋe to. Te ke konto dwoŋi mo te kaare diga kam wo maama. 20Ko na zege tega ne se ko ja ko di jeiga kalo na wo ni dem baŋa seeni to, ba yɔɔre ba gɔgere cherubi, de konkwara nyenyero mo Wɛ di-yuu kom kabiri sem yera ne.
21Ni delo na zoore di-yuu kom to sɛ sena sem mae daane mo. Delo dem maa na zoore di-yun-gala kam wo to de ye konto dwoŋi. 22Kaanem bimbini delo ba na mɛ daa ba ke to maa zege da. De maa ye jatwogo de noa ni maŋem kuni betɔ wɛ-baŋa ne. De dedɔrem dem baŋa seeni de de kayɔlɔ baŋa seeni de maa ye jatwogo de noa ni maŋem belei belei. Bimbini dem nyea yam, de de kuri dem seeni, dedaane de sɛ sem maama ye dɛ mo ba mɛ ba ke. Nɔɔno wom ma ta de amo o we, “Tabolo konto mo ye kolo na zege Baŋa Wɛ yiga ne to.”
23Ni delo na zoore di-yuu kom to, de delo na zoore di-yun-gala kam to maama jege bworru telei telei mo. 24Bworo maama jege vɔna yalei mo pa ko wae ko piri ko tete ko ke daane. 25Ba ta ma gɔgere cherubi de konkwara nyenyero di-yuu kom ni-bworru tem yera ne, ne ba na ke tei kabiri sem yera ne to. Ba mɛ dɛ mo ba tei pwoŋa Wɛ diga napɔrɔ kom pwooni yiga ne. 26Takworru maa wo napɔrɔ kom ni sɛ selei sem ne, ye ba gɔgere konkwara nyenyero ba ke da. Wɛ diga di-balwa bam de se pwei sem de déem kwɛ konto dwoŋi mo.",https://www.bible.com/bible/3661/EZK.41.KBG
EZEKELI 42,"Kaanem tiina bam di
1Nɔɔno wom daa ma ja-ne o vo baŋa seeni se dé zo da-yiga konkɔlɔ kom. O ma bere-ne diga kalo na lɔge ka yeiri Wɛ diga tetare konkɔlɔ kabira kam na jeeri baŋa seeni to. 2Diga kam ni déem wo baŋa seeni mo. Ka maŋem dem maa ye jatwogo de noa ni kuni bi dedɔrem baŋa ne. Ka ta ye jatwogo de noa ni maŋem finnu mo kayɔlɔ baŋa ne. 3Pwola maa wo ka yiga ne, ne nɔɔno ná wo tetare konkɔlɔ kom seeni. Pwola kam na yala tei to ye jatwogo de noa ni maŋem finlei mo. Diga kam saŋa kadwoŋi kam ma jeeri pwola kalo na tigi da-yiga konkɔlɔ kom ne to. Ka maa jege di na lɔge gene setɔ ye se daŋe da-baŋa ne to. 4Di sem yiga ne tetare chwoŋa mo tigi da. Ka maa ye jatwogo de noa ni maŋem fuga ka kayɔlɔ baŋa ne, de jatwogo de noa ni maŋem kuni bi ka dedɔrem baŋa ne. Di sem nia yam yɔɔre ya jeeri baŋa seeni mo. 5Di sem na lɔge tei to, selo na wo baŋa seeni to muri selo na wo tetare dem seeni to mo. Selo de maa na wo tetare ne to de daa maa muri selo na wo kuri dem seeni to. 6Di sem na lɔge gene setɔ da-baŋa ne konto to, ba wo chwi ywoa yalo na wó teili-se to, ne konkwallo tem di sedwonna na jege tei to. Ko ma pa di selo na lɔge se zege baŋa ne to muri selo na wo kuri dem ne to. 7Kabira kadwoŋi maa zege ka maŋe de di sem, de da-yiga konkɔlɔ kom. Ka ye jatwogo de noa ni maŋem finnu mo dedɔrem baŋa ne. 8Di selo gena na yeiri da-yiga konkɔlɔ kom to maŋem ye jatwogo de noa ni finnu mo dedɔrem baŋa ne. Gena kalo na lɔge Wɛ diga kam teiŋa ne to dedɔrem maŋem maa ye jatwogo de noa ni maŋem bi. 9Di selo na wo kuri seeni to jege ni na wo se wɛ-puli seeni, ne nɔɔno ná nwoŋi da-yiga konkɔlɔ jei sem ne ye kotu maa zoore se wone. 10Ni dem konto maa wo konkɔlɔ kabira kam na bobo mɛ to ne.
Di sedwonna maa wo Wɛ diga da-yiga konkɔlɔ kom tega-kuri seeni, ye se yɔɔre se jeeri diga kadwoŋi kam. 11Tetare chwoŋa mo tigi se yiga ne. Di sem konto nam yɔɔre se nye de selo na wo baŋa seeni to mo. Se maŋem dem maama yɔɔre de ye bedwe de baŋa seeni di sem na ye tei to mo. Se nia yam de maa ye bedwe de nia yalo na wo baŋa seeni di sem ne to. 12Tega-kuri di sem maa jege ni delo na jeeri wɛ-puli seeni se ko maŋe de kabira kam na bobo mɛ seeni ka lɔ ka zege to.
13Nɔɔno wom laam ma ta de amo o we, “Di sento na wo Wɛ diga tetare konkɔlɔ kom baŋa seeni, de selo na wo ko tega-kuri seeni to ye wose mo. Dáane mo Baŋa Wɛ kaanem tiina balo na bwola ded‑o to wó yeini ba di kaanem wodiu kolo na tiini ko ye wose to. Ba maa wó tiŋi wonnu telo na ye wose to di sem konto wone, ne ko ná ye wodiu kaanem ŋwaane, de wɛleera saarem kaanem, de wɛleera jene kaanem ŋwaane. Kokuri to, di sem ye wose mo Wɛ ŋwaane. 14Kaanem tiina bam ná yeini ba zo Wɛ diga kam tete, ba daa bá wane ba nwoŋi ka jei sem ne, se ba zo da-yiga konkɔlɔ kom, ye ba wo lɔɔre ba kaanem gwaaro tem ba tiŋi di sem konto wone. Ba maa wó yeini ba kwei gwaaro tedwonna ba zo, se ba laam wane ba yi nɔɔna bam na wo mɛ seeni to.”
15O na maŋe woŋo kolo dwi maama na wo Wɛ diga jei sem ne o ti to, mo o jaane-ne pa dé tɔge wɛ-puli seeni ni dem dé nwoŋi pwooni. O laam ma maŋe pwola kalo na kaare dáane maama to. 16O kwei kasogo kolo o ya na jege o maŋe wonnu tem maama to mo o maa maŋe wɛ-puli seeni saŋa kam. Ka ye jatwogo de noa ni maŋem bia yanu mo. 17O ta ma kwei kasogo kom o maŋe baŋa seeni saŋa kam. Ka de ye jatwogo de noa ni maŋem bia yanu mo. 18O daa ma maŋe tega-kuri seeni saŋa kam. Ka de ye jatwogo de noa ni maŋem bia yanu mo. 19O ma pipiri o vo o maŋe wɛ-zoore seeni saŋa kam. Ka de maa ye jatwogo de noa ni maŋem bia yanu. 20O déem tɔge chwoŋa kam konto mo o maŋe Wɛ diga kam jei sem de kabira kalo na kaare-ka to. Ka sɛ sem mae da se mae da mo, jatwogo de noa ni maŋem kuni bia yanu yanu. Kabira kam déem lɔge ka che Wɛ diga kam, se ko pɔɔre wonnu telo na ye wose to, de telo na wora dɛ dɛ totoŋa ŋwaane to daane mo.",https://www.bible.com/bible/3661/EZK.42.KBG
EZEKELI 43,"Wɛ nenɔŋ-fɔrɔ kom taane
1Nɔɔno wom ma ja-ne pa dé vo Wɛ diga kam ni delo na jeeri wɛ-puli seeni to. 2A ma nii a na we Isarele tiina Wɛ nenɔŋ-fɔrɔ kom zege wɛ-puli seeni mo ko maa beena. Wɛ na dɔne o kwori tei to, ko nye de naneo na-fwaaro na chuuri ye te wuuri tei to mo. Tega baŋa jei maama déem ma li de o nenɔŋ-fɔrɔ kom pwooni. 3Wɛ na le wonnu telo o bere-ne to yɔɔre te nye de veera yalo a ya na nɛ ye o ba se o chɔge Jerusalem teo kom to mo. Te maa nye de yalo a ya na nɛ Chebara buga kam ni ne to. Amo ma to a vwi a yibia tega ne. 4Baŋa Wɛ nenɔŋ-fɔrɔ kom ma tɔge ni delo na jeeri wɛ-puli seeni to ne ko zo Wɛ diga kam wone. 5Vio laam ma fuli ko gɔ-ne ko zege wɛɛne. Ko ma ja-ne ko ja zo Wɛ diga kam tetare konkɔlɔ kom ne, ye amo de na we Baŋa Wɛ nenɔŋ-fɔrɔ kom mo yɔɔre ko su Wɛ diga kam ni maama.
6Nɔɔno wom na zege a saŋa ne konto to, mo a nigi nɔɔno wodwoŋi na zege Wɛ diga kam wone o ŋɔɔne de amo. 7Kotu ma ta o we, “Nabiinu, jeiga kanto mo ye amo paare yituŋu na wó chwi mɛ to. Ka wó taa ye amo jeiŋa jei. Amo wó maŋe ywo-seeni mo se a de Isarele tiina bam taa zoore daane se ko taa vei wuu. Isarele dwi tiina bam, de ba pwa bam maama daa bá toŋe ba chɔge amo yere dem na ye wose to, de ba na kare ba zuli jwo-yɔɔro de ba pwa balo na tege to yibeela yam. 8Ba pwa bam déem lɔge ba sɔ-fwaaro mo pa te yeiri amo tete diga kam kabira ne. Ko nye de kabira yerane mo chege amo de banto daane. Ba ma tɔge ba totoŋ-vɛɛsa yam ŋwaane ba chɔge amo yere dem na ye wose to. Konto ma pa se a tɔge a ban-lom dem baŋa ne a yɔɔre a chɔge-ba. 9Ba nam jege se ba yage jwo-yɔɔro kaanem, se ba daare ba yage ba pwa yibeela yam zula. Ba ná ke konto, amo laam wó taa zoore ba tetare ne taa wuu.
10Nabiinu, fɔge n maŋe Wɛ diga kam yera seina na ye tei to n bere Isarele tiina bam. Ko maa wó pa se chaveera ja-ba ba tusim kikia ŋwaane. Pa se ba na ka zega kam maŋem na ye tei to. 11Chaveera maa ná jaane-ba ba kikia yam maama ŋwaane, se n pa ba lɔre Wɛ diga kam na zega tei, de ka nia yam, de ka maŋem dem maama na ye tei to. Ta pa ba lɔre ka di sem na tigisi se lɔ tei to, se n daare n ta de-ba ka chullu tem na bere kolo to. Nam popone wonnu tem konto maama n tiŋi se ba maane Wɛ diga kam nyenyego na ye tei to, ye ba daare ba taa tɔge ka chullu tem.
12Wɛ ni delo na wora o diga kam ŋwaane to mo tento: Peo yuu jei selo ka na lɔge to de pwola kalo maama na kaare da to tiini ka ye wose mo Wɛ ŋwaane. Chega to, Wɛ ni delo na wora o diga kam ŋwaane to mo konto.”
Kaanem bimbini dem
13Kaanem bimbini dem maŋem na ye tei to mo tento, ne ko ná tɔge jatwogo de noa ni maŋem chekke. Ko nam ye da-yiga noa maŋem mo twoŋi jatwogo de noa ni maŋem dem wone. Bimbini dem kuri seeni gwoŋo mo tigi da, ko na luuna ko yi jatwogo de noa ni maŋem, ye ko ta yala se ko yi jatwogo de noa ni maŋem. De maa jege nia na kaare de maama pa se ya yala se ko maŋe de da-yiga noa maŋem kuni betɔ. Bimbini dem wɛ-baŋa maŋem na ye tei to mo tento: 14Ko na zege de kuri seeni gwoŋo kom ne se ko taa diini ko yi de tetare fera kam to, bimbini dem ye jatwogo de noa ni maŋem kuni belei mo wɛ baŋa seeni. Fera kam tete kayɔlɔ baŋa maŋem maa ye jatwogo de noa ni maŋem dedoa. Ko maa na zege tetare fera kam ne se ko taa diini ko yi baŋa seeni fera kam to, ko ye jatwogo de noa ni maŋem kuni bena mo wɛ baŋa ne, ye fera kam konto de ye jatwogo de noa ni maŋem dedoa ka kayɔlɔ baŋa ne. 15Bimbini dem baŋa kam mɛ seeni ba na zwɛ kaanem dem to maa ye jatwogo de noa ni maŋem kuni bena wɛ baŋa ne se ko woli da. Nyea yana ta maa zege de nia yam sɛ sena sem ne. 16Bimbini dem baŋa kam mɛ ba na zwɛ kaanem dem to sɛ sem maama mae da se mae da. Ko maa ye jatwogo de noa ni maŋem fuga-belei dedɔrem baŋa ne de ko kayɔlɔ baŋa ne. 17Bimbini dem tetare seeni maa ye jatwogo de noa ni maŋem kuni fuga-bena de dedɔrem baŋa ne, de de kayɔlɔ baŋa ne. De maa jege ni na ye jatwogo de noa ni maŋem chicheiro kayɔlɔ baŋa ne. De fera kam kayɔlɔ nam maŋe de jatwogo de noa ni maŋem dedoa ko ja kaare ka maama. Nateina déem diini bimbini dem wɛ-puli seeni ya yi de baŋa seeni.
18 Baŋa Wɛ ma ta de amo o we, “Nabiinu, Yuu-tu Baŋa Wɛ na tage tei to mo tento: Ba ná lɔge kaanem bimbini dem, chullu telo ba na wó tɔge se ba zwɛ vara, ba daare ba kwei ba jana bam ba miisi bimbini dem yera ne to mo tento: 19Nmo wó kwei na-bala n pa kaanem tiina bam se ba ma ba ke wɛleere saarem kaanem. Banto ye Zadoki diga kam tiina mo na jege chwoŋa se ba fɔɔre ba twɛ amo tei se ba taa toŋa ba pa-ne to. Yuu-tu Baŋa Wɛ na tage kolo to mo konto. 20Nmo laam ma‑n wó pwori jana bam wone se n kwei-ba n taare bimbini dem nyea yana yam ne, dedaane de tetare seeni nia yana yam ne, de fera kalo na kaare bimbini dem maama to ne. Nmo wó tɔge chwoŋa kam konto mo se n fɔge n kwɛ bimbini dem kaanem totoŋa yam ŋwaane. 21Nmo ta ma‑n wó ja na-bala kam n na mɛ n ke wɛleere saarem kaanem dem to nɔna n vo n zwɛ jeiga kalo na maŋe ye ka wo dáa dáa de Wɛ diga kam tete to ne.
22Tega ná poore, n ta wó ja bo-bala kalo na ba jege gɛɛ ka yera ne to mo n ba se n kwei-ka n ke wɛleere saarem kaanem. Ke konto n ma n fɔge n kwɛ bimbini dem Wɛ ŋwaane, ne n na ke tei de na-bala kam to. 23Nmo ná kwɛ-de n ti, n laam wó le na-bala de pi-bala mo n vara bam wone, te na ba jege gɛɛ te yera ne to. 24Nmo wó kwei-te n kaane Baŋa Wɛ yiga ne mo. Wɛ kaanem tiina bam de wó kwei yɛ ba zezage vara bam nɔna yam baŋa ne, ye ba daare ba zwɛ-ya ba pa Baŋa Wɛ.
25Kwei da yarepɛ se dɛ maama ne, n ja bo-bala n ba n ma n ke wɛleere saarem kaanem. Nmo ta wó beeri na-bala de pi-bala mo se n ma tento de n ke kaanem dem. Te nam ba jege se te taa jege gɛɛ te yera yam ne. 26Ba nam wó kwei da yarepɛ mo ba ma ba kwɛ bimbini dem Wɛ ŋwaane. Ba maa wó tɔge chwoŋa kam konto ba pɔɔre-de ba zege dáa ne kaanem totoŋa yam ŋwaane. 27Da yam konto ná lage ya ti, pa da nana dɛ dem yi se ko taa via, kaanem tiina bam jege se ba kwei abam zwɛɛm pɛɛra yam, de á nu-biu pɛɛra yam ba ma ke kaanem ba pa-ne bimbini dem baŋa ne. Amo laam maa wó sɛ se á ta‑á ye a nɔɔna bam. Amo Yuu-tu Baŋa Wɛ na tage kolo to mo konto.”",https://www.bible.com/bible/3661/EZK.43.KBG
EZEKELI 44,"Wɛ diga kam chullu tedwonna
1Nɔɔno wom daa ma ja-ne pa dé vo dé yi Wɛ diga kam konkɔlɔ ni delo na jeeri wɛ-puli seeni to. De nam ya pe mo. 2Baŋa Wɛ ma ta de amo o we, “Ni dento wó yɔɔre de pe mo de taa zega. Ba daa bá pore-de. Nɔɔn-nɔɔno daa bá tɔge da o zo wara-jei sem wone, kokuri to, Baŋa Wɛ wom na ye Isarele tiina Wɛ to mo tɔge ni dem konto o zo da. Konto ŋwaane mo de wó pe de taa zega taa wuu. 3Isarele teo dedɛɛro wom yerane mo jege chwoŋa se o vo o jeini ni dem diga dedoa ne o di wodiu amo Baŋa Wɛ yiga ne. O nam jege se o tɔge ni dem napɔrɔ kom ne mo o zo da, ye o daare o tɔge chwoŋa kam konto o nwoŋi.”
4Nɔɔno wom ma ja-ne pa dé tɔge baŋa seeni ni dem ne dé vo dé zaŋe Wɛ diga kam yiga ne. Amo ma nii a na Baŋa Wɛ nenɔŋ-fɔrɔ kom na su Wɛ diga kam ni maama tei to. A ma to a vwi a yibia tega ne.
5 Baŋa Wɛ ta ma ta de amo o we, “Nabiinu, fɔge n nii lanyerane, se n cheigi kolo maama a na lage a bere‑m Baŋa Wɛ diga kam chullu tem seeni to se n kwei-te n ke n yuu ne. Ta maane ka nia yam na ye tei to de balo na jege chwoŋa se ba taa tɔge-ya ba zoore wara-jei sem ba daare ba nwoŋi to. 6Nam ta de Isarele dwi zwabani-nyena bam we, ‘Yuu-tu Baŋa Wɛ na tage tei to mo tento: Abam Isarele dwi tiina bam, yage-na á totoŋ-vɛɛsa yam! 7Abam jaane sa-teena balo na yɔɔre ba yeiri amo ye ba boboŋa kwaale to mo á ja á zo amo wara-jei sem ne, ne á ná yeini á kwei wodiu pɛɛra, de vara lara, de ba jana á ma á ke kaanem á pa amo. Á ma da ko ŋwaane á biini amo Wɛ diga kam, ye á chɔge ni delo amo na gwoni de abam to. Á yeini á ke konto dwoŋi mo á woli á totoŋ-vɛɛsa yadwonna yam wone. 8Ko ná ye pɛɛra yalo na ye wose amo ŋwaane to, abam wo fɔge á nii ya baŋa ne. Á nam kwei sa-teena mo á pa ba jege amo wara-jei sem totoŋa ba toŋa ba pa abam. 9Yuu-tu Baŋa Wɛ nam na tage tei to mo tento: Sa-teena balo na yeiri amo to ba jege chwoŋa se ba zo amo wara-jei sem ne, de balo na zoore Isarele tiina bam tetare ne to de.
10Levi dwi tiina bam badwonna déem yage amo. Ba ma gwaane Isarele tiina badaara bam wone pa ba ywori chwoŋa ba daare amo ye ba zuli jwona. Ba wɛleera yam konto wó taa wo ba yuu ne se ba na waarem. 11Amo nam wó pa-ba chwoŋa se ba taa toŋe amo wara-jei sem ne. Ba wó taa yere Wɛ diga kam nia yam. Ba ta wó taa goe vara balo nɔɔna na jaane ba tui se ba maa ke zwɛɛm kaanem de kaanem dwi maama to, ye ba daare ba taa zege nɔɔna bam yiga ne ba woli-ba Wɛ zula seeni. 12Ba nam na toŋe ba pa Isarele dwi tiina bam jwona kaanem baŋa ne mo ye ba pa ba tusi to ŋwaane, amo nam dugi de a tete yere we a wó waare-ba ba wɛleera yam ŋwaane. Yuu-tu Baŋa Wɛ na tage kolo to mo konto. 13A nam bá pa-ba chwoŋa se ba fɔɔre ba twɛ amo se ba taa toŋa kaanem tiina totoŋa ba pa-ne. Ba ta yé twɛ wonnu telo a na pɔɔre-te se te taa ye wose amo ŋwaane to. Ba nam wó di ba chaveera mo totoŋ-zɔɔna yalo ba na ke to ŋwaane. 14De ko de, a lage a kwei Wɛ diga kam totoŋa dwi maama mo a ke banto jeŋa ne se ba taa nii ya baŋa ne.
15Ko daare Levi dwi tiina balo na ye kaanem tiina ye ba nwoŋi Zadoki diga kam ne to, banto mo yɔɔre ba nii amo wara-jei sem totoŋa baŋa ne ba pa-ne maŋa kalo Isarele tiina badaara bam na ywori ba chwoŋa ne to. Banto mo wó fɔɔre ba twɛ amo se ba taa toŋe a kaanem totoŋa yam, ye ba yeini ba kwei vara lara, de jana ba ke kaanem ba pa-ne. Yuu-tu Baŋa Wɛ na tage kolo to mo konto. 16Banto ta wó wane ba zo amo diga kam wone, se ba ke kaanem amo bimbini dem baŋa ne, ye ba toŋe ba pa-ne. Banto nam mo wó ke amo boboŋa yam na lage tei to.
17Ba ná yeini ba zo Wɛ diga tetare konkɔlɔ kom wone, ba jege se ba kwei gare-fefale mo ba zo. Ko dae se ba zo pei koro gwaaro se ba ma-te ba toŋe wara-jei konkɔlɔ kom wone, naa Wɛ diga kam tete wone. 18Ba jege se ba yeini ba kwei gare-fefale mo ba ba ba yuni tem, ye ba daare ba vɔ gare-kuri-kukwi ba tei ne. Ko nam dae se ba vɔ ba tete de gwaaro telo na wó pa ba taa chuuri de luluŋu to. 19Ba nam ná nwoŋi wara-jei sem ne se ba vo ba yi da-yiga konkɔlɔ kom mɛ nɔɔna bam na gilimi to, ba wó lɔɔre gwaaro telo ba na zo ba maa toŋe Wɛ diga kam totoŋa to mo ba tiŋi di selo na pɔɔre Wɛ ŋwaane to wone, se ba laam jwoori ba kwei gwaaro tedwonna ba zo. Ba ná ke konto, nɔɔna bam bá wane ba dwei ba gwaaro tem se ko pa ba de ji wose.
20Wɛ kaanem tiina bam nam dae se ba cheeri ba yuni, naa se ba yage ba yu-ywei se se ke dedwaaro. Ba nam wó wane ba dɔɔre ba yu-ywei sem ba yage. 21Ba wolowolo nam yé nyɔ sana ye o daare o zo Wɛ diga tetare konkɔlɔ kom wone. 22Ba dae se ba di kadeina ba ma ke ba kaana, naa kaana balo de ba banna na yage daane to. Banto nam jege se ba di Isarele tiina bukwa balo na yeiri baara to yerane mo, naa kaanem tiina badwonna kadeina. 23Banto totoŋe mo ye se ba bere a nɔɔna bam se ba taa wae ba pɔɔre wonnu telo na ye wose to, de telo na wora dɛ dɛ totoŋa ŋwaane to daane. Ba ta wó pa ba taa wae ba pɔɔre wonnu telo na maŋe de Wɛ chullu tem to, de telo na jege digiru chullu tem seeni to daane.
24Taane ná wo amo nɔɔna bam laŋa ne, ko ye kaanem tiina bam mo wó kwei amo nia yam ba ma bore chega ba tetare ne. Ba ta wó nii se a nia yam na bere se nɔɔna bam taa di kura yalo to seene ya taa toŋa. Ba ta wó taa nege a siu da yam, se nɔɔna taa pae ya ye ya yera.
25Kaanem tu dae se o twɛ too yera, kokuri, o ná dwei too yera, ko wó pa o digiri o tete chullu tem seeni mo. Ko nam ná ye o kwo naa o nu mo tega, naa o bia wone dedoa, naa o zembaaro, naa o nyaane, naa o nakɔ ta na wo zo baro mo ná tega, o jege chwoŋa se o dwei kotu yera yam. 26O nam ná dwei too yera, o laam wó kwɛ o tete se o jwoori o maŋe de chullu tem. O ná ke konto o ti, se o daare o pa da yarepɛ kɛ. 27O laam jege chwoŋa se o zo Wɛ diga kam tetare konkɔlɔ kom wone se o toŋe wara-jei sem ne. Dɛ dem konto ne o wó ke wɛleera saarem kaanem o tete ŋwaane. Yuu-tu Baŋa Wɛ na tage kolo to mo konto.
28Yé pɔɔre-na Isarele tega kam wone á pa kaanem tiina bam. Amo Baŋa Wɛ tete yerane mo wó taa ye ba nyɔn-mage nyem. Amo tete mo yɔɔre a maŋe a pa-ba. 29Ko na ye tei to, wodiu pɛɛra, de wɛleere saarem pɛɛra, de wɛleere jene pɛɛra, de wonnu telo maama Isarele tiina bam na jaane ba tui ba ke amo jeŋa ne to ye banto nyem mo. 30Abam wodiiru telo na lwoori yiga te ke ye te lamma to, dedaane á Wɛ-teiri pɛɛra dwi dwi wó taa ye kaanem tiina bam nyem mo. Á ta wó kwei mun-bwei delo á na bobo á pɔɔre se á ma á fɔge bworobworo to á pa kaanem tiina bam, se Wɛ swolim taa wo á sam dem baŋa ne. 31Kaanem tiina ba jege chwoŋa se ba di woŋo kolo na tege ko tete toone, naa vara na jaane-ko ba tore to. Ko ná maŋe ko ye zuŋa mo, naa varem mo de, ba yé di-te.",https://www.bible.com/bible/3661/EZK.44.KBG
EZEKELI 45,"Ba na wó pɔɔre tega kam tei to
1Abam ná lage á pɔɔre tega kam á pa Isarele dwia yam se ba taa tei, á jege se á le pwola se ka taa ye ka yera amo Baŋa Wɛ ŋwaane. Ka wó taa ye naba-laara 12,500 mo dedɔrem baŋa ne, de naba-laara 10,000 ka kayɔlɔ baŋa ne. Pwola kam maama wó taa ye wose mo amo ŋwaane. 2Pwola kam konto ne á wó pɔɔre naba-laara 250 mo dedɔrem baŋa ne de kayɔlɔ baŋa ne se á ma á lɔ Wɛ diga kam da. Kapworo wó taa tigi ko kaare-ka, ye ko kayɔlɔ baŋa maŋem ye naba-laara finlei-benu (25). 3Ta pɔɔre-na pwola kalo na ye ka yera to belei, se á maŋe naba-laara 12,500 dedɔrem baŋa ne, de naba-laara 5,000 kayɔlɔ baŋa ne. Jei sem konto á na wó maŋe to mo á wó ke Wɛ diga kam na tiini ka ye wose Wɛ ŋwaane to da. 4Pwola kam chicheiro kom konto wó taa ye tega kalo na pɔɔre amo ŋwaane to. Dáane mo kaanem tiina bam wó taa tei, de ba na toŋe Wɛ diga totoŋa yam ye ba fɔɔre ba twɛ Baŋa Wɛ tei se ba toŋe ba pa‑o to. Ba wó lɔ ba sam dem dáane mo, ye dáane mo Wɛ tete diga kam de maa wó taa wora. 5Pwola kam chicheiro kolo na daare to de wó taa ye naba-laara 12,500 dedɔrem baŋa ne, de naba-laara 5,000 kayɔlɔ baŋa ne. Tega kam konto wó taa ye Levi dwi tiina bam nyem mo, ba na toŋe Wɛ wara-jei sem wone to ŋwaane. Ba wó taa tei-ka pa se teene taa wora se ba taa zoore de wone.
6Ko ta ná ye tega kalo abam na wó lɔ teo kom tete ka baŋa ne to, á wó maŋe laŋa kalo na ye naba-laara 2,500 kayɔlɔ baŋa ne de naba-laara 12,500 dedɔrem baŋa ne to, pa se ka saŋe pwola kalo na ye ka yera amo ŋwaane to. Laŋa kam konto wó taa ye Isarele tiina bam maama nyem mo.
7Isarele teo dedɛɛro wom nam mo wó taa tei tega kadwoŋi, ka na twoŋi de pwola kalo na ye ka yera amo ŋwaane to, ye ka ta twoŋi de tega kalo na ye teo kom nyem to. O laŋa kam maa wó zege amo pwola kam wɛ-zoore seeni ka vo ka yi tega kam maama wɛ-zoore seeni siseini dem, ye ka zege amo pwola kam wɛ-puli seeni ka vo ka yi tega kam maama wɛ-puli seeni siseini dem. Ko maa bere we o tega kam wó taa dɔra ka mae de Isarele dwia yadwonna yam tega na mae tei to mo. 8Tega kam konto maa wó lɛɛre ka taa ye dedɛɛro wom nyem mo Isarele teo kom ne. Konto to, a dedɛɛra bam daa bá taa jege a nɔɔna bam ba bɛɛsa. Ba nam wó yage Isarele tiina bam mo se dwi maama jwoŋi de tega de taa tei.
9Yuu-tu Baŋa Wɛ na tage tei to mo tento: Abam Isarele teo dedɛɛra bam, á tiini á pini amo nɔɔna bam, ye á daare á bɛɛse-ba se ko dáane. Nam yage-na vuvuga totoŋa, se á daare á toŋe kolo na ye chega ye ko tɔge chwoŋa to. Á daa yé vere tega amo nɔɔna bam tei ne se á daare-ba á zege bwori. Yuu-tu Baŋa Wɛ na tage kolo to mo konto. 10Abam ná lage á maŋe wonnu á pa daane, se á kwei bwɛ selo na ye chekke to á maŋe-te. 11Kuriwɛ selo á na wó ta‑á mae á maŋe wonnu to jege se se taa ye chekke mo, ne ko ná ye muni mo á jege á maŋa, naa ko ná ye na mo de. Kuriwaa bia fuga mo wó yi homaa dedoa. 12Á nam ná maŋe wonnu se á lɔre te dunni na ye tei to, se á maŋe gɛra kuni finlei se te taa ye sɛkɛle dedoa. Sɛkɛla fuseredo (60) de maa wó taa ye mina dedoa.
Wɛ pɛɛra de kura taane
13Pɛɛra yalo á na jege se á kwei á pa Wɛ to mo tento: Maŋe-na á mena bwɛ fuseredo maama wone se á le dedoa. 14Á ta wó ma kuriwaa mo á maŋe á nuga kam, se á le bwɛ selei kuriwaa bia fuga maama wone. Kuriwaa bia fuga ye bedwe mo de homaa dedoa 15Ko ta ná ye abam pei sem na di gaao Isarele te-ywoŋa kam ne to, á wó le pia dedoa mo se bia yalei maama wone. Ba maa wó kwei pɛɛra yam konto ba ma ba ke wodiu pɛɛra, de zwɛɛm pɛɛra, de nu-biu pɛɛra kaanem, se ba tɔge ya ŋwaane ba le nɔɔna bam wɛleera Wɛ yiga ne. Yuu-tu Baŋa Wɛ na tage kolo to mo konto. 16Isarele tiina bam maama nam mo wó ja pɛɛra yam konto ba ba ba ke ba teo kom dedɛɛro wom jeŋa ne. 17Dedɛɛro wom nam jege se o beeri vara balo ba na wó kwei ba ke zwɛɛm pɛɛra, de wodiu pɛɛra, de wo-nyɔɔro pɛɛra, ne nɔɔna bam ná lage ba di ba kura dwi dwi. Ko ná ye ba chan-doŋa kura, de ba siu da yam, dedaane kura yalo maama Isarele dwi tiina bam na jege se ba di to, wonto mo wó beeri wɛleere saarem kaanem vara bam, de wodiu pɛɛra yam, de pɛɛra yalo ba na wó zwɛ ba pa Wɛ to, de nu-biu pɛɛra yam se ba kwei ba maa ke kaanem ba pa Wɛ se ba le nɔɔna bam lwarem o yiga ne.
18Yuu-tu Baŋa Wɛ na tage tei to mo tento: Boboa chana kam boboa dɛ dem ne, se á kwei na-bala kalo na ba jege gɛɛ ka yera ne to á ma á kwɛ wara-jei sem. 19Kaanem tu wom maa wó pwori wɛleere saarem kaanem varem wom jana wone o ja o vo o taare Wɛ diga kam manchwo-nia sɛ sem ne. O ta wó kwei-ba o ke bimbini dem tetare seeni nia yana yam ne, de Wɛ diga tetare konkɔlɔ kom ni-kaywallo tem ne. 20Ko ta ná yeini ko yi chana kam da yarepɛ dɛ dem, nmo nam ta wó ke konto dwoŋi mo se n ma n kwɛ wolo maama na tusi ye o wo paale o ke wɛleere, naa o wo lɔre ko ni ne to. Konto maa wó pa se n fɔge n kwɛ Wɛ diga kam chullu tem seeni.
21Boboa chana kam da fuga-yana dɛ dem ne, se á di Atɔgebabaŋa kuri dem. Kwei-na da yarepɛ á di-de, se da yam konto ne á ta‑á di bworobworo kolo na ba jege sabɔle ko wone to. 22Kuri dem boboa dɛ dem ne, á teo dedɛɛro wom wó beeri na-bala mo se ba kwei-ka ba ma ba ke wɛleere saarem kaanem o tete ŋwaane, de teo kom nɔɔna bam maama ŋwaane. 23Da yarepɛ yam dɛ maama wone o nam ta wó beeri na-bale serepɛ, de pi-bɛ serepɛ, te maama na ba jege gɛɛ te yera ne to mo, se ba kwei-te ba ke zwɛɛm kaanem ba pa Baŋa Wɛ. O ta maa wó beeri bo-bala se ba kwei-ka ba ke wɛleere saarem kaanem. 24O nam ta wó taa jege muni mo o woli da se ba ma ba ke wodiu pɛɛre kaanem. Ko wó taa ye muni kuriwaa bu dedoa na-bala maama ŋwaane, de kuriwaa bu dedoa pi-bɛ maama ŋwaane. Nuga bwɛ sena nam mo wó woli de muni kuriwaa maama.
25Ko ta ná ye kuri delo na bobo chane serepɛ chana kam da fuga-yanu dɛ dem ne to, kuri dento da yarepɛ yam dɛ maama wone o daa wó beeri pɛɛra mo se ba ma-ya ba ke wɛleere saarem kaanem, de zwɛɛm pɛɛre kaanem, de wodiu pɛɛre kaanem, se nuga de woli te wone.",https://www.bible.com/bible/3661/EZK.45.KBG
EZEKELI 46,"1Yuu-tu Baŋa Wɛ na tage tei to mo tento: Wɛ diga tetare konkɔlɔ kom ni delo na jeeri wɛ-puli seeni to ye se á pe-de mo á totoŋa da yaredo maama wone. Ko maa ná yi siu dɛ dem, dedaane chan-doŋa dɛ dem ne, se á laam pore-de á yage. 2Teo kom dedɛɛro wom maa wó zege da-yiga konkɔlɔ kom ne o vo o zo ni dem konto napɔrɔ kom wone se o taa zege manchwoŋo ni dem ne. Kaanem tiina bam maa wó kwei o zwɛɛm pɛɛra, de o yazura pɛɛra ba ma ba ke kaanem. Dedɛɛro wom ta ná zege manchwoŋo ni dem ne, o wó chɔɔle o yibia tega ne se o zuli-ne, ye o daare o nwoŋi da o viiri. Ba nam bá pe ni dem, se tega ná tu ka yi, se ba laam pe-de. 3Siu da yam de chan-doŋa da yam maama ne, teo kom nɔɔna bam nam jege se ba gilimi daane ni dem konto yiga ne mo, se ba zuli Baŋa Wɛ. 4Dedɛɛro wom na jege se o ja zwɛɛm pɛɛre delo siu dɛ maama ne o ba o ke o pa Baŋa Wɛ to nam wó taa ye pi-bale seredo, de pi-bea dedoa mo. Tento maama nam bá taa jege gɛɛ te yera ne. 5Wodiu pɛɛre delo o na woli pi-bea kam wone se o ma o ke kaanem dem to wó taa ye kuriwaa bu dedoa mo. Muni delo o na wó kwei o woli pi-bale sem ne to nam wó maŋe de o na lage tei to mo. O nam wó woli nuga bwɛ sena mo muni kuriwaa maama ŋwaane. 6Chan-doŋa dɛ dem ne dedɛɛro wom ta wó kwei na-bala dedoa, de pi-bale seredo, de pi-bea dedoa se o ma o ke kaanem, te maama na ba jege gɛɛ te yera ne to. 7O ta wó ja wodiu pɛɛre kuriwaa bu dedoa na-bala kam ŋwaane, de wodiu pɛɛre kuriwaa bu dedoa pi-bea kam ŋwaane. Ko nam ná ye pi-bale sem, o wó woli wodiu pɛɛre se ko maŋe de o na lage tei to mo. O ta wó woli nuga bwɛ sena mo kuriwaa maama ŋwaane. 8Dedɛɛro wom ná yeini o zo manchwoŋo ni dem, o wó tɔge napɔrɔ kom ne mo o zo da. O ta ná lage o nwoŋi, ko ye se o jwoori o tɔge chwoŋa kam konto mo.
9Teo kom nɔɔna ná yeini ba jeeri Baŋa Wɛ yiga ne se ba di ba kura yam, se ba na tɔge ni delo ba zo to, ba da ni dedwoŋi ne ba nwoŋi wara-jei sem wone. Ba wolo ná dɛ baŋa seeni ni dem o zo, kotu wó tɔge tega-kuri seeni ni dem ne mo o nwoŋi. Wolo nam na tɔge tega-kuri seeni ni dem o zo, kotu de wó da baŋa seeni ni dem ne mo o nwoŋi. 10Ba ná yeini ba zo da, dedɛɛro wom de maa wó gwaane ba wone, ye o ta tɔge de-ba o nwoŋi.
11Ba ná yeini ba jege ba kura yam dwi maama ba di, wodiu pɛɛre dem wó taa ye muni kuriwaa bu dedoa mo na-bala maama ŋwaane, de kuriwaa bu dedoa pi-bea maama ŋwaane. Ko daare ko ná ye pi-bale sem, wodiu pɛɛre dem na woli da to wó maŋe de nɔɔno boboŋa na lage tei to mo. Ba ta wó woli nuga bwɛ sena mo kuriwaa maama ŋwaane. 12Dedɛɛro wom ná boŋe se o ke wo-ywoŋo pɛɛre o pa Baŋa Wɛ, ne ko ná ye zwɛɛm pɛɛre naa nu-biu pɛɛre mo, se ba pore ni delo na jeeri wɛ-puli seeni to ba pa‑o. O maa wó ke o zwɛɛm pɛɛre dem, naa o nu-biu pɛɛre dem, ne ko na maŋe ko ke tei siu dɛ dem ne to mo. Ko kwaga seeni o ná nwoŋi se o viiri, ba laam wó wane ni dem ba pe.
13Dɛ maama wone nmo jege se n beeri pi-bala na yi bene ye ka ba jege gɛɛ ka yera ne to se n ma-ka n ke zwɛɛm pɛɛre n pa Baŋa Wɛ. Ko nam ye zezeŋa maama mo nmo wó ta‑n ke konto. 14Zezeŋa maama se n yeini n ke wodiu pɛɛre n woli da. Pɛɛre dem n na wó ke n pa Baŋa Wɛ to ye muni bwɛ setɔ mo, ye n guuri nuga bɔŋa dedoa de wone. Ni dento ba jege se de leiri maŋa de maŋa. 15Ko maa na ye tei to, pi-bala kam, de wodiu pɛɛre dem, de nuga kalo na woli de wone to ye se á ta‑á beeri-te mo zezeŋa maama se á yeini á ma-te á ke zwɛɛm kaanem maŋa maama ne.
16Yuu-tu Baŋa Wɛ nam na tage tei to mo tento: Teo dedɛɛro wom ná pɔɔre ba dwi tega kam wone se ko ji pɛɛre ko pa o bu, ka laam wó lɛɛre ka taa ye bu wom de o de kwaga nyem mo. 17Ko daare, o ná kwei-ka o ji pɛɛre mo o pa o tontoŋeno wolo, o tontoŋeno wom wó taa jege-ka o toŋe mo se ko taa nii wonnu yirim bene dem. Maŋa kam konto ná yia, se o tontoŋeno wom jwoori o kwei tega kam o pa dedɛɛro wom, dedɛɛro wom dwi dem mo na tei tega kam to ŋwaane. Ko ye wonto bia yerane mo jege chwoŋa se ba taa tei o tega se ka ji ba nyem. 18Teo dedɛɛro wom nam ba jege chwoŋa se o zeili nɔɔna ba tega ne se o daare-ba o zege bwori. O nam wó nii o tete tega wone o pɔɔre o pa o bia, se ba de ba dwi dem taa tei. Ko dae se a nɔɔna bam tega nwoŋi ba jeŋa ne ka daare-ba.’ ”
Kaanem tiina bam kaligwoŋo
19Nɔɔno wom daa ma ja-ne pa dé tɔge Wɛ diga konkɔlɔ manchwo-ni dem dé vo dé yi di selo na pɔɔre se zega Wɛ kaanem tiina bam ŋwaane ye se jeeri baŋa seeni to. O ma bere-ne jei selo na yeiri di sem konto wɛ-zoore seeni to. 20O laam ma ta de amo o we, “Jei sento ye kaligwoŋo mo ko pa kaanem tiina bam. Dáane mo ba wó yeini ba taa saŋa wɛleere jene kaanem dem, de wɛleere saarem kaanem dem, ye ba daare ba wɔ wodiu pɛɛra yam, se ba yé ja-ya ba zo da-yiga konkɔlɔ kom wone. Ba ya ná ke konto, ko wó wane nɔɔna bam de mo ko pwɛ Wɛ ŋwaane.”
21O daa ma ja-ne o nwoŋi pa dé zo da-yiga konkɔlɔ kom wone, ye o ja-ne o kaare ko gugworru tena tem. A ma na we gugworo maama jege ko konkɔlɔ mo. 22Da-yiga konkɔlɔ kom gugworru tena tem maa jege konkwallo telo maama na mae daane ye kabiri che-te to. Te maa ye jatwogo de noa ni maŋem finna dedɔrem baŋa ne, de jatwogo de noa ni maŋem fintɔ kayɔlɔ baŋa ne. 23Ba déem kwei kandwa mo ba lɔ taara ba kaare konkwallo tem konto, ye ba lɔ mini kura kabiri sem tega kuri seeni. 24O ma ta de amo o we, “Kaligwonnu tento wone mo balo na yeini ba toŋe Wɛ diga kam totoŋa to wó taa saŋe nɔna yalo nɔɔna bam na yeini ba ja ba ba se ba maa ke kaanem to.”",https://www.bible.com/bible/3661/EZK.46.KBG
EZEKELI 47,"Bu-tola na zege Wɛ diga kam ne ka duri ka vei tei to
1Nɔɔno wom daa ma ja-ne o jwoori Wɛ diga kam ni seeni. A ma nii a na na na bura ni dem kuri ne ba dura ba vei wɛ-puli seeni ba kɛa. Wɛ diga kam yiga déem jeeri wɛ-puli seeni mo. Na bam nwoŋi Wɛ diga kam manchwo-peo tega-kuri seeni mo, ye ba duri ba tɔge kaanem bimbini dem tega-kuri seeni. 2O ta ma pa dé tɔge baŋa seeni ni dem ne, dé bebare dé da pwooni yiga dé vo dé yi ni delo na jeeri wɛ-puli seeni to. A ma na we na bam maa tae fenfee ba nwoŋi ni dem tega-kuri seeni ba duri ba kɛa.
3Nɔɔno wom ma ja-ne o yɔɔre wɛ-puli seeni ye o zei lɔra ŋona. O ma kwei-ka o maŋe jatwogo de noa ni maŋem kuni moro. Dé na vei dé yi da to, o ma tɔge a yiga pa dé vei na bam wone se dé bɛ. Ba déem maŋe nakila ne mo. 4O daa ma maŋe se dé vo dé yi jatwogo de noa ni kuni moro kodwoŋi, ye o daa tɔge a yiga pa dé vei na bam wone. Ba laam ma maŋe nadwoona ne. O ta ma jwoori o maŋe se dé vo jatwogo de noa ni kuni moro dé woli da. O daa ma pa dé vei na bam wone, de ba laam maŋe teiŋa ne mo. 5O daa ta maŋe se dé vo dé yi jatwogo de noa ni kuni moro mo, de ba laam jigi bu-fara mo pa a ware se a vo na bam wone a bɛ. Buga kam déem tiini ka luuna mo pa wolo na boŋe se o bɛ-ka to jege se o pugi na bam mo se o wane o bɛ bubɛ dedwoŋi dem ne. 6O ma bwei amo o we, “Nabiinu, nmo nɛ konto na?”
O ma pa dé jwoori buga kam buburi-bɛ dem ne. 7Dé na yi da to, mo amo nɛ teeni dedɛ na zege de maŋe de buga kam bubɛ maama. 8Nɔɔno wom ma ta de amo o we, “Bu-tola kanto duri ka yɔɔre wɛ-puli seeni mo, se ka tɔge bwolo kolo na tigi Jɔdan buga kam seeni to, ye ka laam vo ka kweeli Yɛ naneo kom wone. Ka na bam ná zo dáane, naneo kom na bam wó ji na-ŋona mo. 9Bu-tola kanto maa ná duri ka yi mɛ maama, wonnu dwi dwi, de ywona dedɛ mo wó taa wora. Kokuri, naneo kom wo na bam laam kwɛ ba ji na-doora mo ye ba pae ŋwea. 10Ywon-jara wó yeini ba zege naneo kom ni ne ba taa jaane ywona. Ko na zege En-gedi ne, se ko yi En-egalayim to, ba wó taa zege naneo kom ni ne mo ba dole ba chworu tem. Ba maa wó taa jaane ywona dwi maama, se ko maŋe de yalo na wo Mediterania naneo kom ne tei to. 11Ko nam ná ye chwaro de bwollu telo na bwola de naneo kom ni to, te na bam bá yɔɔre ba ji na-doora. Nɔɔna ta wó taa nae yɛ te wone. 12Teeni delo na ke bia se nɔɔna taa di to dwi maama de wó nwoŋi de taa zege bu-tola kam bubɛ maama ne. Teeni dem vɔɔro bá kwaare, ye de bá lei bia de ga. Teeni dem wó taa ke bia mo chana maama wone. Kokuri to, na balo na nwoŋi Wɛ diga kam ne to mo duri ba yi-de pa de nyɔ-ba de sui. De bia bam wó taa ye wodiu mo te pae nɔɔna, ye de vɔɔro tem de pa-ba zurim.”
Tega kam siseini na maŋe mɛ to
13Yuu-tu Baŋa Wɛ na tage tei to mo tento: “Abam ná tu á pɔɔre tega kam, siseina yalo á na wó tiŋi á pa á tete to wó taa ye tento mo. Á wó pɔɔre-ka á pa Isarele dwia fuga-yalei yam se ba taa tei. Á nam wó kwei popɔre selei á pa Josɛf dwi dem. 14Pɔɔre-na tega kam á pa á dwia yam maama se ko taa mae daane. Kokuri, amo déem dugi duuri we a lage a kwei-ka a pa á nabaara bam mo. Tega kam nam wó taa ye abam nyem mo se á ta‑á tei-ka.
15Tega kam siseini na wó taa ye tei mo tento:
Baŋa seeni siseini dem wó bobo Mediterania naneo kom ni ne mo de tole de vo Hetelon seeni, se de laam tɔge Lebo-Hamafa, ye de daare de bɛ de kɛ Zedadi, 16de Berota, de Siberayim. Jei sem konto wo Damasika de Hamafa tetare laŋa ne mo. Siseini dem ta wó kɛ de yi Hazera Hatikon, de na wo Hawuran siseini dem ne to. 17Konto to, siseini dem wó zege naneo kom ni ne ko vo ko kweeli Hazara Enan ne. De maa wó tɔge Damasika baŋa seeni siseini dem mo, ye Hamafa teo siseini dem de wo baŋa seeni. Tega kam baŋa seeni siseini dem na wó taa ye tei to mo konto.
18Wɛ-puli seeni siseini dem wó taa tigi Hawuran de Damasika tetare laŋa ne mo. De wó tole Jɔdan buga kam, ye de wo Gilead de Isarele tega kam tetare ne to. Ka maa wó vo ka yi Yɛ naneo kom, Tamara teo na zege mɛ to. Tega kam wɛ-puli seeni siseini dem na wó taa ye tei to mo konto.
19Tega-kuri seeni siseini dem wó zege Tamara ne mo de tole de yi Meriba-kadese buli-yi dem seeni. De daa ta wó tɔge Ejipti nabara kam ne de tole de vo de kweeli Mediterania naneo kom ni ne. Tega kam tega-kuri seeni siseini dem na wó taa ye tei to mo konto.
20Wɛ-zoore seeni siseini dem wó tɔge Mediterania naneo kom ni mo de tole de vo de yi jei selo na maŋe de Lebo-Hamafa to. Tega kam wɛ-zoore seeni siseini dem na wó taa ye tei to mo konto.
21Nam pɔɔre-na tega kam á pa daane se Isarele dwia yam maama wane ba na ba de nyem ka wone. 22Abam nam ná lage á pɔɔre tega kam, á wó kwei-ka á pa á tete dedaane veira balo na tu ba zoore de abam ye ba jege bia to. Abam na wó ke tei á pa Isarele tembia to, se á ke konto de veira bam de. Ba de jege chwoŋa se ba tɔge de Isarele dwi tiina bam ba jwoŋi ba tega. 23Isarele tiina dwi delo wone veiru ná zoore da, kotu wó jwoŋi tega dáane mo se o taa tei.”
Yuu-tu Baŋa Wɛ na tage kolo to mo konto.",https://www.bible.com/bible/3661/EZK.47.KBG
EZEKELI 48,"Tega kam popɔre sem
1“Isarele dwia yam de tega kalo ba maama na wó jwoŋi to mo tento:
Ko na zege tega kam maama baŋa seeni siseini dem ne to, Dan dwi dem wó na popɔra dedoa mo. Ka baŋa seeni siseini dem wó tole de vo Hetelon seeni, se de laam yi Lebo-Hamafa. De maa wó vo de kweeli Hazara-enan ne. Damasika baŋa seeni siseini dem na yeiri Hamafa to mo konto. Dan dwi dem siseini mo konto, ko na zege Isarele tega kam wɛ-puli seeni se ko yi ka wɛ-zoore seeni to.
2Asere dwi dem de wó na popɔra dedoa mo. Ba tega kam wó lɔ siseini de Dan dwi dem mo, ko zege wɛ-puli seeni se ko kɛ ko yi ka wɛ-zoore seeni.
3Nafitali dwi dem de wó na popɔra dedoa mo. Ba tega kam wó lɔ siseini de Asere dwi dem mo, ko zege wɛ-puli seeni se ko yi ka wɛ-zoore seeni.
4Manasɛ dwi dem de wó na popɔra dedoa mo. Ba tega kam wó lɔ siseini de Nafitali dwi dem mo, ko zege wɛ-puli seeni se ko yi ka wɛ-zoore seeni.
5Efrayim dwi dem de wó na popɔra dedoa mo. Ba tega kam wó lɔ siseini de Manasɛ dwi dem mo, ko zege wɛ-puli seeni se ko yi ka wɛ-zoore seeni.
6Ruben dwi dem de wó na popɔra dedoa mo. Ba tega kam wó lɔ siseini de Efrayim dwi dem mo, ko zege wɛ-puli seeni se ko kɛ ko yi ka wɛ-zoore seeni.
7Judah dwi dem de wó na popɔra dedoa mo. Ba tega kam wó lɔ siseini de Ruben dwi dem mo, ko zege wɛ-puli seeni se ko kɛ ko yi ka wɛ-zoore seeni.
8Nam pɔɔre-na tega kalo na wó taa ye ka yera to. Tega kam konto wó lɔ siseini de Judah dwi dem mo, ko zege wɛ-puli seeni se ko kɛ ko yi ka wɛ-zoore seeni. Maŋe-na jei sem konto se ko taa ye naba-laara kuni 12,500 kayɔlɔ baŋa ne. Ka dedɔrem dem nam wó zege wɛ-puli seeni se ko yi wɛ-zoore seeni se ko taa mae de dwia yadwonna yam tega ni na wó taa ye tei to. Wɛ tete diga kam nam wó zege tega kam konto tetare ne mo.
9Pwola kalo abam na wó pɔɔre se ka taa ye Baŋa Wɛ tete nyem to ye se á maŋe-ka naba-laara kuni 12,500 dedɔrem baŋa ne. Ka kayɔlɔ baŋa maŋem de wó taa ye naba-laara kuni 5,000. 10Tega kam konto wó taa ye ka yera ka pae kaanem tiina bam mo. Ka baŋa seeni siseini maŋem wó taa ye naba-laara 12,500 mo. Ka kayɔlɔ seeni maŋem maa wó taa ye naba-laara 5,000 ka wɛ-zoore seeni, de ka wɛ-puli seeni. Tega-kuri seeni siseini dem maa wó taa ye naba-laara 12,500 dedɔrem baŋa ne. Baŋa Wɛ diga kam maa wó taa zege pwola kam konto tetare dem ne. 11Ka wó taa ye Zadoki tiina bam na ye kaanem tiina to nyem mo. Banto yɔɔre ba nii amo totoŋa baŋa ne mo ye ba wo yage. Ba wo sɛ se ba tɔge de Isarele tiina bam ba ywori ba chwoŋa, ne Levi dwi tiina badaara bam na ke tei to. 12Abam ná pɔɔre tega kam, pwola kam konto wó taa ye ka yera ka pa-ba. Ka wó tiini ka taa ye wose mo. Ka maa wó yeiri de Levi dwi tiina bam tega kam.
13Ko na yeiri kaanem tiina bam tega kam konto to, Levi dwi tiina bam wó taa jege ba de popɔra. Ka wó taa ye naba-laara 12,500 mo dedɔrem baŋa ne. Ka kayɔlɔ baŋa maŋem maa wó taa ye naba-laara 5,000. Ba tega kam ni maama wó taa ye naba-laara 12,500 mo dedɔrem baŋa ne, de naba-laara 5,000 kayɔlɔ baŋa ne. 14Ko dae se ba kwei tega kam ba yeigi ba pa nɔɔn-nɔɔno, naa se ba kwei-ka ba ma ba leiri woŋo kodwoŋi, ka na ye wose ka pa Baŋa Wɛ to ŋwaane.
15Pwola kam tega kalo ta na daare to wó yi naba-laara 2,500 ka kayɔlɔ baŋa ne, de naba-laara 12,500 ka dedɔrem baŋa ne. Kanto dae ka yera Wɛ ŋwaane, ye Jerusalem teo tiina wó wane ba taa jege-ka ba toŋa. Ba wae ba lɔ ba sam ye ba kɔne ba vara jei sem konto ne. Ba nam wó lɔ teo kom tete tega kam tetare ne mo. 16Ko sɛ sena sem maama wó taa mae daane mo: naba-laara 2,250 ko baŋa seeni, de tega-kuri seeni, de wɛ-puli seeni, dedaane wɛ-zoore seeni. 17Pwola maa wó taa tigi teo kom sɛ sena sem maama ne, ka kayɔlɔ baŋa maŋem na ye naba-laara 125 ka baŋa seeni, de tega-kuri seeni, de wɛ-puli seeni, dedaane wɛ-zoore seeni to. 18Tega kalo ta na daare ye ka yeiri pwola kalo na ye wose to ne mo ba wae ba kwei-ka ba du wodiu se Jerusalem teo nɔn-bia bam taa di. Tega kam kadwoŋi wó yi naba-laara 5,000 teo kom wɛ-puli seeni, ye ka kadwoŋi yi naba-laara 5,000 teo kom wɛ-zoore seeni. 19Teo kom nɔn-bia balo na nwoŋi Isarele dwia yam maama wone to mo wó taa vare tega kam konto. 20Ko na ye tei to, tega kalo maama na pɔɔre se ka taa ye ka yera to sɛ sem maama mae daane mo. Ka maŋem dem maa ye naba-laara 12,500 saŋa maama ne. Tega kalo na ye wose Wɛ ŋwaane to ná woli de Jerusalem teo laŋa kam, ko maama wó maŋe konto mo.
21Tega kalo ta na daare pwola kam konto wɛ-puli seeni dedaane ka wɛ-zoore seeni to wó taa ye teo dedɛɛro wom nyem mo. Ka kayɔlɔ maŋem maa wó taa ye naba-laara 12,500. O tega kam wó tole wɛ-puli seeni ka yi Jɔdan buga kam, ye ka daare ka tole wɛ-zoore seeni ka yi Mediterania naneo kom. Tega kalo ba na wó pɔɔre ba pa-ne to, de amo wara-jei sem na wó taa wo ka wone to laam maa wó taa tigi dedɛɛro wom tega kam tetare ne. 22Konto to, Levi dwi tiina tega kam, de kalo na wora teo kom ŋwaane to maama wó taa tigi dedɛɛro wom te selei sem tetare laŋa ne mo. O tega kam de maa wó lɔ siseini de Judah dwi tega kam na wo baŋa seeni to. Ka ta wó lɔ siseini de Benjamin dwi tega kam na wo tega-kuri seeni to.
23Ko ta ná daare dwia yalo na daare to:
Benjamin dwi dem wó na popɔra dedoa mo. Ba tega kam nam wó zege Isarele tega kam wɛ-puli seeni mo ka tole ka yi ka wɛ-zoore seeni.
24Simeon dwi dem de wó na popɔra dedoa mo. Ba tega kam wó lɔ siseini de Benjamin dwi dem mo, ko zege wɛ-puli seeni se ko yi ka wɛ-zoore seeni.
25Isakara dwi dem de wó na popɔra dedoa mo. Ba tega kam wó lɔ siseini de Simeon dwi dem mo, ko zege wɛ-puli seeni se ko yi ka wɛ-zoore seeni.
26Zebulun dwi dem de wó na popɔra dedoa mo. Ba tega kam wó lɔ siseini de Isakara dwi dem mo, ko zege wɛ-puli seeni se ko yi ka wɛ-zoore seeni.
27Gad dwi dem de wó na popɔra dedoa mo. Ba tega kam wó lɔ siseini de Zebulun dwi dem mo, ko zege wɛ-puli seeni se ko yi ka wɛ-zoore seeni.
28Gad dwi dem tega-kuri seeni siseini maa wó zege Tamara ne mo de tole de taa vei de yi Meriba-kadese buli-yia yam ne. De daa ta wó tɔge Ejipti nabara kam ne de tole de vo de kweeli Mediterania naneo kom ni ne.
29Tega kam konto mo nmo wó pɔɔre n pa Isarele dwia yam maama se ba taa tei. Dwi de dwi maama popɔra na wó taa ye tei to mo konto. Yuu-tu Baŋa Wɛ na tage kolo to mo konto.
Teo kom manchwo-peo nia taane
30Nia yanto mo nɔɔna wó yeini ba tɔge da ba nwoŋi teo kom wone: Teo kom baŋa seeni kabira maŋem wó taa ye naba-laara 2,250 mo. 31Ba maa wó pore nia yatɔ baŋa seeni kabira kam ne, ya yera na ye Ruben ni dem, de Judah ni dem, de Levi ni dem to. Ba wó taa jege Isarele dwia yam yera mo ba bwoi teo kom nia yam.
32Wɛ-puli seeni kabira kam maŋem de wó taa ye naba-laara 2,250, ye ka de jege nia yatɔ. Ko maa ye Josɛf ni dem, de Benjamin ni dem, de Dan ni dem.
33Tega-kuri seeni kabira kam maŋem de wó taa ye naba-laara 2,250, ye ka de jege nia yatɔ. Ko maa ye Simeon ni dem, de Isakara ni dem, de Zebulun ni dem.
34Wɛ-zoore seeni kabira kam maŋem de wó taa ye naba-laara 2,250, ye ka de jege nia yatɔ. Ko maa ye Gad ni dem, de Asere ni dem, de Nafitali ni dem.
35Konto to, laŋa kalo na tigi ka kaare teo kom sɛ sena sem maama to ye naba-laara 9,000 mo. Ko nam na zege maŋa kam konto ne se ko taa vei to, ba wó taa bwoi teo kom yere we, ‘Baŋa Wɛ wo ko wone.’ ”",https://www.bible.com/bible/3661/EZK.48.KBG
DANYELI 1,"Danyeli de o badwonna bam taane
Danyeli na ke tei Babilon teo ne to
1Judah teo Pɛ Jehoyakim paare dim bena yatɔ bene dem ne mo Babilon teo Pɛ Nebukadeneza vei Jerusalem se o ke jara de-ba, ye o kaare teo kom maama o pu. 2Baŋa Wɛ déem ma yage chwoŋa se o di Pɛ Jehoyakim. Pɛ Nebukadeneza ma pɛ Wɛ diga kam zela yadwonna o ja o viiri. O na jwoori o tete teo Babilon to mo o jaane Wɛ diga zela yam o zo o teo jwoni zula diga kam o tiŋi da.
3Pɛ Nebukadeneza déem jege nɔɔno dedoa na nii o nakwa maama baŋa ne. O yere maa ye Asepenaza. Pɛ wom ma pa‑o ni se o beeri Isarele tiina bam tetare ne balo ya na nwoŋi Judah teo pɛ sɔŋɔ kom ne, naa Judah tiina naduna badwonna wone to o pa‑o. 4Banto jege se ba taa ye nɔn-donno telo na lana fase ye gɛɛ tera ba yera ne to. Ba maa wó taa ye yi-pore-nyena balo boboŋa na dana se ba wane wonnu ba zamese to. Ba maa jege se ba taa ye balo na maŋe se ba toŋe Pɛ sɔŋɔ totoŋa to mo. Asepenaza nam mo wó zamese-ba se ba lɔre Babilon tiina taane dem se ba daare ba taa gare ba twanno. 5Pɛ wom ma pa ni se dɛ maama wone, ba pa nɔɔna bam konto wodiu kolo wonto tete de o sɔŋɔ tiina na wó di to. Nɔn-donno tem nam jege se ba kwei bena yatɔ mo ba zamese lanyerane, se ba zamesem dem kwaga ne ba taa toŋe ba pae pɛ wom o sɔŋɔ kom ne.
6Judah teo nɔɔna balo ba déem na kuri to badwonna mo tento: Danyeli, de Hanania, de Misayeli, de Azaria. 7Nebukadeneza nakwa yiga tu wom déem ma jwoori o pa-ba yere-doora. O déem page Danyeli yere we, Bɛletesaza. Hanania yere maa ye Saderake. Misayeli maa ye Mesake, ye Azaria yere leiri de ji Abedenego.
8Danyeli ma ke o boboŋa ne se o yé biini o tete de pɛ wom wodi-laaro telo ba na pɛ‑o se o taa di to. O ma lwoori chwoŋa Pɛ nakwa yiga tu wom tei ne se o taa di wodi-gaa. 9Wɛ déem ma pa Asepenaza lage Danyeli ni taane pa se o duri o ŋwaŋa. 10De konto maama de, nɔɔno wom ta kɔre foone de pɛ wom mo. O ma ta de Danyeli we, “Amo tu Pɛ wom mo pɛ ni abam na wó ta‑á di wodiiru telo, de á na wó ta‑á nyɔ sana balo to. Abam ná lage á ta‑á di wodiiru tedwonna, ye ba ba ba maane we á yera ba zura ne á yuudwonna bam, Pɛ wom wó wane o chigili amo ba o de tega ne ko ŋwaane.”
11Asepenaza nam ya le nɔɔno mo se o taa nii Danyeli, de Hanania, de Misayeli, de Azaria baŋa ne. Danyeli ma yi o tei o ta ded‑o o we, 12“Pa se dé maane dé nii da fuga laŋa ne se n ta‑n pae debam dwo-vɔɔro yerane se dé taa di, de na-gaa se dé taa nyɔa. 13Da fuga ná yia, se n pa dé nwoŋi dé zege. Nmo ma‑n wó kwei debam ya-tega kam n maŋe de nɔn-donno telo tem na di pɛ wom wodi-laaro to ya-tega. Nmo yi laam ná nɛ kolo, se n ke dedaane debam ne ko na maŋe tei to.” 14Nɔɔno wom ma sɛ se o maane-ba da fuga baŋa ne o nii.
15Da fuga kam na yi to, ba ma nii ba na we Danyeli de o yuudwonna bam déem mo nugi lanyerane ye ba jege lam ba dwoi nɔn-donno telo na di pɛ wom wodiiru tem to. 16Wolo na nii ba baŋa ne to daa maa wo fe-ba se ba di pɛ wom wodi-laaro tem se ba daare ba nyɔ o sana bam. Dwo-vɔɔro yerane mo ba déem laam jege ba di.
17Wɛ déem ma pa nɔn-donno tena tento yi-poro de yeino, se ba wane ba zamese twanno de swa dwi maama. Ko woli da, Wɛ déem pɛ Danyeli boboŋa mo se o taa wae o maŋe veera de dendwa kuri chekke.
18Bena yatɔ yalo Pɛ Nebukadeneza na pɛ se ba ma ba bere nɔn-donno tem to ma yi. Asepenaza ma ja ba maama o ja o jeeri Pɛ wom yiga ne. 19Pɛ wom ma ŋɔɔne de-ba dedoa dedoa, ye o daare o bwei-ba bwia. O ma maane we nɔn-donno tem maama wone, Danyeli, de Hanania, de Misayeli, dedaane Azaria mo ke lanyerane ba dwoni wuu. O ma pa ni se ba taa bwola ded‑o ba taa toŋe ba pa‑o. 20Ba déem na wora to, pɛ wom ná lage se ba woli‑o de swa, o yeini o maane we nɔn-donno tem konto swa de ba yiyiu kɛ o yi-nara bam de o liri-keira bam maama swa mo kuni fuga laŋa ne. 21Danyeli déem maŋe pɛ sɔŋɔ kom ne mo o toŋe taa se ko yi maŋa kalo Pɛ Sarusi na bobo o di paare to.",https://www.bible.com/bible/3661/DAN.1.KBG
DANYELI 2,"Nebukadeneza dendwɛ dem taane
1Dɛ dedwe Pɛ Nebukadeneza paare dim bena yalei bene dem wone mo o dwɛ dendwɛ dedwoŋi. Dendwɛ dem ma pa se o boboŋa tiini ya daane‑o, ye o ga se o dɔ de ŋwaane. 2O ma toŋe o bwoŋi o teo kom liri-keira, de ko yi-nara, de ko vora, de yi-pore-nyena, se ba jeeri ba maŋe o dendwɛ dem kuri ba bere‑o. Ba na tu ba zege pɛ wom yiga ne to, 3o ma ta de-ba o we, “Amo dwɛ dendwɛ mo ye de jege-ne de daana. A nam yɔɔre a lage se a lɔre de kuri mo.”
4Yi-nara bam ma leiri pɛ wom de Aram tiina taane ba we, “Pɛ, Wɛ wó pa‑m momwɛ-dɛɛre. Nam ta n dendwɛ dem n bere debam se dé maŋe de kuri dé bere‑m.” 5Pɛ wom ma leiri o we, “A boboŋa maŋe ya ja mo de taane dento. Abam mo jege se á ta a dendwɛ dem na ye tei to. Ko kwaga ne, á wó maŋe de kuri á bere-ne. Abam ná wo ke konto maama, a lage a pa ba gwoni abam mo muga-muga se á sam dem de ji di-dwonnu. 6Se á ná tage dendwɛ dem na ye tei ye á ta maŋe de kuri á bere-ne, amo wó pa abam ŋweero de pɛɛra dedɛ ko ŋwaane ye a daare a pa á tiini á na zula. Konto ŋwaane nam, yɔɔre á ta dendwɛ dem se á daare á maŋe de kuri á bere-ne.”
7Ba de daa ma leiri‑o ba we, “Pɛ, ko ye nmo ná lwoni n dendwɛ dem n bere debam yerane mo dé laam wó wane dé maŋe de kuri dé bere‑m.” 8Ba taane dem ma pa pɛ wom ta o we, “Amo yɔɔre a lɔre abam boboŋa a ti mo! Á na yei we a yia seene to mo pɛ se á jege maŋa kam á chɔga. 9Abam nam na yei we á ná wo tage dendwɛ dem kuri á bere-ne, á maama wó te to ŋwaane, mo á jege vwa á fɔe se á ma‑á gane-ne. Abam boŋe we a lage a leiri a wo mo na? Ta-na dendwɛ dem á bere-ne, se ko pa a lɔre we á wó wane á maŋe de kuri chekke á bere-ne.” 10Yi-nara bam ma leiri pɛ wom ba we, “Pɛ, nɔɔn-nɔɔno tera tega baŋa ne se kotu wane o ke n na lage se debam ke kolo to. Dé nam ta wo nɛ pɛ wolo na tage o yi-nara, naa o liri-keira, naa o yi-pore-nyena se ba ke nmo na tage tei to, ne o ná maŋe o ye pa-faro tei maama de. 11Pɛ, nmo lage se dé ke kolo na ware to mo. Ko ná dae wa yam yerane, nɔɔn-nɔɔno bá wane n dendwɛ dem o ta o bere‑m. Wa yam nam ba zoore de nabiina.”
12Ba taane dem déem ma pa pɛ wom bane tiini de zaŋe, ye o pa ni se ba go swa tiina balo maama na zoore Babilon teo ne to. 13Pɛ wom ni dem ŋwaane, ba toŋe nɔɔna se ba vo ba go swa tiina bam maama mo. Nɔɔna ma vo ba beeri Danyeli de o yuudwonna bam se ba go ba de ba woli da.
14Nebukadeneza babɛ sem yiga tu wom yere mo ye Arioki. O na vei se o go Babilon teo swa tiina bam to mo Danyeli yi o yera o lwoori‑o de swa se o lɔre kolo na ke to. 15O ma bwei Arioki o we, “Bɛ mo ke ye pɛ yɔɔre o pa ni se ba ke keim dem konto?” Arioki de déem ma lwoni kolo maama ya na ke to o bere‑o. 16Danyeli na nigi konto to, mo o yɔɔre pɛ wom tei o vo o lwoori maŋa fenfee se o jwoori o tei o ta dendwɛ dem kuri o bere‑o.
17Danyeli ta ma jwoori sɔŋɔ ye o ta kolo na ke to, o bere Hanania, de Misayeli, de Azaria. 18O déem ma ta de-ba o we, “Pa-na se dé lwoori Telaao Tu Wɛ wom se o duri debam yibwona se o le wo-siseigo konto kuri o bere debam. Konto ná kea, debam bá tɔge de Babilon teo swa tiina badaara bam dé te.” 19Tete dem konto ne mo Wɛ seene o veere wo-siseigo kom de ko kuri dem o bere Danyeli. Danyeli maa tei Telaao Tu Wɛ wom ye o we,
20“Tei-na Wɛ yere dem se ko taa vei wuu!
Kokuri, wonto mo ye yeino tu,
ye o dam gaale.
21Wonto mo pae se wonnu ke te maŋa ne.
O maa pae pwa jei ba di paare,
ye o ta pae ba badwonna ga ba paare dem.
O ye wolo mo na kwei swa o pa swa tiina to,
ye o daare o pa se yeino yi yi-pore-nyena de.
22Wonto mo le wonnu telo kuri nim na chana ye te seigi to.
O maa yei kolo maama na wo lim wone to.
Pwooni de maa kaare o maama de pu.
23Wɛ wolo a nabaara déem na zuli to,
a tei‑m mo ye a ke n lei.
Ko ye nmo mo pɛ-ne swa de dam.
Nmo ma‑n bere-ne kolo dé na lwoori‑m se n le to kuri,
de n na bere debam pɛ wom dendwɛ dem na ye tei to.”
Dendwɛ dem kuri
24Danyeli ma vo Arioki tei. Pɛ Nebukadeneza ya pɛ wonto ni mo se o go Babilon teo swa tiina bam maama. Danyeli ma ta ded‑o o we, “Yé go ba wolowolo. Nam tɔge a yiga se dé vo pɛ wom tei, se a laam maŋe o dendwɛ dem kuri a bere‑o.”
25Arioki de ma seene o ja Danyeli o vo pɛ Nebukadeneza tei, ye o ta de pɛ wom o we, “Nɔɔna balo dé na kale dé ja dé nwoŋi Judah ne dé ba ywo-seeni to wone mo a nɛ nɔɔno dedoa se o wane o ta nmo dendwɛ dem kuri o bere‑m.”
26Pɛ wom ma bwei Danyeli wolo yere dedwoŋi na ye Bɛletesaza to o we, “Ko ye chega mo we nmo wó wane n ta amo na dwɛ dendwɛ delo to se n ta lɔre de kuri n bere-ne na?”
27Danyeli ma leiri‑o o we, “Swa tu tera, naa yi-naro, naa liri-mwa tu, naa yi-pore-nyem tera, se kotu wane o lɔre wo-siseigo kolo nmo na tage to kuri o bere‑m. 28Telaao Tu Wɛ wom nam wora, ye wonto mo wae o kwei wonnu telo na seigi to o bere jaja. O ma kuri se o bere nmo kolo jwa na wó ke to. A laam wó ta n ya na tigi n dɔa ye n dwɛ wonnu telo to, dedaane boboŋa yalo na tu n yuu ne to kuri a bere‑m.
29Pɛ, nmo na tigi n dɔa konto to mo wonnu telo na wó ke jwa seeni to jaane n boboŋa. Wolo wom na veere wonnu telo ya na seigi to mo pɛ se n lɔre kolo na lage ko ke to. 30Nam lɔre lanyerane we a na lɔre n dendwɛ dem ya na seigi to, ko dae we amo jege swa a dwoi nɔɔna maama mo. Pɛ, ko ye Wɛ nam mo lage se n lɔre wonnu telo na kare te beeri n boboŋa ne ye te daane‑m to kuri.
31Pɛ, nmo na dwɛ to, n nii n na nabiinu nyenyego na zege n yiga ne. Nyenyego kom maa tiini ko daga! Ko ta tiini ko nyeena, ye ko laam jege foone dedɛ. 32Ba kwei sabu-seŋa na ye chekke to mo ba ma ba mɔ nyenyego kom yuu. Ko nyɔɔne dem, de ko vɔna maama ye lu-nyenno mo ba mɛ ba ke tento. Ko puga kam de ko chwa yam de ye channa mo ba mɛ ba ke-te. 33Ko nachere sem maama ye luuru mo ba mɛ ba ke-se. Ko napera yam maa ye luuru de dɔgɔ mo ba gwaane daane ba laam ma ba ke-te. 34Nmo na zege n nii nyenyego kom konto to, mo n daa‑n nɛ kandwɛ-zane na fɔge de nwoŋi peo yuu ne, ye nabiinu wo mɛ o jeŋa o sare-de. Kandwɛ dem tete mo tua de mage nyenyego kom ko napera yam seeni de mumugi-ya, luu de dɔgɔ kom maama. 35Ko laam ma pa se nyenyego kom luuru tem, de dɔgɔ kom, de channa kam, de lu-nyenno tem, de sabu-seŋa kam maama mumugi mura-mura bedwe baŋa ne. Vio de ma ba ko kale tento maama ko ja jei ne te ye swanno yerane mo tei, ye kolokolo daa wo daare. Nmo laam ma‑n na we kandwɛ dem na mage nyenyego kom de chɔge to jigi peo-kamunu mo. Peo kom konto laam ma jwoŋi tega kam baŋa jei maama.
36Nmo dendwɛ dem mo konto. A laam nam wó ta de kuri a bere‑m. 37Pɛ, nmo ye pa-faro mo pwa maama wone. Telaao Tu Wɛ wom nam mo kwei dam dedaane nenɔŋ-fɔrɔ o pa‑m, pa se n paare dem gaale. 38Wɛ ma kwei nabiina de vara maama, ko woli de zuna maama o ke nmo dam kuri ne. Nmo laam ma‑n tei tento maama. Nmo mo ye nyenyego kom yuu kom na ye sabu-seŋa kam ba na mɛ ba ke to.
39Nmo paare dem nam wó kɛ, se paare dedwoŋi de leiri. Paare dem konto nam bá taa dana ne nmo paare dem na ye tei to. De de maa wó di de kɛ se paare batɔ tu laam ba. Dento mo wó taa ye channa paare dem. Paare dem konto wó jage de yi tega kam jei maama. 40Paare bana tu daa ta wó saŋe paare dedwoŋi dem kwaga. Dento nam lage de taa dana mo ne luuru na dana tei to. Paare dem konto wó chɔge paara yadwonna yam maama mo, ne luuru na bwori wonnu ye te ta chochoge-te tei to. 41Nmo nam ta n nɛ we napera yam de namimbia bam jei sedwonna ye luuru, ye sesem de maa ye dɔgɔ. Ko bere we paare dem konto lage de pɔɔre belei mo. Daa dedoa wó taa dana ne luuru na dana tei to, ye kakam daa bwona, ne dɔgɔ na ye tei to. 42Paare dem nam lage de gwaane daane mo, mɛ na bwona to de mɛ na dana to maama. 43Nmo na nɛ we luuru tem de dɔgɔ kom gwaane daane to, ko bere we paare dem konto nam wó taa kwaana se ba di da-bukwa, se ko pa ba taa ye bedwe. Ko nam bá toŋe, ko nye de luuru de dɔgɔ na ba jaane daane tei to mo.
44Ko nam na ye tei to, pwa bam konto paare dim ta ba ti, de Telaao Tu Wɛ wom na tu o chwi paare dedwoŋi. Dento paare dem nam lage de taa wora se ko taa vei wuu mo. Nɔɔn-nɔɔno bá wane-de o che. De maa wó chɔge paara yadwonna yam maama pa se ya jei. Paare dem konto tete nam wó taa wora taa wuu. 45Ko nye de nmo na nɛ kandwɛ-zane delo na fɔge de nwoŋi peo yuu ne ye nabiinu wo mɛ o jeŋa o lɔ-de to. N nɛ we kandwɛ dem konto tu de mage nyenyego kom luuru tem, de channa kam, de dɔgɔ kom, de lu-nyenno tem, de sabu-seŋa kam, ye de chɔge-te mura-mura mo. Wɛ-kamunu kom mo lage se o bere‑m kolo na wó ke jwa seeni to. Pɛ, nmo dendwɛ dem wó seene de ji chega, ye amo de na tage tei a bere‑m to ye ko yuu ne mo.”
46Pɛ Nebukadeneza na nigi konto to, o ma vwi o yibia tega ne o jɔɔne Danyeli. O ma pa ni se ba kwei wodiu pɛɛra ba ma ke kaanem ba pa Danyeli, se ba ta zwɛ talwoŋ-ywoŋa ba pa‑o. 47Pɛ wom ma ta de Danyeli o we, “Abam Wɛ dem mo seene de ye Wɛ chekke de dwoi wa yam maama. O ta ye Yuu-tu mo pwa maama yiga ne. O maa ye Wɛ delo na kwei wonnu telo na seigi to mo o le o bere jaja, bɛŋwaane nmo wane n ta amo dendwɛ dento kuri de de ya na seigi to de.”
48Pɛ wom déem ma pa Danyeli na zula lanyerane, ye o daa ta pa‑o pɛɛra dedɛ na tiini ya lamma to. O ta ma kwei Babilon teo maama o ke o jeŋa ne, ye o daare o pa o ji o swa tiina bam maama yiga tu. 49Danyeli ma lwoori chwoŋa Pɛ wom tei ne, ye ba kwei Saderake, de Mesake, de Abedenego pa se ba nii Babilon laŋa kam ni maama baŋa ne ba pa‑o. Danyeli tete déem ma maŋe pɛ sɔŋɔ kom ne.",https://www.bible.com/bible/3661/DAN.2.KBG
DANYELI 3,"Sabu-seŋa nyenyego de min-vogo kom
1Pɛ Nebukadeneza déem ma pa ba kwei sabu-seŋa ba ma ba mɔ nyenyego ba zege Dura bwolo kom ne. Jei sem konto de déem wo Babilon kateiri dem wone mo. Nyenyego kom dedɔrem baŋa déem ye jatwogo maŋem kuni fuseredo mo. Ko kayɔlɔ baŋa maa ye jatwogo maŋem kuni beredo. 2Pɛ wom ma toŋe o bwoŋi o teo kom dedɛɛra maama, de ko yiga tiina, de balo na ye yuu tiina teo kom kateira yam ne to, de ko nakwa, de ko swa tiina, de yi-pore-nyena bam, ko ta woli de balo na di nɔɔna taane to, dedaane balo maama na nii kateira yam baŋa ne to se ba ba o tei. O déem bwoŋi banto maama se ba ba ba zuli nyenyego kolo o na pɛ ba ke ba pa‑o to mo. 3Nɔn-kamuna bam konto maama de dedɛɛra bam maama laam ma jeeri daane ba zege sabu-seŋa nyenyego kom yiga ne se ba zuli-ko.
4Kwor-tɔɔlo ma bage baŋa baŋa o we, “Abam balo na nwoŋi dwi maama ne, de teo kolo maama ne, ye á ŋɔɔne taane delo maama to, fɔge á cheigi-na ni delo dé pɛ wom na pɛ to! 5Á wó ni nɔɔna na wó wu nabwanno, de wi, de namunnu. Badwonna de maa wó ta kwanno ye badaara de jege gullu ba maga. Abam nam ná nigi sɔɔ konto dwoŋi, se á ke lela á vwi á yibi tega ne á zuli sabu-seŋa nyenyego kom Pɛ Nebukadeneza na chwi to. 6Wolo maama nam ná ve se o tiiri o jɔɔne nyenyego kom, ba wó ja kotu mo ba dole ba de gwoŋo kolo wone min-vogo na di bileim-bileim to ne.”
7Nɔɔna bam na yɔɔre ba ni nabwanno tem, de wi sem, de kwanno tem, de gullu tem, de namunnu tem kwori to mo ba maama vwi ba yibi sem tega ne. Ba maama ma bobo se ba taa jɔɔne nyenyego kom Pɛ Nebukadeneza na ke to. Ba ná maŋe ba ye dwi delo maama tiina mo, naa ba ná ŋɔɔne taane delo maama de, ba maama ke konto mo.
8Babilon teo swa tiina badwonna ma tɔge keim dem baŋa ne ba vo ba ba Juu tiina bam bebara de pɛ Wom. 9Ba déem ma ta ded‑o ba we, “Pɛ, Wɛ wó pa‑m momwɛ-dɛɛre! 10Nmo pɛ ni n we, ‘Nɔɔno maama ná nigi wi sem wum, de kwanno tem tam, de sɔɔ dwi maama, se ba maama vwi ba yibi tega ne ba jɔɔne sabu-seŋa nyenyego kom. 11N ni dem ta bere we wolo nam ná ve se o tiiri o jɔɔne nyenyego kom, se ba dole kotu ba de min-vogo wone.’ 12Juu tiina badwonna nam ba nege‑m kɔtaa. Banto maa ye balo nmo na kuri ye n pa-ba dam se ba taa nii Babilon teo kateira yam maama baŋa ne to mo. Saderake, de Mesake, de Abedenego mo konto. Ba ba zuli nmo teo wa yam. Ba ta ba sɛ se ba tiiri ba zuli nyenyego kom n na ke n zege to.”
13Pɛ Nebukadeneza na nigi konto to, o bane ma tiini de zaŋe de nɔɔna batɔ bam konto. O ma pa ni se ba ja-ba ba ba o tei. Ba na jaane-ba ba yi pɛ wom tei to, 14o ma bwei-ba o we, “Saderake, de Mesake, de Abedenego, abam mo seene á ta we á bá tɔge á zuli amo wa yam, ye á ta bá jɔɔne sabu-seŋa nyenyego kolo a na chwi to na? 15Tɔ! Boŋe-na á nii á na wó ke tei. Abam daa ná nigi wi sem wum, de kwanno tem tam, de sɔɔ dwi maama, se á vwi á yibi tega ne á jɔɔne sabu-seŋa nyenyego kom. Á nam ná yɔɔre á ve se á jɔɔne-ko, ba laam wó dole abam mo ba de min-vogo kom wone. Á boŋe we wɛ dedwoŋi wora o na wó wane o jwoŋi abam amo jeŋa ne o yage na?”
16Nɔɔna batɔ bam de ma leiri‑o ba we, “Pɛ Nebukadeneza, ko dae se dé ŋɔɔne dé jwoŋi dé tete dé yage taane dento baŋa ne. 17Dé nam yei liŋ we, n ná pɛ se ba dole debam ba de min-vogo konto wone, debam Wɛ delo dé na zuli to wó wane o liiri debam de wone, ye o daare o vere debam n jeŋa ne o yage. 18O nam ná wo jwoŋi debam o yage mo de, dé wó ta zwa-poora mo se n lɔre we, debam bá fɔge dé zuli nmo wa yam, dé nam bá jɔɔne sabu-seŋa nyenyego konto n na ke n zege to.”
19Ba taane dem ma gɔ Nebukadeneza de feiri. O bane ma tiini de zaŋe Saderake, de Mesake, de Abedenego baŋa ne, pa se o luluŋ-bea chiiri ko ŋwaane. O ma pa ni se ba pa mini dem taa dana kuni berepɛ. 20Pɛ wom laam ma ta o jar-keira nɔn-wagela bam badwonna se ba ja Saderake, de Mesake, de Abedenego ba vɔ se ba dole-ba ba yage min-vogo kom wone. 21Ba yɔɔre ba vɔ nɔɔna batɔ bam konto de gwaaro telo maama ba na zo to mo. Ko maa ye ba gare-bwori, de ba gare-kuri, de ba yuu gare-yia, de ba gwaaro maama. Ba ma dole-ba konto ba de min-vogo kom wone. 22Pɛ wom ni dem na tu de yi-seena pa se mini dem funyogo daga tei to ŋwaane, mini dem déem nwoŋi diga kam ne de go jar-keira balo na zeŋe Saderake, de Mesake dedaane Abedenego ba yi de yera se ba dole-ba ba de de wone to mo. 23Se ko ná ye nɔɔna batɔ bam konto, ba yɔɔre ba to min-vogo kom na tiini ko di to tetare ne ye ba yera ta vɔge de ŋone mo.
24Ko na ke fee to, mo pɛ wom pɛ o zaŋe ye o ni yɛ. O ma bwei o teo dedɛɛra bam o we, “Ko dae nɔɔna batɔ mo dé dole dé de mini dem wone na?” Ba ma leiri‑o ba we, “Ɛɛ, Pɛ, ko seene ko ye konto mo.”
25O daa maa we, “Ko nam ke tɛ mo ye a na nɔɔna bana na kare mini dem wone ba via? Ba yera yam daa wo vɔge, ye kolokolo ba daane-ba.” O ta ma ta o woli da we, “Nɔɔno wolo na ke bana tu to nam nye de o ye wɛ dedwoŋi mo!”
26Pɛ Nebukadeneza ma fɔɔre o yi min-vogo gwoŋo kom ni dem seeni, ye o bage de kwor-dɛa o we, “Abam balo na ye Yuu-tu Wɛ wom tontoŋena bam to, Saderake, de Mesake, dedaane Abedenego, nwoŋi-na á ba ywo-seeni!”
Saderake, de Mesake, de Abedenego ma seene ba nwoŋi mini dem wone ba yi o tei. 27Teo kom dedɛɛra bam, de ko yiga tiina, de balo na ye dedɛɛra teo kom kateira yam ne to, de ko nakwa bam ma fɔɔre ba yi ba yera. Ba na fɔge ba nii-ba to, ba nɛ we mini dem wo ke-ba zonne. Ba yera koro de ba yu-ywei de nam wo zwɛ mini dem wone. Mini wo zwɛ ba gwaaro tem de. Ba ta ma na we nyoa lwom maŋe de tere ba yera yam ne.
28Pɛ Nebukadeneza laam ma ta o we, “Ko ná ye Wɛ delo Saderake, de Mesake, dedaane Abedenego na zuli to, wonto maŋe de tia mo. Kokuri to, o toŋe o maleka mo se ka ba ka jwoŋi o tontoŋena bam konto ka yage. Ba nam ke ba wo-dedoa ded‑o, pa se ba ve amo ni dem. Ba sɛ se ko ná ye toone de, se ba te, kolo ŋwaane ba ke ba boboŋa ne we, ba bá sɛ ba zuli wa yadwonna ba leiri ba tete Wɛ dem yuu ne. 29Amo zem mo nam pɛ ni we, nɔɔno ná nwoŋi teo kolo maama ne, naa dwi delo maama ne, ye o ná ŋɔɔne taane delo maama, kotu ná ŋɔɔne Saderake, de Mesake, de Abedenego Wɛ dem o ja o chɔge, se ba cha kotu mura-mura. O sɔŋɔ de nam wó ji di-dwoŋo mo. Kokuri to, wɛ dedwoŋi daa tera, ye de wó wane de jwoŋi de nɔɔna de yage nenɛɛne banto Wɛ dem na ke tei tento to.”
30Pɛ wom daa ma jwoori o zeiŋi Saderake, de Mesake, de Abedenego se ba taa tiini ba jege dam ba nii Babilon laŋa kam ni maama baŋa ne.",https://www.bible.com/bible/3661/DAN.3.KBG
DANYELI 4,"Nebukadeneza dwɛ tio dendwɛ
1Pɛ Nebukadeneza na pɛ kwora kalo se ka yi nɔɔna balo maama na wo logo baŋa ne, ba ná maŋe ba nwoŋi dwi delo maama ne, de teo kolo maama ne, ye ba ná ŋɔɔne taane delo maama to mo tento:
Wɛ wó pa á maama yazura se ko ja gaale.
2A wo pwoli de chwoŋa na tigi ka pa-ne se a ta wo-kamunnu de wo-kenkagela yalo Yuu-tu Wɛ wom na ke o pa amo to.
3Wo-kenkagela yalo Wɛ na ke to
tiini ya bere o dam mo!
O ma yɔɔre o ke wo-kamunnu dedɛ!
O paare dem ba jege kweelim!
O maa jege dam se o taa tei nɔɔna taa wuu!
4Amo Pɛ Nebukadeneza déem jei a sɔŋɔ ne mo de yazura, ye a wo tigi lanyerane. 5A na tigi a dɔ to mo a dwɛ dendwɛ ye foone tiini de zo-ne de ŋwaane. A na nɛ veera yalo a yuu ne to pɛ se a boboŋa vugimi. 6Mo kokuri amo ma pa ni se ba bwoŋi swa tiina balo maama na wo Babilon ne to, se ba lɔre a dendwɛ dem kuri ba bere-ne.
7A teo kom liri-mwa tiina, de ko yi-nara, de ko vora, de yi-pore-nyena na tua amo tei to, a ma ta a dendwɛ dem a bere-ba. Ba nam wo wane de kuri ba ta ba bere-ne. 8Ko kwaga seeni mo Danyeli tu a tei ne, ye a ta a dendwɛ dem a bere o de. Amo déem nam kwei a jwoni yere mo a pa‑o se ba taa bwoi‑o we Bɛletesaza. Wa yalo na ye ya yera to jworo maa tɔge‑o lanyerane.
9A ma ta ded‑o a we, “Bɛletesaza, n na ye swa tiina bam maama yiga tu to, a maane we wa yalo na ye ya yera to jworo mo wo n tei ne. Konto ma pa se wo-siseigo tera nmo na yeiri ko kuri. A lage a maŋe a dendwɛ mo se n cheigi se n laam ta de kuri n bere-ne. 10Tɔ. Amo na tigi a dɔa ye a na veera yalo a yuu ne to mo tento: A nii a na tei-zɔŋɔ na yɔɔre ko maŋe de tega ni maama tetare dem ne ko zege da. Ko maa tiini ko dɔra. 11Tio kom yɔɔre ko yalese ko ke da mo ye ko jege dam. Ko ta yɔɔre ko dɔra mo pa se ko yi wɛyuu kom. Nɔɔna balo na zege tega baŋa jei maama ne to wae ba na-ko. 12Ko vɔɔro tiini te lana, ye ko yɔɔre ko leiri bia dedɛ se tega baŋa nɔɔna maama taa di ba sui. Ga-vara maa tigi tio kom woro ne, ye zuna de sɔ pworu ko nɛ sem yera ne. Wonnu telo maama na ŋwe to de yɔɔre te nae wodiiru tio kom yera ne mo te di.
13A ta na tigi a dɔ ye veera yam tui a yuu ne konto to, mo a nɛ Wɛ maleka na ye ka yera to na nwoŋi Wɛ telaao ne ka beene. 14Ka bage de kwor-dɛa ka we, ‘Gwoni-na tei-zɔŋɔ konto á de tega ne. Ta sare-na ko nɛ sem maama á yage, ye á daare á poore ko vɔɔro tem. Jage-na ko bia balo na leigi to jei maama ne. Ta daare á chiŋi-na vara bam se ba yé taa tigi ko kuri ne, se zuna bam de zaŋe ko nɛ sem ne ba viiri. 15Ko daare ko ná ye tio kom kugu, se á yage-ko tega kam ne. Abam laam wó beeri chegero mo se á kwei-te á vɔ kugu kolo na daare to yera yam ne. Luuru de channa mo ba wó ma ba ke chegero tem. Á wó pa kugu kom maŋe dáane ye ga-zuru mo gilimi-ka.
Ko nam na ye tei to, nyɔnɔ mo wó to kotu baŋa ne, ye o de vara mo wó taa zoore daane goa kam wone ba di gaaro. 16O daa bá taa jege nabiinu boboŋa, se varem boboŋa mo o wó taa jega se bena yarepɛ kɛ ya daare.
17Ni dento nwoŋi wɛyuu malese selo na nii logo baŋa to tei ne mo. Ko lage ko ke konto mo se nabiina maama lɔre we Yuu-tu Wɛ wom mo jege dam nabiina paare maama baŋa ne. O nam yeini o kwei dam o pae balo o na kuri se o pa ba di paare to mo, de nabwona de.’
18Tɔ. Bɛletesaza, amo Pɛ Nebukadeneza na dwɛ dendwɛ delo to mo konto. A teo kom swa tiina bam wolowolo nam tera se kotu wane o ta de kuri o bere-ne. A nam yei we nmo wó wane n ta de kuri n bere-ne, wa yalo na ye ya yera to jworo na wo n tei ne to ŋwaane.”
Danyeli tage dendwɛ dem kuri
19Pɛ Nebukadeneza taane dem baŋa ne, Danyeli, o yere dedwoŋi na ye Bɛletesaza to, boboŋa jei mo ye ko tiini ko daane‑o. Pɛ wom na maane konto to, mo o tage ded‑o o we, “Bɛletesaza, yé pa dendwɛ dem, de de kuri na ye tei to taa jege‑m ko daana.”
Bɛletesaza de ma leiri o we, “Pɛ, ko ya ná ke se dendwɛ dem toŋe n dona baŋa ne, konto ya mo wó taa lana. 20Nmo nɛ tio kolo na yalese mo ye ko jege dam to. Ko ta yɔɔre ko dɔra mo pa se ko yi wɛyuu kom. Nɔɔna balo na zege tega kam baŋa jei maama ne to wae ba na-ko. 21Ko vɔɔro tiini te lana, ye ko yɔɔre ko leiri bia dedɛ se tega baŋa nɔɔna maama taa di ba sui. Ga-vara maa yeini ba sii tio kom kuri ne, ye zuna de sɔ pworu ko nɛ sem yera ne. 22Pɛ, nmo tete mo ye tio kom konto. Nmo yere dem tiini de zaŋe de yi wɛyuu. N paare dem dam de jage mo de yi tega kam baŋa jei maama ne.
23Nmo ma‑n na Wɛ maleka na ye ka yera to na nwoŋi Wɛ telaao ne ka tu ka ta we, ‘Gwoni-na tio kom á de tega ne, se á daare á chɔge-ko. Nam yage-na ko kugu tega kam ne se á kwei luuru de channa á vɔ ko yera ne. Pa-na se ko maŋe da ye ga-zuru de gilimi-ko. Ko na ye tei to, nyɔnɔ mo wó to kotu baŋa ne, ye o de vara mo wó taa zoore daane goa kam wone ba di gaaro se bena yarepɛ kɛ ya daare.’
24Pɛ, cheigi n dendwɛ dem kuri. De nam ye Yuu-tu Wɛ wom na boŋe se o ke tei de nmo to mo o le o bere‑m. 25Ko bere we ba lage ba le‑m nabiina tetare ne mo, se n zo gaao ye nmo de kago-vara ta‑á zoore daane. Nmo de laam wó ta‑n done gaao, ne n ye nabea mo tei. Nyɔnɔ wó to n yera ne se bena yarepɛ kɛ ya daare. Nmo laam wó ba n lɔre we Yuu-tu Wɛ wom mo jege dam nabiina paare maama baŋa ne ye wonto nam mo yeini o pae balo o na kuri to di paare. 26Ba na pɛ ni se tio kom kugu de ko tega nɛ sem taa maŋe tega kam ne to, ko bere we n ná tu n maane we Telaao Tu Wɛ wom mo seene o ye pɛ nabiina baŋa ne, ba laam wó jwoori ba kwei n paare dem ba pa‑m se n daa‑n ta‑n jege n di. 27Konto ŋwaane, Pɛ, a lwoori‑m se n ke tei a na wó bere‑m to. Yage tusim kikia, se n daare n ta‑n ke kolo na tɔge chwoŋa to. Nam yé ta‑n jege puseŋa n ke de nɔɔna, se n daare n ta‑n jege nabwona yibwona. Kokuri to, konto mo wó wane ko pa se n na yiga-veiŋa n dáane.”
Dendwɛ dem jigi chega
28Wonnu tento maama déem seene te ke Pɛ Nebukadeneza ŋwea wone mo. 29Chane fuga-selei kwaga ne mo dɛ dedwe, pɛ wom maa wo pɛ sɔŋɔ kom na wo Babilon ne to wone. O laam ma di ko nayuu kom o kare o via. 30O ma ta o we, “Nii Babilon teo kom na ye teo kamunu, ye amo tete dam-fɔrɔ mo a mɛ a lɔ-ko se ko taa jege lam tei! A nam lɔge-ko se a di a paare ko wone se ko bere a nenɔŋ-fɔrɔ kom na ye tei to mo.”
31O ni dem ta wo to tega ne de kwora na nwoŋi Wɛ telaao ne ka ta ded‑o ka we, “Pɛ Nebukadeneza, cheigi amo taane dento: Zem dɛ dem ne mo nmo paare dem ti! 32Ba lage ba le‑m nabiina tetare ne mo, se n zo gaao ye nmo de kago-vara wó taa zoore daane. Nmo de laam wó ta‑n done gaao, ne n ye nabea mo tei. Nmo wó ta‑n ye konto se bena yarepɛ kɛ ya daare. Nmo laam wó ba n lɔre we Yuu-tu Wɛ wom mo jege dam nabiina paare maama baŋa ne ye wonto nam mo yeini o pae balo o na kuri to di paare.”
33Maŋa kam konto ne nɔɔ, taane delo maama Wɛ na tage se ko vo Nebukadeneza seeni to jigi chega. Ba déem le‑o nabiina tetare ne mo se o vo o done gaao ne o ye nabea mo tei. Nyɔnɔ maa yeini ko to o baŋa ne pa se o ye-daa kam bugi. O yu-ywei sem de déem nwoŋi mo gee ne maao koro to. O ja-fwa de jigi nenɛɛne zuŋa ja-fwa dwoŋi mo.
34Maŋa kam na kɛ ka ti maama to, amo Nebukadeneza laam ma kwoni a yuu wɛɛne, ye a swa jwoori a tete ne. A ma ke Yuu-tu Wɛ wom lei, o na wora se ko taa vei wuu to. A ma tei‑o ye a pa‑o zula a we:
O jege dam se o taa tei nɔɔna taa wuu!
O paare dim dem maa wó taa wora taa!
35Tega baŋa nabiina maama
dae kolokolo yiga da o tei ne.
O maa yeini o ke o na lage tei to
de wɛyuu malese sem maama,
ko ta woli de tega baŋa nabiina de.
Nɔɔn-nɔɔno ware‑o se o cheiŋi,
naa se o bwei‑o we,
“Bɛŋwaane mo n ke tento?”
36A swa yam na tu a tete ne maŋa kalo to, mo a jwoori a na a paare dem a jege a di, pa se a dam de a nenɔŋ-fɔrɔ jwoori a tei ne. A teo kom nakwa de dedɛɛra bam de ma jeeri-ne lanyerane. Amo déem laam nɛ dam dedɛ a paare dim seeni ye a yere dem tiini de zaŋe jei maama ne. 37Amo Pɛ Nebukadeneza laam wó seini Wɛ delo na ye telaao Pɛ wom to mo. A nam ta wó zuli‑o mo, ye a zeiŋi o yere wɛɛne. O kikia maama yɔɔre ya tɔge chwoŋa mo, ye ya ye chega. Ko ná ye balo na bere ba tete kamunim to, wonto mo wae o pa se ba jwoori ba tu ba tete tega ne.",https://www.bible.com/bible/3661/DAN.4.KBG
DANYELI 5,"Poponem tu de tigi kabira yera ne
1Maŋa kadwoŋi ne mo, Pɛ Bɛlesaza déem bwoŋi o teo kom dedɛɛra moro, se ba jeeri ba di wodi-fɔrɔ ded‑o. Pɛ wom maa tɔge de-ba o nyɔ sana dedɛ. 2Sana bam na tu o yia ne to, mo Pɛ wom pɛ ni se ba kwei sabu-seŋa de lu-nyenno zwe selo o kwo Nebukadeneza déem na jaane o nwoŋi Jerusalem Wɛ diga kam ne to ba ba. Pɛ wom ma kuri se o dedɛɛra, de o kaana, de o bɔɔla bam kwei-se, se ba nyɔ sana se wone. 3Ba ma vo ba kwei Wɛ diga sabu-seŋa zwe sem Nebukadeneza na jaane o nwoŋi Jerusalem teo ne to, ba ba o tei. Pɛ wom, de o dedɛɛra bam, de o kaana de o bɔɔla bam maama ma bobo se ba taa nyɔ sana na-zwe sem konto wone. 4Ba jege sana bam ba nyɔ konto mo, ye ba daare ba seini ba wa yalo ba na mɛ sabu-seŋa, de lu-nyenno, de channa, de luuru, de dɛ, de kandwa ba ma ke-ya to.
5Ba na jei da ba di ywoni pɛ sɔŋɔ kom ne konto to, mo nɔɔno jeŋa pɔpɔ ka pi diga kam kabira yera ne, ka wora ka popone ka tete ne. Pɛ wom ma yɔɔre o na jeŋa kam na wora ka popone to, min-zwoŋo mo na zege da ko pae pwooni to ŋwaane. 6Bedwe baŋa ne pɛ wom ma ko de foone, ye o yibia da ka leiri. O nadwoona ma bobo se ya taa mage daane ye o yera maama da ya te. 7O ma pa ni se ba bwoŋi o yi-nara bam, de o liri-mwa tiina, de o yi-pore-nyena bam ba pa‑o.
Pɛ wom ma ta de-ba o we, “Abam wolo ná wane o ga poponem dento, ye o maŋe de kuri o bere-ne, amo wó pa kotu na zula lanyerane ye a zo‑o nenɔŋa paare gwaaro. A ta wó kwei sabu-seŋa zambili a de o ba ne ye a daare a pa o ji dedɛɛra batɔ tu a teo kom dam seeni.”
8Pɛ wom swa tiina bam maama déem ma ba o tei, ye ba wolowolo ware poponem dem se o ga. Ba maa yeiri de kuri de, se ba ta ba bere pɛ wom. 9Ko ma pa se Pɛ Bɛlesaza boboŋa maama jei, ye o yibia da ka leiri. O dedɛɛra bam de yu-punnu maama ma vugimi.
10Ka-pɛ-dwooro wom ma ni pɛ wom de o teo dedɛɛra bam sɔɔ kom na zaŋe tei to. O ma zo ba tei ye o ta de pɛ wom o we, “Pɛ, Wɛ wó pa‑m momwɛ-dɛɛre. Nam yé pa n boboŋa jei, naa n yibia de leiri. 11Nɔɔno dedoa wo nmo paare laŋa kanto ne, ye wa yalo na ye ya yera to jworo tɔge‑o lanyerane. Nmo kwo Nebukadeneza déem na ye pɛ to, o lɔre we nɔɔno wom konto tiini o jege yi-poro, de yeino, de swa, ne wa yam tete swa na ye tei to. Nmo kwo ma kwei‑o o zege o yi-nara, de o liri-mwa tiina, de o swa tiina, de o yi-pore-nyena bam maama yiga ne. 12Nɔɔno wom yere mo ye Danyeli. Nmo kwo déem ma leiri o yere se de taa ye Bɛletesaza. O jege boboŋa lanyerane pa se o yeino de o swa gaale. O maa yei se o lɔre dendwa kuri, de dende kuri, se o daare o maŋe wo-siseigiru kuri jaja. Nam toŋe se ba bwoŋi‑o se o ba ywo-seeni, se o wó wane o maŋe keim dento kuri maama o bere‑m.”
13Ba ma seene ba ja Danyeli ba ba pɛ wom tei. Pɛ wom ma bwei‑o o we, “Nmo mo seene n ye Danyeli wolo amo kwo Nebukadeneza déem na kale o woli da o ja o nwoŋi Judah teo ne o ba ywo to na? 14Amo nigi we dé wa yam jworo mo tɔge‑m lanyerane pa se n jege yi-poro, de yeino, de swa dedɛ. 15Amo nam ya tage a teo swa tiina de yi-nara bam se ba ga poponem dento, ba daare ba ta de kuri ba bere-ne. Ba wolowolo nam ware poponem dem kuri se o ta o bere-ne. 16A nam nigi we nmo wae n lɔre wonnu telo na seigi to kuri, se wo-chɛɔ dwi maama bugi. Nmo nam ná gage poponem dento n bere-ne, ye n daare n ta de kuri, amo wó pa se n na zula lanyerane ye n zo nenɔŋa paare gwaaro mo. A ta wó kwei sabu-seŋa zambili a de n ba ne ye a daare a pa n ji dedɛɛra batɔ tu a teo kom dam seeni.”
17Danyeli ma leiri pɛ wom o we, “Amo wó seene a ga poponem dem, ye a daare a ta de kuri a bere‑m. Se ko ná ye pɛɛra yalo n na boŋe se n pa-ne to, a ke nmo lei ya ŋwaane. De ko de, Pɛ, ta‑n jege-ya, naa n kwei n pa nɔn-gaa. 18Pɛ, Yuu-tu Wɛ wom déem kwei paare, de kamunni, de zula, de nenɔŋ-fɔrɔ mo o pa nmo kwo Nebukadeneza. 19N kwo dam dem déem tiini de gaale pa se balo maama na wo logo baŋa ne, ba ná maŋe ba nwoŋi dwi delo maama ne, de teo kolo maama ne, ye ba ná ŋɔɔne taane delo maama to kɔre‑o dedɛ ye ba yera sae. Nmo kwo déem ná boŋe se o go wolo, o wó go kotu mɔle mo. O maa ná we wolo taa ŋwe, kotu wó taa ŋwe mo. O ta na lage wolo to, o wó zuli‑o mo, ko daare o ná boŋe se o ke wolo chaveera, kotu wó seene o na o chaveera mo. 20O maa na bobo se o taa bere o tete, pa se o wo ke dam ye o bɛɛse nɔɔna to, mo ba jwoŋi o paare dem ba daare‑o, ye o nenɔŋa maama jei. 21Ba ta ma zeili‑o pa o nwoŋi nabiina tetare ne ye o boboŋa ji ne kago-vara boboŋa. O ma vo o zoore de gaao wo bonɛ sem. Nmo kwo déem jege gaao o done ne nabea na ke tei to mo. Nyɔnɔ de ma to o yera ne se o laam ba o lɔre we Yuu-tu Wɛ wom mo jege dam nabiina paare maama baŋa ne ye wonto mo yeini o pae balo o na kuri to di paare.
22Ko daare nmo Bɛlesaza, nmo ye wonto bu mo ye n yei wonnu tento maama ni ne. De ko de, nmo wo sɛ se n tu n tete n kɔre Wɛ. 23Nmo nam zeiŋi n tete se n dwoni de Wɛ delo na ye telaao Tu to mo. N ma‑n pa ba ja Wɛ dem konto tete diga zwe sem ba ba ba pa‑m. Nmo de n dedɛɛra, de n kaana, dedaane n bɔɔla bam laam ma nyɔ sana se wone. Á ma daare á seini wa yalo ba na mɛ sabu-seŋa, de lu-nyenno, de channa, de luuru, de dɛ, de kandwa ba ke-ya to. Wa yam konto nam ba ni taane. Ya maa ba nae ye ya ta ba jege boboŋa. Ko nam ná ye Wɛ delo na jege dam n ŋwea kam baŋa ne, ye o tiŋi chwei selo n na wó tɔge to, nmo ve se n zuli wonto. 24Jeŋa kanto nam nwoŋi wonto tei ne mo ye ka ba ka popone botare sento kabira kam yera ne. 25Poponem dem nam na bere tei to mo tento:
MENE, MENE, TEKEL, PARASIN
26Poponem dem kuri mo tento:
‘Mene’ kuri mo ye jeelim: ko bere we Wɛ jeeli nmo paare da yam maama o ja. Ya nam ti.
27‘Tekel,’ kuri mo ye dum: ko bere we Wɛ kwei nmo mo o maŋe n dum. Nmo nam wo maŋe n yi o boboŋa yam.
28‘Parasin,’ kuri mo ye popɔra: ko bere we Wɛ kwei nmo paare laŋa kam o pɔɔre o pa Medea tiina bam dedaane Peresia tiina bam mo.”
29Bɛlesaza na nigi konto to, o ma pa ni se ba kwei nenɔŋa paare gwaaro ba zo Danyeli, se ba daare ba kwei sabu-seŋa zambili ba de o ba ne. Ba ta ma tɔɔle we Danyeli laam mo ye dedɛɛro batɔ tu Babilon teo kom dam seeni.
30Tete dem konto ne nɔɔ mo ba déem go Babilon teo pɛ Bɛlesaza. 31Darusi na ye Medea tu to laam ma lɛɛre o jwoŋi teo kom paare o jege o di. O déem nam jege nenɛɛne bena fuseredo-yalei mo ye o di paare.",https://www.bible.com/bible/3661/DAN.5.KBG
DANYELI 6,"Ba de Danyeli nywonnu bɔɔne wone
1Pɛ Darusi boboŋa déem jaane se o pɔɔre o paare laŋa kam se ka taa ye kateira bi de finlei mo. O ma kwei dedɛɛro o yage kateiri maama wone se kotu taa nii jei sem konto o pa‑o. 2Pɛ wom na lage se woŋo maama kwei chwoŋa lanyerane te pa‑o to ŋwaane, o déem kuri nɔn-kamuna batɔ mo se ba taa nii dedɛɛra bi de finlei bam maama baŋa ne. Danyeli déem maa wo nɔɔna batɔ bam konto wone. 3Danyeli nam seene yia lanyerane mo de o totoŋa. O boboŋa na yɔɔre ya dana to ŋwaane, o totoŋa déem maa lana ya dwoi nɔn-kamuna de dedɛɛra bam maama na toŋe tei to. Mo kokuri, pɛ wom boŋe se o kwei teo kom maama o pa Danyeli se o taa nii ko baŋa ne o pa‑o. 4Nɔn-kamuna bam de dedɛɛra bam maama ma kare ba beeri tusim delo Danyeli na wó ke o totoŋa yam wone to. De ko maama de, ba wo nɛ woŋo kolo ba na wó tɔge ko baŋa ne se ba bwɛ‑o pɛ wom yiga ne to. Kokuri to, Danyeli déem yɔɔre o tɔge chwoŋa mo de totoŋa yalo maama o na ke o pa pɛ wom to ye tusim tera. 5Ba ma bwɛ da-tei ne ba we, “Dé ná beeri chwoŋa se Danyeli tɔge da o tusi ye dé bwɛ‑o pɛ wom yiga ne, dé bá na-ka kolokolo baŋa ne, ko ná dae o Wɛ chwoŋa tɔgem seeni.”
6Ba ma zaŋe de ba boboŋe dem konto ba yi pɛ wom tei ye ba ta ded‑o ba we, “Pɛ Darusi, Wɛ wó pa‑m momwɛ-dɛɛre. 7Debam balo maama na ye n teo kom nɔn-kamuna, de yiga tiina, de dedɛɛra balo na nii nmo teo kom kateira yam maama to, de n yi-pore-nyena, de n nakwa bam maama mo jege ni-mɔrɔ we nmo pa ni yi n paare laŋa kam ni maama se nɔɔno maama yɔɔre o tɔge-de. Nmo ni dem konto wó bere we da fintɔ laŋa ne, nɔɔn-nɔɔno ba jege chwoŋa se o lwoori woŋo wɛ naa nabiinu wolo de wolo tei ne ye o wo lwoori-ko nmo yerane tei ne. Dé ta sɛ we wolo nam ná ve n ni dem konto, se ba dole kotu ba de nywonnu bɔɔne dem wone. 8Pɛ, nam pa ba popone ni dem konto se n daare n zi n jeŋa tɔnɔ kom baŋa ne, se de taa toŋa, ye de ba gɔe maŋa de maŋa, ne Medea tiina de Peresia tiina nia yam na ye tei ye ya ba leira to.” 9Pɛ wom ma sɛ pa ba ke ni dem tɔnɔ ne ye o daare o zi o jeŋa ko baŋa ne.
10Danyeli na nigi we ni dem popone de tigi tɔnɔ baŋa ne to, mo o jwoori o tete sɔŋɔ ne. O ma di o nayuu diga o pore o takworo kolo ni na jeeri Jerusalem teo to o yage jaja. O laam maa kuni o nadwoona ye o lwoori Wɛ, ne o na yeini o ke tei to. Dɛ maama wone, Danyeli déem yeini o kuni nadwoon-kunkuna mo o ware Wɛ kuni betɔ. 11Dedɛɛra bam ma ke ni daane ye ba da ba vo ba jeeri Danyeli sɔŋɔ ne. Ba ma na we o wora o ke wɛ-lworo mo o pae o Wɛ dem. 12Ba laam ma vo pɛ wom tei ba ta o ni dem taane ded‑o ba we, “Pɛ, nmo wo zi n jeŋa n pa ni we, da fintɔ laŋa ne chwoŋa tera se nɔɔn-nɔɔno lwoori woŋo wɛ naa nabiinu wolo de wolo tei ne, ko ná dae nmo yerane tei ne na? De ta bere we wolo ná ke o chɔge n ni dem, se ba dole konto tu ba de nywonnu bɔɔne dem wone. Ko dae konto na?”
Pɛ wom de ma leiri o we, “Ɛɛ! Amo mo seene a pa ni se ko taa ye konto. De nam bá gɔ, ne Medea tiina de Peresia tiiina nia yam na ye tei ye ya ba leira to.”
13Nɔɔna bam laam ma leiri pɛ wom ba we, “Pɛ, ko ná ye Danyeli wolo ba déem na jaane ba nwoŋi Judah teo kom ne ba ba ywo-seeni to, wonto nam wo sɛ nmo ni dem, de n na maŋe n popone-de tɔnɔ ne to de. O ta yeini o ke wɛ-lworo mo kuni betɔ dɛ maama wone.” 14Pɛ wom na nigi konto to, ko ma tiini ko daane‑o. O ma kwei dɛ dem maama ko vo ko yi wɛ-zoore maŋa o kwaane se o beeri chwoŋa o jwoŋi Danyeli o yage.
15Dedɛɛra bam daa ma ke daane ba jeeri pɛ tei ne ye ba ta ded‑o ba we, “Pɛ, guli we Medea tiina dedaane Peresia tiina tei ne, pɛ wom ná zi o jeŋa o ni dem baŋa ne, o ni dem konto bá wane de kwane.”
16Pɛ wom laam ma pa ni se ba ja Danyeli ba vo ba dole ba de nywonnu bɔɔne dem wone. Ba na seene ba ke konto to, pɛ wom ma ta de Danyeli o we, “Wɛ dem n na seene yia n zuli-de maŋa maama to mo wó jwoŋi‑m de yage.”
17Ba déem ma kwei pelɔrɔ-kamunu ba kwoli bɔɔne dem ni. Pɛ wom ta ma pa se ba tiini ba kwoni ni dem, ye o daare o kwei o jafole dem o zi de baŋa ne. O dedɛɛra bam de ke konto ba woli da, se nɔɔn-nɔɔno yé wane o jwoŋi Danyeli o yage. 18Tete dem konto ne, pɛ wom na jwoori sɔŋɔ to, o vɔge ni mo, o wo na tiini ko chɔge to ŋwaane. O wo sɛ se ba ke kwɛɛra ba ma gane‑o, ye o ware o dɔ tete dem maama wone.
19Tega na jege ka poore to, pɛ wom gwoni tega mo o vo nywonnu bɔɔne dem ni. 20O na fɔɔre o maa yi da to, mo o bwoŋi Danyeli de lwia o we, “Danyeli, nmo wolo na ye Ŋwea Tu Wɛ dem tontoŋeno, ye n seene yia n zuli-de maŋa maama to, n Wɛ dem wane de jwoŋi‑m de yage nywonnu tem jeŋa ne na?”
21Danyeli de ma leiri pɛ wom o we, “Pɛ, Wɛ wó pa‑m momwɛ-dɛɛre! 22Wɛ mo toŋe o maleka se ka ba ka pu nywonnu tem nia. Ko maa pa te wo ke-ne zonne. Kokuri to, Wɛ yei we amo jege bora de yiga ne. A nam wo ke kolokolo a chɔge nmo de yiga.”
23Pɛ wom wo ma tiini ko pwoli de o na nigi Danyeli kwora to. O ma pa ni se ba vaŋe‑o ba le nywonnu bɔɔne dem wone. O na nwoŋi pwooni to, mo ba maane we fufwollu fenfee tete de tere o yera yam ne. Kokuri to, Danyeli déem yɔɔre o ke o wo-dedoa mo de Wɛ delo o na zuli to.
24Pɛ wom ma pa ni se ba ja nɔɔna balo maama déem na bage Danyeli bebara o tei ne to ba ba. Ba laam ma ja-ba ba dole ba de nywonnu bɔɔne dem wone. Ba ma ja dedɛɛra bam konto kaana, de ba bia maama ba woli da ba dole ba de bɔɔne dem wone. Ba maama ta na wo yi bɔɔne dem kuri to, mo nywonnu tem faŋe te zi-ba, ye te daare te yare ba kwi sem maama.
25Pɛ Darusi ma popone tɔnɔ se ko yi balo maama na wo logo baŋa ne, ba ná maŋe ba nwoŋi dwi delo maama ne, de teo kolo maama ne, ye ba ná ŋɔɔne taane delo maama de we, “Yazura yɔɔre ka taa wo á tei ne! 26Amo pɛ ni mo we a paare dim jei sem maama wone, nɔɔna maama jege se ba taa kɔre Wɛ delo Danyeli na zuli to mo, se ba daare ba taa nege-de.
Kokuri, de ye Ŋwea Tu Wɛ dem mo,
o maa wora mo ga wuu!
O paare dim dam dem bá jei kɔtaa.
O maa wó taa jege dam
se o taa tei nɔɔna taa wuu.
27Wonto mo jwoŋi nɔɔna o yaga,
ye o ta pa ba na verem.
O yeini o toŋe wo-kenkagela
de wo-kamunnu mo,
te na toŋe wɛyuu kom wone,
dedaane tega kam baŋa ne to.
O ma vere Danyeli nywonnu tem jeŋa ne o yage.”
28Konto maama na ke to, wonnu ke lanyerane te pa Danyeli, maŋa kalo maama Darusi na di paare to, se ko yi Peresia tu Sarusi de paare dim maŋa.",https://www.bible.com/bible/3661/DAN.6.KBG
DANYELI 7,"Baŋa Wɛ na le wonnu telo o bere Danyeli to
Danyeli dwɛ o na jurru tena
1Pɛ Bɛlesaza boboa bene dem o na di Babilon teo paare to wone, mo Danyeli peini o sara ne o dwɛ. O ta ma na veera, ye o popone ya maama o tiŋi.
2Danyeli ma ta o we:
“A na tigi a dɔa tete dedwoŋi ne to, mo a déem nɛ veera we vo-dɛɔ tiini ko zaŋe jei maama ne ko dole nane-fɔrɔ na bam ko pɔgele-ba. 3Jurru kamunnu tena ma zege na bam wone te nwoŋi pwooni ne. Juru maama nam yɔɔre ko ye ko yera mo dedaane tedwonna tem.
4Boboa juru kom nye ne nywoŋo mo, ye ko jege maao vɔna. Amo na zege a nii-ko maŋa kalo to, mo ko vɔna yam gwori ya to. Ba laam ma ja juru kom ba pa ko zege ko nɛ selei baŋa ne, ne nabiinu zega na ye tei to. Ba ma daare ba kwei nabiinu boboŋa ba ke ko yuu ne.
5A ma nii a na juru telei tu wom na nye de faao na ye tei to. Ko déem gwoori ko zega ko saŋa dedoa baŋa ne mo. Ko maa jege saŋa-kwi setɔ ye se gare ko ni ne. Ba ma pa-ko ni ba we, ‘Nam zaŋe n done nɔna dedɛ ne n na lage tei to.’
6A ta na wora a nii to, a ma na juru tetɔ tu wom na nye de gweeru na ye tei to. Ko maa jege vɔna yana ko kwaga kam ne, ne zuŋa vɔna na ye tei to. Ko ta maa jege yum tena. Ba ma kwei paare dam ba pa-ko se ko taa jege ko di.
7Tete dem konto ne a na nɛ veera yam konto to, mo a ta nɛ juru tena tu wom ko de na nwoŋi. Konto keim yɔɔre de tiini de chamma mo ye ko dam gaale pa se ko jege foone dedɛ. Ko ta jege yeili kamuna na ye luuru to mo, ye ko jege-ya ko yare wonnu ko dona. Ko maa nɔne telo maama na daare to. Juru kom konto déem ye ko yera de tedwonna tem mo, kokuri to, ko jege nyea fuga mo ko yuu ne.
8Amo na zege da ye a nii nyea yam to, mo a nɛ nyeŋ-balaŋa kadwoŋi na tage ka nwoŋi ka wo ya tetare ne. Nye sedwonna sem setɔ ma gɔ se kuri dem seeni, se kanto leiri ka zege sento ya na wo mɛ to. Nyeŋa kam konto déem jege yia mo na nye de nabiinu yia, ye ka ta jege ni se ka taa ma ka ŋɔɔne ni-wɛɛle taane.
9A déem ta na zege a nii to, mo a nɛ tento:
Ba ma kwei paare yitunnu ba zege,
ye wolo na maŋe o wora
faŋa faŋa to ma vo o jeini
o yituŋu baŋa ne.
Gwaaro telo o déem na zo to
tiini te peere mo cha.
O yu-ywei de maa peere
ne lɔŋɔ na ye tei to.
O yituŋu kom maama déem ye mini yerane mo.
Ko nɛ sem de maa jege wo-gigillu,
ye te de jaane mini.
10Mini mo yɔɔre de zege o tei ne
de foore de nwoŋi.
Nɔɔna morro dedɛ maa zege
se ba ke o na lage tei to.
Kɔgɔ kuni morro fuga laŋa ne
de maa wo o yiga ne.
Bora borem maŋa kam
déem ma yi,
ye ba laam puri twanno se ba nii.
11Amo déem ta zege a nii mo, nyeŋ-balaŋa kam ta na kare ka ŋɔɔne ni-wɛɛle taane to ŋwaane. A na zege a nii konto to, mo ba jaane juru tena tu wom ba go, ye ba daare ba dole ko yera yam ba yage mini wone se ya chɔge. 12Ba déem nam jwoŋi jurru tetɔ tedwonna tem dam dem mo ba daare-te. De ko de, ba pɛ-te chwoŋa se te ta taa wo ŋwea wone se te maŋa kam ba yi.
13Amo ta na nɛ kolo tete dem veera yam wone to mo tento:
A nii a na nɔɔno na nye
ne nabiinu bu to.
O tɔge de wɛyuu kunkwonnu tem mo o vei o beene.
O ma vo o yi wolo na maŋe
o wora faŋa faŋa to tei,
ye ba ja‑o ba vo ba zege
wonto yiga ne.
14Ba ma kwei dam, de nenɔŋ-fɔrɔ, de paare ba pa‑o,
se nɔɔna maama sɛ ba pa‑o,
ba ná nwoŋi dwi delo maama ne,
de teo kolo maama ne,
ye ba ná ŋɔɔne taane delo maama de.
O maa jege dam se o taa tei nɔɔna taa wuu.
O paare dem maa wó taa wora taa
de daa bá chɔge!”
Danyeli veera yam kuri na ye tei to
15“Amo Danyeli na nɛ veera yalo to yɔɔre ya so-ne mo, pa se a boboŋa vugimi. 16Amo ma fɔɔre a yi balo na gilimi ba zege da to wone dedoa ye a bwei‑o se a lɔre keim dem konto maama kuri chekke. O de ma tole wonnu tem maama kuri o bere-ne, 17ye o we, ‘Jurru kamunnu tena tem maama zege te pae pwa bana mo de ba na wó di paare tega baŋa ne tei to. 18Ko nam ná ye Yuu-tu Wɛ wom nɔn-laaro tem, banto wó jwoŋi o paare dem ba taa tei se ko taa vei wuu.’
19Amo nam yɔɔre a lage se a fɔge a lɔre juru tena tu wom laŋa kam mo chekke, konto na ye ko yera de tetem tem to ŋwaane. Ko tiini ko jege foone mo. Ko yeila ye luuru. Ko ja-fwe sem de maa ye channa. Ko maa yare woŋo maama ko done ko chɔga, ko daare ko jege ko nɛ ko nɔne wonnu telo ta na daare to. 20A ta lage se a lɔre juru kom yuu nyea fuga kam kuri, dedaane nyeŋa kalo na saŋe ya kwaga ka ba to kuri de na ye tei to mo. Kanto kam pɛ se nyea yadwonna yam yatɔ gɔ se kuri dem seeni, se kanto leiri ka zege ya jei sem ne. Nyeŋ-balaŋa kam konto déem jege yia mo, ye ka ta jege ni ka tiini ka ŋɔɔne ni-wɛɛle taane. Ka maa nye de ka jege dam ka dwoi nyea yadwonna yam. 21A na zege a nii to mo a nɛ nyeŋ-balaŋa kam na bobo se ka kwaare jara de Wɛ nɔɔna bam, ye ka wane-ba. 22Wolo na maŋe o wora faŋa faŋa to mo laam tu o bore bora o pa Yuu-tu Wɛ wom nɔɔna bam, ye maŋa laam yi ka pa-ba se ba jwoŋi paare dem ba taa jege ba di.
23Nɔɔno wom ma ta o bere ne we ko kuri dem mo tento: ‘Juru tena tu wom bere we teo wó saŋe ko ke tena ko ba ko taa wo logo baŋa ne. Paare dem konto nam wó taa ye de yera de paara yadwonna yam. Dento dem lage de yare tega kam baŋa maama mo ko done ko chɔge, ye ko daare ko nɔne wonnu maama ko se tega ne. 24Nyea fuga yam nam zege ya pae pwa fuga mo na wó nwoŋi paare dem konto wone. Pwa bam konto kwaga ne, pɛ wodwoŋi de wó ba, o na ye o yera de pwa badwonna bam. O wó di dam pwa batɔ bam baŋa ne. 25Pɛ wom konto wó ŋɔɔne ni-wɛɛle taane o ma o lwɛ Yuu-tu Wɛ wom, ye o daare o bɛɛse Wɛ tete nɔɔna bam. O ta wó kwaane se o leiri kura dim da yam se o daare o pipiri Wɛ nia yam de. Wɛ nɔɔna bam wó taa wo o dam kuri ne, maŋa kadwoŋi laŋa ne, de maŋa kuni belei laŋa ne, ko woli de maŋa chichworo laŋa ne.
26Maŋa laam wó yi se ba di pɛ wom konto taane, ye ba daare ba le o paare dem dam maama ba chɔge-de se de ti fase. 27Ba laam maa wó kwei teene delo maama na wo tega kam baŋa ne to paare, dedaane de dam, de de kamunni maama ba pa nɔn-ŋona bam na ye Yuu-tu Wɛ wom nɔɔna bam to. Banto de maa wó di paare taa wuu. Teene maama wó sɛ ba pa-ba ye ba daare ba taa tɔge ba ni.’
28Tɔ, mo a na nɛ kolo to maama. Ko ná ye amo Danyeli, a boboŋa déem daane-ne dedɛ, ye a yibia de da ka leiri. De ko de, a wane a tete a ja de veera yam, se ya taa wo a boboŋa ne.”",https://www.bible.com/bible/3661/DAN.7.KBG
DANYELI 8,"Danyeli nɛ pi-bala dedaane boŋo veera
1Pɛ Bɛlesaza paare dim bena yatɔ maŋa ne mo amo Danyeli daa nɛ veera yadwonna na saŋe boboa veera yam kwaga ne to. 2A veera yam wone, a nɛ we a wo Susa te-fɔrɔ kom ne. Elam kateiri dem ne mo konto. Ko ke ne a vei a zege mɛ na bwola de Yulayi buga kam to mo. 3Amo na kwoni a yuu se a nii to, a nɛ pi-bala mo na zege buga kam ni ne de ka yuu nyea yalei na dɔra. Nyeŋa dedoa maa dɔra ka dwoi kadwoŋi kam ye ka saŋe kadwoŋi kam ka nwoŋi. 4Pi-bala kam ma yɔɔre wɛ-zoore seeni, de baŋa seeni, de tega-kuri seeni ka duri de dam ka chu vara babam bam maama. Ba wolowolo maa ware pi-bala kam yiga se o che. Nɔɔn-nɔɔno tera o na wae o jwoŋi nɔɔna o yaga ka jeŋa ne. Ka yɔɔre ka ke ka na lage tei maama to mo, pa se ka bere ka tete kamunim.
5A ta na zege a maane keim dem to, mo a nɛ bo-bala de na pi ka nwoŋi wɛ-zoore seeni ka beena. Ka yɔɔre ka wurigi de baare mo. Ka wurigim dem ke ne ka nɛ sem ba yi se dwei tega mo. Bo-bala kam maa jege nyeŋa dedoa na dana ye ka jeini bo-bala kam yia yam tetare ne. 6Bo-bala kam ma vo ka jeeri pi-bala kam a ya na nɛ buga kam ni ne to. Ka yɔɔre pi-bala kam mo de ban-lom, dedaane ka dam maama. 7A nɛ we bo-bala kam bane dem tiini de zaŋe dedɛ. Ka ma yɔɔre ka dole pi-bala kam ka de tega ne, pa se ka nyea yalei yam bwori. Ka ta ma nɔne pi-bala kam pa ko tiini ko zo ka yera. Pi-bala kam ma ware ka tete se ka jwoŋi ka yage, ye nɔɔn-nɔɔno de ware-ka se o jwoŋi o yage.
8Amo ta nɛ we bo-bala kam laam tiini ka bere ka tete kamunim. Maŋa kalo ka dam dem na tiini de gaale konto to, mo ka nyeŋa kam bwori. Nye sena na dana to ma leiri nyeŋa kam konto yuu ne se nwoŋi. Se dedoa dedoa ma jeeri tega baŋa sapɛ sena sem.
9Nyeŋ-balaŋa de daa ma zege nye sena sem dedoa yera ne ka nwoŋi. Nyeŋa kam konto ma tiini ka ji kamunu. Ka dam dem vei de yi tega-kuri seeni mo, dedaane wɛ-puli seeni. De ta ma vo de yi te-ŋoŋa kam tete. 10Nyeŋa kam dam dem yɔɔre de gaale mo de vo de yi wɛyuu kom seeni pa se ka kwaare jara de wɛyuu kɔgɔ kom jar-keira. Ka déem ma wane banto badwonna, de chalechwe sedwonna ka dole ka de tega ne, ye ka daare ka nɔne ba baŋa ne. 11Ka ma bere ka tete kamunim ka dwoni de wɛyuu kɔgɔ kom Yuu-tu wom tete. Ka ma che dɛ maama kaanem keim dem, ye ka daare ka pa se Wɛ wara-jei sem chɔge. 12Wɛ nɔɔna bam maa wo ka jeŋa ne pa se Wɛ kaanem daa tera dɛ de dɛ wone, ba na nwoŋi Wɛ kwaga ne to ŋwaane. Ka ma kweele chega ye ka daare ka ke tei maama ka na lage to.
13Amo laam ma ni maleka dedoa na ŋɔɔne dedaane ka dwoŋi tei to. Kadwoŋi kam ma bwei ka we, “Ko wó kwei maŋa tetɛ mo se wonnu tento maama na le te bere to ke te ti? Ko wó kwei maŋa tetɛ mo se wo-zɔɔne dento leiri dɛ maama wone kaanem dem? Ko wó kwei maŋa tetɛ mo se ba nɔne wɛyuu kɔgɔ kom de Wɛ diga kam baŋa ne ba ti?” 14Maleka kam ma leiri ka we, “Da morro telei de bia yatɔ (2,300) mo wó kɛ, dedaan-ni maŋa de tetete maama wone, se ba laam wane ba fɔge ba kwɛ Wɛ diga kam pa se ka taa ye chekke.”
Ba tage veera yam kuri na ye tei to
15Amo Danyeli na nɛ veera yam to mo a kwaane se a lɔre ya kuri. Wolo na nye de nabiinu to laam ma pɔpɔ o nwoŋi o zege a yiga ne. 16A daa ta ma ni nabiinu kwora na nwoŋi Yulayi buga kam ni ne ka ta we, “Gabireli, pa nɔɔno wonto lɔre veera yalo o na nɛ to kuri.”
17Gabireli ma ba o zege amo tei ne. Foone ma tiini de ja-ne ye a to a vwi a yibia tega ne. O ma ta de amo o we, “Nabiinu bu, lɔre lanyerane we veera yanto wora kweelim maŋa kam ŋwaane mo.”
18O ta wora o ŋɔɔne de amo mo ye a dɔ a beiri. A yibia ta ma vwi tega ne. Gabireli ma dwei a yera, ye o gɔ-ne wɛɛne pa se a zaŋe a zege a nɛ baŋa ne. 19O ma ta o we:
“A lage a pa se n lɔre Wɛ bane na wó ba de zaŋe se ko taa ye tei kwaga ne to mo. Kokuri to, veera yam n na nɛ to lage ya ke kweelim maŋa ne mo. 20Pi-bala kam nmo na nɛ de ka nyea yalei to zege ka pae Media teo kom, de Peresia teo kom pwa mo. 21Bo-bala kam n na nɛ to, zege ka pae Girisi teo kom mo. Nyeŋa kalo na dana ye ka wo bo-bala kam yia yam tetare ne to, maa zege ka pae teo kom konto boboa pɛ wom. 22Nyeŋa kam konto na bwori tei to bere we Girisi teo paare dem wó pɔɔre kuni bena se pwa bana mo taa jege-ya ba di. Banto paare kateira yam nam bá taa dana ne boboa pɛ wom paare dem na ye tei to.
23Pwa bam konto paare dim ná gɛ fee se de ti ye ba tusim kikia ná puli ya su, pɛ wolo keim na chana ye o jege nia yalei to wó ba. 24Wonto wó taa tiini o dana, ye ko nam bá taa ye o tete dam mo o jega. O ta wó tiini o chɔge wonnu dedɛ, pa se o na yiga-veiŋa de kolo maama o na jege o ke to. O nam ta wó wane babɛ dedaane Wɛ tete nɔɔna bam o chɔge. 25Pɛ wom konto wó ke swa pa se vwa taa daga dedɛ o tei ne. O wó bere o tete kamunim, ye o pɔpɔ o chɔge nɔɔna dedɛ. O ta wó dwoni de Pɛ wolo na dwoi pwa maama to. O nam wó na chɔgem, ye ko dae nabiinu dam ŋwaane.
26Veera yalo na tɛ dedaan-ni maŋa kaanem, de tetete maŋa kaanem taane to seene ya ye chega mo. Ko nam wó dáane dedɛ se wonnu tento maama laam ke. Konto ŋwaane, seigi veera yam, se nɔɔn-nɔɔno yé ni ya ŋwa.”
27Amo Danyeli déem yɔɔre a male mo de a na nɛ wonnu telo maama to, pa se a weele da dedɛ wone. Ko kwaga ne mo a zaŋe wɛɛne a daa vo a toŋe totoŋa yalo pɛ wom na pɛ-ne se a ke to. A na nɛ veera yalo to tiini ya daane-ne dedɛ, a na wo wane se a lɔre ya kuri to ŋwaane.",https://www.bible.com/bible/3661/DAN.8.KBG
DANYELI 9,"Danyeli lwoori Wɛ Isarele tiina ŋwaane
1Pɛ Zeregese bu Darusi déem ye Media tu mo ye o laam di Babilon teo kom maama paare. 2O paare dim boboa bene dem wone, amo Danyeli maa wora a zamese twanno telo Wɛ tontoŋena na popone ba tiŋi to. A na zamese to, mo a nɛ Baŋa Wɛ na tage kolo de o sampwora Jeremia se ko vo Jerusalem teo kom chɔgem seeni to. A déem maane we Jerusalem teo kom wó taa tigi di-dwonnu yerane bena fuserepɛ laŋa ne. 3Amo ma vo a ware a Teiru Baŋa Wɛ ye a ŋwane o yiga ne. A ta ma vɔ ni, a daare a zo gare-nyenyaaro ye a jei tentwarem wone wo-chechɔgɔ ŋwaane. 4A déem lwoori amo Tu Baŋa Wɛ Isarele tiina bam wɛleera ŋwaane ye a we:
“Dé Teiru Wɛ, nmo ye kamunu mo, ye dé tiini dé kɔre‑m. N zege de chega mo n swono kom baŋa ne n swoi balo na swoi‑m ye ba tɔge n nia yam to, ne n na gwoni ni se n ke n pa-ba tei to. 5Se ko ná ye debam, dé yɔɔre dé ke wɛleera mo, ye dé tiini dé tusi. Dé toŋe lwarem ye dé lɔ nmo kwaga ne, ye dé daare dé ve n bera yam de n nia yam. 6Dé nam wo sɛ nmo sampwori selo na ye n ni-jwoŋina to. Ba déem mɛ n yere mo ba ŋɔɔne dedaane debam pwa bam, de dé nakwa bam, de dé nabaara bam, de dé nɔɔna bam maama. Debam ma ve se dé cheigi.
7Dé Teiru Wɛ, nmo wo n chega wone mo. Debam nam ta jege dé chaveera dé di mo de zem maama. Debam Isarele tiina bam maama mo nwoŋi n kwaga ne. Ko ná ye balo na zoore Jerusalem teo wone, de Judah kateiri dem maama ne to, de balo na jage ba wo dwi-gɛ tiina teene dem wone na ye bwola bwola to, dedaane delo na ye yiga yiga to de, dé maama tusi nmo yiga ne. 8Dé Tu Baŋa Wɛ, debam pwa bam, de dé nakwa bam, de dé nabaara bam mo jege dé chaveera dé di, dé na ke wɛleera dé chɔge n yiga to ŋwaane. 9Dé Teiru Baŋa Wɛ, nmo nam ye ŋwaŋa tu mo, ye n kwei nɔɔna wɛleera n ma n chɛ-ba. Debam nam lɔge nmo kwaga ne. 10Debam wo sɛ dé Tu Baŋa Wɛ ni ye dé ywori o chwei sem wone. Dé ve se dé tɔge nia yalo o na tɔge o sampwori sem baŋa ne o ta de debam to mo. 11Isarele tiina bam maama mo ke zwabania, pa se ba tusi nmo yiga ne ye ba ve nmo nia yam.
Ko ná ye chɔgem delo nmo Wɛ na tɔge n tontoŋeno Moses baŋa ne n du duuri we de wó yi debam to, ko laam yɔɔre ko ba debam baŋa ne mo, dé na ke wɛleera dé chɔge nmo yiga to ŋwaane. 12Nmo déem na tage we n wó pa kolo yi debam de dé yiga tiina to mo yi debam tento. Tega baŋa maama ne, teo kodwoŋi tera ko na nɛ Jerusalem teo lɛɛro tem dwi. 13Lɛɛro tento maama mo tu dé baŋa, ne ko na popone ko tiŋi Moses nia yam wone tei to. De ko de, dé ta wo jaane boboŋa se dé yage wɛleera keim, se dé daare dé lwoori dé Tu Baŋa Wɛ se o ke debam zaane. Dé maa ta wo sɛ se nmo chega kam pa debam yi-poro. 14Mo kokuri nmo Baŋa Wɛ laam ti n yiga se n pa chɔgem dento yi debam. N yɔɔre n wo n chega wone mo de n na yeini n ke kolo maama to. Ko seene ko maŋe se dé na waarem mo de wɛleera yam ŋwaane. 15Dé Teiru Wɛ, nmo tete mo kwei n dam-fɔrɔ kom n vere n nɔɔna bam n ja n nwoŋi Ejipti teo ne. Ko ma pa se n na yere dedɛ se ko ba ko yi zem. Chega to, debam mo ke wɛleera, ye dé yɔɔre dé toŋe lwarem.
16Dé Teiru Wɛ, n yeini n zege n chega wone de n na ke kolo maama to. Konto ŋwaane dé lwoori‑m se n zuri n ban-lom n na jege de n teo Jerusalem na ye n tete peo kolo na ye wose to. Debam tete de dé nabaara bam wɛleera ŋwaane, dwi-gɛ tiina balo na gilimi debam to laam tiini ba gwooni Jerusalem mo, ye ba ta jege n nɔɔna bam ba lwɛa. 17Debam Tu Wɛ, nam cheigi n tontoŋeno wɛ-lworo konto a na jege a ke to. Sɛ a na ŋwane n yiga ne tei to. Dé Teiru, nmo tete yere ŋwaane, pa n yiga jwoori ka taa wo n wara-jei sem ne, se na jigi di-dwonnu to ŋwaane. 18Amo Tu Wɛ, pore n zwa se n cheigi, n daare n puri n yia n nii cham delo na yi debam to. Ko ná ye teo kolo ba na jege n yere ba bwoi-ko to, fɔge n nii ko na nɛ lɛɛro tei to! Ko nam dae debam totoŋ-ŋona ŋwaane mo dé ŋwane n yiga ne, se ko ye n na tiini n jege nɔɔna ŋwaŋa to ŋwaane mo. 19Dé Teiru Wɛ, cheigi debam wɛ-lworo kom, se n kwei dé wɛleera yam n chɛ debam. Dé Teiru Wɛ, cheigi dé wɛ-lworo kom se n toŋe! N tete zula ŋwaane, yé dáane se n ba n woli debam ba na jege n yere ba bwoi teo konto de ko nɔɔna bam to ŋwaane.”
Wɛ maleka Gabireli ŋɔɔne de Danyeli
20Amo maa yɔɔre a tɛ amo tete de a nɔɔna Isarele tiina bam wɛleera a bere Wɛ, ye a ta lwoori‑o ya ŋwaane. A ta maa ŋwana a Tu Baŋa Wɛ yiga ne, se o jwoori o pa o wara-jei sem na wo o tete peo yuu ne to fɔge se kwɛ. 21A ta na wo wɛ-lworo kom wone konto to, mo Gabireli foore de baare o tu o yi amo tei maŋa kalo ba na yeini ba ke dedaan-ni kaanem dem to. A nam ya maŋe a na wonto mo a boboa veera yam wone. 22O ma ta wonnu kuri o bere-ne ye o we,
“Danyeli, a tu se a pa n lɔre kolo na wora to mo, se n ni taane dem kuri chekke. 23Nmo na yɔɔre n bobo se n ŋwane Wɛ yiga ne to, mo o toŋe kwora se o leiri n lworo kom. Amo laam nam tua se a maŋe taane dem kuri a bere‑m mo, nmo na tiini n jege kuri Wɛ tei ne to ŋwaane. Nam cheigi lanyerane se n wane n lɔre veera yam kuri chekke.
24Wɛ boboŋa jaane se o pa nmo nɔɔna Isarele tiina bam, de ba teo kom yaare da yarepɛ yarepɛ kuni fuserepɛ mo. Bena yam konto ni ná dia, mo ba zwabania kam wó yage. Ba maa wó yage wɛleera kikia, ye Wɛ yage ba totoŋ-lwanno o chɛ-ba, se nɔɔna taa tɔge chwo-laaro. Wɛ sampwori sem veera yam de maama laam wó ji chega. Ba maa wó jwoori ba pɔɔre Wɛ wara-jei sem ba pa‑o.
25Nam lɔre lanyerane we, ko zege maŋa kalo ba na wó pa ni se nɔɔna jwoori ba fɔge ba lɔ Jerusalem teo to, se ko vo ko yi Wɛ na kuri dam tu wolo to tutuuri dem, da yarepɛ yarepɛ kuni berepɛ mo wó kɛ. Da yarepɛ yarepɛ kuni fuseredo-yalei de wó kɛ ya woli da. Maŋa kam konto ne, ba wó fɔge ba kwɛ Jerusalem chwei sem, ye ba daare ba ko gwoŋo ba kaare teo kom maama. Ko nam lage ko taa ye chanɛɛre maŋa mo. 26Da yarepɛ kuni fuseredo-yalei maŋa kam ná kɛ, ba wó vane Wɛ na kuri wolo to o bora mo, ye ba go‑o ba daare‑o bwori. Pa-dedɛɛro wodwoŋi maa wó ba de o kɔgɔ, pa se ba chɔge teo kom dedaane wara-jei sem maama. Te lage te chɔge te ti lela ne na na chwooli wonnu pa te chɔge tei to mo. Jara de lɛɛro wó taa wora se ko yi kweelim maŋa, ne Wɛ boboŋa na jaane se ko ke tei to. 27Pa-dedɛɛro wom konto wó kwei da yarepɛ mo se o de nɔɔna dedɛ fɔge ba ke ni-sɛɛm daane. Ko nam ná maŋe de da yarepɛ yam chichworo, o wó che se ba yé ke kaanem de wodiu pɛɛra ba pa Wɛ. Ba laam maa wó kwei wo-zɔɔne delo na chɔge Wɛ yere to ba zo Wɛ wara-jei sem wone ba zege da jaja. Ko de maa wó taa wora taa, se ko yi maŋa kalo na maŋe se ba chɔge chɔgeno wom tete to, ne Wɛ boboŋa na jaane se ko ke tei to.”",https://www.bible.com/bible/3661/DAN.9.KBG
DANYELI 10,"Danyeli nɛ veera Tigirisi buga ni ne
1Bene delo wone Peresia teo pɛ Sarusi na di paare o ke bena yatɔ to, mo Danyeli déem nɛ veera yadwonna. Danyeli yere dedwoŋi maa ye Bɛletesaza. Veera yam bere taane delo na ye chega ye de vei tigura na tiini ka chana to seeni mo. Danyeli na nɛ veera yam konto to, o ma lɔre taane dem kuri lanyerane.
2Maŋa kam konto ni ne, amo Danyeli wo déem tiini ko chɔge mo. A ma kwei da finlei-dedoa a yɔɔre a ke ne nɔɔno na keeri lua tei to. 3Da yam konto maama wone, a yɔɔre a ve wodi-ywoŋo dim, de nɔna donem mo, ye a ta ve se a nyɔ sana. A wo mɛ nuga a kwɛ a ya-goa kam.
4Boboa chana kam da finlei-yana dɛ dem ne, a déem maa zege Tigirisi bu-fara kam bubɛ baŋa ne. 5Amo na kwoni a yuu se a nii to, mo a nɛ nɔɔno na zo gare-fefale, ye sabu-seŋa na ye chekke to kila vɔ o teiŋa ne. 6O yera yɔɔre ya nyeene mo, ne kandwa-nyenno na ye tei to. O yibia de maa pepela ne doa pepelem tei. Min-vogo de maa zege o yia ne de tɔrega. O je sem, de o nɛ sem nyeene dedɛ ne ba na jege channa ba titiga se ba kwɛ-ka tei to. O kwora de maa yɔɔre ka dɔna ne kɔ-fɔrɔ na jeeri daane ye sɔɔ ke tei to.
7Amo Danyeli yerane déem mo nɛ veera yam. Ko ná ye balo maama ya na zege amo tei ne to, ba wo nɛ kolokolo. Veera yam sisiri ma tiini ya pa foone zo-ba, ye ba duri ba seigi. 8Mo kokuri amo yerane daare a zege da a nii veera-kenkagela yam. A na nɛ-ya to, mo a dam maama ti, ye a yera yam de te. A yibia yɔɔre ya da ya leiri mo. 9Amo ma ni o kwora. A na nigi to mo a to tega ne, ye a yibia jeeri tega kam. Amo ma maŋe da a dɔ a beiri.
10Nɔɔno jeŋa ma dwei-ne. O ma gɔ-ne pa a zaŋe a nadwoona baŋa ne ye a jataala ja tega. A yera maama de maa sae vare-vare. 11O ma ta de amo o we, “Danyeli, nmo tiini n jege kuri Wɛ tei ne. Konto to, zaŋe wɛɛne, se n pore n zwa n fɔge n cheigi kolo maama a na wó ta a bere‑m to. Kokuri to, ba toŋe-ne mo nmo tei ne.” O taane dem konto ma pa a zaŋe wɛɛne, ye a yera ta sae.
12O daa maa we, “Danyeli, yé ta‑n kɔre foone. Nam lɔre we ko zege dɛ dem nmo na yɔɔre n ja boboŋa se n ni wonnu kuri, ye n tiini n gwooni n tete n Tu Wɛ yiga ne ko ŋwaane to, mo Wɛ maŋe o ni n wɛ-lworo kom. O nam toŋe amo mo se a ja leira yam a ba a pa‑m. 13Ko na ye tei to, da finlei-dedoa mo tento, ye maleka kalo na tei Peresia teo kom to che a chwoŋa se a yé yi n tei. Wɛ malese dedɛɛra bam dedoa yere na ye Mikayeli to mo laam tu o woli-ne, Peresia dedɛɛra bam na pɛ se a dáane to ŋwaane. 14Amo nam tu se a pa n lɔre kolo na wó yi nmo nɔɔna bam jwa seeni to mo. Kokuri to, veera yam na wó ji chega maŋa kalo to ta wo yi.”
15Maleka kam na wora o ŋɔɔne de amo konto to, a yia wo tega ne mo. A ni de ma mɔɔre ye a ware kolokolo se a ta. 16Wolo na nye de nabiinu to laam ma dwei amo ni pa se de puri. A ma ta ded‑o a we, “Amo Tu, veera yam mo tiini ya pa foone zo-ne, ye a yera maama de te. 17A ye nmo tontoŋeno mo. A nam wó ke tetɛ mo se a wane a ŋɔɔne de nmo wolo na ye a teiru to? Nii amo dam dem maama na ti, ye a siu vaŋe ko kɔe tei!”
18Wolo na nye de nabiinu to daa ma dwei-ne pa se a jwoori a na dam. 19O laam ma ta de amo o we, “Yé ta‑n kɔre foone, n na tiini n jege kuri n pa Wɛ to ŋwaane. Yazura ta wo n tei ne! Ke n tete n ke daane se n na baare.”
O taane dem ma pa-ne dam, ye a ta ded‑o a we, “Amo tu, nam ta kolo na wora to, se n taane dem pɛ a dam jwoori.”
20O ma leiri o we, “Nmo laam lɔre kolo ŋwaane a na tu n tei ne to na? Ko ná ke fee, amo wó jwoori a vo a kwaare jara de Peresia teo dedɛɛro wom. A nam ná wane‑o a ti, Girisi teo dedɛɛro wom de wó nwoŋi o ba. 21Nam ta‑n ye konto chemm, se a ta kolo maama na popone ko tiŋi chega tɔnɔ kom wone to a bere‑m. Nam lɔre lanyerane we nɔɔn-nɔɔno tera se o woli-ne jara keim baŋa ne, ko ná dae Mikayeli yerane mo. Wonto nam mo ye maleka kalo na nii á nɔɔna bam baŋa ne to.",https://www.bible.com/bible/3661/DAN.10.KBG
DANYELI 11,"1Bene dem Medea tu Darusi bobo se o di paare to, mo amo déem kuri se a zege Mikayeli kwaga ne se a pa o na dam.”
Teene delei pwa bam jege daane
Maleka kam ta ma ta ka we:
2“Amo laam wó pa se n lɔre kolo na ye chega to. Pwa batɔ daa ta wó zaŋe ba di Peresia paare dem. Banto paare dim maŋa kam ná kɛ, bana tu wom wó ba o jwoŋi paare. O wó tiini o taa ye nadum o dwoi o dwonna bam. O nam ná mɛ o jejegero tem o na dam o ti, o wó chiŋi nɔɔna maama se ba ke jara de Girisi paare laŋa kam. 3Pa-dedɛɛro laam maa wó zaŋe ye o jege paare o di de dam-fɔrɔ. O nam wó taa ke tei maama o na lage to mo. 4O paare dem ná yɔɔre de jeini, de wó pɔpɔ de ti mo. Ba maa wó pɔɔre o paare dem kuni bena mo se de jage de yi tega baŋa sapɛ sena sem maama ne. O bia nam bá di ba kwo paare dem, se de lage de gɔ mo pa se nɔn-gɛ di-de. Paare dem ná pɔɔre konto, de nam daa bá taa jege boboa dam dem dwoŋi.
5Tega-kuri seeni pɛ wom maa wó tiini o na dam. O jar-keira yiga tiina bam dedoa de daa wó taa dana o dwoi‑o, pa se o vo o jwoŋi o tete paare o taa di de dam-fɔrɔ. 6Bena yalei nam ná kɛ ya ke da, pwa balei bam wó ke ni-sɛɛm daane. Tega-kuri seeni pɛ wom bukɔ wó zo baŋa seeni pɛ wom, se ko pa ba ni-sɛɛm dem kwaare chekke. Bukɔ wom dam nam bá dáane, ye o baro de paare dam ti. Ba maa wó go bukɔ wom, de balo na woli‑o to, de o baro wom, de o bu wom de.
7Maŋa kam konto ne, bukɔ wom yera nɔɔno dedoa wó leiri o kwo yuu ne o taa tei tega-kuri seeni paare dem. Kotu nam wó ke jara de baŋa seeni pɛ wom de o jar-keira bam mo, ye o daare o zo o teo dam jei sem o di‑o jara yam wone. 8Ko kwaga ne, o wó vere baŋa seeni pɛ wom teo jwona, de ba sabu-seŋa zela, de lu-nyenno zela o ja o vo o tiŋi o tete teo Ejipti ne. Ko maa wó ke bena dedɛ se o daa boŋe se o ke jara de baŋa seeni pɛ wom. 9Konto kwaga ne, baŋa seeni pɛ wom de wó zaŋe o vo o kwaare jara de tega-kuri seeni pɛ wom. Ba nam wó fe‑o se o pipiri o jwoori sɔŋɔ. 10Baŋa seeni pɛ wom bu-baara laam wó ke ba tete ba ke daane ba la jar-keira kɔgɔ dedɛ, se ba ke jara de kuri seeni pɛ wom. Ba kɔgɔ kom wó yɔɔre ba mage jara taa ba vo ba yi tega-kuri seeni teo dam jei sem.
11Tega-kuri seeni pɛ wom wó nwoŋi de bane se o ke jara de baŋa seeni pɛ wom de o kɔ-fɔrɔ kom. O maa wó wane-ba o di. 12Tega-kuri seeni pɛ wom ná nɛ wɔnɔ konto, o laam wó tiini o bere o tete. O wó go o dona morro dedɛ, ye o dam nam bá dáane. 13Baŋa seeni pɛ wom wó jwoori o la jar-keira kɔgɔ na daga ko dwoi boboa kɔgɔ kom o ke daane mo. Ko ná wora ko wora, o wó pa o kɔ-fɔrɔ kom konto nwoŋi de ba jara zela dedɛ, pa se ba yɔɔre yiga ba taa mage jara ba via.
14Maŋa kam konto ne, nɔɔna dedɛ wó nwoŋi tega-kuri seeni pɛ wom kwaga ne. Nmo tete nɔɔna bam wone nankɔ-nyena de wó kwaane se ba dwoni ded‑o, ba na lage ba pa se veera yam ji chega to ŋwaane. Ba nam wó ga ko ŋwa. 15Baŋa seeni pɛ wom de o jar-keira kɔgɔ kom laam wó ba ba kaare teo kom dam jei sedwonna ba pu, ye ba daare ba wane-ko ba di. Tega-kuri seeni jar-keira bam daa bá wane-ba ba zeili, ba ná maŋe ba ye babɛ tei de. 16Baŋa seeni pɛ wom wó taa toŋe o fera mo, ye ba bá wane‑o ba che. O ta wó vo o yi te-ŋoŋa kam ye dam wo o jeŋa ne se o chɔge-ka. 17O boboŋa wó ja se o tɔge de o jar-keira bam maama o ba o ke ni-sɛɛm de tega-kuri seeni pɛ wom. O bere o wó kwei o bukɔ o pa pɛ wom konto, se o wane o na chwoŋa o tɔge da o chɔge tega-kuri seeni paare laŋa kam. O boboŋa nam bá seene ya maŋe daane.
18Ko kwaga ne, baŋa seeni pɛ wom wó vo o kwaare jara de dwi tiina balo na zoore naneo ni ne to mo. O maa wó wane ba dedɛ o di. Dwi-gɛ dedɛɛro wodwoŋi nam mo lage o zaŋe o baŋa ne o pa o teera yam jei, se chaveera jwoori ya ja‑o. 19O laam maa wó pipiri se o jwoori o vo o tete teo kom o seigi o dam jei sem ne. O ná via, o wó chɔɔle o to tega ne o jei, ye nɔɔn-nɔɔno daa bá ni o ŋwa.
20Wolo na wó saŋe o kwaga o ji baŋa seeni teo kom pɛ to de laam wó toŋe lampwoo-jwoŋinu se o fe nɔɔna o la sabu, se o paare taa jege nenɔŋa lanyerane. O de nam bá dáane. O wó ba o te lela mo, ye ko dae jara wone naa vuvuga baŋa ne.
21Nɔn-yɔɔ wolo kuri na dae paare dwi to mo laam wó ji baŋa seeni teo kom pɛ se o leiri wodwoŋi wom yuu ne. Wonto wó kwei swa de ni-som mo o pɔpɔ o ba o vere paare dem o pa o tete. 22O nam wó yɔɔre o chɔge jar-keira balo maama na wó dwoni ded‑o to mo, de Wɛ kaanem yiga tu wom de. 23O ta wó ke ni-sɛɛm de teene dedwonna, ye ko ye swa mo o ke se o ma o gane-ba. O dam dem wó fɔge de taa daga, ye balo na wo o kwaga ne to de ye fenfee yerane. 24O maa wó pɔpɔ o zaŋe teene delo jejegero na tiini te daga to baŋa ne o kwaare jara de-ba se o vere ba wonnu. O kwoa déem wo wane o keim dem konto dwoŋi ba ke. O maa wó pɔɔre jejegero de zela yalo o na vere to o pa o kwaga tɔgena bam. O ta wó ke o boboŋa ne se o chɔge teene dedwonna dam jei sem. O keina yam konto nam bá dáane se ya ti.
25Pɛ wom wó tiini o na baare se o la kɔgɔ dedɛ o ke daane se ba vo ba ke jara de tega-kuri seeni pɛ wom. Wonto de nam wó la jar-keira kɔgɔ kolo na tiini ko dana ko gaale to. De ko de, tega-kuri seeni pɛ wom bá wane o dono wom, nɔɔna na wó baare o kwaga ne to ŋwaane. 26Ko nam ye o tete sɔŋɔ tiina mo lage ba de‑o tega ne. O jar-keira bam dedɛ wó te jara wone, ye o kɔgɔ kom maama ba ko jei. 27Pwa balei banto wó jeini daane se ba taa lara. Ba nam bá taa jege boboŋ-laaro ba pae daane. Ba wó taa jege daane ba fɔ vwa se lwarem laam ba. Ba kikia yam nam bá ja kuri, kokuri to, ba kweelim maŋa kam jege se ka yi mo. 28Baŋa seeni pɛ wom wó zaŋe o taa maa jwoori o tete teo kom de jejegero telo maama o na vere to. O ta ná wo chwoŋa ne, o boboŋa wó ja se o chɔge Wɛ nɔɔna bam na tɔge chwoŋa kalo ba zuli Wɛ to. O maa wó yɔɔre o toŋe o fera mo ba baŋa ne, se o laam kɛ o vo o yi o teo kom.
29Maŋa kam ná yi ka ti, baŋa seeni pɛ wom wó jwoori o vo se o ke jara de tega-kuri seeni teo kom. Wonnu nam daa bá ke lanyerane te pa‑o ne boboa jara yam na ke tei to. 30Nɔɔna wó zege wɛ-zoore seeni ba tɔge naneo kom baŋa de nabwooru ba ba se ba ke jara ded‑o. Konto wó pa se o fom, ye o tutwoni se o jwoori sɔŋɔ. O ta ná wo chwoŋa ne o vei to, o laam wó kwei o ban-zɔŋɔ kom o daŋe Wɛ nɔɔna bam yuu ne mo, se o pa ko chɛ ba yera ne. Ko daare balo na ve se ba tɔge Wɛ chwoŋa kam to mo o yiga wó taa wo ba wone. 31O jar-keira bam wó zaŋe ba zo Wɛ diga kam de ka dam jei sem se ba chɔge-ka. Ba wó che nɔɔna se ba daa yé taa ke dɛ maama kaanem dem da, ye ba daare ba kwei wo-zɔɔne delo na chɔge Wɛ yere to ba zege Wɛ wara-jei sem ne. 32Pɛ wom wó kwei ni-som mo o soge balo na nwoŋi Wɛ kwaga ne to o ke o yera ne. Ko nam ná ye balo na ke ba chega de ba Wɛ to, ba bá sɛ ba pa‑o.
33Yi-pore-nyena bam wó taa bere nɔɔna dedɛ se ba lɔre yeino chwoŋa. Ko nam ná yi yiga, ba wó pa ko chɛ banto yera ne. Ba badwonna wó te jara wone, ye ba zwɛ ba badaara de mini. Ba ta wó zi ba badwonna ba vɔ, ye ba vere badwonna jejegero ba daare-ba. 34Wɛ nɔɔna bam ná zo cham dem konto wone, ba wó na wolim fenfee yerane mo. Balo na wó ba se ba woli ba wone to nam wó taa jege ni-zɛ ni-zɛ. 35Yi-pore-nyena bam badwonna wó to ba yaara yam ŋwaane. Wɛ nam wó tɔge ko baŋa ne o fɔge o kwɛ o nɔɔna bam se ba taa lana jase se ko vo ko yi kweelim maŋa kam. Kokuri to, kweelim maŋa kam ta lage ka yi mo.
36Baŋa seeni teo pɛ wom lage o toŋe o fera mo. O wó taa zeiŋi o tete wɛɛne, ye o daare o bere o tete we o dwoi wɛ dwi maama. O ta wó ta wo-zɔɔna o chɔge Wɛ wolo yerane na ye Wɛ chekke to yere. O nam wó na chwoŋa se o ke konto se ko vo ko yi maŋa kalo Wɛ ban-lom dem na wó ke ko ti to. Wɛ nam wó seene o ke se ko su o na boŋe se o ke tei to mo. 37Pɛ wom yiga bá taa wo o nabaara wa yam wone, de jwoni delo kaana na swoi se ba zuli to wone. O maŋe o bá nii wɛ de wɛ se de taa jege kuri de pa‑o. O nam wó taa bere o tete we wonto mo dwoi wa yam maama. 38O nam wó yage wa yanto yam, ye o leiri o kwei wɛ delo na nii dam jei to mo o taa zula. O nabaara déem nam yeiri wɛ dem konto. O maa wó kwei sabu-seŋa, de lu-nyenno, de kandwa-nyenno, de pɛɛra yalo na tiini ya ke sabu to o pa-de. 39Dwi-gɛ tiina wɛ dento wó woli‑o se o ke jara o vere o dona dam jei sem. Balo maama ná sɛ ba pa‑o, o wó zuli banto lanyerane. O ta wó pa ba taa nii nɔɔna dedɛ baŋa ne, ye o daare o kwei tega kalo o na vere o dona tei ne to o pɔɔre o pa-ba.
40Kweelim maŋa ná yia, tega-kuri seeni pɛ wom wó nwoŋi o ke jara ded‑o. Baŋa seeni pɛ wom maa wó ja jar-keira kɔgɔ dedɛ se o vo o jeeri‑o de dam. Ba badwonna wó taa dɔge sisein-nɔɔna baŋa ne, ye badwonna wo sisei-torokooro yuu ne, ko daare badwonna yɛ nabwooru ba via. O laam wó vo o kwaare jara teene dedɛ baŋa ne, pa se o chwooli-ba ne na-fɔrɔ na chwooli wonnu tei to. 41O ta wó ja jara o vo o yi te-ŋoŋa kam, ye o daare o pa se nɔɔna morro dedɛ to jara yam wone. Se ko ná ye Edom, de Moaba, de Amon kateiri delo ta na daare to, teene dem konto wó lu o jeŋa ne. 42O dam dem wó jage de yi teene dedɛ mo, ye Ejipti teo kom tete de bá lu o jeŋa ne. 43O maa wó jwoŋi Ejipti tiina sabu-seŋa kam, de ba lu-nyenno tem, de ba lonne zela maama o taa tei, ye o daare o pa Libia teo kom de Kusi teo kom taa wo o dam kuri ne. 44Kwora nam wó nwoŋi wɛ-puli seeni de baŋa seeni ka ba pa se o fom ka ŋwaane. O maa wó kwei o ban-lom dem o zaŋe o nwoŋi mo se o taa chɔge nɔɔna dedɛ fase. 45Ko kwaga ne, o wó vo o chwi o paare nenɔŋa vwoa yam nane-fɔrɔ kom de Wɛ tete peo kolo na ye wose to tetare laŋa ne mo. Ko nam na ye tei to, toone wó ba de yi‑o, ye nɔɔn-nɔɔno tera o na wó wane o woli‑o.”",https://www.bible.com/bible/3661/DAN.11.KBG
DANYELI 12,"Kweelim maŋa kam taane
1“Maŋa kam konto ná yia, malese sem yiga tu Mikayeli wó zaŋe o nwoŋi. Wonto mo ye wolo na nii nmo dwi tiina bam baŋa ne to. Lɛɛro nam mo wó tiini te taa wora maŋa kam konto ne. Ko na zege á teo kom boboa maŋa ne se ko taa via, nɔɔna ta wo nɛ lɛɛro tento dwoŋi. De ko de, nmo nɔɔna balo maama yera na popone ya tiŋi tɔnɔ kom wone to wó na verem. 2Nɔɔna balo na tege ba tigi tega kuri ne to dedɛ wó jwoori ba bi. Ba badwonna wó bi ba na ŋwea kalo na ba jege kweelim to, ye badaara de bi ba na chaveera de yaalem se ko taa vei wuu. 3Nɔɔna balo na fɔge ba jege Wɛ swa yam to wó taa nye de pwooni mo ne wɛyuu pwooni na ye tei to. Balo na woli nɔɔna se ba taa tɔge chega chwoŋa to maa wó taa nyeena ne wɛyuu pwooni na ye tei to taa wuu. 4Ko nam ná ye nmo Danyeli, nmo jege se n seigi taane dento na wo tɔnɔ kom wone to mo, se ko taa nii kweelim maŋa kam. Nɔɔna dedɛ wó taa kare ba vei yiga de kwaga, se ba kwaane ba lɔre wonnu tento kuri.”
5Amo Danyeli laam ma kwoni a yuu se a nii, ye a na nɔɔna balei mo na zega ba woli da. Ba dedoa zege buga kam bubɛ dedoa ne mo, ye wodwoŋi wom de zege dedwoŋi dem ne. 6Nɔɔna balei bam dedoa ma bwei wolo na zo gare-fefale ye o yaara o tete nabara kam baŋa ne to o we, “Ko lage ko dáane tetɛ mo se wo-kenkagela yanto maama ke ya ti?”
7Wolo na zo gare-fefale ye o yaara o tete nabara kam baŋa ne to ma zeiŋi o je selei wɛɛne, ye o du duuri Taa-wuu Wɛ wom yere ŋwaane o we, “Wonnu tento maama lage te dáane nenɛɛne maŋa kadwoŋi laŋa ne, de maŋa kuni belei laŋa ne, ko woli de maŋa chichworo laŋa ne mo. Wɛ nɔn-laaro tem yaara yam ná ke te ti, mo wonnu tento maama kweelim de wó yi.”
8Amo na nigi o taane dem to, a déem wo lɔre de kuri. A maa bwei‑o a we, “Amo tu, kweelim maŋa kam lage ka guri tetɛ mo?” 9O de ma leiri-ne o we:
“Danyeli, pa dé tiŋi taane dem, kokuri to, taane dento laam kwoli mo pa se de seigi se ko taa nii kweelim maŋa kam. 10Cham maŋa kam wó pa se nɔɔna dedɛ fɔge ba kwɛ mo se ba taa lana jase. Puseŋ-nyena maa wó taa vei yiga ba ke ba kikia, ye ba bá ni wonnu tento kuri. Balo na jege Wɛ swa yam to yerane mo wó ni te kuri.
11Ko zege maŋa kalo ne ba na wó che nɔɔna se ba daa yé taa ke dɛ maama kaanem dem, ye ba daare ba kwei wo-zɔɔne delo na chɔge Wɛ yere to ba zege, ko lage ko ke da moro de bia yalei de funogo (1,290) mo. 12Wolo maama nam ná zuri o yera o cheigi se ko yi da moro de bia yatɔ de fintɔ-yanu yam (1,335) kweelim maŋa kam, kotu wó tiini o na yu-ywoŋo!
13Ko nam ná ye nmo Danyeli, yɔɔre n ta‑n vei de yazura se ko yi n kweelim maŋa. N momwɛ wó ba de ti. Nmo nam ta wó jwoori n bi kweelim maŋa kam ne se n jwoŋi ŋweero telo na tigi te cheigi‑m to.”",https://www.bible.com/bible/3661/DAN.12.KBG
HOSEA 1,"1 Baŋa Wɛ kwora kalo o na pɛ Beeri bu Hosea to mo tento. Ko maa ye maŋa kalo Yuzia, de Jotam, de Ahaz, de Hezekia déem na saŋe daane ba di Judah teo paare to mo. Maŋa kam konto ne Jehoasa bu Jeroboam de déem di paare Isarele teo kom ne.
Hosea kaane de o bia taane
2 Baŋa Wɛ déem na bobo o kwei o kwora o pa Hosea se o lwoni o bere Isarele tiina bam to mo o tage ded‑o o we, “Nam zaŋe n swo kaane na ye ka-tola to. Wonto wó lo bia o tusim dem baŋa ne o pa‑m, ye ba maama lage ba ywori nmo kwaga ne mo. Amo nɔɔna Isarele tiina bam de nam ye konto dwoŋi mo. Ba kare ba tusi mo dedɛ ye ba ywori amo Baŋa Wɛ kwaga ne.”
3Hosea ma seene o vo o di kaane. O déem ye Dibilayim bukɔ mo, o yere mo Gomera. O ma ja puga o lo bakeira o pa‑o. 4Baŋa Wɛ ma ta de Hosea o we, “Pa bu wom yere we ‘Jezerele’. Kokuri to, ko bá dáane a lage a pa cham yɔɔre de yi Jehu dwi dem de wonto déem na tiini o toŋe nɔn-gora totoŋa Jezerele teo kom ne tei to ŋwaane. Konto baŋa ne amo wó pa se o dwi dem paare ti Isarele teo kom ne. 5Dɛ dem konto ne a lage a chɔge Isarele jar-keira bam mo de ba dam maama Jezerele bwolo kom ne.”
6Gomera daa ma ja puga ye o lo bukɔ. Baŋa Wɛ ma ta de Hosea o we, “Pa bu wom yere we ‘Lo-Ruhama’. Kokuri to, amo daa bá taa jege Isarele dwi tiina bam swono. A daa bá yage ba wɛleera a ma chɛ-ba. 7Ko nam ná ye Judah dwi tiina bam, amo wó taa jege ba swono ye a jwoŋi-ba a yage ba cham wone. Amo wolo na ye ba Tu Baŋa Wɛ wom to mo wó jwoŋi-ba, ye ko dae ba jara zela ŋwaane, naa ba sisein-nɔɔna ŋwaane, naa balo na yei jara keim chekke to ŋwaane.”
8Gomera bukɔ wom na waare o tu tega to, o daa ma kwei puga o lo bakeira kadwoŋi. 9Baŋa Wɛ ma ta de Hosea o we, “Pa bu wom yere we ‘Lo-Ammi’. Kokuri to, abam daa seene á dae amo nɔɔna. Amo de maa dae abam de Wɛ.”
Isarele tiina wó jwoori ba na verem
10Ko jwa na wó taa ye tei to, Isarele tiina bam wó puli ba taa daga dedɛ ne naneo ni kasolo bia na daga tei to, ye nɔɔn-nɔɔno bá wane o ga o lɔre ba ni na mae tei. Ko ná ye jeiga kalo Wɛ ya na tage de-ba we, ba dae o nɔɔna to, jeiga kam konto ne nɔɔ, o wó ta de-ba we, “Abam ye Ŋwea Tu Wɛ wom bia mo.” 11Dɛ dem konto ne, Judah tiina bam de Isarele tiina bam wó jwoori ba ke daane, kɔgɔ dedoa. Ba wó kuri yuu tu dedoa ba wone se o taa nii-ba. Ba wó taa tei ba tega kam de yazura. Chega to, Jezerele dɛ dem konto wó taa ye dɛ-kamunu.",https://www.bible.com/bible/3661/HOS.1.KBG
HOSEA 2,"1Konto ŋwaane, á wó bwoŋi á chorro Isarele tiina bam we, ‘A nɔɔna’, de ‘A bu-swonnu’.
Isarele tiina na ke ba chɔge tei to
2A bia bam, bwɛ-na á nu wom! Taane wora debam laŋa ne. O daa dae amo kaane wom chekke. Amo de daa dae o baro wom. Kwoori-o-na se o yage o kabwoŋa kikia yam, se o daa yé taa kare o chɔge o tete de baara. 3O ná wo sɛ se o ke konto, a wó choore o yera zela a daare‑o, ne o nu de o kwo na loge‑o tei to. A ta wó pa o ŋwea taa ye kafɛ, ne te-kora na tigi ye na tera tei to mo. Konto baŋa ne mo na-nyɔm wó go‑o. 4Amo bá taa jege o bia bam ŋwaŋa, o na tole o lo-ba to ŋwaane. 5Ba nu wom ywori o baro wom kwaga ne. O ma lo o bia bam de chaveera. O maa we, “A wó nwoŋi a vo a bɔɔla bam tei. Ko ná ye wodiu, de na, de gwaaro, de nuga, de sana de, banto wó ke ba pa-ne.” 6Konto ŋwaane, a lage a zage sabare mo a kwei a maa che o chwoŋa. A ta wó lɔ kabira a maa pe‑o, se o daa yé wane o nwoŋi pwooni. 7Kaane wom wó kwaane se o pare o bɔɔla bam, ye o nam bá yi-ba. O wó beeri ba jei, ye o yi bá peere-ba. O laam maa wó ta o tete ne we, “Yage se a jwoori a vo a baro wom tei, ne ko déem na ye tei to. A boboa kam yɔɔre ka gare a zem na ye tei to.” 8O nam wo ke o boboŋa ne we ko ye amo mo pɛ‑o mena yam, de sa-doora bam, de nuga kam. A ta ma pa‑o lu-nyenno de sabu-seŋa dedɛ, ye o kwei-te o ma zuli Baal jwona yam.
9Mo kokuri, mena yam ná tu ya be, ye sa-doora bam de ná bega, a lage a yiri a pɛɛra yam konto mo. Ko ta ná ye gwaaro telo a na pɛ‑o se o ma kwoli o chaveera to, a wó jwoori a jwoŋi-te o tei ne. 10A ta wó choore o teiŋa zela a daare‑o, pa se o di o chaveera o bɔɔla bam yiga ne. Nɔɔn-nɔɔno bá wane o jwoŋi‑o amo jeŋa ne o yage. 11A wó che kwɛɛra yalo o na di ywoni ya baŋa ne to, ko ná maŋe ko ye kuri delo maama o na yeini o guli o di to. Bene bene kura, de chan-doŋa kura, de siu dɛ maama kura mo konto. 12Ko ná ye Vini teeni dem, dedaane kaporro tem o bɔɔla bam na pɛ‑o to, a lage a chɔge-te mo. O tage o we, te ye ŋweero telo o na jwoŋi o baara bam tei ne kabwoŋa ŋwaane to mo. Amo nam wó pa se o kare sem konto ji goa. Kago-vara wó taa tui ba di teeni dem. 13A wó waare‑o de o na zwɛ talwoŋ-ywoŋa o ke kaanem o pa Baal jwona yam ya zula da yam ne to ŋwaane. O maa yeini o kwɛ o tete de zambila, de jafola se o ma tɔge o bɔɔla bam kwaga. O na ke tei maama to, o yɔɔre o swei amo swia mo.
Baŋa Wɛ na tage tei to mo konto.
14Konto ŋwaane, a laam lage a kwoori‑o mo se a ja‑o a zo kagoa kam wone, se a daare a ma swono taane a ŋɔɔne ded‑o. 15Dáane mo a wó jwoori a kwei o Vini teeni kare sem a ke o jeŋa ne. A ta wó pa se Akore bwolo kom pipiri ko ji teena jeiga ko pa‑o. Kaane wom laam wó leeni lei ne o déem na ke tei ye o nwoŋi Ejipti teo kom ne o biini maŋa ne to.
16 Baŋa Wɛ kwora mo tento: Dɛ dem konto ne, nmo wó jwoori n bwoŋi-ne we n baro. N daa bá fɔge n bwoŋi-ne we n Baal jwoni dem. 17Amo ta wó che Baal yere dem n ni ne, se n yé lwoori wolim Baal jwona yam tei ne. 18Dɛ dem konto ne a wó ke ni-sɛɛm dedaane kago-vara bam, de zuna bam, de tega-veila bam se ko che a nɔɔna bam se ba yé na chɔgem. A ta wó chɔge jara zela maama, ko ná ye tɛ de se-zɔɔro, se tigura daa yé zaŋe tega kam baŋa ne. Konto laam wó pa nɔɔna maama sii de yazura. 19Amo wó pa se n ji a kaane ye n ta‑n wo a tei ne taa wuu. Amo wó tɔge chega, de swono, de ŋwaŋa baŋa ne mo a ke konto. 20Dé wó taa jege chega dé pa daane, ye dé bá jwoori da-kwaga. Nmo de wó ba n sɛ we amo mo ye n Tu Baŋa Wɛ wom.
21 Baŋa Wɛ kwora mo tento: Dɛ dem konto ne amo wó leiri ba wɛ-lworo kom. A wó ta de wɛyuu kunkwonnu tem se te pa doa taa nena tega kam baŋa ne. 22Tega kam de wó sɛ ye ka ke mena, de sa-doora, de nu-doŋa lanyerane. Tento maama wó leiri de wopwolo te we, “Wɛ mo duga.” 23Chega to, amo wó pa se a nɔɔna bam fɔge ba na kugu jei tega kam baŋa ne se ba taa ye a tete nyem. Ko ná ye wolo ba ya na bwoi o yere we “Swono tera” to, amo mo wó taa swoi kotu. Ko ta ná ye balo ba ya na bwoi-ba we “Ba dae amo nɔɔna” to, amo laam wó ta de-ba we, ba seene ba ye a nɔɔna mo. Ba de maa wó leiri ba we, “Nmo ye debam Tu Wɛ wom mo.”",https://www.bible.com/bible/3661/HOS.2.KBG
HOSEA 3,"Hosea de o kaane jwoori ba ke daane
1 Baŋa Wɛ ta ma ta de amo o we, “N kaane wom ye ka-bworo ye baaro wodwoŋi mo swoi‑o. De ko de, jwoori n vo n bere‑o nmo na jege o swono tei to. Ko ye bedwe de amo Baŋa Wɛ de na swoi Isarele tiina bam tei to mo, de ba na maŋe ba ywori a kwaga ne ye ba zuli wa yadwonna tei to de. Ba ta swoi se ba taa kwei kekan-wogila ba pae ba jwona.”
2 Baŋa Wɛ na tage konto to, a ma kwei lu-nyenno sabu-dala fuga-yanu, de chaara ywollu tenu, se a ŋwe a ma jwoori a jwoŋi‑o. 3A ma ta ded‑o we, “Nmo laam wó ta‑n zoore de amo mo taa, ye n yage ka-tola de kabwoŋa kikia. A de wó zuri a yera a pa‑m.”
4Mo Isarele tiina bam na wó taa zoore taa tei ye ba ba jege pɛ naa pa-bu to. Ba bá na chwoŋa se ba ke kaanem, naa ba zuli ba kandwa naa ba jwona, naa ba ma kaanem gare-wogo kom ba ke yi-nɛɛre kikia. 5Maŋa kam konto ná kɛ, Isarele tiina bam wó jwoori ba Tu Baŋa Wɛ wom tei, de ba pɛ wolo na nwoŋi David dwi dem wone to tei. Ba laam wó tiini ba kɔre Baŋa Wɛ, ye o de wó ke-ba lanyerane.",https://www.bible.com/bible/3661/HOS.3.KBG
HOSEA 4,"Baŋa Wɛ bwɛ Isarele tiina bam
1Isarele dwi tiina bam, cheigi-na Baŋa Wɛ kwora kam! O jege taane de abam balo na zoore tega kanto wone to. Tega kam maama wone, nɔɔna ba tɔge chega naa swono kikia, ye ba ba kɔre Wɛ de. 2Á swoi sɔla, de vwa fɔm, de nɔn-gora, de ŋweene, dedaane kabwoŋa kikia dedɛ. Nɔɔna bam ke nankɔɔre totoŋa mo maŋa maama, ye ba goe ba dwonna se ko ja kɛ jeŋa. 3Konto mo tei tega kam koga ka peere pa se balo maama na zoore ka wone to bugi. Kago-vara, de zuna, de naneo wo ywona yam maama de lage te te.
4Yé ta‑á jege-na daane á bwɛa, se á pa ko ye nɔɔno wodwoŋi yiga. Ko nam ye abam kaanem tiina bam mo amo lage a bwɛ. 5Wea de tete maama á yeini á tiri á to tega ne mo. Sampwori sem de ma da ba to tega ne. Amo nam lage a chɔge á dwi dem mo. 6A nɔɔna bam lage ba na chɔgem, ba na ba jege yeino to ŋwaane. Abam yɔɔre á ve mo se á me de amo. Mo kokuri amo de wó ve abam se á yé ta‑á ye kaanem tiina á pa-ne. Amo ta wó nwoŋi á bia bam kwaga ne. Ko nam ye á na ve á Tu Wɛ bera yam to ŋwaane mo.
7Kaanem tiina bam kɔgɔ kom na daga tetei to, ba lwarem totoŋa yam de daga konto dwoŋi mo pa se ba tusi ba chɔge amo yiga dedɛ. Ba ma pa zula yalo ya na maŋe de-ba to leiri ya ji chaveera ba yuu ne. 8Wɛleera yalo a nɔɔna bam na ke to mo ye kaanem tiina bam ni-wodiu. Banto fera zo nɔɔna bam tusim kikia yam mo. 9Ko nam lage ko ke nɔɔna bam de kaanem tiina bam bedwe mo. Amo wó waare ba maama chwei selo ba na tɔge to ŋwaane. A ta wó jwoori a ŋwe ba kikia yam jene ba yuu ne. 10Ba na wó jwoŋi wodiu kolo ba di to bá zuri ba kana. Ba ná maŋe ba tɔge kabwoŋa kikia ba jwona kaanem jei sem ne mo de, ba dwi dem bá puli. Kokuri to, ba lɔge Baŋa Wɛ kwaga ne mo ye ba daare ba tɔge wa-yɔɔro.
Baŋa Wɛ chuli jwona kaanem
Baŋa Wɛ ma ta o we:
11Sa-dɛɛra de sa-bwona mo pɛ se
a nɔɔna bam boboŋa maama jei.
12Ba maa boŋe se ba jwoŋi swa
ba nwoŋi da-kora na ye jwoni to tei ne mo.
Ba daa ba jege ba tete boboŋe.
Voro bia laam mo bere-ba kolo na maŋe se ba ke to.
Kabwoŋa boboŋa mo pae se ba tusi konto dwoŋi.
Ba ma yage ba Tu Wɛ wom
ba daare ba kwei ba tete ba pa wa yadwonna.
13Peero tem yupare baŋa ne mo
ba yeini ba ke ba kaanem.
Ba maa zwɛ ba pɛɛra zwonnu tem yuu ne,
mɛ teeni dwi dwi na wora ye de woro kom ye tima-tima to.
Konto mo tei á bukwa bam zo tolo wone,
ye á bu-kaana de tɔge kabwoŋa kikia.
14Amo nam bá waare á bukwa bam ba tolo kikia yam ŋwaane.
A ta bá waare á bu-kaana bam ba kabwoŋa kikia de ŋwaane.
Kokuri to, á baara bam tete de peini de ka-tole mo.
Ba maa tɔge de-ba ba ke kaanem ba pa jwona.
Chega to, “Swa-mura tu ba jege sɔŋɔ.”
15Isarele tiina bam, á yeini á zo tolo wone.
Nam yé pa-na se Judah dwi tiina bam de tɔge á na-bɔŋa kam,
se banto de wɛleera taa wo ba yuu ne.
Yé zaŋe-na á vo Giligal naa Bɛte-Aven se á zuli-ne.
Yé ma-na Ŋwea Tu Baŋa Wɛ yere dem á du duuri.
16Isarele tiina bam ye zwabani-nyena mo,
ne na-chwa na ye tei to.
Baŋa Wɛ laam wó wane o nii ba baŋa ne
ne pipeili dwoŋi tei na?
17Efrayim dwi tiina bam me de jwona kaanem.
Le-na á tete ba wone á daare-ba.
18Ba ná nyɔge sana ba su,
ba laam yɔɔre ba tɔge kabwoŋa kikia mo.
Ba swoi kuri-nɔrɔ ba dwoi zula.
19Vo-dɛɔ lage ko ba ko kale-ba mo ko pu
ko ja ko jage.
Ba na ke kaanem ba pae jwona tei to
wó guri-ba chaveera wone mo.",https://www.bible.com/bible/3661/HOS.4.KBG
HOSEA 5,"Lɛɛro wó yi Isarele tiina de Judah tiina
1Wɛ kaanem tiina bam, cheigi-na taane dento!
Abam Isarele dwi tiina bam de pore á zwa se á cheigi-de.
Pa-diga tiina bam, á de cheigi-na!
Abam wo taane wone mo,
de á na kweele chega á yage tega ne jei maama ne to ŋwaane.
Ko nye de á kwei kalanchogo mo á che Mizipa teo wone tei,
ye á daare á dole ŋwe-choa á jare Tabora peo kom yuu maama.
2Zwabani-nyena bam tiini ba swoi nɔɔna gom.
Amo nam wó waare ba maama.
3Amo maŋe a yei Efrayim dwi tiina bam
de Isarele tiina bam maama na ye tei to.
Kolokolo tera ba na wó seigi amo yiga ne.
Isarele dwi tiina bam laam tu ba tɔge kabwoŋa kikia mo,
pa se ba biini ba tete.
4Ba kikia yam konto chɔge-ba mo,
ye ba daa ware se ba jwoori Wɛ tei.
Ba boboŋa yeini ya zo jwona kaanem wone.
Ba daa maa ba kɔre Baŋa Wɛ de fenfee tete de.
5Isarele tiina bam na bere ba tete kamunim tei to
bere we ba ba jege bora.
Ba maa yeini ba tiri ba to tega ne
ba wɛleera yam ŋwaane,
ko ná maŋe ko ye Efrayim dwi tiina bam de.
Judah tiina bam de ma da ba kwaga ba to.
6Ba ma kwei ba vara ba ja ba vo
ba ma ke kaanem se ba zuli Baŋa Wɛ.
Ba nam bá na‑o,
o na nwoŋi ba tei ne to ŋwaane.
7Ba baare Baŋa Wɛ kwaga ne mo.
Bia balo ba na loge to dae o nyem.
Chan-doŋa kuri dim ná yia,
ba de ba tega kam wó na chɔgem lela.
Jara chuga Judah teo de Isarele teo wone
8Wu-na jara-keim nabwanno Gibea teo wone!
Kaane-na Rama nɔn-bia bam!
Mage-na tiguri-kaasa Bɛte-Aven ne!
Benjamin dwi tiina bam, cho-na á tete!
9Efrayim tiina bam waarem dɛ dem lage de yi,
se ba tiini ba na chɔgem.
Amo na jege wonnu telo a tɛ a bere Isarele dwi tiina bam to seene te ye chega mo.
Te wó yɔɔre te ba te ke.
10Judah tiina nakwa bam jigi nenɛɛne
balo na di ba zo ba dwonna siseini wone tei to mo.
A ban-lom dem wó zaŋe ba baŋa ne,
ne na-fɔrɔ na chuuri ko chɔge wonnu tei to.
11Lɛɛro lage te yi Efrayim tiina bam.
Amo wó waare-ba pa se ba na chɔgem,
ba boboŋa na jaane se ba zuli jwona to ŋwaane.
12Amo lage a chɔge Efrayim tiina bam,
ne kenkaao na chɔge gwaaro tei to mo.
A ta wó pa se Judah tiina bam ji wo-popɔnɔ.
13Efrayim tiina bam na maane jaweo kolo na jege-ba to,
ye Judah tiina bam de lɔre ko na zo ba yera tei to,
mo Efrayim tiina bam lwoori wolim Asiria teo kom tei ne.
Ba ma boŋe we Asiria pa-faro wom wó zeini-ba.
Wonto nam bá wane abam o yɔɔre.
O bá pa se á yera zuri.
14Amo wó zo Efrayim tiina bam de Judah tiina bam wo
nenɛɛne nywoŋo na zo vara wone tei to mo.
Amo tete wó tore ba yera yam yera-yera,
ye a daare a ja-ba a viiri.
Nɔɔn-nɔɔno tera o na wó wane o jwoŋi-ba a jeŋa ne o yage.
15Amo laam wó jwoori a tete jeiga kam a daare-ba
pa ba na ba waarem dem ba ti.
Ko ná zo ba yera konto dwoŋi,
ba laam wó seene ba yia ba beeri amo jeiga.",https://www.bible.com/bible/3661/HOS.5.KBG
HOSEA 6,"Isarele tiina bam seene ba leiri ba boboŋa na?
Nɔɔna bam maa we:
1“Pa-na se dé jwoori dé Tu Baŋa Wɛ wom tei.
Wonto mo tore dé yera yam yera-yera,
o nam wó jwoori o yɔɔre debam.
O ma pa dé na zonne,
se o laam pa dé na yazura.
2Ko ná ke da yalei,
o wó jwoŋi debam dé cham wone o yage.
Ko ná yi da yatɔ wɛɛne
o wó pa dé jwoori dé bi de yazura
se dé taa wo o tei ne.
3Pa-na dé seene dé yia,
se dé taa me de Baŋa Wɛ!
O laam wó veere o tete o bere debam,
ne wɛ na jege de pula te-pora ni ne tei to.
O wó ba o zeini debam,
ne duum doa na bugi tega tei to mo.”
Baŋa Wɛ maa we:
4“Efrayim dwi tiina bam,
amo nam wó ke abam tɛ mo?
Judah dwi tiina bam de,
amo lage a ke abam de tɛ mo?
Á na swoi amo tei to mo ba jege fera.
Ko nye de kunkwoŋo kolo na tui zezeŋa ne
ye ko jei lela to.
Ko ta nye de nyɔnɔ kolo na toa ye ko ba dáane to.
5Konto ŋwaane a lage a toŋe a sampwori sem mo á tei ne,
se a tɔge ba baŋa ne a pa á na chɔgem.
A ta wó kwei a ni taane dem a ma a go abam.
A lage a pɔpɔ a nwoŋi mo a waare abam
ne wɛ na puli te-pora ni ne tei to.
6Á ya ná jege da-swono,
konto ya wó pwoli amo wo
ko dwoni á ná ke kaanem á pa-ne.
Á ya ná me de amo na ye á Tu Wɛ wom to,
ko wó taa gara á ná kwei vara á zwɛ se á zuli-ne.
7Ko ná ye ni delo amo na gwoni de-ba to,
ba déem yiri-de
maŋa kalo ba na wo Adama teo ne to.
Chega to, ba seene ba nwoŋi amo kwaga ne.
8Gilead ye teo kolo kom puseŋ-nyena na su ko wone to mo.
Ba maa yeini ba go nɔɔna jaja.
9Wɛ kaanem tiina bam nye de venverena na seigi ba tete
se ba laam zaŋe ba vere nɔɔna to mo.
Ko ná maŋe ko ye Sɛkɛm chwoŋa ni ne,
ba go nɔɔna balo na tɔge da ba kɛ to.
Ko ye lwarem mo ba jege ba ke.
10Amo nɛ totoŋ-zɔɔne Isarele dwi tiina bam tetare ne.
Efrayim tiina bam biini ba tete mo
de ba na bwoori jwona kaanem baŋa ne tei to.
11Abam Judah dwi tiina bam,
ko ta ye bedwe mo de abam.
Á maŋa kam ná yia,
amo lage a yɔɔre a waare abam mo.",https://www.bible.com/bible/3661/HOS.6.KBG
HOSEA 7,"Amo nam ná lage se a zeini a nɔɔna bam
se ba jwoori ba taa jege yu-ywoŋo,
1ye a ná lage se a pa Isarele tiina bam na yazura,
a yeini a jwoori a na ba wɛleera yam mo.
Efrayim dwi tiina bam de Samaria tiina bam
lwarem kikia seene ya lɔre mo jaja.
Ba maa yeini ba gane ba dwonna.
Ba ma bwori nɔɔna sam ba zoore ba vere ba wonnu.
Venverena de ma zi nɔɔna teo kom pwooni yiga ne ba jwoŋi ba wonnu.
2Ba nam wo maane we amo wó guli ba lwarem kikia yam konto.
Ba totoŋ-balwaaro tem yɔɔre te ja-ba mo.
Te nae amo yiga ne maŋa maama.”
Ba na gane pɛ wom tei to
Baŋa Wɛ ta ma ta o we:
3“Nɔɔna yeini ba toŋe lwarem mo
ba ma pwoli pɛ wom wo.
Ba maa tɔge vwa baŋa ne
ba pwoli nakwa bam wo.
4Ba maama tɔge kabwoŋa kikia mo.
Ba maa tiini ba jege ban-lom,
ne jugu diga wo mini na guguli tei to.
5Pɛ wom na wora o di o kuri dem dɛ delo ne to,
ba pɛ se o nakwa bam nyɔ sana mo ba su,
pa ba yeiri ba tete jeiga.
Pɛ wom tete de tɔge de nɔn-jworru o kwɛɛre mo.
6Ba maa twɛ pɛ wom yera
ye ba boŋe se ba de‑o.
Tega ná yi, ba ban-zɔŋɔ kom guguli mo
ne mini na guguli tei to.
Tega daa ná poore, ko ma yɔɔre ko di,
ne min-vogo na jaane wɛyuu ne tei to.
7Ba bane ma tiini de fuli dedɛ
pa ba yɔɔre ba go ba yiga tiina bam.
Ba pwa bam maama da ma to tega ne,
ye ba wolowolo wo lwoori wolim amo tei ne.
Isarele dwi tiina de dwi-gɛ tiina taane
8Efrayim tiina bam gwaane ba tete de dwi-gɛ tiina bam mo.
Ba nye de maase delo ba na fɔge ba le
ye de wo bege de ti to mo.
9Sa-teena mo tu ba vere ba dam,
ye ba wo maane ko ni ne.
Ba yuu de laam peere
ye ba wo lɔre ko ni ne.
10Isarele tiina bam na bere ba tete kamunim tei to
bere we ba ba jege bora.
Ba nɛ kolo maama na yi-ba to,
ye ba ta ve se ba jwoori ba ba amo tei.
Amo mo ye ba Tu Baŋa Wɛ wom
ye ba ba lwoori wolim amo tei ne.
11Efrayim tiina bam ba jege swa.
Ba yeini ba ke ne kunkwoŋa na kare ka lɔgese teeni tei to mo.
Boboa to, ba vei Ejipti tiina bam tei mo,
se ba woli-ba,
ye ba daa lɛɛne ba duri ba vo Asiria tiina bam de tei.
12Ba nam na maa vei to,
a lage a ma ŋwe-choa mo a che-ba a ja ne zuna tei.
A ta wó waare-ba,
lwarem dem ba na ke to ŋwaane.
13Lɛɛro wo ba yuu ne!
Kokuri to, ba pipiri ba viiri amo tei ne.
Cham wó yi-ba,
ba na lɔge amo kwaga ne to ŋwaane.
A ya lage a vere-ba mo a yage,
ba nam fɔge vwa ba pa-ne.
14Ba ba yeini ba lwoori-ne de ba wo maama.
Ba tigi ba gadworu baŋa ne
ye ba laam chwoosa.
Ba maa yeini ba bɛ ba yera ba wara wone
se ba na wodiu de sana mo.
Ba nwoŋi amo kwaga ne mo konto.
15Amo mo korese-ba se a pa ba na dam.
De ko de, ba ta jege boboŋ-balwaaro de amo.
16Ba na beeri wolim to,
ba ba kwoni ba yum wɛɛne.
Ba nye de taŋa kalo na gugwoli to mo.
Ba nakwa bam wó to jara wone,
ba na bere ba tete kamunim to ŋwaane.
Mo kokuri Ejipti tiina bam wó taa jege-ba ba mɔna.”",https://www.bible.com/bible/3661/HOS.7.KBG
HOSEA 8,"Isarele tiina bam jwona kaanem
1“Wu-na jara nabwanno!
Maao mo jaane wɛyuu ne ko foore
se ko chaale amo Baŋa Wɛ nɔɔna bam.
Kokuri to, ba chɔge ni delo a na gwoni de-ba to.
Ba ta ma nwoŋi a bera yam kwaga ne.
2Isarele tiina bam mo lwoori-ne
ye ba tɛ ba we, ‘Nmo mo ye debam Wɛ,
ye dé me dede‑m.’
3Banto nɔɔ ta mo ve se ba taa tɔge chwo-laaro.
Mo kokuri ba dona wó pare-ba se ba ja.
4Ba tete ne mo, ba tiŋi ba pwa.
Ba wo ke amo ko wone.
Ba ta kuri yiga tiina
ye a wo pɛ-ba chwoŋa.
Ba kwei lu-nyenno de sabu-seŋa mo ba ma mɔ jwona.
Ko lage ko ja chɔgem mo ko ba ko pa ba tete.
5Ko ná ye Samaria tiina bam,
a chuli jwoni delo ba na mɔɔne
ye de jege na-mɔra nyenyego to.
A ban-lom zaŋe ba baŋa ne!
Ba wó taa biini ba tete taa tento
se ba vo ba maŋe yei ne mo?
6Isarele teo tu gɔgɔ mo mɔɔne jwoni dem,
ko dae wɛ chekke.
Chega to, na-mɔra jwoni delo Samaria tiina na zuli to
lage de ba de chochoge mura-mura mo.
7Ba na dugi kolo to nye de vio mo.
Wodiu kolo ba na wó na ko baŋa ne to wó ji vo-dɛɔ.
Mena yalo na wó ke ba kare sem ne to
ye men-tintworru mo.
Ya bá wane ya ke muni.
Ba ya ná maŋe ba na wodiiru chekke,
sa-teena mo wó ba ba vere-te.
8Isarele teo kom wó ba ko ti.
Ko daa ba jege kuri dwi-gɛ tiina bam wone,
ne kam-boro tei.
9Isarele tiina bam jaane ba tete ba vo ba pa Asiria teo kom tiina mo,
ne kagoa wo bonaga na vei ka tete boboŋa veiŋa tei to.
Ko nye de Efrayim tiina bam kwei sabu mo
ba vo ba beeri bɔɔla tei.
10Ba ná maŋe ba vo ba beeri dwi-gɛ tiina bam wone
se ba na wolim ba tei ne,
amo ta lage a la-ba mo a ke daane se a waare-ba.
Pa-faro wom wó zaŋe ba baŋa ne
o pa se ko tiini ko zo ba yera.
11Efrayim dwi tiina bam lɔge kaanem bimbina dedɛ
ba wɛleera saarem ŋwaane.
Bimbina yam konto laam jigi jei selo
ba na yeini ba toŋe wɛleera da to mo.
12Amo popone a bera yam dedɛ a tiŋi
se ba wane ba lɔre ya maama.
Ba nam nii-ya pa ya ye wo-veiro mo ba tei ne.
13Ba maa yeini ba ja ba pɛɛra ba ba
ba ma ke kaanem ba pa-ne,
ye ba daare ba di ya nɔna yam.
Amo Baŋa Wɛ yi nam wo su de ba pɛɛra yam konto.
A laam wó guli ba na tusi tei to,
ye a daare a waare-ba ko ŋwaane.
A ta wó pa ba jwoori Ejipti teo kom.
14Kokuri to, Isarele tiina bam swei
amo wolo na ye ba Keiru wom to ni ne,
ye ba daare ba lɔ sɔ-fwaaro ba pa ba tete.
Judah dwi tiina bam de lɔge dam jei dedɛ mo
ba teene dem wone.
Amo nam wó pa se mini zwɛ ba teene dem,
de ba dam jei sem maama kula!”",https://www.bible.com/bible/3661/HOS.8.KBG
HOSEA 9,"Isarele tiina bam wó na waarem
1Isarele tiina bam, á yé ta‑á chake de wopwolo,
ne dwi-gɛ tiina bam na di ba kura yam tei to.
Kokuri to, á lɔge á Tu Wɛ wom kwaga ne,
ye á ta tɔge wa-yɔɔro.
Á swoi se á ta‑á jwoŋa kabworim kikia sabu
mena ferem jei sem maama ne.
2Abam nam na wó fere mena yalo to bá yi á dim.
Á ta na wó ŋoke Vini tio-bia se á na sana balo to bá yi abam.
3Isarele tiina bam bá na chwoŋa
se ba maŋe Baŋa Wɛ tega kam wone.
Efrayim tiina bam wó jwoori ba zo kabɛɛne wone mo,
ne ko déem na ke-ba Ejipti ne tei to.
Ba badwonna wó vo Asiria teo kom
ye ba di wodiu kolo ya na chuli se ba di to.
4Dáane ba bá taa kwei sana ba ke pɛɛra
ba ma ba zuli Baŋa Wɛ.
Kaanem delo maama ba na wó ke ba pa‑o to bá su o yi.
Ba pɛɛra yam konto wó taa nye de
wodiu kolo ba na di lua sɔŋɔ ne to.
Wolo maama ná di-ko,
kotu wó digiri o tete chullu tem seeni.
Wodiu kom konto nam wó su banto kana yerane mo.
Ko bá lɛɛne ko vo Baŋa Wɛ wara-jei sem wo.
5Dɛ dem ná tu de yi se á di kuri á zuli Baŋa Wɛ
ne á ya na yeini á ke tei to,
á laam wó ke tetɛ mo?
6Nii-na! Ba ná maŋe ba duri ba jage da yiga ne
se ba lu cham wone,
Ejipti tiina bam ta wó ja-ba.
Ba ta wó suli-ba Memfisi teo wone.
Man-chaŋa wó nwoŋi ka li ba lu-nyenno jejegero tem,
ye sabare de li ba di sem.
7Isarele tiina bam waarem maŋa kam yi ka ti.
Ba laam wó jwoŋi kolo na maŋe de ba lwarem kikia yam to.
Ba taa yei ko ni ne!
Ba boŋe we Wɛ sampwora kam yirisi mo.
Ba ta maa nii nɔn-popore nyem pa o ye chichwoo.
Ba yeini ba yaale Wɛ tontoŋena konto dwoŋi,
ba lwarem kikia na daga
ye ba nankɔɔre de gaale to ŋwaane.
8Sampwora kam nam ye Wɛ tontoŋeno mo.
O tu se o yere Efrayim tiina bam.
O nam ná vei mɛ maama,
ba yeini ba cho o chwoŋa.
O ná maŋe o wo Wɛ diga kam ne,
ba yeini ba chuli‑o mo.
9Ba tiini ba chɔge ba tete de totoŋ-zɔɔna,
ne ba déem na ke tei Gibea ne to.
Wɛ nam wó guli ba lwarem kikia yam,
ye o daare o waare-ba ya ŋwaane.
Baŋa Wɛ maa we:
10“Amo déem na bobo a na Isarele tiina bam to,
ba nye de Vini tio-bia mo na puli ba nwoŋi kagoa wone to.
A na nɛ á nabaara bam to,
ko nye de a nɛ mɔ-lelea na bega kaporo yuu ne to mo.
Ba nam na tu ba yi Baal-Peora jei sem to,
ba ma kwei ba tete ba pa wo-zɔɔne dem konto.
Ba tete laam jigi wo-zɔɔna
se ko maŋe de jwoni delo ba na zuli to.
11Efrayim tiina bam nenɔŋa lage ka jei mo,
ne zuŋa na jaane ka di wɛyuu tei to.
Bu-lore de pu-jara daa bá taa wora ba wone.
12Ba ná maŋe ba lo bia ye ba kɔne-ba,
amo wó pa se ba maama te,
pa se ba wolowolo daa yé daare.
Lɛɛro wó ba ba baŋa,
amo kwaga na wó ya-ba to ŋwaane.
13A nɛ Isarele teo kom na zege te-ywoŋa jei ne tei,
ne Tura teo kom na ye tei to.
Efrayim tiina bam nam jege se ba ja ba bia ba nwoŋi
se nɔɔna mo go-ba.”
14Amo Tu Baŋa Wɛ,
a nam wó lwoori‑m
se n ke-ba tetɛ mo?
Kɔ ba lora kam,
se n daare n pa ba yele na de ko.
Baŋa Wɛ maa we:
15“Giligal ne mo ba maŋe ba bobo ba lwarem kikia yanto.
Mo kokuri a laam chuli-ba.
Amo lage a zeili-ba se ba nwoŋi a tega kam baŋa ne,
ba lwarem totoŋa yam ŋwaane.
A daa bá taa jege ba swono.
Ba nakwa bam maama baare amo kwaga.
16Efrayim tiina bam weele mo.
Ba nye de tei-koro mo na koge ko zege ŋɔɔ
ye ko ba leiri bia to.
Ba nam ná maŋe ba lo,
a wó go ba bu-swonnu tem konto.”
17Amo Wɛ wom wó ve-ba,
de ba na wo sɛ o bera yam to ŋwaane.
Mo kokuri, ba wó taa kare ba beera
dwi-gɛ tiina bam wone.",https://www.bible.com/bible/3661/HOS.9.KBG
HOSEA 10,"1Isarele tiina bam déem nye de Vini tio
kolo kom na leigi tio-bia zɔrɔtɔtɔ to mo.
Ba nam na tiini ba puli dedɛ tei to,
ba kaanem bimbina yam de ye konto mo.
Ba tega kam maa na fɔge ka ke wodiiru lanyerane tei to,
ba kandwa yam ba na chwi ba jege ba zuli to mo
ba fɔge-ya se ya de taa tiini ya lamma.
2Ba ba jege wo-dedoa de Wɛ.
Mo kokuri ba jege se ba ŋwe ba wɛleera yam jene.
Baŋa Wɛ tete wó bwori ba kaanem bimbina yam,
ye o daare o yigi ba jwona kandwa yam o de tega ne.
3Ba nam wó taa ŋɔɔne ba we,
“Dé ba jege pɛ,
Baŋa Wɛ kɔrɔ na tera debam wone to ŋwaane.
Dé nam ya ná jege pɛ,
wonto wó wane o ke bɛ mo o pa debam?”
4Ba ni taane dem konto ye kafɛ mo.
Ba maa tɔge vwa baŋa ne ba gwoni ni
ye ba ta daare ba yiri-de.
Konto ŋwaane, nɔɔna tiini ba jege da-taane,
ne man-chaŋa na li tega tei to.
5Nɔɔna balo na zoore Samaria teo wone to yera sae mo
ye ba wo chɔge de na-mɔra jwoni dem
ba ya na zuli Bɛte-Aven ne to.
Banto de balo na ke kaanem ba pa-de to wó keeri de ŋwaane,
de na wó jei ba tei ne,
dedaane de nenɔŋa kam maama to.
6Nɔɔna wó zeŋe-de ba ja vo Asiria teo kom
se de ji jejegero de pa pa-faro wom.
Isarele dwi tiina bam wó di ba chaveera
de ba na zuli jwoni delo na ye da-kora to.
7Chega to, ba wó kale Samaria tiina bam de ba pɛ wom
ba ja vo jeiga yiga yiga,
ne na-dura na zeŋe da-kwolo ba ja viiri tei to.
8Jei selo Isarele tiina bam na toŋe puseŋa kikia
ye ba zuli jwona zwonnu yuu ne mɛ to
wó ba se chɔge.
Sabare de ga-cheiŋo wó nwoŋi te li bimbina yam maama.
Ba laam wó lwoori peero tem de zwonnu tem we,
te to ba baŋa ne te kwoli-ba.
Baŋa Wɛ wó waare Isarele tiina bam
Baŋa Wɛ maa we:
9“Isarele tiina bam, ko zege maŋa kalo á na ke lwarem Gibea ne to se ko ba ko yi zem,
á yɔɔre á toŋe wɛleera mo maŋa maama.
Ko dae keim dem konto ŋwaane mo
jara déem yi puseŋ-nyena bam Gibea ne na?
10Amo boboŋa yam ná jaane ya ti,
a wó waare nɔn-lwanno tento mo.
Teene dedwonna wó ke ni daane
ba ba ba kwaare jara de-ba.
Ba maa wó vɔ-ba de chegero,
ba na tiini ba tusi ba daŋe da-baŋa ne to ŋwaane.
11Efrayim tiina bam déem nye de na-chwɛ
delo na wae de nɔne mena to mo.
Amo tete laam nam wó daŋe yɔgesa de ba ne,
se a pa de vaŋe naan-vɔrɔ.
Judah dwi tiina bam de jege se ba va!
Jakob dwi tiina bam de wó chɛ tega se ko zo ba yera.
12Nam kwaane-na á chɛ tega,
ye á daare á du chega á pa á tete,
se á wó na swolim á kikia baŋa ne.
Maŋa mo tento se á pipiri á ba amo tei.
Amo Baŋa Wɛ laam wó ke zaane á yuu ne,
ne doa na nena tei to.
13Abam nam na ke tei to,
á dugi lwarem yerane mo,
pa se á na lɛɛro á kikia baŋa ne.
Á na me de vwa fɔm to ŋwaane,
á nɛ nyɔɔre delo na maŋe de vwa to.
Á kwei á chega á daŋe á tete dam baŋa ne,
de á jar-keira na tiini ba daga tei to ŋwaane mo.
14Konto ŋwaane jara wó pɔpɔ ya to á wone,
pa se á dam jei sem maama chɔge.
Ko wó tiini ko zo á yera
ne ko na ke tei dɛ dem Saleman na chɔge
Bɛte-Arabel teo kom to.
Ba déem yigi niina de ba bia
ba de tega ne
ye ba daare ba nɔ-ba ba go.
15Ko ta lage ko ke abam Bɛtel tiina bam konto dwoŋi mo,
de puseŋa kikia yalo abam na ke to ŋwaane.
Dɛ dem konto ná yia,
Isarele tiina pɛ wom wó yɔɔre o te ko nɛ sem ni ne.”",https://www.bible.com/bible/3661/HOS.10.KBG
HOSEA 11,"Baŋa Wɛ jege o nɔɔna swono
1“Amo swoi Isarele ko nwoŋi o biini ne mo.
A ma bwoŋi a bu-swono kom se o nwoŋi Ejipti ne o ba.
2A nam na tiini a kwoori Isarele dwi dem
se de jwoori de ba amo tei to
mo ba yɔɔre ba ma ba kwaga ba ya amo.
A nɔɔna bam ma ke kaanem ba pa Baal jwona yam,
ye ba kwei pɛɛra ba zwɛ ba zuli jwona yadwonna.
3Amo mo taase Efrayim tiina bam pa ba lɔre veiŋa.
A ma ja ba jea se ba taa via.
Ba nam wo maane we ko ye amo mo nii ba baŋa ne.
4A ma tɔge swono wone a korese-ba,
ne a vaŋe-ba de ŋone mo to.
A kwei-ba mo a daŋe a nyɔɔne baŋa ne.
A ma tiiri tega ne a pa-ba wodiu se ba di.
5Ba nam wó jwoori ba vo Ejipti.
Asiria tiina de wó taa tei-ba,
ba na ve se ba pipiri ba jwoori amo tei to ŋwaane.
6Jara wó to ba teene dem wone.
Ba dona wó bwori ba teene dem ni bworru
ba de tega ne.
Jara yam wó yɔɔre ya chɔge a nɔɔna bam,
de ba na tɔge ba tete boboŋa tei to.
7Ba boboŋa jaane se ba ja ba tete ba nwoŋi amo tei ne.
Ba ma lwoori wolim wɛyuu ne.
De ko de, Wɛ bá le-ba ba cham wone.
8Efrayim dwi tiina bam,
a nam wó wane a yage abam mo na?
A bá wane a dɔne a jeŋa Isarele tiina bam baŋa ne.
A bá sɛ se á na chɔgem,
nenɛɛne chɔgem delo na yi Adema de Zeboyiim tei to.
A boboŋa bá pa-ne chwoŋa se a ke konto,
a na tiini a jege abam ŋwaŋa to ŋwaane.
9A bá pa a ban-lom zaŋe á baŋa ne.
A daa bá chɔge Efrayim dwi tiina bam.
Kokuri to, a ye Wɛ mo,
ye a dae nabiinu na ye tei to.
Amo ye Wo-pwoŋo Tu Baŋa Wɛ mo
ye a wo abam tetare ne.
A bá ba á tei de ban-zɔŋɔ.
10Amo Baŋa Wɛ wó suuri ne nywoŋo mo tei,
pa se a bia bam laam ba ba pu amo kwaga.
Chega to, a ná suuri konto dwoŋi,
ba wó zege wɛ-zoore seeni ba ba
ye ba yera sae.
11Ba badwonna wó nwoŋi Ejipti ne ba jwoori amo tei,
ye ba yera sae ne zuna na pipeigi ba vɔna se ba jaane tei to.
Ba badaara wó zege Asiria teo wone ba ba,
ne kunkwon-puli dwoŋi tei.
A laam wó ja-ba a jwoori ba sam
se ba taa wora.”
Baŋa Wɛ na tage tei to mo konto.
Baŋa Wɛ jege taane de Isarele tiina bam
Baŋa Wɛ ta ma ta o we:
12“Efrayim dwi tiina bam jaane vwa mo ba ba amo tei.
Isarele tiina bam maa tiini ba jege-ne ba gana.
Judah tiina bam nam tɔge Wɛ kwaga mo ba kare ba beera.
Ba jege chega de Wo-pwoŋo Tu wom.",https://www.bible.com/bible/3661/HOS.11.KBG
HOSEA 12,"1Efrayim tiina bam ni-wodiu ye vio mo.
Ba maa yeini ba pare vio na nwoŋi wɛ-puli seeni to
se ba kwaane ba ja-ko.
Vwa de puseŋa kikia mo ba jege ba toŋe maŋa maama.
Ba maa jaane ba tete ba vei ba ke ni-sɛɛm de Asiria tiina,
ye ba daare ba ke nuga pipiu de Ejipti tiina.”
2 Baŋa Wɛ ti o yiga mo se o bwɛ Judah tiina bam.
O lage o waare Jakob dwi tiina bam ba totoŋe nɛ ŋwaane mo.
O maa wó jwoori o ŋwe ba tusim kikia yam jene ba yuu ne.
3Jakob ta na wo o nu puga wone to,
o déem zo jaŋa mo de o choro Esawu,
de ba na ye yeywa daane to.
O ta na ke nɔɔno to
mo o dwoni de Wɛ.
4O ma jaŋe de Wɛ maleka kam o wane-ka o di.
O déem keeri mo lanyerane
se o wane o na Wɛ swolim.
Bɛtel ne mo o jeeri de Wɛ,
ye Wɛ de ŋɔɔne ded‑o.
5Paŋwa Tu Baŋa Wɛ wom mo konto.
Baŋa Wɛ mo o yere, de na maŋe de zula!
6Abam nam maŋe se á jwoori á Tu Wɛ wom tei.
Fɔge-na á ta‑á tɔge swono de chega,
ye á jege Baŋa Wɛ teena maŋa maama.
7Á pipiina bam jege bwɛ selo na muri to mo.
Ba maa swoi se ba taa pini ba yeilla bam.
8Efrayim tiina bam maa tɛ ba we,
“Nii-na dé na duni tei!
Dé nɛ jejegero dé pa dé tete!
Dé na toŋe tei maama dé na nyɔɔre to,
nɔɔn-nɔɔno bá na dé tusim se o ma o bwɛ debam.”
9Amo mo ye á Tu Baŋa Wɛ wolo wom na jaane abam
a nwoŋi Ejipti teo kom wone to.
A ta wó pa á jwoori á ta‑á zoore vwoa wone,
ne á déem na zoore tei kagoa kam wone to.
10Amo déem ŋɔɔne de a sampwori sem.
A ma veere wonnu dedɛ a bere-ba.
A tɔge ba baŋa mo
a pa a nɔɔna bam lɔre a boboŋa.
11Puseŋa kikia daga Gilead ne mo na?
Balo na zoore da to nam lage ba jei mo!
Giligal ne ba yeini ba ma nabɛ mo
ba ke kaanem ba pa jwona na?
Ba kaanem bimbina kandwa yam wó sirimi tega ne,
ye ba dogele-ya ba tiŋi ba kare ne.
12Jakob déem duri o vo o zoore Aram ne mo.
O ma toŋe o pa nɔɔno wodwoŋi
se o pa‑o kaane se o di.
O yeini o yere pei mo
se ko taa ye o kaane wom kwora.
13 Baŋa Wɛ déem mo tɔge o sampwora baŋa ne
o jwoŋi Isarele dwi tiina bam o ja o nwoŋi Ejipti ne.
Wɛ ta ma pa se o sampwora kam taa nii ba baŋa ne.
14Efrayim tiina bam nam tiini ba chuchugi Wɛ bane.
Ba jege se ba na waarem ba lwarem kikia ŋwaane mo.
Ba Teiru wom wó jwoori o ŋwe ba wɛleera yam jene ba yuu ne,
ba na yaale‑o tei to ŋwaane.",https://www.bible.com/bible/3661/HOS.12.KBG
HOSEA 13,"Lɛɛro wó yi Isarele tiina bam
1Efrayim yiga tiina bam déem na puri ba ni ba ta taane to,
lwia mo jaane Isarele dwia yadwonna yam,
ba na tiini ba kɔre Efrayim dwi dem to ŋwaane.
Ba nam ke ba tusi de ba na zuli Baal tei to.
Konto mo tei ba maŋe se ba te.
2Ba daa ta tiini ba tusi ba daŋe da-baŋa ne.
Ba yeini ba kwei lu-nyenno mo ba ma mɔ jwona se ba zuli-ya.
Ba maa tɔge ba boboŋa na lage tei to,
ye ba pa se gwaro mo fɔge te ke wonnu tem.
Ba yeini ba ta jwo-kaana bam konto taane ba we,
ba ye balo na kukwori na-mɔre to mo.
3Mo kokuri nɔɔna bam konto bá dáane ye ba jei.
Ba wó taa nye de kunu kolo na tui zezeŋa ne
ye ko jei lela to,
naa nyɔnɔ kolo na toa ye ko ba dáane to mo.
Ba ta wó taa nye de vio na kale swanno telo ko ja viiri to,
naa nyoa na tɔge natwoŋo ka nwoŋi ka kɛ to mo.
4Amo mo ye á Tu Baŋa Wɛ wolo wom na jaane abam
a nwoŋi Ejipti teo kom wone to.
Wɛ dedwoŋi tera á na jege se á lɔre-de
ye ko dae amo.
Jwoŋinu wodwoŋi maa tera ko ná dae amo.
5Abam déem na beeri kagoa wone
mɛ na ye te-kora yerane to,
amo mo nii á baŋa ne.
6A nam na pɛ á kwoa bam wodiu se ba di to,
ba di ba su ba ta daare.
Ba na di ba su konto to,
ba laam ma bere ba tete kamunim,
ye ba swei amo ni ne.
7Mo kokuri a lage a pɔpɔ a ba ba baŋa ne
nenɛɛne nywoŋo dwoŋi tei.
A ta wó che ba chwoŋa,
ne gweeru na peini o che chwoŋa tei to.
8Amo wó zaŋe ba baŋa ne
nenɛɛne nywoŋ-kura kalo ba na vere ka bia ba daare-ka tei to,
ye a daare a kaare ba nyɔɔna.
A ta wó chɔge-ba lela ko nɛ sem ni ne.
A maa wó tore-ba yera yera,
ne nywoŋo na tore vara tei to,
naa kago-varem na yeini o ke tei to.
9Isarele tiina bam, lɛɛro wo á yuu ne!
Nɔɔn-nɔɔno tera o na wó zeini abam.
10Á pɛ wom bɛ?
Wonto wó wane o jwoŋi abam na?
Se balo na ye nakwa á teene dem maama ne to
de wó wane abam ba zeini na?
Abam déem nam lage pwa de nakwa
se ba taa nii abam baŋa ne.
11Amo ban-zɔŋɔ kom baŋa ne mo
a déem tiŋi pɛ a pa abam.
A nam ta daare a le wonto á wone,
a ban-lom na fuli á baŋa ne to ŋwaane.
12Efrayim tiina bam tusim kikia yam mo wo ba yuu ne.
Ba wɛleera yam maama popone ya tiŋi mo,
se ba yɔɔre ba na waarem ya ŋwaane.
13Ko nye de kaane na virigi puga se o lo tei to.
Isarele dwi dem nam nye de bu-chechɔgɔ mo.
Bu wom lora maŋa ná yia,
o bá sɛ se o virigi o ba o nu yiga.
14Amo Baŋa Wɛ nam wó vere-ba toone jeŋa ne a yage na?
Amo wó jwoŋi-ba se ba yé zo churu mo na?
Toone, n dam dem nam daa bɛ?
N daa‑n bá wane n chɔge-ba na?
Amo nam bá duri a nɔɔna bam ŋwaŋa.
15Ba ná maŋe ba puli lanyerane
ba dwoni ba chorro tem tei,
Baŋa Wɛ ta wó pa vo-loŋo nwoŋi wɛ-puli seeni
ko ba ko chɔge-ba.
Vio kom wó zege kagoa kam wone
ko ba ko we ba bwi sem maama.
Ko maa wó pa se ba ga wonnu telo maama na jege lonne te pa-ba to.
16Samaria tiina bam ye se ba na waarem,
ba na nwoŋi ba Tu Wɛ wom kwaga ne to ŋwaane.
Ba dona wó go-ba jara wone.
Ba maa wó yigi ba bu-sese ba de tega ne ba go,
ye ba daare ba lɔ ba kapwi ba pwi seeni ba go.",https://www.bible.com/bible/3661/HOS.13.KBG
HOSEA 14,"Isarele tiina ná leiri ba wo, Wɛ wó yɔɔre-ba.
1Isarele tiina bam, pipiri-na
á jwoori á Tu Baŋa Wɛ wom tei.
Á wɛleera yam mo pɛ se á tiri á to tega ne.
2Kwei-na wɛ-lworo á yi Baŋa Wɛ tei.
Ta-na ded‑o we:
“Yage dé wɛleera yam maama n ma n chɛ debam,
se n ke debam zaane ye n jwoŋi debam.
Dé laam wó zuli nmo yere,
pa se ko ji pɛɛre ko pa nmo,
se ko leiri na-bale sem dé na ma dé ke kaanem to yuu ne.
3Asiria tiina bam bá wane debam ba jwoŋi ba yage.
Dé daa bá di sisein-nɔɔna baŋa dé zo jara wo.
Ko ná ye wonnu telo dé je na mɔɔne to,
dé daa bá kwei-te dé ma ji dé wa dé zuli.
Nmo yerane mo jege yibwona n pae botara.”
Baŋa Wɛ maa we:
4“Amo wó yɔɔre a nɔɔna bam,
de ba na nwoŋi amo kwaga ne to de.
A maa wó taa swoi-ba de a wo maama.
Amo laam peene a bane mo
se de daa yé zaŋe ba baŋa ne.
5Amo wó pa se Isarele tiina bam bochara zuri,
ne doa na zuri te-kora tei to.
Ba wó taa jege nenɔŋa nenɛɛne kantɔgela na ye tei to.
Ba kuri wó ja tega lanyerane,
ne Lebanon laŋa kam tei-ŋonno tei.
6Ba ta wó puli lanyerane,
ne tio na kwi vɔɔro tei to.
Ba lam de Olivi tio lam mo wó taa nye daane.
Ba wó taa jege ywoni,
ne Lebanon teeni lwom na ywomma tei to.
7Ba wó jwoori ba taa zoore amo woro kom kuri ne,
ye ba du mena ba na wodiiru dedɛ.
Ba ŋwea maa wó ke lanyerane,
ne Vini tio na leiri bia dedɛ tei to.
Ba yere de wó zaŋe jei maama ne,
ne Lebanon teo sana bam na jege yere tei to.
8Efrayim tiina bam, amo yiga wo jwona wone na?
Amo mo wó jwoŋi á wara yam,
ye a nii á baŋa ne.
A jege woro a pa abam,
ne tio kolo na kwi vɔɔro maŋa maama to mo.
Á na nɛ wo-laaro telo to nwoŋi amo tei ne mo.”
9Abam wolo maama ná jege boboŋa,
kotu jege se o ni taane dento kuri.
Wolo ná jege yi-poro,
kotu jege se o ke-de o bochare ne.
Baŋa Wɛ chwei sem yɔɔre se ye chega.
Nɔn-ŋona wó taa tɔge-se.
Ko nam ná ye balo na ve Wɛ to,
banto wó chɔɔle ba to se wone.",https://www.bible.com/bible/3661/HOS.14.KBG
JOWELI 1,"1 Baŋa Wɛ mo kwei taane dento o pa Petuweli bu Joweli:
Kayere kɔgɔ na yo tega kam tei to
2Abam balo na ye nakwa to, cheigi-na!
Balo maama de na zoore tega kam wone to,
cheigi-na taane dento.
Abam na zaŋe pa á ŋwe to,
á ta nɛ konto woŋo dwoŋi na ke á yibia ne na?
Á kwoa bam de déem nɛ ko dwoŋi na?
3Ta-na taane dento á bere á bia,
se banto de ta-de se ba de bia ni de ŋwa,
ye banto de daa wó lwoni ba bere ba de bia.
4Kayere kɔgɔ kɔgɔ tu se saŋe da-kwaga ne mo.
Se kɔgɔ kom kodwoŋi na deilimi se daare kolo ye se kɛ to,
mo kayere kɔro telo na saŋe to tu se di maama nyɔ!
5Sa-nyɔra bam, zaŋe-na dɔɔm wone se á ta‑á keera,
kokuri sa-ywoŋo daa tera se á nyɔ.
6Kayere sem nye de jar-keira na mage kɔgɔ tei to mo,
ye se tiini se yo tega kam ni maama ne.
Se tiini se daga,
ye se ta dana se ko gaale.
Se yeila yam di mo filam filam,
nenɛɛne nywoŋo yeila na ye tei to.
7Se yɔɔre se chɔge Vini teeni dem,
dedaane kaporro tem maama.
Se lɔɔre teeni dem kwaga mo,
ye se laam daare teeni dem fem yerane,
pa de zega pwona pwona.
8Ta‑á keeri-na nenɛɛne bukɔ-pwola
kalo na gɛ ka baro to na wó taa keeri o lua tei to.
9Kokuri to, wodiu de sana daa tera
se ba ma ba ke pɛɛra Baŋa Wɛ yiga ne.
Wɛ kaanem tiina bam keeri mo ga bɔge-bɔge
kolo ŋwaane pɛɛra daa tera se ba ma zuli Baŋa Wɛ.
10Kare sem maama chɔge,
ye tega kam baŋa maama ye yiniga mo puna.
Wodiiru tem maama ti.
Sa-ywoŋo ti, ye nuga de daa tera.
11Vala bam, abam de pa se á wo chɔge!
Ta‑á keeri-na se ko zaŋe wɛɛne bɔge bɔge,
kokuri, mena yam maama chɔge.
Faao kom wo jaane kuri.
12Vini teeni dem dedaane kaporro tem maama kwaare kwaare mo te zega.
Teeni dem maama koga pa se de ba leiri bia:
Pomegara teeni, de kaligwonnu,
de konkware sem maama yɔɔre se te mo.
Nɔɔna bam teena maama de ma ti.
Ko ye se nɔɔna bam mo chuli ba wɛleera
13Wɛ kaanem tiina bam,
abam balo na yeini á toŋe Baŋa Wɛ bimbini dem ŋwaane to,
lɛ-na gare-nyenyaaro se á daare á ta‑á keera.
Ko ye se á zo Wɛ diga mo tete ne,
ye á laam keeri se ko taa nii te-pora maŋa,
kokuri wodiiru de sana tera
se á kaane á pa á Tu Wɛ wom.
14Ta-na se nɔɔna bam jeeri ba vɔ ni Wɛ ŋwaane!
Bwoŋi-na ba maama se ba la daane ba zuli Wɛ.
Ko ná ye nakwa bam,
dedaane balo maama na zoore tega kam ne to,
pa-na se ba ba ba jeeri Wɛ diga kam ne,
se ba maama keeri ba jare‑o dáane.
15 Baŋa Wɛ dɛ-kamunu kom tiini ko bwola dedɛ!
De ná yia,
ko wó taa ye Dam-fɔrɔ Tu Wɛ wom mo pɛ se chɔgem ba.
Dɛ dem wó tiini de taa ye lɛɛro na!
16Dé yɔɔre dé zege dé nii mo,
ye dé wodiiru jege te chɔga.
Debam Tu Wɛ zula diga kam ywoni maama ti.
17Wo-dwa bam maama maŋe tega ne mo ba pɔ.
Dé tuli sem maama laam chɔge mo se zega,
wodiu na tera se dé tiŋi to ŋwaane.
18Vara bam maama keeri kana mo.
Ba maa beeri yɔɔ yerane, ba tɔge wodiu kwaga.
Bone de pei sem maama yɔɔre se yaare mo.
19 Baŋa Wɛ, amo nam wó keeri a jare nmo mo!
Kokuri to, ko nye de mini mo zwɛ gaao maama kula!
Teeni dem maama de maa kwaare de zega.
20Kago-vara tete de keeri mo ba jare nmo,
kokuri to, bwi sem koge mo
ye na daa tera se ba nyɔ.
Chega to, mini zwɛ gaao kom maama mo kula!",https://www.bible.com/bible/3661/JOL.1.KBG
JOWELI 2,"Kayere kɔgɔ na bere Baŋa Wɛ dɛ-kamunu kom tei to
1Zaŋe-na á wu tigura nabɔnɔ kom,
se ko sɔɔ kom zaŋe Wɛ tete peo Zion yuu ne.
Ko ye se foone tiini de ja balo maama na zoore tega kam baŋa ne to,
kokuri to, Baŋa Wɛ dɛ-kamunu kom lage de yi lela mo.
De tiini de bwola dedɛ.
2Dento dɛ dem wó taa ye lim yerane mo.
Kunkwonnu tem wó zwori
te li tega kam maama!
Kokuri to, nɔn-kɔgɔ dedɛ mo maa beena,
ye ba kwoli zwonnu laŋa kam maama.
Ko zege faŋa faŋa, lɛɛro konto dwoŋi ta wo yi logo kom,
ye ko dwoŋi de nam ta bá fɔge ko ke.
3Ba nye de min-vogo na di yiga de kwaga maama tei to mo.
Ba yiga ne to, tega kam nye de Eden telaao kom mo.
Ba kwaga seeni to, ka maa nye de kagoa wo kasolo kom.
Kolokolo bá wane ko lu ba tei ne.
4Ba ta nye de sisein-nɔɔna mo,
ye ba yɔɔre ba duri lela,
nenɛɛne sisei selo ba na ma ba ke jara to.
5Ba na diini peero tem yupara to,
ba tiini ba duri dedɛ.
Ba sɔɔ kom nye de sisei-torokooro sɔɔ mo.
Ba nɛ sem na dɔne tei to
nye de mini na yeini de zwɛ ga-korro
pa ko dɔne tei to mo.
Ba ta saŋe da-kwaga mo
nenɛɛne jar-keira na lage se ba ke jara tei.
6Nɔɔna dwi maama ná nɛ-ba,
foone mo yeini de tiini de zo-ba,
ye ba yiga maama nyɔne!
7Nɔɔna bam ná yi mɛ maama,
ba yeini ba yɔɔre yiga kam mo
nenɛɛne bembɛ na kwaare jara tei to.
Ba ta wae ba faŋe ba gaale kabiri sem
ba zoore teene dem ba jaana.
Ba maama tɔge ba chwoŋa mo,
ye ba ba fɔge ba ywori ba daare-ka.
8Ba ba yeini ba peene daane.
Nɔɔno maama tɔge o chwoŋa mo.
Kolokolo ware ba yiga se ko che,
ko ná maŋe ko ye chichwoa de chena maama de.
9Ba ná yi teo kolo maama,
ba wó meeli-ko mo,
ye ba dɔɔle ko kabiri sem baŋa ne.
Ba maa yeini ba ŋɔ ba zo ko di sem wone,
nenɛɛne ŋweena na ke tei to.
10Tega kam baŋa maa ziziŋi ba yiga ne.
Wɛyuu kom de maa sua.
Wea kam de chana kam maama ma ji lim.
Chalechwe sem pwooni de daa maa tera.
11 Baŋa Wɛ di o jar-keira bam yiga.
O kwora kam maa tiini ka zaŋa de baare!
Ko ná ye kɔ-fɔrɔ kolo na tɔge o kwaga ye ba sɛ o ni to,
n bá‑n wane n jeeli n lɔre ba ni.
Baŋa Wɛ dɛ-kamunu kom jege foone dedɛ!
Wɔ mo wó wane o zege de wone?
Leiri-na á bochara yam
12 Baŋa Wɛ nam tage tento mo o we:
“De konto maama, maŋa ta wo kɛ.
Jwoori-na á ba amo tei ne dedaane á wo maama.
Ta‑á vɔ-na á nia ye á keera,
se á ba amo yiga ne de á wo-chechɔgɔ.
13Pa-na se á wom tem seene te chɔge,
ye ko dae á na vaŋe á gwaaro á kaare kaare tei to yerane.”
Jwoori-na á Tu Baŋa Wɛ wom tei,
kokuri to o zaane dem gaale,
ye o jege nɔɔna yibwona.
O maa yeini o peene o bane,
ye o swono gaale.
O ba swoi se o taa toŋe waarem nɔɔna baŋa ne.
14Wɔ mo wó wane o lɔre?
Dɛ delo abam Tu Baŋa Wɛ wom wó leiri o boboŋa,
se o daare o duri abam ŋwaŋa,
ye o ke zaane á yuu ne.
Abam laam maa wó neene de wodiiru dedaane sana,
se á ma‑á ke kaanem á pa Baŋa Wɛ.
15Wu-na nabɔnɔ kom Zion peo kom yuu ne.
Ta-na se nɔɔna bam jeeri ba vɔ ni Wɛ ŋwaane!
Bwoŋi-na ba maama se ba la daane ba zuli Wɛ.
16Pa-na se á kɔgɔ kom maama kwɛ ba tete Wɛ ŋwaane,
se ba daare ba jeeri Wɛ yiga ne.
Bwoŋi-na nɔn-kwe se ba nwoŋi ba ba,
ko ta woli de bia de bu-sese selo ta na ŋɔge ba niina yela to de.
Baaro de kaane wolo na zo daane leile to de wó yage ba bwoŋ-yeila dim mo,
ye ba daare ba nwoŋi ba di sem ne
ye ba da ba jeeri dáane.
17Se ko ná ye kaanem tiina bam na toŋe ba pae Baŋa Wɛ to,
banto ye se ba zo Wɛ diga kam ne mo.
Ba laam maa wó taa zege diga kam ni dem dedaane kaanem bimbini dem tetare laŋa ne mo,
ba keera ye ba lwoori Wɛ ba we:
“Amo Tu Baŋa Wɛ, duri n nɔɔna bam ŋwaŋa se n yé waare-ba.
Yé sɛ se dwi-gɛ tiina bam taa jege n nɔɔna bam ba twea,
ye ba mɔne-ba se ba taa tɛ ba we, ‘Abam Wɛ dem nam bɛ?’ ”
Baŋa Wɛ jwoori o ke zaane ba yuu ne
18 Baŋa Wɛ nam bere we o yiga wo o tega kam wone mo.
O ma duri o nɔɔna bam ŋwaŋa.
19O ma leiri-ba o ta o we,
“A lage a pa á na wodiiru mo, de sa-ywoŋo, dedaane nuga.
Abam laam ma‑á wó di á boboŋa á su.
Amo daa bá sɛ se dwi-gɛ tiina bam taa ke abam ba mɔna.
20Ko ná ye nɔn-kɔgɔ kolo na nwoŋi baŋa seeni ko ba á baŋa ne to,
amo wó zeili-ba a ja vo a yage kagoa yuu ne,
se ba daa yé daane abam.
A lage a kale balo na wo kɔgɔ kom yiga ne ba maa vei to
a ja vo se ba to Yɛ naneo kom wone mo.
Ko ta ná ye balo na maŋe kwaga ne ba vei to,
a lage a ja-ba a vo se ba to Mediterania naneo kom ne mo.
Ba kɔgɔ kom laam maa wó pɔ,
se ba lwom taa zaŋe jei maama ne.”
Baŋa Wɛ seene o toŋe wo-kenkagela!
21Tega kam yé taa kɔre foone
se ka daare ka taa chake de wopwolo.
Chega to, Baŋa Wɛ seene o toŋe wo-kenkagela!
22Kago-vara bam de yé taa kɔre foone,
kokuri pwola kam maama su mo dedaane ga-lɛɛro.
Teeni dem de maa lei bia zwase!
Mɔɔro dedaane Vini tio-bia wora mo yɔɔ!
23Zion tiina bam, ta‑á jege-na wopwolo!
Ta‑á di-na ywoni dedaane Baŋa Wɛ na ke kolo o pa abam to.
Kokuri, wonto mo tɔge o zaane dem baŋa ne
o pa se doa taa nena dedɛ ka pa abam.
O ma pa abam duum doa, de faao ni doa kam de
se ko maŋe dedaane o ya na yeini o ke tei to mo.
24Mena ferem jei sem lage se su dedaane wodiiru mo,
se sana de nuga de taa daga se gaale.
Baŋa Wɛ mo we:
25“A nam wó jwoori a ŋwe á wodiiru telo kayere sem ya na chɔge
bena yalo wone se kɔgɔ de kɔgɔ na tu abam baŋa ne to.
Ko ye amo mo déem toŋe-se abam tetare ne,
ne jar-keira tei.
26Abam laam wó ta‑á di á sui,
á wodiiru na wó gaale to ŋwaane.
Abam laam maa wó seini á Tu Baŋa Wɛ wom yere,
de amo na toŋe wo-kenkagela a pa abam tei to.
Amo nɔɔna bam daa bá di ba chaveera.
27Abam Isarele tiina bam laam wó lɔre we amo mo wo abam tetare ne.
Amo mo ye abam Tu Baŋa Wɛ wom,
ye wɛ dedwoŋi daa tera se de dwoni de amo.
Chega to, a nɔɔna bam daa bá di ba chaveera.”
Baŋa Wɛ dɛ-kamunu kom taane
28“Ko maama kwaga ne,
amo wó lwo a Jworo nabiina maama baŋa ne.
Konto nam wó pa se á bu-baara de á bukwa taa pworisi amo kwora kam,
se á nɔn-kwe de dwɛ dendwea amo ŋwaane,
ko daare se abam nɔn-donno na wo-kenkagela yalo a na wó veere a bere-ba to.
29Chega to, da yam konto ne a lage a lwo a Jworo mo a tontoŋena baŋa ne,
baara de kaana de.
30Amo ta wó pa se wo-kenkagela taa nae wɛyuu ne
dedaane tega baŋa ne.
Kanto maŋa kam ne jana wó taa wora, de mini,
de nyoa kalo na tiini ka zwora to.
31Wea kam wó ba ka vaŋe ka li lim,
ye chana kam de ji nasoŋo ne jana tei.
Ko laam daare se Baŋa Wɛ dɛ-kamunu kom ba ko yi,
se o nenɔŋa kam de bere jaja.
32Dɛ dem konto ne,
wolo maama na wó bwoŋi Baŋa Wɛ yere
o ma lwoori zeinim to wó na verem.
Zion peo kom yuu ne de Jerusalem teo kom maama wone mo
nɔɔna badaara wó lu cham dem wone,
ne Baŋa Wɛ na maŋe o ta tei to.
Ko ná ye balo na wó wori to,
balo Baŋa Wɛ na bwoŋi se ba taa ye o nyem to
wó taa wo ba wone.”",https://www.bible.com/bible/3661/JOL.2.KBG
JOWELI 3,"Baŋa Wɛ wó bore dwi tiina maama taane
1“Nii-na! Maŋa kam konto ne,
amo wó pa se Jerusalem de Judah tiina bam
jwoori ba taa jege yu-ywoŋo lanyerane.
2Amo wó pa se dwi-gɛ tiina bam maama ba
ba jeeri bwolo kolo ba na bwoi we ‘Jehosafate bwolo’ to ne.
Ba ná tu ba wora, a laam wó di ba taane,
de ba na ke amo nɔɔna Isarele tiina bam tei to.
Kolo ŋwaane ba ya jaane-ba
ba jage ba vo teene dedwonna ne,
ye ba daare ba jwoŋi ba tega kam ba tei.
3 Dwi-gɛ tiina bam tage jɔrɔ mo a nɔɔna bam ŋwaane
se ba nii wɔ mo wó jwoŋi-ba.
Ba ma yeini ba kwei bakeiri sem
ba yeigi ba ma tɔge ka-bworo kwaga,
ye ba daare ba kwei busankane sem ba yeigi
se ba jwoŋi sana ba taa nyɔa.
4Tura tiina, de Sidon tiina, dedaane Filisi tiina na wo jei selo maama ne to, abam boŋe se á ke amo tetɛ mo? Á lage se á yiri á jene mo amo baŋa ne na? Konto nam ná ye á boboŋe dem, lɔre-na we amo wó ke lela a jwoori a ŋwe kolo á na ke amo baŋa ne to. 5Abam vere lu-nyenno de sabu-seŋa jejegero tem na ye amo tete lonne nyem to á ja á vo á tiŋi á jwona di sem wone. 6Abam ta ma kwei Jerusalem de Judah tiina bam á ja á vo á yeigi á pa Girisi tiina. Á ke konto se ba vo yiga yiga mo ba daare ba tete teo kom se á ta‑á tei.
7Nam nii-na! Amo laam lage a jwoori a ja a nɔɔna bam mo se ba nwoŋi jei selo maama ne á na yeigi-ba to a ja a ba sɔŋɔ. A ta maa wó pipiri kolo á na toŋe ba baŋa ne to, se ko jwoori ko ba abam tete yuu ne. 8A lage a kwei abam bia mo a yeigi a pa Judah tiina bam. Banto laam wó kwei á bia bam ba yeigi ba pa Sabea tiina bam na zoore sa-teo ne yiga yiga to.”
Baŋa Wɛ mo tage tento maama.
9Tɔɔle-na kwora kanto se ka yi dwi tiina maama:
“Ti-na á yiga jara-keim ŋwaane!
Bwoŋi-na á babɛ sem de á jar-keira bam maama
se ba zaŋe ba la daane,
ba daare ba vo ba kwaare jara de ba dona bam.
10Kwei-na á vaane dem se á ma‑á lu jara-keim se-zɔɔro,
se á kwei á lare sem á pa se ji chichwoa.
Pa-na se nabwonu maama taa tɛ we, ‘A ye babea!’
11Dwi maama tiina, ke-na lela á nwoŋi á teene dem ne
á ba á jeeri tento se á ke jara!”
Baŋa Wɛ, nmo de ja n jar-keira bam n nwoŋi n jeeri!
12Dwi-gɛ tiina bam maama jege se ba zaŋe
ba vo ba jeeri Jehosafate bwolo kom ne mo.
Dáane mo amo Baŋa Wɛ lage a jeini
a di dwi-gɛ tiina balo maama na gilimi abam to taane.
13Nɔn-balwaaro tem maŋa yia se ba na chɔgem!
Konto to, kwei-na á sekware
á ja á zo ba wone á ma á gaane-ba,
nenɛɛne ba na yeini ba gwei mena yalo na bege tei to.
Nam ta nɔne-na ba baŋa ne,
nenɛɛne ba na ke tei ba ŋoke Vini tio-bia to.
Maŋa kam yia! Sana bam su ba wɛɛle!
14Nɔn-kɔgɔ mo jeeri Bora Borem bwolo kom ne,
kɔgɔ kolo na tiini ko gaale dedɛ to.
Chega to, Baŋa Wɛ dɛ-kamunu kom lage de ba lela mo,
se o bore ba bora dáane.
15Wea kam dedaane chana kam maama wó ji lim.
Chalechwe sem pwooni de daa bá taa nyeena.
16 Baŋa Wɛ kwora mo zaŋe Zion peo kom yuu ne ka suura.
O kwor-dɛa maa bage Jerusalem teo kom wone,
pa se tega baŋa dedaane wɛyuu maama ziziŋi.
Ko nam ná ye o tete nɔɔna Isarele tiina bam,
Baŋa Wɛ mo ye ba dalem jei,
se ba sale o yera ne.
Baŋa Wɛ wó swɛ o nɔɔna bam swolim
Baŋa Wɛ ma ta o we:
17“Abam Isarele tiina bam laam wó lɔre we amo mo ye á Tu Baŋa Wɛ wom.
A maa zoore a tete peo Zion yuu ne mo.
Amo ta ma pɔɔre Jerusalem se ko taa ye a tete teo kom.
Veira daa bá wane-ko ba di maŋa de maŋa.
18Maŋa kam konto ná yia,
Vini teeni delo á na wó jeiri peero jei sem ne to
wó pa á na sa-sona dedɛ.
Á vara de maa wó puli ba su zwonnu laŋa kam maama,
pa se nayela de gaale.
Judah wo bwi sem maama de maa wó su se wɛɛle.
Bu-nɔgɔ wó zege Baŋa Wɛ diga kam ne
ka duri ka vo ka yi Sitim bwolo kom ka bugi tega kam.
19Ejipti teo kom nam lage ko ji di-dwonnu jei mo,
se Edom de taa ye kagoa yerane.
Kokuri ba déem tiini ba toŋe puseŋa Judah tiina bam yera ne.
Ba ma zo ba tega kam ba go balo na wo maŋe se ba te to.
20Ko nam ná ye Jerusalem teo kom dedaane Judah laŋa kam maama,
nɔɔna wó taa zoore da maŋa maama mo se ko taa vei wuu.
21Amo laam maa wó jwoori a ŋwe nɔn-gora tusim dem jene,
amo na wo ŋwe-de to ŋwaane.
Chega to, amo Baŋa Wɛ zoore Zion wone.”",https://www.bible.com/bible/3661/JOL.3.KBG
AMOSI 1,"1Amo Amosi ye nayero mo na nwoŋi Tekoa, ye a laam bere taane dento. Yuzia déem na ye Judah teo pɛ, ye Jehoasa bu Jeroboam de ye Isarele tiina pɛ, ye ko daare bena yalei se tega kam ziziŋi to mo Wɛ le wonnu tento ya na seigi to o bere-ne.
2Amosi ma ta o we:
“Baŋa Wɛ kwora mo zaŋe Zion peo kom yuu ne ka suura.
O kwor-dɛa maa bage Jerusalem teo kom wone.
Ga-lɛɛro tem nayera na kale ba vara ba vei mɛ to wora te kora.
Kamele peo kom gaao de ma kwaare.”
Damasika tiina taane
3 Baŋa Wɛ ni dem mo tento:
“Damasika nɔɔna bam yeini ba tiini ba ke wɛleera ba daŋe da-baŋa ne.
Konto ŋwaane amo wó yɔɔre a waare-ba.
Ba nɔne Gilead tiina bam mo
pa se ba twanno peere.
4Konto ŋwaane amo wó ke-ba tento:
Amo wó pa se mini zwɛ Pɛ Hazayeli
na lɔge sɔ-fɔrɔ kolo to,
se a daare a zwɛ Pɛ Ben-Hadadi
dam jei sem.
5Amo wó chɔge Damasika teo
ni bworru tem,
se a daare a go ko nɔn-bia bam
a vo a yi Aven bwolo kom.
Ko ta ná ye pɛ wolo na di paare Bɛte-Eden teo kom ne to,
amo wó zeili‑o mo pa se o lage jei.
Amo ta wó pa ba kale
Siria tiina bam
ba ja ba vo Kiri teo
se ba ji peena da.”
Baŋa Wɛ mo tage konto.
Filisi tiina taane
6 Baŋa Wɛ ni dem mo tento:
“Gaza teo kom nɔɔna yeini ba tiini ba ke wɛleera ba daŋe da-baŋa ne.
Konto ŋwaane amo wó yɔɔre a waare-ba.
Ba jaane teo kodwoŋi nɔn-bia maama
ba kale-ba ba vo ba ke
Edom tiina jeŋa ne.
7Konto ŋwaane amo wó ke-ba tento:
Amo wó pa se mini ja Gaza teo kom,
ye de zwɛ ko dam jei sem.
8Ko ná ye Asedodi teo kom
nɔn-bia bam,
de wolo na di paare
Asekelon teo kom ne to,
amo wó chɔge-ba,
se a daare a ma a dam-fɔrɔ
a waare Ekoron teo kom tiina.
Filisi tiina balo maama na daare to maa wó te.”
Yuu-tu Baŋa Wɛ mo tage konto.
Tura tiina taane
9 Baŋa Wɛ ni dem mo tento:
“Tura teo kom nɔɔna yeini ba tiini ba ke wɛleera ba daŋe da-baŋa ne.
Konto ŋwaane amo wó yɔɔre a waare-ba.
Ba jaane teo kodwoŋi
nɔn-bia maama mo
ba kale ba vo ba ke
Edom tiina jeŋa ne.
Konto to, ba yage ba ni-gwonim dem ba ya na ke de teo kom konto to.
10Konto ŋwaane amo wó ke-ba tento:
Amo wó pa se mini di Tura teo kom,
ye de zwɛ ko dam jei sem mo.”
Edom tiina taane
11 Baŋa Wɛ ni dem mo tento:
“Edom nɔɔna bam yeini ba tiini ba ke wɛleera ba daŋe da-baŋa ne.
Konto ŋwaane amo wó yɔɔre a waare-ba.
Ba zeili ba chorro tem mo se ba go.
Ba maa ba jege ba ŋwaŋa
de fenfee de,
ye ba wo pɛ se ba ban-zɔŋɔ kom zuri.
12Konto ŋwaane amo wó ke-ba tento:
Amo wó pa se mini ja
Teman teo kom maama,
ye de zwɛ Bozera dam jei sem.”
Amon tiina taane
13 Baŋa Wɛ ni dem mo tento:
“Amon teo kom nɔɔna yeini ba tiini ba ke wɛleera ba daŋe da-baŋa ne.
Konto ŋwaane amo wó yɔɔre a waare-ba.
Ba na beeri tega se ba woli ba tega wone ye ba kwaare jara to,
mo ba lɔge Gilead kapwi sem
ba pwi seeni ba go-se.
14Konto ŋwaane amo wó ke-ba tento:
Amo wó pa se mini ja Raba teo kom,
ye de zwɛ ko dam jei sem.
Nɔɔna laam maa wó kaase tiguri-kaasa jara dɛ dem konto ne.
Jara yam maa wó tiini ya ba
ba baŋa ne,
nenɛɛne vo-dɛɔ na chɔge wonnu tei to.
15Amo ta wó pa se ba ja Amon
teo kom pɛ de o nakwa bam
ba kale ba vo teene dedwonna ne
se ba ji peena da.”
Baŋa Wɛ mo tage konto.",https://www.bible.com/bible/3661/AMO.1.KBG
AMOSI 2,"Moaba tiina taane
1 Baŋa Wɛ ni dem mo tento:
“Moaba teo kom nɔɔna yeini ba tiini ba ke wɛleera ba daŋe da-baŋa ne.
Konto ŋwaane amo wó yɔɔre a waare-ba.
Ba yaale Edom teo pɛ
de ba na puri o yibeeli dem,
ye ba ta zwɛ o kwi
pa se ji tentwarem to.
2Konto ŋwaane amo wó ke-ba tento:
Amo wó pa se mini ja
Moaba teo kom maama
ye de daare de zwɛ
Keriofa dam jei sem.
Jar-keira bam ta na wora
ba kaase tiguri-kaasa,
ye ba wu nabwanno to,
mo Moaba tiina bam wó te
jara wone.
3Amo wó ba a go Moaba tiina
pɛ wom
de ba teo kom dedɛɛra maama.”
Baŋa Wɛ mo tage konto.
Judah tiina taane
4 Baŋa Wɛ ni dem mo tento:
“Judah tiina bam tiini ba ke wɛleera ba daŋe da-baŋa ne.
Konto ŋwaane amo wó yɔɔre a waare-ba.
Ba gwooni amo Baŋa Wɛ berem dem
ye ba wo sɛ a nia yam.
Ba tɔge wa yalo ba nabaara
déem na tɔge to,
ye ya gane-ba pa se ba ywori
amo chwoŋa kam ne.
5Konto ŋwaane amo wó ke-ba tento:
Amo wó pa se mini ja
Judah teene dem
ye de zwɛ Jerusalem dam jei sem.”
Isarele tiina taane
6 Baŋa Wɛ ni dem mo tento:
“Se abam, Isarele tiina bam, á yeini á tiini á ke wɛleera á daŋe da-baŋa ne.
Konto ŋwaane amo wó yɔɔre a waare abam.
Jena ŋwaane mo Isarele tiina
jege nɔn-ŋona ba yeiga,
pa se ba ji kabɛ.
Ba ta ma yeigi nabwona balo
na ware ba naga natera jena
ba ŋwe to.
7Ba ta nii yiniga tiina mo
se ba taa ye kafɛ,
nenɛɛne nɔɔna na nɔne
tega kasolo baŋa ne tei to.
Ba maa yeini ba che nabwona chwoŋa
se ba yé na ba bora.
Nɔɔno de o kwo sɛ se ba peini
de kaba-kana dedoa,
ye ba yaale amo yere dem
na ye wose to.
8Nɔɔna maa fe nabwona
pa ba kwei ba gwaaro
ba ma tiŋi daare jena ŋwaane.
Ba maa tigi te baŋa ne jei selo
ba na zuli ba wɛ da to.
Ba wɛ dem sɔŋɔ kom ne mo
ba yeini ba nyɔ sana.
Ko maa ye sabu-jena yalo
ba na jwoŋi to mo
ba mae ba yeigi sana bam konto.
9Nii-na, Isarele tiina bam!
Abam ŋwaane mo amo déem zeili Amori tiina bam.
Banto ya ye nɔn-sawaara mo,
ye ba ta dana,
nenɛɛne tei-kamunnu na ye tei to.
A ma yɔɔre a chɔge-ba,
nenɛɛne nɔɔno na guri tio
de ko bonno maama tei to.
10Amo déem ya jaane abam
a nwoŋi Ejipti teo kom ne,
ye a kwei bena finna a to á yiga ne,
pa se dé vei kagoa kam wone.
A laam ma kwei Amori tiina
tega kanto a pa abam,
se ka taa ye á tete nyem.
11A ma daare a kuri
abam nɔn-donno tem wone
se ba badwonna taa ye sampwori
ba pa-ne,
se ba badaara de taa ye Naziri tiina na pɔɔre ba tete
amo ŋwaane to.
Isarele tiina bam, ko dae konto na?
Ko ye amo Baŋa Wɛ mo ŋɔɔna.
12Abam nam soge Naziri tiina bam
pa ba nyɔ sana.
Á ma kwori á fe amo sampwori sem se ba pu ba ni
de amo kwora kam.
13Konto ŋwaane amo nam wó ke abam tento:
Amo wó ba a nɔne abam
a ke a naga kuri ne,
ne toroko na zeŋe mena dedɛ
ye ko nɔne tega ko moore tei to.
14Balo na wae ba duri lela to bá lu.
Dedɛɛra dam wó jei.
Babɛ de bá wane ba vere ba tete
ba yage.
15Che-tara wó chichei ba ga.
Balo na wae ba duri chekke to
bá wane ba duri ba lu.
Nɔɔna balo na diini sisein-nɔɔna to de bá wane ba vere ba tete
ba yage.
16Dɛ dem konto ne, babɛ wó de
ba jara zela ba yage,
ye ba daare ba duri se ba lu.”
Baŋa Wɛ mo tage konto.",https://www.bible.com/bible/3661/AMO.2.KBG
AMOSI 3,"Isarele tiina maŋe waarem
1Isarele dwi tiina bam, cheigi-na taane delo Baŋa Wɛ na jege se o ta to. Ko ye taane delo o na ŋɔɔne o pa abam dwi dem maama o na kale o ja nwoŋi Ejipti teo ne to mo. O maa we:
2“Amo kuri abam yerane mo a le dwi maama na wo logo baŋa ne to wone, ye a nii á baŋa ne. Konto ŋwaane mo amo jege se a waare abam á keim-lwanno tem ŋwaane.”
3Nɔɔna balei wó taa vei daane ye ba wo ŋɔɔne ba maŋe daane na?
4Nywoŋo ná wo zi woŋo, ko wó suuri gaao ne na?
Nywoŋo-balaŋa ná wo jaane woŋo, ko wó taa ŋuuri ko tiga jei ne na?
5Nɔɔno ná wo chege kalanchogo o tiŋi, ko wó wane zuŋa ko ja na?
Kalanchogo nam wae ko pɔpɔ ko faŋe wɛɛne ye kolokolo tera se ko ja na?
6Ba ná wugi tigura nabɔnɔ teo wone, foone bá ja nɔɔna bam na?
Baŋa Wɛ ná wo pɛ chwoŋa, chɔgem wó wane de ba teo wone na?
7Ko ye chega mo, Yuu-tu Baŋa Wɛ bá ke woŋo ye o wo le o boboŋe dem konto o bere o tontoŋena balo na ye o sampwori to.
8Nywoŋo nam seene ko suuri! Wɔ mo bá taa kɔre foone?
Yuu-tu Baŋa Wɛ nam ŋɔɔne ja! Wɔ mo wó ve se o tɔɔle o taane dem?
Samaria teo chɔgem
9Nam tɔɔle-na kwora se ka yi balo na zoore Ejipti de Asedodi sɔ-fwaaro tem wone to we, “Jeeri-na daane Samaria peero tem yuu ne se á nii á lɔre wo-yɔɔro de lwarem delo Isarele tiina bam na ke ba pa daane to.” 10Yuu-tu Baŋa Wɛ ma ta o we, “Nɔɔna banto yeiri chega chwoŋa tɔgem. Ba yeini ba vere nɔɔna wonnu de dam ba vei ba sui ba sɔ-fwaaro tem. 11Konto ŋwaane ba dona wó ba ba gilimi ba teo kom pa se ba chɔge ba dam jei sem ye ba vere ba jejegero ba sɔ-fwaaro tem wone.”
12 Baŋa Wɛ ni dem mo tento:
“Nywoŋo ná jaane pia se ko di, nayero wó kwaane se o jwoŋi pia kam ko ni ne, ko ná maŋe ko ye ka nɛ selei de ka zwa chichworo yerane de. Ko nam ye bedwe mo de Isarele tiina balo na zoore Samaria wone to. Ba ná maŋe ba na verem, ba jejegero fenfee yerane mo wó daare, nenɛɛne jangɔŋɔ naga chichworo naa pulu na zareme tei to.”
13Paŋwa Tu Baŋa Wɛ maa we:
“Cheigi-na, se á kaane Jakob dwi tiina bam we: 14Dɛ dem amo na wó waare Isarele tiina bam ba wɛleera yam ŋwaane to, amo wó chɔge Bɛtel kaanem bimbina yam ye a pa se ya nyea yam maama bwori ya to tega ne. 15Amo wó yɔɔre a chɔge ba sam dem maama. Ko ná ye sɔŋɔ kolo ba na lɔge teo kamunu wone naa teo balaŋa wone to, de kolo ba na kwei tuu yeila ba ma kwɛ to de, amo wó chochoge ba sɔ-fwaaro tem maama.”
Baŋa Wɛ mo tage konto.",https://www.bible.com/bible/3661/AMO.3.KBG
AMOSI 4,"1Cheigi-na a taane dem, abam kaana balo na nwoŋi Samaria to. Á na nugi tei to nye de Basan naane dem mo. Abam yeini á daane nabwona, ye á bɛɛse yiniga tiina. Á ta daare á fe á banna se ba pa abam sana se á nyɔ á su.
2Yuu-tu Baŋa Wɛ na ye wose to nam dugi de o tete mo o we:
“Maŋa lage ka yi se nɔɔna zi abam ba vaŋe á momwa ba ja kɛ. Ba wó vaŋe á maama ba ja kɛ ne ba na mɛ gwoli ba ja ywona tei to. 3Ba wó le abam á sam dem ne ba ja tɔge kabiri sem na bwori mɛ to laŋa ne ba kɛ ba de abam ba yage Haremon seeni.”
Baŋa Wɛ mo tage konto.
Isarele tiina na yeini ba ve Wɛ ni dem tei to
4“Nam ta‑á tui-na Bɛtel se á ve Wɛ ni! Véi-na Giligal de, se á ve Wɛ ni á daŋe da-baŋa ne! Kwaane-na á ta‑á zuli Wɛ ne á na lage se á ke tei to. Á lage se á kwei á vara á ma á kaane á pa Wɛ zezeŋa maama. Á lage se á ja á Wɛ-teiri pɛɛra yam á ba á pa Wɛ da yatɔ maama. 5Kwei-na bworobworo á ja á ba se á pa Wɛ se ko taa ye abam lei keim. Ko daare á wo-ywoŋo pɛɛra yam, á jege se á mage á nyɔɔna ya ŋwaane se nɔɔna maama lɔre á na ke tei to. Wonnu telo abam Isarele tiina bam na lage se á ta‑á ke to mo konto.”
Yuu-tu Baŋa Wɛ mo tage konto.
6“Amo nam mo pɛ se kana zo á teene dem maama wone. De ko de, á ta ba sɛ se á jwoori amo tei.”
Baŋa Wɛ mo tage konto.
7“Chane setɔ ta na daare se á pe á wodiiru to, amo pɛ se doa wo nege ye á wodiiru chɔge. Amo pɛ doa ne teo dedoa ne ye ka wo nege kodwoŋi ne. Ka ta nege kara dedoa ne ye kadwoŋi mena kwaare kwaare. 8Nɔɔna ma nwoŋi ba teo wone ba kare teene dedwonna ba lage na se ba nyɔ, ye na bam wo yi ba nyɔɔm. Abam nam ta ba sɛ se á jwoori amo tei.”
Baŋa Wɛ mo tage konto.
9“Amo ta pɛ se jaweero ba te chɔge abam kare sem wodiiru. Kayere maa yeini se di á teeni maama, pa se á kaporro tem de á Olivi tio-bia de á Vini tio-bia bam maama chɔge. Abam nam ta ba sɛ se á jwoori amo tei.”
Baŋa Wɛ mo tage konto.
10“Amo pɛ jawe-chɛɛro ba abam baŋa, ne amo déem na ke tei a ma a chɔge Ejipti tiina bam faŋa faŋa to. Amo pɛ á nɔn-donno te jara wone, ye nɔɔna kale á sisein-nɔɔna bam maama ba ja ba viiri. Twa yera lwom ma zaŋe de su á na tigi mɛ maama to. Abam nam ta ba sɛ se á jwoori amo tei.”
Baŋa Wɛ mo tage konto.
11“Amo chɔge abam badwonna ne a na chɔge Sodom de Gomora tiina tei to. Abam balo na daare ye á wori to déem jwoŋi á ŋwea ne daa kalo na jaane mini ye ba le-ka de wone tei to. Abam nam ta ba sɛ se á jwoori amo tei.”
Baŋa Wɛ mo tage konto.
12“Isarele tiina bam, nam lɔre-na we amo lage a waare abam konto dwoŋi mo. Amo nam na lage a toŋe konto á yera ne to ŋwaane, ti-na á yiga se á ba á zege amo yiga ne.”
13Nii-na!
Baŋa Wɛ ye wolo na mɔɔne peero tem.
O ma daare o pa vio zaŋe ko dola.
O ma pɔɔre o boboŋa o pa nabiina lɔre ya na ye tei to.
O pae te-pora leiri ka jiri lim.
Wonto mo gwɛ peero baŋa ne
o vei o kare logo baŋa maama.
Ko nam ye Paŋwa Tu Baŋa Wɛ mo ke konto!",https://www.bible.com/bible/3661/AMO.4.KBG
AMOSI 5,"Isarele tiina na jege se ba leiri ba wo tei to
1Isarele dwi tiina bam, cheigi-na, se a lage a leeni abam lua luseim leiŋa mo:
2“Isarele dwi dem nye de busankan-pwola na to tega ne to mo.
O daa bá zaŋe.
O tigi tega ne
ye nɔɔn-nɔɔno yeiri ko ni ne,
se o ja‑o se o zaŋe.”
3Yuu-tu Baŋa Wɛ daa ta maa we:
“Abam teo dedoa ná pɛ nɔɔna morro
nwoŋi ba vo ba kwaare jara,
nɔɔna bi yerane mo wó jwoori
ye ba ŋwe.
Á teo kodwoŋi ná pɛ
nɔɔna bi nwoŋi,
nɔɔna fuga yerane mo wó jwoori.”
4 Baŋa Wɛ maa tɛ de Isarele dwi dem o we:
“Jwoori-na á ba amo tei
se á ta‑á ŋwe.
5Nam yé ta‑á kare á beeri amo jei
Bɛtel ne.
Yé ta‑á véi-na Giligal.
Yé beeri-na á vo Beeriseba de.
Ko nam ná ye Giligal,
ba wó ja ko nɔn-bia
ba kale ba vo sa-teo kodwoŋi.
Ko ta ná ye Bɛtel tiina,
lɛɛro mo wó yi-ba.”
6Nam fɔɔre-na á yi Baŋa Wɛ tei
se á ta‑á ŋwe!
Á ná wo sɛ se á jwoori,
Wɛ bane wó zaŋe
Josɛf dwi dem baŋa ne,
ye o daare o chɔge-ba
ne mini na zwɛ wonnu tei to.
Bɛtel maama mo wó chɔge,
ye nɔɔn-nɔɔno bá wane o dwei mini dem.
7Lɛɛro wó ba abam baŋa ne,
á na yeini á pipiri chega kam
pa se ka ji vwa to ŋwaane.
Chega kam dae kolokolo
ka pae abam!
8 Baŋa Wɛ mo ke chalechwe
dwi dwi o tigisi daane.
Wonto mo pae se tete leiri
ko jiri te-pora.
O maa pae se wea jiri tete.
Wonto mo yeini o kwoori
naneero tem na bam
o jwoori o lwoi tega kam baŋa ne.
O yere mo Baŋa Wɛ.
9O yeini o pae se chɔgem tui
dedɛɛra baŋa ne mo lela,
ye o daare o chɔge ba dam jei sem.
10Abam nam chuli balo na di taane
de chega to mo,
á ta maa vae balo na tɛ chega to
ni taane.
11-12Abam bɛɛse yiniga tiina,
ye á fe-ba se ba kwei ba mena
ba ma ŋwe lampwoo dedɛ.
Amo yei abam wɛleera yam
na daga tei,
de á na tiini á chɔge
amo nia yam tei to.
Konto ŋwaane á bá ta‑á zoore
sɔ-fwaaro telo á na lɔge to wone.
Ko ná ye Vini teeni á na dugi
á kadwi sem wone
ye de tiini de lana to,
á daa bá nyɔ de tio-bia sana bam.
Abam daane nɔn-laaro
ye á fe-ba se á jwoŋi dim.
Á maa yeini á vere yiniga tiina
de ba bora.
13Konto ŋwaane, boboŋa tiina
wó taa ye chemm,
kokuri to, ko ye lwarem maŋa mo.
14Yage-na totoŋ-lwanno keim,
á daare á ta‑á ke wo-laaro,
se á ta‑á ŋwe.
Ko maa wó pa se Paŋwa Tu Baŋa Wɛ taa wo abam tei ne,
nenɛɛne abam na yeini á tɛ tei to.
15Ta‑á chuli lwarem á daare
á ta‑á swoi kolo na lamma to.
Á nakwa bam jege se
ba taa tɔge chega mo
de ba na di nɔɔna taane tei to.
Dɛ delo, Paŋwa Tu Baŋa Wɛ
wó duri á ŋwaŋa,
abam balo na daare
ye á ye Josɛf dwi dem to.
16Abam na tusi to ŋwaane, dé Teiru Paŋwa Tu Baŋa Wɛ na tage tei mo tento:
“Nɔɔna keira wó zaŋe
teo kom pwola maama ne.
Ba wó taa keeri ba we,
‘Lɛɛro! Lɛɛro!’.
Ba ta wó ware vala bam
se ba taa tɔge ba keera
ko woli de balo na wae luseim
ba leeni to.
17Wopwolo bá taa wo á kare sem maama wone,
keira yerane mo wó taa wora,
amo na wó tɔge abam tetare ne
a waare abam to ŋwaane.”
Baŋa Wɛ mo tage konto.
Baŋa Wɛ dɛ-kamunu kom taane
18Abam balo na jege teena
se Baŋa Wɛ borem dɛ dem
ba de yi to,
lɛɛro taa wo á yuu ne!
Bɛŋwaane mo á lage
se Baŋa Wɛ dɛ dem ba?
Dɛ dem konto wó taa ye yibiri mo
de pae abam,
se de bá ja pwooni de ba.
19Ko wó taa ye nenɛɛne nɔɔno ná duri se o lu nywoŋo jeŋa ne tei to mo.
O ma duri o vo o jeeri ga-naao
na cheiŋi‑o to.
O ma daare o vo o yi sɔŋɔ se
o daŋe o jeŋa kabira baŋa ne,
ye tega-veilu laam done‑o
o jeŋa seeni!
20Chega to, Baŋa Wɛ borem dɛ dem
wó taa ye yibiri dedaane lim mo.
Pwooni bá taa wora de fenfee de.
Wɛ na chuli wonnu telo to
Baŋa Wɛ maa we:
21“Amo chuli abam na yeini á di
kura yalo maama amo ŋwaane to.
Amo yi ba sui de abam na jeeri daane se á zuli-ne tei to.
22Abam ná jaane zwɛɛm pɛɛra
naa wodiu pɛɛra
se á ba á kaane á pa-ne,
amo bá jwoŋi-ya.
Ko ta ná ye vare-begela yalo
á na jege se á ke yazura kaanem
á pa-ne to,
amo yiga tera de-ya.
23Ja-na á tia lei sem á vo daa!
Se ye sɔɔ mo amo zwa wone.
Á ná kwei kwanno
se á ma á tei amo yere,
amo bá cheigi abam lei sem,
de se ná maŋe se ywomma
tei maama de.
24Nam pa-na se chega borem
de lanyerane keim taa wora
maŋa maama,
ne bu-dura na duri ka via
ye ka ba we tei to.
25Isarele dwi tiiina bam, bena finna yalo abam déem na wo kagoa kam wone ye á zuli-ne to, ko dae vara bam naa pɛɛra yam á na kwei á ma á ke kaanem á pa-ne to ŋwaane mo á ke konto. 26Abam laam nam jege á jwona yalo abam tete na mɔɔne-ya to á zeŋe á maa kɛa. Á maa bwoi ya dedoa we abam pɛ Sakuti. Dedwoŋi dem maa ye á jwoni Kayiwan, á na zuli-de ne chalechoa tei to. 27Á na zuli jwona yanto to ŋwaane, amo wó ja abam a nwoŋi á teo kom wone a kale a vo jei selo na gaale Damasika to.”
Yuu-tu Baŋa Wɛ wom, o yere na ye Paŋwa Tu Baŋa Wɛ to mo tage konto maama.",https://www.bible.com/bible/3661/AMO.5.KBG
AMOSI 6,"Isarele dwi dem na wó na lɛɛro telo to
1Abam balo na zoore Zion ne
ye á di ywoni to,
lɛɛro yi abam!
Abam balo na zoore Samaria peo yuu ne de bochare-zuri to,
lɛɛro yi abam!
Abam pae á ye nɔn-kamuna
á te-fɔrɔ kom ne.
Isarele dwi tiina yeini ba tui abam tei ba lwoori wolim.
2Véi-na Kalenɛ teo kom
á nii ko na ye tei to.
Véi-na Hamafa te-fɔrɔ kom,
á daare á kɛ Gafa teo kom
Filisi tiina na zoore mɛ to.
Abam teene dem gare
teene dem konto na?
Abam laŋa kam yala ka dwoi
banto nyem na?
3Á ba jeini á jeeli we
chɔgem wó ba abam baŋa.
Abam kikia maama nam vaŋe lɛɛro dɛ dem mo
pa se de twɛa.
4Á yeini á ma tuu yeili
á kwɛ á gadworu tem
pa se te lana dedɛ.
Á laam maa tigi á konkwallo tem ne á sii ywoni yerane.
Á yeini á done pipeili nɔna,
de na-mɔre nɔna mo á sui.
5Abam swoi se á ta‑á leeni lein-doora,
ye á tae á kwanno,
nenɛɛne Pɛ David
déem na leeni tei to.
6Abam maa swoi se á ta‑á nyɔ sana dedɛ á sui.
Á maa yeini á kwei nu-ywoŋa kalo na jege kwora to
á ma á turi á yera.
Á yiga nam tera de Josɛf dwi dem na wora de chɔga tei to.
7Konto ŋwaane ba wó da yiga mo
ba ja abam
ba nwoŋi á teo kom wone
ba kale ba vo sa-teo kodwoŋi.
Abam yera na zoora tei to,
de á ywoni dem maama
wó jei mo bedwe baŋa ne!
8Yuu-tu Baŋa Wɛ dugi o tete yere ŋwaane o ta konto mo.
Paŋwa Tu Baŋa Wɛ maa we:
“A wo mo nwoŋi Jakob dwi dem de ba na pae ba tete kamunim tei to.
A yiga tera de ba sɔ-fwaaro tem!
Amo wó kwei ba teo kamunu kom
de ba jejegero tem maama
a ke ba dona jeŋa ne.”
9Nɔɔna fuga ná daare sɔŋɔ kolo wone ye ba seigi da, ba maama wó te. 10Too wom choro kolo na tu se o nii o lua totoŋa baŋa ne to ná zo sɔŋɔ kom se o kwei too wom o ja nwoŋi, o wó bwei nɔɔno wolo yerane na wori ye o seigi sɔŋɔ kom gugworo wone to o we, “Nɔɔno daa tɔge o wo nmo tei ne na?” Nɔɔno wom maa wó leiri o we, “Aawo!” Too wom choro kom laam maa wó ta we, “Yé ke sɔɔ! Yé zaŋe n bwoŋi Baŋa Wɛ yere, se o wó ni n kwora!”
11Nii-na! Baŋa Wɛ lage o pa ni mo,
se o pa sɔ-kamuna de sɔ-balwa
maama mumugi mura-mura.
12Sisein-nɔɔna wae se wurigi
peero gugworru ne na?
Ba nam wae ba kwei naane
ba vare naneo wone na?
Konto maama ware ko ke.
Abam nam pɛ se chega kam leiri
ka ji chɔŋɔ,
ye lanyerane keim ji wo-chɛɛre.
13Abam ta bere á tete we,
á mage jara de Lo-Debara teo kom á wane-ba.
Á ta kwori á we,
“Debam mɛ dé dam mo
dé di Karenayim teo kom!”
14Paŋwa Tu Baŋa Wɛ nam tage o we:
“Isarele dwi dem, amo lage a pa
teo kodwoŋi dwi tiina mo
zaŋe ba kwaare jara de abam.
Nɔɔna banto wó tiini ba bɛɛse abam
á tega kam maama wone,
ko zege Lebo-Hamafa ne,
se ko taa vei Araba nabara kam na wo mɛ to.”",https://www.bible.com/bible/3661/AMO.6.KBG
AMOSI 7,"Kayere taane
1Yuu-tu Baŋa Wɛ na le kolo o bere-ne to mo tento:
Dɛ dedwe ba na zage pɛ wom mena ba ti, ye kare sem wodiiru tedwonna ta wora te kwi to, mo Wɛ toŋe kayere se se ba se chɔge tega kam. 2Amo ma nii a na we kayere sem deilimi wo-lɛɔ dwi maama na wo tega kam ne to mo nyɔ! Amo laam maa we, “Yuu-tu Baŋa Wɛ, popo, yage n ma n chɛ n nɔɔna bam! Nmo ná wo ke konto, Jakob dwi dem daa bá wane ba wori, ba na tiini ba bwona to ŋwaane.”
3 Baŋa Wɛ ma sɛ ye o leiri o boboŋa. O maa we, “Nmo na nii n na tei to daa bá ke.”
Mini taane
4Yuu-tu Baŋa Wɛ daa na veere kolo o bere-ne to mo tento:
Amo nɛ we Yuu-tu Baŋa Wɛ boŋe se o tɔre min-lɔŋɔ o ma waare o nɔɔna bam. Mini dem ma di naneo kom maama nyɔ, ye de laam wora de di tega kam. 5Amo laam maa we, “Yuu-tu Baŋa Wɛ, a lwoori‑m se n yage! N ná wo yage konto, Jakob dwi dem daa bá wane ba wori, ba na tiini ba bwona to ŋwaane.”
6Yuu-tu Baŋa Wɛ daa ma leiri o boboŋa ye o we, “Nmo na nii n na tei to de daa bá ke.”
Lɔra ŋona taane
7Wɛ daa ta na le kolo o bere-ne to mo tento:
Amo nii a na kabira kalo lɔra bam na kwei ŋona ba ma lɔ-ka ba fɔge ba zege deiki to mo. A ta ma na we Baŋa Wɛ zege ka teiŋa ne ye o zei lɔra ŋona kam o jeŋa ne. 8Baŋa Wɛ ma bwei-ne o we, “Amosi, bɛ mo n nɛa?” Amo ma leiri a we, “Amo nɛ lɔra ŋona mo.”
O laam maa we, “Amo wó kwei lɔra ŋona kanto mo a maŋe a nɔɔna Isarele tiina bam se ko bere we ba ba zege chekke. Amo nam daa bá yage ba wɛleera a ma chɛ-ba. 9Amo lage a chɔge jei selo maama Izaak dwi tiina bam na diini ba ke kaanem to mo. Isarele tiina wara-jei selo na ye wose to maama wó ji di-dwonnu mo. Amo ta wó zaŋe a tɔge jara baŋa ne a chɔge Pɛ Jeroboam paare dem.”
Amosi dedaane Amazia taane
10Amazia déem ye kaanem tu mo Bɛtel ne. Wonto ma toŋe kwora o pa Isarele tiina pɛ Jeroboam o we, “Amosi jege nmo ta-balwaaro mo o ŋɔɔna debam Isarele tiina teo kom tetare ne. O ni taane dem lage de soge nɔɔna bam pa se ba lɔ nmo kwaga ne mo. 11O maa tɛ o we, ‘Jeroboam wó te jara wone, se ba daare ba ja Isarele tiina bam ba nwoŋi ba tete teo kom wone ba kale ba vo sa-teo kodwoŋi.’ ”
12Amazia laam ma toŋe o ta de Amosi o we “Wɛ ni-jwoŋinu, ko maŋe konto! Laam jwoori n vo n tete teo Judah, se n ta‑n pworisi dáane. Nmo ma‑n wó ta‑n nae n ni-wodiu da. 13Daa‑n yé pworisi Bɛtel ywo-seeni. Jei sento ye pɛ wom tete wara-jei mo, ye dé teo kom maama zuli da!”
14Amosi ma leiri Amazia o we:
“Amo maŋe a dae sampwora! A wo nwoŋi sampwori selo na pworisi ŋweero ŋwaane to kɔgɔ kom wone. Amo ye nayero mo! A maa kale a vara. A ta maa nii kaporro baŋa ne ye a pore kapera yam. 15Baŋa Wɛ ma le-ne a vara bam kwaga ne, ye o ta o we, a véi a pworisi a bere omo nɔɔna Isarele tiina bam.
16Nam cheigi Baŋa Wɛ kwora kam!
Nmo mo tage n we,
a yé pworisi a chɔge Isarele tiina bam,
se a yé tɔɔle kwor-lɔŋɔ a pa-ba.
17 Baŋa Wɛ ni dem mo tento:
Amazia, nam lɔre se n kaane
wó ji ka-bworo
o taa kare teo kom ne
o beeri baara.
Nmo bia bam wó te jara wone,
bakeiri de busankane sem maama.
Ba maa wó pɔɔre nmo tega kam
ba pa nɔɔna badwonna.
Nmo tete nam wó te dwi-gɛ teo ne.
Ba maa wó seene ba ja
Isarele tiina bam ba nwoŋi
ba tete teo kom wone
ba kale ba vo sa-teo kodwoŋi.”",https://www.bible.com/bible/3661/AMO.7.KBG
AMOSI 8,"Tetɔgɔ na su de tio-bia to memaŋe
1Yuu-tu Baŋa Wɛ daa ma le woŋo kodwoŋi o bere-ne. Amo ma nii a na tetɔgɔ ye tio-bia na bege to ya su ko ni. 2O ma bwei-ne o we, “Amosi, bɛ mo n nɛa?” Amo ma leiri a we, “Tetɔgɔ mo a nɛa, ye ko su de tio-bia na bege to.”
Baŋa Wɛ laam maa we:
“A nɔɔna Isarele tiina bam kikia laam bege ya yi se a waare-ba. Amo nam daa yage ba wɛleera a ma chɛ-ba. 3Maŋa kam konto ná yia, pɛ sɔŋɔ wopwolo lei sem wó ji keira mo. Twa wó taa tigi teo kom jei maama ne, ye ba daare ba zeŋe-ba ba ja nwoŋi chemm.”
Yuu-tu Baŋa Wɛ mo tage konto.
Isarele tiina lɛɛro tem taane
4Abam balo na pini nabwona
ye á vere ba wonnu to,
ko woli de abam balo na yaare
á teo kom yiniga tiina
pa se ba chɔge ba ti to,
cheigi-na!
5Abam yeini á tɛ á we, “Dé lage se Wɛ siu dɛ dem naa chan-doŋa kuri dem ti lela se dé jwoori dé vo dé kwei dé mena yam dé taa yeiga. Dé maa wó kwei bwɛ selo na muri to dé ma pini dé yeilla bam dé jwoŋi ba sabia dedɛ. 6Dé ta wó kwei mena yalo na gwaane de swanno to dé laam yeigi-ya dé jwoŋi sabu dedɛ. Dé ta wae dé beeri yiniga tu wolo na ware o jene o ŋwe to, se dé yeigi kotu dé ma dé ji dé kabaa, o jene dem ná maŋe de mae de o naga natera yam yerane.”
7 Baŋa Wɛ na ye wolo Jakob dwi tiina na jege o teena to, o mɛ o tete yere mo o du duuri o we:
“Amo bere a bá fɔge a swei wo-balwaaro telo ba na kare ba ke to. 8Ba kikia yam konto wó pa se tega kam ziziŋi. Nɔɔna balo maama na zoore tega kam ne to wo maa wó chɔge. Tega kam jei maama wó ziziŋi ka zaŋe wɛɛne ye ka daare ka to, nenɛɛne Naili buga kam na yeini ka pɛɛle ye ka toe tei Ejipti ne to.”
9Yuu-tu Baŋa Wɛ ta ma ta o we:
“Maŋa kam konto ná yia, a lage a pa wɛ vo de zo wea tetare ne, pa se yibiri taa wo jei maama ne wea maŋa ne. 10A maa wó pipiri abam kura dim se ya leiri ya ji lwi. Á wopwolo lei sem de wó ji luseim. Abam wó zo gare-nyenyaaro, ye á daare á cheeri á yuni wo-chechɔgɔ ŋwaane. Á maa wó tiini á keeri se ko taa nye de nɔɔno na gɛ o bu-doa ye o keeri o bu wom lua tei to. De dɛ ná yia, ko wó tiini ko taa chamma ko pae abam!”
11Yuu-tu Baŋa Wɛ ta maa we:
“Nii-na! Maŋa lage ka yi ye a pa se kan-ware ba logo baŋa. Kana kam konto bá taa ye nɔɔna na gɛ wodiu se ba di naa ba gɛ na se ba nyɔ to ŋwaane. Ko nam wó taa ye we ba gɛ amo Baŋa Wɛ taane mo se ba ni. 12Tega kam jei maama ne mo nɔɔna wó taa kare ba lage Baŋa Wɛ taane se ba cheigi. Ko zege Yɛ naneo kom seeni se ko vo ko yi Mediterania naneo kom, ko ta woli de tega kam baŋa seeni de ka wɛ-puli seeni maama, ba wó beeri jei maama konto se ba nii ba ga wó ni Wɛ kwora mo ye ba nam bá na-ka.
13Kanto maŋa ne, na-nyɔm wó go abam nɔn-donno de busankan-pwoli tete. 14Ko ta ná ye balo na kwei Samaria jwona yam yera ba ma du duuri to, de balo na tɛ ba we, ‘Dan jwoni dem yere ŋwaane’, naa ‘Beeriseba jwoni dem yere ŋwaane’ to, nɔɔna bam konto wó to. Ba nam daa bá jwoori ba zaŋe wɛɛne.”",https://www.bible.com/bible/3661/AMO.8.KBG
AMOSI 9,"Nɔɔn-nɔɔno bá lu Baŋa Wɛ waarem wone
1Amo daa na nii to, mo a nɛ we Baŋa Wɛ zege bimbini dem teiŋa ne. O laam ma pa ni o we:
“Tiini n mage Wɛ diga kam nayuu bei sem de dam pa se diga kam kuri maama ziziŋi. Zage bei sem n pa se maama to nɔɔna bam yuni ne se go-ba. Amo nam wó pa se balo na daare ye ba ŋwe to te jara wone, se nɔɔn-nɔɔno yé lu.
2Ba ná maŋe ba ko tega mo se ba zo churu, amo wó yi da a vaŋe-ba a ja a nwoŋi. Ba ze ná diini telaao ne, amo wó ja-ba a tu tega. 3Ba nam ná kwaane ba di Kamele peo kom yuu ba seigi da, amo ta wó beeri ba jei a daare a zi-ba. Ba nam ze ná zo naneo kuri kuri mo se ba seigi amo yiga ne de, amo wó pa naneo wo juru kom done-ba ko go. 4Ba dona bam ná jaane-ba ba kale ba vo sa-teo kodwoŋi, a ta wó pa ba te jara wone. Kokuri to, a boboŋa jaane se a chɔge-ba mo, se a daa yé woli-ba.”
5Paŋwa Tu Baŋa Wɛ maa ye wolo
na yɔɔre o dwei tega kam
ye ka maama ziziŋi to.
Nɔɔna balo maama na wo ka baŋa ne to maa keeri bɔge-bɔge.
Tega kam maa zaŋe wɛɛne,
ye ka jwoori ka toe,
nenɛɛne Naili buga kam na yeini ka su ka pɛɛle
ye ka jwoori ka toe tei to mo.
6 Baŋa Wɛ lɔge o sɔŋɔ mo.
Ko nayuu kom wo wɛyuu ne mo
baŋa baŋa,
ko kugu kom maa wo tega baŋa ne.
Wonto mo yeini o kwoori
naneero tem na bam
o jwoori o lwoi tega kam baŋa ne.
O yere mo Baŋa Wɛ!
7 Baŋa Wɛ daa ma ta o we:
“Isarele tiina bam, á yé ta‑á boŋe-na we abam gare Kusi tiina bam amo yiga ne. Ko ye chega mo we a vere abam a ja nwoŋi Ejipti ne. Amo nam jaane Filisi tiina bam a nwoŋi Kiriti ne mo, ye a ta kwori a ja Aram tiina bam a nwoŋi Kiri ne. Ko dae konto na? 8Amo wolo na ye Yuu-tu Baŋa Wɛ to nɛ abam Isarele teo kom na ye tei ye ko tiini ko tusi to. A nam lage a chɔge ko nɔn-bia bam maama pa se ba jei mo tega kam baŋa ne. Ko nam na ye tei to, a bá fɔge a chɔge Jakob dwi dem maama a ti.
Amo Baŋa Wɛ mo tage konto.
9Amo lage a pa se Isarele tiina bam mo na yaara teene dedwonna dem maama wone. Ko wó ta nye de ba na zezɛ muni yɔlɔ wone se weero nwoŋi tei to mo. Amo wó pa se ba le nɔn-yɔɔro tem maama ba daare nɔn-ŋona bam. 10Amo nɔɔna balo maama na tusi to mo lage ba te jara wone, ko ná maŋe ko ye balo na tɛ ba we, Wɛ bá sɛ se kolokolo yi-ba to.”
Isarele teo kom na wó jwoori ko zege tei to
11“Dɛ dem konto ná yia, amo wó fɔge a lɔ Pɛ David sɔŋɔ kom na chɔge to. A maa wó jwoori a kwɛ ko kabiri sem pa se ko di-dwonnu tem jwoori te ji sɔ-doŋo. 12Ko maa wó pa se Isarele tiina laam di Edom laŋa kalo ta na daare to, dedaane teene delo maama ya na ye amo nyem to. Amo Baŋa Wɛ mo tage konto, ye a wó pa se wonnu tento maama seene te ke.”
13 Baŋa Wɛ daa ta maa we:
“Nii-na! Maŋa lage ka yi
se wodiu taa ke lela
á kare sem ne,
ko dwoi balo na wó taa wora
se ba zage-ko to.
Á Vini tio-bia bam maa wó taa daga
ba dwoi á na wó taa wae
á ma balo á ke sana
se á laam ba á jwoori á du to.
Vini teeni delo á na wó jeiri
zwonnu jei sem ne to
wó pa á na sa-sona dedɛ
se ko gaale.
14Amo ta wó pa a nɔɔna
Isarele tiina bam
jwoori ba tega kam ne
ba jeini de dam.
Ba laam wó jwoori
ba fɔge ba lɔ ba teene dem,
ye ba taa zoore de wone.
Ba maa wó taa jeiri teeni
ba kare sem ne,
se ba taa nyɔ Vini tio-bia
sa-sona bam,
ye ba di tio-bia balo na leiri da to.
15Amo tete mo lage a jeini
a nɔɔna bam tega kalo
a na pɛ-ba to wone.
Ba nam ná jeini ka wone,
a daa bá le-ba maŋa de maŋa.”
Abam Tu Baŋa Wɛ wom mo tage konto maama.",https://www.bible.com/bible/3661/AMO.9.KBG
OBADIA 1,"Lɛɛro na wó yi Edom tiina tei to
1Yuu-tu Baŋa Wɛ na veere wonnu telo o bere Obadia ye te ye Edom tiina yera taane to mo tento:
Dé nigi kwora kanto Baŋa Wɛ tei ne mo. O toŋe nɔɔno se o vo logo baŋa teene dem wone mo se o ta we, “Zaŋe-na se dé vo dé kwaare jara dedaane Edom tiina bam.”
Baŋa Wɛ nam tage tento mo de Edom tiina bam:
2“Nii ywo! Amo lage a pa se á teo kom mo tiini ko taa bwona teene dem maama wone. Nɔɔna wó taa jege abam ba tiini ba yaala. 3Abam bere á tete kamunim. Á nam jege á tete mo á gana. Á zoore peero bɔɔna wone, dedaane peero tem yuu ne wɛ-wɛ. Á boŋe á wone we, nɔɔn-nɔɔno bá wane abam o vaare o de tega ne. 4Abam ná maŋe á di wɛyuu, nenɛɛne maao na jaane wɛ-wɛ tei to, naa á ná lage á sɔ pwogo chalechwe sem tetare ne de, amo ta wó vaare abam a de tega ne.”
Baŋa Wɛ na tage tei to mo konto.
5“Lɛɛro mo wo á baŋa ne! Ŋweena ná tu á sɔŋɔ se ba ŋɔ tete ne, ba bá ŋɔ wonnu telo yerane ba na beeri to mo na? Nɔɔna ná tu se ba gwori Vini tio-bia, ba yeini ba ba gwori ba daare tio-bia badwonna na? 6Ko nam ná ye Esawu dwi tiina bam, á dona wó beeri ba buŋi á jei sem maama ne ba vere wonnu telo maama na jege kuri te pa abam to mo ba daare abam. 7Á fara bam tete mo lage ba zeili abam se á nwoŋi á duri á daare á tega kam. Balo na gwoni ni de abam to tete lage ba lɔ á kwaga ne mo se ba wane abam ba di. Á badwoŋ-swonnu tem wó che kalanchogo se ba ma ba ja abam, ye á yeiri ko ni ne.”
8 Baŋa Wɛ ta ma ta o we:
“Dento dɛ dem ná yia, amo wó chɔge swa tiina balo maama na zoore Edom ne to, dedaane yi-pore-nyena na wo Esawu peero tem seeni to. 9Ko ná ye nɔn-babɛ selo na zoore Teman teo wone to, foone wó ja-ba. Ko daare balo maama na ye Esawu dwi dem to wó jei mo.”
Esawu dwi tiina na chɔge Jakob dwi tiina tei to
10“Abam déem tiini á ke puseŋa de á chorro tem na ye Jakob dwi dem to ye á go-ba. Konto ŋwaane mo abam wó di á chaveera, ye á daare á na chɔgem se ko taa vei wuu. 11Veira déem na tu ba fe ba zo Jerusalem teo wone se ba vere ko jejegero ba ja ba viiri to, á zege mo á nia ye á wo chege-ba. Veira bam konto na pɔɔre wonnu tem ba pa daane to, abam dedaane banto maama maŋe á ba gare daane.
12Abam ya dae se á ta‑á mɔne á chaka de lɛɛro na yi á chorro tem tei to.
Abam ya dae se á ta‑á jege wopwolo dedaane Judah tiina bam na nɛ chɔgem tei to.
Abam ya dae se á ta‑á mage á nyɔɔna de banto cham dem.
13Abam ya dae se á tɔge á zo amo nɔɔna bam teo kom wone
dɛ delo wone ba na nɛ ba lɛɛro tem to.
Abam ya dae se á ta‑á jege Judah tiina bam á mɔna
de ba na nɛ cham delo ba lɛɛro dɛ dem ne to.
Abam ya dae se á tɔge á pɛ ba jejegero á ta‑á tei
ba lɛɛro dɛ dem ne.
14Abam ya dae se á zege chwo-pwɛa yam ne se á go balo na duri se ba lu jara yam wone to.
Abam ya dae se á ja balo ta na daare to á ke ba dona bam jeŋa ne
ba cham dɛ dem ne.”
Baŋa Wɛ borem dɛ dem lage de yi
15“Amo Baŋa Wɛ dɛ dem lage de yi se a di logo baŋa dwi maama taane. Edom tiina bam, á de wó na á nyem, nenɛɛne á na ke nɔɔna badwonna tei to. Á keim-balwaaro tem lage te jwoori te to á tete yuu ne mo. 16Abam déem na wo amo tete peo kom yuu ne ye á nyɔ sana á su tei to, konto dwoŋi mo dwi-gɛ tiina bam de wó su de a ban-zɔŋɔ kom. Ba wó tiini ba nyɔ taa ba su, pa se ba yera laam saare logo baŋa ne. 17Ko daare Zion peo kom ne mo nɔɔna wó na verem. Jei sem konto wó taa ye wose se pa-ne. Jakob dwi tiina bam wó jwoori ba jwoŋi ba tega kam balo na vere-ka to tei ne ba taa tei. 18Jakob dwi dem wó chɔge ba dona ne mini na zwɛ wonnu tei to mo. Josɛf dwi tiina bam wó taa nye de min-vogo mo. Ba wó di Esawu dwi tiina bam kula, ne mini na yeini de zwɛ ga-korro tei to. Nɔɔn-nɔɔno daa bá daare Esawu dwi tiina bam wone.”
Baŋa Wɛ mo tage konto.
19Isarele tiina balo na zoore tega-kuri seeni kagoa kam ne to mo wó zo Esawu peero jei sem ne ba taa zoore da. Balo de na zoore wɛ-zoore seeni bwollu tem ne to maa wó jwoŋi Filisi tiina tega kam ba taa tei. Ba ta wó jwoŋi Efrayim laŋa kam de Samaria laŋa kam. Benjamin dwi dem wó jwoŋi Gilead laŋa kam ba taa tei. 20Isarele tiina balo maama ya na jage to wó jwoori ba zo Kanaan tega kam. Ba kɔgɔ kom wó jeini tega kam maama ne se ko vo ko yi Zarefate. Jerusalem tiina balo na jage ye ba wo Sefarade ne to de wó vo ba jeini teene delo na wo tega-kuri seeni kagoa kam ne to. 21Babɛ selo na jwoŋi ba nɔɔna ba yage to mo wó di Zion peo kom yuu. Ba wó taa tei Esawu peero laŋa kam maama. Kanto maŋa kam ne, Baŋa Wɛ mo wó di paare o nɔɔna baŋa ne.",https://www.bible.com/bible/3661/OBA.1.KBG
JONAH 1,"Jonah ve Wɛ ni
1 Baŋa Wɛ déem mo ŋɔɔne de Amitayi bu Jonah o we, 2“Zaŋe n vo Ninevɛ te-fɔrɔ kom n ta‑n kaane ko nɔɔna bam we, ba lwarem dem gaale amo yiga ne.”
3Jonah ma ve ye o zaŋe o duri se o vo Tarasisi. O déem vei Jopa mo se o ná nɛ nabworo na maa vei jei sem konto, se o duri o lu Baŋa Wɛ yiga ne. O laam ma ŋwe o sabu, ye o da o zo nabworo kom ne.
4 Baŋa Wɛ ma pa se vo-dɛɔ zaŋe ko mage na bam dedɛ. Vio kom na tiini ko fufugi konto to, nabworo kom maa ga fee se ko bwori. 5Foone ma tiini de ja nabworo kom yuŋina bam, ye ba dedoa dedoa bobo o kaase o lwoori o teo wɛ se de jwoŋi‑o de yage. Ba ma daare ba dole ba zela ba yage na bam ne se nabworo kom taa pwona.
Jonah déem nam ya tu nabworo kom kuri gugworo ne mo o tigi da, ye o dɔ o kɛ. 6Yuŋina bam yiga tu wom ma vo o na‑o, ye o bwei‑o o we, “Bɛ mo ye nmo tigi n dɔa? Nmo de zaŋe n bwoŋi n Wɛ yere, se dɛ delo wonto wó duri dé ŋwaŋa, se dé yé maŋe na banto wone.”
7Nabworo yuŋina bam ma bane daane ba we, “Pa-na se dé ta jɔrɔ se dé lɔre wolo ŋwaane cham dento na yi debam to.” Ba na tage to, ko ma ja Jonah. 8Ba ma bwei‑o ba we, “Ta‑n tɛa, wɔ mo pɛ se lwarem dento ba debam baŋa? Bɛ totoŋe mo nmo jega se n toŋe ywo? Nmo nwoŋi yei ne mo? Nmo dwi ye dɔ mo?”
9Jonah ma leiri o we, “Amo ye Hiburu dwi tu mo. Amo nam tɔge Yuu-tu Baŋa Wɛ wolo na tei wɛyuu ye o kwori o ke tega baŋa de naneo maama to mo.” 10Ba na nigi konto to, foone déem ma tiini de ja nɔɔna bam. Kokuri to, Jonah ya maŋe o ta o bere-ba we o kwaane se o duri o lu Baŋa Wɛ yiga ne mo. Ba ma bwei‑o ba we, “Bɛ mo ye nmo ke keim dento?”
11Nabworo yuŋina bam ma bwei‑o ba we, “Bɛ mo dé wó ke de nmo se naneo kom ke ziim?” Vio kom déem yɔɔre ko taa tiini ko dana ko pa-ba mo pa se ba bwei‑o konto. 12Jonah ma leiri o we, “Ja-na amo á dole á de naneo kom wone, se ko wó ke ziim ko pa abam. Ko ye chega, amo yiga mo pɛ se abam zo vo-dɛɔ konto wone.”
13Ba maa wo sɛ ye ba ya ta kwaane ba yuŋa de ba dam maama se nabworo kom wane ko bɛ buburu baŋa, ye ba ware. Vio kom ma bole ye ko fɔge ko tiini ko dana ko ja gaale. 14Ba ma kaase ba bwoŋi Baŋa Wɛ yere ba we, “Jan ja, Yuu-tu Baŋa Wɛ! Dé lwoori‑m, yé chɔge debam dé na lage dé le nɔɔno wom ŋwea to ŋwaane. Kokuri to, nmo ná wo pɛ chwoŋa, tento maama bá ke.” 15Nɔɔna bam ma dole Jonah ba de naneo kom wone, ye ko de ke ziim bedwe baŋa ne. 16Ba na nɛ kolo maama na ke to, mo Wɛ kɔrɔ zo-ba lanyerane. Ba ma kwei kaanem ba ke ba pa Baŋa Wɛ, ye ba ta pwooli se ba taa zuli‑o.
17Ko nam ná ye Jonah, Baŋa Wɛ toŋe ywoni kamunu mo pa se de ba de li‑o. O maa wo ywoni dem wone da yatɔ wea de tete maama.",https://www.bible.com/bible/3661/JON.1.KBG
JONAH 2,"Jonah ware Wɛ
1Jonah déem maa wo ywoni dem puga wone, ye o ware o Tu Baŋa Wɛ o we:
2“Amo Tu, amo na wo cham ne to,
a bwoŋi nmo yere ye n seene n leiri-ne.
Twa gugworru jei sem ne kuri kuri mo
a keeri a lage zeina n tei ne,
ye n ni a keira kam.
3N dole-ne n de luŋu luŋu naneo kuri ne chekke,
mɛ na bam na kaare-ne ba pu to.
Na-ŋon-kamuna ma bibili amo baŋa ne se kɛa.
4Amo ya boŋe we n zeili-ne n yiga ne mo,
pa se a daa yé na nmo tete diga kam dɛ de dɛ.
5Na bam kwoli-ne ye ba kerege-ne.
Naneo kom de ma pu amo maama.
Na wone gaaro tem de déem jujugi amo yuu maama.
6A ma tu na wone a dwei pelwaaro kura,
mɛ chwoŋa na tera se nɔɔno wane o lu kɔtaa to.
Amo Tu Baŋa Wɛ, nmo nam jaane-ne,
ye a nwoŋi gwoŋo wone de a ŋwea.
7A na tu a maane we a toone yi de ti to,
mo a guli Baŋa Wɛ gula
ye a ke wɛ-lworo se n jwoŋi-ne.
Nmo ma‑n seene n zege n tete diga kam ne
n ni a lworo kom.
8Jwona ye wo-yɔɔro mo.
Balo maama na zuli-ya to
dole ba chega de nmo mo ba yage.
9Amo nam wó taa leeni tia lei mo a pa‑m.
A ta wó kwei kaanem mo a pa‑m,
se a daare a ke kolo a na pwooli se a ke a pa‑m to.
Baŋa Wɛ ye wolo na pae nɔɔna na verem to mo!”
10Konto maama kwaga ne mo, Baŋa Wɛ laam ŋɔɔne de ywoni dem se de vo de twi Jonah de de buburu baŋa ne. De ma seene de vo de ke konto.",https://www.bible.com/bible/3661/JON.2.KBG
JONAH 3,"Jonah laam sɛ Wɛ ni
1 Baŋa Wɛ daa ma ŋɔɔne de Jonah o ke belei o we, 2“Nam zaŋe n vo Ninevɛ na ye te-fɔrɔ to, se a laam pa‑m a kwora se n tɔɔle-ka n pa ko nɔɔna bam.”
3Jonah ma sɛ Baŋa Wɛ ni ye o daare o vo Ninevɛ. Teo kom konto tiini ko yala ye ba kwei da yatɔ mo ba maa kaare ko ni maama. 4Jonah na vei dɛ wone veiŋa teo kom wone to, mo o bobo se o taa tɔɔle taane dem ye o we, “Da finna mo daare se Baŋa Wɛ chɔge Ninevɛ teo kom zɔŋ-zɔŋ!”
5Ninevɛ tiina bam ma sɛ Wɛ kwora kam. Ba ma tɔɔle se nɔɔna maama vɔ ni se ba daare ba zo gare-nyenyaaro, se ko bere ba wo-chechɔgɔ kom. Nɔɔna maama jege se ba ke konto dwoŋi mo, ko ná ye nɔn-kamuna naa nabwona de.
6Ba pɛ wom na nigi kwora kam to, o ma zaŋe o daare o paare yituŋu kom. O ma lɔɔre o paare gwaaro o tiŋi dáa ne ye o lɛ gare-nyenyaaro. O ma daare o vo o jei tentwarem wone. 7O laam ma tɔɔle o bere Ninevɛ tiina we, “Ni dento nwoŋi Pɛ de o nakwa tei ne mo: Nɔɔn-nɔɔno ba jege se o di kolokolo. Ko ná ye nabiina, naa naane, naa sɔŋɔ vara dwi maama, ko chula se ba di wodiu naa ba nyɔ na. 8Nabiina wó zo gare-nyenyaaro mo, se ba daare ba kwei gare-nyenyaaro ba vɔ ba vara yera ne. Nɔɔna maama jege se ba seene yia mo ba lwoori Wɛ lanyerane, ye ba ve ba totoŋ-lwanno de ba vuvuga kikia yam. 9Dɛ delo dé ná ke konto, Wɛ wó sɛ se o leiri o boboŋa, se o ban-lom daa yé taa wo dé baŋa ne se dé te.”
10 Baŋa Wɛ déem maane ba kikia yam de ba na yage ba totoŋ-lwanno tem to. O ma seene o duri ba ŋwaŋa ye o wo waare-ba ne o ya na tage we o wó ke tei to.",https://www.bible.com/bible/3661/JON.3.KBG
JONAH 4,"Jonah bane zaŋe Wɛ yibwona ŋwaane
1Jonah na nɛ konto to, o wo déem ma fuli dedɛ, ye o bane zaŋe. 2O ma ware Baŋa Wɛ o we, “Amo Tu Baŋa Wɛ, amo ya ta na wo a tete teo ne to, a maŋe a lɔre we tento mo wó ke. Konto ŋwaane mo a nam maŋe a kwaane se a duri a vo Tarasisi to. Kokuri to, amo yei nmo na ye swono tu Wɛ, ye n tiini n jege nɔɔna ŋwaŋa tei to. N ma‑n yeini n peene n bane ye n leiri n boboŋa se n yé chɔge nɔɔna. 3Amo Tu Baŋa Wɛ, nam yage se a te, se a toone gare a ŋwea.” 4Baŋa Wɛ ma bwei‑o o we, “Wɔ mo pɛ‑m chwoŋa se n pa n bane zaŋe konto dwoŋi?”
5Jonah na nigi konto to, o ma nwoŋi teo kom wone o vo ko wɛ-puli seeni o tei pwoŋa o jei ka kuri ne. O laam maa jei ka woro ne o cheiga se o nii kolo na wó ke Ninevɛ teo kom to. 6Yuu-tu Baŋa Wɛ ma pa se nyambɔle nwoŋi de milimi de kwoli pwoŋa kam maama pa woro wora lanyerane. Ko ma pa Jonah zurim ye o jege wopwolo de nyambɔle dem vɔɔro.
7Tega na yi ye ka jwoori ka poore to, Wɛ ma pa kanzwɛ dedwoŋi ba de done nyambɔle dem pa de kwaare de te maama. 8Wea na bega to, Wɛ ma toŋe vo-loŋo se ko zege wɛ-puli seeni ko ba ko mage Jonah yupare baŋa. O yuu maa wɔe. O déem gɛ fee mo se o beiri, we-dɛa kam ŋwaane. O ma tiini o boŋe o beeri toone, ye o we, “A toone maŋe de gare a ŋwea.”
9Wɛ daa ma bwei‑o o we, “Chwoŋa kɔ mo n jega se n pa n bane zaŋe nyambɔle dem ŋwaane?” Jonah ma leiri o we, “Chwoŋa wora chekke se a bane zaŋe dedɛ. Ko ná maŋe ko ye se a te de, a jege chega.”
10 Baŋa Wɛ ma ta ded‑o o we, “Ko ná ye nyambɔle dem, tete dedoa ne mo a pɛ de zaŋe de be. A daa ma pa se de jei tete dedwoŋi ne. Nmo wo ke kolokolo n pa-de, se de maa zaŋe de be. Bɛ mo ye n wo chɔge de ŋwaane? 11Ko nam ná ye Ninevɛ teo nɔn-bia bam, a ná duri ba yibwona, ko dae ko chwoŋa ne na? Ko ye te-fɔrɔ kolo nɔɔna na dwoi morro bi de finlei balo na ware ba pɔɔre lam de lwarem daane to mo. Ba vare-kɔgɔ kom de maa tiini ko gaale. Konto, a seene a jege chwoŋa se a taa jege ba ŋwaŋa.”",https://www.bible.com/bible/3661/JON.4.KBG
MIKA 1,"1 Baŋa Wɛ na ŋɔɔne taane delo o bere Mika, o na nwoŋi Moresɛf teo to mo tento. Ko maa ye maŋa kalo Jotam, de Ahaz, de Hezekia déem na saŋe daane ba ye pwa Judah teo kom ne to. Samaria dedaane Jerusalem nɔɔna bam na toŋe tei to mo Wɛ veere o bere Mika.
Samaria de Jerusalem borem taane
2Abam balo maama na zoore tega baŋa ne to, pore-na á zwa á cheigi taane dento lanyerane. Yuu-tu Baŋa Wɛ mo jei o wɛyuu sɔŋɔ kom ne ye o lage o saŋe abam. 3Nii-na! Baŋa Wɛ zege o jeiŋa jei sem ne o tu o beena! O lage o ba o nɔ logo baŋa peero tem yuu ne mo. 4Peero tem tete wó nyeene kalia kalia, ne ba na saŋe nuga mini ne tei to mo. Zwonnu tem de wó jage te jei, nenɛɛne na na chuuri ba kɛ tei to. 5Ko ye Jakob dwi tiina bam na sɛ lwarem totoŋa to ŋwaane mo konto maama wó ke. Chega to, Isarele tiina bam lɔge Wɛ kwaga ne! Bera mo pɛ se ba tusi konto dwoŋi? Ko ye ba te-fɔrɔ Samaria tiina tete ŋwaane mo! Bera mo pɛ se Judah tiina bam zuli jwona? Ko maa ye ba teo kamunu Jerusalem tiina tete ŋwaane!
Baŋa Wɛ maa we:
6“Konto ŋwaane amo lage a chɔge Samaria teo kom maama pa se ko ji di-dwonnu nɔɔna na wó che gaare ye ba du Vini teeni da to. A wó pa se na chuuri teo kom kalankula baŋa ne. Na bam wó ja-ya ba jage pa se teo kom de ko kugu maama saare. 7Amo ta wó chochoge ba jwona yam, ye a daare a ma mini a zwɛ pɛɛra yalo maama ba na kwei ba ma zuli-ya to. Chega to, a wó chɔge kamwaro telo maama ba na jege ba kaane to mo. Ba nɛ ba jwona jejegero tem ka-tole totoŋa baŋa ne mo. Konto ŋwaane amo wó pa se ba dona bam jwoŋi-te ba ja vo teo kodwoŋi ba ma ba ŋwe ka-tole dáane.”
Judah bá lu lɛɛro tem wone
8Lɛɛro na wó ba konto to, amo wo chɔge dedɛ ye a keeri ko ŋwaane. Amo laam wó taa vei kalambwolo de a napera yerane mo. A ta wó suuri ne nywoŋ-kura mo tei, ye a chwoosi ne kunkworo na keeri tei to. 9Samaria tiina bam na nɛ zonne delo to ba jege yɔɔrem. Ba jaweo kom lɔgese ko ja Judah tiina bam de, ye ko lage ko yi Jerusalem teo kom, amo chorro tem na zoore mɛ to.
10Yé zaŋe-na á ta taane dento se Gafa tiina bam maane dé cham dem ni ne! Yé keeri-na de fenfee de! Ko daare abam balo na zoore Bɛte-Lafera ne to, kwei-na fwogo á ma á taare á yera á wo-chechɔgɔ kom ŋwaane. 11Ba wó kale abam Safiri tiina bam ba viiri se á nwoŋi á teo kom wone bwori de á chaveera á ta‑á via. Zaanan tiina bam nam ware ba nwoŋi ba teo kom wone. Bɛte-Ezeli tiina bam maa laare dedɛ, ba daa bá wane abam ba woli. 12Marofa tiina bam maama yɔɔre ba wowole mo ba teene verem, Baŋa Wɛ na toŋe lɛɛro ye te ga fee se te yi Jerusalem teo to ŋwaane.
13Abam balo na zoore Lakisi ne to, kwɛ-na á jara-keim torokooro tem se sisein-nɔɔna vaŋe-te ye á duri á kɛ! Ko ye abam mo bobo á tɔge Isarele tiina wɛleera yam dwoŋi, pa se Jerusalem tiina bam de to tusim wone. 14Judah tiina bam, véi-na á ke bana de Moresɛf-Gafa tiina bam. Á daa bá na-ba. Akiziba teo kom nam lage ko lɔ Isarele tiina pwa bam kwaga ne mo. 15Abam balo na zoore Maresa ne to, Baŋa Wɛ lage o pa á dona bam wane á teo kom ba di mo. Wolo na jege yere Isarele tiina bam wone to wó duri o vo o seigi Adulam peo bɔɔne dem wone.
16Judah tiina bam, cheeri-na á yum se á daare á ta‑á laara, ba na lage ba ja á bu-swonnu tem ba kale ba vo sa-teo to ŋwaane. Chega to, tiini á cheeri-na á yum nenɛɛne duura yum na ye tei to.",https://www.bible.com/bible/3661/MIC.1.KBG
MIKA 2,"Balo na bɛɛse nabwona to wó na lɛɛro
1Ko ná ye balo na jege lwarem boboŋa to, lɛɛro wo ba yuu ne! Ba yeini ba peini tete ne ba boŋe boboŋ-balwaaro mo. Tega ná poore, ba wó seene ba ke kolo na su ba yia to, ba na jege ko dam to ŋwaane. 2Ba yeini ba vere kare selo maama ba yia na su to se ba va. Ba ta maa vere sɔŋɔ kolo maama ba na lage to se ba taa zoore ko wone. Ba yeini ba ke konto mo, ye ba ma dam ba jwoŋi nɔɔna jeŋa wonnu maama.
3 Baŋa Wɛ nam na tage kolo to mo tento:
“Amo tete jege boboŋa se a pa cham mo ba abam baŋa ne. Nɔɔno tera á wone o na wó wane o jwoŋi o tete o yage. Maŋa kam konto ne, á wó na lɛɛro pa se á de á kamunni dem maama tega ne. 4Nɔɔna wó taa jege abam ba mɔna ye ba leeni wo-chechɔgɔ leiŋa ba we:
‘Lɛɛro wo dé yum ne!
Ba vere dé tega kam ba daare debam.
Ka laam wo dé dona bam jeŋa ne mo!’ ”
5Konto to, ba ná jwoori ba pɔɔre tega kam ba pa Wɛ kɔgɔ kom nɔɔna bam, abam balo na vere nɔɔna tega to daa bá jwoŋi á nyem á ta‑á tei.
6Nɔɔna bam konto yeini ba pworisi ba ta de amo ba we, “Yé ta‑n pworisi konto dwoŋi! Debam bere dé bá na dé chaveera!”
7Ko wo maŋe se Jakob dwi tiina bam taa ŋɔɔne konto dwoŋi. Á boŋe we Baŋa Wɛ wó peene o bane de abam, se o yé ke abam kolokolo mo na? Ko nam ná ye balo na tɔge chwoŋa to, amo ni taane dem wó fɔge-ba lanyerane.
Baŋa Wɛ maa we:
8“Abam na ke tei to, á tiini á pa ko zo amo nɔɔna bam yera, ne á ye a dona mo tei. Á yeini á zi á dwonna balo na nwoŋi jara jei ba jwoori ba sam to, ye á daare á vere ba gwaaro tem. 9Abam mo zeili amo nɔn-kɔgɔ kom kaana bam pa ba nwoŋi sam delo na ye ba kugu jei sem to wone. Ko ta ná ye ba bia bam, á ma vere wo-laaro telo amo na ke ba jeŋa ne se ba taa tei to.
10Zaŋe-na á lage jei! Á daa bá ta‑á zoore jei sem konto ne se á na siu. Abam lwarem totoŋa mo pɛ se teo kom maama chɔge. 11Nɔɔna bam konto wó taa lage sampwora kalo ni na su de vwa taane to mo. Konto tu ná tu o pworisi de-ba o we, ‘Á wó na sa-dɛɛra dedɛ se á ta‑á nyɔ á sui!’, ba wó tɔge o kwaga de wopwolo.
Baŋa Wɛ nɔɔna bam wó na fɔgem
12Jakob dwi tiina bam, amo wó jwoori a la abam a ke daane. Chega to, a wó kale balo maama na daare Isarele tiina kɔgɔ kom wone to, ne nayero na kale o pei o pa se jwoori se zo se peiga jei tei to. Konto to, tega kam wó ba ka su de kɔgɔ dedɛ.”
13Wolo na jege dam se o pore chwoŋa o pa-ba to mo wó tɔge ba yiga. Ba wó pi ba nwoŋi teo kolo ba dona bam na peene-ba to wone. Ba Pɛ wom mo wó to ba yiga ne, ye ba da ba nwoŋi. Wonto ye ba Yuu-tu Baŋa Wɛ mo.",https://www.bible.com/bible/3661/MIC.2.KBG
MIKA 3,"Isarele yiga tiina na tiini ba chɔge tei to
1Amo déem tage a we:
“Abam balo na ye yiga tiina Jakob dwi tiina bam wone to, cheigi-na taane dento! Abam ye Isarele tiina bam dedɛɛra, ye á kikia maama ya maŋe se ya taa tɔge chega mo. 2Abam nam chuli kolo maama na jege lam to ye á daare á tɔge totoŋ-balwaaro kwaga. Á yeini á ja amo nɔɔna bam á pwoni ba tɔn-zwona kam á daare ba kwi sem yerane. 3A nɔɔna bam laam mo jigi nɔna ba pa abam. Á yeini á cha ba ya-nɔna yam á ke kambi-zaŋa wone se á saŋe, ye á daare á bwori bwori ba kwi de. Á laam wó twori nɔn-saŋa yam wone á di.”
4Maŋa beene, se nɔn-balwaaro tem konto ba ba lwoori zeina Baŋa Wɛ tei ne. O nam bá sɛ ba wɛ-lworo kom. O wó ma o kwaga o ya-ba, ba na toŋe lwarem kikia to ŋwaane.
5 Baŋa Wɛ ni taane dem mo tento:
“A lage a ta woŋo de sampwori selo na gane a nɔɔna bam to. Nɔɔno wolo ná pɛ-ba ba ni-wodiu, ba wó ta de kotu we, ‘Yazura taa wo n tei ne.’ Wolo nam ná wo pɛ-ba kolokolo, ba wó fugi kotu we tigura beene o baŋa. 6Á maŋa kam ti. Lim wó ba de kwoli abam, se á daa yé ta‑á nae kolokolo á tɛ á bere nɔɔna bam. Amo daa bá veere a tete de abam. Wɛ dem wó zo de diga pa se á jeini lim wone. 7Sampwori sem de yi-nara bam maama wó kwoli ba yibia de chaveera. Ba wó pu ba nia, Wɛ na ve se o leiri ba bwia yam to ŋwaane.”
8Ko nam ná ye amo, Baŋa Wɛ mo ke o Jworo kom a bochare ne pa se a jege dam. Konto ŋwaane mo a wane a lɔre chwoŋa kalo na lana to, ye a na baare se a ta chega de Isarele tiina bam se ba lɔre ba na tusi tei to.
9Abam balo na ye yiga tiina Jakob dwi tiina bam wone to, cheigi-na taane dento! Chega to, abam balo na ye Isarele tiina dedɛɛra bam to yeini á chuli chega kam ye á chɔge kolo maama na lana to. 10Á tɔge puseŋa totoŋa de nɔn-gora kikia baŋa ne á fɔge á lɔ á sam Jerusalem ne, ye ko ye Wɛ tete teo mo. 11Teo kom dedɛɛra bam yeini ba jwoŋi dim mo ye ba daare ba bore nɔɔno bora. Kaanem tiina bam de maa jwoŋi ŋweero se ba daare ba bere Wɛ taane dem. Sampwori sem de jwoŋi sabu ba veera yam ŋwaane mo. Konto maama, ba nam ta bere ba tete we ba sale Wɛ mo. Ba maa kare ba tɛ ba we, “Cham bá yi debam, se Baŋa Wɛ wo debam tei ne.” 12Abam kikia yam konto ŋwaane Wɛ tete teo Jerusalem wó to ko saare ko ji di-dwonnu yerane. Nɔɔna wó ba ba va Zion tega kam konto ba tiŋi. Teeni wó li zwoŋo kolo Wɛ diga kam ya na zege da to.",https://www.bible.com/bible/3661/MIC.3.KBG
MIKA 4,"Nabiina wó ba ba zuli Baŋa Wɛ
1Maŋa wó ba ye Baŋa Wɛ diga kam na zege peo kolo yuu ne to na yere ko dwoni logo baŋa jei maama. Ko wó taa zege wɛɛne vili-vili se ko dwoni peero tem maama. Dwi dedɛ tiina wó taa nwoŋi ba teene dem ne ba twoŋi daane taa ba yɔɔre da. 2Logo baŋa dwi tiina bam konto maa wó ba da ye ba ta ba bere daane we, “Pa-na dé vo dé di Baŋa Wɛ peo kom yuu se dé zuli Jakob Wɛ wom o diga kam ne. Wonto wó bere debam o chwei sem, se debam de wane dé taa tɔge-se.”
Kokuri to, da yam konto ne Wɛ bera yam wó zege Zion ne mo ya jage jei maama ne. Baŋa Wɛ kwora kam maa wó nwoŋi Jerusalem ne ka yi nɔɔna maama. 3Dwi tiina balo na zoore teene delo maama wone to ná jege daane, Wɛ wó fɔge-ba o ke daane ye o lwɛ ba jara yam, de ba ná maŋe ba jege dam tei de. Ba laam wó kwei ba jara-keim se-zɔɔro tem ba ma lu vaane, se ba chichwoa yam de pipiri ya ji lare ya pa-ba. Teo daa bá kwaare jara de ko dwoŋi. Nɔɔna de daa bá zamese jara keim. 4Nɔɔna bam maama laam wó taa zoore ba sam wone ye lwia tera. Ba wó jeini ba tete teeni dem woro ne ba sii. Nɔɔn-nɔɔno bá wane o fugi-ba. Paŋwa Tu Baŋa Wɛ ni taane mo konto.
5 Dwi-gɛ tiina boŋe se ba taa tɔge ba tete wa yam chwei mo. Debam dwi dem nam wó taa tɔge dé Tu Baŋa Wɛ wom se ko taa vei wuu.
Isarele tiina wó jwoori sɔŋɔ
6 Baŋa Wɛ maa we:
“Da yam konto ne, amo wó la nɔɔna balo a na pɛ ba yaare sa-teo ne to a ke daane. 7Ba na wo yiga yiga de ba tete teo kom to, ba nye de gwane mo. Amo laam wó pa ba ji balo na daare a nɔɔna bam wone ye ba jwoori sɔŋɔ to. Ba teo kom maa wó fɔge ko ke dam. Ko zege da yam konto ne se ko taa vei wuu, amo Baŋa Wɛ wó taa wo Zion peo kom yuu ne ye a nii ba baŋa ne.”
8Jerusalem, nmo wó taa ye teo kolo Wɛ na yere o nɔɔna bam ne nayero tei ko wone to. Nmo ta wó jwoori n ji te-fɔrɔ mɛ pɛ wom na di o paare da to.
9Bɛ mo ke ye á keeri de baare konto? Ko ye á pɛ wom de á nakwa bam ŋwaane mo na? Ba daa ta tera na? Konto ŋwaane mo pɛ á wo zonne wone ne kapua na wowole se o lo tei to na? 10Ɛɛ, Jerusalem tiina bam! Ta‑á suuri-na ye á kona ne kaane na wowole se o lo tei to. Abam laam wó nwoŋi á yage á sam mo se á vo á pu vwoa gaao ne á peini da. Á dona bam maa wó ja abam ba vo Babilon se ba peene abam teo kom konto ne. Baŋa Wɛ nam wó ba o vere abam o yage á dona bam jeŋa ne pa se á jwoori á ta‑á tei á tete.
11Jar-keira mo nwoŋi teene dedɛ wone ba la daane se ba kwaare jara de abam. Ba maa we, “Pa-na dé yɔɔre dé chɔge Jerusalem teo kom zɔŋ-zɔŋ, se dé daare dé pa chaveera ja-ko!” 12Nɔɔna banto nam za wo lɔre Baŋa Wɛ na kwei boboŋe delo de-ba to. Ba daa wo maane we Wɛ mo lage-ba o ke daane se o fere-ba ne nɔɔno na fere mumuna tei to.
Baŋa Wɛ maa we:
13“Jerusalem tiina bam, zaŋe-na se á fere á dona bam! Amo wó pa abam dam nenɛɛne nabea na dana ye ka jege nyea yalo na ye luuru to dedaane napɔɔna yalo na ye channa to. Konto to á wó nɔ dwia yalo maama na wó jeeri abam to. Á laam wó kwei jejegero telo maama ba na nɛ ba jara yam baŋa ne to á ke amo Baŋa Wɛ jeŋa ne. Amo mo ye logo baŋa teene dem maama Teiru wom.”",https://www.bible.com/bible/3661/MIC.4.KBG
MIKA 5,"1Jerusalem tiina bam, la-na á jar-keira bam á ke jeiga dedoa. Dé dona bam tu ba gilimi dé teo kom se ba kwaare jara de debam. Ba lage ba ma da-lɔŋɔ ba mage Isarele tiina yuu tu wom.
Yuu tu wodwoŋi wó nwoŋi Bɛtelehem ne
Baŋa Wɛ maa we:
2“Ko nam ná ye nmo, Bɛtelehem Eferata, nmo muri Judah dwi tiina sɔ-yuni tem maama wone. De ko de, amo lage a le dedɛɛro abam wone se o taa tei Isarele tiina bam o pa-ne. O wó taa ye wolo dwi dem na zege faŋa faŋa to mo.”
3Wɛ nam wó yage o nɔɔna bam ba yera se ko taa vei maŋa kalo kapua kam na wó ba o lo bu to. Bu wom chorro tem laam wó na chwoŋa se ba nwoŋi sa-teo ba jwoori ba sam ba woli de ba dwonna Isarele tiina bam. 4Dedɛɛro wom wó zaŋe o taa tei o nɔɔna bam ne nayero na nii o pei baŋa ne tei to. Baŋa Wɛ wó pa‑o dam se o ke konto omo Tu Wɛ tete yere-kamunu kom ŋwaane. Logo baŋa jei sem maama wó ni o kamunni dem ŋwa pa se nɔɔna bam taa zoore de yazura. 5Wonto wó ja wo-zuru o ba o pa-ba.
Isarele tiina bam wó taa tei ba tete
Asiria tiina jar-keira bam wó wane ba ba ba nɔ dé tega kam se ba daare ba chɔge dé sɔ-fwaaro tem. Dé nam wó pa se dedɛɛra dedɛ zaŋe dé wone ba zeili-ba. 6Ba wó wane Asiria tiina bam ba ke-ba ba dam kuri ne. Ba ta wó zo Nimrodi teo kom ba di ko nɔn-bia bam. Chega to, Asiria tiina bam ná kwaare jara de debam, dé dedɛɛra bam wó jwoŋi debam ba jeŋa ne ba yage.
7Maŋa kam konto ne, Jakob dwi tiina balo na daare to wó taa zoore dwi-gɛ tiina tetare ne. Baŋa Wɛ nam wó pa ba taa nye de nyɔnɔ de doa kalo na li tega kam pa ka zuri to mo. Ko dae nabiina mo ba daŋe ba teena ba baŋa ne, se ko ye Wɛ yerane mo. 8Nɔɔna balo na daare Jakob dwi tiina bam wone to wó gwaane dedaane dwi-gɛ tiina. Ba na zoore ba teene wone konto to, ba wó taa nye de nywoŋo kolo na beeri gaao wone ko lage ko ni-wodiu to mo. Ba wó di ba dona bam, nenɛɛne nywoŋo na zo pei-kɔgɔ wone ko ja-se ko tore yera yera ko di tei to mo. Nɔɔn-nɔɔno bá wane o jwoŋi-ba o yage. 9Isarele tiina bam, á wó wane á dona bam pa se ba saare tega kam baŋa ne!
10 Baŋa Wɛ ma ta o we:
“Maŋa kam konto ne amo wó chaale á sisein-nɔɔna bam ye a daare a chɔge á jara-keim torokooro tem maama. 11A ta wó chɔge teene delo á na zoore de wone to, de á sɔ-fwaaro tem maama. 12A ta maa wó chɔge á liri-mwa kikia yam, ye yi-nara bam daa bá wane ba taa toŋa ba totoŋa. 13-14Ko ná ye jwona yalo á na mɔɔne to, dedaane kandwa yalo á na chwi ye á zuli-ya to, amo wó chɔge ya maama, ko ta woli de Asera nyenyego dɛ sem. Abam dáa bá kuni dwonna wonnu telo á jea na mɔɔne to yiga ne á zuli-te. Chega to, amo wó chɔge á jwona yam maama.
15Amo wó tɔge a ban-zɔŋɔ kom baŋa ne a waare dwi-gɛ tiina balo na wo sɛ se ba tɔge amo ni to.”",https://www.bible.com/bible/3661/MIC.5.KBG
MIKA 6,"Baŋa Wɛ na bwei Isarele tiina bam tei to
1Cheigi-na Baŋa Wɛ na lage o ta kolo to:
“Isarele tiina bam, zaŋe-na se á tole á taane dem se peero tem de zwonnu tem maama ni. 2Amo, Baŋa Wɛ mo jege taane se a ja a jeeri abam balo na ye a tete nɔɔna bam to. Logo baŋa peero tem dedaane tega kuri dem maama wó zege amo chega kam kwaga ne.
3A nɔɔna bam, a bere a ke bɛ mo a ma chɔge abam? A bɛɛse abam tetɛ mo? Á jege taane se á ta na? 4Amo nam jaane abam a nwoŋi Ejipti teo kom ne a ma vere abam á kabɛɛne dem ne a yage. A déem pɛ se Moses de Aron de Miriam mo tɔge abam yiga. 5Yé swei-na Moaba tiina pɛ Balaki déem na boŋe se o ke abam tei to, se á daare á guli Beora bu Balaam na jwoori o ke zaane abam yuu ne tei to. Daa ta á guli-na á na beeri kagoa kam ne ye a nii abam baŋa ne, ko zege Sitim ne se ko vo ko yi Giligal ne tei to. Konto wó pa se á wane á maane amo na seene a ke abam lanyerane tei to.”
Baŋa Wɛ chwei sem tɔgem
6Amo ná tu Baŋa Wɛ yiga ne se a zuli‑o, a nam wó ja pɛɛre dwi dɔ mo a ba a pa‑o, de o na ye wolo na tei wɛyuu maama to? Ko maŋe se a ja na-bale selo na yi bene to a zwɛ a ma ke kaanem a pa‑o na? 7Amo ná jaane pi-bale morro morro a ma ke kaanem a pa‑o, naa a kwei nuga kalo na su kuriwaa morro fuga to a pa‑o, Baŋa Wɛ yi wó su a pɛɛra yam na? Amo ná maŋe a kwei a bu-kwea kam a ke o jeŋa ne, konto wó wane ko ŋwe a wɛleera yam jene na? Amo yera yam wó saare a lwarem kikia na?
8A choro, ko nam na ye tei to, Baŋa Wɛ maŋe o pa se nmo lɔre chwei selo na lana se n ta‑n tɔge to. O na laga se o na kikia yalo n tei ne to mo tento: Nmo jege se n ta‑n tɔge chega n ŋwea maama wone, ye n jege n dwonna swono, se n daare n tu n tete se n ta‑n tɔge nmo Tu Wɛ chwei sem.
Isarele tiina maŋe waarem
9 Baŋa Wɛ ŋɔɔne de teo kom nɔɔna bam. Wolo maama na jege swa chekke to wó taa kɔre‑o mo. O maa we:
“Cheigi-na, abam balo na gilimi daane teo kom ne to de á dwi dem maama. 10Ko ná ye Jejegero telo á na kwaleme á sam ne to mo, á gane nɔɔna mo á jwoŋi-te. Amo chuli lwarem kikia yanto dwoŋi. 11Ko ná ye wolo na kwei bwɛ selo na muri o ma pini o yeilla bam to, a bá yage kotu wɛleera yam a ma chɛ‑o. 12Teo kom naduna bam bɛɛse balo na ye zora to. Abam balo maama na zoore teo kom ne to maa ye vwa-nyena. Á ni taane ba jege chega.
13Á totoŋ-balwaaro tem konto ŋwaane mo a lage a waare abam lela. Á daa bá ta‑á jege dam. 14Chega na ba chuli taane to, abam wó di wodiu ye á bá fɔge á su. Á wó ta‑á wo kana wone mo taa. Wonnu telo maama na wó zo á jea wone to, á bá na chwoŋa se á tiŋi-te jwa ŋwaane. Amo nam wó pa á dona bam ba ba vere á na wó tiŋi fenfee kolo to jara baŋa ne. 15Abam wó du mena ye á bá zage-ya. Á ta wó ŋoke Olivi tio-bia ye á bá ma nuga kam á turi á yera. Á maa wó ŋoke Vini tio-bia ye á bá nyɔ ba sana bam.
16Chega ŋwaane to, abam tɔge chwei selo Pɛ Omiri de o bu Pɛ Ahab de ba dwi dem maama déem na tɔge to mo. Á na lwoni banto totoŋ-balwaaro tem to ŋwaane mo pɛ se á zo cham dento wone. Amo wó chɔge á teo kom maama pa se chaveera di abam fase. Dwi-gɛ tiina wó taa jege abam ba mɔna, ye ba twe abam dedɛ.”",https://www.bible.com/bible/3661/MIC.6.KBG
MIKA 7,"Isarele tiina lwarem kikia daga
1A wo chɔge dedɛ. Amo gɛa, nenɛɛne nɔɔno wolo na beeri tio-bia se o di ye o ga tei to. Ko nye de mɔɔro telo a fera na zo to daa wo daare kaporro tem yuu ne, ye nɔɔna maŋe ba gwori Vini tio-bia bam maama. 2Nɔɔna daa tera tega kam baŋa ne ba na jege Wɛ chega kam to. Nɔn-laaro wo daare, de dedoa de. Nɔɔna bam maama yɔɔre ba jei ba pɔe mo se ba ná nɛ pwola se ba zi daane ba go. Nɔɔno maama jei de o dwoŋi bane mo, ye ba gwaare gwonnu ba tiŋi da-ŋwaane. 3Ba jagwia de jazem maama yei lwarem keim. Dedɛɛra bam yeini ba jwoŋi dim mo ye ba daare ba bore nɔɔno bora. Naduna de maa pa se nɔɔna ke ba boboŋa na lage tei to. Ba maama sɔge ni mo daane se ba taa toŋe lwarem. 4Ko ná maŋe ko ye ba wone balo na kwaane se ba taa tɔge chwoŋa to, banto de nye de sabare de ga-cheiŋo mo.
Maŋa mo tento se nɔɔna bam na waarem ne Wɛ sampwori sem na taga tei to. Ba boboŋa wó tiini ya vugimi ko ŋwaane. 5Yé pa n dwoŋi chega, ne o ná maŋe o ye n chilwoŋ-zɔŋɔ mo de. Nmo de n kaane wolo na tigi daane to, ta‑n yei n ni lara ded‑o. 6Maŋa kam konto ne, bu-baara bá taa nege ba kwoa, ye bukwa de wó lɔ ba niina kwaga ne. Kaane maa bá sɛ o nege o baro nu. Nmo tete diga tiina mo wó zaŋe ba done‑m.
7Ko nam ná ye amo, amo teena wo Baŋa Wɛ tei ne mo. Amo Tu Wɛ mo ye amo Vereno. Amo wó taa pɔ‑o mo se o ba o zeini-ne, ne amo na lwoori‑o tei to.
Wɛ wó zeiŋi o nɔɔna bam
8A dona bam, yé ta‑á jege-ne á mɔna. Amo na zo yaara yalo wone to, a daa ta wó zaŋe a yage-ya. A jei yibiri wone mo tento. Baŋa Wɛ nam wó zeiŋi o pwooni dem o pa-ne. 9Amo seene a toŋe wɛleere Baŋa Wɛ yiga ne. Konto ŋwaane ko maŋe se o bane zaŋe amo baŋa ne. O ná waare-ne o ti, o laam wó ba o zege amo kwaga ne se a zege de chega. O ta wó jwoŋi-ne o ja o zo o pwooni dem wone se a taa tɔge o chwoŋa kam. 10A dona bam yeini ba tɛ ba we, “Nmo Tu Baŋa Wɛ wom bɛ?” Ba nam ná nɛ we Baŋa Wɛ jwoŋi-ne, chaveera wó ja-ba dedɛ. Amo yi wó na ba na toa tei to. Nɔɔna wó ba ba nɔ ba baŋa ne, nenɛɛne ba ye chwoŋa ni bworu mo tei.
11Jerusalem tiina bam, maŋa wó ba se á jwoori á lɔ á teo kom kabiri sem. Abam na wó ta‑á tei jei selo maama to wó yale se gaale. 12Maŋa kam konto ne, á nɔɔna balo déem na jage ba vo mɛ maama to wó jwoori ba taa zoore á teo kom ne. Ba badwonna wó nwoŋi Asiria mo ba ba á tei, se badaara de nwoŋi Ejipti seeni dedaane Yuferata buga kam seeni ba ba. Ba daa ta wó nwoŋi naneero tem jei sem, dedaane peero tem laŋa kam maama ba jwoori ba ba abam tei. 13Tega baŋa kalo maama na daare to laam wó ji kafɛ, dwi-gɛ tiina balo na zoore da to totoŋ-balwaaro tem ŋwaane.
Baŋa Wɛ na duri o nɔɔna ŋwaŋa tei to
14 Baŋa Wɛ, ta‑n nii n nɔɔna bam baŋa ne, ne nayero na yere o pei tei to. Ba ye nmo tete nyem ye ba zoore kagoa wone mo ba yerane. Nam kale-ba n vo te-ywoŋa jei selo na gilimi-ba to. Pa-ba chwoŋa se ba vo Basan de Gilead ye ba di ga-lɛɛro ne ko déem na maŋe ko ye tei to. 15Daa ta n toŋe wo-kenkagela n pa debam, ne n déem na toŋe tei n ma n ja debam n nwoŋi Ejipti ne to. 16Dwi-gɛ tiina bam ná nɛ tento, chaveera wó ja-ba de ba na maŋe ba jege dam ye de ti tei to. Ko wó so-ba pa ba ja ba nia ye ba daare ba se ba zwa ko ŋwaane. 17Ba ta wó ma ba pwi ba fɛɛle tega ne ne tega-veila tei, pa se kasolo yerane mo wó taa ye ba ni-wodiu. Ba wó nwoŋi ba gugworru wone ba ba nmo yiga ne ye ba yera sae, ba na kɔre foone de nmo wolo na ye debam Tu Baŋa Wɛ to ŋwaane.
18Debam Tu Wɛ, wɛ dedwoŋi daa tera de na maŋe de nmo to. Nmo yerane mo kwei dé wɛleera n ma n chɛ debam. Debam mo ye balo yerane na daare n tete nɔɔna bam wone to. Nmo bane ná zaŋe debam baŋa ne, ko bá dáane ye de jwoori de to, nmo na jege debam swono to ŋwaane. 19Nmo ta wó ba n duri dé yibwona, se n daare n ma n dam dem n saare dé wɛleera yam. Nmo wó kwei-ya n dole n yage pa se ya kɛ naneo kom tega kuri kuri ne. 20Nmo wó zege n chega kam baŋa ne n pa Jakob dwi tiina bam, ye n daare n ta‑n jege Abaraham dwi tiina bam ŋwaŋa. Nmo wó ta‑n swo-ba se ko maŋe de n na pwooli tei dedaane dé nabaara bam faŋa faŋa to.",https://www.bible.com/bible/3661/MIC.7.KBG
NAHUM 1,"1Kwora kanto déem mo tua Elikosi tu Nahum tei Ninevɛ tiina bam ŋwaane. Nahum ma popone wonnu telo Wɛ na veere o bere‑o to o tiŋi tɔnɔ ne.
Wɛ bane zaŋe de Ninevɛ tiina
2 Baŋa Wɛ yi page o nɔɔna bam baŋa ne. O wó waare balo na dwoni ded‑o to. O bane wó tiini de zaŋe de balo na ve‑o to. O ta wó jwoori o ŋwe o jene o seba-nyena baŋa ne. Chega to, o bane wó zaŋe o dona baŋa ne ye o bá yage. 3Baŋa Wɛ yeini o peene o bane mo. O dam-fɔrɔ nam gaale pa se o yɔɔre o waare balo na gɛ bora to. Chwei selo maama ne Baŋa Wɛ na wó tɔge da to, vo-dɛɔ mo yeini ko dola. O na wó nɔne mɛ maama to, kunkwonnu de maa jaane kulululu, ne fwogo mo tei. 4Wonto bwɛ naneo kom we ko we, ye ko seene ko we. O ta maa pae se nabare sem kora. Basan laŋa kam de Kamele peo kom gaaro tem maama koga. Lebanon peero baŋa teeni dem maama de ma te. 5Baŋa Wɛ ná bere o dam dem, peero tem wó ziziŋi mo. Zwonnu tem maa wó saare te to buri-buri. Tega kam baŋa maama de wó chɔge, pa se logo baŋa de nabiina maama yera taa sae. 6Baŋa Wɛ bane ná zaŋe, wɔ mo yi se o zege o yiga ne? O bane ná tutugi, wɔ daa mo wó wori? O ná lwogi o bane logo baŋa ne, kandwa tete wó chochoge mo muga-muga. 7Baŋa Wɛ lamma mo. Cham ná yi o nɔɔna bam, o maa ye ba dalem jei. Ko ná ye balo na seigi o woro kom wone to, o maa nii ba baŋa ne. 8Ko nam ná ye balo na dwoni ded‑o to, o lage o chɔge-ba mo lela, ne na-fwaaro na chuuri ba baŋa ne tei to. O ta wó zeili o dona bam pa se lim kwoli-ba.
9Abam jeeli se á ke bɛ mo á ma‑á chɔge Baŋa Wɛ yiga? Wonto nam wó pa á boboŋa yam konto jei. Nɔɔn-nɔɔno bá dwoni ded‑o se ko ke belei. 10O dona bam nye de sa-nyɔra mo. Ba ta nye de sabare selo na milimi daane to mo. Mini mo lage de zwɛ-ba nenɛɛne ga-korro na yeini te zwɛ kula tei to.
11Ninevɛ tiina bam, puseŋ-nyeno mo nwoŋi abam wone o jeeli keim-balɔrɔ se o ke o chɔge Baŋa Wɛ yiga. 12Baŋa Wɛ kwora mo tento: “Asiria tiina bam ná maŋe ba damma ye ba daga tei de, amo wó pa ba na chɔgem, pa se ba jage da-yiga ne. A nɔɔna bam, amo seene a pa se cham yi abam. A nam daa bá ke konto. 13Leile konto amo lage a pa se Asiria tiina bam dɔne ba jea á baŋa ne, se ba daa yé taa bɛɛse abam.”
14 Baŋa Wɛ ta pɛ ni dento, se de taa wora abam Asiria tiina bam ŋwaane: “Á dwi dem wó jei mo pa se á yera saare. Amo lage a chɔge á jwona yam mo se á daa yé zuli-ya ya di sem ne. A ta maa wó suli abam tega ne, á na ye nɔn-yɔɔro to ŋwaane.”
15Judah tiina bam, nii-na peero tem seeni! Tontoŋeno mo maa beena. O nɛ sem nɔne peero tem yuu ne ye wopwolo de yazura taane wo o ni ne. Konto ŋwaane, ta‑á di-na á kura yam, se á daare á ke kolo á na gwoni ni de Baŋa Wɛ se á ke to. Puseŋ-nyena bam konto daa bá wane ba kwaare jara de abam, Wɛ na wó chɔge-ba o ti to ŋwaane.",https://www.bible.com/bible/3661/NAM.1.KBG
NAHUM 2,"Ninevɛ teo na wó to tei to
1Ninevɛ tiina bam, á dona bam zege á baŋa ne mo se ba jage abam yera yera. Konto to, zaŋe-na wɛɛne, á ke-na á tete á ke daane. Fɔge-na á dam jei sem. Ta‑á yere-na chwoŋa kam. Ke-na dam á ke á tete kuri ne se á ke jara! 2Baŋa Wɛ lage o jwoori o pa Isarele tiina de Judah tiina mo na nenɔŋa ne ka déem na ye tei to, de ba dona bam na maŋe ba chɔge ba tega kam de ba wodiiru tem tei maama to de.
3Jar-keira balo na tu abam baŋa ne to jege nantane de gwaaro telo na seene chwɛ-chwɛ to mo. Ba ti ba yiga se ba ke jara yam! Ba jara-keim torokooro luuru tem pepele yia ne min-vogo mo tei. Ba maa zei ba chichwoa ba yaare wɛɛne. 4Torokooro tem tiini te duri mo pempala yam baŋa ne. Te maa duri te vei yiga dedaane kwaga teo kom pwooni ne. Te pepela jei maama nenɛɛne min-zwonnu mo tei. Te wurigim dem maa nye de doa pepelem dwoŋi tei. 5Ba ma bwoŋi jar-keira dedɛɛra bam se ba ba. Ba na duri ba maa vei to mo ba chɔɔle ba to tega ne. Ba ma vo ba yi teo kom kabira kam yera, ye ba daare ba kwoli ba yum se ba wane ba bwori manchwoŋo ni dem ba zo teo kom. 6Woŋo kolo ya na chege buga kam to mo bwori. Na bam ma chuuri ba yigi pɛ sɔŋɔ kom ba de tega ne. 7Ninevɛ teo nɔn-bia jege se ba viiri de chaveera! Ba lage ba kale-ba mo ba ja ba kɛ. Pɛ sɔŋɔ kaba-kane sem laam ma keeri wo-chechɔgɔ ŋwaane. Ba maa ŋuura nenɛɛne kunkwona na ŋuuri tei to, ye ba daare ba mage ba takeira ŋwaŋa yerane. 8Ninevɛ teo kom nye de buga kalo na na duri ba nwoŋi yɔɔ tei to mo! Ko nɔn-bia bam nwoŋi ba maa kɛa. Ba ma bage-ba ba we, ‘Zege-na! Zege-na!’, ye nɔɔn-nɔɔno wo pipiri o jwoori.
9Vere-na ba lu-nyenno wonnu tem, de ba sabu-seŋa wonnu tem á ja á viiri! Teo kom su mo dedaane wo-laaro. Ba jejegero tem tiini te jege lonne se ko gaale. 10Lɛɛro mo yi teo kom! Ko chɔge mo ko daare di-dwonnu yerane. Ko nɔn-bia bam bochara dia, ye foone zo-ba. Ba yera maa sae pɔm-pɔm, ye ba yibia tiini ya nyɔne lanyerane.
11Bɛ laam mo ke á teo kom? Ko déem nye dedaane nywonnu tiga jei, ye nywon-bia mo nɛ ba wodiu da ba di. Nywon-bɛ de nywon-kane déem tigi da de ba bia ba sii ye foone tera. 12Nywon-bɛ yeini se go ga-vara ye se ja nɔna se pa se bia de se kaana se ba di ba su. Teo kom maama déem su de jejegero dedɛ.
13Paŋwa Tu Baŋa Wɛ nam tage o we, “Amo done abam mo. A lage a zwɛ á jara-keim torokooro tem mo. Á nɔn-donno tem maa wó te jara wone. Jejegero telo á na vere nɔɔna tei ne to daa bá daare. Abam daa bá toŋe á tontoŋena bam se ba ja á kwora ba vo jei jei.”",https://www.bible.com/bible/3661/NAM.2.KBG
NAHUM 3,"Lɛɛro lage te yi Ninevɛ teo kom
1Lɛɛro lage te yi teo kom, ko na su dedaane vwa-fɔra dedaane nɔn-gora to ŋwaane. Ba jejegero tem daga te dwoi jaanem. 2Ba dona laam tu ba baŋa ne! Banto fene sem ke sɔɔ! Ba jara-keim torokooro tem durim de ba sisein-nɔɔna bam wurigim dem de maa dɔna kiriba-kiriba! 3Sisein-dira bam yera nyaage mo! Ba se-zɔɔro de ba chichwoa laam maa jaane wɛyuu ne ye te pepela! Ba ma puuri puuri twa bam ba dogele daane vili-vili. Nɔɔn-nɔɔno maa ware ba ni se o ga o ti. Ko laam ma pa jar-keira bam nɔne ba baŋa ne, ye ba chɔɔle ba to tega ne.
4Ko maama kea Ninevɛ teo kom kikia na nye de ka-tola kikia to ŋwaane mo. Teo kom tiini ko jege fera nɔɔna badwonna tei ne, ye ko ta jege liri-mwanno na soge nɔɔna se ba tusi to. Ko yeini ko tɔge ka-tola kikia yanto baŋa mo ko gane teene dedwonna pa se de to. Ko chɔge dwi tiina badaara de ko liri sem.
5Paŋwa Tu Baŋa Wɛ nam tage o we, “Amo done abam mo. A maa wó le á gwaaro tem a daare pa se á zege kalambwolo. Á wó di chaveera dwi tiina badaara yiga ne, de ba na nɛ abam kuri to ŋwaane. 6Amo ta wó lwo weeru á baŋa ne se á lɔre we a yaale abam mo. Nɔɔna de maa wó di tega á yera ne. 7Nɔɔna balo maama na wó nii ba na abam to wó kɔɔre ba tete mo ba jwoori kwaga ye ba we, ‘Ninevɛ teo kom to ko saare! Wɔ mo wora se o keeri ba lua?’ Amo wó na nɔɔna se ba zege á kwaga ne na?”
8Abam teo kom gare Ejipti teo Tebesi na? Ba déem lɔge teo kom konto Naili buga kam ni ne mo. Buga kam ma kaare teo kom maama ka pu nenɛɛne kabira tei, se cham yé wane de yi-ko. 9Tebesi déem nii Kusi de Ejipti maama baŋa ne mo. Teo kom dam dem gaale dedɛ. Puti de Libia tiina maa ye ko fara. 10De konto maama de, ba déem ta jaane Tebesi tiina bam mo ba kale ba nwoŋi ba vo teo yiga yiga. Ba ma yigi ba bu-sese ba de tega ne ba go teo kom chwoŋa yuu maama ne. Ko ná ye teo kom nakwa de dedɛɛra bam, ba dona ma ta jɔrɔ se ba kuri ba wone, ye ba daare ba vɔ-ba dedaane chegero ba ja ba viiri.
11Abam Ninevɛ tiina de nam lage á nyɔ sa-dɛɛra bam konto dwoŋi mo pa se á beiri. Abam de wó kwaane se á duri á lu á dona bam jeŋa ne. 12Á dam jei sem á na lɔge to nye de kaporro telo mɔɔro na dɛ yiga te be te yi to mo. Ba ná sugi kaporro tem, mɔɔro tem wó yɔɔre te to nɔɔna bam nia wone mo. 13Abam jar-keira bam bwona ne kaana dwoŋi mo. Á teo kom de maa zege bwori á dona bam yiga ne. Mini mo lage de zwɛ á teo kom ni-bworru tem. 14Á dona bam lage ba kaare á teo kom ba pu mo. Mo kokuri abam nam jege se á mɔ na á zege, se á ma á ti á yiga. Ta fɔge-na á kwɛ á dam jei sem. Tiini á nɔne-na teero se te be, se á laam ma á mage wara á tiŋi! 15Abam nam ná maŋe á ke tetei maama de, mini wó zwɛ abam kula mo! Á dona bam ta wó go abam jara wone. Ba lage ba ti abam mo nenɛɛne kayere na yeini se deilimi wodiiru tei maama nyɔ to!
Puli-na dedɛ, ne kayere na tiini se yo tei to! 16Á teo kom pipim-piina bam tiini ba daga zanzam, se ko dwoni wɛyuu chalechwe sem kɔgɔ na mae tei to. Leile konto, ba nam daa tera. Ba jei mo, nenɛɛne kayere na di kara wodiu se ti, ye se laam jaane se viiri tei to. 17Abam nakwa de á dedɛɛra bam nye de kayere mo na nwoŋi de kɔgɔ, ye se laam vo se meeli kabira yera ne se waaro yé yi-se tei to mo. Wea laam ma mage, pa se maama jaane se jei, ye nɔɔn-nɔɔno yeiri se na vei mɛ to.
18Asiria pɛ, nmo teo yiga tiina bam mo dɔ ba lusi. Naduna bam de maa tigi ba dɔa, ye ba daa bá zaŋe. Nmo nɔn-bia bam maama ma jage ba yi jei maama peero tem baŋa ne, ye nɔɔn-nɔɔno tera se o ja-ba o jwoori o ke daane. 19Zonne delo n na nɛ to bá wane de yɔɔre. Nmo fufwollu tem bá jei kɔtaa! Balo maama ná nigi we n teo kom to mo ko saare, banto wó taa chaka mo de wopwolo, ba daare ba taa mage ba jea. Kokuri to, abam ya na tiini á bɛɛse nɔɔna tei to, nɔɔn-nɔɔno wo lugi abam lwarem kikia wone.",https://www.bible.com/bible/3661/NAM.3.KBG
HABAKUKI 1,"1Kwora kalo Baŋa Wɛ na kwei o pa o ni-jwoŋinu Habakuki to mo tento:
Habakuki na poone Baŋa Wɛ tei to
2 Baŋa Wɛ! Amo wó lwoori tetɛ mo a jare‑m
se n laam wane n cheigi-ne,
ye n daare n jwoŋi debam n yage vuvuga kanto wone?
3Nmo boŋe we ko lamma se amo taa nae puseŋa kikia
dedaane vwa totoŋa yanto na gilimi-ne to na?
Bɛ mo ye nmo sɛ pa se nankɔɔre dedaane tigura de chɔgem tiini ko wora jei maama ne konto?
4Nɔɔna daa ba tɔge nmo nia yam,
ba kweele-ya mo ba yage tega ne
ye chega kam jei.
Nɔn-balwaaro bere ba che nɔn-ŋona,
pa se ba borem daa ba tɔge chwoŋa.
Baŋa Wɛ na leiri tei to
Baŋa Wɛ maa we:
5Nii-na teene delo na gilimi abam to seeni,
se ko wó sɔɔre á yera.
Amo lage a ke woŋo kodwoŋi mo abam da yam wone,
ye ba ná maŋe ba ta ba bere abam ko kuri tei maama de,
á bá sɛ we ko ye chega.
6Amo lage a pa se Babilonia tiina mo zaŋe wɛɛne.
Banto tiini ba ye nankɔ-nyena, ye ba ta jege baare.
Ba lage se ba taa tei teene dem maama.
Ba yɔɔre ba vei yiga mo,
ye ba wane tega baŋa teene delo na dae ba tete teene to.
7Ba tiini ba jege foone mo ba pa nɔɔna,
ye nɔɔn-nɔɔno maa ware-ba o che ba keim-chɛɛre dem ŋwaane.
8Ba sisein-nɔɔna durim dwoi gweeru na duri tei to.
Se maa jege foone
se dwoi ga-vare-balwaaro.
Ba tiini ba diini sisei sem ba nwoŋi jei selo na ba ŋwae to,
ye se napɔɔna guri tega.
Se maa fere daane
nenɛɛne kawula na nɛ chibia ka chaale tei to.
9Ba ná yi mɛ de ba keim-chɛɛre dem,
nɔɔna fona de-ba mo.
Ko maa pae se ba wae ba dona.
Ba na wane nɔɔna balo to kɔgɔ ye nenɛɛne buga ni kasolo na daga tei to.
10Ba ma gwooni pwa ye ba mɔne dedɛɛra.
Ba yi mo nɛ pwa bam di-dedwaaro telo na damma to.
Ba yeini ba lɔ taara mo ba ja ba di di-dedwaaro tem yuu seeni,
ye ba laam wane-ba.
11Ba fere mo ba kɛa ne vio tei.
Ba maa vei yiga ba ke yanto chaveera yam.
Ba jege kamunni mo de ba jwona yam na pa-ba dam to.
Habakuki poone Baŋa Wɛ o ke belei
12Amo Tu Baŋa Wɛ, nmo ye Wɛ mo boboa ne. N ma‑n ye Wo-pwoŋo Tu se ko taa vei wuu.
Nmo bá pa se dé te. Amo Tu Baŋa Wɛ, nmo ye wolo na cho debam to mo.
Nmo mo kuri Babilonia tiina bam se ba bore debam bora,
ba daare ba vaŋe dé zwa.
13Nmo na ye Wo-pwoŋo Tu to, n bá‑n wane n sɛ wo-lwanno. Nmo ba lage se nɔɔna tusi chwoŋa. Nmo na ba lage puseŋ-nyena to, bɛ mo ye n yage pa se nɔn-balwaaro tem chɔge debam balo na gare banto to?
14Nmo pɛ se nabiina nye de ywona dedaane wo-korro telo na wo naneo wone ye te ba jege yuu tu to mo. 15Mo kokuri Babilonia tiina bam yeini ba ma gwoli-dole ba ja nɔɔna nenɛɛne ba ye ywona mo tei. Ba jaane nɔɔna mo ba ke ba chworu tem wone ye ba mɔna. 16Ba ke kaanem ba zuli ba chworu tem, bɛŋwaane te pae se ba nae wodi-laaro ba di, ye ba ŋwea ywomma.
17Konto to, nmo nam daa‑n ta wó pa se ba chɔge teene dem maama taa, ye yibwona tera na?",https://www.bible.com/bible/3661/HAB.1.KBG
HABAKUKI 2,"Baŋa Wɛ na leiri o ke belei tei to
1Amo wó zege nayuu kom baŋa ne mo a cheigi se a nii Baŋa Wɛ lage o ta bɛ mo o bere-ne se o leiri a pompona kam. 2Baŋa Wɛ ma leiri o ta de amo o we:
“Popone a na le wonnu telo a bere‑m to jaja n ke tɔnɔ wone. Konto wó pa se balo na wó pa taane dem yi nɔɔna to ni ko kuri se ba de lwoni ba bere nɔɔna. 3Maŋa ta wo yi se wonnu telo a na wó le a bere‑m to ji chega. Ko nam bá dáane se maŋa kalo te na wó ji chega to ba ka yi. Ko ná nye de ko wora ko dáane mo de, daa‑n ta peene n cheigi, se ka maŋa kam wó seene ka yi se veera yam ji chega.
4Nii! Bere-n-tete nyena bam mo wó ga ba ŋwea. Wolo maama na jege chega Wɛ tei ne to wó na ŋwea o wo-dedoa kam ŋwaane.
5Jejegero nam gane nɔɔna pa se ba to mo. Siu de maa tera ko pa bere-n-tete nyena bam. Ba jege puseŋa mo ye ba kaŋe ba nia kayɔn-yɔlɔ ne toone de yibeela to. Ba yeini ba le teene dedɛ se ba taa jega, ye ba wane de nɔn-bia bam.
6Dɛ wó ba de yi pa se ba na wane balo to jwoori ba bɛɛse nɔɔna bam konto. Ba wó de dende ba ma mɔne bere-n-tete nyena bam ye ba we, ‘Lɛɛro wo á baŋa ne, abam balo na gane nɔɔna ye á vere-ba se á ma á duni to. Abam wó ke konto taa se á vo á maŋe yei ne mo?’
7Balo á na jene ba tei ne to wó zaŋe lela ba jwoori ba jwoŋi ba wonnu tem. Ba ta wó pa á ŋwe tedwonna de á woli da. Abam dona mo lage ba jwoori ba wane abam, se foone zo abam. 8Abam wane teene dedɛ nɔɔna mo á go-ba ye á vere ba wonnu. De konto maama de, nɔɔna balo na daare to de mo lage ba jwoori ba vere abam de wonnu tem. Kokuri to, á ke tigura mo logo kom baŋa ne ye á go nabiina teene maama wone.
9Lɛɛro wo á baŋa ne, de á na ke dam á ma á vere wonnu zanzam se á ma á ji naduna to. Á ma‑á kwaane se abam sɔŋɔ kom taa zege lanyerane se ko yé chɔge. 10Abam na ke keim-balwaaro ye á chɔge nɔɔna dedɛ konto to, chaveera mo jaane abam dwi dem maama pa se á ga á ŋwea. 11Peero tem ba na mɛ ba ma lɔ á sane dem to, ko woli de bei selo ba na mɛ ba ke nayuni tem to, wonnu tem konto maama mo wó ŋɔɔne te ve abam bora.
12Lɛɛro wo á baŋa ne, dedaane á na go nɔɔna dedɛ, ye á daare á ke keim-balwaaro á ma á lɔ á teo kom á zege to. 13Nii! Paŋwa Tu Baŋa Wɛ nam mo wó pa se teene dem jejegero dwi maama ji kafɛ. Ba na yaare ba lɔ kolo maama ba zege to wó ji tentwarem. 14Baŋa Wɛ nenɔŋ-fɔrɔ kom wó ba ko lɔre jaja, pa logo baŋa su dedaane balo na yei-ko to, ne na na yɔɔre ba su naneo kom wo maama tei to mo.
15Lɛɛro wo abam baŋa ne, dedaane á na pɛ se á dwonna nyɔ sa-dɛɛra ba su, se á laam wane á na ba kuri-nɔrɔ to. 16Baŋa Wɛ wó pa se á zula ji chaveera! O nam wó pa se á tete jwoori á nyɔ sa-dɛɛra bam á bugi, pa se á tiini á na á chaveera. O maa wó kwei na-zoŋa kalo na wo o jazem ne to o pa abam, se á nyɔ ka wone ye á na waarem. 17Abam mo zage Lebanon teeni dem á de tega ne, ye á daare á zeili kago-vara bam maama á go. Wɛ nam wó zage abam o de tega ne! Kago-vara bam wó jwoori ba ja foone ba ba abam baŋa! Kokuri to, abam go nɔɔna dedɛ ye á ma dam á chɔge logo baŋa teene dedaane de nɔn-bia bam maama.
18Jwoni jege bɛ nyɔɔre mo de pae nabiina? De za jege wolim dɔ mo ye nɔɔna maa jege teena de baŋa ne konto to? Jwoni fɔ vwa yerane mo. Nabiinu mo ke-de o zege, ye de nam ware se de puri de ni de ŋɔɔne. 19Lɛɛro wo abam baŋa ne! Abam yeini á kwei daa naa kandwɛ ye á tɛ á we, de zaŋe wɛɛne de jwoŋi abam de yage! Jwoni wae de ŋɔɔne na? Nabiinu mo kwei sabu-seŋa naa lu-nyenno o ma o kwoli de maama, ye de ba ŋwe.”
20 Baŋa Wɛ nam wo o telaao sɔŋɔ kom ne mo. Logo baŋa nɔɔna maama jege se ba taa ye chemm mo o yiga ne.",https://www.bible.com/bible/3661/HAB.2.KBG
HABAKUKI 3,"Habakuki wɛ-lworo kom
1Wɛ-lworo konto mo Wɛ ni-jwoŋinu Habakuki déem mɛ o ji leiŋa o leeni o pa Baŋa Wɛ.
2 Baŋa Wɛ, nɔɔna taga ba bere-ne kolo maama nmo na ke to.
Konto ma pa se a kɔre‑m lanyerane.
Nam ta jwoori n ke konto zem dɛ dem ne,
ne nmo déem na maŋe n ke tei to.
Nmo bane ná maŋe de zaŋe de,
daa ta duri dé ŋwaŋa.
3 Baŋa Wɛ zege Teman ne mo o beena.
Wo-pwoŋo Tu Wɛ mo zege Paran peero tem seeni o maa beena.
O nenɔŋ-fɔrɔ kom ma kwoli wɛyuu kunkwonnu tem maama.
Nabiina maama laam ma pa‑o zula tega baŋa ne.
4O nyeena mo nenɛɛne doa na pepele tei to.
Mini ma pepele de nwoŋi o jeŋa wone,
mɛ seeni o dam dem na seigi to.
5O pae se jaweero da o yiga,
ye toone de maa tɔge o kwaga.
6O na zege mɛ to,
tega kam ziziŋi mo.
O ma nii logo baŋa nɔɔna bam,
ye ba maama yera sae mo vare-vare.
Faŋa faŋa peero tem ma bwori yera yera.
Zwonnu telo o déem na vei te baŋa ne to ma jwoori te palese.
7Amo nɛ we foone mo zo Kusan dwi tiina bam.
Midian dwi tiina bam de yera maa tiini ya sae.
8 Baŋa Wɛ, ko ye bwi sem mo pɛ n bane zaŋe na?
Nmo jege ban-lom naneo kom ŋwaane mo na?
Nmo déem diini sisein-nɔɔna n vo kunkwonnu tem baŋa ne,
ye n dɔge nmo toroko kom baŋa ne.
Ko maa ye se n ja jara n wane n dona bam.
9Nmo ma saŋe n taŋa kam mo
se n ta n chena yam.
Nmo pɛ se doa tiini ka mage tega kam,
pa se nabare laam dura.
10Peero tem na nɛ nmo keim dem to, te ziziŋi mo.
Doa ma nwoŋi wɛyuu ne ka chuura tega ne.
Naneo kom de maa wuura de dam,
ye na bam popɔgele dedɛ.
11Nmo chena yam na vei de fora
ye n chichwei dem de pepele to,
ko ma pa se wea kam dedaane chana kam zege chemm wɛyuu ne.
12Nmo bane dem na zaŋe konto to,
n vei logo baŋa maama wone,
ye n laam nɔne dwi-gɛ tiina bam baŋa ne.
13Nmo na zaŋe n nwoŋi de dam konto to,
ko ye se n jwoŋi balo na ye nmo jeŋa nɔɔna to,
se n daare n vere n dam-fɔrɔ tu wom.
N ma n chɔge nɔn-balwaaro yiga tu wom,
dedaane o kwaga kam maama.
14O na nwoŋi de o jar-keira bam se o jage debam to,
nmo mɛ o tete chichwei mo n ma n zɔ‑o o yuu seeni,
ye ba ya boŋe we ba wó wane debam lela,
nenɛɛne nɔɔna na bɛɛse nɔn-zora tei to.
15Nmo nɔne naneo kom baŋa ne de n sisein-nɔɔna,
pa se na bam popɔgele mo ye ba zaŋe de puŋa.
16Amo nigi tento maama,
ye a yera sae vare-vare.
Foone tiini de zo-ne lanyerane,
pa se a bochare di ye a yera nyɔne.
Amo laam nam wó taa ye chemm mo
ye a cheigi se Wɛ ba o waare balo na bɛɛse debam to.
17-18Teeni dem dedaane kara wodiiru ná maŋe te wo leigi bia de,
amo daa ta wó taa jege wopwolo Baŋa Wɛ ŋwaane.
Pei sem maama ná tega de,
ye naane ná tera nabwoo kom wone,
amo daa ta wó taa jege wopwolo,
Baŋa Wɛ na cho amo to ŋwaane.
19Amo Teiru Baŋa Wɛ ye wolo na pa-ne dam to.
O ma pa se a nɛ kwaare tega,
nenɛɛne tɔgɔ nɛ na ye tei to mo.
O laam cho-ne se a yé to peero tem yuu ne.
(Lei yiga tu wom: Ta‑n yei we leiŋa kanto ye se ba ma kwanno mo ba ma leeni-ka.)",https://www.bible.com/bible/3661/HAB.3.KBG
ZEFANIA 1,"Baŋa Wɛ ban-zɔŋɔ dɛ dem
1Kwora kalo Baŋa Wɛ na kwei o pa Zefania maŋa kam Amon bu Josia na ye Judah teo pɛ to mo tento. Zefania ye pɛ Hezekia dwi tu wolo de na nwoŋi Amaria, de Gedalia, de Kusi dwia yam wone to mo.
2 Baŋa Wɛ taga o we:
“Amo lage a saare woŋo kolo maama na wo tega baŋa ne to mo.
3Amo wó chɔge nabiina bam, de vara bam,
de zuna bam, de ywona yam maama.
Amo wó pa se puseŋ-nyena bam to tega ne,
ye nɔɔno de dedoa de bá daare.
Amo Baŋa Wɛ na tage kolo to mo konto.
4Amo wó zaŋe Jerusalem tiina
de Judah tiina bam maama baŋa ne.
Ko ná ye balo ta na zuli Baal jwona yam to,
amo wó le-ba jei sento wone a yage.
Ba jwona kaanem yiga tiina bam de wó jei,
pa se ba yera saare tega kam baŋa ne.
5Amo ta wó chɔge balo maama na yeini ba diini nayuu
ba jɔɔne wea, de chana, de chalechwe sem to,
ko woli de balo na zuli amo Baŋa Wɛ
ye ba ta du duuri de Moleka jwoni dem to.
6Ko ná ye balo na jwoori amo Baŋa Wɛ kwaga ne
ye ba daa ba laga se a taa nii ba baŋa ne to,
amo wó chɔge banto maama de.”
7Yuu-tu Baŋa Wɛ borem dɛ dem bwola.
Konto ŋwaane ta‑á ye-na chemm o yiga ne.
Baŋa Wɛ wora o ti o yiga se o kwei Judah tiina bam
o ke ba dona jeŋa ne,
ne o na lage o ke kaanem tei to.
8-9 Baŋa Wɛ ma ta o we:
“Dɛ dem ba na wó ba ba gwoni ba yum konto to,
amo wó waare pɛ wom dedɛɛra bam,
de o bia bam maama.
Banto yeini ba ma dam de kampina mo ba vere nɔɔna wonnu
se ba kwei-te ba tiŋi ba tu wom diga ne ba su.
A ta wó waare balo na jege veira chullu ba tɔga
ye ba zuli jwo-yɔɔro to.
10Dɛ dem konto ná yia,
keira wó zaŋe teo kom Ywona Ni dem ne.
Abam ta wó ni nɔɔna na chwoosa
teo kom jei-doŋa laŋa kam ne.
Sɔɔ-balɔrɔ de maa wó nwoŋi peero telo na gilimi da to.
11Abam balo na zoore teo kom yaga jei sem ne to,
ta‑á keeri-na,
pipim-piina de sabu-leinna bam maama na jei to ŋwaane.
12Kanto maŋa kam ne, amo wó tɔrege min-zwoŋo
a beeri Jerusalem gugworru maama wone.
Ko ná ye balo na boŋe we ba sii mo ba wɛleera wone
ye ba tɛ we,
‘Baŋa Wɛ bá ke debam kolokolo,
ko ná ye chɔgem naa wolim’ to,
amo wó waare-ba.
13Banto tete dona mo lage ba vere ba jejegero tem
ba daare ba chochoge ba sam dem.
Ba wó lɔ sam,
ba nam bá zo de wone.
Ba ta wó jeiri Vini teeni bia,
ba nam bá na de sana ba nyɔ.”
14 Baŋa Wɛ dɛ-kamunu kom konto bwola.
Dɛ dem duri mo lela se de yi.
Baŋa Wɛ dɛ dem wó ja chanɛɛre de ba.
Babɛ maa wó keeri ba wo-chechɔgɔ ŋwaane.
15 Baŋa Wɛ ban-lom wó tiini de zaŋe dɛ dem konto ne.
De wó ja wo-chechɔgɔ de cham de ba.
Chɔgem de wó tiini de taa wora.
Dento dɛ dem wó taa ye lim yerane mo.
Kunkwonnu tem wó zwori te li tega kam maama biramm.
16Nabwanno wó wu. Tiguri-kaasa de maa wó zaŋe.
Jara yam wó yi teene delo na lɔge de pe to,
dedaane de di-dedwaaro tem.
17 Baŋa Wɛ maa we:
“Amo wó pa se chanɛɛre yi nabiina
se ba taa vei ne lilwoa tei,
ba na ke wɛleere ba chɔge a yiga to ŋwaane.
Ba yera jana wó lwo nenɛɛne na na chuuri tei to,
ye ba ya-nɔna faare tega ya pɔ.”
18 Baŋa Wɛ ban-lom dɛ dem ná yia,
nabiina lu-nyenno de ba sabu-seŋa bá wane te jwoŋi-ba te yage.
O ban-zɔŋɔ kom wó chɔge logo baŋa maama,
ne mini na zwɛ wonnu tei to.
Wɛ wó ke lela o saare nabiina bam,
pa ba maama jei kula!",https://www.bible.com/bible/3661/ZEP.1.KBG
ZEFANIA 2,"Nɔɔna bam jege se ba leiri ba wo
1Nam ke-na daane se á tu á tete Wɛ yiga ne,
á na maŋe se chaveera ja abam to ŋwaane.
2Kokuri to, dɛ dem lage de yi lela
se Baŋa Wɛ laam zeili abam o yage,
nenɛɛne vio na fuli poro ko yage tei to.
Dɛ dem konto ne, o ban-lom dem lage de ba de zwɛ abam mo kula,
ne mini na to wonnu wone ko di maama tei to.
3Abam balo na zoore logo kom wone
ye á tu á tete á daare á tɔge Wɛ nia yam to,
kwaane-na se á lɔre Baŋa Wɛ.
Ta‑á ke-na kolo na lana to,
se á daare á tu á tete Wɛ yiga ne.
Dɛ delo Baŋa Wɛ wó kwoli abam
se chɔgem dem yé tɔge de yi abam
o ban-zɔŋɔ dɛ dem ne.
Filisi tiina taane
4Ta‑á yei-na we nɔɔn-nɔɔno daa bá daare Gaza teo wone.
Asekelon de wó taa ye di-dwonnu yerane.
Ba lage ba zeili Asedodi tiina maama ba yage,
ye wɛ ta wo yi yupare baŋa.
Ba ta wó gɔ Ekoron tiina de ba yage.
5Abam Filisi tiina balo na zoore naneo kom ni ne to,
lɛɛro wo á yuu ne!
Abam Filisi tiina na zoore Kanaan ne to,
Baŋa Wɛ maŋe o di abam taane ye o we,
“Amo nam wó yɔɔre a chɔge abam
ye nɔɔn-nɔɔno bá lu.”
6Abam teene delo na bwola de naneo kom to
wó ji naane pwola de najere mo.
7Judah dwi tiina balo na daare to mo wó jwoori
ba jwoŋi á tega kam ba taa tei.
Ba vara wó taa beeri ba di jei sem konto ne.
Tega ná yeini ka yi,
nayera bam wó peini Asekelon di-dwonnu ne.
Ba Tu Baŋa Wɛ wom wó taa nii ba baŋa ne
pa se ba jwoori ba taa jege yu-ywoŋo.
Moaba de Amon tiina taane
8Paŋwa Tu Baŋa Wɛ wom na ye Isarele tiina Wɛ to maa we:
“A nigi Moaba tiina de Amon tiina na jege a nɔɔna bam ba twea
ye ba yaale-ba tei to.
Ba maa bere ba tete we
ba wó jwoŋi ba tega kam ba taa tei.
9Ne amo Baŋa Wɛ na jege ŋwea tei to,
ko ye chega mo we,
Moaba de Amon tiina bam wó yɔɔre ba na chɔgem
nenɛɛne ko na ke Sodom de Gomora teene dem tei to.
Ba teene dem wó ji yɛ-bɔɔro de di-dwonnu yerane,
ye ga-cheiŋo lware tega kam maama taa wuu.
A nɔɔna balo na daare to mo lage ba vere ba wonnu
ye ba daare ba jwoŋi ba tega kam.”
10Konto to, Moaba de Amon tiina bam wó na ba nyɔɔre
ba teera yam baŋa ne,
de ba na jege Paŋwa Tu Baŋa Wɛ nɔɔna bam ba twea
ye ba mɔne-ba to ŋwaane.
11 Baŋa Wɛ mo lage o yɔɔre o fugi-ba,
ye o pa se tega baŋa wa yam maama dam ti.
Logo baŋa teene dem maama ná maŋe ba zoore mɛ maama,
ba laam wó ba ba taa zuli wonto Baŋa Wɛ.
Kusi tiina taane
12Ko ta ná ye abam Kusi tiina bam,
Baŋa Wɛ mo lage o pa á te jara wone.
Asiria tiina taane
13 Baŋa Wɛ wó zaŋe teene delo na wo tega-baŋa seeni to baŋa ne.
O lage o yɔɔre o chɔge Asiria de ko teo kamunu Ninevɛ,
pa se tega kam ji te-kora jei
mɛ nɔɔn-nɔɔno na tera to.
14Naane de pei wó taa peini teo kom wone
ko ta woli de ga-vara dwi maama.
Kunkworru de bachangaaro maa wó taa tigi di-dwonnu tem ne te keera.
Te da-ŋonno tem maama wó taa tigi mo ja,
pa se nɔɔna taa tui ba le-te.
15Ninevɛ teo kom ya lana dedɛ.
Nɔɔna balo na zoore ko wone to tiini ba jege kamunni mo
ye kolokolo ba daane-ba.
Ba maa boŋe we banto teo kom mo dwoi
teene dem maama logo baŋa ne.
Teo kom konto nam mo lage ko ji di-dwonnu
se ga-vara dwi maama taa tigi da.
Balo maama na wó tɔge da ba kɛ to
wó yeeri mo ye ba dole ba je.",https://www.bible.com/bible/3661/ZEP.2.KBG
ZEFANIA 3,"Jerusalem tiina taane
1Lɛɛro wo á teo kom baŋa ne!
Ko nɔn-bia bam maa ye zwabani-nyena,
de puseŋ-nyena, de nɔn-kayɛ yerane mo.
2Ba tiini ba jege yi-dɛɛre
ye ba ve koresem.
Ba wo ke ba wo-dedoa de ba Tu Baŋa Wɛ wom
naa ba sale o yera ne.
3Teo kom nakwa bam yeini ba fugi nɔɔna
nenɛɛne nywonnu na ŋuuri tei to mo.
Ko dedɛɛra bam jege wo-loŋo
ne wiira na ba di ba daara se tega poore-ko tei to mo.
4Ba sampwori sem maa ye kampin-nyena na jege nia yalei to.
Ba kaanem tiina bam ve Wɛ nia yam
pa se ba chɔge Wɛ diga kam chullu tem.
5 Baŋa Wɛ nam ta wo teo kom wone.
O maa jege chega yerane
ye o ba tusa de fenfee de.
Tega ná yeini ka poore dɛ maama wone o toŋa
se chega kam mo jeini ka pa o nɔɔna,
ye o ba yaga.
Puseŋ-nyena bam nam ta toŋe lwarem mo
ye chaveera ba jege-ba.
Baŋa Wɛ maa we:
6“Amo chɔge logo baŋa dwi tiina dedɛ,
pa se ba dam jei sem to buru-tu-tu.
Nɔɔn-nɔɔno daa tera ba teene dem wone.
Nɔɔna maa ba tɔge de chwei sem ba via.
Ba te-fwaaro tem maama tigi mo zɛɛra,
ye nɔɔno de dedoa de wo daare.
7A nam ya boŋe we abam laam wó taa kɔre amo
ye á sɛ a koresem dem.
A nɔɔna bam ya ná ke konto,
ba sam dem ya bá na chɔgem,
ye a waarem dem bá yi-ba.
Ba nam yɔɔre ba kwaane mo ba toŋe lwarem
ba dɛ dɛ totoŋa baŋa ne.”
8 Baŋa Wɛ ta ma ta o we:
“Konto ŋwaane cheigi-na se a laam ba abam tei.
Dɛ dem konto ne amo wó zaŋe a bere we
logo baŋa dwi tiina bam ba jege chega.
Amo boŋe a ja se a la logo baŋa dwi tiina bam
de balo na zoore teene dem maama ne to mo a ke daane,
se a pa ba lɔre a ban-lom na ye tei to.
Amo wó pa se a bane tiini de zaŋe ba baŋa ne
ye logo kom maama wó chɔge zɔŋ-zɔŋ,
ne mini na zwɛ wonnu tei to.
9Amo laam wó leiri nɔɔna bam ni-taana,
pa se ba maama taa lwoori amo Baŋa Wɛ
ne ko na maŋe se ba ke tei to.
Ba maama wó tɔge daane ba zuli-ne de ni dedwe.
10Ko ta ná ye amo nɔɔna balo na jage ba vo ba gaale Kusi bwi sem,
ye ba zoore teo konto yiga yiga wone ba zuli-ne to,
banto wó ja ba pɛɛra ba jwoori ba ba ba pa-ne.
11Kanto maŋa kam ná yia, abam daa bá taa wo chaveera wone
de á na nwoŋi a kwaga ne tei to ŋwaane.
Kokuri to, amo wó le balo maama na bere ba tete kamunim to á wone.
Nɔɔna daa bá taa jege teera
peo kolo amo na zoore da to baŋa ne.
12Ko ná ye nɔɔna balo na wó daare á wone to,
banto wó taa ye nabwona balo na gwooni ba tete to.
Ba ta wó taa sale amo Baŋa Wɛ yera ne.
13Isarele dwi tiina balo ta na daare to bá ke nɔɔn-nɔɔno lwarem.
Ba bá fɔ vwa, ye ba nam bá gane ba dwonna.
Ba wó na peiga jei ye ba sii.
Nɔɔn-nɔɔno daa bá fugi-ba.”
14Zion tiina bam, ta‑á leeni-na!
Isarele tiina bam maama, ke-na sɔɔ na ywona to!
Jerusalem teo kom tiina, ta‑á jege-na wopwolo
ye á chaka lanyerane!
15Kokuri to, Baŋa Wɛ lage o le abam á waarem dem maama wone.
O ta wó zeili á dona bam maama o yage.
Baŋa Wɛ wom na ye Isarele tiina pɛ to wo abam tei ne.
Foone daa ba jege se ko ja abam daga.
16Dɛ dem konto ná yia,
ba wó ta de Jerusalem tiina bam we:
“Zion tiina bam, yé ta‑á kɔre-na foone.
Nam yé pa-na á vɔna pare.
17Abam Tu Baŋa Wɛ wom wo abam tei ne.
O jege dam ne babea tei se o ma o vere abam.
Baŋa Wɛ yiga wó taa wo abam baŋa ne,
ye á jwoori á na dam o swono kom ŋwaane.
O daa ta wó puli seinim lei á ŋwaane,
18nenɛɛne nɔɔna na di kuri ye ba jege wopwolo tei to.”
Baŋa Wɛ maa we:
“Amo lage a le lɛɛro telo na wo á baŋa ne to a yage.
Chaveera daa ba jege se ya ja abam.
19Nii-na! Maŋa kam ná yia,
amo wó waare balo na bɛɛse abam to.
A ta wó jwoŋi balo na ye gwaaro to,
a daare a la balo maama na jage to a ke daane.
Amo wó pa se ba chaveera leiri ya ji zula,
pa se ba na yere logo baŋa jei maama ne.
20Maŋa kam konto ne, a lage a la abam a ke daane,
pa se á jwoori sɔŋɔ mo.
A ta wó pa se á na zula ye á yere zaŋe
logo baŋa dwi maama tei ne,
ye á jwoori á ta‑á jege yu-ywoŋo.
Abam yia wó na amo keim dem konto.”
Baŋa Wɛ na tage kolo to mo konto.",https://www.bible.com/bible/3661/ZEP.3.KBG
HAGAYI 1,"Wɛ diga kam kwɛɛm
1Bene delo Pɛ Darusi na di paare o ke bena yalei to chane seredo boboa dɛ dem ne mo Baŋa Wɛ kwora déem yi o sampwora Hagayi. Kwora kam nam ye se ka pa Selateli bu Zerubabel mo. Wonto déem mo ye Judah teo kom maama yuu tu. Ka ta maa jege se ka yi Jehozadaki bu Josua, o na ye Wɛ kaanem nakwe tu to.
2Paŋwa Tu Baŋa Wɛ nam tage tento mo o bere Hagayi we, “Nɔɔna bam kare ba tɛ ba we, maŋa ta wo yi se ba fɔge ba lɔ Baŋa Wɛ diga kam.” 3Baŋa Wɛ laam ma pa o sampwora Hagayi kwora se o lwoni o bere nɔɔna bam ye o we:
4“Abam na zoore sɔ-ŋonno telo na fɔge lanyerane wone to, ye amo diga kam laam zege nenɛɛne di-dwoŋo to, ko maŋe na? 5Paŋwa Tu Baŋa Wɛ ta maa we: Fɔge á maane á ŋwea wone se á nii ko na ye tei to. 6Abam ná yeini á du wo-dwa dedɛ, á wó zage fenfee mo. Abam seene á ba gae se á di. Ko nam na ye tei to, á ba fɔge á di á sui. Á jege na se á nyɔ, ye na-nyɔm ta jege abam. Gwaaro telo á na zoore á yera ne to maa ba kwoli á waaro. Á na toŋe se á jwoŋi ŋweero telo to ba fɔge te woli abam, ko nye de á kwei-te á ke gare-fɛɛla yalo na jege bɔɔna to wone mo.
7Paŋwa Tu Baŋa Wɛ nam we: Fɔge á maane á ŋwea wone se á nii ko na ye tei to. 8Diini-na peero tem yuu ne á beeri da-ŋonno á ja á ba. Laam kwei-na-se á ma á fɔge á lɔ diga kalo amo yi na wo taa sui to, se á daare á ta‑á zuli-ne ka wone. 9Abam ya teene se á zage wodiu dedɛ mo, ye ko ji fenfee ko pa abam. Kolo á na maŋe á ja á zo diga to mo a fuli de vio a yage a daare abam. Bɛ mo ye a ke konto? Ko ye abam yia na seene á tete sam lɔɔm baŋa ne, ye á yage amo diga kam pa se ka ji di-dwoŋo ka zega to ŋwaane mo. 10Konto ŋwaane nam mo pa se nyɔnɔ daa ba toe. Tega kam de maa ware wodiu se ka ke ka pa abam. 11Amo ta ma pa se da-kore zege á tega kam maama baŋa ne. Ko ná ye á kare sem, de peero tem, de mɛ maama wodiiru na lage te ke to, de mena, de Vini teeni, de Olivi nuga teeni na wo mɛ to, tento maama kwaare mo. Ko ma zo abam tete yera dedaane á vara maama yera, ye á totoŋa maama de ji kafɛ.”
12Zerubabel, de Wɛ kaanem nakwe tu Josua, ko woli de balo maama na dɛ ba nwoŋi sa-teene yiga yiga ba jwoori Jerusalem to maama na nigi Wɛ sampwora Hagayi taane dem konto to, ba déem ma sɛ ba Tu Baŋa Wɛ kwora kam. Ba ma sɛ we Baŋa Wɛ ni dem tɔge Hagayi baŋa ne mo de yi-ba, ye ba bobo se ba taa zuli Baŋa Wɛ de chega.
13 Baŋa Wɛ tontoŋeno Hagayi déem ma kwei Wɛ ni dem o pa nɔɔna bam ye o we, “Baŋa Wɛ pwooli we, o wora de abam mo.”
14 Baŋa Wɛ ma ja nɔɔna bam maama boboŋa o ke daane. Ko ná ye Zerubabel na ye Judah teo kom yuu tu to, de Josua na ye Wɛ kaanem nakwe tu to, de balo maama de na dɛ ba nwoŋi sa-teo yiga yiga ba jwoori to, ba maama ma ba ba gilimi daane, se ba taa toŋe Paŋwa Tu Baŋa Wɛ wom na ye ba Wɛ to diga kam lɔɔm totoŋa. 15Darusi paare dim bena yalei tu bene dem chane seredo sem da finlei-yana dɛ dem ne mo ba déem bobo ba fɔge ba lɔ Wɛ diga kam.",https://www.bible.com/bible/3661/HAG.1.KBG
HAGAYI 2,"Wɛ di-doŋa kam nenɔŋa taane
1Chane serepɛ sem da finlei dedwe dɛ dem ne mo Baŋa Wɛ ŋɔɔne de o sampwora Hagayi. 2O ma ta‑o se o lwoni o kwora kam o bere Selateli bu Zerubabel na ye Judah teo kom yuu tu to, de Jehozadaki bu Josua na ye Wɛ kaanem nakwe tu to, dedaane nɔɔna balo na dɛ ba nwoŋi sa-teo ba jwoori to maama. Wɛ ma bwei-ba o we:
3“Abam wɔ mo nɛ Wɛ diga kam nenɔŋa déem na ye tei boboa ne to ye n ta wora zem? Á nam ná lage se á kwei ka déem na ye tei se á maŋe de ka zem nenɔŋa kam, ko ye tetɛ mo? Abam wo maane we ka daa ba jege zula se ka yi Wɛ di-dwoŋa kam na? 4Nam yé pa-na se á vɔna pare ko ŋwaane, se amo, Paŋwa Tu Baŋa Wɛ wo abam tei ne. Zerubabel, de Josua, ko ta woli de á kɔgɔ kom maama, ke-na baare á tete ne se á ta‑á toŋa. 5Maŋa kalo á kwoa bam déem na nwoŋi Ejipti ne to mo a yɔɔre a gwoni ni de-ba we, amo wó taa wora de abam. Amo Jworo ta maa wo abam tei ne. Nam yé ta‑á fona.
6Amo, Paŋwa Tu Baŋa Wɛ mo we: Ko ná ke fee amo daa ta wó jwoori a pa se wɛyuu kom de tega baŋa maama ziziŋi. A nam ta wó ziziŋi naneero tem de tega kam maama. 7Amo wó pa se tega baŋa teene dem maama ziziŋi pa se de nɔn-bia bam zeŋe ba jejegero ba ba ywo-seeni. Amo diga kam laam wó tiini ka na nenɔŋa ko baŋa ne. 8Amo, Paŋwa Tu Baŋa Wɛ mo we: Lu-nyenno tem, dedaane sabu-seŋa maama ye amo mo tei-te. 9Di-doŋa kanto abam na wora á lɔ to wó taa jege nenɔŋa se ko dwoni di-dwoŋa kam. Jei sem konto ne amo wó pa se a nɔɔna maama na yazura de bochare-zuru. Amo, Paŋwa Tu Baŋa Wɛ mo tage konto.”
Hagayi lare dedaane Wɛ kaanem tiina
10Bene delo Pɛ Darusi paare dim na wó ke bena yalei tu to chane nogo kom da finlei-yana dɛ dem ne mo Baŋa Wɛ daa pɛ o kwora yi o sampwora Hagayi. 11O maa we:
“Amo, Paŋwa Tu Baŋa Wɛ mo we: Véi a kaanem tiina bam tei n bwei-ba n nii ba boŋe ba ja bɛ mo keim dento baŋa ne: 12Nɔɔno ná kwei nɔne delo ba na pɔɔre-de ba tiŋi Wɛ kaanem ŋwaane, ye o kukuli-de o ke o gɔrɔ wone, o ná tu o kwei gɔrɔ kom konto o dwei wodiu kolo dwi maama, keim dem konto wó wane de pa se wodiu kolo o gɔrɔ kom na dwei to lɛɛre ko taa ye wose na? Ko ná ye bworobworo, naa dwoa, naa sana, naa nuga, naa wodiu kolo dwi maama, ko wó ke konto na?” Kaanem tiina bam ma leiri we, “Aawo.”
13Hagayi daa ma bwei-ba o we, “Se nɔɔno nam ná dwei too yera pa se ko bere we o digiri o tete de chullu tem mo, ye o laam ná tu o dwei wodiiru tento maama, o keim dem konto wó pa se wodiiru tem digiri na?” Kaanem tiina bam ma leiri‑o ba we, “Ɛɛ, te de wó digiri mo.”
14Hagayi laam maa we:
“Baŋa Wɛ nam tage we, o nii teo konto de ko nɔn-bia bam se ko taa ye konto mo. O nɛ we á na ke kikia yalo to, de á na yeini á kwei wonnu telo á ma á ke kaanem o bimbini dem baŋa ne á pa‑o to maama wo maŋe de o chullu tem mo. 15Baŋa Wɛ nam we:
Ko na zege zem se ko taa via, fɔge-na á maane á nii ko na ye tei to. Guli-na abam ya ta na wo beiri amo Baŋa Wɛ diga kam kuri ye á na cham tei to. 16Á ná vei á kare sem wone, á teene se á ja wodiu zwe finlei mo á zo diga ye zwe fuga yerane mo wora. Abam ta ná teena se á ŋoke sana á ke kunkwollu finnu wone, á wó lwo-ba á su kunkwollu finlei yerane mo. 17Ko ye amo mo pɛ se we-chera, de do-kandwa, de wodiiru jaweero ja á jeŋa totoŋa te chɔge. De konto maama nam, abam ta wo jwoori amo tei. 18Ko nam na zege zem dɛ dem na ye chane nogo kom da finlei-yana to, fɔge-na á maane á nii ko na ye tei to. Boŋe-na á nii Wɛ diga kam kuri zem na chwi se ko taa via ye ko ke abam tei to. 19Abam ta jege mena á tuli wone na? Ko ná ye á teeni dem, Vini teeni, de Olivi teeni, de kaporro, de Pomegara teeni, de daa ta wora de leiri bia na? De ko maama de, ko na zege zem se ko taa via, amo mo lage a swɛ abam swolim.”
Baŋa Wɛ gwoni ni o pa Zerubabel
20Dɛ dem konto na ye chana kam da finlei-yana to, mo Baŋa Wɛ daa pɛ Hagayi kwora o ke kuni belei. 21O maa we:
“Zaŋe n vo Judah teo kom yuu tu Zerubabel tei n ta we: Amo lage a pa se wɛyuu kom de tega baŋa maama vuvugi. 22A ta wó ja dwi-gɛ tiina pwa, se ba paare dim dam maama ti. A lage a pipiri jara-keim sisei-torokooro de balo na diini-te to mo a pu tega ne. Jar-keira sisein-nɔɔna bam maa wó to tega ne, ye balo na diini-se to go daane pa se ba maama te.
23Amo Paŋwa Tu Baŋa Wɛ we: Dɛ dem konto nam ná yia, amo mo lage a le nmo Zerubabel na ye Selateli bu to. Nmo ye a tontoŋeno. A nam wó pa se n kwei amo yere n ma‑n ta‑n tei a nɔɔna bam, nenɛɛne nmo ye jafole na bere amo dam tei to mo. Kokuri to, nmo mo ye wolo a na kuri to.
Amo Paŋwa Tu Baŋa Wɛ mo tage konto.”",https://www.bible.com/bible/3661/HAG.2.KBG
ZEKARIA 1,"Fɔɔre-na á twɛ Baŋa Wɛ
1Darusi paare dim bena yalei bene dem chane nana chana kam wone mo Baŋa Wɛ kwora déem yi o sampwora Zekaria. Wonto kwo déem ye Ido bu Berekia mo.
2 Baŋa Wɛ kwora kam mo tento:
A bane déem zaŋe de abam kwoa bam. 3Nam ta de nɔɔna bam we: Paŋwa Tu Baŋa Wɛ na tage tei to mo tento: “Jwoori-na á ba amo tei, se amo de pipiri a jeeri abam. 4Abam de yé ta‑á ke ne á nabaara bam déem na ke tei to. Faŋa to, Wɛ sampwori sedwonna déem tage de-ba mo ba we: ‘Paŋwa Tu Baŋa Wɛ tage tento mo de abam: Yage-na á totoŋ-balwaaro tem se á pipiri á jwoori amo tei ne.’ Ba nam wo cheigi amo kwora kam.” Amo Baŋa Wɛ na tage kolo to mo konto. 5Á nabaara bam konto laam wo yein-seeni mo? Se Wɛ sampwori sem konto de, ba wó taa wora taa wuu na? 6Ko nam ná ye amo nia yam de a bera yam a déem na pɛ a sampwori sem konto to, ya wo seene ya ke ya ja á kwoa bam na? Banto de ma pipiri ba jwoori ba ba amo tei, ye ba we, “Paŋwa Tu Baŋa Wɛ seene o waare debam mo dé kikia ŋwaane, se ko maŋe de o boboŋa na maŋe ya ja se o ke tei to.”
Wɛ veere wonnu o bere Zekaria
1. Sisein-dira taane
7Chane fuga-dedoa chana kam da finlei-yana dɛ dem ne, Baŋa Wɛ kwora déem yi o sampwora Zekaria, o kwo na ye Ido bu Berekia to. Sebate chana kam ne mo konto. Ko maa ye Darusi paare dim bena yalei bene dem ne.
8Tete dem ne mo amo Zekaria nii a na nɔɔno na dɔge sisein-nɔɔno baŋa ne, ka na ye nasoŋo. Mɛ seeni o na zega da to ye bwolo mo ye Motele teeni su ko maama. O laam maa wo de tetare ne. A ta ma na we sisein-nɔɔna sedwonna mo zega o kwaga ne, se na ye nasonno, de nason-pupwiu, de napwonnu, ye nɔɔna de dɔge se baŋa ne.
9Wɛ maleka kadwoŋi déem zege da, ka na ŋɔɔne de-ne. A ma bwei‑o a we, “Amo tu, bɛ mo ye banto maama zege da?” O de ma leiri-ne o we, “Amo wó ta ko kuri a bere‑m.”
10Nɔɔno wolo na wo teeni dem tetare ne to laam ma ta o we, “Banto ye balo Baŋa Wɛ na toŋe se ba taa kare logo ni maama se ba lɔre kolo na jege ko ke da to.” 11Balo na dɔge sisein-nɔɔna bam baŋa ne to de maa lwoni ba kwori ba bere Baŋa Wɛ maleka kam na wo teeni dem tetare ne to ba we, “Debam kaare tega baŋa ni maama, ye dé maane we logo kom maama ye ziim mo, ye kolokolo ba dɔna.”
12 Baŋa Wɛ maleka kam laam ma ta ka we, “Paŋwa Tu Baŋa Wɛ, bena fuserepɛ mo tento nmo bane na yɔɔre de wo Jerusalem teo kom, de Judah teene dem maama baŋa ne. Maŋa kɔ mo nmo bane dem wó to se n duri ba ŋwaŋa?” 13Baŋa Wɛ ma ŋɔɔne ta-laaro telo na bwona ye te zuri bochara to o ma leiri maleka kalo na zege ka ŋɔɔne de amo to. 14Maleka kam konto ma ta de amo ka we, “Pa kwora kanto zaŋe wɛɛne we, Paŋwa Tu Baŋa Wɛ na tage tei to mo tento: ‘Amo yi page a tete teo Jerusalem baŋa ne. 15A bane nam tiini de zaŋe de teene dedwonna dem na boŋe we kolokolo bá daane-ba to mo. Kokuri to, a bane ya zaŋe de a nɔɔna bam fenfee yerane mo. Dwi-gɛ tiina bam laam ma yɔɔre ba pa ko zo ba yera se ko dwoni a ya na boŋe se a ke-ba tei to.’ 16Konto ŋwaane, Baŋa Wɛ tage tento mo o we: ‘Amo laam pipiri a jwoori a ba Jerusalem se a duri a nɔɔna bam ŋwaŋa. Amo diga kam wó jwoori ka lɔ ka zege teo kom wone. Ba ta wó kwei lɔra ŋona kam ba maŋe Jerusalem teo kom ni maama se ba fɔge ba lɔ-ko.’ Paŋwa Tu Baŋa Wɛ na tage kolo to mo konto.
17Nam ta pa se n kwora zaŋe wɛɛne we: Paŋwa Tu Baŋa Wɛ na tage tei to mo tento: ‘Teene delo a nɔɔna bam na zoore de wone to daa wó na jejegero dedɛ se ko gaale. Amo Baŋa Wɛ daa ta wó pa se Zion nɔn-bia bam bochara zuri. A ta wó jwoori a le Jerusalem se ko taa ye a tete nyem.’ ”
2. Nyea yana de gwaro tena taane
18Amo ma kwoni a yuu wɛɛne a nii a na nyea yana. 19A ma bwei maleka kalo na zege ka ŋɔɔne de amo to a we, “Nyea yanto bere bɛ mo?” O de ma leiri-ne o we, “Nyea yam zege ya pa dwi-gɛ tiina balo na mɛ ba dam ba wane Judah tiina bam, de Isarele tiina bam, de Jerusalem teo nɔɔna bam ba jage jei maama ne to mo.”
20 Baŋa Wɛ laam ma le gwaro tena o bere-ne. 21A ma bwei‑o a we, “Banto beene ywo se ba ke bɛ totoŋe mo?” O ma leiri o we, “Nyea yam ya jage Judah tiina bam mo se nɔɔn-nɔɔno yé wane o le o yuu o ke keim. Gwaro tento nam mo lage ba fugi nyea yam, se ba daare ba chochoge ya dam, se teene delo na daane a nɔɔna Judah tiina bam ye ba jage-ba to dam ti.”",https://www.bible.com/bible/3661/ZEC.1.KBG
ZEKARIA 2,"3. Nɔɔno wolo na zei lɔra ŋona o jeŋa ne to taane
1Amo ma kwoni a yuu wɛɛne a nii a na nɔn-doŋo na zege da ye kotu zei lɔra ŋona o jeŋa ne. 2A ma bwei‑o a we, “Nmo ma‑n vei yei ne mo?” O ma leiri o we, “A maa vei se a maŋe Jerusalem teo kom ni mo, se a lɔre ko dedɔrem, de ko kayɔlɔ maŋem na ye tei to.” 3A daa ma na we maleka kalo ya na zege ka ŋɔɔne de amo to fɔɔre ka kɛ dáa, ye maleka kadwoŋi de fɔɔre ka yi kanto de tei. 4Ka maa we: “Ke lela n vo n ta de nɔn-doŋo kom we, ‘Jerusalem wó tiini ko taa yala se ko daa yé taa jege siseini. Ko nɔn-bia de ko vara de nam wó gaale pa ba bá wane ba lɔ kabiri ba che-ko. 5Amo Baŋa Wɛ tete mo wó ji kabira kalo na ye mini yerane to, ye a kaare teo kom maama a pu. A nenɔŋ-fɔrɔ kom de wó taa wo teo kom tetare ne ko bere a dam jaja. Amo Baŋa Wɛ na tage kolo to mo konto.’ ”
Balo na wo sa-teo ne to taane
6 Baŋa Wɛ na tage tei to mo tento: “Hei! Duri-na á nwoŋi baŋa seeni teo kolo wone ba na peene abam to! Kokuri to, amo mo ya seene a jage abam a yage logo baŋa sapɛ sena sem maama seeni. 7Abam balo na ye a nɔɔna ye á zoore Babilon teo tiina bam tei ne to, duri-na á lu se á jwoori Zion seeni!” 8Kolo ŋwaane, Paŋwa Tu Baŋa Wɛ pɛ-ne ni mo se a da o nenɔŋ-fɔrɔ kom ŋwaane a vo a kaane dwi-gɛ tiina balo na bɛɛse abam to, o yi na page abam baŋa ne to ŋwaane. Wolo ná ke abam zonne, ko nye de kotu ke Wɛ tete yi-chele-bu mo zonne. 9Konto ŋwaane, Baŋa Wɛ tɛ dwi-gɛ tiina bam taane o we, “A lage a kwei a dam mo a chochoge-ba, se a daare a pa ba kabɛ selo ya na toŋe se pa-ba to laam zi-ba ba daare ba vere ba wonnu.” Abam laam maa wó lɔre we Paŋwa Tu Baŋa Wɛ mo seene o toŋe-ne.
10Dam-fɔrɔ Tu Baŋa Wɛ na tage tei to mo tento: “Zion tiina bam, leeni-na wopwolo lei! Kokuri to, a lage a ba a taa zoore á tetare ne mo. 11Dɛ dem konto ná yia, dwi-gɛ tiina dedɛ wó pipiri ba ba ba sɛ amo Baŋa Wɛ ye ba daare ba ji a nɔɔna. A maa wó taa zoore á tetare ne.” Ko ná ke konto, abam de laam wó lɔre we Paŋwa Tu Baŋa Wɛ mo seene o toŋe-ne abam tei ne. 12Baŋa Wɛ wó pɔɔre Judah laŋa kam o tete tega kam maama wone se o taa tei-ka. O daa ta wó le Jerusalem se ko taa ye o tete nyem.
13Nabiina maama nam maŋe se ba taa ye chemm Baŋa Wɛ yiga ne mo! Kokuri to, o dɔne o tete mo o zaŋe wɛɛne o telaao sɔŋɔ kom ne, ye o lage o nwoŋi o taa toŋe totoŋa.",https://www.bible.com/bible/3661/ZEC.2.KBG
ZEKARIA 3,"4. Wɛ kaanem nakwe tu wom taane
1 Baŋa Wɛ daa ma le woŋo o bere-ne ye a na Josua na ye Wɛ kaanem nakwe tu to. O déem zege Baŋa Wɛ maleka kam yiga ne mo, ye Setaane de wo o jazem seeni se o ŋɔɔne Josua yera taane o chɔge‑o. 2Baŋa Wɛ ma tɔge o maleka kam baŋa o ta de Setaane o we, “Setaane, Baŋa Wɛ tete mo lage o bwɛ‑m! Baŋa Wɛ maŋe o le Jerusalem se ko taa ye o tete nyem mo, ye wonto mo wó bwɛ‑m! Nɔɔno wonto nye de daa kalo na jaane mini ye ba vaŋe-ka ba le de wone to mo.” 3Josua na zege maleka kam yiga ne konto to, o déem zo gare-digiru mo. 4Maleka kam ma ta de balo na zege ka tei ne to ka we, “Lɔɔre-na gare-digiru tem na wo o yera ne to.” O laam ma daare o ta de Josua o we, “Nii mo. Ko bere we a yage n wɛleera yam mo a ma a chɛ‑m. A laam wó kwei gare-nyenno mo a lɛ‑m.”
5Amo de ma ta a we, “Jan ja! Kwei-na yuu gare-yi delo na lana to á ma á ba o yuu kom.” Ba ma seene ba ke konto ye ba kwei gare-nyenno tem maama ba zo‑o. Ba déem ke konto ye Baŋa Wɛ maleka kam zege ka nia mo.
6 Baŋa Wɛ maleka kam laam ma pa Josua ni dento ye ka we:
7“Paŋwa Tu Baŋa Wɛ na tage tei to mo tento: Nmo ná tɔge a chwei sem n ŋwea wone, ye n toŋe n pa-ne ne a nia yam na bere tei to, amo de wó pa‑m chwoŋa se n ta‑n tei a sɔŋɔ kom de ko konkwallo tem maama. A ta maa wó pa n ta‑n jege chwoŋa se n tɔge de malese selo na zege ywo-seeni to n twɛ amo tei maŋa de maŋa.
8Josua, nmo nam na ye a kaanem nakwe tu to, nmo de n dwonna kaanem tiina balo na jeini n tei ne to fɔge-na á cheigi a taane dento. Abam ye memaŋa mo se ko bere wonnu telo na beene jwa seeni to. Nii mo, a lage a pa a tontoŋeno wolo ba na bwoi‑o we ‘Tio-naga’ to zaŋe o ba. 9A kwei kandwɛ dedoa mo a zege Josua yiga ne, ye de jege sɛ serepɛ. A nam lage a sare poponem mo a yage de baŋa ne. Paŋwa Tu Baŋa Wɛ na tage kolo to mo konto. A ta wó kwei dɛ dedwe yerane mo se a saare teo konto wɛleera yam maama a yage dáa ne. 10Maŋa kam konto nam ná yia, abam dedoa dedoa wó toŋe o bwoŋi o fara se ba ba ba jeini ded‑o o sɔŋɔ woro ne, se ba di wodiu daane ye lwia tera.
Paŋwa Tu Baŋa Wɛ na tage kolo to mo konto.”",https://www.bible.com/bible/3661/ZEC.3.KBG
ZEKARIA 4,"5. Sabu-seŋa min-zwon-zego taane
1Maleka kalo ya na ŋɔɔne de amo to ma ba o susugi-ne, nenɛɛne a ya yɔɔre a dɔ mo to. 2O ma bwei-ne o we, “Bɛ mo nmo nɛa?” A ma leiri a we, “A nɛ min-zwon-zego ba na mɛ sabu-seŋa ba mɔ ko maama to mo. Zoŋa mo wo ko yuu kom seeni de ka wo nuga. Min-zwonnu terepɛ maa wo zego kom baŋa ne. Te maama dedoa dedoa maa jege nia yarepɛ. 3A nam ta nɛ Olivi teeni delei, pa dedoa zege zoŋa kam jazem seeni, ye kokom kom de zege ka jagwia seeni.”
4A ma bwei maleka kam na zege ka ŋɔɔne de amo to a we, “Amo tu, wonnu tento kuri ye bɛ mo?” 5Maleka kam de ma jwoori ka bwei-ne ka we, “Nmo yeiri wonnu tento kuri na?” A ma leiri a we, “Aawo.”
6O laam ma ta de amo o we, “Baŋa Wɛ na jege kwora kalo se o pa Zerubabel to mo tento: ‘Ko dae nmo bembɛɛne ŋwaane, naa n dam ŋwaane mo n lage n na yiga-veiŋa, se ko ye amo tete Jworo ŋwaane mo.’ Paŋwa Tu Baŋa Wɛ na tage kolo to mo konto.
7Peo-zɔŋɔ kom na chege Zerubabel yiga to, n bere we n ye bɛ mo? Zerubabel yiga ne n jege se n palese mo n ji te-kampare. O laam maa wó ja kandwɛ delo na wó guri Wɛ diga kam to o ja o nwoŋi o ke da, se nɔɔna bam maama taa bage ba yaga we, ‘Wɛ zaane dem ŋwaane! Wɛ zaane dem ŋwaane!’ ”
8 Baŋa Wɛ laam ma pa-ne o kwora o we:
9“Zerubabel mo nii pa ba bobo Wɛ diga kanto kuri ba chwi ka biri-beira kam. Wonto nam ta mo wó pa ba lɔ-ka ba guri. Abam laam wó lɔre we ko seene ko ye Paŋwa Tu Baŋa Wɛ mo toŋe-ne abam tei ne. 10Wolo maama ná nɛ Wɛ diga kam lɔɔm na bobo mɛmɛ tei to ye o gwooni totoŋe dem, kotu wó ba o taa chaka de Zerubabel na zei lɔra ŋona ye diga kam lɔɔm kɛ yiga tei to.”
Maleka kam ta ma leiri-ne ka we:
“Min-zwonnu terepɛ tem nam zege te pae Baŋa Wɛ yia yam na dole ya kaare tega baŋa ni maama to mo.”
11Amo daa ma bwei maleka kam a we, “Olivi teeni delei dem na zege min-zwon-zego kom jazem seeni de ko jagwia seeni to kuri ye bɛ mo?” 12A ta ma bwei a we, “Se ko ná ye Olivi teeni nɛ selei sem na wo sabu-seŋa wo-worru telei tem nuga kam na tɔge te wone ka lwoi ka yage to saŋa ne to, se kuri ye bɛ mo?” 13O de ma jwoori o bwei-ne o we, “Nmo yeiri wonnu tento kuri na?” A ma leiri a we, “Aawo.”
14O laam ma ta o we, “Nɛ selei sem konto zege se pae yiga tiina balei balo ba na tiŋi se ba taa toŋe ba pa ba Tu Wɛ wom na tei logo baŋa ni maama to mo.”",https://www.bible.com/bible/3661/ZEC.4.KBG
ZEKARIA 5,"6. Tɔnɔ kolo na jaane wɛɛne to taane
1Amo daa ta ma kwoni a yuu wɛɛne ye a nii a na tɔnɔ mo na yɔɔre ko jaane wɛɛne ko tete ne.
2Maleka kam ma bwei-ne ka we, “Bɛ mo n nii n na?” Amo de ma leiri a we, “A nɛ tɔnɔ mo na jaane wɛɛne. Ko dedɔrem maa ye jatwogo de noa ni maŋem kuni finlei. Ko kayɔlɔ maŋem de maa ye jatwogo de noa ni kuni fuga.”
3O laam ma ta de amo o we, “Tɔnɔ konto jege sensɔle-balɔrɔ mo se ko ja vo ko yi tega baŋa ni maama. Tɔnɔ kom saŋa dedoa wone, ba sɔɔle lwarem mo ba yage balo na ŋɔne to yuu ne we, Wɛ wó saare-ba tega kam wone. Saŋa kadwoŋi kam wone, ba sɔɔle lwarem ba yage balo na bore vwa bora ba ma ba vane ba dwonna to yuu ne we, Wɛ wó saare ba de tega kam wone. 4Paŋwa Tu Baŋa Wɛ nam na pɛ ni delo to mo tento: Amo wó toŋe tɔnɔ konto se ko zo ŋweeno sɔŋɔ, de wolo na mae amo yere o bore vwa bora to de sɔŋɔ. Ko nam ná yi da, ko wó maŋe kotu sɔŋɔ ne mo ko chɔge wonnu maama, se ko kabiri tete, de ko bei sem de da te chɔge.”
7. Kaane wolo na jei garewaa wone to taane
5Maleka kalo na ŋɔɔne de amo to laam ma fɔɔre ka yi a tei ye ka ta de amo ka we, “Nam daa‑n kwoni n yuu wɛɛne n nii kolo na zege da ko beene to.” 6Amo de ma bwei‑o a we, “Woŋo kom konto nam ye bɛ mo?” Maleka kam ma leiri ka we, “Woŋo kolo na beene to ye garewaa mo.” O daa ta maa we, “Ko zege ko pae tusim kikia yalo nɔɔna na ke tega kam maama wone to mo.”
7A ma nii a na we ba dɔne luu kolo ya na pugi garewaa kam ni to. A laam ma na we kaane mo jei ka wone. 8Maleka kam ma maŋe ko kuri ka bere-ne ka we, “Kaane wonto mo bere puseŋa kikia na ye tei to.” Ka laam ma yigi kaane wom lela ka jwoori ka yage garewaa kam wone, ye ka daare ka kwei ni-pugu kom ka pu ni dem goppe.
9A ta na kwoni a yuu a nii wɛɛne konto to mo a daa nɛ kaana balei na zege wɛyuu kom ne ba jaane ba maa beena. Ba maa yaare ba vɔna vio yiga ne ne buga ni zuna na ke tei to. Ba ma vo ba gɔ garewaa kam wɛɛne ba ja ba di wɛyuu baŋa.
10A ma bwei maleka kam a we, “Ba jege garewaa kam ba maa vei yei ne mo?” 11Ka de ma leiri-ne ka we, “Ba jege-ka ba maa vei Babilonia teo mo. Ba nam ná yi da, ba wó lɔ diga se ba kwei garewaa kam ba zege ka wone, se nɔɔna laam taa zuli-ka.”",https://www.bible.com/bible/3661/ZEC.5.KBG
ZEKARIA 6,"8. Torokooro tena taane
1Amo daa ma kwoni a yuu wɛɛne a nii a na sisei-torokooro tena na nwoŋi peero telei tetare laŋa ne te maa beena. Peero tem maama yɔɔre te ye channa yerane mo. 2Sisein-nɔɔna balo na vaŋe boboa toroko kom to ye nasonno mo. Sisein-nɔɔna balo de na vaŋe torokooro telei tu wom to maa ye nazwona. 3Selo na vaŋe torokooro tetɔ tu wom to ye napwona, ko daare ye selo na vaŋe torokooro tena tu wom to ye pupweeru. Se maama nam yɔɔre se dana mo chekke. 4A ma bwei maleka kam na zege ka ŋɔɔne de amo to a we, “Amo tu, wonnu tento de kuri nam daa mo ye bɛ?”
5Ka de ma leiri-ne ka we, “Tento lage te jage te yi logo baŋa sapɛ sena sem maama. Te nam yɔɔre te nwoŋi Wɛ wom na tei logo baŋa ni maama to yiga ne mo. 6Sisein-zwonnu tem vaŋe se toroko kom se yɔɔre baŋa seeni laŋa kam mo. Kolo sisein-pwonnu tem na vaŋe to ma yɔɔre wɛ-zoore seeni, ye kolo sisein-pupweeru tem na vaŋe to de ma yɔɔre tega-kuri seeni.”
7Sisein-dɛɛro tem konto na yɔɔre se nwoŋi to, se yera nyaare mo se se vo se kare se beeri logo baŋa jei maama. Maleka kam de ma pa-se ni ka we, “Véi-na tega baŋa jei maama se á nii.” Se ma nwoŋi se vo se kaare tega baŋa ni maama se pu. 8O laam ma tɔɔle o ta de amo o we, “Nii mo. Sisei selo na maa vei baŋa seeni laŋa kam ne to mo pɛ se Baŋa Wɛ bane dem zuri jei sem konto ne.”
Paare yipuga wó pu Josua yuu ne
9 Baŋa Wɛ kwora déem tu ka yi amo we:
10“Helidayi, de Tobija, de Jedaya zege Babilon teo ne ba ba ywo-seeni. Nam véi n jeeri-ba n daare n jwoŋi pɛɛra yalo ba na jaane ba ba to ba tei ne. Dento dɛ dem ne nɔɔ se n kwei ba pɛɛra yam konto n ja n vo Zefania bu Josia sɔŋɔ. 11Nmo laam wó kwei ba lu-nyenno, de ba sabu-seŋa pɛɛra yam n ma n ke paare yipuga, se n kwei-ka n pu Jehozadaki bu Josua na ye Wɛ kaanem nakwe tu to yuu ne. 12Laam ta ded‑o we, ‘Paŋwa Tu Baŋa Wɛ na tage tei to mo tento: Nii wolo ba na bwoi‑o we “Tio-naga” to. O nam wó zege ywo-seeni mo o puli jei maama ne ye o fɔge o lɔ Baŋa Wɛ diga kam. 13Chega to, wonto mo wó lɔ-ka o zege. Wonto wó taa jege paare nenɔŋa mo ye o jei o paare yituŋu kom baŋa ne o tei o nɔɔna bam. Wɛ kaanem tu mo wó taa wo o yituŋu kom saŋa ne. Banto balei wó taa toŋe daane de ni-mɔrɔ.’ 14Paare yipuga kam wó maŋe Wɛ diga kam ne mo se nɔɔna taa guli Helidai, de Tobija, de Jedaya, de Zefania bu Josia gula.
15Nɔɔna balo na wo sa-teo wone to wó ba ba woli se Baŋa Wɛ diga kam fɔge ka lɔ. Abam laam wó lɔre we ko seene ko ye Paŋwa Tu Baŋa Wɛ mo toŋe-ne abam tei ne. Tento nam wó seene ko ke, ne abam ná yɔɔre á sɛ á Tu Baŋa Wɛ ni dem chekke.”",https://www.bible.com/bible/3661/ZEC.6.KBG
ZEKARIA 7,"Ni-vɔɔm taane
1Pɛ Darusi paare bena yana bene dem chane nogo chana kam da yana dɛ dem ne mo Baŋa Wɛ kwora déem tu ka yi Zekaria. Kisilev chana kam ne mo konto. 2Ko na ye tei to, Bɛtel teo tiina ya toŋe Sarezera, de Regem-Mɛlɛka de ba kwaga nɔɔna bam mo se ba vo ba lwoori Baŋa Wɛ se o swɛ ba swolim. 3Ba ma vo Paŋwa Tu Baŋa Wɛ wara-jei sem ba bwei o kaanem tiina bam, de o sampwori sem ba we, “Ko ye ko chwoŋa ne se dé ta taa vɔ ni wo-chechɔgɔ ŋwaane chane senu chana kam wone, ne dé na maŋe dé ke tetei bena dedɛ wone to na?”
4Paŋwa Tu Baŋa Wɛ ma pa-ne o kwora o we, 5“Bwei teo kom nɔɔna bam de ba kaanem tiina bam we, ‘Bena fuserepɛ yam maama wone á na yeini á vɔ ni wo-chechɔgɔ ŋwaane chane senu chane sem wone, de chane serepɛ chane sem wone to, ko seene ko ye amo ŋwaane mo á vɔ na? 6Ko nam ná yi se á di wodiu, se á daare á nyɔ sana, abam ba ke konto á tete ywoni ŋwaane mo na?’ ” 7O kwora kam konto ta ye ne o déem na pɛ o faŋa faŋa sampwori sem tɔɔle kwora kalo Jerusalem teo ne to mo. Maŋa kam konto ne nɔɔna dedɛ zoore Jerusalem teo de ko nawuura yam wone ye ba na nyɔɔre ba totoŋa baŋa ne. Tega-kuri seeni kagoa kam, de wɛ-zoore seeni bwollu tem de déem su de nɔɔna mo.
8 Baŋa Wɛ daa ma pa o kwora yi Zekaria we, 9“Paŋwa Tu Baŋa Wɛ na tage tei to mo tento: Ta‑á bore-na chega bora á pa daane, se á daare á ta‑á jege-na da-swono ye á duri da-ŋwaŋa. 10Yé bɛɛse-na kadeina, de botara, de veira, de yiniga tiina. Yé jeeli-na lwarem á bochara ne se á ke á ma á chɔge á dwonna.”
11Á nabaara bam nam yɔɔre ba ve mo se ba cheigi Wɛ sampwori sem taane. Ba déem kwei ba kwaga ba ya Baŋa Wɛ ye ba daare ba se ba zwa mo se ba yé taa cheigi‑o. 12Ba pɛ ba wo ke dam mo ko dwoni peo na ye tei to, se ba yé wane ba cheigi Paŋwa Tu Baŋa Wɛ nia yam de bera yalo o na dɛ o Jworo kom ŋwaane o pa faŋa faŋa sampwori sem to. Konto ŋwaane mo Baŋa Wɛ bane déem yɔɔre de zaŋe ba baŋa ne.
13Paŋwa Tu Baŋa Wɛ na tage tei to mo tento: “Amo ya na ŋɔne de banto to, ba wo sɛ ba cheigi-ne. Konto ŋwaane, ba de na ŋɔne a yiga ne to, amo de wo cheigi. 14A nam kwei vo-kekara a ma a kale-ba a yage dwi-gɛ tiina maama wone se ba taa ye veira sa-teo ne. Ba na viiri ba daare tega kalo to ma ji di-dwonnu yerane, ye nɔɔn-nɔɔno tere ka wone. Konto baŋa ne mo ba te-ywoŋa kam déem jigi kagoa.”",https://www.bible.com/bible/3661/ZEC.7.KBG
ZEKARIA 8,"Baŋa Wɛ wó swɛ o nɔɔna bam swolim
1Paŋwa Tu Baŋa Wɛ kwora daa ta ma yi amo we, 2Paŋwa Tu Baŋa Wɛ na tage tei to mo tento:
“Amo yiga tiini ka wo Zion teo kom wone. A yi na page ba baŋa ne to ŋwaane mo pa se a ban-lom zaŋe de ba dona bam.”
3 Baŋa Wɛ na tage tei to mo tento:
“Amo lage a jwoori a ba Zion teo se a taa zoore Jerusalem teo kom wone. Nɔɔna laam maa wó taa jege Jerusalem teo kom ba bwoi we, ‘Chega tɔgem teo,’ ye ba daare ba bwoi Paŋwa Tu Baŋa Wɛ peo kom we, ‘Peo kolo na ye wose to’.”
4Paŋwa Tu Baŋa Wɛ na tage tei to mo tento:
“Baara de kaana na tiini ba kwe ye ba zi nachei mo ba vei to daa wó taa tole Jerusalem teo pempala yam yuu ne falalala, ye ba jei ba lara. 5Teo kom ta wó su de bakeiri de busankane mo na kare ko chwei sem yuu ne ba kwɛɛra.”
6Paŋwa Tu Baŋa Wɛ na tage tei to mo tento:
“Amo nɔɔna balo fenfee ta na daare da yam konto wone to ga wó nii keim dem konto we de wó taa chamma mo de gaale keim. Ko nam ná ye amo, de wó taa chamma de pa-ne se a ke na?” Paŋwa Tu Baŋa Wɛ na tage kolo to mo konto.
7Paŋwa Tu Baŋa Wɛ na tage tei to mo tento:
“Ko ná ye a nɔɔna balo na jage ba vo ba zoore wɛ-puli jei sem ne, de wɛ-zoore jei sem ne to, amo lage a jwoŋi-ba mo a yage. 8A maa wó ja-ba a jwoori se ba taa zoore Jerusalem teo kom wone. Ba maa wó taa ye amo tete nɔɔna, se amo de taa ye ba Wɛ. Dé ta wó taa jege chega dé pa daane.”
9Paŋwa Tu Baŋa Wɛ na tage tei to mo tento:
“Abam laam nigi taana yalo amo sampwori sem déem na jege ba tɛ maŋa kalo nɔɔna na bobo se ba chwi amo diga kam kuri se ba fɔge ba lɔ-ka to. Nam ke-na dam á ke á tete kuri ne. 10Se ko na lwoori maŋa kam konto to, nabiina de vara ya ba nae ba totoŋa yam nyɔɔre. Nɔɔna nam ware se ba nwoŋi ba vo jei jei ba toŋe totoŋa, ba dona bam ŋwaane. Amo ta mo pɛ se nɔɔna vae daane. 11Ko nam na ye tei to, a daa bá ke de a nɔɔna balo na daare to ne a ya na waare a nɔɔna bam tei faŋa to.” Paŋwa Tu Baŋa Wɛ na tage kolo to mo konto.
12“Amo nɔɔna balo ta na daare to ná dugi wodiiru telo maama, te wó ke se yazura taa wora. Ba Vini teeni dem maa wó ke bia lanyerane. Tega kam wó taa ke wodiiru, ye wɛyuu nyɔnɔ de taa toe ko pa-ba. 13Judah de Isarele dwi tiina bam, ne dwi-gɛ tiina bam déem na mɛ á yera ba sɔɔle lwarem ba pa daane tei to, konto mo a lage jwoŋi abam a yage se á lɛɛre á ja Wɛ swolim á ba á pa-ba. Konto to, yé ta‑á fona. Nam ke-na dam á ke á tete kuri ne.”
14Kokuri to, Paŋwa Tu Baŋa Wɛ na tage tei to mo tento:
“Á kwoa bam déem na chuchugi a bane to, a ke a boboŋa ne se a waare abam mo ye a boboŋa wo leiri. 15Konto dwoŋi mo a nam daa ke a boboŋa ne se a fɔge a ke Jerusalem teo kom de Judah dwi tiina bam lanyerane. Konto ŋwaane, yé ta‑á fona-na. 16Nam ta ta‑á ke-na wonnu tento: Ta‑á tɛ-na chega á bere daane, se á daare á ta‑á bore chega bora taane dim baŋa ne, se yazura taa wora. 17Nam yé jeeli-na lwarem á bochara ne se á ke á ma á chɔge á dwonna. Ta yé du-na duuri vwa chwoŋa ne. Amo yɔɔre a chuli kikia yam konto maama mo.” Baŋa Wɛ na tage kolo to mo konto.
18Paŋwa Tu Baŋa Wɛ kwora daa ta ma yi amo we, 19Paŋwa Tu Baŋa Wɛ na tage tei to mo tento:
“Abam déem na vɔge á nia amo ŋwaane chane sena chana kam wone, de chane senu chana kam wone, de chane serepɛ chana kam wone, de chane fuga chana kam wone tei to laam wó ji kura yalo Judah dwi tiina bam maama na wó di ywoni ye ba chaka ya baŋa ne to mo. Nam ta‑á swoi-na se chega de bochare-zuru jeini á tetare ne.”
20Paŋwa Tu Baŋa Wɛ na tage tei to mo tento:
“Dwi-gɛ tiina dedɛ jwa wó nwoŋi ba teene dem ne ba ba ywo-seeni. 21Balo na zoore teo dedoa wone to wó vo ba ta de teo kodwoŋi nɔɔna we, ‘Nam pa-na dé tɔge daane dé vo Jerusalem se dé fɔɔre dé yi Paŋwa Tu Baŋa Wɛ wom tei se dé daare dé lwoori‑o se o swɛ debam swolim. Amo boboŋa jaane mo se a vo da.’ 22Konto to, dwi-gɛ tiina dedɛ na nwoŋi te-fwaaro to laam wó ba Paŋwa Tu Baŋa Wɛ tei Jerusalem ne se ba lwoori swolim o tei ne.”
23Paŋwa Tu Baŋa Wɛ na tage tei to mo tento:
“Maŋa kam konto ná yia, dwi-gɛ nɔɔna fuga na ŋɔɔne taane dwi dwi to wó vo ba to ba gorege Juu tu dedoa. Ba maa wó ta ded‑o we, ‘Popo pa debam chwoŋa se dé tɔge‑m dé vo, kokuri to dé nigi we Wɛ mo wo abam tei ne.’ ”",https://www.bible.com/bible/3661/ZEC.8.KBG
ZEKARIA 9,"Wɛ wó waare Isarele tiina bam dona
Teene delo na bwola de Isarele to taane
1 Baŋa Wɛ kwora mo tento. Ka nam jege se ka vo Haderake laŋa kam seeni, ko fɔge ko dae Damasika teo kom mo. Isarele dwia yam maama, ko woli de nabiina maama yia page Baŋa Wɛ baŋa ne mo.
2Hamafa teo kolo na bwola da to tiina yia de page o baŋa ne, ko woli de Tura teo tiina, de Sidon teo tiina, de ba yiyiu kom na ye tei to de.
3Tura tiina bam lɔge dam jei mo ba pa ba tete. Ba ma kwaleme lu-nyenno wonnu, pa te daga ne tega kasolo tei to. Ba ta ma la sabu-seŋa jejegero dedɛ ba tiŋi ne te ye chwoŋa yuu weeru mo tei. 4Baŋa Wɛ nam wó vere ba jejegero tem, o daare o dole ba dam maama o de naneo kom wone. Mini mo wó zwɛ teo kom maama.
5Asekelon teo tiina wó na konto ye foone yɔɔre de ja-ba.
Gaza teo tiina de yera maa wó chɛ, ne ba ga virigi puga mo to.
Ekoron teo tiina bam de wó na ko na ke tei, pa se ba teena maama ti.
Gaza teo pɛ wom wó jei, ye Asekelon teo de ji di-dwonnu yerane.
6Nɔn-gongwaaga mo wó jwoŋi Asedodi teo ba taa tei.
Amo Baŋa Wɛ lage a pa Filisi tiina bam kamunim dem ti mo.
7Amo nam wó pa se ba daa bá do nɔna de ya yera jana, se wodi-zɔɔna daa yé taa wo ba nia ne.
Ba nɔɔna balo na daare to wó woli amo tete nɔɔna bam wone mo, pa se ba ji nenɛɛne Judah dwi tiina sɔ-yuu kodwoŋi. Konto to, Ekoron teo tiina wó gwaane de a nɔɔna bam, ne Jebusi tiina bam de déem na ke tei to.
8Ko nam ná ye a tete teo kom, a lage a che-ko mo se ko dona bam daa yé tɔge da ba kɛ. Nɔɔn-nɔɔno daa bá na chwoŋa se o bɛɛse a nɔɔna bam. Amo tete yi laam mo wó taa page ba baŋa ne.
Wɛ Dam Tu wom tutuuri dem taane
9Zion tiina bam,
ta‑á di-na ywoni lanyerane!
Jerusalem teo tiina bam,
ta‑á chaka de kwor-dɛa!
Nii-na á pɛ wom na vei o beene á tei!
O ye chega tu mo ye o di wɔnɔ.
O nam tu o tete mo
ye o di bonaga o beene.
Chega to, o dɔge bona-pɔla baŋa ne mo o via.
10Amo wó pa se jara-keim torokooro ti
Efrayim laŋa kam ne,
se jara-keim sisein-nɔɔna de ti
Jerusalem teo ne.
Taŋa kalo maama ba na mae
ba ke jara to de wó bwori.
Pɛ wom wó tɔɔle we,
yazura taa wo dwi tiina maama tei ne falalala.
O paare wó di de zege
naneo dedoa ni ne,
se ko yi kadwoŋi ni.
De ta wó zege Yuferata buga kam ne mo,
se de vo de yi tega baŋa ni maama.
11Ko nam ná ye abam Zion tiina bam, amo na tɔge jana baŋa ne a ke ni-gwonim de abam to ŋwaane mo a lage a liiri balo ba na jaane á wone ba peene to a ja a nwoŋi ba vole-kore dem wone.
12Pipiri á jwoori-na á dalem jei sem ne, abam peena balo teena na daga to. Amo tɛ de abam we, a wó pa á jwoori á na kolo á na gɛ to kuni belei. 13A lage a ke de Judah ne a taŋa mo a saŋe to, se a daare a kwei Efrayim a ke da, ne ko ye a chena mo tei to.
Zion tiina bam, a lage a kwei abam mo a pa á zaŋe á kwaare jara de Girisi tiina bam. Á wó ta‑á nye de jara-keim se-zɔɔ mo a jeŋa ne.
14 Baŋa Wɛ wó pi o nwoŋi o nɔɔna bam baŋa ne se o woli-ba. O taŋa chena yam lage ya taa vei mo de fora ne doa na pepele tei to.
Yuu-tu Baŋa Wɛ wó wu o nabɔnɔ. O maa wó tɔge tega-kuri seeni vo-dɛɔ baŋa ne o vo o zo jara yam wone.
15Paŋwa Tu Baŋa Wɛ tete wó kwoli o nɔɔna bam. Ba dona bam ná dole-ba de kandwa tei maama, ba wó nɔne-ba ba se tega ne.
Ba maa wó nyɔ sana ye ba bage de dam, ne sa-nyɔra na ke tei to.
Ba wó di ywoni ba su, ne zoŋa na su de jana ye ba kwei-ba ba miisi kaanem bimbini dem yera ne tei to.
16Dɛ dem konto ne mo ba Tu Baŋa Wɛ wom wó jwoŋi-ba o yage, ne nayero na nii o pei-kɔgɔ baŋa ne tei to, ba na ye o nɔɔna to ŋwaane.
Ba ná zoore wonto tete tega kam wone, ba wó taa nyeene mo ne kandwa-nyenno na nyeene paare yipuga yera ne tei to.
17Nii ba lam na tiini de jege fera tei! Nɔn-donno, de bukwa wó di tega kam wodiiru mo, ye ba nyɔ ka sa-doora se ba ma na dam.",https://www.bible.com/bible/3661/ZEC.9.KBG
ZEKARIA 10,"Baŋa Wɛ na wó fɔge o kwɛ o nɔɔna tei to
1Lwoori-na Baŋa Wɛ se o pa doa ne duum maŋa ne. Wonto mo pae do-vio kale kunkwonnu, ye o ta pae do-na tui se tega kam ke wodiiru lanyerane.
2Jwona yam jege nɔɔna mo ya gana. Vora bam de maa tɔge yi-nɛɛre ŋwaane ba fɔe vwa. Ba yeini ba maŋe dendwa kuri ba bere nɔɔna ye ko dae chega. Ba ta na pa wolim delo to maa ye kafɛ. Konto ŋwaane, nɔɔna bam maa beeri yɔɔ yerane ye ba nae yaara dedɛ, ne pei selo na ba jege nayero se o taa nii-se to.
Baŋa Wɛ maa we:
3“A bane mo yɔɔre de wiira de nayera bam. A maa wó waare dedɛɛra bam. Kokuri to, amo Paŋwa Tu Baŋa Wɛ wó taa nii a nɔn-kɔgɔ kom na ye Judah dwi tiina to baŋa ne mo. A laam maa wó pa ba leiri ba taa jege dam nenɛɛne sisein-nɔɔna balo na wurigi ba vei jara wone tei to.
4Judah dwi dem wone mo dedɛɛro wó pi o nwoŋi.
Diga kuri kandwɛ-zane mo wó nwoŋi ba wone.
Paare delo na jaane vwei to de wó nwoŋi ba wone.
Jara-keim taŋa maa wó nwoŋi ba wone.
Chega to, dedɛɛra dwi maama wó nwoŋi ba wone mo.
5Ba maama ná ke daane, ba wó ji babɛ mo ye ba nɔne ba dona bam ba se chwoŋa ni bworu wone. Ba ta wó kwaare jara ba wane ba dona sisein-dira bam ba de tega ne, Baŋa Wɛ na wo ba tei ne to ŋwaane.
6Amo nam wó pa Judah dwi dem taa jege baare, ye a daare a jwoŋi Josɛf dwi tiina bam a yage. A wó pa ba jwoori ba zege ba faŋa zega jei sem ne, a na jege ba ŋwaŋa to ŋwaane. Ko wó taa nye de a ya maŋe a wo ve-ba mo to, kolo ŋwaane amo mo ye ba Tu Baŋa Wɛ wom, ye a nam wó sɛ ba wɛ-lworo kom.
7Efrayim dwi tiina bam wó ji jara-keim bembɛ mo. Ba maa wó taa jege wopwolo lanyerane, ne nɔɔna na nyɔge sana ye ba wo pwoli tei to. Ba bia bam de wó na konto maama pa se ba de taa jege wopwolo. Ba maa wó di ywoni Baŋa Wɛ zeinim ŋwaane.
8Amo wó bwoŋi a nɔɔna bam se ba ba ba jeeri ba ke daane mo. Kokuri, amo lage a vere-ba mo a yage. Ba maa wó puli de kɔgɔ ne ba déem na daga tei to. 9Amo ya seene a jage-ba a yage dwi-gɛ tiina teene ne yiga yiga. De ko de, ba na wo jei selo maama ne to ba bá swei amo swia. Ba de ba bia bam wó wori ye ba laam jwoori ba tete teo kom. 10Amo wó pa ba badwonna zege Ejipti teo ne ba jwoori, ye a daare a la ba badwonna a ke daane se ba zege Asiria ne ba ba. A wó pa ba zege jei sem konto ne ba ba ba jeini Gilead laŋa kam ne, de Lebanon ne. Ba maa wó taa daga ba su ba gaale tega kam. 11A nɔɔna bam wó bɛ naneo kom de ko chanɛɛre dem ba kɛ. Ba wó pa se buga kam na-ŋone sem peini tega ne. Naili buga kam maama de wó we ba ŋwaane. Asiria tiina kamunim dem wó tu tega. Ejipti teo paare dam dem de maa wó ti.
12Amo Baŋa Wɛ wó pa ba fɔge ba zege amo dam dem ŋwaane. Ba maa wó taa kɔre-ne ba kikia maama wone.”
Baŋa Wɛ na tage kolo to mo konto.",https://www.bible.com/bible/3661/ZEC.10.KBG
ZEKARIA 11,"Lɛɛro wó yi Wɛ nɔɔna bam dona
1Lebanon, pore n teo kom ni,
se mini na chwoŋa de zo
de di n Sedare teeni dem.
2Tei-ŋonno de, ta‑á chwoosi-na,
Sedare teeni dem na toa to ŋwaane.
Tei-kamunnu tem maama to te pɔ mo!
Basan tei-lilirru tem,
keeri-na bugi-bugi!
Ko ná ye goa kalo ya na lini
de teeni to,
ba laam gwoni ka teeni dem maama mo ba de tega ne!
3Cheigi-na se á wó ni nayera bam na laare tei to,
ba vara pwoli sem maama laam na chɔge to ŋwaane.
Cheigi-na se á wó ni
nywonnu tem na suura,
Jɔdan buga ni goa kam tete
de na chɔge to ŋwaane.
Nayera balei taane
4Amo Tu Baŋa Wɛ na tage tei to mo tento: “Fɔge n kɔne pei selo ba na lage ba go to. 5Balo na yeigi pei sem to mo kwei-se ba go, ye ba ba boŋe we ba tusi. Balo na jege pei sem ba yeigi to de maa tɛ ba we, ‘Dé ke-na Baŋa Wɛ lei, se dé nɛ nyɔɔre dedɛ.’ Pei sem nayera tete de yiga tere se wone. 6A nam daa bá duri teo kom konto nɔɔna bam ŋwaŋa.” Baŋa Wɛ na tage kolo to mo konto. “Nii-na. Amo wó kwei nɔɔno maama a ke o dwoŋi jeŋa ne, de o pɛ wom jeŋa ne. Banto laam maa wó chɔge tega kam maama zɔŋ-zɔŋ. A nam bá jwoŋi nɔɔn-nɔɔno ba jeŋa ne a yage.”
7Mo kokuri a jege pei selo ba na lage ba go to a kɔna a pa balo na jege-se ba yeigi to. A nam jege gwola yalei mo. A ma pa dedoa yere ye ‘Zaane’. Dedwoŋi dem yere ye ‘Ni-mɔrɔ’. A maa jege-ya a mae a nii a pei sem baŋa ne. 8Chana dedoa wone, a ma zeili nayera batɔ bam, a na wo wane a ja a tete de-ba to ŋwaane. Pipim-piina bam tete de maa vae a ni taane. 9A ma ta a we, “Amo daa bá taa kɔne pei sem a pa abam. Selo na maŋe se se te to wó te, se selo na ye se se jei to de jei. Selo maa na daare to de wó taa di da ya-nɔna.”
10Amo ma ja a gwoli delo yere na ye Zaane to a bwori, se ko bere we a yiri ni delo a ya na gwoni de nɔɔna bam maama to. 11Dɛ dem konto ne nɔɔ mo ni-gwonim dem seene de chɔge. Pipim-piina bam nɛ-ne, ye ba lɔre we kwora kam konto yɔɔre ka nwoŋi Baŋa Wɛ tei ne mo.
12A ma ta de-ba a we, “Abam ná nii we ko maŋe, se á pa-ne a ŋweero. Ko nam daa ná dae konto, se á ta‑á jege-te.” Ba ma jeeli a ŋweero, ye ba kwei lu-nyenno sabu-dala fintɔ ba pa-ne.
13 Baŋa Wɛ ma ta de amo o we, “Kwei sabia bam n ke sabu tiŋim dakaa kam wone.” Mo banto sabu-yere delo ba na jeeli se ko taa ye amo ŋweero to mo konto. A ma seene a kwei sabia bam konto a ja a vo Wɛ diga kam a dole a de sabu tiŋim dakaa kam wone.
14A laam ma bwori a gwoli dedwoŋi dem, de yere na ye Ni-mɔrɔ to, se ko bere we Judah tiina bam de Isarele tiina bam choro kom chɔge.
15 Baŋa Wɛ daa ma ta de amo o we, “Daa ta kwei nayero zela se n ke ne n ye nayere-jworo mo to. 16Nii-na, a lage a pa nayero wodwoŋi mo ba o taa nii tega kam nɔɔna baŋa ne. Wonto yiga bá taa wo pei selo na lage se jei to wone, de pei selo na beeri yɔɔ to wone. O nam bá taa nii selo na nɛ zonne to se o yɔɔre-se, naa se o kɔne pei selo na dana to. O nam wó di pi-bigila yam mo, ye o tore se napɔɔna yam nywa.
17Lɛɛro nam lage te yi
nayere-jworo kom mo,
o na tage pei sem o yage to ŋwaane!
Se-zɔɔ mo lage ko zɔ o vɔŋɔ
de o jazem yi dem!
O vɔŋɔ kom maama jege
se ko kwaare mo,
ye o jazem yi dem de dwei
de daa ta ba nae!”",https://www.bible.com/bible/3661/ZEC.11.KBG
ZEKARIA 12,"Wɛ wó vere Jerusalem tiina bam o yage
1Kwora kalo Baŋa Wɛ na toŋe se ka vo Isarele tiina bam seeni to mo tento: Baŋa Wɛ ye wolo na lware wɛyuu kom pa se ko tigi palalala, ye o daare o chwi tega kam kuri to. O ta daare ke jworo o yage nabiina wone. Wonto tage o we:
2“Nii-na! Amo wó pa Jerusalem teo ji nenɛɛne zoŋa de ka wo sana. Dwi-gɛ tiina balo na bwola da to wó nyɔ ka wone ye ba beiri. Ko ta wó ke konto dwoŋi ko pa Judah tiina bam mo de ba na tɔge ba kwaare jara de Jerusalem tei to. 3Maŋa kam konto ne, dwi tiina bam maama ná jeeri se ba ke jara de Jerusalem teo kom, amo wó pa ko ji nenɛɛne kandwɛ-polɔgɔ mo ko pa-ba. Wolo maama ná kwaane se o guri-ko, ko wó tiini ko ke kotu zonne.”
4 Baŋa Wɛ ta na tage kolo to mo tento: “Ka maŋa ne, a lage a pa sisein-nɔɔna bam maama fom mo, se se dira bam maama de yirisi. A laam maa wó taa fɔge a nii Judah tiina bam baŋa ne. Ko nam ná ye dwi-gɛ tiina sisei sem de, a wó pa se yia dwei. 5Judah yiga tiina bam laam wó ta ba tete ne we, ‘Jerusalem teo nɔn-bia bam nɛ dam, Paŋwa Tu Baŋa Wɛ na ye ba Wɛ to ŋwaane.’
6Maŋa kam konto ne, amo wó pa se Judah yiga tiina bam taa nye de min-zoŋa na to dɛ wone tei to mo. Ba ta wó taa ye ne min-vogo na to men-zwaro wone. Konto to, ba wó pa teene delo maama na bwola da to chɔge kula. Ko daare ye Jerusalem teo kom tete taa zege cheppe de ko nɔn-bia bam maama. 7Amo Baŋa Wɛ nam lage a pa Judah jar-keira bam mo da yiga ba na wɔnɔ, se Pɛ David dwi tiina bam de Jerusalem nɔn-bia bam maama yé na zula ba dwoni Judah tiina bam.
8Maŋa kam konto ne, amo Baŋa Wɛ tete mo lage a taa kwoli balo na zoore Jerusalem teo kom wone to. Wolo na ye nabwom ba maama wone to wó jwoŋi dam ne David na dana tei to mo. David dwi tiina bam wó taa nii ba baŋa ne, ne ko ye Baŋa Wɛ maleka kam tete mo wo ba yiga ne. 9Maŋa kam konto ne, amo yia wó seene dwi tiina balo maama na kwaare jara de Jerusalem to baŋa ne, se a yɔɔre a chɔge-ba.”
Ba keeri ba pa wolo nɔɔna na zɔge to
10“Amo Baŋa Wɛ nam lage a kwei teiŋ-jara jworo de ka-duri-nɔɔna-ŋwaŋa mo a ke David dwi dem, de Jerusalem nɔn-bia bam maama wone. Ko maa wó pa se ba kwoni ba nii amo ye ba keeri ba pa wolo wom ba na zɔge to. Ba wó taa tiini ba keeri wonto lua ye ba chwoosa, ne nɔɔna na gɛ ba bu-doa, naa ba bu-kwea tei to mo. 11Maŋa kam konto ne, Jerusalem tiina wó keeri bugi-bugi, ne nɔɔna déem na keeri tei Hadad-Rimon ne, teo kolo na wo Megido te-kampare sem ne to mo. 12Balo na zoore tega kam jei maama ne to wó taa keeri mo bugi-bugi, sɔ-yuu de sɔ-yuu maama, se kaana bam keira taa ye ka yera de baara bam keira. David diga kam wó keeri lua kam ba yerane, ye ba kaana bam de keeri ba yerane. Natan diga kam de wó keeri ba yerane, ye ba kaana bam de keeri ba yerane. 13Levi diga tiina bam, de ba kaana de wó keeri ba yerane. Simeyi diga kam de ba kaana wó da ba keeri ba yerane, 14ko woli de sɔ-yuni telo maama ta na daare to, de ba kaana.",https://www.bible.com/bible/3661/ZEC.12.KBG
ZEKARIA 13,"1Maŋa kam konto ne amo wó pa se buli-yi puri de taa bura de pa David dwi tiina bam, de Jerusalem nɔn-bia bam, pa se ba wɛleera de ba digiru tem saare te yage.”
Jwona de sampwori taane
2Paŋwa Tu Baŋa Wɛ na tage tei to mo tento: “Dɛ dem konto ná yia, amo wó pa se jwona yera yam saare tega kam maama ne, se nɔɔna daa yé taa guli ya gula kɔtaa! A nam ta wó zeili sampwori sem de ba chichiri-lwanno tega kam ne. 3Ba wolo ta ná zaŋe o pworisi o bere nɔɔna, o tete tiina balo na loge‑o to mo wó ta ded‑o we, ‘Nmo maŋe se n te mo, de n na mɛ Baŋa Wɛ yere n pworisi vwa to.’ Ba laam wó zɔ‑o ba go, o na pworisi to ŋwaane.
4Dɛ dem konto ná yia, sampwora kalo maama ná lage o pworisi, chaveera wó ja kotu de veera yalo o na nɛ to. O daa bá kwei gare-nyenyaaro telo dwi Wɛ sampwori sem na zoore to o zo, o na lage se o gane nɔɔna to ŋwaane. 5Kotu maa wó ta we, ‘Ko zege a nɔn-donne maŋa ne varem yerane mo ye a totoŋe. Amo dae Wɛ sampwora.’ 6Nɔɔna maa ná bwei‑o we, ‘Bɛ mo ke ye n na fufwollu tento dwoŋi n nyɔɔne ne?’, o ta wó leiri-ba we, ‘A nɛ fufwollu tem a badwoŋi sɔŋɔ ne mo.’ ”
Nayero de pei taane
7Paŋwa Tu Baŋa Wɛ na tage tei to mo tento:
“Se-zɔɔ, zaŋe dɔɔm wone
se n jeeri a nayero wom
na bwola de amo to.
Yɔɔre n mage nayero wom,
se pei sem maama jage se jei.
Amo tete jeŋa nam mo wó zo se bia bam.”
8 Baŋa Wɛ na tage tei to mo tento:
“Tega kam ni jei maama ne,
nɔɔna bam popɔra betɔ wone,
kuni belei mo lage ba te,
se popɔra dedoa daare ba taa ŋwe.
9Popɔra dedoa kalo na daare to,
a lage a faŋe-ba a nii mo,
se a daare a fɔge a kwɛ-ba.
Ko wó taa nye de nɔɔno na kwei
lu-nyenno naa sabu-seŋa
o de mini wone
se o pa te taa lana fase tei to mo.
Nɔɔna bam konto laam maa wó ma
amo yere dem ba lwoori-ne,
ye amo de leiri-ba.
Amo wó ta ba taane we,
‘Ba ye a nɔɔna mo,’
ye ba de ta we,
‘Baŋa Wɛ mo ye debam Wɛ.’ ”",https://www.bible.com/bible/3661/ZEC.13.KBG
ZEKARIA 14,"Baŋa Wɛ wó ba se o di paare
1Nii-na! Baŋa Wɛ jege dɛ de na beene. Dɛ dem konto ná yia, á dona bam wó ba ba vere á jejegero ba daare ba chɛ-te ba pa daane ye á zege á nia. 2Ko na wó ke tei to, amo Baŋa Wɛ wó pa se dwi-gɛ tiina maama ke daane ba ba ba jeeri Jerusalem teo kom de jara. Ba wó wane teo kom ba di. Ba maa wó zo sam wone ba vere nɔɔna jejegero, ye ba zi ba kaana. Ba ta wó kale ko nɔn-bia bam chichworo ba ja ba vo sa-teo yiga yiga. Ba chichworo kolo na daare to nam wó na chwoŋa se ba maŋe teo kom wone. 3Baŋa Wɛ tete nam mo lage o nwoŋi o vo o jeeri dwi tiina bam konto, ne o déem na ke jara tei to. 4Maŋa kam konto ne, o lage o zege Olivi peo kom yuu ne mo, ko na jeeri Jerusalem wɛ-puli seeni to. Peo kom maa wó yare kuni belei, se bwol-kayɔlɔ taa tigi te tetare laŋa ne, ko na zege wɛ-puli seeni ko vo wɛ-zoore seeni to. Peo kom chichworo dedoa wó fofɔ ko vo baŋa seeni, se kodwoŋi kom de vo tega-kuri seeni. 5Abam laam maa wó tɔge Baŋa Wɛ bwolo kom konto á duri á lu, bwolo kom na wó kɛ ko yi Azeli to ŋwaane. Á na wó duri á lu tei to nye de á nabaara déem na ke tei ye ba lu cham wone maŋa kalo Judah teo pɛ Yuzia na di paare ye tega kam ziziŋi to mo. Konto kwaga ne, amo Tu Baŋa Wɛ laam wó pi o nwoŋi, ye o malese-laaro tem maama de tɔge ded‑o.
6Dɛ dem konto ná yia, wea pwooni bá taa wora. Waaro, de zurim de bá taa wora. 7Maŋa kam konto wó taa ye ka yera. Baŋa Wɛ nam yɔɔre o yei ka ni ne. Tega daa bá yi se ka daare ka poore. Wɛ-zoore maŋa ne wea pwooni wó taa wora.
8Dɛ dem konto ná yia, na-ŋona wó ta ba nwoŋi Jerusalem teo kom wone ba taa dura maŋa maama, yadɛ de te-pwoŋa maama. Na bam chichworo wó duri ba vo ba zo wɛ-puli seeni naneo kom. Ba badwonna de maa wó duri ba vo ba zo wɛ-zoore seeni naneo kom. 9Baŋa Wɛ maa wó taa ye logo baŋa jei maama pɛ. Maŋa kam konto ne, Baŋa Wɛ wó taa ye o yerane dedoa mo, pa se nɔɔna taa zuli‑o o yere dem na ye dedoa to ŋwaane. 10Tega kam ni maama wó taa ye te-kampare mo, ko zege Geba ne se ko vo ko yi Rimon na wo Jerusalem tega-kuri seeni to. Jerusalem teo kom tete maa wó taa wo wɛ-wɛ, ne ko na maŋe ko ye tei to. Teo kom wó taa yala, ko zege Benjamin ni dem ne, se ko yi jei selo Boboa ni dem na wora to, ye ko kɛ ko yi Gugworo ni dem. Ko ta maa zege Hananeli di-dedɔrɔ kom ne, se ko vo ko yi jei selo ba na ŋoke Vini tio-bia ba pa pɛ wom to. 11Nɔɔna laam maa wó taa zoore Jerusalem teo kom wone. Ko daa bá taa jege se nɔɔna yɔɔre ba chɔge-ko. Teo kom wó fɔge ko zege yalem mo. 12Ko ná ye teene delo maama na jeeri Jerusalem teo kom de jara to, Baŋa Wɛ na wó waare-ba de jawe-chɛɛro telo to mo tento: O wó pa ba ya-nɔna yam moore ye ba ta zege wɛɛne. Ba yi-chele-bia de maa wó chɔge ya gwonnu tem ne, ye ba dindeilima de maŋe ba nia ne ya pɔ.
13Dɛ dem konto ná yia, Baŋa Wɛ maa wó pa se ba boboŋa tiini ya vugimi se foone zo-ba. Ba wone nɔɔno maama wó zi o dwoŋi pa se ba mage jara. 14Judah tiina bam de wó kwaare jara Jerusalem teo kom ne. Jerusalem tiina bam laam maa wó la teene delo na gilimi-ba to jejegero ba ke daane, ko ná maŋe ko ye sabu-seŋa, de lu-nyenno, de gwaaro dedɛ de. 15Jawe-chɛɔ konto dwoŋi de maa wó ja sisein-nɔɔna bam, de sisei-bonɛ sem, de kona yam, de bonɛ sem, dedaane vara balo maama na wo ba dona bam tigisim jei sem wone to.
16Ko kwaga seeni, teene delo nɔɔna ya na kwaare jara de Jerusalem teo kom ye ba wori to maama laam wó yeini ba vo Jerusalem bene maama ne, se ba zuli Pɛ wom na ye Paŋwa Tu Baŋa Wɛ to, ye ba daare ba di Vwoa chwiim kuri dem. 17Dwi delo maama na wo logo baŋa ne to nam ná ve se ba vo Jerusalem ba zuli Pɛ wom na ye Paŋwa Tu Baŋa Wɛ to, doa bá ne ka pa-ba. 18Ejipti dwi tiina bam de ná ve se ba vo da se ba tɔge ba zuli‑o, doa bá ne ka pa banto de. Baŋa Wɛ nam wó pa jawe-chɛɔ mo ja-ba, ne kolo o na pɛ se ko ja dwia yalo maama na ve se ba vo Jerusalem ba di Vwoa chwiim kuri dem to. 19Lɛɛro tento dwoŋi mo wó yi Ejipti tiina bam de dwia yalo maama na ve se ba vo ba tɔge ba di Vwoa chwiim kuri dem to.
20Maŋa kam konto ne ba wó popone botare sento mo ba ke sisein-nɔɔna bam lwoŋina yera ne: “Wose mo Baŋa Wɛ ŋwaane”. Kambi dwi maama maa na wo Wɛ wara-jei sem ne to de maa wó taa jege kuri se maŋe de kabeili selo na ke Wɛ bimbini dem kaanem totoŋa to. 21Chega to, kambi selo maama na wo Jerusalem ne de Judah teene dem maama ne to wó taa ye wose mo Paŋwa Tu Baŋa Wɛ ŋwaane. Nɔɔna balo maama na lage ba ke kaanem ba pa Wɛ to maa wó wane ba kwei kambia kalo maama ba na lage to ba saŋe kaanem dem nɔna ka wone. Maŋa kam konto ne, pipim-piinu daa bá vo o jeini Dam-fɔrɔ Tu Baŋa Wɛ wara-jei sem wone.",https://www.bible.com/bible/3661/ZEC.14.KBG
MALAKI 1,"1Kwora kalo Baŋa Wɛ na kwei o pa Malaki se o lwoni o bere Isarele tiina bam to mo tento.
Baŋa Wɛ swoi Isarele dwi dem
2 Baŋa Wɛ mo tage we, “Maŋa maama wone mo amo tiini a jege abam swono.” Abam nam daa ta kare á bwei amo we, “Bere debam chwei selo nmo na tɔge ye n swoi debam to.”
Amo Baŋa Wɛ ma leiri a we, “Yé swei-na we abam nabaaro Jakob déem ye nyaane mo o zembaaro Esawu yiga ne. Amo nam jege Jakob de o dwi dem swono, 3ye a chuli Esawu de o dwi dem ni taane. Konto ŋwaane mo amo pipiri Esawu na jei peero laŋa kalo ne to, pa ka ye yɔɔ yerane. Ba tega kam ma ji kagoa ye ga-vara kare ka wone ba beera.”
4Esawu dwi Edom tiina bam wó wane ba ta we, “Debam teo kom seene ko chɔge mo. Dé nam wó jwoori dé lɔ-ko dé zege.”
Amo Paŋwa Tu Baŋa Wɛ nam tɛ we, “Ba ná ke dam ba jwoori ba lɔ ba teo kom, amo ta lage a vaare-ko mo a de tega ne. Nɔɔna wó taa yaale ba teo kom ba we ko ye te-balɔrɔ mo, ye ba bwoi Edom tiina bam we ba ye balo Baŋa Wɛ bane na fɔge de wo ba baŋa ne to.”
5Abam Isarele tiina bam wó na tento maama, ye á laam wó ta we, “Baŋa Wɛ dam daga. O dam dem nam kɛ de yi teene dedwonna ne mo se ko dae debam teo kom siseini dem yerane.”
Wɛ na bwɛ kaanem tiina bam tei to
6Paŋwa Tu Baŋa Wɛ jege kwora kanto mo se o pa kaanem tiina bam:
“Bia jege se ba taa nege ba kwoa mo, se balo na toŋe ba pae nɔɔna to de taa nege balo na tei-ba to. Amo nam mo ye abam kwo de á yuu tu de. Á nam ba nege-ne. Bɛ mo tei keim dento maama? Abam tiini á gwooni amo, ye á ta kare á bwei we, ‘Tetɛ seeni mo dé gwooni nmo?’ 7Abam pɛ se chaveera ja-ne, kokuri to á jege wodiu kolo na digiri to mo á ke kaanem á pa-ne, ye á daa ta jege ni se á bwei amo we, ‘Debam bere dé ke tɛ mo ye dé pa se chaveera ja nmo to?’ Nii-na mo! Abam keim dem bere nenɛɛne á yeini á nii amo kaanem bimbini dem mo ye á chweesa we, de ye wo-kafɛ mo. 8Abam na yeini á ja vare-lilwoa de vare-gwane dedaane vare-jaweena bam se á ma‑á ke kaanem á pa amo to, konto dae wɛleere mo na? Á wó wane á ja vara konto dwoŋi á vo á pa á teo kom yuu tu mo na? Á ya ná ke konto, á boŋe we o wo wó pwoli de abam se o wane o nii á seeni na? 9Abam nam ná vei yiga se á ta‑á jaane vara konto dwoŋi á tui á ke kaanem á pa amo, ye á laam ba á lwoori lanyerane a tei ne, á boŋe we amo wó cheigi abam taane mo na?”
10Paŋwa Tu Baŋa Wɛ na jege kolo se o ta to mo tento:
“Abam wone dedoa ya mo ná maŋe o pi Wɛ diga kam ni dem, ko ya wó taa gara. Konto wó pa se á daa bá ja kaanem delo na ba jege kuri to á ba á zwɛ á pa-ne. Amo ba jege wopwolo de abam kaanem tiina bam na ke tei to. Konto ŋwaane mo a bá jwoŋi á pɛɛra yam. 11Amo zula yam wó zaŋe baŋa baŋa mo logo baŋa teene dedwonna wone. Ko zege teene delo na jeeri wɛ-puli seeni to se ko yi delo na wo wɛ-zoore seeni to, de maama wó zuli amo. Jei maama ne mo nɔɔna wó ja talwoŋ-ywoŋa dedaane pɛɛra yalo na ye wose to ba ba se ba pa-ne zula. 12Ko nam ná ye abam, á gwooni-ne mo, nenɛɛne á na yeini á boŋe we amo bimbini dem mo ba jege kuri to. Abam ma yeini á ja wodi-yɔɔro á ba dáa ne se á pa-ne. 13Abam na kare á ŋɔɔne tei to mo tento: ‘Wɛ totoŋa yam tiini ya chamma mo’, ye á daare á virigi á kwaga á ya amo. Abam ná ŋɔge vara á ja á ba, naa á ná jaane vare-jaweena dedaane vare-gwane mo á ba se á pa amo, á boŋe we amo ta wó jwoŋi tento maama ye a wo pwoli na? 14Sɔɔlem mo daŋe kampin-nyena bam yuu ne! Kolo ŋwaane o jege vare-laao o sɔŋɔ ne, vare-bɛa kalo o ya na pwooli se o ma ke kaanem o pa-ne to, ye o laam jwoori o ni dem kwaga ne se o pa-ne varem wolo na wo su yi to. Amo mo ye Pa-faro ye ko jege se logo baŋa teene dem nɔn-bia bam maama mo taa kɔre amo yere dem!”
Paŋwa Tu Baŋa Wɛ na tage tei to mo konto.",https://www.bible.com/bible/3661/MAL.1.KBG
MALAKI 2,"Ni-kaana Wɛ kaanem tiina bam ŋwaane
1Paŋwa Tu Baŋa Wɛ nam ta na jege kolo se o ta ta dedaane abam kaanem tiina bam to mo tento:
2“Abam nam ye se á ta‑á zuli amo yere dem mo. Abam nam ná ve se á ke konto, amo wó sɔɔle lwarem a yage abam yuu ne. Ko ná ye wo-laaro telo á na yeini á jwoŋi amo jeŋa ne to, amo wó jwoori a pipiri-te se te ji sɔɔlem á baŋa ne. Chega ŋwaane to, amo maŋe a sɔɔle mo a yage á yuni ne, kokuri abam ba jege yi-seena de á kaanem totoŋe dem. 3A ta lage a waare abam dwi dem mo. Á ná jaane vara mo se á ba á ma á ke kaanem á pa-ne, amo wó kwei ba na-beinnu tem a ma feiri á yibia ne, se a laam daare a dole abam a yage tampuuri yuu ne. 4Amo pɛ abam ni-kaana yanto se á wane á lɔre we ni-sɛɛm delo amo dedaane á nabaaro Levi na ke daane to wó taa vei yiga mo.
5Ni-gwonim delo amo dedaane Levi dwi dem déem na zo daane to ye se de ja ŋwea dedaane yazura mo de ba ba tei ne. Banto totoŋe mo ye se ba taa zuli amo yere dem. Ba ma seene ba ke konto dwoŋi. 6Levi dwi dem bere chega mo ye ba ve vwa fɔm. Ba ŋwea kam tɔge chwoŋa, ye ba sɛ amo ni, pa se nɔɔna dedɛ mo pipiri ba yage wɛleera totoŋa. 7Kaanem tu mo jege yeino Wɛ wonnu seeni ye o nii te baŋa ne. Nɔɔna maa wó taa vei o tei ne se o bere-ba, wonto na ye Paŋwa Tu Baŋa Wɛ tontoŋeno to ŋwaane.
8Ko nam ná ye abam, ko dae konto mo á jege á ke. Abam kwei chwoŋa kalo Wɛ na pɛ abam se á ta‑á tɔge to mo á yage. Á berem dem maa pae se nɔɔna dedɛ tusi amo yiga ne. Ko dɛ laŋa kam konto ne mo ye abam chɔge ni-sɛɛm delo amo dedaane Levi na zo daane to. 9Konto ŋwaane mo pɛ se a pa nɔɔna maama chuli abam ye ba ta gwooni abam. Kokuri abam ve amo ni dem mo ye á kuri nɔɔna daane de á na bere-ba tei to.”
Paŋwa Tu Baŋa Wɛ na tage tei to mo konto.
Baŋa Wɛ lage se chega kam mo taa toŋa
10Debam maama dae kwo dedoa bia mo na? Ko dae Wɛ dedoa mo naane debam maama na? Konto to, ko wó ke tɛ mo se debam taa baare da-kwaga ne ye dé daare dé chɔge ni-sɛɛm delo dé nabaara bam na tiŋi de Wɛ to? 11Abam Judah tiina bam ywori Wɛ kwaga ne mo de á na jege wo-zɔɔna á ke Jerusalem wone dedaane Isarele teo kom maama ne to. Á ta chɔge chullu á ma‑á biini Wɛ diga kam o na swoi to dedaane á na kwei kaana balo na yeini ba kaane dwi-gɛ tiina jwona to se ba taa ye abam kaana to. 12Amo lwoori Wɛ mo nenɛɛne nɔn-dwoa bam konto dwonna maama wó ti Isarele tega baŋa ne, de ba na maŋe ba jaane pɛɛra ba tui ba pae Paŋwa Tu Baŋa Wɛ to de.
13Abam ta jege woŋo dedoo mo á ke. Abam yeini á jeeri Wɛ bimbini dem baŋa ne mo, ye á keera á ta daare á lwoi yi-na bare-bare. Á laam maa tɛ á we, Baŋa Wɛ ve se o jwoŋi á pɛɛra yam. 14Abam nam tɛ á we, bɛŋwaane mo á pɛɛra yam wo su Wɛ yi ? Ko ye Baŋa Wɛ na maane baaro maama na ke tei o pa kaane wolo o na di o nɔn-donne maŋa kam ne to ŋwaane mo. Baaro maama jwoori o lɔ o kaane wom kwaga ne mo, ye wonto ye kaane wolo o na pwooli kampwola Wɛ yiga ne o pa‑o to. 15Wɛ nam ke nmo dedaane n kaane wom se á ta‑á ye yera dedoa mo. Ko dae chega na? Bɛ nam mo pa se o lage se abam ta‑á ye woŋo dedoa? Ko maama mo ye se abam wane á lo bia se ba taa ye Wɛ nɔɔna. Nii n yuu ne se n yé yage kaane wolo n na di n ma n ke kaane n nɔn-donne maŋa kam ne to laŋa tetare ne. 16Paŋwa Tu Baŋa Wɛ wom na ye Isarele tiina Wɛ to maa we, “Amo chula se balo a na pɛ ba ye dedoa to yage daane. Baaro ná jege puseŋa konto dwoŋi de o kaane, a vae o ni taane mo.” Konto, ta‑á yere-na á tete. Baro yé lɔ o kaane wom kwaga ne.
Bora borem dɛ dem
17Abam laam maŋe á pa Baŋa Wɛ yera mo chɛ de á na kare á ŋɔɔne wonnu telo to. Á nam ta tɛ mo we á yeiri á na ke tei á pa o yera chɛ to. Ko na ye tei to, abam kare á ŋɔɔne we, Baŋa Wɛ boŋe lanyerane mo o pae lwarem-keira ye o ba waare-ba. Abam ta maa bwei we, “Wɛ wolo na zege de chega to wo yei ne mo?”",https://www.bible.com/bible/3661/MAL.2.KBG
MALAKI 3,"1Paŋwa Tu Baŋa Wɛ ni dem mo tento:
“Nii mo! Amo lage a toŋe a tontoŋeno mo se o da amo yiga o vo o kwɛ chwoŋa kalo amo na wó tɔge da to. Konto ná kea, á Teiru wom á na beeri o jei to mo wó pɔpɔ o ba o zo o diga kam wone. Amo tontoŋeno wolo á na jei á cheigi to wó ba o ta ni delo a na gwoni de abam to taane o bere abam.”
2Dɛ delo dem Baŋa Wɛ nam na wó ba to, o lage o taa nye nenɛɛne mini na kwɛ lu-nyenno pa se digiru daa tera to, de chanfene na wo ware-zoŋa wone de zare gwaaro to mo. O ná tua se o lɔre nɔɔna lɔra konto, ba bá wane ba zege o yiga ne. 3Baŋa Wɛ tete mo lage o kwɛ Levi dwi dem se de taa ye chekke. O wó jeini tega ne mo, nenɛɛne luru na jei o kwɛ sabu-seŋa dedaane lu-nyenno pa te peere tei to. O na kwɛ-ba konto to, nɔɔna laam wó taa jaane pɛɛra yalo na ye chekke to ba tui o tei ne. 4Kanto maŋa kam ne mo Baŋa Wɛ daa wó jwoori o jwoŋi pɛɛra yalo Judah tiina dedaane Jerusalem tiina na wó ja ba ba ba pa‑o to. Ko daa wó taa nye nenɛɛne faŋa kam ne o yi na su ba kikia tei to mo.
5Paŋwa Tu Baŋa Wɛ ni dem mo tento:
“Amo lage a yi abam yera mo se a bore chega bora. A maŋe a zege se a bore taane a vane balo na toŋe yi-nɛɛre totoŋa dwi maama to mo, dedaane balo na nwoŋi ba kaana naa ba banna kwaga ne ba ke tolo to. A nam ta bá ma a chɛ vwa-fɔra naa balo na pini ba tontoŋena to. Balo de na jege chanɛɛre ba ke kadeina de botara dedaane nɔn-zora yerane to de maa wó ga bora amo tei ne. Kokuri to, nɔn-dwoa banto maama ba kɔre-ne.”
Nɔɔna na vere Wɛ yi-fula yi-fula tei to
6Paŋwa Tu Baŋa Wɛ ni dem mo tento:
“Jakob bia bam, cheigi-na! Amo nam bá fɔge a leiri a ji wo-gaa. Konto nam mo pɛ se abam dwi dem ta wo jei tega baŋa ne to. 7Ko na maŋe ko nwoŋi á nabaare wone to, abam ye dwi delo na ve se á ta‑á sɛ amo nia yam mo. Abam nam ná sɛ se á pipiri á jwoori amo tei ne, amo de wó pipiri a jeeri abam mo. Abam ma‑á kare á tɛ we, ‘Debam wó ke tɛ mo dé jwoori dé ba?’
8Amo nam lage se a bwei abam a nii, nabiinu wó wane o vere Wɛ na? Abam nam vere amo mo ga yi-fula yi-fula! Abam ta kare á bwei mo we, ‘Dé bere dé vere‑m tetɛ seeni mo?’ Woŋo maama fuga wone popɔra dedoa kalo na ye amo nyem to, ko woli de pɛɛra yalo á na jege se á yeini á pa-ne to, tento baŋa ne mo á jege-ne á vera. 9Abam nam na yeiri to, konto ŋwaane mo amo sɔɔle a yage á teo kom maama baŋa ne. 10Abam ná laga, faŋe-na amo á nii. Ja-na woŋo maama fuga wone popɔra dedoa kam na ye amo nyem to á ja á ba á tiŋi amo sɔŋɔ kom ne. Wodiu ná su amo sɔŋɔ kom wone, amo laam wó puri wɛyuu kom a jeeri abam se á neene dedaane Wɛ zaane amo na wó ke a yage á yuu ne to. Amo zaane dem wó taa tiini de daga de dwoi abam jaanem. Amo Paŋwa Tu Baŋa Wɛ na tage tei to mo konto. 11Konto kwaga ne de, amo wó che se kayere dedaane wo-korro dwi maama yé daane á wodiiru tem na wo á kare sem ne to. Á teeni dem maa wó taa leiri bia lanyerane. 12Konto laam maa wó pa logo baŋa teene dem nɔɔna bam maama ta we, abam jege yu-ywoŋo dedɛ. Kolo ŋwaane to, abam tega kam wó taa lamma ka pae nɔɔna se ba taa zoore da.”
Paŋwa Tu Baŋa Wɛ na tage tei to mo tento:
13“Abam ye balo na ŋɔɔne wo-balwaaro mo a pa amo to. Á nam ta bwei-ne mo we, ‘Debam wo ni kokuri, dé tage bɛ de bɛ mo ye ko ba lamma to?’ 14Abam ŋɔɔne wo-balwaaro mo ye á we, ‘Bɛ nyɔɔre mo bere ko wo Wɛ totoŋa yam wone? Dé ná sɛ Paŋwa Tu Wɛ nia yam, bɛ nyɔɔre mo dé wó na? Debam ná maŋe dé bere we dé wo mo chɔge dedaane dé totoŋ-lwanno tem de, konto ta ye kafɛ mo. 15Debam tei ne, balo na bere ba tete kamunim to mo jwoori ba jege yu-ywoŋo. Nɔn-balwaaro jege yiga-veiŋa mo. Banto tiini ba gigili Wɛ yiga, ye de ko de, kolokolo ba daane-ba.’ Mo abam na yeini á tɛ tei to.”
16Ko daare ko ná ye balo na kɔre Baŋa Wɛ to, banto ŋɔɔne ba taane mo ba bere daane. Baŋa Wɛ de ma ni kolo ba na ŋɔɔne to. Wɛ ma pa ba popone balo na kɔre‑o to yera ba tiŋi tɔnɔ wone, se ko taa ye gulim.
17Paŋwa Tu Baŋa Wɛ laam maa we:
“Dɛ dem a na lage a zaŋe se a toŋe to, banto wó taa ye amo tete nyem amo yi na su-ba to mo. Amo wó duri ba yibwona nenɛɛne kwo na duri o bu wolo na toŋe o pa‑o to yibwona tei to. 18Konto baŋa ne mo abam wó lɔre amo na ke tei de nɔn-laaro dedaane nɔn-balwaaro to. Konto mo wó bere we balo na toŋe ba pa amo de balo na ba toŋe ba pa amo to dae bedwe.”",https://www.bible.com/bible/3661/MAL.3.KBG
MALAKI 4,"Baŋa Wɛ dɛ-kamunu kom taane
1Paŋwa Tu Baŋa Wɛ daa ta ma ta o we:
“Chega ŋwaane to, dɛ dem maa beena se bere-n-tete nyena bam dedaane nɔn-balwaaro tem zwɛ kula nenɛɛne gaao tei to. Ko ná maŋe ko ye yuu dedaane nɛ maama, kolokolo daa bá daare.
2Se ko daare, ko ná ye abam balo na zuli amo yere dem to, amo dam delo na jaane verem de tui to lage de ba á baŋa mo, nenɛɛne wea na pɔpɔ ka nyeene tei to. De maa wó ja zurim de ba de pa abam. Abam wó ta‑á vei de wopwolo mo ga yalem, ne ba na pore na-bale ba yage ye se faŋe se duri tei to. 3Dɛ dem konto wone, abam lage á nɔne nɔn-balwaaro tem baŋa ne mo, nenɛɛne ba na mɛ napera ba tɔ fwogo tei to. Amo Paŋwa Tu Baŋa Wɛ na tage tei to mo tento.
4Ta‑á guli-na nia yalo amo na kwei a pa a tontoŋeno Moses Sinayi peo kom yuu ne to. Amo déem pɛ‑o a nia yam dedaane a bera yam se Isarele tiina bam maama taa tɔga.
5Nii-na mo! Amo lage a lwoori yiga mo a toŋe a sampwora Elija abam tei ne, se Baŋa Wɛ dɛ-kamunu kom laam ba de yi. Dento dɛ dem nam wó tiini de taa jege foone. 6Wonto ni taane dem lage de jwoori de ja bia dedaane ba kwoa bochara mo de ja ba jeiga dedoa. Ko ná dae konto, amo wó ba a sɔɔle lwarem a pa á tega kam.”",https://www.bible.com/bible/3661/MAL.4.KBG
MATIYU 1,"Yezu kwoa kwoa natɔga kam
Luka 3:23-38
1Yezu Krista nabaara bam kuri na nwoŋi mɛ to mo tento:
Yezu Krista ye David dwi tu mo,
ye wonto de ye Abaraham dwi tu.
2Abaraham bu mo ye Izaak.
Izaak ma lo Jakob.
Jakob ma lo Judah de o nyaana de o zembaara.
3Judah de o kaane Tamara ma lo Pɛreza de Zera.
Pɛreza ma lo Hezeron.
Hezeron ma lo Aram.
4Aram ma lo Aminadabi.
Aminadabi ma lo Naason.
Naason ma lo Salimon.
5Salimon de o kaane Rahaba ma lo Bowaza.
Bowaza de o kaane Ruf ma lo Obeda.
Obeda ma lo Jesse.
6Jesse ma lo David wolo na jigi pɛ to.
David déem di kadeim wolo ya na ye Yuria kaane to mo,
ye ba lo Solomon.
7Solomon ma lo Rehoboam.
Rehoboam ma lo Abija.
Abija ma lo Asaf.
8Asaf ma lo Jehosafate.
Jehosafate ma lo Joram.
Joram ma lo Yuzia.
9Yuzia ma lo Jotam.
Jotam ma lo Ahaz.
Ahaz ma lo Hezekia.
10Hezekia ma lo Manasɛ.
Manasɛ ma lo Amon.
Amon ma lo Josia.
11Josia ma lo Jekonia de o nyaana.
Jekonia na wora to mo ba jaane Isarele tiina bam ba vo ba yage Babilon teo ne.
12Isarele tiina bam viirim dem kwaga ne,
Jekonia ma lo Selateli.
Selateli ma lo Zerubabel.
13Zerubabel ma lo Abidu.
Abidu ma lo Eliakim.
Eliakim ma lo Azora.
14Azora ma lo Zadoki.
Zadoki ma lo Achim.
Achim ma lo Elidu.
15Elidu ma lo Eleaza.
Eleaza ma lo Matan.
Matan ma lo Jakob.
16Jakob ma lo Josef, ye wonto ji Mary baro.
Mary déem ma lo Yezu wolo ba na bwoŋi we Wɛ Dam Tu Krista to.
17Konto maa bere we, ko zege Abaraham ne mo ko vo ko yi David, ba dwi dem ye kuni fuga-bena mo. Ko maa zege David ne se ko vo ko yi maŋa kalo ba na kale Isarele tiina bam ba ja ba vo Babilon to, banto de dwi dem ye kuni fuga-bena mo. Ko maa zege maŋa kam konto ne se ko ba ko yi ba na loge Yezu Krista to, banto de dwi dem maa ye kuni fuga-bena.
Yezu lora kam
Luka 1:26-27; 2:1-7
18Ba na loge Yezu Krista tei to mo tento. O nu Mary de Josɛf tiina maama déem ya sɛ se ba pa ba zo daane, ye Mary ta wo vei o baro wom tei. Maŋa kam konto ne o laam ma ba o ja puga Wɛ Sin-laao kom dam ŋwaane. 19Josɛf wolo o na lage o zo to maa ye nɔn-ŋom. O maa ba lage se o pa chaveera ja o kaane wom nɔɔna maama yiga ne. O ma boŋe se o daane o yage‑o. 20O na maa boŋe konto to, Baŋa Wɛ maleka ma ba o tei o dendwɛ wone, ye ka ta ded‑o ka we, “Josef, nmo na ye Pɛ David dwi tu to, yé pa se n wo chɔge se n kwei Mary n ma‑n ji n kaane. O na jege puga kam to, ko ye Wɛ Sin-laao kom mo pɛ ko ke konto. 21O lage o lo bakeira mo, se n pa o yere we Yezu, kolo ŋwaane o wó ba o jwoŋi o nɔɔna ba wɛleera wone o yage.”
22Yezu lora kam déem seene ka tɔge konto dwoŋi mo se ko pa Baŋa Wɛ déem na tage kolo to ba ko ji chega. Faŋa faŋa to o sampwora kadwoŋi déem tɔɔle o kwora kam we:
23“Busankan-pwola wó ba o ja puga o lo bakeira.
Ba maa wó bwoŋi bu wom yere we Imanuwel.”
O yere dem konto kuri mo ye ‘Wɛ wora dedaane debam’.
24Josɛf na dɔ o zaŋe to, o ma sɛ o ke Baŋa Wɛ maleka tu wom na tage we o ke tei to. O ma sɛ o di Mary o ja vo sɔŋɔ. 25O maa wo peini ded‑o fase se ko ba ko yi o na loge bu wom to. O laam ma pa o yere we, Yezu.",https://www.bible.com/bible/3661/MAT.1.KBG
MATIYU 2,"Sa-teena tu se ba zuli Yezu
1Ba déem loge Yezu Judea teo kodwoŋi ne, ko yere mo Bɛtelehem. Ko maa ye maŋa kalo Herodi déem na ye pɛ to. Yiyein-yeena badaara déem ma nwoŋi wɛ-puli jei ne ba ba ba yi Jerusalem. 2Ba laam ma bwei nɔɔna ba we, “Bu wom ba na loge se o ji Juu tiina pɛ to wo yei ne mo? Debam nam nɛ chalechoa kalo na bere o lora to na fuŋi bira-kwaga seeni. Debam nam tu se dé pa‑o zula mo.”
3Pɛ Herodi déem na nigi konto to, o wo ma tiini ko chɔge. Nɔɔna balo maama na wo Jerusalem ne to de wo ma chɔge. 4O laam ma bwoŋi Juu tiina kaanem yiga tiina bam maama dedaane Wɛ nia zamesem tiina bam se ba ba ba la daane. O ma bwei-ba o we, “Ko ná ye Wɛ Dam Tu Krista wom, yei ne mo ba jege se ba lo‑o?” 5Ba ma leiri‑o ba we, “Ko wó taa ye Judea teo Bɛtelehem ne mo. Kolo ŋwaane faŋa faŋa Wɛ sampwora kadwoŋi déem popone we:
6‘Bɛtelehem, teo kolo na ye Judah dwi tiina bam nyem to,
nmo dae teo kolo na muri Judah dedɛɛra bam tei ne to.
Kokuri ba wó lo dedɛɛro wodwoŋi ba woli n wone,
ye wonto wó taa tei amo Wɛ nɔɔna Isarele tiina bam.’ ”
7Herodi na nigi konto to, o ma daane o bwoŋi veira bam se ba ba o tei. O ma kwaane o bwei-ba se o lɔre dɛ dem chalechoa kam na bobo se ka fuŋi to. 8O laam ma yage-ba se ba vo Bɛtelehem, ye o we, “Véi-na á kwaane á beeri bu wom jei, se á ná nɛ‑o, se á pa-ne ni, amo de na lage se a vo a zuli‑o to ŋwaane.”
9Pɛ wom na tage konto de-ba to, ba laam ma zaŋe ba maa kɛa. Ba na maa kɛ konto to, ba ma pɔpɔ ba na chalechoa kalo ya na maŋe ka fuŋi ye ba na to. Ka laam maa wo ba yiga ne ka via. Ka ma vo ka zege ka maŋe de bu wom na wo mɛ to. 10Ba maa tiini ba jege wopwolo lanyerane chalechoa kam ŋwaane. 11Ba ma vo ba zo sɔŋɔ kom wo. Ba ma na bu wom de o nu Mary. Ba ma kuni dwoona ba zuli‑o. Ba laam ma bwoli ba zela ba le pɛɛra se ba pa‑o. Ba pɛɛra yam ye sabu-seŋa, de talwoŋ-ywoŋa kalo ba na zwɛ to, de terale nuga kalo yere na ye Mura to. 12Tete ne Wɛ ma pa se ba lɔre ba dendwɛ wone we, ba daa yé jwoori ba vo Herodi tei. Konto ma pa se ba tɔge chwo-gaa ba jwoori ba vo ba tete teo kom.
Herodi kwaane se o go bu wom
13Sa-teena bam na kɛ ba daare konto to, Baŋa Wɛ maleka ma pɔpɔ ka ba Josɛf tei o dendwɛ wone ye ka we, “Zaŋe n ja bu wom de o nu wom n ja n duri n vo Ejipti teo, se á ta‑á zoore da se ko yi maŋa kam amo na wó pa abam ni se á jwoori to. Kokuri Herodi lage o zaŋe o beeri bu wom jei se o go‑o mo.”
14Josɛf na nigi konto to, o ma seene o zaŋe o ja bu wom de o nu wom o nwoŋi tete dem konto o vo Ejipti. 15Ba ma zo da taa, ye ba cheigi maŋa kalo Herodi na wó te to. Ko déem ke konto mo se ko pa Baŋa Wɛ na maŋe o ta kolo to ba ko ji chega. Faŋa faŋa to o déem pɛ se o sampwora kadwoŋi tɔɔle o kwora we:
“Amo Wɛ bwoŋi a bu wom se o nwoŋi Ejipti ne mo o ba.”
16Herodi déem na tu o lɔre we veira bam liisi o yiga ne to, o bane ma tiini de zaŋe. O ma pa ni se o nɔɔna vo Bɛtelehem de ko nawuura yam se ba go bakeiri selo na yi bena yalei de balo na muri to maama. O nam ke konto se ko maŋe de chalechoa kam fuŋim dem maŋa kam o na lɔre yiyein-yeena bam tei ne to.
17Bia bam gom dem ma pa se Wɛ sampwora Jeremia na tage Wɛ kwora kalo faŋa faŋa to ba ka ji chega we:
18“Sɔɔ mo zaŋe Rama teo wone.
Nɔɔna mo wora ba keera, ye ba chwoosa dedɛ.
Racheli mo tiini o keera,
o bia bam na tega ye ba daa tera to ŋwaane.
O maa ba sɛ se nɔɔn-nɔɔno ja‑o.”
19Herodi déem ma ba o te, ye Josɛf daa ta wo Ejipti ne. Baŋa Wɛ maleka ma pɔpɔ ka ba Josɛf tei o dendwɛ wone ye ka we, 20“Zaŋe n ja bu wom de o nu wom n jwoori n vo Isarele teo. Kokuri wolo ya na lage se o go bu wom to laam tega.”
21Josɛf na lɔre konto to, o ma seene o zaŋe o ja bu wom de o nu wom o jwoori o vo Isarele teo kom. 22O laam ma ba o lɔre we Herodi bu Achelusa mo leiri o kwo wom yuu ne o di paare Judea teene dem baŋa ne. Ko ma pa o kɔre foone se o jwoori jei sem konto. Wɛ ma pa o dwɛ o lɔre kolo o na jege se o ke to, pa se o lɛɛre o yɔɔre Galili jei sem. 23O laam ma vo o yi teo kodwoŋi, ko yere na ye Nazarete to, ye o zoore da. Konto ma pa se Wɛ sampwori sem na tɔɔle o kwora kalo faŋa faŋa to ba ka ji chega we, “Ba wó bwoŋi‑o we, Nazarete tu.”",https://www.bible.com/bible/3661/MAT.2.KBG
MATIYU 3,"Jɔn na pɛ nɔɔna sɛɛm ye o bere-ba tei to
Maake 1:1-8; Luka 3:1-9; Jɔn 1:19-28
1Nɔɔno wodwoŋi déem mo wora, o yere mo Jɔn. Wonto déem yeini o pae nɔɔna sɛɛm mo. O ma ba o zoore Judea kagoa kam ne, ye o yɔɔre o bere nɔɔna Wɛ chega kam. 2O maa yeini o tɛ o bere-ba se ba leiri ba wo Wɛ ŋwaane, se maŋa kam laam yia se Wɛ telaao paare dem ba o nɔɔna baŋa. 3Jɔn ye wolo Wɛ sampwora Izaya na maŋe o ŋɔɔne o taane faŋa faŋa to we:
“Nɔɔno mo wora o kaase o kwora kagoa yuu ne ye o we,
‘Zaŋe-na á fɔge á kwɛ dé Teiru wom chwoŋa kam
o na lage o ba o tɔge da to.
Pa-na se chwei selo o na lage o tɔge to
fɔge se yɔɔre lanyerane.’ ”
4Jɔn déem zoore gɔrɔ kolo ba na sɔge de kone koro to mo. O maa jege tankila o ma ja o teiŋa. O wodiu mo ye kayere de tooro. 5Nɔɔna dedɛ maa yeini ba nwoŋi Jerusalem, de Judea teene dem maama, de Jɔdan buga kam ni jei sem, ba vei o tei. 6Ba na tui o tei to, ba maa tɛ jaja ba na ke ba tusi tei to. O laam maa pae se ba zoore Jɔdan buga kam wo se ba jwoŋi sɛɛm Wɛ ŋwaane.
7Jɔn ma na we Farisi tiina de Saduka tiina dedɛ yɔɔre ba tui o tei se ba jwoŋi sɛɛm. O ma ta de-ba o we:
“Abam nye de basankwe na dura se se lu mini wone tei to. Wɔ mo bere abam se á kwaane á lu waarem delo Wɛ na lage o pa nabiina to? 8Abam nam jege se á ta‑á tɔge kikia yalo na wó bere we á seene á leiri á wo to mo. 9Abam yé ta‑á boŋa á pa á tete we, abam ye Abaraham dwi tiina, ye Wɛ bá pa á na waarem. A tɛ abam we konto dae kolokolo. Wɛ ná laga, o wó wane o pa se kandwa yanto de leiri ya ji Abaraham dwi tiina. 10Nɔɔno nam maŋe o jege dwooru o jeŋa ne se o taa mae o gwoni teeni mo o de tega ne. Tio kolo maama na ba leiri bu-ŋona to, o jege se o gwoni-ko mo o de tega ne, ye o kwei-ko o de mini wone se ko di.
11Amo nam mae na mo a pa abam sɛɛm se ko bere we abam leiri á wo de á tusim dem. Ko daare wolo na lage o saŋe amo kwaga o ba to nam tiini o dwoi amo. A wo maŋe se a zeeri o nɛ natera de. Wonto nam ná lage o pa abam jwoŋi sɛɛm, ko wó taa ye Wɛ Sin-laao kom dedaane mini mo o ma o ke konto. 12Wonto maa zei da-lɔŋɔ se o ma mage o mena, se o laam chaare ka maama o pɛ o ke o tula ne, ye o daare men-swanno tem o zwɛ de mini delo na ba di de dwei to. Mo o na lage o pɔɔre nɔɔna daane o ke-ba tei.”
Yezu jwoŋi sɛɛm
Maake 1:9-11; Luka 3:21-22
13Jɔn déem na wo Jɔdan buga kam ni ne to, Yezu ma nwoŋi Galili laŋa kam o vo da se o de jwoŋi sɛɛm o tei ne. 14Jɔn déem ma kwaane se o pipiri Yezu boboŋa, ye o ta ded‑o o we, “Amo mo jege se a jwoŋi sɛɛm nmo tei ne. Ko ke tɛ mo ye nmo ba amo tei se n jwoŋi sɛɛm?” 15Yezu ma leiri‑o we, “Yage se ko taa ye konto leile. Ko maŋe se dé ke konto, se dé wane dé tɔge kolo maama na jege chega Wɛ tei ne to mo.” O laam ma sɛ.
16Yezu na jwoŋi sɛɛm konto to, o ma yɔɔre o nwoŋi na bam wone. O laam ma na wɛyuu na pore o baŋa ne, ye o na Wɛ Sin-laao kom na nwoŋi da ko maa beene o baŋa, ye ko nye de kunkwoŋa tei. 17Kwora laam ma ŋɔɔne Wɛ telaao ne ka we,
“Wonto mo ye amo bu-doa a na jege o swono to.
O kikia su amo yi.”",https://www.bible.com/bible/3661/MAT.3.KBG
MATIYU 4,"Setaana pɛ maŋe Yezu
Maake 1:12-13; Luka 4:1-13
1Wɛ Sin-laao kom déem na tu Yezu tei konto to, ko laam ma ja‑o ko vo kagoa yuu ne se setaana pɛ maŋe‑o o nii. 2Yezu déem maa wora taa, da finna, ye o ba di wodiu wea de tete maama. Kana maa jege‑o. 3Setaana pɛ wom laam ma ba o tei, ye o ta ded‑o o we, “Nmo ná seene n ye Baŋa Wɛ Bu, se n ta de kandwa yanto se ya ji wodiu se n di.” 4Yezu ma leiri‑o we, “Ko nam popone Wɛ tɔnɔ kom ne we:
‘Ko dae wodiu yerane mo pae se nabiina ŋwe,
se ko ye Wɛ ni taane dem maama mo pae nɔɔna ŋwea.’ ”
5Setaana pɛ wom laam ma kwei‑o o ja vo Wɛ tete teo Jerusalem. O ma ja‑o o vo o di Wɛ diga kam yuu mɛ na dɔra to o zege‑o da, 6ye o we, “Nmo ná ye Wɛ Bu, se n faŋe n chu tega ne se dé nii. Kokuri, ko popone Wɛ tɔnɔ kom ne we:
‘Wɛ wó ta de o malese sem
se ba ba ba ma ba jea ba lwori‑m,
se n yé mage n naga de kandwɛ n to tega ne.’ ”
7Yezu ma leiri‑o we, “Ko ta popone we,
‘N yé faŋe n Teiru Baŋa Wɛ n nii.’ ”
8Setaana pɛ wom daa ma ja‑o o ja vo o di peo kolo na tiini ko dɔra to yuu. O laam ma bere‑o logo kom teene dem maama de wo-laaro telo maama na wora to. 9O ma ta ded‑o o we, “Nmo ná sɛ n kuni dwoona n zuli amo, amo wó pa se n ta‑n tei wonnu tem maama.” 10Yezu laam ma ta‑o o we, “Setaana pɛ, véi dáa a tei ne! Se ko popone Wɛ tɔnɔ kom ne we:
‘Ko ye n Teiru Baŋa Wɛ yerane mo
n jege se n kuni dwoona n zuli,
ye n toŋe n tɔge o boboŋa.’ ”
11Setaana pɛ wom laam ma viiri o daare‑o. Wɛ malese laam ma ba Yezu tei se woli‑o de kolo o na lage to.
Yezu bobo se o toŋe Wɛ totoŋa
Maake 1:14-15; Luka 4:14-15
12Yezu déem ma maane we, ba jaane Jɔn ba ke peena diga ne. O na lɔre konto to, o ma zaŋe o jwoori Galili. 13O maa daa ba zoore Nazarete ne, ye o kɛ o vo Galili teo kodwoŋi, ko yere mo Kaparenia, o zoore da. Teo kom konto wo naneo ni ne, jei selo Zebula dwi tiina de Nafitali dwi tiina ya na zoore da to mo. 14O na zoore da konto to, ko déem ma pa se Wɛ sampwora Izaya na maŋe o bere Wɛ kwora kalo faŋa faŋa tei to ba ka ji chega. 15O déem we:
“Ko ná ye Zebula de Nafitali teene dem jei sem,
de jei selo na wo naneo kom seeni to,
de jei selo na wo Jɔdan buga kam bubɛ dedwoŋi dem kwaga ne to,
de Galili jei selo dwi-gɛ tiina na zoore da to,
16jei sem konto tiina bam déem ya wo lim wone mo,
ye ba laam ba ba na pwooni dedɛ,
pa se ba yi poore lanyerane de Wɛ chega kam.
Balo na zoore da to ya ba jege teena Wɛ tei ne.
Toone mo tei-ba.
Wea laam ma nye ba baŋa ne pa se lim daa tera ba tei ne.”
17Yezu na jwoori o vo o zoore Galili ne to, ko zege maŋa kam konto ne o déem wora o bere nɔɔna we ba jege se ba leiri ba wo, kolo ŋwaane maŋa kam laam yia Wɛ telaao paare dem na lage de ba o nɔɔna baŋa ne to.
Yezu bwoŋi nɔɔna bana se ba taa tɔge‑o
Maake 1:16-20; Luka 5:1-11
18Yezu déem maa wo Galili naneo kom ni ne o via. O ma na nɔɔna balei, ba na ye chorro to. Ba dedoa yere mo Simon, o yere dedwoŋi maa ye Piita. Wodwoŋi wom maa ye o nyaane, o yere mo Anduru. Ba ye ywon-jara mo, ye ba wo na bam wone ba dole chworu ba ma jaane ywona. 19Yezu laam ma ta de-ba o we, “Zaŋe-na á ba á ta‑á tɔge-ne. Amo wó pa se á ta‑á lage nɔɔna mo se ba ba ba da amo kwaga, se ko taa nye de á na jaane ywona tei to.” 20O na tage konto to, ba ma zaŋe lela ba yage ba chworu tem ye ba vo ba tɔge o kwaga.
21Yezu na vei o maa kɛ to, o daa ma na nɔɔna balei, ba de ta ye chorro mo. Ba kwo yere mo Zebedi. Ba dedoa yere mo Jemsi. Wodwoŋi wom maa ye o nyaane, o yere mo Jɔn. Banto balei de ba kwo Zebedi maa wo nabworo wone ba kwɛ ba chworu se ba ma ja ywona. O ma bwoŋi bia bam se ba ba ba taa tɔge‑o. 22O na bwoŋi-ba konto to, ba ma zaŋe lela ba yage ba kwo wom de nabworo kom ye ba daare ba vo ba tɔge‑o.
23Yezu déem maa tole Galili teene dem maama. O maa yeini o vei Juu tiina jeerim di sem se o taa bere nɔɔna Wɛ chega kam. O maa tɔɔle Wɛ paare dem kwor-ywoŋa kam, ye o kwori o yɔɔre jaweena de jaweo kolo dwi maama na jege-ba to. 24Nɔɔna ma ba ba ni o ŋwa jei sem konto ne de Siria teo kom maama ne. Ba maa yeini ba jaane jaweena dwi dwi ba tui, balo yera na tiini ya wɔe to, ko woli de balo setaana na daane-ba to, de balo na sae kɔɔro to, de gwaaro. Ba na tu Yezu tei konto to, o maa yeini o yɔɔre-ba. 25Nɔn-kɔgɔ dedɛ ma ba ba tɔge‑o. Ba déem nwoŋi Galili teene dem, de jei selo ba na bwoi we ‘Teene Fuga’ to, de Jerusalem, de Judea maama, de jei selo na wo Jɔdan buga kam bubɛ dedwoŋi dem ne to, ye ba tɔge ded‑o ba beera.",https://www.bible.com/bible/3661/MAT.4.KBG
MATIYU 5,"Yezu berem-doore
Luka 6:20-23
1Yezu déem ma na nɔn-kɔgɔ na tɔge‑o tei. O ma pwɛ o tete o vo o di peo kodwoŋi o jeini da. O na jei to, o kwaga tɔgena bam ma vo o tei. 2O laam ma bobo se o bere-ba we:
3“Balo na yei we yiniga jege-ba Wɛ seeni to mo jege yu-ywoŋo,
ba na tɔge ba di Wɛ telaao paare dem to ŋwaane.
4Balo wo na chɔge to mo jege yu-ywoŋo,
Wɛ na wó pa ba bochara zuri to ŋwaane.
5Balo na tu ba tete to mo jege yu-ywoŋo,
Wɛ na wó pa ba taa tei logo kom baŋa to ŋwaane.
6Balo na pae se Wɛ chega kam tɔgem jege fera ba tei ne to
mo jege yu-ywoŋo,
Wɛ na wó pa se ba bochara peini de ba fera yam to ŋwaane.
7Balo na jege nɔɔna ŋwaŋa to mo jege yu-ywoŋo,
Wɛ na wó duri ba de ŋwaŋa to ŋwaane.
8Balo bochara na lana fase to mo jege yu-ywoŋo,
ba na wó ba ba na Wɛ to ŋwaane.
9Balo na pae se nɔɔna jege ywoni daane to mo jege yu-ywoŋo,
Wɛ na wó taa bwoi-ba we, o tete bia to ŋwaane.
10Balo na tɔge Wɛ chega kam ye nɔɔna bɛɛse-ba to
mo jege yu-ywoŋo,
ba na wó tɔge ba di Wɛ telaao paare dem to ŋwaane.
11Nɔɔna ná twe abam ye ba bɛɛse abam, ye ba ta ná tɔge amo ŋwaane ba fɔ vwa dwi maama ba pa abam, á jege yu-ywoŋo mo. 12Wɛ wó pa á na nyɔɔre dedɛ o tei ne. Konto to, ta‑á jege-na wopwolo lanyerane. Ko ná ye Wɛ sampwori selo déem na lwoori abam yiga ba ba ba wora to, nɔɔna déem maŋe ba bɛɛse-ba konto mo.
13Yɛ na kwɛ wodiu tei to, abam de nam ye konto mo de nabiina. Ko ye abam mo pae ywoni wora ba tei ne. Yɛ ni nam ná ti, n daa‑n bá‑n wane n pa de jwoori de ja ni. Dento daa ba jege kuri. Ba nam wó dole-de ba yage, se nɔɔna taa nɔne de baŋa ne.
14Abam nye ne pwooni mo á pae nabiina. Teo kolo ba na lɔge peo yuu ne to tiini ko nae mo jaja. 15Nɔɔn-nɔɔno bá sɛ o tɔre min-zwoŋo o pu zoŋa kuri ne. O nam wó kwei-ko o zege wɛyuu ne, se ko pwooni taa wora nɔɔna maama tei ne diga kam wone. 16Abam jege se á ta‑á ye konto mo se ko pa á ji pwooni nɔɔna tei ne. Ba laam wó na wo-laaro telo á na ke to, ye ba daare ba zuli á Kwo Wɛ na wo telaao ne.
Wɛ nia yam taane
17Abam nam yé ta‑á boŋe we amo tu se a pa Wɛ tɔn-dwoŋo kom na bere kolo to ji kafɛ, de ko ná maŋe ko ye Wɛ nia yalo na tɔge Moses jeŋa to, naa o sampwori sem na bere tei faŋa faŋa to de. Amo tu se a pa ya tiini ya taa jege kuri mo lanyerane, ye ko dae we a lage a chɔge-ya mo. 18A tɛ abam chega ŋwaane to, logo baŋa de wɛyuu na wora se ko taa vei maŋa kalo to, kolokolo bá wane ko le Wɛ ni-dwoora yam wone de fenfee de. Ya nam wó taa wora konto mo taa, se ko ba ko yi wonnu maama na wó ti maŋa kalo to. 19Nɔɔno wolo maama ná pae se Wɛ nia yam dedoa ye kafɛ, ye o ná paale o soge o dwonna se ba chɔge-de, de ná maŋe de ye Wɛ ni delo na muri to de, konto tu wó taa ye wolo na tiini o ye balaŋa Wɛ tei ne mo. Ko daare wolo maama ná yɔɔre o sɛ Wɛ nia yam, ye o daare o bere o dwonna se ba de ke konto, konto tu wó taa jege dam Wɛ telaao paare dem wone. 20Á nam ta‑á yei we, abam ná ba tɔge chwoŋa se ko taa dwoi Wɛ nia zamesem tiina bam de Farisi tiina bam, á bere á bá na chwoŋa se á tɔge á di Wɛ telaao paare dem.
Ban-zɔŋɔ na nye de nɔɔno gom tei to
Luka 12:57-59
21Abam yei we ba déem bere debam kwoa bam we, ‘Yé zaŋe n go n dwoŋi. Wolo nam ná ke konto, ba jege se ba di o taane mo.’ 22Ko daare amo laam nam tɛ de abam we, nɔɔno wolo ná jege ban-zɔŋɔ de o dwoŋi, ko maŋe se ba di konto tu de taane mo. Wolo ná tage o dwoŋi o we, o ba jege boboŋa, ko maŋe se debam nakwa bam mo di konto tu taane. Nɔɔno wolo de ná tage o dwoŋi o we, o ye wo-koro, ko maŋe se konto tu na waarem de mini te-seŋa ne. 23Mo kokuri, nmo ná lage n kwei n pɛɛra n pa Wɛ, ye n laam ná guli we n dwoŋi jege n ban-zɔŋɔ, 24se n yage n pɛɛra yam n tiŋi, se n jwoori n vo n dwoŋi wom tei se á fɔge daane. Nmo ná ke konto, se n laam jwoori n ba n kwei n pɛɛra yam n pa Wɛ.
25Ko daare nɔɔno nam ná jaane‑m o vo o saŋe, se n ke lela n pa á fɔge daane ye á daa ta wo yi taane dim jei sem. Ko ná dae konto, o laam wó ke nmo taane dim tu wom jeŋa ne se o waare‑m. Wonto de laam maa wó ke‑m o tontoŋeno jeŋa ne se o ja‑m o vo o ke peena diga ne. 26A tɛ nmo chega ŋwaane to, nmo wó ta‑n wora taa. Nmo ná wo ŋwe jene dem maama ye bi ná daare, ba bá yage‑m.
Ka-laga boboŋa na nye de bwoŋa tei to
27Abam nam yei we ba maŋe ba ta ba we, ‘Yé zaŋe n bwoori de nɔɔno kaane.’ 28Amo nam tɛ de abam we, nɔɔno wolo ná nɛ kaane ye o fera zo‑o, ko nye de kotu maŋe o ke bwoorim mo de o na jege o boboŋa tei to. 29Konto to, nmo jazem yi ná pae n tusa, se n chochɔrege-de n le n yage. Nmo yera fenfee ná chɔge konto, ko lana ko pa‑m ko dwoi n yera yam maama ná wora ye ba de-ya ba yage te-seŋa ne. 30Ko woli da, nmo jazem ná pae n tusa, se n gwoni-ka n yage. Nmo yera fenfee ná chɔge, ko lana ko pa‑m ko dwoi n yera yam maama ná zo te-seŋa ne.
Kaane yagem taane
Matiyu 19:9; Maake 10:11-12; Luka 16:18
31Ba ta maŋe ba ta ba we, ‘Nɔɔno wolo ná yage o kaane, kotu jege se o pa‑o tɔnɔ kolo na bere we ba yage daane to.’ 32Amo nam tɛ a bere abam we, nɔɔno wolo ná yage o kaane ye ko dae we o chɔge, kotu pae se kaane wom ke bwoŋa mo, ne o ná zo baro wodwoŋi. Nɔɔno wolo maama nam ná di kaane wom konto dwoŋi, konto tu keim dem de bwoŋa ye bedwe mo.
Duuri duum taane
33Ko woli da, abam yei we ba déem bere debam kwoa bam we, ‘Yé zaŋe n kwane n ni. Nam ke kolo maama n na dugi n pa Baŋa Wɛ to.’ 34Amo nam lage a ta a bere abam se á yé zaŋe á du de kolokolo. Yé zaŋe á du duuri Wɛ telaao ŋwaane, kokuri dáane mo ye Wɛ jeiŋa jei. 35Yé du-na de tega baŋa de, ka na ye o nɛ chwiim jei to ŋwaane. Ko nam ná ye Jerusalem, se á yé zaŋe á du de konto de, se konto de ye Wɛ Pa-faro teo kom mo. 36Nam yé zaŋe á du de á tete yuu, kolo ŋwaane á bá wane á pa á yu-yua dedoa tete leiri ka ji napwoŋo naa nazwono. 37Nam pa-na se á ná tage taane, se de taa ye ‘ɛɛ’ naa ‘aawo’ yerane, se á daa yé woli kolokolo da. Á nam ná dugi duuri á woli da, konto ye setaane nyem mo.
Bochare zurim taane
Luka 6:29-30
38Abam ta yei we ba maŋe ba ta ba we, ‘Nɔɔno ná chugi n yi, se n de chu konto tu yi. Ko daa ná ye n yeili, se n de guri o yeili.’ 39Amo nam tɛ de abam we, nɔɔno ná ke‑m lwarem, se n yage‑o. Nɔɔno ná lɔge nmo jazem popɔŋɔ, se n pa o lɔ kodwoŋi kom de. 40Nɔɔno ta ná saŋe‑m se o jwoŋi n gare-bu o jene ŋwaane, se n pa o kwei n gare-bwora o woli da. 41Dedɛɛro nam ná jaane‑m se n zeŋe o zela n vo chwo-kukua laŋa ne, se n zeŋe n gaale dáane. 42Nɔɔno nam ná lwoori woŋo n tei ne, se n kwaane n pa-o-ko. Nɔɔno nam ná lage se o jene woŋo n tei ne, se n yé ve‑o.
Swono taane
Luka 6:27-28, 32-36
43Abam ta yei we ba maŋe ba ta ba we, ‘N jege se n ta‑n swoi n fara maama mo, se n daare n ta‑n chuli n dona.’ 44Amo nam tɛ a bere abam, se á ta‑á swoi á dona mo. Ko nam ná ye balo na jege abam ba bɛɛse to, se á ta‑á lwoori Wɛ á pa-ba. 45Á ná ke konto, ko wó bere we á Kwo mo ye Baŋa Wɛ, de á na tɔge o kikia yam dwoŋi to. Wonto ba pɔɔre nɔɔna daane de o na pae se wea nye ba maama baŋa ne, ko ná ye nɔn-balwaaro naa nɔn-laaro de. O ta kwori o pae se doa nena ka pae balo na tɔge chwoŋa de balo na ywori to. 46Abam nam ná swoi balo de na swoi abam to yerane, konto jege nyɔɔre Wɛ tei ne na? Lampwoo lara de yeini ba ke konto dwoŋi mo. 47Abam nam ná ke lanyerane de á chorro yerane, ko ba bere kolokolo. Balo na yeiri Wɛ to de yeini ba ke konto dwoŋi mo. 48Abam nam jege se á yɔɔre á ta‑á tɔge chega, se ko maŋe de á Kwo Wɛ na yɔɔre o jege chega tei to mo.”",https://www.bible.com/bible/3661/MAT.5.KBG
MATIYU 6,"Yezu berem-doore dem
Luka 11:2-4
1“Ta‑á yei-na se á yé ta‑á bere á tete nɔɔna yiga ne de á na ke keim-laaro tei to. Á ná ke konto dwoŋi, ko bá pa á na nyɔɔre á Kwo Wɛ tei ne. 2Konto to, á ná kwei woŋo á pa yiniga tu, se á yé kwaane á bere á tete á pa nɔɔna maama nii abam na ke kolo to. Balo na ye pipiri-nyena to mo yeini ba bere ba tete konto dwoŋi ba jeerim di sem ne, de ba teo kom pwooni yiga ne, se ko pa nɔɔna taa zuli-ba. A tɛ abam chega ŋwaane to, banto maŋe ba na ba nyɔɔre ba ti. 3Nmo nam ná lage n woli yiniga tu, se n yé pa nɔɔn-nɔɔno lɔre ko ni ne, nenɛɛne nɔɔno na kwei woŋo o pa de o jazem, ye o jagwia yeiri ko ni ne to. 4N Kwo Wɛ nam nae kolo n na seigi n ke to. O maa wó pa se n na nyɔɔre ko ŋwaane.
5Abam ná yeini á lage á ware Wɛ, se á yé zaŋe á ta‑á bere á tete ne pipiri-nyena bam na ke tei to. Banto swoi se ba taa zaŋe wɛɛne mo ba ware Wɛ ba jeerim di sem ne, de pwooni yiga ne, se nɔɔna maama taa na-ba. A tɛ abam chega ŋwaane to, banto maŋe ba na ba nyɔɔre ba ti. 6Nmo nam ná lage n ware Wɛ, se n zo n diga kam wo n ja ka ni n pe, se n laam ware n Kwo Wɛ wom na seigi nɔɔna yiga ne to. Wonto nae kolo n na seigi n ke to. O maa wó pa se n na nyɔɔre ko ŋwaane.
7Abam ná wora á ware Wɛ, se á yé tiini á ma ta-yɔɔro nenɛɛne balo na yeiri Wɛ na yeini ba ke tei to. Banto yeini ba boŋe we, ba ná tiini ba ŋɔɔne ta-fare mo, Wɛ wó cheigi ba warem dem. 8Abam nam yé zaŋe á ke ne banto na ke tei to. Kokuri á Kwo Wɛ maŋe o yei kolo abam na gɛa ye á ta wo lwoori‑o ko ŋwaane to.
9Abam nam maŋe se á ta‑á ware Wɛ tento dwoŋi mo:
‘Debam Kwo na wo telaao ne,
nmo yere dem maŋe de tia mo.
10Nmo paare dem de ma maŋe
se de ba de jeini de dam.
Pa se nmo boboŋa wonnu taa ke tega baŋa ne,
se ko maŋe de te na ke tei telaao ne to.
11Pa debam wodiiru zem se te maŋe debam.
12Yage dé wɛleera n ma n chɛ debam,
ne debam de na chɛ wolo maama
na ke wo-balɔrɔ o ma chɔge dé yiga tei to.
13Yé pa dé na cham delo na wó maŋe dé boboŋa to.
Ta‑n cho debam wo-lwanno tu setaane jeŋa ne.’
[Nmo mo tei paare, de dam, de nenɔŋ-fɔrɔ,
se ko taa vei wuu. Ameena.]
14Kokuri to, abam ná yage nɔɔna na ke tusim delo ba yage á yuu ne to á ma chɛ-ba, á Kwo Wɛ wó yage á na ke kolo á tusi to o ma chɛ abam de. 15Ko daare, abam ná wo sɛ se á ke konto, á Kwo Wɛ de nam bá yage á na ke kolo á tusi to o ma chɛ abam.
16Abam nam ná vɔge ni, se á yé nyɔne á yiga ne pipiri-nyena bam na yeini ba ke tei to. Banto yeini ba pa ba yibia leiri se ko pa nɔɔna lɔre we ba vɔge ni mo. A tɛ abam chega ŋwaane to, banto maŋe ba na ba nyɔɔre ba ti. 17Nmo nam ná vɔge ni, se n swɛ n yera se n daare n le n yuu lanyerane. 18Konto mo wó pa nɔɔn-nɔɔno bá lɔre we n vɔge ni. Ko ye n Kwo Wɛ wom na seigi nɔɔna yiga ne to yerane mo yei. Wonto nam nae kolo n na seigi n ke to. O maa wó pa se n na nyɔɔre ko ŋwaane.
Wɛ na wó taa jege dé teena tei to
Luka 12:32-34; 11:33-36; 16:13; 12:22-31
19Nam yé zaŋe á kwaane se á na jejegero dedɛ logo baŋa ne. Á ná tiŋi jejegero tem konto, te wó ba te chɔge. Wonnu tedwonna wó di-te, ye te ta wó ba te pɔ maama. Ŋweena de maa wó bwori diga kam ba zo ba ŋɔ-te. 20Abam nam jege se á ta‑á ke kolo na wó pa se á na wo-laaro dedɛ Wɛ telaao ne to mo. Dáane mo kolokolo daa bá wane ko chɔge á wo-laaro tem, ye ŋweena de bá wane ba ŋɔ-te. 21Ta‑á ke-na konto bɛŋwaane á wonnu tem na wo mɛ maama to, á boboŋa yɔɔre ya tigi dáane mo.
22Nɔɔno yia mo pae se o yera jege pwooni. Konto to, o yia ná lana, ko wó pa se o ŋwea maama taa tɔge pwooni mo. 23O yia nam ná ba lae, ko pae se o ŋwea maama wo lim wone mo. Pwooni ná tera nɔɔno tei ne ye ko ye lim yerane, ko bá taa tiini ko ye lɛɛro mo o tei ne na?
24Nɔɔn-nɔɔno bá wane o kwei boboŋe dedwe se o ma toŋe o pa o yuu tiina balei. O wó taa chuli dedoa kam ye o daare o swoi wodwoŋi wom, naa o wó taa nege dedoa kam ye o daare o gwooni wodwoŋi wom. Konto ŋwaane, abam bá wane á pa se Wɛ taa ye á tu, ye á daare á tɔge sabu-laga de.
25Baŋa Wɛ nam na tei abam to, se á yé ta‑á jege lwia de logo baŋa kolokolo, ne ko ná ye á ni-wodiu, naa á na wó zo gwaaro telo to. Kokuri á ŋwea jege kuri ka dwoi wodiu. Yera yalo Wɛ na pɛ abam to de maa jege kuri ya dwoi gwaaro. 26Nam maane-na á nii zuna na ye tei to. Banto ba dua, ye ba ta ba zage mena ba ke ba tuli ne. Ko nam ye á Kwo Wɛ mo nii zuna bam baŋa ne de ba ni-wodiu. Wɛ nam bá pa se abam ta‑á jege kuri á dwoi zuna bam na? 27Abam wolowolo bá wane o twoŋi o ŋwea de fenfee de, ne o ná maŋe o jege ka lwia tei de.
28Ko nam ná ye gwaaro, á jege te lwia wo bɛ mo? Maane-na á nii gaao punnu tem na wora to. Tento ba ke totoŋa, ye te ba sɔ gwaaro. 29Nam ta‑á yei-na we, tento jege lam te dwoi Pɛ Solomon déem na maŋe o zoore gare-nyenno telo to. 30Ko nam ná ye gaaro tem konto, tento ba jege dɛ ye nɔɔna yeini ba zwɛ-te. De konto de, Wɛ ta mo pae te jege lam konto dwoŋi. Konto ŋwaane ko ná ye abam, Wɛ bá tiini o nii abam baŋa ne mo na? Abam boboŋa muri de Wɛ.
31Konto ŋwaane, á yé ta‑á jege lwia de á na wó ke tei se á na wodiu de gwaaro to. 32Balo na yeiri Wɛ to mo tiini ba boŋe wonnu tem konto maama boboŋa. Abam Kwo Wɛ nam maŋe o yei á na lage-te tei to. 33Kolo na ye wo-chɛɔ ko pa abam to ye se á pa á boboŋa mo yɔɔre ya taa tɔge Wɛ paare dem, se á daare á ta‑á ke kolo na jege chega o tei ne to. Á ná ke konto dwoŋi, Wɛ laam wó woli abam de á logo baŋa wonnu tem maama. 34Á nam yé pa lwia taa jege abam de kolo na lage ko ke dɛ dedwoŋi ne to. Yage-na se jwa dɛ dem tete taa jege de lwia, se dɛ maama tui de de cham mo.",https://www.bible.com/bible/3661/MAT.6.KBG
MATIYU 7,"Nɔɔna maŋe se ba taa nege daane
Luka 6:37-38, 41-42
1Abam nam yé ta‑á jege nɔɔna á yaala, se Wɛ de wó yaale abam. 2Kokuri, abam na yaale á dwonna tei to, Wɛ wó tɔge konto dwoŋi mo o ma di á taane. Abam na ke á dwonna tei to, Wɛ wó ke abam de konto se ko taa mae daane.
3Abam nye de nɔɔno mo ná nii o dwoŋi yi ne o na weo balaŋa da, ye o yiga tera de o tete yi na jege da-lɔŋɔ to. Ko maŋe se ko taa ye konto na? 4Nɔɔno wolo nam na jege da-lɔŋɔ o yi ne to wó taa jege chwoŋa se o ta de o dwoŋi we, ‘Pa se a le weo n yi ne’ na? 5Abam ye pipiri-nyena de á na ke á dwonna tei to. Abam nam jege se á le á tete yi da-lɔŋɔ kom mo, se á laam wane á nii lanyerane se á le á dwoŋi yi weo kom.
6Ko nam ná ye nɔn-wo-korro, se á yé gare á bere-ba Wɛ chega kam. Konto nye de nɔɔno ná kwei woŋo kolo na tiini ko jege fera to o de teira yiga ne. Ya ma nɔ-ko de ya nɛ, ye ya daare ya chiŋi kotu.
Wɛ-lworo taane
Luka 11:9-13
7Ta‑á lwoori-na Wɛ, se á wó na kolo á na gɛ to. Beeri-na kolo á na lage to, se á wó na. Ta ta‑á dɔne-na manchwo-peena yam, se ba wó pore ba pa abam. 8Kolo ŋwaane, wolo maama na lwoori Wɛ se o pa‑o woŋo to wó jwoŋi. Wolo maama na beeri woŋo to wó na-ko. Ba wó pore ba pa wolo maama na dɔne manchwo-peena yam to.
9Abam wolo ná jege bu, ye o ná lwoori bworobworo n tei ne, nmo wó sɛ n kwei kandwɛ n pa‑o na? 10O nam ná lwoori‑m se n pa‑o ywoni, n wó sɛ n pa‑o basankwea na? 11Aawo. Abam wo ba lana ye á ta yei se á pae á bia wo-laaro telo ba na lage to. Ko daare á Kwo Wɛ na gare abam to, wonto nam bá kwei wo-laaro dedɛ o pa balo na lwoori‑o to mo na?
12Ta‑á ke-na á dwonna lanyerane, se ko maŋe de á na lage se banto taa ke abam tei to. Konto mo ye chega kalo Moses de faŋa faŋa Wɛ sampwori sem twanno tem na maŋe te bere to.
Yezu tɔgena na wó tɔge chwoŋa kalo to
Luka 13:24; 6:43-44; 13:25-27; 6:47-49
13-14Ta‑á cho-na á tete se á wane á tɔge chwo-memena kam á vo á na ŋwea Wɛ tei ne. Nmo nam ná lage n tɔge chwoŋa kalo kweelim jeiga na ye chɔgem to, ka ni yala dedɛ ye ka tɔgem de ye mɔle. Nɔɔna dedɛ mo yeini ba tɔge-ka. Ko daare, ko ná ye chwoŋa kalo nmo na wó tɔge da se n vo n jwoŋi ŋwea Wɛ tei ne to, ka ni ye memena mo ye ka ta peena. Nɔɔna fenfee yerane mo lɔre chwoŋa kam konto ni ne.
15Ta‑á cho-na á tete de balo na bere we ba ye Wɛ sampwori ye ba dae to. Banto nye de wiira mo de ba na lage ba chɔge abam tei to, ye ba laam pa se ba nye de pei abam yiga ne. 16Ba kikia nam mo wó pa se á lɔre ba na seene ba ye tei to. Kokuri, tio tera ko na wó wane ko lei ko dwoŋi bia. N bá‑n na mɔɔro sabara yuu ne. 17Tei-ŋonno mo yeini te leiri bu-ŋona. Tei-jawone mo yeini te leiri bu-kokwaaro. 18Tei-ŋoŋo tera ko na wó lei bu-kokwaaro. Tei-jawona nam tera ko na wó lei bu-ŋona. 19Tio kolo maama na ba leiri bu-ŋona to, nɔɔna wó gwoni-ko mo ba de tega ne ba zwɛ de mini. 20Ko nam wó tɔge konto mo se á seene á lɔre banto na ye balo to de ba na ke kolo to.
21Ko dae we nɔɔno wolo maama na bwoŋi-ne o we, ‘Amo Teiru, amo Teiru’ to mo wó tɔge o woli amo Kwo Wɛ paare dem wone. Ko nam wó taa ye balo na seene ba tɔge amo Kwo Wɛ boboŋa to mo. 22Bora borem dɛ dem ná yia, nɔɔna dedɛ wó ta de amo we, ‘Dé Teiru, dé tɔge nmo yere dem ŋwaane mo dé tɔɔle Wɛ kwora kam. Dé ta mɛ nmo yere dem dé zeili setaana nɔɔna tei ne, ye dé daare dé ma dé ke wo-kenkagela dedɛ.’ 23Amo nam wó ta-ba we, ‘A nam maŋe a wo fɔge a lɔre abam mo de. Á ye wo-lwan-keira mo. Konto to, véi-na dáa a tei ne.’
24Ko na ye konto to, wolo maama ná jwoŋi a taane dem ye o daare o tɔge-de, konto tu nye de boboŋa tu wolo na chwi o sɔŋɔ kuri pelɔrɔ baŋa ne ye o laam lɔ to mo. 25Doa ma ba ka ne pa se bwi su se pɛɛle. Vo-dɛɔ de ma ba ko mage sɔŋɔ kom. Ko maa wo to, ko kuri na chwi pelɔrɔ kom baŋa ne to ŋwaane. 26Ko daare wolo maama nam na jwoŋi amo taane dem ye o ba tɔge-de to nye de nɔn-jworo kolo na pɔpɔ ko lɔ ko sɔŋɔ kasolo baŋa ne to mo. 27Doa ma ba ka ne pa se bwi su se pɛɛle, ye vo-dɛɔ de mage sɔŋɔ kom pa se ko tiini ko to tega ne buri-buri.”
28Yezu déem na tage wonnu tento maama o ti to, nɔn-kɔgɔ kolo na wora to ma tiini ba ye yaau de o berem dem. 29O na bere-ba tei to mo pɛ se ba lɔre we o jege dam ko dwoi ba tete zamesem tiina bam.",https://www.bible.com/bible/3661/MAT.7.KBG
MATIYU 8,"Yezu yɔɔre nɔɔna badwonna
Maake 1:40-45; 1:29-34; Luka 5:12-16; 7:1-10; 4:38-41
1Yezu laam ma zaŋe o tu peo kom yuu ne se o kɛ, ye nɔn-fɔrɔ tɔge o kwaga. 2O na maa kɛ to, nayɔŋɔ kodwoŋi ma vo o tei. O ma kuni dwoona o yiga ne ye o lwoori‑o we, “Amo tu, nmo ná laga, n wó wane n pa se a na yazura.” 3Yezu ma seene o sɛ. O ma twe o jeŋa o dwei‑o, ye o we, “A lage konto. Zaŋe de yazura.” O na tage konto bedwe baŋa ne to mo nɔɔno wom yera yam fɔge ya kwɛ fase.
4Yezu laam ma ta ded‑o o we, “Yé zaŋe n ta kolo na ke to n bere nɔɔn-nɔɔno. Nam yɔɔre n vo Wɛ kaanem tu wom tei se n pa o nii n yera yam, se n daare n ja pɛɛra n vo n ke Wɛ jeŋa ne se ko maŋe de Moses nia yam na bere tei to. Konto wó bere nɔɔna we n jaweo kom seene ko jei.”
5Yezu laam ma vo o yi teo kodwoŋi, ko yere mo Kaparenia. Soja yiga tu wodwoŋi déem maa wora. 6O ma vo Yezu tei o lwoori‑o we, “Amo tu, a jege tontoŋeno sɔŋɔ ne ye jaweo tiini ko chana o yera ne. O maa tigi tega ne ye o ware o zaŋe.” 7Yezu ma leiri‑o we, “Amo wó tɔge a vo se a pa o na yazura.” 8Soja yiga tu wom ma leiri o we, “Amo tu, a muri se n ba n zo amo sɔŋɔ. Konto ŋwaane, nam ta‑n ni we a tontoŋeno wom zaŋe, se o laam wó na yazura. 9Amo yei we n jwoŋi dam Wɛ tei ne. Amo de ye nɔɔno wolo nɔɔna badwonna na jege dam amo baŋa ne to, ye amo de daa ta jege dam badaara baŋa ne. Amo ná tage we nɔɔno wolo véi, o jege se o vo mo. A nam daa ná we nɔɔno wolo ba, o de wó ba mo. Ko ta ná ye a tontoŋeno, amo ná we, o ke woŋo kolo, o jege se o ke mo.”
10Yezu na nigi konto to, ko ma tiini ko so‑o. O ma ta de balo na tɔge ba wora to o we, “A tɛ abam chega ŋwaane to, amo wo nɛ nɔɔn-nɔɔno o na jege wo-dedoa de amo se ko yi nɔɔno wonto na jege tei to, ne ko ná maŋe ko ye Isarele dwi tiina bam wone de. 11Á ta‑á yei we nɔɔna dedɛ wó nwoŋi logo baŋa jei maama ne ba ba ba zo Wɛ woro kom wo. Dáane mo ba laam wó jeini de debam nabaara Abaraham de Izaak de Jakob, ye ba di ywoni daane. 12Ko daare nɔɔna balo Wɛ na tiŋi o paare dem se ba zo to, banto daa bá na chwoŋa se ba zo. Wɛ wó zeili-ba o yage lim jei ne, yaara na wora mɛ to, ye ba wó taa keera ye ba done ba nwa.”
13Yezu laam ma ta de soja yiga tu wom o we, “Nam véi. Nmo na ke n wo-dedoa de amo se a ke kolo to, Wɛ wó pa ko ke.” Ko ma seene ko ke. Maŋa kam konto ne nɔɔ mo tontoŋeno wom nɛ yazura.
14Yezu laam ma vo Piita ba sɔŋɔ. O ma na Piita tenkaane na tiga o weela. Ko ye paa mo jege‑o. 15Yezu ma vo o tei o ja o jeŋa, ye paa kam nwoŋi o yera ne. Kaane wom laam ma zaŋe wɛɛne o ke wodiu o pa‑o.
16Tega na tu ka wora ka yi to, nɔɔna maa jaane setaana na daane balo to dedɛ ba tui Yezu tei. O maa yeini o mae o ni taane o zeili setaana yam, ye o daare o pa jaweena maama na yazura. 17O na ke tei konto to, ko ye se ko pa Wɛ sampwora Izaya na maŋe o ta kolo faŋa faŋa to mo ba ko ji chega, de o na we,
“Wonto mo le jaweero de lwia yalo na jege debam to o yage.”
Balo na lage se ba tɔge Yezu na ke tei to
Luka 9:57-62
18Yezu déem ma lɔre we nɔn-fɔrɔ tiini ko wora o tei ne. O ma pa o kwaga tɔgena bam ni se ba bɛ buga kam bubɛ dedwoŋi dem. 19Ba daa ta na wo kɛ to, Wɛ nia yam zamesem tu wodwoŋi ma vo o tei, ye o ta ded‑o o we, “Berem tu, nmo na lage n vo jei selo maama to, amo wó tɔge a vo.” 20Yezu ma leiri‑o we, “Ko ná ye yira, banto jege bɔɔna ba tigi da. Zuna de jege pworu ba tigi da. Ko daare amo Nabiin-bu wom ba jege jeiga se a peini da a sii.”
21Nɔɔno wodwoŋi de na ye o kwaga tɔgeno to ma ta ded‑o o we, “Amo tu, yage se a ná ke a kwo lua, se a laam ba a tɔge nmo.” 22Yezu ma leiri‑o we, “Ta‑n tɔge-ne, se n yage se balo na ba jege ŋwea Wɛ tei ne to taa ke ba tete lui.”
Yezu jege dam vo-dɛɔ baŋa ne
Maake 4:35-41; Luka 8:22-25
23Yezu laam ma vo o zo nabworo wo, ye o kwaga tɔgena bam tɔge ded‑o ba kɛ. 24Vo-dɛɔ ma pɔpɔ ko zaŋe ko mage nabworo kom pa se ko wora ko liri na se ko tu na bam kuri. Yezu maa tigi o dɔa. 25O kwaga tɔgena bam ma vo ba zaŋe‑o, ye ba we, “Debam tu, jwoŋi debam ŋwea, se dé lage dé te mo.” 26O ma ta de-ba o we, “Abam fona konto wo bɛ mo? Abam boboŋa muri de Wɛ.” O laam ma zaŋe wɛɛne, ye o daare o bage vio kom de na bam, pa se te maŋe da chemm. 27Nɔɔna bam maa tiini ba ye yaau, ye ba tɛ ba we, “Nɔɔno wonto ke tɛ mo o ye konto? O dam dem pae se vio kom de na bam sɛ o ni.”
Yezu zeili setaana nɔɔna balei tei ne
Maake 5:1-20; Luka 8:26-39
28Ba laam ma vo ba bɛ bubɛ dedwoŋi dem mɛ Gadara tiina na zoore to. Nɔɔna balei maa wora setaana na daane-ba. Banto tigi yibeela jei ne mo, ye ba jege foone pa se nɔɔn-nɔɔno ware o tɔge chwoŋa kam konto o kɛ. Ba laam ma nwoŋi ba peiga jei sem ne ba vo ba jeeri Yezu. 29Ba ma laare baŋa baŋa ba we, “Baŋa Wɛ Bu, nmo tu debam tei se n ke bɛ mo? Nmo tu se n waare debam ye Wɛ borem dɛ dem ta wo yi mo na?”
30Jei sem konto ne teira dedɛ ya wora ya beeri ya wodiu se ya di. 31Setaana yam ma gare ya lwoori Yezu ya we, “Nmo ná lage n zeili debam, se n pa dé vo dé taa tɔge teira yanto.” 32O ma ta o we, ya véi. Ya ma seene ya nwoŋi nɔɔna bam tei ne ya vo ya tɔge teira yam. Teira yam maama ma duri ya siseiri ya tu buga kam wo ya nyɔ na ya te.
33Nɔɔna balo ya na nii teira yam baŋa ne to ma duri ba vo teo kom wo. Ba ma ta kolo maama na ke to, de Yezu na zeili setaana yam nɔɔna balei bam tei ne tei to. 34Ko ma pa se teo kom nɔɔna bam maama nwoŋi ba vo se ba jeeri Yezu. Ba na nɛ‑o to, ba ma lwoori‑o se o nwoŋi ba teo kom ne o viiri.",https://www.bible.com/bible/3661/MAT.8.KBG
MATIYU 9,"Yezu bere we o jege dam se o saare nɔɔna wɛleera
Maake 2:1-12; Luka 5:17-26
1Yezu laam ma jwoori o vo o zo nabworo kom. O ma bɛ buga kam o vo o yi o tete teo Kaparenia. 2O na wora to, nɔɔna badwonna ma zeŋe gɔrɔ kolo na tigi gungwolo baŋa ne to ba ba o tei. Yezu ma lɔre ba na tiini ba ke ba wo-dedoa ded‑o tei. O ma ta de gɔrɔ kom o we, “A bu, poore n yera, se nmo wɛleera yam saare.”
3Wɛ nia yam zamesem tiina badwonna maa wora, ye ba ŋɔɔne ba tete yera ne ba we, “Nɔɔno wonto ŋɔɔne o twe Wɛ yere mo.” 4Yezu ma lɔre ba na boŋe kolo to. O ma bwei-ba o we, “Bɛ mo ye á jege wo-balwaaro tem konto á boboŋa ne? 5Kɔ mo ye mɔle, a ná tage we gɔrɔ kom wɛleera yam saare, naa a ná tage we o zaŋe o taa via? 6Amo nam wó pa se abam lɔre we amo wolo na ye Nabiin-bu wom to jege dam logo baŋa ne se a yage nɔɔno wɛleera a ma chɛ‑o.” O laam ma ta de gɔrɔ kom o we, “Zaŋe wɛɛne se n kwei n gungwolo kom n ja n vo sɔŋɔ.” 7O na tage konto to, nɔɔno wom ma seene o zaŋe o viiri. 8Nɔn-kɔgɔ kom maama na nɛ konto to, foone ma zo-ba. Ba ma zuli Wɛ de o na pɛ dam dem konto wo nabiinu jeŋa ne to.
Yezu bwoŋi Matiyu se o taa tɔge‑o
Maake 2:13-17; Luka 5:27-32
9Yezu laam ma kɛ. O na maa vei to, o ma na nɔɔno wodwoŋi, o yere mo Matiyu. O déem jei mɛ seeni o na yeini o jwoŋi lampwoo nɔɔna tei ne to mo. Yezu ma ta ded‑o o we, “Zaŋe n ta‑n tɔge-ne.” O ma seene o zaŋe o tɔge o kwaga.
10Yezu déem ma vo Matiyu sɔŋɔ se o di wodiu. O de o kwaga tɔgena bam na wora to, lampwoo lara de nɔn-chechɔgero dedɛ maa tɔge ba wora ba di wodiu de-ba. 11Farisi tiina de maa tɔge ba wora. Banto na nɛ Yezu na ke tei to, ba ma vo ba bwei o kwaga tɔgena bam ba we, “Bɛ mo kea ye á berem tu wom di wodiu dedaane lampwoo lara de nɔn-chechɔgero tem konto?”
12Yezu ma ni ba na tage kolo to. O laam ma ta o we, “Ko ná ye balo na jege ya-dɛɛra to, banto ba jege se ba vo dɔkta tu tei se o yɔɔre-ba. Ko daare balo na ba jege yazura to mo jege se ba vo se ba yɔɔre ba tete. 13Wɛ tete maŋe o ta we, ‘Nɔɔna ná jege ba dwonna yibwona, konto pwoli amo wo ko dwoni ba ná ke kaanem ba pa-ne.’ Véi-na á zamese taane dem konto kuri chekke. Amo na tu logo baŋa to, ko dae balo na maŋe ba ye nɔn-ŋona to ŋwaane. A nam tu se a bwoŋi nɔn-chechɔgero mo se ba tɔge chwoŋa.”
Yezu berem dem ye berem-doore
Maake 2:18-22; Luka 5:33-39
14Jɔn kwaga tɔgena déem ma vo Yezu tei, ye ba bwei‑o ba we, “Debam de Farisi tiina bam yeini dé vɔ ni maŋa maama. Bɛ mo kea ye nmo kwaga tɔgena bam ba vɔ ni konto?” 15Yezu ma leiri-ba o we, “Nɔɔno ná wora o ke kadiri, ye o dwonna ná wora se ba tɔge ba di, banto wó wane ba nyɔne ba yiga se ba yé di wodiu na? Kan-baro wom ta ná wora, ba bá sɛ ba ke konto. Ko nam wó ba ko yi maŋa kam ba laam na wó ja kan-baro wom ba viiri to. Maŋa kam konto ne mo o badwonna bam laam wó vɔ ni.
16Nɔɔn-nɔɔno bá sɛ se o kwei gare-yi-doore o ma feiri gare-dwoŋo kolo na kaare to. O ná ke konto, ko feirim dem laam wó vuuri gɔrɔ kom ko pa ko chɔge dedɛ. 17Ko woli da, nɔɔn-nɔɔno bá sɛ o kwei sa-doora o lwo o ke lɔ-dwoŋa wone. O ná ke konto ye sana bam ná lage ba keeri, lɔa kam wó bage mo. Sana bam maa wó lwo ba yage, ye lɔa kam de chɔge. Nɔɔno nam maŋe se o kwei sa-doora o ke lɔ-doŋa wone, se te maama maŋe daane.”
Yezu yɔɔre nɔɔna badwonna
Maake 5:21-43; Luka 8:40-56
18Yezu déem na wora o ŋɔɔne konto to, Juu tiina nakwe wodwoŋi ma ba o tei. O ma kuni dwoona o yiga ne ye o we, “Amo bukɔ mo tega leile. Nam ba se n ma n jea n zi‑o, se konto wó pa o jwoori o na ŋwea.” 19Yezu ma seene o zaŋe o tɔge‑o, de o kwaga tɔgena bam maama.
20-21Ba na maa kɛ konto to, kaane wodwoŋi ma vo o tei. Kaane wom konto nam tiini o wɔe wo mo taa, bena fuga-yalei. O maa boŋe o wone o we, “Amo ná dwei o gɔrɔ kom yerane, ko wó pa se a na yazura.” O ma tɔge Yezu kwaga ne o dwei o gɔrɔ kom ni. 22O na dwei‑o konto to, Yezu ma pipiri o na‑o ye o we, “Amo bukɔ, poore n yera. Nmo na ke n wo-dedoa de amo to mo pɛ se n na yazura.” Maŋa kam konto ne nɔɔ mo kaane wom seene o na yazura.
23Yezu laam ma vo o zo Juu tiina nakwe wom sɔŋɔ. O ma zo o na balo na tu se ba leeni lua kam lei to, de nɔɔna dedɛ na wora ba fere ba tete to. 24O ma ta de-ba o we, ba zaŋe ba viiri, se bu wom wo tege, se o tigi o dɔ mo. O na tage konto to, nɔɔna bam maa jege‑o ba mɔna. 25Ba na pɛ se kɔgɔ kom maama nwoŋi to, Yezu laam ma vo o zo diga kam bu wom na wora to. O ma ja o jeŋa pa se o zaŋe wɛɛne.
26O keim dem konto ma jage de yi teo kom jei sem maama ne.
27Yezu déem ma zaŋe o maa kɛa. O na maa vei to, lilwoa balei ma zaŋe ba tɔge o kwaga ye ba tɛ baŋa baŋa ba we, “Pɛ David dwi tu! Duri debam yiniga!”
28O ma vo o zo sɔŋɔ kodwoŋi. Lilwoa balei bam ma tɔge ba zo da. O laam ma bwei-ba o we, “Abam sɛ we amo wó wane a ke á na lage kolo to na?” Ba ma leiri‑o ba we, “Debam tu, dé sɛ.” 29O laam ma dwei ba yia yam, ye o we, “Abam na ke á wo-dedoa de amo se a ke kolo to, Wɛ wó pa ko ke.” 30O na tage konto to, ba yia yam ma seene ya jwoori ya nae. O ma kaane-ba we, ba yé pa nɔɔn-nɔɔno lɔre ko ni ne. 31O na tage-ba konto to, ba ta ma zaŋe ba kare ba tɛ o taane jei sem maama ne.
32Nɔɔna bam konto na maa kɛ to, nɔɔna badwonna ma ja memaa ba ba Yezu tei. Ko maa ye setaane mo tɔge‑o pa se o ware o ŋɔɔne. 33Yezu ma zeili setaane dem o tei ne. Nɔɔno wom laam maa wae o ŋɔɔna. Ko ma so nɔn-kɔgɔ kom maama, ye ba tɛ ba we, “Debam wo fɔge dé na wo-kenkagele dento dwoŋi ywo-seeni Isarele teo ne.” 34Farisi tiina bam déem maa wo sɛ ye ba we, “Wonto na wae o zeili setaana to, ko ye setaana pɛ dam ŋwaane mo.”
35Yezu déem maa kare nawuura yam maama wone o tola. O maa yeini o vei Juu tiina jeerim di sem se o taa bere nɔɔna Wɛ chega kam. O maa tɔɔle Wɛ paare dem kwor-ywoŋa kam, ye o kwori o yɔɔre jaweena de jaweo kolo dwi maama na jege-ba to. 36O déem ma na nɔn-kɔgɔ kom yaara yam na ye tei to. Ba ŋwaŋa ma zo‑o lanyerane, de ba na jege lwia ye ba yeiri ba na wó ke tei to. Ba maa nye de pei selo na ba jege nayero se o taa nii se baŋa ne to. 37O laam ma ta de o kwaga tɔgena bam o we, “Ko nye de wodiu faao na ke lanyerane, ye tontoŋena fenfee yerane wora se ba zage tei to mo. 38Nam lwoori-na faao totoŋa yam yuu tu se o toŋe nɔɔna dedɛ se ba vo ba zage faao kom ba pa‑o.”",https://www.bible.com/bible/3661/MAT.9.KBG
MATIYU 10,"Yezu toŋe o nɔɔna fuga-balei bam
Maake 3:13-19; 6:7-13; Luka 6:12-16; 9:1-6
1Yezu déem ma bwoŋi o nɔɔna fuga-balei bam se ba ba o tei. O ma pa-ba dam se ba wane setaana ba zeili nɔɔna tei ne, se ba daare ba pa nɔɔna na yazura ba jaweero dwi maama wone.
2O totoŋa nakwa fuga-balei bam yera mo tento:
Simon wolo yere dedwoŋi na ye Piita to mo ye boboa tu.
Ko woli de Anduru wolo na ye Simon nyaane to,
de Jemsi, de o nyaane Jɔn, balo na ye Zebedi bia to.
3Filipi de Batoloma.
Tomas de Matiyu wolo na ye lampwoo laro to.
Jemsi wolo na ye Alafayu bu to, de Tadayus.
4Simon wolo na nwoŋi Zɛlota tigisim wone to,
de Judas Yisakara wolo na tu o yeigi Yezu o pa nɔɔna to.
5Yezu laam ma toŋe banto fuga-balei bam se ba nwoŋi ba beeri. Ba na lage ba kɛ konto to, o ma kaane-ba we, ba yé zaŋe ba vo dwi-gɛ tiina na zoore mɛ to, naa ba vo Samaria tiina teo. 6O maa we, “Á nam jege se á vo Isarele dwi tiina bam tei, se banto nye de pei selo na beeri kafɛ to mo. 7Nam véi-na á bere-ba we maŋa kam yia Wɛ telaao paare dem na lage de ba o nɔɔna baŋa to. 8Véi-na á ta‑á yɔɔre jaweena, se á daare á ta‑á bi balo na tege to, se á pa naywanno jwoori te na yazura, se á daare á ta‑á zeili setaana nɔɔna tei ne. Á nam jege se á zeini nɔɔna zɛɛra mo, á na jwoŋi á dam Wɛ tei ne zɛɛra to ŋwaane. 9Á ná maa vei, se á yé zaŋe á kwei sabu-seŋa naa sabu dwi maama á ke ganlɔgere ne á woli da. 10Nam yé kwei-na tampɔgɔ kolo á na wó ta‑á jwoŋi wodiu á ke da to. Á nam yé kwei gwaaro telei telei, naa natera, naa nacheiga á woli da. Kokuri, tontoŋeno maŋe se o taa jwoŋi o ni-wodiu mo.
11Abam nam ná vei á yi teo kolo, se á lage wolo na ye nɔn-ŋom to, se á laam vo o sɔŋɔ á ta‑á wora se ko ba ko yi á viirim. 12Á nam ná vei á zo sɔŋɔ kolo, se á jɔɔne-ba. 13Sɔŋɔ kom tiina nam ná jeeri abam lanyerane, se á lwoori Wɛ se yazura taa wo ba tei ne. Ko daare, ba ná wo ke abam lanyerane, Wɛ wó pa abam mo leiri ba yuu ne á na yazura. 14Abam nam ná vei sɔŋɔ kolo naa teo kolo, ye ba ná wo sɛ se ba jeeri abam naa ba cheigi abam taane, se á yage jei sem konto. Á ná maa viira, se á kokɔge á nɛ fwogo kom á yage da. 15A tɛ abam chega ŋwaane to, Wɛ borem dɛ dem ná yia, Sodom de Gomora tiina bá tiini ba na lɛɛro se ko maŋe de teo kom konto.
Yaara yalo na wó yi-ba to taane
Maake 13:9-13; 9:41; Luka 21:12-17; 12:2-9, 51-53; 14:26-27
16Nii-na, a na lage a toŋe abam tei to, á wó ta‑á nye de pei na maa vei se se gwaane wiira wone tei to mo. Mo kokuri á jege se á ta‑á yei á tete ne basankwe na jege se tete tei to, se á daare á pa á wo taa lana ne kunkwona na ye tei to. 17Ta‑á cho-na á tete de nɔɔna na lage ba ke abam tei to. Badaara wó ja abam ba vo ba saŋe nakwa tei ne, ye ba daare ba ja abam ba fere ba jeerim di sem wone. 18Abam na tɔge amo to ŋwaane, ba wó ja abam ba vo ba saŋe dedɛɛra de pwa tei ne. Konto mo á wó wane á bere-ba Wɛ chega kam, ye á daare á bere dwi-gɛ tiina de. 19Ba nam ná jaane abam konto, se á yé ta‑á jege lwia de á na wó ta kolo, naa á na wó leiri-ba tei to. Abam na wó ta‑á zege ba yiga ne maŋa kalo to, Wɛ wó pa á lɔre á na wó ta kolo to. 20Ko bá taa ye abam tete taane, se ko ye á Kwo Wɛ Sin-laao kom mo wó tɔge abam baŋa pa se á ŋɔɔne.
21Nɔɔna badwonna wó ja ba tete chorro ba ke nɔɔna jeŋa ne se ba go-ba. Kwoa de wó ke ba bia konto dwoŋi. Bia de wó zaŋe ba tiina baŋa ne ye ba pa ba ja-ba ba go. 22Nɔɔna maama wó taa chuli abam, á na ye amo nyem to ŋwaane. Wolo maama nam ná tiini o jege pu-dɛa se ko vo ko kweeli, Wɛ wó jwoŋi konto tu ŋwea. 23Ba nam ná bɛɛse abam teo kolo ne, se á duri á vo kodwoŋi. A tɛ abam chega ŋwaane to, abam bá wane á tole teene delo maama na wo Isarele ne to á ti ye amo Nabiin-bu wom daa ta wo jwoori a ba.
24Zenzamso nam tera o na dwoi o berem tu. Kabaa de nam tera ka na dwoi ka tu. 25Zenzamso nam ná tu o yi ne o berem tu wom tei, konto mo lana ko pa‑o. Kabaa de ná tu ka yi ne o tu wom tei, konto mo lana ko pa‑o. Ba ná jege sɔŋɔ tu ba bwoi we, ‘Setaana pɛ Bɛlzabula’, ba nam wó tiini ba twe o sɔŋɔ tiina bam se ko dwoni konto.
26Á nam yé ta‑á fona de nabiina. Woŋo kolo maama na seigi nɔɔna tei ne to laam wó ba ko lɔre jaja. 27Amo na seigi a bere abam chega kalo maama to, á jege se á pa ka nwoŋi pwooni mo se á pa ba di nayuu ba tɔɔle-ka. 28Ko ná ye nabiina, banto wae ba goe á yera ye ba ware á jworru ba go. Konto ŋwaane, á yé ta‑á kɔre foone de-ba. Á jege se á ta‑á kɔre Wɛ mo, kokuri wonto wae o chɔge á yera de á jworru maama te-seŋa ne.
29Ko ná ye zun-kabeili, ba yeini ba yeigi sento mɔle mo. Á Kwo Wɛ nam nii sento baŋa ne, ye se dedoa bá wane ka to tega ne ka te ye o wo sɛ. 30Ko nam ná ye abam, Wɛ maŋe o yei abam yu-ywei sem ni na mae tei to. 31Konto ŋwaane, á yé ta‑á kɔre foone, se abam dedoa dedoa tiini á jege fera á dwoi zun-kabeili dedɛ.
32Nɔɔno wolo maama ná zege nabiina yiga ne o bere jaja we wonto ye amo nyem, amo de nam wó zege konto tu kwaga ne a bere we o ye a nyem a Kwo Wɛ yiga ne. 33Ko daare nɔɔno wolo maama ná ve amo nabiina yiga ne, amo de wó ve konto tu a Kwo Wɛ yiga ne.
34Amo na tu logo baŋa to, á yé ta‑á boŋe we ko ye se a pa nɔɔna mo na ywoni daane. A nam tu se a de jara mo nabiina tetare ne. 35A tu se a pa nɔɔna de ba kwoa mo chɔge daane, se a daare a pa bukwa de ba niina de ke konto, se kaana de ba banna niina de chɔge daane. 36Ko maa wó pa se nɔɔno de o tete sɔŋɔ tiina taa done daane.
37Wolo ná swoi o tete kwo de o nu se ko dwoni amo, konto tu wo yi se o taa ye amo nyem, ko woli de wolo maama na swoi o bia o dwoi amo to. 38Wolo maama ná wo sɛ se o tɔge amo kwaga se o na yaara ne wolo na zeŋe dagara o maa vei o toone tei to, konto tu wo yi se o taa ye amo nyem. 39Wolo nam na kwaane se o taa jege o tete ŋwea to wó ga-ka Wɛ tei ne. Ko daare wolo na gɛ o ŋwea amo ŋwaane to wó na ŋwea Wɛ tei ne.
40Wolo nam ná jeeri abam lanyerane, konto tu jeeri amo mo. Wolo maa ná jeeri amo, konto tu jeeri Baŋa Wɛ wolo na toŋe-ne to mo. 41Nɔɔno wolo maama ná jeeri Wɛ ni-jwoŋinu lanyerane, de Wɛ na toŋe‑o to ŋwaane, Wɛ wó pa konto tu de tɔge o na nyɔɔre ne o ni-jwoŋinu wom tei. Ko woli da, nɔɔno wolo ná jeeri nɔn-ŋom o nɔn-ŋonne dem ŋwaane, Wɛ wó pa konto tu tɔge o na nyɔɔre delo o na wó pa nɔn-ŋom wom to. 42A tɛ abam chega ŋwaane to, nɔɔno wolo ná nɛ amo nɔn-balaŋa dedoa, ye o ná pɛ‑o na-zura se o nyɔ o na ye amo tɔgeno to ŋwaane, konto tu wó tiini o na nyɔɔre Wɛ tei ne mo.”",https://www.bible.com/bible/3661/MAT.10.KBG
MATIYU 11,"Jɔn wolo na pae nɔɔna sɛɛm to taane
Luka 7:18-35
1Yezu déem na pɛ o kwaga tɔgena fuga-balei bam o ni dem o ti to, o laam ma kɛ o vo jei sem konto teene dem wone o tola, se o taa bere nɔɔna ye o tɔɔle Wɛ kwora o pa-ba.
2Jɔn wolo na pae nɔɔna sɛɛm Wɛ ŋwaane to déem maa wo peena diga ne. O ma ba o lɔre Wɛ Dam Tu Yezu na ke kikia yalo to. O ma toŋe o kwaga tɔgena badwonna se ba vo ba nii‑o, 3se ba daare ba bwei‑o we, “Nmo mo ye wolo Wɛ na bere debam we o wó ba to na? Naa dé ta wó taa teene nɔɔno wodwoŋi mo?” 4Ba na bwei Yezu konto to, o ma leiri-ba o we, ba véi ba ta de Jɔn kolo maama ba na nɛ ye ba kwori ba ni to. 5“Á ta á bere‑o we, lilwoa jwoori ba nae, gwaaro de wae te via, naywanno yera de maa kwɛ lanyerane, zwa-kwarro de zwa ni, twa de jwoori ba bi. Ko woli da, yiniga tiina de maa ni Wɛ kwor-ywoŋa kam. 6Wolo maama na ba jwoori Wɛ kwaga ne amo ŋwaane to mo ye yu-ywoŋo tu.”
7Jɔn kwaga tɔgena bam ma zaŋe se ba viiri. Ba na maa kɛ to, Yezu laam ma ta Jɔn taane o bere nɔn-kɔgɔ kom. O ma ta de-ba o we:
“Abam déem na vei Jɔn tei kagoa yuu ne to, á boŋe we á wó na bɛ mo? Á vei se á nii gaaro telo vio na jege ko dole to mo na? 8Aawo. Se bɛ mo? Á vei se á nii nɔn-yero na zo gare-nyenno to mo na? Aawo. Nɔn-yero nam wó taa zoore sɔ-fɔrɔ wone mo, se ko dae kagoa yuu ne. 9Bɛ nam mo ye á vo? Á vei se á na Wɛ sampwora mo na? Ɛɛ, ko ye konto mo. Á nam na nɛ wolo to tiini o dwoi faŋa faŋa Wɛ sampwori sem na ye tei to. 10Wɛ tɔnɔ kom nam maŋe ko ta wonto taane ko we,
‘Nii, amo Wɛ lage a toŋe a tontoŋeno mo,
se o da nmo yiga o vo o kwɛ chwoŋa kalo nmo na wó tɔge da to.’
11A tɛ abam chega ŋwaane to, nabiina balo ba na maŋe ba lo to wone nɔɔn-nɔɔno tera o na yi Wɛ tontoŋeno Jɔn na ye tei to. Ko daare leile konto, nɔn-yɔɔ kolo maama na zo Wɛ woro kom wone to laam tu o dwoi Jɔn. 12Ko zege maŋa kalo Jɔn déem na pɛ nɔɔna sɛɛm to, se ko ba ko yi zem to, Wɛ telaao paare dem laam jage de yi yiga de dam. Balo na seene ba yia Wɛ paare dem ŋwaane to laam mo kwaane lanyerane se ba tɔge ba di o paare dem konto. 13Ko ná ye faŋa faŋa Wɛ sampwori sem de Moses de déem na bere kolo to, ba maŋe ba bere Wɛ paare dem chega kam se ko ba ko yi maŋa kalo Jɔn laam na tu to. 14Abam ná sɛ á jwoŋi ba na bere chega kalo to, á wó lɔre we Jɔn na tu o wora to, wonto mo ye Elija wolo ba déem na ŋɔɔne o taane we o wó ba to.
15Abam nam fɔge á cheigi amo taane dem. 16Amo nam wó ke tɛ mo a maŋe zem nɔɔna bam kikia na ye tei to? Ba nye de bia na jei yaga kaporo ne ba kwɛɛra to mo. Ba maa tɛ de ba yuudwonna ba we:
17‘Dé mage gullu mo se á sa,
ye á wo sage.
Dé ma daare dé leeni luseim dé pa abam,
ye á wo sɛ se á pa á yiga nyɔne.’
18Zem nɔɔna bam de ye konto mo. Jɔn na tu to, o peene o kana mo ye o ba nyɔ sana. Nɔɔna na nɛ‑o to, ba maa jege‑o ba yaala we, ko ye setaane mo tɔge‑o. 19Ko daare amo Nabiin-bu wom nam na tu to, amo wo vɔge ni. Nɔɔna daa ta ma yaale amo de ye ba we, a ye nɔn-kwolo mo, ye a ye sa-nyɔro de. Ba daa ta maa we, a me de lampwoo lara de nɔn-chechɔgero mo. Abam nam wó ba á lɔre swa yalo na ye chekke to de ya na pae se nɔɔna tɔge kikia yalo to.”
Lɛɛro wó yi balo na ve Yezu to
Luka 10:13-15
20Yezu na tage konto o ti to, o laam maa jege balo na nɛ o wo-kenkagela yam ye ba ta wo sɛ se ba leiri ba wo to taane o ŋɔɔna. O ma kaane balo na zoore teene delo o na ke wo-kenkagela dedɛ da to, ye o we, 21“Abam Chorazin tiina, lɛɛro yi abam! Ko woli de abam Bɛtasida tiina, lɛɛro yi abam! Kokuri, wo-kenkagela yalo maama amo na ke abam tei ne to, ya dwoŋi ya ná kea Tura de Sidon tiina tei ne, banto ya wó ke lela ba leiri ba wo Wɛ ŋwaane. Ba maa wó zo gare-nyenyaaro ye ba jei tentwarem wone ba wo-chechɔgɔ kom ŋwaane. 22Ta‑á yei-na we, Wɛ borem dɛ dem ná yia, Tura de Sidon tiina bá tiini ba na lɛɛro se ko maŋe de abam.
23Ko nam ná ye abam Kaparenia tiina, á ga boŋe we Wɛ lage o zeiŋi abam wɛyuu ne mo na? Aawo. Abam nam wó to á zo tega kuri kuri ne mo. Kokuri, wo-kenkagela yalo maama amo na ke abam tei ne to, ya dwoŋi ya ná kea Sodom tiina tei ne, ba ya wó leiri ba wo pa se Wɛ ya bá chɔge ba teo kom. 24Á ta‑á yei we, Wɛ borem dɛ dem ná yia, Sodom teo kom bá tiini ko na lɛɛro se ko maŋe de abam.”
Yezu wó pa nɔɔna na siu de ba cham
Luka 10:21-22
25Maŋa kam Yezu na ŋɔɔne konto o ti to, o déem ma ke o Kwo Baŋa Wɛ lei ye o we, “A Kwo, nmo mo ye wolo na tei wɛyuu de tega baŋa maama. Nmo nam pɛ se n chega kam seigi swa tiina de yi-pore-nyena tei ne, ye n daare n pa se balo boboŋa ta na wo bege to lɔre ka kuri. 26A Kwo, a ke nmo lei. Nmo na ke konto to, ko ye n boboŋa na lage kolo to ŋwaane.
27A Kwo Wɛ mo kwei wonnu maama o ke a jeŋa ne. Nɔɔn-nɔɔno bá wane o lɔre Wɛ Bu wom o ti, ko ná dae o Kwo yerane. Nɔɔn-nɔɔno daa ta bá lɔre a Kwo Wɛ, ko ná dae amo wolo na ye o Bu wom to yerane, ko woli de amo na boŋe se a pa nɔɔno wolo maama lɔre o na ye tei to.
28Abam balo na wo cham dedɛ wone, ye á yera chɛ de totoŋa pa se á laam bugi to, se á maama ba amo tei se a pa á na siu. 29Ba-na á sale amo yera ne, nenɛɛne nabɛ na sale daane se vare tei to. Kokuri a ye nɔn-mɔlɔ mo ye a gwooni a tete. A maa wó pa á boboŋa taa tigi jeiga dedoa. 30Á ná sale amo yera ne, a bá taa chana á baŋa ne, ye ko wó taa lana ko pa abam.”",https://www.bible.com/bible/3661/MAT.11.KBG
MATIYU 12,"Siu dɛ chullu
Maake 2:23-28; 3:1-6; Luka 6:1-11
1Da yam konto ni ne Yezu déem ma tɔge kara wo o maa kɛa. Ko déem maa ye Juu tiina siu dɛ dem ne mo konto. O kwaga tɔgena bam de maa tɔge ba wora, ye kana jege-ba. Ba ma bobo se ba taa bwori mena ba yui ba dona. 2Farisi tiina na tɔge ba wora to ma na ba na ke kolo to. Ba laam ma ta de Yezu ba we, “Nii nmo kwaga tɔgena bam na ke kolo. Ko ye totoŋe delo na chɔge Wɛ siu dɛ chullu tem to mo.” 3Yezu ma leiri-ba o we, “Nam guli-na Wɛ tɔnɔ kom na bere Pɛ David taane tei to. Kana déem mo jege wonto de o nɔɔna. 4O ma vo o zo Wɛ diga kam o kwei bworobworo kolo na tigi da Wɛ ŋwaane to pa se o de o tɔgena bam di. Ko nam chula se banto ya di bworobworo kom, se ko ye Wɛ kaanem tiina yerane mo jege chwoŋa se ba di-ko. 5Ko ta woli da, Wɛ tɔn-dwoŋo kom bere we Wɛ kaanem tiina yeini ba toŋe o diga kam totoŋa siu dɛ maama wone mo. Ba maa yeini ba toŋe konto ye ba ta jege bora ko wone. Ko bere we Wɛ diga kam fɔgem dwoi siu dɛ chullu tem. 6Ko daare leile konto, Nabiin-bu wom tu logo baŋa ye wonto dwoi Wɛ diga kam. 7Wɛ tage o we, ‘Nɔɔna ná jege ba dwonna yibwona, konto pwoli amo wo ko dwoni ba ná ke kaanem ba pa-ne.’ Abam ya ná lɔre taane dento kuri, á ya bá yaale balo na jege bora to. 8Kokuri Nabiin-bu wom jege dam siu dɛ chullu tem baŋa ne.”
9Yezu laam ma vo o kɛ. O ma vo o zo Juu tiina jeerim diga kadwoŋi jei sem konto ne. 10Nɔɔno maa wora o jeŋa dedoa na tega. Nɔɔna badwonna de maa wora ba na lage chwoŋa se ba bere we Yezu ke o tusi. Ba ma bwei‑o ba we, “Nɔɔno jege chwoŋa se o yɔɔre o dwoŋi siu dɛ dem ne na?” 11Yezu ma leiri-ba o we, “Abam wolo ná jege pia, ye ka ná to gwoŋo wone siu dɛ dem ne, á bá nii ka baŋa ne se á le-ka na? 12Nabiinu nam tiini o jege kuri o dwoi pia. Konto bere we nɔɔno jege chwoŋa se o ke o dwoŋi lanyerane siu dɛ dem ne.” 13O na tage konto to, o laam ma ta de nɔɔno wolo jeŋa kam na tege to o we, “Twe n jeŋa kam.” Nɔɔno wom ma seene o ke konto, dedaane o jeŋa kam jwoori ka ke lanyerane, ne o je-ŋoŋa kam tei. 14Farisi tiina bam na nɛ konto to, ba ma nwoŋi ba vo ba ŋɔɔne daane ye ba lage chwoŋa se ba go Yezu.
15Yezu déem ma lɔre ba na lage se ba chɔge‑o tei to. O ma yage jei sem konto o kɛ ye nɔn-kɔgɔ dedɛ déem tɔge‑o. O ma yɔɔre ba maama jaweero tem, 16ye o kaane-ba o we, ba yé zaŋe ba pa nɔɔna lɔre o ni ne. 17Yezu na ke tei konto to, ko ye se ko pa Wɛ sampwora Izaya na maŋe o ta Wɛ kwora kalo faŋa faŋa to mo ba ka ji chega, de o na we:
18“Nii-na, amo tontoŋeno wolo a na kuri to mo tento.
Wonto mo amo swoi ye o kikia su amo yi.
Amo wó kwei a Jworo mo a ke o wone.
O maa wó pa se dwi maama tiina ba ba lɔre
amo na toŋe chega a pa-ba tei to.
19O bá mage ni-kantɔgɔ naa o dɔne o kwora se o ke sɔɔ.
O nam bá taa pae o kwora zaŋa teo pwooni ne.
20Ko ná ye nanchan-gaa kalo na bwona to,
o bere o bá bwori-ka.
O nam bá ja min-zwoŋo kolo nuga na ti to mini
o dwei o yage.
O maa wó taa ye konto mo taa
se o laam pa Wɛ chega kam ba ka yi nɔɔna maama.
21Wonto yere ŋwaane mo
dwi maama tiina wó taa jege teena Wɛ tei ne.”
Wɔ dam mo Yezu mae o zeili setaana?
Maake 3:20-30; Luka 11:14-23; 12:10; 6:43-45
22Nɔɔna badwonna déem ma ja lilwei wolo ta na ware o ŋɔɔne to ba ba Yezu tei. Ko maa ye setaane mo daane‑o konto dwoŋi. Yezu ma yɔɔre nɔɔno wom pa se o yia jwoori ya nae ye o daare o wae o ŋɔɔne de. 23Ko ma so nɔn-kɔgɔ kom maama, ye ba tɛ ba we, “Nɔɔno wonto mo wó taa ye Pɛ David dwi tu wolo Wɛ na lage o toŋe to na?”
24Farisi tiina bam na nigi konto to, ba ma ta ba we, “Wonto na wae o zeili setaana to, ko ye o tɔge setaana pɛ Bɛlzabula dam ŋwaane mo o ke konto.” 25Yezu ma lɔre ba boboŋa na ye tei to. O ma ta de-ba o we, “Teo kolo paare ná pɔɔre kuni belei pa ba jege daane, ko bá dáane ko chɔge. Teo kolo maama naa sɔŋɔ kolo maama ná pɔɔre ko tete wone, konto wó to lela mo. 26Ko ná seene ko ye chega we amo mae setaana pɛ dam mo a zeili setaana, konto wó bere we setaana pɛ dam dem pɔɔre belei mo ye o paare dem bá dáane de chɔge. 27Ko ná seene ko ye amo tɔge Bɛlzabula dam ŋwaane mo a ma a zeili setaana, abam nɔɔna bam de nam mae dam dem konto mo ba maa zeili-ya na? Á nam wó sɛ we ko ye konto na? Abam tete nɔɔna bam na ke tei to mo bere we chega tera á tei ne. 28Ko nam na ye tei to, ko ye Wɛ Sin-laao kom dam ŋwaane mo pa se a wae setaana a zeila, ye konto maa bere we Wɛ maŋe o ba se o di paare abam yuu ne.
29Setaana pɛ nam nye de nɔn-babea na nii o sɔŋɔ tei to mo. Nɔɔno ná lage se o vo nɔn-babea sɔŋɔ o ŋɔ, o jege se o bobo o ja nɔn-babea kam mo o vɔ. O ná ke konto dwoŋi mo o laam wó wane wonnu tem o kwaleme.
30Nɔɔno wolo maama nam na ba zege amo kwaga ne to ye amo dono mo. Nɔɔno wolo maama na ba tɔge o lae amo wonnu o pa-ne to boŋe se o jage-te mo. 31Á ta‑á yei we, keim-balwaaro telo maama nɔɔna na ke to, naa ta-balwaaro telo ba na ŋɔɔne to, Wɛ wae o yage-te o ma chɛ-ba. Ko daare nɔɔno wolo nam ná ŋɔɔne ta-balɔrɔ o pa Wɛ Sin-laao kom, Wɛ bá sɛ se o ma chɛ konto tu. 32Nɔɔno wolo nam ná ŋɔɔne wo-balwaaro o pa Nabiin-bu wom, Wɛ wó sɛ se o ma chɛ konto tu. Nɔɔno wolo nam ná pɛ se Wɛ Sin-laao kom dam ye setaane nyem, Wɛ bá sɛ se o ma chɛ konto tu maŋa de maŋa se ko taa vei wuu.
33Abam ná sɛ we amo kikia yam lana, á jege se á sɛ we amo dam dem nwoŋi Wɛ Sin-laao kom tei ne mo. Ko nye de tei-ŋoŋo na jege se ko taa leiri bu-ŋona tei to mo. Tei-jawona nam wó taa leiri bu-chechɔgero mo. Abam ná lage se á lɔre tio ná ye tei-ŋoŋo, á wó ma ko bia mo á lɔre.
34Abam nye de basankwe mo. Á na ye nɔn-balwaaro to, á bá wane wo-laaro á ŋɔɔne. Nɔɔno na jege kolo maama o boboŋa ne to mo wó siiri o ni taane wone. 35Nɔn-ŋom wó taa jege wo-laaro mo o boboŋa ne pa se o jege-te o ŋɔɔna. Ko daare nɔn-balɔrɔ wó taa jege wo-balwaaro mo o boboŋa ne pa se o jege tento o ŋɔɔna. 36Ta‑á yei-na we, Wɛ borem dɛ dem ne nɔɔno maama jege se o ta o ni mo o jwoŋi o tete de wo-yɔɔro telo maama o na tage to mo. 37Ko wó taa ye abam tete ni taane mo wó bere we á jege bora naa á ba jega.”
Balo na ve Wɛ chega kam to wó na bora na?
Maake 8:11-12; Luka 11:29-32; 11:24-26
38Wɛ nia zamesem tiina badwonna de Farisi tiina badwonna déem ma zaŋe ba ta de Yezu ba we, “Berem tu, debam lage se n ke wo-kenkagele mo se ko taa ye maana ko pa debam.” 39O ma leiri-ba o we, “Zem nɔɔna ye wo-lwan-keira mo ye ba yiga tera de Wɛ. Mo kokuri ba lage se a ke wo-kenkagele a bere-ba. Ba maa bá na, ko ná dae wo-kenkagele delo na maŋe de ke Wɛ sampwora Jonah baŋa ne faŋa faŋa to. 40Wonto déem ke da yatɔ wea de tete maama mo ywon-kamunu kana ne. Ko nam jege se ko ke amo Nabiin-bu konto dwoŋi mo, de amo na wó ke da yatɔ wea de tete maama tega kuri ne to. 41Jonah déem na vei Ninevɛ tiina tei o bere-ba Wɛ chega kam to, banto leiri ba wo. Wolo na dwoi Jonah to nam wora abam tei ne ye á wo sɛ konto tu. Mo kokuri Wɛ borem dɛ dem ná yia, Ninevɛ tiina laam wó zaŋe ba bere we abam ba jege chega. 42Ko woli da, ka-pɛ wolo déem na tei Sebaa faŋa faŋa to de wó zaŋe o bere konto. Wonto déem zaŋe o tete teo kolo na tiini ko ye yiga yiga to ne o ba Pɛ Solomon tei se o cheigi o swa yam na ye tei to. Wolo nam na dwoi Solomon to wora abam tei ne ye á yiga tera ded‑o.
43Ba ná zeili setaane se o yage nɔɔno, o laam wó vo o beeri laŋa tetare ne mo na na tera mɛ to se o lage jei o sii da. O ma beeri o ga. 44O laam maa we, ‘A jege se a jwoori a vo a na nwoŋi mɛ to mo a taa wora.’ O ma jwoori o vo nɔɔno wom tei, ye o lɔre we o jei sem fɔge se kwɛ lanyerane ye kolokolo wo leiri ko zo da. 45O laam ma jwoori o vo o lage o dwonna barepɛ balo na maŋe ba ye balwaaro ba dwoi o tete to. Ba ma tɔge ded‑o ba vo ba zoore da. Ko maama laam na kweeli tei to ye lɛɛro mo wó taa jege nɔɔno wom konto se ko dwoni o boboa kam na maŋe ka ye tei to. Konto dwoŋi mo lage ko ke zem nɔn-balwaaro tem.”
Yezu nu de o nyaana na ye balo to
Maake 3:31-35; Luka 8:19-21
46Yezu déem ta na wora o ŋɔɔne de nɔn-kɔgɔ kom konto to, o nu de o nyaana ma ba ba zege sɔŋɔ kom pwooni ne, ye ba lage se ba ŋɔɔne ded‑o. 47Nɔɔno wodwoŋi ma ta de Yezu o we, “N nu de n nyaana tua, ye ba lage se ba na nmo.” 48Yezu ma ta de nɔɔno wom o we, “Banto yerane mo ye a nu de a nyaana na?” 49O laam ma nii o kwaga tɔgena bam seeni ye o we, “Amo nu de a nyaana mo tento. 50Kokuri wolo maama na ke a Kwo Wɛ boboŋa na lage tei to mo ye a nyaane, de a nakɔ, de a nu.”",https://www.bible.com/bible/3661/MAT.12.KBG
MATIYU 13,"Yezu maŋe memaŋa o bere nɔɔna
Maake 4:1-20; Luka 8:4-15; 10:23-24
1Dɛ dem konto ne nɔɔ Yezu déem ma yage sɔŋɔ kom o vo naneo kom ni. O ma jeini tega ne se o bere nɔɔna. 2O na wora konto to, nɔn-kɔgɔ ma ba ko gilimi‑o. Konto ma pa se o zaŋe o vo o zo nabworo wo o jei da, ye kɔgɔ kom laam zege na bam ni ne se ba taa cheigi‑o. 3O maa mae memaŋa o bere-ba wonnu dedɛ. O déem ma maŋe o we:
“Valo déem mo wora. O ma zaŋe o vo o kara se o du. 4O ma kare o dole o wo-dwa yam. Yadwonna ma to chwoŋa ni ne. Zuna ma ba ba twɛ-ya ba di. 5Yadwonna ma to kandwa yuu ne mɛ teero na ba daga to. Teero na ba lira jei sem ne to, ya maa wo dáane ya puli. 6Wea ma ba ka baane ya maama. Ya bonno na wo zo tega to, ya ma te lela. 7Ko daare wo-dwa yadwonna ma to sabare wone. Ya na puli to, sabare sem laam ma zaŋe se che ya jira. 8Ko daare yadwonna ma to te-ŋoŋa baŋa ne, ye yanto maama nwoŋi ya ke bia lanyerane. Yadaara ke nenɛɛne bia bi bi. Yadaara ke nenɛɛne bia fuseredo fuseredo. Yadaara de maa jege nenɛɛne bia fintɔ fintɔ.
9Á nam fɔge á cheigi a taane dem lanyerane.”
10Yezu na maŋe memaŋe dem konto o ti to, o kwaga tɔgena bam laam ma vo ba yi o tei, ye ba bwei‑o ba we, “Bɛ mo ye n yeini n maŋe memaŋa n bere nɔɔna bam?” 11O ma leiri-ba o we, “Ko ná ye abam, Wɛ maŋe o pa se á lɔre o telaao paare dem kuri na ye tei to, ye chega kam konto ya maŋe ka seigi mo. Ko daare nɔɔna badaara bam, Wɛ wo pɛ-ba chwoŋa se ba lɔre o chega kam konto. 12Memaŋa yam na jege se ya zeini nɔɔna boboŋa tei to nye de nɔɔno ná maŋe o jege woŋo, o ta wó jwoŋi kodwoŋi o woli da se ko tiini ko gaale. Nɔɔno wolo nam na maŋe o ba jege kolokolo to laam wó ba o ga kolo fenfee o ya na jege to mo. 13Amo na maŋe memaŋa a bere-ba kolo ŋwaane to mo ye banto yia mo nae amo na ke wonnu telo to, ye te ba pae ba maana. Ba ta maa ni amo berem dem, ye ba ba lɔre de kuri. 14Banto na ye tei to mo bere we Wɛ sampwora Izaya na tage kolo faŋa faŋa to tu ko ji chega, de o na we:
‘Abam wó fɔge á ta‑á cheigi Wɛ taane dem,
ye á bá ni de kuri.
Abam yia nam wó kwaane ya nii
ye á na nɛ kolo to bá zo á yuu.
15Kokuri nɔɔna bam konto boboŋa seene ya te mo.
Ba zwa de ma kwareme,
ye ba daare ba pu ba yia.
Ko ná dae konto, ba yia na nɛ kolo to
jege se ko zo ba yuu mo.
Ba zwa de ya jege se ya ni Wɛ taane dem,
ye ba boboŋa de wó lɔre de kuri.
Ba ya ná ke konto,
ba ya wó pipiri ba sɛ amo Wɛ
se a pa ba na fɔgem.’ ”
16Yezu ta ma ta de o kwaga tɔgena bam o we, “Ko nam ná ye abam, á yia na nae tei to ye á zwa de ni tei to mo pae se á jege yu-ywoŋo Wɛ tei ne. 17Chega ŋwaane to, faŋa faŋa Wɛ sampwori sem dedɛ de nɔn-laaro dedɛ déem jege teena se ba na kolo abam na nɛ to, ye ba wo wane ba na. Ba ta maa kwori ba jege teena se ba ni Wɛ taane delo abam na nigi to, ye ba wo nɛ chwoŋa se ba ni-de.
18Nam cheigi-na se a maŋe valo wom memaŋe dem kuri a bere abam. 19Wo-dwa yalo na to chwoŋa kam ni ne to mo bere nɔɔna badwonna na ye tei to. Banto mo nigi Wɛ paare dem taane, ye ba wo lɔre de kuri. Wo-lwanno tu setaane laam ma ba o chaale-de pa de wo zo ba boboŋa. 20Wo-dwa yalo na to kandwa yuu ne to de maa bere nɔɔna badwonna na ye tei to. Banto yeini ba ni Wɛ taane dem ye ba jwoŋi-de lela de wopwolo. 21Taane dem maa wo tiini de zo ba boboŋa, pa se ba yage-de lela. Yaara na tu ya bɛɛse-ba Wɛ chega kam ŋwaane to, ba ma yage-ka lela. 22Wo-dwa yalo na to sabare sem wone to maa bere nɔɔna badwonna de na ye tei to. Banto ye balo na nigi Wɛ taane dem ye ba ta jege lwia de logo baŋa wonnu to. Sabu-laga ma chɔge ba boboŋa pa se ba kwei Wɛ taane dem ba yage, ye de wo jaane kuri de pa-ba. 23Ko daare wo-dwa yalo na to te-ŋoŋa jei sem ne to maa bere balo na nigi Wɛ taane dem ye ba pa de tiini de zo ba boboŋa to. Konto ma pa se Wɛ taane dem ja kuri de pa-ba, nenɛɛne mena na ke bia lanyerane se ko maŋe de bia bi bi, ye yadaara de ke bia fuseredo fuseredo, ye yadaara de ke bia fintɔ fintɔ to.”
Men-ŋona de men-kayale memaŋe
24Yezu déem ma maŋe memaŋe dedwoŋi o bere-ba o we, “Amo lage a bere abam Wɛ telaao paare dem na wó ba de taa wo nɔɔna baŋa ne tei to mo. Valo wodwoŋi mo kwei men-ŋona o ja vo o kara o du. 25O na dugi-ya konto to, o dono ma zaŋe pein-dɔa maŋa ne o ja kayale bia o vo o du o gwaane valo wom kara men-ŋona yam wone, ye o daare o jwoori sɔŋɔ. 26Men-ŋona yam ma nwoŋi ya ji men-kweero. O dono wom na dugi yalo to ma nwoŋi ya ji men-kayale. 27Sɔŋɔ tu wom tontoŋena laam ma vo ba ta ded‑o ba we, ‘Debam tu, nmo na dugi n kara kam to, ko dae men-ŋona yerane mo n dugi na? Bɛ mo ye kayale laam zaŋe se gwaane da?’ 28O ma leiri-ba o we, ‘Ko ye amo dono mo ke konto.’ Ba laam ma bwei‑o ba we, ‘Dé nam véi dé gɔ kayale sem dé yage na?’ 29O maa wo sɛ, ye o ta de-ba o we, ‘Abam ná ke konto, á wó kɛ á gɔ men-ŋona yam de mo á woli da. 30Nam yage-na se ya maama taa wora se ko ba ko yi zagem maŋa. Kanto maŋa kam ne amo laam wó ta de men-zagena bam se ba pɔɔre kayale sem ba gɔ ba tiŋi dáa ne, se ba laam pɛ ba zwɛ. Ba ná ke konto, se ba daare ba zage mena yam ba pɛ ba ke amo tuli ne.’ ”
Tio-bu-memeeno memaŋe
Maake 4:30-32; Luka 13:18-19
31Yezu daa ta ma maŋe memaŋe dedwoŋi o bere-ba o we, “Wɛ telaao paare dem nye de nɔɔno na kwei tio-bu-memeeno o vo o du o kara ne tei to mo. 32Tio-bu wom konto mo tiini o muri wo-bia maama wone. O ma nwoŋi, ye o ba o tiini o ji kamunu se ko dwoni dwo-vɔɔro telo maama na wo o kara kam ne to. Ko laam maa ye kamunu dedɛ ye zuna tui ba sɔ ba pworu ko yuu ne.”
Bworobworo sabɔle memaŋe
Luka 13:20-21
33Yezu daa ta ma maŋe memaŋe dedwoŋi o bere-ba o we, “Wɛ telaao paare dem nye de kaane wodwoŋi na kwei sabɔle fenfee o gwaane de bworobworo mun-fɔrɔ tei to mo. De laam ma pa se bworobworo muni dem maama fole.”
34Wonnu tem konto maama Yezu déem na bere nɔn-kɔgɔ kom to ye memaŋa yerane mo o ma o bere-ba. O wo tage kolokolo de-ba ye ko dae memaŋe. 35O nam ke konto se ko pa Wɛ sampwora kadwoŋi taane mo ji chega, de o na we,
“Amo wó puri a ni
a ŋɔɔne botare-dende mo a bere-ba.
Amo wó pa ba lɔre wonnu telo na seigi
ko zege logo baŋa boboa ne ko ba ko yi zem to.”
Men-kayale memaŋe dem kuri na ye tei to
36Yezu déem ma zaŋe o yage nɔn-kɔgɔ kom, ye o daare o jwoori sɔŋɔ kom. O kwaga tɔgena bam ma ba o tei ye ba we, “Ko ná ye men-kayale memaŋe dem, se n ta de kuri n bere debam.” 37O ma leiri-ba o we, “Sɔŋɔ tu wolo na dugi men-ŋona yam to mo bere Nabiin-bu wom na ke tei to. 38O kara kam maa nye de logo baŋa. Men-ŋona yam maa nye de Wɛ paare dem nɔɔna bam. Ko daare men-kayale sem maa nye de balo na ye wo-lwanno tu setaane nyem to, 39ye dono wolo na dugi-se to maa nye de setaana pɛ wom tete. Zagem maŋa kam mo bere logo baŋa na wó ba ko kweeli tei to. Men-zagena bam maa nye de Wɛ malese sem. 40Men-zagena bam na gɔge men-kayale sem ba pɛ ba zwɛ to, konto dwoŋi mo wó ke logo baŋa kweelim maŋa kam ne. 41Amo Nabiin-bu wom wó toŋe a malese sem se ba vo ba le kolo maama na pae se tusim wora to, de balo na ye wo-lwan-keira to, se ba daa yé taa tɔge ba wora Wɛ paare dem wone. 42Ba laam maa wó zeili-ba ba yage min-lɔŋɔ jei ne se de di-ba. Dáane mo ba laam wó taa wora ba keera ye ba done ba nwa. 43Ko daare balo na jege chega Wɛ tei ne to laam wó pa pwooni tiini de taa wora ba Kwo Wɛ paare dem wone, ne wea na nye tei to.
Á nam fɔge á cheigi amo taane dem lanyerane.
Wo-ŋonno telo na suli tega ne to memaŋe
44Wɛ telaao paare dem daa ta nye de wo-ŋonno telo na ye lonne nyem ye te suli tega ne to mo. Nɔɔno wodwoŋi laam ma pɔpɔ o na-te. O ma jwoori o kwoli-te. O wo na tiini ko pwoli to, o ma vo o kwei o wonnu maama o yeigi sabu, ye o laam daare o yeigi tega kam konto se wo-ŋonno tem maama ji o nyem.
Kandwɛ-ŋone memaŋe
45Wɛ telaao paare dem daa ta maa nye de pipim-piinu na kare o lage kandwa-nyenno se o yeigi to mo. 46O ma ba o na kandwɛ delo na tiini de jege lam o tei ne to. O laam ma jwoori o vo o kwei o wonnu maama o yeigi, ye o daare o yeigi kandwɛ dem konto yerane se de taa ye o nyem.
Ywon-jara de ba chwogo memaŋe
47Wɛ telaao paare dem na wó ba de taa wo nɔɔna baŋa ne tei to nye de chwogo ywon-jara na kwei ba de buga ne se ba ma ja ywona to mo. Ba na de-ko da to, ba ma ja ywona dwi maama. 48Chwogo kom ma ba ko su lanyerane. Nɔɔna bam laam ma vaŋe-ko ba tuuri ba ja bɛ. Ba laam ma jeini tega ne se ba kuri ywon-ŋona yam ba ke ba lɔɔro wone. Ba ma daare ba kwei ywon-yɔɔro tem ba dole ba yage. 49Ko nam wó ba ko taa ye konto mo logo baŋa kweelim maŋa kam ne. Wɛ malese wó nwoŋi se ba se se pɔɔre nɔn-balwaaro ye se le-ba balo na jege chega Wɛ tei ne to wone. 50Se laam wó daare se zeili-ba se yage min-lɔŋɔ jei ne se de di-ba. Dáane mo ba laam wó taa wora ba keera ye ba done ba nwa.”
Yezu berem dem ye berem-doore
51Yezu na ŋɔɔne o ti to, o laam ma bwei o kwaga tɔgena bam o we, ba nigi wonnu tem maama kuri na? Ba ma leiri‑o ba we, ɛɛ. 52O ma ta de-ba o we, “Tɔ. Wɛ nia yam zamesem tu wolo maama laam na tu o zamese Wɛ telaao paare dem chega kam to nye de sɔŋɔ tu wolo na nii Wɛ nɔɔna baŋa ne ye o le wo-laaro o jejegero tem wone o pa-ba to. Konto tu laam wae o le berem-doore o woli de berem-dwoori dem se o ma o bere o nɔɔna bam.”
Yezu tete teo kom tiina na ve‑o tei to
Maake 6:1-6; Luka 4:16-30
53Yezu déem na maŋe memaŋa yam konto o ti to, o laam ma yage jei sem konto. 54O ma jwoori o vo o tete teo. O na wora to, o ma zo Juu tiina jeerim diga kam se o bere-ba. O na bere-ba tei to, ko déem so-ba lanyerane, pa ba we, “Nɔɔno wonto ke tɛ mo o jege swa yam konto dwoŋi? O nam ke tɛ mo o na dam pa o ma o ke wo-kenkagela yanto dwoŋi? 55Wonto mo dae gɔgɔ kom bu wom na? O nu maa ye Mary. O nyaana maa ye Jemsi, de Josef, de Simon, de Judas. 56O nakɔa maama de ta wora debam tei ne mo. Wonto nam nɛ dam dem konto maama yei ne mo?”
57Konto mo ba boboŋa déem chɔge o ŋwaane. Yezu ma ta de-ba o we, “Nɔɔno ná ye Wɛ ni-jwoŋinu, nɔɔna yeini ba pa‑o zula lanyerane, ko daare o tete teo tiina de o sɔŋɔ tiina nam bá nege‑o.” 58Ba déem na wo ke ba wo-dedoa se ba sɛ‑o to, o maa wo tiini o ke wo-kenkagela dedɛ ba tei ne.",https://www.bible.com/bible/3661/MAT.13.KBG
MATIYU 14,"Pɛ Herodi na go Jɔn tei to
Maake 6:14-29; Luka 9:7-9
1Pɛ wolo na tei Galili teene dem to déem ma ba o ni Yezu ŋwa. Pɛ wom yere mo Herodi. 2O ma ta de o tontoŋena o we, “Wonto wó taa ye Jɔn wolo na ye sɛɛm tu to mo. Wonto mo jwoori o bi o tete. Mo kokuri o jege dam pa o wae wo-kenkagela dedɛ o ke.”
3-4Herodi déem tage konto dwoŋi kolo ŋwaane o ya wo ke Jɔn lanyerane, ye o ta pa ba go‑o. O déem di kaane wodwoŋi, o yere mo Herodisa. Kaane wom déem ye o zembaaro Filipi kaane mo. Jɔn ma ta o bere‑o we, ko chula se o di o zembaaro kaane. Jɔn na bwɛ‑o konto to, o ma pa ba ja‑o ba vɔ peena diga ne ba yage da. 5O ya maa boŋe se o go‑o ye o laam kɔre teo kom nɔɔna bam, ba na pɛ se Jɔn ye Wɛ sampwora to ŋwaane.
6Herodi lora maŋa laam ma ba ka yi. O ma bwoŋi nɔɔna dedɛ se ba ba ba tɔge ba di ywoni. Herodisa bukɔ ma zaŋe o vo veira bam yiga o sa o bere-ba. O sɛ dem na lana konto to, ko ma pa Herodi wo pwoli dedɛ. 7O wo na pwoli to, o ma du o we, woŋo kolo maama o na lage to o wó pa‑o. 8Bukɔ wom nu ma ta o bere‑o, ye o laam vo Herodi tei o we, “Woŋo kolo amo na lage to mo ye Jɔn yuu. Nmo ná gwoni-ko, se n daŋe zon-tanlaŋa baŋa ne n pa-ne.” 9Pɛ Herodi na nigi konto to, o wo ma chɔge lanyerane. O nam na dugi ye o veira bam ni to, o ma pa ni se ba ke konto ba pa‑o. 10O ma toŋe nɔɔna se ba vo peena diga kam ba gwoni Jɔn yuu kom. 11Ba ma kwei-ko ba daŋe zon-tanlaŋa baŋa ne ba ja nwoŋi ba pa bukɔ wom. O laam ma ja-ko o vo o pa o nu Herodisa.
12Jɔn kwaga tɔgena bam ma zaŋe ba vo ba kwei o yera yam ba ja vo ba ke yibeeli wone. Ba laam ma vo ba ta de Yezu kolo na ke to.
Yezu pɛ nɔɔna 5,000 wodiu se ba di
Maake 6:30-44; Luka 9:10-17; Jɔn 6:1-14
13Yezu déem na nigi kolo na ke Jɔn to, o ma zaŋe o vo o zo nabworo o kɛ o daare jei sem konto. O ma pwɛ o tete se o vo o bɛ buga kam, se o vo o taa wora jei selo na ye gaao wo to o yerane. Nɔɔna dedɛ ma ba ba maane o na wo jei selo ne to. Ba ma zaŋe ba nwoŋi ba teene dem ne, ye ba vo tega ne ba vo o tei. 14Yezu ma nwoŋi nabworo kom wone. O laam ma na nɔn-kɔgɔ kom na tu ko wora. Nɔɔna bam ŋwaŋa ma zo‑o lanyerane. O ma yɔɔre balo na ba jege yazura to.
15Tega na wora ka yi to, o kwaga tɔgena bam laam ma vo ba ta ded‑o ba we, “Maŋa kam wora ka kɛa ye wodiu tera ywo-seeni se ba yeigi ba di. Konto ŋwaane nam pa nɔɔna bam vo sam wone se ba yeigi wodiu ba di.” 16Yezu ma leiri-ba o we, “Ba ba jege se ba viiri. Abam tete mo wó pa-ba wodiu se ba di.” 17Ba ma ta ba we, “Debam na jege kolo to ye bworobwooru tenu de ywona yalei yerane mo.” 18Yezu ma ta de-ba o we, ba ja ba ba pa‑o. 19O laam ma ta de nɔɔna bam maama se ba jeini tega ne. O ma kwei bworobwooru tenu tem de ywona yalei yam, ye o kwoni o yuu wɛɛne o ke Wɛ lei te ŋwaane. O ma fɔ bworobwooru tem o pa o kwaga tɔgena bam, ye banto de laam ma kwei-te ba pa nɔɔna bam. 20Nɔɔna bam maama ma di ba su ba daare. Ba na di ba daare konto to, ba ma pɛ chichwooru telo na daare to ba su kayɛ fuga-selei. 21Nɔɔna balo déem na di konto to ye nenɛɛne baara morro tenu (5,000) mo, ko woli de kaana de bia de.
Yezu vei na baŋa ne
Maake 6:45-56; Jɔn 6:15-21
22Yezu laam ma pa o kwaga tɔgena bam vo ba zo nabworo kom se ba da yiga ba bɛ buga kam bubɛ dedwoŋi dem. Ba na maa kɛ to, o ma pa kɔgɔ kom viiri. 23O na ke konto to, o ma pwɛ o tete o vo o di peero baŋa se o ware Wɛ. Tega ma ba ka yi ye o ta wora o yerane. 24Nabworo kom nam maŋe ko kɛ naneo kom tetare yiga yiga. Vo-dɛɔ ma ba ko jeeri-ba pa se na bam pɔgele dedɛ ye ba tiini ba mage nabworo kom.
25Tega na wora ka poore to, Yezu laam ma zaŋe o nɔne na bam baŋa ne o maa vei o kwaga tɔgena bam tei. 26Ba na nɛ‑o to, foone ma tiini de ja-ba, de o na wo na bam baŋa ne o vei to. Ba ma ta ba we, “Ko wó taa ye chiru mo!” Foone na zo-ba konto to, ko ma pa se ba laare baŋa baŋa.
27O laam ma ŋɔɔne de-ba ye o we, “Pa-na á bochara ke dam, se ko ye amo mo. Yé pa-na foone taa jege abam.” 28Piita ma leiri‑o we, “Amo Teiru, ko ná seene ko ye nmo, se n bwoŋi-ne se a de vo na bam baŋa ne a ba nmo tei.” 29Yezu maa we, o ba! Piita laam ma nwoŋi nabworo kom wone o tu na bam baŋa ne o vei o maa jeeri Yezu. 30O ma ba o lɔre vio kom na tiini ko mage tei to pa se foone ja‑o, ye o laam wora o misi na bam kuri ne. O na wora o misi to, o ma lwoori Yezu de kwor-dɛa o we, “Amo Teiru, jwoŋi-ne n yage!” 31Yezu laam ma twe o jeŋa o ja‑o, ye o ta ded‑o o we, “Nmo boboŋa muri de Wɛ. Bɛŋwaane mo n jege boboŋa yalei ded‑o?”
32Ba maama laam ma vo ba zo nabworo kom wo. Vio kom ma kwori lela. 33Nɔɔna balo na wo nabworo kom wone to ma pa Yezu zula. Ba maa tɛ ba we, o seene o ye Baŋa Wɛ Bu mo.
34Ba ma vo ba bɛ ba yi bubɛ dedem dem. Ba na yi jei selo to yere mo Gɛnesara. 35Teo kom konto tiina bam ma ba ba lɔre Yezu. Ba na lɔre‑o to, ba laam ma toŋe ni ba pa nawuura yam maama, pa se balo na ba jege yazura to ba o tei se o yɔɔre-ba. 36Ba ma lwoori‑o se o pa jaweena bam chwoŋa se ba dwei o gɔrɔ kom ni yerane. Balo maama na dwei o gɔrɔ kom konto to déem ma na yazura.",https://www.bible.com/bible/3661/MAT.14.KBG
MATIYU 15,"Wo-digiru telo na chɔge nɔɔna to
Maake 7:1-23
1 Farisi tiina badaara de Wɛ nia zamesem tiina badaara déem ma nwoŋi Jerusalem ne ba vo Yezu tei. Ba ma vo ba bwei‑o ba we, 2“Bɛ mo ye n tɔgena bam yeini ba ve chullu telo dé nabaara bam na pɛ debam to? Ba ná lage ba di wodiu, ba yeini ba ba sane ba jea se ko tɔge dé chullu tem chwoŋa.” 3Yezu ma leiri-ba o we, “Abam yeini á tɔge á tete boboŋa chullu mo, ye á daare á ve Wɛ ni dem na bere tei to. Bɛ mo ye á ke konto dwoŋi? 4Wɛ ni dedwoŋi bere we, nɔɔno jege se o taa zuli o kwo de o nu. Wɛ daa ta bere we, nɔɔno ná sɔɔle lwarem o yage o nu naa o kwo yuu ne, konto tu jege se o te mo. 5Ko daare abam nam yeini á ja Wɛ taane dem á pipiri ye á we, ‘Nɔɔno ná jege woŋo kolo o ya na wó ma o woli o kwo de o nu to, ye o ná we, ko maŋe ko ye Wɛ nyem mo, 6wonto daa ba jege se o kwei o ma zeini o kwo.’ Á na ke tei to bere we á ve Wɛ ni dem mo, ye á daare á tɔge á tete chwei. 7Abam maa ye pipiri-nyena mo. Izaya déem jege chega de o na wuuri o ta abam taane faŋa faŋa tei to. 8O déem tage Wɛ kwora o we:
‘Nɔɔna banto zuli amo de ba ni mo,
ye ba boboŋa tera amo tei ne.
9Ba na pae amo zula tei to maama ye kafɛ mo.
Ba bera yam tɔge nabiina boboŋa chullu mo,
ye ba pae se te ye amo nyem.’ ”
10Yezu laam ma bwoŋi nɔn-kɔgɔ kom se ba ba o tei, ye o de dendea de-ba o we: “Cheigi-na lanyerane se á ni amo taane dem kuri. 11Nɔɔno ná kwei woŋo kolo maama o pa se ko tɔge o ni ko zo o wo, konto bá pa o digiri o tete. Ko daare kolo o na yeini o pa se ko tɔge o ni ko nwoŋi to mo wó pa o digiri.”
12Yezu kwaga tɔgena bam laam ma vo o tei, ye ba ta ded‑o ba we, “Nmo wo lɔre we Farisi tiina bam boboŋa chɔge de nmo taane dem na?” 13Yezu ma leiri-ba we, “Á nam yé ta‑á nii banto. Amo Kwo Wɛ na wo jeiri tio kolo maama to jege se ko gɔ ko yage mo. 14Yage-na ba boboŋa. Banto nye de lilwei vaŋena balo de yia na ba nae to mo. Lilwei nam ná lage o vaŋe o dwoŋi lilwei, ba maama wó to gwoŋo wone mo.”
15Piita laam ma ta de Yezu se o bere-ba dendea kam kuri na ye tei to. 16O ma ta de-ba o we, “Abam de swa ta muri mo na? 17Á jege se á ta‑á yei we, woŋo kolo maama na yeini ko zo nɔɔno ni to mo yeini ko tu o kana, ye o laam daare o tɔ-ko o yage. 18Ko daare kolo na nwoŋi nɔɔno ni ne to yeini ko zege o boboŋa ne mo ko nwoŋi. Ko ye wonnu tem konto dwoŋi mo yeini te pa o jege digiru. 19Nɔɔno boboŋa mo pae se o lage wo-balwaaro tɔgem. Ya maa wae ya pae o go nɔɔna, ye ya ta pae o tɔge bwoorim kikia, de ka-laga wo-zɔɔna maama. Ya maa wae ya pae o ŋɔna, naa o fɔ vwa, ye o taa twe o dwonna. 20Ko nam ye wonnu tento dwoŋi mo digiri nɔɔno. Ko daare, nɔɔno ná di wodiu ye o wo sane o jea, konto ware ko pa o digiri o tete.”
Kaane wodwoŋi ke o wo-dedoa de Yezu
Maake 7:24-30
21Yezu déem ma zaŋe o nwoŋi jei sem konto ne, ye o vo Tura de Sidon nawuura yam seeni. 22Kaane wodwoŋi maa wora o na zoore jei sem konto ne. O maa ye Kanaan tiina bukɔ. O ma vo Yezu tei ye o laare de kwor-dɛa o we, “Amo tu, Pɛ David dwi tu, popo duri amo yiniga. Setaane mo jege amo bukɔ, ye de tiini de daane‑o.” 23Yezu ma maŋe da chemm. O kwaga tɔgena bam ma vo o tei ba lwoori‑o se o pa kaane wom viiri, o na tɔge-ba ye o ke sɔɔ to ŋwaane. 24Yezu ma leiri-ba o we, “Wɛ toŋe-ne se a ba a zeini o tete nɔɔna Isarele dwi tiina bam, ba na nye de pei selo na beeri kafɛ to ŋwaane mo.”
25Kaane wom laam ma vo o kuni dwoona o yiga ne, ye o lwoori‑o we, “Amo tu, zeini-ne!” 26Yezu ma leiri‑o we, “Ko wo maŋe se nɔɔno jwoŋi o bia wodiu o dole o pa kukuri.” 27Kaane wom maa we, “Amo tu, n tage chega. Kukuri sento nam jege chwoŋa se se twɛ wodiu kolo se tu wom na di ye ko siiri tega ne to se di.” 28Yezu laam ma leiri‑o we, “Kaane, nmo tiini n ke n wo-dedoa de amo chekke. Konto to, nmo na lage kolo to, Wɛ wó pa ko ke.” Maŋa kam konto ne nɔɔ mo o bukɔ wom nɛ yazura.
Yezu pɛ nɔɔna 4,000 wodiu se ba di
Maake 7:31–8:10
29Yezu laam ma kɛ o vo o tɔge Galili naneo kom ni, ye o daare o vo o di peero baŋa o jeini da. 30O na jeini da konto to, nɔn-fɔrɔ maa tui o tei, ye ba jaane jaweena dedɛ ba woli da ba tui. Badaara déem ye gwane, badaara de maa ye lilwoa, de gwaaro, de memaaro, ko woli de balo jaweero dwi dwi na jege-ba to. Ba maa jaane-ba ba vei ba tiŋi Yezu yiga ne, pa se o yɔɔre-ba. 31O na ke tei to ma pa se nɔn-kɔgɔ kom ye yaau. Ba ma nɛa we memaaro yɔɔre te ŋɔɔna, ye gwane de fɔge se kwɛ. Gwaaro de maa wae te via, ye lilwoa yia de jwoori ya nae. Ba na nɛ wo-kenkagela yam to, ko ma pa ba zuli Baŋa Wɛ wom na ye Isarele tiina Wɛ to.
32Yezu laam ma bwoŋi o kwaga tɔgena bam, ye o ta de-ba o we, “Amo jege nɔɔna banto ŋwaŋa de ba na tu ba wo amo tei ne da yatɔ, ye ba laam daa ba jege wodiu se ba di to. Amo ba lage se a pa ba viiri ye ba wo di kolokolo. Ba ná lage ba viiri konto, kana wó pa ba beiri chwoŋa ne mo.” 33O kwaga tɔgena bam ma bwei‑o ba we, “Debam wó ke tɛ mo dé na wodiu kagoa kanto yuu ne dé pa nɔn-kɔgɔ konto se ba di?” 34O ma bwei-ba o we, “Abam jege bworobworo ko mae tɛ mo?” Ba ma leiri‑o ba we, “Terepɛ mo wora, de ywon-bia fenfee.”
35Yezu laam ma ta de nɔn-kɔgɔ kom se ba maama jeini tega ne. 36O ma daare o kwei bworobwooru terepɛ tem de ywona yam ye o ke Wɛ lei te ŋwaane. O ma ja-te o fɔ fɔ o pa o kwaga tɔgena bam ye banto de laam kwei ba pa nɔɔna bam. 37Nɔɔna bam maama déem ma di ba su ba daare. Ba laam ma twɛ chichwooru telo na daare to ba su kayɛ serepɛ. 38Nɔɔna balo déem na di konto to ye nenɛɛne baara morro tena (4,000) mo, ko woli de kaana de bia de.
39Yezu laam ma pa se kɔgɔ kom viiri. O ma daare o vo o zo nabworo o bɛ o vo o yi nawuuri dedwoŋi yere na ye Magadan to.",https://www.bible.com/bible/3661/MAT.15.KBG
MATIYU 16,"Farisi tiina de Saduka tiina taane
Maake 8:11-21; Luka 12:54-56
1Farisi tiina badaara de Saduka tiina déem ma zaŋe ba vo Yezu tei. Ba maa lage se ba maŋe‑o mo ba nii, ye ba ta ded‑o we, o ke wo-kenkagele delo na wó bere-ba we o dam dem nwoŋi Wɛ tei ne to. 2Yezu ma leiri-ba o we, “Abam yeini á wae á nii wɛyuu ne á lɔre tega kam yibia na wó taa ye tei to. Ko ná ye dedaan-ni ne, ye wɛyuu kom ná ke nasoŋo, á yeini á ta we, tega wó poore lanyerane. 3Ko nam ná ye zezeŋa ne, ye wɛyuu kom ná ye liira liira, á yeini á we, doa mo lage ka ne. Bɛ nam mo ye á ware á lɔre we wonnu telo na wora te ke leile to bere Wɛ na lage o ke wo-kamunnu telo to? 4Zem nɔɔna bam ye puseŋ-nyena mo ye ba yiga tera de Wɛ. Mo kokuri ba lage se a ke wo-kenkagele a bere-ba. Ba maa bá na, ko ná dae wo-kenkagele delo na maŋe de ke Jonah tei ne to yerane.”
O na tage de-ba konto to, o laam ma yage ba tei ye o kɛ.
5Yezu kwaga tɔgena bam déem na vei ba bɛ buga kam bubɛ dedwoŋi dem to, ba ya swei se ba ja bworobworo ba woli da. 6Yezu ma ta de-ba o we, “Á fɔge á che á tete se á yé pa Farisi tiina bam de Saduka tiina bam de abam sabɔle.” 7O na tage de-ba konto to, ba ma bane daane ba we, “Ko ye bworobworo taane mo o tɛa, ye debam wo jaane kodwoŋi dé ba.” 8Yezu ma maane ba na tɛ kolo to, ye o we, “Bɛ mo ye á pa lwia jege abam de á na ba jege bworobworo to? Abam boboŋa muri de Wɛ. 9Abam ta wo lɔre Wɛ na jege dam tei to na? Á nam swei we amo kwei bworobwooru tenu mo a fɔ fɔ a pa nɔɔna morro tenu ye ba di na? Á nam ware á guli kayɛ segera á na twɛ wodiu kolo na daare á ke da to na? 10Ko woli da, amo na kwei bworobwooru terepɛ tem a pa nɔɔna morro tena ye ba di to, kayɛ segera mo á ta twɛ á su? 11Ko nam dae bworobworo taane mo a ya tɛa. Á laam wo lɔre konto na? Á nam fɔge á che á tete se á yé pa Farisi tiina bam de Saduka tiina bam de abam sabɔle.”
12O kwaga tɔgena bam laam ma lɔre we, ko ya dae sabɔle delo ba na ke bworobworo ne to taane mo o ŋɔɔne de-ba. Ko nam ye se ba yé pa Farisi tiina de Saduka tiina berem dem mo chɔge-ba.
Piita na tage Yezu chega kam tei to
Maake 8:27-30; Luka 9:18-21
13Yezu déem ma vo o yi Kazaria Filipi nawuura yam. O na yi da to, o ma bwei o kwaga tɔgena bam o we, “Nɔɔna yeini ba tɛ amo Nabiin-bu wom taane ba we amo ye wɔ mo?” 14Ba ma leiri‑o ba we, “Badaara tɛ ba we, nmo ye Jɔn wolo na ye sɛɛm tu to mo. Badaara de maa tɛ ba we nmo ye Elija mo, ye badaara de tɛ ba we nmo ye Jeremia naa faŋa faŋa Wɛ sampwora kadwoŋi mo.” 15O laam ma bwei-ba o we, “Ko nam ná ye abam, á boŋe se amo ye wɔ mo?” 16Simon Piita ma leiri‑o we, “Nmo ye Ŋwea Tu Baŋa Wɛ Bu Krista wolo o na toŋe to mo.” 17Yezu ma leiri‑o we, “Jonah bu Simon, nmo na lɔre konto to, nmo ye yu-ywoŋo tu. Ko nam dae nabiina yiyiu mo pɛ n lɔre chega kam konto, se ko ye a Kwo Wɛ mo pɛ n lɔre-ka. 18Amo nam wó ta a bere‑m nmo na ye tei to. Nmo yere mo Piita, ko kuri mo ye pelɔrɔ. Ko maa bere we amo wó bobo a kɔgɔ kom kuri pelɔrɔ kom konto baŋa ne mo. Toone de de dam maama maa bá wane-ko de chɔge. 19Amo nam wó kwei Wɛ telaao paare dem bwor-bia a ke nmo jeŋa ne, se n wane n ma n pore chwoŋa n pa nɔɔna taa tɔge da ba zoore Wɛ woro kom wo. Chwoŋa kalo maama nmo na chege se nɔɔna yé da da to, Wɛ wó zege nmo kwaga ne de konto. Nmo nam ná yage chwoŋa kalo maama, Wɛ daa ta wó zege nmo kwaga ne de konto.”
20Yezu laam ma kaane o kwaga tɔgena bam se ba yé pa nɔɔn-nɔɔno lɔre we o seene o ye Wɛ Dam Tu Krista wom.
Yezu bere o toone na wó taa ye tei to
Maake 8:31–9:1; Luka 9:22-27
21Ko zege kanto maŋa kam ne Yezu ma ŋɔɔne jaja o bere o kwaga tɔgena bam we o jege se o vo Jerusalem o na yaara dedɛ Juu tiina nakwa bam tei ne, de ba kaanem yiga tiina bam, de ba zamesem tiina bam de tei ne. Ba maa jege se ba go‑o se o laam jwoori o bi toone wone da yatɔ dɛ ne. 22Yezu na tage konto dwoŋi to, Piita ma ja‑o o vo dáa, ye o bwɛ‑o o we, “Amo Teiru, Wɛ bá sɛ se konto ke nmo.” 23Yezu ma guni o nii Piita, ye o ta ded‑o o we, “Setaana pɛ, vei dáa a tei ne! Nmo lage n pa a tusi mo. Nmo boboŋa yam ye nabiina nyem mo ye ya ba tɔge Wɛ na lage tei to.”
24Yezu laam ma ta de o kwaga tɔgena bam o we, “Nɔɔno wolo maama ná lage se o taa tɔge amo kwaga, konto tu jege se o ve o tete boboŋa ye o sɛ yaara ne wolo na zeŋe dagara o maa vei o toone jei tei to, se o laam taa tɔge-ne. 25Wolo maama nam ná lage se o jwoŋi o tete ŋwea, konto tu wó ga-ka mo. Ko daare wolo maama ná sɛ se o ga o ŋwea amo ŋwaane, konto tu wó na ŋwea Wɛ tei ne. 26Nɔɔno nam ná kwaane o jwoŋi logo baŋa wonnu tem maama, ye o laam ná gɛ ŋwea Wɛ tei ne, bɛ nyɔɔre mo o nɛa? Kolokolo nam tera nɔɔno na wó wane o kwei o ma jwoŋi o ŋwea Wɛ tei ne. 27Amo Nabiin-bu wom nam jege se a ba de nenɔŋ-fɔrɔ, ne a Kwo Wɛ na jege tei, ye o malese sem de wó tɔge-ne. Kanto maŋa kam ne, amo laam wó pa se nɔɔno maama jwoŋi nyɔɔre delo na maŋe de o kikia to. 28Chega ŋwaane to, nɔɔna balo zem na wo ywo-seeni to badaara bá te ye ba ta wo nɛ amo Nabiin-bu wom na maa beene de a paare dem to.”",https://www.bible.com/bible/3661/MAT.16.KBG
MATIYU 17,"Yezu yibia na leiri tei to
Maake 9:2-13; Luka 9:28-36
1Da yaredo déem ma ba ya kɛ. Yezu laam ma ja Piita, ko woli de Jemsi, de o nyaane Jɔn pa ba tɔge daane ba vo ba di peo-kamunu yuu. Ba maa wora ba yerane mo. 2Ba na wora konto to, Yezu yibia ma leiri ba yiga ne. O yibia kam maa nye de wea na nyeene tei to mo. O gwaaro tem de maa tiini te peere ye te nyeena. 3Ba laam ma na Moses de Elija na wo Yezu tei ne, ye ba ŋɔɔne ded‑o. 4Piita laam ma ta de Yezu o we, “Amo Teiru, dé na wo ywo-seeni to, ko tiini ko lana ko pa debam. Nmo nam ná sɛ, se n pa a pu vwoa yatɔ ywo, se nmo de Moses de Elija taa zoore da.”
5Piita na wora o ŋɔɔne konto to, kunkwoŋo kolo na nyeene to ma ba ko li-ba. Ba laam ma ni kwora na ŋɔɔne ko wone ka we, “Amo bu-doa mo tento ye a swoi‑o lanyerane. O kikia su amo yi. Á nam ta‑á cheigi o taane lanyerane.”
6Yezu tɔgena batɔ bam na nigi kwora kam to, ba ma vwi ba yibia tega ne, foone na tiini de zo-ba to ŋwaane. 7Yezu laam ma vo ba tei o dwei-ba, ye o we, “Zaŋe-na, se á yé pa foone taa jege abam.”
8Ba laam ma kwoni ba yum wɛɛne, ye ba daa wo nɛ nɔɔn-nɔɔno, ko ná dae Yezu yerane. 9Ba ma zaŋe peo kom yuu ne ba maa tua. Yezu laam ma kaane-ba o we, ba yé pa se nɔɔn-nɔɔno lɔre ba na nɛ kolo to, se ko taa nii maŋa kalo omo Nabiin-bu wom na wó bi toone wone to.
10O kwaga tɔgena bam laam ma ta ded‑o ba we, “Wɛ nia yam zamesem tiina bam yeini ba tɛ ba we, Elija mo jege se o lwoori o ba yiga, se Wɛ Dam Tu wom laam da kwaga. Ko ye chega mo naa vwa mo?” 11Yezu ma leiri-ba o we, “Ko ye chega mo. Elija jege se o ba o kwɛ woŋo maama se Wɛ Dam Tu wom laam ba. 12Nam ta‑á yei-na we, Elija maŋe o ba ye nɔɔna wo wane ba lɔre‑o. Ba ma tiini ba bɛɛse‑o se ko yi ba boboŋa na lage tei to. Ko nam ná ye amo Nabiin-bu wom, ba daa ta wó bɛɛse amo de konto dwoŋi mo.”
13O kwaga tɔgena bam laam ma lɔre we ko ye Jɔn wolo na ye sɛɛm tu to taane mo o ŋɔɔna.
Yezu yɔɔre bu wodwoŋi
Maake 9:14-32; Luka 9:37-45
14Yezu de o kwaga tɔgena batɔ bam laam ma jwoori ba vo ba yi nɔn-kɔgɔ kom tei. Nɔɔno wodwoŋi ma vo o kuni dwoona Yezu yiga ne o ta ded‑o o we, 15“Amo tu, duri amo bu yiniga. O sae kɔɔro mo ye ko tiini ko chana o yera ne. O maa yeini o toe mini wone de na wone. 16Amo nam jaane‑o a ba nmo kwaga tɔgena bam tei mo se ba yɔɔre‑o, ye ba wo wane.”
17Yezu na nigi konto to, o ma ta o we, “Abam zem nɔɔna bam bere á ba jege wo-dedoa de amo, ye á ba sɛ se á taa tɔge chwoŋa. Ko fe se a tiini a dáane abam tei ne se a vo a maŋe yei ne mo? A nam wó ke tɛ mo a zuri a bochare de abam? Ja-na bu wom á ba.” 18Yezu laam ma bage setaane delo na daane bu wom to pa se de yage‑o. O ma yɔɔre o na yazura maŋa kam konto ne nɔɔ.
19Nɔn-kɔgɔ kom déem na viiri maama to, Yezu kwaga tɔgena bam laam ma vo o tei ba bwei‑o ba we, “Bɛ mo ye debam ware setaane dem dé zeili?” 20O ma leiri-ba o we, “Ko ye abam boboŋa na muri to ŋwaane mo. A tɛ abam chega ŋwaane to, nɔɔno ná jege wo-dedoa de Wɛ, ye ko ná maŋe ko ye fenfee yerane se ko maŋe de tio-bu-memeeno tei de, wonto wó wane o ma-ko o toŋe totoŋ-kamunnu. Wonto wó wane o ta de peo-kamunu konto se ko zaŋe ko vo ko jeini jei-gɛ, ye ko wó seene ko ke. Kolokolo tera ko na wó cheiŋi wo-dedoa tu. [ 21Setaane dento dwoŋi zeilim dana. Ko ná dae we á seene á yia á lwoori Wɛ ye á vɔ ni, ko ya bá wane.]”
22Yezu kwaga tɔgena bam déem ma ba ba jeeri daane Galili ne. Yezu ma ta de-ba o we, “Leile konto ba lage ba ja Nabiin-bu wom ba ke nɔɔna jeŋa ne, 23ye ba laam wó go‑o. Da yatɔ dɛ ne o nam wó jwoori o bi toone wone.” O taane dem konto ma tiini de chɔge ba wo.
Wɛ diga kam lampwoo taane
24Ba déem ma vo ba yi Kaparenia. Juu tiina balo na yeini ba jwoŋi lampwoo Wɛ diga kam ŋwaane to ma vo Piita tei ye ba bwei‑o ba we, “Abam berem tu Yezu yeini o ŋwe lampwoo na?” 25Piita ma leiri o we, “O ŋwea.”
O laam ma jwoori o vo o zo sɔŋɔ kolo ba na wora to. Yezu ma wuuri o bwei‑o o we, “Simon, nmo boboŋa jaane tɛ mo? Logo baŋa pwa bam na yeini ba jwoŋi lampwoo tei to, ba yeini ba jwoŋi-ko nɔɔna bera tei ne mo? Ba yeini ba jwoŋi-ko ba tete sɔŋɔ tiina tei ne mo naa balo na ye veira to tei ne mo?” 26Piita ma leiri‑o o we, “Ko ye veira bam tei ne mo.” Yezu laam ma ta o we, “Tɔ. Ko bere we, dé na ye Wɛ sɔŋɔ tiina to, dé nam ba jege se dé ŋwe. 27Dé nam ba lage se dé pa lampwoo lara bam boboŋa chɔge. Konto ŋwaane nam zaŋe n vo buga kam ni se n de gwola n ma n ja ywoni. Nmo na bobo se n ja ywoni delo to, se n kaŋe de ni se n na sabu-dale da. Sabu-dale dem konto wó yi Wɛ diga kam lampwoo kom kuni belei ŋweem. N ná le-de, se n ja n ba n ma n ŋwe n pa amo de n tete.”",https://www.bible.com/bible/3661/MAT.17.KBG
MATIYU 18,"Wɛ paare dem nɔn-kamunu na ye tei to
Maake 9:33-37, 42-48; Luka 9:46-48; 17:1-2
1Konto maŋa kam ne Yezu kwaga tɔgena bam ma vo o tei, ye ba bwei‑o ba we, “Wɛ telaao paare dem seeni wɔ mo wó taa ye nɔn-kamunu o dwoi maama?”
2Yezu laam ma bwoŋi bu-balaŋa pa se o ba o zege ba maama tetare ne. 3O ma ta o we, “Chega ŋwaane to, abam ná wo leiri á boboŋa se ko pa á ji ne bu-balwa tei to, á bá na chwoŋa se á zo Wɛ telaao paare dem wo. 4Wolo na dwoi maama Wɛ telaao paare dem wone to mo ye wolo na gwooni o tete ye o ji nenɛɛne bu-balaŋa kanto to. 5Ko woli da, wolo maama na wó zuli bu wonto dwoŋi lanyerane amo yere ŋwaane to, konto tu zuli amo mo.
6Ko ná ye balo na ke ba wo-dedoa de amo, ye ba ná maŋe ba muri ne bu-balwa tei, nɔɔno wolo ná pɛ ba dedoa tusi Wɛ chwoŋa wone, konto tu tiini o chɔge mo dedɛ. Ba ná jaane nɔɔno wom konto ye ba lei kandwɛ-kamunu o ba ne ba daare ba de‑o naneo wone se o te, konto gare waarem delo kotu na jege se o na Wɛ tei ne to. 7Ko ye lɛɛro mo ko pae nabiina de wonnu telo na wo logo baŋa ne ye te pae nɔɔna tusi Wɛ chwoŋa wone to. Wonnu tem konto dwoŋi jege se te taa wora se te soge nɔɔna. Wolo maama nam ná tɔge te baŋa o soge nɔɔna pa ba tusi, lɛɛro wó tiini te yi konto tu dedɛ.
8Nɔɔno jeŋa naa o naga ná pɛ se o tusi, ko maŋe se o gwoni-ka mo o yage. Nɔɔno ná gɛ o jeŋa naa o naga, ye o daare o na ŋwea Wɛ tei ne, konto gare o ná jege o yera yam maama ye ba laam de‑o ba yage mini delo na bá fɔge de dwei to wone. 9Nɔɔno yi nam ná pɛ se o tusi, ko maŋe se o le-de o dole o yage. Nɔɔno ná jege yi dedwe ye o na Wɛ ŋwea kam, ko gare o ná jege yia yalei ye ba laam de‑o ba yage te-seŋa mini dem wone.
Pi-jia kam memaŋe
Luka 15:3-7
10Ta‑á yei-na se á yé gwooni wolo maama na muri amo nɔɔna bam wone to. Nam lɔre we, Wɛ malese selo na nii banto baŋa ne to zege amo Kwo Wɛ tei ne telaao ne maŋa maama. [ 11Nabiin-bu wom na tu logo baŋa to, ko ye se o jwoŋi balo na jei to mo o ke Wɛ jeŋa ne.]
12Nɔɔno ná jege pei bi (100), ye se dedoa ná jei, abam boŋe we o wó ke tɛ mo? O jege se o yage pei funogo-nogo sem (99) mo se kaporo kom ne, se o daare o vo o beeri pi-jia kam. 13Chega ŋwaane to, o nam ná beeri o na-ka, o laam wó na wopwolo dedɛ kanto ŋwaane se ko dwoni pei selo na daare ye se wo jei to. 14Ko nam ye bedwe mo de abam Kwo Wɛ na bá yage amo nɔɔna balo na muri to dedoa se o jei.
Nɔɔno de o dwoŋi jege se ba fɔge daane
15Nmo nu-bu ná ke lwarem o chɔge nmo wo, se n vo n kaane‑o de o na ke kolo to, se ko taa ye abam yerane taane ye nɔɔn-nɔɔno tɔge o tera. O nam ná sɛ nmo na tage kolo to, ko bere we n jwoori n de‑o Wɛ chwoŋa wone. 16O nam ná wo sɛ se o cheigi nmo taane dem, se n lage nɔɔno dedoa naa nɔɔna balei se á tɔge daane á vo o tei, se ba bwei‑o ba nii. Konto dwoŋi mo wó tɔge Wɛ tɔn-dwoŋo kom na bere tei to we, ‘Nɔɔno ná jege taane de o dwoŋi, ko maŋe se nɔɔna balei naa batɔ mo zege o taane dem kwaga ne.’ 17Nɔɔno wom nam ta ná wo sɛ se o cheigi banto de, se n laam vo n wɛ-diga kɔgɔ kom yiga ne n tole taane dem n bere-ba. O nam daa ta ná wo sɛ se o cheigi á wɛ-diga kɔgɔ kom taane dem, se á laam ta‑á ke‑o nenɛɛne o ye nɔn-yɔɔ wolo na maŋe o yeiri Wɛ to.
18A tɛ abam chega ŋwaane to, chwoŋa kalo maama abam na chege se nɔɔna yé da da to, Wɛ wó zege abam kwaga ne de konto. Abam nam ná yage chwoŋa kalo maama, Wɛ daa ta wó zege abam kwaga ne de konto. 19Ko woli da, abam nɔɔna balei ná ke ni daane logo baŋa ne se á lwoori woŋo kolo maama amo Kwo Wɛ tei ne, wonto wó ke o pa abam. 20Kokuri ŋwaane, nɔɔna balei naa batɔ ná jeini daane amo yere ŋwaane, amo wó taa wora ba tei ne.”
Ka-yage-ka-chɛ memaŋe
21Piita laam ma vo Yezu tei, ye o bwei‑o o we, “Amo Teiru, amo nu-bu ná yɔɔre o ke lwarem o chɔge amo wo, ko wó taa ye kuni begera mo o daa ta wó ke ye a jege se a yage a ma chɛ‑o? Ko maŋe se ko yi kuni berepɛ mo na?” 22Yezu ma leiri‑o o we, “Aawo, ko dae kuni berepɛ yerane, se ko nam jege se ko taa ye fuserepɛ kuni berepɛ mo. 23Kokuri Wɛ paare dem na ye tei to, de nye de pɛ wodwoŋi na lage se o jeeli o sabu o nii o tontoŋena bam tei ne. 24O na bobo se o jeeli konto to, ba laam ma ja o tontoŋeno wodwoŋi wolo na jege o jene dedɛ se ko maŋe de sabu ywollu morro morro to ba ba o tei. 25Nɔɔno wom konto maa ware o ŋwe o jene dem. Pɛ wom laam ma pa ni se ba ja nɔɔno wom, de o kaane, de o bia maama ba yeigi, ko woli de o wonnu maama, se ba ma sabu kom konto ba ŋwe jene dem. 26Tontoŋeno wom na nigi konto to, o ma vo o kuni dwoona pɛ wom yiga ne, ye o lwoori‑o o we, ‘Amo tu, popo ja n bane de amo, se nmo ná pɛ-ne chwoŋa, amo laam wó ŋwe a jene dem maama a pa‑m.’ 27Pɛ wom ma duri o ŋwaŋa pa se o yage jene dem o ma chɛ‑o, ye o daa wo ke‑o kolokolo.
28Nɔɔno wom konto laam ma nwoŋi o vo o jeeri tontoŋeno wodwoŋi wolo na jege o jene fenfee nenɛɛne sabu ywolo dedoa to. O ma sɔ nɔɔno wom ba, ye o fe‑o se o ŋwe o jene dem. 29Nɔɔno wom ma kuni dwoona o dwoŋi tontoŋeno wom yiga ne ye o lwoori‑o o we, ‘Popo ja n bane de amo, se nmo ná pɛ-ne chwoŋa, amo laam wó ŋwe a jene dem a pa‑m.’ 30O maa wo sɛ, ye o ja nɔɔno wom o vo o ke peena diga ne se ko vo ko yi maŋa kam o na wó ŋwe jene dem to.
31Pɛ wom tontoŋena badwonna na nɛ konto to, ko ma pa ba wo tiini ko chɔge. Ba ma vo ba ta ba bere pɛ wom kolo maama na ke to. 32Pɛ wom laam ma bwoŋi o tontoŋeno wom konto se o ba o tei. O ma ta ded‑o o we, ‘Nmo ye puseŋ-nyeno mo. Amo yage nmo jen-fɔrɔ kom maama mo a ma chɛ‑m, nmo na lwoori-ne to ŋwaane. 33Ko ya maŋe se nmo de duri n dwoŋi wom ŋwaŋa, nenɛɛne amo na duri nmo ŋwaŋa tei to.’ 34Pɛ wom bane ma tiini de zaŋe dedɛ de o tontoŋeno wom. O ma ke‑o o nɔn-kachɛ jeŋa ne se ba taa pa‑o waarem se ko taa vei maŋa kalo o na wó ŋwe o jene dem maama to.
35Tɔ. Abam wolo maama ná wo yage o ma chɛ o nu-bu de o bochare maama, amo Kwo Wɛ de wó waare abam konto dwoŋi mo.”",https://www.bible.com/bible/3661/MAT.18.KBG
MATIYU 19,"Kaane yagem
Maake 10:1-12; Luka 16:18
1Yezu déem na bere-ba wonnu tem konto maama o ti to, o laam ma zaŋe Galili ne o vo o yi Judea laŋa kalo na wo Jɔdan buga kam bubɛ dedwoŋi dem ne to. 2Nɔn-kɔgɔ ma tɔge‑o ko vo, ye o yɔɔre-ba jei sem konto ne.
3 Farisi tiina badaara déem ma zaŋe ba vo Yezu tei. Ba maa lage se ba maŋe o boboŋa ba nii, ye ba bwei‑o ba we, “Nɔɔno jege chwoŋa se o yage o kaane, ko ná maŋe ko ye kolo maama ŋwaane na?” 4Yezu ma leiri-ba o we, “Ko popone Wɛ tɔnɔ kom ne we, boboa ne Wɛ na ke nabiina to, o ke-ba se ba taa ye baara de kaana mo. Abam nam maŋe á wo gage konto na? 5Wɛ na ke-ba se ba taa ye konto dwoŋi to, nɔɔno ná di kaane, o jege se o pwɛ o tete o kwo de o nu tei ne, se o daare o ba o pa se o de o kaane wom tane daane. Konto wó pa ba laam ji nɔɔno dedoa. 6Ba daa maa dae nɔɔna balei, se ba ye ŋo dedoa mo. Wɛ na pɛ se ba kwaare daane to, nɔɔn-nɔɔno daa ba jege se o pɔɔre-ba daane.” 7Farisi tiina bam daa ma bwei‑o ba we, “Bɛ nam mo ye Moses déem pa ni we nɔɔno jege chwoŋa se o popone tɔnɔ o pa o kaane se ko bere we o yage‑o?” 8Yezu ma leiri-ba o we, “Moses na yage chwoŋa se abam ta‑á ke á kaana konto to, ko ye á boboŋa na lira de o berem dem to ŋwaane mo. Ko zege boboa ne ko ya wo maŋe se nɔɔna yage ba kaana. 9Amo nam tɛ abam we, nɔɔno kaane ná wo chɔge de baara lagem, ye o ná yage‑o ye o daare o di kaane wodwoŋi, konto tu keim dem de kabwoŋa ye bedwe mo.”
10Yezu na tage konto to, o kwaga tɔgena bam ma ta ded‑o ba we, “Ko ná seene ko ye konto mo baaro de o kaane laŋa ne, nɔɔno nam ná maŋe o wo di kaane, ko ya gara.” 11O ma leiri-ba o we, “Ko nam dae nɔɔna maama mo wó wane berem dento ba jwoŋi ba ke ba yuu ne, se ko ye Wɛ na zeini balo yerane se ba jwoŋi-de to mo. 12Nɔɔna badaara wora ba na ba boŋe se ba di kaana, kokuri ba maŋe ba lo banto bakane mo. Badaara de maa wora ba na ba boŋe se ba di kaana, ye ko ye nɔɔna mo jaane-ba ba lwe. Ko daare badaara wora ba tete na ve se ba di kaana, ye ko ye ba na seene ba yia Wɛ telaao paare dem ŋwaane to mo. Nɔɔno wolo ná wane berem dento o jwoŋi, se o taa tɔge-de.”
Bu-balwa maŋe de Wɛ paare dem
Maake 10:13-16; Luka 18:15-17
13Nɔɔna badwonna déem ma ja bu-balwa ba vo Yezu tei se o zi o jea ba yum ne ye o ware Wɛ o pa-ba. O kwaga tɔgena bam ma zaŋe ba bwɛ-ba se ba yé taa ke konto. 14Yezu laam ma ta o we, “Yage-na se bia bam taa tui a tei, se á yé zaŋe á che-ba. Kokuri Wɛ telaao paare dem ye banto dwi nyem mo.” 15O na tage konto to, o laam ma zi o jea ba yuu ne, ye o daare o viiri.
Naduna wó wane ba na ŋwea Wɛ tei ne na?
Maake 10:17-31; Luka 18:18-30
16Dɛ dedwe nɔn-doŋo kodwoŋi déem ma zaŋe o vo Yezu tei. O ma bwei‑o o we, “Berem tu, keim-laao kɔ mo a jege se a ke se ko pa a na ŋwea kalo na ba jege kweelim Wɛ tei ne to?” 17Yezu ma leiri‑o o we, “Ko ke tɛ mo ye n bwei amo se n lɔre woŋo kolo na lana se n ke to? Wɛ yerane mo ye lam tu. Nmo ná lage se n na ŋwea o tei ne, ko maŋe se n ta‑n tɔge o nia yam mo.” 18Nɔɔno wom ma bwei‑o o we, “O nia yɔ mo konto?” Yezu ma leiri‑o o we, “Yé go nɔɔn-nɔɔno. Yé zaŋe n ke kabwoŋa. Yé zaŋe n ŋɔ. Yé fɔ vwa n pa n dwoŋi. 19Ta‑n zuli n kwo de n nu. Ta‑n swoi n dwoŋi se ko maŋe de n na swoi n tete tei to.”
20Nɔn-doŋo kom laam ma ta o we, “Amo maŋe a tɔge nia yanto maama. Ko nam ta gɛ bɛ mo se a ke?” 21Yezu ma ta ded‑o o we, “Nmo ná lage se n ta‑n tɔge chwoŋa fase, se n kwei kolo maama n na jege to n yeigi, se n laam kwei sabu kom n ma n woli yiniga tiina. Konto wó pa se n wo-laaro tiini te puli Wɛ telaao ne. Nmo ná ke konto, se n laam ba n ta‑n tɔge amo.”
22Nɔn-doŋo kom na nigi konto to, ko ma pa o yiga nyɔne dedɛ, o jejegero tem na tiini te daga to ŋwaane. O ma viiri Yezu tei ne.
23Yezu laam ma ta de o kwaga tɔgena bam o we, “A tɛ abam chega ŋwaane to, nadum ná lage se o zo Wɛ telaao paare dem wone, ko wó taa tiini ko chana ko pa‑o. 24Á ta‑á yei we, nadum ná lage se o zo Wɛ woro kom wone, ko wó taa chana ko dwoi kone ná lage se de da gare-lwei bɔɔne de nwoŋi.” 25O kwaga tɔgena bam na nigi konto to, ko ma tiini ko so-ba. Ba maa tɛ ba we, “Ko ná ye konto, nɔɔn-nɔɔno bá wane o na ŋwea Wɛ tei ne.” 26Yezu ma nii-ba ye o we, “Nabiina tei ne mo ko bá wane ko ke. Ko daare Wɛ wae ŋo maama o ke.”
27Piita laam ma zaŋe o ta o we, “Nii. Debam yage dé woŋo maama mo ye dé daare dé tɔge nmo. Dé nam wó na bɛ nyɔɔre mo Wɛ tei ne?” 28Yezu ma ta de ba maama o we, “Chega ŋwaane to, abam balo na ye a tɔgena to wó ba á tɔge á di paare maŋa kalo Wɛ na wó fɔge o kwɛ wonnu maama to. Maŋa kam konto ná yia, amo Nabiin-bu wom wó ba a jeini a paare yituŋu kom baŋa ne de dam-fɔrɔ, ye abam de wó jeini paare yitunnu fuga-telei baŋa ne, se á ta‑á tei Isarele dwia fuga-yalei yam. 29Nɔɔno wolo maama ná tɔge amo ŋwaane, ye o yage o sɔŋɔ, de o nu-bia, de o kwo, de o nu, de o bia, ko woli de o kare de, konto tu wó jwoŋi kolo maama o na yage to se ko maŋe de kuni bi mo Wɛ tei ne, ye o daare o na ŋwea kalo na ba jege kweelim to. 30Ko daare balo na maŋe ba ye yiga tiina to dedɛ wó jwoori ba ji kwaga tiina. Ko woli da, balo de na maŋe ba ye kwaga tiina to dedɛ wó ba ba ji yiga tiina.”",https://www.bible.com/bible/3661/MAT.19.KBG
MATIYU 20,"Tontoŋena de ba ŋweero memaŋe
1Yezu daa ma ta o we, “Wɛ telaao paare dem nam nye de nɔɔno wodwoŋi na jege o kara. O ma zaŋe o nwoŋi zezeŋa ne o vo se o lage nɔɔna balo na vare ba jwoŋi sabu to, se ba ba ba toŋe o kara kam ne. 2O ma sɛ se o ŋwe sabu kolo ba na maŋe se ba jwoŋi dɛ wone to. Ko maa ye lu-nyenno sabu-dale dedoa mo. Ba na sɛ konto to, o ma toŋe-ba se ba vo o kara kam ba taa toŋa.
3Wea na bege fee nenɛɛne luu nogo maŋa ne to, o daa ma vo yaga. O ma na nɔɔna badwonna na wora ye ba ba jege totoŋa. 4O ma ta de-ba o we, ‘Abam de ba á tɔge á toŋe amo kara ne, se amo wó ŋwe abam kolo na wó maŋe to.’ 5Ba ma sɛ ba vo. Wea tetare ne o daa ma jwoori o vo o lage nɔɔna badwonna o woli da. Wɛ-guni maŋa ne o ta ma vo o lage nɔɔna badwonna de. 6Dedaan-ni ne o daa ma vo yaga o na nɔɔna badwonna ta na zege da. O ma bwei-ba o we, ‘Bɛ mo ye abam zege ywo-seeni dɛ dem wone maama ye á ba ke kolokolo?’ 7Ba ma leiri‑o ba we, ‘Nɔɔn-nɔɔno wo kwei debam se dé toŋe dé pa‑o.’ O ma ta de banto de se ba vo ba tɔge ba toŋe o kara kam ne.
8Tega na lage ka yi to, o laam ma ta de o totoŋa yiga tu wom se o ta tontoŋena bam se ba zaŋe ba ba ba jwoŋi ba ŋweero. O ma ta‑o se o bobo o ŋwe tontoŋena balo na tu ba kweeli to. 9Nɔɔna balo na tu ba bobo totoŋe dem dedaan-ni ne to ma ba se ba jwoŋi ba ŋweero, ye ba dedoa dedoa ma jwoŋi sabu-dale dedoa dedoa. 10Ko daare balo na bobo ba ba se ba toŋe to de laam ma ba se ba jwoŋi ba ŋweero. Ba maa boŋe we banto lage ba jwoŋi ŋweero dedɛ mo. Ba de ma jwoŋi sabu-dale dedoa dedoa. 11Ba ma jwoŋi ba sabu ye ba daare ba poona de kara kam tu wom 12ba we, ‘Balo na tu kwaga to toŋe fenfee yerane, nenɛɛne awa dedoa mo. Debam ma ba dé toŋe pa ko chɛ dé yera ne wea yiga ne dɛ dem maama wone ye nmo nam pa se banto ŋweo yi debam na jwoŋi tei to.’
13Kara kam tu wom ma leiri ba dedoa o we, ‘Amo badwoŋi, nii ywo. Amo wo pini nmo, kokuri nmo sɛ se n toŋe n jwoŋi sabu-dale dedoa mo dɛ wone. 14Nam ja n sabu kom n viiri, se taane daa tera. Amo lage se a ŋwe nɔɔno wolo na tu kwaga o toŋe to se ko maŋe de nmo na jwoŋi tei to mo. 15Amo nam jege chwoŋa se a kwei a sabu kom a ma ke kolo a na lage to. Nmo wo chɔge de amo na jege wo-ywoŋo to mo na?’
16Tɔ. Ko maa bere we balo na wo kwaga ne to wó ba ba ji yiga tiina, ye balo na wo yiga ne to jwoori ba ji kwaga tiina.”
Yezu daa ŋɔɔne o toone taane
Maake 10:32-34; Luka 18:31-34
17Yezu déem ma tole o maa kɛ Jerusalem. O na wo chwoŋa ne to, o ma pɔɔre o kwaga tɔgena fuga-balei bam kɔgɔ kom wone, o pa ba tɔge ded‑o ba via. 18O ma ta de-ba o we, “Ta‑á yei-na, dé na maa vei Jerusalem to, dáane mo ba laam wó ja amo Nabiin-bu wom ba ke Juu tiina kaanem yiga tiina bam de ba zamesem tiina bam jeŋa ne. Nɔɔna bam konto maa wó di a taane se ko bere we a maŋe se a te mo. 19Ba laam maa wó daare ba ke-ne dwi-gɛ tiina bam jeŋa ne. Banto de maa wó ke amo ba mɔne ye ba daare ba fere-ne. Ba laam maa wó ja-ne ba pa dagara yuu ne ba go. Da yatɔ dɛ ne a maa wó jwoori a bi toone wone.”
Yezu chwoŋa kam tɔge yaara ŋwaane
Maake 10:35-45
20Zebedi bia bam nu déem ma vo Yezu tei de o bia balei bam. O ma kuni dwoona o yiga ne se o lwoori‑o woŋo. 21Yezu ma bwei‑o o we, “Nmo lage bɛ mo se a pa‑m?” O ma leiri‑o o we, “Popo ta n ni n pa amo we, nmo ná tu n di n paare dem, se n pa amo bia balei banto jeini nmo tei ne, n jazem de n jagwia ne.” 22Yezu ma ta de-ba o we, “Abam nam yeiri á na lwoori kolo to. Abam wó wane á tɔge á yaare ne amo na lage a yaare tei to na?” Ba ma leiri‑o ba we, “Ɛɛ, dé wó wane.”
23Yezu laam ma ta de-ba o we, “Abam nam wó seene á tɔge á yaare amo yaara yam dwoŋi. Ko daare ko ná ye jeiŋa jei amo paare dem ne, amo ba jege chwoŋa se a kuri nɔɔna se ba jeini da. Amo Kwo Wɛ mo maŋe o tiŋi jei sem konto se o pa balo na wó jeini da to.”
24O tɔgena fuga bam na lɔre ba dwonna balei bam na lwoori kolo Yezu tei ne to, ba bane ma tiini de zaŋe de-ba. 25Yezu laam ma bwoŋi ba maama, ye o ta de-ba o we, “Abam maŋe á yei logo baŋa pwa na yeini ba jege ba nɔɔna ba bɛɛse tei to, ye ba dedɛɛra mo di dam ba baŋa ne. 26Ko nam ná ye abam, ko ba jege se ko taa ye konto á tei ne. Kokuri abam wolo ná boŋe se o ji nɔn-kamunu á wone, konto tu mo jege se o ji tontoŋeno o pa abam. 27Wolo ná boŋe se o ji abam yiga tu, konto tu mo jege se o ji á kabaa. 28Ko ye konto dwoŋi mo de amo Nabiin-bu wom na wo tu se nɔɔna toŋe ba pa-ne to. Amo nam tu se a toŋe a pa nabiina, se a daare a kwei a ŋwea a ma leini nɔɔna dedɛ ŋwea.”
Yezu yɔɔre lilwoa balei
Maake 10:46-52; Luka 18:35-43
29Yezu de o kwaga tɔgena bam déem ma nwoŋi Jeriko ne ba maa kɛa. Ba na maa kɛ to, nɔn-kɔgɔ dedɛ mo tɔge-ba. 30Lilwoa balei ya wora ba na jei chwoŋa kam ni ne. Ba ma lɔre we Yezu tɔge dáane o maa kɛa. Ba laam ma laare baŋa baŋa de kwor-dɛa ba we, “Debam tu! Pɛ David dwi tu! Duri debam yiniga!” 31Nɔn-kɔgɔ kom ma bwɛ-ba se ba pu ba ni. Ba laam ma fɔge ba ke sɔɔ dedɛ ye ba laare ba we, “Debam Tu! Pɛ David dwi tu! Duri debam yiniga!” 32Yezu na nigi to, o ma zege ye o bwoŋi-ba o bwei o we, “Abam lage se a ke bɛ mo a pa abam?” 33Ba ma leiri ba we, “Debam lage se n pa dé yia mo jwoori ya taa nae.” 34Yezu ma duri ba ŋwaŋa. O ma dwei ba yia yam, ye ya yɔɔre ya nae bedwe baŋa ne. Ba laam ma zaŋe ba tɔge o kwaga.",https://www.bible.com/bible/3661/MAT.20.KBG
MATIYU 21,"Yezu zo Jerusalem teo wo
Maake 11:1-11, 15-19; Luka 19:28-40, 45-48; Jɔn 12:12-19
1Yezu de o kwaga tɔgena bam déem ma vo ba twɛ Jerusalem. Ba ma yi teo kodwoŋi, ko yere mo Bɛtefage. Ko wo Olivi peo kom saŋa ne mo. 2Yezu laam ma le o kwaga tɔgena balei ye o we, “Véi-na á vo á zo teo kolo na wo abam yiga ne to. Á ná yi da, á wó na bonaga na leigi da, ye bona-pɔla de tɔge ka wora. Á ná nɛa, se á bwoli-se á ja ba á pa-ne. 3Nɔɔno ná bwei abam taane, se á ta ded‑o we, ko ye dé Teiru wom mo lage-se. Konto tu laam wó sɛ o yage-se o pa abam.”
4Konto nam tu ko ke se ko pa Wɛ sampwora kadwoŋi na bere tei faŋa faŋa to ji chega, de o na we:
5“Véi-na á ta de Zion tiina bam we,
‘Nii-na á pɛ wom na vei o beene á tei.
Wonto nam gwooni o tete mo ye o di bonaga o beene.
Chega to, ko ye bona-pɔla mo o dɔge ka baŋa ne o via.’ ”
6Yezu kwaga tɔgena balei bam ma seene ba tɔge yiga ba vo ba ke kolo o na tage se ba ke to. 7Ba ma ja bona-kweo kom de bona-pɔla kam ba ba, ye ba lɔɔre ba gwaaro ba daŋe se baŋa ne. Yezu laam ma di bona-pɔla kam, ye ba vei ba maa kɛa. 8Ba na maa kɛ to, kɔ-fɔrɔ ma tɔge-ba, ye ba dedɛ le ba gwaaro ba lware chwoŋa kam ne se Yezu tɔge te baŋa ne o kɛ. Badaara de ma gwoni vɔɔro ba de chwoŋa kam ne se o tɔge te baŋa ne o kɛ. 9Nɔn-kɔgɔ kolo na wo o yiga ne de o kwaga ne ba vei to maa laare ba tɛ ba we:
“Hozaana! Pɛ David dwi tu wom maŋe de tia!
Baŋa Wɛ wó swɛ wolo na tu o yere ŋwaane to swolim.
Hozaana! Baŋa Wɛ maŋe de tia wɛyuu ne!”
10Ba déem ma vo ba yi Jerusalem teo kom ni. Teo kom tiina bam maama ma zaŋe ba ye zulimaa jei sem maama. Ba maa bwei ba we, “Nɔɔno wɔ mo tento?” 11Nɔn-kɔgɔ kolo na tɔge Yezu to maa tɛ ba we, “Wonto ye Wɛ ni-jwoŋinu Yezu mo, o na nwoŋi Galili teo Nazarete to.”
12Yezu déem ma vo o zo Wɛ diga kam. O ma na nɔɔna na wo ka konkɔlɔ kom ne ba ke pipiu. O ma zeili-ba pa se ba nwoŋi, ye o daare ja sabu-leinna tabollo tem o pipiri o pu tega ne pa ba sabia bam jage. O ma daare o yigi yitunnu telo nɔɔna badwonna na jei da ba yeigi kunkwon-puura to o de tega ne. 13O na wora o zeili-ba konto to, o ma ta de-ba o we, “Ko popone Wɛ tɔnɔ kom ne we, ‘Ba wó taa bwoi amo sɔŋɔ kom we, wara-jei mo.’ Abam nam pɛ se ko ji ŋweena tigisim jei.”
14Lilwoa de gwaaro déem ma ba Yezu tei Wɛ diga konkɔlɔ kom ne, ye o yɔɔre-ba. 15Juu tiina kaanem yiga tiina bam de ba zamesem tiina bam ma na wo-kenkagela yalo o na ke to, ye ba daare ba na bia na zege Wɛ diga konkɔlɔ kom ne ye ba laare ba we, “Hozaana! Pɛ David dwi tu wom maŋe de tia!” Ba na nɛ konto to, ba bane ma zaŋe dedɛ. 16Ba ma ta de Yezu ba we, “Nii bia banto na wora ba tɛ nmo taane tei! N bá‑n che-ba se ba yé taa tɛ konto na?” Yezu ma leiri-ba o we, “A nigi ba na tɛ kolo to. Ko nam popone Wɛ tɔnɔ kom ne we, ‘Wɛ mo pɛ se bia de bu-sese taa tei o yere.’ Abam maŋe á wo gage konto na?”
17O laam ma viiri ba tei ne. O ma nwoŋi teo kom ne o vo Bɛtania o peini da.
Yezu ŋɔɔne o chɔge kaporo
Maake 11:12-14, 20-24
18Tega na poore tetete to, o ma zaŋe se o jwoori Jerusalem. O na wo chwoŋa ne to, o kana maa wɔe. 19O ma na kaporo na zege chwoŋa kam ni ne. O ma vo o nii. Vɔɔro yerane déem mo wora, ye o wo nɛ mɔɔro se o di. O ma ta de kaporo kom o we, “Wɛ daa bá pa se n lei bia maŋa de maŋa.” O na tage konto to, kaporo kom ma kwaare bedwe baŋa ne.
20Yezu kwaga tɔgena bam na nɛ konto to, ko ma so-ba. Ba ma bwei ba we, “Ko ke tɛ mo ye kaporo kom kwaare lela konto?” 21Yezu ma leiri-ba o we, “A tɛ abam chega ŋwaane to, á ná yɔɔre á ke á wo-dedoa de Wɛ ye á ba jege bobwea, abam de wó wane á ke kaporo kom keim dento dwoŋi. Ko nam dae konto dwoŋi yerane, se á wó wane á ta de peo-kamunu konto we, ko gɔ ko vo ko to naneo kom wone, ye Wɛ nam wó pa ko ke. 22Ko woli da, abam ná lwoori woŋo kolo maama Wɛ tei ne, ye á jege boŋem-dɛɔ we á wó na, Wɛ wó pa á seene á jwoŋi-ko.”
Yezu dam dem nwoŋi yei ne mo?
Maake 11:27-33; Luka 20:1-8
23Yezu déem ma jwoori o vo o zo Wɛ diga kam. O maa wora o bere nɔɔna bam. Juu tiina nakwa bam de ba kaanem yiga tiina bam ma vo o tei ba bwei‑o ba we, “Wɔ mo pɛ nmo chwoŋa se n ke wonnu telo maama n na ke to?” 24O ma leiri-ba o we, “Yage-na se a bwei abam taane dedwe se, á ná leiri-de á pa-ne, se a laam bere abam amo na ke tei a jege chwoŋa to. 25A lage a bwei abam a nii, Jɔn na pɛ nɔɔna sɛɛm to, ko ye Wɛ mo pɛ‑o chwoŋa naa nabiina mo?” O na bwei-ba konto to, ba maa wora ba bane daane se ba nii ba na wó ta kolo to, ye ba we, “Debam ná leiri dé we, ko ye Wɛ mo, o laam wó bwei debam we, bɛ mo ye dé nam wo sɛ Jɔn taane dem? 26Ko daare, dé ná we ko ye nabiina mo pɛ‑o chwoŋa, nɔn-kɔgɔ kom wó pa se foone mo ja debam, de ba maama na pɛ se Jɔn ye Wɛ sampwora to ŋwaane.” 27Ba na bane daane ba ga konto to, ba ma leiri Yezu ba we, “Dé yeiri kotu.” Yezu laam ma ta de-ba o we, “Ko na ye konto to, amo de nam bá ta wolo na pɛ-ne chwoŋa se a taa toŋe to.”
Nɔɔno de o bia balei memaŋe
28Yezu laam ma ta o we, “A lage a ta taane a bere abam se á boŋe á nii. Nɔɔno mo wora de o bia balei. O ma vo o ta de bu-kwea kam o we, o véi o toŋe o kara ne zem dɛ dem ne. 29Bu wom ma leiri‑o o we, o bá vo. Ko na ke fee to, o ma jwoori o leiri o boboŋa ye o vo o toŋe.
30Nɔɔno wom daa ma vo nyaane wom tei o ta‑o se o de vo o kara o toŋe. Wonto ma leiri o we, ‘A kwo, a wó vo.’ O ma ta konto ye o laam wo vei.
31Tɔ. Bia bam konto balei wone wɔ mo seene o ke ba kwo na lage kolo to?” Ba ma leiri‑o ba we, ko ye bu nakwe wom mo. Ba na leiri konto to, Yezu laam ma ta de-ba o we, “Chega ŋwaane to, nɔn-chechɔgero mo wora te woli Wɛ paare dem wone te daare abam, ba ná maŋe ba ye lampwoo lara de ka-bworru de. 32Kokuri Jɔn na tu abam tei to, o déem bere abam chwoŋa kalo á na wó da se á na chega Wɛ tei ne, ye á wo sɛ o taane dem. Nɔn-chechɔgero tem nam sɛ‑o ye te leiri te wo de te keim-balwaaro tem. Abam ma na banto na ke tei to, ye á daa ta wo sɛ se á leiri á boboŋa se á sɛ o taane dem.”
Nɔɔno de o gaare memaŋe
Maake 12:1-12; Luka 20:9-19
33Yezu daa ma ta de-ba o we, “Cheigi-na se a daa maŋe memaŋe dedwoŋi a bere abam. Sɔŋɔ tu wodwoŋi mo wora. O ma zaŋe o che gaare, ye o daare o jeiri Vini teeni de wone. O ma ko gwoŋo te-dɛa jei ne se o ná gwori teeni bia bam, se o ke dáane o nɔ o ŋoke te nyoa bam. O ma daare o chwi da-pala se nɔɔno taa jei da o yere gaare dem. O na fɔge o che-de konto to, o laam ma kwei nɔɔna o yage da se ba taa toŋa, ye o beeri o vo teo kodwoŋi.
34Tio-bia gworim maŋa na yi to, o ma toŋe o tontoŋena se ba vo nɔɔna balo na nii o gaare dem baŋa ne to tei se ba pɔɔre tio-bia bam wone ba pa‑o. 35O tontoŋena bam na yi da to, nɔɔna bam ma ja-ba. Ba ma mage dedoa lanyerane. Ba ma go wodwoŋi, ye ba daare ba dole dedoa de kandwa.
36Sɔŋɔ tu wom ta ma jwoori o toŋe o tontoŋena badwonna nɔɔna bam tei ne, ye banto kɔgɔ dwoi boboa nɔɔna bam. Nɔɔna bam ta ma ke banto de konto dwoŋi. 37Ko kweelim ne to, o laam ma toŋe o tete bu nɔɔna bam tei ne, ye o boŋe we, ba wó nege wonto. 38O bu wom na maa vei ye nɔɔna bam na‑o to, ba maa bane daane ba we, ‘Mo gaare dem tu bu-kwea kam, ye wonto mo lage o ba o taa tei o kwo wom wonnu. Nam pa-na se dé go‑o, se dé daare wonnu tem dé taa tei.’ 39Ba laam ma ja‑o ba vaŋe ba ja nwoŋi gaare dem ne, ye ba mage‑o ba go.
40Tɔ. Gaare dem tu wom laam ná tua, o nam wó ke nɔɔna bam konto bɛ mo?”
41Yezu na bwei-ba konto to, ba laam ma leiri ba we, “O jege se o go nɔn-wo-korro tem konto mo, se o daare gaare dem o pa nɔɔna badwonna se ba taa nii-de, se tio-bia bam gworim maŋa ná yia, se ba taa pɔɔre o nyem ba pa‑o.”
42Yezu ma ta de-ba o we, “Ko popone Wɛ tɔnɔ kom ne we:
‘Kandwɛ delo lɔra na ve to
laam mo jwoori de ba de ji
kandwɛ delo na pae diga kam dana to.
Konto ye Baŋa Wɛ keim mo.
Ko maa ye wo-kenkagele ko pa debam.’
Abam maŋe á wo gage konto na? 43Ko bere we Wɛ laam wó le abam o paare dem wone, á na ve o Bu wom to ŋwaane, ye o daare o pa se balo na sɛ o ni to na chwoŋa ba zo o woro kom wo. [44Ko ná ye kandwɛ delo Wɛ na kuri to, nɔɔno wolo maama ná mage o tete dedaane de, konto tu wó tiini o chochoge o tete mo. Ko daare wolo maama kandwɛ dem ná to o baŋa ne, de wó meere konto tu mo.]”
45Yezu déem na maŋe memaŋa yam konto maama to, kaanem yiga tiina bam de Farisi tiina bam ma lɔre we ko ye banto taane mo o tɛa. 46Ba ma kwaane ba lage chwoŋa se ba ja‑o, ye ba laam kɔre foone de nɔn-kɔgɔ kom, banto na pɛ se o ye Wɛ sampwora to ŋwaane.",https://www.bible.com/bible/3661/MAT.21.KBG
MATIYU 22,"Pɛ na ke kadiri o pa o bu to memaŋe
Luka 14:15-24
1Yezu déem ma maŋe memaŋe dedwoŋi o bere nɔɔna bam ye o we, 2“Wɛ telaao paare dem nam nye de pɛ wodwoŋi na lage se o ke kadiri o pa o bu. 3Pɛ wom ya tage nɔɔna badwonna mo se ba ba ba tɔge ba di kadiri dem. Dɛ dem na tu de yi to, o ma toŋe o tontoŋena se ba vo ba bwoŋi nɔɔna bam konto se ba ba. Ba maa wo sɛ se ba ba. 4O laam ma jwoori o toŋe o tontoŋena badwonna se ba vo nɔɔna bam tei. O maa we ba ta de nɔɔna bam we, ‘Ba-na, se amo ti woŋo maama yiga, ye a pa ba go na-bale de naane delo na nugi lanyerane to. Nam ba-na se dé di kadiri dem wodiu kom.’
5Nɔɔna balo ba na bwoŋi konto to yiga maa tera. Ba ma zaŋe ba vo ba boboŋa jei. Ba dedoa vei o kara mo. Dedoa ma vo se o ke o pipiu. 6Nɔɔna badaara bam ma ja pɛ wom tontoŋena bam ba bɛɛse ba go.
7Pɛ wom bane ma tiini de zaŋe. O ma toŋe o babɛ pa se ba vo ba go nɔn-gora bam konto ye ba daare ba zwɛ ba teo kom maama. 8O laam ma ta de o tontoŋena bam o we, ‘Kadiri dem woŋo maama ti ko yiga se dé di. Amo nam na tage se nɔɔna balo ba ba tɔge ba di to ya wo maŋe de kuri dem. 9Konto ŋwaane nwoŋi-na á vo teo kom pwooni, se á ná nɛ nɔɔno wolo maama, se á bwoŋi‑o se o ba o tɔge o di.’ 10O tontoŋena bam ma nwoŋi ba beeri teo kom maama ba la nɔɔna balo maama ba na nɛ to, ko ná ye nɔn-laaro naa nɔn-balwaaro de. Pɛ wom sɔŋɔ kom ma tiini ko su de nɔɔna bam.
11Pɛ wom laam ma nwoŋi se o zaane nɔɔna bam. O ma na nɔɔno dedoa na wora o na wo zo gare-ŋoŋo kolo na maŋe de kadiri dim to. 12Pɛ wom ma bwei‑o o we, ‘A badwoŋi, nmo ke tɛ mo n tɔge n wo ywo-seeni, ye nmo wo zo gɔrɔ kolo na lamma to?’ Nɔɔno wom maa ba jege taane se o ta. 13Pɛ wom laam ma ta de o tontoŋena o we, ‘Ja-na nɔɔno wonto á vɔ o jea de o nɛ, se á ja‑o á nwoŋi á de á yage lim jei ne, yaara na wo mɛ to, pa se o keeri ye o done o nwa.’
14Tɔ. Ko bere we, Wɛ bwoŋi nɔɔna dedɛ se ba ba o tei, ye ba fenfee yerane mo o kuri o guuri o nɔɔna bam wone.”
Lampwoo ŋweem taane
Maake 12:13-17; Luka 20:20-26
15 Farisi tiina bam laam ma zaŋe ba vo se ba bane ba nii ba na wó ke tei ba pa Yezu ŋɔɔne o tusi se ba ja‑o to. 16Ba ma le ba tɔgena badwonna se ba tɔge de Pɛ Herodi kwaga nɔɔna badwonna se ba vo Yezu tei. Ba ma vo ba ta ded‑o ba we, “Berem tu, dé yei we nmo ye chega tu, ye n yeini n bere nɔɔna Wɛ chwoŋa chekke. Nmo yiga tera de nɔɔna na boŋe kolo ba pa nmo to, ye n ta ba pɔɔre nɔɔna daane de n na ke-ba tei to. 17Dé nam lage se dé bwei nmo dé nii, debam Juu tiina ná ŋwe lampwoo dé pa logo kom Pa-faro wom, ko chɔge debam chullu na?” 18Yezu ma lɔre ba na jege boboŋ-balɔrɔ konto to, ye o leiri-ba o we, “Abam ye pipiri-nyena mo. Bɛ nam mo ye á lage se á ja-ne? 19Nam bere-ne sabu-dale delo dé na yeini dé ma ŋwe lampwoo to.” Ba ma le sabu-dale dem ba bere‑o. 20O ma nii ye o we, “Wɔ nyenyego de o yere mo ba sare ba yage de baŋa ne?” 21Ba ma leiri‑o ba we, “Ko ye Pa-faro wom mo.”
O laam ma ta de-ba o we, “Ko lamma. Á nam ta‑á ŋwe kolo na ye Pa-faro wom nyem to á pa‑o, se á daare á ta‑á pae Wɛ kolo de na ye o nyem to.” 22O na leiri-ba konto to, ko ma so-ba dedɛ. Ba laam ma yage o tei ye ba viiri.
Wɛ telaao ŋwea na wó taa ye tei to
Maake 12:18-27; Luka 20:27-40
23Dɛ dem konto ne, Saduka tiina badwonna déem ma zaŋe ba vo Yezu tei. Banto mo bere we, nɔɔno ná tega, o daa bá jwoori o bi. 24Ba ma vo ba ta de Yezu ba we, “Berem tu, Moses déem bere we, nɔɔno ná tega ye o de o kaane ba jege bia, o nyaane mo jege se o di kadeim dem se ba lo bia o zembaaro wom ŋwaane. 25Tɔ. Nu-bia barepɛ ya mo zoore debam teo ne. Ba nakwe wom ma di kaane ye o te o daare‑o ye o wo loge bu. Wolo na saŋe to laam ma di kaane wom. 26O de ma te, ye ko ke ba maama konto dwoŋi. 27Ba maama na tege to, kaane wom de laam ma te. 28Dé nam lage dé bwei dé nii, ba maama na di kaane wom to, ba laam ná tu ba bi toone wone, banto wɔ mo wó taa tei kaane wom?”
29Yezu ma leiri-ba o we, “Abam tiini á tusi mo. Abam nam wo lɔre Wɛ tɔn-dwoŋo kom berem dem, ye á ta yeiri Wɛ dam dem na ye tei to. 30Kokuri, nɔɔna ná tu ba bi toone wone, banto lage ba taa nye de Wɛ malese sem na ye tei to mo, ye ba ba di kaana, naa ba zo banna de. 31Ko nam ná ye twa biim dem, abam maŋe á wo gage kolo Wɛ na tage o bere abam ye ko popone o tɔnɔ kom ne to na? 32O nam tage we, ‘Amo ye Abaraham Wɛ, de Izaak Wɛ, de Jakob Wɛ mo.’ Ko bere we banto daa ta jege ŋwea mo o tei ne, kolo ŋwaane Baŋa Wɛ ye ŋwea tiina nyem mo se o dae twa nyem.”
33Nɔn-kɔgɔ kom na nigi Yezu berem dem na ye tei to, ko ma tiini ko ke-ba yaau.
Wɛ nia yam wone dɔ mo dana de dwoi maama?
Maake 12:28-37; Luka 20:41-44
34 Farisi tiina bam déem ma lɔre Yezu na ke tei ye o pa Saduka tiina bam daa ware taane ba ta to. Ba laam ma gwaane daane se ba na chwoŋa ba ja‑o. 35Ba wo dedoa na ye Wɛ nia yam zamesem tu to ma zaŋe o bwei‑o o we, 36“Berem tu, Wɛ nia yam maama wone dɔ mo tiini de dana de dwoi?” 37Yezu ma leiri‑o o we, “Ta‑n swoi n tu Baŋa Wɛ, de n bochare maama, de n wo maama, de n boboŋa maama. 38Dento nam mo ye Wɛ ni delo na ye yiga tu ye de dana to. 39Delo na saŋe to de tɔge konto dwoŋi ye de we: Ta‑n swoi n dwoŋi se ko maŋe de n tete. 40Moses de faŋa faŋa Wɛ sampwori sem bera yam maama yɔɔre ya zege nia yalei yanto yera ne mo.”
41 Farisi tiina badwonna déem ma ba ba gilimi daane. Yezu ma zaŋe o bwei-ba o we, 42“Ko ná ye Wɛ Dam Tu Krista wom, abam boŋe we o jege se o nwoŋi wɔ dwi wone mo?” Ba ma leiri‑o ba we, “O wó taa ye Pɛ David dwi tu mo.” 43Yezu laam ma ta de-ba o we, “Ko nam wó ke tɛ mo ko taa ye konto? Wɛ Sin-laao kom pɛ se David ŋɔɔne Wɛ Dam Tu wom taane ye David bwoŋi‑o we, o Teiru. Faŋa faŋa to David tage o we:
44‘Yuu-tu Baŋa Wɛ tage de amo Teiru wom o we,
Ba n jeini amo jazem seeni
se a laam wane n dona bam
a ke nmo dam kuri ne se n ta‑n tei-ba.’
45David nam na seene o bwoŋi Wɛ Dam Tu wom o we o Teiru to, dé nam wó ke tɛ mo ye dé daa ta bwoi‑o we David dwi tu mo?”
46Yezu nam na tage konto to, nɔɔn-nɔɔno daa ma ware se o leiri kolokolo. Ko ma zege dɛ dem konto ne nɔɔna maama kɔre se ba daa bwei‑o taane.",https://www.bible.com/bible/3661/MAT.22.KBG
MATIYU 23,"Lɛɛro wó yi pipiri-nyena
Maake 12:38-40; Luka 20:45-47; 11:37-54
1Yezu laam ma ŋɔɔne de o kwaga tɔgena bam de nɔn-kɔgɔ kom maama. 2O ma ta de-ba o we, “Ko ná ye Farisi tiina bam de Wɛ nia zamesem tiina bam, banto mo tu ba leiri Moses yuu ne, ye ba jege chwoŋa se ba pa nɔɔna lɔre o berem dem kuri. 3Konto ŋwaane, á jege se á ta‑á tɔge kolo maama ba na bere abam to. Ko nam ná ye ba kikia yam, se á yé zaŋe á ta‑á lwoni-ya, kolo ŋwaane ba tete nam ba tɔge kolo ba na bere nɔɔna to. 4Ba na yeini ba ke tei to, ko nye de ba fe nɔɔna se ba zeŋe zela yalo dum na dwoi ba zeŋem to, ye ba tete yiga tera se ba twori zela yam fenfee de ba zeiŋi. 5Ko ta woli da, ba yeini ba bere ba kikia mo jaja se nɔɔna maama taa nae. Ba yeini ba bere ba tete nɔɔna tei ne we ba jege Wɛ tɔnɔ kom swono, de ba na tiini ba vɔ-ko ba yera ne jaja to. Ba maa tiini ba ke zɔla ba gwaaro nia ne se ko pa nɔɔna taa nege-ba. 6Ba ná yeini ba vo nɔɔno sɔŋɔ se ba di kuri, ko ye jei-laao jei ne mo ba lage se ba taa jei da. Ba ná zo ba jeerim di sem, ba daa ta lage jei-kamunu mo se ba jeini yiga ne. 7Ba ná vei yaga, ba lage se nɔɔna maama taa tui ba tei-ba mo, ye ba ta lage se nɔɔna taa bwoi-ba we ‘Berem tu’.
8Ko nam ná ye abam, á yé ta‑á boŋe se nɔɔna taa bwoi abam we ‘Berem tu’, kolo ŋwaane á maama ye nu-bia mo daane, ye á jege Berem Tu dedoa mo. 9Á na ye nu-bia logo baŋa ne to, se á yé ta‑á jege á wolowolo á bwoi we á kwo. Abam maama ye Kwo dedoa mo. Wonto ye Baŋa Wɛ mo. 10Ko woli da, á yé ta‑á boŋe se nɔɔna taa bwoi abam we ‘Yiga tiina’, kokuri á Yiga tu ye dedoa mo. Wonto maa ye Wɛ Dam Tu Krista wom.
11Abam nɔn-kamunu mo ye wolo na ye tontoŋeno á wone to. 12Wolo maama ná zeiŋi o tete, konto tu wó ba o tu tega mo. Wolo nam ná tu o tete, Wɛ wó zeiŋi konto tu.
13Wɛ nia zamesem tiina bam de Farisi tiina bam, lɛɛro yi abam! Abam ye pipiri-nyena mo. Á yeini á che chwoŋa á pa nɔɔna ware se ba zo Wɛ telaao paare dem wone. Abam tete ba sɛ se á vo á zo da, ye á daare á che balo maama na boŋe se ba zo da to chwoŋa.
[14Wɛ nia zamesem tiina bam de Farisi tiina bam, lɛɛro yi abam! Abam ye pipiri-nyena mo. Á yeini á gane kadeina se á jwoŋi wonnu ba tei ne. Á maa bere á tete de á na tiini á ware Wɛ tei to. Konto ŋwaane Wɛ wó tiini o waare abam se ko dwoni á dwonna.]
15Wɛ nia zamesem tiina bam de Farisi tiina bam, lɛɛro yi abam! Abam ye pipiri-nyena mo. Á yeini á beeri logo jei maama mo se á nii, á wó wane á na dwi-gɛ tu dedoa se o ba o sɛ Wɛ na. Wonto nam ná tu o sɛ, á maa wó bere‑o á tete chullu tem pa se o tiini o ji te-seŋa nyem se ko dwoni abam tete na ye tei to.
16Lɛɛro yi abam! Abam nye de lilwoa na vaŋe ba dwonna lilwoa to mo. Á yeini á bere nɔɔna we, nɔɔno ná dugi duuri Wɛ diga kam ŋwaane, konto ba bere kolokolo. Á ma daare á bere we, nɔɔno nam ná dugi de sabu-seŋa kalo na wo Wɛ diga kam wone to, ko ye fefeo mo konto tu tei ne. 17Abam ye jworru telo yia na ware wonnu ya lɔre to mo. Ko ye diga kam na ye Wɛ tete nyem to ŋwaane mo pa se sabu-seŋa kam de ye o nyem. Ko bere we tento wone kɔ mo damma ko dwoi? 18Abam daa ta bere we, nɔɔno ná dugi de Wɛ kaanem bimbini dem, konto ba bere kolokolo. Á ma daare á bere we, nɔɔno ná dugi de pɛɛra yalo maama na tigi bimbini dem baŋa ne to, ko ye fefeo mo ko pa konto tu. 19Abam yia ware ya na kolo na ye chega to. Ko ye bimbini dem na ye Wɛ nyem to mo pa se pɛɛra yam de ye Wɛ nyem. Tento wone kɔ mo damma ko dwoi? 20Mo kokuri, nɔɔno wolo ná dugi de bimbini dem, ko bere we konto tu dugi de bimbini dem tete ko woli de woŋo kolo maama na tigi de baŋa ne to mo. 21Wolo de na dugi de Wɛ diga kam to seene o du de Wɛ tete de mo, Wɛ na zoore ka wone to ŋwaane. 22Nɔɔno wolo daa ta ná dugi de Wɛ telaao kom, konto tu dugi de Wɛ paare dim jei mo. Wɛ tete na jeini dáane to, ko bere we konto tu dugi de Baŋa Wɛ de mo.
23Wɛ nia zamesem tiina bam de Farisi tiina bam, lɛɛro yi abam! Abam ye pipiri-nyena mo. Ko ná ye dwoa wo-sworru, te ná maŋe te ye fenfee tei de, á yeini á pɔɔre Wɛ-teiri á pa‑o. Ko lamma. Ko daare á yiga tera de Wɛ nia yadaara yalo na tiini ya jege yuu to, nenɛɛne chega tɔgem, de da-ŋwaŋa durim, de wo-pwoŋo kikia. Ko ya maŋe se á ta‑á ke wonnu tem konto mo á woli tedaara tem wone. 24Abam seene á nye de lilwoa balo na vaŋe ba dwonna lilwoa to mo. Abam ná yeini á lage á nyɔ na, á kwaane mo se á leeri-ba, se pwoŋo-memeeno kolo ná wora, se á le-ko á yage. Á yiga nam tera de wo-kamunu kolo á na lage á li to, ko ná maŋe ko ma de kone de.
25Wɛ nia zamesem tiina bam de Farisi tiina bam, lɛɛro yi abam! Abam ye pipiri-nyena mo. Á ná lage á di wodiu, á yeini á tɔge á chullu tem á fɔge á se á na-zwe de á kabeili, ko ná maŋe ko ye se kwɛ mo de. Ko daare wodiu kolo á na di se wone to maa ye kampina de puseŋa. 26Farisi tu, nmo nye de lilwei mo tei. Nmo maŋe se n da yiga n se n zoŋa wo mo, se ka kwaga de daa yé taa jege digiru.
27Wɛ nia zamesem tiina bam de Farisi tiina bam, lɛɛro yi abam! Abam ye pipiri-nyena mo. Á nye de yibeela yalo ba na fɔge ya kwaga se ya taa lamma nɔɔna yia ne to mo. Yibeela yam konto wo ma su de twa kwi, ye ya tiini ya ye digiru yerane. 28Abam de nam ye konto mo. Á pae á jege chega nɔɔna yia ne, ye lwarem yerane mo su á wo, dedaane pipira kikia.
29Wɛ nia zamesem tiina bam de Farisi tiina bam, lɛɛro yi abam! Abam ye pipiri-nyena. Á yeini á fɔge á ke faŋa faŋa Wɛ sampwori sem yibeela, ye á daare á pa se nɔn-ŋona bam de yibeela yam tiini ya kwɛ lanyerane. 30Á ma daare á bere we, á ya ná wora á kwoa nakwa bam maŋa kam ne, á bá sɛ á tɔge de-ba á go Wɛ sampwori sem. 31Abam tete ni mo bere we á ye balo na go Wɛ sampwori sem to bia. Bia nam tɔge ba kwoa kikia mo. 32Tɔ. Nam kwaane á toŋe á kwoa nakwa bam na ke wo-lwanno telo ba daare to se ko vo ko ti. 33Abam nye de basankwe mo de á kwoa maama. Á bere á bá lu te-seŋa waarem dem wone. 34Mo kokuri a lage a toŋe a sampwori abam tei ne, de yi-pore-nyena, de Wɛ tɔnɔ zamesem tiina de. Abam wó ja ba badaara á go, ye ko wó taa ye dagara yuu ne mo á wó go badaara de. Á ma‑á wó ja badaara á jeerim di sem ne á fere, ye á daare á pare-ba á ja kaage teene. 35Á na wó bɛɛse Wɛ nɔɔna konto to, Wɛ waarem dem wó ba á baŋa, nenɛɛne ko ye abam tete mo go nɔn-ŋona balo maama ba na maŋe ba go logo baŋa ne to. Konto zege Abel wolo na ye nɔn-ŋom ye Kain go‑o to, se ko ba ko woli de Barakia bu Zekaria abam kwoa na go‑o Wɛ kaanem bimbini dem de o tete diga kam tetare laŋa ne to. 36A tɛ abam chega ŋwaane to, kikia yam konto waarem dem maama jege se de ba zem nɔɔna bam baŋa ne mo.
Yezu wo chɔge Jerusalem tiina ŋwaane
Luka 13:34-35
37Ei! Jerusalem tiina bam, á yeini á go Wɛ sampwori selo o na toŋe abam tei ne to ye á dole-ba de kandwa. Kuni dedɛ mo a ya lage se a la abam nɔn-bia a ke daane se a taa nii á baŋa ne, nenɛɛne chworo na kukwori ko bia ko ke ko vɔna kuri ne tei to. Abam maa ba sɛa. 38Tɔ. Wɛ laam wó dɔne o je abam teo kom baŋa ne se ko ji di-dwonnu. 39Nam ta‑á yei-na we, á daa bá na-ne se ko taa vei maŋa kalo á na wó ta we, ‘Dé Teiru Wɛ wó swɛ wolo na tu o yere ŋwaane to swolim.’ ”",https://www.bible.com/bible/3661/MAT.23.KBG
MATIYU 24,"Lɛɛro wó ba logo baŋa
Maake 13:1-23; Luka 21:5-24
1Yezu laam ma nwoŋi Wɛ diga kam ne se o viiri. O na maa kɛ konto to, o kwaga tɔgena bam ma ba o tei se ba pa o maane Wɛ diga kam lɔɔm dem na ye tei to. 2O ma ta de-ba o we, “Á nɛ ka na ye tei to na? A tɛ abam chega ŋwaane to, ka maama wó ba ka to ka saare tega ne. Kandwɛ dedwe daa bá daare de dwoŋi baŋa ne.”
3Yezu déem ma vo o jeini Olivi peo kom yuu ne. O na wora konto to, o kwaga tɔgena bam yerane ma vo o tei, ye ba bwei‑o ba we, “Maŋa kɔ mo Wɛ diga kam lage ka ba ka chɔge konto? Bɛ mo lage ko pa debam maana se dé lɔre we maŋa kam yi se n jwoori n ba logo baŋa, se ko maama laam ba ko kweeli?” 4Yezu ma leiri-ba o we, “Fɔge-na á che á tete se á yé pa nɔɔn-nɔɔno chwoŋa se o gane abam. 5Kokuri nɔɔna dedɛ wó ba abam tei ye ba ma amo yere ba ta de abam we, banto mo ye Wɛ Dam Tu Krista wom. Konto dwoŋi mo ba wó gane nɔɔna dedɛ. 6Ko ta woli da, á wó ba á na tigura na wora abam jei sem ne, ye á kwori á ni ka ŋwa teene dedwonna ne. Nam yé pa-na se lwia taa jege abam, kokuri wonnu tem konto jege se te ke mo, ye ko dae we ko yi logo kom tiim mo. 7Dwi tiina wó zaŋe ba ke jara de ba dwonna dwi-gɛ tiina, ye teo de ko dwoŋi teo wó zaŋe te mage jara. Kana de maa wó ba ka taa wora jei dedɛ ne, ye tega de wó ziziŋi jei sedwonna ne. 8Wonnu tem konto maama nam nye de kaane na virigi puga, ye cham daa ta wo kwaga ne to mo.
9Konto maŋa kam ne nɔɔna wó ja abam ba ke dedɛɛra jeŋa ne se ba bɛɛse abam, ye ba daare ba go abam. Abam na ye amo nyem to ŋwaane, logo baŋa nɔɔna maama wó taa chuli abam. 10Nɔɔna dedɛ wó ba ba za ba boboŋa de amo. Nɔɔna badaara maa wó ko da-kura ba bere daane, ye ba badwonna de wó taa chuli daane. 11Nɔɔna dedɛ wó ba ba bere we ba ye Wɛ sampwori ye ba seene ba dae. Ba maa wó gane nɔɔna dedɛ. 12Totoŋ-lwanno maa wó ba te tiini te gaale, ye nɔɔna dedɛ swono de chɔge. 13Wolo maama nam ná jege pu-dɛa se ko vo ko kweeli, Wɛ wó jwoŋi konto tu ŋwea. 14Ko woli da, nɔɔna wó beeri logo baŋa jei maama ba tɔɔle Wɛ kwor-ywoŋa kam we, Wɛ lage o di paare o nɔɔna baŋa ne, se ko taa ye maana nabiina maama tei ne, se logo kom kweelim laam yi.
15Abam nam wó ba á na wo-zɔɔne delo na chɔge Wɛ yere to na wó ba ko zege Wɛ tete diga kam ne. Wɛ sampwora Danyeli maŋe o ta wo-zɔɔne dem konto taane.” A tɛ abam wolo ná gaga, se n kwaane n ni ko kuri lanyerane.
16“Abam ná nɛ wo-lɔŋɔ kom konto, se abam balo na zoore Judea ne to ke lela á nwoŋi á duri á vo peero jei á seigi da. 17Nɔɔno nam ná wo nayuu ne, se o yé tu o zege se o kwaleme o wonnu o diga wone. 18Nɔɔno wolo nam ná wo kara ne, se o daa yé jwoori sɔŋɔ se o kwei o gare-laao o zo. 19Kanto maŋa kam ne ko wó tiini ko taa ye lɛɛro kaana balo na jege pwi to tei ne, de balo na jege bia ye ba ŋɔge yele to tei ne. 20Nam ta‑á lwoori-na Wɛ se cham durim dem konto yé ba doa nenem maŋa ne, naa á siu dɛ dem ne. 21Kokuri yaara yalo na lage ya ba maŋa kam konto ne to wó taa chamma ya dwoi yalo na maŋe ya ke boboa ne se ko ba ko yi zem to. Yanto nam ná kea, ya dwoŋi daa tera ya na wó ba konto dwoŋi. 22Wɛ ya ná wo pɛ se yaara yam da yam tiri, nɔɔn-nɔɔno ya bá wori. O nam wó pa se yaara yam da yam tiri, o tete nɔɔna bam o na kuri to ŋwaane.
23Kanto maŋa kam ne, nɔɔno wolo maama ná tage de abam o we, ‘Nii Wɛ Dam Tu Krista wom, o wo ywo-seeni’, se á yé sɛ konto tu. 24Nɔɔna badaara wó zaŋe ba bere we ba ye Wɛ Dam Tu Krista wom ye ba dae, ye ba badwonna de bere we banto mo ye Wɛ sampwori ye ba dae. Ba maa wó ke wo-kenkagela yalo na wó so nɔɔna to, ye chwoŋa ya ná wora, yanto ya wó wane ya soge Wɛ tete nɔɔna balo o na kuri to de. 25Nii-na, amo nam wuuri a ta a bere abam mo ye ka maŋa kam ta wo yi.
26Ko woli da, nɔɔna ná tage de abam ba we, ‘Nii-na Wɛ Dam Tu wom na tu o wora kagoa yuu ne’, se á yé zaŋe á vo dáane. Ba nam daa ta ná we, ‘Nii‑o da, o zo sɔŋɔ konto o seigi’, se á yé sɛ. 27Kokuri amo Nabiin-bu wom ná seene a lage a ba logo baŋa dɛ delo ne, ko wó taa nye de doa na pepele wɛyuu ne se ko zege bira-kwaga ne ko vo ko yi sam-yiga to. 28Chega ŋwaane to, wo-too na tigi mɛ to, duura de wó gilimi da mo.
Nabiin-bu wom tutuuri dem taane
Maake 13:24-37; Luka 21:25-33; 17:26-30, 34-36; 12:41-48
29Yaara yam konto maŋa kam ná tu ka kɛ,
ko bá dáane ye wea kam laam ji nazwono tim-tim.
Chana kam de daa bá fuŋi
se pwooni taa wora.
Chalechwe sem de wó kwori wɛyuu ne se to tega ne,
ye wɛ-baŋa de wó ziziŋi pa se ko wonnu maama leiri.
30Nɔɔna laam wó na wo-kenkagele wɛyuu ne se ko bere we Nabiin-bu wom maa beena. Logo baŋa dwi tiina maama maa wó taa keera, de ba na nɛ Nabiin-bu wom na maa beene to. O wó taa dɔge kunkwonnu baŋa ne o beena de dam, ye nenɔŋ-fɔrɔ tiini ko wo o tei ne. 31Nabɔnɔ maa wó tiini ko taa wui wɛ-wɛ, ye o laam pa se Wɛ malese sem nwoŋi se ba se zege logo baŋa dɛ sena sem ne, se se la nɔɔna balo Wɛ na kuri ye ba wo jei maama ne to se ke daane.
32Nam maane-na á nii kaporo na ye tei to. Konto ná yeini ko wora ko kwi vɔɔro, á yeini á lɔre we ko twɛ yadɛ maŋa mo. 33Ko maa ye bedwe mo de á ná nɛ wonnu tento maama ná wora te ke, se á lɔre we maŋa kam laam twɛ ka ti mo. 34A tɛ abam chega ŋwaane to, wonnu tem konto maama wó ba te ke ye abam dwi dem ta wo ti. 35Wɛyuu de tega baŋa maama wó ba te jei, ye amo taane dem ta wó taa jege chega se ko taa vei wuu.
36Nɔɔn-nɔɔno nam yeiri dɛ delo Nabiin-bu wom na lage o jwoori o ba to, ye nɔɔn-nɔɔno yeiri dɛ dem wone maŋa kam o na wó ba to, ko ná maŋe ko ye Wɛ malese sem naa o Bu wom tete de. Ko nam ye a Kwo Baŋa Wɛ yerane mo yei. 37Nabiin-bu wom na wó ba to, ko dɛ dem wó pɔpɔ de ba nɔɔna baŋa nenɛɛne ko déem na ke Noah maŋa kam ne tei to mo. 38Kanto maŋa kam ne ye na-fɔrɔ daa ta wo wɛɛle ko lim tega kam to, nɔɔna wora yɔɔ yerane mo. Ba maa yɔɔre ba di ba wodiiru, ye ba daare ba di kaana, ye kaana de zoore banna, se ko vo ko yi dɛ dem Noah na zo nabwor-kamunu kom wone to. 39Ba ta maa wo lɔre woŋo kolo na lage ko ba ko ke to, ye na bam wɛɛlem dem laam pɔpɔ de ba de pɛ ba maama. Nabiin-bu wom de wó pɔpɔ o ba konto dwoŋi mo. 40Kanto maŋa kam ne nɔɔna balei ná wo kara ne ba toŋa, Wɛ wó chaale ba dedoa o daare wodwoŋi wom. 41Kaana balei de ná wora ba choe muni nɔŋɔ ne, Wɛ wó chaale ba dedoa o daare wodwoŋi wom.
42Konto ŋwaane fɔge-na á che á tete, se á yeiri dɛ dem á Teiru wom na wó ba to. 43Á nam maŋe á yei we, sɔŋɔ tu ya ná lɔre maŋa kalo ŋweeno na lage o ba tete ne to, o ya wó taa nii o sɔŋɔ kom se ŋweeno wom yé na chwoŋa o ba o ŋɔ. 44Konto ŋwaane abam jege se á che á tete mo, se Nabiin-bu wom lage o ba maŋa kam á na ba jege o teena to mo.
45Abam jege se á ta‑á tɔge chega de á boboŋ-dɛɛra, nenɛɛne tontoŋeno wolo yuu tu na yage o totoŋa o pa‑o ye o daare o beeri to. O tu wom ma le‑o se o taa nii o dwonna tontoŋena bam baŋa ne se o daare o taa pa-ba ba ni-wodiu. 46Kotu sɔŋɔ tu wom ná jwoori o ba, de o ke kolo maama o na pɛ‑o se o ke to, wopwolo laam wó taa wo tontoŋeno wom konto tei ne. 47A tɛ abam chega ŋwaane to, o tu wom laam wó pa se o taa nii o jejegero maama baŋa ne mo.
48O nam ná ye tontoŋeno-balɔrɔ, wonto ya wó boŋe we omo tu wom wó dáane ye o jwoori. 49O maa wó taa jege o dwonna tontoŋena bam mo o maga, ye o daare o tɔge de sa-nyɔra o di ye o nyɔ sana de-ba. 50Sɔŋɔ tu wom laam wó jwoori o ba dɛ dem tontoŋeno wom na ba jege o teena de maŋa kalo o na wó ba o zo to. 51O tu wom nam ná tu o peere‑o konto, o laam wó zeili‑o o sɔŋɔ kom wone, ye o daare o pa se o tɔge de pipiri-nyena o na yaara dedɛ jei selo ne ba na wó taa keera ye ba done ba nwa to.",https://www.bible.com/bible/3661/MAT.24.KBG
MATIYU 25,"Bukwa fuga memaŋe
1Kanto maŋa kam ne, Wɛ telaao paare dem wó taa nye tento mo:
Bukwa fuga mo wora. Ba ma zaŋe ba vo se ba jeeri nɔɔno wodwoŋi na di kaane o jege o beena. Ba ma kwei ba min-zwonnu ba woli da ba ja vo. 2Bukwa bam banu maa ye jworru, ye banu bam de jege swa. 3Jworru tem maa wo ke nuga ba woli da se ba taa ke ba min-zwonnu tem ne. 4Ko daare swa tiina bam ma ke nuga wonnu wone ba zia. 5Kan-baro wom ma tiini o dáane ye o wo tu, pa se ba maama peini ba dɔ.
6Tega na tu ka kweere to, nɔɔna ma tɔɔle ba we, ‘Kan-baro wom maa beena! Zaŋe-na á nwoŋi á jeeri‑o.’ 7Bukwa bam ma zaŋe ba tɔre ba min-zwonnu tem. 8Jworru tenu tem min-zwonnu tem maa lage te dwei. Ba ma ta de ba dwonna swa tiina bam we, ba ke nuga ba pa-ba, se ba min-zwonnu tem lage te dwei. 9Swa tiina bam ma leiri ba we, ‘Nuga kam ba daga se ka yi debam maama. Konto ŋwaane, abam de véi-na nuga tiina tei á yeigi.’
10Ba laam ma kɛ se ba yeigi. Ba na kɛ ba daare to mo kan-baro wom yia. Badaara bam na maŋe ba ti ba yiga to ma tɔge de kan-baro wom ba vo ba zo kadiri dim sɔŋɔ kom. Ba ma pe manchwoŋo kom ni. 11Ko na ke fee to mo jworru tem laam tua, ye ba bwoŋi kan-baro wom ba we, ‘Debam tu, nam pore se dé zo!’ 12O ma leiri-ba o we, ‘Chega ŋwaane to, a nam yeiri abam kɔtaa.’
13Mo kokuri á jege se á ta‑á cho á tete, kolo ŋwaane á yeiri dɛ delo Nabiin-bu wom na wó jwoori o ba to, ye á ta yeiri dɛ dem wone maŋa kam o na wó yi to.
Tontoŋena batɔ memaŋe
Luka 19:11-27
14Ko woli da, Wɛ telaao paare dem wó taa nye de sɔŋɔ tu wodwoŋi na lage o nwoŋi o beeri. O ma bwoŋi o tontoŋena ye o pɔɔre o wonnu o pa-ba se ba taa nia. 15O ma pɔɔre sabu ywollu morro tenu (5,000) o pa ba dedoa, ye o daare o pa dedoa ywollu morro telei (2,000). O ma pa dedoa kam de ywollu moro dedoa (1,000). O nam pɛ-ba sabu kom se ko maŋe de ba boboŋa dam na mae tei to mo. O laam ma daare o viiri. 16Tontoŋeno wolo na jwoŋi ywollu morro tenu tem to ma kwei o sabu kom o ma ke o pipiu, ye o na ywollu morro tenu nyɔɔre o woli da. 17Ywollu morro telei tu wom de ma na ywollu morro telei nyɔɔre o woli da. 18Ko daare ywollu moro dedoa kam tu wom ma kwei sabu kolo o tu wom na pɛ‑o to o ko gwoŋo o suli da.
19Ko na dáane to, sɔŋɔ tu wom ma jwoori. O laam ma bwoŋi o tontoŋena bam se ba jeeli o sabu kom ba nii. 20Ywollu morro tenu tu wom ma ja ywollu morro tenu nyɔɔre dem o woli da o vo o pa‑o. O ma ta de o tu wom o we, ‘Amo tu, nii. Nmo pɛ-ne ywollu morro tenu mo ye a jege ywollu morro tenu se a woli da a pa‑m.’ 21O tu wom ma leiri‑o o we, ‘Nmo ke chega ye n ta jege jawala de nmo na ke a boboŋa na lage tei to. Nmo seene n tɔge chwoŋa de nmo na wae n nii amo wonnu fenfee baŋa ne tei to. Amo laam wó pa se n ta‑n nii amo wonnu dedɛ baŋa ne. Nam pa se dé di ywoni daane.’
22Ywollu morro telei tu wom de ma vo o tei, ye o ta ded‑o o we, ‘Amo tu, nmo pɛ-ne ywollu morro telei mo, ye a na ywollu morro telei se a woli da a pa‑m.’ 23O tu wom ma leiri‑o o we, ‘Nmo ke chega ye n ta jege jawala de nmo na ke a boboŋa na lage tei to. Nmo seene n tɔge chwoŋa de nmo na wae n nii amo wonnu fenfee baŋa ne tei to. Amo laam wó pa se n ta‑n nii amo wonnu dedɛ baŋa ne. Nam pa se dé di ywoni daane.’
24Ywollu moro dedoa kam tu wom laam ma vo o ta de o tu wom o we, ‘Amo tu, amo yei we nmo ye keim-chɛ-nyeno mo. Nmo yeini n jwoŋi nyɔɔre wonnu telo nmo yera na wo chɛ te baŋa ne to, nenɛɛne nɔɔno na zage mena yalo o tete na wo dugi to. 25Mo kokuri a kɔre foone de nmo, ye a kwei nmo sabu kom a vo a suli tega ne. Nii-ko da n jwoŋi.’ 26O tu wom ma ta ded‑o o we, ‘Nmo ye tontoŋeno-balɔrɔ mo, ye n jege jawɔrɔ dedɛ. Nmo na boŋe we amo ye keim-chɛ-nyeno ye a lage nyɔɔre delo na dae a totoŋa nyem to, 27ko ya maŋe se n kwei a sabu kom mo n pa sabu jenna. Nmo ya ná ke konto, amo ya wó ba a jwoŋi-ko de nyɔɔre. 28Nam jwoŋi-na sabu ywollu moro dedoa kam o tei ne, se á daare á kwei-te á pa wolo na jege ywollu morro fuga kam to. 29Kokuri, nɔɔno ná maŋe o jege woŋo, o ta wó jwoŋi kodwoŋi o woli da se ko tiini ko gaale. Nɔɔno wolo nam na maŋe o ba jege kolokolo to laam wó ba o ga kolo fenfee o ya na jege to mo. 30Ko nam ná ye tontoŋeno-kayaa kanto, se á ja‑o á nwoŋi á de á yage lim jei ne, mɛ yaara na tiini ya wora pa se nɔɔna keeri ye ba done ba nwa to.’
Nabiin-bu wom wó ba o pɔɔre nɔɔna daane
31Nabiin-bu wom nam ná jwoori o ba de o dam-fɔrɔ kom, ye Wɛ malese sem maama tɔge se wora o tei ne, o laam wó ba o jeini o dam-fɔrɔ paare yituŋu kom baŋa ne. 32Logo baŋa dwi tiina maama maa wó la daane o yiga ne. O laam maa wó pɔɔre-ba kuni belei, ne nayero na pɔɔre o pei de o bone daane tei to. 33O wó pɔɔre pei sem mo pa se taa wo o jazem seeni, ye o daare o yage bone dem o jagwia seeni. 34Nabiin-bu wom na ye Pɛ konto to, o maa wó ta de balo na wo o jazem seeni to o we, ‘Abam balo amo Kwo Wɛ na swɛ á swolim to, á ba-na á tɔge á di paare delo o na maŋe o tiŋi o pa abam ko zege logo baŋa boboa ne to. 35Kolo ŋwaane, kana déem jaane amo ye á pa-ne wodiu ye a di. Na-nyɔm ma ja-ne ye á kwei na á teini-ne. Amo ma ba abam sam ye á ke-ne veiru lanyerane. 36A maa ba jege gɔrɔ se a zo ye á pa-ne gɔrɔ. A maa ba jege yazura ye á nii amo baŋa ne. Ba ma ke-ne peena diga ne ye á ba á woli-ne.’ 37Wɛ nɔn-ŋona bam laam wó zaŋe ba bwei‑o ba we, ‘Dé Teiru, debam mo ke konto na? Maŋa kɔ mo debam nɛ kana jege nmo ye dé pa n di wodiu, naa na-nyɔm jege‑m ye dé pa‑m na? 38Maŋa kɔ mo dé ke nmo veiru konto, naa dé pa nmo gɔrɔ ye n zo, 39naa maŋa kɔ mo nmo ba jege yazura, naa n wo peena diga ne ye dé ba dé woli‑m konto?’ 40Pɛ wom laam maa wó leiri o ta-ba we, ‘A tɛ abam chega ŋwaane to, abam na ke konto dwoŋi á ma á woli amo nɔɔna bam to, ko ná maŋe ko ye wolo na tiini o muri ba maama wone to de, ko ye amo mo á ke konto.’
41O maa wó daare o ta de balo na wo o jagwia seeni to we, ‘Véi-na dáa a tei ne, se abam mo ye balo Wɛ sɔɔlem na wo á baŋa ne to. Kɛ-na á vo mini delo wo Wɛ na maŋe o tiŋi se o pa setaana pɛ de o kwaga tɔgena se ba zo ye de bá dwei maŋa de maŋa to. 42Kolo ŋwaane, kana déem jaane amo ye á wo pɛ-ne wodiu se a di. Na-nyɔm de ma ja-ne ye á wo pɛ-ne na se a nyɔ. 43A ma ba á sam ye á wo ke-ne veiru. A maa ba jege gɔrɔ ye á wo pɛ-ne kodwoŋi se a zo. A maa ba jege yazura ye ba ta ke-ne peena diga ne, ye á wo tu se á woli-ne.’ 44Ba maa wó leiri ba bwei‑o we, ‘Dé Teiru, maŋa kɔ mo debam ke nmo konto? Maŋa kɔ mo dé nɛ kana de na-nyɔm na jege nmo, naa n na ye veiru, naa n ba jege yazura, naa ba ke‑m peena diga ne, ye dé wo tu dé zeini‑m?’ 45O maa wó ta-ba o we, ‘A tɛ abam chega ŋwaane to, abam na ve se á woli amo nɔɔna bam, ko ná maŋe ko ye wolo na tiini o muri ba maama wone to de, ko ye amo mo á ve se á woli.’ 46Banto laam maa wó kɛ ba vo cham delo na bá fɔge de ti to wone. Ko daare Wɛ nɔn-ŋona bam maa wó zo o tei ba na ŋwea kalo na ba jege kweelim to.”",https://www.bible.com/bible/3661/MAT.25.KBG
MATIYU 26,"Juu yiga tiina ke ni daane se ba go Yezu
Maake 14:1-2; Luka 22:1-2; Jɔn 11:45-53
1Yezu déem na tage wonnu tem konto maama o ti to, o laam ma ta de o kwaga tɔgena bam o we, 2“Abam yei we ko daare da yalei mo se Atɔgebabaŋa kuri dem ba de yi, ye ba laam wó ja amo Nabiin-bu wom ba ke dedɛɛra jea ne se ba pa-ne dagara yuu ne ba go.”
3Juu tiina nakwa bam de ba kaanem yiga tiina bam ma jeini daane Kayafa sɔŋɔ ne. Wonto maa ye ba kaanem yuu tu wom. 4Ba ma bane daane se ba nii ba na wó ke swa yalo ba ma ja Yezu se ba pa o te to. 5Ba na wora ba bɛa konto to, ba ma ta ba we, “Dé nam ba jege se dé ja‑o kuri dem maŋa ne, se ko wó ja bobɔga ko ba nɔɔna bam tetare ne.”
Kaane wodwoŋi zuli Yezu
Maake 14:3-11; Jɔn 12:1-8
6Yezu déem maa wo Bɛtania ne nɔɔno wodwoŋi o yere na ye Simon to sɔŋɔ ne. Wonto déem ya ye nayɔŋɔ mo. 7Yezu na wora o di wodiu maŋa kalo to mo kaane wodwoŋi tu o tei. O maa jege kaboa na su de terale nuga kalo sabu na daga to. O ma vo o lwo nuga kam Yezu yuu ne se o ma ke‑o zula. 8Yezu kwaga tɔgena bam na nɛ konto to, ba maa ba jege wopwolo ye ba tɛ ba we, “Bɛ mo ye o chɔge nuga kam konto? 9Dé ya wó wane dé yeigi-ka dé na sabu dedɛ se dé ma woli yiniga tiina.”
10Yezu ma lɔre ba na tɛ kolo to. O ma ta de-ba o we, “Bɛ mo ye á jege kaane wom á daana? O na ke-ne zula tei to nam ye keim-laao mo o ke o pa-ne. 11Ko nam ná ye yiniga tiina, banto wó taa wora maŋa maama mo se abam taa pa-ba zeinim. Ko daare amo bá taa wora de abam taa taa. 12Kaane wom na lwogi nuga kam amo yera ne tei to bere we o kwɛ amo yera yam mo se ba laam kwei-ne ba suli. 13A tɛ abam chega ŋwaane to, ba na wó tɔɔle amo kwor-ywoŋa kam logo baŋa jei selo maama ne to, nɔɔna wó ta kaane wom konto taane se ba taa guli o gula.”
14Yezu nɔɔna fuga-balei bam wo dedoa yere na ye Judas Yisakara to laam ma zaŋe o vo Juu tiina kaanem yiga tiina bam tei. 15O ma bwei-ba o we, “Amo ná bere abam chwoŋa ye á ja Yezu, á wó ŋwe-ne bɛ mo?” Ba ma jwoŋi o taane dem ye ba ga lu-nyenno sabu-dala fintɔ ba pa‑o. 16Ko zege maŋa kam konto ne Judas ma kwaane o lage chwoŋa se o ja Yezu o ke ba jeŋa ne.
Yezu di kuri wodiu de o kwaga tɔgena bam
Maake 14:12-26; Luka 22:7-23; Jɔn 13:21-30; 1 Korinti 11:23-25
17Ko ma ba ko yi dɛ delo ba na bobo se ba di Bworobworo-memene kuri dem. Yezu kwaga tɔgena bam ma vo ba bwei‑o ba we, “Nmo lage se dé di Atɔgebabaŋa kuri dem jeiga kɔ ne mo se dé vo dé kwɛ woŋo maama dé pa nmo?” 18O ma leiri-ba o we, “Zaŋe-na á zo teo kom wo se á ta de nɔɔno wodwoŋi we, Berem tu wom we, o maŋa kam yia. O nam lage o tɔge de o kwaga tɔgena bam o ba wonto sɔŋɔ mo se ba di Atɔgebabaŋa kuri dem wodiu.” 19O kwaga tɔgena bam ma vo ba ke o na tage kolo to ye ba kwɛ kuri dem wonnu tem ba ti.
20Tega ma ba ka yi. Yezu de o nɔɔna fuga-balei bam laam ma jeini se ba di wodiu kom. 21Ba na wora ba di to, Yezu laam ma ta o we, “A tɛ abam chega ŋwaane to, abam dedoa mo lage o yeigi amo o pa nɔɔna.” 22Ba na nigi konto to, ba wo ma chɔge dedɛ ye ba bobo se ba taa bwei‑o ba saŋe daane we, “Amo Teiru, ko nam dae amo mo n tɛ konto, se wɔ mo nam?” 23O ma leiri-ba o we, “Nɔɔno wolo na tɔge de amo o lu zoŋa dedoa wone to mo wó yeigi amo o pa nɔɔna. 24Ko nam jege se Nabiin-bu wom vo o te se ko maŋe de Wɛ tɔnɔ kom na wuuri ko bere o taane tei to mo. Ko nam wó taa ye lɛɛro mo ko pa nɔɔno wolo na wó yeigi Nabiin-bu wom o pa to. Ba ya ná maŋe ba wo loge nɔɔno wom konto, ko ya gara.”
25Judas wolo na lage o yeigi‑o o pa to laam ma ta o we, “Berem tu, se ko nam dae amo mo n tɛa.” Yezu ma leiri‑o o we, “Ko wo n tei ne.”
26Ba na wora ba di maŋa kalo to Yezu ma kwei bworobworo ye o ke Wɛ lei ko ŋwaane. O ma daare o fɔ-ko o pa o kwaga tɔgena bam ye o we, “Jwoŋi-na á di, se konto ye a yera yam mo.”
27O daa ma kwei zoŋa de ka wo sa-soŋo, ye o ke Wɛ lei ko ŋwaane. O ma kwei o pa-ba ye o we, “Abam maama jwoŋi-na á nyɔ. 28Banto mo ye amo jana balo na lage ba pwori se ko jwoŋi nɔɔna dedɛ ba wɛleera wone to. Ko maa bere we Wɛ gwoni ni se o yage nɔɔna wɛleera mo o ma chɛ-ba jana bam konto ŋwaane. 29Ta‑á yei-na we, amo daa bá nyɔ sana banto dwoŋi se ko taa vei maŋa kam abam na wó tɔge de amo á jeini amo Kwo Wɛ paare dem wone se dé daa nyɔ sa-doora dáane to.”
30Ba laam ma leeni ba tei Wɛ, ye ba daare ba nwoŋi ba kɛ Olivi peo kom seeni.
Yezu wuuri o bere Piita na wó ve‑o tei to
Maake 14:27-31; Luka 22:31-34; Jɔn 13:36-38
31Yezu laam ma ta de-ba o we, “Tete dento ne abam maama wó jwoori amo kwaga ne, ne Wɛ tɔnɔ kom na maŋe ko bere tei we:
‘Amo wó mage nayero wom,
pa se o pei-kɔgɔ kom maama jage ko jei.’
32Ko daare, Wɛ ná jwoori o bi-ne, amo wó lwoori abam a vo Galili.”
33Yezu na tage konto to, Piita ma ta ded‑o o we, “Nɔɔna maama ná maŋe ba jwoori nmo kwaga ne, amo bá fɔge a ke konto.” 34Yezu ma ta ded‑o o we, “A tɛ nmo chega ŋwaane to, tete dento ye chebɛɔ ta ná wo keeri, nmo wó fo kuni betɔ we n yeiri amo.” 35Piita laam ma ta ded‑o o we, “Amo bere a bá fo we a yeiri nmo, ko ná maŋe ko ye ba ná lage ba go amo de nmo maama de.” Yezu kwaga tɔgena bam maama de ma ta konto dwoŋi.
Yezu tiini o lwoori o Kwo Wɛ
Maake 14:32-42; Luka 22:39-46
36Yezu laam ma zaŋe o tɔge de o kwaga tɔgena bam o vo jeiga kadwoŋi gaare na wora ye ba bwoi-de we Gɛsemane to. O ma ta de-ba o we, “Ta‑á jei-na ywo se a vo dáa a ware Wɛ se a ba.” 37O ma pa Piita de Zebedi bia balei bam tɔge‑o ba vo. O wo ma tiini ko chɔge ye o yera sɔɔre. 38O ma ta de nɔɔna batɔ bam o we, “Amo wo mo tiini ko chɔge se ko yi a toone. Á nam zege-na ywo á ta‑á kwogili-ne.”
39O laam ma fofɔ o vo dáa. O ma vwi o yibia tega ne o wora o lwoori Wɛ ye o we, “Amo Kwo, nmo ná sɛ, se n pa chanɛɛre delo na lage de ba amo baŋa ne to kɛ de daare-ne. Nam ke kolo na tɔge nmo boboŋa to, ye ko dae amo boboŋa na lage kolo to.” 40O na ti to, o ma jwoori o vo o tɔgena batɔ bam tei. O ma na we ba tigi ba dɔa. O ma zaŋe-ba ye o ta de Piita o we, “Bɛ mo ye abam ware se á kwogili-ne se ko maŋe de awa dedoa yerane? 41Fɔge-na á che á tete se á ta‑á lwoori Wɛ, se á yé to cham delo na wó soge á boboŋa to wone. Á boboŋa lage se ya sɛ Wɛ ye á yera laam bwona.”
42Yezu daa ma jwoori o vo dáa, ye o lwoori Wɛ o we, “Amo Kwo, chanɛɛre dem ná bá wane de le amo baŋa ne de yage, ye de ná jege se de zo-ne maama, amo ta sɛ se ko ke nmo boboŋa yam na lage tei to.” 43O daa ma jwoori o vo o yi de ba ta dɔa, dɔɔm na tiini de jege-ba to ŋwaane. 44O ma jwoori o vo dáa se o lwoori Wɛ o ke kuni betɔ, ne o ya na maŋe o ta kolo to. 45O daa ma jwoori o kwaga tɔgena bam tei ye o ta de-ba o we, “Á ta tigi á dɔa mo na? Nii-na! Maŋa kam yia se ba ja amo Nabiin-bu wom ba ke nɔn-chechɔgero jea ne. 46Zaŋe-na se dé vo. Nɔɔno wolo na lage o yeigi-ne o pa to maa beena.”
Ba jaane Yezu
Maake 14:43-50; Luka 22:47-53; Jɔn 18:3-12
47Yezu ta na wora o ŋɔɔne konto to mo Judas wolo na ye o nɔɔna fuga-balei bam wo dedoa to laam tu o yi o tei. Nɔn-kɔgɔ dedɛ ma tɔge ded‑o ko ba, ye ba zei se-zɔɔro de da-lwanno. Ko maa ye Juu tiina nakwa bam de ba kaanem yiga tiina bam mo toŋe-ba. 48Judas ya maŋe o pa kɔgɔ kom maanem se ba ma ja Yezu ye o we, “Amo ná vei a kukwori nɔɔno wolo, se á vo á ja konto tu.”
49O laam ma yɔɔre o yi Yezu tei o jɔɔne‑o ye o we, “Berem tu, denlei naa”, ye o daare o kukwori‑o lanyerane. 50Yezu ma ta ded‑o o we, “Amo badwoŋi, nam ke kolo nmo na lage n ke to.”
Nɔɔna bam laam ma ba ba zi Yezu ba ja lanyerane. 51Nɔɔna balo na maŋe ba wo Yezu tei ne to dedoa ma le o seo o ma zage kaanem yuu tu wom tontoŋeno zwɛ o de tega ne. 52Yezu ma ta ded‑o o we, “Jwoori n ke n seo kom ko pwolo ne. Nɔɔno wolo ná swoi jara, kotu wó te jara wone mo. 53Ta‑n yei we, amo ya ná lage nɔɔna se ba woli-ne, a ya wó ta de a Kwo mo, ye o pɔpɔ o toŋe malese kɔgɔ kuni fuga-belei se se ba se woli-ne. 54Amo nam ya ná ke konto, Wɛ tɔnɔ kom na bere we ko jege se ko ke amo tei to daa wó wane ko ke na?”
55Yezu laam ma bwei kɔgɔ kom o we, “Abam na kwei seene de da-lwanno á ba se á ja amo to, amo ye ŋweeno mo na? Dɛ maama wuu amo yeini a jei Wɛ diga kam ne mo a bere nɔɔna. Abam nam maa wo jaane-ne. 56Tento maama nam ke se ko pa faŋa faŋa Wɛ sampwori sem na popone kolo Wɛ tɔnɔ kom ne to mo ba ko seene ko ke.”
Yezu kwaga tɔgena bam na nigi konto to, ba ma duri ba viiri ba daare‑o.
Ba di Yezu taane
Maake 14:53-65; Luka 22:54-55, 63-71; Jɔn 18:13-14, 19-24
57Nɔɔna balo na tu ba ja Yezu to ma ja‑o ba vo ba kaanem yuu tu Kayafa sɔŋɔ mɛ Wɛ nia zamesem tiina de ba nakwa bam na maŋe ba gilimi to. 58Piita ma dale o tɔge ba kwaga o da o vo o yi kaanem yuu tu wom sɔŋɔ. O ma kɛ o zo konkɔlɔ kom o jeini de sɔŋɔ kom tontoŋena bam se o nii kolo na lage ko ke to. 59Juu tiina kaanem yiga tiina bam de ba nakwa kɔgɔ kom maama maa kwaane se ba na chwoŋa ba tɔge vwa ŋwaane ba ma saŋe Yezu, se ba laam pa o te. 60Nɔɔna dedɛ ma zaŋe ba fɔ vwa ba pa‑o, ye ba daa ta wo wane se ba na chwoŋa. Ko kwaga seeni mo nɔɔna balei ma zaŋe ba ba, ye ba ta ba we, 61“Nɔɔno wonto tage o we, omo wó wane o yigi debam Wɛ diga kam maama o de tega ne, ye o jwoori o ma da yatɔ o fɔge o lɔ-ka.” 62Kaanem yuu tu wom na nigi konto to, o laam ma zaŋe o bwei Yezu o we, “Nɔɔna banto balei na tage kolo ba pa nmo to, nmo ba jege taane se n leiri na?” 63Yezu ma maŋe da chemm. Kaanem yuu tu wom laam ma ta ded‑o o we, “A ke nmo de Ŋwea Tu Baŋa Wɛ daane se n ta chega n bere debam, nmo ye Wɛ Bu Krista wolo dé na teena se o ba to mo na?” 64Yezu ma leiri‑o o we, “Mo kolo nmo na tage to. Nam ta‑á yei-na we, ko zege leile konto abam wó ba á na Nabiin-bu wom, o na jei Dam-fɔrɔ Tu Baŋa Wɛ jazem seeni, ye á ta daare á na‑o, o na nwoŋi Wɛ telaao ne o maa beene kunkwonnu baŋa ne.” 65Kaanem yuu tu wom na nigi konto to, o ma zaŋe o kaare o tete gwaaro se ko bere we o wo chɔge de Yezu ni taane dem. O ma ta o we, “Nii, wonto ŋɔɔne o twe Wɛ yere dem de o na pɛ se o ma de Wɛ to. Dé daa ba lage se nɔɔna zaŋe ba ŋɔɔne o taane, se abam maama maŋe á ni o na ŋɔɔne Wɛ o chɔge to. 66Konto to, abam we bɛ mo?” Ba ma leiri‑o ba we, “O maŋe se o te mo.”
67Ba laam ma twe lileeru ba yage o yia ne, ye ba mage‑o lanyerane. Badaara ma lɔ o popɔŋɔ, 68ye ba we, “Wɛ Dam Tu wom, nam lɔre n bere debam wolo na mage‑m to.”
Piita seene o ve Yezu
Maake 14:66-72; Luka 22:56-62; Jɔn 18:15-18, 25-27
69Konto maŋa kam ne, Piita maa jei konkɔlɔ kom wone. Kaanem yuu tu wom sɔŋɔ ka-nyaane ma vo o tei, ye o ta ded‑o o we, “Nmo de tɔge de Yezu, Galili tu wom mo.” 70O ma fo ba maama yiga ne o we, “Amo yeiri n taane dem kuri.”
71O ma zaŋe o nwoŋi manchwoŋo ni. Busankana kadwoŋi de ma na‑o, ye o ta de nɔɔna balo na wora to o we, “Nɔɔno wonto tɔge de Nazarete tu Yezu mo.” 72Piita ma du duuri ye o ta fo o we, “Amo bere a yeiri nɔɔno wom konto.”
73Ko na ke fee to, nɔɔna badwonna ma vo ba ta de Piita ba we, “Nmo seene n ye ba kɔgɔ kom wo dedoa mo. Nmo ŋɔŋa kam na ye tei to mo bere we n seene n nwoŋi dáane.” 74O laam ma sɔɔle o pa o tete se ko bere o chega ye o we, “Amo bere a yeiri nɔɔno wom konto.” O na tage konto to, chebɛɔ ma pɔpɔ ko keeri. 75Piita laam ma guli Yezu ya na tage kolo ded‑o o we, “Nmo wó fo kuni betɔ we n yeiri amo, ye chebɛɔ laam keeri.” O na guli konto to, o laam ma nwoŋi ye o tiini o keeri lanyerane.",https://www.bible.com/bible/3661/MAT.26.KBG
MATIYU 27,"Judas go o tete
Maake 15:1; Luka 23:1-2; Jɔn 18:28-32
1Tega na tu ka poore tetete to, Juu tiina kaanem yiga tiina bam de ba teo kom nakwa bam maama ma ke ni daane se ba pa Yezu te. 2Ba ma ja‑o ba vɔ, ye ba ja‑o ba vo ba ke gɔmena tu wom jeŋa ne, o yere na ye Pilata to.
3Judas wolo na yeigi Yezu o pa nɔɔna bam to ma lɔre we ba di o taane se ba pa o to mo. O wo laam ma chɔge de o na ke kolo to, ye o jwoori o kwei lu-nyenno sabu-dala fintɔ kom se o pa kaanem yiga tiina bam de ba nakwa bam. 4O ma ta de-ba o we, “Amo ke a tusi, de a na yeigi nɔɔno wolo na wo ke kolokolo to a pa abam, ye á lage á go‑o to.” Ba ma leiri‑o ba we, “Debam yiga tera, se ko nam tɔge nmo mo.”
5O laam ma kwei sabu kom o ja vo o de o yage Wɛ diga kam wone, ye o daare o viiri. O ma vo o kuuri o tete o go.
6Kaanem yiga tiina bam déem ma kwei sabu-dala yam ye ba we, “Sabu konto ye jana nyem mo. Ko nam chula se dé gwaane-ko Wɛ diga sabia bam wone.” 7Ba ma bwɛ daane ye ba ma-ko ba yeigi tega kadwoŋi ka yere na ye ‘Kamɔ-mɔro tega’ to, se ba ma ke veira yibeela jeiga. 8Konto ŋwaane mo nɔɔna jege jeiga kam konto ba bwoi we ‘Jana tega’ se ko ba ko yi zem.
9-10Konto ma pa se Wɛ sampwora Jeremia déem na bere kolo faŋa faŋa to ba ko ji chega de o na we, “Ba kwei lu-nyenno sabu-dala fintɔ kom mo ba ma yeigi kamɔ-mɔro tega kam, ne Baŋa Wɛ na pɛ-ne ni se a ke tei to. Ko maa ye sabu kolo Isarele dwi tiina na sɛ se ba ma leini nɔɔno wom to mo.”
Pilata bwei Yezu taane
Maake 15:2-15; Luka 23:3-5, 13-25; Jɔn 18:33–19:16
11Yezu ma zaŋe o zege gɔmena tu Pilata yiga ne. Gɔmena tu wom ma bwei‑o o we, “Nmo mo ye Juu tiina bam pɛ na?” Yezu ma leiri‑o o we, “Ko wo nmo tei ne.” 12Ko daare Juu tiina kaanem yiga tiina bam de ba nakwa bam na ŋɔɔne o taane ba pa‑o to, o wo leiri kolokolo. 13Pilata ma ta ded‑o o we, “Nmo wo nigi ba na ŋɔɔne kolo maama ba pa nmo to na?” 14Yezu maa wo sɛ se o leiri ba taane dem delodelo. Ko ma pa se gɔmena tu wom tiini o ye yaau ded‑o.
15Bene maama Juu tiina kuri maŋa ná yeini ka yi, gɔmena tu wom yeini o le peeno dedoa mo o pa nɔn-kɔgɔ kom, nenɛɛne banto na lage wolo to. 16Kanto maŋa kam ne peeno wodwoŋi maa wora, ye nɔɔna maama yei o keim-balwaaro ni ne. O yere mo Barabas. 17Nɔɔna bam na tu ba la daane to, Pilata ma bwei-ba o we, “Abam lage se amo yage banto wɔ mo a pa abam? Ko ye Barabas mo naa Yezu wolo ba na bwoi‑o we Krista to mo?” 18O bwei konto kolo ŋwaane o yei we ko ye wo-goo ŋwaane mo ba jaane Yezu ba ke o jeŋa ne.
19Pilata na jei o taane dim jei sem ne to, o kaane ma toŋe ni o pa‑o o we, “Yé zaŋe n ke nɔɔno wom konto kolokolo, o na jege chega to ŋwaane. Tete dento ne amo tiini a na yaara dedɛ dendwɛ wone nɔɔno wom konto ŋwaane.”
20Juu tiina kaanem yiga tiina bam de ba nakwa bam ma soge nɔn-kɔgɔ kom se ba ta de Pilata we, o yage Barabas o pa-ba, se o daare o pa ba go Yezu. 21Pilata daa ma jwoori o bwei-ba o we, “Nɔɔna banto balei wone abam lage se a yage wɔ mo a pa abam?” Ba ma leiri‑o ba we, “Barabas.” 22Pilata laam ma bwei-ba o we, “Ko nam ná ye Yezu wolo ba na bwoi‑o we Krista to, abam we a ke‑o tɛ mo?” Ba maama ma ta ded‑o ba we, “Pa‑o dagara yuu ne n go.” 23O ma jwoori o bwei-ba o we, “Wonto chɔge bɛ mo?” Ba laam ma tiini ba laare baŋa baŋa ba we, “Pa‑o dagara yuu ne n go.”
24Pilata ma lɔre we ko ba jege kuri se o taa ŋɔɔne taa taa, ko na lage ko ja bobɔga ko ba to ŋwaane. O ma jwoŋi na o sane o jea nɔn-kɔgɔ kom maama yiga ne, ye o we, “Amo yiga tɔge ka tera nɔɔno wonto toone dem wone. Ko ye abam yiga mo.” 25Nɔn-kɔgɔ kom maama ma leiri‑o ba we, “Yage se o toone dem taa wo debam de dé bia yuu ne.”
26O laam ma yage Barabas o pa-ba. O ma pa ba fere Yezu, ye o pa-ba chwoŋa se ba ja‑o ba vo ba pa dagara yuu ne ba go.
Ba jaane Yezu ba vo ba pa dagara yuu ne
Maake 15:16-41; Luka 23:26-49; Jɔn 19:2-3, 17-30
27Gɔmena tu wom soja tiina bam laam ma ja Yezu ba vo ba zo o sɔŋɔ kom konkɔlɔ. Soja tiina kɔgɔ kom maama ma gilimi‑o da. 28Ba ma le o gwaaro tem, ye ba daare ba zo‑o gare-soŋo. 29Ba ma kwei sabare ba ma sɔ yipuga ba pu o yuu ne. Ba ma kwei kasogo ba ma ji nacheiga ba ke o jazem ne. Ba laam ma ke‑o kachaare ye ba vei ba kuni dwoona o yiga ne ba tɛ ba we, “Juu tiina pɛ, denlei naa!” 30Ba ma daare ba twe lileeru ba yage o yera ne, ye ba jege kasogo kom ba lɔe o yuu ne.
31Ba na ke‑o ba mɔne ba ti to, ba ma le gare-soŋo kom ye ba jwoori ba zo‑o o tete gɔrɔ kom. Ba laam ma ja‑o ba nwoŋi ba vo se ba pa‑o dagara yuu ne.
32Ba na jege‑o ba maa kɛ to, ba ma jeeri nɔɔno wodwoŋi, o yere na ye Simon ye o nwoŋi Kurene to. Soja tiina bam ma fe‑o se o kwei dagara kam o zeŋe se ba vo. 33Ba maama ma vo ba yi jeiga kadwoŋi ba na bwoi we ‘Goligota’ to. Yere dem konto kuri mo ye ‘Yu-kwoli-champoa Peo’. 34Ba na yi da to, ba ma kwei liri sedwoŋi se ni na chana to ba guuri sana wone ba pa Yezu se o nyɔ. O ma laŋe o nii ye o wo nyɔge.
35Ba laam ma ja‑o ba pa dagara kam yuu ne. Ba na page‑o konto to, ba ma kwei o gwaaro tem se ba pɔɔre-te ba pa daane. Ba ma ta jɔrɔ se ba nii wɔ mo wó twori kolo o na lage to. 36Ba laam ma jeini se ba taa daane‑o.
37Ba déem ma meeli tɔnɔ dagara kam yuu ne se ko bere kolo o na ke o chɔge ye ba go‑o to. Ko déem popone we:
WONTO YE YEZU,
JUU TIINA PƐ MO.
38Ba ma daare ba ja ŋweena balei ba pa dagare sedwonna baŋa ne. Ba ma chwi dedoa Yezu jazem ne. Wowom maa wo o jagwia ne. 39Nɔɔna balo na tɔge da ba kɛ to maa nia ye ba gɔgese ba yuni ye ba twe‑o. Ba maa yaale‑o, 40ye ba we, “Nmo ya boŋe se n yigi Wɛ diga kam mo n de tega ne, se n daare n ma da yatɔ n jwoori n fɔge n lɔ-ka. Tɔ. Nmo ná seene n ye Baŋa Wɛ Bu, se n laam vere n tete. Kwaane n tu da dagara kam yuu ne se dé nii.”
41Juu tiina nakwa bam, de ba kaanem yiga tiina, de ba zamesem tiina bam de maa ke‑o ba mɔna konto, ye ba tɛ daane ba we, 42“O yeini o jwoŋi nɔɔna ŋwea, ye o laam ware o tete ŋwea o jwoŋi. O maa bere we o ye Isarele dwi tiina pɛ. O laam nam tu dagara kam yuu ne leile se dé nii, se dé wó sɛ we o ye chega tu. 43O ta bere we o teege Wɛ baŋa ne. Wɛ nam ná seene o lage o ni taane, se o laam jwoŋi‑o o yage, o na pɛ se o ye Wɛ Bu to ŋwaane.”
44Ŋweena balo na tɔge ba pa dagare sem baŋa ne to de maa jege‑o ba twea konto dwoŋi.
45Ko ma vo ko yi maŋa kam wɛ na tu de wo yupare baŋa ne to. Tega kam maama ma ba ka ji lim se ko vo ko yi wɛ-guni maŋa ne. 46Ko na yi nenɛɛne luu batɔ to mo Yezu laare baŋa baŋa de kwor-dɛa o we, “Eli, Eli, lema sabaktani?” Taane dento kuri mo, “Amo Wɛ, amo Wɛ, bɛ mo ke ye n yage a yera?”
47Nɔɔna balo na zege da ye ba ni taane dem to badwonna ma boŋe we, o bwoi Elija mo se o ba. 48Ba dedoa ma ke lela o duri o vo o kwei sɔsɔɔ. O ma de-ko sa-nyɔna wone, ye o daare o ke-ko kasogo ni ne o vo o tei o pa Yezu se o nyɔ. 49Nɔɔna badaara bam na nɛ konto to, ba maa we, “Yage se dé cheigi dé nii, Elija wó ba o jwoŋi‑o o yage na.”
50Yezu daa ma jwoori o kaase baŋa baŋa de kwor-dɛa. O laam ma pa o siu ti.
51Yezu na tege konto to, gare-jale delo na leigi de che Wɛ di-yun-gala kam to ma kaare belei, ko zege ko baŋa ne ko tu ko kwaare ko kuri ne. Tega kam maa ziziŋa ye pelwaaro bage te yare. 52Yibeela yam ma puri. Ko daare Wɛ tete nɔɔna balo ya na tege to dedɛ ma jwoori ba bi, 53ye ba nwoŋi ba yibeela yam wone. Yezu tete na tu o bi toone wone to kwaga ne, banto laam ma vo ba zo Wɛ teo Jerusalem pa se nɔɔna dedɛ na-ba.
54Soja tiina bam yiga tu de o nɔɔna balo na wora ba yere Yezu to ma na tega kam ziziŋim dem de kolo maama na ke to. Foone ma tiini de zo-ba, ye ba tɛ ba we, “Nɔɔno wonto ya seene o ye Baŋa Wɛ Bu mo.”
55Kaana dedɛ de déem tɔge ba wora, ba na zege yiga yiga ye ba nia. Banto déem ya tɔge de Yezu mo ba nwoŋi Galili ba ba, ye ba yeini ba tɔge ba zeini‑o. 56Mary wolo ba na bwoi we Magadala to maa tɔge o wo kaana bam konto wone, dedaane Mary wodwoŋi wolo na ye Jemsi de Josɛf nu to, ko woli de Zebedi bia bam nu.
Ba ke Yezu yera yam yibeeli wone
Maake 15:42-47; Luka 23:50-56; Jɔn 19:38-42
57Nɔɔno wodwoŋi déem mo wora, o yere mo Josef, o na nwoŋi Arimatea ye o kwori o ye nadum. Wonto de déem ya tu o ji Yezu tɔgeno. Tega déem na lage ka yi to, 58o ma zaŋe o vo Pilata tei se o lwoori‑o chwoŋa se o vo o kwei Yezu yera yam o suli. Pilata ma sɛ, ye o pa ni se ba kwei yera yam ba pa‑o. 59Josɛf laam ma vo o kwei Yezu yera yam o pipiri-ya de gare-jale delo na lamma to. 60O ma daare o kwei-ya o ja vo o tiŋi peo bɔɔne wone. Dento maŋe de ye o tete nyem mo, ye ba déem lugi-de peo yera ne mo. De ye yibeeli-doore mo. O na tiŋi yera yam da to, o laam ma bibili kandwɛ-polɔgɔ kamunu o ma pe bɔɔne dem ni, ye o daare o viiri. 61O na wora o fɔge-de konto to, Mary Magadala de Mary wodwoŋi wom maa jei yibeeli dem ni seeni ba nia.
Ba yɔɔre ba yere yibeeli dem
62Dɛ dem Juu tiina na yeini ba ti ba yiga se ba siu dɛ dem laam yi to ma kɛ. Juu tiina kaanem yiga tiina bam de Farisi tiina bam laam ma zaŋe ba vo Pilata tei. 63Ba ma ta ded‑o ba we, “Debam tu, dé maane we, vwa-nyeno wom ta na wora maŋa kalo to, o déem tage o we, omo wó jwoori o bi da yatɔ dɛ ne. 64Konto ŋwaane, nam pa ni se nɔɔna wuuri ba vo ba kwoni yibeeli dem ni se ba fɔge ba taa nia se ko vo ko yi da yatɔ dɛ dem. Ko ná dae konto, o tɔgena bam wó wane ba vo ba kwei‑o ba ja viiri, ye ba daare ba ta de nɔɔna we, o bi toone wone mo. Konto maa wó pa se ba vwa yam tiini ya ji chega se ko dwoni boboa kam ne.” 65Pilata ma sɛ ye o we, “Nam ja-na nɔɔna á vo se ba kwaane ba taa nia se ko maŋe de abam na yei tei to.”
66Ba ma kɛ ba vo yibeeli dem ne, ye ba kwoni de ni kandwɛ-kamunu kom na pe to. Ba ma daare ba yage nɔɔna bam da se ba taa yere-de.",https://www.bible.com/bible/3661/MAT.27.KBG
MATIYU 28,"Yezu bi toone wone
Maake 16:1-8; Luka 24:1-12; Jɔn 20:1-10
1Ba siu dɛ dem na kɛ to, te-pora ni ne mo Mary Magadala de Mary wodwoŋi wom zaŋe ba vo yibeeli dem ne se ba nii. 2Tega ma pɔpɔ ka ziziŋi dedɛ. Baŋa Wɛ maleka ma nwoŋi telaao ne ka ba ka bibili kandwɛ-kamunu kom ka yage dáa ne, ye ka daare ka jeini ko baŋa ne. 3Ka yibia maa tiini ya pepela, ye ka gwaaro tem de tiini te peere cha. 4Nɔɔna balo na wora ba yere yibeeli dem to ma beiri de foone nenɛɛne ba tege tei.
5Maleka kam laam ma ta de kaana bam ka we, “Yé ta‑á kɔre-na foone. A lɔre we abam lage se á na Yezu wolo ba na jaane ba pa dagara kam yuu ne ba go to mo. 6O nam tere ywo. Ko seene ko ke nenɛɛne o na wuuri o ta kolo we, Wɛ wó bi‑o to mo. Nam ba-na á nii o yera yam ya na tigi mɛ. 7Abam nam ke lela á vo á ta de o kwaga tɔgena bam we, Wɛ seene o bi‑o toone wone, ye o laam wó tɔge yiga o vo Galili se á vo á na‑o dáane. Mo kolo a na lage a ta a bere abam to.”
8Maleka kam na tage konto to, kaana bam ma ke lela ba yage yibeeli dem ye ba kɛ de foone delo na jege-ba ye ba ta jege ywoni dedɛ to. Ba ma duri ba vo se ba ta de Yezu kwaga tɔgena bam kolo na ke to.
9Ba na maa kɛ to, Yezu ma pɔpɔ o jeeri-ba, ye o ke ba lei. Ba ma vo ba yi o tei ba kuni dwoona ba ja o nɛ ye ba zuli‑o. 10Yezu ma ta de-ba o we, “Yé ta‑á kɔre-na foone. Véi-na amo nu-bia bam tei se á ta de-ba we, ba zaŋe ba vo Galili, se dáane mo ba wó na amo.”
11Kaana bam na yage yibeeli dem jei sem konto to, soja tiina balo na wora ba nii-de to badaara ma zaŋe ba jwoori teo kom wo, ye ba ta kolo maama na ke to ba bere Juu tiina kaanem yiga tiina bam. 12Kaanem yiga tiina bam laam ma vo ba ŋɔɔne de teo kom nakwa bam. Ba ma ke ni daane se ba kwei sabu-fɔrɔ ba pa soja tiina bam, 13ye ba we, “Abam jege se á ta we, Yezu kwaga tɔgena bam mo tu tete ne ba ŋɔ‑o ba ja viiri, de abam ta tigi á dɔa. 14Gɔmena tu wom nam ná tu o lɔre ko ni ne ye ko ke taane, debam wó ŋɔɔne dé jwoŋi abam dé yage se lwia yé taa wora á baŋa ne.”
15Soja tiina bam ma jwoŋi sabu kom ye ba seene ba ke kolo ba na tage-ba se ba ke to. Mo konto mo Juu tiina bam jege ba tɛa de zem maama.
Yezu na ŋɔɔne kolo de o kwaga tɔgena o kweeli to
Maake 16:14-18; Luka 24:36-49; Jɔn 20:19-23; Kikia 1:6-8
16Yezu tɔgena fuga-dedoa bam laam ma zaŋe ba vo Galili peo kolo seeni o na maŋe o ta-ba se ba vo to. 17Ba ma seene ba vo ba na‑o, ye ba kuni dwoona ba zuli‑o. Badaara maa jege boboŋa yalei ded‑o. 18Yezu laam ma fɔɔre o yi ba tei, ye o ta de-ba o we, “Wɛ laam pɛ-ne dam se a taa tei telaao de tega baŋa maama. 19Konto ŋwaane nam véi-na logo baŋa dwi maama tei, se á pa ba ji amo tɔgena, se á daare á pa ba jwoŋi sɛɛm amo Kwo Wɛ yere ŋwaane, ko woli de o Bu wom de o Sin-laao kom yere ŋwaane. 20Ta‑á bere-ba se ba sɛ ba tɔge kolo maama amo na pɛ abam ni se á ke to. Nam ta‑á yei-na we, amo wó taa wora abam tei ne maŋa maama, se ko vo ko yi logo baŋa kweelim maŋa kam.”",https://www.bible.com/bible/3661/MAT.28.KBG
MAAKE 1,"Jɔn pɛ nɔɔna sɛɛm ye o bere-ba
Matiyu 3:1-12; Luka 3:1-17; Jɔn 1:19-28
1Kwor-ywoŋa kalo na vei Wɛ Bu Yezu Krista seeni to mo tento. 2Ko na puli tei to tɔge Wɛ sampwora Izaya na maŋe o popone kolo faŋa faŋa ye o tɔɔle Wɛ kwora o we:
“Nii, amo Wɛ lage a toŋe a tontoŋeno mo,
se o da nmo yiga o vo o kwɛ
chwoŋa kalo nmo na wó tɔge da to.”
3“Nɔɔno mo wo kagoa yuu ne
o kaase o kwora ye o we,
‘Zaŋe-na á fɔge á kwɛ dé Teiru wom chwoŋa kam
o na lage o ba o tɔge da to.
Pa-na se chwei selo o na lage o tɔge to fɔge se yɔɔre lanyerane.’ ”
4Ko déem seene ko ke konto dwoŋi mo. Nɔɔno wodwoŋi déem mo wora, o yere mo Jɔn. O maa wo kagoa ne ye o pa nɔɔna sɛɛm Wɛ ŋwaane. O maa yeini o tɔɔle Wɛ kwora o bere nɔɔna we, ba jege se ba leiri ba wo Wɛ ŋwaane se ba daare ba jwoŋi sɛɛm, se Wɛ laam wó yage ba wɛleera o ma chɛ-ba. 5Nɔɔna dedɛ maa yeini ba nwoŋi Judea nawuura yam maama de Jerusalem ba vei o tei. Ba na tui o tei to, ba maa tɛ jaja ba na ke ba tusi tei to. O laam maa pae se ba zoore Jɔdan buga kam wone ye ba jwoŋi sɛɛm Wɛ ŋwaane.
6Jɔn déem maa zoore gɔrɔ kolo ba na sɔge de kone koro to mo. O maa mae tankila o ja o teiŋa. O wodiu mo ye kayere de tooro. 7O maa tɔɔle o bere nɔɔna o we, “Nɔɔno wodwoŋi wó saŋe amo kwaga o ba, ye wonto tiini o dwoi amo. Amo wo maŋe se a tiiri a le o nɛ natera a pa‑o. 8Amo ná yeini a pa abam sɛɛm, ko ye na mo a mae a ke. Wonto nam ná lage o pa abam jwoŋi sɛɛm, ko wó taa ye Wɛ Sin-laao kom mo o wó pa á jwoŋi.”
Yezu Krista jwoŋi sɛɛm
Matiyu 3:13–4:11; Luka 3:21-22; 4:1-13
9Maŋa kam konto ne, Yezu déem ma zaŋe Galili teo kodwoŋi ne, ko yere mo Nazarete. O ma vo o yi Jɔn tei. Jɔn ma pa o zo Jɔdan buga kam wo ye o daare o pa‑o sɛɛm. 10Yezu na maa nwoŋi na bam wone to, o ma na wɛyuu na pɔɔre belei, ye o na Wɛ Sin-laao kom na nwoŋi da ko maa beene o baŋa, ko na nye de kunkwoŋa tei. 11O ma ni Wɛ kwora na ŋɔɔne telaao ne ka we:
“Nmo mo ye amo bu-doa a na jege n swono to.
N kikia su amo yi.”
12Konto na ke bedwe baŋa ne to, Wɛ Sin-laao kom ma ja‑o ko zo kagoa yuu ne. 13O maa wo kagoa kam wone taa, da finna. O na wora to, setaana pɛ maa kwaane o maŋe‑o o nii. O maa zoore de kago-vara, ye Wɛ malese de tui o tei se zeini‑o.
Yezu bwoŋi nɔɔna bana se ba taa tɔge‑o
Matiyu 4:12-22; Luka 4:14-15; 5:1-11
14Ba déem ma ja Jɔn ba ke peena diga ne. Konto kwaga ne, Yezu ma jwoori o vo Galili. O maa wora o tɔɔle Wɛ kwor-ywoŋa kam o bere nɔɔna, 15ye o we, “Maŋa kam laam yia Wɛ paare dem na lage de ba o nɔɔna baŋa ne to. Konto ŋwaane, leiri-na á wo de á wɛleera yam se á daare á sɛ Wɛ kwor-ywoŋa kam.”
16Yezu déem maa wo Galili naneo kom ni ne o via. O ma na nɔɔna balei, ba na ye chorro to. Ba dedoa yere mo Simon. O nyaane yere mo Anduru. Ba ye ywon-jara mo. Ba maa wo na bam wone ba dole chworu se ba ja ywona. 17Yezu ma ta de-ba o we, “Zaŋe-na á ba á ta‑á tɔge amo. Amo wó pa se á ta‑á lage nɔɔna mo se ba ba ba da amo kwaga, se ko taa nye de á zem na jaane ywona tei to.” 18O na tage konto to, ba ma zaŋe lela ba yage ba chworu tem ye ba vo ba tɔge o kwaga.
19O ma vo yiga fee. O daa ma na nɔɔna balei. Ba dedoa yere mo Jemsi. O nyaane de maa wora, o yere mo Jɔn. Ba kwo yere mo Zebedi. Ba maa wo nabworo wone ba kwɛ ba chworu se ba ma ja ywona. 20O laam ma yɔɔre o bwoŋi-ba. O na bwoŋi-ba konto to, ba ma zaŋe ba yage ba kwo wom de o tontoŋena bam nabworo kom wone ye ba vo ba tɔge‑o.
Yezu zeili chichira nɔɔno tei ne
Matiyu 8:14-17; Luka 4:31-44
21Ba ma tɔge daane ba vo ba zo teo kodwoŋi wo, ko yere mo Kaparenia. Juu tiina siu dɛ dedoa na yi to, Yezu ma vo o zo ba jeerim diga kam se o bere-ba. 22O na bere-ba tei to, nɔɔna balo na wora to maa tiini ba ye yaau de o berem dem. Ko pɛ se ba lɔre we, o jege dam ko dwoi ba tete zamesem tiina bam.
23Nɔɔno déem maa wo ba jeerim diga kam ne ye chichira daane‑o. O ma zaŋe lela ye o kaase o we, 24“Yezu, Nazarete tu, bɛ mo n lage debam tei ne? Nmo tu se n chɔge debam dwi mo na? A yei nmo na ye wolo. Nmo ye Wo-pwoŋo Tu wolo Wɛ na toŋe to mo.” 25Yezu ma bwɛ chichira kam o we, “Cheigi sɔɔ, se n yage o yera se n viiri.” 26O na tage konto to, chichira kam ma tiini ka ja nɔɔno wom ka su ye ka kaase de kwor-dɛa. Ka laam ma yage nɔɔno wom yera ka daare‑o.
27Nɔɔna bam na nɛ konto to, ko ma so ba maama lanyerane ye ba bwei daane ba we, “Bɛ mo konto? O bere che-doŋa mo ye o berem dem jege dam chekke. Nii o na tɛ chichiri we se viiri, ye se sɛ o ni.”
28Nɔɔna balo maama na zoore Galili jei sem ne to déem ma ni Yezu ŋwa lela.
29Yezu de o nɔɔna bam ma nwoŋi jeerim diga kam ne ba kɛ. Ba tɔge de Jemsi de Jɔn ba vo ba yi Simon de Anduru ba sɔŋɔ. 30Simon tenkaane maa tigi tega ne ye paa jege‑o. Ba ma ta ba bere Yezu ko na ke‑o tei to. 31O ma vo kaane wom tei o ja o jeŋa pa se o zaŋe o jeini. Paa kam ma yage‑o. O ma zaŋe o ke wodiu o pa-ba.
32Wɛ na zo ye tega daare se ka yi to, nɔɔna maa jaane balo maama na ye jaweena to de setaana na daane balo maama to ba tui Yezu tei. 33Teo kom nɔɔna bam maama ma vo ba tigisi Simon ba sɔŋɔ manchwoŋo ni ne. 34Yezu ma yɔɔre nɔɔna dedɛ de ba jaweero dwi dwi, ye o daare o zeili setaana dedɛ nɔɔna tei ne. O maa wo sɛ se setaana yam ŋɔɔne kolokolo, ya na maŋe ya yei o na ye wolo to ŋwaane.
35Tega na poore tetete ye wɛ daa ta wo puli to, Yezu ma zaŋe o nwoŋi o vo jei selo nɔɔn-nɔɔno na tera to. O ma vo o ware Wɛ o yera ne. 36Simon de o yuudwonna bam laam ma zaŋe ba nwoŋi se ba lage o jei. 37Ba na nɛ‑o to, ba ma ta ded‑o ba we, “Nɔɔna bam maama beeri nmo jei.” 38Yezu ma leiri-ba o we, “Zaŋe-na se dé kɛ dé vo jei sedwonna. Amo jege se a vo te-balwa balo na wo ywoba seeni to se a tɔɔle Wɛ kwora kam. Ko ye konto ŋwaane mo a nwoŋi se a taa toŋa.”
39O laam ma beeri o tɔge Galili wo maama. O maa yeini o zoore Juu tiina jeerim di sem. O maa bere nɔɔna Wɛ chega kam ye o zeili setaana nɔɔna tei ne.
Yezu yɔɔre nayɔŋɔ
Matiyu 8:1-4; Luka 5:12-16
40Nɔɔno wodwoŋi déem mo wora, o na ye nayɔŋɔ. O ma zaŋe o vo Yezu tei o kuni dwoona o yiga ne o lwoori‑o o we, “Nmo ná laga, n wó wane n pa se a na yazura.” 41O ŋwaŋa ma zo Yezu. Yezu de ma twe o jeŋa o dwei‑o, ye o we, “A lage konto. Zaŋe de yazura.” 42O na tage konto bedwe baŋa ne to mo jaweo kom yage nɔɔno wom ye o yera yam kwɛ fase.
43Yezu ma ta‑o se o viiri lela ye o daare o kaane‑o o we, 44“Yé zaŋe n ta kolo na ke to n bere nɔɔn-nɔɔno. Nam yɔɔre n vo Wɛ kaanem tu wom tei se n pa o nii n yera yam, se n daare n kwei wonnu telo Moses nia yam na bere we te maŋe to n ma n kaane Wɛ. Konto wó bere nɔɔna we n jaweo kom seene ko jei.” 45Yezu na tage konto to, nɔɔno wom ma nwoŋi o kare o ŋɔɔne kolo na ke to, pa se nɔɔna maama lɔre ko ni ne. Konto ŋwaane Yezu daa ware o zo teo de teo wo ye o wo seigi o tete. O ma lɛɛre o maŋe gaao wone nɔɔna na tera mɛ to. Nɔɔna maa yeini ba nwoŋa jei maama ba vei o tei.",https://www.bible.com/bible/3661/MRK.1.KBG
MAAKE 2,"Yezu jege dam se o saare nɔɔna wɛleera
Matiyu 9:1-8; Luka 5:17-26
1Da fenfee na kɛ to, Yezu ma jwoori o vo o zo Kaparenia. Teo kom nɔɔna bam ma lɔre we o tu sɔŋɔ. 2Ba dedɛ ma ba ba tigisi sɔŋɔ kom ne pa se pwola daa tera ko ni ne de fenfee de. O maa wora o tɛ Wɛ kwora kam o bere-ba. 3O na wora o bere-ba konto to mo nɔɔna bana ya zeŋe gɔrɔ ba jege ba beene o tei. 4Ba na yi jei sem to, ba ma ware ba ja‑o ba yi Yezu tei, kɔgɔ kom na daga to ŋwaane. Ba ma ja‑o ba di sɔŋɔ kom nayuu ye ba daare ba zage-ko ba puri bɔɔne ba maŋe de Yezu na wo mɛ to. Ba ma pa se gungwolo kolo gɔrɔ kom na tigi ka baŋa ne to tɔge da ka tu diga kam wo. 5Yezu ma lɔre we ba ke ba wo-dedoa ded‑o. O ma ta de gɔrɔ kom o we, “A bu, nmo wɛleera yam saare.”
6Wɛ nia zamesem tiina badaara ya wora. Ba maa jei ba bwɛ ba wone ba we, 7“Bɛ mo ye o na chwoŋa se o ŋɔɔne konto dwoŋi? O pae se o de Wɛ ye bedwe mo. Nɔɔn-nɔɔno ba jege chwoŋa se o yage nɔɔno wɛleera o ma chɛ‑o, ko ná dae Wɛ yerane.”
8Yezu ma lɔre ba na jege boboŋa yalo ba wone to. O ma ta de-ba o we, “Bɛŋwaane mo á boŋe konto dwoŋi? 9Kɔ mo ye mɔle, amo ná tage de gɔrɔ kom we o wɛleera yam saare, naa a ná tage ded‑o we o zaŋe wɛɛne o kwei o gungwolo kom o taa via? 10Amo nam wó pa se abam lɔre we amo wolo na ye Nabiin-bu wom to jege dam logo baŋa ne se a yage nɔɔno wɛleera a ma chɛ‑o.” O laam ma ta de gɔrɔ kom o we, 11“A tɛ nmo, zaŋe wɛɛne n kwei n gungwolo kom n ja n vo sɔŋɔ.” 12Yezu na tage konto to, nɔɔno wom ma seene o zaŋe ba maama yiga ne o kwei o gungwolo kom o nwoŋi o viiri. Ba na nɛ konto to, ko ma ke ba maama yaau. Ba ma tei Wɛ ye ba we, “Dé daa ta wo fɔge dé na keim dento dwoŋi.”
Yezu bwoŋi Levi se o taa tɔge‑o
Matiyu 9:9-13; Luka 5:27-32
13Yezu daa ma nwoŋi o vo o wo naneo ni ne. Kɔgɔ dedɛ ma ba o tei ko gilimi‑o. O maa wora o bere-ba Wɛ chega kam. 14O daa ma zaŋe o maa kɛa. O na maa vei to, o ma na nɔɔno wodwoŋi, o yere mo Levi. O kwo yere mo Alafayu. O déem jei mɛ seeni o na yeini o jwoŋi lampwoo nɔɔna tei ne to mo. Yezu ma ta ded‑o o we, “Zaŋe n ta‑n tɔge-ne.” O ma seene o zaŋe o tɔge o kwaga.
15Yezu déem ma vo Levi sɔŋɔ se o di wodiu. O de o kwaga tɔgena bam na wora to, lampwoo lara de nɔn-chechɔgero dedɛ maa tɔge ba wora ba di wodiu de-ba, kolo ŋwaane balo na tɔge‑o to daga. 16Wɛ nia zamesem tiina badaara na nwoŋi Farisi tiina kɔgɔ kom wone to maa tɔge ba wora. Ba na nɛ Yezu na jei o di wodiu de nɔn-chechɔgero de lampwoo lara konto to, ba ma bwei o kwaga tɔgena bam ba we, “Bɛ mo ke ye o di wodiu dedaane lampwoo lara de nɔn-chechɔgero tem konto?”
17Yezu ma ni ba na tage kolo to. O laam ma ta de-ba o we, “Ko ná ye balo na jege ya-dɛɛra to, banto ba jege se ba vo dɔkta tu tei se o yɔɔre-ba. Ko daare balo na ba jege yazura to mo jege se ba vo se ba na yɔɔrem. Amo na tu logo baŋa to, ko dae balo na maŋe ba ye nɔn-ŋona to ŋwaane, se a nam tu se a pa nɔn-chechɔgero mo tɔge chwoŋa.”
Yezu berem dem ye berem-doore
Matiyu 9:14-17; Luka 5:33-39
18Jɔn kwaga tɔgena bam de Farisi tiina bam déem yeini ba vɔ ni. Nɔɔna badwonna ma vo Yezu tei ba bwei‑o ba we, “Bɛŋwaane mo Jɔn kwaga tɔgena bam de Farisi tiina tɔgena bam yeini ba vɔ ni ye nmo kwaga tɔgena bam ba vɔa?” 19Yezu ma leiri-ba o we, “Nɔɔno ná wora o ke kadiri, ye o dwonna ná wora se ba tɔge ba di, banto wó wane ba vɔ ni na? Kan-baro wom ta ná wo ba tei ne, ba bá sɛ ba vɔ ni. 20Ko nam wó ba ko yi maŋa kam ba na wó ja kan-baro wom ba viiri to. Dɛ dem konto ne ye o daa tera ba tei ne to mo ba laam wó vɔ ni wo-chechɔgɔ ŋwaane.
21Nɔɔn-nɔɔno bá sɛ o kwei gare-yi-doore o ma feiri gare-dwoŋo kolo na kaare to. O nam ná ke konto, gare-doŋo kom laam wó vuuri gare-dwoŋo kom pa se ko tiini ko chɔge dedɛ. 22Nɔɔn-nɔɔno ta bá sɛ o kwei sa-doora o lwo o ke lɔ-dwoŋa wone. O ná ke konto, ye sana bam ná keeri, ba wó pa se lɔa kam bage mo. Lɔa kam wó chɔge ye sana bam de lwo ba yage. Konto ŋwaane nɔɔno maŋe se o kwei sa-doora o ke lɔ-doŋa wone mo.”
Yezu Krista dwoi siu dɛ chullu tem
Matiyu 12:1-8; Luka 6:1-5
23Juu tiina siu dɛ dedwoŋi na yi to, Yezu déem ma tɔge kara wo o maa kɛa. O kwaga tɔgena bam de maa tɔge ba via. Ba ma bobo se ba taa bwori mena ba yu ba dona. 24Farisi tiina balo na tɔge ba wora to ma ta de Yezu ba we, “Nii ba na ke tei to! Bɛ mo ye ba ke totoŋe delo na chɔge dé siu dɛ chullu tem to?” 25Yezu ma leiri-ba o we, “Abam ta wo fɔge á ga Wɛ tɔnɔ kom na bere Pɛ David taane tei to na? Ko bere we kana déem jege wonto de o nɔɔna bam ye ba lage wodiu se ba di. 26O ma vo o zo diga kalo na ye Wɛ nyem to, ye o kwei bworobworo kolo na tigi da Wɛ ŋwaane to o di. Bworobworo kom konto chula se nɔn-gaa di-ko, ko ná dae Wɛ kaanem tiina bam yerane. David déem di bworobworo kom ye o daare o pa o nɔɔna bam de tɔge ba di. Keim dem konto ke maŋa kalo Abiatara déem na ye Wɛ kaanem yuu tu to mo.”
27O daa ma ta de-ba o we, “Wɛ na ke nabiina o yage logo baŋa ne to, o tiŋi siu dɛ bakwɛ maama wone se ko taa jege wolim mo ko pa-ba mo. Ko nam dae we Wɛ ke nabiina siu dɛ chullu tɔgem ŋwaane mo. 28Konto ŋwaane Nabiin-bu wom ta jege dam siu dɛ chullu tem baŋa ne.”",https://www.bible.com/bible/3661/MRK.2.KBG
MAAKE 3,"Yezu yɔɔre nɔɔno siu dɛ ne
Matiyu 12:9-14; Luka 6:6-11
1Yezu daa ma jwoori o vo o zo ba jeerim diga kam. Nɔɔno maa wora o jeŋa dedoa na tega. 2Nɔɔna balo na wora to badwonna maa lage chwoŋa se ba bere we Yezu ke o tusi. Konto ŋwaane ba jei ba yere Yezu se ba nii, o wó sɛ o yɔɔre nɔɔno wom siu dɛ ne naa o bá sɛ. 3Yezu ma ta de nɔɔno wom o we, “Zaŋe n zege nɔɔna maama tetare ne.”
4O laam ma bwei ba maama o we, “Dé chullu tem bere bɛ mo? Kɔ mo tɔge chwoŋa, nɔɔno ná ke o dwoŋi lanyerane siu dɛ dem ne, naa o ná ke‑o lwarem? Kɔ mo lamma, nɔɔno ná vere o dwoŋi ŋwea siu dɛ dem ne, naa o ná go‑o?” O na bwei-ba konto to, ba ma chem. 5O ma nii ba maama ye o bane zaŋe. O wo ma chɔge dedɛ de ba na jege yi-dɛɛre tei to. O laam ma ta de nɔɔno wom o we, “Twe n jeŋa kam.” O ma seene o twe-ka, ye ka jwoori ka ke lanyerane. 6Farisi tiina bam na nɛ o na ke tei to, ba ma nwoŋi ba vo ba ŋɔɔne de Pɛ Herodi kwaga nɔɔna se ba beeri chwoŋa ba go Yezu.
7Yezu de o kwaga tɔgena bam ma zaŋe ba kɛ. Ba ma vo ba yi naneo kom ni. Kɔgɔ dedɛ ma nwoŋi Galili de Judea jei sem maama ne ba tɔge o kwaga. 8Nɔɔna badwonna de ma nwoŋi Jerusalem, de Judea maama, de Yidumia jei sem ne. Badaara de ma nwoŋi jei selo na wo Jɔdan buga kam bubɛ dedwoŋi dem ne to, de Tura de Sidon nawuura yam maama wone. Nɔn-fɔrɔ dedɛ ma vo Yezu tei, ba na lɔre o na ke kikia yalo maama to ŋwaane. 9Ba kɔgɔ kom na daga ye ba kwaane ba peene‑o dedɛ to, o ma ta de o kwaga tɔgena bam se ba ja nabworo ba ba ba zege da se o wane o zo ko wo. 10O na maŋe o yɔɔre nɔɔna dedɛ to ma pa se jaweena maama ma yigi ba peene‑o, ye ba kwaane se ba dwei o yera yam. 11Maŋa maama chichiri sem ná yeini se na‑o, se wó to o yiga ne ye se kaase se we, “Nmo mo ye Wɛ Bu wom.” 12Chichiri sem ná yeini se tɛ konto dwoŋi, o yeini o kaane-se mo se se yé pa nɔɔn-nɔɔno lɔre o na ye wolo to.
Yezu le o totoŋa nakwa
Matiyu 10:1-4; Luka 6:12-16
13Yezu laam ma zaŋe o vo o di peo kodwoŋi yuu. O ma bwoŋi balo o na lage o kuri to pa se ba ba o tei. Ba na tu to, 14o ma le nɔɔna fuga-balei ye o tiŋi-ba se ba taa ye o totoŋa nakwa bam. O na kuri-ba to, ko ye se ba taa sale‑o mo, se o wane o toŋe-ba nɔɔna tei ne se ba tɔɔle Wɛ kwora kam. 15O ta ma pa-ba dam se ba wane setaana ba zeili.
16Nɔɔna fuga-balei bam o na le to yera mo tento:
Simon wolo Yezu na pɛ o yere we Piita to.
17Jemsi wolo na ye Zebedi bu to, de o nyaane Jɔn. Yezu ma pa banto yere we Boanerega, ko kuri mo ‘Doa bagem nyena’.
18Anduru, de Filipi, de Batoloma, de Matiyu, de Tomas, dedaane Jemsi wolo na ye Alafayu bu to, de Tadayus, de Simon wolo na nwoŋi Zɛlota tigisim wone to, 19dedaane Judas Yisakara wolo na tu o yeigi Yezu o pa nɔɔna to.
Wɔ dam mo Yezu mae o zeili setaana?
Matiyu 12:22-32; Luka 11:14-23; 12:10
20Yezu ma jwoori o vo sɔŋɔ. Nɔn-kɔgɔ dedɛ daa ta ma ba ba gilimi sɔŋɔ kom ni dem. Ko ma pa se Yezu de o kwaga tɔgena bam daa ware ba na laŋa se ba di wodiu de. 21O sɔŋɔ tiina ma lɔre ko na ke‑o tei to. Ba ma zaŋe ba nwoŋi se ba vo ba ja‑o ba ke diga ne, kolo ŋwaane nɔɔna tɛ ba we o chwo mo.
22Wɛ nia zamesem tiina ya nwoŋi Jerusalem mo ba ba se ba nii. Ba maa tɛ ba we, “Setaana pɛ Bɛlzabula mo tei‑o. Ko ye wonto dam ŋwaane mo o wae setaana o zeila.”
23Yezu laam ma bwoŋi-ba se ba ba o tei ye o daare o maŋe memaŋa o bere-ba o we, “Nɔɔno wó wane o ma setaana pɛ dam o ma zeili setaana na? 24Teo kolo paare ná pɔɔre kuni belei pa ba jege daane, ko jege se ko to mo. 25Sɔŋɔ kolo maama ná pɔɔre ko tete wone, ko de jege se ko to mo. 26Setaana pɛ ná jwoori o jege de o tete, ko bere we o kɔgɔ kom pɔɔre belei mo ye o dam ti. O jege se o to mo. 27Ko nam na ye tei to, setaana pɛ nye de nɔn-babea na nii o sɔŋɔ tei to mo. Venvereno ná lage se o zo nɔn-babea sɔŋɔ o ŋɔ, o jege se o bobo o ja nɔn-babea kam mo o vɔ. O ná ke konto yiga, o laam wó wane o kwaleme o jejegero tem o ja viiri.
28A tɛ abam chega ŋwaane to, keim-balwaaro telo maama nɔɔna na ke to, naa ta-balwaaro telo ba na ŋɔɔne to, Wɛ wae o yage-te o ma chɛ-ba. 29Ko daare wolo maama nam ná ŋɔɔne o yaale Wɛ Sin-laao kom, Wɛ bá sɛ o ma chɛ konto tu. O keim-balɔrɔ kom konto wó taa wo o yuu ne mo taa wuu, ye o bere o bá na bora kɔtaa.” 30Ba daa ta maa tɛ ba we chichira mo daane‑o. Ko ye konto ŋwaane mo o tage de-ba konto dwoŋi.
Yezu nu de o nyaana na ye balo to chekke
Matiyu 12:46-50; Luka 8:19-21
31Yezu nu de o nyaana ma ba o na wo mɛ to. Ba ma vo ba zege sɔŋɔ kom pwooni ne, ye ba pa ni se ba bwoŋi‑o. 32Kɔgɔ dedɛ maa jei ba gilimi Yezu. Ba ma ta ded‑o ba we, “N nu de n nyaana tua, ye ba lage nmo.” 33O ma leiri-ba o we, “Banto yerane mo ye a nu de a nyaana na?” 34O laam ma nii balo na jei ba gilimi‑o to seeni ye o we, “Amo nu de a nyaana chekke mo tento. 35Wolo maama na ke Wɛ boboŋa na lage tei to mo ye a nyaane, de a nakɔ, de a nu.”",https://www.bible.com/bible/3661/MRK.3.KBG
MAAKE 4,"Yezu maŋe memaŋa o bere nɔɔna
Matiyu 13:1-23; Luka 8:4-15
1Yezu déem maa wo naneo kom ni ne ye o bere nɔɔna. Nɔɔna dedɛ ma ba ba gilimi‑o. Ba kɔgɔ kom na daga to, o ma zaŋe o zo nabworo na zege na bam wone to, ye o jeini da se o bere-ba. Nɔɔna bam maama ma maŋe na bam ni ne se ba taa cheigi o taane dem. 2O maa mae memaŋa o bere-ba wonnu dedɛ. O déem ma maŋe o bere-ba o we:
3“Cheigi-na. Valo déem mo wora. O ma zaŋe o vo o kara se o du. 4O ma kare o dole o men-dwa yam. Yadwonna ma to chwoŋa ni ne. Zuna ma ba ba twɛ-ya ba di. 5Yadwonna ma to kandwa yuu ne teero na ba daga mɛ to. Teero na ba lira jei sem ne to, ya maa wo dáane ya puli. 6Wea ma ba ka baane ya maama. Ya bonno na wo zo tega to, ya laam ma te lela. 7Ko daare men-dwa yadwonna ma to sabare wone. Ya na puli to, sabare sem laam ma zaŋe se jujugi-ya, pa se ya daa wo ke bia. 8Ko daare yadwonna ma to te-ŋoŋa baŋa ne, ye yanto maama puli ya nwoŋi ya ke bia lanyerane. Yadaara ke nenɛɛne bia fintɔ fintɔ. Yadaara ke nenɛɛne bia fuseredo fuseredo. Yadaara de maa ke nenɛɛne bia bi bi.”
9Yezu ta ma ta o we, “Á nam fɔge á cheigi a taane dem lanyerane.”
10Kɔgɔ kom na viiri ba daare Yezu o yerane to, nɔɔna balo ya na wo o tei ne to badaara ma tɔge de o nɔɔna fuga-balei bam ba vo ba bwei‑o memaŋa yam kuri. 11O ma leiri-ba o we, “Ko ná ye abam, Wɛ maŋe o pa se á lɔre o paare dem kuri na ye tei to, ye chega kam konto ya maŋe ka seigi mo. Ko daare balo na dae amo kɔgɔ kom wo nɔɔna to, amo mae memaŋa yerane mo a bere-ba Wɛ chega kam. 12Amo yeini a bere-ba konto dwoŋi pa se
‘Ba yia yam wó kwaane ya nii,
ye ba na nɛ kolo to bá zo ba yuu.
Ba ta wó fɔge ba ta cheigi Wɛ taane dem,
ye ba bá ni de kuri.
Ko ná dae konto, ba ya wó wane ba pipiri ba sɛ Wɛ,
pa se o yage ba wɛleera o ma chɛ-ba.’ ”
13Yezu laam ma bwei-ba o we, “Á wo nigi memaŋe dento kuri na? Konto to, á wó wane á ni memaŋa yadwonna kuri na? 14Memaŋe dem kuri mo tento:
Men-dwa yalo valo wom na jege o du to mo bere Wɛ taane dem na ye tei to. 15Nɔɔna badwonna nye de men-dwa yalo na to chwoŋa kam ni ne to mo. Banto na nigi Wɛ taane dem to, setaana pɛ laam ma ba o chaale-de o le ba wone. 16Nɔɔna badwonna de maa nye de mena yalo na to kandwa yuu ne to. Banto ma ni Wɛ taane dem ye ba jwoŋi-de lela de wopwolo. 17Taane dem maa wo tiini de zo ba boboŋa, pa se ba yage-de lela. Yaara ná tu ba baŋa ye nɔɔna bɛɛse-ba Wɛ chega kam ŋwaane, ba laam wó kwei-ka ba yage lela. 18Nɔɔna badaara maa nye de mena yalo na to sabare sem wone to. Banto ye balo na nigi Wɛ taane dem 19ye ba ta jege lwia de logo baŋa wonnu to mo. Sabu-laga ma chɔge ba boboŋa ye wo-yɔɔro fera jege-ba pa se ba kwei Wɛ taane dem ba yage, ye de ta wo jaane kuri de pa-ba. 20Ko daare nɔɔna badaara nye de mena yalo na to te-ŋoŋa jei sem ne to mo. Banto mo ye balo na nigi Wɛ taane dem ye ba sɛ-de lanyerane to. Konto ma pa se Wɛ taane dem ja kuri de pa-ba, nenɛɛne mena na ke bia lanyerane se ko maŋe de bia fintɔ fintɔ, ye yadaara de ke bia fuseredo fuseredo, ye yadaara de ke bia bi bi to.”
Memaŋa yadwonna
Matiyu 13:31-32; Luka 8:16-18; 13:18-19
21Yezu daa ma maŋe o bere-ba o we, “Nɔɔno ná jege kanea, o bá sɛ o kwei-ka o pu zoŋa kuri ne, naa o zege-ka gadwogo kuri ne. O wó kwei-ka o pale wɛɛne mo. 22Wɛ chega kalo maama zem na seigi nɔɔna tei ne to jege se ka ba ka lɔre ja mo. Kolo maama zem na kwoli nɔɔna yibia ne to jege se ko puri mo jase se nɔɔna maama lɔre-ko. 23Á nam fɔge á cheigi a taane dem lanyerane.”
24O daa ma ta o we, “Kwaane-na á pa se á na nigi kolo to zo á boboŋa. Abam na ke á dwonna tei to, Wɛ wó ke abam de konto mo se ko taa mae daane, ye o ta ke o woli da. 25Nɔɔno wolo ná maŋe o jege woŋo, kotu ta wó jwoŋi kodwoŋi o woli da, ye nɔɔno wolo nam na maŋe o ba jege kolokolo to wó ba o ga kolo fenfee o ya na jege to de.”
26O daa ta ma ta o bere-ba we, “Wɛ paare dem na wó ba de taa wo nɔɔna baŋa ne tei to mo tento: Valo wodwoŋi mo kwei men-dwa o dole tega ne. 27Dɛ maama tete ne o maa tigi o dɔa ye te-pora ne o yeini o zaŋe. Maŋa maama wea de tete mena yam maa pula ye ya bera, ye valo wom ta yeiri ya na ke tei ya puli. 28Tega kam tete mo pae mena yam jiri konto. Ya yeini ya puli ya nwoŋi mo yiga. Ya laam ma ke men-kweero, ye ya daare ya ke bia. 29Mena yam ná bege ya ti, valo wom laam wó kwei o seo o vo o zage-ya, faao maŋa kam na yi to ŋwaane.”
30O daa ta ma ta o we, “Amo wó ke tɛ mo a bere abam Wɛ paare dem na ye tei to? Amo wó ma memaŋe mo a bere abam se á lɔre lanyerane. 31Wɛ paare dem nye de nɔɔno na kwei tio-bu-memeeno o du tega ne, ye tio-bu wom konto tiini o muri wo-bia maama wone. 32Nɔɔno wom nam na dugi‑o to, o laam ma nwoŋi o ji kamunu se ko dwoni dwo-vɔɔro telo maama na wo o kara kam ne to. Tio kom ma ta nɛ kamuna kamuna pa se zuna tui ba sɔ ba pworu ko woro ne.”
33Yezu maa mae memaŋa yanto dwoŋi dedɛ mo o tɛ Wɛ chega kam o bere nɔɔna bam. O maa yeini o bere-ba nenɛɛne ba na wó wane ba ni ko kuri tei to. 34O mɛ memaŋa yerane mo o bere nɔɔna bam. Ko nam ná daare wonto de o kwaga tɔgena bam yerane, o maa tɛ wonnu maama kuri jaja o bere-ba.
Yezu wane vo-fɔrɔ
Matiyu 8:23-27; Luka 8:22-25
35Dɛ dem konto wɛ-zoore maŋa ne to, Yezu ma ta de o kwaga tɔgena bam o we, “Pa-na dé kwei nabworo dé vo dé bɛ bubɛ dedwoŋi dem.” 36O na jei nabworo kom wone konto to, ba ma kwei‑o ba ja viiri ye ba daare kɔgɔ kom. Nabwooru tedwonna de maa tɔge-ba te via. 37Vo-fɔrɔ laam ma zaŋe ko mage bworo kom lanyerane. Na bam ma pɔgele dedɛ pa se bworo kom wora ko liri na ye ko lage ko tu na bam kuri. 38Yezu maa wo nabworo kom kwaga kam seeni o tigi pulu baŋa ne o dɔa. O kwaga tɔgena bam ma vo ba zaŋe‑o. Ba ma ta ded‑o ba we, “Berem tu, dé lage dé te mo ye n yiga tera.”
39O laam ma zaŋe wɛɛne ye o daare o bage vo-fɔrɔ kom we, ko kwori! O ma ta de na bam we, ba yage! O na tage konto to, vio kom ma seene ko yage ye na bam de maŋe da chemm. 40O ma ta de o kwaga tɔgena bam o we, “Bɛ mo ye á fomma konto? Abam ta wo ke á wo-dedoa de amo na?”
41Foone ma tiini de ja-ba. Ba ma bwei daane ba we, “Wonto nam ye wɔ mo? O dam dem pae se vio kom de na bam sɛ o ni.”",https://www.bible.com/bible/3661/MRK.4.KBG
MAAKE 5,"Yezu zeili setaana nɔɔno tei ne
Matiyu 8:28-34; Luka 8:26-39
1Ba ma vo ba bɛ naneo kom bubɛ dedwoŋi dem Gerasa tiina na zoore mɛ to. 2Yezu ma nwoŋi nabworo kom wone. Nɔɔno wodwoŋi maa wora chichira na jege‑o ka yaara. 3-4O déem tigi yibeela jei ne mo. Kuni dedɛ ba yeini ba kwei chaponno ba ma vɔ o jea de o nɛ, ye o damma o dwoi-te. O maa yeini o vaŋe chaponno telo na wo o jea ne to o kɔ. O ma daare o mage luuru telo ba na ke o nɛ sem ne to o chɔge. O na tiini o damma to, nɔɔna daa ware ba ja‑o ba vɔ, naa ba pa o wo zuri. 5Maŋa maama wea de tete o beeri yibeela jei sem ne de peero yuu ne ye o kaasa. O maa yeini o kwei kandwa o ma kaare o tete.
6O na zege yiga yiga o tole o na Yezu to, o ma duri o vo o jeeri‑o. O na yi o tei to, o ma kuni dwoona o yiga ne, 7ye o kaase de kwor-dɛa o we, “Yezu, Yuu-tu Baŋa Wɛ wom Bu, n tu amo tei se n ke bɛ mo? Nam du de Wɛ we n bá‑n waare-ne.” 8O tage konto kolo ŋwaane Yezu maŋe o wora o tɛ de chichira kam se ka yage o yera.
9Yezu laam ma bwei‑o o we, “N yere mo bɛ?” O ma leiri o we, “A yere mo Akɔgɔ, kokuri mo debam daga dedɛ.” 10Nɔɔno wom ma kwaane o lwoori Yezu kuni dedɛ we, o yé pa se chichiri sem nwoŋi jei sento ne se viiri.
11Teira dedɛ déem maa bwola. Ya kɔgɔ kom ye nenɛɛne morro telei (2,000) mo ye ya wora ya beeri ya wodiu peo kom teiŋa ne ya di. 12Konto ŋwaane setaana yam ma lwoori Yezu ya we, “Popo, pa dé vo teira yam wo dé taa tɔge-ya.” 13O ma pa setaana yam chwoŋa pa ya yage nɔɔno wom ye ya vo ya tɔge teira yam. Teira yam kɔgɔ kom maama laam ma duri ya siseiri ya tu buga kam wo ya nyɔ na ya te.
14Nɔɔna balo ya na nii teira yam baŋa ne to ma duri ba vo ba ta kolo na ke to ba bere teo kom nɔɔna bam de balo na wo ba kare ne ba toŋe to. Nɔɔna bam ma nwoŋi ba vo se ba nii ko na ke tei. 15Ba ma vo ba yi Yezu tei. Ba ma na nɔɔno wolo setaana kɔgɔ kom ya na daane‑o to. O maa jei da dedaane o boboŋa jwoori ya jeini ye o zo gwaaro. Ba na nɛ‑o konto to, foone ma zo-ba. 16Balo yi na nɛ ko maama to ma ta ba bere nɔɔna bam ko na ke nɔɔno wom tei to, de kolo na ke teira yam to de. 17Teo kom nɔɔna bam laam ma kwaane ba lwoori Yezu se o nwoŋi ba teo kom ne o viiri.
18Yezu ma vo se o jwoori o zo nabworo kom wo. Nɔɔno wolo setaana yam ya na jege‑o ya daane to ma lwoori‑o o we, “Popo, pa se a da a vo.” 19O maa wo sɛ ye o ta ded‑o o we, “Véi sɔŋɔ se n ta de n sɔŋɔ tiina Baŋa Wɛ na ke‑m lanyerane ye o duri nmo ŋwaŋa tei to.” 20Nɔɔno wom laam ma kɛ jei selo ba na bwoŋi we ‘Teene Fuga’ to ye o wora o tɛ nɔɔna bam Yezu na ke kolo o pa‑o to. Balo maama na nigi o taane dem to maa ye yaau.
Yezu yɔɔre nɔɔna badwonna
Matiyu 9:18-26; Luka 8:40-56
21Yezu déem ma jwoori o tɔge naneo kom wo o vo o bɛ bubɛ dedwoŋi dem. O na zege naneo kom ni ne to, nɔn-kɔgɔ ma ba o tei ba gilimi‑o. 22Nɔɔno wodwoŋi maa tɔge o wora, o yere mo Jarusi. Wonto ye Juu tiina jeerim diga kam yiga tu mo. O na tu o na Yezu to, o ma tiiri tega ne o yiga ne. 23O ma tiini o lwoori‑o o we, “Amo bukɔ-balaŋa mo lage o te. Popo, a lwoori‑m se n ba n zi n jea o baŋa ne, se konto wó pa o jaweo kom jei ye o jwoori o na ŋwea.” 24Yezu ma sɛ ye o tɔge ded‑o o vo. Kɔ-fɔrɔ de maa tɔge ba via ye ba jege‑o ba peene dedɛ.
25Kaane wodwoŋi maa tɔge o wora, o na tiini o wɔe wo taa, bena fuga-yalei. 26O déem yeini o vei dɔkta tiina dedɛ tei ye ba yaare‑o lanyerane. O ya chɔge o sabu maama ba baŋa ne ye ko ta ba gare ko pa‑o, ko fɔge ko jiri lɛɛro mo o yera ne. 27O laam na nigi Yezu ŋwa to, o ma tɔge kɔgɔ kom wo o kɛ o kwaga o vo o dwei o gɔrɔ kom. 28O maa boŋe we, “Amo ná maŋe a dwei o gɔrɔ yerane, amo wó na yazura.”
29O na dwei Yezu konto to, jana bam ma kɔ. O ma lɔre we o jaweo kom seene ko jei o yera ne. 30Bedwe baŋa ne mo Yezu maane we dam nwoŋi o yera ne. O ma zege kɔgɔ kom wone o pipiri o nii ye o bwei we, “Wɔ mo dwei a gɔrɔ?” 31O kwaga tɔgena bam ma ta ded‑o ba we, “N wo nɛ nɔɔna bam maama na yigi ba peene nmo tei to na? Bɛ mo ye n bwei we, wɔ mo dwei‑m?” 32O daa ta ma fɔge o nii kɔgɔ kom wone se o lɔre wolo na dwei‑o to. 33Kaane wom na lɔre kolo na ke‑o ye o na yazura to, foone maa jege‑o ye o yera sae. O ma vo Yezu tei o kuni dwoona o yiga ne ye o ta o chega maama o bere‑o. 34Yezu ma ta ded‑o o we, “A bukɔ, nmo na ke n wo-dedoa de amo tei to mo pɛ se n na yazura. Wɛ wó woli‑m se n sii de n jaweo kom.”
35Yezu ta na wora o ŋɔɔne konto to, nɔɔna badwonna ma ba ba yi o tei. Ba ya nwoŋi Jarusi sɔŋɔ mo ye ba ta ded‑o ba we, “N bukɔ wom tega. Daa‑n yé ta‑n jege berem tu wom n daana.” 36Yezu ma chem, ye o ta de Jarusi o we, “Yé ta‑n fona. Nam yɔɔre n ke n wo-dedoa de Wɛ.”
37Yezu maa wo sɛ se nɔɔna tɔge ded‑o ba vo Jarusi sɔŋɔ kom, ko ná dae Piita, de Jemsi, de o nyaane Jɔn yerane. 38Ba ma vo ba yi sɔŋɔ kom. Yezu ma maane we sɔɔ yerane mo wora bɔge-bɔge, ye nɔɔna keera ye ba chwoosa. 39O ma zo sɔŋɔ kom o ta de nɔɔna bam o we, “Bɛŋwaane mo á wora á ke sɔɔ ye á keera? Bu wom wo tege, o dɔ mo.” 40O na tage konto to, ba ma mɔne‑o.
O ma zeili ba maama pa ba nwoŋi. O ma daare o ja bu wom kwo, de o nu, de o tete kwaga tɔgena batɔ na wo o tei ne to o vo o zo diga kalo bu wom na tigi da to. 41O ma ja bu wom jeŋa ye o ta ded‑o o we, “Talita, koum.” Taane dento kuri mo ye “Busankana balaŋa, a tɛ nmo, zaŋe wɛɛne.” 42O na tage konto to, busankana kam ma zaŋe wɛɛne ka via. O bena déem ye fuga-yalei mo. Ko na ke‑o konto to, ko ma so-ba lanyerane. 43Yezu laam ma kaane-ba o we, ba yé zaŋe ba pa nɔɔn-nɔɔno lɔre kolo na ke to. O ma daare o ta o we, ba ke wodiu ba pa bu wom se o di.",https://www.bible.com/bible/3661/MRK.5.KBG
MAAKE 6,"Yezu tete teo kom tiina ve‑o
Matiyu 13:53-58; Luka 4:16-30
1Yezu déem ma yage jei sem konto ye o jwoori o vo o tete teo. O kwaga tɔgena bam de tɔge‑o ba vo. 2Juu tiina siu dɛ na yi to, o ma vo o zo ba jeerim diga kam ye o bobo se o bere-ba Wɛ taane. Nɔɔna dedɛ maa wora ye ba cheigi o berem dem. Ba na nigi to, ko so-ba lanyerane. Ba ma ta ba we, “Nɔɔno wonto ke tɛ mo o lɔre wonnu tento dwoŋi? O jege swa ye o wae wo-kenkagela o ke. Ko nam ke tɛ mo? 3O ye debam teo kom nɔɔno, kapenta tu. O nu maa ye Mary. Jemsi, de Josef, de Judas, de Simon ye o nyaana mo. O nakɔa de ta wora debam tei ne. Ko dae konto na?”
Konto mo ba boboŋa déem chɔge o ni taane baŋa ne. 4O laam ma ta de-ba o we, “Nɔɔno ná ye Wɛ ni-jwoŋinu, nɔɔna yeini ba pa‑o zula lanyerane, se o tete teo tiina de o sɔŋɔ tiina de o chorro nam maŋe ba ba nege‑o.”
5O déem ware o ke wo-kenkagela ba tei ne, ko ná dae o na kwei o jeŋa o daŋe jaweena fenfee yerane baŋa ne o pa ba na yazura to. 6Ko ma ke Yezu yaau de ba na wo ke ba wo-dedoa ded‑o to.
Yezu toŋe o nɔɔna fuga-balei bam
Matiyu 10:5-15; Luka 9:1-6
Yezu déem ma tole te-balwa bam o kare o bere nɔɔna Wɛ chega kam. 7O laam ma bwoŋi o nɔɔna fuga-balei bam se ba ba o tei. O ma le-ba balei balei se o toŋe-ba, ye o pa-ba dam se ba wane ba zeili chichiri-lwanno nɔɔna tei ne. 8O ma pa-ba ni o we, “Á ná maa via, se á yé zaŋe á kwei kolokolo á woli da, ko ná dae nacheiga yerane. Á nam yé kwei wodiu, naa tampɔgɔ se á lwoori wodiu á ke da. Á yé kwei sabu á ke ganlɔgere ne á woli da. 9Zo-na natera, se á yé kwei gwaaro telei telei. 10Á ná vei á zo sɔŋɔ kolo á peini da, se á ta‑á wora se ko ba ko yi á viirim maŋa. 11Ko daare á ná yi teo kolo, ye ba ná wo sɛ se ba jeeri abam naa ba cheigi abam taane, se á yage jei sem konto. Á ná maa viira, se á kokɔge á nɛ fwogo kom á yage da, se ko pa nɔɔna bam lɔre we ba wo ke lanyerane.”
12O na tage konto de ba o ti to, ba laam ma nwoŋi ba vo ba tɔɔle Wɛ kwora ba bere nɔɔna we ba jege se ba leiri ba wo de ba keim-balwaaro tem. 13Ba ma zeili setaana dedɛ nɔɔna tei ne. Ba ma kwori ba kwei nuga ba laŋe jaweena dedɛ yuni ne pa ba na yazura.
Pɛ Herodi na go Jɔn tei to
Matiyu 14:1-12; Luka 9:7-9
14Pɛ wodwoŋi déem mo wora, o yere mo Herodi. O ma ba o ni Yezu ŋwa, nɔɔna dedɛ na jege o taane ba ŋɔɔne to ŋwaane. Nɔɔna badwonna maa tɛ ba we, “Ko ye Jɔn wolo na ye sɛɛm tu to mo jwoori o bi toone wone. Mo kokuri o jege dam pa o wae wo-kenkagela dedɛ o ke.” 15Nɔɔna badaara maa we, “Ko ye Elija mo tua.” Badaara de ta maa we, “O ye Wɛ sampwora mo, nenɛɛne balo na tɔɔle Wɛ kwora faŋa faŋa to.” 16Ko daare Pɛ Herodi na nigi Yezu ŋwa to, o ma ta o we, “Ko wó taa ye Jɔn wolo amo na pɛ ba gwoni o yuu to mo jwoori o bi o na ŋwea.”
17O déem tage konto bɛŋwaane o ya wo ke Jɔn lanyerane ye o pa ba ja‑o ba vɔ ba ke peena diga ne. Ko déem ke tento dwoŋi mo: Herodi ya di kaane wodwoŋi, o yere mo Herodisa. Kaane wom déem ye o zembaaro Filipi nyem mo. 18Jɔn ma zaŋe o ta ded‑o we, ko chula se o di o zembaaro kaane. 19Konto ŋwaane mo Herodisa chuli Jɔn. O maa lage se ba go‑o. O nam wo nɛ chwoŋa, 20kolo ŋwaane Herodi kɔre Jɔn. O maa yei we o ye wo-pwoŋo tu na kɔre Wɛ to. Konto ŋwaane o jege‑o o choa se kolokolo yé ke‑o. O maa yeini o cheigi o taane de wopwolo, ye ko pa o boboŋa vugimi.
21Ko maa wora ko wora ye Herodisa laam na chwoŋa se o chɔge Jɔn ŋwea. Pɛ Herodi lora maŋa ma ba ka yi. O ma ke kuri ye o bwoŋi teo kom dedɛɛra bam, de soja yiga tiina, de naduna balo na zoore Galili ne to se ba tɔge ba di kuri dem. 22Herodisa bukɔ wom ma zo o sa veira bam tetare ne. Ko ma pa pɛ wom de o veira bam wo pwoli lanyerane. Pɛ wom ma ta de bukɔ wom o we, “Woŋo kolo maama nmo na lage to, amo wó pa‑m.” 23O ta ma ta o du o we, omo wó pa‑o woŋo kolo maama o na wó lwoori o tei ne to, ko ná maŋe ko ye o paare jejegero tem chichworo de. 24Bukɔ wom na nigi konto to, o ma nwoŋi o vo o nu tei o bwei‑o o we, “Bɛ ŋo mo amo wó lwoori se a jwoŋi?” O ma leiri o we, “Véi n ta we n lage Jɔn yuu mo se o gwoni o pa‑m.”
25Bukɔ wom ma ke lela o jwoori o zo pɛ tei, ye o ta ded‑o o we, “Amo na lage kolo to mo ye se n gwoni Jɔn yuu n ke-ko zon-tanlaŋa wone n ja n ba n pa-ne leile.” 26Pɛ Herodi na nigi konto to, o wo ma chɔge dedɛ. O nam na dugi ye o veira bam ni to, o maa ba lage se o ve‑o. 27O ma ke lela o toŋe o nɔn-babea dedoa se o vo o gwoni Jɔn yuu kom o ja ba. Nɔɔno wom ma seene o vo peena diga kam o gwoni Jɔn yuu kom. 28O ma kwei-ko o ke zon-tanlaŋa wone o ja ba o pa bukɔ wom. Wonto ma jwoŋi o ja nwoŋi o vo o pa o nu.
29Jɔn kwaga tɔgena bam na lɔre kolo na ke to, ba ma zaŋe ba vo ba kwei o yera yam ba ja vo ba ke yibeeli wone.
Yezu pɛ nɔɔna 5,000 wodiu se ba di
Matiyu 14:13-21; Luka 9:10-17; Jɔn 6:1-14
30Yezu totoŋa nakwa fuga-balei bam ma jwoori ba vo o tei. Ba ma ta ba bere‑o kolo maama ba na ke de ba na bere nɔɔna Wɛ chega kam tei to. 31Nɔɔna dedɛ maa yeini ba tui Yezu tei ye ba jwoori ba viira. Ba na daga konto to, Yezu de o nɔɔna bam daa ware ba na laŋa se ba di wodiu de. Konto ŋwaane o ma ta de-ba o we, “Abam nam ba á yerane se dé vo gaao wo se á wane á sii fenfee.”
32Ba ma pwɛ ba tete ba vo ba zo nabworo se ba vo jei selo na ye gaao wo to ba yerane. 33Ba na maa kɛ to, nɔɔna dedɛ ma na-ba. Ba ma lɔre-ba. Ba ma zaŋe ba nwoŋi ba teene dem maama ne, ye ba vo tega ne ba duri ba vo ba yi jei sem ye banto ta wo yi da. 34Yezu ma nwoŋi nabworo kom wone. O laam ma na nɔn-kɔgɔ kom na tu ko wora. O maa jege nɔɔna bam ŋwaŋa lanyerane, de ba na nye de pei selo na ba jege nayero se o taa nii se baŋa ne to. O laam ma bobo se o taa bere-ba wonnu dedɛ.
35Wɛ na wora de zoore to, o kwaga tɔgena bam ma vo ba ta ded‑o ba we, “Maŋa kam wora ka kɛa ye wodiu tera ywo-seeni se ba yeigi ba di. 36Konto ŋwaane, pa se nɔɔna bam vo sam wone ba yeigi wodiu ba di.” 37O ma leiri-ba o we, “Abam tete mo wó pa-ba wodiu se ba di.” Ba ma ta ba we, “Dé ná lage dé yeigi bworobworo dé pa ba maama se ba di, ko ya wó chɔge sabu dedɛ, nenɛɛne lu-nyenno sabu-dala bia yalei (200) mo. Dé vei dé yeigi konto mo na?”
38O ma bwei-ba o we, “Abam jege bworobworo ko mae tetɛ mo? Véi-na á nii.” Ba na vei ba na to, ba ma jwoori ye ba ta ba we, “Te ye tenu yerane mo, de ywona yalei.”
39Yezu laam ma pa-ba ni se ba pa nɔɔna bam pɔɔre kɔgɔ kɔgɔ ba jeini tega ne. 40Ba maama ma pɔɔre ye ba jeini, badaara kɔgɔ bi bi, badaara kɔgɔ finnu finnu. 41O ma kwei bworobwooru tenu tem de ywona yalei yam, ye o kwoni o yuu wɛɛne o ke Wɛ lei te ŋwaane. O ma fɔ fɔ bworobwooru tem o pa o kwaga tɔgena bam se ba laam jwoŋi-te ba ja vo ba maŋe ba pa nɔɔna bam. O ma daare o maŋe ywona yalei yam o pa ba maama se ba di. 42Nɔɔna bam maama ma di ba su ba daare. 43Ba na di ba daare konto to, Yezu kwaga tɔgena bam ma pɛ bworobworo de ywona chichwooru telo na daare to ba su kayɛ fuga-selei. 44Nɔɔna balo déem na di konto to ye baara morro tenu (5,000) mo, ko woli de kaana de bia de.
Yezu vei na baŋa ne
Matiyu 14:22-36; Jɔn 6:16-21
45Konto baŋa ne Yezu ma pa o kwaga tɔgena bam vo ba zo nabworo kom se ba da yiga ba bɛ naneo kom ba vo ba yi Bɛtasida. Ba na maa kɛ to, o ma pa kɔgɔ kom viiri. 46O na yage-ba konto to, o ma vo o di peero tem baŋa se o ware Wɛ.
47Tega ma ba ka yi. Nabworo kom maa wo naneo kom tetare ne, ye Yezu ta wo buburu kom ne o yerane. 48O ma tole o na o nɔɔna bam na tiini ba kwaane se ba yɛ ye ko chɛ ba yera ne, vo-fɔrɔ na zaŋe ko jeeri-ba to ŋwaane. Tega na wora ka poore to, Yezu ma zaŋe o nɔne na bam baŋa ne o maa vei ba tei. O maa via ye o lage o gaale-ba o kɛ. 49Ba nam na nɛ‑o o na vei na bam baŋa ne to, ba ya boŋe we ko wó taa ye chiru mo. Ba ma laare baŋa baŋa, 50ba maama na nɛ‑o ye foone zo-ba dedɛ to ŋwaane.
Yezu laam ma ŋɔɔne de-ba o we, “Pa-na á bochara ke dam, se ko ye amo mo. Á yé pa foone taa jege abam.”
51O laam ma vo o zo nabworo kom wo. O na yi ba tei konto to, vio kom ma kwori lela. Ko ma tiini ko ke-ba yaau, 52kolo ŋwaane Yezu na maŋe bworobworo kom o pa nɔn-kɔgɔ kom pa ba di to, ba wo nigi keim dem konto kuri. Ba boboŋa muri se Yezu chega kam zo ba wo lanyerane.
53Ba ma vo ba bɛ bubɛ dedem dem. Ba ma ja nabworo kom ba nwoŋi ba tiŋi da. Ba na yi jei selo to yere mo Gɛnesara. 54Ba na nwoŋi nabworo kom wone to, nɔɔna ma ba ba lɔre Yezu. 55Ba laam ma duri jei sem konto maama ne pa nɔɔna lɔre. Ba ma kwei balo na ba jege yazura to ba zeŋe ba ja vo o tei, mɛ maama ba na lɔre we o tu da to. 56O na yeini o vei jei selo maama to, ko ná ye teo balaŋa, naa teo kamunu, naa kara, nɔɔna yeini ba ja jaweena mo ba vo ba tiŋi yaga ni ne. Ba ma lwoori‑o se o pa-ba chwoŋa se ba dwei o gɔrɔ kom ni yerane. Balo maama na dwei o gɔrɔ kom konto to déem nɛ yazura.",https://www.bible.com/bible/3661/MRK.6.KBG
MAAKE 7,"Wo-digiru telo na chɔge nɔɔna to
Matiyu 15:1-20
1 Farisi tiina badaara de Wɛ nia zamesem tiina badaara déem ya nwoŋi Jerusalem ne, ye ba laam vo ba gilimi Yezu tei ne. 2Ba ma na o kwaga tɔgena badwonna na jei ba di wodiu ye ba wo sane ba jea se ko tɔge banto chullu tem chwoŋa. 3Ko na ye tei to, Juu tiina bam maama, ko fɔge ko dae Farisi tiina bam, yeini ba fɔge ba sane ba jea mo ye ba daare ba di wodiu. Ba tɔge chullu telo ba nabaara bam na pɛ-ba to mo konto. 4Ba ná yeigi wodiu yaga ne, ba wó sane ba jea mo ye ba laam daare ba di. Ba ta jege chullu dedɛ ba woli da ye ba tɔge-te. Ba yeini ba fɔge ba se ba zwe, de ba kɔɔra, de ba luu-kambi ye ba daare ba ke wodiu da.
5Ko ye konto ŋwaane mo Farisi tiina bam de Wɛ nia zamesem tiina bam déem bwei Yezu ba we, “Bɛ mo ye n tɔgena bam yeini ba di wodiu ye ba wo sane ba jea, ne dé nabaara bam na pɛ debam chullu telo to?” 6O ma leiri-ba o we, “Abam na ye pipiri-nyena to, Izaya déem jege chega de o na wuuri o ta abam taane faŋa faŋa tei to. Ko popone Wɛ tɔnɔ kom ne we:
‘Nɔɔna banto zuli amo de ba ni mo,
ye ba boboŋa tera amo tei ne.
7Ba na pae amo zula tei to maama ye kafɛ mo.
Ba bera yam tɔge nabiina boboŋa chullu mo,
ye ba pae se te ye amo nyem.’
8Chega to, abam mo kwei Wɛ nia yam na bere tei to á yage, ye á daare á tɔge nabiina chullu.”
9O daa ta ma ta de-ba o we, “Abam yeini á ve Wɛ nia yam ye á daare á jege á tete boboŋa chullu mo á tɔga. Konto jege swa na? 10Faŋa faŋa to Moses déem bere Wɛ ni dem o we, nɔɔno jege se o taa zuli o kwo de o nu. O daa ta bere we, nɔɔno ná ŋɔɔne ta-balɔrɔ o pa o nu naa o kwo, konto tu jege se o te mo. 11Ko daare abam nam yeini á ja Wɛ taane dem á pipiri ye á we, nɔɔno ná jege woŋo kolo o ya na wó ma woli o kwo de o nu, ye o ná we, woŋo kom konto ye ‘Kɔban’ mo (ko kuri mo ko maŋe ko ye Wɛ nyem), 12ko bere we wonto daa ba jege se o kwei woŋo kom o ma zeini o kwo de o nu. 13Á na ke tei ye á bere nɔɔna se ba taa tɔge á tete chullu to pae se Wɛ ni dem daa ba jege kuri abam tei ne. Abam yeini á tɔge keim-balwaaro tento dwoŋi dedɛ.”
14Yezu daa ta ma bwoŋi nɔn-kɔgɔ kom pa se ba ba o tei, ye o ta de-ba o we, “Abam maama cheigi lanyerane se á ni amo taane dem kuri. 15Woŋo kolo maama nɔɔno na wó kwei o pa se ko zo o wo to bá wane ko pa o digiri o tete. Ko nam ye kolo na maŋe ko wo nɔɔno wone ye ko laam nwoŋi to mo wó pa o digiri. [16Á nam fɔge á cheigi a taane dem lanyerane.]”
17O laam ma vo o zo sɔŋɔ o daare nɔn-kɔgɔ kom pwooni ne. O kwaga tɔgena bam ma ba o tei ba bwei‑o taane dem kuri. 18O ma ta de-ba o we, “Abam de swa ta muri mo na? Á jege se á ta‑á yei we, woŋo kolo maama nɔɔno na wó kwei o pa se ko zo o wo to bá wane ko pa o digiri. 19Kolo ŋwaane ko bá wane ko chɔge o bochare. Ko nam wó tu o kana yerane mo, ye o laam daare o tɔ-ko o yage.” Yezu déem na tage chega kam konto to, o bere we wodiiru maama maŋe de dim.
20O daa ta ma ta o we, “Ko ye kolo na maŋe ko wo nɔɔno wone ye ko laam nwoŋi to mo wó pa o digiri o tete. 21Kolo ŋwaane ko ye nɔɔno bochare boboŋa mo pae se o lage wo-lwanno tɔgem. Ya maa wae ya pae o tɔge bwoŋa keim de ka-laga wo-zɔɔna maama. Ya maa wae ya pae o ŋɔna, naa o go nɔɔna. 22Ya maa wae ya pae o yi zoore wonnu dedɛ, naa o yaale nɔɔna, naa o gane nɔɔna. Ya ta maa wae ya pae o tɔge ka-laga wo-digiru kikia, naa o jege puseŋa, naa o ŋɔɔne o chɔge o dwoŋi yere, naa o bere o tete kamunim, naa o tɔge jworim kikia. 23Wo-balwaaro tento maama nwoŋi nɔɔno wone mo ye te pa o digiri.”
Kaane wodwoŋi ke o wo-dedoa de Yezu
Matiyu 15:21-28
24Yezu déem ma zaŋe o yage jei sem konto ye o daare o vo Tura nawuura yam seeni. O ma vo o zo sɔŋɔ kodwoŋi o maŋe da. O maa ba lage se nɔɔna lɔre o na wo mɛ to. O nam ware o seigi o tete nɔɔna tei ne. 25-26Kaane wodwoŋi maa wora, o na ye dwi-gɛ tu. Ba ya loge‑o Siria ne mo, jei selo ba na bwoi we Fonikia to. Chichira maa jege o bukɔ ka daana. Konto ŋwaane, o na tu o ni Yezu ŋwa to, o ma ke lela o vo o tei ye o tiiri tega ne o yiga ne. O ma lwoori‑o se o zeili setaane dem pa de yage o bukɔ wom yera. 27O na lwoori konto to, Yezu ma ta ded‑o o we, “Bia bam mo jege chwoŋa se ba da yiga ba di ba daare. Ko wo maŋe se nɔɔno jwoŋi o bia wodiu o dole o pa kukuri.”
28Kaane wom maa we, “Amo tu, n tage chega. Kukuri selo na tigi tabolo kuri ne to nam jege chwoŋa se se twɛ wodiu kolo bia bam na di ye ko siiri tega ne to mo se di.” 29O laam ma ta de kaane wom o we, “Nmo na leiri lanyerane konto to, amo sɛ n lworo kom. Jwoori n vo sɔŋɔ. Setaane dem maŋe de yage n bukɔ wom yera.”
30Kaane wom ma seene o vo sɔŋɔ. O ma na o bukɔ wom o tigi chemm, de setaane dem nwoŋi de daare‑o.
31Yezu laam ma zaŋe o yage Tura nawuura yam seeni ye o daare o da Sidon o kɛ. O laam ma tɔge jei selo ba na bwoi we ‘Teene Fuga’ to o vo o yi Galili naneo kom jei sem. 32Nɔɔno mo wora o na ye zɔ-kɔgɔ ye o wae o ŋɔɔne fenfee yerane. Nɔɔna ma ja‑o ba vo Yezu tei. Ba ma lwoori‑o se o kwei o jeŋa o daŋe nɔɔno wom baŋa ne se o yɔɔre‑o. 33Yezu ma ja‑o o vo dáa o yerane o daare kɔgɔ kom. O ma kwei o noa o turi nɔɔno wom zwa ne ye o daare o twe lileeru o ke o noa ne o ma dwei o dindeilimi. 34O ma kwoni o yuu wɛɛne o nii ye o suuri. O ma ta de nɔɔno wom o we, “Effata”, ko kuri mo “Pore!” 35O na tage konto to, o zwa yam seene ya pore ye o dindeilimi de wae de pipira. O maa wae o ŋɔɔne lanyerane.
36Yezu ma kaane nɔɔna bam maama se ba yé ta kolo na ke to ba bere nɔɔn-nɔɔno. O na tiini o kaane-ba o woli da to, ba ma tiini ba ŋɔɔne ko taane ko ja gaale. 37Balo maama na nigi to tiini ba ye yaau. Ba maa we, “Woŋo kolo maama o na ke to ye lanyerane. O maŋe o pae zɔ-kɔro jwoori te ni, ye memaaro de wae te ŋɔɔna.”",https://www.bible.com/bible/3661/MRK.7.KBG
MAAKE 8,"Yezu pɛ nɔɔna 4,000 wodiu se ba di
Matiyu 15:32-39
1Kanto maŋa kam ne, kɔgɔ dedɛ daa ma jwoori ko gilimi daane Yezu tei ne. Ba maa ba jege kolokolo se ba di. Konto ŋwaane Yezu ma bwoŋi o kwaga tɔgena bam se ba ba o tei. O ma ta de-ba o we, 2“Amo jege nɔɔna banto ŋwaŋa de ba na tu ba wo amo tei ne da yatɔ, ye ba laam daa ba jege wodiu se ba di. 3Amo ná pɛ ba viiri ye ba wo di kolokolo, kana wó pa ba beiri chwoŋa ne, kolo ŋwaane ba badaara ya nwoŋi yiga yiga mo ba ba amo tei.” 4O kwaga tɔgena bam ma leiri‑o ba we, “Dé nam wó ke tɛ mo dé na wodiu kagoa kanto yuu ne se ko yi ba maama dim?” 5O ma bwei-ba o we, “Abam jege bworobworo ko mae tetɛ mo?” Ba ma leiri ba we, “Te ye terepɛ mo.”
6Yezu laam ma ta de kɔgɔ kom se ba maama jeini tega ne. O ma kwei bworobwooru terepɛ tem ye o ke Wɛ lei te ŋwaane. O ma ja-te o fɔ fɔ o pa o kwaga tɔgena bam ye banto de laam kwei ba ja vo ba pa nɔɔna bam. 7Ba déem jege ywona fenfee ba woli da. Yezu ma kwei-ya o ke Wɛ lei ye o daare o ta de o kwaga tɔgena bam se ba kwei yanto de ba maŋe ba pa nɔɔna bam maama. 8Ba maama ma di ba su ba daare. Yezu kwaga tɔgena bam laam ma twɛ chichwooru telo na daare to ba su kayɛ serepɛ. 9Balo na wora to déem maŋe de baara morro tena (4,000) mo, ko woli de kaana de bia de.
Yezu laam ma pa se kɔgɔ kom viiri. 10O ma daare o vo o zo nabworo kom de o kwaga tɔgena bam. Ba ma vo ba yi jei sedwoŋi yere na ye Dalemanuta to.
Farisi tiina taane
Matiyu 16:1-12; Luka 12:54-56
11Farisi tiina badwonna déem ma vo Yezu tei se ba ŋɔɔne ded‑o, ye ba nam lage ba maŋe‑o mo ba nii. Ba ma lwoori‑o se o ke wo-kenkagele delo na wó bere-ba we o dam seene de ye Wɛ nyem to. 12O ma tiini o suuri o wone ye o ta o we, “Bɛ mo ye zem nɔɔna bam lage se a ke wo-kenkagele a bere-ba? A tɛ abam chega ŋwaane to, a bá ke maana a pa-ba.”
13O na tage konto to, o ma yage ba tei ye o jwoori o vo o zo nabworo kom se ba vo ba bɛ bubɛ dedem dem.
14Ba déem na wo nabworo kom wone ba maa vei ba bɛ to, Yezu kwaga tɔgena bam ma maane we ba ya swei se ba ja bworobworo ba woli da, ye dedoa yerane mo ba jega. 15Yezu ma ta de-ba o we, “Ta‑á yei-na se á yé pa Farisi tiina bam de abam sabɔle, de Pɛ Herodi de.” 16O na tage de-ba konto to, ba ma ŋɔɔne daane ba we, “Ko ye bworobworo taane mo o tɛa, dé na ba jege to ŋwaane.”
17Yezu ma maane ba na tɛ kolo to, ye o we, “Bɛ mo ye á pa lwia jege abam de bworobworo na tera to ŋwaane? Abam ta wo lɔre Wɛ na jege dam tei to na? Á boboŋa muri mo. 18Á jege yia ye ya ba nae Wɛ chega kam. Á jege zwa ye á ba ni Wɛ taane dem kuri. 19Á maŋe á swei amo na kwei bworobwooru tenu mo a fɔ fɔ a pa nɔɔna morro tenu tem pa ba di. Ba na di ba ti to, abam twɛ chichwooru tem á su kayɛ segera mo?” Ba ma leiri‑o ba we, “Kayɛ fuga-selei mo.”
20O daa ma bwei-ba o we, “Amo daa ta na kwei bworobwooru terepɛ tem a fɔ fɔ a pa nɔɔna morro tena tem to, á twɛ chichwooru tem á su kayɛ segera mo?” Ba ma leiri‑o ba we, “Kayɛ serepɛ mo.” 21O laam ma ta de-ba o we, “Tɔ. Abam daa ta ba ni ko kuri mo na?”
Yezu yɔɔre lilwei
22Ba déem ma vo ba yi Bɛtasida. Nɔɔna badwonna ma ja lilwei ba ja vo Yezu tei ye ba lwoori‑o se o kwei o jeŋa o dwei‑o. 23O ma ja lilwei wom jeŋa o vaŋe o ja nwoŋi teo kom dáa. O ma twe lileeru o ke o yia ne. O ma daare o kwei o jea o zi o baŋa ne. O laam ma bwei‑o o we, “Nmo nae woŋo mo na?” 24Lilwei wom ma zeiŋi o yuu o nii, ye o we, “Amo wae a nae nɔɔna na via. Ba nam nye de teeni mo ye ba via.”
25Yezu daa ma kwei o jea o daŋe nɔɔno wom yia ne. O laam ma fi o yia yam, ye ya jwoori ya nae. O maa wae o nae woŋo maama lanyerane. 26Yezu laam ma ta ded‑o we, o yɔɔre o vo sɔŋɔ, se o daa yé jwoori o zo teo kom wo.
Piita tage Yezu chega kam
Matiyu 16:13-20; Luka 9:18-21
27Yezu de o kwaga tɔgena bam daa ma kɛ ba vo ba yi Kazaria Filipi nawuura yam. Ba na maa vei to, o ma bwei-ba o we, “Nɔɔna yeini ba tɛ ba we amo ye wɔ mo?” 28Ba ma leiri ba we, “Badaara tɛ ba we, nmo ye Jɔn wolo na ye sɛɛm tu to mo. Badaara de maa tɛ ba we, nmo ye Elija mo. Badaara de maa tɛ ba we, nmo ye faŋa faŋa Wɛ sampwori sem dedoa mo.”
29O laam ma bwei-ba o we, “Ko nam ná ye abam, á boŋe se amo ye wɔ mo?” Piita ma leiri‑o o we, “Nmo ye Wɛ Dam Tu Krista mo.”
30Yezu laam ma ta-ba we, ba yé ta o chega kam konto ba bere nɔɔn-nɔɔno.
Yezu bere o toone na wó taa ye tei to
Matiyu 16:21-28; Luka 9:22-27
31Ko zege kanto maŋa kam ne Yezu ma ŋɔɔne o bere-ba we omo Nabiin-bu wom maŋe se o na yaara dedɛ. O maa we, “Juu tiina nakwa bam, de ba kaanem yiga tiina bam, de ba zamesem tiina bam mo wó chuli amo. Ba maa wó ja amo ba go, se a laam jwoori a bi da yatɔ dɛ ne.” 32O maa ŋɔɔne konto ja o bere-ba. Piita ma ja‑o o vo dáa, ye o bwɛ‑o o we o yé taa ŋɔɔne konto dwoŋi. 33Yezu ma guni o nii o kwaga tɔgena bam seeni, ye o leiri o bwɛ Piita o we, “Setaana pɛ, véi dáa a tei ne! Nmo boboŋa yam ye nabiina nyem mo ye ya ba tɔge Wɛ na lage tei to.”
34O laam ma bwoŋi nɔn-kɔgɔ kom maama de o kwaga tɔgena bam se ba ba o tei. O ma ta de-ba o we, “Nɔɔno wolo maama ná lage se o taa tɔge amo kwaga, konto tu jege se o ve o tete boboŋa ye o sɛ yaara, ne wolo na zeŋe dagara o maa vei o toone jei tei to, se o laam ba o taa tɔge-ne. 35Wolo maama nam ná lage se o jwoŋi o tete ŋwea, konto tu wó ga-ka mo. Ko daare wolo maama ná sɛ se o ga o ŋwea amo ŋwaane de Wɛ kwor-ywoŋa kam ŋwaane, konto tu wó jwoŋi ŋwea Wɛ tei ne. 36Nɔɔno nam ná kwaane o jwoŋi logo baŋa wonnu tem maama, ye o laam ná gɛ ŋwea Wɛ tei ne, bɛ nyɔɔre mo o nɛa? 37Kolokolo nam tera nɔɔno na wó wane o kwei o ma jwoŋi o ŋwea Wɛ tei ne. 38Zem nɔɔna bam yiga tera de Wɛ ye ba ke ba tusi dedɛ. Konto to, wolo maama ná kɔre chaveera amo ŋwaane de a taane dem ŋwaane, amo Nabiin-bu wom de wó taa jege chaveera konto tu ŋwaane dɛ dem amo na wó jwoori a ba de nenɔŋ-fɔrɔ ne a Kwo Wɛ na jege tei to, ye Wɛ malese de wó tɔge-ne.”",https://www.bible.com/bible/3661/MRK.8.KBG
MAAKE 9,"1O daa ta ma ta de-ba o we, “A tɛ abam chega ŋwaane to, nɔɔna balo zem na wo ywo-seeni to badaara bá te ye ba ta wo nɛ Wɛ paare dem na tu nɔɔna baŋa ne de dam to.”
Yezu yibia na leiri tei to
Matiyu 17:1-13; Luka 9:28-36
2Da yaredo déem ma ba ya kɛ. Yezu laam ma ja Piita ko woli de Jemsi de Jɔn pa ba tɔge daane ba vo ba di peo-kamunu yuu. Ba maa wora ba yerane mo. Ba na wora konto to, Yezu yibia ma leiri ba yiga ne. 3O gwaaro tem ma tiini te peere cha ye te nyeena. Te peere te gaale nabiinu na bá wane o zare o gwaaro pa te peere tei to. 4Elija de Moses ma pɔpɔ ba nwoŋi ba yiga ne, ye ba ŋɔɔne de Yezu.
5Piita laam ma ta de Yezu o we, “Berem tu, dé na wo ywo-seeni to, ko tiini ko lana ko pa debam. Nam pa dé pu vwoa yatɔ ywo-seeni, se nmo, de Moses, de Elija taa zoore da.” 6Foone déem zo-ba dedɛ. Konto ŋwaane mo o gare o ŋɔɔne konto dwoŋi.
7Kunkwoŋo laam ma ba ko li-ba. Ba ma ni kwora na ŋɔɔne ko wone ka we, “Amo bu-doa mo tento ye a swoi‑o lanyerane. Nam ta‑á cheigi-na o ni taane lanyerane.”
8Ba ma kwaane ba nii lela, ye ba daa wo nɛ nɔɔn-nɔɔno jei sem ne, ko ná dae Yezu yerane. 9Ba ma zaŋe peo kom yuu ne ba maa tua. Yezu laam ma kaane-ba we, ba yé ta kolo ba na nɛ to ba bere nɔɔn-nɔɔno, se ko taa nii maŋa kalo omo Nabiin-bu wom na wó bi toone wone to. 10Ba ma sɛ ye ba ŋɔɔne ba yerane ba bwɛ ba nii, ka-bi-toone-wone taane dem kuri mo bɛ.
11Ba laam ma bwei‑o ba we, “Wɛ nia zamesem tiina bam yeini ba tɛ ba we, Elija mo jege se o ba yiga, se Wɛ Dam Tu wom laam da kwaga. Ko ye chega mo naa vwa mo?” 12Yezu ma leiri-ba o we, “Ko ye chega mo. Elija jege se o da yiga o ba o kwɛ woŋo maama se Wɛ Dam Tu wom laam ba. Bɛ nam mo ye ko popone Wɛ tɔnɔ kom ne we, Nabiin-bu wom jege se o yaare dedɛ ye nɔɔna chuli‑o? 13Nam ta‑á yei-na we, Elija maŋe o ba, ye nɔɔna tiini ba bɛɛse‑o se ko yi ba boboŋa na lage tei to, ne ko na maŋe ko popone o ŋwaane Wɛ tɔnɔ kom ne tei to.”
Yezu yɔɔre bu wodwoŋi
Matiyu 17:14-23; Luka 9:37-45
14Yezu de o nɔɔna batɔ bam laam ma jwoori ba vo ba yi o kwaga tɔgena babam tei. Ba ma na kɔgɔ dedɛ na gilimi-ba. Wɛ nia zamesem tiina badwonna maa wora ba mage ni-kantɔgɔ dedaane-ba. 15Nɔɔna bam maama na nɛ Yezu to, ko ke-ba yaau lanyerane. Ba ma duri ba vo o tei ba jɔɔne‑o. 16O ma bwei-ba o we, “Á wora á mage ni-kantɔgɔ bɛ baŋa ne mo?”
17Nɔɔno wodwoŋi maa wo kɔgɔ kom wone ye o leiri‑o o we, “Berem tu, a ya jaane a bu mo a ba nmo tei se n yɔɔre‑o. Chichira mo jege‑o ka daana pa o ware o ŋɔɔne. 18Maŋa maama, ka ná jaane‑o, ka yeini ka yigi‑o ka de tega ne mo. Lilei-puŋa nwoŋi o ni ne ye o done o yeila. O yera yam maama maa yeini ya ko. Tɔ. A ma lwoori nmo kwaga tɔgena bam se ba zeili chichira kam se ka yage‑o ye ba ware.”
19Yezu na nigi konto to, o ma ta o we, “Abam zem nɔɔna bam bere á ba jege wo-dedoa de amo. A nam wó tiini a dáane abam tei ne se ko vo ko maŋe yei ne mo? A nam wó ke tɛ mo a zuri a bochare de abam? Ja-na bu wom á ba.” 20Ba ma ja‑o ba vo o tei. Chichira kam na nɛ Yezu to, ka ma su bu wom pa o sa kɔɔro. O ma to tega ne ye o bibila. Lilei-puŋa ma nwoŋi o ni ne.
21Yezu ma bwei bu wom kwo o we, “Maŋa kɔ mo ka bobo ka ja‑o?” O ma leiri‑o we, “O biini ne mo. 22Kuni dedɛ chichira kam jaane‑o ka de mini wone, de na wone se ka chɔge‑o. Nmo ná wó wane n ke kolo na wó woli debam to, popo se n kwaane n duri debam yiniga.” 23Yezu ma ta‑o o we, “Nmo tage n we, amo ná wó wane. Wolo maama nam ná jege wo-dedoa de amo, kolokolo tera Wɛ na bá wane o ke o pa konto tu.” 24Bu wom kwo laam ma laare o we, “Amo seene a jege wo-dedoa de nmo. Nam woli-ne se a taa fɔge a jega.”
25Yezu ma na nɔn-kɔgɔ dedɛ na dura ko maa beene ba tei. O laam ma bage chichira kam ye o ta de-ka we, “Nmo wolo na pae nɔɔna jiri memaaro de zɔ-kɔro to, a ta de nmo se n yage bu wom yera n viiri, se n daa‑n yé jwoori n yaare‑o.” 26Yezu na tage konto to, chichira kam ma chwoosi ye ka tiini ka su bu wom pa o sa kɔɔro. Ka ma daare ka yage‑o. Ka na yage‑o to, bu wom laam nye de too mo. Nɔɔna dedɛ maa we, “O tege mo.” 27Yezu laam ma ja o jeŋa o pa o zaŋe wɛɛne ye o zega.
28Yezu ma jwoori o vo sɔŋɔ. O na zo to, o kwaga tɔgena bam ma vo o tei ba yerane ye ba bwei‑o ba we, “Bɛŋwaane mo debam ware dé zeili chichira kam?” 29O ma leiri-ba o we, “Chichira kanto dwoŋi zeilim chamma. Ko ná dae we á seene á yia á lwoori Wɛ, ko ya bá wane.”
30Ba déem ma yage jei sem konto ye ba vo ba tɔge Galili wo ba kɛ. Yezu maa ba lage se nɔɔn-nɔɔno lɔre ba jei, 31o na jege o kwaga tɔgena bam o tei ne ye o bere-ba to ŋwaane. O maa bere-ba o we, “Leile konto ba lage ba ja Nabiin-bu wom ba ke nɔɔna jeŋa ne, ye ba laam wó go‑o. Da yatɔ dɛ ne o maa wó jwoori o bi.” 32O kwaga tɔgena bam maa wo nigi o taane dem kuri, ye ba kɔre se ba bwei‑o ba nii.
Wɔ mo ye nɔn-kamunu Wɛ tei ne?
Matiyu 18:1-9; Luka 9:46-50; 17:1-2
33Ba ma vo ba yi Kaparenia. Ba ma vo sɔŋɔ. Ba na zo to, Yezu ma bwei o kwaga tɔgena bam o we, “Dé na wo chwoŋa ne dé maa beene to, á ya wora á mage ni-kantɔgɔ daane. Ko ye bɛ ŋo ŋwaane mo?” 34Ba ma chem. Ba ya na maa beene to, ba mage kantɔgɔ daane se ba nii, banto wone wɔ mo ye kamunu o dwoi maama. 35Yezu ma jeini tega ne. O ma bwoŋi o nɔɔna fuga-balei bam se ba ba o tei. O ma ta de-ba o we, “Wolo ná lage se o taa ye nɔɔna yiga tu, konto tu maŋe se o ji ba maama kwaga tu, se o taa toŋe o pa ba maama mo.”
36O ma ja bu-balaŋa o pa o zege ba maama tetare ne. O ma kwei‑o o ke o ja-kukworo ne. O ma ta de-ba o we, 37“Wolo maama na wó zuli bu-balwa banto dwoŋi dedoa lanyerane amo yere ŋwaane to zuli amo mo. Wolo nam ná zuli amo, ko dae amo yerane mo o ke konto, se ko ye o zuli Baŋa Wɛ wolo na toŋe-ne to de mo.”
38Jɔn ma ta de Yezu o we, “Berem tu, dé ya nɛ nɔɔno wodwoŋi o na tɔge nmo yere ŋwaane o zeili setaana nɔɔna tei ne. O nam na dae debam kɔgɔ kom nyem to, de ma ta ded‑o we, o yage, o daa yé taa ke konto.” 39Yezu ma leiri o we, “Á ya ba jege se á che‑o. Nɔɔno wolo maama na tɔge amo yere ŋwaane o ke wo-kenkagele to bá wane o pipiri lela o ŋɔɔne ta-balɔrɔ o pa-ne. 40Kolo ŋwaane wolo maama na ba chuli debam to ye debam nɔɔno mo. 41A tɛ abam chega ŋwaane to, nɔɔno wolo ná nɛ abam, ye o ná dɛ amo yere ŋwaane o pa abam na se á nyɔ, á na ye amo Yezu Krista nyem to ŋwaane, konto tu wó tiini o na nyɔɔre Wɛ tei ne mo.
42Ko ná ye balo na ke ba wo-dedoa de amo, ye ba ná maŋe ba muri ne bu-balwa tei, nɔɔno wolo ná pɛ ba dedoa tusi Wɛ chwoŋa wone, konto tu tiini o chɔge mo dedɛ. Ba ná jaane nɔɔno wom konto ba daare ba lei kandwɛ-kamunu o ba ne, ye ba ná de‑o naneo kom wone se o te, konto gare waarem delo kotu na jege se o na Wɛ tei ne to. 43Nmo jeŋa ná pae n tusa, se n gwoni-ka n yage. Nmo ná gɛ n jeŋa, ye n daare n na ŋwea Wɛ tei ne, konto gare nmo ta ná jege n jea maama ye n vo te-seŋa, mɛ na ye mini delo na bá fɔge de dwei to. [44Jei sem konto ne,
‘Toa wó taa mu ba yera ye ka fɔge ka bá te.
Mini wó taa di-ba ye de fɔge de bá dwei.’]
45Ko woli da, nmo naga ná pae n tusa, se n gwoni-ka n yage. Nmo ná ye gwana ye n na ŋwea Wɛ tei ne, konto gare nmo ta ná jege n nɛ sem maama ye ba laam de‑m ba yage te-seŋa ne. [46Jei sem konto ne,
‘Toa wó taa mu ba yera ye ka fɔge ka bá te.
Mini wó taa di-ba ye de fɔge de bá dwei.’]
47Nmo yi nam ná pae n tusa, se n guri-de n yage. Nmo ná ye yi-doa tu ye n vo n woli Wɛ paare dem wone, konto gare nmo ta ná jege yia yalei ye ba laam de‑m ba yage te-seŋa ne. 48Jei sem konto ne,
‘Toa wó taa mu ba yera ye ka fɔge ka bá te.
Mini wó taa di-ba ye de fɔge de bá dwei.’
49Nɔɔno maama jege se Wɛ kwei mini mo o ma faŋe‑o o nii, se o pa o bochare fɔge de kwɛ. 50Yɛ de lamma ye de wae de kwɛ wodiu. Yɛ ni nam ná ti, n daa‑n bá‑n wane n pa de jwoori de ja ni. Pa-na á wo taa ywomma da-ŋwaane, ne yɛ na pae wodiu ywomma tei to.”",https://www.bible.com/bible/3661/MRK.9.KBG
MAAKE 10,"Kaane yagem
Matiyu 19:1-12; Luka 16:18
1Yezu laam ma zaŋe o yage jei sem konto ye o vo o yi Judea laŋa kadwoŋi. O ma vo o bɛ Jɔdan buga kam bubɛ dedwoŋi dem. Nɔn-kɔgɔ dedɛ daa ma ba ba gilimi‑o. O daa ma bere-ba Wɛ chega kam, ne o na yeini o ke tei to.
2 Farisi tiina badaara déem ma zaŋe ba vo o tei se ba maŋe o boboŋa ba nii. Ba ma bwei‑o ba we, “Nɔɔno jege chwoŋa se o yage o kaane na?” 3O ma jwoori o bwei-ba o we, “Moses déem pɛ abam ni se á ke tɛ mo?” 4Ba ma leiri‑o ba we, “Moses pɛ ni we nɔɔno jege chwoŋa se o popone tɔnɔ o pa o kaane se ko bere we o yage‑o.”
5Yezu ma ta-ba o we, “Moses nam popone konto o pa abam, á boboŋa na lira de o berem dem to ŋwaane mo. 6Boboa ne Wɛ na naane woŋo maama to, o ke nabiina se ba taa ye baara de kaana mo. 7Wɛ na ke-ba se ba taa ye konto dwoŋi to, nɔɔno ná di kaane, o jege se o pwɛ o tete o kwo de o nu tei ne, se o daare o ba o pa se o de o kaane wom tane daane. 8Konto wó pa ba laam ji nɔɔno dedoa. Ba daa maa dae nɔɔna balei, se ba ye ŋo dedoa mo. 9Wɛ na pɛ se ba kwaare daane to, nɔɔn-nɔɔno daa ba jege se o pɔɔre-ba daane.”
10Yezu de o kwaga tɔgena bam laam ma jwoori ba zo sɔŋɔ. Ba na zo to, ba ma bwei‑o o taane dem bwia. 11O ma ta de-ba o we, “Nɔɔno ná yage o kaane ye o daare o di kaane wodwoŋi, konto tu chɔge o kaane mo ye o keim dem de kabwoŋa ye bedwe. 12Kaane de ná ve o baro ye o vo o zo baro wodwoŋi, o de keim dem de bwoŋa ye bedwe mo.”
Bu-balwa maŋe de Wɛ paare dem
Matiyu 19:13-15; Luka 18:15-17
13Nɔɔna badwonna maa jaane bia ba tui Yezu tei se o daŋe o jea ba baŋa ne. O kwaga tɔgena bam ma zaŋe ba bwɛ-ba se ba yé taa ke konto. 14Yezu ma na ba na ke tei to. O bane ma zaŋe ye o ta de-ba o we, “Yage-na se bia bam taa tui a tei, se á yé zaŋe á che-ba. Kokuri Wɛ paare dem ye banto dwi nyem mo. 15Chega ŋwaane to, nɔɔno ná wo sɛ se Wɛ taa tei‑o ne bu-balaŋa tei, o bá na chwoŋa se o zo Wɛ woro kom wone.”
16Yezu na tage konto to, o laam ma kwei bia bam o ke o ja-kukworo ne. O ma daŋe o jea ba baŋa ne ye o daare o swɛ ba swolim.
Naduna wó wane ba na ŋwea Wɛ tei ne na?
Matiyu 19:16-30; Luka 18:18-30
17Yezu ma zaŋe o maa kɛa. Nɔɔno wodwoŋi ma duri o vo o yi o tei. O ma kuni dwoona o yiga ne ye o we, “Berem tu, n ye nɔn-ŋom. Nam bere-ne kolo amo na wó ke se a wane a na ŋwea kalo na ba jege kweelim Wɛ tei ne to.” 18Yezu ma bwei‑o o we, “Bɛŋwaane mo n tage we, a ye nɔn-ŋom? Nɔɔn-nɔɔno tera o na ye nɔn-ŋom, ko ná dae Wɛ yerane. 19Nmo maŋe n yei Wɛ nia yam na bere kolo to. Yé go nɔɔn-nɔɔno. Yé zaŋe n ke bwoŋa. Yé zaŋe n ŋɔ. Yé fɔ vwa n pa n dwoŋi. Yé pini n dwoŋi. Ta‑n zuli n kwo de n nu.” 20Nɔɔno wom ma ta ded‑o o we, “Berem tu, ko zege amo biini ne mo amo maŋe a tɔge nia yanto maama.”
21Yezu ma nii‑o ye o jege o swono. O ma ta ded‑o o we, “Ko nam ta gɛ ŋo dedoa se n ke. Jwoori sɔŋɔ n kwei woŋo kolo maama n na jege to n yeigi, se n laam kwei sabu kom n ma n woli yiniga tiina. Konto wó pa se n jejegero tiini te puli Wɛ telaao ne. Nmo ná ke konto, se n laam ba n ta‑n tɔge-ne.” 22Nɔɔno wom na nigi konto to, o yiga ma nyɔne. O wo ma chɔge dedɛ, o jejegero tem na tiini te daga to ŋwaane. O ma yage Yezu tei ye o viiri.
23Yezu laam ma pipiri o nii o kwaga tɔgena bam seeni ye o ta de-ba o we, “Naduna ná lage ba zo Wɛ paare dem wone, ko wó taa tiini ko chana ko pa-ba.” 24O kwaga tɔgena bam na nigi konto to, ko ma so-ba. Yezu daa ta ma ta de-ba o we, “A bia bam, nɔɔno ná lage o zo Wɛ paare dem wone, ko wó taa tiini ko chana ko pa kotu. 25Nadum ná lage se o zo Wɛ woro kom wone, ko wó taa chana ko dwoi kone ná lage se de da gare-lwei bɔɔne de nwoŋi.”
26Yezu na tage konto to, ko ma tiini ko so o kwaga tɔgena bam dedɛ, ye ba tɛ daane ba we, “Ko ná ye konto, nɔɔn-nɔɔno bá wane o na ŋwea Wɛ tei ne.” 27Yezu ma nii-ba ye o we, “Nabiina tei ne mo ko bá wane ko ke. Wɛ nam wó pa ko ke. Wɛ wae ŋo maama o ke.”
28Piita laam ma ta ded‑o o we, “Nii. Debam yage dé woŋo maama mo ye dé daare dé tɔge nmo.” 29Yezu ma ta de ba maama o we, “A tɛ abam chega ŋwaane to, nɔɔno wolo maama ná tɔge amo ŋwaane de Wɛ kwor-ywoŋa kam ŋwaane o yage o sɔŋɔ, de o nu-bia, de o nu, de o kwo, de o bia, ko woli de o kare de, 30konto tu wó jwoori o jwoŋi kolo maama o na yage to se ko maŋe de kuni bi mo Wɛ tei ne. Zem da yam ne mo o wó jwoŋi sam, de nu-bia, de niina, de kare, ye o tɔge o na yaara o woli da. Ko daare maŋa kalo na wó ba to, konto tu wó na ŋwea kalo na ba jege kweelim Wɛ tei ne to. 31Ko daare balo na maŋe ba ye yiga tiina to dedɛ wó jwoori ba ji kwaga tiina. Balo de na maŋe ba ye kwaga tiina to wó ba ba ji yiga tiina Wɛ paare dem seeni.”
Yezu daa ŋɔɔne o toone taane
Matiyu 20:17-19; Luka 18:31-34
32Yezu de o nɔɔna bam maa wo chwoŋa ne ba maa vei Jerusalem. Yezu maa wo ba yiga ne o via. O kwaga tɔgena bam maa ye yaau. Nɔɔna balo de na tɔge ba kwaga to maa fomma. Yezu ma pɔɔre o nɔɔna fuga-balei bam kɔgɔ kom wone ye o ta o bere-ba kolo na lage ko ke‑o Jerusalem ne to. 33O maa we, “Ta‑á yei-na, dé na maa vei Jerusalem to, dáane mo ba laam wó ja amo Nabiin-bu wom ba ke Juu tiina kaanem yiga tiina bam de ba zamesem tiina bam jeŋa ne. Nɔɔna bam konto maa wó di a taane se ko bere we a maŋe se a te mo. Ba laam wó kwei-ne ba ke dwi-gɛ tiina jeŋa ne. 34Banto wó ke amo ba mɔne, ye ba twe lileeru ba yage a yera ne. Ba maa wó kwei kaasa ba ma fere-ne, ye ba laam daare ba go-ne. Da yatɔ dɛ ne a maa wó jwoori a bi toone wone.”
Yezu chwoŋa kam tɔge yaara ŋwaane
Matiyu 20:20-28
35Jemsi de Jɔn na ye Zebedi bia bam to déem ma vo Yezu tei. Ba ma ta ded‑o ba we, “Berem tu, dé tu nmo tei mo. Popo, ke woŋo kolo dé na lage to.” 36Yezu ma bwei-ba o we, “Á lage se a ke bɛ mo a pa abam?” 37Ba ma leiri‑o ba we, “Nmo ná tu n ba n di paare, se n pa debam balei jeini nmo tei ne, n jazem ne de n jagwia ne.”
38O ma ta de-ba o we, “Abam tete yeiri á na maŋe á lwoori kolo to. Abam wó wane á tɔge á zo yaara wo, ne amo na lage a ba a na yaara yalo to na? Á wó wane á te ne amo na lage a na toone delo to na?” 39Ba ma leiri‑o ba we, “Ɛɛ, dé wó wane.”
Yezu laam ma ta de-ba o we, “Abam nam wó seene á tɔge á yaare amo yaara yam dwoŋi. 40Ko daare ko ná ye jeiŋa jei amo paare dem ne, amo ba jege chwoŋa se a kuri nɔɔna se ba jeini da. Wɛ nam maŋe o tiŋi jei sem konto se o pa balo na wó jeini da to.”
41O nɔɔna fuga bam na tu ba lɔre ba dwonna balei bam na lwoori kolo Yezu tei ne to, ba bane ma tiini de zaŋe de Jemsi de Jɔn. 42Yezu laam ma bwoŋi ba maama, ye o ta de-ba o we, “Abam maŋe á yei ko na ke tei de balo dwi-gɛ tiina na pae ba ye ba pwa to. Banto yeini ba jege ba nɔɔna ba bɛɛse mo, ye ba dedɛɛra di dam ba baŋa ne. 43Ko nam ná ye abam, ko ba jege se ko taa ye konto á tei ne. Kokuri abam wolo ná boŋe se o ji nɔn-kamunu á wone, konto tu mo jege se o ji tontoŋeno o pa abam. 44Wolo ná boŋe se o ji abam yiga tu, konto tu mo jege se o ji abam maama kabaa. 45Ko ná maŋe ko ye Nabiin-bu wom, amo wo tu se nɔɔna toŋe ba pa-ne. Amo nam tu se a toŋe a pa nabiina, se a daare a kwei a ŋwea a ma leini nɔɔna dedɛ ŋwea Wɛ tei ne.”
Yezu yɔɔre lilwei
Matiyu 20:29-34; Luka 18:35-43
46Yezu de o kwaga tɔgena bam ma vo ba yi teo kodwoŋi, ko yere mo Jeriko. Ba ma tɔge da ba nwoŋi ba maa kɛa. Ba na maa kɛ to, nɔn-kɔgɔ maa tɔge-ba. Nɔɔno wodwoŋi maa wora o na ye lilwei. O yere mo Batimayu, ko kuri mo Timayu bu. O maa jei chwoŋa kam ni ne o lwoora. 47O ma lɔre we ko ye Nazarete tu Yezu mo tɔge dáane o maa kɛa. O laam ma bobo se o laare baŋa baŋa o we, “Yezu, Pɛ David dwi tu, duri amo yiniga!” 48Nɔɔna dedɛ ma bwɛ‑o se o pu o ni. O laam ma tiini o laare dedɛ ye o we, “Pɛ David dwi tu, duri amo yiniga!”
49Yezu laam ma zege ye o ta we, ba bwoŋi‑o se o ba. Ba ma bwoŋi‑o ye ba ta ded‑o ba we, “Zuri n yera se n zaŋe wɛɛne. O bwoi‑m se n ba.”
50Lilwei wom ma le o gare-bwora o faŋe wɛɛne o vo o yi Yezu tei. 51Yezu ma bwei‑o o we, “Nmo lage se a ke bɛ mo a pa nmo?” O ma leiri o we, “Berem tu, amo lage se a jwoori a taa nae mo.” 52Yezu ma ta ded‑o o we, “Nmo na ke n wo-dedoa de amo tei to mo pɛ se n na yazura. Nam vei sɔŋɔ.”
Yezu na tage konto bedwe baŋa ne to mo lilwei wom yia jwoori ya nae. O maa tɔge Yezu kwaga chwoŋa kam ne.",https://www.bible.com/bible/3661/MRK.10.KBG
MAAKE 11,"Yezu zo Jerusalem teo wo
Matiyu 21:1-22; Luka 19:28-40, 45-48; Jɔn 12:12-19
1Yezu de o nɔɔna bam déem ma vo ba twɛ Jerusalem. Ba ma vo ba yi te-balwa balei, ba yera mo Bɛtefage de Bɛtania. Jei sem konto wo Olivi peo kom saŋa ne mo. Yezu ma le nɔɔna balei o kwaga tɔgena bam wone, 2ye o ta de-ba o we, “Véi-na á zo teo kolo na wo abam yiga ne to. Á ná zo teo kom wo, á wó na bona-pɔla na leigi da ye nɔɔn-nɔɔno daa ta wo diini ka baŋa. Véi-na á bwoli-ka á ja ba á pa-ne. 3Nɔɔno ná bwei abam we, ‘Bɛ mo ye á wora á ke konto?’ se á ta ded‑o we, ‘Ko ye dé Teiru wom mo lage-ka. O bá dáane ye o pa ka jwoori ka ba.’ ”
4Ba ma zaŋe ba vo se ba nii. Ba na yi teo kom to, ba ma seene ba na bona-pɔla chwoŋa kam ni ne. Ka leigi mo diga kadwoŋi ni ne. Ba ma vo ba bwoli-ka. 5Nɔɔna badwonna maa zege da. Ba ma ta de Yezu nɔɔna bam ba we, “Bɛ mo ye á lage á bwoli bona-pɔla kam?” 6Ba ma leiri-ba ne Yezu na maŋe o ta tei to. Nɔɔna bam ma sɛ.
7Ba ma kwei bona-pɔla kam ba ja vo ba yi Yezu tei. Ba laam ma le ba gwaaro ba daŋe ka baŋa ne. Yezu ma di ka baŋa, ye ba vei ba maa kɛa. 8Ba na maa kɛ to, nɔɔna dedɛ ma le ba gwaaro ba lware chwoŋa kam ni ne se Yezu tɔge te baŋa o kɛ. Nɔɔna badaara ma vo ba gwoni teeni nɛ de vɔɔro ba de chwoŋa kam ni ne se o tɔge te baŋa o kɛ. 9Nɔɔna balo na wo o yiga ne de o kwaga ne ba vei to maa laare ba tɛ ba we:
“Hozaana! Zula taa wo Wɛ tei ne!
Baŋa Wɛ wó swɛ wolo na tu o yere ŋwaane to swolim.
10Wonto wó taa tei o nɔɔna,
nenɛɛne dé kwo David déem na jege paare tei to mo.
Wɛ wó swɛ o swolim.
Hozaana! Baŋa Wɛ maŋe de tia wɛyuu ne!”
11Yezu ma vo o zo Jerusalem teo kom wo. O ma vo o yi Wɛ diga kam o zo ka wo. O ma kare o nii woŋo maama na ye tei. Wɛ na lage de zo to, o ma jwoori o nwoŋi teo kom ne. O ma tɔge de o nɔɔna fuga-balei bam o vo Bɛtania.
12Tega na poore to, ba ma zaŋe Bɛtania ne se ba jwoori Jerusalem. Yezu kana maa wɔe. 13Ba na maa vei to, o ma tole o na kaporo na zege yiga yiga. Ko déem maŋe ko li de vɔɔro. O ma vo se o nii mɔɔro wora se o di na. O na yi to, o maa wo nɛ kolokolo se vɔɔro yerane, ko na wo yi ko leirim maŋa to ŋwaane. 14O laam ma ta de kaporo kom o we, “Wɛ wó pa se nɔɔn-nɔɔno daa yé na mɔɔro nmo yuu ne o di.” O kwaga tɔgena bam ma ni o na tage kolo to.
15Ba ma vo ba yi Jerusalem. Yezu ma vo o zo Wɛ diga kam wo. O ma na nɔɔna na wora ka konkɔlɔ kom ne ba ke pipiu. O ma bobo se o zeili-ba se ba nwoŋi. O ma ja sabu-leinna bam tabollo tem o pipiri o pu tega ne pa se ba sabia bam jage. O ma daare o yigi yitunnu telo nɔɔna badwonna na jei da ba yeigi kunkwon-puura to o de tega ne. 16O maa wo sɛ se pipim-piina taa zeŋe ba zela ba tɔge konkɔlɔ kom wo ba kɛa. 17O ma bere nɔɔna bam o we, “Ko popone Wɛ tɔnɔ kom ne we, ‘Ba wó taa bwoi amo sɔŋɔ kom we, wara-jei mo na zege dwi maama ŋwaane.’ Abam nam pɛ se ko ji ŋweena tigisim jei.”
18Juu tiina kaanem yiga tiina bam de ba zamesem tiina bam ma ni Yezu na tage kolo to. Ba laam ma kare ba lage chwoŋa se ba wane ba go‑o. Ba ma kɔre foone ded‑o, nɔn-kɔgɔ kom maama na ye yaau de o berem dem to ŋwaane.
19Tega na lage ka yi to, Yezu de o nɔɔna bam ma nwoŋi teo kom ne.
20Tega na poore to, ba maa vei ba maa kɛa. Ba ma na kaporo kom na koga, de ko bonno maama. 21Piita ma guli Yezu ya na tage tei to. O ma ta de Yezu o we, “Berem tu, nii kaporo kom nmo diim na sɔɔle n chɔge-ko to. Ko laam koga.” 22Yezu ma ta de-ba o we, “Fɔge-na á ke á wo-dedoa de Wɛ. 23Chega ŋwaane to, nmo ná tage de peo-kamunu konto we, ko gɔ ko vo ko to naneo kom wone, Wɛ wó pa ko ke. Nmo ná jege boŋem-dɛɔ we nmo na tage kolo to wó seene ko ke, ye n ba jege bobwea, Wɛ wó ke o pa‑m. 24Mo kokuri, ta‑á yei-na we, woŋo kolo maama á na wó lwoori Wɛ tei ne to, se á ta‑á jege boŋem-dɛɔ we á wó seene á na-ko. Konto to, Wɛ wó pa á jwoŋi-ko. 25Maŋa maama abam ná zega á ware Wɛ, ye taane ná wora abam de nɔɔno wodwoŋi laŋa ne, se á kwei á ma chɛ‑o. Á Kwo Wɛ laam wó wane o yage á wɛleera o ma chɛ abam. [ 26Ko daare abam ná wo sɛ se á yage nɔɔna wɛleera á ma chɛ-ba, á Kwo Wɛ de bá ke abam konto.]”
Yezu dam dem nwoŋi yei ne mo?
Matiyu 21:23-27; Luka 20:1-8
27Ba daa ma vo ba yi Jerusalem. Yezu ma vo o zo Wɛ diga kam wo. O maa kare ka wone o beera. Juu tiina kaanem yiga tiina bam, de ba zamesem tiina bam, de ba nakwa bam ma vo o tei. 28Ba ma bwei‑o ba we, “Wɔ mo pɛ nmo chwoŋa se n ke wonnu telo maama n na ke to?” 29O ma leiri-ba o we, “Yage-na se a bwei abam taane dedwe se, á ná leiri-de á pa-ne, se a laam bere abam a na ke tei a jege chwoŋa to. 30A lage a bwei abam a nii, Jɔn na pɛ nɔɔna sɛɛm to, ko ye Wɛ mo pɛ‑o chwoŋa naa nabiina mo?”
31O na bwei-ba konto to, ba maa wora ba bane daane se ba nii ba na wó ta kolo to, ye ba we, “Debam ná leiri dé we, ko ye Wɛ mo, o laam wó bwei debam we, bɛ mo ye dé nam wo sɛ Jɔn taane dem? 32Ko daare, dé bá wane dé ta we ko ye nabiina mo pɛ‑o chwoŋa.” Ba tage konto kolo ŋwaane ba kɔre foone de nɔɔna bam, de ba maama na sɛ we Jɔn seene o ye Wɛ sampwora to. 33Konto ŋwaane ba ma leiri Yezu ba we, “Dé yeiri kotu.” Yezu laam ma ta de-ba o we, “Ko na ye konto to, amo de nam bá ta wolo na pɛ-ne chwoŋa se a taa toŋe to.”",https://www.bible.com/bible/3661/MRK.11.KBG
MAAKE 12,"Nɔɔno de o gaare memaŋe
Matiyu 21:33-46; Luka 20:9-19
1Yezu daa ta ma maŋe memaŋe de-ba o we, “Nɔɔno wodwoŋi mo wora. O ma zaŋe o che gaare, ye o daare o jeiri Vini teeni de wone. O ma daare o ko gwoŋo te-dɛa jei ne se o ná gwori teeni bia bam, se o ke da o nɔ o ŋoke te nyoa bam. O ma daare o chwi da-pala se nɔɔno taa jei da o yere gaare dem. O na fɔge o che-de konto to, o laam ma kwei nɔɔna o yage da se ba taa toŋa, ye o daare o beeri o vo teo kodwoŋi. 2Tio-bia bam gworim maŋa ma yi. O ma toŋe o tontoŋeno se o vo vala bam tei se ba pɔɔre tio-bia bam ba pa‑o. 3Tontoŋeno wom na yi ba tei to, ba ma zi‑o ba mage. Ba ma daare ba pa o viiri de je-yaara. 4Nɔɔno wom daa ma toŋe o tontoŋeno wodwoŋi. O na yi ba tei to, ba ma mage o yuu ba kaare ye ba twe‑o dedɛ. 5O daa ta ma toŋe o tontoŋeno wodwoŋi o woli da. Wonto na yi ba tei to, ba ma mage‑o ba go. Nɔɔno wom ma jwoori o toŋe o nɔɔna dedɛ. Vala bam ma mage ba badwonna. Ba ma go badwonna.
6Ko na ti to, ko daare nɔɔno dedoa yerane mo. Wonto ye o bu mo. O maa jege o swono dedɛ. O ma toŋe‑o ba tei ne o kweeli, ye o boŋe we, ba wó nege wonto. 7Vala bam nam na nɛ‑o to, ba ma bane daane ba we, ‘Mo gaare dem tu bu-kwea kam, ye wonto mo lage o ba o taa tei o kwo wom wonnu. Nam pa-na se dé go‑o, se dé daare dé taa tei o wonnu tem.’ 8Ba laam ma ja‑o ba go, ye ba vaŋe‑o ba ja nwoŋi gaare dem ne ba yage.
9Tɔ. Gaare dem tu wom laam wó ke vala bam konto bɛ mo? O jege se o ba o go-ba, se o daare gaare dem o kwei o pa nɔɔna badwonna se ba taa nii-de. 10Ko popone Wɛ tɔnɔ kom ne we:
‘Kandwɛ delo lɔra na ve to
laam mo jwoori de ba de ji kandwɛ delo na pae diga kam dana to.
11Konto ye Baŋa Wɛ keim mo.
Ko maa ye wo-kenkagele ko pa debam.’
Abam nam maŋe á wo gage konto na?”
12Juu tiina yiga tiina bam na nigi konto to, ba ma lɔre we o maŋe memaŋe dem banto ŋwaane mo. Konto to, ba ma kwaane ba lage chwoŋa se ba ja‑o. Ba ma ware, ba na kɔre foone de nɔn-kɔgɔ kom to ŋwaane. Ba ma yage‑o ye ba daare ba viiri.
Lampwoo ŋweem
Matiyu 22:15-22; Luka 20:20-26
13Juu tiina bam déem ma le Farisi tiina badwonna de Pɛ Herodi kwaga nɔɔna badwonna se ba vo Yezu tei. Ba maa lage se ba pa o ŋɔɔne o tusi se ba wane ba ja‑o. 14Ba ma yi o tei ye ba ta ded‑o ba we, “Berem tu, dé yei we nmo ye chega tu mo. Nmo yiga tera de nɔɔna na boŋe kolo ba pa nmo to, ye n ta ba pɔɔre nɔɔna daane de n na ke-ba tei to. Nmo nam yeini n bere nɔɔna Wɛ chwoŋa chekke. Dé lage dé bwei dé nii, debam Juu tiina ná ŋwe lampwoo dé pa logo kom Pa-faro wom, ko chɔge debam chullu na? Dé wó ŋwe naa dé bá ŋwe?”
15Yezu maŋe o yei ba na ye pipiri-nyena tei to. O ma ta de-ba o we, “Bɛ nam mo ye á lage se á ja-ne? Nam bere-ne sabu-dale se a nii.” 16Ba ma le sabu-dale dem ba bere‑o. O ma nii ye o bwei-ba o we, “Wɔ nyenyego de o yere mo ba sare ba yage de baŋa ne?” Ba ma leiri‑o ba we, “Ko ye Pa-faro wom mo.” 17Yezu laam ma ta de-ba o we, “Ko lamma. Á nam ta‑á ŋwe kolo na ye Pa-faro wom nyem to á pa‑o, se á daare á ta‑á pae Wɛ kolo de na ye o nyem to.”
O na leiri-ba konto to, ko ma so-ba dedɛ.
Wɛ telaao ŋwea na wó taa ye tei to
Matiyu 22:23-33; Luka 20:27-40
18Saduka tiina badwonna déem ma zaŋe ba vo Yezu tei. Banto mo bere we, nɔɔno ná tega, o daa bá jwoori o bi. 19Ba ma vo ba ta de Yezu ba we, “Berem tu, Moses déem na popone kolo o tiŋi o pa debam to, o bere we, nɔɔno zembaaro ná tega ye o daare kaane, ba ná wo loge bia, too wom nyaane mo jege se o di kaane wom se ba wane ba lo bia zembaaro wom ŋwaane. 20Tɔ. Nu-bia barepɛ ya mo wora. Ba nakwe wom ma di kaane. Kaane wom ma te o daare‑o ye o wo loge bu. 21Wolo na saŋe to laam ma di kadeim dem. O de ma te o daare kaane wom ye bu tera. Ko ma ke batɔ tu wom bedwe mo. 22Ba maama barepɛ di kaane wom, ye ba wo loge bia. Ba maama na tege to, kaane wom de laam ma te. 23Ba maama barepɛ na di kaane wom to, ba laam ná tu ba bi toone wone, banto wɔ mo wó taa tei kaane wom?”
24Yezu ma leiri-ba o we, “Abam tiini á tusi mo. Abam maŋe á wo lɔre Wɛ tɔn-dwoŋo kom berem dem, ye á ta yeiri Wɛ dam dem na ye tei to. Ko dae konto na? 25Nɔɔna ná tu ba bi toone wone, banto lage ba taa nye de Wɛ malese sem na ye tei to mo, ye ba ba di kaana, naa ba zo banna de. 26Ko nam ná ye twa na wó bi toone wone tei to, Moses na popone kolo o tiŋi to bere we nɔɔna wó seene ba bi. Abam maŋe á wo gage kolo Wɛ na tage de Moses o na veere o tete sabare wone maŋa kalo to na? Wɛ déem tage de Moses o we, ‘Amo ye Abaraham Wɛ, de Izaak Wɛ, de Jakob Wɛ mo.’ 27Ko bere we banto daa ta jege ŋwea mo o tei ne, kolo ŋwaane Baŋa Wɛ ye ŋwea tiina nyem mo se o dae twa nyem. Mo kokuri, á tiini á tusi de á na boŋe tei to.”
Wɛ nia yam wone dɔ mo dana de dwoi maama?
Matiyu 22:34-40
28Ba na wora ba ŋɔɔne daane konto to, Wɛ nia yam zamesem tu wodwoŋi ma ba ba tei. O ma ni ba taane dem. O ma lɔre we Yezu tiini o kwaane de o na leiri Saduka tiina bam tei to. O laam ma bwei Yezu o we, “Wɛ nia yam maama wone dɔ mo dana de dwoi?” 29Yezu ma leiri‑o o we, “Wɛ ni delo na ye wo-chɛɔ de dwoi maama to mo tento: ‘Isarele tiina bam, cheigi-na. Dé Yuu-tu Baŋa Wɛ ye debam Teiru, ko ye wonto yerane. 30Ta‑n swoi n tu Baŋa Wɛ wom de n bochare maama, de n wo maama, de n boboŋa maama, de n dam maama.’ 31Wɛ ni delo na saŋe to mo tento: ‘Ta‑n swoi n dwoŋi se ko maŋe de n na swoi n tete tei to.’ Wɛ ni dedwoŋi daa tera de na dana de dwoi nia yalei yam konto.”
32Wɛ nia yam zamesem tu wom ma ta de Yezu o we, “Berem tu, n tage chega. Nmo na tage we Wɛ dedoa yerane mo wora ye o dwoŋi tera to, ko ye chega mo. 33Ko maŋe se dé taa swoi‑o de dé wo maama, de dé boboŋa maama, de dé dam maama, ye dé daare dé taa swoi dé dwonna se ko maŋe de dé tete. Dé ná ke konto, ko bere we dé ke lanyerane ko dwoni dé ná ke zwɛɛm kaanem naa kaanem dwi delo maama dé pa Wɛ.”
34Yezu ma lɔre we o leiri taane dem de boboŋ-dɛɛra. O laam ma ta ded‑o o we, “Ko daare fenfee yerane se n zo Wɛ paare dem wone.”
Ko maa zege maŋa kam konto ne nɔɔna maama maa kɔre se ba daa bwei‑o taane.
Yezu bere nɔɔna Wɛ diga kam wone
Matiyu 22:4-46; 23:1-36; Luka 20:41-47; 21:1-4
35Yezu déem maa wo Wɛ diga kam konkɔlɔ kom ne o bere nɔɔna, ye o ta o we, “Wɛ ni-dwoora zamesem tiina bam yeini ba bere we, Wɛ Dam Tu Krista ye Pɛ David dwi tu mo. Ko nam wó wane ko taa ye konto na? 36Wɛ Sin-laao kom nam pɛ se David tete ta o we,
‘Yuu-tu Baŋa Wɛ tage de amo Teiru wom o we:
Ba n jeini amo jazem seeni
se a laam wane nmo dona bam maama
a ke nmo dam kuri ne se n ta‑n tei-ba.’
37David tete na seene o bwoŋi Wɛ Dam Tu wom we, o Teiru to, dé nam wó ke tɛ mo ye dé daa ta bwoi‑o we David dwi tu?”
Yezu na bere Wɛ chega kam tei to ma pa se nɔn-kɔgɔ kolo na jei ba cheigi to wo pwoli dedɛ.
38O daa ta ma bere-ba o we, “Ta‑á cho-na á tete de Wɛ nia zamesem tiina bam. Banto swoi se ba zo gare-dedwaaro se ba taa beera ye nɔɔna nii-ba. Ba ná vei yaga, ba lage se nɔɔna maama taa tui ba zuli-ba. 39Ba ná yeini ba zo ba jeerim di sem, ba wó taa lage jei-kamunu mo se ba jeini yiga ne. Ba ná vei nɔɔno sɔŋɔ se ba di kuri, ko ye jei-laao jeiga ne mo ba lage se ba jeini da. 40Ba maa yeini ba gane kadeina ba jwoŋi wonnu ba tei ne. Ba maa bere ba tete de ba na tiini ba ware Wɛ tei to. Konto ŋwaane Wɛ wó tiini o waare-ba dedɛ.”
41Yezu ma vo o jeini tega ne Wɛ diga kam wone, jeiga kalo Wɛ pɛɛra dakaa kam na wora to. O maa jei o nii nɔɔna bam na vei ba de ba sabia ka wone tei to. Naduna dedɛ ma ba ba de sabu-fɔrɔ ba yage da. 42Kadeim wodwoŋi laam ma tɔge da, o na ye yiniga tu. O ma ja sabu-dala-balɛ selei o vo o de da. Ko maa ye sabu fenfee yerane mo. 43Yezu na nɛ to, o ma bwoŋi o kwaga tɔgena bam se ba ba o tei, ye o ta o we, “A tɛ abam chega ŋwaane to, kadeim wonto de sabu ko dwoi nɔɔna balo maama na de da to. 44Banto maama le ba sabu-daara wone mo ba pa Wɛ. Kadeim wom nam na ye yiniga tu to, o ma kwei woŋo kolo maama o na jege se o ma yeigi o ni-wodiu to o de da.”",https://www.bible.com/bible/3661/MRK.12.KBG
MAAKE 13,"Lɛɛro telo na wó ba logo baŋa to
Matiyu 24:1-28; Luka 21:5-24
1Yezu laam ma zaŋe se o nwoŋi Wɛ diga kam wone. O na maa kɛ to, o kwaga tɔgena bam dedoa ma ta ded‑o o we, “Berem tu, nii kandwa yanto ba na mɛ ba lɔ diga kam to na lana tei. Nii ka lɔɔm dem na dana tei to.” 2Yezu ma leiri‑o o we, “Nmo seene n nae diga kam na daga tei to na? Ka maama nam wó ba ka to ka saare tega ne. Kandwɛ daa bá daare de dwoŋi baŋa ne.”
3Yezu déem ma vo o jeini Olivi peo kom yuu ne. Wɛ diga kam maa wo o yiga ne yiga yiga. O na jei konto to, Piita de Jemsi de Jɔn de Anduru yerane ma vo o tei, ye ba bwei‑o ba we, 4“Maŋa kɔ mo wonnu tento lage te ke ye Wɛ diga kam chɔge konto? Bɛ mo lage ko ke maana ko pa debam se dé lɔre we wonnu tento maama lage te ji chega?”
5Yezu ma leiri-ba o we, “Fɔge-na á che á tete, se á yé pa nɔɔn-nɔɔno gane abam. 6Nɔɔna dedɛ wó ba abam tei ba ma amo yere ba ta de abam we, banto dedoa dedoa mo ye amo, Wɛ Dam Tu wom. Konto dwoŋi mo ba wó gane nɔɔna dedɛ. 7Á wó ba á na tigura na wora abam jei sem ne, ye á kwori á ni ka ŋwa teene dedwonna ne. Á nam ná lɔre konto, se á yé pa lwia taa jege abam. Wonnu tem konto jege se te ke mo, se ko dae we ko yi logo tiim mo. 8Logo baŋa dwi tiina wó zaŋe ba ke jara de ba dwonna dwi-gɛ tiina, ye teo de ko dwoŋi teo wó zaŋe te mage jara. Tega maa wó ziziŋi jei sedwonna ne, ye kana de wó ba ka taa wora jei dedɛ ne. Yaara yam konto maama nam nye de kaane na bobo se o taa wɔe puga, ye cham daa ta wo kwaga ne to mo.
9Á fɔge á che á tete. Nɔɔna wó ja abam ba vo ba saŋe nakwa tei ne. Ba ta wó ja abam ba fere ba jeerim di sem wone. Abam nam na tɔge amo to, ba wó ja abam ba vo ba saŋe dedɛɛra de pwa tei ne. Konto mo á wó na chwoŋa se á bere-ba Wɛ chega kam. 10Ko nam fe mo se ba da yiga ba tɔɔle Wɛ kwor-ywoŋa kam ba bere logo baŋa dwi tiina maama, se ko lwoori wonnu maama kweelim. 11Maŋa maama ba ná jaane abam ba vo ba saŋe ba nakwa yiga ne, á yé ta‑á jege lwia de á na wó ta kolo to. Abam na wó ba á zege ba yiga ne maŋa kalo to, se á laam ŋɔɔne botare selo Wɛ na wó pa abam to. Ko bá taa ye abam tete taane, se ko ye Wɛ Sin-laao kom mo wó pa á ŋɔɔne. 12Nɔɔna badwonna wó ja ba tete chorro ba ke nɔɔna jeŋa ne se ba go-ba. Kwoa de wó ke ba bia konto dwoŋi. Bia de wó zaŋe ba tiina baŋa ne ye ba pa ba ja-ba ba go. 13Nɔɔna maama wó taa chuli abam, á na ye amo nyem to ŋwaane. Wolo maama nam ná tiini o jege pu-dɛa se ko vo ko kweeli, Wɛ wó jwoŋi konto tu ŋwea.
14Abam nam wó ba á na wo-zɔɔne delo na chɔge Wɛ yere to na wó ba ko zege jei selo na wo maŋe se ko taa wora to ne.” A tɛ abam wolo ná gaga, se n kwaane n ni ko kuri lanyerane.
“Abam ná nɛ wo-lɔŋɔ kom konto, se abam balo na zoore Judea ne to ke lela á nwoŋi á duri á vo peero jei á seigi da. 15Nɔɔno nam ná wo nayuu ne, se o yé tu o zo diga wo se o kwaleme o zela o ja nwoŋi. 16Nɔɔno wolo nam ná wo kara ne, se o daa yé jwoori sɔŋɔ se o kwei o gare-laao o zo. 17Kanto maŋa kam ne ko wó tiini ko taa ye lɛɛro kaana balo na jege pwi to tei ne, de balo na jege bia ye ba ŋɔge yele to tei ne. 18Nam ta‑á lwoori-na Wɛ se cham dem konto yé ba doa nenem maŋa ne. 19Kokuri yaara yalo na lage ya ba da yanto ni ne to wó taa tiini ya chamma ya dwoi yalo na maŋe ya ke boboa ne ye Wɛ ke logo se ko ba ko yi zem to. Yanto nam ná kea, ya dwoŋi daa tera ya na wó ba konto dwoŋi. 20Baŋa Wɛ ya ná wo pɛ se yaara yam da yam tiri, nɔɔn-nɔɔno ya bá wori. Ko nam ye Wɛ tete nɔɔna balo o na kuri to ŋwaane mo o lage o pa se yaara yam da yam tiri.
21Kanto maŋa kam ne, nɔɔno wolo maama ná tage de abam o we, ‘Nii Wɛ Dam Tu Krista wom, o wo ywo-seeni’, se á yé sɛ konto tu. 22Nɔɔna badaara wó zaŋe ba bere we ba ye Wɛ Dam Tu Krista wom ye ba dae, ye badwonna de bere we banto mo ye Wɛ sampwori ye ba dae. Ba maa wó ke wo-kenkagela de maana, ye chwoŋa ya ná wora, yanto ya wó wane ya soge Wɛ tete nɔɔna balo o na kuri to. 23Ta‑á cho-na á tete. Amo wuuri a ta a bere abam wonnu tem maama mo ye te maŋa kam ta wo yi.
Nabiin-bu wom wó pɔpɔ o ba logo baŋa
Matiyu 24:29-44; Luka 21:25-36
24Yaara yam konto ná ke ya ti da yanto wone,
‘Wea kam laam wó ji nazwono tim-tim.
Chana kam de daa bá fuŋi pwooni.
25Chalechwe sem de wó kwori wɛyuu ne se to,
ye wɛ-baŋa de wó ziziŋi pa se ko wonnu maama leiri.’
26Maŋa kam konto ne nɔɔna wó na Nabiin-bu wom na maa beene logo baŋa to. O wó taa wo kunkwonnu baŋa ne o beena de dam, ye nenɔŋ-fɔrɔ tiini ko wo o tei ne. 27O laam wó pa se o malese sem nwoŋi se ba se zege logo baŋa dɛ sena sem ne se la o nɔɔna balo Wɛ na kuri tega baŋa de wɛyuu jei maama ne to se ke daane.
28Nam maane-na á nii kaporo na ye tei to. Konto ná yeini ko wora ko kwi vɔɔro, á yeini á lɔre we ko twɛ yadɛ maŋa mo. 29Ko maa ye bedwe mo de á ná nɛ wonnu telo amo na tage a bere abam to ná wora te ke, se á lɔre we maŋa kam laam twɛ ka ti mo. 30A tɛ abam chega ŋwaane to, wonnu tem konto maama wó ba te ke ye abam dwi dem ta wo ti. 31Wɛyuu de tega baŋa maama wó ba te jei, ye amo taane dem ta wó taa jege chega se ko taa vei wuu.
32Nɔɔn-nɔɔno nam yeiri dɛ delo Nabiin-bu wom na lage o jwoori o ba to, ye nɔɔn-nɔɔno yeiri dɛ dem wone maŋa kam o na wó ba to, ko ná maŋe ko ye Wɛ malese sem naa o Bu wom tete de. Ko nam ye amo Kwo Baŋa Wɛ yerane mo yei. 33Á ta‑á fɔge á cho á tete, se á yeiri maŋa kam ko na wó ke to. 34Ko na wó taa ye tei to, ko nye de sɔŋɔ tu na nwoŋi se o beeri o vo yiga yiga tei to. O ma pa o tontoŋena bam ni se ba taa nii o sɔŋɔ kom baŋa ne. O ma pa ba maama dedoa dedoa ba totoŋe. O ma ta de ba dedoa se o taa wo manchwoŋo ni ne o fɔge o nia. 35Abam de jege se á fɔge á ta‑á nii konto dwoŋi mo. Á yeiri maŋa kalo sɔŋɔ tu wom na wó jwoori o ba to. O nam wó wane o ba dedaan-ni ne, naa tete kokoro ne, naa te-pora ni ne, naa wɛ-puli maŋa ne. 36Konto to, o ná pɔpɔ o ba lela, á yé pa se o ba o peere abam de á tigi á dɔa. 37Amo tɛ de abam de nɔɔna maama we, á jege se á ta‑á cho á tete mo.”",https://www.bible.com/bible/3661/MRK.13.KBG
MAAKE 14,"Kaane wodwoŋi na ke tei o zuli Yezu to
Matiyu 26:1-16; Luka 22:1-6; Jɔn 11:45-53; 12:1-8
1Ko déem daare da yalei mo se Atɔgebabaŋa kuri dem yi. Ko maa ye Bworobworo-memene kuri dem, Juu tiina bam na yeini ba di bworobworo kolo na ba jege sabɔle to mo. Juu tiina kaanem yiga tiina bam de ba zamesem tiina bam maa kwaane ba lage chwoŋa se ba ke swa ba ma ja Yezu se ba go. 2Ba maa we, “Dé nam ba jege se dé ja‑o kuri dem maŋa ne, se ko wó ja bobɔga ko ba nɔɔna bam wone.”
3Yezu déem maa wo Bɛtania ne nɔɔno wodwoŋi sɔŋɔ ne. Nɔɔno wom yere mo Simon. Wonto déem ya ye nayɔŋɔ mo. Yezu maa wora o di wodiu ded‑o. Kaane wodwoŋi ma ba o tei. O maa jege kaboa ye ka su de terale nuga kalo sabu na daga to. Ba mɛ nuga kalo yere na ye ‘naade’ ye ka tiini ka lana to mo ba ke terale dem konto. O ma kwei kaboa kam o lɔ ye o daare o lwo nuga kam Yezu yuu ne se o ma ke‑o zula. 4Balo na tɔge ba wora to badwonna na nɛ konto to, ba maa ba jege wopwolo, ye ba tɛ daane ba we, “Bɛ mo ye o chɔge nuga kam konto? 5Dé ya wó wane dé yeigi-ka dé na sabu-fɔrɔ, nenɛɛne ywollu bia yatɔ tei, se dé ma woli yiniga tiina.” Ba ma tiini ba bwɛ kaane wom de o keim dem.
6Yezu ma ta de-ba o we, “Á nam yage‑o. Bɛ mo ye á jege‑o á daana? O na ke-ne zula tei to nam ye keim-laao mo o ke o pa-ne. 7Ko nam ná ye yiniga tiina, banto wó taa wora maŋa maama mo ye abam wae á ta‑á pa-ba zeinim. Ko daare amo bá taa wora de abam taa taa. 8Kaane wonto ke-ne nenɛɛne o na jege chwoŋa se o ke tei to. O na lwogi nuga kam amo yera ne tei to bere we o wuuri o kwɛ amo yera yam mo se ba laam kwei-ne ba suli. 9A tɛ abam chega ŋwaane to, ba na wó tɔɔle amo kwor-ywoŋa kam logo baŋa jei selo maama ne to, nɔɔna wó ta kaane wom konto taane se ba taa guli o gula.”
10Judas Yisakara laam ma zaŋe o nwoŋi. Wonto ye Yezu nɔɔna fuga-balei bam wo dedoa mo. O ma vo Juu tiina kaanem yiga tiina bam tei se o bere-ba chwoŋa se ba wane ba ja Yezu. 11Ba na nigi o na tage kolo to, ba wo ma pwoli dedɛ. Ba ma ke ni ded‑o we, ba wó pa‑o sabu. O laam maa kwaane o lage chwoŋa se o ja Yezu o ke ba jeŋa ne.
Yezu di kuri wodiu de o kwaga tɔgena bam
Matiyu 26:17-30; Luka 22:7-23; Jɔn 13:21-30; 1 Korinti 11:23-25
12Ko ma ba ko yi dɛ delo ba na bobo se ba di bworobworo kolo na ba jege sabɔle ko wone to. Dɛ dem konto ne Juu tiina bam yeini ba go pipeili mo ba di Atɔgebabaŋa kuri dem. Yezu kwaga tɔgena bam ma vo ba bwei‑o ba we, “Nmo lage se dé vo jeiga kɔ mo se dé kwɛ woŋo maama dé pa nmo se dé di Atɔgebabaŋa kuri dem?”
13O ma le o kwaga tɔgena bam balei se ba vo ba nii, ye o ta de-ba o we, “Zaŋe-na á vo teo kom wo. Á ná yi da, nɔɔno wodwoŋi wó jeeri abam o na zeŋe kɔɔro de na. Tɔge-na o kwaga. 14O ná zo sɔŋɔ kolo, se á zo á ta de kotu we, ‘De Berem tu lage o bwei o nii, veira diga kalo omo na wó jeini da de o kwaga tɔgena bam se ba di Atɔgebabaŋa kuri dem wodiu to wo yei ne mo?’ 15Á ná bwei‑o konto, o laam wó bere abam wɛyuu diga. Ka wó taa daga lanyerane, ye ka jege woŋo kolo maama dé na lage to ka wone. Véi-na á kwɛ kuri dem wonnu tem á ti se dé laam ba.”
16O kwaga tɔgena balei bam laam ma zaŋe ba vo teo kom wo. Ba ma na woŋo maama ne Yezu na maŋe o ta tei to. Ba ma kwɛ Atɔgebabaŋa kuri dem wodiu kom ba ti.
17Tega ma ba ka yi. Yezu ma ba o zo diga kam, de o nɔɔna fuga-balei bam. 18Ba ma jeini se ba di wodiu kom. Ba na wora ba di to, Yezu laam ma ta o we, “A tɛ abam chega ŋwaane to, abam dedoa mo lage o yeigi amo o pa nɔɔna. Ko ye abam balo na tɔge á di de amo to dedoa mo.” 19Ba na nigi konto to, ko ma pa ba wo chɔge dedɛ. Ba maa bwei‑o ba saŋe daane we, “Ko nam dae amo mo n tɛ konto, se wɔ mo nam?”
20O ma leiri-ba o we, “Ko ye abam fuga-balei bam wo dedoa mo. Ko seene ko ye wolo na tɔge de amo o lu bworobworo zoŋa dedoa wone to mo. 21Ko nam jege se Nabiin-bu wom vo o te se ko maŋe de Wɛ tɔnɔ kom na maŋe ko bere o taane tei to mo. Ko nam wó taa ye lɛɛro mo ko pa nɔɔno wolo na wó yeigi Nabiin-bu wom o pa to. Ba ya ná wo loge nɔɔno wom konto, ko ya gara o tei ne.”
22Ba na wora ba di maŋa kalo to Yezu ma kwei bworobworo ye o ke Wɛ lei ko ŋwaane. O ma daare o fɔ-ko o pa o kwaga tɔgena bam ye o we, “Jwoŋi-na, se konto ye a yera yam mo.”
23O daa ma kwei zoŋa de ka wo sa-soŋo, ye o ke Wɛ lei ko ŋwaane. O ma kwei o pa-ba, ye ba maama nyɔ. 24O maa we, “Banto mo ye a jana balo na bere we Wɛ ni-gwonim dem jege bu, ye ba jege se ba pwori se ko jwoŋi nɔɔna dedɛ ŋwea. 25A tɛ abam chega ŋwaane to, amo daa bá nyɔ sana banto dwoŋi se ko taa vei maŋa kam amo na wó jeini Wɛ woro kom wone se a laam nyɔ sa-doora dáane to.”
26Ba laam ma leeni ba zuli Wɛ, ye ba daare ba nwoŋi ba kɛ Olivi peo kom seeni.
Yezu wuuri o bere Piita na wó ve‑o tei to
Matiyu 26:31-35; Luka 22:31-34; Jɔn 13:36-38
27Yezu ma ta de-ba o we, “Abam maama wó jwoori amo kwaga ne, ne Wɛ tɔnɔ kom na maŋe ko bere tei we:
‘Amo Wɛ wó chɔge nayero wom,
pa se o pei sem maama jage.’
28Ko daare, Wɛ ná jwoori o bi-ne, amo wó lwoori abam a vo Galili.”
29Yezu na tage konto to, Piita ma ta o we, “Nɔɔna maama ná maŋe ba jwoori nmo kwaga ne, amo bá fɔge a ke konto.” 30Yezu ma leiri‑o o we, “A tɛ nmo chega ŋwaane to, zem tete dento ye chebɛɔ ta ná wo keeri kuni belei, nmo wó fo kuni betɔ we n yeiri amo.”
31Piita laam ma fɔge o ta de baare o we, “Amo bere a bá fo we a yeiri nmo, ko ná maŋe ko ye ba ná lage ba go amo de nmo maama de.” Ba maama de ma ta konto dwoŋi.
Yezu tiini o lwoori o Kwo Wɛ
Matiyu 26:36-46; Luka 22:39-46
32Ba laam ma zaŋe ba vo jei sedwoŋi gaare na wora ye ba bwoi-se we Gɛsemane to. Yezu ma ta de o kwaga tɔgena bam o we, “Ta‑á jei-na ywo se a vo a ware Wɛ.” 33O ma pa Piita de Jemsi de Jɔn tɔge‑o ba vo. O wo ma chɔge dedɛ ye o yera sɔɔre. 34O ma ta de-ba o we, “Amo wo mo tiini ko chɔge se ko yi a toone. Á nam zege ywo á ta‑á nia.”
35O laam ma fofɔ o vo dáa. O ma vwi o yibia tega ne o wora o lwoori Wɛ we, o ná sɛ, o nam pa se yaara maŋa kam kɛ ka daare‑o. 36O ma lwoori Wɛ o we, “Amo Kwo, Baba, nmo wae woŋo maama n ke. Nam pa cham delo na lage de ba amo baŋa ne to kɛ de daare-ne. Nam ke kolo na tɔge nmo boboŋa to, ye ko dae amo boboŋa na lage kolo to.”
37O na ti to, o ma jwoori o vo o tɔgena batɔ bam tei. O ma na we ba tigi ba dɔa. O ma ta de Piita o we, “Simon, n tigi n dɔ mo na? Bɛ mo ye n ware n ta‑n nia se ko maŋe de awa dedoa yerane? 38Fɔge-na á che á tete se á ta‑á lwoori Wɛ, se á yé na cham delo na wó soge á boboŋa to. Á boboŋa lage se ya sɛ Wɛ ye á yera laam bwona.”
39O ma jwoori o yage-ba, ye o vo o lwoori Wɛ, ne o ya na maŋe o ta kolo to. 40O daa ma jwoori o vo o na de ba ta dɔa, dɔɔm na tiini de wae-ba to ŋwaane. Ba maa yeiri ba daa na wó ta kolo ba bere‑o to. 41O daa ma vo o lwoori Wɛ o ke kuni betɔ ye o jwoori ba tei. O laam ma ta de-ba o we, “Á ta tigi á dɔa mo na? Ko maŋe. Nii-na! Maŋa kam yia se ba ja Nabiin-bu wom ba ke nɔn-chechɔgero jea ne. 42Zaŋe-na se dé vo. Nɔɔno wolo na lage o yeigi-ne o pa to maa beena.”
Ba jaane Yezu
Matiyu 26:47-56; Luka 22:47-53; Jɔn 18:3-11
43Yezu ta na wora o ŋɔɔne konto to, Judas wolo na ye o nɔɔna fuga-balei bam wo dedoa to laam ma ba o yi. Nɔn-kɔgɔ ma tɔge ded‑o ko ba, ye ba zei se-zɔɔro de da-lwanno. Ko maa ye Juu tiina kaanem yiga tiina bam, de ba zamesem tiina bam, de ba nakwa bam mo toŋe-ba. 44Judas ya maŋe o pa kɔgɔ kom maanem se ba ma ja Yezu ye o we, “Amo ná vei a kukwori nɔɔno wolo, se á vo á ja konto tu ye á fɔge á che‑o á ja viiri.”
45O laam ma yɔɔre o vo o yi Yezu tei ye o we, “Berem tu.” O ma daare o kukwori‑o lanyerane. 46Nɔɔna bam laam ma ba ba zi Yezu ba ja lanyerane. 47Nɔɔna balo na tɔge ba wo Yezu tei ne to dedoa ma le o seo o ma zage kaanem yuu tu wom tontoŋeno zwɛ o de tega ne. 48Yezu laam ma bwei kɔgɔ kom o we, “Abam na kwei seene de da-lwanno á ba se á ja amo to, amo ye ŋweeno mo na? 49Dɛ maama amo yeini a wo abam tei ne mo ye a bere nɔɔna Wɛ diga kam ne. Abam nam maa wo jaane-ne. Ko nam jege se ko ke tento dwoŋi se ko pa kolo na maŋe ko popone Wɛ tɔnɔ kom ne to ji chega.”
50O nɔɔna bam maama na nigi konto to, ba ma duri ba viiri ba daare‑o.
51Nɔn-doŋo kodwoŋi maa wora, o na tɔge Yezu. O ma zo gare-jale yerane. Ba ma kwaane se ba ja‑o. 52O ma vere o tete o daare o gɔrɔ kom o yage, ye o duri o viiri kalambwolo.
Ba ŋɔɔne Yezu taane
Matiyu 26:57-68; Luka 22:54-55, 63-71; Jɔn 18:12-14, 19-24
53Ba ma ja Yezu ba vo kaanem yuu tu wom sɔŋɔ. Juu tiina kaanem yiga tiina bam de ba zamesem tiina de ba teo kom nakwa bam maama ma gilimi jeiga kam ne. 54Piita ma dale o tɔge ba kwaga o da o vo o yi kaanem yuu tu wom sɔŋɔ. O ma zo konkɔlɔ kom o vo o jeini de sɔŋɔ kom tontoŋena bam ye o tɔge o weeri mini.
55Juu tiina kaanem yiga tiina bam de ba nakwa kɔgɔ kom maama maa kwaane se ba lɔre chwoŋa kalo ba na wó da ba ma saŋe Yezu se ba laam pa o te to. Ba ma kwaane taa ba ga. 56Nɔɔna dedɛ ma zaŋe ba fɔ vwa ba pa‑o, ye ba na tage kolo to maama wo sɛ woŋo dedoa. 57Ko kwaga seeni nɔɔna badaara ma zaŋe wɛɛne ye ba fɔ vwa ba pa Yezu ba we, 58“Dé nigi nɔɔno wonto na tage o we, ‘Ko ná ye Wɛ diga kanto nabiina na lɔge-ka to, amo wó yigi-ka a de tega ne, ye a jwoori a ma da yatɔ a lɔ kadwoŋi ye kanto dae nabiina mo wó lɔ-ka.’ ” 59Nɔɔna bam na maŋe ba ta konto to, ba daa ta wo wane ba sɛ woŋo dedoa.
60Kaanem yuu tu wom laam ma zaŋe ba maama tetare ne, ye o bwei Yezu o we, “Nɔɔna banto balei na tage kolo ba pa nmo to, nmo ba jege taane se n leiri na?” 61Yezu ma chem ye o wo leiri kolokolo. Kaanem yuu tu wom ma jwoori o bwei‑o o we, “Nmo ye Wɛ Dam Tu Krista na ye Nenɔŋa Tu Baŋa Wɛ Bu mo na?” 62Yezu ma leiri o we, “Ɛɛ, amo mo konto. Nam ta‑á yei-na we, á wó ba á na Nabiin-bu wom na jei Dam-fɔrɔ Tu Baŋa Wɛ jazem seeni, ye á ta daare á na‑o o na nwoŋi Wɛ telaao ne o maa beene de kunkwonnu.”
63Kaanem yuu tu wom na nigi konto to, o ma zaŋe o kaare o tete gwaaro se ko bere we o wo chɔge de Yezu taane dem. O ma ta o we, “Dé daa ba lage se nɔɔna zaŋe ba ŋɔɔne o taane. 64Abam maama maŋe á ni o na ŋɔɔne Wɛ o chɔge de o na pa se o ma de Wɛ to. Konto to, abam we bɛ mo?” Ba maama ma sɛ we o maŋe se o te mo. 65Nɔɔna badaara ma twe lileeru ba yage o yera ne. Ba ma kwei gɔrɔ ba pu o yia ye ba daare ba mage‑o. Ba maa we, “Lɔre n bere debam wolo na mage‑m to.”
Soja tiina bam ma ja‑o ye ba jege‑o ba maga.
Piita seene o ve Yezu kuni betɔ
Matiyu 26:69-75; Luka 22:56-62; Jɔn 18:15-18, 25-27
66Piita ya daa ta tɔge o jei konkɔlɔ kom ne. Kaanem yuu tu wom sɔŋɔ ka-nyaane ma tɔge da o maa kɛa. 67O ma na Piita na jei o weeri mini. O ma fɔge o nii‑o lanyerane, ye o we, “Nmo de tɔge de Nazarete tu Yezu mo.” 68O ma fo o we, “Amo yeiri woŋo kolo n na tɛ to. A ba ni ko kuri.”
O ma zaŋe o nwoŋi o vo manchwoŋo ni. Chebɛɔ ma pɔpɔ ko keeri. 69Ka-nyaane wom daa ma na‑o. O daa ta ma ta de nɔɔna balo na zege da to o we, “Nɔɔno wonto tɔge o ye ba kɔgɔ kom wo dedoa mo.” 70O daa ma fo we o dae.
Ko na ke fee to, nɔɔna balo na zege da to ma ta de Piita ba we, “Nmo seene n ye ba wo dedoa. Nmo de ye Galili tu mo.” 71O laam ma sɔɔle o pa o tete se ko bere o chega ye o we, “Amo bere a yeiri nɔɔno wolo á na tɛ o taane to.”
72O na tage konto to, chebɛɔ laam ma pɔpɔ ko keeri ko ke kuni belei. Piita laam ma guli Yezu ya na tage kolo ded‑o o we, “Chebɛɔ ta ná wo keeri kuni belei, nmo wó fo kuni betɔ we n yeiri amo.” O na guli konto to, o wo ma tiini ko chɔge dedɛ ye o keeri lanyerane.",https://www.bible.com/bible/3661/MRK.14.KBG
MAAKE 15,"Pilata bwei Yezu taane
Matiyu 27:1-2, 11-26; Luka 23:1-5, 13-25; Jɔn 18:28–19:16
1Tega na tu ka poore tetete to, Juu tiina kaanem yiga tiina bam, de ba teo kom nakwa bam, de ba zamesem tiina bam, de ba kɔgɔ kom maama ma ba ba ke ni daane. Ba ma ja Yezu ba vɔ, ye ba ja‑o ba vo ba ke Pilata jeŋa ne. 2Pilata ma bwei‑o o we, “Nmo mo ye Juu tiina bam pɛ na?” Yezu ma leiri‑o o we, “Mo kolo nmo na tage to.”
3Juu tiina kaanem yiga tiina bam ma tiini ba ŋɔɔne o taane ba pa‑o. 4Pilata ma jwoori o bwei‑o se o nii, ye o we, “Nmo ba lage n leiri ba taane dem na? Nmo wo nigi ba na ŋɔɔne kolo maama ba pa nmo to na?” 5Yezu daa ta maa wo sɛ se o leiri ba taane dem delodelo. Pilata maa ye yaau ded‑o.
6Bene maama Juu tiina kuri maŋa ná yeini ka yi, ba yeini ba le peeno dedoa mo ba pa nɔɔna bam, nenɛɛne banto na lage wolo to. 7Peeno wodwoŋi déem maa wora, o yere mo Barabas. Ba déem pe‑o mo de balo na dwoni de ba teo kom dedɛɛra ye ba go nɔɔna to. 8Nɔɔna bam ma ba ba la kɔgɔ ye ba daare ba ta de Pilata se o le peeno dedoa o pa-ba ne o na yeini o ke tei to. 9Pilata ma bwei-ba o we, “Á lage se a le wolo na ye Juu tiina pɛ to a yage a pa abam na?” 10O bwei-ba konto kolo ŋwaane o yei we ko ye wo-goo ŋwaane mo kaanem yiga tiina bam ya jaane Yezu ba ke o jeŋa ne. 11Kaanem yiga tiina bam ma soge kɔgɔ kom pa se ba ta de Pilata we, o jege se o yage Barabas mo o pa-ba.
12Pilata laam ma bwei-ba o we, “Ko nam ná ye wolo á na bwoi‑o we Juu tiina pɛ to, amo nam wó ke‑o tɛ mo?” 13Ba ma laare baŋa baŋa ba we, “Pa‑o dagara yuu ne n go.” 14O ma jwoori o bwei-ba o we, “Wonto chɔge bɛ mo?” Ba laam ma tiini ba laare baŋa baŋa ba we, “Pa‑o dagara yuu ne n go.”
15Pilata maa lage se o pa kɔgɔ kom bochare zuri mo. Mo kokuri o ma le Barabas o yage o pa-ba. O ma pa ba fere Yezu, ye o pa-ba chwoŋa se ba ja‑o ba pa dagara yuu ne ba go.
Ba jaane Yezu ba vo ba pa dagara yuu ne
Matiyu 27:27-56; Luka 23:26-49; Jɔn 19:2-3, 17-30
16Soja tiina bam laam ma ja Yezu ba vo ba zo gɔmena tu Pilata sɔŋɔ kom konkɔlɔ ye ba daare ba la ba kɔgɔ kom maama ba ke daane. 17Ba ma pa Yezu zo gare-soŋo. Ba ma daare ba kwei sabare ba ma sɔ yipuga ba pu o yuu ne. 18Ba laam ma seini‑o ba we, “Juu tiina pɛ, denlei.” 19Ba maa jege kasogo ba lɔe o yuu ne kuni dedɛ, ye ba twe lileeru ba yage o yera ne. Ba ma kuni dwoona o yiga ne ye ba ke ne ba na zuli‑o tei to. 20Ba na ke‑o ba mɔne ba ti to, ba ma le gare-soŋo kom ye ba jwoori ba zo‑o o tete gɔrɔ kom. Ba laam ma ja‑o ba nwoŋi ba vo se ba pa‑o dagara kam yuu ne.
21Ba na maa kɛ to, ba ma na nɔɔno wodwoŋi, o yere mo Simon. O nwoŋi Kurene mo. O maa ye Alezanda de Rufus kwo. O déem ya nwoŋi kara mo o ba o yi teo wo o maa kɛa. Soja tiina bam na nɛ‑o to, ba ma fe‑o se o kwei dagara kam o zeŋe se ba vo. 22Ba ma ja Yezu ba vo ba yi jeiga kadwoŋi ba na bwoi we ‘Goligota’ to. Yere dem konto kuri mo ye ‘Yu-kwoli-champoa Peo’. 23Ba na yi da to, ba ma kwei liri sedwoŋi se yere na ye Mura to ba guuri sana wone ba pa Yezu. O maa wo sɛ se o nyɔ.
24Ba laam ma ja‑o ba pa dagara kam yuu ne. Ba ma kwei o gwaaro tem se ba pɔɔre-te ba pa daane. Ba ma ta jɔrɔ se ba nii wɔ mo wó twori kolo o na lage to. 25Ba na page‑o maŋa kalo to maŋe de wɛ na puli de peere tei to.
26Ba ya popone tɔnɔ se ko bere kolo o na chɔge ye ba go‑o to ba meeli da, ye ko we,
JUU TIINA PƐ.
27Ba ma ja ŋweena balei ba pa dagare sedwonna baŋa ne. Ba ma chwi dedoa Yezu jazem ne. Wowom maa wo o jagwia ne. [28Konto to, kolo na popone Wɛ tɔnɔ kom ne to jigi chega de ko na we, “O tɔge de nɔn-balwaaro mo pa se nɔɔna tɛ ba we o ye nɔn-balɔrɔ.”]
29Nɔɔna balo na tɔge da ba kɛ to maa nia ye ba dole ba yuni ba twe‑o. Ba ma yaale‑o ye ba we, “Nii! Nmo ye wolo ya na boŋe se n yigi Wɛ diga kam mo n de tega ne, se n daare n ma da yatɔ n jwoori n fɔge n lɔ-ka. 30Tɔ. Kwaane n tu da dagara kam yuu ne se n vere n tete.”
31Juu tiina kaanem yiga tiina bam de ba zamesem tiina bam de maa ke‑o ba mɔna ba bere daane konto dwoŋi. Ba maa tɛ daane ba we, “O yeini o jwoŋi nɔɔna ŋwea, ye o laam ware o tete ŋwea o jwoŋi. 32O bere o tete we o ye Wɛ Dam Tu Krista wom, de Isarele dwi tiina pɛ. O nam tu dagara kam yuu ne leile se dé nii. Dé ná nɛ konto, dé wó sɛ we o ye chega tu.”
Nɔɔna balo ba na tɔge ba pa dagare sem baŋa ne to de maa jege‑o ba twea.
33Ko ma vo ko yi maŋa kam wɛ na tu de wo yupare baŋa ne to. Tega kam maama ma ba ka ji lim se ko vo ko yi wɛ-guni maŋa ne. 34Ko na yi luu batɔ to mo Yezu laare baŋa baŋa de kwor-dɛa o we, “Eli, Eli, lema sabaktani?” Taane dento kuri mo, “Amo Wɛ, amo Wɛ, bɛ mo ke ye n yage a yera?”
35Nɔɔna balo na zege da ye ba ni taane dem to badaara maa we, “Cheigi-na! O lage o bwoŋi Elija mo se o ba.” 36Ba dedoa laam ma duri o vo o kwei sɔsɔɔ. O ma de-ko sa-nyɔna wone, ye o daare o ke-ko kasogo ni ne o vo o tei o pa Yezu se o nyɔ. O maa we, “Yage se dé cheigi dé nii, Elija wó ba o woli‑o se o tu da na?”
37Yezu laam ma laare baŋa baŋa ye o daare o te.
38Yezu na tege konto to, gare-jale delo na leigi de che Wɛ di-yun-gala kam to ma kaare belei, ko zege ko baŋa ne ko tu ko kwaare ko kuri ne. 39Soja tiina yiga tu wolo na zege Yezu yiga ne to ma na o na tega tei to. O na nɛ to, o maa we, “Nɔɔno wonto ya seene o ye Baŋa Wɛ Bu mo.”
40Kaana badwonna maa tɔge ba wora, ba na zege yiga yiga ye ba nia. Mary wolo ba na bwoi we Magadala to maa wo ba wone, dedaane Mary wodwoŋi wolo na ye nɔn-doŋo Jemsi de Josɛf nu to. Salomi de maa tɔge o wora. 41Kaana banto déem ya tɔge de Yezu Galili ne mo, ye ba yeini ba toŋe ba zeini‑o. Kaana badaara dedɛ de maa wora, ba ya na tɔge ded‑o ba ba Jerusalem.
Ba ke Yezu yera yam yibeeli wone
Matiyu 27:57-61; Luka 23:50-56; Jɔn 19:38-42
42-43Nɔɔno wodwoŋi déem mo wora, o yere mo Josef, o na nwoŋi Arimatea. O maa ye Juu tiina nakwa kɔgɔ kom yiga tu, ye nɔɔna pa‑o zula. O maa jege teena we Wɛ paare dem wó ba o nɔɔna baŋa. Dɛ dem ba na go Yezu to maa ye dɛ delo Juu tiina bam na jege se ba ti ba yiga ba siu dɛ dem ŋwaane to mo. Tega déem ma lage ka yi se ba siu dɛ dem laam yi. Konto ŋwaane Josɛf ma pa o bochare zuri ye o zaŋe o vo Pilata tei. O ma vo o lwoori‑o chwoŋa se o vo o kwei Yezu yera yam o suli. 44Pilata na lɔre we Yezu maŋe o te to mo ko so‑o lanyerane. O ma toŋe nɔɔna se ba vo ba bwoŋi soja tiina yiga tu wom se o ba. O na tu to, o ma bwei‑o se o nii, Yezu seene o te na. 45O na lɔre we o tege to, o ma sɛ se Josɛf vo o kwei o yera yam o taa tei. 46Josɛf ma nwoŋi o vo o yeigi gare-jale delo na lana to. O ma vo o pare Yezu yera yam dagara kam yuu ne. O ma kwei-ya o pipiri de gɔrɔ kom, ye o daare o ja-ya o vo o tiŋi peo bɔɔne wone. Dento maa ye yibeeli ba déem na luga peo yera ne mo. O laam ma bibili kandwɛ-polɔgɔ o ma pe bɔɔne dem ni. 47Mary Magadala de Mary wolo na ye Josɛf wodwoŋi nu to maa zege ba nii mɛ o na tiŋi Yezu yera yam to.",https://www.bible.com/bible/3661/MRK.15.KBG
MAAKE 16,"Yezu bi toone wone
Matiyu 28:1-8; Luka 24:1-12; Jɔn 20:1-10
1Ba siu dɛ dem ma ba de kɛ. Mary Magadala, de Mary wolo na ye Jemsi nu to, de Salomi ma zaŋe ba nwoŋi ba vo ba yeigi terale nuga se ba ma turi Yezu yera yam. 2Wɛ na wora de puli dɛ dem na saŋe siu dɛ dem to, ba maa wo chwoŋa ne ba maa vei yibeeli dem ni. 3Ba na maa kɛ to, ba ma bwei daane ba we, “Wɔ mo wó bibili kandwɛ-kamunu kom o yage o pa debam?” 4Kandwɛ dem na maŋe de ye kamunu to mo pɛ ba ŋɔɔne konto.
Ba na yi jei sem to, ba ma fɔge ba nii dedaane kandwɛ dem bibili de tigi dáa ne. 5Ba ma vo ba zo bɔɔne dem wo. Ba na zo to, ba ma na nɔn-doŋo na jei da ba jazem seeni. O déem zo gare-pwon-dedɔrɔ mo. Ba na nɛ‑o to, ko ma pa ba yera sɔɔre. 6O ma ta de-ba o we, “Yé ta‑á kɔre-na foone. Abam lage se á na Nazarete tu Yezu wolo ba na jaane ba pa dagara kam yuu ne ba go to mo. O nam tere ywo. Wɛ bi‑o mo. Nii-na ba ya na tiŋi o yera yam mɛ to. 7Nam véi-na á ta de Piita de o kwaga tɔgena bam maama we, o lage o tɔge yiga o vo Galili se á vo á na‑o dáane. Ko wó ke ne o na maŋe o ta o bere abam tei to.”
8Kaana bam na nigi konto to, ba yera maa sae de foone ye ba boboŋa vugimi. Ba ma nwoŋi bɔɔne dem wone ba duri ba kɛ. Foone na jege-ba konto to, ba na maa vei to, ba maa wo tage kolo na ke to ba bere nɔɔn-nɔɔno.
Yezu bere o tete nɔɔna badwonna
Matiyu 28:9-10, 16-20; Luka 24:13-53; Jɔn 20:11-23; Kikia 1:9-11
[9Dɛ dem Yezu na bi tetete to maa ye dɛ delo na saŋe Juu tiina siu dɛ dem to. Wɛ na bi‑o to, o ma bobo o bere o tete Mary Magadala tei ne. Wonto maa ye wolo o ya na zeili setaana yarepɛ o tei ne to mo. 10Mary laam ma vo o ta o bere balo ya na me de Yezu to. O tu ba tei de ba wo chɔge dedɛ ye ba keera. 11Ba na nigi we Yezu jwoori o bi toone wone ye Mary na‑o to, ba maa wo sɛ o taane dem.
12Ko kwaga seeni, Yezu ma leiri o yibia ye o bere o tete o nɔɔna bam balei tei ne. Ba déem ya nwoŋi Jerusalem mo ba maa vei te-balaŋa kadwoŋi. 13Ba na nɛ‑o to, ba ma jwoori ba vo Jerusalem ba ta ba bere ba dwonna kwaga tɔgena bam. Banto daa ta wo sɛ we ko ye chega.
14Ko maama na ke to, Yezu laam ma ba o bere o tete o nɔɔna fuga-dedoa bam tei ne, ba na wora ba di wodiu maŋa kalo to. O ma bwɛ-ba de ba boboŋa na muri Wɛ tei ne, kolo ŋwaane ba ve se ba sɛ balo na tage ba bere-ba we wonto jwoori o bi ye ba na‑o to.
15O laam ma ta de-ba o we, “Zaŋe-na á vo logo baŋa jei maama se á tɔɔle Wɛ kwor-ywoŋa kam á bere nabiina maama. 16Wolo maama ná sɛ taane dem ye o daare o jwoŋi sɛɛm Wɛ ŋwaane, Wɛ wó jwoŋi konto tu ŋwea. Ko daare balo maama na ba sɛ to wó ga bora Wɛ yiga ne. 17Balo na sɛ amo to wó wane ba taa ke wo-kenkagela yalo na bere Wɛ dam to. Ba wó tɔge amo yere ŋwaane ba zeili setaana nɔɔna tei ne. Ba wó taa ŋɔɔne ta-gɛ. 18Ba ná jaane basankwe de ba jea, se bá ke-ba kolokolo. Ba ta ná nyɔge chɔŋɔ kolo na goe nɔɔna to, konto de bá chɔge-ba. Ba wó wane ba daŋe ba jea jaweena baŋa ne pa se ba na yazura.”
19Dé Teiru Yezu na ŋɔɔne o bere-ba konto to, Wɛ laam ma kwei‑o o ja di telaao. O ma vo o jeini Baŋa Wɛ jazem seeni o wora. 20O na diini telaao konto to, o kwaga tɔgena bam ma nwoŋi ba vo ba beeri jei maama ne ba bere nɔɔna Wɛ chega kam. Dé Teiru wom maa wo ba tei ne o toŋa. O ma pa-ba dam se ba taa ke wo-kenkagela se ko bere we o taane delo ba na bere to seene de ye chega.]",https://www.bible.com/bible/3661/MRK.16.KBG
LUKA 1,"1-3Amo badwoŋi Teofila, amo boboŋa jaane se a popone tɔnɔ konto a pa nmo, se n wane n lɔre kolo na ye chega to. Nmo maŋe n yei wo-kamunnu telo na ke debam tetare ne to ni ne. Nɔɔna badwonna déem mo wora ye wo-kamunnu tento bobo se te ke. Ba nɛ kolo maama na ke to, ye ba beeri ba tɔɔle Wɛ kwora kam. Ba ma daare ba pa se debam lɔre kolo na ke to. Nɔɔna dedɛ ma kwaane se ba popone wonnu tento ba tiŋi. Mo kokuri amo boŋe we, ko wó taa lamma se a fɔge a popone-te lanyerane a pa‑m. Amo kwaane a zamese wonnu tem te boboa ne mo, ye a lɔre te kuri chekke. 4Konto to, amo wó wane a popone wonnu tento na ke tei to chekke, se n wane n lɔre lanyerane we, wonnu telo ba na tage ba bere‑m to seene te ye chega.
Zekaria bu lora kam taane
5Maŋa kam Herodi déem na ye Judea pɛ to, nɔɔno wodwoŋi mo wora, o yere mo Zekaria. Wonto mo ye Wɛ kaanem tu. O nwoŋi Abija dwi tiina wone mo. O kaane yere mo Elizabet. Wonto de déem nwoŋi Wɛ kaanem dwi tiina bam wone mo. 6Banto maama ke lanyerane Wɛ yiga ne. Ba maa tɔge Wɛ nia yam maama, ye ba daa ta ba jege tusim Wɛ tei ne. 7Elizabet déem ye kadega mo pa se o ba jege bu. Ba maama bena déem gaale.
8Dɛ dem déem ma yi se Abija dwi tiina bam zo Wɛ diga kam ba taa toŋa ba pa Wɛ. Zekaria maa tɔge o wora o toŋa. 9Wɛ kaanem tiina bam yeini ba le ba wone dedoa mo se o zo Wɛ wara-jei di-yuu kom o zwɛ talwoŋ-ywoŋa o pa Wɛ. Dɛ dem konto na yi to, ba ma ta jɔrɔ se ba nii wɔ mo wó zo. Zekaria ma di. 10O ma seene o zo se o zwɛ talwoŋa kam o pa Wɛ. Maŋa kam o na wo diga kam wone to, nɔn-kɔgɔ dedɛ déem maa wo konkɔlɔ kom ne ba zege ba ware Wɛ.
11Baŋa Wɛ maleka laam ma pɔpɔ ka ba o tei ka zege wonnu zwɛɛm bimbini dem jazem ne. 12Zekaria na nɛ-ka to, o maa ye yaau ye foone zo‑o lanyerane. 13Maleka kam ma ta ded‑o ka we, “Zekaria, yé ta‑n kɔre foone. Wɛ nigi nmo na lwoori‑o kolo to. Nmo kaane wom laam wó ja puga o lo bu o pa‑m. Nmo jege se n pa o yere we Jɔn. 14O lora kam wó pa se n di ywoni dedɛ. Nɔɔna dedɛ de wó tiini ba taa jege wopwolo de o lora kam, 15kolo ŋwaane o wó taa ye nɔn-kamunu Baŋa Wɛ tei ne. O nam yé zaŋe o nyɔ sa-soŋo naa sa-dɛɛra. Wɛ Sin-laao kom wó taa wo o tei ne maŋa maama, ko zege maŋa kam ba na wó lo‑o to. 16O maa wó pa se Isarele dwi tiina dedɛ boboŋa jwoori ya taa tɔge ba Teiru Baŋa Wɛ. 17O wó tɔge dé Teiru wom yiga ne, ye Wɛ Sin-laao kom dam wó taa wo o tei ne, se ko maŋe de Elija déem na ye tei to. O wó pa se kwoa jwoori ba taa swoi ba bia, ye o kwori o pa yi-dɛɛre tiina jwoori ba taa jege nɔn-ŋona boboŋa, se o fɔge o kwɛ dé Teiru wom nɔɔna bam yiga o pa‑o, ye o daare o ke-ba o jeŋa ne.”
18Zekaria laam ma bwei maleka kam o we, “Bɛ mo wó pa se a lɔre we nmo taane dem ye chega? Amo ye nɔn-kwea mo, ye a kaane de bena gaale.” 19Maleka kam ma leiri‑o ka we, “Amo nam ye Gabireli mo, wolo na zege Wɛ tei ne to. O toŋe-ne se a ba a ŋɔɔne de nmo, se a ta ta-ŋom dem a bere‑m. 20Nmo nam na wo sɛ amo taane dem to, Wɛ wó pa se n ni meeri. Maŋa kam ná yia, wonnu telo a na tage a bere‑m to wó seene te ke. Nam ta‑n yei we, nmo bá‑n wane n ŋɔɔne se ko taa vei maŋa kam wonnu tem na wó ke to.”
21Konto maama na wora ko ke to, nɔn-kɔgɔ kom maa zege ba cheigi Zekaria se o nwoŋi Wɛ diga kam wone. Ba ma cheigi‑o taa ba ga. Ko ma ke-ba yaau de o na dáane tei to. 22O laam ma nwoŋi, ye o ware o ŋɔɔne de-ba. O ni na meeri to, o maa mae o jea o maŋe o bere-ba. Ba ma maane we o nɛ wo-kenkagele mo Wɛ di-yuu kom ne.
23Da yalo o na jege se o taa toŋe Wɛ diga kam ne to ma ba ya kweeli. O ma jwoori o vo sɔŋɔ. 24Ko maa wora ye o kaane wom laam ma ja puga. O maa wo sɔŋɔ ne taa, chane senu. 25O na wora konto to, o maa boŋe o we, “Mo kolo Baŋa Wɛ na ke o pa-ne to. Leile konto mo o laam nii amo baŋa ne. Amo daa bá taa jege chaveera nɔɔna tei ne.”
Yezu lora kam taane
Matiyu 1:18-25
26-27Busankana kadwoŋi déem mo wora, o yere mo Mary. O ta yeiri baaro. O sɔŋɔ tiina boboŋa déem ya jaane se o zo nɔɔno wodwoŋi, ye o daa ta wo zo‑o. Nɔɔno wom yere mo Josɛf. O maa ye faŋa faŋa Pɛ David dwi tu mo. Mary déem maa zoore Galili teo kodwoŋi ne, ko yere mo Nazarete. Maŋa kam Zekaria kaane Elizabet puga kam na yi nenɛɛne chane seredo to, Wɛ daa ma toŋe o maleka Gabireli se ka vo Mary tei. 28Ka ma zo o tei ka jɔɔne‑o ye ka we, “Baŋa Wɛ wo nmo tei ne ye o swɛ nmo swolim dedɛ.”
29Mary na nigi o na tage kolo to, o bochare ma di. O ma boŋe o we, “Taane dento kuri mo bɛ?” 30Maleka kam laam ma ta ka we, “Mary, ye ta‑n kɔre foone. Wɛ yɔɔre o ke zaane o ke nmo yuu ne. 31Nmo wó ba n ja puga n lo bakeira. Á nam wó pa o yere we Yezu. 32Wonto wó taa ye nɔn-kamunu mo. Ba wó taa bwoi‑o we, Yuu-tu Baŋa Wɛ wom Bu. Dé Teiru Baŋa Wɛ wó pa se o di paare, ne o kwo nakwe David déem na di paare faŋa faŋa tei to. 33O maa wó taa ye Jakobdwi tiina bam pɛ, se ko taa vei wuu. O paare dem daa bá ti maŋa de maŋa.”
34Mary ma bwei maleka kam o we, “Konto wó ke tɛ mo ko ke, ye amo ta wo zo baro?” 35Maleka kam ma leiri ka we, “Ko na wó taa ye tei to, Wɛ Sin-laao kom wó ba nmo tei, pa se Yuu-tu Baŋa Wɛ tete dam-fɔrɔ kom ba ko kwoli‑m. Konto ŋwaane, wolo wom nmo na wó lo to wó taa ye Wɛ tete nyem, ye ba taa bwoi‑o we Wɛ Bu wom. 36Maane n nii nmo choro Elizabet na ye tei. Wonto jaane puga mo se o lo bu, ye o bena gaale. Nɔɔna de ya pɛ se o ye kadega mo, ye o laam jege puga nenɛɛne chane seredo. 37Kolokolo tera Wɛ na bá wane o ke.”
38Mary ma ta o we, “Amo ye dé Teiru Wɛ nabwom mo. N ni ye Wɛ mo. Wɛ wó pa se ko ke.” Maleka kam laam ma viiri.
Mary de Elizabet taane
39Da yam konto ni ne Mary ma zaŋe o ke lela o maa diini Judea teo kodwoŋi na wo peero jei ne. 40O ma vo o yi Zekaria sɔŋɔ. O ma zo o na Elizabet. O ma ke o peiga. 41Maŋa kam Elizabet na nigi Mary na jɔɔne‑o to, o bu wom maa tigi o wone o jaŋa. Wɛ Sin-laao kom ma ba o tei, 42ye o ŋɔɔne baŋa baŋa de kwor-dɛa o we, “Wɛ tiini o swɛ nmo swolim se ko dwoni kaana maama. Ko ná ye bu wolo na wo n wone to, Wɛ swɛ wonto de swolim dedɛ. 43Nmo ye amo Teiru nu wom ye a muri se n ba amo tei. 44N jɔɔnem dem na tu de to amo zwɛ ne to, bu wom na wo a wone to tigi o jaŋa mo, o na di ywoni to ŋwaane. 45Nmo na sɛ we Baŋa Wɛ jege chega to, nmo ye yu-ywoŋo tu. Kolo maama Wɛ na tage o bere‑m to wó seene ko ji chega.”
Mary leeni o seini Wɛ
46Mary laam ma ta o we:
“Amo wó tei Baŋa Wɛ de a bochare maama.
47Wonto na ye amo Vereno to pae se a na ywoni de a wo maama,
48kolo ŋwaane amo ye Wɛ nabwom mo, ye o nii amo baŋa ne.
Ko zege zem ko taa via, nɔɔna maama wó pa a taa ye yu-ywoŋo tu,
49Dam-fɔrɔ Tu Baŋa Wɛ na ke wo-kamunnu o pa-ne to ŋwaane.
Wonto maa ye wo-pwoŋo tu chekke.
50Balo maama na kɔre‑o to,
o yeini o jege ba ŋwaŋa lanyerane taa wuu.
51Nii Wɛ na ke tei.
O kwei o jeŋa mo o ma ke wo-kenkagela.
O maa pae se banegero nyena jage da-yiga ne de ba boboŋ-yɔɔro tem.
52O jwoŋi balo na ye pwa to paare,
ye o pa se balo na ye nabwona to zaŋe de zula.
53O maa pae balo kana na jege-ba to wo-laaro dedɛ,
ye o daare o pa naduna viiri de je-yaara.
54-55O daa ta jege o ni dem o na gwoni de dé kwoa nakwa bam to.
Isarele dwi dem ye o tete nyem mo,
ye o daa ta jege ba ŋwaŋa.
O ma duri Abaraham ŋwaŋa de o dwi tiina maama ŋwaŋa
se ko taa vei wuu.”
56Mary déem ma maŋe Elizabet tei ne nenɛɛne chane setɔ, ye o laam jwoori sɔŋɔ.
Jɔn lora kam na ke tei to
57Maŋa kam déem ma yi se Elizabet lo. O ma seene o lo bakeira. 58O teo kom tiina de o chorro de ma lɔre kolo na ke‑o, de Baŋa Wɛ na tiini o duri o ŋwaŋa tei to. Ba maama ma tɔge ba di ywoni dedɛ.
59Bu wom na yi da nana to, ba ma pa se ba gwoni o peini. Nɔɔna bam ma la daane se ba pa bu wom yere. Ba maa lage se ba pa o yere we Zekaria, ne o kwo wom yere na ye tei to. 60O nu wom maa wo sɛ, ye o we, “Aawo. Á nam wó pa o yere we Jɔn.” 61Ba ma leiri‑o ba we, “Bɛ ŋwaane mo ye n ta konto? Nɔɔno maŋe o tera á sɔŋɔ ne o yere na ye Jɔn.”
62Ba ma daare ba ma ba jea ba maŋe ba bere o kwo wom, se ba nii o na lage se ba pa bu wom yere tei to. 63O ma pa se ba kwei tɔnɔ ba pa‑o se o popone o bere-ba. O ma popone tɔnɔ kom wone we, o yere mo Jɔn. Ko ma ke-ba yaau de o na popone kolo to. 64O na popone konto to, o ni ma puri bedwe baŋa ne, ye o dindeilimi jwoori de pipiri. O maa ŋɔɔne o tei Wɛ.
65Foone déem ma ja ba teo kom nɔɔna bam maama. Balo maama déem na zoore Judea zwonnu laŋa kam ne to de déem ma ni wonnu telo na ke to, ye ba jege te taane ba ŋɔɔna. 66Ba maa jege kolo ba na nigi to ba bochara ne, ye ba tɛ ba we, “Bu wonto nam lage o ji wɔ mo?” Baŋa Wɛ dam dem maa wo bu wom tei ne pa se ko kagele-ba konto.
Zekaria na bere Wɛ kwora kam tei to
67Bu wom kwo Zekaria déem ma na dam Wɛ Sin-laao kom tei ne, pa se o pworisi o we:
68“Pa-na dé tei Baŋa Wɛ wom
na ye Isarele dwi tiina Wɛ to,
kolo ŋwaane o tu se o fɔge o nɔɔna bam mo,
se o daare o jwoŋi-ba o yage.
69O ma pa se wolo na ye o tontoŋeno David dwi tu to zaŋe dé wone,
se o ba o ji debam Vereno.
70Faŋa to Wɛ pɛ se o sampwori ba ba tɔɔle o kwora,
71ye ba we Wɛ wó vere debam dé dona jeŋa ne,
de balo maama na chuli debam to jeŋa ne.
72O daa ta jege o ni-gwonim delo o na ke de dé nabaara
se o duri ba ŋwaŋa to.
73Faŋa faŋa to Wɛ dugi duuri o pa de nabaaro Abaraham o we,
74omo wó jwoŋi debam dé dona jeŋa ne o yage,
se o daare o pa dé taa ke o boboŋa na lage tei to,
ye dé daa bá taa kɔre foone.
75O maa we dé wó taa tɔge‑o konto dé ŋwea maama wone,
se dé taa zuli‑o de dé boboŋ-laaro tem,
ye dé ta taa jege chega o tei ne.
76Amo bu, ko ná ye nmo,
ba wó taa jege nmo ba bwoi we,
Yuu-tu Baŋa Wɛ ni-jwoŋinu,
kolo ŋwaane nmo wó da dé Teiru wom yiga,
se n fɔge n kwɛ o chwoŋa kam
o na lage o ba o tɔge da to.
77Nmo ta wó pa se Wɛ nɔɔna bam lɔre we o wó jwoŋi-ba,
o na wó yage ba wɛleera yam
o ma chɛ-ba to ŋwaane.
78Wɛ maa jege debam ŋwaŋa lanyerane.
O maa wó pa se pwooni nwoŋi telaao ne de ba debam tei,
ne wea na puli ka nye te-pora ni ne tei to.
79O pwooni dem konto wó taa nye
de pa balo ya na zoore lim wone to,
de balo na kɔre foone de toone to.
O maa wó pa se dé nɛ sem taa tɔge chwoŋa kalo na jege bochare-zuru to.”
80Zekaria bu Jɔn déem ma ke nɔɔno, ye o bochare be lanyerane. O déem maa zoore kagoa yuu ne taa, se ko taa vei dɛ dem o na wó nwoŋi Isarele tiina bam tetare ne jaja to.",https://www.bible.com/bible/3661/LUK.1.KBG
LUKA 2,"Yezu lora kam na ke tei to
Matiyu 1:18-25
1Maŋa kam konto ne logo kom Pa-faro wolo yere na ye Agusita to déem ma pa ni se ba ga o teo kom maama nɔn-bia bam se o lɔre ba ni. 2Konto maa ye boboa garem dem, ye ko ke maŋa kalo Kwirinusi de déem na ye Siria teo kom yuu tu to. 3Garem dem na lage de bobo konto to, nɔɔno maama ma vo o tete teo se ba ga‑o.
4Josɛf de déem ma zaŋe o nwoŋi Nazarete kolo na ye Galili teo to. O ma vo Judea teo kodwoŋi, ko yere mo Bɛtelehem, ba na loge faŋa faŋa Pɛ David mɛ to. O déem vei dáane, o na ye David dwi tu to ŋwaane. 5Mary wolo ba na sɛ se o taa ye Josɛf kaane to de ma tɔge ded‑o o vo se ba ga-ba. O déem jege puga mo. 6Ba na wo Bɛtelehem ne konto to, ko ma yi se o lo bu wom. 7O ma lo bakeira. Mo o boboa bu. O ma kwei bu wom o kukuli de gwaaro o tiŋi vara wodiu tiŋim jeiga ne, pwola na wo daare veira diga kam wone to ŋwaane.
Nayera nigi Yezu lora kam taane
8Dɛ dem konto tete ne nayera déem mo wora jei sem konto ne, ba na wo gaao ne ba yere ba vara. 9Baŋa Wɛ maleka ma nwoŋi ba yia ne, ye Wɛ zeiŋi o nenɔŋ-fɔrɔ kom pwooni ba baŋa ne pa se de nyeene de gilimi-ba. Foone ma tiini de zo-ba dedɛ. 10Maleka kam laam ma ta de-ba ka we, “Yé ta‑á kɔre-na foone. Ko ye kwor-ywoŋa mo a tu se a ta a bere abam, ye ka lage ka pa Wɛ nɔɔna bam maama di ywoni dedɛ. 11Zem dɛ dem ne mo ba loge abam Vereno David teo Bɛtelehem ne. Wonto mo ye Wɛ Dam Tu Krista wom. O maa ye dé Teiru. 12Á ná vei á nii, á wó na bu-seseŋa ba na kukuli ba tiŋi vara wodiu tiŋim jei ne. Mo kolo na wó bere abam we, ko ye chega mo a tɛa.”
13Maleka kam na tage konto o ti to, Wɛ telaao malese kɔgɔ dedɛ ma pɔpɔ se nwoŋi se woli de-ka. Se maama maa leena se seini Wɛ se we:
14“Baŋa Wɛ maŋe de tia wɛyuu ne.
Ko daare tega baŋa ne,
balo kikia na su o yi to
wó taa zoore de bochare-zuru.”
15Malese sem laam ma jwoori telaao. Se na kɛ to, nayera bam maa tɛ daane ba we, “Pa-na se dé vo Bɛtelehem de nii kolo na ke da ye Wɛ pa se de lɔre to.”
16Ba ma zaŋe lela ba kɛ teo kom wo. Ba ma vo ba na Mary dedaane Josɛf. Ba ma na bu wom na tigi vara wodiu tiŋim jeiga ne. 17Ba na nɛ‑o konto to, ba ma ta maleka kam na maŋe o ta bu wom taane tei to. 18Balo maama na nigi nayera bam na tage kolo to, ko ma ke-ba yaau. 19Mary de na nigi wonnu telo na ke to, o maa tiini o jege te boboŋa o bochare ne.
20Nayera bam ma jwoori ba viiri, ye ba leeni ba seini Wɛ de kolo ba na nɛ ye ba ta kwori ba ni to. Ko déem seene ko ke nenɛɛne maleka kam ya na wuuri o ta o bere-ba tei to.
21Bu wom na yi nenɛɛne da nana to, ba ma pa se ba gwoni o peini. Ba ma pa o yere we Yezu. Mo yere delo maleka kam na maŋe ka pa‑o ye ba ta wo jaane o puga to.
Ba ke Yezu Wɛ jeŋa ne
22Maŋa kam laam ma yi se Mary zare o digiru se o kwɛ o tete de Wɛ, se ko tɔge Wɛ nia yalo o na ke Moses jeŋa ne na bere tei to. Josɛf de Mary ma zaŋe ba ja bu wom ba vo Jerusalem, se ba vo ba zo Wɛ diga kam ba ke‑o Baŋa Wɛ jeŋa ne. 23Ba ke konto kolo ŋwaane ko ye Wɛ ni mo. Wɛ ni dem na bere tei to mo tento: “Bakeira kalo maama na ye o nu da-yiga bu to jege se o taa ye Baŋa Wɛ nyem mo.” 24Ba ta ma vo se ba kaane Wɛ, ne o ni dem na bere tei to. O ni dem we, ba jege se ba kwei kunkwona balei naa kunkwon-puura balei ba ma kaane‑o.
25Nɔɔno wodwoŋi déem maa zoore Jerusalem teo kom wone, o yere mo Simeon. O ye nɔn-ŋom mo, ye o kɔre Wɛ lanyerane. O maa yɔɔre o pɔe dɛ dem Wɛ na wó ba o jwoŋi Isarele dwi tiina bam o yage to. Wɛ Sin-laao kom maa wo o tei ne. 26Ko déem ya pɛ se o lɔre we, o wó na Wɛ Dam Tu Krista wom mo, ye o laam te.
27Wɛ Sin-laao kom déem ma pa se Simeon zaŋe o vo o zo Wɛ diga kam. O na wora konto to, Yezu kwo de o nu ma ja‑o ba vo ba zo se ba ke kolo Wɛ ni dem na bere se ba ke o ŋwaane to. 28Ba na jaane bu wom ba vo ba zo konto to, Simeon ma vo o kwei bu wom o zia, ye o daare o tei Wɛ o we:
29“Yuu-tu Baŋa Wɛ,
leile konto a nɛ wolo nmo déem na tage we a wó na to.
Konto ŋwaane, nmo laam wó wane n pa amo wolo na ye nmo kabaa to
na chwoŋa se a yage logo baŋa a vo telaao.
30Amo yi nɛ wolo nmo na wó tɔge o ŋwaane n jwoŋi n nɔɔna n yage to.
31Nabiina maama logo baŋa ne wó lɔre nmo na ti n yiga
se n vere-ba tei to.
32Ko wó pa se dwi maama tiina lɔre nmo chega kam jaja,
ne wea pwooni na nye ba baŋa ne tei to.
Ko ta wó pa se nmo tete nɔɔna Isarele dwi tiina bam na zula.”
33Simeon na tage bu wom taane konto to, o kwo de o nu maa ye yaau de o taane dem. 34O daa ta ma ta de-ba o we, Wɛ wó swɛ ba swolim dedɛ. O ma daare o ta de bu wom nu Mary o we, “Nii mo. Wɛ seene o toŋe bu wom se o ba o pa Isarele tiina dedɛ to tega ne. O daa ta wó fɔge ba dedɛ pa se ba zaŋe wɛɛne. Wɛ wó pa o taa jege maana o pa nɔɔna, ye ba dedɛ nam wó ŋɔɔne ba chɔge o yiga. 35Mo kokuri nɔɔna dedɛ boboŋa ya na seigi to wó ba ya lɔre jaja. Nmo tete tei ne, ko wó pa se n bochɔŋɔ chɛ ko di, ne se-zɔɔ na zo n wo tei to.”
36-37Kaane wodwoŋi déem mo wora o na ye Wɛ ni-jwoŋinu, o yere mo Anna. O kwo yere maa ye Fanweli, o na ye Asere dwi tu to. Anna déem ya zo baro. Ba maa wora daane bena yarepɛ, ye o baro wom te o daare‑o. O daa maa wo zo baro. O ma tiini o kwe lanyerane, nenɛɛne bena funɔnɔ-yana (84). O maa zoore Wɛ diga kam jei sem wone maŋa maama. Wea de tete maama o maa zuli Wɛ de ni-vɔɔm de wɛ-lworo. 38Maŋa kam konto ne nɔɔ mo o vei o yi bu wom na wo mɛ to. O ma ke Wɛ lei, ye o wora o tɛ bu wom taane o bere balo maama na wora ye ba pɔe maŋa kalo Wɛ na wó ba o jwoŋi Isarele dwi tiina bam o yage to.
39Yezu kwo de o nu déem ma ke kolo maama Baŋa Wɛ nia yam na bere se ba ke to. Ba na ti to, ba ma jwoori ba vo Galili teo Nazarete mɛ na ye ba tete teo to. 40Ba na jwoori ba vo ba wora to, bu wom ma ke nɔɔno de ya-dɛɛra. O yi daa ta ma poore lanyerane, Wɛ na ke zaane o ke o yuu ne to ŋwaane.
Yezu na ke tei Wɛ diga kam wone to
41Juu tiina kuri delo yere na ye Atɔgebabaŋa to ma yi. Bene maama wuu Yezu kwo de o nu déem yeini ba vo Jerusalem se ba di kuri dem konto. 42Yezu déem na yi bena fuga-yalei to, ba daa ma vo kuri dem nenɛɛne ba na yeini ba vei ba di tei to. 43Ba na di kuri dem ba ti to, ba ma zaŋe ba maa jwoori sɔŋɔ. Yezu ma maŋe Jerusalem ne, ye o kwo de o nu yeiri ko ni ne. 44Ba ma vo taa, dɛ dedwe, ye ba boŋe we o wó taa wo ba kɔgɔ kom wone mo. Ba na wo nɛ‑o ba tei ne to, ba laam ma bobo se ba beeri o jei ba chorro tem de ba badwonna bam tei ne. 45Ba maa wo nɛ‑o. Ba ma jwoori ba vo Jerusalem teo wo se ba beeri‑o. 46Ba ma beeri‑o taa, da yatɔ, ye ba laam na‑o Wɛ diga kam ne, o na jei zamesem tiina bam tetare ne. O na jei da konto to, o maa cheigi ba na bere tei to, ye o bwei-ba wonnu. 47Balo maama na jei ba cheigi o taane dem to maa ye yaau de o na jege yi-poro de taane dem leirim tei to. 48Yezu kwo de o nu na nɛ‑o konto to, ko ma pa ba yera sɔɔre. O nu wom ma ta ded‑o o we, “A bu, bɛ mo ye n ke konto dedaane debam? Ta‑n nii amo de nmo kwo na tiini de beeri nmo taa, ye lwia jege debam.”
49Yezu ma leiri-ba o we, “Bɛ mo ye abam kare á beeri amo jei? Amo jege se a ta wo a Kwo sɔŋɔ ne mo. Abam yeiri konto na?” 50O na tage konto to, ba maa wo nigi o taane dem kuri.
51Yezu déem ma tɔge de-ba o jwoori Nazarete, ye o sɛ ba ni. O nu wom maa jege wonnu tem konto maama o bochare ne. 52Yezu yera de o bochare déem ma be lanyerane, ye o jege boboŋ-dɛɛra. Wɛ de nabiina maa tiini ba lage o ni taane.",https://www.bible.com/bible/3661/LUK.2.KBG
LUKA 3,"Zekaria bu Jɔn bere Wɛ kwora
Matiyu 3:1-17; Maake 1:1-11; Jɔn 1:19-28
1-2Ko déem na kɛ ye Tiberia ye logo kom Pa-faro wom ko maŋe de bena fuga-yanu to mo Wɛ kwora déem tu Zekaria bu Jɔn tei. Konto maŋa kam ne Pontusi Pilata mo ye Judea teene dem gɔmena tu o pa Pa-faro wom. Herodi maa ye Galili yuu tu, ye o zembaaro Filipi de maa ye Yituria de Terakonia teene dem yuu tu. Lusania de maa ye Abilena yuu tu. Ko daare Anas de Kayafa déem maa ye Wɛ diga kam kaanem yuu tiina. Maŋa kam Wɛ kwora kam na tu Jɔn tei konto to, o déem wo kagoa yuu ne mo. 3O ma zaŋe o tole Jɔdan buga ni teene dem maama, ye o tɔɔle Wɛ kwora kam o bere nɔɔna o we, ba jege se ba leiri ba wo Wɛ ŋwaane se ba daare ba jwoŋi sɛɛm, se Wɛ laam wó yage ba wɛleera o ma chɛ-ba. 4Jɔn na tɔɔle Wɛ kwora kam konto to, ko ke nenɛɛne Wɛ sampwora Izaya déem na popone o tɔnɔ kom ne o ta tei to. Faŋa faŋa to o déem tage o we:
“Nɔɔno mo wo kagoa yuu ne o na kaase o kwora ye o we:
‘Zaŋe-na á fɔge á kwɛ dé Teiru wom chwoŋa kam
o na lage o ba o tɔge da to.
Pa-na se chwei selo o na lage o tɔge to
fɔge se yɔɔre lanyerane.
5Jei selo maama na jege gwonnu to
jege se te suuri mo.
Jei selo maama na jege zwonnu de peero to
de jege se te guri mo te daare chwoŋa kam.
Chwei selo maama na gugwoli to
jege se se fɔge se yɔɔre mo.
Chwei selo maama na ba lana to
jege se se fɔge se kwɛ mo.
6Nabiina maama laam wó na Wɛ na wó jwoŋi
o nɔɔna tei to.’ ”
7Nɔɔna dedɛ déem ma zaŋe ba vo Jɔn tei se o pa ba jwoŋi sɛɛm Wɛ ŋwaane. Ba na tu o tei konto to, o ma ta de-ba o we, “Abam nye de basankwe na dura se se lu mini wone tei to. Wɔ mo bere abam se á kwaane á lu waarem delo Wɛ na lage o pa nabiina to wone? 8Abam nam jege se á ta‑á tɔge kikia yalo na wó bere we á seene á leiri á wo to mo. Abam nam yé gare á boŋe á pa á tete we, abam ye Abaraham dwi tiina mo ye Wɛ daa bá pa á na waarem. A nam tɛ abam we, konto dae kolokolo. Wɛ ná laga, o wó wane o pa se kandwa yanto de leiri ya ji Abaraham dwi tiina. 9Nɔɔno nam maŋe o jege dwooru o jeŋa ne mo se o ma o gwoni teeni dem o de tega ne. Tio kolo maama na ba leiri bu-ŋona to, o jege se o gwoni-ko mo o de tega ne, ye o kwei-ko o de mini wone se ko di kula. Mo Wɛ de nam na lage o ke nɔn-balwaaro tei.”
10Jɔn na tage konto to, nɔn-kɔgɔ kom ma bwei‑o ba we, “Dé nam wó ke bɛ mo?” 11O ma leiri-ba o we, “Abam balo na jege gwaaro telei telei to, á jege se á kwei dedoo mo á pa balo na ba jege kolokolo to. Ko daare abam balo na jege wodiiru to, á de jege se á kwei á pa nɔɔna konto dwoŋi mo.”
12Lampwoo lara de déem ma ba se Jɔn pa ba jwoŋi sɛɛm Wɛ ŋwaane. Ba ma bwei‑o ba we, “Berem tu, bɛ mo debam nam wó ke?” 13O ma leiri-ba o we, “Abam ba jege se á la nɔɔno yuu se ko dwoni á na wó jwoŋi‑o tei to.”
14Soja tiina de daa ma ba ba bwei‑o ba we, “Debam nam wó ke bɛ mo?” O ma leiri-ba o we, “Abam ba jege se á vere nɔɔn-nɔɔno sabu de dam, naa á gane-ba á jwoŋi. Ko daare, pa-na se ŋweero telo á na yeini á jwoŋi to maŋe abam de á wopwolo.”
15Nɔɔna déem maa jege teena Wɛ tei ne lanyerane, ye ba maama bwɛ ba wone se ba lɔre Jɔn na ye wolo to. Ba maa we, “Wonto mo wó taa ye Wɛ Dam Tu Krista wom na?” 16Ba maama na boŋe konto to, Jɔn ma ta de-ba o we, “Á nii-na amo. A mɛ na mo a pa abam sɛɛm. Ko daare wolo na tiini o dwoi amo to lage o saŋe amo kwaga o ba. Amo wo maŋe se a bwoli wonto nɛ natera a pa‑o. Wonto nam ná lage o pa abam jwoŋi sɛɛm, ko wó taa ye Wɛ Sin-laao kom mo o wó pa á jwoŋi, ye o daare o pa mini zwɛ abam. 17Wonto maa zei da-lɔŋɔ mo se o ma mage o mena se o laam chaare-ka o pɛ o ke o tula ne. O maa wó daare men-swanno tem o zwɛ de mini delo na ba di de dwei to. Mo o na lage o pɔɔre nɔɔna daane o ke-ba tei to.”
18Jɔn déem na wora o tɛ Wɛ kwor-ywoŋa kam o bere nɔn-kɔgɔ kom to, o yeini o ŋɔɔne konto dwoŋi, ye o mae wonnu dwi dwi mo o kaane-ba. 19O déem ma kaane Herodi wolo na ye Galili yuu tu to, de o na ke kolo de o zembaaro kaane Herodisa to. O daa ta ma kaane‑o de wo-lwanno telo maama o na maŋe o ke to. 20Herodi ma zaŋe o ja Jɔn o ke peena diga ne. Konto to, o daa ta ke wo-balɔrɔ mo o woli da.
21Nɔn-kɔgɔ kom déem na tu Jɔn tei se o pa ba jwoŋi sɛɛm Wɛ ŋwaane to, Yezu de déem ma ba o tei se o pa o de jwoŋi sɛɛm. Yezu na jwoŋi sɛɛm konto to, o maa wora o ware Wɛ. Wɛyuu laam ma pore 22pa se Wɛ Sin-laao kom tɔge da ko tu o baŋa, ye ko nyenyego nye de kunkwoŋa yera tei. Kwora laam ma ŋɔɔne Wɛ telaao ne we:
“Nmo mo ye amo bu-doa a na jege nmo swono to.
N kikia su amo yi.”
Yezu kwoa kwoa natɔga kam
Matiyu 1:1-17
23Maŋa kam Yezu na bobo se o taa bere nɔɔna Wɛ chega kam to, o déem yi nenɛɛne bena fintɔ mo. Nɔɔna déem boŋe ba we o ye Josɛf bu mo.
Josɛf kwo déem mo ye Heli.
24Heli kwo déem maa ye Matati.
Matati kwo déem maa ye Levi.
Levi kwo déem maa ye Melaki.
Melaki kwo déem maa ye Janayi.
Janayi kwo déem maa ye Josɛf.
25Josɛf kwo déem maa ye Matatia.
Matatia kwo déem maa ye Amosi.
Amosi kwo déem maa ye Nawum.
Nawum kwo déem maa ye Esali.
Esali kwo déem maa ye Nagayi.
26Nagayi kwo déem maa ye Maata.
Maata kwo déem maa ye Matatia.
Matatia kwo déem maa ye Semeini.
Semeini kwo déem maa ye Joseka.
Joseka kwo déem maa ye Joda.
27Joda kwo déem maa ye Joanan.
Joanan kwo déem maa ye Resa.
Resa kwo déem maa ye Zerubabel.
Zerubabel kwo déem maa ye Selateli.
Selateli kwo déem maa ye Neri.
28Neri kwo déem maa ye Melaki.
Melaki kwo déem maa ye Adi.
Adi kwo déem maa ye Kosam.
Kosam kwo déem maa ye Elimadam.
Elimadam kwo déem maa ye Ara.
29Ara kwo déem maa ye Josua.
Josua kwo déem maa ye Eliazera.
Eliazera kwo déem maa ye Jorim.
Jorim kwo déem maa ye Matati.
Matati kwo déem maa ye Levi.
30Levi kwo déem maa ye Simeon.
Simeon kwo déem maa ye Judah.
Judah kwo déem maa ye Josɛf.
Josɛf kwo déem maa ye Jonam.
Jonam kwo déem maa ye Eliakim.
31Eliakim kwo déem maa ye Melea.
Melea kwo déem maa ye Menna.
Menna kwo déem maa ye Matata.
Matata kwo déem maa ye Natan.
Natan kwo déem maa ye David.
32David kwo déem maa ye Jesse.
Jesse kwo déem maa ye Obeda.
Obeda kwo déem maa ye Bowaza.
Bowaza kwo déem maa ye Salimon.
Salimon kwo déem maa ye Naason.
33Naason kwo déem maa ye Aminadabi.
Aminadabi kwo déem maa ye Adimina.
Adimina kwo déem maa ye Arani.
Arani kwo déem maa ye Hezeron.
Hezeron kwo déem maa ye Pɛreza.
Pɛreza kwo déem maa ye Judah.
34Judah kwo déem maa ye Jakob.
Jakob kwo déem maa ye Izaak.
Izaak kwo déem maa ye Abaraham.
Abaraham kwo déem maa ye Tera.
Tera kwo déem maa ye Rewu.
35Rewu kwo déem maa ye Serugi.
Serugi kwo déem maa ye Arawu.
Arawu kwo déem maa ye Pɛlega.
Pɛlega kwo déem maa ye Ebera.
Ebera kwo déem maa ye Sela.
36Sela kwo déem maa ye Kayinam.
Kayinam kwo déem maa ye Arapazade.
Arapazade kwo déem maa ye Sɛm.
Sɛm kwo déem maa ye Noah.
Noah kwo déem maa ye Lameke.
37Lameke kwo déem maa ye Metusela.
Metusela kwo déem maa ye Enoki.
Enoki kwo déem maa ye Jaredi.
Jaredi kwo déem maa ye Mahalaleli.
Mahalaleli kwo déem maa ye Kayinam.
38Kayinam kwo déem maa ye Enosi.
Enosi kwo déem maa ye Sɛfi.
Sɛfi kwo déem maa ye Adam.
Adam kwo maa ye Wɛ.",https://www.bible.com/bible/3661/LUK.3.KBG
LUKA 4,"Setaana pɛ maŋe Yezu
Matiyu 4:1-17; Maake 1:12-15
1Yezu déem ma zege Jɔdan buga kam ni ne o yage da o maa kɛa. Wɛ Sin-laao kom maa tɔge‑o de dam. Ko ma ja‑o ko vo kagoa yuu ne. 2O maa wora taa, da finna. O na wora to mo setaana pɛ tui o tei o soge‑o se o ya ke o chɔge. Maŋa kam konto ne maama, o daa ba di kolokolo. Da finna yam na kɛ to, kana maa jege‑o lanyerane. 3Setaana pɛ laam ma ba o ta ded‑o o we, “Nmo ná seene n ye Wɛ Bu, se n ta de kandwɛ dento se de ji wodiu se n di.”
4Yezu ma leiri o we, “Ko nam popone Wɛ tɔnɔ kom ne we: ‘Ko dae wodiu yerane mo pae se nabiina ŋwe.’ ”
5Setaana pɛ daa ma ja‑o o ja vo o di peo kolo na dɔra to yuu. O laam ma bere‑o logo kom teene dem maama bedwe baŋa ne. 6O daa ma ta o we, “Wo-laaro tento maama ye amo nyem mo. A nam wó wane a kwei-te a pa wolo maama a na lage to. Amo wó pa se n di dam te maama baŋa ne, se n ta‑n jege zula nɔɔna maama tei ne. 7Nmo ná sɛ n kuni dwoona n zuli-ne, wonnu tento maama wó taa ye nmo nyem.”
8Yezu ma leiri o we, “Ko popone Wɛ tɔnɔ kom ne we:
‘Ko ye n Teiru Baŋa Wɛ yerane mo
n jege se n kuni dwoona n zuli‑o,
ye n toŋe n ke o boboŋa.’ ”
9Setaana pɛ daa ma kwei‑o o ja vo Jerusalem. O ma ja‑o o vo o di Wɛ diga kam yuu mɛ na dɔra to o zege‑o da, ye o we, “Nmo ná ye Wɛ Bu, se n faŋe n chu tega ne se dé nii. 10Kokuri ko popone Wɛ tɔnɔ kom ne we:
‘Wɛ wó toŋe o malese sem nmo tei ne,
se ba taa cho‑m cham maama wone.
11O maa wó pa se ba ba ba ma ba jea ba lwori‑m,
se n yé mage n naga de kandwɛ n to tega ne.’ ”
12Yezu laam ma leiri o we, “Ko ta popone Wɛ tɔnɔ kom ne we: ‘N yé faŋe n Teiru Baŋa Wɛ n nii.’ ”
13Setaana pɛ laam na maŋe Yezu wonnu maama wone o ga to, o ma yage‑o se ko ke fenfee.
14Yezu daa ta maa via, ye Wɛ Sin-laao kom dam wo o tei ne. O ma jwoori o vo Galili. Nɔɔna balo maama na zoore jei sem konto ne to ma ni o ŋwa. 15O ma yeini o zo Juu tiina jeerim di sem o bere-ba Wɛ chega kam. Nɔɔna maama maa zuli‑o lanyerane.
Yezu tete teo kom tiina ve‑o
Matiyu 13:53-58; Maake 6:1-6
16Yezu déem ma vo o yi teo kolo yere na ye Nazarete to. Ko ye teo kolo o na ke nɔɔno da to. Juu tiina siu dɛ maama o déem ma yeini o zo ba jeerim diga kam. Ba siu dɛ dedoa na yi to, o ma vo da. O na zo o wora to, o ma zaŋe wɛɛne se o ga Wɛ tɔnɔ o bere-ba. 17Wɛ sampwora Izaya na popone tɔnɔ kolo faŋa faŋa to ya kuni ko tigi da, pa ba kwei-ko ba pa‑o. O de ma bwoli-ko ye o nii o na mɛ seeni ko na popone to. O na nɛ to, o ma bobo ko garem o we:
18“Baŋa Wɛ Sin-laao kom mo wo amo baŋa ne.
Kokuri to, o tiŋi-ne mo se a tɔɔle o kwor-ywoŋa kam a bere yiniga tiina.
O ta ma toŋe-ne balo yiga na chege to tei ne,
se a tɔɔle o kwora kam a bere-ba we
ba laam wó taa tei ba tete,
se a daare a bere lilwoa we
ba yia wó ba ya puri.
O daa ta toŋe-ne se a pa balo
nɔɔna na bɛɛse-ba to jwoŋi siu,
19se a daare a tɔɔle we,
bene delo Baŋa Wɛ na wó ba
o fɔge o nɔɔna bam to laam yia.”
20Yezu na gage o ti to, o laam ma pu tɔnɔ kom ye o kwei o pa ba diga kam tontoŋeno. O ma jeini tega ne se o bere-ba. Nɔɔna bam maama maa nii o yia ne se ba cheigi. 21O ma ta o we, “Zem dɛ dem ne, abam na nigi Wɛ tɔnɔ kom na bere kolo to jigi chega á tei ne.”
22Ba maama maa zuli‑o ye ba we, “O taane dem lamma.” O kwora kam na ywomma to, ko ke-ba yaau. Ba daa ta maa we, “Ko dae Josɛf bu mo tento na?”
23O ma ta de-ba o we, “Amo nam yei we abam wó ta sinseira de amo nenɛɛne, ‘Nmo wolo na yɔɔre nɔɔna to, se n yɔɔre n tete!’ Abam daa ta wó ta we, ‘Dé lɔre wonnu telo nmo na ke Kaparenia ne to. Konto ŋwaane daa‑n ke konto dwoŋi n tete teo wone ywoba seeni.’ ”
24O ta ma ta o we, “A tɛ abam chega ŋwaane to, nɔɔno ná ye Wɛ ni-jwoŋinu, o tete teo kom tiina yeini ba ba nege‑o. 25Ko seene ko ye chega mo. Maŋa kalo Wɛ sampwora Elija déem na wora to, doa déem tu ka ba ka wo nege taa, bena yatɔ de chane seredo mo. Konto ŋwaane da-kore déem zege ka maŋa ne pa kana wora logo kom maama wone. Kadeina maa daga dedɛ Isarele tiina bam wone, 26ye Wɛ nam wo toŋe Elija se o vo ba wolowolo tei. Wɛ déem nam toŋe‑o kadeim wodwoŋi tei ne, o na zoore Zarepata teo wone to. Sidon logo ne mo konto. 27Ko ta woli da, maŋa kalo Wɛ sampwora Elisa déem na wora to, naywanno dedɛ déem wo Isarele teo kom ne. Ba wolowolo de déem wo nɛ yazura ba wone. Elisa déem pɛ se Naaman yerane mo na yazura, ye wonto nwoŋi Siria logo ne.”
28Nɔɔna balo maama na wo jeerim diga kam ne to na nigi Yezu na tage kolo to, ba bane ma zaŋe lanyerane. 29Ba ma zaŋe ba zeili‑o ba pa o nwoŋi teo kom wone. Teo kom déem wo peo yuu ne mo. Ba ma ja‑o ba vo jeiga kalo na luuna de tega to se ba yigi‑o ba de tega ne ba go. 30Ba ma ware. Yezu ma pipiri o vo o tɔge ba tetare o nwoŋi o maa kɛa.
Yezu yɔɔre nɔɔna dedɛ
Matiyu 8:14-17; Maake 1:21-39
31Yezu déem ma vo Galili teo kodwoŋi, ko yere mo Kaparenia. Juu tiina siu dɛ ma yi. O ma vo o zo ba jeerim diga kam se o bere nɔɔna bam da. 32Ba maa tiini ba ye yaau de o berem dem, o ni taane na jege dam to ŋwaane.
33Nɔɔno wodwoŋi déem maa wo ba jeerim diga kam wone ye chichira daane‑o. 34O ma chwoosi de kwor-dɛa ye o we, “Woo! Yezu, Nazarete tu, bɛ mo n lage debam tei ne? Nmo tu se n chɔge debam dwi mo na? A nam yei nmo na ye wolo. Nmo ye Wo-pwoŋo Tu wolo Wɛ na toŋe to mo.”
35Yezu ma bwɛ chichira kam o we, “Cheigi sɔɔ, se n yage o yera se n viiri.” Setaane dem na nigi konto to, de ma yigi nɔɔno wom de de tega ne. De laam ma yage‑o ye de wo ke‑o kolokolo. Konto ma ke nɔɔna bam maama yia ne mo. 36Ko ma so-ba lanyerane. Ba maama maa ŋɔɔne daane ba we, “Bɛ mo ye o wane o ta tento? Nii o na mae o dam o tɛ de chichiri sem pa se se sɛ o ni ye se viiri.”
37Nɔɔna balo maama na zoore jei sem konto ne to laam ma ni Yezu ŋwa.
38Yezu déem ma nwoŋi jeerim diga kam wone. O ma vo Simon ba sɔŋɔ. O na yi da to, de paa mage Simon tenkaane lanyerane. Ba ma lwoori Yezu se o zeini kaane wom o jaweo kom baŋa ne. 39O ma vo o zege kaane wom tei ne. O ma ta o bere paa kam se ka yage kaane wom. Ka ma seene ka yage‑o. O laam ma zaŋe lela ye o ke wodiu o pa-ba.
40Ko na tu ko yi wɛ-zoore maŋa ne to, ba ma ja nɔɔna balo maama na ba jege yazura to ba ba Yezu tei se o yɔɔre-ba. Ba déem jege jaweero dwi dwi mo. O ma zi o jea ba dedoa dedoa baŋa ne pa se ba maama na yazura. 41Ko ta woli da, setaana de ma yage nɔɔna dedɛ ya na jege ya daane to yera. Ba maa yeini ba chwoosa mo ba we, “Nmo ye Wɛ Bu wom!” Ba nam na yei we o seene o ye Wɛ Dam Tu Krista wom to, o ma bwɛ-ba se ba daa yé taa ŋɔɔne o taane.
42Tega na poore tetete to Yezu daa ma nwoŋi o vo jei selo nɔɔn-nɔɔno na tera to. Teo kom nɔɔna bam ma zaŋe ba nwoŋi se ba beeri o jei. Ba laam ma na‑o ye ba vo o tei. Ba ma kwaane se ba che o chwoŋa se o yé viiri o yage-ba. 43O ma ta de-ba o we, “Amo nam jege se a vo a tole teene dedem mo a tɔɔle Wɛ paare dem kwor-ywoŋa kam. Ko ye konto ŋwaane mo Wɛ toŋe-ne nabiina tei ne.”
44O laam maa tole Judea teene dem. O déem yeini o zo ba jeerim di sem mo se o taa bere-ba Wɛ chega kam.",https://www.bible.com/bible/3661/LUK.4.KBG
LUKA 5,"Yezu bwoŋi nɔɔna badwonna se ba taa tɔge‑o
Matiyu 4:18-22; Maake 1:16-20
1Dɛ dedwe mo Yezu déem vei o zege buga-kamunu kodwoŋi ni ne, ka yere mo Genesara. O na zege da konto to, nɔɔna ma ba o tei se ba taa cheigi Wɛ kwora. Ba maa peene daane ye ba yiga. 2O ma na nabwooru telei te tigi buga kam ni ne, ywon-jara na yage-te ye ba daare ba vo se ba zare ba chworu tem. 3Nabworo dedoa maa ye Simon nyem mo. Yezu ma zo ko wone. O ma ta dedaane Simon o we, “Chwo bworo kom n ja n vo yiga fenfee n pa-ne.”
Ko na seene ko ke to, o laam maa jei nabworo kom wone o tɛ Wɛ taane o bere nɔn-kɔgɔ kom. 4O na bere-ba o ti to, o ma ta de Simon o we, “Cho bworo kom n ja n vo na-luŋa kam jei, se á de á chworu tem na bam kuri ne á ja ywona.” 5O ma leiri‑o o we, “Amo tu, debam maŋe dé de chworu tem taa dé ga. Tega poore ye dé wo nɛ kolokolo. Dé nam bugi dedɛ. Nmo nam na tage we dé daa jwoori dé ke to, amo wó pa ba de chworu tem se dé nii.”
6Ba ma vo ba yi na bam tetare jei sem ye ba de chworu tem da ba ja ywona dedɛ. Ywona yam maa tiini ya daga dedɛ pa se chworu tem lage te kaare. 7Ba ma yeese ba jea ba bwoŋi ba dwonna bam se ba ba ba woli-ba. Banto de ma kwei nabworo kokom kom ba ja vo ba woli-ba. Bworru tem telei maama ma su de ywona. Te ma ga fenfee se te misi na bam wone. 8Simon wolo yere dedwoŋi na ye Piita to ma na kolo na ke to. O ma vo o kuni dwoona Yezu yiga ne, ye o we, “Amo tu, véi dáa a tei ne, se amo mo ye nɔn-chechɔgɔ.”
9Ba na jaane ywona dedɛ ye ya tiini ya daga to, ko ma kagele Simon dedaane nɔɔna balo na wo o tei ne to. 10Ko ta kagele Zebedi bia balei na tɔge ba wora to. Ba dedoa yere mo Jemsi, o nyaane wom yere mo Jɔn. Banto déem yeini ba tɔge de Simon mo ba toŋa. Yezu daa ma ta de Simon o we, “Yé ta‑n kɔre foone. Ko zege zem dɛ dem ne ko taa via, nmo laam wó ta‑n lage nɔɔna mo n pa amo, ne nmo déem na yeini n lage ywona n jaane tei to.”
11Ba ma jwoori ba ja nabwooru tem ba nwoŋi ba tiŋi buburu kom ni ne. Ba na ke konto ba ti to, ba yage ba wonnu maama ye ba laam daare ba tɔge Yezu.
Yezu daa ta yɔɔre nɔɔna
Matiyu 8:1-4; 9:1-8; Maake 1:40–2:12
12Dɛ dedwe mo Yezu vei teo kodwoŋi. Nɔɔno ya wo teo kom konto ne o na ye nayɔŋɔ. O jaweo kom déem zo o yera lanyerane. O na nɛ Yezu to, o ma fɔɔre o yi o tei, ye o kuni dwoona o lwoori‑o o we, “Amo tu, n ná laga, n jege dam se n pa a na yazura.” 13Yezu ma twe o jeŋa o dwei‑o ye o we, “A lage se ko taa ye konto. Zaŋe de yazura.”
O na tage konto to mo bedwe baŋa ne jaweo kom jei nɔɔno wom yera ne. 14Yezu ma kaane‑o o we, “Yé zaŋe n ta kolo na ke to n bere nɔɔn-nɔɔno. Yɔɔre Wɛ kaanem tu wom tei se n vo n bere‑o n jaweo kom na jei tei n ye-daa ne. Ta daare n kwei pɛɛra n ma n kaane Wɛ, nenɛɛne Moses nia yam na bere tei kwɛɛm ŋwaane to. Konto wó bere nɔɔna we n jaweo kom seene ko jei.”
15Ko nam na ke tei to, nɔɔna dedɛ déem nigi Yezu ŋwa jei maama. Konto ŋwaane mo nɔn-kɔgɔ dedɛ maa vei o tei se ba taa cheigi o ni-botare sem, se ba daare ba na yazura. 16O déem ná lage o ware Wɛ, o yeini o beeri mɛ seeni nɔɔna na tera to mo se o ware Wɛ.
17Dɛ dedoa mo Yezu déem wora o tɛ Wɛ taane o bere nɔɔna. Ba badaara déem ye Farisi tiina mo dedaane Wɛ nia zamesem tiina. Ba déem nwoŋi teene dwi dwi mo ba ba o tei. Jerusalem tiina, de teene delo maama na wo Galili ne de Judea ne to tiina maa wora. Ba déem maa jei Yezu tei ne, ye o wane o yɔɔre jaweena Baŋa Wɛ dam na wo o tei ne to ŋwaane. 18O na wora o bere-ba konto to, nɔɔna badwonna ya zeŋe gɔrɔ de gungwolo ba jege ba beena. Ba na yi jei selo Yezu na wora to, ba ya kwaane se ba ja gɔrɔ kom ba ja ba zo diga kam wo ba tiŋi Yezu yiga ne. 19Ko ya maa ware, kɔgɔ kom na daga to ŋwaane. Ba wo nɛ chwoŋa se ba zo. Ba ma ja gɔrɔ kom ba di nayuu. Ba laam ma puri bɔɔne ye ba daare ba pa gungwolo kom tɔge da ko tu diga kam wo. Ko ma pa se gɔrɔ kom zo ko tigi nɔɔna bam tetare ne Yezu yiga ne konto. 20Yezu ma lɔre we ba ke ba wo-dedoa ded‑o. O ma ta o we, “A badwoŋi, nmo wɛleera yam saare.”
21O na tage konto to, Wɛ nia zamesem tiina bam de Farisi tiina bam maa bwɛ ba wone ba we, “O bere o tete we o ye wɔ mo, ye o pae se o de Wɛ ye bedwe? Nɔɔn-nɔɔno tera kotu na jege chwoŋa se o yage o dwoŋi nɔɔno wɛleera o ma chɛ‑o, ko ná dae Wɛ yerane.”
22Yezu ma lɔre ba na bwɛ tei ba kana ne to ye o bwei-ba o we, “Bɛŋwaane mo á jege boboŋe dem konto dwoŋi á wone? 23Yage-na se a bwei abam a nii kɔ mo ye mɔle, amo ná tage nɔɔno wonto we, o wɛleera yam saare, naa a ná tage‑o a we, o zaŋe o taa via? 24Amo nam wó pa se abam lɔre we amo wolo na ye Nabiin-bu wom to jege dam logo baŋa ne se a yage nɔɔno wɛleera a ma chɛ‑o.” O laam ma ta gɔrɔ kom o we, “Nii mo! Zaŋe wɛɛne se n kwei n gungwolo kom n ja n vo sɔŋɔ.” 25Bedwe baŋa ne mo nɔɔno wom zaŋe ba maama yiga ne, ye o kwei o gungwolo kom o ya na tigi ko baŋa ne to o zeŋe o maa vei sɔŋɔ. O na maa viiri to mo o tei Wɛ lanyerane.
26Nɔɔna maama na nɛ kolo na ke to, ko ma ke-ba yaau. Foone ma ja-ba. Ba ma daare ba tei Wɛ, ye ba we, “Dé zem nɛ wo-kenkagele lanyerane!”
Yezu bwoŋi Levi se o ta tɔge‑o
Matiyu 9:9-13; Maake 2:13-17
27Konto maama na kɛ to, Yezu ma zaŋe o nwoŋi o maa kɛa. O na maa kɛ to mo o nɛ lampwoo laro wodwoŋi, o yere mo Levi. O déem jei mɛ seeni o na yeini o jei o jwoŋi lampwoo nɔɔna tei ne to. Yezu ma ta ded‑o o we, “Zaŋe n ta n tɔge-ne.”
28Levi ma zaŋe o yage o woŋo maama ye o tɔge o kwaga. 29O ma vo sɔŋɔ o ke wodiiru dedɛ o ma ke kuri o pa Yezu. Nɔɔna dedɛ ma ba ba tɔge ba di, dedaane lampwoo lara dedɛ. 30Farisi tiina de ba zamesem tiina de tɔge ba wora. Ba ma vo Yezu kwaga tɔgena bam tei ba ŋɔɔna ye ba poona ba we, “Bɛ mo ke ye abam di wodiu dedaane lampwoo lara de nɔn-chechɔgero tem konto?” 31Yezu ma leiri-ba o we, “Ko ná ye balo na jege ya-dɛɛra to, banto ba jege se ba vo dɔkta tu tei se o yɔɔre-ba. Ko daare balo na ba jege yazura to mo jege se ba vo ba na yɔɔrem. 32Amo na tu logo baŋa to, ko dae balo na maŋe ba ye nɔn-ŋona to ŋwaane, se a nam tu se a pa nɔn-chechɔgero mo leiri ba wo Wɛ ŋwaane.”
Yezu berem dem ye berem-doore
Matiyu 9:14-17; Maake 2:18-22
33Ba daa ta ma ta de Yezu ba we, “Jɔn kwaga tɔgena bam yeini ba vɔ ni mo maŋa maama ye ba daare ba ware Wɛ. Farisi tiina tɔgena bam de yeini ba ke konto dwoŋi. Bɛ mo ye nmo kwaga tɔgena bam ba vɔ ni konto?” 34O ma leiri-ba o we, “Nɔɔno ná wora o ke kadiri, ye o dwonna ná wora se ba tɔge ba di, n bá‑n wane n pa ba vɔ ni ye kan-baro wom ta wo ba tei ne. 35Ko nam wó ba ko yi maŋa kam ba na wó ja kan-baro wom ba viiri. Maŋa kam konto ne ye o daa tera ba tei ne, mo ba nam wó vɔ ni wo-chechɔgɔ ŋwaane.”
36Yezu daa ma maŋe memaŋa kadwoŋi o bere-ba o we, “Nɔɔn-nɔɔno bá sɛ o kwei gare-doŋo o kaare se o ma feiri gare-dwoŋo. O nam ná ke konto, o wó kaare gare-doŋo kom o chɔge mo, ye ko bá wane ko maŋe de gare-dwoŋo kom. 37Nɔɔn-nɔɔno ta bá sɛ o kwei sa-doora o lwo o ke lɔ-dwoŋa wone. O ná ke konto, ye sana bam ná keeri, ba wó pa se lɔa kam bage mo. Konto ŋwaane sana bam wó lwo ba yage, ye lɔa kam de chɔge. 38Sa-doora nam maŋe se n lwo n ke lɔ-doŋa wone mo. 39Nɔɔno nam ná nyɔge sa-keira o me, o daa bá taa lage se o nyɔ sa-doora. O nam wó ta we, sa-keira bam tiini ba lamma.”",https://www.bible.com/bible/3661/LUK.5.KBG
LUKA 6,"Yezu Krista dwoi siu dɛ chullu
Matiyu 12:1-14; Maake 2:23–3:6
1Juu tiina siu dɛ dedwoŋi daa ma yi. Yezu de o kwaga tɔgena bam déem ma tɔge daane ba da kara wo ba maa kɛa. Ba na maa vei to, o kwaga tɔgena bam maa bwori mena ba yu ba dona. 2Farisi tiina de tɔge ba wora. Ba ma bwei we, bɛ mo ye banto ke totoŋe delo na chɔge dé siu dɛ chullu tem to? 3Yezu ma leiri-ba o we, “Abam ta wo fɔge á ga Wɛ tɔnɔ kom na bere Pɛ David taane tei to na? Ko bere we kana déem jege o de o nɔɔna bam. 4Konto ŋwaane o ma vo o zo Wɛ diga kam, ye o kwei bworobworo kolo na tigi da Wɛ ŋwaane to. Bworobworo kom konto chula se nɔɔno di-ko, ko ná dae Wɛ kaanem tiina yerane. David déem di bworobworo kom, ye o daare o pa o nɔɔna bam de tɔge ba di.” 5Yezu daa ta ma ta o we, “Konto to, Nabiin-bu wom jege dam siu dɛ chullu tem baŋa ne.”
6Konto na kɛ to, siu dɛ dedem daa ma yi. Yezu déem ma vo o zo Juu tiina jeerim diga. O maa wora o bere-ba Wɛ taane. Nɔɔno wodwoŋi maa tɔge o wora, o jazem jeŋa kam na tega. 7Wɛ nia zamesem tiina de Farisi tiina de maa wora. Banto maa kwaana ba lage chwoŋa se ba bere we Yezu ke o tusi. Konto ŋwaane ba déem jei ba yere‑o se ba nii, o wó sɛ o yɔɔre nɔɔno siu dɛ dem ne naa o bá sɛ. 8Yezu ma lɔre ba na boŋe tei to. O ma ta de je-tega kam tu o we, “Zaŋe wɛɛne n ba n zege nɔɔna maama tetare ne.” O ma zaŋe o nwoŋi o zege da.
9Yezu ma bwei nɔɔna bam o we, “Chullu bere we bɛ mo? Kɔ mo tɔge chwoŋa, nɔɔno ná ke o dwoŋi lanyerane siu dɛ dem ne, naa o ná ke‑o lwarem? Kɔ mo lana, nɔɔno ná vere o dwoŋi ŋwea siu dɛ dem ne, naa o ná go‑o?”
10O na tage konto to, o ma nii ba maama ye o daare o ŋɔɔne de je-tega kam tu o we, “Twe n jeŋa kam.” O na ke konto to, o jeŋa kam ma jwoori ka ke lanyerane. 11Nɔɔna bam na nɛ konto to, ba ma fole dedaane Yezu, ye ba bane daane se ba nii ba na wó wane ba ke‑o tei to.
Yezu kuri o totoŋa nakwa fuga-balei bam
Matiyu 10:1-4; Maake 3:13-19
12Da yam konto ni ne, Yezu ma vo o di peo kodwoŋi yuu se o ware Wɛ. Dɛ dem konto maama o wora o ware Wɛ taa, se ko ba ko yi te-pora. 13Tega na poore ka ti to, o ma bwoŋi o kwaga tɔgena bam se ba ba o tei. O laam ma le nɔɔna fuga-balei ba wone, ye o tiŋi-ba se ba taa ye o totoŋa nakwa bam. 14Ba yera mo tento:
Simon wolo Yezu na pɛ o yere we Piita to.
Anduru wolo na ye Simon nyaane to.
Jemsi, de Jɔn, de Filipi, de Batoloma, 15de Matiyu, de Tomas.
Jemsi wolo na ye Alafayu bu to, de Simon wolo ba na bwoi‑o we Zɛlota tigisim nyem to, 16de Judas wolo na ye Jemsi bu to, dedaane Judas Yisakara wolo déem na wó ba o yeigi Yezu o pa nɔɔna to.
17Yezu ma tu peo kom yuu ne. O dedaane o tontoŋena fuga-balei bam ma vo ba yi tega kalo na mae daane to. O ma zege da, dedaane o kwaga tɔgena dedɛ, de nɔn-kɔgɔ dedɛ maŋe ko gilimi ko su jei sem maama. Banto déem nwoŋi jei dwi dwi mo, Judea teene dem maama wone. Badwonna nwoŋi Jerusalem. Badwonna de ma nwoŋi Tura de Sidon jei selo na wo naneo kom ni ne to. 18Ba déem tu Yezu tei se ba cheigi o taane dem, se ba daare ba na yazura de ba jaweero tem. Nɔɔna badaara wora chichiri na jege-ba se daana. Ko ma gare banto de yera ne. 19Nɔɔna bam maama maa kwaana se ba dwei‑o, kolo ŋwaane o jege dam delo na wó pa ba maama na yazura to.
Wopwolo de lwia taane
Matiyu 5:1-12
20Yezu déem ma nii o tɔgena bam seeni ye o we:
“Yiniga na jege abam balo to mo jege yu-ywoŋo,
á na tɔge á di Wɛ paare dem to ŋwaane.
21Kana na jege abam balo leile to mo jege yu-ywoŋo,
Wɛ na wó pa á bochara peini de á fera yam to ŋwaane.
Abam balo yiga na nyɔne leile to mo jege yu-ywoŋo,
Wɛ na wó pa á ba á di ywoni to ŋwaane.
22Nɔɔna ná chuli abam, ye ba ná vae abam, naa ba twe abam, naa ba ná jege abam ba yaala, á jege yu-ywoŋo mo. Ba ná ke abam konto dwoŋi, á na tɔge amo wolo na ye Nabiin-bu wom to ŋwaane, 23se á ta‑á jege wopwolo lanyerane dɛ dem konto ne. Ta‑á yei-na we ba nabaara de déem ke faŋa faŋa Wɛ sampwori sem konto mo. Á faŋe á ta‑á yei ko ni ne, se á wó na nyɔɔre dedɛ Wɛ tei ne.
24Ko daare abam balo na ye naduna to, lɛɛro yi abam,
á na maŋe á na á wo-laaro tem ye á daa bá na to ŋwaane.
25Abam balo na jege wodi-fɔrɔ á di leile to, lɛɛro yi abam,
á na wó ba á yaare de kana to ŋwaane.
Abam balo na di ywoni leile to, lɛɛro yi abam,
á na wó ba á keeri ye á yi-na lu to ŋwaane.
26Nɔɔna maama ná jege abam ba zula, lɛɛro yi abam. Ta‑á yei-na we ba kwoa nakwa de déem zuli balo na pae ba ye Wɛ sampwori ye ba dae to.”
Swono taane
Matiyu 5:38-48; 7:12
27Yezu daa ma ta o we, “Abam balo na cheigi-ne to nam nii-na. Ta‑á swoi á dona. Ta‑á ke balo na chuli abam to lanyerane. 28Ko ná ye balo na sɔɔle ba chɔge abam to, se á swɛ ba swolim. Lwoori-na Wɛ á pa balo na jege abam ba twea to. 29Nɔɔno ná lɔge nmo popɔŋɔ, se n guni kodwoŋi kom se o daa lɔ. Nɔɔno ná vere nmo gare-bwora o ja viiri, se n pa‑o chwoŋa se o kwei n gare-bu o woli da. 30Nɔɔno wolo maama ná lwoori woŋo nmo tei ne, se n pa‑o. Nɔɔno ná kwei nmo woŋo o ja viiri, yé bwei ko bwia se n jwoŋi. 31Nam ta‑á ke-na á dwonna lanyerane, se ko maŋe de á na lage se banto taa ke abam tei to.
32Abam nam ná swoi balo de na swoi abam to yerane, á wó na nyɔɔre na? Nɔn-chechɔgero de maŋe ba swoi ba dwonna konto dwoŋi mo. 33Abam ná ke lanyerane de balo na ke abam lanyerane to yerane, á wó na nyɔɔre na? Nɔn-chechɔgero de maŋe ba ke konto dwoŋi mo. 34Abam ná jene sabu á pa balo yerane na wó wane ba jwoori ba ŋwe to, á wó na nyɔɔre na? Nɔn-chechɔgero de yeini ba jena ba pa ba dwonna se ba jwoori ba jwoŋi ko ni ne. 35Abam nam jege se á ta‑á swoi á dona, ye á ta‑á ke-ba lanyerane. Abam nam ta‑á jene sabu á pa nɔɔna, ye á yage teenem. Yuu-tu Baŋa Wɛ mo yeini o zeini banegero nyena de puseŋ-nyena mo. Á ná yeini á ke konto dwoŋi, á wó na nyɔɔre dedɛ Wɛ tei ne, de á na bere we á ye o bia tei to. 36Ta‑á duri-na nɔɔna ŋwaŋa, ne á Kwo Wɛ na ye tei to.
Zeinim taane
Matiyu 7:1-5, 16-20, 24-27; 12:33-35
37Abam nam yé zaŋe á ŋɔɔne á dwonna taane, se á yé pa Wɛ ŋɔɔne abam de taane. Yé ta‑á jege-na nɔɔna á yaala, se á yé pa Wɛ yaale abam de. Nam yage-na á ma chɛ á dwonna, se Wɛ laam wó yage abam de wɛleera o ma chɛ abam. 38Ta‑á pa-na nɔɔna wolim, se Wɛ wó woli abam de konto. Wɛ wó pa á na wolim lanyerane, ne ba na kwei bɔŋa ba maŋe ba vuuri ka ni ye ka siiri to. Abam na ke á dwonna tei to, Wɛ wó ke abam de konto se ko taa mae daane.”
39Yezu laam ma maŋe memaŋa o bere-ba o we: “Lilwei wó wane o vaŋe o dwoŋi lilwei mo na? Ba ná ke konto, ba maama bá to gwoŋo wone na? 40Zenzamso bá wane o dwoni wolo na bere‑o to. Ko daare zenzamso ná zamese o ti maama, o de wolo na bere‑o to wae ba ye bedwe.
41Abam nye de nɔɔno ná nii o dwoŋi yi ne o na weo balaŋa da, ye o yiga tera de o tete yi na jege da-lɔŋɔ to. Ko maŋe se ko taa ye konto na? 42Nɔɔno wolo ná wo maane we o jege da-lɔŋɔ o yi ne, kotu wó taa jege chwoŋa se o ta de o dwoŋi we, ‘A badwoŋi, pa se a le weo n yi ne’ na? Abam ye pipiri-nyena de á na ke á dwonna tei to. Abam nam jege se á le á tete yi da-lɔŋɔ kom mo, se á laam wane á nii lanyerane se á le á dwoŋi yi weo kom.
43Nɔɔno kikia wó pa á lɔre o na seene o ye tei to. Tei-ŋoŋo tera ko na wó lei bu-kokwaaro. Tei-jawona nam tera ko na wó lei bu-ŋona. 44Abam ná lage se á lɔre tio maama na ye kolo to, á wó ma ko bia mo á lɔre. Nmo bá‑n na mɔɔro sabara yuu ne, naa n na swa kaligwoŋo o kuri ne n twɛ. 45Nɔn-ŋom wó taa jege wo-laaro mo o boboŋa ne pa se o jege-te o ŋɔɔna. Ko daare nɔn-balɔrɔ wó taa jege wo-balwaaro mo o boboŋa ne pa se o jege tento o ŋɔɔna. Nɔɔno na jege kolo maama ko su o boboŋa to mo wó siiri o ni taane wone.
46Bɛŋwaane mo á yeini á zuli-ne ye á bwoi amo we, ‘Dé Teiru, dé Teiru’, ye á ta ba sɛ amo ni? 47Wolo maama ná tu amo tei o jwoŋi a taane dem ye o daare o tɔge-de, amo wó bere abam konto tu na nye tei to. 48Wonto nye de nɔɔno wolo na lage o lɔ o sɔŋɔ to. O ma ko gwoŋo o yi pelɔrɔ, ye o laam chwi sɔŋɔ kom kuri pelɔrɔ kom baŋa ne. Buga ma su ka wɛɛle ka mage sɔŋɔ kom, ye na bam wo wane ba chwoori-ko, o na lɔge-ko lanyerane ye ko dana to ŋwaane. 49Ko daare wolo maama nam na jwoŋi amo taane dem ye o ba tɔge-de to nye de nɔɔno wolo na pɔpɔ o lɔ o sɔŋɔ kasolo baŋa ne, ye o wo koge gwoŋo se o ma chwi-ko to. Buga ma su ka wɛɛle ka mage sɔŋɔ kom ka gwɛɛne, pa na bam chwooli ko maama.”",https://www.bible.com/bible/3661/LUK.6.KBG
LUKA 7,"Yezu yɔɔre soja tu tontoŋeno
Matiyu 8:5-13
1Yezu déem na bere nɔn-kɔgɔ kom o memaŋa yam o ti to, o daa ma vo Kaparenia. 2Rom tiina soja yiga tu wodwoŋi déem mo wora, o na jege sɔŋɔ tontoŋeno. O maa swoi‑o dedɛ. O tontoŋeno wom déem maa weela lanyerane ye o lage o te. 3Soja tu wom ma ba o ni Yezu ŋwa. O ma toŋe Juu tiina nakwa o tei ne se ba pa o ba o jwoŋi o tontoŋeno wom ŋwea. 4Juu tiina nakwa bam ma vo Yezu tei ba tiini ba lwoori‑o se o ba o jwoŋi ba dedɛɛro wom tontoŋeno wom ŋwea. Ba ma ta ded‑o ba we, “O ye nɔn-ŋom. 5O swoi debam Juu tiina dwi dem, ye o daare o lɔ jeerim diga o pa debam. Konto ŋwaane, kwaane se n duri o yiniga.”
6Yezu ma sɛ. O ma tɔge dedaane-ba o maa vei soja tu wom sɔŋɔ. O ma twɛ sɔŋɔ kom, dedaane soja tu wom daa toŋe ni o tei ne o we, “Amo tu, yé yaare n tete n ba. A muri se n ba n zo amo sɔŋɔ. 7Konto ŋwaane mo pɛ se amo tete wo tu nmo tei. Nam ta n ni we, a tontoŋeno wom zaŋe, se o laam wó na yazura. 8Amo de ye nɔɔno wolo nɔɔna badwonna na jege dam amo baŋa ne to, ye amo de daa ta jege dam badaara baŋa ne. A ná tage we nɔɔno wolo véi, o jege se o vo mo. A nam daa ná we nɔɔno wolo ba, o de wó ba mo. Ko ta ná ye a tontoŋeno, a ná we o ke woŋo, o jege se o ke mo.”
9Yezu na nigi konto to, ko ma so‑o. O ma pipiri o nii kɔgɔ kolo na tɔge‑o to, ye o ta o we, “A tɛ abam, amo wo nɛ nɔɔn-nɔɔno o na jege wo-dedoa de amo se ko yi wonto na jege wo-dedoa tei to, ko ná maŋe ko ye Isarele dwi tiina bam wone de.”
10Soja tu wom nɔɔna bam laam ma jwoori sɔŋɔ. Ba na yi da to, ba nɛ de tontoŋeno wom jege yazura.
Yezu bi kadeim wodwoŋi bu
11Konto na kɛ to, Yezu daa ma zaŋe o vo teo kodwoŋi, ko yere mo Nayin. O na maa vei to, o kwaga tɔgena bam dedaane nɔn-kɔgɔ kamunu mo tɔge‑o ba maa via. 12O na yi teo kom ni to, o ma jeeri nɔɔna na zeŋe too de gandwa ba maa nwoŋa. Too wom nu ye kadeim mo. Mo o bu-doa. Teo kom kɔgɔ kamunu de maa tɔge too wom kwaga. 13Dé Teiru Yezu na nɛ kadeim dem to, o ma duri o ŋwaŋa. O ma ta ded‑o o we, “Yé ta‑n keera.” 14O ma vo o dwei gandwa yam. O na ke konto to, balo na zeŋe too wom to ma zege. Yezu ma ta de too wom o we, “Amo badwoŋi, a tɛ nmo se n zaŋe wɛɛne!” 15O na tage konto to, too wom ma seene o zaŋe ye o bobo ŋɔŋa. Yezu ma jwoŋi‑o o pa o nu wom.
16Nɔɔna bam maama na nɛ konto to, ba ma kɔre Wɛ lanyerane, ye ba tei‑o ba we, “Dé ke Wɛ lei! Wɛ ni-jwoŋinu kamunu nam chuga dé tei ne. Wɛ tu se o jwoŋi o nɔɔna bam mo.”
17Judea teene dem, de de nawuura yam maama laam ma ni Yezu ŋwa.
Jɔn wolo na pae nɔɔna sɛɛm to taane
Matiyu 11:2-19
18Jɔn de déem ma ni Yezu ŋwa. O kwaga tɔgena bam ma ta ba bere‑o Yezu na ke kolo maama to. O laam ma le o kwaga tɔgena bam balei, 19ye o toŋe-ba dé Teiru Yezu tei ne, se ba bwei‑o ba nii, wonto mo ye wolo Wɛ na bere-ba we o wó ba to, naa ba ta teene nɔɔno wodwoŋi.
20Nɔɔna bam ma vo Yezu tei ba ta ded‑o ba we, “Debam tu Jɔn wolo na pae nɔɔna sɛɛm to mo toŋe debam nmo tei ne, se dé ba dé bwei dé nii, nmo mo ye wolo Wɛ na bere debam we n wó ba to, naa de ta teene nɔɔno wodwoŋi?”
21Kanto maŋa kam ne nɔɔ mo Yezu déem yɔɔre nɔɔna dedɛ de ba jaweero dwi dwi. O ma yɔɔre chichiri na daane nɔɔna balo to, ye o daare o pa lilwoa dedɛ yia puri. 22O laam ma leiri Jɔn tontoŋena bam o we, “Véi-na á ta de Jɔn kolo maama á na nɛ to, ye á kwori á ni to. Á ta á bere‑o we, lilwoa mo jwoori ba nae, gwaaro de wae te via, naywanno yera de kwɛ lanyerane, zɔ-kɔro de zwa ni, twa de jwoori ba bi. Ko woli da, yiniga tiina de maa ni Wɛ kwor-ywoŋa kam. 23Wolo maama na ba jwoori Wɛ kwaga ne amo ŋwaane to mo ye yu-ywoŋo tu.”
24Jɔn tontoŋena bam ma jwoori ba viiri. Yezu laam ma ta Jɔn taane o bere nɔn-kɔgɔ kom. O ma ta de-ba o we, “Abam déem na vei Jɔn tei kagoa yuu ne to, á boŋe we á wó na bɛ mo? Á vei se á nii gaaro telo vio na jege ko dole to mo na? 25Aawo. Se bɛ mo? Á vei se á nii nɔn-yero na zo gare-nyenno to mo na? Aawo. Nɔn-yero nam wó taa zoore sɔ-fɔrɔ wone mo ye o di o ni, se ko dae kagoa yuu ne. 26Bɛ nam mo ye á vo? Á vei se á na Wɛ sampwora mo na? Ɛɛ, ko ye konto mo. Á nam na nɛ wolo to tiini o dwoi faŋa faŋa Wɛ sampwori sem na ye tei to. 27Wɛ tɔnɔ kom nam maŋe ko ta wonto taane ko we:
‘Nii, amo Wɛ lage a toŋe a tontoŋeno mo,
se o da nmo yiga o vo o kwɛ chwoŋa kalo nmo na wó tɔge da to.’
28A tɛ abam we, nabiina balo maama ba na maŋe ba lo to wone nɔɔn-nɔɔno tera o na yi Jɔn na ye tei to. Ko daare leile konto, nɔn-yɔɔ kolo maama na zo Wɛ paare woro kom wone to laam tu o dwoi Jɔn.”
29Nɔɔna bam maama dedaane lampwoo lara bam de na nigi konto to, ba ma sɛ we Wɛ jege chega, ba na maŋe ba jwoŋi sɛɛm Jɔn tei ne to ŋwaane. 30Ko daare Farisi tiina bam dedaane Wɛ nia zamesem tiina bam déem wo sɛ se ba jwoŋi sɛɛm Jɔn tei ne, ye ba yɔɔre ba ve se ba jwoŋi Wɛ na boŋe se o ke kolo o pa-ba to.
31Yezu daa ma ta o we, “Amo nam wó ke tɛ mo a maŋe zem nɔɔna bam kikia na ye tei to? Ba maa nye de bɛ mo? 32Zem nɔɔna bam nye nenɛɛne bia na jei yaga kaporo ne ba kwɛɛra to mo. Ba maa tɛ ba pa daane ba we:
‘Dé mage gullu mo se á sa,
ye á wo sage.
Dé ma daare dé leeni luseim dé pa abam,
ye á wo sɛ se á pa á yiga nyɔne.’
33Zem nɔɔna bam de ye konto mo. Wɛ sɛɛm tu Jɔn na tu to, o déem peene o kana mo, ye o kwori o ba nyɔ sana. Abam na nɛ‑o to, á maa jege‑o á yaala we, ko ye setaane mo tɔge‑o. 34Ko daare amo Nabiin-bu wom nam na tu to, amo wo vɔge ni. Abam daa ta maa yaale amo de, ye á we a ye nɔn-kwolo mo, ye a ye sa-nyɔro de. Á daa ta maa we, a me de lampwoo lara de nɔn-chechɔgero mo. 35Balo maama nam na jege yi-poro chekke to mo sɛ we Wɛ jege chega.”
Yezu vei Farisi tu wodwoŋi sɔŋɔ
36Farisi tu dedoa déem mo wora, o yere mo Simon. O ma bwoŋi Yezu se o da o vo o sɔŋɔ o di wodiu. Yezu ma vo o zo o sɔŋɔ kom o jeini se o di. 37Ka-chechɔgɔ maa wora teo kom konto ne. O ma lɔre we Yezu wo Farisi tu wom sɔŋɔ ne o di wodiu. O ma kwei kaboa na su de terale nuga to o ja vo Yezu tei. 38O ma vo o zege o kwaga ne, ye o keera. O yi-na maa lura pae Yezu nɛ wora se buga. O ma tiiri o ma o yu-ywei o guguni o yi-na bam, ye o ma o ni o duuri Yezu nɛ sem. O ma daare o pore terale nuga kam o lwo o ke da.
39Farisi tu wolo na bwoŋi Yezu o sɔŋɔ ne to ma na kolo na ke to. O laam ma boŋe o tete ne o we, “Nɔɔno wonto ya ná ye Wɛ ni-jwoŋinu chekke mo, o ya wó lɔre kaane wonto kikia na ye tei, ye o lɔre we kaane wolo na jege‑o o dwei to ye ka-chechɔgɔ mo.”
40Yezu ma ta ded‑o o we, “Simon, a lage a ta woŋo de nmo.” O maa we, “Berem tu, nam ta.”
41Yezu laam ma maŋe memaŋe o we: “Ko nye de nɔɔna balei na jege sabu jenno jene tei to mo. Ba dedoa jege jene nenɛɛne sabu ywollu bia yanu (500) mo, wodwoŋi wom maa jege ywollu finnu (50). 42Ba ma ware ba ŋwe jene dem, pa se o yage o ma chɛ ba maama. Tɔ. Ta n bere-ne, banto wone wɔ mo wó taa swoi‑o ko dwoi?” 43Simon ma leiri‑o o we, “Amo boŋe we o na mɛ o chɛ wolo wom dedɛ to mo.” Yezu ma ta o we, “N pɔɔre chega mo.”
44O laam ma pipiri kaane wom seeni, ye o ta de Simon o we, “Nmo nɛ kaane wonto na? Amo na tu a zo n sɔŋɔ kom to, nmo wo pɛ-ne na se a ma se a nɛ. Ko daare kaane wonto bugi a nɛ sem dedaane o yi-na, ye o daare o guguni-se dedaane o yu-ywei. 45Amo na tu to, nmo wo kukwori-ne se ko bere we n jeeri-ne lanyerane. Ko daare kaane wom duuri a nɛ mo taa, ko zege maŋa kam a na tu to. 46A na tu nmo tei to, n wo sɛ se n kwei nuga n ke a yuu ne se ko pa-ne zula. Ko daare kaane wom mo kwei terale nuga o lwo o ke a nɛ yera ne. 47O kikia yam bere we o wo-balwaaro dedɛ tem mo saare. O swono kom dedɛ mo bere konto. Ko daare wolo Wɛ na saare o wɛleera fenfee yerane to mo jege swono fenfee yerane.”
48Yezu laam ma daare o ta de kaane wom o we, “Nmo wɛleera yam saare.” 49O na tage konto to, nɔɔna balo de na tɔge ba wora to ma ŋɔɔne daane ba we, “Wonto nam bere o tete we o ye wɔ mo ye o yage nɔɔno wɛleera o ma chɛ‑o?”
50O laam ma ta de kaane wom o we, “Nmo na ke n wo-dedoa de amo to mo pɛ se Wɛ jwoŋi n ŋwea. Véi, se Wɛ wó pa‑m yazura.”",https://www.bible.com/bible/3661/LUK.7.KBG
LUKA 8,"1Konto kwaga ne, Yezu déem beeri o tole te-kamunnu de te-balwa maama mo ye o tɔɔle Wɛ paare dem kwor-ywoŋa kam. O nɔɔna fuga-balei bam de déem maa tɔge‑o ba beera. 2Kaana badwonna de tɔge ba wo o tei ne. Banto ye balo chichiri de jaweero dwi dwi ya na daane-ba ye Yezu yɔɔre-ba to. Ba dedoa yere mo Mary, wolo ba na bwoi we Magadala to. Wonto mo Yezu ya zeili chichiri serepɛ o tei ne. 3Kaane wodwoŋi yere mo Joanna. Wonto mo ye Chuza wolo na ye Herodi sɔŋɔ tu to kaane. Wodwoŋi de yere mo Suzanna. Kaana dedɛ de tɔge ba wora. Kaana banto maama déem yeini ba maŋe kolo ba na jege to ba maa woli Yezu de o tɔgena bam.
Dé jege se dé jwoŋi Wɛ taane
Matiyu 13:1-23; Maake 4:1-20
4Nɔn-kɔgɔ dedɛ déem nwoŋi teene dwi dwi ba vo Yezu tei, pa se kɔgɔ kamunu gilimi‑o. O laam ma maŋe memaŋe o bere-ba o we:
5“Valo déem mo wora. O ma zaŋe o vo o kara se o du. O ma kare o dole o men-dwa yam. Yadwonna ma to chwoŋa ni ne. Nɔɔna maa nɔna ya baŋa ne ba kɛa. Zuna ma na-ya ba twɛ ba di. 6Yadaara ma to kandwa jeiga ne. Tega kam na ba zura to, ya ma nwoŋi ye ya kwaare ya te lela. 7Men-dwa yadaara ma to sabare wone. Ya na puli to, sabare sem ma tɔge se zaŋe se jujugi-ya se go. 8Ko daare yadaara ma to te-ŋoŋa baŋa ne. Ya ma nwoŋi ya ke bia lanyerane nenɛɛne bia bi bi.”
Yezu na tage konto o ti to, o laam ma ta o we, “Á nam fɔge á cheigi a taane dem lanyerane.”
9Yezu kwaga tɔgena bam laam ma bwei‑o ba we, “Memaŋe dento kuri mo bɛ?” 10O ma leiri-ba o we, “Ko ná ye abam, Wɛ maŋe o pa se á lɔre o paare dem kuri na ye tei to, ye chega kam konto ya maŋe ka seigi mo. Ko daare nɔɔna badaara, amo yeini a maŋe memaŋa mo a bere-ba, se ba yia taa nae amo na ke kolo to, ye ko ba pae ba maana, se amo berem dem to ba zwa ne, ye ba ba ni de kuri.
11Memaŋe dem kuri mo tento: Men-dwa yam bere Wɛ taane dem na ye tei to mo. 12Yalo na to chwoŋa kam ni ne to nye de nɔɔna balo na ni Wɛ taane dem, ye setaana pɛ laam ba o chaale-de pa de wo zo ba boboŋa. O ke konto se ba yé sɛ Wɛ ni se o jwoŋi-ba. 13Yalo na to kandwa yuu ne to maa nye de nɔɔna balo na ni Wɛ taane dem, ye ba jwoŋi-de de wopwolo. Taane dem maa wo tiini de zo ba boboŋa, ye ko ná ke fenfee, ba daa ba sɛa. Cham maŋa ná yia, ba laam wó kwei ba yage mo. 14Men-dwa yalo na to sabare sem wone to maa bere nɔɔna balo na ni Wɛ taane dem, ye ba zaŋe ba to chwoŋa ne ba maa kɛa. Ba maa jege lwia de ba ŋwea wonnu, ye sabu-laga de logo baŋa ywoni chɔge ba boboŋa, ne sabare sem na jujugi mena yam tei to. Banto boboŋa daa bá kweere de Wɛ chega kam tɔgem. 15Men-dwa yalo nam na to te-ŋoŋa jei sem ne to bere balo na ni Wɛ taane dem, ye ba jwoŋi-de lanyerane ba ke ba bochara ne to. Banto mo jege boboŋ-laaro ye ba vɔ ba wo de Wɛ chega kam tɔgem. Wɛ taane dem ma ja kuri de pa-ba, ne mena yalo na ke bia dedɛ to.”
Kanea memaŋe
Maake 4:21-25
16Yezu daa ma ta o we, “Nɔɔno ná jege kanea, o bá sɛ se o tɔre-ka o pu zoŋa wone, naa o zege-ka gadwogo kuri ne. O nam wó kwei-ka o pale wɛɛne mo, se ka taa jege pwooni ka pae balo na lage ba zo diga kam wo to. 17Wɛ chega kalo maama zem na seigi nɔɔna tei ne to wó ba ka lɔre ja mo. Kolo maama zem na pugi to wó puri mo, se nɔɔna lɔre ko kuri na ye tei.
18Kwaane-na á pa se á na ni kolo to zo á boboŋa. Nɔɔno ná maŋe o jege woŋo, o ta wó jwoŋi kodwoŋi o woli da. Nɔɔno wolo nam na maŋe o ba jege kolokolo to wó ba o ga kolo fenfee o ya na boŋe we o jege to mo.”
Yezu nu de o nyaana na ye balo to
Matiyu 12:46-50; Maake 3:31-35
19Yezu nu de o nyaana ma ba o tei se ba na‑o. Ba ma ware ba yi o tei, kɔgɔ kom na daga to ŋwaane. 20Nɔɔno wodwoŋi ma ta de Yezu o we, “N nu de n nyaana mo tu ba zege pwooni ne, ye ba lage se ba na‑m.” 21O ma leiri-ba o we, “Balo maama na ni Wɛ taane dem ye ba tɔge o boboŋa to mo ye amo nu de a nyaana.”
Yezu jege dam vo-fɔrɔ baŋa ne
Matiyu 8:23-27; Maake 4:35-41
22Dɛ dedwe Yezu de o kwaga tɔgena bam ma zo nabworo. O ma ta de-ba o we, “Pa se dé bɛ buga kam ni dedwoŋi dem.” Ba ma bobo se ba yɛ ba kɛ. 23Ba na maa kɛ to, Yezu ma to dɔɔm ne. Vo-fɔrɔ ma pɔpɔ ko zaŋe ko ba buga kam baŋa ko mage bworo kom pa se ko wora ko liri na se ko tu na bam kuri. Ba déem maa wo cham wone. 24Ba ma vo ba dwei Yezu pa o zaŋe, ye ba we, “Dé Tu, nii, dé lage de nyɔ na dé te.”
O laam ma zaŋe wɛɛne ye o daare o bage vio kom de na bam we, te yage! Vio kom laam ma yage, ye na bam de maŋe da chemm. 25O ma bwei o kwaga tɔgena bam o we, “Bɛ mo ye á ba jege wo-dedoa de amo?” Foone ma ja-ba, ye ko ke-ba yaau. Ba ma bwei daane ba we, “Wonto nam ye wɔ mo? O bage vio kom de na bam ye te sɛ o ni.”
Yezu zeili setaana nɔɔno tei ne
Matiyu 8:28-34; Maake 5:1-20
26Ba ma yɛ ba vo ba bɛ buga kam. Ba ma yi Gerasa tiina na zoore mɛ to. Buga kam tigi jei sem konto de Galili tetare laŋa ne mo. 27Yezu ma nwoŋi nabworo kom wone. Teo kom nɔɔno dedoa ma ba o jeeri‑o. Setaana mo jege nɔɔno wom konto ya daana ko zege faŋa faŋa. O maa wo zo kolokolo, ye o ba zoore sɔŋɔ ne. O yeini o tigi yibeela jei ne mo. 28O na nɛ Yezu to, o ma bobo se o chwoosi wɛ-wɛ. O ma vo o to Yezu yiga ne, ye o kaase de kwor-dɛa o we, “Yezu, Yuu-tu Baŋa Wɛ Bu, nmo tu amo tei se n ke bɛ mo? Popo, yé waare-ne.” 29O tage konto kolo ŋwaane Yezu maŋe o pa chichira kam ni se ka yage nɔɔno wom yera. Kuni dedɛ chichira kam déem yeini ka ja‑o. Konto mo pɛ se ba yeini ba kwei chaponno ba ma vɔ o jea de o nɛ, se ba taa yere‑o. Ba ná yeini ba ke‑o konto, o yeini o kɔ-te mo. Setaane dem laam wó zeili‑o pa se o duri o vo kagoa wo.
30Yezu laam ma bwei‑o o we, “N yere mo bɛ?” O ma leiri o we, “A yere mo Akɔgɔ”, kolo ŋwaane setaana dedɛ mo tɔge‑o. 31Setaana yam ma tiini ya lwoori Yezu se o yé zeili-ya pa ya zo tega kuri gwoŋ-chanluŋu kom wone.
32Teira kɔgɔ dedɛ déem maa wora jei sem ne ya beeri ya wodiu peo teiŋa ne ya di. Setaana yam ma lwoori Yezu se o pa-ya chwoŋa se ya zo teira yam wone ya taa tɔge-ya. O ma sɛ. 33Setaana yam laam ma yage nɔɔno wom yera ye ya vo ya tɔge teira yam. Teira yam maama ma duri ya siseiri ya tu buga kam wo ya nyɔ na ya te.
34Nɔɔna balo ya na yere tera yam to ma na ko na ke tei to. Ba ma duri ba vo ba ta kolo na ke to ba bere teo kom nɔɔna bam de balo na toŋe ba kare ne to. 35Nɔɔna bam ma nwoŋi ba vo se ba nii ko na ke tei. Ba ma vo ba yi Yezu tei. Ba ma na nɔɔno wolo setaana yam na yage‑o to. O maa jei Yezu tei ne dedaane o boboŋa jwoori ya ba, ye o zo gwaaro. Ba na nɛ‑o konto to, foone ma zo-ba. 36Balo yi na nɛ ko maama to ma ta ba bere nɔɔna bam ko na ke tei ye setaana yam yage nɔɔno wom yera to.
37Gerasa tiina teo kom de ko nawuura yam maama nɔn-bia bam ma lwoori Yezu se o viiri, kolo ŋwaane foone tiini de jege-ba. Yezu laam ma jwoori o vo o zo nabworo kom se o kɛ. 38O na maa viiri to, nɔɔno wolo setaana yam na yage‑o to ma lwoori‑o se o pa o da o vo. Yezu maa wo sɛ. 39O ma ta de nɔɔno wom o we, “Jwoori n vo sɔŋɔ se n ta kolo Wɛ na ke o pa nmo to n bere-ba.” Nɔɔno wom ma kɛ o vo o tole teo kom maama o ta kolo Yezu na ke o pa‑o to.
Yezu yɔɔre nɔɔna badwonna
Matiyu 9:18-26; Maake 5:21-43
40Yezu déem ma jwoori o bɛ buga kam ni dedwoŋi dem. O na nwoŋi nabworo kom wone to, dedaane kɔgɔ dedɛ mo maŋe ko gilimi daane ko pɔ‑o. Ba na nɛ‑o to mo ba jeeri‑o lanyerane. 41Nɔɔno wodwoŋi maa tɔge o wora, o yere mo Jarusi. O maa ye Juu tiina jeerim diga kam yiga tu. O ma vo Yezu tei o tiiri tega ne o yiga ne o lwoori‑o o we, “Popo, ba debam sɔŋɔ.” 42O tage konto kolo ŋwaane o jege bu dedoa yerane mo ye o lage o te. Bu wom ye busankana mo, nenɛɛne bena fuga-yalei tei. Yezu ma sɛ se o vo.
O na maa kɛ to, kɔgɔ kom tiini ko peene‑o. 43Kaane wodwoŋi maa tɔge o wora, o na tiini o wɔe wo mo taa, bena fuga-yalei. Nɔɔn-nɔɔno maa ware o yɔɔre‑o. 44O ma kɛ Yezu kwaga o vo o laare o dwei o gɔrɔ kom ni. O na dwei‑o konto to, jana bam ma kɔ bedwe baŋa ne.
45Yezu ma bwei o we, “Wɔ mo konto ye o dwei amo?” Ba maama ma fo. Piita de balo na wo o tei ne to ma ta ba we, “Dé Tu, nmo wo nɛ nɔɔna bam na tiini ba daga ye ba yigi ba peene nmo tei to na?” 46Yezu ma leiri o we, “Ko ye nɔɔno mo dwei-ne. Amo yei we a dam nwoŋi a yera ne.”
47Kaane wom ma lɔre we o bá lu. Foone maa jege‑o ye o yera sae. O ma vo Yezu tei o tiiri tega ne o yiga ne. O ma ta ded‑o kolo maama na pɛ se o dwei‑o konto to, de o na nɛ yazura bedwe baŋa ne tei to. Kɔgɔ kom maama ma ni o na tage kolo to. 48Yezu laam ma ta ded‑o o we, “A bukɔ, nmo na ke n wo-dedoa de amo tei to mo pɛ se n na yazura. Véi, se Wɛ wó pa‑m yazura.”
49Yezu ta na wora o ŋɔɔne konto to, nɔɔno wodwoŋi ma ba o yi o tei, o na nwoŋi yiga tu Jarusi sɔŋɔ to. O ma ba o ta ded‑o o we, “N bukɔ wom tega. Daa‑n yé ta‑n daane berem tu wom.” 50Yezu na nigi konto to, o ma ta de Jarusi o we, “Yé ta‑n fona. Ke n wo-dedoa de amo, se ko wó gare bu wom yera ne.”
51Ba ma vo ba yi sɔŋɔ kom. Yezu ma zo. O maa wo sɛ se nɔɔna da‑o ba zo, ko ná dae Piita, de Jɔn, de Jemsi, de bu wom kwo, de o nu yerane. 52Balo maama na maŋe ba wo sɔŋɔ kom wone to maa chwoosa, ye ba keera busankana kam ŋwaane. Yezu ma ta de-ba o we, “Á yé ta‑á keera. O wo tege, o dɔ mo.” 53O na tage konto to, ba maama ma mɔne‑o, kolo ŋwaane ba yei we bu wom seene o te.
54Yezu laam ma vo o ja busankana kam jeŋa, ye o ta de-ka o we, “A bu, zaŋe wɛɛne.” 55O na tage konto to, o ŋwea ma jwoori. O ma zaŋe wɛɛne bedwe baŋa ne. Yezu ma ta-ba se ba ke wodiu ba pa bu wom se o di. 56Ko ma so bu wom kwo de o nu lanyerane. Yezu ma kaane-ba o we, ba yé zaŋe ba ta ba bere nɔɔn-nɔɔno woŋo kolo na ke to.",https://www.bible.com/bible/3661/LUK.8.KBG
LUKA 9,"Yezu toŋe o nɔɔna fuga-balei bam
Matiyu 10:5-15; 14:1-12; Maake 6:7-29
1Yezu déem ma bwoŋi o nɔɔna fuga-balei bam se ba jeeri daane jeiga dedoa. O ma pa-ba dam se ba wane setaana maama ba zeili nɔɔna tei ne, se ba daare ba pa nɔɔna na yazura ba jaweero wone. 2O ma toŋe-ba se ba vo ba tɔɔle Wɛ kwora kam we, o lage o di paare o nɔɔna baŋa ne, se ba daare ba yɔɔre jaweena de. 3O ma ta-ba o we, “Á ná maa via, á yé zaŋe á kwei kolokolo á woli da á ja á vo. Á yé kwei nacheiga, naa tampɔgɔ, naa wodiu, naa sabu. Á yé kwei gwaaro telei telei de á woli da. 4Á ná vei á zo sɔŋɔ kolo maama á peini da, se á ta‑á zoore dáane se ko ba ko yi á viirim maŋa. 5Ba nam daa ná wo sɛ se ba jeeri abam lanyerane, se á nwoŋi teo kom konto ne. Á ná maa viira, se á kokɔge á nɛ fwogo kom á yage da, se ko pa nɔɔna bam lɔre we ba wo ke lanyerane.”
6Yezu na tage konto de ba o ti to, ba laam ma nwoŋi ba tole te-balwa bam maama. Jei selo maama ba na vei to, ba tɔɔle Wɛ kwor-ywoŋa kam ye ba yɔɔre jaweena.
7Galili kateiri dem pɛ Herodi déem nigi kolo maama Yezu de o nɔɔna bam na wora ba ke to. Ko ma pa se o boboŋa vugimi, kolo ŋwaane nɔɔna badaara tɛ ba we Jɔn mo jwoori o bi toone wone. 8Badaara maa tɛ ba we Elija mo jwoori o ba logo baŋa. Badaara de ta maa we, ko ye faŋa faŋa Wɛ sampwori sem dedoa mo jwoori o bi. 9Herodi maa boŋe o we, “Ko nam ná ye Jɔn, amo maŋe a pa ba gwoni o yuu. Nɔɔno wonto nam ye wɔ mo ye o ke wo-kenkagela yanto maama a na ni ya ŋwa to?” O maa kwaana se o na wolo na ke tento maama to.
Yezu pɛ nɔɔna 5,000 wodiu se ba di
Matiyu 14:13-21; Maake 6:30-44; Jɔn 6:1-14
10Yezu totoŋa nakwa bam déem ma jwoori ba vo o tei. Ba ma ta ba bere‑o ba na ke kolo maama to. O ma pa ba tɔge ded‑o ba vo jeiga kadwoŋi ba yerane, ye ba daare nɔn-kɔgɔ kom. Jeiga kam bwola de teo kodwoŋi, ko yere mo Bɛtasida. 11Nɔn-kɔgɔ kom ma lɔre Yezu de o tontoŋena bam na vei mɛ. Ba laam ma tɔge ba kwaga. Ba ma vo ba yi Yezu tei. O ma zaane-ba de wopwolo. O ma ŋɔɔne o bere-ba Wɛ paare dem chega kam, ye o daare o yɔɔre balo maama na lage yazura to.
12Maŋa kalo wɛ na wora de zoore to, Yezu nɔɔna fuga-balei bam ma ba o tei ba we, “Wodiu tera ywo-seeni se nɔɔna bam yeigi ba di. Konto ŋwaane nam pa se ba vo sam wone ba lage wodiu ba di, de peiga jei ba peini.”
13O ma ta de-ba o we, “Abam tete mo wó pa-ba wodiu se ba di.” Ba ma leiri ba we, “Dé nam jege bworobwooru tenu de ywona yalei yerane mo. Dé vei dé yeigi wodiu dé woli da dé pa nɔɔna banto maama mo na? Ko nam bá wane.” 14Kɔgɔ kom déem ye nenɛɛne baara morro tenu (5,000) mo, ko woli de kaana de bia de.
Yezu ma ta de o kwaga tɔgena bam o we, ba pa nɔɔna bam pɔɔre finnu finnu ba jeini tega ne. 15Ba ma ke konto. Nɔɔna bam maama ma jeini tega ne. 16Yezu laam ma kwei bworobwooru tenu tem de ywona yalei yam, ye o kwoni o yuu wɛɛne o ke Wɛ lei te ŋwaane. O ma fɔ fɔ wodiiru tem, ye o daare o maŋe o pa o kwaga tɔgena bam, se ba kwei-te ba vo ba pa nɔɔna bam. 17Nɔɔna bam maama ma di ba su ba daare. Ba na di ba daare konto to, ba ma pɛ chichwooru telo na daare to ba su kayɛ fuga-selei.
Piita na tage Yezu chega kam tei to
Matiyu 16:13-28; Maake 8:27–9:1
18Dɛ dedwe mo Yezu déem wora o ware Wɛ o yerane. O kwaga tɔgena bam de maa wora jeiga kam konto ne. O ma bwei-ba o we, “Nɔɔna bam maama yeini ba tɛ ba we amo ye wɔ mo?” 19Ba ma leiri ba we, “Badaara tɛ ba we, nmo ye Jɔn wolo déem na pɛ nɔɔna sɛɛm to mo. Badaara de maa tɛ ba we, nmo ye Elija mo. Badaara de maa tɛ ba we, nmo ye faŋa faŋa Wɛ sampwori sem dedoa mo ye n jwoori n bi toone wone.”
20O laam ma bwei-ba o we, “Ko nam ná ye abam, á boŋe se amo ye wɔ mo?” Piita ma leiri‑o o we, “Nmo ye Wɛ Dam Tu Krista wom mo.”
21Yezu laam ma tiini o kaane-ba se ba yé ta konto ba bere nɔɔn-nɔɔno. 22O daa ma ta o we, “Ko fe mo se amo Nabiin-bu wom na yaara dedɛ. Juu tiina nakwa bam, de ba kaanem yiga tiina bam, de ba zamesem tiina bam mo wó chuli amo. Ba jege se ba go-ne mo, se a laam jwoori a bi da yatɔ dɛ ne.”
23Yezu laam ma ta de nɔɔna bam maama o we, “Nɔɔno wolo maama ná lage se o taa tɔge amo kwaga, konto tu jege se o ve o tete boboŋa, se dɛ maama o sɛ yaara ne wolo na zeŋe dagara o maa vei o toone jei tei to. 24Wolo maama nam ná lage se o jwoŋi o tete ŋwea, konto tu wó ga-ka mo. Ko daare, wolo maama ná sɛ se o ga o ŋwea amo ŋwaane, konto tu wó jwoŋi ŋwea Wɛ tei ne. 25Nɔɔno nam ná kwaane o jwoŋi logo baŋa jejegero tem maama, ye o laam ná gɛ ŋwea Wɛ tei ne, ko jege bɛ nyɔɔre mo ko pa‑o? 26Wolo maama ná kɔre chaveera amo ŋwaane, de a taane dem ŋwaane, chaveera wó taa jege amo Nabiin-bu wom konto tu de ŋwaane dɛ dem a na wó jwoori a ba logo baŋa de nenɔŋ-fɔrɔ, ne a Kwo Wɛ de o malese sem na jege tei to. 27A tɛ abam chega ŋwaane to, nɔɔna balo zem na wo ywo-seeni to badaara bá te ye ba ta wo nɛ Wɛ paare dem na tu nɔɔna baŋa tei to.”
Yezu yibia na leiri tei to
Matiyu 17:1-8; Maake 9:2-8
28Yezu na tage konto to, ko maŋe de da nana na kɛ to, o laam ma ja Piita, de Jɔn, de Jemsi o vo o di peo yuu se o ware Wɛ. 29Maŋa kam o na wora o ware Wɛ to, ba ma na we o yibia leiri. O gwaaro tem de maa peere cha, ye te nyeena. 30-31Nɔɔna balei ma pɔpɔ ba nwoŋi ba yiga ne, ba na tiini ba jege nenɔŋa lanyerane. Banto maa ye Moses de Elija. Ba maa zege ba ŋɔɔne de Yezu. Ba maa tɛ kolo na lage ko ke‑o Jerusalem ne, de o na wó te tei to. 32Piita de o dwonna bam ma chɛ de dɔɔm. Ba laam na dɔ ba zaŋe to mo ba nɛ Yezu na jege nenɔŋa ko gaale tei. Ba ma daare ba na nɔɔna balei bam na zege o tei ne. 33Maŋa kam nɔɔna balei bam na lage ba viiri to, Piita ma ta de Yezu o we, “Dé Tu, dé na wo ywo-seeni to, ko tiini ko lana ko pa debam. Nam pa se dé pu vwoa yatɔ se nmo, de Moses, de Elija taa zoore da.” O déem gare o ŋɔɔne mo se o yeiri kolo o na jege o tɛ to.
34O na wora o ŋɔɔne konto to mo kunkwoŋo tu ko ba ko li ba maama. Ko na kwoli-ba to, foone ma ja Piita ba lanyerane. 35Ba ma ni kwora na ŋɔɔne kunkwoŋo kom wone ka we, “Mo amo Bu wom a na kuri to. Á nam ta‑á cheigi o taane lanyerane.” 36Kwora kam na ŋɔɔne ka ti to, ba ma daa wo nɛ nɔɔn-nɔɔno ba woli Yezu ne.
Da yam konto ni ne, ba ŋɔɔne kolo na ke to ba yerane mo. Ba maa wo tage kolo ba na nɛ to ba bere nɔɔn-nɔɔno.
Yezu yɔɔre bu wodwoŋi
Matiyu 17:14-23; Maake 9:14-32
37Tega na poore to, Yezu ma tu peo kom yuu ne de o nɔɔna bam. Nɔn-kɔgɔ dedɛ ma jeeri‑o. 38Nɔɔno wodwoŋi maa tɔge o wo kɔgɔ kom wone. O ma ta baŋa baŋa o we, “Berem tu, popo, ba n nii amo bu wom baŋa ne. Mo amo bu dedoa ye chichira laam tɔge‑o. 39Maŋa maama chichira kam yeini ka zi‑o, ye o pɔpɔ o ke sɔɔ mo. Ka maa pae se bu wom yera sae pɔm-pɔm, ye lilei-puŋa nwoŋi o ni ne. Ka maa tiini ka yaare‑o maŋa maama, ye ka ba sɛ se ka yage‑o de fenfee de. 40Konto ŋwaane mo a lwoori nmo kwaga tɔgena bam se ba zeili-ka o tei ne, ye ba ware.”
41Yezu ma leiri o we, “Abam zem nɔɔna bam bere á ba jege wo-dedoa de amo, ye á ba sɛ se á tɔge chwoŋa. Ko fe mo se a tiini a dáane abam tei ne, ye a zuri a bochare de abam na?” O daa ma ta de nɔɔno wom o we, “Ja n bu wom n ba.”
42Bu wom na maa vei o tei konto to, setaane dem daa ta ma zi‑o de de tega ne, ye de pa se o yera sae pɔm-pɔm. Yezu ma bage chichira kam pa se ka yage‑o. O ma yɔɔre bu wom pa o na yazura. O laam ma jwoori o ke‑o o kwo jeŋa ne. 43Nɔɔna bam maama ma na Wɛ dam dem na gaale tei, ye ko so-ba dedɛ.
Nɔɔna maama déem ye yaau de kolo maama Yezu na ke to. O laam ma ta de o kwaga tɔgena bam o we, 44“Cheigi-na taane delo a na tɛ de abam to, se de ye abam nyem mo. Leile konto ba lage ba ja Nabiin-bu wom ba ke‑o nɔɔna jeŋa ne.” 45Ba maa wo nigi o taane dem kuri. De ma seigi ba tei ne, pa se ba ware ba jwoŋi-de. Ba ma kɔre se ba bwei‑o ba nii.
Wɔ mo ye nɔn-kamunu Wɛ tei ne?
Matiyu 18:1-5; Maake 9:33-40
46Ni-kantɔgɔ déem ma ba Yezu kwaga tɔgena bam wo. Ba déem lage ba nii banto wɔ mo wó taa ye nɔn-kamunu o dwoi maama. 47Yezu ma lɔre ba na jege kolo ba boboŋa ne to. O ma ja bu-balaŋa o pa o zege o takeiri ne. 48O laam ma ta de-ba o we, “Wolo maama ná zuli bu wonto dwoŋi lanyerane amo yere ŋwaane, konto tu zuli amo mo. Wolo maama nam ná zuli amo, kotu zuli Baŋa Wɛ wolo na toŋe-ne to de mo. Wolo nam na muri abam maama wone to mo ye nɔn-kamunu chekke o dwoi maama.”
49Jɔn ma ta o we, “Dé Tu, dé ya nɛ nɔɔno na tɔge nmo yere ŋwaane mo o zeili setaana nɔɔna tei ne. O nam na dae debam kɔgɔ kom nyem to, dé ma kwaane se de che‑o se o daa yé taa ke konto.” 50Yezu ma leiri o we, “Á ya ba jege se á che‑o. Wolo maama na ba chuli abam to ye abam nɔɔno mo.”
Yezu kwei chwoŋa o maa vei Jerusalem
51Maŋa kam déem ma ba ka twɛ se Wɛ kwei Yezu o ja di telaao. Yezu boboŋa ma ja se o yɔɔre o kwei chwoŋa o vo Jerusalem. 52O ma toŋe nɔɔna se ba da o yiga ba vo. Ba ma vo ba yi Samaria tiina teo kodwoŋi, se ba ti woŋo maama yiga se o laam ba. 53Teo kom nɔɔna bam maa wo sɛ se ba jeeri‑o, ba na lɔre we o to chwoŋa ne o maa vei Jerusalem to ŋwaane. 54O kwaga tɔgena bam balei Jemsi de Jɔn na nɛ konto to, ba ma ta ba we, “Dé Teiru, nmo ná sɛ, dé wó pa mini nwoŋi wɛyuu ne de ba de chɔge-ba.” 55Yezu ma pipiri o nii ba seeni, ye o bwɛ-ba lanyerane. 56Ba maama daa ma yɔɔre ba vo teo kodwoŋi.
Balo na lage se ba tɔge Yezu kwaga na ke tei to
Matiyu 8:19-22
57Dɛ dedwe ba na wo chwoŋa ne ba maa kɛ to, nɔɔno wodwoŋi ma ta de Yezu o we, “Nmo na lage n vo jei selo maama to, amo de wó tɔge a vo.” 58Yezu ma leiri‑o o we, “Ko ná ye yira, banto jege peiga jei. Zuna de jege pworu ba tigi da. Ko daare Nabiin-bu wom ba jege jei se o peini da o sii.”
59Yezu daa ma ta de nɔɔno wodwoŋi o we, “Zaŋe n ta n tɔge-ne.” Nɔɔno wom ma ta o we, “Amo Teiru, yage se a ná ke a kwo lua, se a laam ba a tɔge nmo kwaga.” 60Yezu ma leiri o we, “Nam yage se balo na ba jege ŋwea Wɛ tei ne to taa ke ba tete lwi, se nmo daare n beeri n tɔɔle Wɛ kwora kam we, o lage o di paare o nɔɔna baŋa ne.”
61Nɔɔno wodwoŋi de ma ta ded‑o o we, “Amo Teiru, amo wó ba a taa tɔge nmo kwaga. Nam pa-ne chwoŋa se a vo a bane a sɔŋɔ tiina, se a laam jwoori a ba.” 62Yezu ma ta ded‑o o we, “Nɔɔno wolo ná jege naan-vɔrɔ o ma vara, ye o ná guni o nii o kwaga ne, ko bere we konto tu boboŋa pɔɔre belei. Nɔɔno konto dwoŋi bá wane Wɛ paare dem totoŋa o ke.”",https://www.bible.com/bible/3661/LUK.9.KBG
LUKA 10,"Yezu toŋe o nɔɔna fuserepɛ-balei
Matiyu 11:20-27; 13:16-17
1Ko kwaga ne, dé Teiru Yezu daa ta ma le nɔɔna fuserepɛ-balei (72), se o toŋe-ba balei balei se ba da yiga ba vo mɛ maama o na lage o vo to. 2O na lage o toŋe-ba konto to, mo o tage de-ba o we, “Ko nye de wodiu faao mo ke lanyerane, ye tontoŋena fenfee yerane mo wora se ba zage. Nam lwoori-na faao totoŋa yam yuu tu wom se o toŋe nɔɔna dedɛ se ba vo ba zage faao kom ba pa‑o.”
3O ma daare o we, “Amo na lage a toŋe abam jei sem konto ne to, á wó taa nye de pipeili na maa vei se se gwaane wiira wone tei to. 4Á ná maa via, á yé kwei sabia ganlɔgere, naa á kwei tampɔgɔ, naa á ta‑á jege natera á woli da. Yé zege-na chwoŋa ne á daane nɔɔn-nɔɔno peiga. 5Á nam ná yi sɔŋɔ kolo maama á na lage á zo to, se á ta de sɔŋɔ kom tiina we, ‘Wɛ wó pa abam zaane.’ 6Wɛ zaane nyem ná wora, wonto wó seene o na zaane ne á na tage tei to. Wɛ zaane nyem nam ná tera, abam tete mo wó jwoori á jwoŋi. 7Ta‑á zoore-na sɔŋɔ kom konto wone, se ko taa vei maŋa kam á na wó viiri to. Wodiu kolo maama ba ná ke ba pa abam, se á ta‑á di konto. Tontoŋeno maŋe se o taa jwoŋi o ŋweero mo. Á yé zaŋe á vo sɔŋɔ kodwoŋi á ta‑á zoore da. 8Á ná zo teo kolo maama ye ba ná jeeri abam lanyerane, se á ta‑á di wodiu kolo maama ba na ke ba pa abam to. 9Á ná wora, yɔɔre-na balo na ba jege yazura, ye á daare á ta-ba we, Wɛ tete fɔɔre o twɛ ba tei se o di paare ba baŋa ne. 10Ko daare, á ná zo teo kolo maama ye ba ná wo sɛ se ba jeeri abam, se á nwoŋi teo kom pwooni ye á ta-ba we, 11‘Abam teo fwogo kom na taare debam nɛ sem to, nii-na dé kokɔge-ko dé yage da, se ko bere we abam wo ke lanyerane. Nam ta‑á yei-na we, Wɛ tete fɔɔre o twɛ se o di paare o nɔɔna baŋa ne.’ 12Amo nam tɛ abam we, Wɛ borem dɛ dem ná yia, Sodom tiina bá tiini ba na lɛɛro se ko maŋe de teo kom konto.
13Abam Chorazin tiina, lɛɛro yi abam! Ko woli de abam Bɛtasida tiina, lɛɛro yi abam! Kokuri, wo-kenkagela yalo maama amo na ke abam tetare ne to, ya dwonna ya ná ke Tura de Sidon tiina tei ne, banto ya wó ke lela ba leiri ba wo Wɛ ŋwaane. Ba maa wó zo gare-nyenyaaro ye ba jei tentwarem wone ba wo-chechɔgɔ kom ŋwaane. 14Wɛ borem dɛ dem ná yia, Tura de Sidon tiina bá tiini ba na lɛɛro se ko maŋe de abam. 15Ko nam ná ye abam Kaparenia tiina, á ga boŋe we Wɛ lage o zeiŋi abam wɛyuu ne mo na? Aawo. Abam nam wó to á zo tega kuri kuri ne mo.”
16Yezu daa ma ta de o nɔɔna bam o we, “Wolo maama ná jwoŋi abam taane, konto tu jwoŋi amo taane mo. Wolo maama nam ná tɔne de abam, kotu tɔne de amo mo. Wolo maama na tɔne de amo to tɔne de Baŋa Wɛ wolo na toŋe-ne to mo.”
17Ko na ke fee to, nɔɔna fuserepɛ-balei bam déem ma jwoori Yezu tei de wopwolo. Ba ma ta ded‑o ba we, “Debam Teiru, setaana tete dɛ nmo yere kɔrɔ ŋwaane ya sɛ ya pa debam.” 18O ma leiri-ba o we, “Amo nɛ setaana pɛ na kwori wɛyuu ne o to tega ne, ne doa na pepela ka baga ka tu ka kwaare tega tei to. 19Nii-na, a pɛ abam dam se á wane basankwe á taa nɔna, de nwanno, se á wane setaana pɛ de o dam maama, ye te kolokolo bá wane te ke abam woŋo. 20Á na jege dam dem konto to, á nam yé ta‑á jege wopwolo de chichiri na kɔre abam to ŋwaane. Nam ta‑á jege-na wopwolo dedɛ de á yera na popone Wɛ telaao ŋwe-doŋa tɔnɔ kom wone to.”
21Maŋa kam konto ne, Wɛ Sin-laao kom déem pɛ Yezu di ywoni lanyerane. O laam ma ke o Kwo Baŋa Wɛ lei ye o we, “A Kwo, nmo ye wolo na tei wɛyuu de tega baŋa maama. Nmo nam pɛ se n chega kam seigi swa tiina de yi-pore-nyena tei ne, ye n daare n pa se balo boboŋa ta na wo bege to lɔre ka kuri. A Kwo, a ke nmo lei. Nmo na ke konto to, ko ye n boboŋa na lage kolo to ŋwaane.
22A Kwo mo kwei wonnu maama o ke a jeŋa ne. Nɔɔn-nɔɔno bá wane o lɔre Wɛ Bu wom na ye tei, ko ná dae o Kwo yerane. Nɔɔn-nɔɔno daa ta bá lɔre a Kwo Wɛ na ye tei, ko ná dae amo wolo na ye o Bu wom to yerane, ko woli de amo na boŋe se a pa nɔɔno wolo maama lɔre o na ye tei to.”
23Yezu laam ma pipiri o nii o kwaga tɔgena bam seeni, ye o ŋɔɔne de banto ba yerane o we, “Á jege yu-ywoŋo de á yi na nae wo-kamunnu telo to. 24Lɔre-na we, faŋa faŋa Wɛ sampwori dedɛ, de pwa dedɛ déem jege teena se ba na kolo maama abam na nae leile to, ye ba wo wane ba na. Ba maa jege teena se ba ni Wɛ taane delo abam na nigi to, ye ba wo wane ba ni-de.”
‘Wɔ mo ye a dwoŋi?’ memaŋe
25Wɛ nia yam zamesem tu dedoa déem zaŋe Yezu tei ne se o maŋe‑o o nii o swa na ye tei. O ma bwei‑o o we, “Berem tu, amo nam wó ke tɛ mo se a jwoŋi ŋwea kalo na ba jege kweelim Wɛ tei ne to?”
26Yezu ma ta ded‑o o we, “Bɛ mo popone Wɛ nia tɔnɔ kom wone? Bɛ mo n yeini n gare da?” 27Nɔɔno wom ma leiri o we, “Ko popone we, ta‑n swoi n Tu Baŋa Wɛ de n bochare maama, de n wo maama, de n dam maama, de n boboŋa maama, se n kwori n ta‑n swoi n dwoŋi se ko maŋe de n tete.”
28Yezu ma leiri o we, “N pɔɔre chega. Nam ta‑n ke konto, se n wó na ŋwea Wɛ tei ne.”
29Nɔɔno wom maa lage se o taa jege bora. O ma pipiri o taane dem, ye o bwei Yezu o we, “Amo dwoŋi mo wɔ?” 30Yezu déem ma maŋe memaŋe o ma leiri‑o tento:
“Nɔɔno wodwoŋi mo zege Jerusalem teo ne o nwoŋi o maa vei Jeriko. O ma vo o maŋe de venverena. Venverena bam ma zi‑o ba vere o gwaaro de o wonnu maama. Ba ma mage‑o lanyerane pa se o da toone tei o kɛ, ye ba daare ba duri ba viiri. 31O na tigi da konto to, Wɛ kaanem tu dedoa de ya wo chwoŋa kam konto ne o maa via. O na maa vei to, o ma na nɔɔno wom na tigi o yiga ne. O ma lɛɛne o tɔge dáa o kɛ. 32Wɛ diga tontoŋeno wolo na ye Levi dwi tu to de maa tɔge da o maa kɛa. O na yi jei sem to, o ma na nɔɔno wom na tiga. O de daa ma lɛɛne o tɔge dáa o kɛ. 33Samaria tu wodwoŋi de déem maa wo beira ne. O ma vo o yi nɔɔno wom na tigi mɛ to. O na nɛ‑o to, o ma duri o ŋwaŋa. 34O ma vo o tei. O ma kwei nuga de sana o ma zare o fufwollu tem, ye o daare o vɔ-te. O laam ma kwei‑o o daŋe o tete bonaga baŋa ne o ja vo nɔɔno wodwoŋi veira diga. Ba na yi da to, o maa jege‑o o nii lanyerane. 35Tega na poore to, Samaria tu wom ma zaŋe se o kɛ. O ma le lu-nyenno sabu-dala yalei o pa wolo na tei veira diga kam to. O ma ta ded‑o o we, ‘Ta‑n nii nɔɔno wom baŋa ne n pa-ne. Sabu kom ná wo yi, maŋa kalo amo na wó jwoori to a nam wó ŋwe kolo maama n na wó ke n woli da to.’
36Tɔ. Nam ta n bere-ne, nɔɔna batɔ bam wone wɔ mo bere we o ye wolo venverena bam na vere to dwoŋi chekke?” 37Zamesem tu wom maa we, “Wolo wom na jege o ŋwaŋa to.”
Yezu laam ma ta ded‑o o we, “Nam véi n lwoni n ta‑n ke konto dwoŋi.”
Marita de Mary taane
38Yezu de o kwaga tɔgena bam daa maa wo chwoŋa ne ba via. O ma vo o yi teo kodwoŋi. Kaane wodwoŋi maa wora, o yere mo Marita. O ma jeeri Yezu lanyerane ba sɔŋɔ ne. 39Marita nyaane de maa wora, o yere mo Mary. O ma jeini tega ne Yezu tei ne, ye o cheigi o taane dem maama. 40Mary na jei konto to, Marita déem tiini o chɛ totoŋa ne mo de boboŋ-fara. O ma vo Yezu tei ye o we, “Amo tu, nii amo na zege a toŋa dedɛ a yerane, ye a nyaane wom chem. Nmo yiga tera na? Ta n bere‑o se o zaŋe o woli-ne.” 41Dé Teiru Yezu ma leiri‑o o we, “Marita, n boboŋa dedɛ yam mo jege‑m ya daana. 42Woŋo kodwoŋi yerane mo daare. Mary mo le kolo na lana to se o ke, ye nɔɔn-nɔɔno bá wane o che-ko.”",https://www.bible.com/bible/3661/LUK.10.KBG
LUKA 11,"Wɛ-lworo taane
Matiyu 6:9-15; 7:7-11
1Dɛ dedwe mo Yezu déem vei jei sedwoŋi se o ware Wɛ. O na ware Wɛ o ti to, o kwaga tɔgena bam dedoa ma ta ded‑o o we, “Debam Teiru, bere debam dé na wó ke tei se dé taa ware Wɛ, ne Jɔn de na bere o tɔgena bam se ba taa ke tei to.”
2Yezu ma ta de-ba o we, “Abam ná lage á ware Wɛ, se á ta tento dwoŋi:
‘Debam Kwo,
nmo yere dem maŋe de tia mo.
Nmo paare dem de ma maŋe
se de ba de jeini de dam.
3Ta‑n pae debam wodiiru dɛ dɛ se te maŋe debam.
4Yage dé wɛleera n ma n chɛ debam,
se debam de yeini dé ma chɛ wolo maama
na ke o chɔge debam yiga to mo.
Yé pa se dé na cham delo na wó maŋe dé boboŋa to.’ ”
5Yezu daa ma ta de o tɔgena bam o we, “Wɛ-lworo nye de nmo na jege n badwoŋi n ke tei. Nmo ma‑n zaŋe tete kokoro ne n vo o tei n ta ded‑o we, ‘A badwoŋi, popo a lwoori‑m se n pa-ne bworobwooru tetɔ, 6se veiru mo nwoŋi yiga yiga o ba amo tei, ye a ba jege kolokolo se a pa‑o se o di.’ 7Nmo badwoŋi wom maa zege diga kam wone o ta de nmo o we, ‘Yé ta‑n jege-ne n daana, se manchwo-peena yam pe ye amo de a bia maama tigi dé dɔa. Amo bá wane a zaŋe a woli‑m.’
8Tɔ. N badwoŋi wom wó wane o ta konto dwoŋi na? Dɛ delo á badwoŋo kom bá pa o sɛ o zaŋe o pa nmo wodiu kom. Nmo nam ná zege da taa n lwoori‑o de baare, o laam wó sɛ o zaŋe o pa nmo kolo maama n na lage to.
9Mo kokuri, ta‑á lwoori-na Wɛ, se á wó na kolo á na lage to. Beeri-na kolo á na lage to, se á wó na. Ta ta‑á dɔne-na manchwo-peena yam, se ba wó pore ba pa abam. 10Kolo ŋwaane, wolo maama na lwoori Wɛ se o pa‑o woŋo to wó jwoŋi. Wolo maama na beeri woŋo to wó na-ko. Ba wó pore ba pa wolo maama na dɔne manchwo-peena yam to.
11Abam wolo ná jege bu, ye o ná lwoori‑m se n pa‑o ywoni, nmo wó sɛ n pa‑o basankwea na? 12O ná lwoori chechare nmo tei ne, nmo wó sɛ n kwei nɔŋɔ n pa‑o na? 13Aawo. Abam wo ba lana ye á ta yei se á ta‑á pae á bia wo-laaro telo ba na lage to. Ko daare á Kwo Wɛ na gare abam to, wonto nam bá kwei o Sin-laao kom o pa balo na lwoori‑o to mo na?”
Wɔ dam mo Yezu mae o zeili setaana?
Matiyu 12:22-30, 43-45; Maake 3:20-27
14Dɛ dedoa mo Yezu déem zeili setaane nɔɔno wodwoŋi tei ne. Setaane dem ya pɛ se nɔɔno wom ji memaa mo. De na yage o yera to, o laam maa ŋɔɔna. Ko ma so nɔn-kɔgɔ kom lanyerane. 15Nɔɔna badaara nam na nɛ to, ba maa we, “O na wae o zeili setaana to, ko ye setaana pɛ Bɛlzabula dam ŋwaane mo.” 16Ba badaara maa kwaane ba maŋe o dam ba nii, ye ba we o jege se o ke wo-kenkagele delo na wó bere-ba we o seene o nwoŋi Wɛ tei to mo.
17Yezu ma lɔre ba boboŋa na ye tei to. O ma ta de-ba o we, “Teo kolo maama paare ná pɔɔre belei pa ba jege daane, ko bá dáane ye ko chɔge. Sɔŋɔ kolo maama ná pɔɔre ko tete wone, ko jege se ko to mo. 18Setaana pɛ dam dem ná seene de pɔɔre belei, o paare dem bá dáane ye de chɔge. Abam na tɛ we ko ye Bɛlzabula dam ŋwaane mo a wae a zeili setaana to mo pɛ a ta konto dwoŋi. 19Ko ná seene ko ye amo tɔge Bɛlzabula dam ŋwaane mo a maa zeili setaana, abam nɔɔna bam de nam mae dam dem konto mo ba maa zeili-ya na? Abam tete nɔɔna bam na ke tei to mo bere we chega tera á tei ne. 20Ko nam na ye tei to, ko ye Wɛ tete dam ŋwaane mo a wae setaana a zeila. Konto maa bere we Wɛ maŋe o ba abam tei se o di paare o nɔɔna baŋa ne.
21Setaana pɛ nam nye de nɔn-babea na jege taŋa de chena o maa nii o sɔŋɔ tei to. O ta ná zege da konto, o jejegero tem bá jei. 22Nɔɔno wodwoŋi nam ná tua, ye o dam ná dwoi nɔn-babea kam, konto tu wó ja nɔn-babea kam o mage‑o o wane. O laam wó vere o jara zela yam, o ya na daŋe o teena ya baŋa ne to. O laam wó wane o wonnu tem maama o kwaleme ye o maŋe-te o pa nɔɔna.
23Nɔɔno wolo maama nam na ba zege amo kwaga ne to ye amo dono mo. Nɔɔno wolo maama nam na ba tɔge o lae amo wonnu o pa-ne to boŋe se o jage-te o yage mo.
24Setaane ná nwoŋi nɔɔno tei ne, o laam wó vo o beeri mɛ seeni na ye te-kora to se o lage jei o sii da. O ma beeri o ga. O laam maa we, ‘A jege se a jwoori a vo a na nwoŋi mɛ to mo a taa wora.’ 25O ma jwoori o vo nɔɔno wom tei, ye o lɔre we o jei sem fɔge se kwɛ lanyerane. 26O laam ma jwoori o vo o lage o dwonna barepɛ balo na maŋe ba ye puseŋ-nyena ba dwoi o tete to. Ba ma tɔge daane ba vo ba zoore da. Ko maama laam na kweeli tei to ye lɛɛro mo wó taa jege nɔɔno wom konto se ko dwoni o boboa kam na maŋe ka ye tei to.”
27Yezu na zege o ŋɔɔne konto to, kaane wodwoŋi na tɔge o wo kɔgɔ kom wone to ma ta baŋa baŋa o we, “Kaane wolo na loge‑m ye n ŋɔge o yele to mo ye yu-ywoŋo tu.” 28Yezu ma leiri o we, “Se balo na ni Wɛ kwora kam ye ba sɛ o ni to mo jege yu-ywoŋo ko ja gaale.”
Balo na ve Wɛ chega kam to wó na bora na?
Matiyu 12:38-42; Maake 8:12
29Nɔn-kɔgɔ kom ma tiini ko peene daane. Yezu daa ma ta o we, “Zem nɔɔna ye nɔn-balwaaro mo. Ba lage se a ke wo-kenkagele mo a bere-ba se ko taa ye maana ko pa-ba. Ba nam bá na, ko ná dae wo-kenkagele delo na maŋe de ke Jonah baŋa ne faŋa faŋa to. 30Wonto déem bere Wɛ dam Ninevɛ tiina tei ne se ko taa ye maana ko pa-ba. Amo wolo na ye Nabiin-bu wom to de wó ji maanem zem nɔɔna bam tei ne, ne ko déem na ke Jonah tei to. 31Wɛ borem dɛ dem ná yia, ka-pɛ wolo déem na tei Seba faŋa faŋa to wó zaŋe o bere we abam ba jege chega. Wonto déem zaŋe o tete teo kolo na tiini ko ye yiga yiga to ne o ba Pɛ Solomon tei se o cheigi o swa yam na ye tei to. Wolo nam na dwoi Solomon to wo abam tei ne ye á yiga tera ded‑o. 32Ninevɛ tiina de wó zaŋe dɛ dem konto ne ba bere we abam ba jege chega, kolo ŋwaane Jonah na vei ba tei o bere-ba Wɛ chega kam to, ba leiri ba wo. Wolo na dwoi Jonah to nam wo abam tei ne ye á wo sɛ konto tu.
Wɛ chega kam pae debam pwooni
Matiyu 5:15; 6:22-23
33Nɔɔno ná jege kanea, o bá sɛ o tɔre-ka o zege gugworo wone, naa o pu-ka zoŋa kuri ne. O nam wó kwei-ka o pale wɛɛne mo, se balo na zo diga kam wo to taa nae pwooni dem. 34Nmo yia mo pae se n yera jege pwooni. Konto to, nmo yia ná lana, ko pae se n ŋwea maama taa tɔge pwooni mo. Ya nam ná ba lae, ko pae se n ŋwea maama wo lim wone. 35Konto ŋwaane ta‑n yei n tete, se n pa pwooni dem seene de taa wo n tei ne, ye ko dae lim yerane. 36Konto to, pwooni yerane ná wo n tei ne, ye lim tera de fenfee de, nmo ŋwea maama wó taa jege pwooni chekke, ko maŋe de kanea na pae se pwooni wo n tei ne tei to.”
Lɛɛro wó yi Farisi tiina de ba dwonna
Matiyu 23:1-36; Maake 12:38-40; Luka 20:45-47
37Yezu déem na ŋɔɔne wonnu tem konto o ti to, Farisi tu dedoa ma bwoŋi‑o se o da o vo o sɔŋɔ o di wodiu. O ma vo o zo sɔŋɔ kom o jeini se o di. 38Farisi tu wom ma na we Yezu wo sane o jea se ko tɔge ba chullu tem chwoŋa. Ko ma so‑o. 39Dé Teiru Yezu ma ta ded‑o o we, “Nii mo! Abam Farisi tiina ná lage á di wodiu, á yeini á tɔge á chullu tem á fɔge á se á zwe de á kabeili, ko ná maŋe ko ye se kwɛ sem de. Ko daare abam tete nam su de digiru. Á ye kampin-nyena ye á tɔge wo-zɔɔna kikia. 40Abam ye jworru mo. Wɛ nam wo ke woŋo maama kwaga de ko yiga na? 41Á nam jege se á kwei wodiiru telo á na jege á zwe sem wone to á maŋe á pa yiniga tiina. Á ná ke konto, á woŋo maama bá taa jege digiru.
42Abam Farisi tiina bam, lɛɛro yi abam. Ko ná ye dwoa wo-sworru dwi maama, te ná maŋe te ye memeeno tei, á yeini á pɔɔre Wɛ-teiri á le á pa‑o. Ko lana. Ko daare abam yiga tera de chega tɔgem de Wɛ swono. Ko ya maŋe se á ta‑á tɔge keim-laaro tem konto maama, se á yé yage tedaara.
43Abam Farisi tiina bam, lɛɛro yi abam. Á ná zo á jeerim di sem, á lage jei-kamunnu mo se á jeini yiga ne. Á ná vei yaga, á lage se nɔɔna maama taa tui ba zuli abam.
44Lɛɛro yi abam! Á nye de yibeela yalo na saare ya daare tega, pa se nɔɔna tɔge ya baŋa ba kɛ ye ba ta yeiri ya ni ne to mo.”
45Wɛ nia yam zamesem tu dedoa laam ma zaŋe o ta de Yezu o we, “Berem tu, nmo na jege wonnu telo n ŋɔɔne to pa se n twe debam de mo.” 46Yezu ma leiri o we, “Abam balo na ye Wɛ nia yam zamesem tiina to, lɛɛro yi abam. Abam yeini á daane nɔɔna de wo-chɛɛro se ba taa tɔga. Ko maa nye de á na pa ba zeŋe zela yalo dum na dwoi ba zeŋem to, ye abam tete ba sɛ se á twori zela yam fenfee de á zeiŋi.
47Lɛɛro yi abam! Abam yeini á fɔge á ke faŋa faŋa Wɛ sampwori sem yibeela. Ko nam ye á nabaara mo go-ba. 48Á kikia yam bere we á sɛ keim-lwanno telo á nabaara bam na ke to. Banto déem go Wɛ sampwori sem, ye abam tete laam fɔge á kwɛ ba yibeela yam. 49Abam na tɔge á kwoa kikia konto to, Wɛ dɛ o swa ŋwaane ye o we, ‘Amo wó toŋe a sampwori de a tontoŋena ba tei ne. Ba maa wó ja ba badaara ba go, ye ba pa ba badaara na yaara.’ 50Konto ŋwaane Wɛ waarem dem wó ba á baŋa, ne ko ye abam tete mo go Wɛ sampwori selo maama ba na go boboa ne se ko ba ko yi zem to. 51Konto maa zege Abel ne, se ko ba ko woli de Zekaria wolo ba na go Wɛ kaanem bimbini dem de o tete diga kam tetare laŋa ne to. A tɛ abam chega ŋwaane to, keim-lwanno tem konto maama wó taa wo zem nɔɔna bam yuu ne.
52Wɛ nia yam zamesem tiina bam, lɛɛro yi abam. Á yeini á che nɔɔna se ba yé jwoŋi yeino chekke. Abam tete wo sɛ se á jwoŋi-ko, ye á daare á wo pɛ balo na lage ba jwoŋi-ko to chwoŋa se ba jwoŋi.”
53Yezu laam ma yage jei sem konto ye o viiri. Wɛ nia zamesem tiina bam de Farisi tiina bam maa ba lage o ni taane kɔtaa. Ba maa daane‑o ye ba bwei‑o wonnu dedɛ. 54Ba maa lage se ba pa o ŋɔɔne o tusi se ba wane ba da ko ŋwaane ba ja‑o.",https://www.bible.com/bible/3661/LUK.11.KBG
LUKA 12,"Dé na wó taa jege dé tete tei to
Matiyu 10:26-33
1Maŋa kam konto ne, kɔ-fɔrɔ dedɛ ya lage daane Yezu tei ne. Ba déem yi nenɛɛne morro dedɛ ye ba peene daane pa se ba wora ba nɔne daane. Yezu ma bobo o ta de o kwaga tɔgena bam o we, “Fɔge-na á che á tete se á yé pa Farisi tiina bam de abam sabɔle, de ba na ye pipiri-nyena ye ba seigi ba ke wo-lwanno tei to. 2Woŋo kolo maama na seigi nɔɔna tei ne to laam wó ba ko lɔre jaja. 3Konto to, abam na seigi á ta kolo maama to jege se ko nwoŋi pwooni mo, se nɔɔna di nayuu ba tɔɔle-ko.
4A badwonna bam, a tɛ abam se á yé ta‑á kɔre foone de nabiina. Ba wae ba goe á yera yam ye ko kwaga seeni ba daa ware ba ke abam kolokolo. 5Amo nam wó bere abam á na wó ta‑á kɔre wolo to. Á jege se á ta‑á kɔre Wɛ mo. Kokuri, ba ná go abam ba daare, wonto jege dam se o dole abam o yage te-seŋa jei ne. A tɛ abam we, á jege se á ta‑á kɔre foone de wonto mo.
6Ko ná ye zun-kabeili, ba yeini ba yeigi sento mɔle mo. Wɛ nam ba swei se maama ni ne, de se dedoa de. 7Wɛ maŋe o yei abam tete yu-ywei sem ni na mae tei to. Á yé ta‑á kɔre foone, se abam dedoa dedoa tiini á jege fera á dwoi zun-kabeili dedɛ.
8A tɛ abam we, nɔɔno wolo maama ná zege nabiina yiga ne o bere jaja we o ye amo nyem, amo Nabiin-bu wom de wó zege konto tu kwaga ne a bere we o ye a nyem Wɛ malese sem yiga ne. 9Ko daare wolo maama ná ve amo nabiina yiga ne, amo de wó ve konto tu Wɛ malese sem yiga ne. 10Wolo maama ná ŋɔɔne wo-balwaaro o pa Nabiin-bu wom, Wɛ wó sɛ se o yage o ma chɛ konto tu. Wolo nam ná ŋɔɔne o yaale Wɛ Sin-laao kom, Wɛ bá sɛ se o ma chɛ konto tu.
11Nɔɔna wó ja abam ba vo ba saŋe Juu tiina nakwa tei ne, de teo kom yiga tiina de dedɛɛra tei ne. Ba ná ke abam konto, se á yé ta‑á jege lwia de á na wó ŋɔɔne kolo se á ma á jwoŋi á tete, de á na wó tole taane dem tei to. 12Kanto maŋa kam ne Wɛ Sin-laao kom wó pa á lɔre á na jege se á ta kolo to.”
Jejegero memaŋe
13Nɔɔno dedoa na tɔge o wo kɔgɔ kom wone to ma ta de Yezu o we, “Berem tu, popo se n ta a zembaaro wom se o kwei wonnu telo debam kwo na tege o daare to o pɔɔre amo nyem o pa-ne.” 14Yezu ma leiri‑o o we, “A nɔɔno, amo jege chwoŋa se a bore abam taane na?”
15O laam ma ta de ba maama o we, “Ta‑á yei-na á tete se á yé pa á yi taa sui wonnu dedɛ. Nɔɔno jejegero tem ná daga tei, te bá wane o ŋwea te ke, o ná maŋe o ye nadum tei maama.”
16Yezu laam ma maŋe memaŋe o bere-ba o we: “Nadum mo wora. O kare sem ma ke wodiiru dedɛ se pa‑o. 17O ma boŋe o we, ‘Amo nam wó ke tɛ mo? Jei daa tera se a ke a wodiiru tem maama da. 18A wó yigi a tuli sem maama mo a de tega ne, se a daare a lɔ tuli-zɛ se a wane a pɛ a wodiiru tem de a wonnu maama a ke da. 19A laam wó ta de a tete we, a ye yu-ywoŋo tu mo. A jege wonnu telo maama a na lage to se ko maŋe de bena kɔgɔ kɔgɔ. Lwia daa bá ja-ne. Amo wó taa ke a boboŋa na lage tei, ye a di a ni ye a kwɛɛra.’ 20Wɛ ma ta ded‑o o we, ‘Nmo ye nɔn-jworo mo. Tete dento wone n ŋwea jege se ka ti. Konto to, nmo tete wó wane n di wonnu tento maama n na ke n pa n tete to na?’ 21Tɔ. Wolo maama ná tiŋi jejegero dedɛ o tete tei ne ye o ba jege kolokolo Wɛ tei ne, ko wó ke kotu konto dwoŋi mo.”
Wɛ na wó taa jege de teena tei to
Matiyu 6:25-34
22Yezu daa ta ma ta de o kwaga tɔgena bam o we: “Konto ŋwaane mo a tɛ abam se á yé ta‑á jege-na lwia de logo baŋa kolokolo, ko ná ye á ni-wodiu, naa á na wó zo gwaaro telo to de. 23Kokuri á ŋwea gare wodiiru. Yera yalo Wɛ na pɛ abam to de ma gare gwaaro. 24Nam maane-na á nii bachangaaro na ye tei to. Te ba dua, ye te ta ba zage mena. Te ba jege tuli de tikeiri se te ke wodiiru da. Ko nam ye Wɛ mo nii te baŋa ne de te ni-wodiu. Abam nam tiini á jege kuri á dwoi zuna bam. 25Abam wolowolo bá wane o twoŋi o ŋwea de fenfee de, o na maŋe o jege ka lwia tei de. 26Abam na ware konto fenfee á ke to, bɛ mo ye á jege lwia de wonnu telo maama na daare to?
27Maane-na á nii gaao punnu tem na ye tei to. Tento nam ba ke totoŋa ye te ba sɔ gwaaro. Nam ta‑á yei-na we, tento jege lam te dwoi Pɛ Solomon déem na maŋe o zoore gare-nyenno telo to. 28Ko nam ná ye gaaro tem konto, tento ba jege dɛ ye nɔɔna yeini ba zwɛ-te. De konto de Wɛ ta mo pae te jege lam konto dwoŋi. Konto ŋwaane ko ná ye abam, Wɛ wó tiini o nii abam baŋa ne. Abam boboŋa muri de Wɛ.
29Yé ta‑á jege-na boboŋ-fara de á na wó ke tei se á na wodiu á di to. Á yé ta‑á jege lwia konto seeni. 30Logo baŋa dwi tiina balo na yeiri Wɛ to mo tiini ba boŋe wonnu tem konto maama boboŋa. Abam Kwo Wɛ nam maŋe o yei á na lage-te tei to. 31Abam jege se á pa á boboŋa taa tɔge Wɛ paare dem mo. Á ná ke konto, Wɛ laam wó woli abam de á logo baŋa wonnu tem.
32Amo kɔgɔ fenfee, yé pa-na foone taa jege abam. Abam Kwo Wɛ boboŋa mo lage se o pa abam tɔge á di o paare dem. 33Kwei-na á jejegero tem á yeigi se á daare á maŋe te sabu kom á ma á woli yiniga tiina. Konto mo á wó kwei á jejegero á tiŋi Wɛ telaao ne, sabia ganlɔgera na bá chɔge mɛ to. Á ná tiŋi wo-laaro Wɛ tei ne, te daa bá ba te muri. Ŋweena daa bá wane ba ŋɔ-te. Kolokolo bá wane ko mu-te ko chɔge. 34Ta‑á ke-na konto bɛŋwaane á wonnu tem na wo mɛ maama, á boboŋa wó tiini ya taa tigi dáane mo.”
Dé Teiru wom tutuuri dem memaŋa
Matiyu 24:42-51; 10:34-36; 16:2-3
35-36Yezu ta ma ta o we, “Ta‑á fɔge-na á cho á tete, ne nɔɔna balo tu wom na nwoŋi o vo se o di kadiri ye ba jege o teena se o jwoori o ba to. Ba ma fɔge ba vɔ ba gwaaro lanyerane, ye ba tɔre ba min-zwonnu ba zege ba tei ne. Ba tu wom ná tu o yi manchwo-peena, ba laam wó wane ba zaŋe lela ba pore ba pa‑o. 37Sɔŋɔ tu wom ná jwoori o ba, ye o tontoŋena ta ná jege ba tete ba nia, wopwolo wó taa wo ba tei ne. A tɛ abam chega ŋwaane to, sɔŋɔ tu wom laam wó pa ba jeini se ba di wodiu. O maa wó kwɛ o tete se o kwei wodiu kom o vo o tiŋi pa ba di. 38O nam ná jwoori o ba tete kokoro ne de, ye o sɔŋɔ tontoŋena bam ta ná jege ba tete ye ba ba dɔa, wopwolo wó taa wo ba tei ne.
39Ta‑á yei-na we, sɔŋɔ tu wom ya ná lɔre maŋa kalo ŋweeno na lage o ba to, o ya bá pa ŋweeno wom na chwoŋa o zo o ŋɔ. 40Konto ŋwaane abam jege se á che á tete mo, se Nabiin-bu wom lage o ba maŋa kam á na ba jege o teena to mo.”
41Piita ma bwei Yezu o we, “Dé Teiru, nmo na maŋe memaŋe dem to, ko ye debam ŋwaane mo naa nɔɔna maama ŋwaane mo?”
42Dé Teiru Yezu ma leiri o we, “Abam jege se á ta‑á tɔge chega de á boboŋ-dɛɛra, nenɛɛne sɔŋɔ tontoŋeno wolo yuu tu na yage o totoŋa o pa‑o, ye o daare o nwoŋi se o beeri to. O tu wom ma le‑o se o taa nii o dwonna tontoŋena bam baŋa ne se o daare o taa pa-ba ba ni-wodiu dɛ maama wone. 43O sɔŋɔ tu wom ná jwoori o ba, ye o ke kolo maama o na pɛ‑o se o ke to, wopwolo laam wó taa wo tontoŋeno wom konto tei ne. 44A tɛ abam chega ŋwaane to, o tu wom laam wó pa se o taa nii o jejegero maama baŋa ne mo.
45Tontoŋeno wom nam ná boŋe we, omo tu wom dáane dedɛ ye o ta wo tu, ko wó ke‑o tɛ mo? O maa wó taa jege o dwonna tontoŋena bam mo o maga, baara bam de kaana bam de. O maa di wodiiru o chɔga, ye o nyɔ sana o sui. 46Tontoŋeno wom konto tu wom laam wó jwoori o ba dɛ dem tontoŋeno wom na ba jege o teena de maŋa kalo o na wó ba o zo to. O tu wom nam ná tu o peere‑o konto, o laam wó zeili‑o o sɔŋɔ kom wone, ye o daare o pa se kotu tɔge de balo na ve Wɛ chega kam to o na waarem.
47Tontoŋeno wolo maama ná lɔre o tu wom boboŋa na lage se o ke kolo to, ye o ná wo sɛ se o ja o tete o ke konto, konto tu wó na waarem dedɛ. 48Ko daare wolo ná yeiri o tu wom na lage se o ke kolo to, ye o ná ke kolo na maŋe se o na waarem to, konto tu wó na waarem fenfee yerane mo. Wolo maama ná jege Wɛ yeino dedɛ, Wɛ wó jeeli se o na wo-laaro dedɛ konto tu tei ne. Nɔɔno wolo ná jwoŋi wonnu dedɛ se o taa nii te baŋa ne, Wɛ wó jeeli se o jwoŋi dedɛ wonto tei ne ko ja gaale.”
49Yezu daa ta ma ta o we, “Amo na tu logo baŋa to, ko ye se a tɔre mini a ma zwɛ-ko mo. Mini dem ya ná maŋe de tɔre, ko ya jege a wopwolo mo. 50Amo nam jege se a zo yaara wo. Ko maa pae se a boboŋa chɔge se ko taa nii maŋa kam ko na wó ke ko kɛ to. 51Amo na tu logo baŋa to, á boŋe we ko ye se a pa nɔɔna fɔge daane mo na? Aawo. A tu se a pa nɔɔna pɔɔre daane mo. 52Ko zege zem ko taa via, sɔŋɔ dedoa wone nɔɔna banu wó pɔɔre mo, batɔ de balei. 53Kwo de o bu wó chɔge daane. Nu de o bukɔ de wó chɔge daane. Kaane de o baro nu de maa wó chɔge daane.”
54Yezu laam ma ta de nɔn-kɔgɔ kom o we, “Abam yeini á wae á nii wɛyuu de tega baŋa á ma lɔre tega kam yibia na wó taa ye tei to. Á ná nɛ kunkwonnu na wora te zaŋa mɛ seeni doa na zege da ka nene to, á yeini á ta lela we, doa lage ka ne, ye ka wó seene ka ne. 55Ko daare gungun-koro vio ná wora ko maga, á yeini á we, lon-wea maa beena, ye ko seene ko ke konto. 56Abam ye pipiri-nyena mo! Abam wae á nii wɛyuu de tega baŋa ye á lɔre te na bere tei to chekke. Bɛ nam mo ye á ware á lɔre wonnu telo na wora te ke leile to kuri?
57Bɛŋwaane mo abam ba sɛ se á pɔɔre kolo na lana se á ta‑á ke to? 58Ko nye de nɔɔno ná jaane‑m o vo o saŋe kɔɔte ne. Abam ta ná wo chwoŋa ne á via, se n kwaane n pa á fɔge daane. Ko ná dae konto, o laam wó ja nmo o ke dedɛɛro wom jeŋa ne se o waare‑m. Wonto de laam maa wó ke nmo o tontoŋeno jeŋa ne, se o ke nmo peena diga ne. 59A tɛ nmo, nmo wó ta‑n wora taa. Nmo ná wo ŋwe jene dem maama ye bi wo daare, ba bá yage‑m.”",https://www.bible.com/bible/3661/LUK.12.KBG
LUKA 13,"Dé ná wo leiri dé wo, dé wó na chɔgem
1Kanto maŋa kam ne nɔɔna badwonna maa wora ye ba vo ba ta Galili tiina badwonna taane ba bere Yezu. Gɔmena tu Pilata ya jaane banto o go maŋa kalo ba na wora ba kaane Wɛ to, pa se ba jana bam nwoŋi ba gwaane de vara jana. 2Yezu ma leiri nɔɔna bam o we, “Galili tiina banto bam na tiini ba na cham konto dwoŋi to, á boŋe we ko ye ba na tiini ba ye nɔn-chechɔgero ba dwoi ba dwonna bam to ŋwaane mo na? 3Aawo, ko dae konto. Abam tete de ná wo leiri á wo de á keim-balwaaro tem, abam maama de wó na chɔgem. 4Ko ta ná ye nɔɔna fuga-nana balo ya na tege Siloam ne maŋa kam wɛyuu diga na to ba baŋa ne to, á boŋe we ko ye ba na maŋe de chɔgem se ko dwoni ba dwonna Jerusalem tiina to ŋwaane mo na? 5Aawo, ko dae konto. Abam tete ná wo leiri á wo Wɛ ŋwaane, abam maama de wó na chɔgem.”
6Yezu laam ma maŋe memaŋe o bere-ba o we, “Nɔɔno mo wora. O maa jege kaporo o gaare wone. O ma vo se o nii, o wó na ko bia o gwori na. O maa wo nɛ. 7Ko na ba leiri bia to, o ma ta de o gaare tontoŋeno wom o we, ‘Dɔɔm jege bena yatɔ mo amo na tui a lage ko bia ye a ba nae kolokolo. Nam gwoni-ko n de tega ne. Ko zege da kafɛ mo.’ 8Tontoŋeno wom ma leiri‑o o we, ‘Amo tu, yage se ko daa ke bene dedoa. Amo wó ko gwoŋo a gilimi ko maama ye a ke popɔnɔ da. 9Ko ná yi bene dedoa ye ko ná leigi bia, ko wó taa lana. Ko nam ta ná wo leigi, de laam wó gwoni-ko de de tega ne.’ ”
Yezu yɔɔre kaane wodwoŋi siu dɛ ne
10Juu tiina siu dɛ dedwoŋi déem ma yi. Yezu maa wo ba jeerim diga kam ne o bere-ba Wɛ taane. 11Kaane wodwoŋi maa tɔge o wora, chichira na jege‑o ka daana taa, bena fuga-nana, pa se o ye gɔrɔ. Kaane wom maa tiiri tega ne ye o daa ware o kwoni o tete. 12Yezu na nɛ‑o to, o ma ta ded‑o se o ba o tei. O laam ma ta ded‑o o we, “A nakɔ, Wɛ wó pa n sii de n yaara yam.” 13O na tage konto to, o ma daŋe o jea o baŋa ne. Bedwe baŋa ne mo kaane wom kwoni wɛɛne. O laam na dana to, o ma tei Wɛ.
14Jeerim diga kam yuu tu wom na nɛ Yezu na ke tei ba siu dɛ dem ne ye o yɔɔre kaane wom to, o bane ma zaŋe. O ma ta de nɔɔna balo na wo diga kam wone to o we, “Wɛ pɛ debam da yaredo mo se dé taa maa toŋe totoŋa. Konto to, á jege se á ta‑á tui da yam konto ne mo se á na yɔɔrem, se ko dae siu dɛ dem ne.”
15Dé Teiru Yezu ma leiri‑o o we, “Abam ye pipiri-nyena mo! Abam wolo ná jege nabea naa bonaga, n bá‑n sɛ n bwoli-ka n ja n vo buga se ka nyɔ na á siu dɛ dem ne na? 16Konto to, ko chula se a pa kaane wonto sii de o yaara yam siu dɛ dem ne na? Wonto maa ye Abaraham dwi tu ye setaana pɛ ya jege‑o o peene taa, bena fuga-nana. Ko ya chula se a bwoli‑o a yage na?”
17O na tage konto to, ko ma pa balo na ve‑o to na ba chaveera. Ko daare nɔn-kɔgɔ kom maa jege wopwolo dedɛ de wo-kenkagela yalo maama o na ke to.
Wɛ paare dem taane
Matiyu 13:31-33; 7:13-14, 21-23; Maake 4:30-32
18Yezu daa ma ta o we, “Wɛ paare dem ye tetɛ mo? Amo wó ke tɛ mo a maŋe de na ye tei to a bere abam? 19Wɛ paare dem nye de nɔɔno na kwei tio-bu-memeeno o vo o du o kara ne. Tio-bu wom konto ma nwoŋi, ye tio kom tiini ko ji kamunu. Zuna laam ma ba ba sɔ ba pworu da.”
20Yezu daa ta ma ta o we, “Amo ta wó ke tɛ mo a maŋe Wɛ paare dem na ye tei to a bere abam? 21De nye de kaane wodwoŋi na kwei sabɔle o gwaane de bworobworo muni dedɛ tei to. De laam ma pa se bworobworo muni dem maama fole.”
22Yezu déem wo chwoŋa ne o maa vei Jerusalem. O na maa vei to, o tole teene dem maama ye o bere Wɛ taane. 23Nɔɔno wodwoŋi ma bwei‑o o we, “Amo tu, nɔɔna fenfee yerane mo wó na verem na?”
Yezu ma ta de nɔɔna bam o we, 24“Ta‑á cho-na á tete se á kwaane á da ni delo na peene to á zo Wɛ woro kom wo. A tɛ abam, nɔɔna dedɛ wó kwaane se ba zo, ye ba bá wane ba na chwoŋa. 25Maŋa kam wó yi, ye sɔŋɔ tu wom zaŋe o pe manchwoŋo kom. Abam laam wó ba á zege pwooni ne á dɔne dɛ sem ye á lwoori‑o á we, ‘Debam tu, popo, pore n pa debam.’ O laam wó leiri o we, ‘Amo nam yeiri abam kɔtaa.’ 26Abam maa wó ta we, ‘Debam ya tɔge de nmo dé jeini dé di wodiu ye dé nyɔa. Ko ye debam teo kom pwooni mo n zege da n bere Wɛ taane.’ 27O nam ta wó leiri abam o we, ‘Amo nam yeiri abam kɔtaa. Lage-na jei! Abam maama ye wo-lwan-keira mo.’
28Ko ná ke abam konto, á wó na Abaraham, de Izaak, de Jakob na jeini Wɛ woro kom wone, ko woli de faŋa faŋa Wɛ sampwori sem maama. Abam tete nam bá na chwoŋa se á zo. Abam wó maŋe dáa ne, yaara na wora pa se nɔɔna keera ye ba done ba nwa mɛ to. 29Nɔɔna wó nwoŋi logo baŋa jei maama ne ba ba ba zo Wɛ woro kom wo, ye ba jeini ba di ywoni daane. 30Nam ta‑á yei-na we, nɔɔna badaara zem na ye kwaga tiina to wó ba ba ji yiga tiina. Badaara de na maŋe ba ye yiga tiina to wó jwoori ba ji kwaga tiina.”
Yezu wo chɔge Jerusalem tiina ŋwaane
Matiyu 23:37-39
31Maŋa kam konto ne Farisi tiina badwonna ma vo Yezu tei ye ba ta ded‑o ba we, “Yage ywo-seeni se n vo jei sedwoŋi. Pɛ Herodi lage se o pa ba go nmo mo.”
32O ma leiri-ba o we, “Wonto ye nasea mo! Véi-na á ta á bere‑o we, zem da yanto ne amo jege se a taa zeili setaana ye a kwori a yɔɔre nɔɔna jaweero. Da yatɔ ná kɛ, amo laam wó yi a kweelim jeiga. 33Amo nam jege se a daa kwei a chwoŋa a taa kɛa se ko ke da yatɔ, kolo ŋwaane ko bá wane se wolo na ye Wɛ ni-jwoŋinu to ga o ŋwea ye ko dae Jerusalem ne.
34Ei! Jerusalem tiina bam, á yeini á go Wɛ sampwori selo o na toŋe abam tei ne to, ye á dole-ba de kandwa. Kuni dedɛ mo a ya lage se a la abam nɔn-bia a ke daane se a taa nii á baŋa ne, nenɛɛne chworo na kukwori ko bia ko ke ko vɔna kuri ne tei to. Abam maa ba sɛa. 35Wɛ nam wó dɔne o jea abam teo kom baŋa ne se ko ji di-dwonnu. Á ta‑á yei we, á daa bá na-ne se ko taa vei maŋa kalo á na wó ta we, ‘Baŋa Wɛ wó swɛ wolo na tu o yere ŋwaane to swolim.’ ”",https://www.bible.com/bible/3661/LUK.13.KBG
LUKA 14,"Yezu vei Farisi tu sɔŋɔ
1Siu dɛ dedwoŋi déem ma yi. Yezu ma vo Farisi tiina nadum sɔŋɔ o zo se o di wodiu. O na wora to, nɔɔna maa kwaane ba yere‑o se ba nii o na wó ke tei to. 2Na-dea tu maa tɔge o jei da. 3Yezu na nɛ‑o to, o ma bwei Wɛ nia zamesem tiina bam de Farisi tiina bam o we, “Nɔɔno jege chwoŋa se o yɔɔre o dwoŋi siu dɛ dem ne naa ko chula?” 4Ba ma chem. O laam ma ja nɔɔno wom o pa o na yazura ye o yage‑o se o viiri.
5O laam ma bwei-ba o we, “Abam wolo bu ná to vole wone siu dɛ dem ne, n bá‑n ke lela n vo n vaŋe‑o n le na? Ko ná ye n nabea de, n bá‑n ke konto na?” 6Ba maa ware ba leiri‑o kolokolo.
7Nɔɔna balo na tu se ba tɔge ba di wodiu Farisi tu wom sɔŋɔ ne to ma zo ba lage jeiŋa jei. Yezu ma na we ko ye jei-laao jei ne mo ba lage se ba jeini da. O na nɛ konto to, o ma maŋe memaŋe o bere-ba o we: 8“Nɔɔno ná ke kadiri ye o bwoŋi‑m se n ba n di, yé kwaane n jeini nɔn-kamuna jeiŋa jei ne. Nmo ná ke konto, ye nɔn-yero ná tua, 9ko laam wó pa se n na n chaveera mo. Sɔŋɔ tu wolo na bwoŋi abam maama to wó ba o ta de nmo o we, ‘Zaŋe se n daare jei n pa nɔn-yero konto.’ Nmo laam wó nwoŋi n vo n jeini kwaga kwaga de n chaveera yam.
10Ko daare, ba ná bwoŋi‑m se n vo n di, vei n jeini kwaga kwaga. Nmo ná ke konto, ye sɔŋɔ tu wom ná tu o na‑m, o laam wó ta we, ‘A badwoŋi, zaŋe n ba yiga n jeini.’ Konto wó pa se n na zula nɔɔna bam maama yiga ne. 11Kolo ŋwaane, wolo ná bere o tete kamunim, konto tu wó ba o ji nɔn-balaŋa mo. Wolo nam ná gwooni o tete, Wɛ wó zeiŋi konto tu nɔɔna yiga ne.”
12Yezu laam ma ta de sɔŋɔ tu wom o we, “Nmo ná lage n ke wodi-fɔrɔ n pa nɔɔna, se n yé bwoŋi n badwonna bam, de n chorro tem, de n dwonna naduna bam se ba ba ba di. Nmo ná ke konto, banto wó wane ba jwoori ba ke‑m konto dwoŋi ba ŋwe jene dem. 13Nmo nam ná lage n ke kuri, se n bwoŋi balo na ye yiniga tiina, de gwaaro, de gwane, de lilwoa, se ba ba ba di. 14Nmo ná ke konto, nmo wó ta‑n jege yu-ywoŋo. Nɔɔna banto dwoŋi bá wane ba jwoori ba ŋwe nmo jene dem. Maŋa kam Wɛ na wó pa nɔn-ŋona bi toone wone to, nmo nam wó jwoŋi n keim dem kwora.”
15Nɔɔno wodwoŋi na tɔge o jei Yezu tei ne o di to ma ni o na tage kolo to. O ma ta ded‑o o we, “Nɔɔno wolo maama na zo Wɛ woro kom wo o jeini o di ywoni dáane to mo ye yu-ywoŋo tu.”
16Yezu ma ma memaŋe o leiri o we: “Nɔɔno wodwoŋi ya wora o na lage o ke wodi-fɔrɔ o pa o dwonna. O ma bwoŋi nɔɔna dedɛ se ba ba ba di. 17Kuri dem maŋa na yi to, o ma toŋe o tontoŋeno se o vo o ta de balo o na bwoŋi to o we, woŋo maama ti ko yiga se ba laam ba. 18Nɔɔna bam na nigi konto to, ba maama maa wora ba lwoori chwoŋa o tei ne. Ba dedoa maa we, ‘Leile konto a nɛ kara mo se a va. Amo jege se a vo dáane mo. Popo, pa-ne chwoŋa.’ 19Nɔɔno wodwoŋi de maa we, ‘Leile konto a yeigi nabɛ fuga mo se a ma va. Amo wo chwoŋa ne mo se a vo a ke a nii. Popo, pa-ne chwoŋa.’ 20Nɔɔno wodwoŋi de ma ta o we, ‘Leile konto a di kaane mo. Amo daa bá wane a ba.’
21Tontoŋeno wom laam ma jwoori sɔŋɔ o vo o ta de o tu wom ko na ke tei to. Sɔŋɔ tu wom na nigi to, o bane ma zaŋe. O ma ta de o tontoŋeno wom o we, o nwoŋi lela o vo teo kom pwooni jei maama o la yiniga tiina, de gwaaro, de lilwoa, de gwane o pa ba ba ba di. 22Tontoŋeno wom na ke konto to, o ma ta o we, ‘Amo tu, a ke kolo maama nmo na tage to, ye laŋa daa ta daare se nɔɔna jeini da.’
23Sɔŋɔ tu wom daa ma ta ded‑o o we, ‘Nwoŋi teo kom wo n vo n beeri kare sem wone, de gaao chwei sem maama ni ne, se n pa balo na wora to ba ba zo a sɔŋɔ kom se laŋa daa yé daare. 24Amo tɛ abam we, ko ná ye nɔɔna balo a ya na bwoŋi ye ba ve to, banto wolowolo bá na jeiga amo sɔŋɔ ne se ba tɔge ba di.’ ”
Dé wó seene dé yia dé taa tɔge Yezu
Matiyu 10:37-38
25Yezu na wo chwoŋa ne o maa vei to, nɔn-kɔgɔ dedɛ maa tɔge o kwaga. O ma pipiri o nii ba seeni ye o we, 26“Nɔɔno wolo ná tu amo tei, ye o ná wo ve o kwo, de o nu, de o kaane, de o bia, de o zembaara, de o nyaana, de o nakwa, ye o ná wo ve o tete boboŋa de, konto tu bá wane o ji amo kwaga tɔgeno. 27Wolo maama ná tɔge amo kwaga ye o ná wo sɛ se o na yaara, ne wolo na zeŋe dagara o maa vei o toone tei to, konto tu bá wane o ji amo kwaga tɔgeno.
28Abam wolo ná boŋe se o lɔ wɛyuu di-dedɔrɔ, nmo laam wó bobo n jeini n jeeli n nii, sabu kom wó wane diga kam ko lɔ ko ti naa ko bá wane. Ko dae konto na? 29N ná wo ke konto, ye n ná chwi diga kam kuri ye ka lɔɔm daa ware ko guri, balo maama na lɔre to wó taa mɔne‑m, 30ye ba we, ‘Nɔɔno wonto bobo diga lɔɔm ye o ware o guri-ka.’
31Ko woli da, pɛ ná lage o ke jara de pɛ wodwoŋi, o laam wó bobo o jeini o bwɛ o nii, nɔɔna morro fuga (10,000) balo na wo o kwaga ne to wó wane ba jeeri nɔɔna morro finlei (20,000) balo na wo pɛ wodwoŋi wom kwaga ne to naa ba bá wane. Ko dae chega na? 32O nam ná bá wane, pɛ wodwoŋi wom ta ná wo yiga yiga o beena, o wó toŋe tontoŋena o tei ne se ba kwoori‑o se o yage jara yam. 33Tɔ. Ko ye bedwe mo de abam wolo maama ná wo kwei o woŋo maama o yage dáa ne, kotu bá wane o ji amo kwaga tɔgeno.
34Yɛ lamma ye de wae de kwɛ wodiu. Yɛ ni nam ná ti, n daa‑n bá‑n wane n pa de jwoori de ja ni. 35Dento daa ba jege kuri. N bá‑n wane n ke-de n kaduga ne, naa n ma n ke popɔnɔ. Nmo jege se n lwo-de n yage mo.
Abam nam fɔge á cheigi amo taane dem.”",https://www.bible.com/bible/3661/LUK.14.KBG
LUKA 15,"Pi-jia kam memaŋe
Matiyu 18:12-14
1Dɛ dedwe lampwoo lara de nɔn-chechɔgero dedɛ ma fɔɔre ba yi Yezu tei se ba cheigi o kwora. 2Farisi tiina de Wɛ nia zamesem tiina na nɛ konto to, ba maa poona ba we, “Ta‑á nii nɔɔno wonto na yeini o jeeri nɔn-chechɔgero lanyerane, ye o ta kwori o di wodiu de-ba.”
3Yezu laam ma maŋe memaŋe o bere-ba o we: 4“Abam wolo ná jege pei bi (100), ye se dedoa ná jei, o bá yage pei funogo-nogo sem (99) gaao ne, ye o daare o vo o beeri pi-jia kam na? 5O nam ná beeri o na-ka, o laam wó kwei-ka o daŋe o bakala baŋa ne de wopwolo 6o ja vo sɔŋɔ. O ná tu o yi sɔŋɔ, o wó bwoŋi o badwonna de o sɔŋɔ tiina maama ye o ta de-ba o we, ‘Á pa se dé di ywoni daane, amo na nɛ a pia kalo ya na jei to ŋwaane.’
7Tɔ. A tɛ abam we, ko ye bedwe mo de nɔn-chechɔgɔ dedoa ná leiri o wo Wɛ ŋwaane, ko wó pa se ywoni taa daga Wɛ telaao ne. Ba wó taa jege wopwolo dedɛ ded‑o se ko dwoni nɔn-laaro funogo-nogo (99) na ba boŋe se ba leiri ba wo Wɛ ŋwaane to.
Sabu-jiu kom memaŋe
8Ko woli da, kaane ná jege sabu-dala fuga, ye dedoa ná jei, o bá tɔre kanea ye o zuri o yera o zɔre sɔŋɔ kom wo maama se o nii, o wó na-de na? 9O nam ná nɛ-de, o laam wó bwoŋi o badwonna de o sɔŋɔ tiina maama, ye o ta de-ba o we, ‘Á pa se dé di ywoni daane, amo na nɛ sabu-dale delo ya na jei to ŋwaane.’
10Tɔ. A tɛ abam chega ŋwaane to, nɔn-chechɔgɔ dedoa ná leiri o wo Wɛ ŋwaane, ko pa se wopwolo dedɛ wora Wɛ malese sem tei ne.”
Bu-jiu kom memaŋe
11Yezu daa ta ma ta o we: “Nɔɔno mo wora o na jege bakeiri selei. 12Dɛ dedwe nyaane wom ma zaŋe o ta de o kwo o we, ‘Amo kwo, a lwoori‑m se n pɔɔre amo teiri nmo wonnu tem wone n pa-ne leile konto.’ O kwo ma sɛ. O ma pɔɔre o jejegero tem o pa o bia balei bam.
13Ko na ke da yalei to, nyaane wom ma zaŋe o kwaleme o wonnu maama o ja nwoŋi o vo sa-teo yiga yiga. O maa zoore da ye o ke poweeni yerane. O maa jege o wonnu tem o chɔge yɔɔ yɔɔ. 14O wonnu tem laam ma ba te chɔge te ti maama. Kana ma tiini ka zo teo kom ye o daa ba jege kolokolo. 15O ma vo teo kom nɔɔno dedoa tei o lwoori‑o wolim. Nɔɔno wom ma pa se o vo o tɔge o teira gaao ne. 16Kana na tiini ka chɛ o yera ne to, o ma boŋe se o tɔge o di teira yam so-porro tem. Nɔɔn-nɔɔno maa ba pa‑o kolokolo se o di. 17O boboŋa laam ma jwoori. O ma bwɛ o tete ne o we, ‘Amo kwo yeini o pae o tontoŋena bam maama wodiiru dedɛ pa se ba di ba daara. Ko daare amo wo ywo-seeni ye kana wora ka go-ne. 18Amo jege se a zaŋe a jwoori a vo a kwo tei ye a ta ded‑o we, “Amo kwo, a tusi a chɔge Wɛ yiga, ye a ta ke a chɔge nmo wo. 19Konto to, amo daa ba jege kuri se n ke-ne ne nmo bu tei. Nam pa se a taa tɔge a ye nmo tontoŋena bam dedoa.” ’
20O na boŋe konto to, o laam ma zaŋe o maa vei o kwo tei. O ta na wo yiga yiga to mo o kwo wom nɛ‑o. O na nɛ‑o to, o bu wom ŋwaŋa ma zo‑o lanyerane. O ma zaŋe o duri o vo o jeeri o bu wom o kukwori‑o de wopwolo dedɛ. 21Bu wom laam ma ta ded‑o o we, ‘Amo kwo, a tusi a chɔge Wɛ yiga, ye a ta ke a chɔge nmo wo. Konto to, amo daa ba jege kuri se n ke-ne ne nmo bu tei.’ 22O kwo wom ma ta de o sɔŋɔ tontoŋena bam o we, ‘Á ke lela á zo á kwei gare-dedɔrɔ kolo na tiini ko lana to á ja ba á zo‑o. Kwei-na jafolo á ke o jeŋa ne, se á kwei natera de á pa o zo. 23Véi-na á ja na-paale kamunu kom á ja ba á go, se dé ma ke wodi-fɔrɔ dé di se dé daare dé kwɛɛre o ŋwaane. 24Kolo ŋwaane amo bu wonto ya tege mo ye o laam jwoori o bi. O ya jei mo ye a laam na‑o.’ Ba ma bobo wodiiru tem dim ye ba kwɛɛra.
25Maŋa kalo nyaane wom na tu o yi sɔŋɔ konto to, o zembaaro wom ya wo kara ne mo o vara. O na nwoŋi kara kam ne o maa beene sɔŋɔ to mo o nigi ba na mage wonnu ye ba sae. 26O ma bwoŋi o kwo tontoŋena bam dedoa o bwei‑o woŋo kolo na ke ye ba kwɛɛre to. 27Tontoŋeno wom ma leiri‑o o we, ‘Nmo nyaane wom mo tua. Nmo kwo ma ja na-paale kamunu kom o go se ba di, o na nɛ‑o ye o ŋwe de yazura to ŋwaane.’
28Bu-kwea kam na nigi konto to, o bane ma zaŋe. O maa ba lage se o zo diga. O kwo wom ma nwoŋi o vo o kwoori‑o se o zo. 29O ma ta de o kwo wom o we, ‘Ta‑n nii, bena yanto maama amo tiini a toŋe dedɛ a pa nmo. Amo yeini a sɛ nmo ni maŋa maama. Nmo nam wo pɛ-ne varem se a go, se amo de a badwonna ma di ywoni daane, de bo-bala de. 30Ko daare nmo bu wonto na tu to, n jaane na-paale kamunu kom n go n pa‑o, ye o ye wolo na kwei nmo wonnu tem o vo o chɔge ka-bworru baŋa ne ye o laam jwoori o ba to.’
31O kwo wom ma leiri‑o o we, ‘Amo bu, nmo maŋe n wo amo tei ne maŋa maama. Wonnu telo maama amo na jege to ye nmo nyem. 32Dé zem nam jege se dé di ywoni ye dé kwɛɛre, kolo ŋwaane nmo nyaane wom ya tege mo ye o jwoori o bi. O ya jei mo ye dé daa na‑o.’ ”",https://www.bible.com/bible/3661/LUK.15.KBG
LUKA 16,"Tontoŋeno de o jene memaŋe
1Yezu daa ta ma ta de o kwaga tɔgena bam o we: “Nadum mo wora o na jege o tontoŋeno. O tontoŋeno wom mo nii o wonnu maama baŋa ne. Nɔɔna badwonna ma vo ba ta de nadum wom ba we, o tontoŋeno wom jege o wonnu tem o chɔga. 2O ma bwoŋi o tontoŋeno wom ye o ta ded‑o o we, ‘Amo nigi nmo na ke tei to. Nmo nam wó ta bɛ mo? Nam véi n jeeli nmo na ke tei de a wonnu tem se n laam ba n bere-ne. Nmo daa‑n bá‑n wane n ta‑n ye amo tontoŋeno.’
3Tontoŋeno wom ma bwɛ o tete ne o we, ‘Amo nam wó ke tɛ mo? Amo tu wom lage o le-ne o totoŋa yam ne. Amo ba dana se a wane a va. Chaveera maa jege-ne se a taa kare a lwoora. 4Amo nam yei a na wó ke tei se, o ná le-ne a totoŋe dem ne, se nɔɔna taa jeeri-ne lanyerane ba sam ne to.’
5O na boŋe konto to, o ma bwoŋi balo na jege o tu wom jene to dedoa dedoa pa se ba ba o tei. O ma bwei boboa nɔɔno wom o we, ‘Nmo jege amo tu wom jene ko maŋe tɛ ta mo?’ 6Nɔɔno wom ma leiri o we, ‘Ko ye nuga garewɛ bi (100) mo.’ Tontoŋeno wom ma ta‑o we, ‘Nii tɔnɔ kolo nmo jene dem na popone da to. Nam kwei n ja n vo n jeini n popone we, garewɛ finnu (50).’
7O daa ta ma bwei nɔɔno wodwoŋi o we, ‘Nmo jege amo tu wom jene ko maŋe tɛ ta mo?’ O ma leiri o we, ‘Ko ye mena ywollu bi (100) mo.’ Tontoŋeno wom ma ta‑o we, ‘Kwei tɔnɔ kom n popone we, ywollu funɔnɔ (80).’
8Nadum wom na lɔre o tontoŋeno-balɔrɔ kom na ke tei to, o maa we o tiini o kwaane dedɛ de o na mɛ o swa o lɔre o na wó ke tei to. Kokuri mo, balo na jege kugu jei logo baŋa ne to yeini ba ma swa mo de ba na ke ba dwonna tei to, se ko dwoni balo na ye Wɛ pwooni dem nyem to na ke tei.
9Amo nam tɛ abam we, á jege se á kwei logo baŋa sabu á ma á woli nɔɔna se ko pa á di badwoŋo daane. Á ná ke konto, ye á sabu kom ta ná ba jege kuri ko pa abam, ba laam wó jeeri abam lanyerane Wɛ sɔŋɔ ne se á ta‑á wora taa wuu. 10Nɔɔno wolo na tɔge chega de woŋo fenfee to wó taa tɔge chega de wo-kamunnu mo. Ko daare wolo na ba tɔge chega de woŋo fenfee to bá taa tɔge chega de wo-kamunnu. 11Konto to, abam ná ware á tɔge chega de logo baŋa sabu, Wɛ bá sɛ se o kwei jejegero telo na ye chekke to o ke abam jeŋa ne. 12Abam ná ware á tɔge chega de wonnu telo ba na kwei ba ke abam jeŋa ne se á nii te baŋa ne to, Wɛ bá sɛ se o pa abam wonnu telo na wó taa ye abam tete nyem to.
13Sɔŋɔ tontoŋeno bá wane o kwei boboŋe dedwe se o ma toŋe o pa o yuu tiina balei. O wó taa chuli dedoa kam ye o daare o swoi wodwoŋi wom, naa o wó taa nege dedoa kam ye o daare o gwooni wodwoŋi wom. Konto ŋwaane, abam bá wane á pa se Wɛ taa ye á tu, ye á daare á tɔge sabu-laga de.”
14 Farisi tiina na wora to ma ni Yezu na tage kolo maama to. Ba na ye sabu-lagena to, ba maa jege‑o ba mɔna. 15O ma ta de-ba o we, “Abam mo lage se á bere á tete nɔɔna yiga ne we á jege chega. Wɛ nam yei á bochara na ye tei to. Woŋo kolo nɔɔna na pae ko ye wo-kamunu to mo ye wo-zɔɔne Wɛ tei ne.
16Wɛ sɛɛm tu Jɔn ta na wo tu to, nɔɔna déem jege Moses nia yam de faŋa faŋa Wɛ sampwori sem na bere kolo to mo ba tɔga. Ko zege maŋa kalo Jɔn na tu to, ko ye Wɛ paare dem kwor-ywoŋa kam mo wora se nɔɔna sɛ-ka. Nɔɔna maama tiini ba kwaane se ba tɔge ba zo Wɛ woro kom wo.
17Wɛyuu de tega baŋa ná lage te jei, konto wó taa ye mɔle ko dwoi woŋo fenfee ná lage ko le Wɛ nia yam wone.
18Nɔɔno wolo ná yage o kaane ye o daare o di kaane wodwoŋi, konto tu keim dem de kabwoŋa ye bedwe mo. Nɔɔno wolo ná zaŋe o di kaane wolo o tete baro na yage‑o to, konto tu keim dem de bwoŋa de ye bedwe mo.”
Nadum de yiniga tu memaŋe
19Yezu ta ma ta o we, “Nadum mo wora. O ma yeini o zo gare-nyenno telo na tiini te lana to. Dɛ maama mo o nae ywoni ye o di o ni. 20Yiniga tu de maa wora, o yere mo Lazaru. O yera yam maama jege ŋɔna. Nɔɔna ma yeini ba ja‑o ba vo ba tiŋi nadum wom sɔŋɔ woro ne se o taa lwoora. 21O maa lage se o taa di wodiu kolo nadum wom na di ye ko siiri tega ne to mo. Kukuri de maa tui se deilimi o ŋɔna yam.
22Yiniga tu wom laam ma ba o te. Wɛ malese ma ba se kwei‑o se ja vo telaao pa se o jeini Abaraham takeiri ne. Nadum wom de ma te. Ba ma kwei‑o ba suli. 23O ma vo o zo churu mini dem jeiga. O maa wora o yaare dedɛ. O ma kwoni o yuu wɛɛne o na Abaraham na wo yiga yiga ye Lazaru jei o takeiri ne. 24O ma laare o ta ded‑o o we, ‘Amo kwo Abaraham, popo duri amo ŋwaŋa. Mini dem mo pae se amo yera chɛ de yaara. Konto ŋwaane a lwoori‑m se n pa Lazaru vo o ma o noa o laŋe na o ba o ma bugi amo dindeilimi.’
25Abaraham ma leiri‑o o we, ‘Amo bu, nam guli nmo déem na ŋwe ye n jege wo-laaro telo maama n na lage to. Lazaru maa yeini o nae yaara yerane. Ko daare leile konto, wonto bochare laam peini ye nmo tete yera chɛ de yaara. 26Ko woli da, gwoŋ-chanluŋu mo tigi debam tetare laŋa ne ko che. Nɔɔn-nɔɔno bá wane o zege ywo o vo o bɛ o yi abam tei. Nɔɔn-nɔɔno de bá wane o zege abam seeni o bɛ o yi debam tei.’ 27Nadum wom ma ta o we, ‘Amo kwo, ko na ye konto to, a lwoori‑m se n toŋe Lazaru se o vo amo kwo sɔŋɔ. 28A jege nyaana banu mo ye a ba lage se ba tɔge ba ba yaara jei sento. Nam toŋe‑o se o vo o kaane-ba.’
29Abaraham ma ta ded‑o o we, ‘Ba maŋe ba jege twanno telo Moses de Wɛ sampwori sem na popone to se ba taa tɔga. Ba nam jege se ba sɛ berem dento mo.’ 30O ma leiri o we, ‘Amo kwo Abaraham, ba bá sɛ konto. Nɔɔno nam ná bi toone wone ye o vo ba tei o bere-ba, ba laam wó leiri ba wo Wɛ ŋwaane.’ 31Abaraham ma leiri nadum wom o we, ‘Ba ná wo sɛ Moses de Wɛ sampwori sem maama berem dem, nɔɔno ná maŋe o bi toone wone, ba ta bá sɛ we o taane dem ye chega.’ ”",https://www.bible.com/bible/3661/LUK.16.KBG
LUKA 17,"Yezu bera yadwonna
Matiyu 18:6-7, 21-22; Maake 9:42
1Yezu déem ma ta de o kwaga tɔgena bam o we: “Wonnu telo na soge nɔɔna pa se ba tusi Wɛ chwoŋa wone to jege se te taa wora mo. Ko nam ná ye wolo na soge nɔɔna pa se ba tusi to, lɛɛro wo kotu tei ne. 2Ba ya ná jaane nɔɔno wom konto ye ba lei kandwɛ-kamunu o ba ne ba daare ba dole‑o ba yage naneo kom wone pa se o te, konto gare waarem delo o na wó na Wɛ tei ne de o na pɛ se Wɛ bu-balwa dedoa tusi to. 3Konto to, á ta‑á yei á tete.
Nmo nu-bu ná ke wɛleere, se n kaane‑o de o na ke kolo to. O nam ná sɛ ye o leiri o wo, se n yage n ma n chɛ‑o. 4O ná maŋe o ke lwarem o chɔge nmo wo kuni berepɛ dɛ wone, ye o ná jwoori o ba nmo tei kuni berepɛ ye o sɛ we o ke o chɔge, nmo ta jege se n ma n chɛ‑o mo.”
5Dé Teiru Yezu totoŋa nakwa bam ma ta ded‑o ba we, “Woli debam pa se dé tiini dé taa jege wo-dedoa de nmo.” 6Yezu ma leiri-ba o we, “Á ná jege wo-dedoa de amo, ye ko ná maŋe ko ye fenfee yerane se ko maŋe de tio-bu-memeeno tei de, á wó wane á tɔge ko ŋwaane á toŋe totoŋ-kamuna. Á wó wane á ta de kanyɔnɔ konto we, ko gɔ ko vo ko jeiri naneo kom wone, ye ko wó sɛ á ni.”
7Yezu daa ta ma ta o we, “Nmo wolo ná jege tontoŋeno, ye o ná wora o vare o pa nmo, naa o ná yere nmo pei gaao ne, ye wonto ná ti o totoŋa ye o ba o yi sɔŋɔ, nmo wó ta bɛ mo ded‑o? Nmo wó ta ded‑o we, o ba o jeini o di wodiu de nmo na? 8Aawo. Nmo nam wó ta ded‑o we, ‘Véi n ke wodiu se n laam kwɛ n tete n ja wodiu kom n ba n pa-ne se a di. Amo ná di a ti, se n laam vo n di n tete nyem.’ 9Nmo bá‑n ke n tontoŋeno wom lei de o na ke kolo nmo na pɛ‑o ni se o ke to. 10Ko ye bedwe mo de abam de. Abam ná ke kolo maama Wɛ na pɛ abam ni se á ke to, á jege se á ta we, ‘Debam maŋe dé ye tontoŋena mo, ye dé ba jwoŋi teem ko ŋwaane. Dé nam ke kolo na maŋe se dé ke to yerane.’ ”
Yezu yɔɔre naywanno fuga
11Yezu déem maa wo chwoŋa ne o maa vei Jerusalem. O ma da Samaria de Galili tetare laŋa o maa kɛa. 12O ma vo se o zo teo kodwoŋi. O na lage o zo ko wo to mo naywanno fuga jeeri‑o chwoŋa ne. Ba ma zege yiga yiga, 13ye ba laare de kwor-dɛa ba we, “Debam tu Yezu, popo duri debam yiniga.” 14Yezu na nɛ-ba to, o ma ta de-ba o we, “Véi-na Wɛ kaanem tiina tei se á pa ba nii á yera yam.”
O na tage konto ye ba maa vei to mo ba yera yam fɔge ya kwɛ fase. 15Ba wo dedoa na nɛ we o jaweo kom jei to, o ma pipiri o jwoori Yezu tei ye o tiini o tei Wɛ de kwor-dɛa. 16O ma vo o to Yezu yiga ne ye o ke o lei. Wolo na ke konto to ye Samaria teo nɔɔno mo. 17Yezu ma bwei o we, “Ko dae nɔɔna fuga kam maama yera yam mo fɔge ya kwɛ na? Nogo kom nam bɛ? 18Ba wolowolo wo jwoori o ba se o ke Wɛ lei, ko ná dae dwi-gɛ tu wonto yerane na?” 19O laam ma ta de nɔɔno wom o we, “Nmo na ke n wo-dedoa de amo tei to mo pɛ se n na yazura. Nam zaŋe n viiri.”
Wɛ paare dem na wó ba nɔɔna baŋa tei to
Matiyu 24:23-28, 36-41
20 Farisi tiina déem ma bwei Yezu se ba lɔre maŋa kalo Wɛ na wó di paare o nɔɔna baŋa ne to. O ma leiri-ba o we, “Wɛ paare dem maŋa kam ná yia, á bá wane á ma á yia á lɔre de ni ne. 21Nɔɔna bá ta we, ‘Nii-na ywo-seeni’, naa ba we, ‘Nii jei sento ne’, kolo ŋwaane Wɛ paare dem maŋe de wo abam wone.”
22Yezu ma ta de o kwaga tɔgena bam o we, “Maŋa wó ba ye á tiini á lage se á na da yalo Nabiin-bu wom na wó ba o veere o tete to, ko ná maŋe ko ye ya da dedoa de. Á nam bá na. 23Kanto maŋa kam ne, nɔɔna wó ta de abam ba we, ‘Nii-na! O wo ywo-seeni.’ Á nam yé sɛ ba taane se á vo á nii. 24Kokuri dɛ dem amo Nabiin-bu wom na lage a ba to ná yia, ko wó taa nye de doa na pepele wɛyuu ka lɛɛne ka pae pwooni logo baŋa jei maama ne tei to mo. 25Da-yiga ye konto ta wo ke to, ko fe mo se amo Nabiin-bu wom na yaara dedɛ ye zem nɔɔna bam chuli-ne. 26Amo Nabiin-bu wom na wó ba maŋa kalo to wó taa ye nenɛɛne ko déem na ke Noah da yam ne tei to. 27Kanto maŋa kam ne nɔɔna déem wora yɔɔ yerane mo. Ba maa di ba wodiiru, ye ba daare ba di kaana, ye kaana de maa zoore banna, se ko vo ko yi dɛ dem Noah na zo nabwor-kamunu kom wo to. Na-fɔrɔ laam ma ba ba wɛɛle ba lini logo kom ba chɔge nɔɔna bam maama.
28Maŋa kalo Lot déem na wora to, ko de maŋe ko ye konto mo. Nɔɔna déem wora ba di ba wodiiru, ye ba daare ba ke pipiu, ye ba vara, ye ba lɔ sam. 29Ko ma ba ko yi dɛ dem Lot na duri o nwoŋi Sodom ne to. Dɛ dem konto ne, mini de chilibugu ma nwoŋi wɛyuu ne te to tega ne te chɔge teo kom nɔɔna bam maama.
30Dɛ dem Nabiin-bu wom na wó ba o veere o tete nabiina tetare ne to wó pɔpɔ de ba nɔɔna baŋa konto dwoŋi mo. 31Dɛ dem konto ne, nɔɔno wolo ná wo nayuu ne ye o wonnu ná wo diga wone, konto tu yé tu o zege se o kwei o wonnu tem o ja duri. Nɔɔno wolo nam ná wo kara ne, se kotu daa yé jwoori sɔŋɔ. 32Guli-na ko déem na ke Lot kaane wom tei to. 33Wolo maama ná lage se o taa jege o tete ŋwea, konto tu wó ga-ka mo. Wolo maama nam ná sɛ se o ga o ŋwea, konto tu wó na ŋwea Wɛ tei ne.
34A tɛ abam we, tete dem konto ne nɔɔna balei ná peini diga dedoa wone, Wɛ wó chaale ba dedoa o daare wodwoŋi wom. 35Kaana balei de ná tɔge daane ba choe muni, Wɛ wó chaale ba dedoa o daare wodwoŋi wom. [36Nɔɔna balei de ná wo kara ne ba toŋa, Wɛ wó chaale ba dedoa o daare wodwoŋi wom.]”
37Yezu na tage konto to, ba ma bwei‑o ba we, “Debam Teiru, ko nam wó ke yei ne mo?” O ma leiri-ba o we, “Nɔɔna maama wó taa yei ko ni ne, nenɛɛne wo-teko na wo mɛ ye duura de jege se ba taa wora to.”",https://www.bible.com/bible/3661/LUK.17.KBG
LUKA 18,"Wɛ-lworo memaŋe
1Yezu déem ma maŋe memaŋe o bere o kwaga tɔgena bam we, ba jege se ba taa lwoori Wɛ taa, se ba yé yage teenem. 2O ma maŋe o bere-ba o we: “Teo kodwoŋi ne mo pɛ wodwoŋi ya wora ye o ba kɔre Wɛ. O maa ba jege nɔɔna ŋwaŋa. 3Kadeim wodwoŋi de maa wora teo kom konto ne. O maa yeini o vei pɛ wom tei maŋa maama ye o lwoori wolim o tei ne o we, ‘Nam pa se a di bora a dono wom tei ne.’
4Pɛ wom maa ba sɛ o taane dem. Ko maa wora ko wora ye o laam boŋe o tete ne o we, ‘Amo ba kɔre Wɛ, ye a ba jege nɔɔna ŋwaŋa. 5Ko daare kadeim wonto nam jege-ne o daana. Konto ŋwaane mo a jege se a bore bora a pa‑o. Ko ná dae konto, o wó taa tui a tei mo taa se ko taa nii a toone.’ ”
6Dé Teiru wom laam ma ta o we, “Nii-na pɛ-balɔrɔ kom na boŋe se o sɛ o ke kadeim wom na lwoori‑o kolo to. 7Ko daare ko ná ye Wɛ, o bá sɛ se o woli o tete nɔɔna balo o na kuri to pa se ba di bora na? Ba ná tiini ba lwoori‑o maŋa maama wea de tete, o bá ke lela o woli-ba na? 8A tɛ abam we, o wó pa se ba di bora ye o bá dáane. Ko daare Nabiin-bu wom ná jwoori o ba logo baŋa, nɔɔna ta wó taa jege wo-dedoa ded‑o na?”
Farisi tu de lampwoo laro memaŋe
9Yezu daa ma maŋe memaŋe dedwoŋi se o bere balo na boŋe ba pa ba tete we ba jege chega Wɛ tei ne ye ba gwooni ba dwonna to. 10O ma maŋe o bere-ba o we, “Nɔɔna balei mo wora. Ba dedoa ye Farisi tu mo. Wodwoŋi wom maa ye lampwoo laro. Ba ma zaŋe ba vo Wɛ diga kam se ba ware Wɛ. 11Ba na zo to, Farisi tu wom ma zege o ware Wɛ o tete ne ye o we, ‘Wɛ, a ke nmo lei de amo na dae nɔn-balɔrɔ ne nɔɔna badwonna na ye tei to. Banto ye ŋweena, de wo-lwan-keira, de ka-lagena. A ke nmo lei de a na dae nenɛɛne lampwoo laro wonto. 12Da yalei bakwɛ maama wone amo yeini a vɔ ni mo Wɛ ŋwaane. Wonnu telo maama a na nɛ to, a yeini a le Wɛ-teiri pɛɛra te wone a pa nmo.’
13Ko daare lampwoo laro wom maa zege dáa ne o ware Wɛ. O maa ba lage se o kwoni o yuu wɛɛne, ye o mage o takeiri o we, ‘Wɛ, amo ye nɔn-chechɔgɔ. Nam duri amo ŋwaŋa.’
14Tɔ. Nɔɔna banto balei na ware Wɛ ba ti ye ba laam jwoori sɔŋɔ to, ko ye lampwoo laro wom mo nɛ chega Wɛ tei ne, ye ko dae Farisi tu wom. Kolo ŋwaane wolo ná bere o tete kamunim, konto tu wó ba o ji nɔn-balaŋa mo. Wolo nam ná gwooni o tete, Wɛ wó zeiŋi konto tu nɔɔna yiga ne.”
Bu-balwa maŋe de Wɛ paare dem
Matiyu 19:13-15; Maake 10:13-16
15Nɔɔna badwonna maa jaane ba bu-balwa ba tui Yezu tei se o daŋe o jea ba baŋa ne. O kwaga tɔgena bam na nɛ ba na ke tei to, ba ma zaŋe ba bwɛ-ba se ba yé taa ke konto. 16Yezu laam ma bwoŋi bia bam pa se ba ba o tei, ye o we, “Yage-na se bia bam taa tui a tei, se á yé zaŋe á che-ba. Kokuri Wɛ paare dem ye banto dwi nyem mo. 17Chega ŋwaane to, nɔɔno ná wo sɛ se Wɛ taa tei‑o ne bu-balaŋa tei, o bá na chwoŋa se o zo Wɛ woro kom wone.”
Naduna wó wane ba na ŋwea Wɛ tei ne na?
Matiyu 19:16-30; Maake 10:17-31
18Juu tiina yiga tu wodwoŋi déem ma bwei Yezu o we, “Berem tu, n ye nɔn-ŋom. Nam bere-ne kolo amo na wó ke se a wane a na ŋwea kalo na ba jege kweelim Wɛ tei ne to.” 19Yezu ma ta ded‑o o we, “Bɛŋwaane mo n ta n we, a ye nɔn-ŋom? Nɔɔn-nɔɔno tera o na ye nɔn-ŋom, ko ná dae Wɛ yerane. 20Nmo maŋe n yei Wɛ nia yam na bere kolo to. Yé zaŋe n ke kabwoŋa. Yé go nɔɔn-nɔɔno. Yé zaŋe n ŋɔ. Yé fɔ vwa n pa n dwoŋi. Ta‑n zuli n kwo de n nu.”
21Nɔɔno wom ma ta o we, “Ko zege amo biini ne mo amo maŋe a tɔge nia yanto maama.” 22Yezu na nigi o na tage kolo to, o ma ta ded‑o o we, “Ko nam ta gɛ ŋo dedoa se n ke. Kwei wonnu telo maama n na jege to n yeigi, se n laam maŋe te sabu kom n pa yiniga tiina. Konto wó pa se n wo-laaro tiini te puli Wɛ telaao ne. Nmo ná ke konto, se n laam ba n ta n tɔge-ne.” 23Nɔɔno wom na nigi konto to, o wo ma chɔge dedɛ, o na ye jejegero dedɛ tu to ŋwaane.
24Yezu ma lɔre ko na ke‑o tei to. O ma ta o we, “Naduna ná lage ba zo Wɛ paare dem wone, ko wó taa tiini ko chana ko pa-ba. 25Ko wó taa chana ko pa-ba ko dwoi kone ná lage se de da gare-lwei bɔɔne de kɛ tei to.”
26Nɔɔna balo na nigi kolo Yezu na tage to ma bwei‑o ba we, “Ko nam ná ye konto, wɔ mo wó wane o na ŋwea Wɛ tei ne?” 27O ma leiri-ba o we, “Kikia yalo nabiina na bá wane ba ke to mo Wɛ wae o ke-ya.”
28Piita laam ma ta o we, “Nii mo. Debam yage dé tete wonnu mo ye dé daare dé tɔge nmo.” 29Yezu ma ta de-ba o we, “A tɛ abam chega ŋwaane to, nɔɔno wolo maama ná tɔge Wɛ paare dem ŋwaane ye o yage o sɔŋɔ, de o kaane, de o nu-bia, de o kwo, de o nu, de o bia, 30konto tu wó seene o jwoŋi kolo maama o na yage to se ko maŋe de kuni dedɛ dedɛ mo Wɛ tei ne. Zem da yam ne mo o wó jwoŋi konto. Ko daare maŋa kalo na wó ba to, konto tu wó na ŋwea kalo na ba jege kweelim Wɛ tei ne to.”
Yezu daa ŋɔɔne o toone taane
Matiyu 20:17-19; Maake 10:32-34
31Yezu déem ma pwɛ o nɔɔna fuga-balei bam kɔgɔ kom wone, ye o ta de-ba o we, “Ta‑á yei-na we, dé na maa vei Jerusalem to, wonnu telo maama faŋa faŋa Wɛ sampwori sem na popone Nabiin-bu wom ŋwaane to jege se te ji chega mo. 32Ba wó ja amo ba ke dwi-gɛ tiina bam jeŋa ne. Ba wó ke amo ba mɔne, ye ba twe-ne. Ba maa wó twe lileeru ba yage a yera ne, 33ye ba kwei kaasa ba ma fere-ne, ye ba laam daare ba go-ne. Da yatɔ dɛ ne a maa wó jwoori a bi toone wone.”
34Yezu na tage konto to, ba wo nigi o taane dem kuri. Ba maa yeiri o na jege kolo o ŋɔɔne to, de kuri na seigi ba tei ne to ŋwaane.
Yezu yɔɔre lilwei
Matiyu 20:29-34; Maake 10:46-52
35Yezu déem ma vo o twɛ teo kodwoŋi, ko yere mo Jeriko. Lilwei maa jei chwoŋa kam ni ne ye o lwoora. 36O ma ni nɔn-kɔgɔ na tɔge da ko maa kɛa. O ma bwei se o lɔre kolo na ke to. 37Ba ma ta ba bere‑o we, ko ye Nazarete tu Yezu mo tɔge dáane o maa kɛa. 38O ma laare baŋa baŋa o we, “Yezu, Pɛ David dwi tu, duri amo yiniga!” 39Nɔɔna balo na wo kɔgɔ kom yiga ne ba maa vei to ma bwɛ‑o se o pu o ni. O laam ma tiini o laare dedɛ ye o we, “Pɛ David dwi tu, duri amo yiniga!”
40Yezu ma zege ye o pa se ba vaŋe lilwei wom ba ja ba o tei. O na yi o tei to, Yezu ma bwei‑o o we, 41“Nmo lage se a ke bɛ mo a pa nmo?” O ma leiri o we, “Amo tu, amo lage se a jwoori a taa nae mo.” 42Yezu ma ta ded‑o o we, “Ta‑n nae. Nmo na ke n wo-dedoa de amo tei to mo pɛ se n na yazura.” 43Yezu na tage konto bedwe baŋa ne to mo lilwei wom yia jwoori ya nae. O ma zaŋe o tɔge Yezu ye o tei Wɛ lanyerane. Nɔɔna bam maama na nɛ kolo na ke to, ba de maa tei Wɛ.",https://www.bible.com/bible/3661/LUK.18.KBG
LUKA 19,"Lampwoo laro Zakeya na ke tei to
1Yezu ma vo o zo Jeriko teo wo o tole o maa kɛa. 2Nɔɔno wodwoŋi mo wora teo kom ne, o yere mo Zakeya. O maa ye lampwoo lara yiga tu, ye o jejegero tem daga. 3O déem maa lage se o nii o lɔre Yezu na ye wolo to. O ma kwaane o ga, o na ye nɔn-kukula ye kɔgɔ kom daga to ŋwaane. 4O ma duri o kɛ kɔgɔ kom yiga o vo o di kaporo yuu se o kwaane o nii o na Yezu, o na lage o tɔge da to ŋwaane.
5Yezu ma vo o yi jei sem. O ma kwoni o yuu wɛɛne o nii, ye o we, “Zakeya, ke lela n tu tega, se zem amo jege se a ba a peini nmo sɔŋɔ ne mo.” 6Zakeya na nigi konto to, o ma ke lela o tu tega, ye o vo o jeeri Yezu lanyerane o sɔŋɔ ne de wopwolo.
7Nɔɔna bam na nɛ Yezu na ke tei to, ba maama maa poona ba we, “Ta‑á nii-na o na vei o zo nɔn-chechɔgɔ sɔŋɔ mo se o taa ye o veiru.”
8Zakeya laam ma zaŋe wɛɛne o ta de dé Teiru Yezu o we, “Amo Tu, nii amo na wó ke tei. Amo wó pɔɔre a jejegero tem chichworo mo a maŋe a pa yiniga tiina. Amo nam na pini wolo maama se a jwoŋi lampwoo dedɛ o tei ne to, amo wó jwoori a ŋwe kuni bena mo a pa kotu.” 9Yezu ma ta ded‑o o we, “Zem dɛ dem ne sɔŋɔ konto tiina nɛ ba verem, kolo ŋwaane nɔɔno wonto bere we o de tɔge o ye Abaraham dwi tu chekke. 10Nabiin-bu wom na tu logo baŋa to, ko ye se o beeri balo na jei to mo, se o daare o jwoŋi-ba o ke Wɛ jeŋa ne.”
Nɔɔno de o tontoŋena memaŋe
Matiyu 25:14-30
11Nɔɔna bam ta na wora ba cheigi Yezu taane konto to, o daa ma maŋe memaŋe o bere-ba. O na tu o twɛ Jerusalem to, ba maa boŋe we Wɛ wó ke lela o pa o paare dem taa nae jaja nɔɔna tei ne. 12Konto ŋwaane o ma maŋe o bere-ba o we, “Nɔɔno wodwoŋi mo wora, o na nwoŋi nadum sɔŋɔ. Dɛ dedwe o ma zaŋe se o vo sa-teo yiga yiga se ba tiŋi‑o pɛ se o laam jwoori o ba. 13O ma bwoŋi o tontoŋena fuga ye o kwei sabu ywollu fuga o pa-ba ye o we, ‘Kwei-na sabu kom á ta‑á maa pipia se ko taa vei maŋa kalo amo na wó jwoori to.’
14O teo kom tiina nam ba lage o ni taane kɔtaa. Ba ma toŋe nɔɔna se ba da o kwaga ba vo ba ta we, ba bá sɛ se nɔɔno wom taa ye ba pɛ. 15De ko de, ba ta tiŋi nɔɔno wom pɛ. O ma jwoori o tete teo kom. O laam ma pa ba bwoŋi o tontoŋena balo o ya na pɛ-ba sabu kom to se ba ba o tei ba bere‑o nyɔɔre delo ba na nɛ ko baŋa ne to. 16Boboa nɔɔno wom ma ba o ta ded‑o o we, ‘Amo tu, a kwei sabu ywolo nmo na pɛ-ne to a ma na ywollu fuga nyɔɔre a woli da.’ 17O tu wom ma leiri‑o o we, ‘Nmo ke chega ye n ta jege jawala de nmo na ke a boboŋa na lage tei to. Nmo na ke chega de wonnu fenfee amo na ke n jeŋa ne to, amo laam wó pa se n ta‑n tei teene fuga.’
18Balei tu wom ma ba o ta de o tu wom o we, ‘Amo tu, amo kwei sabu ywolo kom a ma na ywollu tenu nyɔɔre mo.’ 19O tu wom ma leiri‑o o we, ‘Amo laam wó pa se n ta‑n tei teene denu.’
20Ko daare tontoŋeno wodwoŋi de daa ma ba o ta ded‑o o we, ‘Amo tu, nam jwoori n jwoŋi nmo sabu ywolo kom. Amo kwei-ko mo a kukuli de gare-bu a tiŋi, 21a na yei we nmo ye keim-chɛ-nyeno ye a kɔre foone de nmo to ŋwaane. Nmo yeini n jwoŋi nyɔɔre wonnu telo nmo yera na wo chɛ te baŋa ne to, ne nɔɔno na zage mena yalo o tete na wo dugi to.’ 22O tu wom laam ma ta ded‑o o we, ‘Nmo ye tontoŋeno-balɔrɔ mo. Amo wó pa se n tete ni taane dem bere‑m we, n ba jege bora. Nmo na boŋe we amo ye keim-chɛ-nyeno ye a lage nyɔɔre delo na dae a totoŋa nyem to, 23ko ya maŋe se n kwei a sabu kom mo n pa sabu jenna. Nmo ya ná ke konto, amo ya wó jwoŋi-ko de nyɔɔre.’
24O laam ma ta de balo na zege da to o we, ‘Jwoŋi-na sabu ywolo kom o tei ne á pa wolo na nɛ ywollu fuga kam to.’ 25Ba ma ta ded‑o ba we, ‘Dé tu, wonto maŋe o jege ywollu fuga.’ 26O ma leiri o we, ‘A nam tɛ abam we, wolo maama ná maŋe o jege woŋo, o ta wó jwoŋi kodwoŋi o woli da. Wolo nam na maŋe o ba jege kolokolo to laam wó ba o ga kolo fenfee o ya na jege to mo. 27Ko daare ko ná ye balo na ba sɛ se a taa ye ba pɛ to, ja-ba-na á ba ywo-seeni, ye á go-ba amo tei ne.’ ”
Yezu zo Jerusalem teo wo
Matiyu 21:1-17; Maake 11:1-11, 15-19; Jɔn 12:12-19
28Yezu déem na tage wonnu tem konto maama o ti to, o ma zaŋe o kwei o chwoŋa o tɔge o nɔɔna bam yiga o maa vei Jerusalem. 29Ba ma vo ba yi te-balwa balei, ba yere mo Bɛtefage de Bɛtania. Jei sem konto wo peo kodwoŋi saŋa ne mo, ko yere mo Olivi peo. Yezu ma le nɔɔna balei o kwaga tɔgena bam wone, 30ye o ta o we, “Véi-na á vo á zo teo kolo na wo abam yiga ne to. Á ná zo ko wo, á wó na bona-pɔla na leigi da ye nɔɔn-nɔɔno daa ta wo diini ka baŋa. Véi-na á bwoli-ka á ja ba á pa-ne. 31Nɔɔno nam ná bwei abam o we, ‘Bɛ mo ye á bwoli-ka?’ se á ta ded‑o we, ‘Ko ye dé Teiru wom mo lage-ka.’ ”
32Nɔɔna balei bam o na toŋe to ma zaŋe ba vo se ba nii. Ba ma seene ba na we, ko ye ne o na tage tei to. 33Ba na wora ba bwoli bona-pɔla kam to, ka tiina ma bwei-ba ba we, “Bɛŋwaane mo á jege bonaga kam á bwola?” 34Ba ma leiri ba we, “Ko ye dé Teiru wom mo lage-ka.”
35Ba ma ja-ka ba ja vo Yezu tei. Ba laam ma le ba gwaaro ba kwei ba daŋe ka baŋa ne. Yezu ma di ka baŋa, 36ye o vei o maa kɛa. O na maa kɛ to, nɔɔna ma le ba gwaaro ba lware chwoŋa kam ni ne se o tɔge te baŋa o kɛ.
37Ko gɛ fenfee se o vo o yi Jerusalem. O ma da chwoŋa kalo na kwei ka tu Olivi peo kom seeni to. O kwaga kɔgɔ kom maama laam ma bobo se ba taa tei Wɛ de kwor-dɛa. Ba maa jege wopwolo de wo-kamunnu dedɛ o na ke ye ba na-te to, 38ye ba we:
“Baŋa Wɛ wó swɛ pɛ wolo na tu o yere ŋwaane to swolim.
Ywoni taa wo Wɛ telaao ne.
Baŋa Wɛ maŋe de tia wɛyuu ne.”
39 Farisi tiina badwonna na tɔge ba wo kɔgɔ kom wone to ma ta de Yezu ba we, “Berem tu, nam bwɛ n kwaga tɔgena bam se ba yé taa tɛ konto dwoŋi.” 40O ma leiri-ba o we, “Amo nam tɛ abam we, banto ná chem, kandwa yam tete wó laare de kwor-dɛa.”
41Yezu ma vo o twɛ Jerusalem. O na nɛ teo kom to, o ma keeri o pa-ko, 42ye o we, “Jerusalem tiina bam, á ya ná yei zem dɛ dem ne wonnu telo na wó pa se á ta‑á zoore de ywoni to, ko ya wó taa lana. Wo-laaro tem konto laam seigi abam tei ne. 43Ta‑á yei-na we maŋa wó ba, ye á dona wó ba ba gilimi á teo kom maama. Ba wó che ko nia yam maama pa se nɔɔn-nɔɔno daa yé wane o nwoŋi ko wone. 44Ba laam wó tiini ba chɔge teo kom, dedaane abam balo na zoore ko wone to. Ba ná ke ba ti, teo kom kandwɛ daa bá daare de dwoŋi baŋa ne. Ko ye abam na wo lɔre we maŋa kam yia se Wɛ ba o vere abam to ŋwaane mo wonnu tem konto maama lage te ke abam baŋa ne.”
45Yezu ma vo o zo Wɛ diga kam wo. O ma na balo na wora ba yeigi wonnu ba pa nɔɔna. O ma bobo se o zeili-ba pa se ba nwoŋi. 46O ma ta de-ba o we, “Ko popone Wɛ tɔnɔ kom ne we, ‘Ba wó taa bwoi amo sɔŋɔ kom we, wara-jei mo.’ Abam nam pɛ se ko ji ŋweena tigisim jei.”
47Dɛ maama Yezu maa wo Wɛ diga kam ne ye o bere nɔɔna Wɛ chega kam. Ko daare Juu tiina kaanem yiga tiina, de ba zamesem tiina bam, de teo kom dedɛɛra bam maa kwaane se ba na chwoŋa ba go‑o. 48Ba maa yeiri ba na wó ke tei, kolo ŋwaane nɔɔna bam maama tiini ba cheigi o taane dem mo.",https://www.bible.com/bible/3661/LUK.19.KBG
LUKA 20,"Yezu dam dem nwoŋi yei ne mo?
Matiyu 21:23-27; Maake 11:27-33
1Dɛ dedwe mo Yezu déem wo Wɛ diga kam konkɔlɔ kom ne o tɛ Wɛ kwor-ywoŋa kam o bere nɔɔna. Juu tiina kaanem yiga tiina, de ba zamesem tiina bam, de ba teo kom nakwa bam ma vo ba yi o tei. 2Ba ma ta ded‑o ba we, “Ta n bere debam, wɔ mo pɛ nmo chwoŋa se n ke wonnu telo maama n na ke to?”
3O ma leiri-ba o we, “Yage-na se a bwei abam taane dedwe se á leiri-de á pa-ne. 4Jɔn na pɛ nɔɔna sɛɛm to, ko ye Wɛ mo pɛ‑o chwoŋa naa nabiina mo?” 5O na bwei-ba konto to, ba maa wora ba bane daane se ba nii ba na wó ta kolo to, ye ba we, “Debam ná leiri dé we, ko ye Wɛ mo, o laam wó bwei debam we, bɛ mo ye dé wo sɛ Jɔn taane dem? 6Ko daare, dé ná we, ko ye nabiina mo pɛ‑o chwoŋa, nɔɔna bam maama wó dole debam de kandwa ba go, kolo ŋwaane ba maama pae se Jɔn ye Wɛ sampwora mo.”
7Konto ŋwaane ba ma leiri Yezu we ba yeiri wolo na pɛ Jɔn chwoŋa to. 8Yezu laam ma ta de-ba o we, “Ko na ye konto to, amo de nam bá ta wolo na pɛ-ne chwoŋa se a taa toŋe to.”
Nɔɔno de o gaare memaŋe
Matiyu 21:33-46; Maake 12:1-12
9Yezu daa ta ma maŋe memaŋe dedwoŋi o bere nɔɔna bam o we, “Nɔɔno wodwoŋi mo wora. O ma zaŋe o che gaare, ye o daare o jeiri Vini teeni de wone. O laam ma kwei nɔɔna o yage da se ba taa vara, ye o daare o vo teo kodwoŋi o dáane da. 10Tio-bia bam gworim maŋa ma yi. O ma toŋe o tontoŋeno se o vo vala bam tei se ba pɔɔre tio-bia bam ba pa‑o. Tontoŋeno wom na yi ba tei to, ba ma mage‑o. Ba ma daare ba pa o viiri de je-yaara. 11Nɔɔno wom daa ma toŋe o tontoŋeno wodwoŋi. Ba ma mage wonto de, ye ba twe‑o dedɛ. Ba ma pa se o de viiri de je-yaara. 12O daa ma toŋe tontoŋeno wodwoŋi o ke kuni betɔ. Ba ma ja wonto de ba mage ba kaare o yera, ye ba zeili‑o gaare dem wone.
13Gaare dem tu wom laam ma boŋe o we, ‘Amo nam wó ke tɛ mo? Amo na wó ke tei to, a wó toŋe a tete bu, a na jege o swono to. Ko ná ye wonto, ba wó nege‑o.’ 14Vala bam nam na nɛ‑o to, ba ma bane daane ba we, ‘Mo gaare dem tu bu-kwea kam, ye wonto mo lage o ba o taa tei o kwo wom wonnu. Pa-na se dé go‑o, se dé daare dé taa tei o wonnu tem.’ 15Ba laam ma vaŋe‑o ba ja nwoŋi gaare dem wone, ye ba mage‑o ba go.
Tɔ. Gaare dem tu laam wó ke vala bam konto bɛ mo? 16O jege se o ba o go-ba, se o daare gaare dem o kwei o pa nɔɔna badwonna se ba taa nii-de.”
Nɔɔna bam na nigi konto to, ba ma ta ba we, “Wɛ bá sɛ.” 17Yezu ma yɔɔre o nii ba seeni ye o we, “Ko ná dae konto, bɛ mo ye ko popone Wɛ tɔnɔ kom ne we:
‘Kandwɛ delo lɔra bam na ve to
laam mo jwoori de ba de ji kandwɛ delo na pae diga kam dana to’?
18Ko ná ye kandwɛ delo Wɛ na kuri to, nɔɔno wolo maama na mage o tete dedaane-de to wó tiini o chochoge o tete mo. Ko daare wolo maama kandwɛ dem ná to o baŋa ne, de wó meere konto tu mo.”
19Yezu na tage wonnu tem konto to, Juu tiina kaanem yiga tiina bam de ba zamesem tiina bam ma lɔre we o maŋe memaŋe dem banto ŋwaane mo. Konto to, ba ma kwaane ba lage chwoŋa se ba ja‑o lela. Ba ma ware, ba na kɔre foone de nɔɔna bam to ŋwaane.
Lampwoo ŋweem
Matiyu 22:15-22; Maake 12:13-17
20Juu tiina yiga tiina bam déem ma yere Yezu se ba daa ta nii o na wó ta kolo to. Ba maa lage chwoŋa se ba bere we o tusi, se ba wane ba ja‑o ye ba daare ba ke‑o gɔmena tu wom jeŋa ne se o waare‑o. Ba ma le nɔɔna se ba ke nenɛɛne ba ye nɔn-ŋona mo tei, ye ba kwaane se ba ja‑o de o taane dem. 21Banto ma vo Yezu tei ba bwei‑o ba we, “Berem tu, dé yei we taane delo nmo na yeini n tɛ n bere nɔɔna to jege chega. Nmo ba pɔɔre nɔɔna daane de n na ke-ba tei to. Nmo nam yeini n bere nɔɔna Wɛ chwoŋa chekke. 22Dé lage dé bwei dé nii, debam Juu tiina ná ŋwe lampwoo dé pa logo kom Pa-faro wom, ko chɔge debam chullu na?”
23Yezu ma lɔre ba na ke swa yalo to, ye o ta de-ba o we, 24“Nam kwei sabu-dale á bere-ne. De nam jege wɔ nyenyego de o yere mo de baŋa ne?” 25Ba ma leiri‑o ba we, “Ko ye Pa-faro wom mo.”
O laam ma ta de-ba o we, “Ko lamma. Á nam ta‑á ŋwe kolo na ye Pa-faro wom nyem to á pa‑o, se á daare á ta‑á pae Wɛ kolo de na ye o nyem to.” 26Yezu na tage konto de-ba to, ba ma ware ba ja‑o nɔɔna bam maama yiga ne. O na leiri-ba tei to so-ba dedɛ ye ba chem.
Wɛ telaao ŋwea na wó taa ye tei to
Matiyu 22:23-33; 22:41–23:7; Maake 12:18-27, 35-44; Luka 11:37-54
27Saduka tiina badwonna déem ma zaŋe ba vo Yezu tei. Banto mo bere we, nɔɔno ná tega, o daa bá jwoori o bi. 28Ba ma vo ba bwei‑o ba we, “Berem tu, Moses déem na popone kolo o tiŋi o pa debam to, o bere we, nɔɔno zembaaro ná tega ye o daare kaane, ye ba ná wo loge bia, too wom nyaane mo jege se o di kaane wom se ba wane ba lo bia zembaaro wom ŋwaane. 29Konto to, nu-bia barepɛ ya mo wora. Ba nakwe wom ma di kaane ye o te o daare‑o ye ba ba jege bia. 30Wolo na saŋe to ma di kadeim dem. 31O de ma te o daare‑o, ye batɔ tu wom laam di‑o. Ko ma ke ba maama konto dwoŋi. Ba maama barepɛ ma te, ye ba wo loge bia. 32Ba maama na tege to, kaane wom de laam ma te. 33Konto to, ba maama barepɛ na di kaane wom to, ba laam ná tu ba bi toone wone, banto wɔ mo wó taa tei kaane wom?”
34Yezu ma leiri-ba o we, “Ko ná ye zem logo baŋa nɔn-bia mo, baara yeini ba di kaana, ye kaana de zoore banna. 35Ko daare nɔɔna balo na maŋe se ba bi toone wone ye ba daare ba taa ŋwe maŋa kam konto ne to, banto bá di kaana naa ba zo banna. 36Ba daa bá wane ba te, ba na wó taa nye de Wɛ malese sem to ŋwaane. Ba na maŋe se ba bi toone wone to, ba maa ye Wɛ tete bia. 37Ko nam ná ye twa biim, Moses maŋe o bere we nɔɔna wó seene ba bi. O déem tole maŋa kalo Wɛ na veere o tete sabare wone ye o ta kolo to taane. Moses ma bere we Yuu-tu Baŋa Wɛ ye Abaraham Wɛ, de Izaak Wɛ, de Jakob Wɛ mo. 38Ko bere we banto daa ta jege ŋwea mo Wɛ tei ne, kolo ŋwaane Wɛ ye ŋwea tiina nyem mo se o dae twa nyem. Wɛ tei ne, nɔɔna maama ta jege ŋwea, de balo na tege to de.”
39Wɛ nia zamesem tiina badwonna na nigi konto to, ba maa we, “Berem tu, n tage chega.” 40Nɔɔna maama déem ma kɔre se ba daa bwei‑o taane.
41Yezu laam ma ta de-ba o we, “Nɔɔna yeini ba bere we, Wɛ Dam Tu Krista wom ye Pɛ David dwi tu mo. Ko nam wó wane ko taa ye konto na? 42David tete nam popone Wɛ Seinim Lei tɔnɔ kom ne o we:
‘Yuu-tu Baŋa Wɛ tage de amo Teiru wom o we:
Ba n jeini amo jazem seeni
43se a laam wane nmo dona bam maama
a ke nmo dam kuri ne se n ta‑n tei-ba.’
44Konto to, David tete na seene o bwoŋi Wɛ Dam tu wom o we o Teiru wom to, ko wó ke tɛ mo ye dé daa taa bwoi‑o we David dwi tu?”
45Nɔɔna bam maama ta na wora ba cheigi o taane konto to, o ma ta de o kwaga tɔgena bam o we, 46“Ta‑á yei-na á tete de Wɛ nia zamesem tiina bam. Banto swoi se ba zo gare-dedwaaro se ba taa beera ye nɔɔna nii-ba. Ba ná vei yaga, ba swoi se nɔɔna maama taa tui ba seini-ba. Ba ná yeini ba zo ba jeerim di sem, ba wó taa lage jei-kamunnu mo se ba jeini yiga ne. Ba ná vei nɔɔno sɔŋɔ se ba di kuri, ko ye jei-laao jei ne mo ba lage se ba jeini da. 47Ba nam yeini ba gane kadeina se ba jwoŋi wonnu ba tei ne. Ba maa bere ba tete de ba na tiini ba ware Wɛ tei to. Konto ŋwaane Wɛ wó tiini o waare-ba dedɛ.”",https://www.bible.com/bible/3661/LUK.20.KBG
LUKA 21,"1Yezu déem na wo Wɛ diga kam wone o bere nɔɔna konto to, o ma kwoni o yuu wɛɛne o nii jei maama. O ma na naduna na vei ba de ba sabia Wɛ pɛɛra dakaa kam wone. 2O daa ma na kadeim wodwoŋi na tɔge da ye o ye yiniga tu mo. Wonto ma ja sabu-dala-balɛ selei yerane mo o ja vo o de dakaa kam wone. 3Yezu na nɛ to, o ma ta o we, “Chega ŋwaane to, kadeim yiniga tu wonto de sabu ko dwoi balo maama na de da to. 4Banto maama le ba sabu-daara wone mo ba woli Wɛ pɛɛra yam wone. Kadeim wom nam na ye yiniga tu to, o ma kwei woŋo kolo maama o na jege se o ma yeigi o ni-wodiu to o de da.”
Lɛɛro na wó ba logo baŋa tei to
Matiyu 24:1-28; Maake 13:1-23
5Nɔɔna badwonna déem maa tɛ Wɛ diga kam taane ye ba we, “Nii-na kandwa yam ba na mɛ ba lɔ-ka to na tiini ya lana ye Wɛ pɛɛra de fɔge-ka lanyerane tei to.” Yezu ma leiri-ba o we, 6“Ko ná ye wonnu tento á na nae to, ko nam wó ba ko yi maŋa kam ko maama na wó ba ko to ko saare tega ne. Kandwɛ daa bá daare de dwoŋi baŋa ne.”
7Ba ma bwei‑o ba we, “Berem tu, maŋa kɔ mo wonnu tento lage te ke ye Wɛ diga kam chɔge konto? Bɛ mo lage ko ke maana ko pa debam se dé lɔre we wonnu tento lage te ke?”
8Yezu ma leiri-ba o we, “Fɔge-na á che á tete se á yé pa nɔɔna gane abam. Nɔɔna dedɛ wó ba abam tei ye ba ma amo yere ba we, banto mo ye amo, Wɛ Dam Tu wom, ye ba daare ba we, maŋa kam yia. Á nam yé sɛ á tɔge banto kwaga. 9Á wó ba á lɔre tigura de jara na tu nɔɔna wone. Á nam yé pa á kɔre foone. Wonnu tem konto jege se te ke mo yiga, se ko dae we logo baŋa tiim mo wó ba lela.”
10O daa ta ma ta de-ba o we, “Dwi tiina wó zaŋe ba ke jara de ba dwonna dwi-gɛ tiina, ye teo de ko dwoŋi teo wó zaŋe te mage jara. 11Tega maa wó ziziŋi dedɛ. Kana de wó ba ka taa wora jei sedwonna ne, ye jaweero de wó chɔge nɔɔna dedɛ. Wɛ wó pa se wo-kenkagela yalo na bere o dam to taa ke wɛyuu ne, ye foone wó ja nɔɔna ya ŋwaane.
12Da-yiga ye wonnu tem konto ta wo ke to, nɔɔna wó zi abam de dam ye ba pa á na yaara. Ba wó ja abam ba vo ba saŋe ba jeerim di sem nakwa tei ne, ye ba ke abam peena diga ne. Abam nam na tɔge amo to, ba wó ja abam ba pa á zege pwa de dedɛɛra tei ne. 13Ko nam wó pa á na chwoŋa se á bere-ba Wɛ chega kam. 14Ta‑á yei-na konto ni ne se á pa á bochara ke dam. Á yé ta‑á jege lwia de á na wó ta kolo á ma leiri ba taane dem to. 15Bɛŋwaane amo wó pa abam boboŋ-dɛɛra de ni taane, pa se á dona bá wane ba tɔne de á na wó ta kolo to. 16Abam tete tiina, de á chorro, de á badwonna mo wó ja abam ba ke dedɛɛra jeŋa ne. Ba wó pa se ba go abam badwonna. 17Nɔɔna maama wó taa chuli abam, á na ye amo nyem to ŋwaane. 18Ba wó ke abam konto ye Wɛ ta nii á baŋa ne, pa se á yu-ywei sem dedoa tete bá jei. 19Abam nam ná kwaane á ke pu-dɛa, á wó na ŋwea Wɛ tei ne.
20Abam nam wó ba á na soja tiina na gilimi Jerusalem teo kom maama ba pu. Á ná nɛ konto, á wó wane á lɔre we maŋa kam yia se ba chɔge-ko. 21Maŋa kam konto ne, abam balo na zoore Judea ne to jege se á ke lela á nwoŋi á duri á vo peero jei á seigi da. Balo na wo teo kom wone to jege se á nwoŋi lela. Balo de na wo ba kare ne to daa yé vei ba zo teo kom wo. 22Maŋa kam konto ne mo yaara jege se ya ba ya waare nɔɔna, ne ko na maŋe ko popone Wɛ tɔnɔ kom ne tei to maama. 23Kanto maŋa kam ne ko wó tiini ko taa ye lɛɛro kaana balo na jege pwi to tei ne, de balo na jege bia ye ba ŋɔge yele to tei ne. Chanɛɛre dedɛ wó ba Juu tiina bam de ba tega kam maama baŋa, ye Wɛ wó waare-ba lanyerane. 24Ba maa wó go ba badwonna de se-zɔɔro, ye ba daare ba ja ba badwonna ba vɔ ba ja vo sa-teene maama ba pe-ba da. Dwi-gɛ tiina laam wó zo Jerusalem teo kom wo, ye ba kare ba nɔne ko wonnu ba chɔge taa, se ko vo ko yi banto da yam de na wó ba ya kweeli to.
Nabiin-bu wom wó pɔpɔ o ba logo baŋa
Matiyu 24:29-35, 42-44; Maake 13:24-37
25Maŋa wó ba ye Wɛ laam pa se wo-kenkagela yalo na bere o dam to taa ke wea kam yera ne, de chana kam, de chalechwe sem yera ne. Tega baŋa ne mo lwia wó ja dwi tiina maama ye ba boboŋa vugimi de ko na ke tei ye naneo kom pɔgele dedɛ to. 26Nɔɔna na wó taa jege boboŋa dedɛ de kolo na lage ko ke ko chɔge logo baŋa to, foone wó tiini de ja-ba pa se ba to ba beiri, kolo ŋwaane wɛ-baŋa wó ziziŋi pa se ko wonnu maama leiri.
27Maŋa kam konto ne nɔɔna wó na Nabiin-bu wom na maa beene logo baŋa. O wó taa wo kunkwoŋo baŋa ne o beena de dam, ye nenɔŋ-fɔrɔ tiini ko wo o tei ne dedɛ. 28Á ná nɛ we wonnu tem konto lage te ke, se á zaŋe á zege lanyerane ye á kwoni á yuni wɛɛne, kolo ŋwaane maŋa kam twɛ se Wɛ jwoŋi á ŋwea.”
29Yezu laam ma maŋe memaŋe o bere-ba o we, “Maane-na á nii kaporo de teeni maama na ye tei to. 30Á ná nɛ we teeni wora de kwi vɔɔro, abam wae á lɔre we ko twɛ yadɛ maŋa mo. 31Ko maa ye bedwe mo de á ná nɛ wonnu telo amo na tage a bere abam to ná wora te ke, se á lɔre we maŋa kam laam yia Wɛ paare dem na lage de ba o nɔɔna baŋa ne to. 32A tɛ abam chega ŋwaane to, wonnu tento tem maama wó ba te ke, ye abam dwi dem ta wo ti. 33Wɛyuu de tega baŋa maama wó ba te jei, ye amo taane dem ta wó taa jege chega se ko taa vei wuu.
34Ta‑á fɔge-na á cho á tete se á yé pa á boboŋa zo logo baŋa wonnu tem. Á yé ta‑á boŋe wodi-fɔrɔ dim na sana nyɔɔm boboŋa, naa á ta‑á jege lwia de á ŋwea wonnu. Á ná jege boboŋa konto dwoŋi, Wɛ borem dɛ dem wó wane de pɔpɔ de ba abam baŋa, ne kalanchogo na jaane abam tei to. 35Nɔɔn-nɔɔno tera logo baŋa ne o na wó wane o lu dɛ dem konto kikia yam wone. 36Konto to, á ta‑á jege á tete á nia maŋa maama, ye á lwoori Wɛ se o pa abam dam se á wane á nwoŋi yaara yalo maama na lage ya ba to wone, se á daare á vo á zege Nabiin-bu wom yiga ne.”
37Dɛ maama Yezu déem yeini o wo Wɛ diga kam wone o bere nɔɔna Wɛ chega kam. Tega ná yeini ka yi, o yeini o nwoŋi teo kom wo o vo Olivi peo kom seeni o peini da. 38Ko daare tega ná yeini ka poore, nɔɔna bam maama yeini ba zaŋe lela ba vei Wɛ diga kam se ba taa cheigi o taane dem.",https://www.bible.com/bible/3661/LUK.21.KBG
LUKA 22,"Juu yiga tiina ke ni se ba go Yezu
Matiyu 26:1-5, 14-16; Maake 14:1-2, 10-11; Jɔn 11:45-53
1Ko déem daare fenfee yerane se Juu tiina bam di ba kuri delo yere na ye Atɔgebabaŋa to. Kuri dem konto ne ba yeini ba di bworobworo-memene selo na ba jege sabɔle ko wone to. 2Juu tiina kaanem yiga tiina bam de ba zamesem tiina bam maa kwaane ba lage chwoŋa se ba ja Yezu ba go. Ba nam yeiri ba na wó ke tei to, ba na kɔre foone de nɔɔna bam to ŋwaane.
3Setaane laam ma zo Judas bochare. Wonto yere dedwoŋi maa ye Yisakara, ye o ye Yezu nɔɔna fuga-balei bam wo dedoa mo. 4O ma vo Juu tiina kaanem yiga tiina bam, de Wɛ diga kam soja tiina dedɛɛra bam tei se ba bane ba nii o na wó ke tei o bere-ba chwoŋa se ba wane ba ja Yezu. 5Ba na nigi to, ba wo ma pwoli dedɛ. Ba ma ke ni-sɛɛm ded‑o we, ba wó pa‑o sabu. 6O ma sɛ. O laam maa lage chwoŋa se o ja Yezu o ke ba jeŋa ne ye nɔn-kɔgɔ tera.
Yezu di kuri wodiu de o kwaga tɔgena bam
Matiyu 26:17-29; Maake 14:12-25; Jɔn 13:21-30; 1 Korinti 11:23-25
7Ko ma ba ko yi dɛ delo ba na bobo se ba di Bworobworo-memene kuri dem to. Dɛ dem konto ne Juu tiina bam yeini ba goe pipeili mo ba ma di Atɔgebabaŋa kuri dem. 8Yezu ma le Piita de Jɔn ye o ta de-ba o we, “Véi-na á kwɛ woŋo maama á pa debam se dé ba dé di Atɔgebabaŋa kuri dem.”
9Ba ma bwei‑o ba we, “Nmo lage se dé vo jeiga kɔ mo se dé ke konto?” 10O ma leiri-ba o we, “Á ná vei á maa zoore teo kom wo, nɔɔno wodwoŋi wó jeeri abam o na zeŋe kɔɔro de na. Tɔge-na o kwaga á vo á zo sɔŋɔ kolo o na wó zo to. 11Á ná zoa, se á ta de sɔŋɔ kom tu we, ‘Dé Berem tu lage o bwei nmo o nii, veira diga kalo omo na wó jeini da de o kwaga tɔgena bam se ba di Atɔgebabaŋa kuri dem wodiu to wo yei ne mo?’ 12Á ná bwei‑o konto, o laam wó bere abam wɛyuu diga. Ka wó taa daga lanyerane, ye ka jege woŋo kolo maama dé na lage to ka wone. Véi-na á kwɛ kuri dem wonnu tem á ti se dé laam ba.”
13Ba ma zaŋe ba vo, ye ba na woŋo maama ne Yezu na maŋe o ta tei to. Ba ma kwɛ Atɔgebabaŋa kuri dem wodiu kom ba ti.
14Wodiiru dim maŋa na seene ka yi to, Yezu ma jeini de o totoŋa nakwa bam se ba di wodiu kom. 15O laam ma ta de-ba o we, “Amo ya tiini a lage se a di kuri dento de abam, se a laam daare a yaare a te. 16Amo nam tɛ abam we, amo daa bá di kuri dem konto se ko taa vei maŋa kam dé na wó di kuri dem chekke Wɛ paare dem wone to.”
17Yezu na tage konto o ti to, o laam ma jwoŋi zoŋa de ka wo sa-soŋo, ye o ke Wɛ lei ba ŋwaane. O ma ta de-ba o we, “Jwoŋi-na banto á nyɔ á daare á pa daane. 18Amo nam tɛ abam we, ko zege zem amo daa bá nyɔ sana banto se ko taa vei maŋa kam Wɛ paare dem na wó ba o nɔɔna baŋa to.”
19O laam ma kwei bworobworo ye o ke Wɛ lei ko ŋwaane. O ma daare o fɔ-ko o pa o tontoŋena bam ye o we, “Amo yera yam mo tento, amo na lage a kwei a pa abam to. Ta‑á ke-na konto dwoŋi se á ta‑á ma guli amo gula.”
20Ba na di ba ti to, o daa ma kwei zoŋa ye o ta ke konto dwoŋi, ye o we, “Zoŋa kam wo sana banto bere we Wɛ gwoni ni-doore dedaane nabiina mo amo jana bam ŋwaane. Amo jana bam konto lage ba pwori se ko jwoŋi abam ko yage mo. 21Nam ta‑á nii-na, nɔɔno wolo na lage o yeigi amo o pa nɔɔna to tɔge o jei de amo o di ywo-seeni. 22Ko nam jege se Nabiin-bu wom vo o te ne Wɛ boboŋa na jaane tei to mo. Ko nam wó taa ye lɛɛro mo ko pa nɔɔno wolo na wó yeigi‑o o pa to.” 23Ba na nigi o na tage kolo to, ba ma bobo se ba taa bwei daane ba nii banto wone wɔ mo wó wane o ke konto.
24Ni-kantɔgɔ déem ma ba Yezu nɔɔna bam wone se ba nii banto wone wɔ mo ye kamunu nɔɔna tei ne o dwoi maama. 25Yezu ma ta de-ba o we, “Ko ná ye logo baŋa teene pwa mo, banto yeini ba jege ba nɔɔna ba bɛɛsa. Balo na di dam nɔɔna baŋa ne to, ba yeini ba bwoi-ba we ‘fɔgena’. 26Abam nam ba jege se á ta‑á ye konto dwoŋi. Wolo na ye nɔn-kamunu abam wone to jege se o ji ne á nyaane mo tei. Wolo de na ye abam yuu tu to jege se o ji ne á tontoŋeno mo tei. 27Ko ná ye wolo na jeini se o di wodiu to de wolo na kwei wodiu kom o tiŋi o pa‑o to, banto wɔ mo ye kamunu? Ko dae wolo na jeini o di to mo na? Ko nam ná ye amo, amo wo abam wone ye a ke nenɛɛne wolo na ye á tontoŋeno mo tei.
28Abam nam ye balo na tɔge de amo a cham maama wone ye á wo yage a kwaga. 29Amo wó pa se abam tɔge á di paare, ne amo Kwo Wɛ na pɛ se a di paare tei to. 30Konto to, á wó ba á zo amo woro kom wo ye á tɔge de amo á jeini á di ywoni dedɛ. Á wó ba á jeini paare yitunnu baŋa ne, se á ta‑á tei Isarele dwia fuga-yalei yam.”
Yezu wuuri o bere Piita na wó ve‑o tei to
Matiyu 26:31-35; Maake 14:27-31; Jɔn 13:36-38
31Yezu laam ma ta de Simon Piita o we, “Simon, Simon, setaana pɛ seene o na chwoŋa se o maŋe abam o nii, ne nɔɔno na kwei yɔlɔ o jege o maa zezɛ wonnu tei to. 32Amo nam lwoori Wɛ a pa nmo we, n ta wó ta‑n jege wo-dedoa de amo ye n bá‑n yage. Nmo nam ná tusi, ye n boboŋa ná jwoori ya tɔge amo, se n pa n nu-bia na dam se ba fɔge ba zege lanyerane.”
33Piita laam ma ta ded‑o o we, “Amo tu, ba ná lage ba ke amo de nmo peena diga ne, naa ba ná lage ba go debam de, amo ta bá sɛ se a jwoori nmo kwaga ne.” 34Yezu ma leiri‑o o we, “Piita, a tɛ nmo we, chebɛɔ daa ta ná wo keeri zem, nmo wó fo kuni betɔ we, n yeiri amo.”
35O laam ma ta de ba maama o we, “Amo ya na toŋe abam se á tole teene ye á ba jege sabia ganlɔgere, de tampɔgɔ, de natera to, á gɛ wonnu na?” Ba ma leiri ba we, “Aawo, de wo gɛ kolokolo.”
36O ma ta de-ba o we, “Ko daare leile konto, wolo ná jege sabia ganlɔgere, konto tu jege se o kwei-de o ja vo mo. Wolo de na jege tampɔgɔ to jege se o kwei-ko. Wolo maama ná ba jege se-zɔɔ, konto tu jege se o kwei o gɔrɔ mo o yeigi o ma yeigi se-zɔɔ. 37Amo nam tɛ abam we, kolo na popone Wɛ tɔnɔ kom ne amo ŋwaane to jege se ko ji chega amo tei ne de ko na we, ‘Nɔɔna pɛ o ye wɛ-lwɛɛna bam wone dedoa.’ Kolo maama na popone Wɛ tɔnɔ kom ne amo ŋwaane to laam wó ji chega leile.”
38Yezu kwaga tɔgena bam ma ta ded‑o ba we, “Dé tu, nii se-zɔɔro telei mo dé jega.” O ma leiri-ba o we, “Yage-na se ko maŋe.”
Yezu tiini o lwoori o Kwo Wɛ
Matiyu 26:36-46; Maake 14:32-42
39Yezu déem ma nwoŋi teo kom wone o vo Olivi peo kom seeni, ne o na yeini o ke tei to. O kwaga tɔgena bam de ma tɔge‑o ba vo. 40Ba na yi jei selo ba na maa vei to, Yezu ma ta de-ba o we, “Ta‑á lwoori-na Wɛ se á yé to cham delo na wó soge á boboŋa to wone.”
41O laam ma fɔɔre ba tei ne o vo o zege dáa ne. O ma kuni dwoona o lwoori Wɛ o we, 42“Amo Kwo, nmo ná sɛ, se n pa cham delo na lage de ba amo baŋa ne to kɛ de daare-ne. Nam ke kolo na tɔge nmo boboŋa to, ye ko dae amo boboŋa na lage kolo to.” 43O na lwoori Wɛ konto to, Wɛ maleka ma nwoŋi telaao ne ka ba o tei ye ka woli‑o de dam. 44O wo na tiini ko chɔge dedɛ to ma pa se o tiini o lwoori Wɛ de o bochare maama. O luluŋu ma ji nenɛɛne jana mo tei ye ko lura tega ne.
45O na lwoori Wɛ o ti to, o ma zaŋe o jwoori o vo o kwaga tɔgena bam tei. O ma na we ba tigi ba dɔa wo-chechɔgɔ ŋwaane. 46O ma ta de-ba o we, “Bɛ mo ye á dɔa? Zaŋe-na se á ta‑á lwoori Wɛ, se á yé to cham delo na wó soge á boboŋa to wone.”
Ba jaane Yezu
Matiyu 26:47-56; Maake 14:43-50; Jɔn 18:2-11
47Yezu ta na wora o ŋɔɔne konto to, nɔn-kɔgɔ laam ma ba ko yi o tei. Judas wolo na ye o nɔɔna fuga-balei bam wo dedoa to ma tɔge ba yiga. O ma fɔɔre o yi Yezu tei se o kukwori‑o lanyerane. 48Yezu ma ta ded‑o o we, “Judas, n tu se n pa ba ja Nabiin-bu wom, ye n ta lage n kukwori-ne mo na?”
49Yezu tɔgena balo na wo o tei ne to ma na ko na lage ko ke‑o tei to. Ba ma bwei‑o ba we, “Dé Teiru, dé le dé se-zɔɔro tem dé ma zage-ba na?” 50Ba wo dedoa ma le o seo kom o ma zage kaanem yuu tu wom tontoŋeno jazem zwɛ o de tega ne. 51Yezu na nɛ konto to, o ma ta o we, ba yage! O ma vo o dwei nɔɔno wom zwɛ dem, ye de jwoori de kwɛ lanyerane.
52O ma daare o ta de Juu tiina kaanem yiga tiina bam, de ba nakwa bam, de Wɛ diga kam soja tiina dedɛɛra balo na tu se ba ja‑o to o we, “Abam na kwei seene de da-lwanno á ba se á ja amo to, amo ye ŋweeno mo na? 53Dɛ maama amo yeini a wo Wɛ wara-jei sem ne. Abam de tɔge á wora ye á wo kwaane se á ja-ne. Ko nam na ye tei to, maŋa kam laam yi se á ke á boboŋa na lage kolo to. Setaana pɛ maa pae se lim tei nɔɔna logo baŋa ne.”
Piita seene o ve Yezu
Matiyu 26:57-58, 67-75; Maake 14:53-54, 65-72; Jɔn 18:12-18, 25-27
54Ba laam ma zi Yezu ye ba ja‑o ba kɛ. Ba ma vo ba yi kaanem yuu tu wom sɔŋɔ. Piita ma dale o tɔge ba kwaga o da o vo. 55Ba ya tɔre mini mo ba tiŋi sɔŋɔ kom konkɔlɔ tetare ne. Nɔɔna bam ma vo ba jeini ba weeri mini dem. Piita de ma tɔge o vo o jeini ba wone. 56O na jei da mini dem pwooni yiga ne konto to, sɔŋɔ kom ka-nyaane wodwoŋi ma yɔɔre o nii o yibia ne ye o we, “Nɔɔno wonto de tɔge o wo Yezu tei ne mo.” 57Piita ma fo ye o we, “A nakɔ, a yeiri‑o.”
58Ko na ke fee to, nɔɔno wodwoŋi de daa ma na‑o, ye o we, “Nmo tɔge n ye ba kɔgɔ kom wo dedoa mo.” Piita ma leiri o we, “A nɔɔno, amo tɔge a dae.”
59Ko daa na ke fee nenɛɛne awa dedoa to, nɔɔno wodwoŋi de ma kwaane o ta o we, “Nɔɔno wonto seene o tɔge ded‑o. O de ye Galili tu mo.” 60Piita ma leiri‑o o we, “A nɔɔno, ta-yɔɔro mo n jege n ŋɔɔna.”
O ta na wora o ŋɔɔne konto to, chebɛɔ ma pɔpɔ ko keeri. 61Dé Teiru Yezu laam ma pipiri o nii Piita seeni. Piita ma guli Yezu ya na tage kolo ded‑o o we, “Chebɛɔ ta ná wo keeri zem, nmo wó fo kuni betɔ we n yeiri amo.” 62O na guli konto to, o laam ma nwoŋi ye o tiini o keeri lanyerane.
63Nɔɔna balo déem na yere Yezu to maa jege‑o ba ke ba mɔna ye ba kwori ba mage‑o. 64Ba ma kwei gɔrɔ ba pu o yia ye ba bwei‑o we, “Lɔre n bere debam wolo na mage‑m to.” 65Ba ta maa ŋɔɔne wonnu dwi dwi ba ma chɔge o yuu ye ba twe‑o dedɛ.
Ba ŋɔɔne Yezu taane
Matiyu 26:59-66; Maake 14:55-64; Jɔn 18:19-24
66Tega déem na tu ka poore to, Juu tiina nakwa kɔgɔ kom maama ma la daane, de ba kaanem yiga tiina bam, de ba zamesem tiina maama. Ba laam ma pa se Yezu nwoŋi o ba o zege ba yiga ne. 67Ba ma ta ded‑o ba we, “Nmo ná seene n ye Wɛ Dam Tu Krista wom, se n ta n bere debam.” Yezu ma leiri-ba o we, “Amo ya ná tage konto a bere abam, á ta bá sɛ amo ni. 68Amo daa ná bwei abam taane, abam bá sɛ se á leiri á pa-ne. 69Ko nam zege leile konto, Nabiin-bu wom wó vo o jeini Dam-fɔrɔ Tu Baŋa Wɛ jazem seeni.”
70Ba maama laam ma bwei‑o ba we, “Konto to, nmo nam seene n ye Wɛ Bu wom na?” Yezu ma leiri-ba o we, “Abam tete mo tɛ á we amo ye konto.”
71Ba laam ma ŋɔɔne o taane dem ba we, “Debam tete laam mo nigi o kwora kam na bere o tete chɔgem. Dé daa ba lage se nɔɔna zaŋe ba ŋɔɔne o taane dem.”",https://www.bible.com/bible/3661/LUK.22.KBG
LUKA 23,"Pilata bwei Yezu taane
Matiyu 27:1-2, 11-26; Maake 15:1-15; Jɔn 18:28–19:16
1Juu tiina nakwa kɔgɔ kom maama déem ma zaŋe ba ja Yezu ba ja vo gɔmena tu Pilata tei. 2Ba ma bobo se ba taa ŋɔɔne taane dem ba pa‑o ye ba we, “Debam nɛ nɔɔno wonto na jege dé teo kom nɔɔna mo o gane-ba pa ba tusi. O maa bere-ba we ba yé taa lae lampwoo ba pae logo kom Pa-faro wom. O maa kwori o bere o tete we o ye pɛ mo, Wɛ Dam Tu wom.”
3Pilata na nigi konto to, o ma bwei Yezu o we, “Nmo mo ye Juu tiina bam pɛ na?” Yezu ma leiri‑o o we, “Nmo na tage kolo to mo konto.”
4Pilata ma ta de Juu tiina kaanem yiga tiina bam, de nɔn-kɔgɔ kom maama o we, “Amo wo nɛ nɔɔno wonto na ke kolo o chɔge to se a bwei‑o se o leiri.” 5Ba ma tiini ba ŋɔɔne taane dem ye ba kwaane ba ta ba we, “O nam yeini o tole Judea teene dem maama o pae se bobɔga to nɔɔna bam wone. O déem bobo o ke konto dwoŋi Galili ne mo ye o laam yi ywo-seeni.”
6Pilata na nigi konto to, o ma bwei-ba se o nii nɔɔno wom ye Galili tu mo na. 7O na tu o lɔre we Yezu nwoŋi teo kolo Herodi na tei to, o ma pa se ba ja‑o ba vo wonto tei se o di taane dem, kolo ŋwaane Herodi de tɔge o wo Jerusalem ne maŋa kam konto ne.
8Pɛ Herodi na nɛ Yezu to, o maa jege wopwolo dedɛ, kolo ŋwaane o ya maŋe o ni o ŋwa ye o tiini o lage se o na‑o. O maa lage se o nii, Yezu wó ke wo-kenkagele o bere‑o na. 9O ma kwaane o bwei‑o wonnu dedɛ. Yezu maa wo sɛ se o leiri‑o kolokolo. 10Juu tiina kaanem yiga tiina bam de ba zamesem tiina bam maa tɔge ba zege da ye ba tiini ba ŋɔɔne taane dem de baare ba pa‑o. 11Herodi de o soja tiina bam laam ma twe Yezu dedɛ, ye ba jege‑o ba mɔna. Ba ma pa o zo gare-nyenno, ye ba daare ba pa se o jwoori o vo Pilata tei. 12Dɛ dem konto ne Herodi de Pilata ma di badwoŋo daane, ye ba déem ya chuli daane mo.
13Pilata ma pa se Juu tiina kaanem yiga tiina bam, de ba nakwa bam, de nɔɔna bam maama la daane o tei ne. 14O ma ta de-ba o we, “Abam na saŋe nɔɔno wonto amo tei ne to, á tɛ á we o ye wolo na gane á teo kom nɔɔna bam pa ba tusi to. Amo nam bwei‑o mo abam tei ne se a nii, ye a wo nɛ kolo o na ke o chɔge ye á ja‑o ko ŋwaane to. 15Herodi de wo nɛ kolo o na chɔge to. Mo kokuri o pɛ se o jwoori o ba debam tei. Á ta‑á yei we kolokolo tera ko na wó pa se ba ja‑o ba go. 16Konto ŋwaane amo wó pa se o na waarem mo ye a daare a yage‑o.”
[ 17Pilata déem nam jege se o le peeno dedoa o pa-ba ba kuri dem ŋwaane.] 18Nɔn-kɔgɔ kom maama laam ma laare de kwor-dɛa ba we, “Ko ná ye nɔɔno wonto, ja‑o n go. Dé nam lage se n le Barabas n yage n pa debam.” 19Barabas maa ye wolo ba déem na ke peena diga ne o na ke jara de ba teo kom dedɛɛra ye o go nɔɔna to ŋwaane.
20Pilata maa lage se o le Yezu o yage. O daa ma ta de nɔɔna bam se ba sɛ konto. 21Ba ma chem, ye ba tiini ba laare baŋa baŋa ba we, “Nam pa‑o dagara yuu ne n go.”
22O daa ta ma ta de-ba o ke betɔ o we, “Bɛŋwaane mo? Bɛ wo-lɔŋɔ mo o kea? Amo wo nɛ kolo o na ke o chɔge pa se ko maŋe se dé go‑o to. Konto to, amo wó pa se o na waarem ye a daare a yage‑o.”
23Ba daa ta maa tiini ba kwaana ba laare de kwor-dɛa ye ba tɛ de baare ba we, ba jege se ba pa‑o dagara yuu ne mo ba go. Ba na tiini ba ŋɔɔne de ni-dɛɛre konto to, 24ko ma pa se Pilata sɛ se o ke kolo ba na lage to. 25O ma pa ni we, ba le nɔɔno wolo ba na lage se o yage o pa-ba to. Wonto mo ye wolo ba ya na jaane ba ke peena diga ne o na ke jara de ba teo kom dedɛɛra ye o go nɔɔna to ŋwaane. O ma daare o ke Yezu ba jeŋa ne se ba wane ba ke‑o ne ba boboŋa na lage tei to.
Ba jaane Yezu ba vo ba pa dagara yuu ne
Matiyu 27:32-56; Maake 15:21-41; Jɔn 19:17-30
26Soja tiina laam ma ja Yezu ba maa kɛa. Ba na maa vei to, ba ma na nɔɔno wodwoŋi, o yere mo Simon. O nwoŋi Kurene mo. O déem ya nwoŋi gaao mo o ba o yi teo wo o maa kɛa. Ba ma zi‑o ye ba daare ba daŋe dagara kam o bakala baŋa ne pa se o zeŋe-ka o tɔge Yezu kwaga o ja vo. 27Teo kom nɔn-kɔgɔ déem maa tɔge Yezu kwaga. Kaana de maa tɔge ba wora ye ba tiini ba keeri dedɛ o ŋwaane. 28Yezu ma pipiri o nii-ba ye o we, “Jerusalem kaana bam, yé ta‑á keeri-na amo ŋwaane. Á nam ta‑á keeri á pae á tete de á bia. 29Ko nam wó ba ko yi maŋa kam abam na wó ta we, ‘Kaane wolo maama na ye kadega to ye yu-ywoŋo tu mo. Wolo na maŋe o wo loge bu pa o ŋɔge yele to jege yu-ywoŋo dedɛ.’ 30Yaara maŋa kam konto ná yia, nɔɔna wó lwoori peero tem de zwonnu tem we, te to ba baŋa ne te kwoli-ba. 31Ta‑á nii-na ba na ke wo-lwanno tei leile konto. Mini na jege da-lɛa de di konto to, ko ná tu ko ye da-kora, ko bá tiini ko taa ye lɛɛro ko dwoi konto na?”
32Ba déem ma ja ŋweena balei ba vo se ba woli de Yezu ba go. 33Ba ma vo ba yi jeiga kalo yere na ye ‘Yu-kwoli-champoa Peo’ to. Ba laam ma ja Yezu ba pa dagara kam yuu ne. Ba ma ja ŋweena bam de ba pa dagare sedwonna baŋa ne. Ba ma chwi dedoa Yezu jazem ne. Wowom maa wo o jagwia ne. 34Ba na page Yezu dagara kam yuu ne konto to, o ma lwoori Wɛ o we, “Amo Kwo, yage n ma n chɛ-ba, se ba yeiri woŋo kolo ba na ke to.”
Ba ma kwei o gwaaro tem se ba pɔɔre ba pa daane. Ba ma ta jɔrɔ se ba nii wɔ mo wó twori kolo o na lage to.
35Nɔn-kɔgɔ kom maa zege da ba nia. Juu tiina nakwa bam nam ke‑o ba mɔna ye ba we, “O yeini o jwoŋi nɔɔna ŋwea. O ná seene o ye Wɛ Dam Tu Krista wolo o na kuri to, o nam jege se o jwoŋi o tete ŋwea mo.”
36Soja tiina bam de maa ke‑o ba mɔna, ye ba jege sa-nyɔna ba suŋi o yiga ne. 37Ba maa we, “Nmo ná seene n ye Juu tiina bam pɛ, se n jwoŋi n tete ŋwea se dé nii.”
38Ba déem ya popone tɔnɔ se ko bere kolo o na chɔge ye ba go‑o to ba meeli o baŋa ne, ye ko we:
WONTO YE JUU TIINA PƐ MO.
39Ŋweena balo na tɔge ba page da to dedoa maa jege Yezu o twea ye o we, “Ko dae we nmo mo ye Wɛ Dam Tu Krista na? Nam jwoŋi n tete ŋwea se n daare n jwoŋi debam de n woli da.”
40Ŋweeno wodwoŋi wom ma bwɛ o badwoŋi wom o we, “Nmo ba kɔre Wɛ na? Debam maama jege waarem dedwe mo se dé te. 41Ko ná ye debam, dé waarem dem jege chega, kolo ŋwaane keim-balwaaro telo dé na ke to, ko maŋe se dé te mo. Ko daare nɔɔno wonto wo ke kolokolo o chɔge.” 42O ma daare o ta de Yezu o we, “Nmo ná tu n ba n di paare dem, se n guli amo gula.” 43Yezu ma leiri‑o o we, “A tɛ nmo chega ŋwaane to, zem dɛ dem ne nmo wó taa wo amo tei ne Wɛ ywoni jei sem ne.”
44Ko ma vo ko yi maŋa kam wɛ na tu de wo yupare baŋa ne to. Tega kam maama ma ba ka ji lim se ko vo ko yi wɛ-guni maŋa ne. 45Wea kam daa ba jege pwooni. Gare-jale delo na leigi de che Wɛ di-yun-gala kam to ma kaare belei. 46Yezu laam ma laare de kwor-dɛa o we, “Amo Kwo, a kwei a jworo a ke nmo jeŋa ne.” O na tage konto to, o ma daare o te.
47Soja tiina bam yiga tu na nɛ kolo na ke to, o ma tei Wɛ ye o we, “Nɔɔno wonto seene o ye nɔn-ŋom mo chekke.”
48Nɔɔna balo maama na tu ba la daane se ba nii kolo na lage ko ke to de ma na ko na ke tei to. Ba na nɛ to, ba ma jwoori ba viiri ye ba wo chɔge dedɛ. 49Ko daare balo maama na maŋe ba yei‑o to, de kaana balo ya na tɔge ded‑o ba nwoŋi Galili ba ba to maa zege dáa ne ba nia.
Ba ke Yezu yera yam yibeeli wone
Matiyu 27:57-61; Maake 15:42-47; Jɔn 19:38-42
50-51Nɔɔno wodwoŋi déem mo wora, o yere mo Josɛf. O nwoŋi Judea teo kodwoŋi, ko yere mo Arimatea. O maa ye Juu tiina nakwa kɔgɔ kom nɔɔno. O maa kwori o ye nɔn-ŋom ye o tɔge chega Wɛ tei ne. Ba kɔgɔ kom ya na ke ni daane se ba ja Yezu to, o wo sɛ ba na boŋe se ba ke‑o kolo to. O maa jege teena we Wɛ paare dem wó ba o nɔɔna baŋa. 52O ma zaŋe o vo Pilata tei o lwoori chwoŋa se o vo o kwei Yezu yera yam o suli. 53Pilata na sɛ to, Josɛf ma vo o pare Yezu yera yam dagara kam yuu ne. O ma kwei gare-jale o ma pipiri o yera yam, ye o daare o ja vo o tiŋi-ya peo bɔɔne wone. Dento maa ye yibeeli delo ba déem na lugi-de peo yera ne ye ba maŋe ba wo ke nɔɔno da to.
54Dɛ dem Josɛf na ke konto to maa ye dɛ delo Juu tiina bam na jege se ba ti ba yiga ba siu dɛ dem ŋwaane to. Tega lage ka yi pa se ba siu dɛ dem laam bobo.
55Kaana balo ya na tɔge de Yezu ba nwoŋi Galili to déem ma da Josɛf kwaga ba vo ba na yibeeli dem jei de o na tiŋi Yezu yera yam da tei to. 56Ba na nɛ konto to, ba ma jwoori ba vo sɔŋɔ. Ba ma vo ba lage terale nuga dwi dwi se ba ma turi Yezu yera yam. Ba siu dɛ dem laam na yi to, ba ma sii de ba totoŋa yam, ne Wɛ ni dem na bere tei to.",https://www.bible.com/bible/3661/LUK.23.KBG
LUKA 24,"Yezu bi toone wone
Matiyu 28:1-10; Maake 16:1-8; Jɔn 20:1-10
1Wɛ na wora de puli dɛ dem na saŋe siu dɛ dem to, kaana bam ma zaŋe ba gwoni tega ba vo yibeeli dem jei sem. Ba maa jege terale nwi selo ba na lage ba ma turi Yezu yera yam to. 2Ba na yi jei sem to, ba ma na we kandwɛ delo ya na pe bɔɔne dem ni to bibili de tigi dáa ne. 3Ba ma vo ba zo bɔɔne dem wo. Ba maa wo nɛ dé Teiru Yezu yera yam da. 4Ba boboŋa ma vugimi de ba na wó ke tei. Ba na zege da konto to, nɔɔna balei ma pɔpɔ ba nwoŋi ba zege ba tei ne, ye ba zo gwaaro telo na nyeene pele-pele to. 5Foone ma ja kaana bam. Ba ma tiiri ba chɔɔle ba yuni tega ne. Nɔɔna bam laam ma ta de-ba ba we, “Bɛŋwaane mo á kare á beeri wolo na ŋwe to twa wone? 6O nam tere ywo. Wɛ bi‑o mo. Guli-na kolo o déem na tage de abam maŋa kalo o ta na wo Galili ne to, 7ye o we, ba jege se ba ja omo Nabiin-bu wom ba ke nɔn-chechɔgero jeŋa ne, se ba daare ba pa‑o dagara yuu ne ba go, ye o laam jwoori o bi da yatɔ dɛ ne.”
8Nɔɔna bam na tage konto to, kaana bam laam ma guli Yezu ya na tage kolo to. 9Ba ma zege yibeeli dem jei sem ne ba jwoori ba vo ba ta de Yezu nɔɔna fuga-dedoa kam, de balo maama na tɔge ba wora to. 10Kaana bam konto mo ye Mary Magadala, de Joanna, de Mary wolo na ye Jemsi nu to, ko woli de kaana balo na tɔge de-ba to. Banto maama maa wora ba tɛ kolo na ke to ba bere Yezu totoŋa nakwa bam. 11Nɔɔna bam na nigi to, ba maa wo pɛ se kaana bam taane dem jege kuri, ye ba wo sɛ ba ni. 12Ko daare Piita ma zaŋe lela o duri o vo yibeeli dem jei sem se o nii. O na yi da to, o ma tiiri o nii bɔɔne dem wone ye o na gare-jale dem yerane na tigi da. O ma jwoori o viiri ye ko ke‑o yaau de kolo na ke to.
Yezu na veere o tete tei to
Maake 16:12-13
13Dɛ dem konto ne mo Yezu tɔgena bam balei maa wo chwoŋa ne ba maa vei teo kodwoŋi, ko yere mo Emayus. Teo kom konto ye nenɛɛne mɛɛla yarepɛ mo de Jerusalem. 14Ba na maa vei to, ba maa ŋɔɔne kolo maama na ke to. 15Ba na ŋɔɔne ye ba bwɛ daane konto to, Yezu ma to ba wone o tɔge de-ba o via. 16Ba na tɔge daane konto to, ba yia ma pugimi pa se ba wo lɔre‑o.
17Yezu ma bwei-ba o we, “Bɛ wonnu mo abam jege á ŋɔɔna ye á via?” Ba na nigi konto to, ba ma zege ye ba yiga nyɔne. 18Ba dedoa yere mo Kelopasa. O ma ta de Yezu o we, “Nɔɔna balo maama na zoore Jerusalem ne to maŋe ba lɔre wo-kamunnu telo na ke da leile konto to. Bɛ nam mo ye nmo yerane wo nigi?” 19O ma bwei-ba o we, “Bɛ wonnu mo konto?”
Ba ma leiri ba we, “Ko ye kolo na ke Nazarete tu Yezu to mo. O ye Wɛ ni-jwoŋinu mo ye Wɛ dam wo o tei ne. Nɔɔna bam maama pɛ se o kikia de o ni taane maama taa jege dam, ye Wɛ de bere we konto ye chega. 20Debam kaanem yiga tiina bam de dé teo kom nakwa bam ma zaŋe ba ja‑o ba saŋe, pa se ba ve o bora, ye ba we o maŋe se o te. Ba laam ma daare ba pa‑o dagara yuu ne ba go. 21Debam nam ya jege teena we wonto mo ye wolo na wó ŋwe Isarele dwi tiina bam wɛleera jene o ma jwoŋi-ba o yage to. De konto maama, zem mo jege da yatɔ konto na ke to. 22Kolo na daare to mo ye debam kɔgɔ kom kaana badwonna vei o yibeeli dem jei sem ba na kolo na sɔɔre debam yera to. Ba ma vo tetete 23ye ba wo nɛ o yera yam da. Ba ma jwoori ba ba ba ta ba bere debam we ba nɛ wo-kenkagele mo. Ba ma na Wɛ malese, ye se ta de-ba we Yezu daa ta ŋwe mo. 24Debam nɔɔna bam badwonna de ma zaŋe ba vo yibeeli dem ne. Ba ma na we ko seene ko ye nenɛɛne kaana bam na tage tei to. Ko daare Yezu tete mo ba wo nɛ.”
25Yezu laam ma ta de nɔɔna bam o we, “Á boboŋa tera na? Bɛ mo ye á ware á sɛ Wɛ kwora kalo o sampwori sem na yeini ba tɔɔle faŋa faŋa to? 26Ko dae mo Wɛ Dam Tu Krista wom na jege se o na yaara yalo, ye o daare o di Wɛ telaao o jwoŋi o paare to na?” 27O laam ma maŋe kolo maama na popone o ŋwaane ko tiŋi Wɛ tɔnɔ kom ne to o bere-ba. O ma bobo o pa ba lɔre Moses berem dem kuri, ye o daare o bere-ba faŋa faŋa Wɛ sampwori sem berem dem kuri na ye tei to.
28Ba na maa vei to, ba ma vo ba twɛ teo kolo ba na lage ba vo to. Yezu ma ke ne o na maa kɛ yiga mo tei. 29Nɔɔna bam maa wo sɛ ye ba kwoori‑o ba we, “Tega lage ka yi. Nam zo n peini debam tei ne.” O ma sɛ ye o da o zo.
30O ma jeini se o di wodiu de-ba. O ma kwei bworobworo ye o ke Wɛ lei ko ŋwaane. O laam ma fɔ bworobworo kom o maŋe o pa-ba. 31O na ke konto to, ba yia daa wo pugimi ye ba laam lɔre‑o. Ba na lɔre‑o to, o ma pɔpɔ o jei ba yiga ne ye ba daa wo nɛ‑o. 32Ba laam ma ta daane ba we, “Nmo wo nɛ na? Dé na tɔge daane chwoŋa ne ye o ŋɔɔne o bere debam Wɛ tɔnɔ kom wonnu tem kuri na ye tei to, dé ya ba tiini dé jege wopwolo na?”
33Ba ma zaŋe lela ba jwoori ba vo Jerusalem teo kom wo. Ba na yi da to, ba ma na o nɔɔna fuga-dedoa kam de nɔɔna badwonna bam na lage daane jeiga dedoa. 34Banto maa tɛ ba we, “Ko ye chega mo. Dé Teiru Yezu seene o bi toone wone. O tu o bere o tete de Simon mo.” 35Nɔɔna balei bam de ma maŋe kolo na ke chwoŋa ne to ba bere-ba. Ba ma daare ba maŋe Yezu na fɔge bworobworo kom ye ba laam lɔre‑o tei to.
Yezu bere o tete o tɔgena bam
Matiyu 28:16-20; Maake 16:14-20; Jɔn 20:19-23; Kikia 1:9-11
36Yezu tɔgena bam ta na wora ba ŋɔɔne konto to, Yezu tete ma pɔpɔ o ba o zege ba tetare ne. O ma ta de-ba o we, “Yazura taa wo á tei ne.” 37Ba bochare ma di ye foone ja-ba dedɛ. Ba ma boŋe we ba nɛ chiru mo. 38O ma ta de-ba o we, “Bɛŋwaane mo á yera sae konto? Bɛ mo ye á jege bobwea amo ŋwaane? 39Fɔge-na á nii amo jea de a nɛ na ye tei to. Ko seene ko ye amo. Taane-na amo á nii. Chira ba jege ya-nɔna de kwi ne á na nae amo na ye tei to.”
40O na tage konto to, o ma bere-ba o jataala de o nɛ sem. 41Ko na tiini ko jege wopwolo ko pa-ba to, ba ta ware ba sɛ we ko ye chega, ye ba ja ba nia. O ma bwei-ba o we, “Á jege wodiu ywo-seeni se dé di na?” 42Ba ma twori ywon-saŋe ba pa‑o. 43O ma jwoŋi-de o di ba yibia ne.
44O laam ma ta de-ba o we, “Wonnu telo na ke amo to tɔge taane delo amo na maŋe a ta a bere abam maŋa kalo a ta na wo abam tetare ne to. Amo déem tage we, kolo maama na popone amo ŋwaane Wɛ tɔn-dwoŋo kom ne to jege se ko ji chega, ko ná ye kolo Moses de faŋa faŋa Wɛ sampwori sem na popone to, de kolo na popone Wɛ Seinim Lei tɔnɔ kom ne to maama.”
45O ma daare o pa se ba wo poore se ba wane ba lɔre Wɛ tɔnɔ kom na bere kolo to kuri. 46O ma ta o bere-ba o we, “Ba popone Wɛ tɔnɔ kom ne ba we, Wɛ Dam Tu Krista wom lage o na yaara dedɛ mo o te, ye o laam jwoori o bi toone wone da yatɔ dɛ ne. 47Ba daa ta popone we, o tɔgena wó vo logo baŋa dwi maama tei, ye ba da o yere ŋwaane ba bere nɔɔna we ba jege se ba leiri ba wo mo se Wɛ laam yage ba wɛleera o ma chɛ-ba. Á nam jege se á bobo Jerusalem ne mo á ta‑á tɔɔle Wɛ kwora kam konto. 48Abam ye balo na nɛ kolo maama na ke to, ye á jege se á zege chega kam konto kwaga ne á bere nɔɔna. 49Amo nam wó toŋe wolo wom amo Kwo na pwooli o ŋwaane to se o ba abam tei. Wonto wó pa se á na dam delo na nwoŋi Wɛ tei to. Á nam ta ta‑á wora teo kom wone, se á laam wó jwoŋi dam dem konto.”
50Yezu laam ma ja-ba o nwoŋi teo kom wone o ja vo o yi Bɛtania seeni. O ma zeiŋi o jea wɛyuu ne ye o swɛ ba swolim. 51O na wora o ke Wɛ zaane o yage ba yuu ne konto to, o ma yage ba tei ye Wɛ kwei‑o o ja di telaao. 52Ba ma kuni dwoona ba zuli‑o ye ba laam daare ba jwoori Jerusalem de wopwolo dedɛ. 53Ba na wora to, ba wo fɔge ba kwɛ Wɛ diga kam veiŋa, ye ba tei Wɛ maŋa maama.",https://www.bible.com/bible/3661/LUK.24.KBG
JƆN 1,"Wɛ Bu Yezu Krista taane
1Boboa ne ye kolokolo daa ta tera to, de Botara kam maŋe ka wora mo. Ka maŋe ka wo Wɛ tei ne. Wolo na ye Botara kam to de Wɛ maama ye bedwe mo. 2O maŋe o wo Wɛ tei ne mo boboa kam ne. 3Baŋa Wɛ déem dɛ wonto ŋwaane mo o ke wonnu maama. Kolokolo nam tera Wɛ na kea, ye ko wo zege wonto yera ne. 4Wonto mo pɛ nabiina na ŋwea. Ŋwea kam konto nam ta mo pae nabiina na pwooni. 5Pwooni dem konto na tu to, de zeili lim. Lim daa ware pwooni dem konto de zeili.
6Nɔɔno wodwoŋi déem mo wora Wɛ na toŋe‑o, o yere mo Jɔn. 7O déem tu se o ta wolo na ye pwooni dem to taane mo o bere nɔɔna, se nabiina maama wane ba lɔre‑o se ba daare ba sɛ‑o. 8Jɔn tete dae pwooni dem. O nam tu se o ta wonto taane mo o bere nɔɔna.
9Jɔn na wora konto to, wolo wom na ye pwooni dem chekke to déem lage o nwoŋi Wɛ tei mo o ba logo baŋa. Wonto mo pae nabiina maama na pwooni se ba yia wane ba poore. 10O déem ma ba logo baŋa o wora. Wɛ ya dɛ o ŋwaane mo o ke logo baŋa. De konto de, nabiina daa ta wo lɔre‑o. 11O ma ba o tete teo, ye o dwi tiina wo jeeri‑o lanyerane. 12Ko daare balo maama na sɛ‑o to, o ma pa-ba chwoŋa se ba ji Wɛ bia. Banto ye balo na dɛ o yere ŋwaane ba ke ba wo-dedoa ded‑o to mo. 13Ba na jigi Wɛ bia konto to, ko dae nabiina mo loge-ba, ye ko dae ka-laga ŋwaane, naa nabiina boboŋa ŋwaane. Ko ye Wɛ tete boboŋa ŋwaane mo ba jigi Wɛ bia.
14Konto to, Botara kam déem jigi nabiinu. O ma ba o zoore debam nabiina wone. Dé ma na o dam na mae tei. O dam dem daga lanyerane, o na ye dé Kwo Wɛ Bu-doa kam to ŋwaane. Wɛ zaane de chega maama tiini te wo o tei ne.
15Jɔn déem ŋɔɔne wonto taane, ye o ta de kwor-dɛa o we, “Mo wolo wom amo na maŋe a ta o taane a we, Nɔɔno wodwoŋi wó saŋe amo kwaga o ba. Wonto ye kamunu o dwoi amo, kolo ŋwaane o maŋe o wora ye amo ta tera.”
16Wɛ Bu wom tiini o jege Wɛ zaane lanyerane, ye o daare o pae debam maama zeinim taa taa. 17Ko ná ye Wɛ nia yam, o déem pɛ ya tɔge Moses jeŋa mo ya ba debam tei. Ko nam ná ye Wɛ zaane de o chega kam, o pɛ te tɔge o Bu Yezu Krista jeŋa mo te ba. 18Nɔɔn-nɔɔno ta wo maŋe o na Baŋa Wɛ. Ko daare o Bu-doa kam mo pɛ se dé lɔre‑o. Wonto ye Wɛ. O maa wo dé Kwo Baŋa Wɛ takeiri ne.
Jɔn ŋɔɔne Yezu yera taane
Matiyu 3:1-12; Maake 1:1-8; Luka 3:1-17
19Jɔn déem na pɛ se nɔɔna lɔre Yezu tei to mo tento. Juu tiina balo na zoore Jerusalem ne to ma toŋe ba kaanem yiga tiina, de Levi dwi tiina se ba vo Jɔn tei. Ba ma vo ba bwei‑o ba we, “Nmo bere we n ye wɔ mo?” 20Jɔn ma yɔɔre o leiri-ba o we, “Ko dae amo mo ye Wɛ Dam Tu Krista wom.”
21Ba ta ma jwoori ba bwei‑o ba we, “Nmo nam bere n tete we n ye wɔ mo? Nmo ye Elija mo na?” O ma leiri-ba o we, omo dae.
Ba daa ma bwei‑o ba we, “Nmo ye Wɛ sampwora kalo ya na maŋe se o ba to mo na?” O maa we, “Aawo.”
22Ba laam ma ta ba we, “Nam ta n bere debam nmo na ye wolo to. Dé jege se dé ja nmo ni taane mo dé vo dé ta dé bere balo na toŋe debam to. Nmo lage n ta n tete taane we bɛ mo?”
23Ba na bwei‑o konto to, Jɔn ma da Wɛ sampwora Izaya taane dem ŋwaane o leiri-ba o we, “Amo ye wolo na kaase a kwora kagoa yuu ne we:
‘Pa-na se chwoŋa kalo dé Teiru wom na lage o ba o tɔge da to
fɔge ka yɔɔre lanyerane.’ ”
24Nɔɔna badwonna de tɔge ba wora, ba na nwoŋi Farisi tiina kɔgɔ kom wone. 25Ba ma bwei Jɔn ba we, “Nmo nam ná seene n dae Wɛ Dam Tu Krista wom, naa Elija, naa Wɛ sampwora kalo ya na maŋe se o ba to, wɔ mo pɛ nmo chwoŋa se n pa nɔɔna sɛɛm?”
26Jɔn ma leiri-ba o we, “Ko ná ye amo, a yeini a ma na mo a pa nɔɔna sɛɛm. Abam nam na zege to, nɔɔno wo á wone ye á yeiri‑o. 27Wonto lage o saŋe amo kwaga o ba, ye amo wo maŋe se a le o nɛ natera a pa‑o.”
28Konto maama déem ke Bɛtania ne, Jɔdan buga kam bubɛ ne mɛ Jɔn na pae nɔɔna sɛɛm Wɛ ŋwaane to.
Jɔn bere we Yezu ye Wɛ Pipeila kam
29Tega na poore to, Jɔn ma na Yezu na vei o maa beene o tei. O ma ta de balo na wora to o we, “Nii-na Wɛ Pipeila kalo na saare nabiina wɛleera to. 30Amo ya tage a we, ‘Nɔɔno wó saŋe amo kwaga o ba, ye o ye kamunu o dwoi amo, kolo ŋwaane o maŋe o wora ye amo ta tera.’ Ko nam ye wonto taane mo a tɛa. 31Amo tete déem maŋe a yeiri‑o, ye a laam ba a lɔre‑o. Amo nam tu se a pa amo dwonna Isarele dwi tiina bam mo lɔre‑o. Konto ŋwaane mo a yeini a kwei na a pa nɔɔna sɛɛm Wɛ ŋwaane.”
32-33Jɔn daa ta ma ŋɔɔne Yezu yera taane o bere-ba o we, “Amo ya yeiri Wɛ Bu wom na ye wolo to. Wɛ nam mo toŋe-ne se a ba a ma na a pa nɔɔna sɛɛm. O na toŋe-ne to, o ma ta o we, amo ná nɛ Sin-laao kom tu ko wo nɔɔno wolo baŋa ne, wonto mo ye wolo na wó kwei Sin-laao kom o ma pa nɔɔna jwoŋi sɛɛm Wɛ ŋwaane to. Amo laam nɛ Wɛ Sin-laao kom na nwoŋi wɛyuu ne ko tu ko ba ko wo Yezu baŋa ne, ye ko nye de kunkwoŋa tei. 34Amo seene a na kolo Wɛ na tage to, ye a tɛ abam chekke we Yezu mo ye Wɛ Bu wom.”
Yezu bwoŋi nɔɔna se ba taa tɔge‑o
35Tega na poore to, Jɔn de o tɔgena balei daa ta maa wora. 36Jɔn ma na Yezu na vei o maa kɛa. O ma ta o we, “Nii-na Wɛ Pipeila kam.” 37Jɔn tɔgena balei bam ma ni o na tage kolo to. Ba ma pɛ ba pu Yezu kwaga. 38Yezu ma pipiri o nii o na ba na tɔge‑o to. O ma bwei-ba o we, “Á beene amo tei mo na?” Ba ma leiri ba we, “Ɛɛ, Rabi, n zoore yei ne mo?” (‘Rabi’ kuri mo ‘Berem tu’.) 39O ma leiri-ba o we, “Ba-na á nii.”
Ba ma tɔge ded‑o ba vo ba na mɛ o na zoore to. Ko ye dedaan-ni ne mo. Ba ma maŋe o tei ne ba ti dɛ dem.
40Nɔɔna banto dedoa yere mo Anduru. O ye Simon Piita nyaane mo. Anduru de o dwoŋi ya nigi Jɔn na tage Yezu taane tei, ye ba daare ba tɔge Yezu. 41Ba na jwoori to, Anduru ma ke lela o vo o zembaaro Simon tei. O ma ta ded‑o o we, “Debam nɛ Wɛ Dam Tu wom.” (Yere dem konto de ‘Krista’ ye bedwe mo.)
42O laam ma ja‑o o vo Yezu tei. Yezu ma nii o yibia ne ye o we, “Nmo ye Simon wolo na ye Jɔn bu to mo. Nmo yere laam wó taa ye Kefa mo.” Yere dem konto de Piita ye bedwe mo.
43Tega déem na poore to, Yezu ma ja boboŋa se o vo Galili. O ma vo o na Filipi, ye o ta ded‑o o we, “Ba n ta‑n tɔge amo.”
44Filipi déem nwoŋi Bɛtasida mo, teo kolo Anduru de Piita na zoore da to. 45O laam ma zaŋe o vo o na nɔɔno wodwoŋi, o yere mo Natanayel. O ma ta ded‑o o we, “Debam nɛ wolo wom Moses na popone o taane faŋa faŋa Wɛ nia tɔnɔ kom ne ye Wɛ sampwori de déem popone ba ta o taane to. Wonto ye Yezu mo. O maa ye Josɛf bu. O nwoŋi Nazarete mo.”
46Natanayel ma ta ded‑o o we, “Wo-laao tera ko na wó nwoŋi Nazarete ne. A fɔ vwa na?” Filipi ma ta o we, “Nam ba se dé vo dé nii.”
47Ba na maa vei to, Yezu ma na Natanayel na maa beene o tei. O ma ta o taane o we, “Wonto seene o ye Juu tu mo chekke, ye o wo lana.” 48Natanayel ma bwei‑o o we, “Nmo ke tɛ mo n yei amo?” O ma leiri‑o o we, “A ya nɛ nmo maŋa kam nmo na wo kaporo kom kuri ne ye Filipi laam ba o bwoŋi‑m to mo.” 49Natanayel ma leiri‑o o we, “Berem tu, nmo ye Wɛ Bu mo, ye n ta ye Isarele dwi tiina Pɛ.” 50Yezu ma ta ded‑o o we, “Nmo na sɛ amo konto to, ko ye amo na tage a we, a nɛ nmo kaporo kom kuri ne to ŋwaane mo na? Nmo nam wó na wo-kenkagela yalo na tiini ya dana ya dwoi konto to.”
51O laam ma ta o we, “A tɛ abam chega ŋwaane to, abam wó na Nabiin-bu wom na zege wɛyuu de tega baŋa laŋa ne tei to. Abam ta wó na Wɛ telaao ni na pore, ye Wɛ malese tɔge da se diini wɛ, ye se kwori se tu se tui tega baŋa.”",https://www.bible.com/bible/3661/JHN.1.KBG
JƆN 2,"Yezu vei kadiri Kana ne
1Da yatɔ dɛ dem déem na yi to, ba maa wora ba ke kadiri Galili teo kodwoŋi ne, ko yere mo Kana. Yezu nu maa tɔge o wora. 2Ba déem bwoŋi Yezu de o kwaga tɔgena bam mo se ba de ba da. 3Ba na wora to, sa-soŋo kom ba na jege ba nyɔ to ma ti. Yezu nu ma ta ded‑o o we, “Ba daa ba jege sana se ba nyɔ.” 4Yezu ma leiri o we, “A nu, nam yage a yera. Amo maŋa kam ta wo yi.” 5O nu wom laam ma ta de wodi-keira bam o we, “O ná tage kolo maama, se á ke.”
6Kambi-zɛ seredo déem maa zege da. Kikeiri-bia finlei naa fintɔ mo wó su se dedoa. Se ya maŋe se zege da mo se nɔɔna taa mae se wo na bam ba se ba jea de ba nɛ, ne Juu tiina chullu tem na bere tei to. 7Yezu ma ta de wodiu keira bam se ba mɔ na ba su kambi sem ni. Ba ma mɔ ba pɛɛle se ni. 8O daa ma ta-ba o we, ba laam mɔ kambi sem wone ba ja ba vo ba pa wolo na nii kuri dem baŋa ne to. Ba ma seene ba ke konto. 9O ma nyɔ na bam, dedaane ba maŋe ba ji sa-soŋo mo. O ma yeiri sana bam konto na nwoŋi mɛ, ye wodi-keira balo na mɔɔne na bam to mo yei. Nɔɔno wolo na nii kuri dem baŋa ne to laam ma bwoŋi kan-baro wom o ta ded‑o o we, 10“Nɔɔno maama yeini o pa sa-ŋona mo yiga ye ba nyɔ. Ba laam ná yeini ba nyɔ ba su, o ma pa-ba sa-yɔɔ se ba nyɔ. Nmo nam kwei sa-ŋona bam n zege, se n laam daare n kwei n pa debam kwaga ne. Ko kuri mo bɛ?”
11Mo Yezu na dɛ yiga o ke wo-kenkagele delo. O déem ke-de Galili teo Kana wone mo, se ko bere nɔɔna o na jege dam delo to. O kwaga tɔgena bam na nɛ to, ba ma ke ba wo-dedoa ded‑o.
12Konto déem na kɛ to, Yezu, de o nu, de o nyaana, de o kwaga tɔgena bam ma vo Kaparenia ba ke da fenfee da.
Yezu na zo Wɛ diga kam o ke kolo to
Matiyu 21:12-13; Maake 11:15-17; Luka 19:45-46
13Ko déem ma daare fee se Juu tiina di ba kuri delo yere na ye Atɔgebabaŋa to. Yezu ma zaŋe o vo Jerusalem. 14O na yi da to, o ma vo o zo Wɛ diga kam. O ma na nɔɔna na jege naane, de pei, de kunkwon-puura ba yeiga ka konkɔlɔ kom ne. Nɔɔna balo na leini sabia to de maa jei da. 15O ma kwei ŋone o ma ke fena, ye o daare o zeili pei sem de naane dem maama pa de nwoŋi lela. O ma ja sabu-leinna bam tabollo o pipiri o de tega ne pa se ba sabu-mumugu kom jage. 16O ma daare o ta nɔɔna balo de na yeigi kunkwon-puura bam to o we, “Nam kwei-ba á ja á nwoŋi ywo-seeni. Amo bá sɛ se á pa amo Kwo Wɛ sɔŋɔ kom taa ye pipiu jeiga.”
17Yezu na ke tei konto to, o kwaga tɔgena bam ma guli ko na popone Wɛ tɔnɔ kom ne tei ko we, “Amo tiini a toŋe de yi-seena a pa nmo wara-jei sem mo.”
18Juu tiina bam laam ma bwei Yezu ba we, “Bɛ ŋo wo-kenkagele mo nmo wó ke se ko pa dé maane we nmo jege chwoŋa se n zeili nɔɔna bam konto?” 19Yezu ma leiri-ba o we, “Abam ná mage Wɛ diga kanto maama á de tega ne, amo wó jwoori a kwei da yatɔ mo a ma lɔ-ka a zege.” 20Ba laam ma ta ba we, “Ba kwei bena finna-yaredo (46) mo ba ma ba lɔ Wɛ diga kanto ba ti. Nmo nam lage n ke tɛ mo n ma da yatɔ yerane n ma‑n pa ka zege?” 21Yezu nam na ŋɔɔne Wɛ diga kam taane konto to, ko ye o tete yera yam taane mo o taga. 22Ko déem na tu ko yi maŋa kam Yezu na tega, ye o jwoori o bi da yatɔ dɛ ne to, o kwaga tɔgena bam laam guli o na tage tei to. Ba ma sɛ kolo na popone Wɛ tɔnɔ kom ne to de Yezu ni taane dem.
23Yezu déem ma maŋe Jerusalem ne se o tɔge o di Atɔgebabaŋa kuri dem o ti. Nɔɔna dedɛ ma na wo-kenkagela yalo o na ke to, pa se ba da o yere ŋwaane ba ke ba wo-dedoa ded‑o. 24Yezu déem nam wo yage o wo o pa-ba, kolo ŋwaane o yei nɔɔna maama na ye tei to. 25O maa ba lage se nɔɔn-nɔɔno bere‑o nabiina na ye tei to, o na maŋe o yei kolo na wo nabiinu maama bochare ne to ŋwaane.",https://www.bible.com/bible/3661/JHN.2.KBG
JƆN 3,"Nikodema vei Yezu tei
1Nɔɔno wodwoŋi déem mo wora, o yere mo Nikodema. O nwoŋi Farisi tiina kɔgɔ kom wone mo. O maa tɔge o ye Juu tiina bam yiga tu dedoa. 2Dɛ dedwe o ma zaŋe o vo Yezu tei tete ne, ye o ta ded‑o o we, “Berem tu, dé yei we Wɛ mo toŋe nmo se n ba n bere nɔɔna o chega kam. Dé nɛ wo-kenkagela yalo nmo na ke to. Ko ma pa dé lɔre we Wɛ mo seene o wo nmo tei ne, pa nmo wae wo-kenkagela yam n ke.” 3Yezu ma leiri‑o o we, “A tɛ nmo chega ŋwaane to, ba ná wo jwoori ba lo nɔɔno wolo, konto tu bere o bá lɔre Wɛ paare dem na ye tei to.” 4Nikodema ma bwei‑o o we, “Nɔɔno ná ye nɔn-kweo, ba wó ke tɛ mo ba lo‑o? O nam bá wane o jwoori o zo o nu wo se o lo‑o.”
5Yezu ma leiri‑o o we, “Chega ŋwaane to, ba ná wo dɛ na baŋa ba lo nɔɔno wolo, ye ba kwori ba wo dɛ Wɛ Sin-laao kom baŋa ba lo‑o, konto tu bá wane o woli Wɛ paare dem wone. 6Nabiina ná yeini ba lo nɔɔno, ko ye logo baŋa momwɛ mo o jega. Ko daare ko ná ye Wɛ Sin-laao kom, konto mo pae nɔɔno jege Wɛ telaao ŋwe-doŋa kam. 7Yé ta‑n ye yaau de amo na tage kolo we, abam jege se ba jwoori ba lo abam to. 8Ko ná ye vio, ko yeini ko dole mɛ de mɛ ko na lage to mo. N ma‑n yeini n ni ko sɔɔ kom, ye n yeiri ko na nwoŋi mɛ, de ko na maa vei mɛ to. Ko ye bedwe mo de Wɛ Sin-laao kom na pɛ wolo maama ŋwea Wɛ tei ne to.”
9Nikodema ma bwei o we, “Ko wó ke tɛ mo ko taa ye konto?” 10Yezu ma leiri‑o o we, “Nmo ye wolo na zamese Isarele dwi tiina bam to mo. Bɛ mo ye n yeiri tento? 11Chega ŋwaane to, dé yeini dé ta wonnu telo dé na yei to mo, ye dé kwori dé ŋɔɔne kolo dé na nɛ to dé bere nɔɔna. De konto de, á ta ba sɛ debam berem dem. 12Amo tage logo baŋa wonnu taane a bere abam, ye á ba sɛ amo ni. Konto to, amo ná ŋɔɔne Wɛ telaao wonnu taane a bere abam, á wó ke tɛ mo á sɛ amo ni? 13Nɔɔn-nɔɔno tera o na diini Wɛ telaao, ko ná dae wolo wom na maŋe o tu o ba to yerane. Ko ye Nabiin-bu wom mo konto.
14Moses déem na wo kagoa wone faŋa faŋa to, o ma pale channa basankwea daa yuu ne, ye o zeiŋi-ka wɛɛne se o nɔɔna yé na chɔgem. Ba nam jege se ba kwei Nabiin-bu wom de ba zeiŋi wɛyuu ne konto mo, 15se ko pa nɔɔno wolo maama na ke o wo-dedoa ded‑o to na ŋwea kalo na ba jege kweelim Wɛ tei ne to.”
16Wɛ tiini o jege nabiina swono ye o toŋe o Bu-doa se o ba logo baŋa, se wolo maama na ke o wo-dedoa ded‑o to daa yé na chɔgem, se o daare o na ŋwea kalo na ba jege kweelim Wɛ tei ne to. 17Wɛ na toŋe o Bu wom se o ba logo baŋa konto to, ko dae se o di nabiina taane o vane ba bora. Ko nam ye se o jwoŋi-ba o yage mo. 18Wolo maama na ke o wo-dedoa de Wɛ Bu wom to bá to de o bora. Ko daare wolo maama na ba lage se o sɛ‑o to maŋe o to mo, o na ve Wɛ Bu-doa kam to ŋwaane. 19Wɛ na di nabiina taane tei to mo tento: Wɛ pɛ se wolo na ye pwooni tu to ba logo baŋa o wora. Nabiina nam swoi lim ba dwoi pwooni dem, kolo ŋwaane ba kikia ba lana. 20Nɔɔno wolo maama na ke keim-balwaaro to wó chuli pwooni dem mo, ye o bá sɛ se o nwoŋi de yiga ne, se o keim-balwaaro tem ba te taa nae jaja. 21Wolo maama na tɔge chega chwoŋa to nam wó nwoŋi pwooni dem yiga ne, se nɔɔna lɔre we o kikia maama tɔge Wɛ boboŋa mo.
Jɔn daa ŋɔɔne Yezu yera taane
22Konto déem na kɛ to, Yezu de o kwaga tɔgena bam ma vo ba beeri Judea te-balwa bam wone. O ma dáane de-ba jei sem konto ne, ye o pa nɔɔna sɛɛm Wɛ yere ŋwaane. 23Jɔn maa wo Ayinon seeni. Teo kom konto bwola dedaane Salim. O na wora to mo o yeini o pae nɔɔna sɛɛm, na na daga jei sem konto ne to ŋwaane. Nɔɔna dedɛ déem yeini ba tui o tei maŋa maama se ba jwoŋi sɛɛm. 24Maŋa kam konto ne ba ta wo jaane Jɔn ba pe.
25Jɔn tɔgena badwonna déem ma mage ni-kantɔgɔ de Juu tu wodwoŋi de nɔɔna na jege se ba zare ba tete tei se ko tɔge ba chullu tem chekke to. 26Ba ma vo Jɔn tei ba ta ded‑o ba we, “Berem tu, dé nɛ nɔɔno wolo daama na wo nmo tei ne ye n wo Jɔdan buga kam bubɛ dedwoŋi dem ne to. Nmo tage o taane n bere debam. Leile konto o laam wora o pa nɔɔna sɛɛm, ye nɔɔna dedɛ tiini ba vei o tei ba daare debam. Ko lana na?” 27Jɔn ma leiri-ba o we, “Ko wo chɔge. Nɔɔno ná tɔge chwoŋa kalo, ko ye Wɛ mo tiŋi-ka o pa‑o. 28Abam tete wó zege amo kwaga ne de a na tage a we, amo dae Wɛ Dam Tu wom, se ko ye Wɛ mo toŋe-ne se a tɔge o Bu wom yiga a ba. 29Ko nye de nɔɔno ná di kaane, ko ye kan-baro wom tete mo tei kaane wom. O yiŋinu wom wó taa zege dáa ne mo ye o cheiga. O laam ná nigi kan-baro wom kwora, o wó taa jege wopwolo lanyerane. Tɔ. Amo de jege wopwolo de Yezu na tu ye a ni o kwora to. Amo tiini a jege wopwolo se ko ja gaale. 30Yezu yere dem jege se de taa zaŋa mo, se amo yere dem taa wo tega ne.
31Wolo wom na nwoŋi Wɛ tei o ba to mo ye nɔn-kamunu o dwoi nɔɔno maama. Ko daare wolo na nwoŋi logo baŋa to ye logo baŋa nyem mo. O ni taane de maa ye logo baŋa nyem. Wolo wom na nwoŋi Wɛ telaao to nam mo dwoi maama. 32O yeini o tɛ kolo o na lɔre Wɛ tei ne to mo o bere nɔɔna. De konto de, nɔɔna ba sɛ o berem dem. 33Nɔɔno wolo nam ná sɛ o berem dem, konto tu sɛ we Wɛ ye chega mo. 34Kolo ŋwaane, ko ná ye wolo wom Wɛ na toŋe to, Wɛ pɛ‑o o Sin-laao kom mo se ko tiini ko gaale, pa se ko ye Wɛ tete ni taane mo o tɛa. 35Dé Kwo Wɛ swoi o Bu wom. O ma pa se woŋo maama dam wo o jeŋa ne. 36Nɔɔno wolo na ke o wo-dedoa de Wɛ Bu wom to jege ŋwea kalo na ba jege kweelim to. Ko daare nɔɔno wolo na ve Wɛ Bu wom to bá fɔge o na ŋwea Wɛ tei ne. Wɛ ban-lom nam wó taa wo o baŋa ne taa.”",https://www.bible.com/bible/3661/JHN.3.KBG
JƆN 4,"Samaria tiina kaane lɔre Yezu
1 Farisi tiina bam déem ma ni we Yezu wora o pae nɔɔna dedɛ tɔge o kwaga ko dwoi Jɔn, ye o ta kwori o pa-ba sɛɛm Wɛ ŋwaane. 2Ko nam dae Yezu tete mo pɛ ba jwoŋi sɛɛm, se ko ye o kwaga tɔgena bam mo ke konto. 3Yezu na maane we Farisi tiina bam lɔre konto to, o ma zaŋe Judea ne o jwoori o maa vei Galili. 4O na maa vei konto to, o jege se o tɔge Samaria wo mo o kɛ.
5O ma vo o yi Samaria teo kodwoŋi, ko yere mo Suchare. Ko bwola de tega kalo Jakob déem na kwei o pa o bu Josɛf faŋa faŋa to. 6Jakob déem jege vole jei sem konto ne. De ta maa wora de zem maama. Yezu na vei taa konto to, o ma bugi. O ma vo o jeini vole dem ni ne. Wea maa wo yupare baŋa ne. 7-8Yezu maa jei da konto, ye o kwaga tɔgena bam ya maŋe ba kɛ teo kom wo se ba yeigi wodiu. Samaria tiina kaane wodwoŋi laam ma ba se o mɔ na. Yezu ma ta ded‑o o we, o ke na o pa‑o se o nyɔ. 9Kaane wom ma ta de Yezu o we, “Nmo ye Juu tu mo, ye amo ye Samaria tiina kaane. Bɛ mo ye n ta we, a ke na a pa‑m?” Kaane wom tage konto kolo ŋwaane ko ke‑o yaau mo, kokuri Juu tiina de Samaria tiina ware daane. 10Yezu ma leiri‑o o we, “Nmo nam yeiri pɛɛre delo Wɛ na lage o pa nmo to. Amo taga se n ke na n pa-ne, ye n yeiri amo na ye wolo to. Nmo ya ná yei, nmo tete ya wó bwei amo, ye a pa nmo na balo na jege ŋwea ba pae nabiina to.”
11Kaane wom ma ta ded‑o o we, “Amo tu, nmo ba jege gwoŋo, ye vole dem luuna. Nmo nam wó ke tɛ mo n mɔ na balo na jege jworo ba pae nabiina to? 12Nmo nam bá wane n ta‑n dwoi dé nabaaro Jakob wolo déem na koge vole dento o pa debam to. Wonto tete, de o bia, de o vara maama déem mɔɔne na ywo-seeni mo faŋa faŋa ye ba nyɔa.” 13O ma leiri‑o o we, “Ko ná ye vole dento na bam, nɔɔno wolo maama ná nyɔge-ba, na-nyɔm ta wó ja kotu mo. 14Ko nam ná ye na balo amo na wó pa nɔɔna to, na-nyɔm daa bá ja wolo na nyɔge-ba to. Na bam a na wó pa to wó ji buli-yi o yera ne, ye de wó taa bura na balo na wó pa‑o ŋwea kalo na ba jege kweelim Wɛ tei ne to.” 15Kaane wom daa ma ta ded‑o o we, “Amo tu, pa-ne na bam konto dwoŋi, se na-nyɔm daa yé ja-ne se a taa tui ywo a mɔɔne na.”
16Yezu ma ta‑o o we, o véi o bwoŋi o baro se o da o ba. 17Kaane wom ma leiri we, omo ba jege baro. O ma ta o we, “Nmo na tage kolo to ye chega mo. 18Nmo nam zo banna banu mo, ye nmo na wo nɔɔno wolo tei ne leile to seene o dae n baro. Ko ye chega mo n tage n bere-ne.” 19Kaane wom ma ta ded‑o o we, “Amo tu, amo lɔre we n ye Wɛ ni-jwoŋinu mo. 20Debam Samaria tiina nabaara bam déem tui peo konto yuu mo ba ware Wɛ. Ko daare abam Juu tiina bere we, ko maŋe se nɔɔna taa ware Wɛ Jerusalem teo ne mo.”
21Yezu laam ma ta ded‑o o we, “Kaane, jwoŋi a taane dem. Maŋa wó ba ye nɔɔna ná lage ba ware dé Kwo Wɛ, ko bá taa ye peo kom yuu ne, naa Jerusalem teo wone. 22Abam Samaria tiina yeiri wolo á na zuli to. Debam Juu tiina nam yei wolo dé na zuli to, kolo ŋwaane Wɛ yeini o da Juu tiina bam jeŋa mo o vere nabiina. 23Ko daare maŋa maa beena leile konto, ye balo na seene ba zuli dé Kwo Wɛ chekke to wó tɔge o Sin-laao kom ŋwaane mo ba zuli‑o de ba bochara de chega. Mo dé Kwo Wɛ na lage se nabiina taa zuli‑o tei to. 24Wɛ ye siu mo. Balo maama na lage ba pa‑o zula to jege se ba tɔge o Sin-laao kom ŋwaane ba zuli‑o de ba bochara de chega.”
25Kaane wom ma ta o we, “Amo yei we Wɛ Dam Tu wolo yere na ye Krista to mo wó ba. O nam ná tua, o wó ta Wɛ chega kam maama o bere debam.” 26Yezu ma leiri‑o o we, “Ko ye amo mo konto, a zege a ŋɔɔne de nmo.”
27Yezu kwaga tɔgena bam laam ma jwoori ba ba. Ba na nɛ Yezu na zege o ŋɔɔne de kaane konto to, ko ma tiini ko ke-ba yaau. De konto de, ba wolowolo nam wo bwei ba we, “Bɛ mo nmo laga?” naa “Bɛ mo ye n ŋɔɔne de kaane wom?”
28Kaane wom laam ma yage o kɔɔro wom ye o daare o vo teo kom wo. O na yi da to, o ma ta de nɔɔna bam o we, 29“Ba-na á nii nɔɔno, o na tage amo na ke kolo maama to o bere-ne. A yeiri wonto mo wó taa ye Wɛ Dam Tu wom naa wɔ mo.” 30O na tage o bere-ba konto to, ba ma nwoŋi teo kom wone ba maa vei Yezu tei.
31Konto déem na wora ko ke to, Yezu kwaga tɔgena bam ma lwoori‑o se o di wodiu. 32O ma leiri-ba o we, “Amo maŋe a jege wodiu se a di, ye abam yeiri ko ni ne.” 33O kwaga tɔgena bam laam ma bwei daane ba we, “Nɔɔno ga mo jaane wodiu o ba o pa‑o na?” 34Yezu ma ta de-ba o we, “Ko ná ye amo ni-wodiu, ko ye se a tɔge wolo wom na toŋe-ne to boboŋa mo, se a toŋe o totoŋa yam a ti. 35Abam yeini á tɛ á we, ‘Ko daare chane sena mo se dé zage mena.’ Amo nam tɛ abam se á fɔge á nii kadwi sem na ye tei. Se nye de se mena yam bege ya ti, ye ya laam daare zagem mo. 36Maŋa kam yia se nɔɔna vo ba zage mena yam, se ba daare ba jwoŋi ba ŋweero. Wodiiru telo ba na jege se ba la ba ke daane to mo ye nɔɔna balo Wɛ na jwoŋi pa se ba na ŋwea kalo na ba jege kweelim to. Konto to, nɔɔno wolo na dugi mena yam to de wolo na zage-ya to maama wó tɔge daane ba di ywoni. 37Taane dento ye chega mo: ‘Nɔɔno mo dugi mena, wodwoŋi laam ma zage.’ 38Amo toŋe abam se á vo á la nɔɔna á pa Wɛ. Ko ye nenɛɛne abam wo vage mena yam, ye á laam wó vo á zage-ya. Nɔɔna badwonna mo vage-ya, ye abam di nyɔɔre ba totoŋa yam baŋa ne.”
39Samaria tiina kaane wom ya tage o bere o teo kom tiina we, Yezu tage omo na ke kolo maama to o bere-o. Ko ma pa Samaria tiina dedɛ ke ba wo-dedoa de Yezu. 40Samaria tiina bam ma vo Yezu tei ba lwoori‑o se o dáane ba tei ne. O ma ke da yalei de-ba.
41Nɔɔna dedɛ daa ta ma ke ba wo-dedoa ded‑o, o ni taane dem ŋwaane. 42Ba ma ta de kaane wom ba we, “Dé laam ke dé wo-dedoa ded‑o, ye ko dae nmo na tage kolo n bere debam to ŋwaane, se debam tete nigi o taane, ye dé kwori dé lɔre we, wonto mo seene o ye nabiina Vereno wom.”
Yezu yɔɔre dedɛɛro wodwoŋi bu
43Da yalei yam déem na kɛ konto to mo Yezu zaŋe o maa vei Galili laŋa kam. 44Yezu tete nam mo yeini o tɛ o we, ba ba nege Wɛ ni-jwoŋinu o tete teo ne. 45Yezu na vei o yi Galili to, nɔɔna ma jeeri‑o lanyerane, kolo ŋwaane ba ya na vei Jerusalem se ba di Atɔgebabaŋa kuri dem to, ba nɛ wo-kenkagela yalo maama o na ke da to.
46Yezu laam ma jwoori o vo Galili teo kodwoŋi, ko yere mo Kana. Ko maa ye jei selo o ya na pɛ na bam ji sa-soŋo da to. O na yi da to, dedɛɛro wodwoŋi maa wora o na nwoŋi Kaparenia, ye o bu laam daare sɔŋɔ ne, o ba jege yazura. 47O na lɔre we Yezu nwoŋi Judea ne o ba Galili to, o ma vo o tei o lwoori‑o se o vo Kaparenia o yɔɔre o bu wom, o na lage o te to ŋwaane. 48Yezu ma ta ded‑o o we, “Abam ná wo nɛ wo-kenkagela yalo na bere we Wɛ toŋe-ne to, abam bá fɔge á sɛ amo.” 49Dedɛɛro wom daa ma ta o we, “Amo tu, pa se dé vo lela ye amo bu wom daa ta wo tege.” 50Yezu laam ma ta ded‑o o we, “Véi, se n bu wom daa bá te.”
Nɔɔno wom ma ke o wo-dedoa de Yezu na tage tei to, ye o zaŋe o viiri. 51O ta na wo chwoŋa ne o maa vei sɔŋɔ to mo o tontoŋena jeeri‑o, ye ba ta ba we, “N bu wom yera yam gara.” 52O ma bwei-ba o we, “Maŋa kɔ mo ko gare bu wom yera ne?” Ba ma ta ba we, “Ko ye diim, wea tetare ne mo, o paa kam yage‑o.” 53Ba na tage konto to, nɔɔno wom ma guli we ko ye maŋa kam konto ne nɔɔ mo Yezu tage o we, o bu wom daa bá te. O de o sɔŋɔ tiina maama laam ma ke ba wo-dedoa de Wɛ.
54Konto to, Yezu na nwoŋi Judea ne o jwoori o ba Galili ye o ke wo-kenkagele delo to mo ke kuni belei.",https://www.bible.com/bible/3661/JHN.4.KBG
JƆN 5,"Yezu yɔɔre jaweeno siu dɛ ne
1Dɛ dedwe Yezu ma zaŋe o vo Jerusalem se o tɔge o di Juu tiina kuri dedwoŋi. 2Chɔgɔ kodwoŋi mo wora, ko na bwola de teo kom ni delo yere na ye ‘Pei Ni dem’ to. Ko yere de Juu tiina taane dem mo ye Bɛtezada. Ba déem tei pwei senu mo chɔgɔ kom ni ne. 3Jaweena dedɛ déem yeini ba tigi pwei sem kuri ne. Badaara ye lilwoa, de gwane, de gwaaro. [Ba tigi da ba cheiga se Wɛ maleka mo ba o pɔgele na bam. 4Na bam ná pɔgele konto dwoŋi, jaweeno wolo na wó lwoori yiga o tu na bam wone to wó na yazura de jaweo kolo maama na jege‑o to.]
5Nɔɔno wodwoŋi mo wora o na ye jaweeno nenɛɛne bena fintɔ-nana (38). 6Yezu ma na o na tigi da to, ye o maane we o weele ko dáane. O ma ta de nɔɔno wom o we, “Nmo lage se n na yazura na?” 7Jaweeno wom ma leiri‑o o we, “Amo tu, chɔgɔ kom na bam ná yeini ba pɔgele konto dwoŋi, amo ba jege nɔɔno wolo na wó kwei-ne o ja tu na bam wone to. Amo ná yeini a kwaane se a tu, nɔɔno mo wó tu lela o daare amo.” 8Yezu ma ta ded‑o o we, “Zaŋe wɛɛne se n kwei n sara kam n ta‑n via.” 9O na tage konto to, nɔɔno wom ma seene o na yazura bedwe baŋa ne, ye o kwei o sara kam o maa via.
Ko déem ye Juu tiina siu dɛ ne mo konto kea. 10Konto ŋwaane Juu tiina dedɛɛra bam ma ta de nɔɔno wom ba we, “Zem ye debam siu dɛ mo, ye ko chula se nɔɔno taa toŋe totoŋa. Konto ŋwaane, yé ta‑n zei n sara kam.” 11O ma leiri-ba o we, “Nɔɔno wolo na pɛ amo na yazura to mo tage we, a kwei a sara kam a taa via.” 12Ba ma bwei‑o ba we, “Nɔɔno wom konto ye wɔ mo, ye o ta konto?” 13O maa yeiri wolo na pɛ o na yazura yam to, kolo ŋwaane Yezu zo nɔn-kɔgɔ kom wo pa o daa wo nɛ‑o.
14Ko na ke fee to, Yezu ma vo Wɛ diga kam o na‑o da. O ma ta ded‑o o we, “Nii mo! Nmo laam nɛ yazura. Nam daa‑n yé ke wɛleere. Ko ná dae konto, wo-lɔŋɔ kolo na dwoi konto to daa wó ke nmo.” 15Nɔɔno wom laam ma vo o ta de Juu tiina dedɛɛra bam o we, ko ye Yezu ya mo yɔɔre omo.
Yezu jege dam
16Juu tiina dedɛɛra bam déem maa wora ba daane Yezu, o na yɔɔre jaweeno ba siu dɛ dem ne to ŋwaane. 17Yezu ma ta-ba o we, “Amo Kwo Wɛ yeini o ke kolo o boboŋa na lage to mo maŋa maama, ko woli de zem de. Amo de nam jege se a ke konto mo.”
18O na tage konto to, ko ma pa Juu tiina dedɛɛra bam tiini ba boŋe o gom. Ko nam dae we o na chɔge ba siu dɛ chullu tem yerane to ŋwaane, se ko ye o na tage we, Wɛ ye omo tete Kwo mo to. O keim dem konto ma pa se o de Wɛ ye bedwe mo.
19Yezu ma ta-ba o we, “A tɛ abam chega ŋwaane to, amo na ye Wɛ Bu wom to, a bá wane a ke kolokolo a tete ne, se kolo yerane a na nae a Kwo tei ne to mo a yeini a ke. A Kwo na ke kolo to mo amo de wó ke. 20Kokuri Baŋa Wɛ swoi o Bu wom, ye o maa bere‑o kolo maama o tete na ke to. O nam wó bere‑o wo-kamunnu telo na dwoi tento to se o ke, pa se ko ke abam yaau. 21Baŋa Wɛ na bi nɔɔna toone wone ye o pa-ba ŋwea tei to, konto dwoŋi o Bu wom de wó pa balo o na lage to na ŋwea o Kwo Wɛ tei ne. 22Ko woli da, Baŋa Wɛ tete bá di nɔɔn-nɔɔno bora. O nam seene o pa o Bu wom chwoŋa se o taa di nɔɔna bora. 23Konto wó pa se nɔɔna maama zuli Wɛ Bu wom, ne ba na zuli o Kwo tete tei to. Wolo maama na ba zuli Wɛ Bu wom to ta ba zuli o Kwo na toŋe‑o to de.”
24Yezu ta ma ta o we, “A tɛ abam chega ŋwaane to, wolo maama na nigi amo taane ye o daare o ke o wo-dedoa de wolo na toŋe-ne to jege ŋwea kalo na ba jege kweelim to. O daa bá to bora borem dɛ dem ne. O maŋe o jege ŋwea mo Wɛ tei ne, ye toone daa bá wane de ja‑o Wɛ yiga ne. 25Chega ŋwaane to, maŋa maa beena leile konto, ye balo na ba jege ŋwea Wɛ tei ne to wó ni amo kwora. Balo na sɛ-ka to wó daare ba na Wɛ ŋwe-doŋa kam. 26Baŋa Wɛ tete na ye ŋwea tu to, o ma pa se amo wolo na ye o Bu wom to de ji ŋwea tu. 27O ma kwori o pa-ne chwoŋa se a taa bore nabiina bora, amo na ye Nabiin-bu wom to ŋwaane. 28Yé pa se ko ke abam yaau de amo na tage kolo to. Maŋa maa beena, ye twa balo maama na wo ba yibeela wone to wó ni amo kwora, 29ye ba zaŋe ba nwoŋi ba yibeela yam wone. Balo maama na ke lanyerane to wó bi ba taa ŋwe Wɛ tei ne. Ko daare balo maama na ke wo-lwanno to wó bi, ye ba laam na chɔgem Wɛ tei ne. 30Amo bá wane a ke kolokolo amo tete ne. Amo tɔge a Kwo ni mo a maa bore nɔɔna bora. Konto ŋwaane a borem dem yɔɔre de ye chega mo, kolo ŋwaane amo ba kwaane se a ke tei amo tete boboŋa na lage to. Baŋa Wɛ nam toŋe-ne, ye a ke kolo o na lage to mo.”
31Yezu ta ma ta de Juu tiina dedɛɛra bam o we, “Amo tete yerane ya ná bere a chega kam, ko bá bere we a taane dem seene de ye chega. 32Nɔɔno wodwoŋi nam zege amo chega kam kwaga ne, ye a yei we wonto jege chega de o na tɛ amo taane tei to. 33Abam ya toŋe nɔɔna Jɔn tei ne. O ma ta chega o bere-ba amo ŋwaane. 34Ko ná ye amo, a ya ba lage se nabiinu zaŋe o bere we a jege chega. Amo nam tage Jɔn taane abam ŋwaane mo, se ko wane ko woli abam se á na verem. 35Jɔn déem nye de kanea na jege mini ye ka pae pwooni tei to. Abam ma sɛ se á ta‑á tɔge o berem dem de wopwolo, ne nɔɔna na swoi mini pwooni tei to, ye á daa wo peene se á da-o.
36Amo nam jege woŋo kolo na wó bere we a jege chega to ye ko dwoi Jɔn na tage tei to. Totoŋa yam amo Kwo Wɛ na pɛ-ne se a toŋe a ti to, ko ye yanto mo a jege a ke, ye yanto mo pa-ne chega we, Wɛ mo seene o toŋe-ne. 37Ko woli da, amo Kwo Wɛ tete de zege amo chega kam kwaga ne mo. Abam nam wo fɔge á ni o kwora, naa á nɛ o yibia na nye tei to. 38Abam wo jwoŋi o taane dem á ke á bochara ne, kolo ŋwaane á wo sɛ wolo wom o na toŋe to. 39Abam yeini á kwaane á zamese Wɛ twanno tem, kolo ŋwaane á boŋe we á wó na ŋwea Wɛ tei ne tento ŋwaane mo. Ko nam ye amo yera taane mo twanno tem konto tete na tɛa. 40Abam nam ta ba sɛ se á ba amo tei, se ko pa á na ŋwea Wɛ tei ne.
41Amo nam ba boŋe se nabiina pa amo zula. 42Ko ná ye abam, amo yei á wo. A yei we Wɛ swono tera á bochara ne. 43Amo nam jaane a Kwo yere mo a ba, ye abam nam ve se á jeeri-ne. Nɔɔno wolo nam ná jaane o tete yere o ba, á wó jeeri konto tu. 44Abam nam lage se á ta‑á jwoŋi zula mo da-tei ne, ye á ba lage se á ke kolo na wó pa á na zula Wɛ wolo na ba jege dwoŋi to tei ne. Konto mo á ve se á sɛ Wɛ.
45Ko dae we amo mo wó saŋe abam a Kwo Wɛ tei ne. Ko ye Moses mo lage o saŋe abam, ye abam ya boŋe we á wó na ŋwea Wɛ tei ne wonto ŋwaane mo. 46Abam ya ná seene á sɛ Moses na tage tei to, á ya wó sɛ amo de, kolo ŋwaane wonto popone amo yera taane mo. 47Abam nam maŋe á wo sɛ o na popone tei to. Konto to, abam bere á bá sɛ amo na tage kolo to.”",https://www.bible.com/bible/3661/JHN.5.KBG
JƆN 6,"Yezu pɛ nɔɔna 5,000 wodiu se ba di
Matiyu 14:13-21; Maake 6:30-44; Luka 9:10-17
1Dɛ dedwe Yezu ma zaŋe o vo o bɛ naneo kolo yere na ye Galili to. Nɔɔna badaara bwoi-ko we Tiberia mo. 2Nɔn-kɔgɔ dedɛ maa tɔge o kwaga, ba na nɛ wo-kenkagela yalo o na ke o yɔɔre jaweena to ŋwaane. 3-4Ko ma daare fenfee se Juu tiina di ba kuri delo yere na ye Atɔgebabaŋa to. Yezu ma vo o di peo yuu o jeini da de o tɔgena bam.
5O ma dole o yuu o nii jei maama o na we kɔgɔ dedɛ mo maa beene o tei. O ma ta de Filipi o we, “Dé wó ke tɛ mo dé na wodiu se dé yeigi dé pa nɔɔna banto maama se ba di?” 6O na tage konto to, ko ye se o maŋe Filipi boboŋa mo o nii. O maŋe o yei o na wó ke kolo to. 7Filipi ma leiri‑o o we, “Dé ná lage se dé yeigi bworobworo se nɔɔno maama na fenfee o di, ko sabu kom wó dwoni nɔɔno dedoa chane seredo ŋweero mo.”
8O tɔgena bam dedoa, Anduru wolo na ye Simon Piita nyaane to ma ta o we, 9“Nii bu wodwoŋi mo wo ywo-seeni, o jege bworobworo-balɛ senu de ywona yalei. Tento nam bá wane te yi nɔɔna banto maama.”
10Yezu laam ma ta de-ba o we, “Á nam pa se nɔɔna bam jeini tega ne.” Gaaro tiini te wora jei sem ne. Nɔɔna bam maama ma jeini tega ne. Ba yi nenɛɛne baara morro tenu (5,000), ko woli de kaana de bia. 11Yezu ma kwei bworobworo-balɛ sem ye o ke Wɛ lei. O ma daare o maŋe-te o pa nɔɔna bam na jei tega ne to. O ma ke ywona yam de konto dwoŋi. Nɔɔna bam maama ma di ne ba na lage tei to. 12Ba ma di ba su ba daare. Yezu ma ta de o tɔgena bam o we, “Véi-na á twɛ mumuga kalo na daare to, se á yé pa dé yage kolokolo.” 13Ba ma twɛ ka maama ba su kayɛ fuga-selei. Bworobworo tenu tem ba na di ba daare to mumuga yerane mo konto.
14Nɔɔna bam na wora ye ba na wo-kenkagele dem Yezu na ke to ma ta ba we, “Ko seene ko ye chega mo, Wɛ ni-jwoŋinu wolo ya na maŋe se o ba logo baŋa to mo konto.” 15Yezu laam ma lɔre we ba lage ba ma dam mo ba ja‑o ba pa o ji ba pɛ. O na lɔre konto to, o ma zaŋe o jwoori o vo o di peo yuu o wora o yerane.
Yezu vei na baŋa ne
Matiyu 14:22-33; Maake 6:45-52
16Tega na yi to, Yezu kwaga tɔgena bam ma vo ba yi naneo kom ni. 17Ba ma zo nabworo ba tɔge naneo kom wo ba maa vei Kaparenia. Tega maa fɔge ka yia ye Yezu daa ta wo tu ba tei. 18Vo-dɛɔ laam ma zaŋe ko fula ye ko mage na bam. 19Yezu tɔgena bam ma yuŋi nabworo kom ba vo ba yi nenɛɛne mɛɛla yatɔ. Ba laam ma na Yezu na vei na bam baŋa ne o maa beene ba tei. Foone ma zo-ba. 20Yezu ma ta-ba o we, “Yé ta‑á kɔre-na foone, se ko ye amo mo.” 21Ba ma boŋe se ba pa Yezu zo nabworo kom, de ba pɔpɔ ba yi bubɛ jei selo ba na maa vei to.
Yezu pae nɔɔna nae ŋwea Wɛ tei ne
22Tega na poore to, nɔn-kɔgɔ kolo na maŋe naneo kom bubɛ dedwoŋi dem ne to ma maane we nabworo dedoa yerane ya mo wora. Ba maa yei we Yezu kwaga tɔgena bam kɛ ba daare‑o mo, ye o wo dɛ o zo ba nabworo kom o kɛ. 23Nabwooru tedwonna na nwoŋi Tiberia te ba to laam ma yi bubɛ delo nɔn-kɔgɔ kom na wora to. Ko maa ye jei selo dé Teiru Yezu ya na ke Wɛ lei wodiiru tem ŋwaane ye o daare o pa nɔɔna bam di to. 24Nɔɔna bam na lɔre we Yezu de o kwaga tɔgena bam daa tera to, ba ma zo nabwooru tem wo ba maa vei Kaparenia se ba beeri‑o.
25Nɔɔna bam na bɛ naneo kom to, ba ma na Yezu. Ba ma bwei‑o ba we, “Berem tu, maŋa kɔ mo n tu ywoba?” 26Yezu ma leiri-ba o we, “A tɛ abam chega ŋwaane to, abam na kare á beeri amo tei to, ko dae á na nɛ wo-kenkagela yalo na bere we Wɛ toŋe-ne to ŋwaane. Ko nam ye á na di wodiiru tem á daare to ŋwaane mo á lage amo. 27Abam nam yé ta‑á toŋa á lage wodiu kolo na wó ba ko pɔ to yerane. Ko daare, ta‑á ke kolo na wó pa á na ŋwea kalo na ba jege kweelim Wɛ tei ne to. Amo wolo na ye Nabiin-bu wom to wó pa á na wodiu konto dwoŋi, kolo ŋwaane a Kwo Wɛ mo tiŋi-ne se a taa toŋa a pa‑o.”
28Ba laam ma bwei‑o ba we, “Debam nam wó ke tɛ mo se dé taa toŋe Wɛ totoŋa?” 29O ma leiri-ba o we, “Totoŋe delo na jege kuri Wɛ tei ne to mo tento: O lage se á sɛ wolo wom o na toŋe to mo.”
30Ba ma ta ded‑o ba we, “Wo-kenkagele dwi dɔ mo nmo wó ke se dé wane dé lɔre we Wɛ seene o toŋe nmo, se dé laam sɛ dé pa nmo? Nmo wó ke bɛ mo? 31Faŋa faŋa to, dé nabaara déem na wo kagoa yuu ne maŋa kalo to, ba di wodiu kolo yere na ye ‘Manna’ to, ne Wɛ tɔnɔ kom na tage tei ko we, ‘O pɛ-ba wodiu kolo na nwoŋi Wɛ telaao ne to pa ba di.’ ” 32Yezu ma leiri-ba o we, “A tɛ abam chega ŋwaane to, ko dae Moses mo pɛ abam wodiu kolo na nwoŋi Wɛ telaao ne to. Ko nam ye amo Kwo Wɛ mo pae abam wodiu chekke kolo na seene ko nwoŋi telaao ne to. 33Wɛ wodiu kom ye kolo na nwoŋi telaao ne ye ko tu logo baŋa ko pae nabiina ŋwea Wɛ tei ne to.” 34Ba ma ta ded‑o ba we, “Debam tu, ta‑n pae debam wodiu kom konto maŋa maama.”
35Yezu ma ta-ba o we, “Amo mo ye wodiu kolo na pae nɔɔna ŋwea Wɛ tei ne to. Wolo maama ná sɛ se o ba amo tei, kana daa bá ja konto tu. Wolo maama ná ke o wo-dedoa de amo, na-nyɔm daa bá ja kotu. 36Amo maŋe a ta a bere abam we, á yia nɛ-ne ye á ta ba jege wo-dedoa de amo. 37Ko daare wolo maama amo Kwo Wɛ na ke amo jeŋa ne to wó ba a tei. Wolo maama nam ná tu amo tei, a bá fɔge a zeili kotu. 38Kolo ŋwaane amo nwoŋi Wɛ telaao ne a ba se a ke wolo wom na toŋe-ne to boboŋa mo, se ko dae amo tete boboŋa. 39Wolo wom na toŋe-ne to boboŋa na lage kolo to mo ye se a yé yage pa balo maama o na ke amo jeŋa ne to wolowolo jei, se a daare a pa ba maama bi logo baŋa kweelim dɛ dem ne. 40Amo Kwo Wɛ boboŋa lage se wolo maama ná jege teena o Bu wom tei ne ye o ke o wo-dedoa ded‑o, se konto tu na ŋwea kalo na ba jege kweelim o tei ne to. Amo wó seene a bi konto tu logo baŋa kweelim dɛ dem ne pa se o na Wɛ ŋwe-doŋa kam konto.”
41Yezu na tage konto to, Juu tiina dedɛɛra bam maa jege‑o ba poona de o na tage o we, omo mo ye wodiu kolo na nwoŋi Wɛ telaao ne to. 42Ba maa tɛ ba we, “Nɔɔno wonto dae Yezu wolo na ye Josɛf bu to mo na? Dé yei o kwo de o nu. Bɛ mo ye o wane o ta we, o nwoŋi Wɛ telaao ne mo o ba?”
43Yezu ma leiri-ba o we, “Yage-na á pompona kam. 44Nɔɔn-nɔɔno bá wane o ba amo tei, ye ko dae we amo Kwo Wɛ mo wó vaŋe konto tu jeŋa se o ba amo tei. Amo wó bi konto tu logo baŋa kweelim dɛ dem ne. 45Ko popone faŋa faŋa Wɛ sampwori tɔnɔ kom ne ko we, ‘Ba maama wó zamese Wɛ tete tei ne.’ Wolo maama nam na jwoŋi a Kwo Wɛ taane dem ye o kwori o zamese-de to wó ba amo tei. 46Ko nam dae we nɔɔno yia mo nɛ amo Kwo Wɛ, se amo wolo na nwoŋi o tei to yerane mo nɛ‑o. 47A tɛ abam chega ŋwaane to, wolo na ke o wo-dedoa de amo to mo jege ŋwea Wɛ tei ne. 48Amo ye wodiu kolo na pae nɔɔna ŋwea Wɛ tei ne to. 49Faŋa faŋa to, abam nabaara déem na wo kagoa kam wone to, ba di wodiu kolo yere na ye ‘Manna’ to mo, ye ba ta wo lugi toone wone. 50Ko daare ko ná ye wodiu kolo na seene ko nwoŋi Wɛ telaao ne to, wolo ná di-ko, toone daa bá ja konto tu Wɛ yiga ne. 51Amo ye wodiu kolo na nwoŋi Wɛ telaao ne ye ko jege jworo ko pae nabiina to. Wolo maama na di wodiu kom konto to wó na ŋwea Wɛ tei ne se ko taa vei wuu. Wodiu kolo amo na wó kwei a pa nɔɔna to ye a ya-nɔna mo, se ko pa nabiina taa jege ŋwea Wɛ tei ne.”
52Yezu na tage konto to, Juu tiina dedɛɛra bam laam ma tiini ba mage ni-kantɔgɔ daane ba we, “Nɔɔno wonto wó ke tɛ mo o pa debam o ya-nɔna yam se dé di?” 53Yezu ma ta de-ba o we, “A tɛ abam chega ŋwaane to, abam wolo ná wo di amo Nabiin-bu wom ya-nɔna yam ye o daare o nyɔ a jana bam, Wɛ ŋwe-doŋa kam bá zo kotu bochare. 54Wolo nam ná di a ya-nɔna yam ye o daare o nyɔ a jana bam, konto tu jege ŋwea Wɛ tei ne. Amo wó bi‑o logo baŋa kweelim dɛ dem ne. 55Amo ya-nɔna yam mo ye wodiu kolo na ye chekke to, de a jana bam de. 56Wolo na di amo ya-nɔna yam, ye o daare o nyɔ a jana bam to me de amo, ye amo tigi konto tu bochare ne. 57Amo Kwo Wɛ na ye ŋwea tu to mo toŋe-ne. Ko nam ye wonto ŋwaane mo amo de jege ŋwea. Ko nam ye bedwe mo de wolo ná di amo ya-nɔna yam, konto tu wó taa ŋwe amo ŋwaane. 58Konto mo seene ko ye wodiu kolo na nwoŋi Wɛ telaao ne to. Konto nam ba nye de wodiu kolo abam nabaara bam na di ye ba daare ba te to. Wolo maama na di wodiu kom konto to wó na ŋwea Wɛ tei ne se ko taa vei wuu.”
59Mo Yezu déem na tage tei Kaparenia ne o bere balo na wo Juu tiina jeerim diga kam wone to. 60Yezu kwaga tɔgena bam dedɛ na nigi konto to, ba ma ta ba we, “O taane dem tiini de dana. Nɔɔn-nɔɔno bá wane o jwoŋi-de.”
61Yezu ma lɔre o kwaga tɔgena bam na poona de o taane dem tei. O laam ma ta de-ba o we, “A taane dem konto pɛ abam boboŋa chɔge mo na? 62Ko na ye konto to, á ná nɛ Nabiin-bu wom na maa jwoori o diini Wɛ telaao o na maŋe o nwoŋi mɛ to, abam wó wane á sɛ konto na? 63Ko ye Wɛ Sin-laao kom mo pae nɔɔna ŋwea o tei ne. Ko daare nabiina dam bá wane kolokolo de ke. Amo na tage taane delo de abam to bere Wɛ na wó fɔge nabiina bochara de o ŋwe-doŋa kam tei to. 64De konto de, abam badaara ta wo sɛ.” Yezu tage konto kolo ŋwaane boboa ne mo o maŋe o yei balo na bá sɛ‑o to, de wolo na wó ba o yeigi‑o o pa nɔɔna to. 65O daa ma ta o we, “Konto ŋwaane mo amo tage a bere abam we, nɔɔn-nɔɔno bá wane o ba amo tei, ye ko dae we amo Kwo Wɛ mo tiŋi chwoŋa o pa kotu.”
66Konto na ke to, o tɔgena dedɛ ma jwoori o kwaga ne, ye ba daa ba tɔge‑o. 67Yezu laam ma ta de o tontoŋena fuga-balei bam o we, “Abam de wó taa lage se á yage amo na?” 68Simon Piita ma leiri‑o o we, “Amo tu, se dé laam vo wɔ tei? Nmo mo ŋɔɔne taane delo na pae nɔɔna ŋwea Wɛ tei ne to. 69Debam laam sɛ nmo, ye dé ba dé lɔre we, nmo ye Wo-pwoŋo Tu wolo Wɛ na toŋe to mo.”
70Yezu ma ta de-ba o we, “Amo le abam fuga-balei bam, abam dedoa nam ye setaane nyem mo.” 71O na tage konto to, ko ye Judas wolo na ye Simon Yisakara bu to taane mo. Wonto tɔge o wo Yezu tontoŋena fuga-balei bam wone, ye o laam wó ba o yeigi Yezu o pa nɔɔna.",https://www.bible.com/bible/3661/JHN.6.KBG
JƆN 7,"Yezu wo Jerusalem ne o bere nɔɔna
1Yezu déem maa wo Galili ne o beera. O déem maa ba lage se o vo Judea o beeri da, kolo ŋwaane Juu tiina balo na wo dáane to lage chwoŋa mo se ba go‑o. 2Ko déem ma daare fee se Juu tiina di ba kuri delo yere na ye ‘Vwoa chwiim kuri’ to. 3Yezu nyaana ma ta ded‑o ba we, o yage Galili jei sem se o daare o vo Judea se o kwaga tɔgena bam wane ba na totoŋa yalo o na jege o ke to. 4Ba ta maa we, “Nɔɔno wolo na lage se o yere zaŋe jei maama ne to ba seigi kolo o na ke to. Konto ŋwaane, nmo ná lage n ke wonnu tento, n jege se n ta‑n ke-te jaja nabiina maama yiga ne mo, se n yé seigi-te.” 5Ba na tage tei to bere we ba tete ta wo ke ba wo-dedoa ded‑o.
6Yezu ma ta de-ba o we, “Amo maŋa kam ta wo yi se a vo a di kuri dem. Ko nam ná ye abam, maŋa maama lana ka pa abam mo. 7Nabiina bá wane ba taa chuli abam. Ba nam chuli amo, kolo ŋwaane amo yɔɔre a tɛ-ba jaja mo we ba kikia ba tɔge chwoŋa. 8Abam nam véi-na á di kuri dem, se amo ta bá vo leile, kolo ŋwaane amo maŋa kam ta wo yi ka ti se a bere a tete jaja.” 9O na tage konto to, o ma maŋe Galili ne.
10Yezu nyaana bam na kɛ ba daare to, o de laam ma zaŋe o vo kuri dem. O na vei konto to, o maa wo vei jaja se nɔɔna lɔre ko ni ne. 11Juu tiina balo na wo kuri dem ne to maa kare ba beeri‑o ye ba we, “O wo yei ne mo?” 12Nɔn-kɔgɔ kom na wora to maa tiini ba jege o taane ba waasa. Nɔɔna badwonna maa tɛ ba we, “O ye nɔn-ŋom mo.” Badaara maa tɛ ba we, “Aawo, o dae konto, se o jege nɔɔna bam o gane mo.” 13Nɔɔn-nɔɔno nam wo tage o taane jaja, ba na kɔre Juu tiina dedɛɛra bam to ŋwaane.
14Ba na di kuri dem ba yi de da yam tetare to, Yezu laam ma vo o zo Wɛ diga kam o wora o bere nɔɔna. 15Juu tiina dedɛɛra bam maa tiini ba ye yaau. Ba maa tɛ ba we, “Nɔɔno wonto nam wo zamese tɔnɔ nɔɔn-nɔɔno tei ne, ye o yi ke tɛ mo de poore de yei Wɛ tɔnɔ kom konto dwoŋi?”
16Yezu ma leiri-ba o we, “Amo na bere tei to dae amo tete nyem, se ko ye wolo na toŋe-ne to nyem mo. 17Wolo nam ná boŋe se o ke Wɛ boboŋa na lage kolo to, konto tu wó lɔre amo berem dem kuri na nwoŋi mɛ to, de ná ye Wɛ nyem mo naa ko ná ye amo tete dam mo a ma a bera. 18Nɔɔno wolo ná ŋɔɔne de o tete dam, konto tu kwaane se o na yere mo o pa o tete. Ko daare wolo nam ná kwaane se o lage yere o pa wolo na toŋe‑o to, konto tu mo ye wolo na jege chega, ye o ba jege tusim kolokolo baŋa ne. 19Moses nam maŋe o pa abam lɔre Wɛ nia yam. Abam wolowolo nam ba tɔge-ya. Bɛ mo ye abam kwaane á lage chwoŋa se á go amo?”
20Ba ma leiri‑o ba we, “N yirisi mo. Nɔɔn-nɔɔno ba lage nmo gom.” 21Yezu ma leiri-ba o we, “Amo ke totoŋ-kamunu dedoo siu dɛ ne, ye abam ye yaau. 22Moses déem pɛ abam ni se á ta‑á gwoni á bia peina. Ko nam maŋe ko dae we Moses mo pɛ se ko bobo. Ko nam ye abam nabaara mo bobo-ko. Moses na pɛ abam ni dem konto to, abam wae á gwoni á bia peina siu dɛ dem ne, se ko yé pa á chɔge Wɛ ni dem konto. 23Abam na jege chwoŋa se á ke konto dwoŋi siu dɛ dem ne to, bɛ mo ye abam jege ban-zɔŋɔ de amo na yɔɔre jaweeno siu dɛ dem ne pa o na yazura to ŋwaane? 24Abam nam yé ta‑á gare á yaale nɔɔno keim. Á nam jege se á boŋe mo á nii kolo amo na ke to, se á laam daare á bore chega bora.”
Juu tiina dedɛɛra kwaane se ba ja Yezu
25Nɔɔna balo na zoore Jerusalem ne to badaara laam maa tɛ Yezu taane ba we, “Ko dae nɔɔno wonto mo ba kwaane se ba go na? 26Nii-na o na ke tei. O zege o ŋɔɔne mo jaja, ye nɔɔn-nɔɔno nam ba tɛ kolokolo se ba che‑o. Debam dedɛɛra bam daa wo boŋe we wonto mo ye Wɛ Dam Tu Krista wom naa bɛ mo? 27Debam maama yei wonto na nwoŋi mɛ to. Ko nam ná ye Wɛ Dam Tu wom, nɔɔn-nɔɔno bá taa yei o na nwoŋi mɛ.”
28Yezu déem na wo Wɛ diga kam wone o bere nɔɔna to, o ŋɔɔne de kwor-dɛa mo o we, “Ko ye chega mo, abam yei amo, ye á kwori á yei amo na nwoŋi mɛ to. Amo nam wo tu a tete ne, se ko ye nɔɔno mo toŋe-ne, ye wonto ye chekke mo. Abam nam yeiri‑o. 29Amo mo yei‑o, kolo ŋwaane a nwoŋi o tei mo, ye wonto nam mo toŋe-ne.”
30Yezu na tage konto to, ba laam ma kwaane se ba ja‑o. O maŋa kam ta na wo yi to, nɔɔn-nɔɔno wo nɛ chwoŋa se o ke‑o kolokolo. 31Ko daare nɔn-kɔgɔ kom wo nɔɔna dedɛ ma ke ba wo-dedoa ded‑o, ye ba tɛ ba we, “Wɛ Dam Tu wom ná tua, o bá wane o ke wo-kenkagela dedɛ se ko dwoni wonto na maŋe o ke tei to.”
32 Farisi tiina bam ma ni nɔn-kɔgɔ kom na waasa wonnu tento ba tɛ Yezu taane tei to. Ba de Wɛ kaanem yiga tiina bam laam ma toŋe ba nɔɔna se ba vo ba ja Yezu.
33Yezu laam ma ta o we, “Amo bá tiini a dáane abam tei ne. Ko ná ke fee, amo wó jwoori a vo wolo wom na toŋe-ne to tei. 34Abam nam wó beeri amo jei á ga, kolo ŋwaane amo na wo mɛ to, abam bá wane da á vo.” 35O na tage konto to, Juu tiina dedɛɛra bam maa ŋɔɔne daane ba we, “O boŋe se o vo yei ne mo ye debam bá na‑o? O ga boŋe se o vo Juu tiina balo na zoore Girisi tiina teene dem ne to tei mo, se o taa bere-ba na? 36Dé yeiri o taane dem kuri de o na tage o we, debam wó beeri omo jei dé ga, ye o ta we, omo na wo mɛ to, debam bá wane da dé vo.”
37Ko déem ma ba ko yi kuri dem tiim dɛ. Dɛ dem konto mo ye kuri dem dɛ-kamunu. Dɛ dem konto ne Yezu maa zege da o ŋɔɔne de kwor-dɛa o we, “Na-nyɔm ná jege wolo maama, se o ba amo tei o nyɔ. 38Kokuri, wolo maama na ke o wo-dedoa de amo to wó na ŋwe-doŋa Wɛ tei ne, nenɛɛne Wɛ tɔnɔ kom na maŋe ko bere tei ye ko we, ‘Na balo na jege jworo ba pae nabiina to wó taa buri konto tu bochare ne.’ ” 39Yezu na tage na bam taane konto to, ko ye se o bere Wɛ na wó ke o Sin-laao kom balo na sɛ omo to bochara ne tei to mo. Kanto maŋa ne Wɛ Sin-laao kom ya daa ta wo tu ba tei, Yezu daa ta na wo jwoori o bi o na nenɔŋ-fɔrɔ Wɛ tei ne to ŋwaane.
40Nɔn-kɔgɔ kom déem na nigi Yezu na tage tei to, nɔɔna badaara maa tɛ ba we, “Nɔɔno wonto seene o ye Wɛ ni-jwoŋinu wolo na maŋe se o ba to mo.” 41Badaara de maa tɛ ba we, “O ye Wɛ Dam Tu Krista mo.” Ko daare ye badaara de tɛ ba we, “Ko dae‑o. Wɛ Dam Tu wom ná tua, o bá nwoŋi Galili. 42Wɛ tɔnɔ kom bere we, Wɛ Dam Tu wom wó taa ye Pɛ David dwi tu mo ye o nwoŋi Bɛtelehem, teo kolo David déem na zoore da to.” 43Konto baŋa ne, popɔra déem ma ba nɔn-kɔgɔ kom wo Yezu ŋwaane. 44Badaara lage se ba ja‑o, ye nɔɔn-nɔɔno nam wo nɛ chwoŋa se kotu ke‑o kolokolo.
45Wɛ kaanem yiga tiina bam de Farisi tiina bam na toŋe nɔɔna balo to ma jwoori ba vo ba tei. Ba ma bwei-ba ba we, “Bɛ mo ye á wo jaane‑o á ba?” 46Nɔɔna bam ma leiri-ba ba we, “Nɔɔn-nɔɔno wo fɔge o ŋɔɔne se ko maŋe de nɔɔno wom konto na ŋɔɔne tei to.” 47Farisi tiina bam ma ta-ba ba we, “Abam pɛ se o gane abam de mo na? 48Debam de dé dedɛɛra bam wolowolo wo sɛ‑o. Abam yeiri konto na? 49Ko nam ná ye nɔn-kɔgɔ kom konto, banto yeiri Wɛ nia yam Moses déem na tiŋi o pa debam to. Konto ŋwaane, Wɛ sɔɔlem wo ba yuu ne.”
50Farisi tiina bam nɔɔno dedoa déem maa tɔge o wora, o yere mo Nikodema. Wonto mo ye wolo ya na maŋe o vo Yezu tei to. O ma zaŋe o ta de o dwonna bam o we, 51“Ko ná ye Wɛ nia yam Moses na tiŋi o pa debam to, ya bere we ko chula se dé chɔge nɔɔno, ye dé ta wo bwei‑o dé nii o na ke kolo to.” 52Ba laam ma leiri ba we, “Nmo de ye Galili tu mo na? Buŋi jei maama ne, se nmo wó na we, Wɛ ni-jwoŋinu tera o na wó nwoŋi Galili ne.”
[53Ba maama ma jage ba vo ba sam.",https://www.bible.com/bible/3661/JHN.7.KBG
JƆN 8,"1Ko daare Yezu déem ma vo o di Olivi peo kom yuu.
Kaane wolo na ke kabwoŋa to taane
2Tega na poore tetete to, Yezu ma jwoori o vo o zo Wɛ diga kam. Nɔn-kɔgɔ kom maama ma ba ko gilimi‑o. O ma jeini tega ne o wora o bere-ba. 3Wɛ nia zamesem tiina bam de Farisi tiina bam ma ja kaane wolo ba na peere‑o bwoorim baŋa ne to ba ba ba zege ba maama yiga ne. 4Ba ma ta de Yezu ba we, “Berem tu, debam peere kaane wonto bwoorim baŋa ne mo. 5Moses na tiŋi Wɛ nia yam o pa debam to, o pɛ debam ni se, kaane ná ke keim dento dwoŋi, se dé dole‑o dé go. Ko nam ná ye nmo, n we dé ke tɛ mo?” 6Ba na bwei‑o konto to, ba lage se ba maŋe Yezu mo ba nii, ba wó wane ba ja‑o na, se ba laam saŋe‑o.
Yezu ma tiiri o ma o noa o la tega ne. 7Ba maa zege da ba tiini ba bwei‑o taane dem. O laam ma kwoni wɛɛne ye o ta-ba o we, “Abam wolo na wo ke wɛleere to wae o tɔge yiga o kwei kandwɛ o ma dole kaane wom.” 8O laam ma jwoori o tiiri ye o wora o la tega kam de o noa.
9Ba na nigi o na tage tei to, ba nakwa bam mo dɛ yiga ba nwoŋi dedoa dedoa ba viiri. Ba maama ma nwoŋi ba daare Yezu yerane, ye kaane wom daa ta zege da. 10O ma kwoni wɛɛne, ye o bwei kaane wom o we, “Ba vei yei ne mo? Nɔɔn-nɔɔno wo daare se o ŋɔɔne o chɔge nmo na?” 11O ma leiri o we, “Amo tu, ba wolowolo daa wo daare.” Yezu ma ta o we, “Amo de nam bá ŋɔɔne a chɔge‑m. Véi, se ko zege zem se n daa‑n yé tusi.”]
Yezu bere we o jege chega
12Yezu déem ma ta de nɔn-kɔgɔ kom o we, “Amo mo ye pwooni a pae nabiina maama. Wolo nam ná tɔge amo, konto tu daa bá beeri lim wone. Konto tu na nɛ ŋwea chekke to, pwooni wó taa wo o tei ne.”
13 Farisi tiina bam ma ta ded‑o ba we, “Nmo na pae n tete chega to bere we n taane dem ba jege kuri.” 14O ma leiri-ba o we, “Amo ni taane dem seene de ye chega mo. Amo ná maŋe a pa a tete chega, ko ta ye chega mo, kolo ŋwaane amo yei we Wɛ mo toŋe-ne. Abam nam yeiri amo na nwoŋi mɛ, de mɛ amo na wó vo to. 15Abam ná bore nɔɔna daane, á yeini á ma nabiina boboŋa mo, ye ko dae Wɛ boboŋa. Amo nam ba bore nɔɔn-nɔɔno bora. 16Ko daare, amo ná bore nɔɔna bora, amo borem dem wó taa ye chega, kolo ŋwaane a Kwo mo toŋe-ne ye o zege a chega kam kwaga ne. Ko dae amo yerane mo wó di nɔɔna taane. 17Ko popone Moses nia twanno tem wone we, nɔɔna balei ná jege ni dedwe, ye ba ná tage kolo, ko ye chega mo. 18Amo ye wolo na pae a tete chega, ye amo Kwo na toŋe-ne to de zege a kwaga ne o ŋɔɔna, ye dé jege ni dedwe.”
19Ba ma bwei‑o ba we, “N kwo wom bɛ?” O ma leiri-ba o we, “Abam yeiri amo na ye wolo to, de amo Kwo wom de. Á ya ná yei amo, á ya wó lɔre amo Kwo wom de.”
20Yezu déem tage wonnu tento o bere nɔɔna Wɛ diga kam konkɔlɔ kom ne, jeiga kalo Wɛ pɛɛra dakaa kam na wora to. O na tage konto o ti to, nɔɔn-nɔɔno maa wo nɛ chwoŋa se o ja‑o, o maŋa kam ta na wo yi to ŋwaane.
21Yezu daa ma ta de nɔn-kɔgɔ kom o we, “Amo wó viiri a daare abam, ye á nam wó beeri amo jei á ga, kolo ŋwaane abam wɛleera yam wó taa wo á yuu ne taa, se ko vo ko yi á toone maŋa. Amo na wó vo mɛ to, abam bá wane da á vo.” 22Juu tiina bam maa tɛ ba we, “O na tage o we, debam bá wane dé vo o na wó vo mɛ to, ko bere we o lage o go o tete mo na?”
23O ta ma ta de-ba o we, “Abam ye logo baŋa nɔɔna mo, amo nam nwoŋi wɛyuu mo. Abam kugu jei ye logo baŋa ywo mo. Amo kugu jei nam dae logo konto. 24Konto ŋwaane mo amo tage a bere abam we, á wɛleera yam wó taa wo á yuu ne taa, se ko vo ko yi á toone maŋa. Abam ná wo sɛ we, amo mo seene a ye wolo na wora taa to, á wó te ye á wɛleera yam ta wo á yuu ne.” 25Ba ma bwei‑o ba we, “Nmo ye wɔ mo?” O ma ta-ba o we, “Ko ye kolo amo na maŋe a ta a bere abam to mo. 26Amo jege wonnu dedɛ se a maa ŋɔɔne abam taane a chɔge abam. Wolo wom na toŋe-ne to nam tiini o ye chega tu mo. Amo na nigi kolo o tei ne to yerane mo a tɛ a bere nabiina.”
27Yezu na tage wonnu tem konto to, ba wo lɔre we ko ye o Kwo Baŋa Wɛ taane mo o ŋɔɔne de-ba. 28O laam ma ta de-ba o we, “Maŋa wó ba ye á kwei amo wolo na ye Nabiin-bu wom to á zeiŋi wɛɛne. Á laam wó lɔre we amo seene a ye wolo na wora taa to. Abam ta wó lɔre we amo ba ke kolokolo a tete ne. Amo nam yeini a tɛ wonnu telo amo Kwo wom na bere-ne to yerane mo a bere nɔɔna. 29Wolo wom na toŋe-ne to wo amo tei ne, ye o wo yage-ne a yerane, kolo ŋwaane a yeini a ke kolo na pwoli o wo to mo.”
30Yezu déem na wora o ŋɔɔna konto dwoŋi to, nɔɔna dedɛ laam ma ke ba wo-dedoa ded‑o.
Bia tɔge ba kwoa kikia
31Yezu laam ma ta de Juu tiina balo na sɛ‑o to o we, “Abam ná tɔge amo berem dem ye á wo yage, á wó yɔɔre á ta‑á ye amo tɔgena mo. 32Abam laam wó ba á lɔre chega, ye chega kam wó jwoŋi abam ka yage se á ta‑á tei á tete.” 33Ba ma leiri‑o ba we, “Debam ye Abaraham dwi tiina mo, ye dé nam wo fɔge dé ji nɔɔn-nɔɔno kabɛ. Bɛ ŋwaane mo ye n ta n we, dé wó taa tei dé tete?”
34O ma ta de-ba o we, “A tɛ abam chega ŋwaane to, wolo maama na paale o ke wɛleera to ye wɛleera kabaa mo. 35Ko nam ná ye kabaa, ka yeini ka ba zoore ka tu sɔŋɔ ne taa taa. Ko nam ná ye sɔŋɔ kom bu, wonto jege kugu jei se ko taa vei wuu. 36Konto ŋwaane, Wɛ Bu wom ná jwoŋi abam o yage, á wó seene á ta‑á tei á tete. 37Amo yei we abam seene á ye Abaraham dwi tiina mo. Abam nam ta maa kwaane se á go amo, kolo ŋwaane amo berem dem tera á bochara ne. 38Amo déem na wo a Kwo tei ne ye a lɔre wonnu telo to mo a yeini a ŋɔɔna. Abam nam yeini á ke kolo abam kwo na pɛ á lɔre to mo.”
39Ba ma leiri‑o ba we, “Debam kwo mo Abaraham.” O ma ta-ba o we, “Abam ya ná seene á ye Abaraham bia, á ya wó ta‑á ke kikia yalo Abaraham déem na ke to mo. 40Amo tage chega kalo a na nigi Wɛ tei ne to a bere abam, ye abam kwaane se á go-ne. Abaraham nam wo ke abam keim dem konto dwoŋi. 41Abam yeini á ke kikia yalo á kwo na ke to mo.”
Ba ma leiri‑o ba we, “Debam dae tampira. Wɛ tete yerane mo ye debam Kwo.” 42O ma ta de-ba o we, “Baŋa Wɛ ya ná ye abam Kwo, á wó ta‑á swoi amo, kolo ŋwaane amo nwoŋi Wɛ tei mo, ye a laam wora de abam. Amo wo tu a tete ne. Wɛ nam mo toŋe-ne. 43Bɛ mo ye abam ba lɔra amo taane dem? Ko nam na ye tei to, á boboŋa mo ware ya tɔge amo berem dem. 44Abam nam ye á kwo setaane nyem mo. Á ma‑á lage se á ta‑á ke wonto boboŋa na lage tei to. Boboa ne to o maŋe o ye nɔn-goro mo. O ba fɔge o tɔge chega chwoŋa, kolo ŋwaane chega tera o bochare ne. O ná yeini o fɔ vwa, ko ye mo o boboŋa na maŋe ya ye tei. O ye vwa-fɔro mo. Wonto nam mo ye vwa-nyena kwo. 45Ko ná ye amo, a yeini a tɛ chega mo. Konto ŋwaane mo abam ba sɛ amo. 46Abam wɔ mo wó wane o bere we amo ke a chɔge? Amo na ŋɔɔne chega to, bɛ mo ye á ba sɛ-ne? 47Wolo na ye Wɛ nyem to cheigi Wɛ botare mo. Abam nam na dae Wɛ nɔɔna to mo pae á ba cheiga.”
Yezu bere we o dwoi Abaraham
48Juu tiina dedɛɛra bam ma ta de Yezu ba we, “Nmo seene n ye Samaria tu. N nam yirisi mo. Vwa mo dé fɔ na?” 49O ma leiri-ba o we, “A ba yirisa. Amo pae a Kwo wom mo zula. Ko daare abam yiga nam tera amo wone. 50Amo ba kwaana se a na yere a pa a tete. Wɛ nam mo lage se konto ke, ye wonto mo bore nɔɔna daane. 51A tɛ abam chega ŋwaane to, wolo maama ná toŋe o tɔge amo berem dem, toone daa bá ja konto tu.”
52Juu tiina bam laam ma ta ded‑o ba we, “N taane dem nmo na tage to pɛ se dé lɔre we n yirisi mo. Abaraham déem tega, ye Wɛ sampwori sem de maama te. Nmo nam ta tage n we, wolo ná toŋe o tɔge nmo berem dem, toone daa bá ja konto tu. 53Nmo ye nɔn-kamunu n dwoi debam kwo Abaraham mo na? Wonto nam tega. Wɛ sampwori sem de ma te. Nmo bere n tete we n ye wɔ mo?” 54O ma leiri-ba o we, “Amo ya ná lage yere a pa a tete, konto ye kafɛ mo. Ko ye amo Kwo Wɛ mo zeiŋi a yere, ye ko nam ye wonto ŋwaane mo abam yeini á mage á nyɔɔna á tɛ we, Wɛ delo á na sɛ to. 55Abam nam yeiri‑o, ye amo yei‑o. Amo ya ná tage a we, a yeiri‑o, a ya wó taa ye vwa-nyem mo, nenɛɛne abam tei. Amo nam seene a yei‑o, ye a toŋe a tɔge o berem dem. 56Abam kwo Abaraham déem jege wopwolo se o na da yam amo na wó taa wora to. O nam seene o na-ya, ye o wo pwoli.”
57Ba ma ta ded‑o ba we, “Nmo nam ta wo yi bena finnu. Nmo ke tɛ mo n na Abaraham?” 58O ma leiri-ba o we, “A tɛ abam chega ŋwaane to, ba déem ta na wo loge Abaraham to, amo maŋe a wora mo.” 59Yezu na tage konto to, ba ma kwei kandwa se ba ma dole‑o ba go. O laam ma seigi o nwoŋi Wɛ diga kam wone.",https://www.bible.com/bible/3661/JHN.8.KBG
JƆN 9,"Yezu puri lilwei yia
1Yezu déem ma vo o maa kɛa. O ma na nɔɔno wodwoŋi ba na maŋe ba lo‑o ye o ye lilwei. 2O kwaga tɔgena bam ma bwei‑o ba we, “Berem tu, wɔ keim-balwaaro mo pɛ ba lo nɔɔno wom ye o ye lilwei? Ko ye o tete keim-balwaaro mo naa o tiina keim-balwaaro mo tei konto?” 3Yezu ma leiri-ba o we, “O na ye lilwei to, ko dae o tete mo na ke wo-balwaaro naa o tiina mo na ke to ŋwaane. Ko nam ye se nɔɔna mo wane ba lɔre lanyerane we Wɛ jege dam, de o na wó ke wo-kenkagele o pa‑o tei to. 4Wɛ mo toŋe-ne. Debam nam jege se dé taa ke o totoŋa yam mo ye wea ta wora. Maŋa daare fenfee yerane se dé taa toŋa. Tega lage ka yi, ye nɔɔn-nɔɔno daa bá wane o toŋe Wɛ totoŋa yam. 5Amo ye pwooni tu mo. Amo ta ná wo logo baŋa ne, pwooni wó taa wo nabiina tei ne.”
6O na tage konto o ti to, o laam ma twe lileeru o de tega ne. O ma viiri teero de-te, ye o daare o ke-te nɔɔno wom yia ne o pupugi. 7O ma ta de nɔɔno wom o we, o véi o su o yia yam Siloam chɔgɔ kom ne. (Chɔgɔ kom yere dem kuri mo ‘Atoŋe’.) Nɔɔno wom ma vo o su o yia yam. O ma jwoori o ba ye o laam nae fase.
8O sɔŋɔ tiina de balo maama na maŋe ba yei‑o ye o ye lwooru to ma na‑o, ye ba tɛ ba we, “Ko dae nɔɔno wonto mo yeini o jei o lwoori to na?” 9Badaara maa tɛ ba we, “Ko ye wonto mo.” Badaara maa we, “Ko dae wonto, se ba nye daane mo.”
Nɔɔno wom tete ma ta o we, “Amo mo konto.” 10Ba ma bwei‑o ba we, “Nmo yia yam ke tɛ mo ya puri?” 11O ma leiri o we, “Nɔɔno wolo yere na ye Yezu to mo ke teero o ma pupugi amo yia yam, ye o ta-ne o we, a véi Siloam chɔgɔ kom a su a yia yam. A ma vo a su, ye a laam nae.” 12Ba ma bwei‑o ba we, “Konto nɔɔno wom bɛ?” O ma leiri-ba o we, “Amo yeiri o jei.”
13Ba laam ma ja nɔɔno wolo ya na ye lilwei to ba ja vo Farisi tiina bam tei. 14Dɛ dem Yezu déem na ke teero tem o ma puri nɔɔno wom yia yam to ya ye Juu tiina siu dɛ mo. 15Konto ŋwaane Farisi tiina bam daa ma bwei nɔɔno wom ba we, o yia yam ke tɛ mo ya puri? O ma ta-ba o we, “O ke teero mo a yia ne. A ma su-ya, ye a laam nae.”
16Farisi tiina bam badaara ma ta ba we, “Nɔɔno wom na ke konto to, o wo nwoŋi Wɛ tei, kolo ŋwaane o ba tɔge siu dɛ chullu tem.” Badaara de maa tɛ ba we, “O nam na ke wo-kenkagela yanto dwoŋi to, o bá wane o taa ye nɔn-chechɔgero. Wɛ mo wo o tei ne.” Konto ma pa popɔra ba ba wone.
17Ba laam ma jwoori ba bwei nɔɔno wom ba we, “O nam na pɛ nmo yia yam puri to, nmo nam tɛ o taane n we bɛ mo?” O ma leiri o we, “O ye Wɛ ni-jwoŋinu mo.”
18Juu tiina dedɛɛra bam maa ba lage se ba sɛ we nɔɔno wom ya maŋe o ye lilwei mo, ye o laam ba o nae. Konto ŋwaane, ba ma bwoŋi nɔɔno wom tiina se ba bwei ba nii. 19Ba ma bwei-ba ba we, “Abam bu mo tento na? Ba loge‑o lilwei mo na? O nam ke tɛ mo o nae leile konto?” 20Nɔɔno wom tiina bam ma leiri ba we, “Debam yei we o ye debam bu mo. Dé ta yei we ba loge‑o lilwei mo. 21Dé nam yeiri o laam na ke tei o nae, ye dé ta yeiri wolo na puri o yia yam. Abam nam bwei-na o tete, se o ye nɔn-kweo mo. O tete wó wane o leiri abam.” 22O tiina bam na tage konto to, ba déem kɔre Juu tiina dedɛɛra bam mo. Banto ya maŋe ba ke ni dedwe se nɔɔno wolo ná sɛ we Yezu mo ye Wɛ Dam Tu wom, se ba le konto tu ba jeerim diga kam ne. 23Mo kokuri o tiina bam chem, ye ba ta ba we, ba nam bwei nɔɔno wom tete, se o ye nɔn-kweo mo.
24Ba ma jwoori ba bwoŋi nɔɔno wom ba na loge‑o lilwei to, ye ba ta ded‑o ba we, “Nam kɔre Wɛ se n ta chega. Debam yei we nɔɔno wom konto ye nɔn-chechɔgɔ mo.” 25O ma leiri-ba o we, “Amo yeiri nɔɔno wom konto ye nɔn-chechɔgɔ naa o dae. Kolo yerane amo na yei to mo ye a déem ye lilwei mo, ye a laam ba a nae.” 26Ba ma bwei‑o ba we, “O ke tɛ mo o puri nmo yia yam?” 27O ma leiri o we, “Amo maŋe a ta a bere abam, ye á wo sɛ se á cheigi. Bɛ mo ye abam daa lage se á bwei á nii? Abam de ga wó ta‑á lage se á ta‑á tɔge nɔɔno wom kwaga mo na?”
28O na tage konto to, ba ma twe‑o ye ba we, “Ko ye nmo mo tɔge o kwaga. Ko dae debam mo tɔge‑o. Debam nam tɔge Moses bera yam mo. 29Dé yei we Wɛ déem ŋɔɔne de Moses. Ko daare ko ná ye nɔɔno wonto, dé maŋe dé yeiri o na nwoŋi mɛ to.” 30O ma leiri-ba o we, “Aaa. Ko ye kolo na tiini ko so amo to mo! Abam yeiri o na nwoŋi mɛ, ye wonto mo puri amo yia yam. 31Dé yei we Wɛ ba jwoŋi nɔn-chechɔgero taane. Ko ye nɔɔna balo na nege‑o ye ba kikia tɔge o boboŋa na lage tei to mo o jwoŋa. 32Ko zege logo baŋa boboa ne se ko ba ko yi zem to, nɔɔn-nɔɔno ta wo puri wolo ba na loge‑o lilwei to yia kɔtaa. 33Nɔɔno wonto ya bá wane o ke wo-kenkagele dento dwoŋi, ko ná dae we o seene o nwoŋi Wɛ tei.” 34Ba ma jwoori ba leiri‑o ba we, “Bɛ mo ye n boŋe se n kwaane n bere debam? Ba loge nmo ye n maŋe n ye wo-balwaaro tu mo.” Ba laam ma zeili‑o se o daa yé tɔge o zo ba jeerim diga kam.
35Yezu déem ma ni we ba le nɔɔno wom ba jeerim diga kam wone. O ma vo o beeri nɔɔno wom. O na nɛ‑o to, o ma bwei‑o o we, “Nmo sɛ Nabiin-bu wom de n wo maama na?” 36Nɔɔno wom ma leiri o we, “Amo tu, ta n bere-ne o na ye wolo to, se a wane a sɛ‑o.” 37Yezu ma ta ded‑o o we, “Nmo maŋe n na‑o. Amo mo ye Nabiin-bu wom, a zege a ŋɔɔne de nmo.” 38O laam ma ta o we, “Amo tu, a sɛ.” O ma kuni dwoona Yezu yiga ne o zuli‑o.
39Yezu ma ta o we, “Amo tu logo konto baŋa se a pɔɔre nɔɔna daane de ba bochara na ye tei to mo. Balo na ye lilwoa to yia wó ba ya puri. Balo nam na jege yi-poro to yia wó ba ya dwei.” 40Farisi tiina badaara na wora to ma ni o na tage tei to. Ba ma bwei‑o ba we, “Nmo lage n bere we debam ye lilwoa mo na? Dé yi nam poore.” 41Yezu ma leiri-ba o we, “Abam ya ná ye lilwoa Wɛ chega kam seeni, á wɛleera ya bá taa wo á yuu ne. Ko daare, á nam na bere we á jege yi-poro to, á wɛleera ta wo á yuu ne mo.”",https://www.bible.com/bible/3661/JHN.9.KBG
JƆN 10,"‘Nayero de o pei-kɔgɔ’ taane
1Yezu déem ma maŋe memaŋe o bere nɔɔna bam o we, “A tɛ abam chega ŋwaane to, nɔɔno wolo ná zo nabwoo se o pore pei, ye o ná wo dɛ manchwoŋo ni o zo ye o ná tɔge jei sedwoŋi o chu ko wone, konto tu ye ŋweeno mo. 2Ko daare ko ná ye pei-kɔgɔ nayero wom tete, konto tu wó tɔge manchwoŋo ni dem mo o zo se o pore pei sem. 3O ná lage o zo, ba wó pore ba pa‑o. Pei sem wó lɔre o kwora. O maa wó bwoŋi o tete pei sem yera, ye o ja-se o nwoŋi. 4O ná jaane-se o nwoŋi, o maa tɔge se yiga, ye pei sem tɔge o kwaga, kolo ŋwaane se yei o kwora. 5Ko nam ná ye nɔn-gaa, se bá sɛ se tɔge‑o. Se nam wó duri se viiri mo, kolo ŋwaane se yeiri o kwora.” 6Yezu na mɛ memaŋe dem konto o bere-ba to, ba maa wo lɔre ko kuri.
7Yezu daa ma ta o we, “A tɛ abam chega ŋwaane to, amo mo ye ni delo pei sem na tɔge da to. 8Nayera balo maama na dɛ yiga ba ba ye ba lwoori amo to nye de ŋweena de venverena mo. Pei sem maa wo sɛ ba ni. 9Amo mo ye manchwoŋo ni dem. Wolo maama ná tɔge amo baŋa o zo Wɛ woro kom wo, konto tu wó na verem. O nam wó na ŋwea kalo na ywomma to, ne pei na tɔge manchwoŋo ni dem se nwoŋi se di ye se laam jwoori se zoore tei to. 10Ŋweeno ná tu o zo, o lage se o ŋɔ mo o go o di o daare o ja o chɔge. Ko nam ná ye amo, a tu se a pa nabiina mo na ŋwea de ka ywoni maama.
11Amo mo ye nayero chekke ye a swoi a nɔɔna. Nayero chekke wó sɛ se o te o pei sem ŋwaane. 12Ko daare ko ná ye wolo na yere pei sem o jwoŋi sabu to, wonto dae nayero wolo na tei pei sem to. Wonto ná nɛ nywoŋ-kura na maa beena, o wó duri mo o daare pei sem. Nywoŋ-kura kam maa wó zo pei sem wo pa se jage. 13Wolo wom na tɔge pei sem o jwoŋi sabu to yiga tera se wone. Konto ŋwaane mo o wó duri o daare-se.
14Amo mo ye nayero wom chekke. Amo me de a nɔɔna bam, ye ba de me de amo, 15nenɛɛne amo Kwo na me de amo, ye amo de me ded‑o tei to. Amo maa sɛ se a te a nɔɔna bam ŋwaane, ne nayero chekke na wó te o pei sem ŋwaane tei to. 16Amo pei sem sedaara wora, se na tere Juu tiina kɔgɔ kom wone. Amo nam jege se a vo a kale-se mo a ja ba a ke daane. Pei sento de wó ni amo kwora. Konto to, a pei sem maama wó taa ye pei-kɔgɔ dedoa ye nayero dedoa nii-se.
17A Kwo Wɛ swoi amo, de a na sɛ se a te a pa a nɔɔna bam, se a daare a bi a na ŋwea to ŋwaane. 18Nɔɔn-nɔɔno nam bá wane o pa a ga a ŋwea. Amo tete nam mo wó kwei-ka a tiŋi dáa ne de a boboŋa. A jege chwoŋa se a pa a ŋwea kam jei. A nam ta jege chwoŋa se a jwoori a bi a daa na-ka. Mo ni delo amo Kwo na pɛ-ne se a ke to.”
19Yezu na tage konto o ti to, popɔra daa ma ba Juu tiina bam wo o taane dem ŋwaane. 20Ba dedɛ maa tɛ ba we, “Setaane mo tɔge‑o pa se o yuu tera. Bɛ mo ye á cheigi o taane?” 21Ko daare badaara maa tɛ ba we, “Setaane na tɔge nɔɔno wolo to bá wane o ta taana yanto dwoŋi. Setaane nyem bá wane o puri lilwei yia.”
Yezu bere we o de o Kwo Wɛ ye bedwe
22Ko déem ma yi se Juu tiina di ba kuri delo yere na ye ‘Apɛwɛ’ to Jerusalem ne. Ko maa ye yadɛ. 23Yezu déem ma vo Wɛ diga kam. O maa wo Solomon konkɔlɔ kom ne o kaaga. 24Juu tiina badaara laam ma ba ba zege ba gilimi‑o, ye ba bwei‑o ba we, “Nmo ye Wɛ Dam Tu wom mo na? Bɛ mo ye n pa dé jege boboŋa taa taa? Ta chega n bere debam se dé kɔ ko jworo.” 25O ma leiri-ba o we, “Amo maŋe a ta a bere abam, ye á ba sɛ a ni. Totoŋa yalo amo Kwo Wɛ na pɛ-ne se a taa ke to mo bere we a jege chega. 26Abam nam ba sɛ amo ni, kolo ŋwaane abam dae amo nyem. Abam dae amo pei sem. 27Amo pei sem yei amo kwora. Amo maa me de-se, ye se tɔge-ne. 28Amo pae a nɔɔna bam na ŋwea Wɛ tei ne mo, ye ba dwi bá ti maŋa de maŋa. Nɔɔn-nɔɔno bá wane o vere-ba amo tei ne. 29Ko ye amo Kwo Wɛ mo kwei-ba o ke a jeŋa ne. Wonto nam dwoi woŋo maama. Nɔɔn-nɔɔno bá wane o vere-ba o tei ne. 30Amo de a Kwo Wɛ ye bedwe mo.”
31Yezu na tage konto to, Juu tiina bam daa ma kwei kandwa se ba ma ba dole‑o ba go. 32O ma ta de-ba o we, “Amo Kwo toŋe-ne se a ke totoŋ-laaro dedɛ a bere abam. Totoŋa yanto wone dɔ tete mo pɛ se á kwaane se á go-ne?” 33Ba ma leiri‑o ba we, “Ko dae keim-laaro ŋwaane mo dé lage dé dole‑m dé go. Ko ye nmo na twe Wɛ yere tei to mo. Nmo ye nabiinu mo, ye n bere we n ye Wɛ.” 34O ma leiri-ba o we, “Wɛ nia tɔnɔ kolo o na tiŋi o pa abam to wone mo ko popone we, Wɛ tage de nɔɔna badwonna o we, ‘Abam ye wa mo.’ 35Kolo na popone Wɛ tɔnɔ kom ne to bá wane ko taa ye kafɛ. Ko bere we Wɛ déem toŋe o kwora o pa nɔɔna bam konto, ye o bwoŋi-ba we, ‘wa’. 36Amo nam ye wolo a Kwo Wɛ na le se a ke o boboŋa, ye o daare o toŋe-ne se a ba logo baŋa to mo. Konto to, a na tage we amo ye Wɛ Bu wom to, bɛ mo ye á ba sɛ konto? Bɛ mo ye á bere-ne we a twe Wɛ yere?
37-38Abam ná maŋe á ba sɛ amo, maane-na á nii a totoŋa yam na ye tei to. Ko ná dae a Kwo Wɛ totoŋa mo a toŋa, se á yé sɛ-ne. Ko nam ná ye Wɛ totoŋa, se á sɛ totoŋa yam na bere tei to. Á ná sɛ totoŋa yam konto, á wó seene á lɔre we amo de a Kwo Wɛ me daane chekke.” 39O na tage konto to, ba daa maa lage se ba ja‑o. O ma lu ba jeŋa ne o viiri.
40Yezu déem ma jwoori o vo o bɛ Jɔdan buga kam. O ma vo jei selo Jɔn déem na yeini o pa nɔɔna sɛɛm to, o zoore dáane. 41Nɔɔna dedɛ déem maa tui o tei. Ba maa yeini ba tɛ ba we, “Jɔn nam wo ke wo-kenkagele, de dedoa de. Ko daare o na tage kolo maama Yezu ŋwaane to ye chega mo.” 42Jei sem konto ne nɔɔna dedɛ ma ke ba wo-dedoa de Yezu.",https://www.bible.com/bible/3661/JHN.10.KBG
JƆN 11,"Lazaru tega ye Yezu bi‑o
1-2Nɔɔno déem mo wora, o yere mo Lazaru. O maa zoore Bɛtania ne. Konto mo ye teo kolo Mary de o zembaaro Marita na zoore da to. Mary wonto mo ye wolo déem na kwei terale nuga o lwo dé Teiru wom nɛ yera ne, ye o daare o ma o yu-ywei o guguni-se to. Wonto nabɔ mo Lazaru, ye o ba o weela. 3Mary dedaane Marita ma toŋe ni ba pa Yezu ba we, “Debam Tu, nmo badwoŋ-swono kom weela.” 4Yezu na nigi konto to, o maa we, “Jaweo konto kweelim jei bá taa ye o toone. Ko nam ke se ko pa Wɛ mo na zula. Ko maa wó pa amo Wɛ Bu wom de na zula ko ŋwaane.”
5Yezu maa jege Marita de o nyaane wom de Lazaru swono lanyerane. 6O na nigi we Lazaru weele to, o ma ke da yalei o na maŋe o zoore mɛ to, 7ye o laam daare o ta de o kwaga tɔgena bam o we, “Pa-na dé jwoori dé vo Judea.” 8O kwaga tɔgena bam ma ta ded‑o ba we, “Berem tu, Juu tiina bam daama na lage se ba dole‑m ba go to, n swei mo na? Bɛ mo ye n daa ta lage se n jwoori n vo da?” 9Yezu ma leiri-ba o we, “Ko nam jege se a vo mo. Awa fuga-yalei mo wora wea ne. Ko dae konto na? Nɔɔno ná vei wea ne, o daa ba tiri o toe, kolo ŋwaane logo kom konto pwooni dem pae o nae. 10O nam ná vei tete ne, o wó yɔɔre o taa tiri o toe mo, kolo ŋwaane pwooni tera o tei ne.”
11Yezu na tage konto to, o daa ma ta o woli da o we, “Debam badwoŋi Lazaru wo dɔɔm ne. Amo nam maa vei da se a pa o zaŋe mo.” 12O kwaga tɔgena bam ma ta ded‑o ba we, “Debam tu, o ná dɔa, ko wó gare o yera ne.” 13Yezu nam na tage tei to, o bere we Lazaru tege mo. Banto maa boŋe we ko bere we o dɔ dɔɔm tete mo. 14Yezu laam ma ta de-ba jaja o we, “Lazaru tege mo. 15Amo na tere o tei ne to mo pae a jege wopwolo abam ŋwaane. Ko wó wane ko pa á ke á wo-dedoa á sɛ-ne. Nam pa-na se dé vo o tei.” 16Tomas wolo ba na bwoŋi we ‘Yeywɛ’ to ma ta de o dwonna bam o we, “Nam pa-na se dé maama tɔge dé vo dé woli de dé Teiru wom dé te.”
17-18Yezu ma vo o yi Bɛtania. Ko bwola dedaane Jerusalem nenɛɛne mɛɛla yalei mo. O na yi da to, o ma na we ba na kwei Lazaru ba ke to jege da yana mo. 19Juu tiina dedɛ déem ya tu se ba ke Marita de Mary lei de ba nabɔ wom toone dem. 20Marita na nigi we Yezu maa beene to, o ma nwoŋi o vo se o jeeri‑o. Mary ma maŋe sɔŋɔ ne. 21Marita na yi Yezu tei to, o ma ta o we, “Amo tu, nmo ya ná wo ywo, amo nabɔ wom ya bá te. 22De konto de, a yei we nmo ná lwoori kolo maama Wɛ tei ne, o wó ke o pa nmo.” 23Yezu ma ta ded‑o o we, “N nabɔ wom wó bi o taa ŋwe.” 24Marita ma leiri‑o o we, “Amo yei we o wó jwoori o bi dɛ dem Wɛ na wó bi twa to mo.”
25Yezu ma ta ded‑o o we, “Amo mo ye twa biim de ŋwea tu. Wolo ná ke o wo-dedoa de amo, o ná tega naa o ná ŋwe, konto tu ta wó na ŋwea. 26Ko woli da, wolo maama ná ŋwe, ye o ná ke o wo-dedoa de amo, toone daa bá ja konto tu Wɛ yiga ne. Nmo nam sɛ konto na?” 27O ma leiri‑o o we, “Ɛɛ. Amo tu, a sɛ we nmo mo ye Wɛ Dam Tu Krista wom, ye n kwori n ye Wɛ Bu wolo na jege se o ba logo baŋa to.”
28Marita na tage konto o ti to, o ma jwoori o vo o na o nyaane Mary o yerane, ye o bwoŋi‑o o we, “Berem tu wom tua, ye o lage se o na‑m.” 29Mary na nigi konto to, o ma zaŋe o ke lela o nwoŋi o vo se o jeeri‑o. 30Yezu daa ta wo jei selo Marita na jeeri‑o da to mo. O ta wo yi teo kom wo. 31Juu tiina balo na wo sɔŋɔ kom ne ye ba lare de Mary se ko gane o boboŋa to ma na o na ke lela o zaŋe o nwoŋi. Ba ma zaŋe ba tɔge‑o, ye ba boŋe we o ga lage o vo yibeeli dem jeiga mo o keeri.
32Mary na vei o na Yezu na wo mɛ to, o ma to o yiga ne ye o we, “Amo tu, nmo ya ná wo ywo, a nabɔ wom ya bá te.” 33Yezu ma na o na keera, ye Juu tiina balo na tɔge ded‑o ba ba to de keera. O wo ma chɔge, ye o yera sɔɔre. 34O ma bwei-ba o we, “Abam ke‑o yei ne mo?” Ba ma leiri ba we, “Debam tu, ba n nii‑o da.”
35Yezu ma ka yi-na. 36Juu tiina bam na nɛ konto to, ba ma ta ba we, “Nii o na swoi‑o tei.” 37Ko daare badaara ma ta ba we, “Wonto nam mo puri lilwei wom yia. Ko nam ke tɛ mo ye o wo chege Lazaru toone dem?”
38Yezu ma vo yibeeli dem ni, ye o wo daa chɔge dedɛ. Yibeeli dem déem wo peo yera ne mo, ye ba ma kandwɛ-kamunu ba pe de ni. 39Yezu ma ta se ba bibili kandwɛ dem ba yage dáa ne. Too wom nakɔ Marita ma leiri o we, “Amo tu, ba na kwei‑o ba ke to jege da yana mo zem. Konto to, o wó taa tiini o lwoi.” 40Yezu ma ta ded‑o o we, “A maŋe a ta de nmo we, nmo ná ke n wo-dedoa de amo, nmo wó na Wɛ na jege dam tei to.”
41Ba ma kwei kandwɛ dem ba yage dáa ne. Yezu ma kwoni o yuu wɛɛne, ye o ta o we, “Amo Kwo, de n lei de nmo na cheigi amo taane to. 42A maŋe a yei we nmo yeini n cheigi amo taane maŋa maama. Nɔn-kɔgɔ kolo na zege ywo to ŋwaane mo amo nam tage konto, se ko pa ba sɛ we nmo mo toŋe-ne.”
43O na tage konto o ti to, o ma bwoŋi baŋa baŋa de kwor-dɛa ye o we, “Lazaru, zaŋe n nwoŋi!” 44Too wom ma zaŋe o nwoŋi, de gare-yia mo ba ya mɛ ba ba o jea de o nɛ, ye gɔrɔ de kekare o yibia. Yezu ma ta de-ba o we, “Bwoli-na gare-yia yam á yage se o wane o vo.”
Juu tiina dedɛɛra ke ni daane se ba go Yezu
Matiyu 26:1-5; Maake 14:1-2; Luka 22:1-2
45Juu tiina balo ya na tu Mary tei to ma na Yezu na bi Lazaru tei to. Ba dedɛ ma ke ba wo-dedoa ded‑o. 46Ba badaara ma jwoori ba vo Farisi tiina bam tei, ye ba daare ba ta de-ba Yezu na ke kolo to. 47Wɛ kaanem yiga tiina bam de Farisi tiina bam laam ma la daane de ba nakwa kɔgɔ kom. Ba ma bwɛ daane ba we, “Nii-na nɔɔno wonto na ke wo-kenkagela yalo maama, ye dé nam ba ke kolokolo. 48Dé ná yage‑o se o taa ke konto, nɔɔna maama wó ba ba sɛ‑o mo. Konto maa wó pa se Rom dedɛɛra bam laam ba ba chɔge wara-jei sento de dé teo kom maama.”
49Balo na bwɛ daane konto to dedoa yere mo Kayafa. Wonto mo ba kuri se o taa ye ba kaanem yuu tu wom bene dem konto wone. O ma ta de-ba o we, “Abam yeiri kolokolo. 50Dé ná pɛ nɔɔno dedoa te debam nɔɔna bam maama ŋwaane, ko wó taa lana ko pa debam ko gare dé teo kom maama ná chɔge. A fɔ vwa na?” 51Kayafa na tage konto to, ko dae o tete boboŋa mo o mɛ o ta. O nam na ye Wɛ kaanem yuu tu to mo pɛ o pworisi we, Yezu lage o te Juu tiina dwi dem maama ŋwaane mo. 52Ko nam dae we o lage o te banto dwi dem yerane ŋwaane. Ko nam daa ta ye Wɛ bia bam na jage jei maama to de ŋwaane mo, se ba wane ba ke daane ba taa ye kɔgɔ dedoa.
53Ko nam zege dɛ dem konto ne to, Juu tiina dedɛɛra bam maa lage chwoŋa se ba go Yezu. 54Konto ma pa Yezu daa ba beeri jaja Judea ne. O ma yage dáane o vo jei selo na bwola de kagoa ni to. Ko ye Efrayim ne mo o vei o zoore da de o kwaga tɔgena bam.
55Juu tiina kuri delo yere na ye Atɔgebabaŋa to déem ma daare fee se de yi. Nɔɔna dedɛ ma zaŋe teo kom jei maama ne ba vo Jerusalem se ba fɔge ba tete de Wɛ ye kuri dem ta wo yi. 56Nɔɔna bam ma beeri Yezu jei. Ba ma la daane Wɛ diga kam ne, ye ba bwei daane ba we, “O lage o ke tɛ mo? O wó ba o di kuri dem na?”
57Wɛ kaanem yiga tiina bam de Farisi tiina bam déem ya pɛ ni we, nɔɔno wolo ná yei Yezu na wo mɛ to, o jege se o ta o bere-ba mo se ba wane ba ja‑o.",https://www.bible.com/bible/3661/JHN.11.KBG
JƆN 12,"Mary ke Yezu lanyerane
Matiyu 26:6-13; Maake 14:3-9
1Da yaredo déem na daare se ko yi Atɔgebabaŋa kuri dem to, Yezu ma vo o yi Bɛtania. Ko ye dáane mo Lazaru ya zoora. Wonto mo ye nɔɔno wolo Yezu na bi toone wone to. 2Ba ma ke wodiu ba pa‑o jei sem konto ne. Marita maa wora o ke wodiiru tem. Lazaru mo tɔge o jeini o wora o di de Yezu.
3Mary laam ma kwei terale nuga kalo yere na ye ‘Naade’ to. Ka déem ye kunkwolo yi mo, ye ka tiini ka lana. Nuga kam konto yeilo chana dedɛ. O ma kwei-ka o ma turi Yezu nɛ. O ma daare o ma o yu-ywei o guguni o nɛ sem. Terale nuga kam lwom dem ma su sɔŋɔ kom ni maama. 4Yezu kwaga tɔgena bam dedoa wolo yere na ye Judas Yisakara to de tɔge o wora. Wonto mo ye wolo na wó ba o yeigi Yezu o pa nɔɔna to. 5O na nɛ Mary na ke tei to, o ma ta o we, “Bɛ mo ye o ke konto? Dé ya wó wane dé kwei terale nuga kam dé yeigi se dé chɛ dé pa yiniga tiina. Ka sabu kom ya wó yi nɔɔno bene dedoa ŋweero mo.” 6O na tage konto to, ko dae we o jege yiniga tiina ŋwaŋa. O nam ye ŋweeno mo. Wonto mo nii ba kɔgɔ kom sabu kom baŋa ne, ye o yeini o ŋɔne-ko o lea. 7Yezu laam ma leiri o we, “Yage o yera. Ko maŋe se o tiŋi nuga kanto mo se ko taa vei a toone dɛ ne, se o ma turi a yera. 8Yiniga tiina bá ti abam tei ne. Amo nam bá taa wo abam tei ne taa taa.”
9Juu tiina kɔgɔ dedɛ ma lɔre we Yezu wo Bɛtania ne. Ba ma zaŋe ba vo da. Ba na vei to, ko dae Yezu yerane ŋwaane, se ko nam ye se ba na Lazaru wolo Yezu na bi toone wone to mo. 10Wɛ kaanem yiga tiina bam laam ma ke ni daane se ba go Lazaru de, 11kolo ŋwaane Lazaru biim dem mo tei pa Juu tiina dedɛ jwoori ba yiga tiina bam kwaga ne, ye ba daare ba sɛ Yezu.
Yezu zo Jerusalem teo wo
Matiyu 21:1-11; Maake 11:1-11; Luka 19:28-40
12Tega déem ma poore. Nɔn-kɔgɔ kolo na tu Jerusalem se ba di ba kuri dem to ma lɔre we Yezu maa beena. 13Ba ma vo ba kaare konkwara vɔɔro, ye ba nwoŋi ba maa vei se ba jeeri‑o. Ba na maa vei to, ba maa seini‑o ba we:
“Hozaana! Dé ke Wɛ lei!
Baŋa Wɛ wó swɛ wolo na tu o yere ŋwaane to swolim.
Wonto mo ye Isarele dwi tiina bam Pɛ.”
14Yezu ma vo o na bonaga o di, ne Wɛ tɔnɔ kom na maŋe ko ta tei we,
15“Abam balo na zoore Zion teo kom ne to,
á yé ta‑á kɔre foone.
Nii-na á pɛ wom,
o diini bona-pɔla mo o maa beena.”
16Maŋa kam konto ne, Yezu kwaga tɔgena bam ya maa wo lɔre wonnu tem konto kuri. Ko daare maŋa kam Yezu na nɛ nenɔŋ-fɔrɔ Wɛ tei ne to mo ba laam guli Wɛ tɔnɔ kom na tage o taane tei to, de nɔn-kɔgɔ kom na ke kolo ba zuli‑o to.
17Nɔɔna balo déem na wo Yezu tei ne ye o bi Lazaru toone wone to ya maŋe ba ta ba bere teo kom nɔɔna bam o na ke tei o bwoŋi Lazaru se o nwoŋi yibeeli dem wone to. 18Ko ye konto ŋwaane mo nɔn-kɔgɔ kom nwoŋi teo kom ne ba jeeri‑o, ba na nigi we o ke wo-kenkagele dem konto to ŋwaane. 19Farisi tiina bam laam maa tɛ daane ba we, “Á nɛa, debam bere dé bá na kolokolo. Nii-na! Logo kom nɔɔna bam maama mo tɔge o kwaga.”
Yezu tage o toone dem taane
20 Girisi tiina balo déem na tɔge ba vo Jerusalem se ba di kuri dem ba zuli Wɛ to badaara déem ma vo Filipi tei. 21Wonto nwoŋi Galili teo kolo yere na ye Bɛtasida to mo. Ba ma ta ded‑o ba we, “Debam lage se dé na Yezu mo.” 22Filipi ma sɛ ye o vo o ta o bere Anduru. Banto balei ma vo ba ta ba bere Yezu.
23Yezu ma ta de-ba o we, “Maŋa kam laam yia se Wɛ pa Nabiin-bu wom na nenɔŋ-fɔrɔ. 24A tɛ abam chega ŋwaane to, nmo ná jege men-bu dedoa se n du, ye n ná dugi-de tega ne, de wó nwoŋi de ke bia dedɛ. Nmo nam ná jege-de ye n wo dugi, de ta wó taa ye de yerane mo taa. Nmo ná wo sɛ se n ke-de tega ne, n bá‑n na nyɔɔre de baŋa ne. 25Wolo ná swoi o tete ŋwea, konto tu bá na ŋwea Wɛ tei ne. Wolo nam ná ve o ŋwea logo konto ne, kotu wó taa jege ŋwea Wɛ tei ne se ko taa vei wuu. 26Wolo maama ná lage se o toŋe amo totoŋa, konto tu jege se o tɔge amo kwaga mo. Konto wó pa se amo na wo mɛ to, se a tontoŋeno wom de taa tɔge o wora. Wolo maama ná toŋe amo totoŋa, amo Kwo wó pa kotu na zula.”
27Yezu ta ma ta o we, “Amo bochare mo maga. Amo nam wó ta bɛ mo? A nam wó lwoori a Kwo se o che amo se a yé zo chanɛɛre dento wone mo na? Aawo. Ko ye konto ŋwaane mo amo maŋe a ba se a na toone dem konto. 28A nam wó lwoori a Kwo se o pa o yere zaŋe de zula mo.” Kwora laam ma ŋɔɔne Wɛ telaao ne ka we, “Amo maŋe a pa a yere dem zaŋe de zula, ye a nam ta wó ke konto.”
29Nɔn-kɔgɔ kolo na zege da to ma ni kwora kam, ye ba ta ba we, doa mo mumuna. Badaara maa we, ko ye maleka mo ŋɔɔne de Yezu. 30Yezu ma ta de-ba o we, “Ko dae amo ŋwaane mo kwora kanto ŋɔɔne, se ko ye abam ŋwaane mo. 31Maŋa kam yia se Wɛ di nabiina taane. Ba maa wó zeili logo baŋa dedɛɛro wom. 32Ko nam ná ye amo, ba ná kwei-ne ba zeiŋi wɛɛne, amo wó pa se nabiina maama ba amo tei.” 33O na tage konto to, o bere o na lage o te cham toone tei to mo.
34Kɔgɔ kom nɔɔna ma leiri‑o ba we, “Ko ná ye Wɛ Dam Tu Krista wom, nia yalo Wɛ na tiŋi o pa debam to bere we o jege se o taa wora mo taa wuu. Bɛ nam mo ye n ta n we, ba jege se ba kwei Nabiin-bu wom ba zeiŋi wɛɛne? Nmo na tage Nabiin-bu wom taane to, wɔ mo konto?” 35Yezu ma ta o tete taane o leiri-ba o we, “Pwooni bá tiini de dáane abam tei ne. Pwooni dem ta na wo á tei ne to, se á ta‑á via, se lim dem yé ba de yi abam. Wolo na vei lim wone to yeiri o na lage o vo mɛ to. 36Pwooni dem ta na wo á tei ne to, se á sɛ wolo wom na ye pwooni dem to, se á daare á ta‑á ye pwooni dem bia.”
Yezu déem na tage wonnu tem konto o ti to, o ma vo o seigi o tete ba tei ne. 37O déem ya ke wo-kenkagela dedɛ ba yibia ne. De konto de, ba ta wo sɛ‑o. 38Konto ma pa se kolo Wɛ sampwora Izaya déem na tage to ji chega. O déem tage faŋa faŋa o we:
“Yuu-tu Baŋa Wɛ,
debam na tɔɔle kwora kalo dé bere nɔɔna to mo,
wɔ mo sɛ we ka seene ka ye chega?
Dé Teiru wom na bere o dam dem na ye tei to,
wɔ nam mo lɔre-de chekke?”
39Konto ŋwaane mo nɔɔna bam wo wane ba sɛ Yezu taane dem. Kokuri to, Izaya ta tage o we:
40“Wonto mo dwei ba yia,
ye o pa ba boboŋa jei,
se ba yia yam yé wane ya taa nae,
se ba boboŋa yam de yé wane ya lɔre Wɛ taane dem kuri,
se ba yé pipiri ba sɛ Wɛ se o pa ba na fɔgem.”
41Izaya déem tage dé Teiru wom taane konto, kolo ŋwaane o wuuri o lɔre Yezu nenɔŋ-fɔrɔ kom na ye tei ye o ta wo tu logo baŋa to mo.
42De konto de, Juu tiina yiga tiina dedɛ ke ba wo-dedoa de Yezu. Ba na kɔre Farisi tiina bam to ŋwaane mo ba wo ŋɔɔne-ko jaja, ba na wó zeili-ba ba jeerim diga kam ne to ŋwaane. 43Ba na ke tei to bere we, ba swoi se nabiina taa zuli-ba ko dwoi Wɛ wo ná pwoli de-ba.
Yezu tu se o vere nabiina
44Yezu déem ma ta de kwor-dɛa o we, “Wolo na ke o wo-dedoa de amo to, ko dae we o sɛ amo yerane mo, se ko ye wolo wom na toŋe-ne to de mo o sɛ. 45Wolo na nɛ amo to nɛ wolo wom na toŋe-ne to mo. 46Amo tu logo baŋa ye a jege pwooni a pae nabiina, se wolo maama na sɛ amo to daa yé taa zoore lim wone. 47Wolo ná nigi amo taane dem ye o ba sɛ o toŋe o tɔge-de, amo tete bá chɔge konto tu, kolo ŋwaane amo na tu to, ko dae se a di nabiina taane a chɔge-ba. Ko nam ye se a vere-ba a yage mo. 48Wolo ná ve amo ye o ba jwoŋi amo taane dem, konto tu jege wolo wom na wó chɔge‑o to. Taane delo amo na ŋɔɔne a bere nɔɔna to mo wó zaŋe logo baŋa kweelim dɛ dem ne de bere we konto tu ba jege bora. 49Ko nam dae amo tete boboŋa mo a ŋɔɔna. A Kwo wolo na toŋe-ne to nam mo pɛ-ne ni se a wane a ta kwora kalo o boboŋa na lage to, ye o ta bere-ne a na wó ŋɔɔne-ka tei to. 50Amo nam yei we balo na tɔge ni delo a Kwo Wɛ na pɛ-ne se a ŋɔɔne to wó na ŋwe-doŋa o tei ne. Amo na yeini a ŋɔɔne tei maama mo ye a Kwo na tage kolo o bere-ne to.”",https://www.bible.com/bible/3661/JHN.12.KBG
JƆN 13,"Yezu zare o kwaga tɔgena bam nɛ
1Dɛ dedwe na daare se ba di Atɔgebabaŋa kuri dem to, Yezu déem maa yei we o maŋa kam yia se o yage logo baŋa se o daare o vo o Kwo tei. O maa swoi balo na ye o nyem logo baŋa ne to, ye o ta tiini o swo-ba se ko yi o ŋwea tiim.
2Yezu de o kwaga tɔgena bam déem maa jei ba di wodiu. Setaana pɛ boboŋa ma maŋe ya ja se o pa Judas wolo na ye Simon Yisakara bu to yeigi Yezu o pa nɔɔna. 3Yezu maa yei we o Kwo mo pɛ‑o dam wonnu maama baŋa ne, ye o ta yei we o nwoŋi Wɛ tei mo, ye o ta wó jwoori o vo Wɛ tei. 4Konto to, o ma zaŋe wodiu kom baŋa ne. O ma le o na zo gɔrɔ kolo o daŋe to, ye o daare o vɔ pepaao o teiŋa ne. 5O ma ke na kanchua wone o wora o maa zare o tɔgena bam nɛ, ye o ma pepaao kom o guguni-se.
6O ma ba o yi Simon Piita tei. Wonto ma ta ded‑o o we, “Amo tu, nmo mo wó zare amo nɛ na?” 7Yezu ma leiri‑o o we, “Nmo bá‑n lɔre amo na wora a ke kolo to kuri leile, ye n laam wó ba n lɔre ko kuri.” 8Piita ma ta o we, “N bere n bá‑n zare a nɛ kɔtaa.” Yezu ma leiri‑o o we, “Amo ná wo zare n nɛ sem, n daa‑n bá ta‑n ye amo nɔɔno.” 9Simon Piita ma ta ded‑o o we, “Amo tu, yé zare amo nɛ yerane, zare a jea de a yuu de n woli da.” 10Yezu laam ma ta ded‑o o we, “Wolo na swɛ o yera to daa ba jege digiru, ye o daa ba jege se o zare o yera, ko ná dae o nɛ yerane. Abam ba jege digiru, ye ko dae abam maama.” 11Yezu maŋe o yei wolo na lage o yeigi‑o o pa nɔɔna to. Mo kokuri o tage o we, ko dae ba maama mo ba jege digiru.
12Yezu na zare ba nɛ sem o ti to, o ma jwoori o zo o gɔrɔ kom ye o vo o jeini o jeiŋa kam jei ne. O laam ma bwei-ba o we, “Abam lɔre kolo amo na ke de abam to kuri na? 13Á yeini á bwoi amo we, Berem tu, de abam Teiru. Abam na ke konto to, ko maŋe, kolo ŋwaane amo seene a ye konto mo. 14Amo na ye abam Teiru de á Berem tu ye a zare abam nɛ sem to, ko maŋe se abam de laam zuli daane ye á zare da-nɛ mo. 15Amo nam ke a bere abam se á lwoni amo na ke abam tei to mo. 16A tɛ abam chega ŋwaane to, kabaa tera ka na dwoi ka yuu tu. Tontoŋeno nam tera o na dwoi wolo na toŋe‑o to. 17Abam laam na lɔre konto to, á ná seene á ke konto dwoŋi, á wó ta‑á jege yu-ywoŋo lanyerane.
18Ko nam dae abam maama taane mo a tɛa. Amo yei balo a na kuri to. Ko daare kolo na popone Wɛ tɔnɔ kom ne to jege se ko ji chega mo, ko we, ‘Wolo na jeini o di wodiu de amo to mo jwoori o zege amo zega.’ 19Amo nam wuuri a ta wonnu tento a bere abam mo ye te ta wo ke, se te ná tu te ke, se á wane á sɛ we amo ye wolo Wɛ na toŋe to. 20Chega ŋwaane to, nɔɔno ná jeeri wolo maama amo na toŋe to, konto tu jeeri amo mo. Ko woli da, wolo maama ná jeeri amo, kotu jeeri wolo wom na toŋe-ne to mo.”
21Yezu na tage konto o ti to, o wo ma tiini ko chɔge pa se o ŋɔɔne jaja o we, “A tɛ abam chega ŋwaane to, abam dedoa mo lage o yeigi amo o pa nɔɔna.” 22O na tage konto to, o kwaga tɔgena bam maa nii daane, ye ba boboŋa vugimi de o na tɛ banto wolo tete taane to. 23Wolo Yezu na swoi lanyerane ba wone to maa jei o takeiri ne. 24Simon Piita ma yeese o jeŋa o bere wonto se o bwei Yezu o nii, ko ye wɔ taane mo o tɛa. 25Nɔɔno wom ma fɔɔre o yi Yezu o sale‑o, ye o bwei o we, “Amo Teiru, ko ye wɔ mo?” 26Yezu ma leiri o we, “Amo wó fɔ bworobworo a lu dwoa wone a pa konto tu.” O laam ma fɔ bworobworo kom o ma lu o pa Judas wolo na ye Simon Yisakara bu to. 27Judas na jwoŋi bworobworo kom to, setaane ma zo o bochare. Yezu ma ta ded‑o o we, “Ke lela se n ke kolo nmo na jege se n ke to.”
28Balo maama na jei ba di to wolowolo maa wo lɔre Yezu na tage kolo ded‑o to kuri. 29Judas nam na nii ba kɔgɔ kom sabu kom baŋa ne to, ba badaara maa boŋe we Yezu toŋe‑o se o vo o yeigi wodiu mo se ba ma di kuri dem, naa o ga toŋe‑o se o vo o pa yiniga tiina wonnu mo. 30Judas na seene o jwoŋi bworobworo kom to, o ma nwoŋi pwooni. Ko déem ye tete ne mo.
31Judas na nwoŋi o daare konto to, Yezu ma ta o we, “Leile konto amo Nabiin-bu wom wó na nenɔŋ-fɔrɔ. Wɛ tete de wó na zula amo ŋwaane. 32Wɛ na nɛ zula amo ŋwaane to, o laam wó pa a na nenɔŋ-fɔrɔ o tete tei ne. Wɛ nam wó ke lela o ke konto o pa-ne. 33A bia bam, amo daa bá tiini a dáane abam tei ne. Abam nam wó ba á beeri amo jei. A nam lage a ta a bere abam kolo amo na maŋe a ta a bere Juu tiina bam a we, amo na lage a vo mɛ to, abam bá wane da á vo. 34Ko nam ye ni-doore mo a lage a pa abam. Ta‑á jege-na da-swono. Amo na swoi abam tei to, se abam de ta‑á swoi daane konto. 35Á ná jege da-swono konto dwoŋi, nɔɔna maama wó lɔre we abam ye a kwaga tɔgena mo.”
Yezu wuuri o bere Piita na wó ve‑o tei to
Matiyu 26:31-35; Maake 14:27-31; Luka 22:31-34
36Simon Piita ma bwei Yezu o we, “Amo tu, yei ne mo n lage n vo?” Yezu ma leiri o we, “Amo na lage a vo mɛ to, nmo bá wane n da n vo leile konto. Maŋa kadwoŋi ne mo nmo laam wó wane n tɔge-ne n vo.” 37Piita ma ta o we, “Amo tu, bɛ mo ye a bá wane a tɔge nmo leile konto? Amo wó sɛ se a te nmo ŋwaane.” 38Yezu ma leiri‑o o we, “Nmo wó seene n sɛ se n te amo ŋwaane na? A tɛ nmo chega ŋwaane to, nmo wó fo kuni betɔ we n yeiri amo, ye chebɛɔ laam keeri.”",https://www.bible.com/bible/3661/JHN.13.KBG
JƆN 14,"Yezu de o Kwo wom ye bedwe
1Yezu laam ma ta o we, “Á yé pa á bochara taa maga. Ta‑á jege-na wo-dedoa de Wɛ, se á ke á wo-dedoa de amo de. 2A Kwo wom sɔŋɔ ne, di daga da dedɛ. A nam lage a vo da a kwɛ jei mo a pa abam. Ko ya ná dae chega, a ya bá ta konto de abam. 3Amo ná vei a kwɛ jei sem a ti a pa abam, a laam wó jwoori a ba a ja abam se á tɔge á vo á ta‑á wo amo na wo mɛ to. 4Abam nam yei chwoŋa kalo na vei mɛ amo na lage a vo to.” 5Tomas ma ta ded‑o o we, “Amo tu, debam yeiri nmo na lage n vo mɛ to. Dé nam wó ke tɛ mo dé lɔre ka chwoŋa?” 6Yezu ma ta ded‑o o we, “Amo mo ye chwoŋa kam, de chega kam, de ŋwea kam. Nɔɔn-nɔɔno bá wane o vo a Kwo wom tei ye o wo dɛ amo baŋa o vo. 7Abam ná maŋe á yei amo, á laam wó ta‑á yei a Kwo wom de. Leile konto abam yei‑o, ye á nam ta nɛ‑o de.”
8Filipi ma ta o we, “Amo tu, pa se dé lɔre n Kwo wom, se konto wó maŋe debam.” 9Yezu ma leiri o we, “Filipi, amo dáane abam tei ne ye nmo ta yeiri amo na? Wolo maama na nɛ amo to nɛ amo Kwo wom mo. Bɛŋwaane mo ye n ta n we, a pa se á na a Kwo wom? 10Amo tigi a Kwo bochare ne ye dé me daane. Nmo nam ba sɛ konto na? Taane delo amo na tage a bere abam to dae amo nyem. Ko nam na ye tei to, amo Kwo wom me de amo, ye o da amo ŋwaane o ke o totoŋa. 11Ta‑á jege-na wo-dedoa de amo we, amo tigi a Kwo wom bochare ne ye dé me daane. Ko ná dae konto, se á ke á wo-dedoa de amo, totoŋa yalo amo na toŋe to ŋwaane. 12A tɛ abam chega ŋwaane to, wolo na ke o wo-dedoa de amo to wó ke kikia yalo dwoŋi amo na ke to. O nam wó ke totoŋ-kamunnu se ko taa dwoi amo na ke tei to, amo na lage a vo a Kwo tei to ŋwaane. 13Amo wó ke kolo maama abam na wó lwoori amo yere ŋwaane to, se ko pa a Kwo Wɛ na zula amo ŋwaane. 14Abam na wó lwoori woŋo kolo maama amo yere ŋwaane to, amo wó ke-ko a pa abam.
15Abam ná swoi amo, á wó toŋe á tɔge a nia yam. 16Amo nam wó ta de a Kwo wom se o pa abam Zeinnu wodwoŋi. Wonto wó taa wo abam tei ne se ko taa vei wuu. 17Wonto mo ye Wɛ Sin-laao kom. O maa ye chega tu. Nɔɔna balo kugu jei na wo logo baŋa ne to nam ware ba sɛ‑o, kolo ŋwaane ba ware ba na‑o, ye ba ta yeiri‑o de. Ko daare abam nam yei‑o, kolo ŋwaane o me de abam, ye o lage o taa wo á bochara ne mo. 18Amo bá kwei abam a yage á yerane. A nam wó jwoori a ba abam tei. 19Ko ná ke fee, logo baŋa nɔɔna daa bá na amo. Abam nam wó na-ne. Amo na jege ŋwea Wɛ tei ne to, abam de wó na ŋwea Wɛ tei ne. 20Abam ná nɛ ŋwea kam konto dwoŋi, dɛ dem konto ne á wó lɔre we amo de a Kwo me daane. Abam ta wó lɔre we á tigi amo bochare ne, ye amo de me de abam.
21Nɔɔno wolo maama na sɛ amo nia yam ye o toŋe o tɔge-ya to mo ye wolo na swoi amo to. Amo Kwo Wɛ wó taa jege wolo na swoi amo to swono. Amo de nam wó taa swoi‑o, ye a kwori a pa o lɔre amo wo na ye tei to.”
22Yezu na tage konto to, nɔɔno wodwoŋi de yere na ye Judas ye ko dae Yisakara bu wom to ma leiri o we, “Amo tu, nmo wó ke tɛ mo n pa se debam lɔre nmo wo na ye tei, ye logo baŋa nɔɔna bam bá lɔre?” 23Yezu ma leiri‑o o we, “Wolo na swoi amo to wó taa tɔge chega kalo amo na bere to. Amo Kwo wó taa jege konto tu swono, ye amo de a Kwo wó ba o tei dé me ded‑o. 24Wolo maama nam na ba swoi amo to ba cheigi amo berem dem. Amo ni taane delo abam na nigi to nam dae amo nyem, se de nwoŋi amo Kwo wolo na toŋe-ne to tei ne mo. 25Maŋa kam a ta na wo abam tei ne to mo a maŋe a ta a bere abam wonnu tem konto. 26Ko daare se Zeinnu wom laam mo ba abam tei. Wonto mo ye Wɛ Sin-laao kom, a Kwo Wɛ na wó toŋe‑o se o ba amo yere ŋwaane to. Wonto wó ta wonnu maama taane jase o bere abam. O maa wó pa se á guli kolo maama amo na maŋe a ta a bere abam to gula.
27Amo yage bochare-zuru mo a pa abam. Ko ye amo tete nyem mo a kwei a pa abam. Amo na lage a pa abam bochare-zuru kolo to, logo baŋa nɔɔna nam yeiri ko dwoŋi. Á yé pa se á bochara taa maga. Á nam yé ta‑á jege lwia de. 28Abam maŋe á ni amo na tage de abam we, a lage a viiri, ye a ta wó jwoori a ba á tei. Abam ya ná swoi amo, á wó ta‑á jege ywoni dedaane amo na lage a vo a Kwo Wɛ tei to, o na dwoi amo to ŋwaane. 29Amo nam wuuri a ta wonnu tento a bere abam mo ye te ta wo ke, se te ná tu te ke, se á wane á sɛ amo taane dem. 30Amo daa bá na chwoŋa se a ŋɔɔne taane dedɛ de abam, logo baŋa dedɛɛro wom na lage o ba to ŋwaane. Wonto nam bá wane o dwoni de amo. 31Amo nam jege se a pa balo na jege kugu jei logo baŋa ne to lɔre we, amo jege a Kwo wom swono. Konto ŋwaane mo a ke kolo maama a Kwo na pɛ-ne ni se a ke to.
Á nam zaŋe-na ywo-seeni se dé viiri.”",https://www.bible.com/bible/3661/JHN.14.KBG
JƆN 15,"Yezu na me de o nɔɔna bam tei to memaŋa
1Yezu ta ma ta o we, “Amo mo ye Vini tio kolo na ye chekke to. A Kwo maa ye valo wolo na fɔge o nii ko baŋa ne to. 2Naga kalo na nwoŋi tio kom yera ne ye ka ba leiri bia to, o wó gwo-ka o yage mo. Ko daare naga kalo na leiri bia to, o wó fɔge o kwɛ-ka mo se ka taa leiri bia dedɛ. 3Abam bochara nam maŋe ya kwɛ lanyerane, á na sɛ taane delo amo na ŋɔɔne a bere abam to ŋwaane. 4Me-na de amo, se amo de wó taa tigi abam bochara ne. Tio naga bá wane ka taa leiri bia ka tete yerane. Ka jege se ka taa wo tio kom yera ne mo se ka laam wane bia ka lei. Ko nam ye bedwe mo de abam. Abam jege se á me de amo, se á laam wane á ta‑á ke keim-laaro.
5Amo mo ye Vini tio kom, ye abam ye ko nɛ sem. Wolo maama de amo na me daane to nye de naga kalo na leiri bia dedɛ to mo. Amo nam ná tera á bochara ne, á bá wane kolokolo á ke. 6Wolo na wo me de amo to nye de tio naga kalo ba na gwoni ba yage ye ka ko to mo. Tio nɛ selo na koge konto dwoŋi to, ba laam wó pɛ se maama ba de mini ne mo ye se di. 7Abam nam ná me de amo, ye amo taane dem ná wo á bochara ne, á wó wane á lwoori kolo maama á boboŋa na tɔge to, ye á wó na-ko. 8Abam ná yeini á ke keim-laaro, ne tio na leiri bu-ŋona dedɛ tei to, á wó seene á ta‑á ye amo kwaga tɔgena, ye konto wó pa a Kwo wom na zula. 9Amo tiini a jege abam swono ne amo Kwo wom de na swoi-ne tei to mo. Ta‑á jege-na amo swono kom á bochara ne. 10Abam ná toŋe á tɔge amo nia yam, á wó wane á ta‑á jege amo swono kom konto. Ko ye bedwe mo de amo na sɛ a Kwo nia yam ye a jege o swono kom a bochare ne tei to.
11Amo lage se ywoni delo amo na jege to taa wo abam tei ne, se ko pa á wopwolo kom tiini ko gaale. Konto ŋwaane mo a tage wonnu tento taane a bere abam. 12Amo ni dem nam mo tento: Á ta‑á swoi daane, se ko maŋe de amo na swoi abam tei to. 13Nɔɔno ná sɛ se o te o dwonna ŋwaane, kotu tiini o jege ba swono mo se ko ja gaale. 14Abam nam ná ke á tɔge amo ni dem, á wó ta‑á ye a badwonna mo. 15Amo daa bá taa bwoi abam we, amo tontoŋena. Ko ná ye tontoŋeno, o yeiri kolo o tu na lage se o ke to. Ko nam ná ye abam, amo tage kolo maama a na lɔre a Kwo wom tei ne to a bere abam. Konto ŋwaane mo amo laam bwoi abam we a badwonna. 16Ko nam dae abam mo kuri amo se á ta‑á tɔge-ne. Amo nam mo kuri abam, ye a daare a tiŋi abam se á ta‑á ke keim-laaro. Keim-laaro tem konto wó taa wora taa taa. Abam ná toŋe keim-laaro tem konto dwoŋi, a Kwo wom wó pa abam kolo maama á na wó lwoori o tei ne amo yere ŋwaane to.
17Kolo a na pɛ abam ni se á ke to mo tento: Á ta‑á swoi daane.”
Logo baŋa nɔɔna wó chuli Wɛ nɔɔna
18“Ko ná ye balo na jege kugu jei logo baŋa ne to, ba ná chuli abam, se á ta‑á yei we ba maŋe ba da yiga ba chuli amo mo. 19Abam ya ná ye logo baŋa nyem, ko nɔɔna bam ya wó taa swoi abam, á na ye ba dwonna to ŋwaane. Ko nam na ye tei to, amo mo kuri abam logo baŋa nɔɔna bam wone, ye á daa dae ba nyem. Konto ŋwaane mo balo na jege kugu jei logo baŋa ne to wó taa chuli abam. 20Guli-na amo na maŋe a ta kolo a bere abam to we: kabaa tera ka na dwoi ka yuu tu to. Ba na jaane amo ba yaare to, ba ta wó yaare abam de mo. Ba nam ná sɛ amo ni taane, ba wó sɛ abam de ni taane mo. 21Ba nam wó ke abam konto maama amo ŋwaane, kolo ŋwaane ba yeiri wolo wom na toŋe-ne to. 22Amo ya ná wo tu a ŋɔɔne chega a bere-ba, wɛleera ya bá taa wo ba yuu ne. Ko nam na ye tei to, ba daa bá wane ba bere we ba jege bora. 23Wolo maama ná chuli amo, konto tu chuli amo Kwo wom de mo. 24Amo ke totoŋ-laaro a bere-ba, ye nɔɔn-nɔɔno ta wo fɔge o ke totoŋa yanto dwoŋi. Amo ya ná wo ke a bere-ba, wɛleera ya bá taa wo ba yuu ne. Ba nam nɛ amo na ke kolo to, ye ba ta chuli amo de a Kwo wom maama. 25Ko nam ke se kolo na popone Wɛ nia tɔnɔ kom wone to mo ji chega we, ‘Ba chuli-ne kafɛ ŋwaane.’
26Zeinnu wom nam wó ba. Wonto mo ye Wɛ Sin-laao kom. O maa ye chega tu, ye o nwoŋi a Kwo wom tei. A nam wó toŋe‑o se o nwoŋi a Kwo wom tei o ba abam tei. O laam wó ŋɔɔne amo chega kam mo o bere nɔɔna. 27Abam de nam wó ŋɔɔne a chega kam taane, kolo ŋwaane ko zege boboa ne mo, abam maŋe á wora de amo.”",https://www.bible.com/bible/3661/JHN.15.KBG
JƆN 16,"1“Amo nam ŋɔɔne wonnu tento a bere abam se ko pa á yé ywori Wɛ chwoŋa kam ne. 2Ba nam wó le abam ba jeerim di sem ne. Maŋa lage ka ba ye nɔɔno wolo ná go abam, kotu wó boŋe we o ke totoŋ-laao mo o pa Wɛ. 3Ba nam wó ke abam wonnu tem konto, kolo ŋwaane ba yeiri amo Kwo wom, ye ba ta yeiri amo de. 4Amo tɛ wonnu tento maama se te maŋa kam ná yia, se á wane á guli we amo maŋe a ta te taane a bere abam.
Amo wo tage wonnu tem konto a bere abam boboa ne, kolo ŋwaane amo ya ta wo abam tei ne mo. 5Ko daare leile konto amo lage a vo wolo wom na toŋe-ne to tei. Abam wolowolo nam wo bwei-ne we, ‘Nmo lage n vo yei ne mo?’ 6Amo nam tage a bere abam kolo na lage ko ke to, ye ko pa á wo tiini ko chɔge. 7Ko daare a laam tɛ abam chega mo we, amo ná viiri, ko wó taa lana ko pa abam. Kolo ŋwaane amo ná wo viiri, Zeinnu wom bá ba abam tei. Amo nam ná viiri, a laam wó toŋe‑o se o ba abam tei. 8O nam ná tua, o wó pa logo baŋa nɔɔna lɔre we ba tusi mo wɛleera keim seeni, de Wɛ chega kam seeni, de Wɛ borem dem seeni. 9O wó bere-ba we ba tusi wɛleera seeni de ba na wo sɛ amo to mo. 10O ta wó bere-ba we ba tusi Wɛ chega kam seeni, kolo ŋwaane a lage a vo a Kwo Wɛ tei, ye á daa bá na-ne. 11O ta wó bere-ba we ba tusi Wɛ borem dem seeni, kolo ŋwaane logo baŋa dedɛɛro wom maŋe o to de o bora.
12Amo ya ta jege wonnu dedɛ se a ta a bere abam, ye te nam wó taa tiini te chamma te dwoi á jaanem. 13Ko daare Wɛ Sin-laao kom ye chega tu mo. O ná tua, o laam wó pa se á ba á lɔre chega kam maama. Ko nam dae o tete nyem mo o lage o ŋɔɔne. O wó ŋɔɔne kolo o na nigi Wɛ tei ne to mo, o ma daare o ta wonnu telo na lage te ba to o bere abam. 14O nam wó pa amo na zula, kolo ŋwaane o wó kwei amo chega kam mo o bere abam. 15Amo Kwo wom na jege kolo maama to ye amo de nyem mo. Mo kokuri a tage a we, o Sin-laao kom wó kwei amo nyem dem o ma bere abam.
16Ko ná ke fee, abam daa bá na amo, ye ko daa ta ná ke fee ko woli da, á daa wó jwoori á na-ne.”
Wo-chechɔgɔ wó pipiri ko ji wopwolo
17Yezu na tage konto to, o kwaga tɔgena badaara maa tɛ daane ba we, “O na tage o we, ko ná ke fee dé daa bá na‑o, ye ko daa ta ná ke fee, dé daa wó na‑o to, konto kuri mo bɛ? O nam ta tage o we, ko ye o na lage o vo o Kwo tei to ŋwaane mo. Dé yeiri ko kuri.” 18Ba ta maa tiini ba bwɛ daane ba we, “O na tage o we, ‘ko ná ke fee’ to, ko kuri mo bɛ? Dé yeiri o na tɛ kolo to kuri.”
19Yezu ma lɔre we ba lage se ba bwei‑o taane. O ma ta de-ba o we, “Á na bwɛ daane tei to, ko ye amo na tage a we, ‘ko ná ke fee á daa bá na-ne, ye ko daa ná ke fee, á wó na-ne’ to ŋwaane mo na? 20A tɛ abam chega ŋwaane to, abam wó ba á keeri dedɛ wo-chechɔgɔ ŋwaane. Ko daare logo baŋa nɔɔna bam wó taa jege wopwolo. Abam wo maa wó chɔge, ye á wo-chechɔgɔ kom laam wó pipiri ko ji wopwolo. 21Ko na ye tei to, kaane ná lage o lo bu, o wó taa jege lwia mo, kolo ŋwaane o chanɛɛre maŋa yia. O nam ná loge bu wom, o laam wó swei o chanɛɛre dem ni ne, ye o wó taa jege wopwolo de o na loge bu wom to. 22Ko nam ye konto mo de abam de. Leile konto á jege lwia. Amo nam daa wó jwoori a na abam pa se á tiini á di ywoni, ye nɔɔn-nɔɔno daa bá wane o chɔge á wopwolo kom konto.
23Dɛ dem konto ná yia, abam bá bwei kolokolo amo tei ne. A tɛ abam chega ŋwaane to, amo Kwo wom wó pa abam kolo maama abam na wó lwoori amo yere ŋwaane to. 24De leile konto de, á maŋe á ta wo lwoori kolokolo amo yere ŋwaane. Nam lwoori-na, se á wó na, se ko pa abam wopwolo kom tiini ko gaale.
25Amo na tage wonnu tento a bere abam to, ko ye memaŋa mo a mɛ a ta. Maŋa nam wó ba ye amo daa bá maŋe memaŋa a ma bere abam. Amo nam wó ba a ŋɔɔne a Kwo Wɛ taane jaja mo a bere abam. 26Dɛ dem konto ne, amo daa bá taa jege se a lwoori a Kwo Wɛ abam ŋwaane. Abam mo wó lwoori‑o amo yere ŋwaane, 27kolo ŋwaane Wɛ tete maŋe o jege abam swono, abam na swoi amo ye á kwori á sɛ we a nwoŋi o tei ne to ŋwaane. 28Amo seene a nwoŋi a Kwo Baŋa Wɛ tei mo a ba logo baŋa. Leile konto a lage a yage logo baŋa se a jwoori a vo o tei.”
29Yezu na tage konto to, o kwaga tɔgena bam laam ma ta ded‑o ba we, “Nii, nmo laam tiini n ŋɔɔne jaja mo, ye n daa‑n ba maŋe memaŋa. 30Leile konto dé laam lɔre we nmo yei wonnu maama. Nmo daa‑n ba lage se nɔɔn-nɔɔno bwei‑m taane. Konto nam pɛ se debam sɛ we, nmo seene n nwoŋi Wɛ tei mo.” 31Yezu ma leiri-ba o we, “Abam laam sɛ na? 32Nii-na, maŋa lage ka yi leile konto, ye abam wó jage. Abam dedoa dedoa maa wó jwoori o kwei o chwoŋa o daare amo yerane. Amo nam bá taa ye a yerane, kolo ŋwaane a Kwo wom wó taa wo a tei ne. 33Amo tage wonnu tento a bere abam se ko pa á na bochare-zuru mo, á na me de amo to ŋwaane. Logo baŋa ne á wó na yaara. Nam ta‑á jege-na pu-dɛa. Amo maŋe a wane logo kom baŋa maama.”",https://www.bible.com/bible/3661/JHN.16.KBG
JƆN 17,"Yezu tiini o lwoori o Kwo Wɛ
1Yezu na tage taane dem konto o ti to, o ma kwoni o yuu wɛɛne ye o we: “Amo Kwo, a toone maŋa kam laam yia. Amo ye nmo Bu mo. Nam pa se a na zula, se amo de wó pa n na zula. 2Kolo ŋwaane nmo pɛ-ne dam nabiina maama baŋa ne se a wane a pa balo maama nmo na pɛ-ne to jwoŋi ŋwea kalo na ba jege kweelim to. 3Ŋwea kalo na ba jege kweelim to mo ye se nabiina taa yei nmo wolo yerane na ye chega tu Baŋa Wɛ to, se ba daare ba taa yei amo, Yezu Krista wolo nmo na toŋe to. 4Amo pɛ se nmo na zula logo baŋa ne, de amo na ti totoŋe dem nmo na pɛ-ne se a toŋe to. 5Amo Kwo, pa se a na nenɔŋ-fɔrɔ nmo tei ne leile konto, se ko maŋe de nenɔŋ-fɔrɔ kolo a na maŋe a jege de nmo ye logo baŋa ta tera to.
6Amo pɛ se nɔɔna balo nmo na kuri logo baŋa nɔɔna wone n ke amo jeŋa ne to lɔre nmo na ye wolo to. Banto ye nmo nyem mo, ye n kwei-ba n ke amo jeŋa ne. Ba nam sɛ nmo ni taane dem mo. 7Leile konto ba yei we kolo maama nmo na pɛ amo to nwoŋi nmo tei mo. 8Kokuri to, nmo na pɛ-ne kwora kalo to mo a pɛ-ba, ye ba sɛ. Ba nam yei lanyerane we amo nwoŋi nmo tei mo, ye ba ta sɛ we nmo mo toŋe-ne.
9Amo nam lwoori nmo banto ŋwaane mo, se a ba lwoori nmo a pa logo baŋa nɔɔna maama. Ko nam ye balo nmo na ke a jeŋa ne to, kolo ŋwaane banto ye nmo nyem mo. 10Woŋo kolo maama amo na jege to ye nmo nyem, ye nmo de na jege woŋo kolo maama to ye amo nyem mo. Balo na ye nmo nyem ye n ke-ba amo jeŋa ne to ŋwaane mo pɛ a yere zaŋe de zula. 11Leile konto amo daa bá taa wora logo baŋa ne, ye banto ta wora mo. Amo laam maa beene nmo tei mo. Amo Kwo, Wo-pwoŋo Tu Baŋa Wɛ, nmo yere dem ye amo de nyem mo, ye dento bere nmo dam dem na ye tei to. Ta‑n mae n dam dem konto n nii n nɔɔna baŋa ne, se ko pa ba taa ye woŋo dedoa, ne nmo de amo na ye woŋo dedoa tei to. 12Amo ya na wo ba tei ne to, a mɛ nmo dam dem mo a nii ba baŋa ne. Amo ma che-ba se ba yé ywori nmo chwoŋa kam wone. Ba wolowolo wo jei, ko ná dae wolo wom na maŋe se o na chɔgem to yerane. Nmo tɔnɔ kom bere we wonto jege se o na chɔgem mo.
13Leile konto amo maa beene nmo tei. Amo nam tage wonnu tento logo baŋa ne mo se ko pa nmo nɔɔna bam taa jege amo wopwolo kom dwoŋi ba bochara ne se ko tiini ko gaale. 14A ma ke nmo ni taane dem ba jeŋa ne. Balo kugu jei na wo logo baŋa ne to ma chuli-ba, ba na dae logo baŋa nyem to ŋwaane, ne amo de na dae logo baŋa nyem tei to. 15Ko nam dae we a lwoori nmo se n le-ba logo kom baŋa ne. A nam lwoori‑m se n che-ba wo-lwanno tu setaane jeŋa ne mo. 16Ba dae logo baŋa nyem, ne amo de na dae logo baŋa nyem tei to. 17Fɔge n kwɛ-ba de n chega kam se ba taa ye nmo nyem. Nmo ni taane dem ye chega mo. 18Amo toŋe-ba a yage logo baŋa ne, ne nmo na toŋe amo de n yage logo baŋa ne tei to mo. 19Ko nam ye banto ŋwaane mo amo kwei a tete a ke nmo jeŋa ne, se ko pa banto de wane ba taa ye nmo nyem, nmo chega kam ŋwaane.
20Amo nam ba lwoori nmo a pae banto yerane, se ko ye balo de na wó ba ba sɛ amo banto taane dem ŋwaane to mo. 21Amo nam lwoori nmo se ko pa ba maama taa ye woŋo dedoa mo. Amo Kwo, nmo me de amo, ye amo tigi nmo bochare ne. Nam pa se banto me de debam konto dwoŋi. Konto wó wane ko pa se logo baŋa nɔɔna sɛ we, nmo mo toŋe-ne. 22Amo pɛ-ba nenɔŋ-fɔrɔ kolo dwoŋi nmo na pɛ-ne to, se ba wane ba ji woŋo dedoa, ne amo de nmo na ye woŋo dedoa tei to. 23Amo me de-ba, ye nmo me de amo, se ko pa ba taa tiini ba ye woŋo dedoa, se logo baŋa nɔɔna wane ba lɔre we nmo mo toŋe-ne, ye n jege nmo nɔɔna bam swono, nenɛɛne nmo na swoi amo tei to.
24Amo Kwo, a lage se balo nmo na ke a jeŋa ne to taa tɔge ba wo amo na wo mɛ to, se ko pa ba na amo na jege nenɔŋ-fɔrɔ kolo to. Ko ye nmo na maŋe n jege amo swono faŋa faŋa ye logo baŋa daa ta wo ke to ŋwaane mo n pɛ-ne nenɔŋ-fɔrɔ kom konto. 25Amo Kwo, nmo ye Chega Tu. Logo baŋa nɔɔna bam nam yeiri nmo. Ko daare amo yei nmo, ye a nɔɔna bam yei we nmo mo toŋe-ne. 26Amo nam pɛ se ba lɔre nmo na ye wolo to, ye a daa ta wó taa ke konto mo se ko pa swono kolo nmo na jege amo ŋwaane to taa wo banto de tei ne. Amo tete de maa wó me de-ba.”",https://www.bible.com/bible/3661/JHN.17.KBG
JƆN 18,"Ba jaane Yezu
Matiyu 26:47-56; Maake 14:43-50; Luka 22:47-53
1Yezu déem na tage wonnu tem konto o ti to, o de o tɔgena bam ma zaŋe ba nwoŋi se ba kɛ. Ba ma vo ba bɛ nabara kadwoŋi kalo yere na ye Kidoron to. Gaare maa wo jei sem konto ne. Ba ma vo ba zo de wone. 2Yezu de o kwaga tɔgena bam déem yeini ba jeeri daane gaare dem konto ne mo. Konto ma pa se Judas wolo na lage o yeigi Yezu o pa to yei ko jei. 3Judas ma tɔge de soja tiina kɔgɔ o vo jeiga kam konto. Wɛ kaanem yiga tiina bam de Farisi tiina bam de ma toŋe ba nɔɔna pa ba tɔge ba vo. Ba déem jege ba jara zela, dedaane min-zwonnu, de mɔɔla.
4Yezu maa yei kolo maama na lage ko ke‑o to. O ma fɔɔre o twɛ ba tei, ye o ta de-ba o we, “Wɔ mo abam laga?” 5Ba ma leiri‑o ba we, “Yezu wolo na ye Nazarete tu to mo dé laga.” Yezu ma ta o we, “Ko ye amo mo konto.”
Judas de maa tɔge o zege de-ba. Wonto maa ye wolo na yeigi Yezu o pa to. 6Yezu na tage de-ba o we wom mo konto to, ba ma tutwoni ba jwoori kwaga ba to tega ne. 7O ma jwoori o bwei-ba o we, “Wɔ mo abam laga?” Ba ma ta ba we, “Yezu wolo na ye Nazarete tu to mo dé laga.” 8Yezu ma ta de-ba o we, “Amo maŋe a ta a bere abam we, amo mo konto. Ko nam ná ye amo mo á laga, se á yage banto se ba viiri.” 9O tage konto se ko pa o na maŋe o ta taane delo to mo ji chega de o na we, “Amo Kwo, amo wo pɛ balo maama nmo na ke amo jeŋa ne to de dedoa de jei.”
10Simon Piita maa jege se-zɔɔ. O ma le-ko o ma o zage Wɛ kaanem yuu tu wom tontoŋeno jazem zwɛ o pere. Tontoŋeno wom yere mo Malachu. 11Yezu ma ta de Piita o we, “Jwoori n ke n seo kom ko pwolo ne. Amo jege se a na chanɛɛre delo a Kwo na pɛ-ne to mo. Nmo nam boŋe se a lu mo na?”
12Soja tiina bam kɔgɔ kom de ba dedɛɛro wom de Juu tiina bam nɔɔna bam ma ja Yezu ba vɔ. 13Ba ma ja‑o ba da yiga ba vo Anas tei. O maa ye Kayafa tembaaro mo. Kayafa mo ye Wɛ kaanem yuu tu wom bene dem konto ne. 14Wonto déem ya tage de Juu tiina bam we, ko maŋe se nɔɔno dedoa te nɔɔna bam maama ŋwaane.
Piita foge we o yeiri Yezu
Matiyu 26:69-70; Maake 14:66-68; Luka 22:55-57
15Simon Piita de o dwoŋi tɔgeno dedoa ma tɔge Yezu kwaga. Tɔgeno wom konto de Wɛ kaanem yuu tu wom yei daane lanyerane. O ma tɔge de Yezu o zo kaanem yuu tu wom sɔŋɔ konkɔlɔ. 16Piita ma maŋe manchwoŋo ni ne o zege da. Yezu tɔgeno wolo wom de kaanem yuu tu wom na yei daane to ma jwoori o nwoŋi o ta de busankana kalo na nii manchwoŋo ni dem baŋa ne to, ye o daare o ja Piita o zo. 17Busankana kam ma bwei Piita o we, “Nmo tɔge n ye Yezu kwaga tɔgeno mo na?” O ma leiri o we, “Amo dae.”
18Waaro déem mo wora. Konto ŋwaane tontoŋena bam de Juu tiina dedɛɛra bam ma dwei mini ba zege da ba weera. Piita de ma vo o tɔge o zege da o weeri mini dem.
Ba bwei Yezu taane
Matiyu 26:59-66; Maake 14:55-64; Luka 22:66-71
19Wɛ kaanem yuu tu wom laam ma bwei Yezu o tɔgena bam taane, de o berem dem na ye tei to. 20Yezu ma leiri‑o o we, “Amo yeini a ŋɔɔne jaja mo a bere nɔɔna maama. Amo na yeini a bere nɔɔna to, ko ye ba jeerim di sem ne mo, de Wɛ diga kam ne, mɛ Juu tiina bam maama na yeini ba jeeri daane to. Amo wo fɔge a seigi a ta kolokolo. 21Bɛ nam mo ye n bwei amo se n nii? Nam bwei balo na cheigi amo bera yam to n nii amo na tage kolo de-ba to, se banto mo yei amo na tage kolo to.” 22Yezu na tage konto to, dedɛɛra bam dedoa na zege o takeiri ne to ma lɔ o popɔŋɔ, ye o bwei‑o o we, “Bɛ mo ye n ŋɔɔne konto dwoŋi de Wɛ kaanem yuu tu wom?” 23Yezu ma leiri‑o o we, “Amo ná tage woŋo a chɔge, se n ta ko na ye kolo to se dé lɔre. Ko nam ná ye chega mo a taga, bɛ mo ye n mage-ne?”
24Anas laam ma pa se ba ja‑o ba vo Kayafa wolo na ye Wɛ kaanem yuu tu to tei, ye ba ta wo bwoli‑o.
Piita daa jwoori o fo we o yeiri Yezu
Matiyu 26:71-75; Maake 14:69-72; Luka 22:58-62
25Simon Piita daa ta maa zege da o weeri mini dem. Ba ma bwei‑o ba we, “Nmo tɔge n ye nɔɔno wonto kwaga tɔgeno mo na?” Piita ma fo o we, omo dae. 26Wɛ kaanem yuu tu wom tontoŋeno dedoa wolo choro Piita na zage o zwɛ o pere to ma ta ded‑o o we, “Amo wo nɛ nmo ded‑o gaare dem ne na?” 27Piita daa ta ma fo. Chebɛɔ ma da ko keeri.
Yezu zege Pilata yiga ne
Matiyu 27:1-2, 11-31; Maake 15:1-20; Luka 23:1-5, 13-25
28Ba laam ma ja Yezu ba nwoŋi Kayafa sɔŋɔ ne ba vo teo kom gɔmena tu wom sɔŋɔ. Ko déem ye tetete mo. Juu tiina bam maa wo dɛ ba zo sɔŋɔ kom wo ba chullu tem ŋwaane. Ba jege se ba che ba tete de digiru se ba wane ba na chwoŋa ba di Atɔgebabaŋa kuri dem. 29Gɔmena tu Pilata ma nwoŋi ba tei, ye o bwei-ba o we, “Bɛ mo ye abam saŋe nɔɔno wonto?” 30Ba ma leiri‑o ba we, “Nɔɔno wonto ya ná wo ke o chɔge, dé ya bá ja‑o dé ba nmo tei.” 31O ma ta de-ba o we, “Abam tete nam jwoŋi‑o se á di o taane dem, se ko tɔge abam chullu tem na ye tei to.” Juu tiina bam ma leiri ba we, “Debam ba jege chwoŋa se dé go nɔɔn-nɔɔno o keim-balɔrɔ ŋwaane.” 32Konto nam ke se Yezu na tage kolo to mo ji chega, ne o na wó te toone delo dwi to.
33Pilata laam ma jwoori o zo sɔŋɔ kom wo o bwoŋi Yezu, ye o bwei‑o o we, “Nmo ye Juu tiina bam pɛ mo na?” 34Yezu de daa ma jwoori o bwei‑o o we, “Nmo na tage konto to, ko ye nmo tete boboŋa taane mo naa nɔɔna badwonna mo tage amo taane de nmo?” 35O ma leiri o we, “Amo dae Juu tu. Ko ye nmo tete Juu tiina de ba kaanem yiga tiina bam mo jaane nmo ba ba ba ke amo jeŋa ne. Kɔ mo n kea?”
36Yezu ma leiri o we, “Amo paare dem wo nwoŋi logo baŋa, se de ya ná ye logo baŋa nyem, amo nɔɔna bam ya wó ke jara se ba che se Juu tiina bam yé na chwoŋa se ba ja amo. Ko nam na ye tei to, amo paare dem ye jeiga kadwoŋi nyem mo.” 37Pilata ma bwei‑o o we, “Konto to, nmo ye pɛ mo na?” Yezu ma leiri o we, “Nmo tete mo tage n we, a ye pɛ. A tu se a ŋɔɔne chega kam taane mo a bere nɔɔna logo baŋa ne. Konto ŋwaane mo ba loge amo. Wolo maama na ye chega nɔɔno to mo cheigi amo taane.” 38O ma ta ded‑o o we, “Bɛ mo ye chega?”
Pilata na tage konto to, o laam ma jwoori o nwoŋi pwooni o ta de Juu tiina bam o we, “Amo wo nɛ o na ke kolo o chɔge to se a bwei‑o se o leiri. 39Abam nam yeini á jege meo kodwoŋi. Atɔgebabaŋa kuri dem maŋa ne amo yeini a le peeno dedoa a yage a pa abam se o viiri. Abam nam lage se a yage Juu tiina pɛ wom mo na?” 40Ba ma laare de kwor-dɛa ba we, “Ko dae wonto, ko ye Barabas mo dé laga se n yage.” Barabas ya ye venvereno mo.",https://www.bible.com/bible/3661/JHN.18.KBG
JƆN 19,"1Pilata laam ma pa se ba yɔɔre ba ja Yezu ba fere. 2Soja tiina bam ma kwei sabare ba ma sɔ yipuga ba pu o yuu ne. Ba ma kwei gare-soŋo ba zo‑o ne o ye pɛ mo tei. 3Ba maa vei o tei kuni dedɛ, ye ba tɛ ded‑o ba we, “Juu tiina Pɛ, de n lei”. Ba maa jege o popwaano ba lɔe.
4Pilata daa ta ma jwoori o nwoŋi pwooni, ye o ta de kɔgɔ kom o we, “Nii-na, amo wó pa se nɔɔno wom nwoŋi o ba o zege abam yiga ne se á wane á lɔre we, amo wo nɛ o na ke kolo o chɔge to.” 5Yezu ma nwoŋi de o yuu sabare yipuga kam de o gare-soŋo kom. Pilata ma ta de-ba o we, “Nii-na nɔɔno wom da.” 6Kaanem yiga tiina bam de ba nɔɔna bam na nɛ‑o to, ba maa tɛ de kwor-dɛa ba we, “Go‑o! Pa‑o dagara yuu ne n go!” O ma ta de-ba o we, “Abam tete nam ja‑o á pa dagara yuu ne, se amo wo nɛ kolo o na ke o chɔge se a ma vane o bora to.” 7Juu tiina bam ma jwoori ba leiri‑o ba we, “Debam jege Wɛ ni delo na bere we o jege se o te to, kolo ŋwaane o bere o tete we o ye Wɛ Bu.”
8Pilata na nigi ba na tage konto to, foone ma tiini de zo‑o. 9O ma jwoori o zo sɔŋɔ kom wo, ye o bwei Yezu o we, “Nmo nwoŋi yei ne mo?” Yezu ma chem. 10O ma ta ded‑o o we, “Nmo chem mo de amo na? Ta‑n yei we amo jege dam se a yage nmo, naa se a pa ba pa nmo dagara yuu ne ba go.” 11Yezu ma leiri‑o o we, “Nmo ya bá ta‑n jege dam amo baŋa ne, ko ná dae Wɛ mo pɛ‑m. Konto ŋwaane, nɔɔno wolo na kwei amo o ke nmo jeŋa ne to mo tiini o ke wo-lɔŋɔ o dwoni nmo.”
12Maŋa kam Pilata na nigi konto to, o maa kwaane o lage chwoŋa se o pa ba yage Yezu. Ko daare Juu tiina bam maa tiini ba tɛ de kwor-dɛa ba we, “Nmo ná yage nɔɔno wonto, ko wó bere we n chuli logo kom Pa-faro wom mo. Nɔɔno wolo ná pɛ o tete paare, konto tu dwoni de Pa-faro wom mo.” 13Pilata na nigi konto to, o ma ja Yezu o nwoŋi, ye o daare o jeini taane dim jeiŋa kam jei ne. Ba bwoi jei sem konto we, ‘Kandwa-pelwaaro jeiga’ mo. Ko yere de Juu tiina taane dem mo ye ‘Gabata’.
14Ko déem ye wea tetare ne mo, dɛ dem tega na wó poore se Atɔgebabaŋa kuri dem di to. Pilata laam ma ta de Juu tiina bam o we, “Nii-na á pɛ wom da.” 15Ba ma jwoori ba laare baŋa baŋa ba we, “Ja‑o n pa dagara yuu ne n go!” O ma bwei-ba o we, “O ye abam pɛ wom ye á lage se a pa ba go‑o na?” Kaanem yiga tiina bam ma leiri ba we, “Debam ba jege pɛ wodwoŋi, ko ná dae logo kom Pa-faro wom yerane.” 16Pilata laam ma kwei Yezu o ke ba jeŋa ne se ba pa‑o dagara yuu ne ba go.
Ba jaane Yezu ba vo ba pa dagara yuu ne
Matiyu 27:32-56; Maake 15:21-41; Luka 23:26-49
Soja tiina bam laam ma ja Yezu, 17ye ba pa o zeŋe dagara kalo ba na lage ba pa‑o ka baŋa ne to. O ma vo o yi jeiga kalo ba na bwoi we, ‘Yu-kwoli-champoa Peo’ to. Ko yere de Juu tiina taane dem mo ye ‘Goligota’. 18Ko ye dáane mo ba jaane‑o ba pa dagara kam yuu ne. Ba ma ja nɔɔna balei de ba pa dagare baŋa ne. Yezu maa wo banto balei tetare ne.
19Pilata ma popone maanem tɔn-kamunu ye o pa ba tane-ko dagara kam yuu ne. Ko poponem dem we:
YEZU, NAZARETE TU,
JUU TIINA PƐ.
20Juu tiina bam dedɛ déem ma ga tɔnɔ kom, kolo ŋwaane jeiga kalo ba na page Yezu da to bwola de teo kom ni. Tɔnɔ kom déem popone de Juu tiina taane, de Rom tiina taane, de Girisi tiina taane mo. 21Juu tiina kaanem yiga tiina bam na nɛ to, ba ma vo ba ta de Pilata ba we, “Ko wo maŋe se n popone we, ‘Juu tiina Pɛ’. Nam popone we, ‘Nɔɔno wonto mo bere o tete we o ye Juu tiina Pɛ.’ ” 22O ma leiri-ba o we, “Amo na popone tei to daa ba kwana.”
23Soja tiina bam na page Yezu dagara kam yuu ne ba ti to, ba laam ma kwei o gwaaro tem ba pɔɔre-te kuni bena, se soja tu maama kwei o nyem. Ba ma kwei o gare-bu wom de. Ko maama déem sɔge puna mo, ko ba jege twoŋim jei. 24Ko na ye konto to, ba ma ta daane ba we, “Yé pa-na se dé kaare-ko. Nam pa-na dé ta jɔrɔ se dé nii wolo na wó jwoŋi-ko to.” Ko déem ke konto mo se ko pa kolo na popone Wɛ tɔnɔ kom wone to mo ji chega de ko na we, “Ba pɔɔre amo gwaaro ba pa daane, ye ba daare ba ta jɔrɔ amo gare-bu wom ŋwaane.” Soja tiina bam ma seene ba ke konto.
25Balo déem na zega ba bwola de Yezu dagara kam to mo ye o nu wom, de o nu nyaane, de Mary wolo na ye Kalopa kaane to, de Mary wolo na ye Magadala tu to. 26Yezu na nɛ o nu wom de o kwaga tɔgeno wolo o na jege o swono lanyerane, ye ba zege da to, o ma ta de o nu wom o we, “A nu, nii nmo bu wom da.” 27O ma daare o ta de o kwaga tɔgeno wom o we, “Nii n nu da.” Ko zege maŋa kam konto ne o kwaga tɔgeno wom jaane Yezu nu wom o pa o zoore o sɔŋɔ ne mo.
28Konto kwaga ne Yezu maa yei we woŋo maama ke ko ti. O na lage se Wɛ tɔnɔ kom seene ko ji chega to, o laam ma ta o we, na-nyɔm jege‑o. 29Zoŋa déem mo zege da, ye ka ni su de sana balo na nyɔna to. Ba ma kwei sɔsɔɔ ba de sa-nyɔna bam wone, ye ba vɔ-ko daa ni ne ba tei wɛɛne ba pa se ko yi o ni. 30Yezu ma nyɔ sa-nyɔna bam, ye o ta o we, “Ko laam ke ko ti.” O ma daare o chɔɔle o yuu tega ne, ye o laam pa o jworo kom nwoŋi o tei ne.
31Ko déem ye dɛ delo Juu tiina maama na yeini ba ti ba yiga se ba siu dɛ dem laam yi to mo. Tega na wó poore se ko taa ye ba siu dɛ-kamunu kom to, ba maa ba lage se nɔɔna bam yera yam taa wo dagare sem yera ne dɛ dem konto ne. Konto ŋwaane Juu tiina badwonna ma vo Pilata tei ba ta ded‑o se o pa chwoŋa se ba bwori nɔɔna bam nɛ se ba daare ba pare ba yera yam. 32Konto ŋwaane, soja tiina bam ma vo balo ba na go ba woli de Yezu to tei, ye ba bwori da-yiga nɔɔno wom nɛ, de o dwoŋi wom nɛ. 33Ba ma vo ba yi Yezu. Ba ma na we o maŋe o te mo ye ba daa wo bwori wonto nɛ. 34Ko daare soja tu dedoa ma kwei o chichwei o ma zɔ Yezu saŋa ne. Jana de na maa tae ba nwoŋa. 35Nɔɔno wolo yi na nɛ konto to mo ŋɔɔne ko taane se ko pa abam de wane á sɛ. O maa yei we o na tage kolo to ye chega mo, ye o zege chega kam konto kwaga ne.
36Konto nam ke se ko pa Wɛ tɔnɔ kom ji chega de ko na we, “O kua de dedoa de bá bwori.” 37Wɛ tɔnɔ kom ta tage ko we, “Nɔɔna wó fɔge ba nii wolo wom ba na zɔge to.”
Ba ke Yezu yibeeli wone
Matiyu 27:57-61; Maake 15:42-47; Luka 23:50-56
38Konto kwaga ne nɔɔno wodwoŋi o yere na ye Josɛf ye o nwoŋi Arimatea to ma zaŋe o vo Pilata tei. O déem ye Yezu kwaga tɔgeno mo ye o ba bere o tete jaja, o na kɔre Juu tiina dedɛɛra bam to ŋwaane. O ma vo o bwei Pilata se o nii, o wó wane o pare Yezu yera yam dagara kam yuu ne na. Pilata ma sɛ se o kwei-ya. Josɛf ma vo o kwei o ja viiri. 39Nikodema wolo déem na vei o na Yezu tete ne to maa tɔge o wora. O maa jege terale nuga dedɛ o tei ne, ko na maŋe de garewaa yi. Nuga kam ye Mura de Alowa nuga mo gwaane daane. 40Nɔɔna bam konto balei ma kwei Yezu yera yam ba turi-ya de terale nuga kam, ye ba daare ba pipiri‑o de gare-jale, ne Juu tiina na yeini ba ke ba twa tei to. 41Gaare mo wo jei selo ne ba na page Yezu dagara yuu ne to. Peo maa wo gaare dem wone, ye yibeeli-doore wora peo kom yera ne, ba ta na wo ke nɔɔn-nɔɔno da. 42Ko na ye dɛ delo tega na wó poore se ko taa ye ba siu dɛ dem to, ba ma kwei Yezu yera yam ba tiŋi yibeeli dem wone, de jei na bwola to ŋwaane.",https://www.bible.com/bible/3661/JHN.19.KBG
JƆN 20,"Yezu bi toone wone ye o bere o tete
Matiyu 28:1-10, 16-20; Maake 16:1-11, 14-18; Luka 24:1-12, 36-49
1Siu dɛ dem na kɛ de daare de pa dɛ delo to, Mary Magadala ma zaŋe o gwoni tega o vo Yezu yibeeli dem jeiga. O ma na we kandwɛ delo ya na pe bɔɔne dem ni to tigi dáa ne. 2O ma duri o jwoori o vo o ta de Simon Piita de tɔgeno wodwoŋi wom Yezu na swoi to o we, “Ba kwei dé Teiru wom yera yam yibeeli dem wone. Dé nam yeiri ba na ke‑o mɛ.”
3-4Piita de o dwoŋi tɔgeno wom ma zaŋe ba duri ba maa vei bɔɔne dem. Tɔgeno wodwoŋi wom ma duri o kɛ o vo o yi bɔɔne dem o daare Piita. 5O ma tiiri o nii bɔɔne dem wone o na gare-jale na tigi da, ye o wo zo. 6Simon Piita ma da o kwaga o ba. O ma kɛ o zo bɔɔne dem wo. O ma na gare-jale dem na tigi da, 7ye o ta na gɔrɔ kolo ba ya na mɛ ba ba Yezu yuu to. Konto nam piri mo ko tigi ko yera. 8Tɔgeno wodwoŋi wom ya na lwoori o yi da to de laam ma zo. O ma na kolo na wora to, ye o daare o sɛ we ko seene ko ye chega. 9Ba daa ta maa wo lɔre Wɛ tɔnɔ kom na tage kolo we o jege se o bi toone wone to kuri. 10Ba laam ma jwoori ba viiri.
11Mary daa ta maa zege yibeeli dem ni ne o keera. O na wora o keera konto to, o ma tiiri o nii bɔɔne dem wone. 12O ma na malese selei na zo gare-pwonnu se jei mɛ seeni Yezu yera yam ya na tigi da to. Dedoa maa wo o yuu seeni, ye wodwoŋi wom maa wo o nɛ seeni. 13Se ma bwei‑o se we, “A nakɔ, bɛ mo ye n keera?” O ma ta de-se o we, “Ba kwei amo Teiru wom yera yam ba ja viiri, ye a nam yeiri ba na kwei‑o ba ke mɛ.”
14O na tage konto to, o ma pipiri o nii o kwaga ne o na Yezu na zege da, ye o wo lɔre we ko ye Yezu mo. 15Yezu ma bwei‑o o we, “A nakɔ, bɛ mo ye n keera? Wɔ mo nmo kare n beera?” Mary déem boŋe we o ye gaare dem tu mo. O ma ta ded‑o o we, “Amo tu, ko ná ye nmo mo kwei‑o n ja n viiri, se n bere-ne n na ke‑o mɛ to se a vo a kwei.” 16Yezu ma bwoŋi o yere o we, “Mary.” Mary ma pipiri o nii o seeni, ye o ta de Juu tiina taane dem o we, “Rabuni”, ko kuri mo ‘Berem tu’.
17Yezu ma ta ded‑o o we, “Yé ta‑n dwei-ne, se amo daa ta wo jwoori a vo a Kwo wom tei. Nam véi n ta n bere amo nu-bia bam we, amo laam maa vei a Kwo wom tei, wolo na ye abam de Kwo to. Wonto mo ye Baŋa Wɛ. O maa ye amo Tu de abam de Tu.” 18Mary Magadala laam ma zaŋe o vo o ta de Yezu kwaga tɔgena bam we, omo nɛ ba Teiru wom, ye o daare o ta kolo Yezu na tage o bere‑o to.
19Dɛ delo nɔɔ na saŋe siu dɛ dem to mo Yezu kwaga tɔgena bam lage daane jeiga dedoa, ye ba fɔge ba pe diga kam ni, ba na kɔre foone de Juu tiina dedɛɛra bam to ŋwaane. Yezu laam ma pɔpɔ o ba o zege ba tetare ne. O ma ta de-ba o we, “Yazura taa wo á tei ne.” 20O na tage konto o ti to, o ma bere-ba o jea de o saŋa kam. O kwaga tɔgena bam maa tiini ba jege wopwolo lanyerane de ba na nɛ ba Teiru wom to. 21O daa ma jwoori o ta de-ba o we, “Yazura taa wo á tei ne. Ne amo Kwo Wɛ na toŋe-ne logo baŋa ne tei to, amo de lage a toŋe abam konto dwoŋi mo.” 22O na tage konto to, o ma sii o momwa vio o yage ba yera ne ye o we, “Jwoŋi-na Wɛ Sin-laao kom. 23Abam ná yage nɔɔno wolo wɛleera á ma chɛ‑o, ya wó seene ya saare mo. Ko daare abam ná wo yage á ma chɛ wolo, ya ta wó taa wo kotu yuu ne mo.”
Tomas na tu o sɛ Yezu tei to
24Tomas wolo ba na bwoi‑o we ‘Yeywɛ’ ye o wo Yezu tontoŋena fuga-balei bam wone to ya tera maŋa kam Yezu na tu o kwaga tɔgena bam tei to. 25O dwonna bam ma ta ba bere‑o ba we, “Debam ya nɛ dé Teiru wom.” O ma ta de-ba o we, “Amo yi ná wo nɛ chena yam nia o je sem ne se a ke a noa da a nii, ye a daare a ke a jeŋa o saŋa kam ne, amo bá sɛ.”
26Da nana na kɛ to, Yezu tɔgena bam daa ma la daane jeiga dedoa, ye Tomas de wora ba tei ne. Ba ma fɔge ba pe diga kam ni. Yezu ma pɔpɔ o ba o zege ba tetare ne. O ma ta o we, “Yazura taa wo á tei ne.” 27O laam ma daare o ta de Tomas o we, “Ma n noa n taane a je sem ywo-seeni n nii, n daare n tore n jeŋa a saŋa kam ne. Yage bobwea, se n daare n sɛ.” 28Tomas ma leiri‑o o we, “Amo Teiru, de amo Tu Wɛ, a laam sɛ.” 29Yezu ma ta ded‑o o we, “Nmo na nii n na amo to mo pɛ nmo laam sɛ na? Balo na sɛ ye ba ta wo nɛ-ne to mo tiini ba jege yu-ywoŋo.”
Woŋo kolo ŋwaane ye Jɔn popone tɔnɔ konto
30Yezu déem ke wo-kenkagela dedɛ o kwaga tɔgena bam tetare ne, ye te maama nam wo popone tɔnɔ konto wone. 31Wonnu telo na popone to ye se á wane á sɛ we Yezu mo ye Wɛ Dam Tu wom, ye o kwori o ye Wɛ Bu wom. Á nam ná jege wo-dedoa ded‑o, á wó na ŋwea Wɛ tei ne.",https://www.bible.com/bible/3661/JHN.20.KBG
JƆN 21,"Yezu veere o tete de o kwaga tɔgena
1Konto kwaga ne Yezu déem daa ma jwoori o veere o tete de o tɔgena bam Tiberia naneo kom ni ne. O na ke tei to mo tento: 2Simon Piita déem wora, de Tomas wolo ba na bwoi we ‘Yeywɛ’ to. Natanayel de maa wora, o na nwoŋi Galili teo Kana to, dedaane Zebedi bia bam, de Yezu kwaga tɔgena badwonna balei. Banto bam maama maa wo daane. 3Simon Piita ma ta de o dwonna bam o we, o maa vei se o ja ywona mo. Ba ma ta ded‑o ba we, “Dé wó tɔge de nmo dé vo.” Ba ma zaŋe ba vo ba zo ba nabworo kom. Tete dem konto ne ba ma kwaane se ba ja ywona, ye ba wo nɛ kolokolo ba ja.
4Tega na wora ka poore to, Yezu maa zege naneo kom ni ne, ye ba wo lɔre‑o. 5O ma bwoŋi-ba o we, “A badwonna bam, abam wo jaane ywona na?” Ba ma leiri‑o ba we, “Dé wo nɛ kolokolo.”
6O laam ma ta de-ba o we, “Nam de-na á bora kam nabworo kom jazem seeni, se á wó ja.” Ba ma seene ba ke konto, ye ba daa ware se ba vaŋe bora kam ba de nabworo kom wone, ywona yam na tiini ya daga to ŋwaane. 7Yezu kwaga tɔgeno wolo o na swoi to ma ta de Piita o we, “Debam Teiru wom mo.”
Simon Piita na lɔre we ko ye ba Teiru wom konto to, o ma kwei o gɔrɔ kolo o ya na le to o ma kwoli o tete. O ma faŋe o chu na bam wone. 8Kwaga tɔgena badaara bam ma ja nabworo kom ba ba ba yi na bam ni, ye ba vaŋe bora kam de ka ywona yam ba woli da. Ba ya dae yiga yiga de buburu kom, nenɛɛne naba-laara bi mo tei. 9Ba na bɛ bubɛ dem to, ba ma na min-chala na wora, ye ywona wo ya baŋa ne. Bworobworo de maa wora. 10Yezu ma ta de-ba o we, “Twori-na ywona yalo á na jaane leile to yadaara á ja á ba.”
11Simon Piita laam ma vo o zo nabworo kom wo o vaŋe bora kam o tuuri o de tega ne. Ka su de ywon-kamuna yerane mo, ya maama ye bi de finnu-yatɔ (153). De konto de, ya wo pɛ se bora kam kaare. 12Yezu ma ta de-ba o we, “Ba-na á saare á ni.” O kwaga tɔgena bam maama ma kɔre se ba bwei‑o ba nii wonto ye wɔ mo, kolo ŋwaane ba maŋe ba yei we ko ye ba Teiru wom mo. 13Yezu ma zaŋe o vo o kwei bworobworo kom o pa-ba, ye o daare o ke ywona yam de konto.
14Yezu na bi toone wone to, konto mo ke kuni betɔ o na veere o tete de o kwaga tɔgena bam to.
Yezu na ŋɔɔne de Piita tei to
15Ba na di ba ti to, Yezu laam ma ta de Simon Piita o we, “Jɔn bu Simon, nmo swoi amo n dwoi banto na?” O ma leiri o we, “Amo Teiru, ɛɛ, nmo yei we amo jege nmo swono.” Yezu ma ta ded‑o o we, “Nam ta‑n nii amo pipeili sem baŋa ne.”
16O ma jwoori o bwei Piita o ke belei o we, “Simon wolo na ye Jɔn bu to, nmo swoi amo na?” O ma leiri o we, “Amo Teiru, ɛɛ, nmo yei we amo jege nmo swono.” Yezu ma ta ded‑o o we, “Nam ta‑n nii amo pei sem baŋa ne.”
17O daa ma bwei Piita o ke kuni betɔ o we, “Simon wolo na ye Jɔn bu to, nmo jege amo swono na?” Piita wo ma chɔge de Yezu na bwei‑o o ke kuni betɔ o we, o jege o swono na to. O ma ta de Yezu o we, “Amo Teiru, nmo yei wonnu maama. Konto ŋwaane, nmo yei we amo jege nmo swono.” Yezu laam ma ta ded‑o o we, “Ta‑n nii amo pei sem baŋa ne. 18A tɛ nmo chega ŋwaane to, nmo déem na ye nɔn-doŋo to, nmo yeini n vɔ n gwaaro n tete ne mo lanyerane, ye n daare n vei n na lage mɛ to. Ko daare nmo nam ná kwe, n laam wó zeiŋi n jea mo wɛɛne, ye nɔɔno wodwoŋi vɔ-te o pa‑m, ye o daare o ja‑m o vo nmo na ba lage mɛ se n vo to.” 19Yezu déem tage konto se ko bere Piita na wó te toone delo dwi se ko pa Wɛ na zula to mo. O laam ma daare o ta de Piita o we, “Ta‑n tɔge-ne.”
20Piita ma pipiri o kwaga ne o na Yezu kwaga tɔgeno wolo o na swoi to na tɔge-ba. Wonto mo ye wolo ya na jeini o sale Yezu wodiu kom dim maŋa ne ye o bwei‑o o we, “Amo Teiru, wɔ mo lage o yeigi nmo o pa?” to. 21Piita na nɛ‑o konto to, o ma bwei Yezu o we, “Amo Teiru, bɛ mo lage ko ke nɔɔno wonto?” 22Yezu ma leiri‑o o we, “Amo ná lage se nɔɔno wonto taa ŋwe se ko taa vei maŋa kam amo na wó jwoori a ba to, konto dae nmo yiga. Nmo za-n ta‑n tɔge-ne.”
23Konto ŋwaane mo pɛ se Yezu tɔgena bam déem jege taane ba ŋɔɔne we, Yezu kwaga tɔgeno wom konto bá te maŋa de maŋa. Yezu nam wo tage o we, o bá te. O nam ya tage o we, “Amo ná lage se o taa ŋwe se ko taa vei maŋa kam amo na wó jwoori a ba to, konto dae nmo yiga.”
24Yezu kwaga tɔgeno wolo o na tage o taane konto to mo ye amo wolo na bere Wɛ chega kam ye a daare a popone-ka a tiŋi to. Nɔɔna maama yei we amo na bere tei to seene ko ye chega mo.
25Yezu ta ke wonnu dedɛ o woli da. Te maama dedoa dedoa nam ya ná lage te popone te tiŋi, a boŋe we logo baŋa ya bá na jei se twanno tem konto peini da.",https://www.bible.com/bible/3661/JHN.21.KBG
KIKIA 1,"Yezu na ke kolo ye o laam jwoori Wɛ telaao to
Maake 16:19-20; Luka 24:49-53
1Amo badwoŋi Teofila, amo maŋe a da yiga a popone tɔnɔ a pa nmo. Tɔnɔ kom konto wone mo a popone wonnu telo maama Yezu déem na ke to, ye a kwori a popone o na yeini o bere nɔɔna tei to. 2Amo popone o na ke tei ko zege maŋa kalo o na bobo o totoŋa yam to se ko vo ko yi dɛ dem Wɛ na kwei‑o o ja di wɛyuu to. O ta na wo diini Wɛ telaao konto to, o ma tɔge Wɛ Sin-laao dam ŋwaane o ŋɔɔne de o totoŋa nakwa balo o na kuri to, ye o bere-ba o ni se ba taa tɔga. 3O toone dem kwaga ne o daa ma kwei o tete o bere o nɔɔna bam kuni dedɛ. O na ke tei konto to bere lanyerane we o seene o bi toone wone. Da finna mo o tontoŋena bam déem wane ba na‑o, ye o ŋɔɔne Wɛ paare dem taane o bere-ba.
4Dɛ dedwe Yezu na wora o bere-ba konto to, o ma kaane-ba o we, ba yé zaŋe ba nwoŋi Jerusalem wone. O maa we, “Cheigi-na se a Kwo Wɛ laam zeini abam, ne o na pwooli se o ke o pa abam ye amo maŋe a bere abam ko taane to. 5Jɔn déem yeini o kwei na mo o ma pa nɔɔna sɛɛm Wɛ ŋwaane. Ko laam daare da fenfee mo se Wɛ pa abam o Sin-laao kom se á ma á jwoŋi sɛɛm.”
6Yezu de o tontoŋena bam déem na gilimi daane konto to, ba ma bwei‑o ba we, “Debam Teiru, nmo laam wó pa se debam Isarele tiina bam jwoori dé di paare logo baŋa ne leile konto mo na?” 7Yezu ma leiri-ba o we, “Ko dae se abam mo lɔre maŋa kalo wonnu tem na wó ke to. Amo Kwo Wɛ nam mɛ o tete dam mo o tiŋi da yam pa se woŋo maama ke ko maŋa ne. 8Wɛ Sin-laao kom nam wó ba abam baŋa pa se á jwoŋi dam Wɛ tei ne. Abam laam wó daare á zege amo chega kam kwaga ne á bere nɔɔna jei maama ne. Ko wó taa ye Jerusalem ne, ko woli de Judea de Samaria teene dem maama ne, de logo baŋa jei maama ne.”
9Yezu déem na ŋɔɔne konto de-ba o ti to, Wɛ ma kwei‑o o jege o diini wɛyuu ye ba zege ba nii‑o. Kunkwoŋo ma ba ko li‑o pa se ba daa ware ba na‑o. 10O na maa viiri konto to, ba daa ta ma kwoni ba yuni ba nii wɛɛne. Ba na wora ba nii konto to, nɔɔna balei ma pɔpɔ ba ba ba zege ba tei ne. Ba déem zo gare-pwonnu mo. 11Ba ma ta ba we, “Galili tiina bam, bɛ mo ye á zege ywoba á kwoni á nii wɛɛne? Abam na nɛ kolo to, ko ye Wɛ mo kwei Yezu o ja di telaao. Wonto tete nam wó seene o jwoori o ba konto dwoŋi, ne abam na nɛ o na maa viiri tei to.”
12Yezu tontoŋena bam laam ma zege peo kom ba na wo ko yuu ne to ba jwoori ba vo Jerusalem teo kom wo. Peo kom konto yere mo Olivi peo ye ko bwola dedaane teo kom nenɛɛne naba-laara moro. 13Ba ma vo ba zo teo kom ba kɛ ba vo sɔŋɔ kolo ba na zoore da to. Nɔɔna bam konto ye Piita, de Jɔn, de Jemsi, de Anduru, ko woli de Filipi de Tomas, dedaane Batoloma de Matiyu, ko woli de Jemsi wolo na ye Alafayu bu to, de Simon wolo na nwoŋi Zɛlota tigisim wone to, dedaane Judas wolo na ye Jemsi bu to. 14Maŋa maama banto déem yeini ba la daane de ni dedwe, ye ba ware Wɛ. Kaana badwonna dedaane Yezu nyaana de o nu Mary tɔge ba wora de-ba.
Ba kuri nɔɔno wodwoŋi se o leiri Judas yuu ne
15Dɛ dedwe balo maama na ye nu-bia Yezu ŋwaane to ma gilimi daane jeiga dedoa, ko maŋe de nɔɔna bi de finlei (120). Ba na wora konto to, Piita ma zaŋe ba wone o zege wɛɛne se o ŋɔɔne. 16O maa we, “Amo nu-bia bam, ko ná ye Judas wolo na bere Yezu dona bam chwoŋa se ba ja‑o to, Wɛ Sin-laao kom déem maŋe ko pa se Pɛ David ŋɔɔne wonto taane faŋa faŋa. Kolo na popone ko tiŋi Wɛ tɔnɔ kom ne wonto ŋwaane to mo jege se ko ba ko ji chega. 17Judas déem tɔge o wo debam kɔgɔ kom wone mo, kolo ŋwaane Yezu tete kuri‑o se o taa tɔge o toŋe Wɛ totoŋa yam.”
18Judas na ke tei to, o déem kwei sabu kolo o na jwoŋi o keim-balɔrɔ kom baŋa ne to o ma yeigi tega. Ko ye dáane mo o vei o te. O déem to tega ne mo. O puga ma bage ye o loro pi te nwoŋi. 19Nɔɔna balo maama na zoore Jerusalem ne to ma ni kolo na ke‑o to, pa se ba bwoŋi tega kam konto we ‘Akɛladam’ de ba tete taane. Konto kuri mo ye ‘Jana tega’.
20Piita ta ma ta o we, “Ko nam popone Wɛ Seinim Lei tɔnɔ kom ne ko we:
‘Wɛ wó pa se wonto sɔŋɔ kom ji di-dwonnu,
pa se nɔɔn-nɔɔno daa yé daare ko wone.’
Ko daa ta popone ko we:
‘Wɛ wó pa se nɔɔno wodwoŋi leiri wonto yuu ne
o taa toŋe o totoŋa yam.’
21Ko na ye konto to, ko maŋe se dé kuri nɔɔno dedoa se o woli debam Yezu tontoŋena bam wone. Konto tu nam jege se o taa ye wolo na tɔge o wo debam kɔgɔ kom wone maŋa maama dé Teiru Yezu déem na tɔge de debam o beeri to mo, 22ko zege maŋa kam Jɔn na bobo o pa nɔɔna sɛɛm Wɛ ŋwaane to se ko vo ko yi maŋa kam Yezu na yage debam tei o di Wɛ telaao to. Dé na lage dé kuri nɔɔno wolo to wó zege dé Teiru Yezu chega kam kwaga ne de o na bi toone wone tei to.”
23Piita na tage konto o ti to, ba ma le nɔɔna balei yera. Dedoa mo ye Josɛf wolo ba na bwoŋi we Basaba ye ba daa ta bwoi‑o we Jusitu to. Wodwoŋi wom maa ye Matias. 24Ba laam ma lwoori Wɛ ba we, “Dé Teiru Wɛ, nmo maŋe n yei nɔɔna maama bochara na ye tei to. Konto ŋwaane dé lwoori nmo tei ne se n bere debam nɔɔna banto balei wone nmo na kuri wolo 25se o ji nmo tontoŋeno to, se o taa toŋe totoŋa yalo Judas na kwei o yage ye o daare o vo o na maŋe se o vo mɛ to.”
26Ba na lwoori Wɛ ba ti to, ba ma ta jɔrɔ se ba kuri yera yam konto yalei wone. Ba na tage ba kuri wolo to mo ye Matias. Ba laam ma pa se o taa tɔge o ye Yezu totoŋa nakwe o woli ba kɔgɔ fuga-dedoa kam wone.",https://www.bible.com/bible/3661/ACT.1.KBG
KIKIA 2,"Wɛ Sin-laao kom tu ko zeini Yezu tontoŋena bam
1Dɛ dem Juu tiina bam na yeini ba di ba kuri delo yere na ye Pɛntekɔse to ma ba de yi. Yezu tontoŋena bam maama maa wo daane jeiga dedoa. 2Sɔɔ ma pɔpɔ ko nwoŋi wɛyuu ne nenɛɛne vo-dɛɔ na fuli tei to. Sɔŋɔ kom ba na jei ko wone to ni maama ma su de sɔɔ kom konto. 3Ba ma na wonnu ne min-vɔɛ mo tei, ye te pwɛ te jeini ba dedoa dedoa yuu ne. 4Wɛ Sin-laao kom ma ba ba maama tei ne de dam, ye ba bobo se ba taa ŋɔɔne taana dwi dwi, nenɛɛne Sin-laao kom na pɛ-ba dam se ba ŋɔɔne taane delo to.
5Kanto maŋa kam ne Juu tiina dedɛ déem tu ba wo Jerusalem teo kom ne. Ba maa ye balo na kɔre Wɛ lanyerane ye ba nwoŋi jei maama logo baŋa ne. 6Balo na wora to déem ma ni sɔɔ kom na ke tei to, ye kɔgɔ dedɛ laam ba ko la daane jeiga kam ne. Ba ma nii ba na Yezu nɔɔna bam na zega ba ŋɔɔne taana dwi dwi, ye kɔgɔ kom nɔɔno maama ni o tete taane. Ba maama maa yeiri kolo na ke to. 7Ba yera ma sɔɔre ye ba ye yaau. Ba maa tɛ ba we, “Nii-na. Banto maama ye Galili tiina mo ye ba zege ba ŋɔɔne tento dwoŋi. 8Ko nam ke tɛ mo ye debam maama ni ba na ŋɔɔne debam dedoa dedoa dwi taane? 9Dé nwoŋi jei dwi dwi mo. Debam badwonna nwoŋi Patia, de Media, de Elam, ko woli de Mesopotamia, de Judea, de Kapadokia, dedaane Pontusi, de Asia teene dem maama. 10Dé badwonna ta nwoŋi Firijia, de Panfilia, de Ejipti, de Libia teene delo na bwola de Kurene to. Dé badwonna maa nwoŋi Rom. 11Debam ye Juu tiina mo, ko woli de dwi-gɛ tiina balo laam na sɛ Wɛ chwoŋa tɔgem to. Debam badwonna maa nwoŋi Kiriti, de Arabia. De konto de, debam maama nam ta ni ba na mae debam dedoa dedoa taane ba ŋɔɔne wo-kamunnu telo Wɛ na ke to.” 12Nɔɔna bam na ye yaau ye ba boboŋa vugimi konto to, ba maa bwei daane ba we, “Keim dento kuri mo bɛ?”
13Ba badaara nam maa jege Yezu tontoŋena bam ba mɔna ye ba tɛ ba we, “Nɔɔna banto nyɔge sana mo ba su.”
14Piita laam ma zaŋe wɛɛne dedaane o dwonna fuga-dedoa bam. O ma ŋɔɔne de kwor-dɛa o ta de nɔn-kɔgɔ kom o we:
“Amo badwonna bam, Juu tiina de abam balo maama na zoore Jerusalem ne to, cheigi-na se a ta keim dento kuri a bere abam. 15Abam na boŋe we nɔɔna banto nyɔge sana mo ba su to, ko nam dae konto. Ko daa ta ye tetete mo. Wea ta wo bege se ba nyɔ sana. 16Ko nam ye kolo Wɛ sampwora Joweli déem na ŋɔɔne ko taane to mo. 17O déem tɔɔle Wɛ kwora o we:
‘Logo baŋa kweelim da yam ná yia,
amo Wɛ wó lwo a Jworo mo nabiina maama baŋa ne.
Konto nam wó pa se á bia de á bukwa taa pworisi amo kwora kam,
se abam nɔn-donno na wo-kenkagela yalo a na wó veere a bere-ba to,
ko daare se á nɔn-kwe de dwɛ dendwa amo ŋwaane.
18Chega to, da yam konto ne
a lage a lwo a Jworo mo a tontoŋena baŋa ne, baara de kaana de,
pa se ba pworisi amo kwora kam.
19Amo ta wó pa se wo-kenkagela taa nae wɛyuu ne,
ye a daare a ke maana tega baŋa ne.
Kanto maŋa kam ne jana wó taa wora, de mini,
de nyoa kalo na tiini ka zwora to.
20Wea kam wó ba ka vaŋe ka ji lim,
ye chana kam de ji nasoŋo ne jana tei.
Ko laam daare se Baŋa Wɛ dɛ-kamunu kom ba ko yi,
se o nenɔŋa kam de bere jaja.
21Dɛ dem konto ne, wolo maama na wó bwoŋi dé Teiru Wɛ wom yere
o ma lwoori zeinim to wó na verem.’
22A badwonna Isarele tiina bam, cheigi-ne. A lage a ta Nazarete tu Yezu taane. Wɛ tɔge wonto baŋa ne mo o ke wo-kamunnu, de wo-kenkagela, de maana se ko bere abam we o seene o nwoŋi Wɛ tei. Abam tete nam maŋe á yei konto, kolo ŋwaane wonnu tem konto maŋe te ke abam tei ne. 23Wɛ maŋe o yei ko na wó taa ye tei to. O boboŋa déem ya maŋe ya ja pa se ba ja Yezu ba ke abam jeŋa ne. Abam ma daare á tɔge nɔn-balwaaro jeŋa mo á pa se ba ja‑o ba pa dagara yuu ne. Konto mo á mɛ á go‑o. 24Wɛ nam mo bi‑o toone wone. Toone déem wo wane de cheiŋi‑o de yage yibeeli dem wone. Mo kokuri Wɛ jwoŋi‑o toone yaara yam wone o yage.
25Faŋa faŋa to Pɛ David tage Wɛ Bu wom taane o we:
‘Amo nɛ a Teiru Wɛ a tei ne maŋa maama.
O maa wo a jazem seeni mo se o zeini-ne se a zege cheppe.
26Mo kokuri a jege wopwolo lanyerane,
ye amo ni taane dem de jege ywoni.
Amo ye nabiinu mo ye a nam jege teena Wɛ tei ne.
27Kolo ŋwaane amo ná tega,
nmo Wɛ bá‑n yage-ne se a taa wo churu ne.
Nmo bá‑n sɛ se n tete Wo-pwoŋo Tu wom yera pɔ.
28Nmo pɛ se a lɔre chwei selo na pae ŋwea to se a taa tɔge-se.
Amo ná yi nmo tei, nmo wó pa se a na ywoni dedɛ.’
29A nu-bia bam, mo kolo debam nabaaro David déem na tage to. Amo nam lage a ŋɔɔne wonto taane mo jaja a bere abam we o tega. Ba ma kwei‑o ba suli, ye o yibeeli ta wora de zem maama. 30O déem nam ye Wɛ ni-jwoŋinu mo. Wɛ déem dugi duuri o pa‑o we, omo wó pa se o dwi tiina bam dedoa zaŋe o di paare o jeiŋa kam jei ne. David ma guli Wɛ na gwoni o ni ded‑o konto to. 31O ma wuuri o lɔre kolo Wɛ na wó ke to. Konto ŋwaane mo o tage o we, ‘Wɛ wo sɛ se o yage‑o churu ne. O yera yam de nam wo pɔge.’ O na tage konto to, ko ye Wɛ Dam Tu Krista toone biim taane mo o taga. 32Chega to, Wɛ mo bi Yezu wom tete, ye debam maama zege chega kam konto kwaga ne. 33Wɛ na bi‑o konto to, o ma daare o pa se o vo o jeini o jazem seeni. Yezu laam ma jwoŋi Sin-laao kom o Kwo Wɛ tei ne, ne Wɛ na pwooli se o pa‑o tei to. Abam zem nam na nae wonnu telo ye á kwori á ni telo to ye Yezu mo pɛ te ke. 34Ko dae David tete mo Wɛ kwei o ja di telaao. Wonto nam tage o we:
‘Yuu-tu Baŋa Wɛ tage de amo Teiru o we:
Ba n jeini amo jazem seeni
35se a laam wane nmo dona maama
a ke nmo dam kuri ne se n ta‑n tei-ba.’
36Tɔ. Isarele dwi tiina maama nam jege se ba taa yei lanyerane we, ko ná ye Yezu wom abam na jaane á pa dagara yuu ne á go to, ko ye wonto tete mo Wɛ laam pɛ se o taa ye Dam Tu Krista wom ye o kwori o ye debam Teiru.”
37Nɔɔna bam na nigi Piita na tage kolo konto to, ko ma tiini ko chɔge ba wo dedɛ. Ba ma bwei Piita de o dwonna totoŋa nakwa bam ba we, “Dé nu-bia bam, dé nam wó ke tɛ mo?” 38Piita ma leiri-ba o we, “Abam maama jege se á leiri á wo de á keim-balwaaro tem, se á daare á jwoŋi sɛɛm Yezu Krista yere ŋwaane, se Wɛ wó yage á wɛleera o ma chɛ abam. Wɛ laam wó pa se o Sin-laao kom taa wo abam tei ne. 39Mo Wɛ na pwooli se o ke tei to, ye o tiŋi o ni dem konto o pa abam de á bia, ko woli de balo maama ta na ba ŋwae to. Ko maa ye balo maama debam Teiru Baŋa Wɛ na bwoŋi se ba taa tɔge‑o to mo.”
40Piita ta ma jwoori o fɔge o ma taane dedɛ o kaane-ba o we, ba kwaane ba jwoŋi ba tete zem nɔɔna bam wone de ba na tusi tei to. 41Nɔɔna bam dedɛ ma sɛ o taane dem, ye ba daare ba jwoŋi sɛɛm Wɛ ŋwaane. Dɛ dem konto ne nɔɔna dedɛ mo tu ba woli Yezu tɔgena kɔgɔ kom wone, ko maŋe de nɔɔna morro tetɔ (3,000). 42Ba ma tiini ba seene ba yia ba pa Yezu totoŋa nakwa bam bera yam. Ba maama maa woli daane de ni-sɛɛm dedoa, ye ba kwori ba tɔge daane ba di wodiu ne Yezu ya na fɔge bworobworo o pa o kwaga tɔgena bam pa ba di tei to. Ba ma kwori ba tɔge daane ba ware Wɛ maŋa maama.
43Nɔɔna maama déem maa kɔre Wɛ lanyerane. Wɛ ma pa Yezu totoŋa nakwa bam dam se ba taa ke wo-kenkagela de maana dedɛ. 44Yezu tɔgena bam maama maa yeini ba la daane ye ba kwori ba jege ba wonnu ba maŋe ba pa daane. 45Ba maa yeini ba kwei ba jejegero de ba zela ba yeiga, ye ba maŋe te sabu kom ba ma woli nɔɔno maama ne ba dedoa dedoa na lage tei to. 46Dɛ maama ba maa yeini ba tigisi daane Wɛ diga kam wone. Ba ta ma kwori ba tɔge daane ba di wodiu ba sam ne ko maŋe de Yezu ya na bere o kwaga tɔgena bam tei to. Ba maa maŋe ba wodiiru ba pa daane, ye ba jege wopwolo lanyerane dedaane boboŋe dedwe. 47Ba maa tei Wɛ maŋa maama. Nɔɔna maama maa pae ba ye nɔn-ŋona. Dɛ maama wuu dé Teiru wom maa pae se balo na tu ba na verem to woli ba kɔgɔ kom wone.",https://www.bible.com/bible/3661/ACT.2.KBG
KIKIA 3,"Gɔrɔ kodwoŋi nɛ yazura Yezu ŋwaane
1Dɛ dedwe mo Piita de Jɔn déem zaŋe ba vo Wɛ diga kam maŋa kalo nɔɔna na yeini ba ware Wɛ to. Wɛ-guni maŋa ne mo konto. 2Ba ma vo ba yi wara-jei sem ni dem ba na bwoi we ‘Ni-laao’ to. Nɔɔno wodwoŋi déem tigi da o na maŋe o ye gɔrɔ o biini ne to. Nɔɔna maa yeini ba zeiŋi‑o ba vo ba jeini da dɛ maama se o taa lwoori sabia nɔɔna balo na tɔge da ba zo diga kam to tei ne. 3Nɔɔno wom ma na Piita de Jɔn na maa zoora. O ma lwoori-ba se ba pa‑o woŋo. 4Ba ma yɔɔre ba nii‑o. Piita laam ma ta ded‑o o we, “Nii debam seeni!” 5O ma seene o nii-ba ye o jege teena se ba pa‑o woŋo. 6Piita ma ta ded‑o o we, “Amo ba jege sabia se a pa‑m. A nam wó pa nmo a na jege wolim delo to. A tɛ nmo Nazarete tu Yezu Krista yere ŋwaane, zaŋe n ta n via.”
7Piita na tage konto o ti to, o laam ma ja o jazem o woli‑o pa se o zaŋe wɛɛne. O na zaŋe konto bedwe baŋa ne to mo o nɛ sem de o nakwollu tem maama ke dam lanyerane. 8Nɔɔno wom ma faŋe wɛɛne o jwoori o ba o chu o nɛ baŋa ne ye o bobo se o taa via. O ma tɔge-ba o zo Wɛ diga kam wo. O maa via ye o faŋa wɛɛne ye o tei Wɛ. 9Nɔn-kɔgɔ kom ma na o na vei ye o zuli Wɛ. 10Ba ma lɔre we nɔɔno wom konto mo ye lwoonu wolo ya na jei wara-jei sem Ni-laao kom ne to. Ba na lɔre‑o to, ko ma tiini ko kagele-ba ye ba yeiri kolo na ke‑o to.
11Nɔɔno wom ma yɔɔre o meeli Piita de Jɔn. Nɔɔna bam maama maa ye yaau. Ba ma zaŋe ba duri ba vo ba tei, konkɔlɔ kom na jege napɔrɔ mɛ to, ko yere mo Solomon napɔrɔ kom. 12Piita na nɛ nɔɔna bam konto to, o ma ta de-ba o we:
“A badwonna Isarele tiina bam, bɛŋwaane mo abam ye yaau de kolo na ke to? Bɛ mo ye abam yɔɔre á nii debam konto? Abam boŋe we ko ye debam dam mo pɛ o zaŋe o vei na? Á boŋe we ko ye debam na kɔre Wɛ lanyerane to ŋwaane mo na? 13Ko nam na ye tei to, Abaraham Wɛ wom, de Izaak de Jakob Wɛ wom na ye dé nabaara maama Wɛ to laam mo pɛ se o tontoŋeno Yezu jwoŋi paare. Abam jaane wonto mo á pa ba go‑o. Pilata déem boŋe se o yage‑o ye abam nam wo sɛ. 14Yezu Krista ye Wo-pwoŋo Tu mo de Chega Tu. Abam nam ve‑o, ye á daare á lwoori Pilata se o le nɔn-goro mo o yage o pa abam. 15Abam na ke tei to, á go wolo na ye ŋwea tu to mo. Wɛ ma daare o bi‑o toone wone, ye debam zege chega kam konto kwaga ne. 16Ko ye Yezu yere dem ŋwaane mo pɛ gɔrɔ kom na dam o yera ne. Dé na ke dé wo-dedoa de Yezu to mo pɛ ko ke ne á na nɛ tei, ye á maŋe á yei nɔɔno wom to. Ko ye wo-dedoa kalo na tɔge Yezu ŋwaane to mo pɛ o laam na yazura chekke abam maama yiga ne.
17Amo nu-bia bam, abam de á yiga tiina bam na ke Yezu tei to, amo yei we abam ya yeiri woŋo kolo á na ke to. 18Faŋa faŋa to Wɛ déem pɛ o sampwori sem maama tɔɔle o kwora se bere nɔɔna we o Dam Tu Krista jege se o yaare mo. Abam na ke‑o tei to mo pɛ se Wɛ taane dem seene de ji chega. 19Konto ŋwaane nam leiri-na á wo se á daare á pipiri á ta‑á tɔge Wɛ, se Wɛ wó yage á wɛleera o ma chɛ abam. 20Konto to, dé Teiru Wɛ wó wane o pa se abam bochara taa zura maŋa de maŋa, ye o laam daare o toŋe o Dam Tu Krista wom, o na maŋe o tiŋi‑o o pa abam to. Yezu mo konto. 21O jege se o taa wo telaao ne se ko taa vei maŋa kalo Wɛ na wó fɔge o kwɛ wonnu maama to, ne o na maŋe o pa o sampwori sem tɔɔle o kwora faŋa faŋa tei to. 22Ko ye nenɛɛne Moses déem na tage o we, ‘Abam Teiru Baŋa Wɛ wó pa se abam dwi tu dedoa mo zaŋe o taa ye Wɛ ni-jwoŋinu o pa abam, ne o na toŋe amo Moses tei to. Wonto nam ná tua, abam jege se á sɛ taane delo maama o na wó ta o bere abam to. 23Wolo maama nam ná wo sɛ kolo Wɛ ni-jwoŋinu wom na wó bere to, ba jege se ba le kotu mo Wɛ nɔɔna bam wone ba yage pa se o dwi ti.’
24Mo kolo Moses déem na tage to. Ko ná ye Samuwel de balo maama na saŋe o kwaga to, Wɛ sampwori sem maama de déem tɔɔle konto dwoŋi mo. Balo maama na jege Wɛ kwora ba tɔɔle to déem bere kolo na wó ke zem da yanto wone to mo. 25Wɛ kwora kam o déem na pɛ o sampwori sem se ba tɔɔle to ye abam nyem mo. Wɛ ni dem o déem na gwoni o pa dé nabaara bam to de daa ta ye abam nyem. O déem gwoni ni de Abaraham o we, ‘Ko wó tɔge nmo dwi tiina ŋwaane mo pa amo swɛ logo baŋa dwi maama swolim.’ 26Konto ŋwaane, Wɛ na pɛ o tontoŋeno wom zaŋe o ba to, o bobo o toŋe‑o abam tei ne mo se o ke abam zaane de o na wae o pa se abam dedoa dedoa yage o keim-lwanno tem to.”",https://www.bible.com/bible/3661/ACT.3.KBG
KIKIA 4,"Ba jaane Piita de Jɔn
1Piita de Jɔn déem na wora ba ŋɔɔne konto dwoŋi ba bere nɔɔna bam to, Juu tiina badwonna ma zaŋe ba ba ba tei. Banto mo ye Juu tiina kaanem tiina, dedaane Wɛ diga kam soja tiina dedɛɛro wom, de Saduka tiina badwonna. 2Ba bane tiini de zaŋe de Yezu nɔɔna bam de ba na bere tei ba we, Yezu bi toone wone ye konto bere we twa wó jwoori ba bi ba taa ŋwe. 3Ba ma ja Piita de Jɔn ba ke peena diga ne. Tega na maŋe ka yi to, ba ma yage-ba da se tega poore. 4Ko daare kɔgɔ kom nɔɔna dedɛ ma sɛ taane delo ba na nigi to. Balo na sɛ to kɔgɔ kom déem ma ba ko yi nenɛɛne nɔɔna morro tenu (5,000).
5Tega na poore to, Juu tiina yiga tiina bam, de ba nakwa bam, de ba zamesem tiina bam ma la daane Jerusalem ne. 6Ba ma jeeri dedaane Anas wolo na ye ba kaanem yuu tu wom to, de Kayafa, de Jɔn, de Alezanda, de baara balo na tɔge ba ye kaanem yuu tu wom sɔŋɔ tiina to. 7Ba ma pa se Piita de Jɔn ba ba zege ba yiga ne. Ba ma bwei-ba ba we, “Abam ke tɛ mo á wae á ke konto? Bɛ ŋo dam mo á jege á ma á ke? Wɔ yere ŋwaane mo á ma á ke?”
8Wɛ Sin-laao kom laam ma ba Piita tei de dam. O ma leiri-ba o we, “Dé teo kom yiga tiina de nakwa bam, cheigi-na! 9Abam zem na bwei debam kolo taane to, ko ná ye debam na zeini gɔrɔ kom pa se o na yazura tei to, 10dé wó pa se abam de Isarele dwi tiina bam maama lɔre ko na ke tei. Ta‑á yei-na we Nazarete tu Yezu Krista yere dem ŋwaane mo pɛ se nɔɔno wonto yɔɔre o na yazura ye o laam ba o zege abam yiga ne. Abam nam page Yezu Krista dagara yuu ne á go, ye Wɛ nam bi‑o toone wone. 11Wonto mo ye wolo Wɛ tɔnɔ kom na maŋe ko ta o taane we:
‘Kandwɛ delo abam lɔra bam na ve to
laam mo jwoori de ba de ji
kandwɛ delo na pae diga kam dana to mo.’
12Yezu Krista yerane mo wae o jwoŋi nɔɔna o yaga. Nɔɔno wodwoŋi yere daa tera logo baŋa ne Wɛ na pɛ nabiina se dé wane dé na verem o ŋwaane.”
13Juu tiina nakwa bam na nɛ Piita de Jɔn na jege baare de ba na ŋɔɔne tei to, ko ma ke-ba yaau de ba na ye nɔn-yɔɔro ye ba dae tɔn-yeena to ŋwaane. Ba ma jeeli we banto ya me de Yezu mo. 14Ba na nɛ gɔrɔ kom na zege Piita de Jɔn tei ne ye o jege yazura to, ba maa ware kolokolo se ba daa ta. 15Ba ma ta-ba we, ba nwoŋi ba kɔgɔ kom ne se ba daare. Ba laam maa wora ba bane daane se ba nii. 16Ba ma bwei daane ba we, “Dé nam wó ke nɔɔna bam konto tɛ mo? Nɔɔna balo maama na zoore Jerusalem ne to lɔre we banto mo ke wo-kenkagele dem konto. Dé daa bá wane dé ta we, vwa. 17Dé nam na lage se keim dento yé jage de vo yiga to, dé jege se dé kaane nɔɔna bam mo se ba daa yé ŋɔɔne de nɔɔn-nɔɔno Yezu yere ŋwaane.”
18Ba laam ma jwoori ba bwoŋi-ba, ye ba zo. Ba ma ta-ba we, ba ba jege chwoŋa se ba daa tɔge Yezu yere ŋwaane ba ŋɔɔna, naa se ba taa bere nɔɔna konto dwoŋi. 19Piita de Jɔn ma leiri-ba ba we, “Ko maŋe se dé sɛ abam mo naa Wɛ mo? Kɔ mo lana Wɛ yiga ne? Abam tete boŋe-na á nii. 20Debam nam bá wane dé yage kolo dé na nɛ ye dé kwori dé ni to ŋɔŋa.”
21Juu tiina nakwa bam laam ma fɔge ba kaane-ba dedɛ ye ba daare ba yage-ba pa ba viiri. Ba déem wo nɛ kolo kom ba na wó vaŋe ba zwa ko baŋa ne to, kolo ŋwaane teo kom nɔɔna maama tiini ba tei Wɛ de woŋo kolo na ke to. 22Kokuri nɔɔno wolo wo-kenkagele dem na ke o baŋa ne ye o na yazura to dwoi bena finna.
Yezu tɔgena tiini ba lwoori Wɛ
23Ba maa na yage Piita de Jɔn konto to, ba ma jwoori ba vo ba kɔgɔ kom tei. Ba ma ta de-ba Juu tiina kaanem yiga tiina bam de ba teo kom nakwa bam na tage kolo to. 24Ba na nigi konto to, ba maama ma woli daane ba ware Wɛ ye ba we, “Yuu-tu Baŋa Wɛ, nmo mo ke wɛyuu, de tega baŋa, de naneo, de wonnu telo maama na zoore te wone to. 25Dé nabaaro David déem mo ye nmo tontoŋeno. Nmo déem ma pa se n Sin-laao kom tɔge David ŋwaane ye o ta nmo kwora o we:
‘Bɛ mo ye logo baŋa dwi-gɛ tiina bam bane zaŋe?
Bɛ mo ye ba ke daane ba boŋe boboŋa kafɛ ŋwaane?
26Ba pwa bam de ba dedɛɛra bam ma la daane
se ba ke chichuŋu dedaane Baŋa Wɛ
de o Dam Tu Krista wom.’
27Ko seene ko ke konto mo. Teo konto ne mo Herodi de Pontusi Pilata jeini daane de Isarele dwi tiina, de dwi-gɛ tiina, se ba ŋɔɔne Yezu taane ba ma chɔge‑o, ye wonto ye n tontoŋeno-laao nmo na tiŋi‑o se o ba to. 28Ba na bane daane konto to, ba nam jege se ba ke kolo maama na maŋe ko wo n boboŋa ne ye n dam na wó pa se ko ke to. 29Dé Teiru Wɛ, nii ba na lage ba yaare debam tei to! Debam nam mo ye n tontoŋena. Nam pa debam chwoŋa se dé wane dé taa ŋɔɔne nmo kwora kam de baare. 30Nam twe n je-dɛa kam se n pa nɔɔna taa nae yazura, ye n pa se wo-kenkagela de maana taa ke nmo tontoŋeno-laao Yezu yere ŋwaane.”
31Ba na ware Wɛ ba ti to, jeiga kam ba na lage daane mɛ to maa ziziŋa. Wɛ Sin-laao kom laam ma ba ba maama tei de dam, ye ba ŋɔɔne Wɛ kwora kam de baare.
32Yezu tɔgena bam kɔgɔ kom maama boboŋa de ba ŋwea maama déem ye bedwe mo. Ba wolowolo wo tage we, o yerane mo tei o wonnu. Ba maama maŋe wonnu telo ba na jege to mo ba pa daane. 33Yezu totoŋa nakwa bam maa jege dam-fɔrɔ, ye ba fɔge ba bere dé Teiru Yezu chega kam we o seene o bi toone wone. Wɛ ma zeini ba maama de o zaane dem lanyerane. 34Nɔɔn-nɔɔno tera ba kɔgɔ kom wone o na ye yiniga tu. Balo na jege kare naa di to wó yeigi-se mo, 35ye ba daare ba kwei sabu kom ba ja ba ba ke Yezu totoŋa nakwa bam jeŋa ne. Ba laam ma maŋe sabu kom ba pa nɔɔno wolo maama ne o na lage tei to.
36Ko na ye konto to, Levi tu wodwoŋi na nwoŋi Kupirus to, o yere mo Josef, déem ma zaŋe o yeigi o kara. Yezu totoŋa nakwa bam déem maa bwoi‑o we Banabas, ko kuri mo kwogilim tu. 37O ma yeigi o kara o kwei ka sabu kom o ke Yezu totoŋa nakwa bam jeŋa ne.",https://www.bible.com/bible/3661/ACT.4.KBG
KIKIA 5,"Anania de Safira taane
1Ko daare nɔɔno wodwoŋi déem mo wora, o yere mo Anania. O kaane de yere mo Safira. O ma kwei ba wonnu tedwonna o yeigi, 2ye o daare o twori sabu kom wone se o taa jega. O kaane wom maa yei o na ke tei to. Anania ma kwei o na twori o daare kolo to o ke Yezu totoŋa nakwa bam jeŋa ne. 3O na ke konto to, Piita ma ta ded‑o o we, “Anania, bɛ mo ke ye nmo pa se setaana pɛ wae n bochare konto dwoŋi, pa se n fɔ vwa de Wɛ Sin-laao kom de nmo na twori kara kam sabu kom wone n pa n tete to? 4Maŋa kam nmo ta na wo yeigi kara kam to, ko ya ye nmo nyem mo. Nmo nam na kwei n yeigi to, sabu kom ta ye nmo nyem. Bɛŋwaane mo n boŋe n bochare ne we nmo wó ke keim dem konto? Nmo na fɔge vwa konto to, n ke n chɔge Wɛ yiga mo, se ko dae nabiina yerane.” 5Anania na nigi konto to, o ma to tega ne o te. Ko déem ma pa se foone ja balo maama na lɔre ko ni ne to. 6Nɔn-donno na wora to ma zaŋe ba vo ba pipiri too wom, ye ba daare ba kwei‑o ba ja nwoŋi ba suli.
7Ko na ke fenfee nenɛɛne awa batɔ to, o kaane wom de daa ma ba o zo Piita ba tei. O daa ta ma wo lɔre kolo na ke to. 8Piita ma ta ded‑o o we, “Ta n bere-ne, mo sabu kolo nmo de n baro wom na jwoŋi á kara kam ŋwaane to na?” O ma sɛ ye o we, “Ɛɛ, ko maama mo tento.”
9Piita laam ma bwei‑o o we, “Bɛŋwaane mo nmo de n baro wom boŋe se á maŋe Yuu-tu Baŋa Wɛ Sin-laao kom á nii? Leile konto, nɔɔna balo ya na kwei n baro wom ba suli to ta zege diga kam ni ne. Ba nam wó zeŋe nmo de ba ja nwoŋi.” 10O na tage konto o ti to bedwe baŋa ne mo kaane wom to tega ne Piita yiga ne ye o te. Nɔn-donno tem ma ba te nii de o tega. Ba ma kwei‑o ba ja nwoŋi ba suli o baro wom saŋa ne.
11Foone déem ma ja Yezu kɔgɔ kom nɔɔna bam de balo maama de na nigi kolo na ke to.
12Yezu totoŋa nakwa bam déem ma pa se maana de wo-kenkagela dedɛ ke nɔɔna tetare ne. Yezu nɔɔna bam maama déem yeini ba tigisi daane de ni dedwe Solomon napɔrɔ kom ne. 13Balo yiga na tere ba kɔgɔ kom wone to nɔɔn-nɔɔno wo sɛ o tɔge o woli ba wone. Ko daare teo kom nɔɔna bam maama maa pae se Yezu nɔɔna bam ye nɔn-ŋona. 14Nɔɔna dedɛ déem tu ba sɛ dé Teiru Yezu, baara de kaana maama. Ba ma tɔge ba woli o kɔgɔ kom wone. 15Yezu nɔɔna bam na ye konto to, nɔɔna maa zeŋe jaweena ba nwoŋi ba tiŋi chwei sem nia ne. Ba déem tiŋi-ba sare de gungwollu baŋa ne se Piita ná maa tɔge da o kɛa, se o lunluŋu yerane wane ko tɔge ba badwonna baŋa. 16Nɔɔna dedɛ maa yeini ba nwoŋi Jerusalem nawuura yam maama wone ba jaane jaweena de balo chichiri na daane-ba to ba tui, pa ko gare ba maama yera ne.
Ba jege Yezu tontoŋena bam ba yaara
17Juu tiina kaanem yuu tu wom de o nɔɔna bam maama déem ma na kolo na ke to. Banto déem tɔge ba ye Saduka tiina kɔgɔ kom wo nɔɔna mo. Ba maa tiini ba jege wo-goo de Yezu totoŋa nakwa bam. 18Ba laam ma zaŋe ba ja-ba ba vo ba ke peena diga kalo ba na pe ŋweena da to. 19Tega na yi to, Baŋa Wɛ maleka ma ba ka pore peena diga kam nia yam, pa se Yezu tontoŋena bam nwoŋi pwooni. Ka ma ta de-ba ka we, 20ba véi ba zo Wɛ diga kam se ba taa bere nɔɔna bam Wɛ ŋwe-doŋa kam taane chekke. 21Ba ma seene ba sɛ Wɛ maleka kam ni. Tega na poore tetete to, ba ma vo ba zo Wɛ diga kam ba wora ba bere nɔɔna bam.
Kaanem yuu tu wom de o nɔɔna bam laam ma bwoŋi Juu tiina nakwa bam maama pa se ba tigisi daane. Ba ma daare ba toŋe nɔɔna se ba vo ba le Yezu tontoŋena bam peena diga kam ne ba ja ba ba pa-ba. 22Ba nɔɔna bam na yi da to mo ba wo nɛ Yezu tontoŋena bam. Ba ma jwoori ba vo Juu tiina nakwa bam tei ye ba we, 23“Dé na yi da to, peena diga kam nia mo pe de dam. Nɔɔna balo na wora ba nii jei sem se nɔɔna yé lu to maa zege da. Dé nam na pore diga kam to, dé wo nɛ nɔɔn-nɔɔno ka wone.”
24Kaanem yiga tiina bam dedaane Wɛ diga kam soja tiina dedɛɛro wom na nigi konto to, ba boboŋa ma vugimi. Ba maa yeiri kolo na lage ko ke se ko kweeli to. 25Nɔɔno wodwoŋi laam ma ba o zo ba na wo mɛ to o ta de-ba o we, “Nii-na, nɔɔna balo abam ya na jaane á ke peena diga ne to laam wo Wɛ diga kam ne ba zege ba bere nɔɔna bam.”
26Dedɛɛro wom na nigi konto to, o de o nɔɔna bam ma zaŋe ba vo ba ja Yezu tontoŋena bam ba ba. Ba ma wo mɛ dam ba zi-ba, kolo ŋwaane ba kɔre mo we nɔɔna bam wó dole-ba de kandwa.
27Ba laam ma pa se ba zo ba zege Juu tiina nakwa bam kɔgɔ kom yiga ne. Kaanem yuu tu wom laam ma bwei-ba se o nii. 28O ma ta o we, “Debam maŋe dé kaane abam se á daa yé ta‑á bere kolokolo nɔɔno wonto yere ŋwaane. Nii abam na ke tei to. Á pɛ se á berem dem yerane mo jage Jerusalem maama wone, ye á ta lage á pa se wonto toone dem taa ye debam yiga.” 29Piita de o dwonna nakwa bam ma leiri ba we, “Debam jege se dé sɛ Wɛ ni mo, se ko dae nabiina yerane. 30Baŋa Wɛ wom dé nabaara na tɔge to mo bi Yezu toone wone. Ko ye abam ya mo jaane‑o á pa dagara yuu ne á go. 31Wɛ mo seene o bi‑o o daare o pa se o jeini o jazem seeni, se o taa ye debam Yiga tu, de dé Vereno. Konto wae ko pa se Isarele tiina na chwoŋa ba leiri ba wo se Wɛ laam yage ba wɛleera o ma chɛ-ba. 32Debam nam mo zege chega kam konto kwaga ne, ye Wɛ Sin-laao kom de tɔge ko zege ka kwaga ne. Kokuri Wɛ pɛ se o Sin-laao kom taa wo balo na sɛ o ni to tei ne.”
33Juu tiina nakwa bam na nigi Yezu tontoŋena bam na tage kolo to, ba bane ma tiini de zaŋe de-ba. Ba boboŋa ma ja se ba go-ba. 34Ba kɔgɔ kom nɔɔno dedoa laam ma zaŋe se o ŋɔɔne, o yere mo Gamaleli. O maa ye Farisi tu ye o ta ye Wɛ nia yam bereno. Nɔɔna maama maa pa‑o zula. O na zaŋe ba kɔgɔ kom wone to, o ma ta se ba ja Yezu tontoŋena bam ba nwoŋi pwooni se ba cheigi fee. 35O ma daare o ta de nakwa bam kɔgɔ kom o we, “Amo dwonna Isarele tiina bam, á ta‑á yei á tete de á na boŋe se á ke nɔɔna banto tei to. 36Nɔɔno wodwoŋi déem mo zaŋe debam logo ne, o yere mo Teudas. O ma bere o tete we o ye nɔn-kamunu. Nɔɔna dedɛ déem ma tɔge o kwaga, ko maŋe de nɔɔna bia yana (400). Ba déem nam go‑o mo ye o tɔgena bam jage da yiga ne. Kolokolo daa maa wo daare. 37Konto kwaga ne, Galili tu wodwoŋi de daa ma zaŋe, o yere mo Judas. Maŋa kam ba déem na wora ba gare dé logo kom nɔn-bia to mo o zaŋe o la kɔgɔ o ke o kwaga ne. Ba ma go wonto de. O de kwaga tɔgena bam ma jage da yiga ne. 38Konto ŋwaane mo a nam tɛ abam se á yé zaŋe á ke nɔɔna banto kolokolo. Nam yage-na ba yera, kolo ŋwaane ba boboŋa de ba totoŋa maama ná tɔge nabiina yerane ŋwaane, ya wó taa ye kafɛ mo. 39Ko nam ná ye Wɛ kikia mo, abam bá wane á che-ba. Á nam wó ba á lɔre we, á ke chichuŋu de Wɛ mo.”
Gamaleli na tage konto o ti to, ba ma sɛ o taane dem. 40Ba ma bwoŋi Yezu totoŋa nakwa bam pa se ba jwoori ba zo ba tei. Ba ma fere-ba de kaasa ye ba daare ba kaane-ba se ba daa yé ŋɔɔne kolokolo Yezu yere ŋwaane kɔtaa. Ba laam ma yage-ba se ba viiri.
41Yezu tontoŋena bam ma nwoŋi nakwa bam tei ne ye ba jege wopwolo lanyerane de Wɛ na pɛ se ba maŋe se ba na yaara Yezu yere ŋwaane to. 42Dɛ maama wuu ba maa yeini ba tigisi daane Wɛ diga kam ne, ye ba daare ba tole sam ba bere nɔɔna Wɛ chega kam. Ba maa tɛ Wɛ kwor-ywoŋa kam ba bere nɔɔna we Yezu mo seene o ye Wɛ Dam Tu wom.",https://www.bible.com/bible/3661/ACT.5.KBG
KIKIA 6,"Ba le nɔɔna barepɛ totoŋa yam ŋwaane
1Maŋa kam konto ne Yezu tɔgena bam kɔgɔ kom maa wora ko pula dedɛ. Ba kɔgɔ kom wone Juu tiina balo na ye veira ye ba ŋɔɔne Girisi tiina taane dem to maa jege balo na ŋɔɔne ba tete Juu tiina taane dem to ba poona. Woŋo kolo ŋwaane ye ba poona konto to ye sabu kolo ba na yeini ba maŋe ba pa kadeina se ba maa lage ba ni-wodiu dɛ maama to. Veira bam maa we ba kadeina bam ba jwoŋi kolo na maŋe de-ba to. 2Yezu tontoŋena fuga-balei bam ma bwoŋi ba kɔgɔ kom maama ba ke daane ye ba ta ba we, “Ko wo maŋe se debam tete mo yage Wɛ kwora kam berem se dé daare dé taa nii wodiiru tem sabu kom. 3Dé nu-bia bam, abam nam jege se á le nɔɔna barepɛ á wone se dé pa ba taa nii wonnu tento baŋa ne. Banto wó taa ye balo á na yei we Wɛ Sin-laao kom wo ba tei ne lanyerane ye ba jege boboŋ-dɛɛra to. 4Ko nam ná ye debam tete, dé wó seene dé yia mo Wɛ warem de o kwora kam berem baŋa ne.”
5Ba na tage konto to, ko ma pwoli ba kɔgɔ kom maama wo. Ba ma nii ba kuri nɔɔno wodwoŋi, o yere mo Stiiven. Wonto maa tiini o jege wo-dedoa de Yezu ye Wɛ Sin-laao kom wo o tei ne lanyerane. Ba ma kuri Filipi, de Porokora, de Nikano, de Timon, de Pamena, de Nikola wolo na nwoŋi Antioka ye o ye dwi-gɛ tu na tu o sɛ Wɛ chwoŋa tɔgem to ba woli da. 6Ba ma le-ba ba ja vo ba zege Yezu totoŋa nakwa bam yiga ne. Ba ma ware Wɛ ba pa-ba ye ba kwei ba jea ba daŋe ba baŋa ne.
7Wɛ kwora kam déem ma fɔge ka jage ka yi jei maama. Yezu nɔɔna bam kɔgɔ kom ma puli dedɛ Jerusalem ne. Juu tiina kaanem tiina dedɛ de déem ma ba ba sɛ Yezu chega kam.
Ba jaane Stiiven
8Stiiven déem maa ye nɔɔno wolo Wɛ na pɛ‑o zaane de dam dedɛ to. O tiini o ke wo-kenkagela yalo na bere Wɛ dam to mo o bere nɔɔna. 9Nɔɔna badwonna nam wora ba na mage ni-kantɔgɔ ded‑o. Banto nwoŋi Juu tiina kɔgɔ kolo ba na bwoi we ‘Libatiina’ to wone. Ba déem nwoŋi Kurene de Alɛzandaria mo. Ba ma tɔge ba woli de Juu tiina badaara na nwoŋi Kilikia de Asia teene dedwonna to. 10Ba nam na zaŋe ba mage ni-kantɔgɔ ded‑o to, o ma ŋɔɔne de swa taane, ne Wɛ Sin-laao kom na pɛ‑o dam tei to, pa se ba daa ware o taane ba leiri. 11Ba laam ma nwoŋi ba ke ni dedaane nɔɔna badwonna pa se ba fɔ vwa ba ta o taane ba we, “Debam nigi nɔɔno wonto na ŋɔɔne o chɔge Moses de Wɛ yuu.”
12Ba na jege Stiiven ba yaala konto to, ko ma pa se Juu tiina bam, de ba nakwa bam, de ba zamesem tiina bam maama bane zaŋe ded‑o. Ba ma zaŋe ba zi‑o ba ja vo ba nakwa kɔgɔ kom yiga ne se ba di o taane. 13Ba ma pa se nɔɔna badwonna zo ba fɔ vwa ba pa‑o, ye ba ta ba we, “Maŋa maama nɔɔno wonto yɔɔre o ŋɔɔne ta-balwaaro o pae Wɛ diga kam, de Wɛ nia yam. 14Dé ma ni o na tage tei o we, Nazarete tu Yezu mo wó ba o chɔge Wɛ diga kam, ye o daare o pipiri chwei selo maama Moses déem na bere dé nabaara se dé taa tɔge to.”
15Juu tiina nakwa balo maama na jei da to laam ma yɔɔre ba nii Stiiven. Ba ma nii ba na o yibia na nye de maleka yibia tei to.",https://www.bible.com/bible/3661/ACT.6.KBG
KIKIA 7,"Stiiven na tole o kwora tei to
1Juu tiina kaanem yuu tu wom ma zaŋe o bwei Stiiven o we, “Wonnu telo ba na tage ba pa nmo to ye chega mo naa vwa mo?” 2Stiiven laam ma leiri o we:
“A nu-bia de a kwoa bam, cheigi-na amo. Faŋa faŋa to Nenɔŋ-fɔrɔ Tu Baŋa Wɛ mo tu o veere o tete debam nabaaro Abaraham tei ne. Konto maŋa kam ne Abaraham déem ta zoore Mesopotamia ne mo. O daa ta wo vei se o taa zoore Haran ne. 3Wɛ déem ma ta ded‑o o we, o yage o tete teo kom de o sɔŋɔ tiina, se o daare o vo jei selo omo na wó bere‑o to. 4O ma seene o zaŋe o nwoŋi Chaladea tiina teo kom o vo o yi Haran o zoore da. O na wo dáane to, o kwo ma te. Wɛ ma pa se o daa nwoŋi o fɔɔre o vo o yi teo konto mɛ abam na zoore zem to. 5Wɛ nam wo pɛ Abaraham tega ywo-seeni se o taa tei, de fenfee de o wo pɛ‑o. Wɛ nam pwooli mo we, omo wó pa‑o tega kanto se o taa tei, ye o ná tega o daare, se o dwi tiina ta taa tei-ka. Wɛ tiŋi o ni dem konto ye Abaraham ta ba jege bu. 6Wɛ na tage kolo ded‑o to mo tento: ‘Abaraham, nmo dwi tiina wó vo ba taa zoore sa-teo ne. Ba wó taa ye kabɛ mo teo kom konto ne, pa se nɔɔna bɛɛse-ba taa, bena bia yana (400). 7Amo Wɛ nam wó pa se teo kolo nɔɔna na fe-ba se ba toŋe kabɛ totoŋa to na waarem. Konto kwaga ne ba laam wó nwoŋi teo kom konto ne ba ba ba taa zuli amo jei sento ne.’ 8Wɛ ma daare o gwoni ni de Abaraham. O ma pa se Abaraham dwi tiina taa gwoni ba peina se ko bere we ba sɛ o ni dem konto. Abaraham ma ba o lo Izaak. Da nana dɛ ne o ma gwoni o peini. Izaak de déem ma ba o lo Jakob. Jakob ma lo dé nabaara fuga-balei bam.
9Nabaara bam dedoa yere mo Josɛf. O chorro tem maa jege puseŋa ded‑o. Konto ŋwaane mo ba jaane‑o ba yeigi ba pa o vo Ejipti se o taa ye kabaa. Wɛ ta maa wo o tei ne. 10O ma pa se o nwoŋi cham maama wone de yazura. Josɛf na tu o zege Ejipti Pa-faro wom yiga ne to mo Wɛ pɛ‑o swa pa se o kikia su Pɛ wom yi lanyerane. Pɛ wom ma pa se o ji o sɔŋɔ kom tu de Ejipti teo kom maama yuu tu.
11Kana déem ma ba ka wora Ejipti de Kanaan teene dem maama ne. Ko ma tiini ko chɛ ba yera ne. Dé nabaara bam déem maa ware se ba na wodiu ba di. 12Jakob déem ma ni we wodiu wo Ejipti ne. O ma toŋe dé nabaara bam pa se ba vo ba nii. 13Konto kwaga ne, ba daa ma jwoori ba vo ba ke belei. Josɛf laam ma pa se o chorro tem lɔre‑o. Ejipti Pa-faro wom de laam ma ba o lɔre Josɛf sɔŋɔ tiina bam. 14Josɛf ma daare o toŋe ni o pa o kwo Jakob se o de o sɔŋɔ tiina bam maama ba o tei Ejipti ne. Ba maama déem ye nɔɔna fuserepɛ-banu (75) mo. 15Jakob ma seene o zaŋe o vo Ejipti. Dáane mo wonto tega. Dé nabaara bam de ma ba ba te. 16Ba ma ja ba yera yam ba jwoori ba vo Sɛkɛm ba suli-ba yibeeli delo ne Abaraham déem na yeigi de sabu Hamora bia bam tei ne to.
17Maŋa kam ma twɛ se Wɛ ke o su o na pwooli de Abaraham se o ke kolo to. Maŋa kam konto ne debam nɔɔna balo na wo Ejipti ne to maa tiini ba wora ba pula dedɛ. 18Pa-faro wodwoŋi de daa ma zaŋe se o taa tei Ejipti. O maa yeiri Josɛf ni ne. 19O déem maa jege debam nabaara bam o bɛɛsa. Swa mo o kea ye o fe-ba se ba kwei ba bu-sese ba yage pwooni yiga ne se ko pa ba te.
20Konto maŋa kam ne mo ba loge Moses. O déem maa ye bu-laao chekke Wɛ yiga ne. Ba maa jege‑o ba kɔna o kwo sɔŋɔ ne chane setɔ. 21Ba laam ma ja‑o ba nwoŋi ba tiŋi pwooni ne. Pa-faro wom bukɔ ma kwei‑o o jege o nia, ne o ye o tete bu mo tei. 22Ba ma bere Moses Ejipti tiina yi-poro kom maama. O ma ji nɔn-babea o ni taane de o kikia maama baŋa ne.
23Moses déem na yi bena finna to, o ma boŋe se o vo o nii o dwonna Isarele tiina bam na ye tei. 24O na vei to, o ma na Ejipti tu wodwoŋi na jege Isarele tu o maga. Moses ma vo se o woli o tete dwi tu wom jara yam wone. O ma mage Ejipti tu wom o go. 25O déem ya boŋe we o tete dwi tiina bam wó lɔre we Wɛ lage o pa se wonto mo jwoŋi-ba Ejipti tiina bam jeŋa ne o yage. Ba ma ware se ba lɔre konto. 26Tega na poore to, o daa ma na Isarele tiina balei na jege daane. O ma kwaane se o lwɛ-ba ye o ta de-ba o we, ‘Amo nɔɔna bam, abam ye chorro mo daane. Bɛ mo ke ye abam jege daane konto?’
27O na tage de-ba konto to, wolo wom na dana to ma yigi Moses o yage dáa ne. O ma bwei Moses o we, ‘Wɔ mo pɛ nmo chwoŋa se n ta‑n ye debam yuu tu, se n daare n ŋɔɔne debam taane? 28Nmo nam boŋe se n go amo mo, ne n diim na go Ejipti tu wom tei to na?’ 29Moses na nigi konto to, o laam ma duri o nwoŋi Ejipti ne o vo o zoore Midian teo ne. Dáane mo o di kaane ye ba lo bia balei.
30Bena finna déem na kɛ to, Wɛ maleka ma ba ka nwoŋi Moses yiga ne. Ko déem ye kagoa yuu ne mo Moses wora, ko bwola de Sinayi peo kom. O ma na min-vogo na jege sabare ko di, ye maleka kam wo dáane. 31Moses yera ma sɔɔre de o na nɛ kolo to. O ma fɔɔre o yi mini dem se o nii. O laam ma ni Baŋa Wɛ kwora ye ka we, 32‘Amo mo ye nmo nabaara bam Wɛ wom. Amo mo ye Abaraham Wɛ, de Izaak, de Jakob Wɛ.’ Foone ma ja Moses ye o ware se o daa nii. 33Baŋa Wɛ ma ta ded‑o o we, o le o natera yam se jei selo o na zege da to ye omo tete nyem mo. 34Wɛ daa ma ta o we, ‘Amo nɛ a nɔɔna bam na wo Ejipti ne ye ba yaare tei to. A ma kwori a ni ba na kona tei to. Amo laam tu ba tei mo se a jwoŋi-ba a yage. Nii ywo, a lage a toŋe‑m se n jwoori Ejipti.’ ”
35Stiiven ta ma ta o we, “Moses déem ye wolo Isarele tiina bam na ve‑o to. Ba déem bwei‑o ba we, ‘Wɔ mo pɛ nmo chwoŋa se n ta‑n ye debam yuu tu se n daare n ŋɔɔne debam taane?’ Moses nam ta mo ye wolo Wɛ na toŋe‑o se o taa tei o nɔɔna bam, se o daare o jwoŋi-ba o yage to. Wɛ ma toŋe maleka ye ka nwoŋi o yiga ne sabare wone ka bere‑o konto. 36Moses déem ma ke wo-kenkagela de maana Ejipti ne, pa se o wane o ja Wɛ nɔɔna bam o nwoŋi. Ba ma tɔge Nane-soŋo kom ba bɛ ba daare ba beeri kagoa kam wone taa, bena finna, ye Moses ta ke wo-kenkagela dedɛ ba tei ne. 37Moses ta mo ye wolo na tage de Isarele dwi tiina bam o we, ‘Wɛ wó toŋe o ni-jwoŋinu abam tei ne, ne o na toŋe amo Moses tei to. Wonto wó nwoŋi abam tete dwi dem wone mo.’ 38Moses mo ye wolo na tɔge o wo Isarele dwi tiina kɔgɔ kom wone kagoa kam yuu ne to. O maa tɔge o wora dedaane dé nabaara bam, de maleka kalo na ŋɔɔne ded‑o Sinayi peo kom yuu ne to. Wonto mo jwoŋi Wɛ botare selo na pae ŋwea to se o ke debam jeŋa ne.
39De konto maama, dé nabaara bam ma ve se ba sɛ Moses ni. Ba ma yigi‑o ba yage dáa ne, ye ba daare ba boŋe se ba jwoori ba vo Ejipti. 40Ba ma ta de Aron ba we, ‘Mɔ jwona n pa debam se ya taa tɔge dé yiga. Ko nam ná ye Moses wolo na jaane debam o nwoŋi Ejipti teo ne to, dé yeiri woŋo kolo na yi‑o to.’ 41Maŋa kam konto ne ba ma seene ba mɔ kamɔgɔ pa ko nye de na-mɔra, ye ba pa ko ye ba jwoni. Ba maa jege-de ba kaana. Ba ma daare ba ke kuri ba pa ba tete de ba na mɛ ba jea ba mɔ kolo to. 42Ba na kaane jwoni dem konto to, mo Wɛ mɛ o kwaga o ya-ba. O ma yage-ba se ba taa zuli chalechwe selo na wo wɛyuu ne to. Ko ke nenɛɛne ko na maŋe ko popone Wɛ sampwori sem tɔnɔ kom ne we:
‘Isarele dwi tiina bam, á déem na wo kagoa kam wone bena finna
ye á kwei vara de pɛɛra dwi dwi á ma á ke kaanem to,
ko dae amo mo á kaane á pa konto.
43Ko nam ye Moleka jwoni dem wara-vwei mo abam zeŋe,
dedaane chalechoa kalo na ye abam jwoni Refana to.
Tento maama nam ye kamwaro telo á na ke
se á ta‑á zuli-te mo.
Konto ŋwaane amo wó ja abam a nwoŋi á teo kom wone
a kale a vo jei selo na gaale Babilon to.’
44Debam nabaara bam na beeri kagoa kam wone to, ba déem jege Wɛ wara-vwei dem ba via. Wɛ déem ya bere Moses o na wó ke tei o pu vwei dem to. Ba déem seene ba ke-de ne Wɛ na tage tei to. 45Ko kwaga seeni to, dé nabaara bam mo jwoŋi vwei dem ba kwoa tei ne ba zeŋe-de ba ja ba tɔge Josua. Ba ma vo ba wane teene delo Wɛ na lage o pa-ba se ba taa zoore da to. Wɛ déem zeili tega kam konto nɔɔna bam o yage ba yiga ne. Vwei dem maa wora taa, se ko ba ko yi David na zaŋe o ji pɛ maŋa kalo to. 46O kikia ma su Wɛ yi ye o lwoori Wɛ se o pa‑o chwoŋa se o lɔ diga o ma leiri vwei dem yuu ne, se Wɛ taa zoore da Jakob dwi tiina bam tetare ne. 47Ko nam ye David bu Solomon mo lɔge diga o pa Wɛ. 48Yuu-tu Baŋa Wɛ wom nam ba zoore di selo nabiina na lɔge to wone. Wɛ sampwora dedoa déem tage o we:
49‘Baŋa Wɛ kwora mo tento:
Wɛyuu kom mo ye amo paare yituŋu.
Ko daare tega baŋa kam maa ye amo na chwi a nɛ mɛ to.
Abam wó ke tɛ mo á lɔ diga á pa-ne?
Jeiga kɔ mo amo wó vo a peini da a sii?
50Ko dae amo tete je mo
a mɛ a ke wonnu tento maama na?’
51Abam jege yi-dɛɛre dedɛ. Á bochara de nye de balo na ba tɔge Wɛ to bochara. Abam zwa mo kwareme ye á ba ni Wɛ kwora kam. Abam de á nabaara bam kikia maama ye bedwe mo. Abam ba sɛ Wɛ Sin-laao kom na bere chega kalo to. 52Wɛ sampwori sem wolowolo tera abam nabaara bam na wo zeili kotu. Ba déem go balo na wuuri ba ta we Wɛ wó toŋe Wo-pwoŋo Tu wom se o ba to. Leile konto abam nam mo kwei wonto á ke nɔɔna jeŋa ne pa ba go‑o. 53Abam ye balo na jwoŋi Wɛ nia yalo o na tɔge malese jeŋa o pa abam to mo. De konto de, á ta wo sɛ-ya.”
54Stiiven na tage konto o ti to, ko ma pa se Juu tiina nakwa bam bane fuli dedɛ o baŋa ne, ye ba done ba yeila o ŋwaane. 55Wɛ Sin-laao kom maa wo Stiiven tei ne lanyerane. O ma kwoni o yuu wɛɛne o yɔɔre o nii Wɛ telaao seeni o na Wɛ nenɔŋ-fɔrɔ na daga tei to. O ma daare o nii o na Yezu na zege Baŋa Wɛ jazem seeni tei to. 56O laam ma ta o we, “Nii-na! Amo nɛ Wɛ telaao ni na pore, ye Nabiin-bu wom zege Wɛ jazem seeni.”
57Nɔɔna bam na nigi konto to, ba ma laare baŋa baŋa de kwor-dɛa, ye ba pu ba zwa se ba daa yé taa ni o taane dem. Ba maama ma duri bedwe baŋa ne ba vo ba zi‑o. 58Ba ma zeili-o pa o nwoŋi da teo kom wone. Ba laam ma daare ba jege‑o ba dola de kandwa se ba go. Balo na wora to ma le ba gwaaro ba pa nɔn-doŋo kodwoŋi se o taa nia. Nɔɔno wom yere mo Sɔɔl. 59Ba na jege Stiiven ba dola konto to, o ma lwoori Wɛ o we, “Amo Teiru Yezu, jwoŋi amo jworo.”
60O laam ma kuni dwoona tega ne o laare de kwor-dɛa o we, “Amo Teiru, nam yé kwei banto keim-lwanno tem n ke n boboŋa ne.” O déem tage konto mo ye o daare o te.",https://www.bible.com/bible/3661/ACT.7.KBG
KIKIA 8,"1Sɔɔl déem ma na ba na ke tei ba go Stiiven to, ye o sɛ ba keim dem.
Yezu nɔɔna bam nɛ yaara
Dɛ dem konto ne Yezu kɔgɔ kom nɔɔna balo na wo Jerusalem ne to laam ma bobo se ba na yaara dedɛ nɔɔna tei ne. Ba maama ma jage ba duri ba zo teene delo maama na wo Judea de Samaria ne to wone. Ko daare Yezu totoŋa nakwa bam yerane mo wo tɔge ba duri. 2Nɔɔna badwonna na kɔre Wɛ to ma kwei Stiiven yera yam ba suli, ye ba daare ba keeri‑o lanyerane. 3Sɔɔl ma kwaane se o chɔge Yezu kɔgɔ kom maama. O maa yeini o tole sam dem wone o jaane balo na tɔge Yezu to o vei o ke peena diga ne, baara de kaana maama.
Wɛ kwor-ywoŋa kam jage
4Yezu nɔɔna balo na duri ba jage to maa yeini ba vei jei maama ba tɔɔle Wɛ kwor-ywoŋa kam. 5Filipi ma zaŋe o vo Samaria teo kodwoŋi o ta Wɛ Dam Tu Krista taane o bere nɔɔna bam. 6Nɔn-kɔgɔ kom ma seene ba yia ba cheigi Filipi na ŋɔɔne kolo to. Ba maama déem cheigi o taane dem ye ba kwori ba na wo-kenkagela yalo o na ke to. 7Ba ma na chichiri na yage nɔɔna dedɛ ye se chwoosi baŋa baŋa. Gwaaro dedɛ, de gwane de ma na yazura. 8Konto ŋwaane wopwolo déem maa tiini ko wora Samaria tiina bam tei ne.
9Teo kom konto ne nɔɔno déem ya wora, o yere mo Simon. O maa pae se Samaria tiina bam ye yaau o liri kikia baŋa ne. O déem bere o tete we o ye nɔn-kamunu mo. 10Teo kom nɔɔna maama ma kwaane ba cheigi‑o lanyerane, dedɛɛra de nabwona maama. Ba maa pae se Wɛ dam mo wo o tei ne, ye ba jege‑o ba bwoi we ‘Dam-fɔrɔ tu’. 11O déem ya pɛ se ba ye yaau de o liri sem taa, se ko dáane dedɛ. Konto ŋwaane mo ba déem seene ba yia ba cheigi‑o lanyerane.
12Filipi laam ma ba o da Yezu Krista yere dem ŋwaane o tɔɔle Wɛ paare dem kwor-ywoŋa kam. Nɔɔna bam ma sɛ o taane dem. Ba ma jwoŋi sɛɛm Yezu ŋwaane, baara de kaana de. 13Simon tete de ma sɛ ye o daare o jwoŋi sɛɛm. O ma tɔge dedaane Filipi ye o na wo-kenkagela de maana yalo o na ke ye ya bere Wɛ dam to. O na nɛ-ya to, ko ma ke‑o yaau.
14Yezu totoŋa nakwa bam na wo Jerusalem ne to ma ni we Samaria tiina bam tu ba sɛ Wɛ taane dem. Ba ma toŋe Piita de Jɔn se ba vo ba nii. 15Ba na vei ba yi da to, ba ma lwoori Wɛ ba pa balo na sɛ Yezu to, se ba wane ba jwoŋi Wɛ Sin-laao kom. 16Kolo ŋwaane Wɛ Sin-laao kom daa ta wo tu banto wolowolo tei. Ba na jwoŋi sɛɛm to déem ye dé Teiru Yezu yere ŋwaane yerane mo. 17Piita de Jɔn laam ma daŋe ba jea ba baŋa ne pa ba jwoŋi Wɛ Sin-laao kom ba bochara ne.
18Yezu totoŋa nakwa bam na daŋe ba jea nɔɔna bam baŋa ne pa ba jwoŋi Wɛ Sin-laao kom konto to, Simon ma na ko na ke tei to. O ma kwei sabu o ma lwoori Piita de Jɔn o we, 19“Amo lage se á pa amo de taa jege dam dento dwoŋi se, amo ná kwei a je a daŋe nɔɔno wolo baŋa ne, se konto tu jwoŋi Wɛ Sin-laao kom.” 20Piita ma leiri‑o o we, “Wɛ wó chɔge nmo, de n sabu kom maama, nmo na boŋe we n wó wane n ma n sabu n yeigi Wɛ pɛɛre to ŋwaane. 21Nmo bochare ba tɔge chega Wɛ yiga ne. Konto to, n bá‑n na chwoŋa se n tɔge de debam n toŋe Wɛ totoŋa yam. 22Nam leiri n wo se n yage wo-lwanno telo nmo na boŋe se n ke to, se n daare n lwoori dé Teiru Wɛ we, o ná sɛ, se o yage-te o ma chɛ‑m. 23Kokuri amo nɛ we n jege puseŋa dedɛ, ye wɛleera jege‑m ya dam kuri ne.” 24Simon ma leiri o we, “Nam lwoori-na Wɛ á pa-ne se wonnu telo maama á na tage amo baŋa ne to yé ba te chɔge-ne.”
25Piita de Jɔn déem ma ta Yezu chega kam ba bere nɔɔna bam ye ba kwori ba ŋɔɔne Baŋa Wɛ kwora kam. Ba laam ma jwoori ba maa vei Jerusalem. Ba na maa jwoori to, ba ma tole Samaria te-nia yam wone ba tɔɔle Wɛ kwor-ywoŋa kam.
Filipi pɛ dedɛɛro ni Wɛ taane kuri
26Baŋa Wɛ maleka laam ma ba Filipi tei ka ta ded‑o ka we, “Zaŋe wea tetare ne n vo n tɔge chwoŋa kalo na zege Jerusalem ne ka vei Gaza to.” Chwoŋa kam konto tɔge kagoa wo mo ka via.
27Filipi ma zaŋe o kɛ. Etiopia tu de déem maa wo chwoŋa kam ne o maa vei sɔŋɔ. Wonto mo ye dedɛɛro ye o toŋe o pae o teo kom ka-pɛ wom ba na bwoi we ‘Kandake’ to. O maa nii o jejegero tem maama baŋa ne. O déem ya vei Jerusalem mo se o ware Wɛ, 28ye o laam maa jwoori o vei sɔŋɔ de toroko kolo siseiŋa na vaŋe to. O toroko kom na maa dura konto to, o maa jei o gare tɔnɔ kolo Wɛ sampwora Izaya na popone faŋa faŋa to. 29Wɛ Sin-laao kom ma bere Filipi ko we, “Véi n ta‑n tɔge toroko kom.” 30O ma duri o vo o yi nɔɔno wom tei. O ma ni nɔɔno wom na jege Wɛ sampwora Izaya tɔnɔ kom o gara. O ma bwei‑o o we, “Nmo wó wane n ni n na jege kolo n gare to kuri na?” 31O ma leiri o we, “Amo nam wó ke tɛ mo a lɔre ko kuri ye nɔɔn-nɔɔno wo maŋe-ko o bere ne?” O laam ma pa se Filipi di toroko kom baŋa o jeini o tei ne. 32O na wora o gare wonnu telo tɔnɔ kom wone to mo tento:
“Wonto déem mo nye de pia ba na vaŋe ba ja ba vo se ba go to.
O ta nye de pipeila kalo ba na fane ka koro ye ka wo ke sɔɔ to.
Konto dwoŋi mo o wo puri o ni o ta kolokolo.
33Nɔɔna maa jege‑o ba gwoona.
Ba wo mɛ chega ba di o taane.
Nɔɔn-nɔɔno daa tera o na wó ŋɔɔne o dwi dem taane,
kolo ŋwaane o dwi ti logo baŋa ne.”
34Dedɛɛro wom ma ta de Filipi o we, “A lage a bwei a nii, wɔ taane mo Wɛ sampwora kam tɛa, o tete mo o tɛ naa nɔɔno wodwoŋi mo?” 35Filipi ma jwoori o bobo nɔɔno wom na gage mɛ to o bere‑o ko kuri, ye o daare o ta Yezu kwor-ywoŋa kam maama o bere‑o. 36Ba na tɔge chwoŋa kam ba maa vei konto to, ba ma vo ba yi buga. Dedɛɛro wom ma ta o we, “Nii, na wora ywo-seeni. Amo bá wane a jwoŋi sɛɛm na?” [37Filipi ma leiri‑o o we, “Nmo ná sɛ Wɛ chega kam de n wo maama, nmo wó wane n jwoŋi sɛɛm.”]
38Dedɛɛro wom laam ma pa se toroko kom zege. Ba maama ma tu tega ba vo ba zo na bam wo. Filipi ma pa‑o sɛɛm Yezu ŋwaane. 39Ba ma nwoŋi na bam wone. Ba na nwoŋi to, dé Teiru wom Sin-laao kom ma chaale Filipi ko ja viiri. Dedɛɛro wom ma daa wo nɛ‑o. O ma jwoori o kwei chwoŋa o maa kɛa, ye o tiini o jege wopwolo dedɛ. 40Filipi ma na we o tu o wo Azota ne mo. O ma tole teene maama o tɔɔle Wɛ kwor-ywoŋa kam taa, o vo o yi Kazaria.",https://www.bible.com/bible/3661/ACT.8.KBG
KIKIA 9,"Pɔɔl pipiri o ba o sɛ Yezu
Kikia 22:4-16; 26:9-18
1Sɔɔl déem ta yɔɔre o fugi dé Teiru Yezu tɔgena, ye o kwaane o lage chwoŋa se o go-ba. Konto ŋwaane o ma zaŋe o vo Juu tiina kaanem yuu tu wom tei. 2O ma vo o lwoori‑o se o pa‑o tɔnɔ kolo o na wó kwei o bere Juu tiina balo na nii ba jeerim di sem Damasika ne to, se ko pa ba jeeri‑o lanyerane. O déem lage chwoŋa se, o ná nɛ balo na tɔge Wɛ chwo-doŋa kam to mo, se o wane o ja-ba o jwoori o vo Jerusalem o ke-ba peena diga ne, baara de kaana maama. 3O na nɛ tɔnɔ kom to, o ma zaŋe o maa vei Damasika. O na twɛ teo kom to, pwooni ma pɔpɔ de nwoŋi wɛyuu de pepele de gilimi‑o. 4O ma to tega ne ye o ni kwora na bwoŋi o yere ka we, “Sɔɔl, Sɔɔl, bɛŋwaane mo nmo jege-ne n bɛɛsa konto?” 5O de ma bwei o we, “Amo tu, nmo nam ye wɔ mo?” Kwora kam ma ta ka we, “Amo ye Yezu mo, nmo na jege n bɛɛse to. 6Nam zaŋe n zo teo kom wo. Nmo ná yi da, ba laam wó ta kolo nmo na jege se n ke to.”
7Nɔɔna balo na tɔge de Sɔɔl to maa yɔɔre ba zega ye ba ware kolokolo se ba ta. Ba déem nigi kwora kam ye ba nam wo nɛ nɔɔn-nɔɔno. 8Sɔɔl ma zaŋe wɛɛne o puri o yia ye o ware se o na kolokolo. Ba ma ja o jeŋa ba vaŋe‑o ba ja zo Damasika teo wone. 9O déem jege da yatɔ mo o yia na dwei. Maŋa kam konto ne o ba di kolokolo ye o ta ba nyɔa.
10Yezu tɔgeno wodwoŋi déem maa wo Damasika ne, o yere mo Anania. O ma dwɛ o na dé Teiru wom na ŋɔɔne ded‑o. O ma bwoŋi o yere o we, “Anania!” O ma leiri o we, “Amo tu, nii-ne.”
11Dé Teiru wom ma ta ded‑o o we, “Zaŋe n vo Judas sɔŋɔ, ko na zege chwoŋa kalo ba na bwoi we ‘Chwo-yɔɔro’ to ni ne. Nmo ná yi da, se n bwei nɔɔno wolo yere na ye Sɔɔl to bwia. O ye Tasusi tu mo. Nmo wó na o na wora o ware Wɛ. 12O ya dwɛ mo o na nɔɔno, o yere mo Anania. O ma na‑o ye o ba o daŋe o jea o yuu ne, se o yia yam jwoori ya taa nae.”
13Anania na nigi konto to, o ma leiri o we, “Amo tu, nɔɔna dedɛ maŋe ba ta nɔɔno wom konto taane ba bere amo de o na ke wo-balwaaro telo maama o ma chɔge nmo nɔɔna balo na wo Jerusalem ne to. 14O laam tu ywo Damasika ne mo de o na jwoŋi chwoŋa Juu tiina kaanem yiga tiina bam tei ne se o ja balo maama na tɔge nmo yere ŋwaane ba zuli Wɛ to.” 15Dé Teiru wom ma ta ded‑o o we, “Nam véi, kolo ŋwaane wonto mo ye wolo amo na kuri se o taa toŋe o pa-ne, se o daare o zeiŋi amo yere Isarele dwi tiina bam tei ne, dedaane dwi-gɛ tiina de ba pwa de tei ne. 16Amo tete nam wó bere‑o yaara yalo maama o na jege se o na amo yere ŋwaane to.”
17Anania laam ma zaŋe o vo o yi sɔŋɔ kom o zo. O ma na Sɔɔl o daare o vo o daŋe o jea o baŋa ne ye o we, “Amo nu-bu Sɔɔl, dé Teiru Yezu tete mo toŋe amo nmo tei ne. Wonto ya mo veere o tete nmo yiga ne, n ya na wo chwoŋa ne n ma‑n beene to. O toŋe-ne se a ba a pa n jwoori n ta‑n nae mo, se n daare n jwoŋi Wɛ Sin-laao kom de ko dam maama.” 18Anania na tage konto to, bedwe baŋa ne mo wonnu kore te nwoŋi Sɔɔl yia yam ne, ne ywon-porro tei, ye o laam daare o jwoori o nae lanyerane. O ma zaŋe o zege wɛɛne. O ma jwoŋi sɛɛm Yezu ŋwaane. 19O laam ma di wodiu pa se o jwoori o na dam. O ma maŋe Damasika ne da fenfee o woli Yezu tɔgena bam wone.
20Sɔɔl déem na wo Damasika ne konto to, o ma yeini o vo Juu tiina jeerim di sem o bere-ba Yezu taane. O maa tɛ o we, Yezu ye Wɛ Bu mo. 21Nɔɔna balo maama na nigi o berem dem to maa ye yaau ded‑o. Ba ma bwei daane ba we, “Ko dae nɔɔno wonto déem mo wo Jerusalem ne o kwaane o chɔge balo na tɔge yere dento ŋwaane ba zuli Wɛ to na? Ko nam dae konto ŋwaane mo o tu ywo-seeni se o taa jaane Yezu tɔgena o vei o ke Juu tiina kaanem yiga tiina bam jeŋa ne na?”
22Sɔɔl déem nam mo tu o na baare dedɛ de o na bere nɔɔna tei to. O maa bere nɔɔna we, Yezu seene o ye Wɛ Dam Tu wom mo. Ko ma pa se Juu tiina balo na zoore Damasika ne to daa ware se ba leiri o ni taane.
23Da kɔgɔ kɔgɔ na kɛ to, Juu tiina bam ma ke ni daane se ba go Sɔɔl. 24O ma lɔre ba na boŋe se ba ke‑o kolo to. Dɛ maama wea de tete ba zege ba nii teo kom nia yam se ba nii, Sɔɔl wó tɔge da se ba laam go‑o na. 25Dɛ dedwe tete ne o nɔɔna bam ma pa se o zo tetɔ-kamunu wo, ye ba lei ŋona ko ni ne ba pa o tɔge takworo o nwoŋi o chu tega ne ye o lu.
26Sɔɔl laam ma zaŋe o vo Jerusalem. O maa kwaane se o tɔge o woli Yezu tɔgena bam wone. Ba maama maa fona ded‑o, ye ba wo sɛ we o seene o ji Yezu tɔgeno. 27Banabas ma vo o tei se o woli‑o. O ma ja‑o o vo Yezu totoŋa nakwa bam tei. O ma ta o bere-ba Sɔɔl na wo chwoŋa ne o via ye o na dé Teiru wom na ŋɔɔne ded‑o tei to. O ta ma ta o bere-ba Sɔɔl na yɔɔre o ŋɔɔne de baare Yezu yere ŋwaane tei to, pa se balo na wo Damasika ne to lɔre Wɛ chega kam. 28Sɔɔl ma maŋe Yezu tɔgena bam tei ne ye o tole Jerusalem ni maama o bere nɔɔna Wɛ chega kam dé Teiru wom yere ŋwaane. 29O maa yeini o ŋɔɔne de Juu tiina balo na ŋɔɔne Girisi tiina taane to ye o mage ni-kantɔgɔ de-ba. Ba laam ma kwaane se ba go‑o. 30O dwonna bam na lɔre konto to, ba ma ja‑o ba ja vo Kazaria. Ba laam ma pa se o kɛ o vo Tasusi.
31Yezu kɔgɔ kom nɔɔna balo maama na wo Judea, de Galili, de Samaria jei sem ne to déem ma na siu ba yaara yam wone. Ba kɔgɔ kom ma fɔge de dam ye ko puli lanyerane, Wɛ Sin-laao kom na zeini-ba to ŋwaane. Ba maa kɔre dé Teiru wom ba ŋwea maama wone.
Piita na toŋe Wɛ totoŋa tei to
32Piita déem yeini o beeri o tole jei maama mo. Dɛ dedwe o daa ma zaŋe o vo se o nii Wɛ nɔɔna balo na zoore Lida ne to. 33O na yi da to, o ma na nɔɔno, o yere mo Ayinea. O déem ye gɔrɔ mo, ye o tigi o sara ne taa, bena nana, o ware o zaŋe wɛɛne. 34Piita na nɛ‑o to, o ma ta ded‑o o we, “Ayinea, Yezu Krista wó pa n na yazura. Nam zaŋe wɛɛne se n fɔge n piri n sara kam n tiŋi.” O na tage konto to, bedwe baŋa ne mo Ayinea ma zaŋe wɛɛne. 35Nɔɔna balo maama na zoore Lida ne de Sarɔn jei sem maama ne to ma na‑o. Ba laam ma ba ba sɛ dé Teiru Yezu.
36Kaane wodwoŋi déem mo wo Jopa ne, o yere mo Tabita. (O yere dedaane Girisi tiina taane mo ye Dɔkase.) O maa ye Yezu tɔgeno. O maa chɛ de keim-laaro ye o woli yiniga tiina dedɛ. 37Maŋa kam konto ne o ma ba o weele o te. Nɔɔna ma kwei o yera yam ba swɛ, ye ba ja‑o ba di wɛyuu diga ba tiŋi da. 38Jopa maa bwola dedaane Lida. Konto to, Yezu tɔgena balo na wo Jopa ne to ma lɔre we Piita tu Lida o wora. Ba ma toŋe nɔɔna balei o tei ne. Ba ma vo ba lwoori‑o ba we, “Popo, ke lela n ba debam teo kom.”
39Piita ma zaŋe o tɔge de-ba o kɛ. O na yi Jopa to, ba ma ja‑o ba di wɛyuu diga kam. Kadeina bam maama maa zege ba gilimi‑o ye ba keera. Ba ma bere‑o gwaaro telo maama Dɔkase ya na ŋwe ye o sɔ to. 40Piita laam ma pa se ba maama nwoŋi diga kam wone ba daare‑o. O ma daare o kuni dwoona tega ne o ware Wɛ. O laam ma pipiri o nii too wom ye o we, “Tabita, zaŋe wɛɛne.” O ma puri o yia o na Piita na wora. O ma zaŋe o jei. 41Piita ma tei o jeŋa o woli‑o pa se o zaŋe wɛɛne o zega. O laam ma bwoŋi kadeina bam de Yezu tɔgena bam maama. O ma pa Tabita zege ba yiga ne ye o ŋwe.
42Keim dem konto taane ma jage de yi Jopa jei sem maama. Ko ma pa se nɔɔna dedɛ ke ba wo-dedoa de dé Teiru Yezu. 43Piita ma maŋe Jopa ne taa, da kɔgɔ kɔgɔ. O déem zoore gɔgɔ kodwoŋi tei ne mo, o yere mo Simon.",https://www.bible.com/bible/3661/ACT.9.KBG
KIKIA 10,"Dwi-gɛ tu lɔre Wɛ chega kam
1Nɔɔno wodwoŋi déem mo wora, o yere mo Kɔnilusi. O maa zoore Kazaria ne. O déem ye Rom soja tiina dedɛɛro mo. Soja tiina kɔgɔ kolo o na tɔge o wo ko wone to yere mo ‘Yitalia tiina kɔgɔ’. 2O déem kɔre Wɛ mo. O de o sɔŋɔ tiina maama maa zuli Wɛ lanyerane. O maa woli Juu tiina balo yiniga na jege-ba to. O maa yeini o ware Wɛ maŋa maama. 3Dɛ dedwe wɛ na guni maŋa kalo to, o ma dwɛ o na wo-kenkagele. O ma yɔɔre o na Wɛ maleka na tu ka bwoŋi o yere ka we, “Kɔnilusi!” 4O ma fi o yia o nii maleka kam seeni ye foone jege‑o. O ma ta o we, “Amo tu, n tu amo tei mo na?” Maleka kam ma leiri‑o ka we, “Nmo na yeini n ware Wɛ ye n kwori n woli yiniga tiina to mo pɛ se n kikia yam konto su Wɛ yi. O nam guli nmo gula mo. 5Leile konto nmo jege se n toŋe nɔɔna se ba vo Jopa ba bwoŋi nɔɔno wodwoŋi, o yere mo Simon Piita. 6O ye veiru mo gɔgɔ kodwoŋi sɔŋɔ ne. Gɔgɔ kom yere mo Simon. O sɔŋɔ kom maa wo naneo kom ni ne.”
7Maleka kam na tage konto ka ti to, ka ma viiri. Kɔnilusi ma bwoŋi o sɔŋɔ kom tontoŋena balei, de soja tu dedoa wolo na toŋe o pa‑o ye o de kɔre Wɛ to. 8O ma ta kolo maama na ke to o bere-ba ye o daare o toŋe-ba se ba vo Jopa.
9Tega na poore to, nɔɔna bam ma daare fenfee se ba yi Jopa. Piita déem diini sɔŋɔ kom nayuu se o ware Wɛ. Ko ye wea tetare ne mo. 10Kana laam maa jege‑o ye o lage wodiu se o di. Ba na wora ba ke wodiu kom to, Wɛ ma pa se o na wo-kenkagele ne dendwɛ mo tei. 11O nɛ wɛyuu na pore o baŋa ne ye woŋo nwoŋi da ko maa tu tega. Woŋo kom nye de gɔr-kamunu mo ye ba zei ko nia yana pa se ko maa tu tega. 12Vara dwi maama mo tigi ko wone, dedaane tega-veila, de zuna. 13O na nɛ to, o ma ni kwora na ŋɔɔne ded‑o ka we, “Piita, zaŋe n go wonnu tem n di.” 14Piita ma leiri o we, “Amo tu, a bá sɛ. Amo wo fɔge a di woŋo kolo na ba lana ye ko wo maŋe de dim to.” 15O daa ma jwoori o ni kwora kam na we, “Yé zaŋe n chuli woŋo kolo Wɛ na pɛ se ko maŋe de dim to.” 16Ko ke konto mo kuni betɔ. Wonnu tem laam ma jwoori te vaŋe te di wɛyuu.
17Piita maa bwɛa wo-kenkagele dem o na nɛ to kuri. O na wora konto to, mo nɔɔna balo Kɔnilusi na toŋe o tei ne to maŋe ba lɔre Simon sɔŋɔ kom jei. Ba laam ma vo ba yi manchwoŋo kom ba zega. 18Ba ma bwoŋi ba bwei ba we, “Nɔɔno zoore ywo, o yere mo Simon Piita na?”
19Piita daa ta maa kwaane se o lɔre wo-kenkagele dem o na nɛ to kuri. Wɛ Sin-laao kom ma ta ded‑o ko we, “Nii! Nɔɔna batɔ mo tu ywo ba lage nmo. 20Zaŋe n tu tega. Yé ta‑n jege boboŋa yalei se n tɔge de-ba n kɛ, kolo ŋwaane amo mo toŋe-ba.” 21Piita ma tu tega ye o ta de-ba o we, “Amo mo ye wolo abam na lage to. Bɛŋwaane mo ye á ba?” 22Ba ma leiri ba we, “Soja tiina dedɛɛro Kɔnilusi mo toŋe debam. O ye nɔn-ŋom mo ye o kɔre Wɛ lanyerane. Juu tiina bam maama maa pa‑o zula. Wɛ maleka mo tage ded‑o se o bwoŋi nmo o sɔŋɔ ne se o wane o ni kolo nmo na lage n ta to.” 23Piita ma pa se ba zo sɔŋɔ kom ba peini.
Tega na poore to, o ma zaŋe o tɔge de-ba o kɛ. Yezu nɔɔna badaara de ma zaŋe Jopa ne ba tɔge ded‑o ba kɛ. 24Tega daa na poore to mo o yi Kazaria. O yi da dedaane Kɔnilusi, de o sɔŋɔ tiina, de o badwonna o na bwoŋi to maŋe ba jei ba cheigi‑o. 25Piita na yi sɔŋɔ kom to, o maa boŋe se o zo. Kɔnilusi ma zaŋe o nwoŋi o jeeri‑o, ye o daare o to o yiga ne o jɔɔne‑o. 26Piita ma pa se o zaŋe wɛɛne o zege, ye o ta ded‑o o we, “Amo tete ye nabiinu mo.” 27O daa ta maa ŋɔɔne ded‑o ye ba maa zoore sɔŋɔ kom. O ma na nɔn-kɔgɔ na gilimi da ba jei. 28O ma ta de nɔɔna bam o we, “Abam maŋe á yei we ko chula se Juu tu taa zoore dedaane dwi-gɛ tiina, naa o taa tɔge de-ba. Wɛ nam mo bere amo we, ko wo maŋe se a taa chuli nɔɔn-nɔɔno, naa a pae o taa ye nɔn-diku. 29Konto ŋwaane, abam na toŋe á bwoŋi-ne to, a wo ve ye a ba. Amo nam lage a bwei a nii, bɛ mo ye á toŋe á bwoŋi-ne?”
30Kɔnilusi ma ta o we, “Zem mo jege da yana, ko maŋe de maŋa kanto ne, wɛ na guni to, ye a wora a ware Wɛ sɔŋɔ ne. Nɔɔno ma pɔpɔ o ba o zege amo yiga ne. O maa zo gare-nyenno. 31O ma ta de amo o we, ‘Kɔnilusi, Wɛ mo jwoŋi nmo wara yam. Nmo na woli yiniga tiina to ŋwaane mo o guli nmo gula. 32Nam toŋe nɔɔna se ba vo Jopa ba bwoŋi nɔɔno wodwoŋi, o yere mo Simon Piita. O ye veiru mo Simon wolo na ye gɔgɔ to sɔŋɔ ne. O maa zoore naneo kom ni ne.’ 33O na tage konto to, a ma toŋe nɔɔna lela se ba vo ba bwoŋi‑m se n ba. A ke nmo lei de nmo na tu to. Debam maama nam zege Wɛ yiga ne mo dé cheigi se dé ni kolo maama dé Teiru wom na pɛ‑m se n ta to.”
34Piita laam ma zaŋe o ta o we, “Amo zem lɔre we ko ye chega mo we Wɛ ba kuri nɔɔna daane. 35Wɛ jwoŋi nɔɔno wolo maama na kɔre‑o ye o daare o ke kolo na tɔge chwoŋa to mo, ko ná ye Juu tu naa dwi tu wolo de. 36Abam maŋe á yei Wɛ kwor-ywoŋa kam o na toŋe Isarele dwi tiina bam tei ne we Yezu Krista mo wae o jwoŋi nɔɔna o fɔge ba de Wɛ daane tei to. Wonto mo ye nabiina maama Teiru. 37Abam ta yei wo-kamunnu telo maama na ke Judea ne to. Ko déem bobo Galili ne mo, maŋa kam Jɔn na bere nɔɔna se ba jwoŋi sɛɛm Wɛ ŋwaane ye ko kɛ to. 38Abam lɔre Nazarete tu Yezu yera seina na ye tei to. Wɛ déem lwogi o Sin-laao kom o yera ne ye o kwori o pa‑o dam. Wɛ na wo o tei ne konto to, o maa yeini o vei jei maama o zeini nɔɔna lanyerane, ye o kwori o jwoŋi balo na wo setaana pɛ jeŋa ne to o yaga. 39Debam nam mo nɛ wonnu telo maama o na ke Jerusalem ne de Juu tiina teene dem maama ne to ye dé zege te chega kam kwaga ne. Ba laam jaane‑o mo ba pa dagara yuu ne ba go. 40Wɛ ma pa se o jwoori o bi toone wone da yatɔ dɛ ne. O ma pa se o veere o tete nɔɔna yiga ne pa ba na‑o. 41Ko nam dae we nɔɔna maama mo nɛ‑o, ko ye balo yerane Wɛ na maŋe o kuri se ba taa zege o kwaga ne to mo. Debam mo konto. Yezu na bi toone wone to, debam tɔge ded‑o dé di wodiu ye dé nyɔ na. 42O ma pa debam ni se dé tɔɔle Wɛ kwora kam dé bere nɔɔna se dé daare dé pa ba lɔre we, omo ye wolo Wɛ na tiŋi se o bore nɔn-ŋwena de twa taane to. 43Faŋa faŋa Wɛ sampwori sem maama déem tage wonto taane ye ba ta ba we, nɔɔno wolo maama ná ke o wo-dedoa ded‑o, Wɛ wó yage konto tu wɛleera o ma chɛ‑o wonto yere ŋwaane.”
44Piita ta na wora o ŋɔɔne konto to, Wɛ Sin-laao kom ma tu ko ba balo maama na jei ba cheigi o taane dem to tei. 45Juu tiina balo na maŋe ba sɛ Yezu ye ba tɔge de Piita ba ba to maa ye yaau de Wɛ na lwogi o Sin-laao kom o pa dwi-gɛ tiina o woli da to. 46Kolo ŋwaane ba nigi ba na ŋɔɔne ta-gɛ mo ye ba kwori ba zuli Wɛ.
47Piita laam ma ta o we, “Nɔɔna banto seene ba jwoŋi Wɛ Sin-laao kom ne debam de na jwoŋi tei to mo. Konto to, nɔɔn-nɔɔno bá wane o ve se dé kwei na dé pa ba jwoŋi sɛɛm.” 48O ma daare o ta se ba pa-ba sɛɛm Yezu Krista yere ŋwaane. Ba laam ma lwoori‑o se o maŋe ba tei ne da fenfee.",https://www.bible.com/bible/3661/ACT.10.KBG
KIKIA 11,"Piita tole ko na ke tei to
1Yezu totoŋa nakwa bam de o tɔgena balo na zoore Judea teene dem maama wone to ma ni we dwi-gɛ tiina de laam tu ba sɛ Wɛ kwora kam. 2Piita déem ma zaŋe o vo Jerusalem. O na yi da to, Juu tiina balo na tu ba sɛ Yezu to ma bwɛ‑o. 3Ba ma bwei‑o ba we, “Bɛ mo ye n vo n wo dwi-gɛ tiina sɔŋɔ ne ye ba ye balo na wo gwoni ba peina to? Bɛ mo ye n di wodiu de-ba?”
4Piita ma zaŋe o tole kolo maama na ke to o bere-ba ye o we:
5“Amo ya wo Jopa ne ye a wora a ware Wɛ. Wɛ ma pa a na wo-kenkagele. Amo dwɛ a na wo-kamunu na nwoŋi wɛyuu ko maa tu tega. Ko nye de gɔr-kamunu mo ye ba zei ko nyea yana pa se ko maa tu tega. Ko ma ba ko zege amo yiga ne. 6A ma nii ko wone ye a na vara na wora, ga-vara, de sɔŋɔ vara, de tega-veila, de zuna. 7A laam ma ni kwora ye ka ŋɔɔne de amo ka we, ‘Piita, zaŋe n go n di.’ 8Amo ma leiri a we, ‘Amo tu, a bá sɛ. Amo wo fɔge a di woŋo kolo na ba lana ye ko wo maŋe de dim to.’ 9Kwora kam daa ta ma jwoori ka zege wɛyuu ne ka ŋɔɔne ka we, ‘Yé zaŋe n chuli woŋo kolo Wɛ na pɛ se ko maŋe de dim to.’ 10Ko ke konto mo taa, kuni betɔ, ye wonnu tem maama jwoori te vaŋe te di wɛyuu.
11Amo laam ma nii a na nɔɔna batɔ ba tu ba zege sɔŋɔ kolo a na zoore to ni ne. Ba ya toŋe-ba Kazaria ne mo pa ba ba. 12Wɛ Sin-laao kom ma ta ko bere-ne we, a yé taa jege boboŋa yalei se a tɔge de-ba a kɛ. Dé nu-bia banto baredo de ma da amo ba vo. Dé maama ma vo dé yi Kazaria, ye dé vo dé zo Kɔnilusi sɔŋɔ kom. 13O ma ta o bere debam we o nɛ Wɛ maleka na tu o sɔŋɔ ka zega ye ka ta ded‑o we, ‘Toŋe nɔɔna se ba vo Jopa ba bwoŋi nɔɔno wodwoŋi o yere na ye Simon Piita to se o ba. 14Wonto ná tua, o laam wó ŋɔɔne taane de nmo se ko pa nmo de n sɔŋɔ tiina bam maama na verem.’
15Tɔ. Amo laam ma bobo se a ŋɔɔne de-ba. A na wora a ŋɔɔne konto to, Wɛ Sin-laao kom ma tu ko ba ba tei, nenɛɛne ko na bobo ko ba debam tei tei to. 16Amo laam ma guli dé Teiru wom déem na tage tei we, ‘Jɔn déem kwei na mo o ma pa nɔɔna sɛɛm. Ko nam ná ye abam, Wɛ wó tɔge o Sin-laao kom ŋwaane mo o pa abam sɛɛm.’ 17Ko seene ko ye chega mo we, Wɛ pɛ dwi-gɛ tiina banto o pɛɛre dem ne o na maŋe o pa debam de maŋa kalo dé na ke dé wo-dedoa dé sɛ dé Teiru Yezu Krista to. Ko maama ye bedwe mo. Konto to, amo ya wó kwaane se a cheiŋi Wɛ na?”
18Piita na tage konto ye ba ni to, ba ma yage taane dem ye ba daare ba tei Wɛ. Ba maa we, “Wɛ seene o pa dwi-gɛ tiina bam de chwoŋa se ba leiri ba wo ye ba daare ba na o ŋwe-doŋa kam.”
Yezu kɔgɔ kolo na wo Antioka ne to taane
19Maŋa kam ba déem na go Stiiven to, Yezu tɔgena bam nɛ yaara nɔɔna tei ne pa se ba jage da yiga ne. Balo na jage to badwonna ma vo ba yi Fonikia, de Kupirus, de Antioka. Ba na beeri konto to, ba yeini ba tɛ Wɛ kwora kam ba bere Juu tiina yerane. 20Ko daare Yezu tɔgena badaara na nwoŋi Kupirus de Kurene to ma zaŋe ba vo Antioka ba ta dé Teiru Yezu kwor-ywoŋa kam ba bere dwi-gɛ tiina de. 21Baŋa Wɛ dam maa wo ba tei ne. Nɔɔna dedɛ ma ke ba wo-dedoa ba sɛ dé Teiru wom ye ba daare ba tɔge‑o.
22Yezu kɔgɔ kolo na wo Jerusalem ne to ma ni kolo na ke to. Ba ma toŋe Banabas se o vo Antioka o nii. 23O na vei o yi da to, o ma na Wɛ na seene o ke nɔɔna bam zaane tei to. O maa jege wopwolo lanyerane. O ma kwoori ba maama se ba taa tɔge dé Teiru wom de ba wo maama se ba yé zaŋe ba yage.
24Banabas maa ye nɔn-ŋom. O maa tiini o jege wo-dedoa de Yezu, ye Wɛ Sin-laao kom wo o tei ne de dam. Nɔɔna dedɛ déem ma ba ba sɛ dé Teiru wom ye ba woli o kɔgɔ kom wone.
25Banabas laam ma zaŋe o vo Tasusi se o beeri Sɔɔl jei. 26O na vei o na‑o to, o ma ja‑o o jwoori Antioka. Ba na wora to, ba maa yeini ba woli daane ba bere Yezu kɔgɔ kom. Ba ke konto taa se ko yi bene, ye nɔɔna balo ba na bere to daga dedɛ. Ko ye Antioka ne mo ba bobo se ba bwoŋi Yezu tɔgena bam we Krista bia.
27Da yam konto ne Wɛ ni-jwoŋina badwonna na tɔɔle o kwora to ma zege Jerusalem ne ba vo Antioka. 28Ba dedoa yere mo Agabu. Wɛ Sin-laao kom ma pa se o ta Wɛ kwora kam we, kana lage ka ba ka zo logo baŋa maama. Ko déem seene ko ke konto mo maŋa kalo Kaludu na di paare to. 29Yezu tɔgena bam na nigi konto to, ba boboŋa ma ja se ba la sabu ba ma woli ba nu-bia balo na zoore Judea ne to. Ba dedoa dedoa ma sɛ se o pa ne o na wó wane tei to. 30Ba ma seene ba ke konto. Sabu kolo ba na lage to mo ba ke Banabas de Sɔɔl jeŋa ne se ba kwei ba ja vo Jerusalem ba pa Yezu kɔgɔ kom nakwa bam.",https://www.bible.com/bible/3661/ACT.11.KBG
KIKIA 12,"Wɛ maleka vere Piita Herodi jeŋa ne
1Maŋa kam konto ne Pɛ Herodi ma zaŋe o ja Yezu kɔgɔ kom nɔɔna badwonna se o pa ba na yaara. 2O ma ja Jemsi wolo na ye Jɔn zembaaro to o pa ba go‑o de se-zɔɔ. 3O na ke konto to, o ma lɔre we ko pwoli Juu tiina bam wo lanyerane. O ta ma fɔge o zege ye o ja Piita. Ko maa ye Bworobworo-memene kuri dim maŋa ne mo, ba na yeini ba di bworobworo kolo na ba jege sabɔle to. 4O na jaane Piita konto to, o ma ke‑o peena diga ne, ye o pa se soja tiina bana bana kuri bena yere‑o ba leini daane. Herodi déem maa lage se Atɔgebabaŋa kuri dem ná kɛ de daare, se o laam pa ba ja Piita ba nwoŋi se o di o taane nɔɔna maama yiga ne. 5Konto ŋwaane Piita maa wo peena diga kam ne taa, ye Yezu kɔgɔ kom nɔɔna bam maa tiini ba lwoori Wɛ ba pa‑o.
6Ko déem ma yi tete delo tega na wó poore se Herodi pa Piita nwoŋi pwooni se o di o taane to. Piita maa tigi soja tiina balei tetare ne o dɔa. Ba ya vɔge‑o de chaponno telei mo, jazem de jagwia. Soja tiina badwonna de wo peena diga kam ni ne ba yera. 7Baŋa Wɛ maleka laam ma pɔpɔ ka ba ka zege da. Pwooni ma su diga kam. Maleka kam ma pepage Piita yera ka pa o zaŋe ye ka ta ka we, “Ke lela n zaŋe wɛɛne!”
Chaponno tem ma kɔ Piita jea ne te to tega ne. 8Maleka kam ma ta‑o ka we, “Faŋe n zo n gɔrɔ kom de n natera yam.” O ma seene o ke konto. Ka daa ma ta ka we, “Vɔ n gɔrɔ kom se n daare n ta‑n tɔge-ne.”
9Piita ma tɔge o kwaga o nwoŋi peena diga kam wone. O maa yeiri maleka kam na ke kolo to ye chega mo naa vwa mo. O maa boŋe we o dwɛ mo. 10Ba ma vo ba tɔge jei selo soja tiina bam na wora ba yere to. Ba ma da yiga de kwaga jei sem ba kɛ. Ba ma daare ba vo ba yi luu-bworo kolo na pore ko vei teo kom wo to. Bworo kom tete ma pore ye ba kɛ ba nwoŋi. Ba ma kwei chwoŋa ba vei ba maa kɛa. Maleka kam laam ma pɔpɔ ka viiri ka daare Piita.
11Piita boboŋa laam ma jwoori. O ma ta o we, “Amo laam lɔre we konto ye chega mo. Wɛ seene o toŋe o maleka mo ye o daare o jwoŋi-ne Herodi jeŋa ne o yage, se Juu tiina bam daa yé wane ba ke amo ne ba na boŋe tei to.”
12Piita na maane ko na ye tei to, o ma vo Mary ba sɔŋɔ. Wonto maa ye Jɔn Maake nu. Nɔɔna dedɛ déem mo tigisi daane sɔŋɔ kom ne ba wora ba ware Wɛ. 13O ma vo o yi pwooni yiga bworo kom o mage. Ka-nyaane maa wo sɔŋɔ kom ne, o yere mo Roda. O ma vo se o nii wɔ mo maga. 14O na vei to, o ma lɔre Piita kwora kam. O maa tiini o jege wopwolo lanyerane pa se o duri o jwoori ye o wo pore bworo kom. O ma vo o ta de nɔɔna bam we Piita mo zege manchwoŋo ne. 15Ba ma leiri‑o ba we, o chwo mo. O ma chem ye o ta o we, ko seene ko ye chega mo. Ba daa ma leiri ba we, ko wó taa ye o tete maleka mo.
16Ko na wora ko ke konto to, Piita maa mage bworo kom taa. Ba laam ma ba ba pore. Ba na nɛ‑o to, ko ma tiini ko ke-ba yaau. 17O ma zeiŋi o jea se ba cheigi sɔɔ. O ma daare o maŋe dé Teiru wom na ke tei o ja‑o o nwoŋi peena diga kam ne tei to. O daa ma ta-ba o we, ba véi ba ta kolo na ke to ba bere Jemsi de ba nu-bia bam maama. O laam ma yage-ba ye o vo jei sedwoŋi.
18Tega na poore tetete to, soja tiina balo ya na jege Piita ba yere to ma kɔre foone dedɛ ye ba boboŋa vugimi. Ba ma bwei daane ba we, “Bɛ mo ke ye Piita tera?” 19Herodi ma yage ni se ba kwaane ba beeri o jei. Ba ma beeri taa ba ga. Herodi ma bwei soja tiina bam taane o nii, ye o daare o pa se ba go-ba.
Konto na ke ko kɛ to, Herodi ma zaŋe Judea ne o vo Kazaria o zoore da.
Ko na ke tei ye Herodi te to
20Herodi bane déem tiini de zaŋe Tura de Sidon tiina baŋa ne. Jei sem nɔɔna bam ma zaŋe ba la kɔgɔ se ba vo ba kwoori Herodi se o yage. Herodi déem jege dedɛɛro wolo na nii o sɔŋɔ kom baŋa ne, o yere mo Bilasitu. Nɔɔna bam ma bobo ba di badwoŋo dedaane wonto, ye ba daare ba vo Herodi tei ba ŋɔɔne ded‑o se o yage o ban-zɔŋɔ kom. Ba déem lage ni-sɛɛm ba tete teo kom na yeini ko jwoŋi ko wodiiru pɛ wom teo kom ne to ŋwaane. 21Ba ma tiŋi dɛ se ba jeini daane ba ŋɔɔne taane dem.
Dɛ dem na yi to, Herodi ma kwei o paare zela yam o zo. O laam ma jeini o paare yituŋu kom baŋa ne se o ŋɔɔne de nɔɔna bam. 22O kwora na zaŋe ye o ŋɔɔne de-ba konto to, nɔɔna bam ma ta baŋa baŋa ba we, “Ko ye wɛ dedwoŋi mo ŋɔɔna, se ko dae nabiinu yerane.” 23Herodi na sɛ ba zula yam ye o wo pɛ se ba zuli Wɛ chekke to, Baŋa Wɛ maleka ma pa se jaweo ja‑o lela. Kanzwa ma zo o wo ya di‑o ya go.
24Wɛ kwora kam déem ma jage jei maama ye nɔɔna dedɛ sɛ-ka. 25Banabas de Sɔɔl ma ti totoŋe delo ba na vei Jerusalem se ba ke to. Ba laam ma ja Jɔn Maake ba woli ba tete ne ye ba nwoŋi Jerusalem ba jwoori ba vo Antioka.",https://www.bible.com/bible/3661/ACT.12.KBG
KIKIA 13,"Yezu kɔgɔ kom le Banabas de Sɔɔl
1Yezu kɔgɔ kolo déem na wo Antioka ne to maa jege Wɛ ni-jwoŋina balo na wae ba tɔɔle Wɛ kwora ye ba bere o chega kam to ba wone. Banto mo ye Banabas, de Simeon wolo ba na bwoi we nazwono to, de Kurene tu Lukius, de Manayan wolo déem na ye yuudwoŋo dedaane gɔmena tu Pɛ Herodi to, dedaane Sɔɔl. 2Dɛ dedwe ba maa wora ba ke kolo na wó pa Baŋa Wɛ zula to, ye ba ta kwori ba vɔ ba nia Wɛ ŋwaane. Wɛ Sin-laao kom laam ma ta ko bere-ba we, “Abam jege se á le Banabas de Sɔɔl amo ŋwaane se ba taa ke totoŋe delo amo na maŋe a kuri-ba se ba ke to.”
3Yezu nɔɔna bam na nigi konto to, ba daa ta ma vɔ ba nia ye ba lwoori Wɛ ba pa-ba. Ba ma daare ba daŋe ba jea ba baŋa ne, ye ba laam bane-ba pa ba viiri.
4Wɛ Sin-laao kom déem na pɛ Banabas de Sɔɔl zaŋe ba kɛ konto to, ba ma vo ba yi Selukia. Ba ma zo nabworo ba tɔge naneo kom wo ba vo ba bɛ ba yi Kupirus. 5Ba ma vo ba zo Kupirus teo kodwoŋi, ko yere mo Salamis. Ba na wora to, ba maa zoore Juu tiina jeerim di sem ba bere Wɛ taane. Jɔn Maake maa wo ba tei ne o woli-ba.
6Ba ma zaŋe Salamis ne ba tole jei sem maama ba kɛ. Ba ma vo ba yi Pafos. Ba ma jeeri liri tu wodwoŋi dáane, o yere mo Ba-yezu, ye o ye Juu tu. O déem pɛ se o ye Wɛ sampwora mo ye o dae. 7O maa ye gɔmena tu Sɛgiu Pɔɔla kwaga nɔɔno mo. Gɔmena tu wom maa ye yi-pore-nyem. O ma bwoŋi Banabas de Sɔɔl se ba ba o tei. O maa lage se o ni Wɛ kwora kam. 8Liri tu wom ma zaŋe o wora o tɔne ba berem dem. O maa kwaane se o che gɔmena tu wom se o yé sɛ Wɛ chega kam. Liri tu wom yere dedwoŋi mo ye Elumas de Girisi tiina taane dem. 9Sɔɔl yere dedwoŋi daa ta maa ye Pɔɔl. Wɛ Sin-laao kom maa wo o tei ne ye ko dam su‑o lanyerane. O ma yɔɔre o nii liri tu wom ye o we, 10“Nmo ye setaana pɛ jeŋa nɔɔno mo. Nmo chuli wonnu telo maama na lana to. Nmo kwaane se n ma n swa n gane nɔɔna mo. Nmo yeini n kwaane se n pipiri dé Teiru wom chega kam se ko taa ye vwa. 11Nii, Baŋa Wɛ wó ba o waare nmo de o je-dɛa leile konto. Nmo wó ba n ji lilwei ye n daa‑n bá‑n na wea pwooni se ko taa vei maŋa kalo Wɛ na lage to.”
O na tage konto to, bedwe baŋa ne mo Yɛlumas yia yam dwei ya ji lim yerane. O maa kare o kekara ye o lage vaŋeno se o ja o jeŋa. 12Gɔmena tu wom ma na kolo na ke to. O laam ma ba o ke o wo-dedoa de Yezu. Dé Teiru wom chega kam ba na bere‑o to ma kagele‑o.
13Pɔɔl de o badwonna bam laam ma zaŋe Pafos ne ba zo nabworo ba vo ba yi Panfilia teo kodwoŋi, ko yere mo Pɛɛga. Jɔn Maake ma yage-ba dáane ye o daare o jwoori Jerusalem. 14Ba daa maa zege Pɛɛga ne ba vo Antioka kolo na wo Pisidia ne to. Juu tiina siu dɛ dem na yi to, ba ma vo ba zo ba jeerim diga kam wo ba jei da. 15Nɔɔna ma zaŋe ba ga Moses de faŋa faŋa Wɛ sampwori sem twanno tem wone. Ba na gage ba ti to, ba yiga tiina bam ma toŋe ni ba pa Pɔɔl ba ye ba we, “Dé nu-bia bam, abam ná jege taane delo na wó fɔge nɔɔna bam to, se á zaŋe á ta.” 16Pɔɔl ma zaŋe wɛɛne o zeiŋi o jeŋa ba baŋa ne, ye o laam daare o ta o we:
“Amo dwonna Isarele dwi tiina bam dedaane dwi-gɛ tiina balo na tu á sɛ Wɛ to, cheigi-na amo. 17Isarele tiina bam Wɛ wom déem le dé nabaara bam se ba taa ye o nyem. Maŋa kam ba déem na ye veira Ejipti ne to mo Wɛ pɛ se ba puli lanyerane. O ma daare o ma o tete je-dɛa kam o le-ba pa ba nwoŋi teo kom konto ne. 18Ba na beeri kagoa yuu ne taa, bena finna to, o ma peene o bane de-ba. 19Ba na zo Kanaan to, o ma pa se logo kom dwia yera yera kuni berepɛ na chɔgem, ye o daare o pa se o tete nɔɔna Isarele tiina bam taa tei tega kam konto. 20Konto keim dem maama ye nenɛɛne bena bia yana de finnu (450) mo.
Konto kwaga ne, Wɛ laam ma kuri dedɛɛra o pa-ba ye banto tei-ba taa, se ko yi maŋa kam o sampwora Samuwel na tu o ba o tei-ba to. 21Nɔɔna bam laam ma lwoori Samuwel se o tiŋi pɛ o pa-ba. Wɛ ma tiŋi Benjamin dwi tu dedoa o pa-ba, o yere mo Sɔɔl. O maa ye Kisi bu. O ma di paare bena finna. 22Wɛ déem ma ba o le Sɔɔl paare dem wone, ye o daare o pa se David ji ba pɛ. Wɛ déem tage wonto taane o we, ‘Ko ná ye Jesse bu David, o ye nɔɔno wolo kikia na dɛ amo wo to. Wonto wó ke kolo maama a boboŋa na lage to.’
23Ko maa ye wonto dwi dem wone mo Wɛ pɛ Yezu zaŋe o ba. Wɛ ma tɔge ni delo o na tiŋi o pa o nɔɔna bam to o pa Yezu ba o ji debam Isarele tiina bam Vereno. 24Maŋa kam Yezu ta na wo bobo o totoŋa yam to, Jɔn déem mo bere Isarele tiina bam maama o we, ba leiri ba wo de ba wɛleera yam, se ba daare ba jwoŋi sɛɛm Wɛ ŋwaane. 25Ko ta na daare fenfee se Jɔn ti o totoŋa yam to, o ma bwei nɔɔna bam o we, ‘Abam boŋe we amo ye wɔ mo? Amo dae wolo wom á na jege o teena to. Wonto nam lage o saŋe amo kwaga o ba, ye amo wo maŋe se a bwoli o nɛ natera de.’
26Amo nu-bia bam, Abaraham dwi tiina, de dwi-gɛ tiina balo na tu á kɔre Wɛ to, ko ye debam mo Wɛ pɛ se dé ni o taane dem konto se dé wane dé lɔre o na lage o jwoŋi debam o yage tei to. 27Jerusalem tiina bam de ba yiga tiina bam nam wo lɔre Yezu na ye wolo to. Ko daa ta ná ye wonnu telo Wɛ sampwori sem na popone ba tiŋi ye nɔɔna yeini ba gare-te ba siu da yam maama ne to, ba ba ni wonnu tento kuri de. Ba nam na pɛ se Yezu na chɔgem to, ko pɛ se Wɛ sampwori sem na popone kolo to seene ko ji chega. 28Ba maa wo nɛ taane delo na wó pa se ba go‑o to. De konto de, ba ta ma lwoori Pilata se o pa o te. 29Ba ma ke kolo maama na maŋe ko popone Wɛ tɔnɔ kom ne ye ko ta o taane to ba ti. O na tege to, ba laam ma pare‑o dagara kam yuu ne ba daare ba ke‑o yibeeli wone. 30Wɛ laam ma pa o bi toone wone. 31O maa wora da kɔgɔ kɔgɔ. O na wora to, kuni dedɛ mo o veere o tete o tɔgena bam yia ne. Balo ya na tɔge ded‑o Galili ne ba beeri ba vo Jerusalem to mo konto. Banto laam zege o chega kam kwaga ne ba pa debam Isarele tiina bam.
32Debam laam tu abam tei se dé ta Wɛ kwor-ywoŋa kam dé bere abam. Ko maa ye we, Wɛ déem na pwooli de dé nabaara bam we o wó ke kolo to mo 33o laam seene o ke o pa debam balo na ye ba naaro to. Ko ye o bi Yezu toone wone mo konto. Ko ta ye nenɛɛne ko na maŋe ko popone Wɛ Seinim Lei tɔnɔ belei tu wone to ye ko we:
‘Nmo mo ye amo Bu,
ye zem amo de ji nmo Kwo.’
34Wɛ tɔnɔ kom daa ta bere Wɛ na wó bi‑o toone wone pa se o yera daa bá pɔ to. Ko maa we:
‘Amo wó pa se n na wo-laaro telo na ye chekke
ye a maŋe a tiŋi ni se a pa David na-te to.’
35Wɛ tɔnɔ kom jei sedwoŋi ne ko popone we:
‘Nmo bá‑n sɛ se n tete Wo-pwoŋo Tu wom yera pɔ.’
36Ko nam ná ye David tete, wonto déem toŋe Wɛ totoŋa yam maŋa kalo o na ŋwe to ye o laam ba o te. Ba ma kwei‑o ba suli o nabaara bam tei ne. O yera ma seene ya pɔ. 37Ko daare wolo wom Wɛ na pɛ o bi toone wone to, wonto yera nam wo pɔge kɔtaa.
38A nu-bia bam, abam jege se á lɔre we ko ye Yezu ŋwaane mo dé jege chwoŋa se dé bere abam we, Wɛ wó wane o yage á wɛleera o ma chɛ abam. 39Wɛ nia yalo o na ke Moses jeŋa ne to ware ya pa á wɛleera yam saare. Ko daare wolo maama na ke o wo-dedoa de Yezu to wó na bora Wɛ tei ne, de o wɛleera yam maama na saare wonto ŋwaane to. 40Nam ta‑á yei-na á tete ni ne, se lɛɛro telo Wɛ sampwori sem na popone te taane to yé seene te ke abam baŋa ne. 41Ba déem we:
‘Nii-na, wɛ-lwɛɛna bam,
abam yera wó sɔɔre ye á daare á te.
Kolo ŋwaane amo lage a ke woŋo abam da yam wone,
ye nɔɔno ná maŋe o bere abam ko kuri tei maama de,
á bá sɛ we ko ye chega’ ”
42Pɔɔl na tage konto o ti to, o de Banabas ma zaŋe se ba nwoŋi jeerim diga kam wone. Ba na lage ba viiri to, nɔɔna bam ma ta de-ba se ba jwoori ba siu dɛ dedwoŋi dem ne, se ba daa ta wonnu tem konto taane. 43Nɔɔna bam ma zaŋe ba jage se ba vo sam. Ba dedɛ ma tɔge Pɔɔl de Banabas, Juu tiina de dwi-gɛ tiina balo na tu ba sɛ Wɛ to de. Pɔɔl de Banabas maa tɛ de nɔɔna bam se ba taa kwaane ba dale Wɛ, de zaane delo o na ke ba yuu ne to.
44Ba siu dɛ dem ma jwoori de yi. Nɔɔna dedɛ ma la daane se ba cheigi Baŋa Wɛ kwora kam. Ko déem nye de ko ye teo kom nɔɔna maama mo jeeri da. 45Juu tiina bam na nɛ kɔgɔ kom na su jei sem maama to, ba maa tiini ba jege puseŋa de-ba. Ba ma yaale Pɔɔl na tɛ kolo to ye ba kwori ba twe‑o. 46Pɔɔl de Banabas laam fɔge ba ŋɔɔne de baare ye ba we, “Dé ya jege se dé bobo abam tei ne mo dé ŋɔɔne Wɛ kwora kam. Abam nam na maŋe á wo sɛ-ka to, ko bere we á ba boŋe se á maŋe de Wɛ ŋwe-doŋa kam. Konto ŋwaane mo dé laam wó vo dwi-gɛ tiina bam tei dé daare abam. 47Dé Teiru Baŋa Wɛ na pɛ debam o ni tei to mo tento:
‘Amo tiŋi nmo se n ji pwooni
n nye dwi-gɛ tiina bam baŋa ne,
se n wane n pa nabiina na verem
logo baŋa jei maama ne.’ ”
48 Dwi-gɛ tiina balo na wora to na nigi konto to, ba maa jege wopwolo ye ba pa se Baŋa Wɛ kwora kam jege dam. Balo maama Wɛ na kuri se ba na o ŋwe-doŋa kam to mo seene ba ke ba wo-dedoa de Yezu.
49Baŋa Wɛ kwora kam ma jage laŋa kam konto maama wone. 50Ko daare Juu tiina bam ma kwaane ba pa se nɔɔna bane zaŋe de Pɔɔl de Banabas. Ko ná ye kaana balo jeŋa na gare ye ba kɔre Wɛ to, de teo kom dedɛɛra bam, ba déem pɛ se ba yaare Pɔɔl de Banabas, ye ba daare ba zeili-ba pa ba nwoŋi ba teo kom ne. 51Ko na ke-ba konto to, Pɔɔl de Banabas ma kokɔge ba nɛ fwogo kom ba yage da se ba kaane nɔɔna bam. Ba laam ma daare ba vo Ikonium. 52Yezu tɔgena bam déem tiini ba di ywoni. Wɛ Sin-laao kom maa wo ba tei ne ko su-ba lanyerane.",https://www.bible.com/bible/3661/ACT.13.KBG
KIKIA 14,"Ko na ke tei Ikonium ne
1Pɔɔl de Banabas déem ma vo ba yi Ikonium. Ba na wora to, ba yeini ba vei Juu tiina jeerim diga kam, ye ko ke-ba ne ko na maŋe ko ke tei to. Ba déem ŋɔɔne Wɛ taane dem ba bere nɔɔna bam pa se ba dedɛ ke ba wo-dedoa de Yezu, Juu tiina de dwi-gɛ tiina de. 2Ko daare Juu tiina badwonna ve Wɛ taane dem. Banto ma zaŋe ba vugimi dwi-gɛ tiina bam boboŋa pa se ba wo chɔge de Yezu nɔɔna bam. 3Pɔɔl de Banabas maa zoore da taa se ko dáane. Ba na wora konto to, ba maa ŋɔɔne dé Teiru wom taane de baare. Ba maa tɛ dé Teiru wom na ke nɔɔna zaane tei to, ye o zege ba taane dem kwaga ne de o na pɛ-ba dam se ba taa ke wo-kenkagela de maana tei to. 4Teo kom nɔɔna bam maama déem pɔɔre belei mo. Ba badaara tɔge Juu tiina bam mo, ye badaara bam de maa tɔge Yezu totoŋa nakwa bam.
5 Dwi-gɛ tiina de Juu tiina badwonna boboŋa laam ma ja se ba tɔge dedaane ba yiga tiina bam ba ke lwarem ba pa Yezu tontoŋena bam, se ba dole-ba de kandwa ba go. 6Ba na lɔre ko ni ne to, ba ma duri ba vo Lukayonia teene Lustera de Dɛɛbe, de de nawuura yam. 7Ba na wora to, ba ma yɔɔre ba tɔɔle Wɛ kwor-ywoŋa kam.
Ko na ke tei Lustera ne
8Nɔɔno déem mo wo Lustera ne ye o nɛ sem gwarege. Ko zege o lora maŋa ne o maŋe o ye gɔrɔ mo, o ware o vo. 9O déem maa tɔge o jei o cheigi Pɔɔl na ŋɔɔne taane delo to. Pɔɔl ma yɔɔre o nii‑o ye o lɔre we o jege wo-dedoa de Yezu se o wane o na yazura. 10O laam ma ta de kwor-dɛa o we, “Zaŋe wɛɛne n zege n nɛ sem baŋa ne yɔm!” O na tage konto to, gɔrɔ kom ma zaŋe wɛɛne o faŋe o chu ye o bobo veiŋa. 11Nɔn-kɔgɔ kom na nɛ kolo Pɔɔl na ke to, ba ma tiini ba ŋɔɔne baŋa baŋa de ba tete teo kom taane dem ba we, “Ko ye debam wa yam mo jigi nabiina ya tu ya ba debam tei.” 12Ba ma pa Banabas yere we Zeusa. Pɔɔl de yere maa ye Hɛmesi, kolo ŋwaane ko ye wonto ya mo ŋɔɔne taane dem.
13Ba déem maa jege diga ba teo kom manchwoŋo ni ne ba na yeini ba kaane ba wɛ Zeusa da to. Ba kaanem yuu tu wom ma zaŋe o ja nabɛ de teeni punnu telo ba na sɔge to o ba o zege teo kom ni dem ne. Wonto dedaane nɔn-kɔgɔ kom maama déem maa lage se ba go nabɛ sem ba ma kaane Yezu nɔɔna bam. 14Yezu totoŋa nakwa Banabas de Pɔɔl ma lɔre ba na boŋe se ba ke tei to. Ba wo ma chɔge dedɛ. Ba ma ja ba tete gwaaro tem ba kaare kaare, ye ba daare ba duri lela ba zo nɔn-kɔgɔ kom wo. Ba maa tɛ baŋa baŋa ba we, 15“Nɔɔna bam, bɛ mo ye abam lage á ke konto? Debam ye nabiina mo, ne abam tete tei. Debam nam tu ywoba seeni se dé tɔɔle Wɛ kwor-ywoŋa kam mo dé bere abam, se ko pa á yage jwona kaanem, se á daare á ta‑á tɔge ŋwea tu Baŋa Wɛ. Wonto mo ke wɛyuu, de tega baŋa, de naneo kom, de wonnu telo maama na wo te wone to. 16Faŋa to Wɛ déem yage chwoŋa o pa logo baŋa dwi maama tiina se ba taa tɔge chwei selo ba na lage to. 17De konto de o ta yeini o ke abam lanyerane se ko pa á lɔre we o ye Wɛ chekke. O yeini o pa se doa nena ye wodiiru ke te maŋa ne. O maa pae abam wodiu ye á di, ye o pa se á na ywoni á bochara ne lanyerane.”
18Pɔɔl na tage konto to, ko ya gɛ fenfee mo se nɔɔna bam kwei wonnu tem ba ma kaane-ba, ye ba laam yage.
19Juu tiina badwonna ya nwoŋi Pisidia teo Antioka mo ba ba. Badaara de ma nwoŋi Ikonium ba ba. Banto ma pa se kɔgɔ kom maama boboŋa leiri de Pɔɔl. Ba laam ma dole‑o de kandwa ye ba daare ba tuuri‑o ba ja nwoŋi teo kom wone. Ba ya boŋe we o tege mo. 20Yezu tɔgena bam laam ma vo ba gilimi‑o. O ma zaŋe ba tetare ne o jwoori o zo teo kom wo. Tega na poore to, o ma tɔge dedaane Banabas ye ba vo Dɛɛbe.
Ba jwoori ba vo Antioka
21Pɔɔl de Banabas na wo Dɛɛbe ne to, ba ma tɔɔle Wɛ kwor-ywoŋa kam ba bere nɔɔna pa se ba dedɛ ji Yezu tɔgena. Ba daa ma jwoori ba vo Lustera de Ikonium, ye ba daare ba kɛ ba yi Antioka kolo na wo Pisidia wone to. 22Ba na maa vei konto to, ba ma pa se balo maama na ye Yezu tɔgena to boboŋa su de baare, ye ba kwoori-ba se ba fɔge ba taa tɔge Wɛ chega kam, se ba yé yage-ka. Ba ta ma bere-ba we, “Debam balo maama na sɛ Yezu to jege se dé na yaara dedɛ mo se dé daare dé zo Wɛ woro kom wo.”
23Jei selo maama ba na vei to, ba déem le nakwa Yezu kɔgɔ kom wone se ba taa nii-ba. Ba ma yeini ba lwoori Wɛ ba pa nakwa bam ye ba vɔ ba nia Wɛ ŋwaane. Ba tɔge konto dwoŋi mo ba fɔge ba ke nakwa bam dé Teiru wom jeŋa ne, o na ye wolo ba na ke ba wo-dedoa ded‑o to ŋwaane.
24Ba déem ma da Pisidia ni maama ba kɛ. Ba ma vo ba yi Panfilia jei sem. 25Ba na wora to, ba ma vo Pɛɛga ba bere Wɛ kwora kam da, ye ba daare ba vo Atalia. 26Ba laam ma zege dáane ba zo nabworo ba jwoori ba vo Antioka kolo na wo Siria wone to. Ko déem ye konto jei sem ne mo Yezu kɔgɔ kom nɔɔna bam ya kwei-ba ba ke Wɛ jeŋa ne se o ke-ba zaane se ba wane ba vo ba beeri ba toŋe kolo ba laam na tu ba ke ba ti to. 27Ba na yi Antioka to, ba ma pa se Yezu kɔgɔ kom la daane, ye ba laam tole ba bere-ba kolo maama Wɛ na tɔge ba ŋwaane o ke to, de o na pore chwoŋa o pa dwi-gɛ tiina se ba wane ba ke ba wo-dedoa de Yezu to. 28Ba maa zoore Yezu tɔgena bam tei ne taa.",https://www.bible.com/bible/3661/ACT.14.KBG
KIKIA 15,"Yezu kɔgɔ kom ŋɔɔne dwi-gɛ tiina taane
1Nɔɔna badwonna ma zaŋe Judea ne ba vo Antioka. Ba na yi da to, ba maa wora ba bere Yezu nɔɔna bam ba we, “Abam ná wo sɛ á tɔge Moses nia yam na bere tei se á gwoni á peina, á bá wane á na verem.” 2Pɔɔl de Banabas na nigi konto to, ba ma tiini ba mage ni-kantɔgɔ de nɔɔna bam. Konto ŋwaane Yezu kɔgɔ kom nɔɔna bam boboŋa ma ja se ba le Pɔɔl, de Banabas, de nɔɔna badwonna ba wone se ba ja taane dem ba vo Jerusalem ba ke Yezu tontoŋena bam de o totoŋa nakwa bam jea ne.
3Yezu kɔgɔ kom ma bane-ba ye ba kɛ. Ba ma vo ba tɔge Fonikia de Samaria jei sem. Ba na maa vei to, ba maa tɛ dwi-gɛ tiina na pipiri ba sɛ Wɛ tei to ba bere nɔɔna. Yezu tɔgena bam na nigi konto to, ko ma pa se ba maama jege wopwolo lanyerane. 4Ba ma vo ba yi Jerusalem. Yezu kɔgɔ kom maama, de ba nakwa bam, de Yezu totoŋa nakwa bam tete ma jeeri-ba lanyerane. Ba laam ma tole taane dem ba bere-ba Wɛ na dɛ ba ŋwaane o ke kolo to. 5Juu tiina badaara balo na wo Farisi tiina kɔgɔ kom wone ye ba ba ba sɛ Yezu to maa wora. Ba na nigi taane dem to, ba ma zaŋe ba ta ba we, “Nɔɔna banto jege se ba gwoni ba peina mo, se ba kwori ba tɔge Moses nia yam maama.”
6Yezu tontoŋena bam de o kɔgɔ kom nakwa bam ma la daane se ba bwɛ taane dem ba nii. 7Ba na ŋɔɔne konto dwoŋi taa to, Piita ma zaŋe ba wone o ta o we, “A nu-bia bam, abam yei we Wɛ déem kuri amo mo abam wone se a vo dwi-gɛ tiina bam tei se a tɔɔle o kwor-ywoŋa kam a bere-ba se ba daare ba sɛ-ka. 8Wɛ nam yei nabiina bochara na ye tei to. O ma pa-ba o Sin-laao kom, ne o na maŋe o ke o pa debam tei to, se ko bere we o seene o jwoŋi-ba. 9O maa wo pɔɔre banto de debam daane. O fɔge o kwɛ ba bochara ba na ke ba wo-dedoa de Yezu to ŋwaane. 10Konto to, bɛ mo ke ye á boŋe se á maŋe Wɛ á nii de á na lage á pa Yezu tɔgena bam zeiŋi zela yalo na dumma ya dwoi-ba to? Ko ná ye dé nabaara bam naa debam tete, dé ware dé tɔge kikia yanto chwoŋa, ye á lage á pa banto tɔge-ka. 11Ko nam dae konto. Wɛ na jwoŋi debam o yage tei to tɔge dé Teiru Yezu zaane dem ŋwaane de dé na ke dé wo-dedoa ded‑o to mo. Ko ta ye bedwe mo de banto de.”
12Ba kɔgɔ kom maa jei ye ba cheigi sɔɔ se ba ni taane dem. Pɔɔl de Banabas ma zaŋe ba ta Wɛ na dɛ ba baŋa o ke wo-kenkagela de maana dwi-gɛ tiina bam tetare ne tei to. 13Ba na ŋɔɔne ba ti to, Jemsi ma zaŋe o ta o we, “A nu-bia bam, cheigi-na amo. 14Simon Piita maŋe o ta o bere debam Wɛ na bobo o veere o tete dwi-gɛ tiina bam tei ne se o le nɔɔna ba wone se ba taa ye o nyem tei to. 15Wɛ sampwori sem na tɔɔle kwora kalo faŋa faŋa to dedaane keim dento maama ye bedwe mo. Ko popone Wɛ tɔnɔ kom ne we:
16‘Ko kwaga ne amo Wɛ wó jwoori a ba
ye a fɔge a lɔ David sɔŋɔ kom na chɔge to.
Amo wó fɔge a kwɛ ko di-dwonnu tem
pa se ko jwoori ko ji sɔ-doŋo.
17Konto to, nabiina balo na daare to
wó kwaane se ba lɔre amo Baŋa Wɛ.
Dwi-gɛ tiina balo amo na le se ba taa ye amo nyem to
wó ba ba lɔre amo.
Yuu-tu Baŋa Wɛ mo tage konto
ye o pa se wonnu tem seene te ke.
18Faŋa faŋa to o pɛ se nɔɔna lɔre ko ni ne.’ ”
19Jemsi ta ma ta o we, “Konto ŋwaane amo boŋe we, dé ba jege se dé daane dwi-gɛ tiina balo na tu ba sɛ Wɛ to. 20Dé nam na wó ke kolo to mo ye dé wó popone tɔnɔ mo dé pa-ba, ye dé bere-ba we ba yé di wodiu kolo nɔɔna na mɛ ba kaane jwona pa se ko wo maŋe de dim to, se ba daare ba ja ba tete de kabwoŋa kikia maama. Dé wó ta-ba se ba yé di varem wolo ba na jujugi ba go to, de woŋo kolo maama na jege jana to. 21Kokuri ko zege faŋa faŋa ba maŋe ba ga Moses tɔnɔ kom Juu tiina jeerim di sem ne ba siu dɛ maama wone, ye nɔɔna yeini ba bere wonnu telo na popone da to teo maama wone.”
22Ba maama na ŋɔɔne daane konto to, Yezu totoŋa nakwa bam de o kɔgɔ kom nakwa bam boboŋa ma ja se ba le nɔɔna ba wone se ba tɔge de Pɔɔl de Banabas ba vo Antioka. Ba déem ma le nɔɔna balei balo na ye yiga tiina ba dwonna wone to. Ba dedoa yere mo Judas wolo yere dedwoŋi na ye Basaba to. Wodwoŋi wom yere mo Silas. 23Ba ma popone tɔnɔ se ba toŋe-ba de-ko. Ko maa we:
Debam balo na ye á nu-bia to, Yezu totoŋa nakwa bam de o kɔgɔ kom nakwa bam, dé jɔɔne abam, dwi-gɛ tiina balo na tu á sɛ Yezu ye á zoore Antioka ne, de Siria de Kilikia ne to.
24Debam maane we dé kɔgɔ kom nɔɔna badwonna mo zaŋe ba ba abam tei ba daane abam, pa se á boboŋa chɔge de kolo ba na bere abam to. Debam nam wo pɛ-ba chwoŋa se ba ke konto. 25Konto ŋwaane debam maama mo ke ni daane se dé le nɔɔna dé toŋe-ba abam tei ne, se ba tɔge de debam badwoŋ-swonnu Banabas de Pɔɔl ba ba. 26Banto balei ya mo dɛ toone tei ba kɛ de ba na toŋe ba pa dé Teiru Yezu Krista tei to. 27Debam nam mo le Judas de Silas dé toŋe-ba abam tei ne, se ba ba ba fɔge ba ŋɔɔne ba bere abam kolo dé na wora dé popone to. 28Wɛ Sin-laao kom dedaane debam mo jege boboŋe dedwe ye dé sɛ se dé yé daane abam dedɛ. Kolo yerane dé na wó ta de abam to mo tento: 29Á yé zaŋe á di wodiu kolo ba na mɛ ba kaane jwona to. Á yé di woŋo kolo na jege jana to. Á yé di varem wolo ba na jujugi ba go to. Á ja á tete de kabwoŋa kikia maama. Á ná jege á tete de wonnu tento maama, á wó ta‑á ke lanyerane. Wɛ wó pa abam yazura.
30Ba na popone konto ba ti to, ba laam ma toŋe nɔɔna bam se ba kwei tɔnɔ kom ba ja ba vo Antioka. Ba na yi da to, ba ma la ba kɔgɔ kom maama daane ye ba daare ba pa-ba tɔnɔ kom se ba ga. 31Nɔɔna bam na gage-ko to, ba maa jege wopwolo lanyerane de ko na fɔge ba boboŋa tei to. 32Judas de Silas maŋe ba ye balo na wae ba tɔɔle Wɛ kwora kam to. Ba déem tiini ba ŋɔɔne de nɔɔna bam pa se ba na pu-dɛa de baare. 33Ba na dáane ba tei ne konto to, Yezu kɔgɔ kom nɔɔna bam ma bane-ba pa ba jwoori ba vo balo na toŋe-ba to tei de yazura. [34Silas boboŋa ma ja se o maŋe jei sem konto ne.]
35Ko daare Pɔɔl de Banabas ma maŋe Antioka ne ba dáane da fenfee. Ba déem maa tɔge de nɔɔna dedɛ ba tɔɔle dé Teiru wom kwora kam ye ba bere Wɛ chega kam.
Pɔɔl de Banabas pɔɔre daane
36Ko na wora ko wora to, Pɔɔl ma ta de Banabas o we, “Pa se dé jwoori dé vo dé nii dé nu-bia bam teo maama wone dé na maŋe dé tɔɔle dé Teiru wom kwora kam mɛ to, se dé nii ko na ke-ba tei to.” 37Banabas ma sɛ ye o lage se Jɔn Maake taa tɔge dedaane-ba o toŋa. 38Pɔɔl ma boŋe we ko wo maŋe se ba ja‑o ba woli ba wone, kolo ŋwaane maŋa kalo ba déem na wo Panfilia ne to wonto yage-ba mo ye o daa ba tɔge-ba o toŋa. 39Ba ma tiini ba mage ni-kantɔgɔ daane pa se ba pwɛ da-tei ne. Banabas ma ja Maake ye ba vo ba zo nabworo se ba vo Kupirus. 40Pɔɔl de ma kuri Silas se ba tɔge daane ba kɛ. Yezu kɔgɔ kom nɔɔna bam ma ke‑o dé Teiru wom jeŋa ne se o pa‑o zaane. O laam ma zaŋe o kɛ. 41O ma tɔge Siria de Kilikia wo, ye o pa se wɛ-di sem nɔɔna fɔge ba zege de dam.",https://www.bible.com/bible/3661/ACT.15.KBG
KIKIA 16,"Pɔɔl de Silas de Timoti bere Wɛ chega kam
1Pɔɔl daa ta ma beeri o vo o yi Dɛɛbe de Lustera. Yezu tɔgeno wodwoŋi maa wora, o yere mo Timoti. O nu maa ye Juu tu ye o de sɛ Yezu. O kwo maa ye Girisi tu. 2Yezu kɔgɔ kom nɔɔna balo na zoore Lustera ne de Ikonium ne to maa pae o ye nɔn-ŋom lanyerane. 3Pɔɔl maa lage se o ja‑o se ba tɔge daane ba taa beera. Juu tiina balo maama na zoore jei sem konto ne to maa yei we Timoti kwo ye Girisi tu mo. Konto ŋwaane Pɔɔl ma pa se o gwoni o peini ne Moses déem na bere Juu tiina bam se ba taa ke tei to. 4Ba laam ma zaŋe ba vo ba tole teene dem se ba nii Yezu kɔgɔ kom nɔɔna maama. Ba na beeri konto to, ba ma bere-ba nia yalo Yezu totoŋa nakwa bam de o kɔgɔ kom nakwa bam na tage Jerusalem ne to. Ba ma kwoori-ba se ba taa tɔge nia yam konto. 5Konto mo wɛ-di sem nɔɔna bam déem nɛ dam de ba Wɛ chwoŋa tɔgem, ye dɛ maama ba kɔgɔ kom puli ko ke da.
6Pɔɔl de o dwonna bam daa ma vo ba tole Firijia de Galatia te-nia yam wone, kokuri Wɛ Sin-laao kom déem mo chege-ba se ba yé vei ba bere Wɛ kwora kam Asia teene dem wone. 7Ba ma vo ba yi Musia siseini dem ni. Ba ma kwaane se ba zo Bitunia wo. Yezu Sin-laao kom maa wo pɛ-ba chwoŋa se ba zo da. 8Ba na kwaane ba ga konto to, ba ma yɔɔre ba tɔge Musia wo ba kɛ, ye ba vo ba yi Torase. 9Ba na yi da ye tega yi to, Pɔɔl ma dwɛ o na nɔɔno na zege o yiga ne. O maa ye Makedonia tu mo. O ma lwoori Pɔɔl o we, “Popo, zaŋe n tɔge naneo kom wo n bɛ se n woli debam Makedonia ne.”
10Pɔɔl na dwɛ konto to, debam ma ke lela dé ke siri se dé vo Makedonia, kolo ŋwaane dé maane we ko ye Wɛ mo bwoŋi debam se dé vo dé tɔɔle Wɛ kwor-ywoŋa kam dé bere nɔɔna jei sem konto ne.
11Dé laam ma kwei nabworo Torase ne dé yɔɔre dé vo dé yi Samotaraka. Tega na poore to, dé daa ma zaŋe dé tɔge naneo kom dé vo Niyapola. 12Dé laam ma zege dáane dé vo tega ne dé vo dé yi Filipi. Teo kom konto ye Makedonia kateiri dem teo kamunu mo. Rom tiina bam maa tei-ko. Dé ma ke da kɔgɔ kɔgɔ teo kom konto ne.
13Juu tiina siu dɛ dem na yi to, dé ma nwoŋi teo kom wo dé vo buga ni. Dé ya boŋe we jeiga wó taa wora dáane Juu tiina bam na yeini ba ware Wɛ da to. Dé na nɛ to, dé ma jeini tega ne ye dé ŋɔɔne de kaana balo na lage daane jei sem ne to. 14Kaane wodwoŋi déem tɔge o wora, o yere mo Lidia. O nwoŋi Tuatera mo, ye o kɔre Wɛ lanyerane. O maa jege gwaaro telo na tiini te jege nenɔŋa to o yeiga. Dé Teiru wom ma pa se o bochare sɛ wonnu telo Pɔɔl na jege o tɛ to. 15O déem ma ba o jwoŋi sɛɛm Yezu ŋwaane, de o sɔŋɔ tiina de. O laam ma zaŋe o lwoori debam o we, “Abam na sɛ we amo seene a ke a wo-dedoa dedaane dé Teiru Yezu to, se á ba á ta‑á zoore debam sɔŋɔ ne.” O maa wo sɛ se dé viiri.
Ba ke Pɔɔl de Silas peena diga ne
16Dɛ dedwe mo dé zaŋe dé maa vei Wɛ wara-jei sem. Dé na maa vei to, dé ma jeeri busankana kalo na ye nɔɔna kabaa to. Chichira déem maa tɔge‑o pa se o wae o pworisa. O na wuuri o bere wonnu telo na lage te ke konto to, o yuu tiina bam déem nɛ sabu dedɛ ko baŋa ne. 17O maa tɔge Pɔɔl de debam kwaga ye o baga o we, “Nɔɔna banto ye Yuu-tu Baŋa Wɛ tontoŋena mo. Ba tu se ba bere abam chwoŋa mo se á tɔge da á na verem.”
18O déem yeini o ke konto mo taa, da kɔgɔ kɔgɔ. Pɔɔl bane laam ma zaŋe. O ma pipiri o ta de chichira kam o we, “A ta de nmo Yezu Krista yere ŋwaane, nwoŋi o tei ne n kɛ!” O na tage konto to, chichira kam ma yage‑o bedwe baŋa ne.
19Busankana kam yuu tiina bam ma maane ba lɔre we ba daa ware ba na sabu o ŋwaane. Ba ma zi Pɔɔl de Silas ba vaŋe ba ja ba vo yaga ni ne se ba saŋe-ba dedɛɛra bam tei ne. 20Ba ma ja-ba ba vo ba pa Rom tiina dedɛɛra se ba di taane dem. Ba ma ta ba we, “Nɔɔna banto ye Juu tiina mo ye ba jege debam teo kom nɔɔna ba daana. 21Ba bere wonnu telo na chɔge debam chullu tem to mo. Debam nam ye Rom tiina mo ye dé bá wane dé sɛ banto na bere kolo to.”
22Kɔgɔ kom maama ma tɔge ba chiŋi Pɔɔl de Silas. Rom tiina dedɛɛra bam ma ja-ba ba vaŋe ba gwaaro tem ba kaare ye ba daare ba pa se nɔɔna fere-ba. 23Ba na tiini ba mage-ba konto to, ba laam ma ke-ba peena diga ne. Dedɛɛra bam ma ta de wolo na nii peena diga kam baŋa ne to se o fɔge o pe nɔɔna bam lanyerane. 24Nɔɔno wom na nigi konto to, o ma pa se ba zo tetare diga kam wo ye o daare o ja ba nɛ o tore da-kwolo bɔɔna ne. 25Tega na kweere maŋa kalo to, Pɔɔl de Silas maa wora ba ware Wɛ ye ba leeni Yezu kɔgɔ kom lei ba zuli Wɛ. Peena badwonna bam maa jei ba cheiga. 26Tega kam laam ma pɔpɔ ka ziziŋi, ye peena diga kam sua se ko yi ka kuri maama. Diga kam bworru tem maama ma pɔpɔ te pore, ye chaponno tem kɔ peena bam maama yera ne. 27Nɔɔno wolo na yere diga kam to ma zaŋe ye o na peena diga kam na pore to. O ma boŋe we peena bam maama nwoŋi ba duri mo. Konto ŋwaane o ma le se-zɔɔ se o ma go o tete. 28Pɔɔl laam ma bage de o kwora maama o we, “Yé zaŋe n chɔge n tete, se debam maama wo ywoba.”
29Nɔɔno wom ma bwoŋi se ba ja mini ba pa‑o. O ma ke lela o zo diga kam o to Pɔɔl de Silas yiga ne, ye o yera sae de foone. 30O ma pa se ba nwoŋi pwooni, ye o daare o bwei-ba o we, “A nɔɔna bam, amo nam wó ke tɛ mo se Wɛ jwoŋi-ne o yage?” 31Ba ma leiri‑o ba we, “Nmo jege se n ke n wo-dedoa dedaane dé Teiru Yezu mo, se Wɛ wó jwoŋi nmo de n sɔŋɔ tiina bam de.”
32Ba ma daare ba ta Wɛ kwora kam ba bere o de balo maama na wo o sɔŋɔ kom ne to. 33Tete dem maŋa kam konto ne nɔɔ mo o jaane-ba o vo o zare ba fufwollu tem maama. O na ke konto o ti to, o de o sɔŋɔ tiina bam maama laam ma jwoŋi sɛɛm Yezu ŋwaane. 34O ma daare o pa se Pɔɔl de Silas zo o sɔŋɔ kom. O ma ke wodiu pa ba di. O na tu o sɛ Wɛ de wo-dedoa to, o maa jege wopwolo lanyerane, de o sɔŋɔ tiina bam maama de.
35Tega na poore to, Rom tiina dedɛɛra bam ma toŋe polisi tiina se ba vo peena diga kam ye ba we, “Yage-na nɔɔna bam se ba viiri.” 36Peena diga kam tu wom ma ta dedɛɛra bam na tage kolo to o bere Pɔɔl. O maa we, “Ba pɛ abam chwoŋa se á viiri. Véi-na de yazura.”
37Pɔɔl laam ma ta de polisi tiina bam o we, “Debam nam ye Rom teo jeŋa nɔɔna mo. Ba wo nɛ debam keim-balɔrɔ ye ba daa ta ja debam ba fere nɔɔna maama yiga ne, ba daare ba ke debam peena diga ne. Ba ya ba jege chwoŋa se ba ke konto. Bɛ mo ye ba laam lage se dé viiri chemm? Dé bá sɛ kɔtaa. Ba tete mo jege se ba ba ba le debam ba yage.”
38Polisi tiina bam ma vo ba ta Pɔɔl na tage kolo to ba bere Rom tiina dedɛɛra bam. Ba na lɔre we Pɔɔl de Silas ye Rom teo jeŋa nɔɔna to, foone ma zo-ba de ba na ke-ba tei to. 39Ba ma vo ba kwoori Pɔɔl de Silas se ba yage taane dem. Ba ma daare ba le-ba ba yage, ye ba ta-ba se ba nwoŋi teo kom wone ba viiri. 40Pɔɔl de Silas ma nwoŋi peena diga kam ne ba vo ba zo Lidia ba sɔŋɔ. Dáane mo ba jeeri dedaane Yezu nɔɔna bam ye ba ŋɔɔne de-ba, pa se ba su de dam. Ba laam ma zaŋe ba viiri.",https://www.bible.com/bible/3661/ACT.16.KBG
KIKIA 17,"Ko na ke tei Tɛsaloni ne to
1Ba déem ma tole Anfipola de Apolonia ba kɛ ba vo ba yi Tɛsaloni. Teo kom konto ne mo Juu tiina jeerim diga wora. 2Pɔɔl ma vo da, ne o na maŋe o yeini o ke tei to. O déem wora mo ba siu da yatɔ wone o gare Wɛ tɔnɔ kom ye o bere-ba ko kuri se ba ni. 3O ma maŋe o bere-ba chekke ye o we, ko déem ya maŋe se Wɛ Dam Tu wom na yaara o te ye o daare o bi toone wone. O maa we, “Yezu wom, amo na jege o taane a tɛa a bere abam to mo seene o ye Wɛ Dam Tu wom.”
4Juu tiina bam na nigi konto to, ba badwonna ma sɛ o na tage kolo to, ye ba laam tɔge ba woli Pɔɔl de Silas ne. Girisi tiina balo na tu ba kɔre Wɛ to kɔgɔ dedɛ de ma sɛ Pɔɔl taane dem, dedaane kaana balo jeŋa na gare to dedɛ.
5Juu tiina badaara maa jege puseŋa de-ba. Ba ma vo yaga ba la nɔn-wo-korro ba ke daane. Ba kɔgɔ kom ma pa se bobɔga ja teo kom maama. Ba ma vo ba chiŋi jara Jason sɔŋɔ ne, ye ba kwaane ba lage Pɔɔl de Silas jei se ba zi-ba ba ja nwoŋi ba ke nɔɔna bam jeŋa ne. 6Ba maa wo nɛ-ba. Ba ma zi Jason de Yezu tɔgena badwonna ba ja vo teo kom dedɛɛra bam tei, ye ba bage ba we, “Nɔɔna banto yeini ba beeri logo baŋa jei maama mo ba daane nɔɔna. Ba laam tu ywo mo. 7Jason mo pɛ se ba zoore o sɔŋɔ ne. Ba maama yeini ba chɔge dé Pa-faro wom nia yam mo, ye ba tɛ ba we pɛ wodwoŋi mo wora, o yere mo Yezu.” 8Teo kom dedɛɛra bam de kɔgɔ kom maama na nigi konto to, ba bane ma zaŋe dedɛ. 9Dedɛɛra bam ma pa se Jason de o dwonna bam tiŋi sabu kolo na wó pa-ba chwoŋa se ba jwoŋi ba tete to. Ba laam ma yage-ba pa ba viiri.
Ko na ke tei Berea ne to
10Tega na tu ka yi to, Yezu nɔɔna bam ma pa se Pɔɔl de Silas nwoŋi teo kom ne ba vo Berea. Ba na vei ba yi da to, ba ma vo ba zo Juu tiina jeerim diga kam. 11Teo kom konto Juu tiina bam maa jege boboŋ-ŋona ba dwoi Tɛsaloni nɔɔna bam. Ba ma cheigi Wɛ kwora kam lanyerane de ba wo maama. Dɛ maama wone mo ba yeini ba zamese Wɛ tɔnɔ kom se ba nii Pɔɔl na bere kolo to seene ko ye chega na. 12Ba dedɛ ma sɛ Pɔɔl taane dem, de Girisi tiina dedɛ de sɛ, baara de kaana balo jeŋa na gare to dedɛ.
13Tɛsaloni Juu tiina bam ma ni we Pɔɔl wo Berea ne o tɔɔle Wɛ kwora kam. Ba ma zaŋe ba vo Berea ye ba la kɔgɔ ba pa se teo kom nɔɔna bam bane zaŋe de Pɔɔl. 14Yezu nɔɔna bam na nɛ konto to, ba ma pa se Pɔɔl zaŋe lela o nwoŋi o vo naneo kom ni. Ko ma daare Silas de Timoti mo maŋe Berea ne. 15Nɔɔna badwonna ma tɔge dedaane Pɔɔl ba vo ba yi Atena. Pɔɔl ma toŋe-ba se ba jwoori ba vo ba pa Silas de Timoti ni we, ba zaŋe ba tɔge o kwaga ba ba lela.
Ko na ke tei Atena ne to
16Pɔɔl déem na wo Atena ne o cheigi Silas de Timoti se ba ba to, o wo ma tiini ko di de o na nɛ we jwona dedɛ su teo kom to. 17O maa yeini o zo Juu tiina jeerim diga kam o ŋɔɔne dedaane ba de dwi-gɛ tiina balo na tu ba sɛ Wɛ to. Dɛ maama o ta maa yeini o vei yaga ni o ŋɔɔne de balo na maŋe ba wora to. 18Yi-pore-nyena badwonna de ma ba ba dwoni ded‑o. Ba badaara déem tɔge Epikuri berem dem, badaara de maa tɔge Sitoka berem dem. Ba badaara tage ba we, “Yiyira kanto boŋe se o bere bɛ mo?” Badwonna de ma ta ba we, “Ko nye de o ŋɔɔne sa-teena jwona taane mo.” Ba tage tento kolo ŋwaane o tɔɔle kwor-ywoŋa kalo na tɛ Yezu de twa biim taane to mo.
19Ba laam ma ja‑o ba vo Arɛpaga, mɛ ba yiga tiina bam na tigisi daane to. Ba ma bwei‑o ba we, “Debam ya lage se dé lɔre berem-doore dem nmo na jege n ŋɔɔne to mo. 20Wonnu tedwonna nmo na bere to, dé ta wo fɔge dé ni te dwi. Dé nam wó taa lage se dé lɔre te kuri na ye tei to.” 21Atena tiina bam maama dedaane veira balo na zoore ba tei ne to déem tiini ba lage se ba taa lare daane mo maŋa maama, se ba lɔre wonnu telo ba na ni leile to kuri.
22Pɔɔl ma zaŋe o zege Arɛpaga yiga tiina bam tetare ne ye o we:
“Atena tiina bam, amo na nii to, abam ŋwea maama wone á tiini á zuli jwona mo dedɛ. 23Amo beeri abam teo kom wone a nii a na jei sem maama á na zuli á jwona da to. Amo na beeri to mo a nɛ kaanem bimbini dedoa ye ko popone de yera ne we, ‘WƐ DELO DÉ NA YEIRI TO’ mo ko zege ko pae. Tɔ. Wɛ delo abam na jege á zuli ye á ta yeiri-de to mo a lage a ta dento taane a bere abam. 24Wonto mo ye Baŋa Wɛ wolo na ke logo baŋa de wonnu telo maama na wo ko wone to. O maa tei wɛyuu de tega baŋa maama, ye o ba zoore di selo nabiina na lɔge ba pa‑o to wone. 25Wɛ nam wo gɛ kolokolo se nabiina taa toŋa ba pa‑o, ko na ye wonto tete mo kwei ŋwea, de siu, de woŋo maama o pa nabiina to ŋwaane. 26Wɛ na ke nabiinu dedoa Adam to mo o laam pɛ se nabiina dwi maama zege wonto yera ne. O ma pa se ba jage ba zoore logo baŋa maama wone. O ke konto mo ye o boboŋa ya maŋe ya ja se o lɔre ba dwi dwi maama na wó taa wora maŋa kalo de maŋa kalo to, de ba na wó taa zoore jei selo ne to. 27Wɛ na ke nabiina konto to ye se ba kwaane se ba lɔre-o mo. Ba jege se ba taane mo ba nii o jei, se ba laam wane ba lɔre‑o. Wɛ nam maŋe o dae yiga yiga dedaane debam maama. 28Konto nam tɔge nɔɔno wodwoŋi na tage o we, ‘Wonto ŋwaane mo dé ŋwe dé wora ye dé via.’ Abam tete lein-leenu dedoa de tage konto dwoŋi o we, ‘Debam de maŋe dé ye o bia mo.’
29Debam na seene dé ye Wɛ bia to, dé ba jege se dé boŋe we dé Keiru Wɛ wó taa nye de kamɔgɔ nabiinu na mɛ o tete boboŋa o mɔ de o jea to, ko ná ye sabu-seŋa naa lu-nyenno naa kandwa mo o mɛ o ke. 30Faŋa faŋa ye nabiina ta yeiri kolo na lana se ba ke to, Wɛ wo ke-ko o boboŋa ne. Ko daare leile konto o laam pɛ ni we, nɔɔna maama logo baŋa ne jege se ba leiri ba wo de ba wo-balwaaro keim. 31Kolo ŋwaane o tiŋi dɛ mo o na wó di nabiina maama taane. O wó tɔge chega mo o di ba bora. O nam maŋe o kuri wolo o na wó tɔge o ŋwaane o ke konto to. O pɛ se nabiinu wom konto bi toone wone mo se ko pa nɔɔna maama lɔre we ko seene ko ye chega.”
32Pɔɔl na ŋɔɔne twa biim taane konto to, nɔɔna bam badwonna maa ke‑o ba mɔna. Ko daare badaara maa tɛ ba we, “Dé lage se n jwoori n ŋɔɔne taane dem konto mo se dé daa cheigi.”
33Pɔɔl laam ma zaŋe o nwoŋi o daare-ba. 34Nɔɔna badwonna déem ma sɛ ba tɔge Pɔɔl, ye ba ke ba wo-dedoa de Yezu. Ba dedoa yere mo Dionusi. O tɔge o wo Arɛpaga kɔgɔ kom nɔɔno dedoa mo. Kaane wodwoŋi de wora, o yere mo Damaris. Nɔɔna badwonna de ta wora ye ba sɛ Yezu.",https://www.bible.com/bible/3661/ACT.17.KBG
KIKIA 18,"Ko na ke tei Korinti ne to
1Konto kwaga ne, Pɔɔl déem ma zege Atena ne o vo Korinti. 2O na yi da to, o ma maŋe dedaane Juu tu wodwoŋi, o yere mo Akwila. Ba déem loge‑o Pɔntus ne mo. Maŋa kalo Pɔɔl na nɛ‑o to, o ya yɔɔre o nwoŋi Yitalia mo o ba, de o kaane Pirisila, kolo ŋwaane Rom Pa-faro Kaludu déem ya zeili Juu tiina bam maama pa ba nwoŋi Rom ne ba viiri. Pɔɔl ma zaŋe o vo ba tei, 3ye o zoore de-ba pa se ba toŋe daane, ba déem na toŋe totoŋe bedwe to ŋwaane. Ba déem nyaane gwaaro mo ba pu vwoa se ba ma lage ba ni-wodiu. 4Juu tiina siu dɛ maama o ma yeini o zo ba jeerim diga kam o ŋɔɔne Wɛ taane de-ba se ba bwɛ de wone. O ma kwaane se o pa Juu tiina bam de Girisi tiina bam maama sɛ o taane dem.
5Silas de Timoti déem zege Makedonia ne ba ba Pɔɔl tei. Ba na tu to, Pɔɔl laam ma chɛ de Wɛ kwora kam berem. O ma kwaane o pa se Juu tiina bam lɔre we Yezu seene o ye Wɛ Dam Tu wom mo. 6Ba maa wo sɛ o taane dem ye ba twe‑o. O laam ma ja o gwaaro tem o peese te fwogo kom ba yiga ne, ye o ta-ba o we, “Abam ná nɛ lɛɛro Wɛ tei ne, ko wó taa ye abam tete yiga mo. Ko daa tɔge ko dae amo yiga. Ko zege leile konto amo laam wó vo dwi-gɛ tiina bam tei a daare abam.”
7O ma seene o nwoŋi Juu tiina bam tei ne, ye o daare o vo o zoore dwi-gɛ tu wodwoŋi sɔŋɔ ne, o yere mo Titia Jusitu. Wonto maa kɔre Wɛ. O sɔŋɔ kom maa zege ko saŋe Juu tiina jeerim diga kam. 8Jeerim diga kam yuu tu wom yere mo Kirisipu. Wonto de o sɔŋɔ tiina bam maama déem tu ba sɛ dé Teiru Yezu. Korinti tiina dedɛ de déem ma ni Wɛ kwor-ywoŋa kam ye ba daare ba sɛ. Ba laam ma jwoŋi sɛɛm Yezu ŋwaane.
9Dɛ dedwe tete ne mo Pɔɔl ma dwɛ o na dé Teiru wom na ŋɔɔne ded‑o o we, “Yé ta‑n kɔre foone. Ta ta‑n ŋɔɔna, se n yé kwei n yage chemm, 10kolo ŋwaane amo wo nmo tei ne. Nɔɔn-nɔɔno bá wane o ja nmo o chɔge, kokuri teo konto nɔn-bia dedɛ ye amo nɔɔna.” 11Ko déem ma pa se Pɔɔl zoore da taa, bene de chane seredo. O na wora to, o maa tɛ Wɛ kwora kam o bere nɔɔna bam.
12Nɔɔno wodwoŋi déem tu o ji Akaya kateiri dem gɔmena tu o pa Rom tiina bam, o yere mo Galio. O na wora maŋa kalo to, Juu tiina bam ma ke ni dedwe ye ba ja Pɔɔl ba vo o tei se ba saŋe‑o. 13Ba ma ta de Galio ba we, “Nɔɔno wonto mo jege nɔɔna o soga se o pa ba tɔge Wɛ ne ko na chuli tei to.” 14Pɔɔl ya maa boŋe se o ŋɔɔne ye Galio wuuri o ta de Juu tiina bam o we, “Ko ya ná ye ŋweeno taane naa keim-balɔrɔ kodwoŋi taane mo á jege se á ta, ko ya maŋe se amo zuri a yera a cheigi abam. 15Ko nam na ye tei to, abam mage ni-kantɔgɔ abam tete chullu tem baŋa ne, ye ko ye botare-bia de wonnu yera ŋwaane. Konto ŋwaane abam tete mo jege se á nii ko baŋa ne. Amo bá sɛ se a di abam taana yam dwoŋi.” 16O na tage konto to, o ma zeili-ba o yiga ne. 17Nɔɔna bam maama laam ma zaŋe ba zi Sɔsɔdane wolo na ye ba jeerim diga kam yuu tu to ba tiini ba mage‑o taane dim jeiga kam yiga ne. Galio yiga nam maŋe ka tera de ba keim dem.
Pɔɔl daa ta na beeri ye o ke tei to
18Pɔɔl déem ma ke da kɔgɔ kɔgɔ Korinti ne Yezu tɔgena bam tei ne. O laam ma zaŋe o bane-ba se o kɛ. O ma pa se Pirisila de Akwila mo tɔge ded‑o, ye ba zo nabworo se ba vo Siria. Ba ta na wo zo nabworo kom se ba kɛ to, Pɔɔl ya zege Kɛnkaria ne o pa se ba fane o yuu se ko bere we o tiŋi o ni de Wɛ. 19Ba ma tɔge naneo kom wo ba vo ba yi Efesia. Pɔɔl ma yage Pirisila de Akwila dáane. O ma vo o zo Juu tiina jeerim diga kam o ŋɔɔne de-ba. 20Ba badwonna ma lwoori‑o se o maŋe ba tei ne se ko dáane fee. O maa wo sɛ. 21O ma bane-ba ye o ta o we, “Wɛ ná sɛ, amo wó jwoori a ba a na abam.” O daa ma zo nabworo Efesia ne o kɛ.
22O déem ma vo o yi Kazaria. O ma zege dáane o vo tega ne o vo o yi Jerusalem. O ma jɔɔne Yezu kɔgɔ kom, ye o daare o kɛ o vo Antioka. 23O ma dáane da da fenfee ye o laam zaŋe o kɛ. O ma vo o tole Galatia de Firijia teene dem wone, ye o pa se Yezu tɔgena bam maama fɔge ba zege de dam.
24Juu tu wodwoŋi déem mo wora, o yere mo Apolo. Ba loge‑o Alɛzandaria ne mo. Pɔɔl na kɛ to, wonto ma ba Efesia. O déem ye wolo na wae taane o ŋɔɔne pore-pore mo. O maa kwori o yei Wɛ tɔnɔ kom wonnu tem maama lanyerane. 25Nɔɔna déem maŋe ba bere‑o dé Teiru wom chega kam na ye tei to. O maa wora o bere nɔɔna de o wo maama se o pa ba lɔre Yezu wonnu maama chekke. Ko nam ná ye nɔɔna na jwoŋi sɛɛm Wɛ ŋwaane tei to, o lɔre Jɔn yerane sɛɛm dem dwi mo. 26O ma bobo se o taa ŋɔɔne Wɛ chega kam de baare Juu tiina jeerim diga kam ne. Pirisila de Akwila ma ba ba lɔre o berem dem na ye tei to. Ba ma pa o tɔge o zoore de-ba, ye ba fɔge ba maŋe Wɛ chwoŋa na ye tei to chekke ba bere‑o.
27Apolo laam ma boŋe se o nwoŋi Efesia ne o kɛ o vo Akaya. Yezu nɔɔna bam ma pu o boboŋa yam kwaga. Ba ma popone tɔnɔ se ba pa Yezu tɔgena balo na wo Akaya ne to ba ta-ba se ba fɔge ba jeeri‑o lanyerane. O ma seene o zaŋe o kɛ. O na yi Akaya to, o ma tiini o woli balo na dɛ Wɛ zaane dem ŋwaane ba ke ba wo-dedoa de Yezu to. 28O ma kwaane o ŋɔɔne de Juu tiina bam nɔɔna maama yiga ne, ye o mage ni-kantɔgɔ o wane-ba, de o na mɛ Wɛ tɔnɔ kom o bere-ba we Yezu seene o ye Wɛ Dam Tu wom to.",https://www.bible.com/bible/3661/ACT.18.KBG
KIKIA 19,"Ko na ke tei Efesia ne to
1Apolo déem ta na wo Korinti ne to, Pɔɔl ma zaŋe o beeri o tɔge teene dem tetare o vo o yi Efesia. O na yi da to, o ma na Wɛ chwoŋa tɔgena badwonna, 2ye o bwei-ba o we, “Abam na tu á sɛ Wɛ to, á jwoŋi Wɛ Sin-laao kom na?” Ba ma leiri‑o ba we, “Aawo, dé ta wo maŋe dé lɔre we Wɛ Sin-laao wora.” 3O daa ma bwei o we, “Á nam na jwoŋi sɛɛm to, á jwoŋi tetɛ seeni mo?” Ba maa we, “Ko ye Jɔn na pɛ nɔɔna sɛɛm tei to mo dé jwoŋi.” 4Pɔɔl laam ma ta o we, “Ko ná ye Jɔn nyem dem, wonto déem bere nɔɔna se ba leiri ba wo de ba keim-balwaaro tem, se ba daare ba jwoŋi sɛɛm Wɛ ŋwaane mo. O ma ta de nɔɔna bam se ba ke ba wo-dedoa de wolo wom na wó saŋe o kwaga o ba to. Yezu mo konto.”
5Nɔɔna bam na nigi konto to, ba ma jwoŋi sɛɛm dé Teiru Yezu yere ŋwaane. 6Pɔɔl ma zi zi o jea ba baŋa ne. Wɛ Sin-laao kom laam ma ba ba tei. Ba ma ŋɔɔne ta-gɛ dwi dwi ye ba daare ba pworisi Wɛ kwora kam. 7Ba maama ye nenɛɛne baara fuga-balei mo.
8Pɔɔl déem ma ke chane setɔ Efesia ne. O maa yeini o vei o zoore Juu tiina jeerim diga kam o ŋɔɔne de baare o bere-ba. O ma kwaane o mage ni-kantɔgɔ de-ba se o pa ba lɔre Wɛ paare dem na ye tei to. 9Nɔɔna bam badwonna ma se ba zwa, ye ba ve se ba sɛ o taane dem. Ba maa jege dé Teiru wom chwoŋa kam tɔgem ba yaala nɔɔna bam maama yiga ne. Pɔɔl ma viiri o daare-ba. O ma pwɛ balo na sɛ ba tɔge Yezu to o yage o tei ne. Dɛ maama o maa yeini o ŋɔɔne o bere nɔɔna Tiranus zamesem diga kam ne. 10Ko ma ke konto dwoŋi taa, bena yalei. Ko ma pa se nɔɔna balo maama na zoore Asia teene dem ne to ba ba ni dé Teiru wom taane dem, Juu tiina de dwi-gɛ tiina de.
11Wɛ déem tɔge Pɔɔl jeŋa mo o ma ke wo-kenkagela yalo dwoŋi na maŋe ya tera to. 12Ko déem na ke tei to, nɔɔna wó kwei gare-bia naa totoŋa gwaaro telo Pɔɔl tete na zo o daare to ba ja vo ba pa jaweena pa ba na yazura, ye chichiri de yage-ba.
13Juu tiina badwonna de maa wora ba na yeini ba beeri ba zeili chichiri nɔɔna tei ne. Banto de déem ma kwaane se ba tɔge dé Teiru Yezu yere ŋwaane mo ba ke konto. Ba maa yeini ba tɛ de chichiri sem we, “Yezu wolo Pɔɔl na bere o taane to yere ŋwaane mo amo tɛ abam se á viiri.”
14Baara barepɛ déem mo wora, ba kwo yere na ye Sikiva ye o ye Juu tiina kaanem nakwe tu. Ba maa ke konto dwoŋi ba zeili chichiri nɔɔna tei ne. 15Chichira kadwoŋi laam ma ta de-ba ka we, “Amo maŋe a yei Yezu. Amo yei Pɔɔl de ni ne. Se abam ye bera mo?”
16Nɔɔno wom chichira kam na tɔge‑o to laam ma zaŋe o puuri-ba. O ma wane-ba pa ba maama duri ba nwoŋi o sɔŋɔ kom ne de kuri-nɔrɔ, ye ba yera jege fufwollu. 17Nɔɔna balo maama na zoore Efesia ne to ma lɔre konto na ke to, Juu tiina de dwi-gɛ tiina maama. Foone ma zo-ba dedɛ. Ko ma pa se dé Teiru Yezu yere tiini de zaŋe de zula. 18Nɔɔna balo na tu ba sɛ Yezu to dedɛ ma zaŋe ba zege nɔɔna yiga ne ba ta ba bere jaja ba na ke ba chɔge tei to. 19Ba badwonna dedɛ ya na yeini ba tɔge liri kikia to ma kwei ba liri keim twanno tem ba vwei daane ye ba daare ba zwɛ-te nɔɔna maama yiga ne. Ba ma jeeli twanno tem sabu ba nii ko ya na wó taa ye tei to. Ko ma yi lu-nyenno sabu-dala morro finnu (50,000). 20Dé Teiru wom na bere o dam konto dwoŋi to ma pa se o taane dem fɔge de jage jei maama ye nɔɔna sɛ-de.
21Wonnu tento déem na ke te kɛ to, Pɔɔl boboŋa ma ja se o beeri o tɔge Makedonia de Akaya wo se o laam kɛ o vo Jerusalem. O ma boŋe o we, “Amo ná vei a wo Jerusalem ne, a jege se a daare a vo Rom mo de.” 22O ma toŋe nɔɔna balei se ba da yiga ba vo Makedonia. Banto maa ye Timoti de Erasitu, ba na tɔge ba toŋe ba pa‑o to. O tete ma maŋe Asia ne se ko dáane fee.
23Da yam konto ne mo lɛɛro dedɛ tua dé Teiru Yezu chwoŋa kam ŋwaane. 24Nɔɔno wodwoŋi déem mo wo Efesia ne, o yere mo Demetiru. O ye gɔgɔ mo ye o mae lu-nyenno o mɔɔne kamwaro pa te nye de diga kalo ba na zuli ba wɛ Atamisa ka wone to. O totoŋa yam maa jaane nyɔɔre dedɛ ya pae o gɔ-bia bam. 25O ma zaŋe o bwoŋi ba maama, de balo de na toŋe totoŋa yanto dwoŋi to o ke daane. O ma ta de-ba o we, “A badwonna bam, abam maŋe á yei we totoŋe delo dé na toŋe to mo pae se dé jeŋa gara. 26Abam nam nɛa ye á kwori á ni nɔɔno wonto Pɔɔl na ke tei to. O yeini o tɛ we nabiina na mɛ ba jea ba ke wonnu telo to bá wane te taa ye wa chekke. O ke konto mo o soge nɔɔna dedɛ pa se ba sɛ o taane dem, ye ko dae Efesia yerane wone mo o ke konto, ko maŋe ko daare fee mo se ko taa ye Asia jei sem maama. 27Konto maama wae ko pa se nɔɔna ŋɔɔne ba chɔge debam totoŋe dem. Ko ta woli da, ba laam wó yaale debam wɛ-kamunu Atamisa diga kam ye ba pa ka taa ye kafɛ. Kolo na daare to mo ye se o tete yere dem na chɔgem nɔɔna tei ne, ye wonto ye wɛ delo nɔɔna maama na zuli Asia jei sem ne de logo baŋa maama wone to.”
28Nɔɔna bam na nigi konto to, ba bane ma tiini de zaŋe dedɛ ye ba bage ba we, “Debam Efesia tiina wɛ Atamisa mo jege dam!” 29Sɔɔ laam ma tiini ko ke teo kom maama wone bɔge-bɔge. Nɔn-kɔgɔ kom ma vo ba zi Gayus de Arisaka ye ba ke lela ba vaŋe-ba ba ja vo teo kom jeerim jei sem. Nɔɔna banto balei ya tɔge de Pɔɔl mo ba nwoŋi Makedonia ba ba. 30Pɔɔl ma boŋe se o vo o zege kɔgɔ kom yiga ne o ŋɔɔne de-ba. Yezu tɔgena bam maa wo sɛ ba pa‑o chwoŋa. 31Teo kom dedɛɛra badwonna ya di badwoŋo de Pɔɔl. Ba ma toŋe ni ba lwoori‑o se o yé zaŋe o vo jeerim jei sem. 32Jeerim jei sem ne ko maama maa ye sɔɔ yerane bɔge-bɔge. Nɔɔno maama maa tiini o ŋɔɔne o boboŋa taane de kwor-dɛa. Nɔɔna bam dedɛ maa maŋe ba yeiri woŋo kolo ŋwaane ba na lage daane to. 33Juu tiina bam ma le Alezanda se o nwoŋi o zege kɔgɔ kom yiga ne o ŋɔɔne. Kɔgɔ kom nɔɔna badwonna ma kwaane ba bere‑o o na wó ke tei. O ma zeiŋi o jeŋa ba baŋa ne, ye o bobo se o tole kolo na ke to o bere nɔn-kɔgɔ kom. 34Ba nam na lɔre we o ye Juu tu to, ba maama ma tɔge daane ba tiini ba bage bedwe ba we, “Debam Efesia tiina wɛ Atamisa jege dam!” Ba ke konto mo taa, se ko maŋe de awa balei.
35Teo kom takadaa kam laam ma kwaane o pa se kɔgɔ kom bochara peini tega ne. O ma ta de-ba o we, “Amo dwonna Efesia tiina bam, nɔɔn-nɔɔno tera o na yeiri we debam wɛ-kamunu Atamisa diga kam zege Efesia wone ywoba seeni, ye debam mo nii ka baŋa ne. Dé ta kwori dé jege o kamɔgɔ kolo na nwoŋi wɛyuu ne ko to tega ne to dé nia. 36Nɔɔn-nɔɔno bá wane o ta we konto ye vwa. Konto ŋwaane ko maŋe se á pa á bochara peini tega ne, se á yé gare á ke kolokolo. 37Nii-na abam na jaane nɔɔna banto balei á ba ywo, ye ba wo ŋɔge debam wɛ-di sem wonnu naa ba ŋɔɔne ba yaale debam wɛ dem. 38Ko nam ná ye Demetiru de o nɔɔna bam, ba ná jege nɔɔno taane, chwoŋa wora se ba vo kɔɔte ba saŋe‑o dedɛɛra bam yiga ne. Mo ba na jege se ba ke tei. 39Ko daare abam ta ná jege bwia se á woli da, dé jege se dé bwoŋi teo kom nɔɔna se ba la daane, ne ko na wó tɔge chwoŋa tei to. Dé laam wó wane dé ŋɔɔne taane dem dé nii. 40Kolo na ke zem to wó wane ko pa Rom tiina bam chwoŋa se ba ta we, dé zem lage daane dé tiini dé ke chichuŋu. Sɔɔ kom na su teo kom maama to ba jege kuri. Ba ná bwei debam ko ŋwaane, dé bá wane dé ŋɔɔne dé jwoŋi dé tete.” 41O na tage konto o ti to, o ma ta de nɔn-kɔgɔ kom pa se ba viiri.",https://www.bible.com/bible/3661/ACT.19.KBG
KIKIA 20,"Pɔɔl daa ta na beeri ye o ke tei to
1Teo kom bobɔga kam na tu ka ti to, Pɔɔl laam ma zaŋe se o kɛ. O ma bwoŋi Yezu tɔgena bam se ba jeini daane, ye o ŋɔɔne de-ba pa se ba bochara ke dam. O ma daare o bane-ba ye o kɛ o vo Makedonia. 2O ma tole jei sem konto ne o ŋɔɔne wonnu dedɛ o bere nɔɔna bam pa se ba bochara ke dam. O daa ma kɛ o vo o yi Girisi. 3O ma ke chane setɔ dáane. O laam ma ti o yiga se o zo nabworo o vo Siria. O ma ba o lɔre we Juu tiina bam ke ni daane se ba kwaane ba chɔge‑o. Konto ŋwaane o ma leiri o boboŋa, ye o laam ja se o vo tega ne o tɔge Makedonia wo o jwoori o kɛ. 4Balo na zaŋe se ba tɔge ded‑o to mo tento:
Sopata, wolo na ye Pirus bu ye o nwoŋi Berea to.
Arisaka de Sɛkundu, ba nwoŋi Tɛsaloni mo.
Gayus, wolo na nwoŋi Dɛɛbe to.
Timoti.
Tichika de Torofima, ba na ye Asia tiina to.
5Banto mo dɛ yiga ba lwoori ba vo Torase ba cheigi debam da. 6Debam tete laam ma maŋe Filipi ne ye dé tɔge dé di Bworobworo-memene kuri dem. Kuri dem na ti to, dé laam ma zo nabworo dé tɔge naneo kom wo dé ke da yanu dé vo dé yi Torase. Dé ma jeeri dé dwonna bam da ye dé ke da yarepɛ teo kom ne.
7Bakwɛ boboa dɛ ne debam maama ma la daane se dé di wodiu, ne Yezu ya na fɔge bworobworo o pa o kwaga tɔgena bam pa ba di tei to. Pɔɔl ma tiini o ŋɔɔne o bere nɔɔna bam taa, se ko yi tete kokoro, kolo ŋwaane tega ná poore o lage o viiri. 8Dé ya lage daane wɛyuu diga kalo na ke betɔ to wone mo. Ba déem tɔre min-zwonnu dedɛ ba zege da. 9Nɔn-doŋo maa tɔge o wora, o yere mo Yutiku. O maa jei takworo ni ne. Pɔɔl na tiini o ŋɔɔne o dáane konto to, nɔn-doŋo kom maa jei o dɔa o veela. O laam ma ba o dɔ fase o kɛ. O ma tɔge takworo kom o to tega ne. Ba ma tu ba kwei‑o de o tega. 10Pɔɔl tete ma tu o vo o peini nɔn-doŋo kom baŋa ne o kukwori‑o de o jea. O maa we, “Á yé pa se á yera sɔɔre. O ta ŋwe mo.”
11Pɔɔl ma jwoori o di wɛyuu diga kam. O ma fɔ bworobworo kom o di. O daa ta ma lare de-ba taa, ye tega ba ka poore. O laam ma viiri. 12O na viiri to, nɔɔna bam ma ja nɔn-doŋo kom ba ja vo sɔŋɔ de yazura. Ba bochara ma peini tega ne ye ba jege wopwolo.
13Debam ma yage Pɔɔl ye dé vo dé zo nabworo kom se dé tɔge yiga dé da naneo kom wo dé vo Asosa. Dé ya ke ni daane se dé jeeri Pɔɔl Asosa ne, o na boŋe se o vo tega ne to ŋwaane. 14Dé na nɛ daane Asosa ne to, Pɔɔl laam ma zo nabworo kom ye dé maama tɔge daane dé vo dé yi Mitulini. 15Dé ma zege dáane dé tɔge naneo kom wo dé kɛ. Tega ma poore ye dé vo dé tɔge Chiosa buburu kom dé kɛ. Tega daa ma poore. Dé ma vo dé bɛ dé yi Samos. Tega daa ta na poore to, dé ma vo dé yi Militus. 16Pɔɔl déem ya boŋe se o da Efesia mo o kɛ se o yé zege da. O ya ba lage se o dáane dedɛ Asia ne, kolo ŋwaane o lage lela mo se o ná wae, se o vo o yi Jerusalem ye Pɛntekɔse kuri dem ta wo yi.
17Debam déem na wo Militus ne to, Pɔɔl ma toŋe ni o pa Yezu kɔgɔ kom nakwa bam Efesia ne o we, ba ba. 18Ba na tu to, o ma ta de-ba o we, “Abam maŋe á yei amo déem na zoore abam tei ne ye a ke tei maŋa maama, ko zege dɛ delo a na bobo a ba Asia to. 19Amo toŋe a pa dé Teiru wom mo. Amo ma gwooni a tete, ye a yi-na nwoŋi. A ma na yaara dedɛ de Juu tiina bam na ke ni daane se ba chɔge amo tei to. 20Abam ta yei we, amo wo yage se a ta woŋo kolo maama na wó wane ko woli abam to mo a bere abam. Amo ma kwaane a bere abam Wɛ chega kam pwooni yiga ne, de á tete sam ne. 21Amo ma tiini a kaane Juu tiina de dwi-gɛ tiina maama se ba leiri ba wo Wɛ ŋwaane, se ba daare ba ke ba wo-dedoa de dé Teiru Yezu.
22Leile konto amo laam maa vei Jerusalem. Ko nam ye Wɛ Sin-laao kom mo gwori-ne pa se a maa vei da, ye a yeiri kolo na wó yi amo da to. 23Amo na yei kolo to mo ye Wɛ Sin-laao kom yeini ko kaane amo teo maama ne we, nɔɔna wó ja-ne ba vɔ ye ba kwori ba bɛɛse-ne. 24Amo nam na boŋe tei to, a ba pae se a ŋwea taa jege nyɔɔre ka pa-ne. Kolo na ye wo-chɛɔ to mo ye se a toŋe totoŋa yalo dé Teiru Yezu na ke a jeŋa ne to a ti. Totoŋa yam konto mo ye se a kwaane a bere nɔɔna Wɛ kwor-ywoŋa kam de o na yɔɔre o ke nɔɔna zaane tei to.
25Amo nam yei we abam wolowolo daa bá na amo, ye á ye balo amo na beeri á wone a bere abam Wɛ paare dem chega kam. 26Konto ŋwaane a lage a tiini a kaane abam zem dɛ dem ne we, abam maama wolowolo ná nɛ lɛɛro Wɛ tei ne, ko dae amo yiga. 27Kolo ŋwaane amo tɔɔle chega kalo maama na tɔge Wɛ boboŋa to a bere abam ye a wo yage kolokolo. 28Nam fɔge á ta‑á nii á tete baŋa ne dedaane kɔgɔ kolo maama Wɛ Sin-laao kom na kwei o ke abam jeŋa ne se á ta‑á nii to. Ta‑á nii-na Wɛ kɔgɔ kom baŋa ne, ne nayera na nii ba pei sem tei to. Wɛ tɔge o tete bu wom toone jana bam ŋwaane mo o pa se o kɔgɔ kom ji o tete nyem. 29Amo yei we, amo ná viiri a daare abam, nɔn-balwaaro wó zaŋe ba zo abam wo ba daane abam, nenɛɛne wiira na jaane pei tei to. Ba bá sɛ se ba yage abam kɔgɔ kom ye ba wo chɔge abam. 30Nɔɔna de wó zaŋe abam tete wone ba na wó pipiri Wɛ chega kam ba gane Yezu tɔgena bam pa se ba ywori Wɛ kwaga ne ye ba daare ba tɔge-ba. 31Konto ŋwaane fɔge-na á che á tete. Ta‑á guli-na we amo zoore abam tei ne bena yatɔ ye a kaane abam maama se á ta‑á tɔge Wɛ. Maŋa maama a yeini a ke konto mo, wea de tete, ye a ka yi-na dedɛ.
32Amo laam lage a ke abam Wɛ jeŋa ne. Wɛ wó pa á tɔge chega kalo na tɔge o zaane dem ŋwaane to. Chega kam konto wó wane ka fɔge abam lanyerane, se á laam ba á tɔge de balo maama na ye Wɛ nyem to á na ywoni o tei ne. 33Amo nam wo kwaane se a jwoŋi sabia na gwaaro abam wolowolo tei ne. 34Abam tete yei lanyerane we amo mɛ a tete jea mo a toŋe, se amo de a dwonna bam wane dé na dé ni-wodiu. 35Amo na ke kolo maama abam tei ne ye a chɛ de totoŋa konto dwoŋi to, a ke a bere abam we, dé jege se dé toŋe dé woli balo na ba dana to mo. Ta‑á guli-na dé Teiru Yezu na bere tei ye o we, ‘Nmo ná kwei woŋo n pa n dwoŋi, nmo wó jwoŋi ywoni ko dwoni n ná jwoŋi woŋo n dwoŋi tei ne.’ ”
36Pɔɔl na tage konto o ti to, ba maama ma kuni dwoona ye o lwoori Wɛ. 37Ba ma zaŋe ye ba maama keeri dedɛ. Ba ma tiini ba kukwori‑o lanyerane. 38Ba wo ma tiini ko chɔge de o na tage taane delo o bere-ba we, ba daa bá fɔge ba na‑o to. Ba ma zaŋe ba tɔge ded‑o ba vo nabworo kom na wo mɛ to se ba yage‑o.",https://www.bible.com/bible/3661/ACT.20.KBG
KIKIA 21,"Pɔɔl vei o yi Jerusalem
1Dé laam ma bane-ba ye dé daare dé viiri. Dé ma kwei dé yiga dé yɔɔre naneo kom wo dé vo dé yi Kos. Tega ma poore. Dé daa ma yi Rodizi. Dé ma zege dáane dé vo Patara. 2Dé na yi dáane to, dé ma na nabworo kodwoŋi ko na lage ko vo Fonikia to. Dé ma vo dé zo ko wo ye dé tɔge dé kɛ. 3Dé na maa vei to, dé ma tole dé na Kupirus buburu kom. Dé ma yage-ko dé jagwia seeni ye dé daare dé kɛ. Dé ma vo dé yi Siria. Dé na yi da to, dé vo dé bɛ dé zege Tura ne. Ko ye dáane mo ba jege se ba le nabworo kom zela yam. 4Dé ma nwoŋi dé vo dé lage balo de na ye Yezu tɔgena to, ye dé ke da yarepɛ ba tei ne. Dé na wora to, Wɛ Sin-laao kom dam ma pa se ba ta de Pɔɔl se o yé zaŋe o vo Jerusalem. 5Debam maŋa kam na kɛ to, dé ma zaŋe dé kwei dé chwoŋa se dé viiri. Yezu nɔɔna bam, de ba kaana, de ba bia maama ma ja debam ba nwoŋi teo kom wone ba vo se ba yage. Dé na vei dé yi naneo kom ni to, debam maama ma kuni dwoona tega ne dé ware Wɛ. 6Dé na ware Wɛ dé ti to, dé ma bane daane ye dé zo nabworo kom. Banto ma jwoori sɔŋɔ.
7Dé ma zaŋe dé yage Tura dé tole naneo kom ni dé vo dé yi Tɔlemaya. Dé na yi da to, mo dé nɛ dé nu-bia. Dé ma jɔɔne-ba ye dé ke dɛ dedwe ba tei ne. 8Tega na poore to, dé ma zaŋe dé vo dé yi Kazaria. Dé ma vo dé peini Filipi ba sɔŋɔ ne. Wonto mo bere nɔɔna Wɛ kwor-ywoŋa kam ye o tɔge o ye nɔɔna barepɛ balo ba na le Jerusalem ne to wo dedoa. 9O maa jege o bukwa bana o tei ne. Wɛ Sin-laao kom dam wo ba tei ne se ba taa tɔɔle Wɛ kwora kam. 10Dé na ke da fenfee dáane konto to, Wɛ ni-jwoŋinu wodwoŋi ma nwoŋi Judea o ba debam tei. O yere mo Agabu. 11O na tu debam tei konto to, o ma le Pɔɔl kila o teiŋa ne o ma vɔ o tete nɛ de o jea o ke daane. O laam ma ta o we, “Mo Wɛ Sin-laao kom na tɛ kolo: Juu tiina balo na zoore Jerusalem ne to wó ja kila kanto tu ba vɔ tento dwoŋi, ye ba daare ba ke‑o dwi-gɛ tiina jeŋa ne.”
12Dé na nigi konto to, debam balo maama na wora to ma kwaane dé lwoori Pɔɔl se o daa yé vo Jerusalem. 13O ma leiri o we, “Bɛŋwaane mo abam laara ye á boŋe se á pa amo wo chɔge? Amo ba jege keim se a ke, ba ná lage ba vɔ-ne Jerusalem ne naa ba ná lage ba go-ne de. Amo wó sɛ se a te dé Teiru Yezu yere ŋwaane.” 14Dé na lwoori‑o taa dé ga to, dé ma yage ye dé ta we, “Wɛ wó ke o boboŋa na lage kolo to.”
15Dé na ke da fenfee da to, dé ma zaŋe dé kwaleme dé wonnu dé nwoŋi dé maa kɛ Jerusalem. 16Yezu tɔgena badaara ma zaŋe Kazaria ne ba tɔge debam. Ba ma ja debam ba vo nɔɔno wolo sɔŋɔ dé na lage dé peini da to. O yere mo Manason. O maa ye Kupirus tu ye o maŋe o sɛ Yezu faŋa faŋa.
Pɔɔl na wo Jerusalem ne ye ko ke‑o tei to
17Dé na yi Jerusalem to, dé nu-bia bam ma jeeri debam lanyerane. 18Tega na poore to, Pɔɔl ma zaŋe o tɔge dedaane debam se dé vo dé na Jemsi. Yezu kɔgɔ kom nakwa bam de maama maa wora. 19Pɔɔl ma jɔɔne-ba. O ma tole kolo maama Wɛ na tɔge omo totoŋa yam baŋa ne o ke dwi-gɛ tiina tei ne to o bere-ba. 20Ba na nigi kolo maama o na tage to, ba ma ke Wɛ lei ko ŋwaane. Ba laam ma ta de Pɔɔl ba we, “Debam nu-bu, n nɛ ko na ye tei. Juu tiina morro kɔgɔ kɔgɔ laam mo tu ba sɛ Yezu, ye ba ta tɔge Wɛ ni-dwoora yam de ba wo maama. 21Ba nigi we nmo yeini n bere Juu tiina balo na zoore dwi-gɛ tiina wone to se ba yage Wɛ nia yalo o na ke Moses jeŋa ne to. Ba nigi we n tɛ nɔɔna bam konto se ba daa yé taa gwoni ba bia peina, se ba ta yé taa tɔge debam Juu tiina kikia na ye tei to. 22Dé nam wó ke tɛ mo? Juu tiina balo na wo ywo-seeni to jege se ba lɔre we nmo tua. 23Tɔ. Dé wó bere‑m nmo na wó ke tei. Nɔɔna bana wo debam tei ne ba na tiŋi ba ni de Wɛ. 24Ba ná lage ba vo Wɛ diga kam se ba kwɛ ba tete de Wɛ, nmo jege se n tɔge n vo mo, se n daare n ŋwe ba na ke kolo to jene. Konto wó pa-ba chwoŋa se ba fane ba yuni. N ná ke konto, nɔɔno maama wae o lɔre we, ba na tɛ kolo ba pa nmo to dae chega. Ba nam wó lɔre we nmo tete tɔge Wɛ nia yam na bere tei to mo. 25Ko daare dwi-gɛ tiina balo na tu ba sɛ Yezu to, debam maŋe dé popone tɔnɔ dé pa-ba ye dé ta kolo dé na boŋe to we, ba yé zaŋe ba di wodiu kolo nɔɔna na mɛ ba kaane jwona to, naa ba di woŋo kolo na jege jana to, naa ba di varem wolo ba na jujugi ba go to. Dé daa ta ma ta-ba se ba fɔge ba ja ba tete de kabwoŋa kikia maama.”
26Pɔɔl ma sɛ ba taane dem. Tega na poore to, o ma ja nɔɔna bam o vo se o tɔge o kwɛ o tete de Wɛ. O ma daare o zo Wɛ diga kam se o ta o bere ka yiga tiina bam da yalo ni ta na daare se nɔɔna bam kwɛ ba tete de Wɛ ba ti, ye ba dedoa dedoa laam go ba wonnu ba kaane Wɛ to.
27Da yarepɛ yam ni na daare fee se ya ti to, Juu tiina badaara ma na Pɔɔl Wɛ diga kam wone. Banto nwoŋi Asia teo kodwoŋi mo. Ba ma pa se nɔn-kɔgɔ kom maama na wora to bane zaŋe de Pɔɔl pa se ba zi‑o. 28Ba ma laare ba ta ba we, “Dé badwonna Isarele dwi tiina bam, nii-na ywo! Nɔɔno wonto mo ye wolo na tole jei maama o bere nɔɔna maama se ba yé taa nege debam Isarele dwi tiina, se ba yé taa sɛ Wɛ nia yalo debam na tɔge to, se ba daare ba pa Wɛ diga kanto de ji kafɛ. Ko woli da, o ta jaane dwi-gɛ tiina badwonna mo o zo ywo-seeni pa se ba digiru chɔge jeiga kalo na ye Wɛ tete nyem to.” 29Ba déem tage konto dwoŋi kolo ŋwaane ba ya nɛ Torofima de Pɔɔl na tɔge daane teo kom wone ye o ye dwi-gɛ tu na nwoŋi Efesia to. Ba déem boŋe we nɔɔno wom konto mo Pɔɔl jaane o zo Wɛ diga kam.
30Teo kom nɔɔna bam maama ma tiini ba chiŋi. Ba ma duri ba vo jeiga kam. Ba laam ma zi Pɔɔl ba tuuri ba ja nwoŋi Wɛ diga kam wone ye ba daare ba pe ka nia yam maama. 31Nɔn-kɔgɔ kom maa kwaana se ba go Pɔɔl. Rom soja tiina dedɛɛro wom ma ni we bobɔga to Jerusalem teo kom maama wone mo. 32O na nigi konto to, o ma ja soja tiina de ba yiga tiina badaara, ye ba duri lela ba vo ba yi kɔgɔ kom na wo mɛ to. Nɔɔna bam na nɛ‑o de o soja tiina bam konto to, ba ma yage Pɔɔl magem. 33Dedɛɛro wom ma vo Pɔɔl tei o ja‑o. O ma pa ba kwei chaponno telei ba ma vɔ‑o. O ma daare o bwei se o lɔre nɔɔno wom na ye wolo to de o na ke kolo to. 34O na bwei konto to, nɔɔna badaara kɔgɔ kom wone ma laare ba ta n ni n ni. Sɔɔ kom na ye tei to ma pa se dedɛɛro wom ware se o lɔre kolo na ke chekke to. Konto ŋwaane o ma pa o nɔɔna bam ni se ba ja Pɔɔl ba vo ba dam jei sem. 35Ba na jaane‑o ba yi nateina yam diinim jei to, soja tiina bam déem jege se ba kwei‑o mo ba zeŋe, kolo ŋwaane nɔn-kɔgɔ kom yia tiini ya seene o baŋa ne. 36Nɔɔna bam maama ma pɛ ba pu o kwaga ye ba laare ba tɛ ba we, “Pa-na dé go‑o!”
37Soja tiina bam na daare se ba ja Pɔɔl ba zo ba dam jei sem to, o ma ta de ba dedɛɛro wom o we, “A jege chwoŋa se a ta taane a bere‑m na?” Dedɛɛro wom na nigi taane dem to, o ma bwei Pɔɔl o we, “N ke tɛ mo n wae n ŋɔɔne Girisi tiina taane dem? 38Ko na ye konto to, nmo dae Ejipti tu wolo déem na pɛ se nɔɔna ve ba teo kom yiga tiina ye o daare o le nɔɔna morro tena (4,000) na ye jar-keira o ja vo kagoa kam yuu ne to.” 39Pɔɔl ma leiri o we, “Aawo. Amo ye Juu tu mo. Ba loge amo Kilikia teo Tasusi ne mo. Amo ye teo kamunu kom konto nɔn-bu mo. A lwoori‑m se n pa-ne chwoŋa se a ŋɔɔne de nɔn-kɔgɔ kom.” 40Dedɛɛro wom ma sɛ. Pɔɔl ma zaŋe o zege nateina yam baŋa ne. O ma zeiŋi o jeŋa kɔgɔ kom baŋa ne. Ba maama ma cheigi sɔɔ. O ma ŋɔɔne de-ba de ba tete Juu tiina taane dem.",https://www.bible.com/bible/3661/ACT.21.KBG
KIKIA 22,"Pɔɔl ŋɔɔne o pa o tete
Kikia 9:1-19; 26:2-23
1O déem ma ta o we, “A nɔɔna bam, a kwoa de a nu-bia, ta‑á cheigi-na se a tole ko na ye tei to a bere abam.” 2Ba na lɔre we o ŋɔɔne ba tete taane dem to, ba ma fɔge ba tiini ba cheigi sɔɔ.
3O laam ma ta-ba o we:
“Amo ye Juu tu mo. Ba loge-ne Kilikia teo Tasusi ne. Amo ma daare a ke nɔɔno teo konto wone. A ma zamese Gamaleli tei ne ye a lɔre debam nabaara chwei sem na ye tei to chekke. Amo déem chɛ lanyerane a kwei a tete a pa Wɛ, nenɛɛne abam zem de na ke tei to mo. 4Amo déem yeini a bɛɛse balo na sɛ ba tɔge Wɛ chwo-doŋa kam to se ko yi ba toone. A maa yeini a jaane nɔɔna a ke peena diga ne, baara de kaana maama. 5Debam kaanem yuu tu wom dedaane dé nakwa kɔgɔ kom maama wó wane ba zege amo chega kam kwaga ne. Maŋa kadwoŋi ne a yeini a vei ba tei mo a jwoŋi twanno telo a na wó kwei a bere Juu tiina balo na wo Damasika ne to. A ma vo da se a ja balo na tɔge Yezu chwoŋa kam to, se a vɔ-ba a ja a ba Jerusalem se ba na waarem.
6Amo na maa vei to, a ma daare fee se a yi Damasika. Ko na maŋe de wea tetare to, pwooni ma pɔpɔ de nwoŋi wɛyuu ne de ba de pepele de kekare-ne. 7Amo ma to tega ne ye a ni kwora na bwoŋi-ne ka we, ‘Sɔɔl, Sɔɔl! Bɛ mo ye n bɛɛse-ne konto?’ 8Amo ma bwei a we, ‘Amo tu, n ye wɔ mo?’ O ma leiri o we, ‘Amo ye Yezu mo, Nazarete tu wolo nmo na bɛɛse to.’
9Nɔɔna balo na tɔge de amo to ma na pwooni dem ye ba wo nigi wolo kwora na ŋɔɔne de amo to. 10A laam ma bwei a we, ‘Amo tu, bɛ mo a nam wó ke?’ Dé Teiru wom ma leiri-ne o we, ‘Zaŋe n vo n zo Damasika teo wo, se dáane mo ba laam wó bere‑m kolo maama Wɛ na boŋe se n ke to.’ 11Amo ma zaŋe wɛɛne, ye a yia daa ba nae, pwooni dem na tiini de pepele-ya to ŋwaane. Konto ma pa se a dwonna bam ja amo jeŋa ba vaŋe-ne ba ja vo teo kom wo.
12Nɔɔno wodwoŋi maa wora, o yere mo Anania. O maa kɔre Wɛ lanyerane, ye o tɔge debam Juu tiina chwei sem. Juu tiina balo maama na zoore Damasika ne to maa tiini ba pa‑o zula. 13O laam ma ba o zege amo tei ne ye o we, ‘A nu-bu Sɔɔl, jwoori n ta‑n nae!’ O na tage konto to, bedwe baŋa ne mo a yia yam puri ye a wae a nii o yibia. 14O ma ta o we, ‘Debam nabaara Baŋa Wɛ mo le nmo se n lɔre o boboŋa na lage kolo to, se n daare n na Wo-pwoŋo Tu wom, ye n daare n ni o na ŋɔɔne de o kwora. 15Kolo ŋwaane nmo wó zege o chega kam kwaga ne se n ta n bere nɔɔna maama nmo na nɛ kolo de n na nigi kolo to. 16Nmo nam ba jege se n daa‑n dáane. Zaŋe se ba pa n jwoŋi sɛɛm, se n pa n wɛleera yam saare de n na lwoori Wɛ dé Teiru wom yere ŋwaane to.’
17Konto na ke to, amo laam ma jwoori a vo Jerusalem. A ma vo Wɛ diga kam a wora a ware Wɛ. A na wora to, Wɛ ma pa se a na wo-kenkagele ne dendwɛ mo tei. 18Amo nɛ dé Teiru wom na ŋɔɔne de amo ye o we, ‘Zaŋe n ke lela n duri n nwoŋi Jerusalem ne, kolo ŋwaane teo kom nɔɔna bam bá sɛ kolo nmo na wó ta amo ŋwaane to.’ 19A ma leiri a we, ‘Amo tu, nɔɔna bam yei lanyerane we amo tole Juu tiina jeerim di sem mo se a ja nɔɔna balo na sɛ nmo to, se ba pe-ba se ba daare ba mage-ba. 20Ko daare maŋa kalo ba na go Stiiven wolo na zege nmo chega kam kwaga ne to, amo tete wora ye a sɛ se ba go‑o. A maa zege a nii ba gwaaro tem ba na le se ba daare ba dole‑o ba go to.’ 21Dé Teiru wom laam ma ta de amo we, a nam véi, se omo wó toŋe-ne yiga yiga se a vo dwi-gɛ tiina bam tei.”
22Pɔɔl na ŋɔɔne tei maama to, nɔɔna bam ya chem mo ye ba cheigi‑o. O nam na tage dwi-gɛ tiina bam taane to, ba laam ma zaŋe ba bage de ba kwori maama ba we, “Ti-na o momwɛ! Ko wo maŋe se o taa ŋwe!” 23Ba maa nana ye ba vuvuga ba gwaaro wɛɛne ye ba ta mɔɔne fwogo ba chaara. 24Soja tiina dedɛɛro wom na nɛ kolo na ke to, o ma pa o nɔɔna bam ni se ba ja Pɔɔl ba zo ba dam jei sem. O ma ta-ba se ba fere‑o se ba daare ba lɔre o na ke kolo ye Juu tiina bam nane o baŋa ne to. 25Ba na vɔge‑o ba ti se ba daare ba fere‑o to, Pɔɔl ma ta de soja yiga tu wolo na zege da to o we, “Abam jege chwoŋa se á ja Rom teo jeŋa nɔɔno á fere ye ba ta wo bwei ba nii amo na chɔge kolo to na?”
26Soja yiga tu wom na nigi konto to, o ma vo o ta de o dedɛɛro wom o we, “Nmo boŋe se n ke bɛ mo? Nɔɔno wom ye Rom teo jeŋa nɔɔno mo.” 27Dedɛɛro wom ma vo Pɔɔl tei o bwei‑o o we, “Nmo seene n ye Rom teo jeŋa nɔɔno mo na?” Pɔɔl ma leiri o we, “Ɛɛ, a ye konto mo.” 28Dedɛɛro wom ma ta o we, omo ŋwe sabu-fɔrɔ mo ye o daare o ji Rom teo jeŋa nɔɔno. Pɔɔl ma leiri‑o we, “Ba nam loge amo pa se a maŋe a ye ko jeŋa nɔɔno mo.”
29Nɔɔna balo ya na zege se ba bwei‑o taane to na nigi konto to, ba ma kwei o yera ba yage lela. Dedɛɛro wom de na lɔre we Pɔɔl ye Rom teo jeŋa nɔɔno to, foone ma ja‑o de o na pɛ ba vɔ‑o de chaponno to.
Pɔɔl zege nakwa bam yiga ne
30Dedɛɛro wom déem maa lage se o lɔre kolo na kea ye Juu tiina bam saŋe Pɔɔl to. Tega na poore to, o ma pa ba le Pɔɔl ba yage. O ma daare o toŋe ni o pa Juu tiina kaanem yiga tiina bam de ba teo kom nakwa kɔgɔ kom maama se ba jeeri daane. O laam ma ja Pɔɔl o vo o pa se o zege ba yiga ne.",https://www.bible.com/bible/3661/ACT.22.KBG
KIKIA 23,"1Pɔɔl ma yɔɔre o nii nakwa bam kɔgɔ kom seeni ye o we, “Amo dwonna Isarele dwi tiina bam, ko ná ye chwei selo a na tɔge a ŋwea wone se ko ba ko yi zem to, foone tera a bochare ne, ye Wɛ yei konto.” 2Juu tiina kaanem yuu tu wom, o yere na ye Anania to, na nigi Pɔɔl na tage kolo to, o ma ta balo na zege Pɔɔl tei ne to se ba fere o ni. 3Pɔɔl ma leiri Anania o we, “Wɛ tete mo wó seene o mage nmo. Nmo nye de kabira kalo nɔɔna na fɔge to mo. Nmo ye wolo na jei se n di amo taane se ko tɔge Juu tiina nia yam mo, ye nmo tete mo chɔge-ya de n na pɛ ni we ba mage amo to.” 4Nɔɔna balo na zege Pɔɔl tei ne to ma ta ded‑o ba we, “Nmo jege debam kaanem yuu tu wom n twea!” 5Pɔɔl ma leiri-ba o we, “A dwonna bam, amo maŋe a yeiri we o seene o ye kaanem yuu tu wom mo. Ko popone Wɛ tɔnɔ kom ne ko we, n yé zaŋe n ŋɔɔne n chɔge wolo na ye yuu tu n dwonna wone to yiga.”
6Pɔɔl na lɔre we kɔgɔ kom nɔɔna badaara ye Saduka tiina, ye badaara de ye Farisi tiina to, o laam ma ŋɔɔne baŋa baŋa de kwor-dɛa ba kɔgɔ kom wone o we, “A dwonna bam, amo ye Farisi tu ye a kwori a ye Farisi tiina bu. Ba zem saŋe amo se ba di amo taane de a na jege teena we twa wó jwoori ba bi toone wone to ŋwaane.”
7O na tage konto o ti to, Farisi tiina bam de Saduka tiina bam ma bobo se ba mage ni-kantɔgɔ daane. Ba kɔgɔ kom maama ma pɔɔre belei. 8Kokuri to Saduka tiina bam bere we twa biim tera, ye ba tɛ we malese tera, chira de nam tera. Ko daare Farisi tiina bam maa bere we tento maama ye chega mo.
9Ba maama ma ke sɔɔ se ko tiini ko gaale. Wɛ nia zamesem tiina badaara na nwoŋi Farisi tiina kɔgɔ kom wone to ma zaŋe wɛɛne ba tɔne de dam ba we, “Debam wo nɛ kolo nɔɔno wonto na ke o chɔge to. Ko nam wó wane ko taa ye chega we chiru naa maleka mo ŋɔɔne ded‑o.”
10Ba ni-kantɔgɔ kom maa fɔge ko pula. Ko ma pa se foone zo soja tiina dedɛɛro wom we ba ga wó ja Pɔɔl ba vaŋe ba tore mo. O ma pa ni se o soja tiina bam zo kɔgɔ kom wo ba ja Pɔɔl ba wone ba ja nwoŋi, se ba daare ba ja‑o ba jwoori ba vo ba dam jei sem.
11Dɛ dem konto tete ne dé Teiru wom ma ba o zege Pɔɔl tei ne ye o we, “Ta‑n jege baare. Nmo maŋe n zege amo chega kam kwaga ne n bere Jerusalem tiina. Nmo nam jege se n daa‑n ke konto mo Rom teo ne de.”
Ba kwaane se ba go Pɔɔl
12Tega na poore to, Juu tiina badaara ma la se ba ke ni daane. Ba ma du de Wɛ we ba daa bá di wodiu naa ba nyɔ kolokolo se ko ta nii ba ná go Pɔɔl. 13Nɔɔna balo na ke ni daane konto to dwoi nɔɔna finna. 14Ba laam ma zaŋe ba vo ba kaanem yiga tiina bam de ba teo kom nakwa bam tei ba ta ba we, “Debam maama ke ni daane mo dé tiini dé du de Wɛ we, dé daa bá di kolokolo se ko taa nii dé ná go Pɔɔl. 15Ko laam daare se abam de á kɔgɔ kom maama mo toŋe ni soja tiina dedɛɛro wom tei ne se ba ja Pɔɔl ba nwoŋi ba ba ba pa abam. Abam wó ke se ko taa ye nenɛɛne á lage se á faŋe á nii o ni taane mo. Ko daare debam wó vo dé ke siri se dé go‑o chwoŋa ne ye o ta wo yi abam tei.”
16Pɔɔl nakɔ bu déem maa wora. O ma ni keim dem konto ŋwa. O ma zaŋe o vo o zo soja tiina dam jei sem o ta o bere Pɔɔl. 17Pɔɔl na nigi konto to, o ma bwoŋi soja tiina yiga tu dedoa se o ba. O ma ta ded‑o o we, “Ja nɔn-doŋo konto n vo n dedɛɛro wom tei, se o jege taane mo se o ta ded‑o.”
18Yiga tu wom ma tɔge o yiga o ja‑o o vo dedɛɛro wom tei. O ma ta o we, “Pɔɔl na ye peeno to mo bwoŋi amo o ta se a ja nɔn-doŋo konto a ba nmo tei, o na jege taane se o ta de nmo to ŋwaane.” 19Dedɛɛro wom ma ja o jeŋa o vaŋe‑o o ja nwoŋi dáa. O ma bwei‑o o we, “Nmo jege bɛ mo se n ta n bere-ne?”
20O ma ta o we, “Juu tiina kɔgɔ kom mo ke ni daane ba sɛ se ba jwa toŋe ni nmo tei ne se n ja Pɔɔl n vo ba kɔgɔ kom wo se ko taa ye nenɛɛne ba lage se ba faŋe ba nii o ni taane mo. 21Nam yé zaŋe n sɛ ba ni, kolo ŋwaane nɔɔna na dwoi nɔɔna finna to mo lage ba seigi ba tete chwoŋa ni ne se ba taa cheigi‑o. Ba maama nam dugi de Wɛ se ba yé di naa ba nyɔ kolokolo se ko taa nii ba na wó go Pɔɔl maŋa kalo to. Ba nam ti yiga mo se ba ke konto leile, ye ba laam cheigi se nmo ná sɛ ba ni dem.” 22Dedɛɛro wom na nigi konto to, o ma ta ded‑o o we, o yé ta o bere nɔɔn-nɔɔno we o tu o ta keim dem o bere‑o. O ma daare o pa se nɔn-doŋo kom viiri.
23Dedɛɛro wom laam ma bwoŋi o yiga tiina balei o ta de-ba o we, “Pa-na se soja tiina bia yalei (200) zaŋe se ba nwoŋi ba vo Kazaria, dedaane sisei dira fuserepɛ (70) de chichwoa dolena bia yalei (200). Á jege se á ke siri se á nwoŋi ko maŋe de luu nogo tete ne. 24Le-na sisei á pa Pɔɔl se o di, se o de wane o vo o yi gɔmena tu Feliki tei de yazura.”
25Dedɛɛro wom laam ma popone tɔnɔ tento:
26“Amo Kaludu Lusia popone tɔnɔ konto a pa nmo Feliki wolo na ye debam yuu tu gɔmena tu wom. A jɔɔne nmo.
27Juu tiina badwonna mo jaane nɔɔno wonto ye ba kwaane se ba go‑o. Amo nam lɔre we o ye Rom teo jeŋa nɔɔno mo. Konto ŋwaane amo de a nɔɔna bam ma vo dé jwoŋi‑o dé yage. 28A ya lage se a lɔre woŋo kolo ŋwaane ba na jaane‑o ba saŋe to mo. Mo kokuri a jaane‑o a vo a zege ba nakwa kɔgɔ kom yiga ne. 29A ma lɔre we ba saŋe‑o ba tete chullu tem ŋwaane mo. Kolokolo nam tera ko na maŋe se ba go‑o naa ba pe‑o. 30Nɔɔno nam mo tage o bere-ne we Juu tiina badaara mo ke ni daane se ba chɔge nɔɔno wom. Konto ŋwaane mo amo boŋe ye a toŋe‑o nmo tei ne. Amo ma ta de balo na saŋe‑o to we, ba ba nmo tei ba ta kolo na ke to.”
31Soja tiina bam laam ma zaŋe ba ja Pɔɔl ba nwoŋi, ne ba na pɛ-ba ni se ba ke tei to. Ba ma ja‑o tete dem konto ba vo ba yi Antipatera. 32Tega na poore to, soja tiina balo na vei tega ne to ma zege dáane ba jwoori ba vo ba dam jei sem. Ba ma daare sisei dira bam yerane mo se ba tɔge de Pɔɔl ba vo. 33Ba ma ja‑o ba vo ba yi Kazaria. Ba na yi da to, ba ma kwei tɔnɔ kom ba pa gɔmena tu wom ye ba ke Pɔɔl o jeŋa ne. 34O ma ga tɔnɔ kom ye o daare o bwei Pɔɔl o we, teo kɔ mo o nwoŋi? O na lɔre we o nwoŋi Kilikia to, 35o ma ta o we, “Nmo saŋena bam ná tua, amo wó bwei nmo taane dem a nii.” O ma daare o pa ni we ba ja Pɔɔl ba vo sɔŋɔ kolo Pɛ Herodi déem na lɔge to se ba pe‑o da ye ba taa yere‑o.",https://www.bible.com/bible/3661/ACT.23.KBG
KIKIA 24,"Feliki bwei Pɔɔl taane
1Da yanu na kɛ to, Juu tiina kaanem yuu tu Anania laam ma ba, o dedaane nakwa badaara. Lɔya tu wodwoŋi de tɔge o wo ba tei ne, o yere mo Tɛtulus. Ba ma vo ba jeini gɔmena tu wom yiga ne se ba tole kolo Pɔɔl na ke to ba bere‑o. 2Ba ma bwoŋi Pɔɔl se o ba. Lɔya tu Tɛtulus laam ma bobo se o ŋɔɔne taane dem. O ma tole o we, “Debam yuu tu Feliki, debam maama yei we, nmo kwaane n pa se debam logo kom jege ywoni se ko dáane. Nmo na jege debam tei to mo pɛ se n fɔge dé teo kom ye ko kɛ yiga. 3Nmo na ke kolo maama maŋa de maŋa naa jei de jei to, dé ke nmo lei ko ŋwaane kamunu kamunu. 4Amo nam ba lage se a ŋɔɔne dedɛ se ko daane nmo. Amo nam lwoori‑m se n cheigi debam na jege kolo fenfee se dé ta to. 5Debam maane we nɔɔno wonto jege nankɔɔre dedɛ. Logo baŋa ni maama ne o yeini o pa se bobɔga taa tui Juu tiina maama tetare ne. O maa kwori o ye yiga tu Nazarete tiina kɔgɔ kom wone. 6O ya ma maŋe o kwaane se o chɔge debam Wɛ diga kam chullu tem. Debam ma ja‑o. [Dé ya maa lage se dé tɔge debam Juu tiina chwei sem mo dé ma di o taane. 7Soja tiina dedɛɛro Lusia laam ma ba o vere‑o de dam debam jea ne. 8O ma pa ni we balo na saŋe Pɔɔl to ba nmo tei.] Nmo nam ná bwei‑o taane, nmo wó wane n lɔre o na ke kolo ye debam saŋe‑o to.”
9Tɛtulus na tage konto to, Juu tiina bam ma pu o kwaga we, o na tage kolo maama to ye chega mo.
10Gɔmena tu wom laam ma yeese o jeŋa Pɔɔl baŋa ne se o de daa tole o kwora. Pɔɔl ma ta o we, “Amo yei we nmo tei dé teo kom n nii ko baŋa ne se ko tiini ko dáane nenɛɛne bena dedɛ. Konto ŋwaane amo jege wopwolo se a zege nmo yiga ne a ŋɔɔne a jwoŋi a tete. 11Nmo tete nam wó lɔre we amo na vei Jerusalem se a zuli Wɛ to, ko ta wo dwoni da fuga-yalei zem dɛ dem ne. 12Juu tiina bam na nɛ amo Wɛ diga kam ne to, amo ba wora a mage ni-kantɔgɔ dedaane nɔɔn-nɔɔno. Ba nam wo nɛ-ne a na pɛ vuvuga zo nɔɔna tetare ne. Ko ná ye debam Juu tiina jeerim di sem ne naa jei de jei teo kom wone, ba wo nɛ a na ke konto dwoŋi. 13Wonnu telo maama ba na we a ke to, ba nam bá wane ba bere we te ye chega. 14Amo nam na wó sɛ a ta kolo de nmo to mo konto: Amo zuli Wɛ wolo na ye debam nabaara Wɛ to mo, ye a tɔge Wɛ chwo-doŋa kalo nɔɔna banto na tɛ ba we ka ye vwa to. Amo nam sɛ a tɔge wonnu telo maama na popone Wɛ nia yam tɔnɔ kom ne, de faŋa faŋa Wɛ sampwori sem twanno tem wone to. 15Amo nam jege teena Wɛ tei ne, ne nɔɔna banto de na jege teena tei we, twa maama wó jwoori ba bi toone wone, nɔn-ŋona de nɔn-balwaaro maama. 16Konto ŋwaane amo nam kwaane a ke kokeiri mo se a ke kolo maama na lana Wɛ de nabiina tei ne to, ye foone tera a bochare ne.
17Amo déem ya tere Jerusalem ne se ko maŋe de bena kɔgɔ kɔgɔ na kɛ to ye a laam jwoori a ba. Amo jaane sabu pɛɛra mo a ba se a pa a teo kom yiniga tiina badwonna, ye a daare a jege pɛɛra se a ma a kaane Wɛ. 18A na wora a ke konto to, Juu tiina bam ma ba ba na amo Wɛ diga kam wone. Ba na nɛ-ne konto to, de amo maŋe a kwɛ a tete de Wɛ a ti. Nɔn-kɔgɔ de maa tere a tei ne. Bobɔga de nam tera. 19Ko daare Juu tiina badaara na nwoŋi Asia teene dem wone to mo tɔge ba wora. Banto ya ná jege woŋo de amo, ko nam ya maŋe se banto mo ba ba zege nmo yiga ne, se ba ta kolo amo na ke a chɔge to. 20Amo na zege Juu tiina nakwa kɔgɔ kom yiga ne a ŋɔɔne to, nam pa se nɔɔna banto na zege ywo-seeni to ta ba na nɛ kolo amo na ke a chɔge to, 21ko ná dae woŋo dedoa yerane mo a taga. Amo na zege ba wone to, a ya ŋɔɔne de a kwora maama mo a we, ‘Abam zem nam di amo taane kolo ŋwaane a na sɛ we twa wó jwoori ba bi toone wone to.’ ”
22Pɔɔl na tage konto o ti to, Feliki ma pa se ba tiŋi taane dem. O déem maŋe o yei Wɛ chwo-doŋa kam na ye tei to chekke. O ma ta o we, “Soja tiina dedɛɛro Lusia ná tua, amo laam wó di abam taane dem a ti.” 23O ma pa soja tiina yiga tu wom ni se o ja Pɔɔl o vo o taa yere‑o, se o daare o pa‑o pwola se o badwonna wae ba zeini‑o de kolo o na lage to.
24Da fenfee na kɛ to, Feliki ma tɔge de o kaane Durusila o ba. Wonto ye Juu tu mo. Feliki ma pa se ba bwoŋi Pɔɔl se o ba. Ba ma cheigi Pɔɔl na wora o tɛ ko na ye tei ye nɔɔna ke ba wo-dedoa de Yezu Krista to. 25Pɔɔl ma daare o wora o tɛ keim-laaro tɔgem taane, de nɔɔna na wae ba tete ba jaana tei to. O ta ma ta o bere-ba Wɛ na wó ba o bore nɔɔna bora tei to. Pɔɔl na wora o tɛ konto dwoŋi to, foone ma zo Feliki. O ma ta o we, “Ko maŋe. Nam véi, se maŋa de maŋa, a ná lage‑m, a laam wó bwoŋi‑m.” 26O ya maŋe o boŋe we Pɔɔl wó kwei sabu mo o ma lwoori‑o. Konto ŋwaane mo o déem yeini o bwoŋi‑o maŋa maama o ŋɔɔne ded‑o.
27Bena yalei ma ba ya yi. Nɔɔno wodwoŋi ma ba o leiri Feliki yuu ne se o taa ye logo kom yiga tu. Wonto yere mo Pɔkia Fɛsitu. Feliki déem na lage se o pa Juu tiina bam wo pwoli to, o ma yage Pɔɔl peena diga kam ne se o taa wora.",https://www.bible.com/bible/3661/ACT.24.KBG
KIKIA 25,"Fɛsitu ŋɔɔne Pɔɔl taane
1Fɛsitu déem na tu o ji logo kom tu wom ye da yatɔ kɛ to, o ma zaŋe Kazaria ne o vo Jerusalem. 2O na vei o wora konto to, Juu tiina kaanem yiga tiina bam de ba yiga tiina ma vo o tei ba saŋe Pɔɔl. 3Ba ma tiini ba lwoori‑o se o woli-ba o pa Pɔɔl ba Jerusalem. Ko ye ba na ke ni daane se ba go Pɔɔl chwoŋa ne to ŋwaane mo ba lwoori Fɛsitu se o ke konto. 4O ma leiri-ba o we, “Pɔɔl wo Kazaria ne ye ba jege‑o ba yera. Ko nam bá dáane ye amo tete jwoori a vo da. 5Ko nam ná ye o ke woŋo mo o chɔge, á pa se á yiga tiina bam tɔge de amo ba vo se á laam saŋe‑o dáane.”
6Fɛsitu na ke nenɛɛne da nana naa da fuga ba teo kom ne to, o laam ma zaŋe o jwoori Kazaria. O na yi da ye tega poore to, o ma nwoŋi o jeini se o di taane dem. O ma pa ni se ba ja Pɔɔl ba ba. 7Pɔɔl na tu o ba o yi ba tei to, Juu tiina balo na nwoŋi Jerusalem ba ba to maa zege ba gilimi‑o. Ba ma bobo se ba taa tɛ wo-kamunnu dedɛ ba pa‑o. Ba nam ware ba ta kolokolo ye ba bere we ko ye chega. 8Pɔɔl ma ŋɔɔne o jwoŋi o tete ye o we, “Amo wo ke kolokolo na wó wane ko chɔge Juu tiina nia yam, de Wɛ diga kam chullu tem to. A nam wo ŋɔɔne kolo na wó chɔge Rom Pa-faro wom yuu to.”
9Fɛsitu déem maa lage se o pa Juu tiina bam wo pwoli. Konto ŋwaane o ma bwei Pɔɔl o we, “Nmo wó sɛ se n vo Jerusalem se a di nmo taane dáane na?” 10Pɔɔl ma leiri‑o we, “Amo nam maŋe a zege nɔɔno wolo Rom Pa-faro wom na pɛ‑o ni se o di amo taane to yiga ne mo. Ywo-seeni mo maŋe se á di amo taane dem. Ko ná ye Juu tiina bam, amo wo chɔge ba kolokolo. Nmo tete nam maŋe n yei we konto ye chega. 11Amo nam ná ke a tusi ye a ke kolo na maŋe se a te to, amo sɛ toone. Wonnu telo Juu tiina bam nam na ŋɔɔne ba pa amo to ná ba jege chega, nɔɔn-nɔɔno ba jege chwoŋa se o ja amo o ke ba jeŋa ne. Konto ŋwaane amo laam ke a tete Rom Pa-faro wom jeŋa ne mo se o di a taane.”
12Fɛsitu na nigi konto to, o ma ŋɔɔne de o kwaga nɔɔna bam, ye o laam daare o ta de Pɔɔl o we, “Nmo na ke n tete dé Pa-faro wom jeŋa ne to, n nam wó vo dáane mo.”
13Da fenfee déem na kɛ to, pɛ wodwoŋi o yere na ye Agiripa to ma zaŋe o tɔge de o nakɔ o ba Kazaria. O nakɔ wom yere mo Bɛnisi. Ba tu se ba jɔɔne Fɛsitu de o na jigi teo kom tu to ŋwaane. 14Ba na wora da yam konto ne to, Fɛsitu ma ta taane delo na wo Pɔɔl yuu ne to o bere pɛ wom. O maa we, “Nɔɔno mo wo ywo-seeni Feliki na jaane‑o o ke peena diga ne ye o yage‑o da. 15Amo nam vei Jerusalem ye Juu tiina kaanem yiga tiina bam de ba teo kom nakwa bam ta o taane ba bere amo. Ba ma ta ba we, ko maŋe se a di o taane a vane‑o mo. 16Amo ma ta-ba a we, debam Rom tiina ba jaane nɔɔno dé ke nɔɔna jeŋa ne ye o ta wo zege balo na saŋe‑o to yiga ne se o ŋɔɔne o jwoŋi o tete de ba na saŋe‑o kolo ŋwaane to. 17Ba laam ma tɔge de amo ba ba ywo-seeni. Amo maa wo pɛ se taane dem dim dáane. Tega na poore to, a ma zaŋe a nwoŋi se a di taane dem. A ma pa ni se ba ja nɔɔno wom ba ba. 18Balo na saŋe‑o to ma zaŋe se ba ŋɔɔne. Amo ya maa boŋe we ba lage ba ŋɔɔne wo-kamunnu ba pa‑o, ye ba nam wo ke konto. 19Ba na zaŋe ba ŋɔɔne kolo to ye ni-kantɔgɔ botare mo ba tete Wɛ chwoŋa kam wone. Ko ma woli de nɔɔno wodwoŋi na tega, o yere mo Yezu, ye Pɔɔl maa pae se o ŋwe. 20Amo boboŋa vugimi de a na wó ke tei a bwei ba taane dem to. Konto ŋwaane amo ma bwei Pɔɔl, se o ná wó sɛ o vo Jerusalem se a di o taane dem dáane. 21Pɔɔl ma lwoori se dé daa taa nii‑o mo ye dé yage taane dem se dé Pa-faro wom tete laam wane o di o taane. Konto ŋwaane a ma pa ni se ba taa yere‑o se ko taa nii maŋa kam a na wó wane a pa se o vo Pa-faro wom tei to.”
22Fɛsitu na tage konto o ti to, Agiripa laam ma ta o we, omo tete wó taa laga se o ni nɔɔno wom tete ni taane. Fɛsitu ma leiri‑o we, “Jwa ne mo nmo wó ni.”
23Tega daa na poore to, Agiripa de Bɛnisi ma zaŋe ba kwɛ nenɔŋa lanyerane ba nwoŋi. Soja tiina dedɛɛra dedaane teo kom yiga tiina ma tɔge ba kwaga ye ba vo ba zo taane dim jei sem. Fɛsitu laam ma pa ni pa se ba ja Pɔɔl ba ba ba zo. 24O ma ta Pɔɔl taane o we, “Pɛ Agiripa, de abam balo maama na wo ywo-seeni zem to, nii-na! Nɔɔno wonto mo ye wolo Juu tiina bam maama ywoba seeni, de Jerusalem ne na jege o taane ba ŋɔɔne de amo to. Ba maa tiini ba ŋɔɔne de dam we ko wo maŋe se nɔɔno wonto daa ta ŋwe. 25Amo nam wo nɛ kolo o na ke se ko maŋe se ba go‑o to. O nam na ke o tete Pa-faro wom jeŋa ne to, amo nam boŋe se a pa o vo dáane mo. 26Ko daare amo nam ba jege o woŋo kolo na jege kuri to se a popone a pa amo tu Pa-faro wom. Konto ŋwaane mo amo pɛ se o ba o zege abam yiga ne se á nii, ko fɔge ko dae nmo Pɛ Agiripa. Dé nam ná bwei‑o dé ti, ko wae ko pae se a nae o woŋo kolo a na wó popone a pa Pa-faro wom to. 27Amo boŋe we, ko bá taa jege kuri se a toŋe peeno se o vo Pa-faro wom tei, ye a wo tage o na jege taane woŋo kolo ŋwaane to.”",https://www.bible.com/bible/3661/ACT.25.KBG
KIKIA 26,"Pɔɔl ŋɔɔne o pa o tete
Kikia 9:1-19; 22:3-20
1Fɛsitu na ŋɔɔne o ti to, Agiripa laam ma ta de Pɔɔl o we, “Nmo jege chwoŋa se n ŋɔɔne n pa n tete.” Pɔɔl ma zeiŋi o jeŋa ye o laam daare se o ŋɔɔne o jwoŋi o tete. 2O maa we:
“Pɛ Agiripa, amo zem jege wopwolo de a na zege nmo yiga ne se a ŋɔɔne a jwoŋi a tete de Juu tiina bam na saŋe-ne wonnu telo maama ŋwaane to. 3Amo seene a jege wopwolo, nmo na tiini n yei Juu tiina chullu tem de ba ni-kantɔgɔ na ye tei to ŋwaane. Mo kokuri a lwoori‑m se n kwaane n cheigi a taane dem.
4Juu tiina bam maama maŋe ba yei amo ŋwea na ye tei a biini ne, se ko ba ko yi zem. Banto nam yei ba na loge-ne maŋa kalo ye a wo amo tete teo kom ne de Jerusalem ne to maama. 5Ba maa maŋe ba yei we ko ye boboa ne mo amo maŋe a tɔge a wo Farisi tiina kɔgɔ kom wone ye a tɔge a sɛ ba chullu tem na tiini te damma te dwoi debam Wɛ chullu tem maama to. Ba ná laga, ba ya wó wane ba ta we konto ye chega mo. 6Woŋo kolo ŋwaane ye a zege ywo-seeni zem se ba bwei amo taane to ye a na jege teena we, Wɛ wó bi twa toone wone ne o na pwooli de dé nabaara bam se o ke tei to. 7Debam Isarele dwia fuga-yalei maama tiini dé zuli Wɛ wea de tete maama ye dé jege teena se dé na Wɛ na gwoni o ni se o ke wonnu tento dwoŋi to. Pɛ, amo na jege o teena yam konto to mo pɛ se Juu tiina bam jege-ne ba saŋa. 8Wɛ nam bá wane o bi twa toone wone na? Bɛŋwaane mo abam ware se á sɛ konto?
9Ko ná ye amo tete de, a déem boŋe we, a ná wae kolo maama a ke se ko chɔge Yezu na ye Nazarete tu to yere. 10Amo ke tento maama Jerusalem ne. Juu tiina kaanem yiga tiina bam déem mo pɛ-ne chwoŋa se a taa jaane Wɛ tete nɔɔna a ke peena diga ne. Ba ta ná yeini ba go-ba, amo wó pu balo na go-ba to kwaga. 11Kuni dedɛ amo maa yeini a kare a vei Juu tiina jeerim di sem maama ye a jaane-ba a pa ba na waarem. A maa kwaane a fe-ba se ba twe ba Teiru wom yere. A bane na tiini de zaŋe de-ba to, a yeini a tɔge ba nɛ a vei teene yiga yiga ye a jege-ba a bɛɛsa.
12Dɛ dedwe mo a zaŋe a maa vei Damasika se a zeili Yezu nɔɔna konto dwoŋi. Juu tiina kaanem yiga tiina bam ya pɛ-ne chwoŋa de dam se a vo da a yaare-ba. 13Pɛ, debam déem wo chwoŋa ne mo dé via. Ko ye wea tetare ne mo. Amo ma na pwooni na tiini de dana de dwoi wea kam na ye tei to de nwoŋi wɛyuu ne de ba de kekare amo de balo na tɔge de amo to. 14Debam maama ma to tega ne. Amo ma ni kwora na ŋɔɔne de Juu tiina taane ka we, ‘Sɔɔl, Sɔɔl, bɛ mo ye n jege-ne n bɛɛsa konto? Nmo ke nenɛɛne nabea ná kwaane se ka ta wolo na jege-ka o pa to mo. Nmo wó jwoori n chɔge n tete mo.’ 15A ma bwei a we, ‘Amo tu, n ye wɔ mo?’ Dé Teiru wom ma ta o we, ‘Amo ye Yezu wolo nmo na jege n bɛɛsa to mo. 16Nam zaŋe n zege wɛɛne. Amo veere a tete a pa nmo se a wane a le‑m se n ta‑n ye a tontoŋeno mo, se n daare n pa se nɔɔna lɔre nmo zem na nɛ kolo amo tei ne, de kolo amo na wó bere nmo to. 17Amo wó jwoŋi nmo Juu tiina bam jeŋa ne a yage, de dwi-gɛ tiina bam jeŋa ne. Amo laam nam wó toŋe‑m se n vo dwi-gɛ tiina bam tei, 18se n pa ba yia puri n daare n le-ba lim wone n yage pwooni yiga ne. Nmo wó le-ba setaana pɛ dam wone n daare n ke-ba Wɛ jeŋa ne. Konto to, Wɛ wó yage ba wɛleera o ma chɛ-ba pa se ba na jeiŋa jei o tete nɔɔna bam wone, ba na ke ba wo-dedoa de amo to ŋwaane.’
19Pɛ Agiripa, Wɛ na le o bere-ne keim delo na nwoŋi o telaao ne to, a yɔɔre a sɛ-de mo. 20Amo bobo a ta Wɛ kwora a bere nɔɔna Damasika ne mo, de Jerusalem ne, ko woli de Judea teene dem maama ne, de dwi-gɛ tiina bam de tei ne. A bere-ba se ba leiri ba wo se ba daare ba pipiri ba taa tɔge Wɛ, se ba taa tɔge kikia yalo na wó bere we ba seene ba leiri ba wo to mo. 21Konto ŋwaane mo Juu tiina bam jaane-ne maŋa kalo a na wo Wɛ diga kam ne to. Ba ma kwaane se ba go-ne. 22Wɛ nam mo woli-ne se ko ba ko yi zem. Konto ŋwaane mo a zege ywo se a ta chega a bere nɔɔna maama, ko ná ye nɔn-kamuna naa nɔɔno de nɔɔno de. Amo na yeini a tɛ kolo to ye bedwe mo de faŋa faŋa Wɛ sampwori sem de Moses tete déem na tage we ko wó ke to. 23Konto mo ye we Wɛ Dam Tu Krista jege se o na yaara ye o ji wolo na wó da yiga o bi toone wone o vo Wɛ tei. O maa wó pa Juu tiina bam de dwi-gɛ tiina bam de na pwooni se Wɛ jwoŋi-ba.”
24Pɔɔl na wora o ŋɔɔne o pa o tete konto dwoŋi to, Fɛsitu ma zaŋe o ta de kwor-dɛa o we, “Pɔɔl, nmo yirisi mo! Nmo na zamese tɔnɔ dedɛ to mo pɛ n boboŋa tera konto.” 25Pɔɔl ma leiri o we, “Debam tu Fɛsitu, ko dae we a yirisi. Amo na zege a tɛ kolo to ye chega mo ye ko jege swa lanyerane. 26Pɛ Agiripa maŋe o yei wonnu tem konto ni ne. Amo wó wane a ŋɔɔne a taane ded‑o jaja. Amo yei we a na ŋɔɔne kolo maama to dae wo-doŋo o tei ne, kolo ŋwaane keim dem konto wo seigi de ke gugworo ne. 27Pɛ Agiripa, nmo sɛ faŋa faŋa Wɛ sampwori sem na bere kolo to na? A yei we n sɛ.” 28Agiripa ma ta de Pɔɔl o we, “Nmo boŋe se n ke lela n pa se amo tɔge a ji Krista bu mo na?” 29Pɔɔl ma leiri o we, “Ko ná ye lela naa ko ná dáane, amo lwoori Wɛ se o pa nmo de ji ne amo na ye tei to. Ko nam dae nmo yerane, se ko ye balo maama zem na jei ba cheigi amo taane dem to mo de. Amo lage se á maama ji ne amo tei, ko ná dae ba na vɔge-ne de chaponno tem to yerane mo a ba lage se á na.”
30Pɛ wom, de gɔmena tu Fɛsitu, de Bɛnisi, de balo maama na wora to laam ma zaŋe ba nwoŋi. 31Ba na nwoŋi to, ba maa ŋɔɔne daane ye ba we, “Nɔɔno wonto kikia wo maŋe se o na toone naa se ba ke‑o peena diga ne.” 32Agiripa ma ta de Fɛsitu o we, “Dé ya wó wane dé le nɔɔno wonto dé yage, ko ná dae o na ke o tete Pa-faro wom jeŋa ne to ŋwaane.”",https://www.bible.com/bible/3661/ACT.26.KBG
KIKIA 27,"Pɔɔl maa vei Yitalia
1Ba déem laam na boŋe se ba pa dé zo nabworo dé vo Yitalia to, ba ma ja Pɔɔl de peena badwonna ba ke soja yiga tu wodwoŋi jeŋa ne, o yere na ye Juliu to. O nwoŋi Pa-faro wom tete soja tiina kɔgɔ kom wone mo. 2Dé ma na nabworo, ko nwoŋi Adaramuta ye ko lage ko vo teene delo na wo Asia naneo kom ni ne to. Dé ma vo dé zo ko wo dé tɔge dé kɛ. Arisaka de ma tɔge debam o kɛ. Wonto nwoŋi Makedonia teo kodwoŋi ko yere na ye Tɛsaloni to mo.
3Tega na poore to, dé ma vo dé yi Sidon. Juliu ma duri Pɔɔl ŋwaŋa ye o pa‑o chwoŋa se o vo o badwonna tei se ba ke kolo o na lage to ba pa‑o. 4Dé ma zaŋe dé yage dáane se dé kɛ naneo kom wo. Vo-dɛɔ maa jeeri debam ko maga. Konto ŋwaane dé ma jwoori dé dale Kupirus teo buburu kom yera dé kɛ. 5Dé ma daare dé tɔge naneo kom wo dé vo dé da Kilikia dé Panfilia tei dé kɛ. Dé ma vo dé yi Lukia teo kodwoŋi, ko yere mo Mura. 6Dé na yi da to, soja yiga tu wom ma na nabworo kodwoŋi ko na nwoŋi Alɛzandaria ko maa vei Yitalia to. O ma pa se dé zo-ko. 7Dé maa wo naneo kom wone dé vei fenfee ye dé ke da kɔgɔ kɔgɔ. Ko ma tiini ko chamma ye dé vo dé yi Kanidu na bwola mɛ to. Vio kom na jeeri debam ko mage konto to, dé daa ma ware dé yɔɔre yiga dé kɛ. Konto ŋwaane dé ma vo dé dale Kiriti buburu kom yera dé kɛ dé da Salimwoni jei sem. 8Dé ma yɔɔre dé dale buburu kom yera. Ko ma tiini ko chamma ye dé laam yi jei selo yere na ye ‘Nabwooru Gugwor-laao’ to. Lasea teo kom bwola de jei sem konto.
9Debam ma tiini dé dáane jei sem konto ne. Ko ma ba ko yi maŋa kam ko na damma se nɔɔna ja nabworo ba zo naneo kom wo to. Juu tiina ni-vɔɔm dɛ dem maŋe de kɛ ye ko daare se bene dem mo ti. Pɔɔl ma kaane-ba o we, 10“A badwonna bam, amo na nɛ kolo to, dé ná zaŋe se dé daa kɛ, dé wó na dé chaveera. Dé wonnu maama lage te chɔge mo. Ko dae nabworo kom de ko zela yam yerane, ko wae se debam tete de ga dé ŋwea.” 11Pɔɔl na tage konto to, soja yiga tu wom maa wo sɛ o na tage kolo to, ye o daare o sɛ nabworo kom tu wom de wolo na chwo-ko to taane dem. 12Nabwooru gugworo kom mɛ ba na wora to ba lana se ba taa tigi da se vo-dɛɔ kom maŋa kam ba ka kɛ. Nɔɔna bam dedɛ boboŋa ma ja se ba zaŋe ba kɛ naneo kom wo se ba kwaane ba nii ba wó wane ba yi Fonikas na. Fonikas wo Kiriti ne ye ko jege nabwooru gugworo kolo kwaga na yage vio kom to mo. Ba ná yi da, ba wó wane ba taa tigi da se vio kom maŋa kɛ.
13Vio laam ma nwoŋi tega-kuri seeni ko dole mɛmɛ. Nɔɔna bam maa boŋe we, ba wó wane ba na chwoŋa ba ke kolo ba na boŋe to mo. Ba ma ti ba yiga se ba kwei nabworo kom ba kɛ. Ba maa dale Kiriti buburu kom yera ba maa kɛa. 14Debam maa wo yi yiga yiga ye vo-dɛɔ zaŋe ko zege bubɛ dem ne ko ba ko mage debam. Ba déem bwoŋi vio kom konto yere we, ‘Yurakulu’. 15Vio kom na tiini ko mage debam konto to, dé daa ma ware se dé pa nabworo kom yɔɔre vio kom na nwoŋi mɛ to. Dé na kwaane dé ga to, dé ma yage nabworo kom dé pa vio kom. 16Vio kom ma ja debam ko vo ko pa se dé dale buburu kodwoŋi yera pa se vio kom daa ba mage debam dedɛ. Bubɛ dem konto yere mo Kɔda. Dé ma tiini dé toŋe cham dé liiri nabworo-balaŋa kam dé ke nabworo-kamunu kom wone se ka yé chɔge. 17Nɔɔna bam na ke konto to, ba ma kwei ŋone ba pa se tɔge nabworo-kamunu kom kuri ye ba vɔ ko maama. Ba maa kɔre foone we vio kom wó zege ko mage-ba ko ja vo na-kwala jei selo yere na ye Suritis to. Konto ŋwaane ba ma kwaane ba cheiŋi nabworo kom pa se ko daa ba tiini ko dura, ye ba yage-ko ba pa vio kom. 18Vo-dɛɔ daa ta ma tiini ko mage debam. Tega na poore to, ba ma bobo se ba le nabworo kom zela yam ba dole ba yage na bam wone se ko daa ye taa duna. 19Tega daa na poore to, ba tete ma ma ba jea ba le nabworo kom yera wonnu ba de na bam wone. 20Ko déem ye da kɔgɔ kɔgɔ mo debam na wo nɛ wea kam de chalechwe sem. Vo-dɛɔ daa ta maa tiini ko mage debam ye ko ba yaga. Debam daa ba teena we dé wó wori.
21Nɔɔna bam maa na vei taa ye ba ba di wodiu to, Pɔɔl ma zaŋe o zege ba wone o ta-ba o we, “A badwonna bam, abam ya ná sɛ amo ni ye dé wo yage Kiriti, dé ya bá na chɔgem de chaveera yanto dwoŋi. 22Amo laam nam lwoori abam se á ta‑á jege pu-dɛa. A yei we abam wolowolo bá ga o ŋwea, se ko ye nabworo kom yerane mo wó chɔge. 23Ko ye diim tete ne mo Wɛ wolo na tei amo ye a ye o tontoŋeno to toŋe o maleka amo tei ne. 24Ka ma ta ka we, ‘Pɔɔl, ye ta‑n kɔre foone, se nmo jege se n vo n zege Pa-faro wom yiga ne mo. Wɛ ye ŋwaŋa tu ye o wó pa se nɔɔna balo na tɔge ba wo nabworo kom wone to de jwoŋi ba ŋwea.’ 25Konto ŋwaane, a badwonna bam, ta‑á jege-na pu-dɛa. Amo jege teena Wɛ tei ne we, maleka kam na tage o bere-ne kolo to wó seene ko ke. 26De konto de, vio kom jege se ko mage debam ko ja vo ko zege bubɛ dedwoŋi yuu ne.”
27Vio kom déem maa mage debam taa ko jege ko kɛa Adaria naneo kom wone. Ko ma yi debam da fuga-yana tete ne. Tete kokoro ne balo na chwo nabworo kom to maa boŋe we dé wora dé twɛ bubɛ mo. 28Ba ma kwei kandwɛ na leiga ŋwana ni ne ba de na bam wone se ba lɔre ba na luuna tei to. Ba ma na we na bam luuna ba maŋe nenɛɛne miita finna mo tei. Ko na ke fee to, ba daa ma ke konto ye ba na we na bam ta luuna ko maŋe de miita fintɔ. 29Ba ma kɔre foone we, vio kom wó mage nabworo kom ko ja vo ko mage de peero. Konto ŋwaane ba ma le nabworo kom zegem luuru tena ko kwaga ne ba de na bam wone. Ba ma daare ba lwoori Wɛ taa, se tega ba ka poore. 30Nabworo kom chwoona bam ma boŋe se ba lu se ba daare nabworo kom. Ba ma le nabworo-balaŋa kam ba de na bam wone ye ba ke nenɛɛne ba lage ba vo se ba le nabworo kom yiga luuru tem mo tei. 31Pɔɔl na lɔre ba na boŋe se ba ke tei to, o ma ta de soja yiga tu wom de o nɔɔna bam o we, “Nɔɔna banto ná nwoŋi ba daare nabworo kom, abam bá wane á jwoŋi á ŋwea.” 32Pɔɔl na tage konto to, soja tiina bam ma gwoni ŋone selo ba na mɛ ba lei nabworo-balaŋa kam to ba de-ka ba yage.
33Tega na wora ka poore to, Pɔɔl ma lwoori ba maama se ba zaŋe ba di wodiu. O ma ta de-ba o we, “Zem mo jege da fuga-yana lwia dedɛ na jege abam ye á peene kana á ba di wodiu. 34A nam lwoori abam se á zaŋe á di wodiu. Á ná wo ke konto, á bá wori. Á ta‑á yei we abam ba lage á yu-yua tete á ga.”
35Pɔɔl na tage konto o ti to, o ma kwei bworobworo o zege ba maama yiga ne o ke Wɛ lei ye o daare o fɔ-ko o wora o di. 36Ko ma pa se ba maama laam ke pu-dɛa ye ba di wodiu. 37Debam maama ni déem ye nɔɔna bia yalei de fuserepɛ-baredo (276) mo nabworo kom wone. 38Nɔɔno maama na di o zaŋe to, ba ma le mena ywollu tem nabworo kom wone ba de na bam wone, se ko daa yé taa duna.
39Tega laam na poore to, nɔɔna bam maa yeiri buburu kolo ni ne ba na wora to. Ba ma nii ba na gugworo na na vei ba tigi da to. Ba maa boŋe se ba nii ba wó wane ba pa se nabworo kom tɔge dáane ko bɛ na. 40Ba ma gwoni ŋone selo na leigi nabworo kom zegem luuru tem to ba yage pa se te misi na bam wone. Ba ma daare ba bwoli ŋone selo na vɔge nabworo kom naywi sem to se ba taa pae ko vei ne ba na lage tei to. Ba laam ma kwei gɔrɔ ba lei nabworo kom yiga ne se vio kom taa maga se ko yɔɔre ko bɛ. 41Nabworo kom ma vo ko yi na-kwala jei ko cheiŋi da. Ko yiga kam ma moore kasolo wone ye ka daa ware ka le. Ko daare na bam maa tiini ba pɔgele ye ba mage nabworo kom kwaga kam pa se ka wora ka chɔga yera yera.
42Soja tiina bam déem ma ke ni daane se ba ja peena bam ba go, se ba wolowolo yé zaŋe o yɛ o vere o tete ba jea ne. 43Ba yiga tu wom maa lage se o jwoŋi Pɔɔl ŋwea. O ma che-ba se ba yé ke kolo ba na boŋe to. O ma daare o pa ni se nɔɔna balo na wó wane ba yɛ ba nwoŋi to, se ba da yiga ba faŋe ba chu na bam wone se ba yɛ ba bɛ, 44se balo na daare to kwei nabworo kom da-dedwaaro tem naa ko wonnu telo na bwori to ba ma yɛ ba bɛ. Konto mo debam maama ke dé ma jwoŋi dé tete.",https://www.bible.com/bible/3661/ACT.27.KBG
KIKIA 28,"Ko na ke tei Maleta ne to
1Dé na wori dé bɛ bubɛ konto to, dé ma lɔre we bubɛ dem konto yere mo Maleta. 2Nɔɔna balo na zoore dáane to maa tiini ba jege debam ŋwaŋa. Doa maa bobo ka wora ka nena pa se waaro wora. Ba ma dwei mini ba pa debam maama se dé weeri. 3Pɔɔl ma puuri dɛ o wora o ke mini dem wone. Mini dem fonyogo ma pa se basankwea nwoŋi dɛ sem wone ka kekare Pɔɔl jeŋa ka lei da. 4Teo kom tiina bam ma na basankwea kam na leigi Pɔɔl jeŋa kam ne to. Ba maa tɛ daane ba we, “Keim dento bere we nɔɔno wonto ye nɔn-goro mo. O na lugi naneo kom wone to, ko nam wo maŋe se o taa ŋwe. Wɛ wo sɛ se o wori.”
5Pɔɔl ma miisi basankwea kam o de mini dem wone ye kolokolo wo ke‑o. 6Ba maa zege ba cheigi ba nii se o yera ga wó fole mo naa o pɔpɔ o to tega ne o te. Ba na cheigi konto taa to, ba maa wo nɛ we kolokolo ke‑o. Ba ma leiri ba boboŋa o ŋwaane ye ba daare ba we, “Nɔɔno wonto ye wɛ dedwoŋi mo!”
7Jeiga kam konto seeni nɔɔno wodwoŋi kara bwola da. Nɔɔno wom yere mo Pubilu. Wonto mo ye teo kom konto dedɛɛro. O ma jeeri debam lanyerane o sɔŋɔ ne. Dé ma ke da yatɔ da. 8O kwo maa tigi o weela. Paa de wo-zuru mo jege‑o. Pɔɔl ma zo o diga kam se o na‑o. O ma lwoori Wɛ o pa‑o, ye o zi o jea o baŋa ne pa se jaweo kom jei. 9O na ke konto to, teo kom tiina balo maama na weele to maa tui o tei ye o pa ba na yazura. 10Ba ma kwei pɛɛra dedɛ ba ja ba ba pa debam. Maŋa kalo dé daa na lage dé zo nabworo se dé kɛ to, ba ma ke kolo maama dé na lage to nabworo kom wone se dé ja kɛ.
Ba vo ba yi Rom
11Dé déem ke chane setɔ mo teo kom konto ne ye dé laam na nabworo kodwoŋi kolo ba na bwoŋi we ‘Wa-yeywa’ to. Ko déem nwoŋi Alɛzandaria mo ko ba ko zege bubɛ dem konto ni ne taa ye vo-dɛɔ kom maŋa kɛ. Dé déem ma zo ko wo se dé kɛ. 12Dé ma tɔge naneo kom wo dé vo dé yi Sirakuza. Dé ma peini da da yatɔ. 13Dé ma zaŋe dáane dé tɔge naneo kom wo dé vo dé yi Rɛgimu. Tega na poore to, vio ma zaŋe dé kwaga ne ko bobo se ko taa maga. Dé ma ke da yalei ye dé vo dé yi Putioli dé zege da. 14Dé ma nwoŋi nabworo kom wone dé vo dé maŋe de Yezu tɔgena badwonna. Ba ma lwoori debam se dé ke da yarepɛ ba tei ne. Dé ke konto mo ye dé laam vo dé yi Rom. 15Yezu tɔgena balo na wo Rom ne to ma ni debam ŋwa. Ba ma zaŋe Rom ne se ba nwoŋi ba jeeri debam chwoŋa ne. Ba déem tu ba yi Apiu yaga kam na wo mɛ to, ye badaara de déem ba jei selo ba na bwoi we ‘Veira Di Setɔ’ to se ba jeeri debam. Pɔɔl na nɛ-ba konto to, o ma ke Wɛ lei ye o daare o su de dam. 16Dé na vei dé yi Rom konto to, ba ma pa Pɔɔl chwoŋa se o taa zoore o na lage mɛ to, ye ba pa soja tu taa tɔge‑o o yera.
Pɔɔl bere Wɛ chega kam Rom ne
17Da yatɔ na kɛ to, Pɔɔl ma bwoŋi teo kom Juu tiina nakwa se ba tigisi daane. Ba na tu ba wora konto to, Pɔɔl ma ta de-ba o we, “A nu-bia bam, amo wo ke kolokolo a chɔge debam nɔɔna bam wo, naa a chɔge chullu telo dé nabaara bam na tiŋi ba pa debam to. De konto de, ba jaane amo Jerusalem ne ye ba laam ke-ne Rom tiina jeŋa ne se a taa ye peeno. 18Ba déem bwei-ne taane se ba nii. Ba maa wo nɛ amo na ke kolo a chɔge se ko pa ba go-ne to. Konto ŋwaane ba ya maa lage se ba yage amo. 19Juu tiina bam maa wo sɛ konto. Mo kokuri ko déem ye fefeo mo ko pa-ne se a ke a tete Rom Pa-faro wom jeŋa ne se o di a taane. Ko nam dae we amo ya jege taane mo de a tete dwi tiina bam. 20Konto ŋwaane mo amo bwoŋi abam se á ba se dé ŋɔɔne daane dé nii. Ba na vɔge amo de chaponno tem to, ko ye amo na sɛ wolo wom Juu tiina bam na jege o teena to ŋwaane mo.”
21Pɔɔl na tage konto to, ba ma ta ded‑o ba we, “Debam nam wo jwoŋi tɔnɔ Judea tiina bam tei ne ba na popone ba ta nmo taane to. Debam ta wo nɛ dé nu-bu wolowolo na nwoŋi da o ba o ta nmo taane o bere debam, naa o ta wo-balɔrɔ o pa nmo. 22Debam nam wó taa lage se dé lɔre nmo na jege kolo n boboŋa ne to. Kolo ŋwaane ko ná ye nmo na tɔge chwo-doŋa kalo to, dé maŋe dé yei we nɔɔna yeini ba ŋɔɔne ba yaale-ka jei maama ne mo.”
23Ba laam ma lage dɛ ba pa Pɔɔl. Dɛ dem na yi to, nɔɔna dedɛ ma ba jeiga kalo Pɔɔl na zoore da to. Ba na tu konto to, o ma tiini o ŋɔɔne o bere-ba taa, ko zege zezeŋa ne se ko vo ko yi dedaan-ni. O ma ta Wɛ paare dem na ye tei to o bere-ba. O ma ma Wɛ chega kalo na popone Moses nia tɔnɔ kom ne, de faŋa faŋa Wɛ sampwori sem twanno tem wone to o bere-ba, ye o kwaane se o pa ba sɛ chega kalo o na tɛ Yezu ŋwaane to. 24O na bere-ba konto to, badaara ma sɛ o taane dem. Badaara de maa wo sɛ. 25Ba ma zaŋe se ba viiri ye ba mage ni-kantɔgɔ daane Pɔɔl ya na tage kolo to baŋa ne. Ba ta na wo viiri to mo Pɔɔl tage taane dento o woli da:
“Wɛ Sin-laao kom déem tɔge Wɛ sampwora Izaya kwora mo ko ta chega de abam nabaara bam we:
26Véi a nɔɔna bam tei n ta de-ba we:
‘Abam wó fɔge á ta‑á cheigi Wɛ taane dem,
ye á bá ni de kuri.
Abam yia nam wó kwaane ya nii,
ye á na nɛ kolo to bá zo á yuu.’
27Kokuri nɔɔna bam konto boboŋa seene ya te mo.
Ba zwa de ma kwareme,
ye ba daare ba pu ba yia.
Ko ná dae konto, ba yia na nɛ kolo to
jege se ko zo ba yuu mo.
Ba zwa de ya jege se ya ni Wɛ taane dem,
ye ba boboŋa de wó lɔre de kuri.
Ba ya ná ke konto, ba ya wó pipiri ba sɛ amo Wɛ
se a pa ba na fɔgem.”
28Pɔɔl laam ma ta o kweeli o we, “Á nam ta‑á yei-na we Wɛ pɛ se dwi-gɛ tiina mo lɔre o na wó jwoŋi-ba o yage tei to. Banto nam mo wó sɛ.” [29O na tage konto to, Juu tiina bam ma nwoŋi o tei ne. Ba na maa viiri to, ba ma tiini ba mage ni-kantɔgɔ ba pa daane.]
30Pɔɔl déem ke bena yalei mo jei sem konto ne. O maa zoore o na lage mɛ to ye o ŋwe sabu. O maa yeini o jeeri nɔɔna balo maama na tui o tei se ba na‑o to. 31O maa yeini o bere Wɛ paare dem chega kam ye o tɔɔle dé Teiru Yezu Krista kwora. O déem ŋɔɔne de baare mo ye nɔɔn-nɔɔno wo chege o yiga.",https://www.bible.com/bible/3661/ACT.28.KBG
ROM 1,"1Amo Pɔɔl wolo na ye Yezu Krista kabaa to mo popone tɔnɔ konto. Wɛ mo tiŋi-ne se a taa ye Yezu totoŋa nakwe, ye o kuri-ne se a taa tɔɔle o kwor-ywoŋa kam.
2Faŋa faŋa to Wɛ maŋe o da o sampwori sem ŋwaane mo o pa se ba popone o tete tɔnɔ kom wone we, o pwooli se o toŋe o kwor-ywoŋa kam konto se nɔɔna lɔre-ka. 3Ka ye o Bu wom taane mo, wolo na ye debam Teiru Yezu Krista to. Wonto na jigi nabiinu to, ba loge‑o Pɛ David dwi tiina bam wone mo. 4Wɛ Sin-laao kom nam wo o tei ne de dam, ye Wɛ tɔge ko ŋwaane o bi‑o toone wone se ko bere we o seene o ye Wɛ Bu wom. 5Wonto ŋwaane mo Wɛ ke zaane debam yuu ne, se dé taa ye Yezu tontoŋena ye dé pa o yere zaŋe wɛɛne. O ma toŋe debam se dé vo dwi maama tiina tei ne dé pa ba sɛ‑o de ba wo maama, se ba daare ba taa tɔge o ni. 6Abam de tɔge á ye balo Wɛ na kuri se á ba á ta‑á ye Yezu Krista nyem to mo.
7Amo popone a pa abam balo na wo Rom ne ye Wɛ swoi abam pa se o kuri abam se á ta‑á ye o nɔɔna to.
Dé Kwo Wɛ, de dé Teiru Yezu Krista wó pa abam zaane de yazura.
Lei keim
8Da-yiga to, amo lage a da Yezu Krista ŋwaane a ke amo Tu Wɛ lei a pa abam maama, de nɔɔna na ŋɔɔne abam taane jei maama ne we á ke á wo-dedoa de Yezu to. 9Amo tiini a toŋe a pa Wɛ mo de a wo maama de a na tɔɔle o Bu Yezu kwor-ywoŋa kam tei to. Wɛ wó zege amo kwaga ne we, amo yeini a lwoori‑o, 10ye a guli abam gula o yiga ne maŋa maama. Amo ta yeini a lwoori‑o se, o ná sɛ, se o pa-ne chwoŋa se a ba abam tei leile konto. 11Abam fera tiini ya jege amo. A lage se a na abam, se Wɛ Sin-laao kom laam wane ko da amo ŋwaane ko zeini abam de Wɛ pɛɛre delo na wó pa á ta‑á jege dam to. 12Amo na lage kolo to mo ye se dé na baare da-tei ne, debam maama na jege wo-dedoa de Yezu to ŋwaane.
13A nu-bia bam, lɔre-na we amo kwaane mo kuni dedɛ se a lage chwoŋa a ba a na abam, ye a daa ta wo nɛ chwoŋa de zem maama. A lage a ba se a wane a jwoŋi nɔɔna abam wone a ke-ba Wɛ jeŋa ne, ne amo na maŋe a ke tei dwi-gɛ tiina badwonna tei ne to. 14Amo jege jene nɔɔna maama tei ne, ko ná ye balo yi na poore, naa balo yi na wo poore to, ko woli de swa tiina de balo ta na ba jege swa to. 15Konto ŋwaane mo amo tiini a lage se a ba a tɔɔle Wɛ kwor-ywoŋa kam a bere abam balo na wo Rom ne to de.
16Amo ba kɔre chaveera se a bere nɔɔna Wɛ kwor-ywoŋa kam. Wɛ kwora kam konto mo jege dam ye Wɛ tɔge ka ŋwaane o vere nɔɔna balo maama na ke ba wo-dedoa ded‑o to, ko bobo de Juu tiina bam mo ye ko laam ba ko woli dwi-gɛ tiina da. 17Ka ta bere nɔɔna Wɛ na wó ke tei o pa ba na chega o tei ne to. Ko maama nam zege wo-dedoa ŋwaane mo, boboa de kweelim maama. Wɛ tɔnɔ kom maŋe ko bere we, “Wolo maama na jege chega Wɛ tei ne to wó na ŋwea o wo-dedoa kam ŋwaane.”
Nabiina maama gɛ bora
18Baŋa Wɛ nam zege telaao ne o bere nɔɔna o bane na zaŋe de-ba tei to. O bane fuli nabiina baŋa ne ba wɛleera de ba keim-lwanno tem maama ŋwaane. Ba na tɔge wo-lwanno tem chwoŋa konto to mo pae se ba yeini ba kweele chega kam ba yage tega ne. 19Wɛ nam vaŋe ba zwa, kolo ŋwaane o maŋe o pa nɔɔna chwoŋa se ba lɔre o chega kam. Wɛ tete bere-ba o chega kam jaja ye ba wo sɛ. 20Nabiina ware se ba na Baŋa Wɛ de ba yia. Ko nam zege o na ke logo baŋa to, nabiina seene ba nae wonnu telo o na naane to. Ko ma pa ba wane ba lɔre lanyerane we o jege dam delo na ba jege tiim to ye o ye Wɛ chekke. Konto ŋwaane nabiina bá wane ba jwoŋi chwoŋa Wɛ tei ne. 21Ba maŋe ba yei Wɛ na ye wolo to, ye ba nam ba lage se ba taa ke‑o lei, naa ba zeiŋi o yere dem wɛɛne. Ko nam na ye tei to, ba boboŋa yam jigi kafɛ, ye ba bochare-fulwooru tem ye lim yerane mo. 22Ba maa pae se ba jege swa, ye ba nam ye nɔn-jworru mo. 23Ba ba sɛ se ba taa zuli Ŋwea Tu Baŋa Wɛ, ye ba daare ba zuli wonnu telo ba na mɔɔne de ba jea to. Ba yeini ba ke wonnu tem konto se te taa nye de nabiina na bá dáane ye ba te to, naa zuna, de vara, de tega-veila mo.
24Konto ŋwaane Wɛ yage-ba se ba taa tɔge wo-yɔɔro telo ba tete boboŋa na lage to. Ba maa yeini ba ke wo-zɔɔna, ye ba tɔge ka-laga kikia yalo na pae chaveera jaane-ba to. 25Ba ve Wɛ chega kam mo ye ba daare ba tɔge vwa. Ba maa yeini ba zuli wonnu telo Wɛ na ke to, ne te ye Wɛ tete mo tei. Ba ma daare ba yage wolo wom na ye te maama Keiru to. Wonto nam mo maŋe se o taa jwoŋi teem taa wuu. Ameena.
26Konto ŋwaane mo Wɛ yage-ba se ba taa tɔge wo-zɔɔna kikia yalo ba boboŋa na laga ye ya jege chaveera to. Kaana bam yeini ba chɔge ba tete baaro de kaane laŋa ne, pa se ba tɔge kikia yalo na wo maŋe de kaana to. 27Ko ye konto mo de baara de. Ba yeini ba ba lage kaana, ye ba pae se ba fera zoore ba dwonna baara se ba peini de-ba, nenɛɛne ko na wo maŋe se ba ke tei to. Baara yeini ba ke chaveera keim da-tei ne, ye ko pa ba na waarem delo na maŋe de ba tusim kikia yam to.
28Ko ta woli da, nɔɔna bam konto maa boŋe we, Wɛ chega kam ba jege kuri se ba taa jege-ka ba boboŋa ne. Konto ŋwaane, Wɛ ma yage-ba se ba taa tɔge ba boboŋ-yɔɔro tem kwaga, se ba taa ke wonnu telo ba na ba jege chwoŋa se ba ke to. 29Ba boboŋa maa sui de wo-balwaaro telo na ba tɔge chega chwoŋa to, de keim-lwanno dwi maama. Ba yi maa sui wonnu dedɛ. Ba tiini ba jege puseŋa, ye ba lage nɔɔna gom. Ba maa swoi nankɔɔre kikia ye ba gane ba dwonna. Ba maa yeini ba yaale nɔɔna. Ba ye bebare-nyena mo, 30ye ba ŋɔɔne ba chɔge ba dwonna yere. Ba maa chuli Wɛ, ye ba twe ba dwonna. Ba ta kwori ba ye banegero nyena, ye ba bere ba tete nɔɔna yiga ne. Ba tiini ba boŋe keim-balwaaro boboŋa. Ba ba nege ba tiina. 31Ba ba jege boboŋa. Ba maa yeini ba kwane ba ni. Ba ba jege ba dwonna swono, ye ba ba jege ba ŋwaŋa de. 32Ba nam maŋe ba yei Wɛ kwora kam na bere kolo we, balo na tɔge keim-balwaaro tento dwoŋi to maŋe se toone mo chɔge-ba. De konto de, ba ta yeini ba ke-te, ye ba lage se ba dwonna de tɔge ba ke-te.",https://www.bible.com/bible/3661/ROM.1.KBG
ROM 2,"Wɛ chega borem dem taane
1A nɔɔna bam, á boŋe we á jege chwoŋa se á yaale á dwonna mo na? Nmo nam ná yaale n dwoŋi, ko ye nmo tete yuu mo n chɔge, kolo ŋwaane nmo tete de ke wo-yɔɔro tem konto dwoŋi. Konto to, n bá‑n wane n jwoŋi chwoŋa Wɛ tei ne. 2Dé nam yei we, Wɛ na waare nɔɔna balo na ke wo-yɔɔro konto dwoŋi tei to tɔge chega mo. 3Se nmo na ye nabiinu to, nmo yaale n dwoŋi de o kikia yam konto, ye nmo tete yeini n ke-ya. Konto to, nmo bá wane n lu Wɛ waarem dem wone. 4Wɛ nam tiini o jege nɔɔna ŋwaŋa mo, de wo-zuru, de ban-peno. Nmo nam pae se wonnu tento ye kafɛ mo na? Ta‑n yei we, Wɛ na jege nmo ŋwaŋa tei to lage ka pa n na chwoŋa se n leiri n wo mo.
5Nmo nam jege yi-dɛɛre ye n ve Wɛ zaane dem. Konto wó pa se, Wɛ borem dɛ dem ná yia, n waarem dem wó tiini de puli nmo baŋa ne. Dɛ dem konto ne Wɛ bane wó zaŋe de nɔɔna, ye ba lɔre o borem dem na jege chega tei to. 6Wɛ wó pa se nɔɔno maama na o nyem se ko maŋe de o kikia yam na ye tei to. 7Nɔɔna badaara yeini ba vɔ ba wo ye ba ke wo-laaro mo, se ko pa ba na paare, de zula, de ŋwea kalo na ba pae toone to Wɛ tei ne. Wɛ wó pa banto ŋwea kalo na ba jege kweelim o tei ne to. 8Nɔɔna badaara nam wora ba na lage ba tete yerane wonnu. Ba maa yeini ba ve Wɛ chega kam ye ba daare ba tɔge tusim kikia. Wɛ waarem dem de o ban-zɔŋɔ kom wó ba banto baŋa. 9Nabiina balo maama na yeini ba ke wo-lwanno to wó yaare de cham delo Wɛ na ke ba yuu ne to. Juu tiina bam jege se ba yaare konto mo yiga, se ko laam ke dwi-gɛ tiina bam de da. 10Ko nam ná ye balo maama na tɔge keim-laaro to, Wɛ wó pa-ba paare, de zula, de ywoni. Juu tiina bam wó na konto mo yiga, se ko laam yi dwi-gɛ tiina bam de. 11Kokuri, Wɛ tɔge chega de o na ke nɔɔna maama tei to, ye o ba kuri-ba daane.
12Balo na yeiri Wɛ nia yalo o na ke Moses jeŋa ne to ná ke ba tusi, ba wó na chɔgem mo ye ko dae Wɛ nia yam ŋwaane. Ko daare balo Wɛ nia yam na tei-ba to ná ke ba tusi, Wɛ wó tɔge o nia yam konto baŋa ne mo o chɔge-ba. 13Kokuri, nɔɔna bá na chega de Wɛ ba na nigi o nia yam to ŋwaane. Ba nam ná seene ba tɔge Wɛ nia yam na bere tei to, ba laam wó na chega o tei ne. 14Dwi-gɛ tiina bam nam yeiri Wɛ nia yam se ba taa tɔge-ya. Ba tete boboŋa nam wae ya pae se ba tɔge chega kalo Wɛ nia yam na bere to. Ko maa bere we, ba maŋe ba yei kolo na maŋe se ba taa ke to, ye Wɛ nia yam ta tera ba tei ne. 15Ba kikia yam bere we chega kalo Wɛ nia yam na bere to tigi ba bochara ne. Ba boboŋa na pae ba tɔge chwoŋa kalo to de bere we konto ye chega, kolo ŋwaane ba boboŋa wae ya bere-ba we ba ke ba chɔge, naa ya ga bere-ba we ba jege chega. 16Ko wó taa ye konto mo Wɛ borem dɛ dem ne. Baŋa Wɛ wó da Yezu Krista ŋwaane o bore nɔɔna maama boboŋa yalo na seigi to. Mo amo na yeini a bere Wɛ kwor-ywoŋa kam tei to.
Wɔ mo ye Juu tu chekke?
17Nmo wolo na bere n tete we n ye Juu tu to, ko wó ke‑m tetɛ mo? Nmo dale Wɛ nia yam mo, ye n jege teera de n na tɔge Wɛ tei to. 18Nmo maŋe n yei Wɛ boboŋa na lage se n ke tei to. Nmo na zamese Wɛ nia yam to mo pɛ se n lɔre woŋo kolo na ye chega to. 19Nmo boŋe we n jege Wɛ pwooni n pae balo ta na wo lim wone to, ye n nye de lilwei vaŋeno se n pa nɔɔna tɔge Wɛ chwoŋa. 20Nmo ma‑n boŋe we n jege chwoŋa se n bere nayeiri-nyena, ye n daare n zamese balo boboŋa ta na wo kweere to. Wɛ nia yam na tiini ya bere yeino de chega kam maama to mo pae n boŋe konto. 21Nmo nam na bere n tete konto to, ko lana na? N yeini n jege n dwonna n bera. Bɛŋwaane mo ye n tete ba jwoŋi bera? N bere nɔɔna we, ba yé taa ŋɔna. Nmo tete ba ŋɔne na? 22N tɛ we, ba yé ke kabwoŋa kikia. Nmo tete ba ke kabwoŋa na? N chuli jwona. Nmo tete nam ba ŋɔne wonnu jwona yam di sem ne na? 23Nmo jege teera de Wɛ na ke o nia yam n jeŋa ne to. Nmo nam ba chɔge Wɛ yere dem mo, de n na jege o nia yam n chɔge tei to na? 24Ko popone Wɛ tɔnɔ kom ne we, “Ko ye abam Juu tiina kikia ŋwaane mo pae se dwi-gɛ tiina jege Wɛ yere dem ba yaala.”
25Abam yeini á gwoni á peina se ko bere we á ye Wɛ nɔɔna mo. Á ná kwaane á tɔge Wɛ nia yam, á peina gwonim jege kuri á tei ne. Ko daare, á ná chɔge Wɛ nia yam, á peina gwonim dem ye kafɛ mo. 26Dwi-gɛ tiina nam ba yeini ba gwoni ba peina. Ba wone dedoa nam ná tɔge chega kalo Wɛ nia yam na bere to, konto tu wó taa ye bedwe de Juu tu wolo na gwoni o peini se ko bere we o ye Wɛ nyem to. 27Dwi-gɛ tiina wó bere we abam Juu tiina ba jege chega. Á jege Wɛ nia tɔnɔ kom á tei ne, ye á gwoni á peina. De ko de, á ta yeini á chɔge Wɛ nia yam mo. Banto peina nam wo gwoni ye ba nam tɔge Wɛ nia yam mo.
28Ko dae wolo na bere o tete we o ye Juu tu to mo seene o ye Juu tu chekke Wɛ yiga ne. Ko nam ta dae we wolo yera na jege gwonim to mo seene o ye Wɛ nyem. 29Wɛ yiga ne, Juu tu chekke ye wolo bochare na pae o ye Wɛ nyem to mo. Wonto bochare na fɔge de kwɛ tei to mo nye de o peini dem gwonim chekke. Wɛ nia tɔnɔ kom bá wane ko fɔge nɔɔno bochare. Ko maa ye Wɛ Sin-laao kom keim mo. Nɔɔno wom konto dwoŋi nae zula Wɛ tei ne mo, se ko dae nabiina tei ne.",https://www.bible.com/bible/3661/ROM.2.KBG
ROM 3,"Juu tu dwoi dwi-gɛ tu na?
1Juu tu nam nɛ nyɔɔre se ko dwoni dwi-gɛ tu na? Ba ná gwoni Juu tu peini, ko jege wolim ko pa‑o na? 2Ɛɛ, ko tiini ko jege kuri. Yiga to, Juu tiina bam mo ye balo Wɛ na kwei o ni-botare sem o ke ba jeŋa ne to. 3Ba badaara nam wo ke ba wo-dedoa de Wɛ. Konto nam bá wane ko pa Wɛ taa ye wolo na nwoŋi o chega kam kwaga ne to. 4Kɔtaa. Nɔɔna maama ná maŋe ba ye vwa-nyena, Wɛ jege se o ta taa ye chega tu mo. Ko popone Wɛ tɔnɔ kom ne we:
“Nmo jege chega de nmo na ŋɔɔne taane delo to.
Nmo ná bore nɔɔna taane,
n ta jege chega mo.”
5Konto ŋwaane, dé ná maŋe dé tɔge tusim kikia, ko ta bere jaja we Wɛ tiini o jege chega. Konto maa pae se nɔɔna wae ba tɛ we, Wɛ ná waare-ba ba tusim kikia ŋwaane, o wo ke lanyerane. 6Konto nam ba jege kuri. Wɛ ya ná ba jege chega, o ya bá wane o di nabiina bora. 7Nɔɔna ta wae ba tɛ we, “Amo ná yeini a fɔ vwa, konto wae ko pa nɔɔna lɔre jaja we Wɛ tiini o ye chega tu mo, pa se o jwoŋi yere lanyerane. Ko na ye konto to, bɛ mo ye a jege se a na chɔgem a keim-balwaaro ŋwaane?” 8Konto ya ná ye chega, dé ya wó wane dé ta we, “Pa-na se dé taa toŋe lwarem, se ko wane ko ja lanyerane ko ba.” Nɔɔna badwonna bere we amo yeini a tɛ konto dwoŋi. Ba nam lage se ba chɔge amo yere mo. Ba tete wó na chɔgem se ko maŋe de ba kikia.
Wɔ mo jege chega Wɛ yiga ne?
9Ko bere we debam Juu tiina bam gare dwi-gɛ tiina bam na? Aawo, kɔtaa. Amo ya maŋe a ta jaja we nɔɔna maama wo wɛleera jeŋa ne mo, ko ná ye Juu tiina naa dwi-gɛ tiina bam de. 10Ko popone Wɛ tɔnɔ kom ne we:
“Nɔɔn-nɔɔno tera o na jege chega Wɛ tei ne,
de nɔɔno dedoa de.
11Nɔɔn-nɔɔno tera o na lɔre swa chekke.
Nɔɔn-nɔɔno tera o na lage Wɛ se o zuli‑o.
12Nɔɔna maama mɛ ba kwaga ba ya Wɛ,
ye ba maama tusi.
Nɔɔn-nɔɔno tera o na ke lanyerane,
de nɔɔno dedoa de.
13Ba nia maa ŋɔɔre,
ne yibeeli na puri to.
Ba maa mae ba dindeilima
ba gane nɔɔna.
Ba ni taane goe nɔɔna,
ne kapaa vea na ke tei to.
14Ba maa sɔɔle wo-balwaaro ba pa nɔɔna.
15Ba tiini ba lage lela de nɔɔna gom.
16Ba yeini ba chɔge nɔɔna pa ba na yaara dedɛ.
17Ba maa yeiri ywoni chwoŋa se ba tɔge-ka.
18Ba maa bere ba ba kɔre Wɛ.”
19Dé yei we kolo maama Wɛ nia tɔnɔ kom na bere to, ko popone ko pa balo ni-kaana yam na tei-ba to mo. Konto ŋwaane, nabiina maama wó ba ba zege Wɛ yiga ne se o bwei-ba, ye ba wolowolo bá wane o pore o ni se o jwoŋi o tete. 20Wɛ ni-kaana yam pae se nabiina lɔre we ba ke ba tusi. Nɔɔno ná maŋe o yɔɔre o tɔge-ya tei, konto bá wane ko pa o na chega Wɛ yiga ne.
Dé na wó na chega Wɛ tei ne tei to
21Leile konto dé laam lɔre Wɛ na tɔge chwoŋa kalo o pae se nɔɔna jege chega o tei ne to, ye ko ba zege o nia yam tɔgem baŋa ne. Moses de Wɛ sampwori sem de na bere tei faŋa faŋa to nam maŋe ko bere ko na wó taa ye tei to. 22Ko nam ye nɔɔna na ke ba wo-dedoa de Yezu Krista tei to ŋwaane mo Wɛ pae ba jege chega o tei ne. Balo maama na ke ba wo-dedoa ba sɛ Yezu Krista to wó na chega Wɛ yiga ne, kolo ŋwaane nɔɔna maama ye bedwe mo o tei ne. 23Nabiina maama tusi ye ba ware ba maŋe de Wɛ paare dem. 24Wɛ nam tɔge o zaane dem baŋa ne mo o pae se nɔɔna na chega o tei ne, Yezu Krista na ŋwe ba wɛleera jene o ma jwoŋi-ba to ŋwaane. Wɛ pae nɔɔna o zaane dem zɛɛra mo. 25O ma pa se Yezu ba o ji kaanem. O jana bam na nwoŋi konto to, o wane o saare nɔɔna wɛleera Wɛ yiga ne, ba na jege wo-dedoa ded‑o to ŋwaane. Wɛ ke konto mo se ko bere we o ye chega tu. Faŋa faŋa to o déem jege o tete mo ye o ba ke nɔɔna wɛleera o boboŋa ne se o chɔge-ba ya ŋwaane. 26Ko daare leile konto mo Wɛ bere we o ye chega tu de o na jwoŋi nɔɔna ba wɛleera wone ye o pa ba na chega o tei ne to. Konto maa bere we Wɛ jege chega ye o ta pae se balo maama na ke ba wo-dedoa de Yezu to de jege chega o tei ne.
27Ko na ye konto to, dé wó wane dé mage dé nyɔɔna bɛ baŋa ne mo? Kolokolo tera. Kolo ŋwaane ko dae dé na tɔge Wɛ ni-kaana yam to mo wó pa dé na chega. Ko nam ye dé na jege wo-dedoa to ŋwaane mo. 28Kokuri dé yei we nɔɔna wó na chega Wɛ tei ne ba wo-dedoa kam ŋwaane mo, ye ko dae ni-kaana yam tɔgem ŋwaane. 29Wɛ yiga wo Juu tiina bam yerane wone mo na? O yiga tera de dwi-gɛ tiina na? Aawo. O nii nabiina maama baŋa ne mo. 30Wɛ ye dedoa mo. Juu tiina ná ke ba wo-dedoa ded‑o, o wó pa ba na chega o yiga ne. Dwi-gɛ tiina de ná ke konto, o wó ke-ba bedwe mo. 31Konto nam ba bere we Wɛ ni-kaana yam daa ba jege kuri. Dé wo-dedoa kam bá wane ka leiri Wɛ ni-kaana yam yuu ne. Dé nam na jege wo-dedoa de Wɛ tei to pae se o nia yam tiini ya jege kuri mo.",https://www.bible.com/bible/3661/ROM.3.KBG
ROM 4,"Abaraham na nɛ chega tei to
1Á pa dé nii dé nabaaro Abaraham déem na ye tei ye o jege chega Wɛ tei ne to. Dé wó ta we o nɛ kɔ mo? 2Wɛ ya ná pɛ‑o chega o na ke keim-laaro to ŋwaane, o ya wó taa jege woŋo se o mage o nyɔɔne ko baŋa ne, se ko dae Wɛ yiga ne mo o wae o ke konto. 3Wɛ tɔnɔ kom nam bere debam we, “Abaraham sɛ Wɛ de wo-dedoa, ye Wɛ pa o na chega ko ŋwaane.” 4Ko nam ná ye nɔɔno ná toŋe totoŋa, o wó jwoŋi o ŋweero o totoŋa yam baŋa ne, ye ko dae pɛɛre mo o jwoŋi. 5Ko daare nɔɔno wolo ná maŋe o ba tɔge keim-laaro ŋwaane se o na chega Wɛ tei ne, ye o ta ke o wo-dedoa de Wɛ, Wɛ wó pa konto tu na chega o wo-dedoa kam ŋwaane. Wɛ mo ye wolo na pae se wɛ-lwɛɛna na chega o yiga ne. 6Pɛ David de maŋe o ŋɔɔne taane dento dwoŋi. O déem tage we, nɔɔno wolo Wɛ na pɛ se o na chega ye ko dae o keim-laaro ŋwaane to ye wopwolo tu mo. 7David maa we:
“Balo Wɛ na yage ba wo-balwaaro tem o ma chɛ-ba to jege yu-ywoŋo,
o na saare ba wɛleera to ŋwaane.
8Nɔɔno wolo na jege wɛleera
ye Wɛ ba ke-ya o bochare ne to jege yu-ywoŋo.”
9David na ŋɔɔne wopwolo kom taane to, o ŋɔɔne o pa balo peina na gwoni to yerane mo na? O nam ŋɔɔne o pa balo peina na wo gwoni to de mo. Dé maŋe dé lɔre we, “Abaraham ke o wo-dedoa o sɛ Wɛ, ye Wɛ pa o na chega ko ŋwaane.” 10Wɛ na pɛ o jege chega o tei ne konto to, ko ye o peini na maŋe de gwoni to mo na? Aawo, o peini ya ta wo gwoni mo. 11Ko ye ko kwaga ne mo ba gwoni o peini se ko taa ye maana we Wɛ maŋe o pa o jege chega o wo-dedoa kam ŋwaane ye ba ta wo gwoni o peini. Konto to, balo maama peina na wo gwoni ye ba ke ba wo-dedoa de Wɛ pa se ba na chega o tei ne to ye Abaraham dwi tiina chekke mo. 12Balo maama na ke ba wo-dedoa de Wɛ ye ba maŋe ba gwoni ba peina to de ye Abaraham dwi tiina mo, de ba na tɔge Abaraham déem na jege wo-dedoa ye ba ta wo gwoni o peini tei to.
13Ko dae Abaraham na tɔge Wɛ ni-kaana yam tei to ŋwaane mo pɛ se Wɛ pwooli se o zeini Abaraham de o dwi tiina bam. Ko nam ye Abaraham na jege wo-dedoa de Wɛ ye o na chega o tei ne to ŋwaane mo pɛ Wɛ pwooli we, o wó pa o ba o taa tei logo kom. 14Ko ya ná ye balo na boŋe se ba na chega Wɛ tei ne de ba ni-kaana tɔgem to mo wó ba ba taa tei logo kom, ko ya wó pa se wo-dedoa tɔgem daa ta ba jege kuri, ye Wɛ kampwola kam de wó ji kafɛ mo. 15Wɛ ni-kaana yam mo pae o bane zaŋe de nɔɔna de ba na chɔge-ya to ŋwaane. Ni-kaana nam ná tera, nɔɔna bá wane ba lɔre we ba chɔge-ya.
16Dé lɔre we ko ye Abaraham wo-dedoa kam ŋwaane mo pɛ se Wɛ pwooli kampwola ded‑o, se o wane o pa-ka zɛɛra. Konto to, Abaraham dwi tiina bam maama wó seene ba na wo-laaro telo Wɛ na tiŋi o ni se o pa-ba to. Ko dae balo na jege Wɛ ni-kaana yam ba tɔge to yerane mo wó na-te, se ko ye balo de na jege wo-dedoa de Wɛ ne Abaraham de na jege tei to mo. Konto ŋwaane, debam maama wó wane dé bwoŋi Abaraham we dé nabaaro. 17Wɛ déem tage de Abaraham o we, “Amo gwoni a ni se a pa n ji dwi tiina dedɛ nabaaro.” Abaraham na ke o wo-dedoa de Wɛ to, o seene o ye dé nabaaro Wɛ yiga ne. Wɛ nam mo bi nɔɔna toone wone o pa-ba ŋwea, ye o ŋɔɔne wonnu telo ta na tera to, ne te na maŋe te wora tei to. 18Wɛ déem na tage de Abaraham we, o dwi tiina wó puli to, Abaraham maa yeiri Wɛ na wó ke tei o ke konto. De konto de, o jege teena lanyerane, ye o ke o wo-dedoa o sɛ Wɛ ni dem. Konto ma pa se o seene o ji dwi tiina dedɛ nabaaro, nenɛɛne Wɛ na tage we o dwi dem wó puli tei to. 19Abaraham déem na yi bena bi to, o ma na we o yera tiini ya bugi ye o ga fee se o te. O ma daare o na o kaane Sara de na kwe dedɛ ye o kɛ lora to. De konto maama o déem wo pɛ se o wo-dedoa kam chɔge. 20O maa ba jege boboŋa yalei de Wɛ na pwooli se o pa‑o kolo to. O nam tiini o zege lanyerane de o wo-dedoa kam mo, ye o zeiŋi Wɛ yere. 21O maa seene o yei lanyerane we, Wɛ wó wane o ke kolo o na pwooli se o ke to. 22Ko ye konto ŋwaane mo ko popone we, “Wɛ ma pa o na chega o wo-dedoa kam ŋwaane.” 23Ko nam na popone we, “Wɛ ma pa o na chega” to, ko dae Abaraham yerane ŋwaane mo ko popone konto. 24Ko nam popone debam de ŋwaane mo. Kokuri, Wɛ wó pa debam de na chega o tei ne, dé na ye balo na ke dé wo-dedoa dé sɛ‑o to ŋwaane. Wonto nam mo ye wolo na bi dé Teiru Yezu toone wone to. 25Wɛ nam mo ke Yezu nabiina jeŋa ne pa se o te debam wɛleera ŋwaane. O ma daare o bi‑o toone wone pa se o jwoori o na ŋwea, se ko pa dé na chega o tei ne.",https://www.bible.com/bible/3661/ROM.4.KBG
ROM 5,"Debam de Wɛ na fɔge daane tei to
1Dé na ke dé wo-dedoa de Wɛ to mo pae dé jege chega o yiga ne. Konto ŋwaane, dé na me de dé Teiru Yezu Krista to mo pae debam de Wɛ fɔge daane. 2Yezu mo jaane debam o vo o zege Wɛ yiga ne, ye Wɛ ke debam zaane dé wo-dedoa kam ŋwaane. Konto to, dé jege teena we dé wó na paare Wɛ tei ne, ye ko pae debam wo pwoli lanyerane. 3Dé nam ta jege wopwolo dé yaara yam baŋa ne, kolo ŋwaane dé yei we yaara wae ya pae se dé fɔge dé zege mo de pu-dɛa. 4Dé pu-dɛa kam laam maa pae dé jege boboŋ-dɛɛra de Wɛ. Dé boboŋ-dɛɛra yam ta mo pae dé jege teena Wɛ tei ne. 5Dé na jege teena konto to bá pa dé na dé chaveera, kolo ŋwaane Wɛ tiini o ke o swono debam bochara ne, de o na pɛ o Sin-laao kom ta wo debam tei ne to.
6Debam ta na bwona ye dé ware dé jwoŋi de tete to, Yezu Krista tega maŋa kalo Wɛ boboŋa na kuri se o ma o jwoŋi wɛ-lwɛɛna ba wɛleera wone o yage to mo. 7Nɔɔn-nɔɔno bá sɛ se o zaza o te o dwoŋi ŋwaane, de o dwoŋi wom na ye chega tu tei to de. Dɛ delo nɔɔno bá kɔre foone se o te o dwoŋi nɔn-ŋom ŋwaane. 8Ko nam ná ye Baŋa Wɛ, wonto bere debam o na tiini o jege debam swono tei to de o na pɛ se Yezu Krista ba o te debam ŋwaane ye dé daa ta tɔge wɛleera chwoŋa to. 9Yezu na tega ye o jana bam nwoŋi to mo pɛ dé na chega Wɛ yiga ne. Konto to, ko tiini ko ye chega we, o laam wó jwoŋi debam Wɛ ban-zɔŋɔ kom wone. 10Debam ya ye Wɛ dona mo. O Bu wom toone dem nam mo pɛ se debam de Wɛ fɔge daane. Debam laam na ye Wɛ nɔɔna to, ko tiini ko ye chega we, Wɛ wó da o Bu wom ŋwea ŋwaane o jwoŋi debam ŋwea. 11Ko ta woli da, dé jege wopwolo lanyerane de Wɛ na zeini debam dé Teiru Yezu Krista ŋwaane to. Wonto mo pore chwoŋa se debam de Wɛ ba dé fɔge daane.
Adam de Yezu Krista memaŋe
12Nabiinu dedoa ŋwaane mo pɛ se wɛleera ba logo baŋa, ye wɛleera de ja toone ya woli da ya ba. Konto to, nabiina maama jege se ba te, ba maama na ke wɛleera to ŋwaane. 13Wɛ déem ta na wo ke o ni-kaana yam o nɔɔna jeŋa ne to, de wɛleera maŋe ya wora mo logo baŋa ne. Ni-kaana nam na tera to, Wɛ ba ke nɔɔna wɛleera o boboŋa ne. 14Maŋa kam konto ne, ko zege Adam maŋa kam ne se ko vo ko yi Moses maŋa kam, toone nam maŋe de wae nabiina pa se ba maama toa. Toone maa wae balo de na ke ba tusi, ye ko dae nenɛɛne Adam déem na ke tei ye o chɔge Wɛ ni dem to.
Adam nam bere debam Yezu ya na lage o ba se ko taa ye tei to. Ba nam dae bedwe. 15Adam déem na ke o tusi tei to dae bedwe de Wɛ na ke tei o zeini debam zɛɛra to. Nabiinu dedoa kam konto tusim dem mo pɛ se nɔɔna dedɛ tɔge ba te. Wɛ zaane dem nam dwoi konto ye o toŋe nabiinu dedoa Yezu Krista o pa nɔɔna zɛɛra se wonto ke zaane o ke ba yuu ne. 16Wɛ na kwei pɛɛre dem o pa nɔɔna zɛɛra konto to dae bedwe de nabiinu dedoa kam na ke o tusi tei to. Wonto na ke o tusi bedwe to mo pɛ se Wɛ bore nɔɔna o chɔge. Ko daare nɔɔna dedɛ na ke ba tusi to, Wɛ zeinim dem nam pɛ se ba wɛleera dedɛ saare ye ba na chega o tei ne. 17Nabiinu dedoa kam tusim dem mo pɛ se toone tɔge wonto ŋwaane de ba, ye de ta wae nɔɔna de dam. Ko nam tiini ko ye chega mo we, nabiinu dedoa Yezu Krista mo pɛ nɔɔna chwoŋa se ba taa jege Wɛ ŋwe-doŋa kam de dam. Balo maama Wɛ na yɔɔre o ke zaane ba yuu ne pa se ba jege chega o yiga ne to mo wó na o ŋwe-doŋa kam konto Yezu Krista ŋwaane.
18Dé nam lɔre we Adam na ke o tusi bedwe to mo pɛ se nabiina maama na chɔgem Wɛ tei ne. Yezu Krista keim-laao dedoa kam nam mo pɛ se nɔɔna maama na chega Wɛ tei ne, ye ba jege Wɛ ŋwe-doŋa kam. 19Nabiinu dedoa kam na ve Wɛ ni dem to mo pɛ se nɔɔna dedɛ tɔge o ŋwaane ba taa ye nɔn-chechɔgero. Nɔɔno dedoa kam nam na sɛ Wɛ ni to de wó pa se nɔɔna dedɛ taa jege chega Wɛ yiga ne.
20Wɛ déem ke o ni-kaana yam nɔɔna jeŋa ne se ko pa tusim mo fɔge de puli jaja. Wɛleera nam na puli konto to, Wɛ na ke nɔɔna zaane tei to mo tiini ko puli dedɛ. 21Konto to, wɛleera tɔge toone ŋwaane mo ya maa tei nɔɔna. Wɛ zaane dem nam tɔge o na pae nɔɔna chega tei to baŋa ne de maa zeini nɔɔna lanyerane se ba taa jege ŋwea kalo na ba jege kweelim Wɛ tei ne to dé Teiru Yezu Krista ŋwaane.",https://www.bible.com/bible/3661/ROM.5.KBG
ROM 6,"Wɛ ŋwe-doŋa kam taane
1Wɛ zaane dem na daga to, dé nam wó ta bɛ mo? Dé wó wane dé ta we, dé jege chwoŋa se dé taa ke wɛleera se ko wane ko pa Wɛ zaane dem tiini de puli dé tei ne mo na? 2Aawo, dé bá ta konto dwoŋi. Wɛleera seeni debam nye de twa mo. Konto to, dé ba jege chwoŋa se dé taa ke wɛleera dé ŋwea wone. 3Debam balo maama na jwoŋi sɛɛm se dé taa ye Yezu Krista nyem to, ko bere we dé tɔge dé sɛ o toone dem mo. Abam yeiri konto na? 4Konto ŋwaane, dé na jwoŋi sɛɛm to, ko nye de ba suli debam de Yezu daane mo, se ko bere we dé tɔge ded‑o de te. Konto ma pa dé tɔge de Yezu Krista dé na Wɛ ŋwe-doŋa kam, ne dé Kwo Wɛ na mɛ o paare dem dam o bi Yezu toone wone o pa o na ŋwea tei to.
5Debam na me de Yezu to mo pɛ dé tɔge ded‑o dé te wɛleera seeni. Konto ŋwaane, dé daa ta wó tɔge ded‑o dé bi toone wone. 6Dé yei we, ba na page Yezu dagara kam yuu ne ba go to, dé ŋwe-dwoŋa kam de tɔge da ka te mo, pa se wɛleera daa yé taa wae dé yera yam. Konto to, dé laam tei dé tete mo wɛleera jeŋa ne, 7kokuri to wɛleera daa bá wane ya taa tei wolo na maŋe o tɔge de Yezu o te to.
8Dé na tɔge de Yezu Krista dé te to, dé jege teena we dé wó tɔge dé na ŋwea o tei ne. 9Kokuri dé yei we Yezu Krista bi toone wone ye o daa bá jwoori o te. Konto ŋwaane, toone daa bá wane‑o de taa tei. 10Yezu na tege konto to, ko ye se o che wɛleera dam mo. O tege bedwe yerane mo o ma kweeli. O laam na jege ŋwea tei to mo o ŋwe o pa Wɛ. 11Ko ta ye konto mo abam de tei ne. Ko ná ye wɛleera seeni, se á maane we á nye de twa mo. Ko nam ná ye ŋwea kalo á na jege to, á ŋwe á pa Wɛ mo, á na me de Yezu Krista to ŋwaane.
12Konto ŋwaane abam daa yé pa se wɛleera di dam á yera yam na wó te to baŋa ne. Á nam yé sɛ á pa wo-zɔɔna yalo á fera na zoore to. 13Yé sɛ-na á kwei á yera yam á ke wɛleera dam jeŋa ne, se ko pa á ta‑á ke keim-balwaaro. Nam kwei-na á tete á ke Wɛ jeŋa ne, á na ye balo Wɛ na jwoŋi toone wone ye á jege ŋwea o tei ne to ŋwaane. Kwei-na á maama á pa Wɛ se o wane o ma o toŋe kolo na ye chega to. 14Wɛleera daa ba jege se ya taa tei abam, kokuri to, á na jege ŋwea Wɛ tei ne to dae o nia yam ŋwaane, ko nam ye o zaane dem ŋwaane mo.
Wɛ vere debam wɛleera jeŋa ne
15Ko nam bere debam we bɛ mo? Dé na jege ŋwea Wɛ tei ne o zaane dem ŋwaane ye ko dae o nia yam ŋwaane to bere we dé jege chwoŋa se dé taa ke wɛleera na? Aawo, dé bá sɛ konto. 16Á yei we, á ná kwei á tete á ke nɔɔno jeŋa ne se á ta‑á ye o kabɛ ye á sɛ o ni, á seene á ye á na sɛ á pa wolo to kabɛ mo. Konto to, á wae á ye wɛleera kabɛ se toone laam ba de ja abam, naa á wae á ye kabɛ selo na toŋe á tɔge Wɛ ni to se á daare á na chega o tei ne. 17Amo nam ke Wɛ lei de abam déem na ye kabɛ wɛleera jeŋa ne, ye á laam ke á tete Wɛ chega kam jeŋa ne se á ta‑á tɔge-ka de á bochara maama. 18Wɛ mo vere abam wɛleera jeŋa ne, ye á laam ba á ji kabɛ o chega kam tei ne.
19Abam nam na ba jege boboŋ-dɛɛra to mo pae se amo maŋe nabiina memaŋa a ma bere abam konto dwoŋi. Abam déem kwei á maama á sɛ wo-digiru de lwarem kikia se á ta‑á ye kabɛ ya tei ne, ye á toŋe wo-lwanno ko ja gaale. Abam laam nam jege se á kwei á maama mo á sɛ Wɛ chega kam, se á ta‑á ye ka kabɛ ye á bochara ba ya kwɛ fase. 20Abam déem na ye wɛleera kabɛ to, á tei á tete mo Wɛ chega kam jeŋa ne. 21Abam na ke wo-yɔɔro telo to déem jege bɛ nyɔɔre mo te pa abam? Chaveera laam jege abam te baŋa ne. Wonnu tento kweelim jei nam pae toone mo. 22Ko daare leile konto, Wɛ vere abam wɛleera jeŋa ne ye á laam ye o kabɛ mo. Konto ŋwaane, á jege nyɔɔre de á bochara na fɔge ya kwɛ tei to, ye ko kweelim jei mo wó pa á na ŋwea kalo na ba jege kweelim Wɛ tei ne to. 23Ŋweero telo dé na jwoŋi wɛleera baŋa ne to mo ye toone. Ko daare Wɛ pɛɛre delo o na pae debam zɛɛra to nam mo ye ŋwea kalo na ba jege kweelim o tei ne to, dé na me de dé Teiru Yezu Krista to ŋwaane.",https://www.bible.com/bible/3661/ROM.6.KBG
ROM 7,"Ban-zore memaŋe
1A nu-bia bam, á maama yei ni-kaana na ye tei to. Konto ŋwaane á yei we ni-kaana yam wó taa tei nɔɔno se ko taa vei o toone. O ná tega, ya daa ba tei‑o. 2A lage a bere abam ko na ye tei to. Kaane ná zo baro, Wɛ ni dem bere we o baro wom ta ná ŋwe, o ba jege chwoŋa se o yage o baro wom. O baro wom nam ná tega, o yiga le Wɛ ni dem konto ne. 3Konto ŋwaane, o baro wom ta ná ŋwe, ye o ná vei o zo baro wodwoŋi, Wɛ ni dem bere we o ke wɛleere mo. O baro wom nam ná tega, o yiga le ni dem konto ne. O laam ná zo baro wodwoŋi, ko ba bere we o chɔge Wɛ ni dem konto.
4A nu-bia bam, ko ye konto mo de abam de. Wɛ ni-kaana yam seeni ko nye de debam maama tege mo, dé yera yam na gwaane de Yezu Krista yera yam na tege to ŋwaane. Konto ma pa dé yiga le ni-kaana yam wone, ye dé jege chwoŋa se dé ke dé tete nɔɔno wodwoŋi jeŋa ne. Wonto ye wolo na bi toone wone to mo. Ko maa pae se dé jege nyɔɔre dé pa Wɛ. 5Dé déem na ke dé boboŋ-yɔɔro na lage kolo to, ko ye Wɛ ni-kaana yam mo pa se dé fera zoore keim-lwanno ye dé tɔge-te. Ko déem ma pa se dé jege nyɔɔre dé pa toone yerane. 6Ni-kaana yam déem peene debam de dam. Leile konto dé yiga laam le ya wone, dé na tɔge de Yezu dé te to ŋwaane. Konto to, dé na toŋe dé pwoli Wɛ wo tei to tɔge o Sin-laao kom na wo dé bochara ne to ŋwaane mo. Dé tɔge chwo-doŋa kam konto, ye ko dae chwo-dwoŋa kalo na zege ni-kaana yalo na popone tɔnɔ ne to ŋwaane.
Ni-kaana na ye tei to
7Bɛ mo dé nam wó ta Wɛ ni-kaana yam seeni? Ya tete jege tusim mo na? Aawo, ko dae konto. Wɛ ni-kaana yam nam mo pɛ se amo lɔre tusim na ye tei to. Wɛ ni-kaana yam ya ná wo bere-ne we, “Yé pa n yi taa sui n dwonna wonnu”, a ya bá taa yei we yi sum n dwonna wonnu ye wɛleere mo. 8Wɛ ni dem konto nam mo pɛ tusim na chwoŋa de zo a boboŋa pa a yi taa sui wonnu dedɛ. Ni-kaana nam ná tera, tusim bá taa jege dam. 9Amo tei ne, a déem ya yeiri Wɛ nia yam ye a ta jege ŋwea. Amo laam ma ba a lɔre Wɛ ni dem na bere kolo to. Tusim ma na dam se de ja-ne, 10ye a lɔre we a seene a ga a ŋwea Wɛ tei ne. Konto ŋwaane, Wɛ ni delo na jege se de pa nɔɔna ŋwea to laam ma pa se toone ja amo. 11Wɛ ni dem mo pɛ se tusim na chwoŋa se de gane amo. Tusim ma tɔge Wɛ ni dem baŋa ne mo de pa toone ja-ne. 12Wɛ ni-kaana yam tete nam ba jege tusim. Nia yalo maama Wɛ na pɛ debam to ba jege tusim. Ya nam lana dedɛ ye ya jege chega.
13Konto nam bere we Wɛ nia yalo na lana to mo jaane toone ya ba amo baŋa na? Aawo. Ko nam ye tusim mo tɔge Wɛ nia yalo na lana to baŋa ne de pa toone ja amo. Konto ke se nɔɔna wane ba lɔre tusim na seene de ye tei to mo. Wɛ nia yam ma pa se tusim tiini de yiriga.
14Dé yei we Wɛ ni-kaana yam tɔge o boboŋa na lage tei to mo. Amo nam ye logo baŋa nabiinu mo ye a ye kabaa wɛleera tei ne. 15Amo ta yeiri a kikia yam kuri. A ba yeini a ke kolo a na lage se a ke to, ye a daare a ke kolo a na chuli to. 16Amo ná yeini a ke kolo a na ba lage se a ke to, ko bere we a sɛ we Wɛ ni-kaana yam jege chega mo. 17Ko na ye konto to, ko dae we amo tete mo seene a ke wonnu tem konto, ko nam ye tusim delo na wo a bochare ne to mo ke-te. 18Amo nam yei we lam tera a tei ne, de a na ye nabiinu ye a fera zoore logo baŋa wonnu to. Kokuri, amo ná yeini a jege boboŋa se a ke lanyerane, a ta ware lanyerane a ke. 19Amo ba yeini a ke lanyerane ne a boboŋa na lage tei to. A maa yeini a ke wo-balwaaro telo a na ba lage se a ke to. 20Amo ná yeini a ke kolo a boboŋa na ba lage se a ke to, ko bere we ko dae a tete mo seene a ke wonnu tem konto, ko ye tusim delo na wo a bochare ne to mo ke-te.
21Amo lɔre ko na yeini ko ke amo tei to. Amo ná yeini a boŋe se a ke kolo na lana to, lwarem yerane mo tui. 22Amo bochare ne a tiini a jege wopwolo de Wɛ ni-kaana yam. 23Amo nam lɔre we a yera yam mo lage se ya taa tɔge chwoŋa kadwoŋi. Amo yera yam na ke tei to mo lage ko chɔge amo boboŋa yam na lage chwoŋa kalo to. Konto maa peene amo, ye a yera yam jege se ya taa tɔge tusim. 24Lɛɛro jege-ne. Amo yera yam lage se ya pa toone ja-ne. Wɔ mo wó wane o vere-ne ya jeŋa ne? 25Amo ke Wɛ lei dé Teiru Yezu Krista ŋwaane. Wonto mo wó jwoŋi-ne.
Ko na ye konto amo tei ne to, amo boboŋa yam mo pae se a sɛ Wɛ ni-kaana yam. A nam na ye logo baŋa nabiinu to mo pae se a tɔge tusim.",https://www.bible.com/bible/3661/ROM.7.KBG
ROM 8,"Wɛ Sin-laao kom na pae dé ke kikia yalo to
1Konto to, balo na me de Yezu Krista to daa bá ga bora Wɛ tei ne. 2Wɛ Sin-laao kom mo pae dé jege ŋwea Wɛ tei ne Yezu Krista ŋwaane. Konto dam dem mo pɛ dé na verem tusim dedaane toone jeŋa ne. 3Debam na ye nabiina ye dé bwona to mo pae se dé ware Wɛ nia yam dé taa tɔga. Konto ŋwaane dé daa bá wane dé na chega Wɛ tei ne o nia yam tɔgem ŋwaane. Mo kokuri pa se Wɛ déem toŋe o tete Bu se o ba o ji nabiinu, ye o nye de nabiina balo tusim na wae-ba to. O ma ba o te nabiina wɛleera saarem ŋwaane, se o ma chɔge tusim na jege dam delo nabiina baŋa ne to. 4Wɛ ke konto se ko pa dé na chega o tei ne, nenɛɛne o nia yam na bere we dé jege se dé taa ye tei to maama. Kolo ŋwaane debam ye balo na tɔge Wɛ Sin-laao kom chwoŋa kam ye dé ba sɛ wo-yɔɔro telo nabiina fera na zoore to. 5Balo nam na tɔge wo-yɔɔro konto dwoŋi to tiini ba kwei ba boboŋa ba tiŋi wonnu telo nabiina boboŋa na lage to baŋa ne mo. Ko daare balo na tɔge Wɛ Sin-laao kom chwoŋa to mo kwei ba boboŋa ba tiŋi wo-laaro telo Sin-laao kom boboŋa na lage to baŋa ne. 6Nɔɔno boboŋa ná tɔge wo-yɔɔro telo nabiina fera na zoore to, toone wó ja konto tu Wɛ yiga ne. Wolo boboŋa nam na tɔge Wɛ Sin-laao kom chwoŋa to wó na ŋwea Wɛ tei ne de bochare-zuru. 7Kokuri, nɔɔno ná tɔge nabiina boboŋ-yɔɔro tem, kotu ye Wɛ dono mo, o na ba sɛ o tɔge Wɛ nia yam ye o ware-ya o ke to ŋwaane. 8Balo maama na tɔge wo-yɔɔro telo nabiina boboŋa na lage to nam bá wane ba pwoli Wɛ wo.
9Abam nam ba tɔge nabiina boboŋ-yɔɔro na lage kolo to. Ko ná ye chega we Wɛ Sin-laao kom wo á bochara ne, á wó ta‑á tɔge ko na bere abam chwoŋa kalo to mo. Yezu Krista Sin-laao kom nam na tere nɔɔno wolo tei ne to seene o dae Yezu nyem. 10Yezu Krista nam na wo abam tei ne to, á jworru tem mo jege ŋwea Wɛ yiga ne, á na jege chega o tei ne to ŋwaane. Á yera yam nam jege se ya te, tusim na tei-ya to ŋwaane. 11Wɛ mo bi Yezu toone wone. Konto ŋwaane, o Sin-laao kom ná wo á bochara ne, Wɛ wó pa se abam yera yalo na jege se ya te to jwoori ya na ŋwea, o Sin-laao kom na wo á bochara ne to ŋwaane.
12A nu-bia bam, ko bere we dé laam jege zele mo dé zeŋa. Ko nam dae se dé taa tɔge wo-yɔɔro telo nabiina boboŋa na lage to. 13Kolo ŋwaane, á ná tɔge nabiina boboŋa na lage kolo to, toone wó ja abam Wɛ yiga ne. Ko daare, á nam ná tɔge Sin-laao kom dam ŋwaane á che á tete de keim-lwanno telo á yera yam na lage to, á wó na ŋwea Wɛ tei ne. 14Balo maama na pae se Wɛ Sin-laao kom taa tei-ba to mo ye Wɛ bia. 15Jworo kolo Wɛ na ke á bochara ne to ba pae se foone jwoori de taa jege abam ne kabɛ mo tei. Wɛ Sin-laao kom nam pae se á ye Wɛ bia mo. Ko maa pae dé jege chwoŋa se dé bwoŋi Wɛ we, “Dé Kwo, Baba.” 16Wɛ Sin-laao kom nam gwaane dedaane debam dedoa dedoa jworo kom, ye ko pae dé yei we dé seene dé ye Wɛ bia. 17Dé na ye Wɛ bia to, dé wó ba dé taa tei wo-laaro telo maama o na tiŋi se o pa o bia bam to. Dé wó tɔge de o Bu Yezu Krista dé jwoŋi kolo maama Wɛ na tiŋi se o pa‑o to. Dé ná sɛ se dé tɔge dé na Yezu yaara yam dwoŋi, dé laam wó tɔge dé na o paare dem dwoŋi.
Dé jege teena we dé wó di paare Wɛ tei ne
18Amo boŋe we, dé na yeini dé na yaara yalo leile to bá wane ya taa mae de paare delo Wɛ na wó pa dé na o tei ne to. 19Wɛ na naane wonnu telo maama to tiini te jege teena se te na dɛ dem Wɛ na wó pa o bia bam lɔre jaja to. 20Wonnu telo Wɛ na naane to nam tu te ji wo-yɔɔro. Te na jigi wo-yɔɔro konto to, ko ye Wɛ boboŋa ŋwaane mo, ye ko dae wonnu tem tete na lage tei to. Wɛ mo pɛ te ji wo-yɔɔro ye o nam ta pa dé jege teena we, 21wonnu telo maama o na naane to wó ba te na verem, se te daa yé taa chɔga ne te zem na yeini te chɔge tei to. Wɛ wó fɔge o kwɛ-te se te laam ba te na nenɔŋa o tei ne, se ko maŋe de Wɛ bia bam tete na wó na paare delo to.
22Dé yei we wonnu maama tɔge daane te nae cham de zem maama. Te maa cheigi maŋa kalo Wɛ na wó fɔge-te to, ne kaane puga na virigi ye o kone tei to. 23Ko nam dae wonnu tem konto yerane, se ko ye debam balo Wɛ na ke o Sin-laao kom dé bochara ne to de mo. Konto maa ye Wɛ da-yiga pɛɛre delo na bere we, dé wó daare dé na o wo-laaro tem maama dé woli da. Debam de nam kone mo ye dé jege teena dé cheigi maŋa kam Wɛ na wó pa se dé ji o tete sɔŋɔ bia ye o vere debam o pa dé yera yam fɔge ya kwɛ. 24Wɛ na jwoŋi debam to, ko pae dé jege teena o tei ne. Dé nam ná maŋe dé na kolo dé ya na jege teena ko ŋwaane to, dé daa bá taa jege ko teena. Nɔɔn-nɔɔno ba teena kolo o na maŋe o na to. 25Dé nam ta wo nɛ Wɛ wo-laaro tem maama, ye dé jege teena se dé na-te. Konto ŋwaane, dé zuri dé yera dé cheigi se te maŋa kam laam yi.
26Wɛ Sin-laao kom de nam woli debam, dé na bwona to ŋwaane. Debam yeiri dé na wó lwoori Wɛ se ko maŋe tei to. O Sin-laao kom nam lwoori‑o o pa debam. Ko vuvuna mo dé tei ne ye botare-bia tera de wone. 27Wɛ nam yeini o buŋi dé bochara wone ye o lɔre dé boboŋa na ye tei to. O ta kwori o yei o Sin-laao kom boboŋa yam, kolo ŋwaane Sin-laao kom tɔge Wɛ boboŋa na lage tei to, ye o lwoori Wɛ o pa debam balo na ye o nɔɔna to.
28Ko ná ye balo na swoi Wɛ to, dé yei we Wɛ yeini o toŋe o woli-ba wonnu maama baŋa ne se lanyerane taa tui. Wɛ ke konto o pa balo o na maŋe o jege ba boboŋa ye o bwoŋi-ba se ba taa tɔge‑o to. 29Wɛ déem maŋe o jege banto boboŋa o bochare ne faŋa faŋa, ye o daare o kuri-ba se ba laam ba ba taa nye de o Bu wom na ye tei to. Konto maa wó pa Wɛ Bu Yezu na nyaana dedɛ, balo de na ye Wɛ bia ye ba saŋe o kwaga to. 30Wɛ nam na maŋe o kuri balo to mo o bwoŋi se ba taa ye o nyem. O na bwoŋi balo konto to, o ma pa ba na chega o yiga ne. Balo o na pɛ ba jege chega konto to mo o pɛ ba na paare o tei ne.
Wɛ zeini debam balo na ye o bia to
31Ko na ye konto to, dé nam wó ta bɛ mo? Wɛ ná zege debam kwaga ne, nɔɔn-nɔɔno bá wane o chɔge debam. 32Wɛ wo cheiŋi o tete Bu wom de yaara, ye o nam sɛ o ke‑o nabiina jeŋa ne se o te debam maama ŋwaane. Wɛ na zeini debam konto to, o ta wó kwei wo-laaro maama o pa debam zɛɛra o woli de o Bu wom. 33Nɔɔn-nɔɔno bá wane o ŋɔɔne taane o chɔge debam balo Wɛ na kuri to. Ko ye Wɛ tete mo pae dé jege chega. 34Nɔɔn-nɔɔno bá wane o pa se dé ga bora Wɛ tei ne. Ko ye Yezu Krista tete mo tega debam ŋwaane, ye o ta jwoori o bi toone wone pa se o na ŋwea Wɛ tei ne. O laam maa jege paare Wɛ jazem seeni ye o lwoori Wɛ o pa debam. 35Nɔɔn-nɔɔno bá wane o chɔge debam de Yezu Krista swono kom daane. Yaara wó wane ya chɔge debam konto na? Naa cham mo, naa nabiina bɛɛsem, naa kana, naa yiniga, naa keim-chɛɛre, naa tigura mo? Aawo, ya bá wane. 36Ko popone Wɛ tɔnɔ kom ne we:
“Debam na ye Wɛ nɔɔna to mo pae
dé da toone tei dé kɛ dɛ maama wone.
Ba kwei debam ba ma ji pei selo ba na lage ba go to mo.”
37Wɛ nam na maŋe o jege debam swono to, wo-chɛɛro tento kolokolo bá wane debam te chɔge, ye dé wae dé di dam te maama baŋa ne. 38Amo yei lanyerane we kolokolo tera ko na wó wane ko chɔge debam de Wɛ swono kom daane. Ko ná ye toone naa ŋwea mo, naa ko ná ye malese naa wɛ-baŋa dedɛɛra maama mo, naa ko ná ye zem wonnu naa jwa wonnu mo, naa ko ná ye wonnu telo maama na jege dam to, 39naa ko ná ye wɛyuu wonnu dam naa tega kuri wonnu dam mo, naa ko ná ye wonnu telo maama Wɛ na ke to, tento maama kolokolo bá wane ko chɔge debam de Wɛ swono kom daane, ko na ye swono kolo o na tɔge dé Teiru Yezu Krista baŋa ne o jege de debam to ŋwaane.",https://www.bible.com/bible/3661/ROM.8.KBG
ROM 9,"Wɛ na kuri nɔɔna balo se ba taa ye o nyem to
1Amo na ye Yezu Krista nyem to, a ŋɔɔne chega mo ye ko dae vwa. Wɛ Sin-laao kom na wo a bochare ne to mo pae a yɔɔre a yei we, 2a wo mo tiini ko chɔge amo tete dwi tiina bam ŋwaane de ba na wo sɛ Yezu Krista to. Lwia maa tiini ya jege-ne ba ŋwaane. 3Amo ya wó taa lage se a le a tete Wɛ yiga ne a yage se ko pa amo pwɛ Yezu Krista tei ne, nenɛɛne ko ya ná wó wane ko woli amo nu-bia bam. Banto ye amo tete dwi tiina. 4Ba ye Isarele dwi tiina mo. Ko ye banto mo Wɛ déem pɛ ba ji o bia, ye o bere-ba o nenɔŋ-fɔrɔ kom. O ma gwoni ni o pa-ba, ye o daare o ke o nia yam ba jeŋa ne. O ma bere-ba ba na jege se ba taa zuli‑o tei to. O ma pwooli se o taa nii ba baŋa ne. 5Ba kuri nwoŋi debam nabaaro Isarele bia fuga-balei bam wone mo. Ba na loge Yezu Krista logo baŋa ne to, ko ye banto dwi tiina wone mo o nwoŋi. Wonto mo ye wonnu maama Tu Wɛ wom na maŋe se o taa jwoŋi teem taa wuu to. Ameena.
6Isarele dwi tiina bam na ve Wɛ to nam ba bere we Wɛ na gwoni o ni se o ke kolo to jigi kafɛ. Kokuri to, ko dae we Isarele dwi tiina bam maama mo seene ba ye Isarele tiina chekke Wɛ yiga ne. 7Abaraham dwi tiina bam maama nam dae o bia chekke Wɛ yiga ne. Wɛ déem tage de Abaraham o we, “Amo tei ne, n bu Izaak dwi dem yerane mo wó taa ye n dwi tiina chekke.” 8Ko bere we, ko dae bia balo maama ba na loge to mo ye Wɛ bia chekke. Ko nam ye bia balo Wɛ na pwooli kampwola kam ba ŋwaane ye ba laam lo-ba to mo seene ba ye Abaraham dwi tiina chekke. 9Kolo ŋwaane Wɛ déem pwooli we, “Maŋa kam ná yia, amo wó jwoori a ba, dedaane Sara laam jege bakeira o jeŋa ne.”
10Kolo na woli da to mo ye Izaak kaane Rabɛka déem loge bia balei ye ba ye kwo dedoa. Wonto maa ye debam nabaaro Izaak. 11-12Maŋa kam Rabɛka ta na wo loge o bia balei bam, ye ba daa ta wo maŋe se ba ke keim-laaro naa keim-balwaaro to, Wɛ déem tage ded‑o o we, “Zembaaro wom mo wó taa toŋe o pa o nyaane wom.” Ko ke konto se Wɛ na kuri-ba daane tei to mo tɔge o boboŋa na maŋe ya ja tei to. Ko bere we Wɛ kurim dem tɔge o na bwoŋi wolo wom se o taa ye o nyem to mo, ye ko dae nɔɔno wom kikia ŋwaane. 13Wɛ na tage kolo to popone o tɔnɔ kom ne we, “Amo jege Jakob swono, ye a chuli Esawu ni taane.”
14Dé nam wó ta bɛ mo? Dé bá wane dé ta we Wɛ ba jege chega de o na pɔɔre nɔɔna daane tei to. Kɔtaa! 15Ko nam na ye tei to, Wɛ déem tage de Moses o we:
“Amo wó duri wolo maama a na kuri to yibwona,
ye a ke zaane kotu yuu ne.”
16Ko bere we ko maama tɔge Wɛ na jege nɔɔna ŋwaŋa tei to mo, ye ko dae nabiina boboŋa na lage kolo to, naa ba kikia na ye tei to. 17Wɛ déem na tage kolo de Ejipti Pa-faro wom to popone o tɔnɔ kom ne we, “Woŋo kolo ŋwaane amo na pɛ chwoŋa se n yere zaŋe to mo ye se a wane a tɔge nmo ŋwaane a bere nɔɔna amo dam dem na mae tei to, ye a daare a jwoŋi yere logo baŋa jei maama ne.” 18Ko bere we Wɛ duri balo ŋwaŋa nenɛɛne o na boŋe tei to mo, ye o daare o pa badwonna taa jege yi-dɛɛre nenɛɛne o na boŋe tei to.
19Abam dedoa wae o bwei amo we, “Bɛŋwaane mo Wɛ nam yaale nɔɔna de ba kikia? Dé bá wane dé ve keim delo Wɛ na jaane boboŋa se dé ke to.” 20Nmo nam na ye nabiinu to, n ye wɔ mo se n jwoori n bwei Wɛ? Ko ná ye kamɔgɔ, ko bá wane ko bwei ko mɔro wom we, “Bɛ mo ye n ke-ne tento dwoŋi?” 21Kamɔ-mɔro wom nam jege chwoŋa se o kwei dɔgɔ o chɛ o ma mɔ kamwaro telei, ne o boboŋa na jaane se o ke tei to. O wae o mɔɔne dedoa se ka taa ye lonne nyem, ye o daare o mɔ kadwoŋi se ka taa ye woŋo maama nyem.
22Ko ta ye konto mo de Wɛ. O ná lage se o bere nɔɔna o ban-zɔŋɔ kom de o dam dem na mae tei to, o jege chwoŋa se o peene o bane mo de balo na chuchugi o bane ye ba maŋe de chɔgem to. 23O jege chwoŋa se o peene o bane konto dwoŋi se ko wane ko woli balo na daare ye o jege ba ŋwaŋa to, se ba lɔre o paare dem na tiini de jege nenɔŋ-fɔrɔ tei to. Banto maa ye balo o na maŋe o tiŋi se ba zo o paare dem wo to. 24Debam mo konto. Dé maa ye balo o na kuri nabiina dwi maama wone, ye ko dae Juu tiina dwi dem yerane wone to.
25Wɛ maŋe o tɔge Hosea baŋa ne o we:
“Nɔɔna balo ya na dae amo nyem to mo
a laam wó bwoŋi-ba we, amo nɔɔna bam.
Dwi tiina balo amo ya na ba jege ba swono to mo
a laam wó bwoŋi-ba we, amo nɔn-swonnu tem.
26Jeiga kalo Wɛ ya na tage de-ba we,
ba dae o nɔɔna to,
jeiga kam konto ne nɔɔ mo ba laam wó bwoŋi-ba we,
Ŋwea Tu Wɛ wom bia bam.”
27Izaya de déem ŋɔɔne Isarele tiina bam taane o we:
“Isarele tiina bam ná maŋe ba daga,
ne naneo ni kasolo bia na ye tei,
ba fenfee yerane mo wó na verem.
28Kolo ŋwaane Baŋa Wɛ wó ke lela mo
o pa se nabiina maama lɔre o boboŋa na jaane
se o waare-ba tei to ye taane daa tera.”
29Ko ta ye nenɛɛne Izaya na maŋe o ta tei o we:
“Paŋwa Tu Baŋa Wɛ ya ná wo daare debam badaara
o yage dé dwi dem ne,
dé dwi dem ya ti mo,
ne ko déem na ke Sodom teo tiina tei to.
Dé ya wó ji ne Gomora teo déem na ye tei to.”
30Dé nam wó ta bɛ mo? Dé lɔre we dwi-gɛ tiina balo ya na ba kwaane ba nii se ba na chega Wɛ tei ne to laam seene ba jege chega Wɛ tei ne. Ko ye ba na ke ba wo-dedoa de Wɛ to ŋwaane mo ba nɛ chega kam konto. 31Ko daare Isarele dwi tiina bam mo tiini ba kwaane se ba na chega Wɛ tei ne de ba na tɔge o nia yam tei to ye ba ga. 32Bɛ mo ye ba nam ga? Kolo ŋwaane banto boŋe se ba na chega mo ba keim-laaro ŋwaane ye ko dae ba na jege wo-dedoa de Wɛ tei to. Ba na ve Wɛ konto to nye de ba mage ba naga de kandwɛ delo na pae nɔɔna chɔɔle ba toe to ye ba seene ba to tega ne. 33Ko maŋe ko popone Wɛ tɔnɔ kom ne we:
“Nii-na! Amo lage a chwi kandwɛ mo Zion ne.
De maa ye pelɔrɔ kolo na cheili
pa nɔɔna gare-ko ba to tega ne to mo.
Ko daare nɔɔno ná ke o wo-dedoa
de wolo na ye kandwɛ dem to,
chaveera bá fɔge ya ja kotu.”",https://www.bible.com/bible/3661/ROM.9.KBG
ROM 10,"Isarele dwi tiina boboŋa muri Wɛ tei ne
1A nu-bia bam, amo tiini a jege teena a bochare ne we Isarele dwi tiina wó na verem, ye a yeini a lwoori Wɛ a pa-ba ko ŋwaane. 2Amo nam wó zege ba kwaga ne we, ba tiini ba lage se ba tɔge Wɛ boboŋa ye ba yeiri chwoŋa kalo ba na jege se ba tɔge to. 3Ba maa yeiri chwoŋa kalo Wɛ na tɔge o maa pae se nabiina na chega o tei ne to. Ba maa boŋe se ba tiŋi ba tete chwoŋa se ba maa na chega Wɛ tei ne, ye ba ba sɛ se ba taa tɔge chwoŋa kalo Wɛ na tiŋi to. 4Yezu Krista mo pɛ se Wɛ nia yam tɔgem chwoŋa kam laam ba ka kweeli, pa se balo maama na ke ba wo-dedoa de Wɛ to laam na chega o tei ne.
5Moses déem popone ko na ye tei ye nɔɔna wae ba na chega Wɛ tei ne o nia yam tɔgem ŋwaane. Moses popone we, “Wolo kikia na tɔge Wɛ nia yam to wó na ŋwea ya baŋa ne.” 6Ko nam ná ye nɔɔna na ke tei ba jege chega Wɛ tei ne ba wo-dedoa kam ŋwaane to, ko bá taa dana. Ko popone we, “Yé bwei n tete ne nenɛɛne, wɔ mo wó wane o di telaao?” Dé ba jege se dé vo dáane dé pa Yezu Krista tu o ba se o zeini debam. 7“Daa‑n yé bwei nenɛɛne, wɔ mo wó wane o zo tega kuri ne?” Dé ba jege se dé vo dáane dé pa Yezu bi toone wone o ba. 8Ko nam popone we, “Ko ba dana se n wane n lɔre Wɛ kwora kam. Ka maŋe ka wo nmo tei ne, de nmo ni ne, de nmo bochare ne.” Kwora kam konto zege wo-dedoa yera ne mo, ye kanto mo dé jege dé bere nɔɔna. 9Ka maa we, nmo ná tɛ jaja we Yezu mo ye Teiru wom, ye nmo ná sɛ de n bochare maama we Wɛ seene o bi‑o toone wone, Wɛ wó jwoŋi nmo ŋwea. 10Kolo ŋwaane ko ye nmo bochare ne mo nmo wó sɛ de n wo-dedoa ye n na chega Wɛ tei ne. Ko daare ko ye nmo ni ne mo nmo wó ta jaja we, n sɛ Yezu pa n na verem. 11Ko popone Wɛ tɔnɔ kom ne we, “Wolo maama ná ke o wo-dedoa de Wɛ Dam Tu wom, chaveera bá ja kotu.” 12Ko ye bedwe mo nɔɔna maama tei ne, Juu tiina bam de dwi-gɛ tiina bam de. Ba maama Teiru ye dedoa mo, ye o yeini o swɛ balo maama na lwoori zeinim o tei ne to swolim. 13Kolo ŋwaane, “Wolo maama ná bwoŋi dé Teiru wom yere o ma lwoori zeinim, kotu wó na verem.”
14Ko nam na ye konto to, nɔɔna ná wo ke ba wo-dedoa de Yezu Krista, ba wó ke tɛ mo ba lwoori zeinim o tei ne? Ba ta wó wane ba ke ba wo-dedoa ded‑o ye ba wo nigi o kwora na? Ba nam wó wane ba ni o kwora ye nɔɔn-nɔɔno wo tɔɔle-ka o bere-ba na? 15Nɔɔno nam wó ke tɛ mo o vo o tɔɔle Wɛ kwora kam o bere-ba ye Wɛ wo toŋe‑o? Ko nam popone we, “Balo na jege kwor-ywoŋa ba beeri ba bwooli to veiŋa jege ywoni mo.”
16Ko nam dae we nɔɔna maama mo sɛ Wɛ kwor-ywoŋa kam. Izaya déem tage o we, “Dé Teiru Wɛ, debam na tɔɔle kwora kalo to, wɔ mo sɛ we ka ye chega?” 17Ko maama bere we nɔɔna zwa na ni kolo to mo pa-ba chwoŋa se ba ke ba wo-dedoa de Wɛ. Kwora kalo ba na jege se ba ni to mo ye Yezu Krista yera taane.
18Amo lage a bwei a nii, Isarele tiina bam wo nigi Wɛ ni taane dem mo na? Ba seene ba ni-de. Ko ye chega mo Wɛ tontoŋena bam seeni we:
“Ba kwora kam yi logo baŋa jei maama mo.
Ba ni taane jage de yi dɔŋɔ ni maama.”
19Amo ta lage a bwei a nii, Isarele tiina bam wo lɔre taane dem kuri na? Ba nam lɔre. Da-yiga to, Wɛ déem tɔge Moses ŋwaane o ta de-ba o we,
“Amo wó tɔge dwi-gɛ tiina balo na ye nɔn-yɔɔro to baŋa ne
a ma pa se abam taa jege kazwe á zwe de-ba,
ye á bane zaŋe ba ŋwaane.”
20Ko woli da, Izaya de déem jege baare ye o ta Wɛ taane o we:
“Ko ná ye balo na wo beeri a jei se ba lɔre-ne to,
banto mo tu ba lɔre amo.
A ta ma le a tete
a bere balo na wo bwei amo bwia to.”
21Ko nam ná ye Isarele tiina bam, Wɛ maa we,
“Dɛ wone maama amo tei a jeŋa se a zaane a nɔɔna bam,
de ba na maŋe ba ye zwabani-nyena tei to de.”",https://www.bible.com/bible/3661/ROM.10.KBG
ROM 11,"Wɛ na kuri nɔɔna balo to
1Amo ta lage a bwei a nii, ko bere we Wɛ ve o tete nɔɔna bam maama o yage mo na? Kɔtaa! Nii-na, amo tete mo ye Isarele dwi tu. Abaraham mo ye a nabaaro, ye a nwoŋi Benjamin dwi dem wone. 2Wɛ seene o wo ve o nɔɔna balo o na maŋe o jege ba boboŋa boboa ne to. Abam maŋe á yei Wɛ tɔnɔ kom na bere Elija taane tei to. O déem lwoori Wɛ se o waare Isarele tiina bam, 3ye o we, “Yuu-tu Baŋa Wɛ, ba go nmo sampwori sem, ye ba daare ba chochoge nmo kaanem bimbina yam. Ko laam ta daare amo yerane mo ye ba kwaane se ba go-ne.”
4Wɛ nam leiri‑o o we bɛ mo? O we, “Amo nam le nɔɔna morro terepɛ (7,000) mo se ba taa ye amo tete nyem. Banto wo fɔge ba kuni dwoona ba zuli Baal jwoni dem.” 5Ko ta ye bedwe mo de zem maama. Kɔgɔ fenfee ta mo daare, Wɛ na tɔge o zaane dem ŋwaane o kuri balo to. 6Wɛ nam na dɛ o zaane dem baŋa ne o kuri-ba to, ko bere we ko dae ba kikia ŋwaane. Ko ya ná ye ba kikia ŋwaane mo o kuri-ba, ko bá taa ye o zaane dem mo o pɛ-ba zɛɛra.
7Ko bere we Isarele tiina bam wo nɛ chega kalo ba na seene ba yia se ba na Wɛ tei ne to. Kɔgɔ kolo Wɛ na kuri to nam mo nɛ-ka. Balo na daare to nam maa jege yi-dɛɛre. 8Ko ke-ba ne ko na popone tei Wɛ tɔnɔ kom ne we:
“Wɛ mo pɛ se ba tiini ba dɔ ba kɛ.
De zem maama, ba yia ta ba nae,
ye ba zwa de kwareme Wɛ chega kam seeni.”
9David de déem tage ba taane o we,
“Wɛ wó pa se ba kuri wodi-fɔrɔ kom
jwoori ko ja chɔgem ko ba ba baŋa ne,
ne kalanchogo na jaane-ba
ye ba to tega ne tei to,
10Wɛ wó pa se ba yia dwei ye ba daa ware ba nae.
Wɛ wó pa se ba yera chɛ de yaara taa wuu.”
11Amo ta lage a bwei a nii, Isarele tiina bam na chɔɔle ba to konto to, ko bere we ba daa bá na chwoŋa se ba jwoori ba zaŋe mo na? Kɔtaa! Banto na chɔge Wɛ chega kam tei to mo pɛ se dwi-gɛ tiina na chwoŋa se Wɛ jwoŋi-ba. Wɛ ke konto se ko pa Isarele tiina bam taa jege kazwe ba ŋwaane. 12Banto na ke ba chɔge tei to mo pɛ se nabiina maama wane ba na Wɛ zeinim lanyerane. Ba na muri Wɛ tei ne to mo pɛ se dwi-gɛ tiina na chwoŋa se ba jwoŋi Wɛ zeinim dem. Ko bere we Isarele dwi tiina kɔgɔ kolo na tɔge Wɛ to ná puli ko ti, ko wó pa se nɔɔna tiini ba na Wɛ zeinim ko ja gaale.
13Ko ye abam dwi-gɛ tiina bam mo a tɛ taane dento. Amo na ye Yezu totoŋa nakwe se a ta o taane a bere dwi-gɛ tiina bam to tiini ko ye totoŋ-kamunu amo tei ne. 14Amo kwaane a toŋe se ko wane ko pa amo dwonna Isarele tiina bam taa jege puseŋa, se a laam jwoŋi ba badwonna a ke Wɛ jeŋa ne. 15Wɛ na ve banto o yage to, ko pɛ se logo baŋa dwi tiina laam ba ba fɔge de Wɛ. Ko daare maŋa kalo Wɛ na wó jwoŋi-ba to, ko wó taa nye de twa na jwoori ba na ŋwea tei to mo.
16Dé yei we, nmo ná dɛ yiga n fɔ bworobworo n tiŋi n pa Wɛ, ko chichworo kom na daare to daa ta ye o nyem. Ko woli da, tio kuu ná ye Wɛ nyem, ko nɛ sem maama de ye o nyem mo. 17Isarele tiina bam nye de Olivi tio ba na jeiri gaare wone to. Ko ye nenɛɛne Wɛ bwori tio kom konto nɛ sedaara o yage, ye o daare o kwei Olivi tio kolo na wo gaao wone to naga kadwoŋi o twoŋi o gwaane nɛ sedwonna sem wone. Nmo wolo na ye dwi-gɛ tu to nye de naga kam konto mo. Nmo laam wori ye n tɔge n nae tio kom kugu kom nyoa kam. 18Nmo nam yé ta‑n gwooni nɛ selo na bwori se yage to. Nmo ná boŋe se n bere n tete konto, se n ta‑n yei we, ko dae nmo mo pae tio kom kugu kom wori ye ko zega. Ko ye kugu kom mo jege nmo ko teila. 19Nmo nam wó wane n ta we, “Wɛ bwori nɛ sedaara sem o yage tega ne se ko pa amo mo na laŋa a twoŋi da.” 20Ko seene ko ke konto mo. Wɛ nam bwori nɛ sem konto o yage ba na wo sɛ‑o to ŋwaane. Nmo nam na nɛ jeiga to tɔge n wo-dedoa kam yerane ŋwaane mo. Nam yé ta‑n boŋe kamunim n pa n tete, se n daare n kɔre Wɛ de foone. 21Kolo ŋwaane Wɛ wo sɛ se o yage tio kom tete nɛ sem se jei ne. Nmo ná ba jege wo-dedoa ded‑o, o bá yage nmo de.
22Ko maama bere Wɛ na jege nɔɔna ŋwaŋa tei, de o na daare o vaŋe nɔɔna zwa tei to mo. Ko ná ye balo na ke ba chɔge to, o vaŋe ba zwa mo. Ko daare nmo, n ná tɔge o ŋwaŋa kam na ye tei to, o wó taa jege nmo ŋwaŋa. Nmo nam ná yage Wɛ ŋwaŋa kam, o laam wó bwori nmo de o yage tega ne. 23Isarele tiina bam nam ná jwoori ba ke ba wo-dedoa ba sɛ Wɛ, ba laam wó jwoori ba na ba jeiga. Wɛ wó wane o jwoori o twoŋi-ba da. 24Nmo wolo na ye dwi-gɛ tu to nye de naga kalo Wɛ na gwoni Olivi tio kolo na wo gaao ne to yera ne. O ma kwei nmo o twoŋi Olivi tio kolo na jeiri gaare ne to yera ne ye ko dae nmo tete kuu jei. Konto ŋwaane ko bá taa chana Wɛ tei ne se o jwoori o twoŋi nɛ selo o ya na bwori to se tete kuu kom jei ne.
25A nu-bia bam, amo lage se á lɔre Wɛ chega kalo déem na seigi to mo. Abam ná seene á lɔre konto, á daa bá ta‑á boŋe kamunim á pa á tete. Ko na ye tei to, leile konto Isarele tiina badaara jege yi-dɛɛre mo, ye ko bá taa ye konto taa taa. Ko nam wó taa ye konto se ko vo ko yi maŋa kam dwi-gɛ tiina balo na sɛ Wɛ to kɔgɔ kom ná puli ko ti. 26Ko ná ke konto dwoŋi, Isarele tiina kɔgɔ kom maama laam wó na verem, ne ko na popone Wɛ tɔnɔ kom ne we:
“Vereno wom wó zaŋe Zion ne o ba.
O maa wó pa se Jakob dwi tiina bam yage ba wɛleera kikia yam.
27Amo Wɛ wó ke ni-gwonim dento a pa-ba we,
amo wó saare ba wɛleera yam a yage.”
28Isarele tiina bam na ve Wɛ kwor-ywoŋa kam to, ba ye Wɛ dona mo, ye konto laam pa se abam dwi-gɛ tiina bam na wolim. Ko daare Wɛ na kuri nɔɔna se ba taa ye o nyem tei to seeni, o jege Isarele tiina bam swono, o déem na gwoni ni de ba nabaara bam to ŋwaane. 29Wɛ nam ba zae o boboŋa de o na kuri nɔɔna ye o ke-ba lanyerane tei to. 30Abam dwi-gɛ tiina bam déem ya ve Wɛ ye á laam ba á jwoŋi o zeinim dem, Isarele tiina bam na ve Wɛ to ŋwaane. 31Banto de laam tu ba ve Wɛ ni. Ko maa ye se ba wane ba tɔge abam na jwoŋi Wɛ zeinim dem tei to baŋa ne, ye ba de laam ba ba jwoŋi o zeinim dem. 32Wɛ nam pɛ se nɔɔna maama wo yi-dɛɛre jeŋa ne mo, se o laam wane o taa jege ba maama ŋwaŋa.
33Maane-na á nii Wɛ zaane dem na tiini de daga tei!
O boboŋa maa tiini ya lira, de o yeino kom de.
Nɔɔn-nɔɔno bá wane o lɔre o boboŋa na jaane tei to
naa o lɔre chwei selo o na tɔge to.
34“Wɔ mo yi se o wane o lɔre Baŋa Wɛ boboŋa,
naa o bere‑o o na wó ke tei?
35Wɔ mo wó wane o kwei o woŋo o ma jene Wɛ,
se Wɛ ŋwe o pa kotu?”
36Wonnu maama nwoŋi Wɛ tei mo,
ye o jege te maama o nia.
Te maama maa jege kuri te pa‑o.
Wɛ maŋe de zula se ko taa vei wuu. Ameena.",https://www.bible.com/bible/3661/ROM.11.KBG
ROM 12,"Ko na maŋe se dé taa zuli Wɛ tei to
1A nu-bia bam, Wɛ na tiini o jege abam ŋwaŋa konto to, a lwoori abam se á kwei á tete á ke kaanem á pa Wɛ ye á daa ta ŋwe, se ko pwoli o wo lanyerane. Konto mo ye zulim delo na maŋe se á ke á pa‑o to. 2Á yé pa se á boboŋa taa tɔge nabiina chwei sem. Pa-na se Wɛ pipiri abam de o na pɛ á jege boboŋ-doora tei to. Abam laam wó ba á lɔre Wɛ boboŋa na lage se á ke kolo to, ye á lɔre we ko tiini ko lana chekke ye ko pwoli o wo.
3Wɛ na pɛ-ne o zaane dem se a taa ye o tontoŋeno to, a lage a ta de abam maama se á yé ta‑á boŋe kamunim á pa á tete se á ta‑á dwoi á na maŋe á ye tei to. Á nam boŋe á nii se á lɔre totoŋe delo Wɛ na lage se á ke to, se ko maŋe de o na pɛ abam dedoa dedoa jege wo-dedoa ye ka mae tei to. 4Nabiinu yera ye woŋo dedoa mo ye ya laam pɔɔre teiri teiri. Ya daa maama jege ka totoŋa mo. 5Ko nam ye bedwe mo de debam balo na me de Yezu Krista to. Dé tiini dé daga ye dé nam ye kɔgɔ dedoa. Debam maama dedoa dedoa maa toŋa dé woli daane. 6Wɛ pɛɛra yalo dé na jwoŋi to ye teiri teiri mo, se ko tɔge Wɛ na ke zaane debam yuu ne tei to. Wɛ ná pɛ wolo wae o tɔɔle o kwora kam, konto tu jege se o tɔge o na jege wo-dedoa de Wɛ tei to o ma tɔɔle-ka. 7Wɛ ná pɛ wolo toŋa o woli o dwonna, konto tu jege se o taa toŋa konto mo. Wolo Wɛ ná pɛ se o bere o dwonna Wɛ chega kam, se o kwaane o taa ke konto. 8Wɛ ná pɛ wolo wae o pa se o dwonna bochara peini tega ne, o jege se o taa ke konto mo. Wolo na pɔɔre o wonnu o pae o dwonna to jege se o ma o wo-ywoŋo mo o woli-ba lanyerane. Wolo nam na ye nɔɔna yiga tu to jege se o taa seene o yia ko ŋwaane mo. Wolo nam na duri o dwonna yiniga to jege se o taa ke de wopwolo mo.
9Á yé ta‑á jege ni-zɛ ni-zɛ de á na jege nɔɔna swono tei to. Nam ta‑á chuli-na wo-lwanno maama, se á daare á ta‑á jege wo-laaro á bochara ne. 10Á na ye nu-bia Yezu ŋwaane to, se á ta‑á jege da-swono konto dwoŋi. Á ta ta‑á swoi da-zula. 11Á na toŋe á pa Wɛ tei to, á yé pa se jawɔrɔ ja abam. Kwei-na á bochara maama á ta‑á ma á toŋa á pa dé Teiru wom. 12Á na jege Wɛ teena tei to, se á ta‑á jege wopwolo ko ŋwaane. Cham ná tu abam baŋa, se á vɔ pu-dɛa. Kwaane-na á ta‑á lwoori Wɛ lanyerane. 13Pɔɔre-na á wonnu á pa balo na ye Wɛ nɔɔna ye yiniga jege-ba to. Ta‑á jeeri-na nɔɔna á sam ne lanyerane.
14Ko ná ye balo na jege abam ba bɛɛse to, se á sɔɔle Wɛ swolim á pa-ba. Á nam yé sɔɔle lwarem á chɔge-ba. 15Ko ná ye balo na jege wopwolo to, se á tɔge á ta‑á jege wopwolo. Ko ná ye balo yi-nyɔna na jege-ba to, se á pa á yiga de nyɔne de-ba. 16Ta‑á jege-na boboŋe dedwe á pa daane. Á yé ta‑á bere á tete. Gwooni-na á tete se á ta‑á zoore de nabwona. Á yé ta‑á boŋe kamunim á pa á tete.
17Nɔɔno ná ke lwarem o yage á yuu ne, se á yé jwoori á ke‑o konto dwoŋi. Nam kwaane-na se á ta‑á ke kolo na tɔge chwoŋa nɔɔna maama yia ne to. 18Kwaane-na lanyerane se á ta‑á zoore dedaane nɔɔno maama de ywoni, ne á na wae tei to.
19A badwoŋ-swonnu bam, á yé ke á boboŋa ne se á jwoori á chɔge balo na ke lwarem ba yage á yuu ne to. Nam yage-na se Wɛ ban-zɔŋɔ kom ba ba baŋa. Ko popone Wɛ tɔnɔ kom ne we:
“Amo Baŋa Wɛ mo wó jwoori a ŋwe nɔɔna keim-balwaaro jene,
pa se ba na kolo na maŋe de-ba to.”
20Ko nam ta popone we:
“Nmo dono kana ná wɔe,
se n pa‑o wodiu se o di.
Na-nyɔm ná jege‑o,
se n pa‑o na se o nyɔ.
Kikia yam konto wó pa se chaveera tiini ya ja‑o,
ne Wɛ zeiŋi mini mo o yuu ne to.”
21Abam nam yé pa se lwarem wane abam. Ta‑á tɔge-na keim-laaro se te wane lwarem dam te chɔge.",https://www.bible.com/bible/3661/ROM.12.KBG
ROM 13,"Dé na wó sɛ dé pa dedɛɛra tei to
1Abam maama jege se á sɛ á pa dedɛɛra balo na tei á teene dem to, kolo ŋwaane nɔɔn-nɔɔno ba jege dam se o taa tei nɔɔna ye Wɛ wo pɛ kotu chwoŋa. Dedɛɛra balo na wora to ye Wɛ mo tiŋi-ba. 2Wolo maama ná ve dedɛɛra bam konto, kotu boŋe se o chɔge Wɛ boboŋa yam mo. Balo na ke konto dwoŋi to wó na chɔgem. 3Dedɛɛra bam nam ba pae se foone jege balo na ke keim-laaro to. Foone nam wó ja balo na tɔge keim-balwaaro to mo. Nmo ná ba lage se foone taa jege‑m de dedɛɛra bam, n jege se n ta‑n ke keim-laaro mo se ko pa n na zula ba tei ne. 4Wɛ nam tiŋi dedɛɛra bam se ba taa toŋe ba pa‑o abam fɔgem ŋwaane mo. Abam nam ná ke wo-balwaaro, se á ta‑á kɔre foone, kolo ŋwaane dedɛɛra bam seene ba jege dam se ba taa maa chɔge nɔɔna. Banto mo ye balo Wɛ na tiŋi se ba tɔge o ban-zɔŋɔ kom ŋwaane ba ma waare balo na ke lwarem to. 5Konto ŋwaane mo á jege se á sɛ ba ni. Ko ye abam boboŋa na pae á lɔre we á tɔge chega chwoŋa to ŋwaane mo, se ko dae á na kɔre Wɛ ban-zɔŋɔ kom to yerane ŋwaane.
6Ko ta tɔge konto ŋwaane mo á wó ta‑á ŋwe lampwoo. Dedɛɛra bam toŋe ba pa Wɛ mo de ba na seene ba yia ba totoŋa yam baŋa ne to. 7Nam ta‑á ŋwe kolo maama ba na maŋe se ba jwoŋi á tei ne to á pa-ba. Ko ná ye wolo na jwoŋi á yuu lampwoo to, naa wolo de na jwoŋi á wonnu lampwoo to, se á ŋwe á lampwoo maama á pa-ba. Ko ná ye wolo na maŋe se á ta‑á kɔre‑o to, se á ta‑á kɔre‑o. Ko ná ye wolo na maŋe de zula to, se á ta‑á zuli‑o.
Da-swono taane
8Abam nam yé ta‑á jege-na nɔɔn-nɔɔno jene, se jene delo á na wó ta‑á jege to mo ye á na wó ta‑á jege á dwonna swono tei to. Wolo maama na swoi o dwoŋi to seene o tɔge Wɛ nia yam mo. 9Wɛ nia yam bere we, “N yé ke kabwoŋa, n yé go nɔɔno, n yé ŋɔ, n yé pa n yi su n dwonna wonnu.” Nia yanto dedaane Wɛ nia yam maama nam tɔge ni dedwe mo. Dento dem nam mo we, “Ta‑n swoi n dwoŋi se ko maŋe de n na swoi n tete tei to.” 10Nmo ná jege n dwoŋi swono, n daa‑n bá‑n wane n ke‑o n chɔge. Wɛ nia yam maama nam zege swono kom konto yera ne mo.
11Ta‑á ke-na konto, se abam yei we Wɛ maŋa kam yia. Ta‑á cho-na á tete se dɔɔm yé taa jege abam. Maŋa kalo Wɛ na wó ba o jwoŋi dé ŋwea to daare fee se ka yi, ye ko daa dae nenɛɛne maŋa kalo dé déem na bobo dé ke dé wo-dedoa ded‑o to. 12Maŋa kam laam daare fee se ka yi, ne tega na lage ka poore tei to. Tete dem lage de kɛ se wea pwooni taa wora. Konto ŋwaane, á pa dé de kikia yalo na ye lim nyem to dé yage, se dé daare dé ma Wɛ dam dé che dé tete se dé wane dé tɔge pwooni chwoŋa kam. 13Pa-na dé tɔge chwoŋa se ko maŋe de balo na wo wea pwooni ne to. Á nam pa-na dé yage paweeni, de sa-nyɔre, de bwoŋa, de wo-digiru kikia maama. Á yé ta‑á jaane daane naa á ta‑á ke wo-goo daane. 14Pa-na se abam ŋwea dedaane dé Teiru Yezu Krista ŋwea taa ye bedwe. Nam yé ta‑á boŋe á na wó ke tei se á ta‑á tɔge wo-zɔɔna yalo á fera na zoore to.",https://www.bible.com/bible/3661/ROM.13.KBG
ROM 14,"Dé yé taa yaale dé dwonna
1Nɔɔno wolo ná jege wo-dedoa de Wɛ, ye o boboŋa ta ná ba dana Wɛ yiga ne, se á jwoŋi konto tu lanyerane. Á nam yé mage ni-kantɔgɔ ded‑o de o na boŋe tei to. 2Nɔɔno wó taa wora o boboŋa na dana o wo-dedoa kam ŋwaane pa se o ba chuli kolokolo dim. Ko daare nɔɔno wodwoŋi boboŋa na ba dana de o wo-dedoa kam to wó taa chuli nɔna. 3Wɛ nam jwoŋi ba maama. Wolo wom na ba kuri o di to yé zaŋe o gwooni wolo wom na ba di woŋo maama to. Wolo nam na ba di woŋo maama to yé zaŋe o yaale wolo na ba chuli o di to, kotu na ye Wɛ nyem to ŋwaane. 4Nmo ye wɔ mo se n yaale nɔɔno wodwoŋi tontoŋeno kikia? Ko ye o tu wom mo jege se o nii, o ke chega naa o wo ke. Wolo na ye dé Teiru wom nyem to ke lanyerane, dé Teiru wom na wae o pa o zege de chega to ŋwaane.
5Nɔɔno wó taa wora o na pɔɔre dɛ o pa de dwoi da yadwonna. Ko daare nɔɔno wodwoŋi maa wora o na ba kuri da yam daane. Nɔɔno maama nam na boŋe tei de tei to, o jege se o taa zege ko baŋa ne mo. 6Nɔɔno wolo na kuri dɛ se de taa ye dɛ-kamunu to yeini o ke konto dé Teiru wom ŋwaane mo. Wolo na di woŋo maama to ke konto o ma zuli dé Teiru wom, o na yeini o ke Wɛ lei wodiu kom baŋa ne to ŋwaane. Wolo nam na ba di woŋo maama to de ke konto o ma zuli dé Teiru wom ye o ke Wɛ lei. 7Debam wolowolo ba ŋwe o tete yerane ŋwaane. Wolo ná tega, ko bá taa ye o tete yerane ŋwaane. 8Dé ze ná ŋwe, dé ŋwe dé Teiru wom ŋwaane mo. Dé nam ná tega, ko ta ye dé Teiru wom ŋwaane. Mo kokuri, dé ná ŋwe naa dé ná tega, dé ta ye dé Teiru wom nyem mo. 9Yezu Krista déem na tega ye o jwoori o bi o na ŋwea to, ko ye se o na chwoŋa se o taa ye balo na tege to Teiru, de nɔn-ŋwena de Teiru wom mo.
10Ko na ye konto to, bɛ mo ye n yaale n nu-bu? Ko daare nmo, bɛ mo ye n gwooni n nu-bu? Debam maama nam wó ba dé zege Wɛ yiga ne se o di debam taane. 11Ko popone Wɛ tɔnɔ kom ne we:
“Amo Baŋa Wɛ na ye ŋwea tu to,
ko seene ko ye chega mo we,
nabiina maama wó ba ba kuni nadwoona amo yiga ne,
ye ba puri ba ni ba sɛ ba pa amo.”
12Ko bere we debam maama wó ba dé zege Wɛ yiga ne se dé tole dé kwora dé bere‑o.
13Konto ŋwaane, dé daa yé taa yaale dé dwonna yuu. Nam pa se á boboŋa ja se á yé ke kolo na wó pa á nu-bu wo chɔge naa ko pa o tusi to. 14Amo na me de dé Teiru Yezu to, amo yei lanyerane we wodiu tera ko tete na jege digiru Wɛ tei ne. Nɔɔno nam ná pɛ se woŋo kolo ye wo-digiru, ko seene ko ye wo-digiru ko pa nɔɔno wom konto mo. 15Nmo nam ná pɛ se n nu-bu wo chɔge de nmo na di wodiu kolo to, ko bere we n daa‑n ba tɔge swono chwoŋa ded‑o. Yé pa se nmo na di wodiu kolo to chɔge nɔɔno Wɛ yiga ne, ye kotu ye wolo Yezu Krista na tege o ŋwaane to. 16Yé pa se nɔɔna na chwoŋa se ba yaale woŋo kolo na lana nmo tei ne to. 17Debam na ye Wɛ paare dem nɔɔna tei to ba tɔge wodiiru dim ŋwaane. Ko nam tɔge keim-laaro ŋwaane mo, de bochare-zuru de wopwolo ŋwaane, ne Wɛ Sin-laao kom na pae debam tei to. 18Wolo maama nam ná sɛ o tɔge Yezu Krista konto dwoŋi, konto tu wó pwoli Wɛ wo ye nɔɔna de wó pa‑o chega.
19Konto ŋwaane pa-na dé kwaane dé taa ke kolo maama na pae nɔɔna jege ywoni daane ye ko fɔge-ba Wɛ chwoŋa ne to. 20Yé pa se wodiiru dim chɔge totoŋa yalo Wɛ na ke de nɔɔna to. Wodiiru dwi maama maŋe de dim mo. Nmo nam ná di kolo na wó pa se n dwoŋi wo chɔge ko ŋwaane to, se n yage wodiu kom konto dim. 21Ko lana se n yé ke kolo maama na wó pa se n nu-bu tusi Wɛ chwoŋa ne to, ko ná ye nɔm dim, naa sana nyɔɔm, naa kolo maama.
22Nmo boboŋa ná jaane tei n wo-dedoa kam ŋwaane, se n pa ko taa ye nmo de Wɛ laŋa ne. Nɔɔno wolo ná yei kolo na lana se o ke to ye o ba jege boboŋa yalei ko ŋwaane, konto tu yuu ywomma. 23Ko daare nɔɔno wolo ná jege bobwea de o na di wodiu kolo to, konto tu bá na bora Wɛ tei ne. Ko bere we o ba jege wo-dedoa o dim dem wone. Kikia yalo maama na ba tɔge wo-dedoa keim to ye wɛleera mo.",https://www.bible.com/bible/3661/ROM.14.KBG
ROM 15,"Dé na wó fɔge daane tei to
1Debam balo boboŋa na dana Wɛ yiga ne to jege se dé taa woli balo boboŋa ta na ba dana to mo, de ba boboŋa na daane-ba tei to. Dé yé taa tɔge dé tete boboŋa keim. 2Debam maama nam jege se dé taa ke kolo na tɔge dé dwoŋi boboŋa na lage tei to mo, ye dé ke‑o lanyerane se ko pa o fɔge o tɔge Wɛ chwoŋa. 3Yezu Krista tete nam wo lage lanyerane o pa o tete. Ko nam na ye tei to, Wɛ tɔnɔ kom bere Yezu taane de ko na we, “Nɔɔna na jege nmo ba twea tei to mo jwoori ko tui amo baŋa.” 4Kolo maama déem na popone Wɛ tɔnɔ kom wone to ye se ko bere debam Wɛ chega kam mo. Kolo na popone da to yeini ko pa dé na pu-dɛa de baare, pa se dé jege teena Wɛ tei ne.
5Wɛ mo ye wolo na pae nɔɔna pu-dɛa de baare to, ye wonto wó pa abam taa jege boboŋe dedwe daane, ne Yezu Krista na lage tei to. 6Ko laam wó pa se abam maama sɛ daane ye á jege ni dedwe á ma‑á zuli Wɛ wom na ye dé Teiru Yezu Krista Kwo to.
7Jwoŋi-na daane lanyerane, ne Yezu Krista na jwoŋi abam tei to. Konto wó pa se Wɛ na zula. 8Amo nam tɛ abam we, Yezu Krista déem tu se o toŋe o pa Juu tiina bam mo Wɛ chega kam ŋwaane, se ko pa Wɛ na pwooli de ba nabaara bam tei to taa jege chega. 9Konto ma kwori ko pa dwi-gɛ tiina bam de ba ba zuli Wɛ, o na jege ba ŋwaŋa to ŋwaane, ne Wɛ tɔnɔ kom na bere tei ko we:
“Amo wó tei nmo,
se dwi-gɛ tiina taa yei n ni ne.
A ta wó leeni a zeiŋi nmo yere.”
10Ko ta popone we:
“Abam dwi-gɛ tiina bam, tɔge-na de Wɛ nɔɔna bam maama
se á ta‑á chaka de wopwolo.”
11Ko ta we:
“Logo baŋa dwi tiina maama,
ba-na á tei Baŋa Wɛ.
Pa-na se nabiina na nwoŋi teene delo maama wone to taa zuli‑o.”
12Izaya de déem we:
“Jesse dwi dem tu dedoa wó zaŋe o ba
se o taa tei logo baŋa teene dem,
ye banto wó taa jege teena o tei ne.”
13Wɛ nam ye teena tu, ye wonto wó pa abam taa jege wopwolo de bochare-zuru, á na jege wo-dedoa ded‑o to ŋwaane. Wɛ Sin-laao kom dam laam wó pa se á na jege teena de Wɛ tei to fɔge ko puli ko ja gaale.
Pɔɔl kwaane o toŋe o pa dwi-gɛ tiina
14A nu-bia bam, amo tei ne a yei lanyerane we abam tɔge keim-laaro yerane mo ye á tiini á jege yeino dwi maama pa se á wae á bere daane Wɛ chega kam. 15Amo nam na popone se a bere abam taana yadwonna tei to, a ke de a wo maama mo se a pa á guli-ya. Amo ke konto de Wɛ na pɛ-ne zaane se a taa toŋe totoŋe delo to. 16O ta ma pa-ne chwoŋa se a taa ye Yezu Krista tontoŋeno dwi-gɛ tiina bam wone. Amo na toŋe a pa Wɛ tei to mo ye a yeini a tɔɔle o kwor-ywoŋa kam se a wane a jwoŋi dwi-gɛ tiina a ke-ba Wɛ jeŋa ne, se ba pa o wo pwoli, o Sin-laao kom na fɔge ko kwɛ ba bochara to ŋwaane.
17Konto ŋwaane, amo na me de Yezu Krista to, a jege chwoŋa se a bere a tete de a na toŋe a pa Wɛ tei to. 18Amo nam kɔre chaveera se a ŋɔɔne kolokolo ye ko dae Yezu Krista na tɔge amo baŋa ne o ke kolo to. Ko ye Yezu mo pɛ se dwi-gɛ tiina bam da amo ŋwaane ba sɛ Wɛ, de amo ni taane de a kikia yam na bere-ba tei to. 19O ma pa se ba ba ba sɛ Wɛ, de o na dɛ o Sin-laao kom dam ŋwaane o pa se ba na wo-kenkagela de maana yalo na bere o dam to. Konto dwoŋi mo a zege Jerusalem ne a tole jei maama a vo a yi Ilirikum, ye a tiini a tɔɔle Wɛ kwor-ywoŋa kalo na bere Yezu Krista chega kam to. 20Amo boboŋa déem ya maŋe ya ja se a kwaane a taa tɔɔle Wɛ kwor-ywoŋa kam jei selo ne ba ta na wo lɔre Yezu Krista taane dem to mo. Amo ba lage se a taa toŋe a gwaane de totoŋe delo nɔɔno wodwoŋi na maŋe o ke to. 21Ko nam ye ko na maŋe ko popone Wɛ tɔnɔ kom ne tei to we:
“Ba ta na wo tage o taane ba bere balo to
laam wó ba ba lɔre-de.
Balo ta na wo nigi o ŋwa to
laam wó ba ba ni o chega kam kuri.”
22Ko ye konto ŋwaane mo amo gɛ laŋa kuni dedɛ se a ba abam tei. 23Ko daare leile konto amo daa ba jege chwoŋa se a taa toŋe jei sem konto ne. Amo na jege abam fera bena dedɛ se a ba a na abam to, 24amo laam boŋe se a ba maŋa kalo a na wó zaŋe a vo Sapeeni to. Amo lage se a tɔge abam tei, se a wane a di wopwolo de abam da fenfee. Abam laam wó wane á woli-ne se a kwei chwoŋa a kɛ. 25Leile konto amo lage a vo Jerusalem se a toŋe a woli Yezu nɔɔna bam dáane. 26Yezu kɔgɔ kom nɔɔna balo na wo Makedonia ne de Akaya ne to mo mɛ ba boboŋa se ba la sabu ba ma woli Yezu nɔɔna balo na wo Jerusalem ne ye yiniga jege-ba to. 27Ko ye ba tete boboŋa mo ba mɛ ba ke konto. Ko nam maŋe se ba woli-ba konto dwoŋi, kolo ŋwaane Juu tiina bam ya maŋe ba kwei Wɛ wo-laaro mo ba chɛ de dwi-gɛ tiina bam. Konto ŋwaane dwi-gɛ tiina bam jege se ba de daa woli Juu tiina bam de wonnu telo na wó fɔge ba yera to.
28Amo ná ti totoŋe dento ye a kwei sabu kom maama a ke nɔɔna bam jeŋa ne, amo laam wó tɔge abam tei se a daare a vo Sapeeni. 29Amo nam yei we, a ná tu abam tei, amo wó taa jege Yezu Krista dam se o swɛ abam swolim ko ja gaale.
30A nu-bia bam, amo lage a kwoori abam dé Teiru Yezu Krista ŋwaane, de swono kolo Wɛ Sin-laao kom na pɛ debam to ŋwaane, se á ta‑á woli-ne a totoŋ-chɛɛra wone de á na lwoori Wɛ á pa-ne tei to. 31Lwoori-na Wɛ se o jwoŋi-ne balo na wo Judea ne ye ba ve Yezu to jeŋa ne, se o daare o pa se Yezu nɔɔna balo na wo Jerusalem ne to sɛ totoŋa yalo amo na wó ke a pa-ba Wɛ ŋwaane to. 32Wɛ ná sɛ, amo laam wó wane a ba abam tei de wopwolo, se a daare a na ywoni abam tei ne. 33Bochare-zuru Tu Baŋa Wɛ wó taa wo abam tei ne. Ameena.",https://www.bible.com/bible/3661/ROM.15.KBG
ROM 16,"1Amo lage a bere abam dé nu-bu Fwibi chega na ye tei to. Wonto ye kaane wolo na toŋe o woli Yezu kɔgɔ kolo na wo Kɛnkaria ne to. 2Abam nam jege se á jwoŋi‑o lanyerane dé Teiru wom ŋwaane, ne ko na maŋe se Yezu nɔɔna taa ke tei to. Á ta‑á pa‑o wolim delo maama o na lage abam tei ne to, kokuri to o maŋe o toŋe o woli nɔɔna dedɛ, de amo de.
3Jɔɔne-na Pirisila de Akwila á pa-ne. Banto mo tɔge de amo ye dé toŋe dé pa Yezu Krista. 4Ba ya sɛ se ba da toone tei amo ŋwaane. Amo nam ke-ba lei, ye ko dae amo yerane, se ko ye dwi-gɛ tiina balo maama na tu ba sɛ Yezu to de mo ke ba lei.
5Jɔɔne-na Yezu kɔgɔ kolo na jeeri ba sɔŋɔ kom ne to á pa-ne.
Jɔɔne-na amo badwoŋ-swono Epanitu, wolo na dɛ yiga o sɛ Yezu Krista Asia teene dem maama wone to.
6Jɔɔne-na Mary wolo na tiini o toŋe o pa abam to.
7Jɔɔne-na amo chorro Andarika de Junia. Banto ya tɔge de amo ba wo peena diga ne. Ba maa jege yere lanyerane Yezu totoŋa nakwa bam tei ne, ye ba sɛ Yezu Krista ba daare amo.
8Jɔɔne-na Ampaliata wolo a na tiini a jege o swono dé Teiru wom ŋwaane to.
9Jɔɔne-na Yubana wolo na tɔge de debam o toŋe Yezu Krista totoŋa to, dedaane amo badwoŋ-swono Setache.
10Jɔɔne-na Apɛla wolo na jege pu-dɛa de o na tɔge Yezu Krista tei to.
Jɔɔne-na Arisobulu sɔŋɔ tiina bam.
11Jɔɔne-na amo choro Hɛrodion.
Jɔɔne-na balo na ye Nakisa sɔŋɔ tiina ye ba ye dé Teiru wom nyem to á pa-ne.
12Jɔɔne-na Tirifana de Tirifosa, kaana balo na tiini ba toŋe dé Teiru wom totoŋa to.
Jɔɔne-na Perisa, kaane wolo de na tiini o toŋe o pa dé Teiru wom ye a jege o swono to.
13Jɔɔne-na Rufus wolo na yɔɔre o ye dé Teiru wom nyem to, de o nu wom na ke amo ne o tete bu tei to.
14Jɔɔne-na Asinkaritu, de Felegon, de Hɛmesi, de Pataroba, de Hɛmasa, dedaane de nu-bia balo maama na wo ba tei ne to.
15Jɔɔne-na Filologa, de Julia, de Neria de o nakɔ, de Olimpa, dedaane Yezu nɔɔna balo maama na wo ba tei ne to.
16Á ná jeeri daane, se á ta‑á kukwori daane á pa Wɛ zula. Yezu Krista kɔgɔ kom na wo jei selo maama ne to de jɔɔne abam.
17A nu-bia bam, a lage a kwoori abam se á fɔge á che á tete de balo na pɔɔre nɔɔna pa se ba jaane daane ye ba to tusim wone to. Banto nam mo yaale berem delo abam na maŋe á lɔre to. Konto ŋwaane yɔɔre á nyaŋe-ba. 18Nɔɔna bam konto dwoŋi ba tɔge dé Teiru Yezu Krista na lage kolo to, ye ba daare ba tɔge ba fera na zoore wonnu telo to. Ba yeini ba ŋɔɔne botare-ywei mo, ye ba ma ni-sone ba gane balo na ba jege swa to ba pipiri ba boboŋa. 19Nɔɔna maama yei abam na tɔge Wɛ lanyerane tei to, ye konto mo pa se amo tiini a jege wopwolo abam ŋwaane. Amo nam lage se abam yia poore de kolo na lana to, se á daare á ta‑á yei á tete se lwarem yé chɔge abam.
20Wɛ wolo na pae nɔɔna bochare-zuru to bá dáane se o ba o chɔge setaana pɛ wom nenɛɛne á na kwei á nɛ á nɔ o baŋa ne tei to.
Dé Teiru Yezu zaane dem taa wo abam tei ne.
21Amo dwoŋi tontoŋeno Timoti de jɔɔne abam.
Amo dwi tiina Lukia, de Jason, de Sosipata de jɔɔne abam.
22Amo Tɛtius mo popone Pɔɔl ni taane dento a tiŋi, ye a jɔɔne abam dé Teiru wom ŋwaane.
23Gayus wolo amo Pɔɔl na zoore o sɔŋɔ ne ye Yezu kɔgɔ kom maama de jeeri da to jɔɔne abam.
Erasitu wolo na ye teo kom dedɛɛro ye o nii ko sabu baŋa ne to, dedaane de nu-bu Kwatus de jɔɔne abam.
[24Dé Teiru Yezu Krista zaane dem taa wo abam maama tei ne. Ameena.]
25Dé ke Wɛ lei. Wonto dam dem mo pae á fɔge á zege lanyerane de á na sɛ Wɛ kwor-ywoŋa kalo amo na tɔɔle Yezu Krista ŋwaane to. Konto mo abam laam tu á lɔre Wɛ chega kalo déem na seigi o wone faŋa faŋa to. 26Leile konto Wɛ tɔge o sampwori sem déem na popone wonnu telo ba tiŋi to ŋwaane o ma pa se o chega kam konto ba ka lɔre jaja. Wɛ wolo na jege ŋwea se ko taa vei wuu to laam mo pɛ ni se logo baŋa dwi maama na chwoŋa ba lɔre o chega kam, se ba daare ba ke ba wo-dedoa ded‑o ye ba tɔge o ni. 27Wonto yerane mo ye swa maama tu ye o ba jege dwoŋi. Zula taa wo o tei ne Yezu Krista ŋwaane se ko taa vei wuu. Dé ke Wɛ lei. Ameena.",https://www.bible.com/bible/3661/ROM.16.KBG
1 KORINTI 1,"1Amo Pɔɔl wolo Wɛ na kuri-ne de o tete boboŋa se a taa ye Yezu Krista totoŋa nakwe to mo popone tɔnɔ konto, ye dé nu-bu Sɔsɔdane mo tɔge o woli-ne. 2Dé popone se dé pa abam balo na ye Wɛ kɔgɔ kom wo nɔɔna ye á zoore Korinti ne to mo. Abam maa ye balo Wɛ na kuri se á ta‑á ye wose Yezu Krista ŋwaane to. O ma le abam se á ta‑á ye o nɔɔna, ko woli de balo na wo jei maama ne ye ba zuli Yezu Krista to. Wonto maa ye ba maama Teiru, ye o ye debam de Teiru.
3Dé Kwo Wɛ, de dé Teiru Yezu Krista wó pa abam zaane de yazura.
4Maŋa maama amo yeini a ke Wɛ lei abam ŋwaane, de o na ke zaane abam yuu ne Yezu Krista ŋwaane to. 5Abam na me de Yezu to, Wɛ seene o woli abam de yuu-yeino maama se á ta‑á wae á ŋɔɔne o taane dem, ye á kwori á yei o chega kam maama. 6Konto to, Yezu Krista taane dem dé déem na tage de abam to tiini de ji chega abam tei ne. 7Á nɛ Wɛ pɛɛra yalo maama á na lage to ye á cheigi dé Teiru Yezu Krista se o jwoori o ba se dé na‑o. 8Wonto wó taa nii abam baŋa ne taa, se á wae á ta‑á zege lanyerane se ko taa vei o dɛ-kamunu kom, se tusim daa yé taa wo abam de Wɛ laŋa ne. 9Wɛ zege o chega wone mo, ye wonto mo kuri abam se á me de o bu Yezu Krista na ye debam Teiru wom.
Korinti tiina jege popɔra daane
10A nu-bia bam, a lwoori abam dé Teiru Yezu Krista yere ŋwaane se á ta‑á jege ni-mɔrɔ, se á yé ta‑á pɔɔre daane. Kwaane-na á ke á boboŋa daane se á ke ni dedwe. 11Kokuri, Cheloa ba sɔŋɔ tiina badaara tage de amo we, á mage ni-kantɔgɔ mo daane. 12Ko na ye tei to, abam badaara we, á tɔge Pɔɔl mo. Abam badwonna maa we, á tɔge Apolo. Badwonna maa we, ba tɔge Piita. Badwonna de maa we, ba tɔge Yezu Krista. 13Á na pɔɔre pɔɔre Yezu Krista konto to, ko jege kuri na? Amo Pɔɔl mo tege dagara kam yuu ne naa wɔ mo? Á na jwoŋi sɛɛm to, á jwoŋi se á sɛ Pɔɔl mo na? 14A ke Wɛ lei, kolo ŋwaane amo wo pɛ abam wolowolo sɛɛm, ko ná dae Kirisipu de Gayus yerane. 15Konto to, nɔɔn-nɔɔno bá wane o ta we, á jwoŋi sɛɛm amo ŋwaane. 16A ya swei woŋo fee. A pɛ Stefana sɔŋɔ tiina de sɛɛm. Ko daare konto kwaga ne, wolo ná woli da, a daa ware a guli. 17Yezu Krista toŋe-ne se a taa tɔɔle Wɛ kwor-ywoŋa kam mo a bere nɔɔna, ye ko dae se a taa pae nɔɔna sɛɛm. A na ŋɔɔne Wɛ taane tei to, ko dae logo baŋa swa mo a maa ŋɔɔna. A ya ná ŋɔɔne konto dwoŋi, a ya wó kwoli Yezu yere, pa se o toone dem dagara kam yuu ne ya bá taa jege chega nɔɔna tei ne.
Wɛ swa yam gare nabiina swa
18Ko ye chega mo we, Yezu toone dem dagara kam yuu ne ye jworim taane mo balo yiga na tera de Wɛ to tei ne. Ko nam ná ye debam balo o na jwoŋi o yage to tei ne, ko bere Wɛ tete dam jaja mo. 19Ko nam maŋe ko popone Wɛ tɔnɔ kom ne we:
“Amo Baŋa Wɛ wó chɔge swa tiina bam boboŋa,
ye a daare a pa yi-pore-nyena bam yi-poro kom yaale.”
20Swa tiina swa yam daa jege kuri na? Tɔn-yeena, de nɔɔna balo na yei ŋɔŋa to yi-poro kom jege kuri na? Wɛ nam bere debam we, logo baŋa swa yam maama ye jworim mo. 21Wɛ tete swa ŋwaane mo pae nabiina bá wane ba ma ba tete swa ba lɔre‑o. O nam ke o boboŋa ne se o tɔge taane delo dé na bere nɔɔna ye ba pae de ye jworim to ŋwaane mo o ma jwoŋi balo na sɛ-de to o yage. 22Juu tiina lage se ba na wo-kenkagela yalo na bere Wɛ chega kam to mo. Girisi tiina maa lage se ba cheigi taane delo na wó bere-ba swa to. 23Ko ná ye debam, dé ŋɔɔne Yezu Krista wolo na tege dagara yuu ne to taane mo. Taane dem konto maa ye ta-balɔrɔ mo Juu tiina tei ne. De maa ye jworim mo de pae dwi-gɛ tiina. 24Ko daare debam balo Wɛ na kuri to tei ne, ko ná ye Juu tiina de dwi-gɛ tiina de, taane dem konto mo pae de lɔre we, Yezu Krista ye Wɛ dam tu, de o swa tu. 25Woŋo kolo nɔɔna na pae ko ye jworim Wɛ tei ne to gare nabiina swa maama, ye kolo na bwomma o tei ne to dana ko dwoi nabiina dam.
26A nu-bia bam, boŋe-na á nii á déem na ye tei ye Wɛ laam ba o kuri abam to. Ko dae á dedɛ yi déem mo poore, nenɛɛne nabiina na lage yi-poro kolo to. Ko dae á dedɛ mo ye dedɛɛra, naa á dedɛ mo nwoŋi naduna sam. 27Wɛ nam paale o kuri wonnu telo nabiina na pae te ye wo-jworru to mo, se o ma pa chaveera di swa tiina. O ma kuri wonnu telo nabiina na pae te ye wo-bwonnu to, se o ma pa chaveera di dedɛɛra. 28O ma daare o kuri wo-yɔɔro de wo-korro telo maama nabiina na gwooni to, se o ma pa wonnu telo nabiina na pae te jege nyɔɔre to ji kafɛ. 29Wɛ kuri wonnu tento dwoŋi mo, se nabiina yé na chwoŋa se ba taa jege fia o yiga ne. 30Wɛ nam mo pɛ se abam me de Yezu Krista. Konto ŋwaane mo swa yalo Yezu na jwoŋi Wɛ tei ne to laam jigi debam swa. Wonto mo pae dé jege chega Wɛ tei ne, ye dé bochara fɔge ya kwɛ fase. O ma daare o kwei o tete ŋwea o ma vere debam wɛleera jeŋa ne o yage. 31Konto to, kolo na popone Wɛ tɔnɔ kom ne to ye chega mo, de ko na we, “Wolo ná boŋe se o taa mage o nyɔɔne, se o pa ko taa ye dé Teiru wom ŋwaane.”",https://www.bible.com/bible/3661/1CO.1.KBG
1 KORINTI 2,"1A nu-bia bam, a déem na tu abam tei to, amo wo bere a tete se a pa a ni taane de a swa taa gare abam, de a na tɔɔle Wɛ taane dem a bere abam tei to. 2A wo ke a boboŋa ne se a bere abam kolokolo, ko ná dae Yezu Krista de o toone dem dagara kam yuu ne to taane yerane. 3A na wo abam tei ne to, a déem tiini a bwona de abam, ye foone tiini de jege-ne, ye a yera sae. 4A ŋɔŋa kam de a na tɔɔle Wɛ kwora kam tei to dae swa mo a kea se a pa á sɛ taane dem. Ko ye Wɛ Sin-laao kom de o dam mo pɛ se á lɔre we, taane dem ye chega. 5Konto to, á na ke á wo-dedoa de Yezu to, ko tɔge Wɛ dam dem ŋwaane mo, se ko dae nabiina swa ŋwaane.
6Dé nam yeini dé bere balo boboŋa na kweere to mo swa, ye ko dae nabiina swa, naa logo baŋa dedɛɛra bam swa. Banto wó ba ba ti de ba dam dem maama. 7Debam na bere swa yalo to ye Wɛ swa mo. Nabiina nam yeiri ya ni ne, Wɛ na seigi-ya ba yiga ne to ŋwaane. Faŋa faŋa ye logo baŋa ta tera to, Wɛ déem maŋe o ke o boboŋa ne se dé da swa yam konto ŋwaane mo dé na paare o tei ne. 8Logo baŋa dedɛɛra bam wolowolo nam wo lɔre ya kuri. Ba ya ná yei, ba ya bá ja Wɛ telaao paare tu Yezu ba pa dagara yuu ne ba go. 9Wɛ tɔnɔ kom nam bere o swa yam taane we:
“Wɛ fɔge o ke wo-laaro o tiŋi,
se o pa balo na swoi‑o to.
Nabiina yi wo nɛ wonnu tem konto dwoŋi,
ye ba zwa wo nigi te ŋwa.
Ba maa ba jege te boboŋa de.”
10De ko de, Wɛ dɛ o Sin-laao kom ŋwaane mo o ma pa dé lɔre wonnu tem konto. Wɛ Sin-laao kom yeini ko da woŋo maama naga mo. Ko maa yei Wɛ wo de o boboŋa de. 11Wɔ mo wó wane o lɔre nɔɔno wodwoŋi boboŋa, ye ko dae o tete jworo? Ko nam na ye konto to, nɔɔn-nɔɔno yeiri Wɛ boboŋa, ko ná dae o tete Jworo kom yerane. 12Jworo kolo Wɛ na ke debam bochara ne to dae logo baŋa nyem. Ko nam nwoŋi Wɛ tei mo se ko pa dé lɔre wo-laaro telo o na pɛ debam zɛɛra to.
13Dé yeini dé bere nɔɔna chega kam konto, ye botare selo dé na ŋɔɔne to dae nabiina swa botare. Ko ye Wɛ Sin-laao kom mo bere debam botare selo na maŋe se dé taa ŋɔɔne to. Dé tɛ chega kalo na ye Wɛ nyem to dé bere balo o Jworo kom na wo ba bochara ne to mo. 14Wɛ Jworo kom na tere wolo bochare ne to ba sɛ se o jwoŋi ko wo-laaro tem. Te maama ye wo-jworru mo o tei ne. O bá wane o lɔre te kuri, kolo ŋwaane ko ye Wɛ Sin-laao kom mo bere te kuri chekke. 15Wolo maama Wɛ Jworo kom na wo o bochare ne to mo wae o yei woŋo maama kuri chekke. Nɔɔn-nɔɔno nam bá wane o mage banto puga o nii. 16Ko ye chega mo, de Wɛ tɔnɔ kom na bere tei we:
“Nɔɔn-nɔɔno bá wane o lɔre Baŋa Wɛ boboŋa,
se o bere‑o o na wó ke tei to.”
Dé Teiru Yezu Krista boboŋa dedaane debam boboŋa nam ye bedwe mo.",https://www.bible.com/bible/3661/1CO.2.KBG
1 KORINTI 3,"Wɛ tontoŋena na toŋe ba pa Wɛ tei to
1A nu-bia bam, amo déem na wo abam tei ne to, a ware a ŋɔɔne Wɛ taane de abam ne Jworo kom na wo balo tei ne to. A déem ŋɔɔne de abam nenɛɛne á ye balo logo baŋa wonnu fera na jege-ba to ye á ta ye bu-balɛ mo Yezu Krista tei ne. 2A déem na bere abam wo-mwaalo telo to nye de a pɛ abam nayela mo se á nyɔ. A déem wo pɛ abam wodiu, kolo ŋwaane á déem wo yi ko dim. De zem de, á daa ta wo yi wodiu dim, 3kolo ŋwaane á ta ye balo logo baŋa wonnu fera na jege-ba to mo. Abam jege wo-goo ye á mage ni-kantɔgɔ daane. Konto bere we logo baŋa wo-yɔɔro fera mo ta jege abam, ye á tɔge balo ta na yeiri Wɛ to kikia. A fɔ vwa na? 4Abam dedoa ná tɛ o we, o tɔge Pɔɔl mo, ye wodwoŋi de ná we, o tɔge Apolo mo, ko dae balo na yeiri Wɛ to kikia mo konto na?
5Wɔ mo ye Apolo? Wɔ mo ye amo Pɔɔl? Debam maama ye Wɛ tontoŋena mo, ye Wɛ dɛ debam ŋwaane mo o pa á sɛ Yezu Krista. Debam maama toŋe kolo dé Teiru wom na pɛ debam se dé ke to mo. 6Amo Pɔɔl mo dugi wonnu abam bochara ne. Apolo ma yage na da, ye te puli. Ko daare ko ye Wɛ mo pɛ te be. 7Mo kokuri, wolo na dugi to, de wolo na yage na da to maama dae kolokolo. Wɛ yerane mo wae o pae o taane dem ke dam nɔɔna bochara ne. 8Wolo na dugi to de wolo na yage na to maama ye bedwe mo. Wɛ wó pa ba maama jwoŋi ba ŋweero ko maŋe de ba na toŋe tei to mo. 9Debam maama toŋe daane mo dé pa Wɛ. Abam nye de Wɛ kara kalo dé na dugi ka wone to mo.
Abam daa ta nye de diga kalo Wɛ na wora o lɔ to mo. 10Wɛ na zeini amo se a toŋe totoŋe delo to ye amo beiri diga kam kuri mo, ne lɔro na yei o totoŋa chekke tei to. Nɔɔno wodwoŋi de maa wora o lɔa o daŋe da. Wolo maama nam na lage se o lɔ o daŋe da to jege se o taa yei o na lɔ tei to mo. 11Nɔɔn-nɔɔno daa bá wane o beiri diga kam kuri, kolo ŋwaane Wɛ maŋe o pa Yezu Krista ji kuri delo yerane na ye chekke to mo o beiri-ka. 12Wolo na wó lɔ o daŋe da to wae o kwei sabu-seŋa, naa lu-nyenno, naa kandwa-nyenno, naa dɛ, naa ga-korro o maa lɔa. 13Nɔɔno maama na toŋe kolo to nam wó ba ko lɔre jaja. Yezu Krista tutuuri dɛ dem ná yia, de wó ba de mini mo. Mini dem mo wó bere nɔɔno maama totoŋa na ye tei. 14Balo na mɛ wo-laaro ba lɔ ye mini dem wo wane de di to wó jwoŋi ba ŋweero. 15Ko daare balo mini dem na wane de di ba lɔɔm dem to wó ga woŋo maama. Nɔɔna bam tete bá te. Ba nam wó taa nye de mini na di nɔɔno ye o wori tei to mo.
16Wɛ Jworo kom na wo abam bochara ne to, á nye de Wɛ tete diga kalo o na zoore ka wone to mo. Á yeiri konto na? 17Wolo nam ná chɔge Wɛ diga kam, Wɛ wó chɔge kotu de. Wɛ diga kam ye wose mo. Abam tete nam mo ye o diga kam konto.
18Nɔɔn-nɔɔno yé zaŋe o gane o tete. Abam wolo ná boŋe we o jege swa, ne zem logo baŋa swa na ye tei to, konto tu jege se o jwoori o ji nɔn-jworo mo, se o laam wane o na swa chekke. 19Kokuri logo baŋa swa yam ye jworim mo Wɛ yiga ne. Ko popone Wɛ tɔnɔ kom ne we, “Wɛ vugimi swa tiina swa yam pa ya jwoori ya ja-ba.” 20Ko daa ta popone we, “Baŋa Wɛ maŋe o yei swa tiina na boŋe ba ja kolo to. O yei we ba boboŋa yam ye kafɛ mo.” 21Konto ŋwaane, nɔɔn-nɔɔno yé zaŋe o mage o nyɔɔne de o na tɔge nabiinu wolo to. Woŋo maama ye abam nyem mo. 22Ko ná ye amo Pɔɔl, de Apolo, de Piita, debam de ye abam nyem mo. Ko nam ná ye logo baŋa, de ŋwea, de toone, de zem, de jwa de, abam mo tei te maama. 23Yezu Krista nam mo tei abam, ye Wɛ tei Yezu Krista tete de.",https://www.bible.com/bible/3661/1CO.3.KBG
1 KORINTI 4,"Yezu Krista tontoŋena taane
1Abam na boŋe tei to, á jege se á ta‑á yei we debam ye Yezu Krista tontoŋena mo. Wɛ nam kwei o chega kalo ya na seigi nabiina yiga ne to o ke debam jeŋa ne se dé taa nii ka baŋa ne. 2Nmo nam ná kwei n wonnu n ke nɔɔno jeŋa ne se o taa nii te baŋa ne, ko maŋe se konto tu taa ye jawala tu mo. 3-4Ko ná ye amo, abam naa nabiina maama ná di amo taane tei de tei, a yiga tera. Amo boboŋa ne, kolokolo tera a na ke a chɔge. De konto de, a bá wane a ta we a yɔɔre a jege chega, a na bá wane a bore a tete bora to ŋwaane. Wolo yerane na wó bore amo bora to mo ye dé Teiru wom. 5Konto ŋwaane, cheigi-na dé Teiru wom, se nɔɔn-nɔɔno yé wuuri o di o dwoŋi taane. O ná tua, o wó ja pwooni o ba o pa woŋo kolo maama na seigi lim wone to taa nae jaja. Wonto wó pa nɔɔna boboŋ-lilirru tem lɔre jaja. Maŋa kam konto ne mo nɔɔno maama wó na zula yalo na maŋe se o na Wɛ tei ne to.
6A nu-bia bam, ko ye abam ŋwaane mo a kwei a tete dedaane Apolo a ma maŋe a bere abam, se á wane á nii debam á ma lɔre á na wó ta‑á tɔge tei to, se á yé sa chwoŋa de kolo na popone Wɛ tɔnɔ kom wone to. Konto to, nam yé bere-na á tete kamunim se á zuli nɔɔno ye á daare á gwooni o dwoŋi. 7Ko ná ye nmo, wɔ mo pɛ‑m kanto zega kam jei? Bɛ mo n jega ye n wo jwoŋi-ko Wɛ tei ne? Nmo nam na jwoŋi to, bɛ mo kea ye n mage n nyɔɔne ko baŋa ne, ne nmo tete mo mɛ n dam de n swa n ma n na-ko tei?
8Abam boŋe we, á maŋe á jege kolo maama á na lage to, á kwori á ye naduna, ye á ta boŋe we abam di paare á daare debam. Ko ya maŋe se á seene á di paare, se debam de taa tɔge dé ye pwa. 9Amo na boŋe tei to, ko nye de Wɛ kwei debam balo na ye o totoŋa nakwa to o zege kwaga kwaga mo, nenɛɛne ba na jaane balo ba vei se ba go to mo. Debam ye balo na jigi nɔn-mwanno to mo woŋo maama tei ne, de nabiina de malese de tei ne. 10Debam jigi nɔn-jworru mo Yezu Krista ŋwaane, ye abam pa á ye swa tiina mo o tei ne. Debam maa bwomma, ye abam pae á dana. Nɔɔna zuli abam, ye ba daare ba ba nege debam. 11De zem de, kana de na-nyɔm jege debam, ye dé zo gare-zenzwanno. Nɔɔna maa bɛɛse debam, ye dé ba jege dé tete diga se dé peini da. 12Dé mae dé tete jea mo dé toŋa pa dé yera nyɔna. Nɔɔna ná jege debam ba twea, dé yeini dé kwei Wɛ zaane mo dé ma swɛ ba swolim. Nɔɔna ná bɛɛse debam, dé yeini dé vɔ pu-dɛa mo. 13Nɔɔna ná yaale debam, dé yeini dé jwoori dé tɛ wo-ŋonno mo de-ba. Dé jigi logo baŋa weero mo. De zem maama, dé ye wo-yɔɔro mo nɔɔno maama tei ne.
14Amo na popone kolo to, a popone se ko woli abam se á tɔge chwo-laao mo, á na ye amo bu-swonnu to ŋwaane, se ko dae we a lage se chaveera mo ja abam. 15A yei we nɔɔna morro dedɛ mo wó taa wora ba na nii abam baŋa ne se ba kale abam ba de Yezu Krista chwoŋa kam ne. De ko de, á kwoa nam ba daga. Amo yerane mo ye á kwo, de amo na tɔge Wɛ kwor-ywoŋa kam baŋa ne a pa á na ŋwe-doŋa Yezu Krista ŋwaane to. 16Mo kokuri, a lwoori abam se á ta‑á lwoni amo totoŋ-naga kam. 17Konto ŋwaane mo a lage a toŋe Timoti á tei ne. Wonto ye a bu-swono, ye o jege jawala de o na tɔge dé Teiru Yezu tei to. Wonto wó guli o bere abam amo na yeini a tɔge Yezu Krista chwoŋa kam tei to, ne ko na maŋe de chega kalo amo na bere Yezu kɔgɔ kom jei maama ne tei to.
18Abam badaara pae á tete kamunni mo, ye á daa ba teene we amo wó jwoori abam tei. 19Wɛ ná sɛ, a nam wó ba abam tei leile. A ná tua, a laam wó wane a lɔre dam delo kamun-nyena bam na seene ba jega, ye ko dae ba ŋɔŋa yerane to. 20Wɛ paare dem pae dam mo, se ko dae ni-ŋɔŋa yerane. 21Ko daare abam tei ne mo se á bwɛ á nii, a ba a vaŋe á zwɛ, naa a bere swono se a fɔge a ke abam lanyerane?",https://www.bible.com/bible/3661/1CO.4.KBG
1 KORINTI 5,"Wɛ kɔgɔ kom wone wo-zɔɔna taane
1Amo nam nigi abam labaare we, abam wone nɔɔno dedoa kare o ke bwoŋa mo. Baaro mo tigi de o kwo kaane. Balo na yeiri Wɛ to de maŋe ba ba sɛ ba ke wo-zɔɔna yanto dwoŋi. 2O na ke konto to, bɛ mo ye á pae á tete kamunni? Ko ya maŋe se á wo chɔge ko ŋwaane, se á daare á le nɔɔno wom konto á wone. 3Amo tete mo tera abam tei ne, ye á boboŋa tiini ya wo amo yuu ne. Konto to, amo maŋe a ve baaro wonto bora o chɔgem dem ŋwaane, ne a wo abam tei ne mo tei. 4-5Mo kokuri a tɛ abam dé Teiru Yezu Krista yere ŋwaane we, á ná tigisi daane á ti, se á ma amo boboŋa yam dedaane de Teiru Yezu dam dem na wora de abam konto to á ma á kwei nɔɔno wom á ke setaana pɛ jeŋa ne. Konto baŋa ne, setaana pɛ ná chɔge nɔɔno wom yera o wo-zɔɔna fera yalo o na jege to ŋwaane, konto tu jworo kom laam wó wane ko na verem dé Teiru Yezu dɛ-kamunu kom ne.
6Abam teera yam ba lana. Á yei we sabɔle fenfee ná wora bworobworo mun-lɛɛre wone, ko laam wó pa te maama fole mo. Keim-lɔŋɔ de ye konto mo. 7Konto ŋwaane, le-na sabɔl-dwoori dem á wone, se de yé lɔgese á maama. Konto mo wo-digiru bá taa wo á wone, ye á laam wó ta‑á ye nenɛɛne bworobworo mun-lɛɛre delo ba na wo ke sabɔle de wone to. Á seene á ye wose mo, kolo ŋwaane Yezu Krista kwei o tete o kaane Wɛ á wɛleera saarem ŋwaane, pa o nye de pipeila kalo ba déem na yeini ba goe Atɔgebabaŋa kuri dem ŋwaane to. 8Pa-na dé ke ne banto na ke tei ye ba le sabɔl-dwoori maama ba sam ne ba dole ba yage to. Ko ná ye debam, pa-na dé le lwarem kikia dedaane totoŋ-balwaaro maama dé wone, ye dé daare dé taa jege wo-pwoŋo de chega, ye wo-digiru daa bá taa wo dé wone. Konto nye de ba déem na yeini ba kwei bworobworo kolo na ba jege sabɔle ko wone to mo ba ma ba di Bworobworo-memene kuri dem.
9Amo déem na dɛ yiga a popone tɔnɔ kolo a pa abam to, a tage de abam se á yé ta‑á tɔge dedaane balo na kare ba ke kabwoŋa to. 10Amo na kaane abam konto to, ko dae balo na yeiri Wɛ ye ba ye ka-lagena, naa nɔn-kwollu, naa venverena, naa jwo-kaana to taane mo a tɛa. Abam bá wane á pwɛ á tete de logo baŋa nɔɔna bam konto dwoŋi. 11Amo nam na popone kolo to kuri mo ye se á yé ta‑á tɔge de wolo maama na bere we o ye á nu-bu ye o ye ka-lageno, naa nɔn-kwolo, naa jwo-kaano, naa nɔn-tweeno, naa sa-nyɔro, naa venvereno to. Ko ná ye nɔɔno wonto dwoŋi, se á pwɛ á tete de kotu, se á bere á yé di wodiu dedaane‑o de.
12-13Ko ná ye balo na dae dé nu-bia Yezu ŋwaane to, amo bá wane a di banto taane. Ko ye Wɛ mo wó di ba taane. Abam nam jege se á di balo na wo á kɔgɔ kom wone to taane. Konto ŋwaane, zeili-na wo-lwan-keiru wom á wone.",https://www.bible.com/bible/3661/1CO.5.KBG
1 KORINTI 6,"Yezu kɔgɔ kom taana kwɛɛm
1Abam wolo ná jege taane de o dwoŋi, ye á ye nu-biu Yezu ŋwaane, bɛ mo ye nmo wó ja taane dem n vo kɔɔte, se balo na yeiri Wɛ to di abam taane dem? Ko nam maŋe se Wɛ nɔɔna bam mo di á taane dem. 2Wɛ nɔɔna bam mo wó ba ba di nabiina maama taane. Á yeiri konto na? Konto ŋwaane, bɛ mo kea ye á ware á di ta-balwa á pa á tete? 3Á yeiri we debam mo wó di malese sem taane na? Konto to, dé bá wane zem taana yam dé di na? 4Abam nam ná jege taane konto dwoŋi á wone, bɛ mo ye á ja á vo balo na dae kolokolo Yezu nɔɔna bam yiga ne to tei? 5A tage tento maama se chaveera mo ja abam. Ko wó taa ye chega we, swa tu tere abam wone se o wane o fɔge abam balo na ye nu-biu to daane na? 6Abam na yeini á ke tei to ba lana. Abam wone nɔɔno dedoa yeini o saŋe o nu-bu kɔɔte ne, pa se balo na yeiri Wɛ to di o taane.
7Abam nam ná saŋe daane konto, ko bere we á maŋe á ga bora mo. N nu-bu ná ke‑m wo-lɔŋɔ, naa o ná ŋɔge‑m, ko ya lana se n yage n ma n chɛ‑o mo. 8Ko nam na ye tei to, abam tete yeini á ke wo-lwanno mo, ye á ŋɔne daane, dedaane á nu-bia bam de. 9Á yeiri we balo na ba tɔge chwo-laao to bá na jeiŋa jei Wɛ paare dem ne na? Yé zaŋe-na á gane á tete. Balo na ye ka-lagena, naa jwo-kaana, naa ka-ziina, naa baywallo, naa balo na peini de-ba to, 10naa ŋweena, naa nɔn-kwollu, naa sa-nyɔra, naa nɔn-tweena, naa venverena to bá na jeiŋa jei Wɛ woro kom ne. 11Abam badaara déem ke konto dwoŋi mo. Wɛ nam saare á wɛleera yam maama, se á ta‑á ye wose ye á jege chega o tei ne. Wɛ dɛ dé Teiru Yezu de o Sin-laao kom dam ŋwaane mo o ke konto o pa abam.
Dé yera yam chɔgem taane
12Abam badaara we, kolokolo daa tera ko na chula á tei ne. Amo nam tɛ we, ko dae woŋo maama mo jege nyɔɔre ko pa abam. Amo ná tage a we, kolokolo daa tera ko na chula amo tei ne, amo nam bá sɛ se a pa kolokolo taa jege dam se ko wane ko fe amo. 13Abam yeini á we, Wɛ ke wodiu de kana mo se ba taa zeini daane. Maŋa nam wó ba ye Wɛ ja wodiu de kana maama o chɔge. Wɛ nam wo mɔɔne dé yera yam o pa debam se dé taa mae dé ke kabwoŋa. Wɛ mɔɔne dé yera yam se dé Teiru Yezu mo taa tei-ya, ye dé kwori dé taa ma-ya dé toŋe dé pa‑o. 14Wɛ mɛ o dam mo o bi dé Teiru Yezu toone wone. Maŋa nam wó ba ye o bi debam de toone wone.
15Á yeiri we á yera yam ye Yezu Krista yera yam daa dedoa mo na? Abam yera yam de Yezu yera yam na ye bedwe konto to, á yé zaŋe á kwei-ya á ma á peini de ka-tola, kokuri á yera yam de wonto yera yam wó ji bedwe mo. 16Kokuri, wolo ná peini de ka-tola, kotu de ka-tola kam maama laam jigi woŋo dedoa mo. Á yeiri konto na? Wɛ tɔnɔ kom tage we, “Banto balei wó ji yera dedoa mo.” 17Wolo nam ná me de dé Teiru Yezu, kotu jworo de Yezu jworo maama ye bedwe mo.
18Nam yage-na kabwoŋa kikia maama. Keim-balwaaro telo maama nɔɔno na wó ke to, o bá ke o yage o yera wone. Nɔɔno nam ná ke kabwoŋa, konto ye keim-balɔrɔ kolo o na ke o yage o yera wone to mo. 19Á yeiri we á yera yam nye de Wɛ tete diga kam ye o Sin-laao kom mo zoore ka wone na? Wɛ seene o ke o Jworo kom á bochara ne mo. Konto ŋwaane, á daa ba tei á tete. 20Á ye Wɛ nyem mo. O yeigi abam de o kwora mo. Konto ŋwaane, kwei-na á yera yam á ma á toŋe se ko pa Wɛ na yere.",https://www.bible.com/bible/3661/1CO.6.KBG
1 KORINTI 7,"Banna de ba kaana taane
1A lage a leiri á na popone á bwei amo taana yalo to mo a pa abam.
Baaro ná wane o ja o tete kaana baŋa ne, ko wó taa lana. 2Ko nam ba lana se baara taa lage kaana yɔɔ yɔɔ. Konto ŋwaane, ko maŋe se baaro maama taa jege o tete kaane, se kaane maama de taa jege o tete baro. 3Baaro yé zaŋe o ve se o peini de o kaane. Kaane nam yé ve se o peini de o baro. 4Kaane ba tei o tete yera, ko ye o baro mo tei-ya. Baaro de nam ba tei o tete yera, ko ye o kaane de mo tei-ya. 5Yé zaŋe-na á ve se á ta‑á tigi daane, ko ná dae we á maama mo sɛ se á yage da-peiga, se á wane á seene á yia á lwoori Wɛ se ko taa vei maŋa kalo á na lage to. Maŋa kam konto ná yia, se á jwoori á ta‑á tigi daane. Ko ná dae konto, setaana pɛ wó soge abam pa á tusi, á na ware á tete á ja to ŋwaane.
6Amo na popone banna de kaana taane konto to, a tage se ko woli abam mo, se ko dae we a lage a fe abam. 7Amo ya wó taa lage se nɔɔno maama taa ye ne amo na ye tei to. Wɛ pɛɛra nam ye teiri teiri mo ye o pa nɔɔno maama o nyem.
8Ko daare abam balo na ye badeina de kadeina to, a lage a ta de abam we, ko lana se á ta‑á ye á yerane konto, ne amo de na ye tei to. 9Á nam ná ware á tete á ja, ko maŋe se á di kaana naa á zo banna mo. Konto gare á ná pae ka-laga fera tiini ya zo abam. 10-11Ko ná ye banna de ba kaana, ko ye fefeo mo se kaane yé yage o baro, se baro de yé yage o kaane. Konto dae amo tete ni, ko ye dé Teiru Yezu mo pɛ-ne ni dem konto. Kaane nam ná maŋe o yage o baro, ko maŋe se o jwoori o vo o baro wom tei mo se ba fɔge daane. Ko ná dae konto, o daa yé zaŋe o zo baro wodwoŋi.
12Ko daare baaro wolo na tɔge Yezu to ná jege kaane wolo na ba tɔge Yezu to, ye kaane wom ná sɛ se ba taa zoore daane, baaro wom ba jege chwoŋa se o yage o kaane wom. Ko ye amo mo pɛ ni dem konto, se ko dae dé Teiru Yezu mo pɛ-de. 13Kaane wolo nam ná tɔge Yezu ye o baro ná ba tɔge Yezu, ye o baro wom ná sɛ se ba taa zoore daane, se o yé zaŋe o yage o baro wom. 14Wɛ mo le baro wolo na wo sɛ Yezu to pa o ji o nyem, o kaane wom na tɔge Yezu to ŋwaane. Wɛ ta kwori o le kaane wolo na wo sɛ Yezu to pa o ji o nyem, o baro wom na tɔge Yezu to ŋwaane. Ko ya ná dae konto, ba bia bá taa ye ba yera Wɛ ŋwaane. Ko nam na ye tei to, Wɛ mo le ba bia bam pa ba ye o nyem.
15Wolo wom na ba tɔge Yezu to ná boŋe se o viiri, ko ná maŋe ko ye kaane wom naa baro wom de, se á yage‑o se o viiri. Wolo na daare ye o tɔge Yezu to laam wó taa tei o tete. Wɛ na bwoŋi debam se dé taa tɔge‑o to, ko ye se dé taa zoore daane de wo-zuru mo. 16Kaane, nmo na tɔge Yezu to, n wó ke tɛ mo n lɔre we, n wó wane n jwoŋi n baro wom n ke Wɛ jeŋa ne, naa n bá‑n wane n jwoŋi‑o? Baro, n de wó ke tɛ mo n lɔre we, n wó wane n kaane wom n jwoŋi n ke Wɛ jeŋa ne, naa n bá‑n wane n jwoŋi‑o?
17Abam déem na ye tei ye Wɛ bwoŋi abam se á ta‑á tɔge‑o to, á ta ta‑á ye konto, se ko maŋe de dé Teiru wom na mɔɔne abam tei to. Mo kolo a na bere Yezu kɔgɔ kom jeiga maama ne to. 18Wɛ déem na bwoŋi abam to, á wolo déem ná maŋe o gwoni o peini, konto tu yé kwaane se o taa seigi o tete o peini dem gwonim ŋwaane. Ko daare wolo déem nam ná maŋe o wo gwoni o peini, o daa yé kwaane se o gwoni-de. 19Kokuri peini delo na gwoni de delo na wo gwoni to maama ba ke kolokolo. Woŋo kolo na jege kuri to mo ye se nɔɔno seene o yia de Wɛ nia yam tɔgem.
20Nɔɔno maama déem na ye tei ye Wɛ bwoŋi‑o to, ko maŋe se o ta taa ye konto mo. 21Wɛ déem ná bwoŋi wolo ye o ye kabaa, se kotu yé pa ko taa daane‑o. O nam ná nɛ chwoŋa se o taa tei o tete, se o sɛ se ko taa ye konto. 22Wolo maama déem na ye nɔɔno kabaa ye Wɛ bwoŋi‑o se o taa tɔge dé Teiru Yezu to, konto tu laam tei o tete, dé Teiru wom na jwoŋi‑o to ŋwaane. Wolo de déem na tei o tete ye Wɛ bwoŋi‑o to, konto tu laam nye de kabaa mo Yezu Krista tei ne. 23Á ye Wɛ nyem mo. O yeigi abam de o kwora mo. Mo kokuri yé zaŋe-na á ji kabɛ nɔɔn-nɔɔno tei ne.
24Konto ŋwaane, a nu-bia bam, abam maama déem na ye tei ye Wɛ bwoŋi abam se á ta‑á tɔge‑o to, se á ta ta‑á ye konto o yiga ne.
25Ko daare bukwa balo ta na wo zo banna to, dé Teiru Yezu wo pɛ-ne o ni ba ŋwaane. Amo nam ye wolo dé Teiru wom na duri a yibwona pa se a zege a chega wone to mo. Amo boboŋa na jaane tei to mo tento: 26Amo boŋe we, yaara yalo na wo debam baŋa ne leile to ŋwaane, ko lamma se nɔɔno taa ye o na maŋe o ye tei to mo. 27Konto to, nmo ná jege kaane, se n yé zaŋe n yage‑o. Nmo nam ná ba jege kaane, se n yé zaŋe n ta‑n kwaane se n di kaane. 28Ko dae we, n ná di kaane, n ga n ke wo-lɔŋɔ. Ko nam ta dae we, bukɔ ná zo baro, o ke wo-lɔŋɔ. Banna de ba kaana nam bá sii logo baŋa yaara yam wone. Konto mo a ba lage se á yaare konto dwoŋi.
29A nu-bia bam, a na tɛ konto de abam kolo ŋwaane to mo ye maŋa kam daa ba tiini ka daga se dé maa toŋe Wɛ totoŋa. Ko zege leile konto ko taa via, ko maŋe se balo na jege kaana to taa zoore ne ba wo di kaana mo tei. 30Ko maŋe se balo wo na chɔge to taa zoore ne ba wo wo chɔge mo tei. Balo wo na pwoli to de taa zoore ne ba wo wo pwoli mo tei. Balo na yeigi wonnu to taa zoore ne ba ba tei wonnu tem konto mo tei. 31Balo na ye pipim-piina logo baŋa ne to taa zoore ne ba yi wo su ba jejegero tem mo tei. Kokuri logo baŋa de ko wonnu maama lage te ti mo.
32Amo ba lage se lwia taa jege abam. Wolo na ba jege kaane to yeini o kwei o boboŋa maama o pa dé Teiru Yezu mo, se o taa toŋe o pwoli o wo. 33Wolo na jege kaane to yeini o kwei o boboŋa o ke logo baŋa wonnu wone mo, ye o kwaane o taa toŋa o pwoli o kaane wo. 34Konto bere we, o boboŋa ye yalei mo. Ko ye bedwe mo de busankana, naa kaane wolo na ba jege baro to. Wonto kwei o boboŋa maama mo o pa dé Teiru Yezu, o na lage se o yera de o jworo maama taa ye Wɛ nyem to ŋwaane. Ko daare kaane wolo na jege baro to kwei o boboŋa o ke logo baŋa wonnu wone mo, ye o kwaane se o taa toŋe o pwoli o baro wom wo.
35Amo nam tɛ botare sento se ko woli abam mo. A ba kwaane se ko taa ye fefeo á tei ne. Amo nam lage se a pa á ta‑á tɔge chwo-laao mo, se á seene á yia á ta‑á toŋa á pa dé Teiru Yezu ye á ba jege boboŋa yalei ko wone.
36Nɔɔno wolo ná boŋe we, o wo ke o katɔgɔ lanyerane, ye o fera ná tiini ya zo‑o pa o daa ware o tete o ja, ko maŋe se kotu kwaane o di‑o mo, ne o na boŋe tei to. O ná ke konto, o wo ke wo-lɔŋɔ. 37Nɔɔno wolo nam ná jege boboŋ-dɛɛra ye o wae o tete o jaana, ye kotu ná ke o boboŋa ne we, ko dae fefeo se o di katɔgɔ kom, ye o ná wo di‑o, o ke lanyerane mo. 38Konto to, wolo na di o katɔgɔ to ke lanyerane. Wolo de nam na yage o katɔgɔ kom ye o wo di‑o to tiini o ke lanyerane. 39Kaane ná jege baro, ye o baro wom ta ná ŋwe, o ba jege chwoŋa se o yage‑o. O baro wom nam ná tega, o laam jege chwoŋa se o zo o na lage wolo to. O nam jege se o tɔge dé Teiru wom boboŋa mo o zo baro wodwoŋi. 40Amo nam boŋe we, o ná jei o yerane, o wó taa jege wopwolo dedɛ ko dwoi o daa ná zo baro. Wɛ Sin-laao kom wo amo tei ne, ye a boŋe we konto mo pɛ-ne boboŋa yam konto.",https://www.bible.com/bible/3661/1CO.7.KBG
1 KORINTI 8,"Jwona wodiiru taane
1A lage a ta jwona wodiiru taane mo.
Dé yei we, dé maama jege yeino. Nam ta‑á yei-na we, nɔɔno ná jege yeino, ko pa‑o kamunni mo. Nɔɔno nam ná jege swono, ko pae zeinim mo. 2Nɔɔno wolo ná boŋe we o yei o tia, ko bere we o ta yeiri kolo na maŋe se o taa yei to mo. 3Wolo nam na swoi Wɛ to, Wɛ yei o de.
4Ko ná ye jwona wodiu kom dim taane dem, dé yei we jwona ba ŋwe, ye Wɛ dedoa yerane mo wora. 5Nabiina jege wonnu tedwonna mo ba maa bwoi we ‘wa’, ko ná ye tega baŋa wonnu naa wɛyuu wonnu de. Wonnu tento daga dedɛ ye nɔɔna bwoi-te we, ba wa de ba yuu tiina. 6Ko nam ná ye debam, Wɛ dedoa yerane mo wora. Debam Kwo wom na ke woŋo maama ye dé ŋwea wo o tei ne to mo konto. Ko daa ta woli da, debam Teiru ye dedoa mo, ye wonto mo ye Yezu Krista. Wɛ na dɛ wolo ŋwaane o ke woŋo maama ye dé ŋwe o ŋwaane to mo wonto.
7Ko nam dae nɔɔno maama mo yei we jwona ba jege dam. Nɔɔna badaara déem me de jwona kaanem mo, ye ba laam ba ba sɛ Wɛ. Konto ŋwaane ba kɔre foone ye ba boŋe we, ba ná di jwoni wodiu, ko wó taa ye nenɛɛne ba jwoori ba sɛ jwona kaanem mo. Ba boboŋa ta na wo kweere Wɛ seeni to, ba boŋe we ba ke ba chɔge mo. 8Wodiu dim dae kolokolo debam de Wɛ laŋa ne. Dé ná chuli wodiiru naa dé ba chula, dé bá jwoŋi kolokolo naa dé ga kolokolo Wɛ yiga ne. 9Ko daare abam balo na ba chuli wodiu dim to, se á ta‑á yei se á wó wane á pa balo boboŋa na wo kweere Wɛ seeni to ke ba tusi, de abam na di jwona wodiiru tem to ŋwaane. 10Nmo wolo na jege yeino ye n boboŋa kweere to ná vei n zo jwoni diga n tɔge n di de wodiu kom, ye n nu-bu wolo boboŋa ta na wo kweere to ná nɛ‑m, konto bá wane ko pa se o boboŋa ja se o de vo o tɔge o di na? 11Konto to, o ná dɛ o di jwoni wodiu kom konto, ko dae nmo mo mɛ n yeino kom n ma n chɔge n nu-bu wolo boboŋa na wo kweere ye o ta ye wolo Yezu Krista na tega o ŋwaane to na? 12Nmo ná yeini n ke keim-balɔrɔ kom konto dwoŋi n chɔge n nu-bia wo, ye n ja ba boboŋa yalo na wo kweere to n chɔge, n ke tusim n chɔge Yezu Krista yiga mo. 13Mo kokuri, wodiu dim ná lage ko pa amo nu-bu tusi, a daa bá fɔge a do nɔna. A ba lage se a pa a nu-bu ywori Wɛ chwoŋa kam wone.",https://www.bible.com/bible/3661/1CO.8.KBG
1 KORINTI 9,"Pɔɔl kwaane se o jwoŋi nɔɔna o ke-ba Wɛ jeŋa ne
1Amo ba jege chwoŋa se a kuri a na lage kolo to na? Amo dae Yezu Krista totoŋa nakwe mo na? A wo nɛ dé Teiru Yezu Krista tete mo na? Abam na me dedaane dé Teiru Yezu tei to, ko dae amo na toŋe a pa‑o to ŋwaane mo na? 2Nɔɔna badaara ná maŋe ba boŋe we, amo dae Yezu Krista totoŋa nakwe chekke, abam bá wane á ve we, amo dae konto. Abam na me dedaane dé Teiru Yezu tei to mo seene ko bere we, amo ye o tontoŋeno chekke.
3Nɔɔna ná lage ba bwei amo ba nii, amo na wó leiri-ba tei to mo tento: 4Amo ba jege chwoŋa se a jwoŋi a ni-wodiu a totoŋa yam baŋa ne na? 5Amo ba jege chwoŋa se a ke nenɛɛne dé Teiru Yezu totoŋa nakwa babam bam, de o nyaana, de Piita na yeini ba ke tei, ye ba jege ba kaana balo de na sɛ Yezu pa ba tɔge daane ba toŋe Wɛ totoŋa to na? 6Amo de Banabas yerane nam mo jege se dé taa toŋa dé lage dé tete ni-wodiu na? 7Nɔɔno ná ye soja tu, o bá wane o jwoori o ŋwe o tete. Nɔɔno ná jege o kara, o ba di ka wonnu na? Nɔɔno ná jege naane o tɔga, o ba di de nayela na?
8A nam tɔge logo baŋa memaŋa yanto yerane baŋa ne mo a ŋɔɔne konto dwoŋi na? Wɛ tɔn-dwoŋo kom de maŋe ko bere bedwe mo. 9Ko popone Wɛ nia yalo o na pɛ Moses to tɔnɔ kom wone we, “Nmo ná jege nabea n ma n toŋe n faao, yé vɔ ka ni se ka yé di men-bia bam.” Wɛ bera yam konto zege nabɛ yerane ŋwaane mo na? 10Ko na ye chega to, o tage konto se ko woli debam mo. Ko bere we nɔɔno wolo na vare to de wolo na fere mena o le to maama teene we ba wó na ba teiri mo. 11Debam na toŋe abam tei ne to, ko nye de dé dugi Wɛ chega kam mo á bochara ne. Ko nam wo maŋe se dé jwoŋi dé ni-wodiu abam tei ne na? 12Abam na sɛ se á ta‑á pae nɔɔna badwonna ba ni-wodiu to, ko ya wo maŋe se debam ta dwoi konto na? De ko de, debam nam wo bwei se dé jwoŋi dé ni-wodiu abam tei ne, ne ko ya na jege chwoŋa se dé ke tei to. Dé nam vɔge dé wo woŋo maama baŋa ne, se ko yé wane ko kweele Yezu Krista kwor-ywoŋa kam ko yage tega ne.
13Ko ná ye balo na toŋe Wɛ totoŋa o diga kam ne to, ba yeini ba jwoŋi ba ni-wodiu dáane mo. Balo de na jwoŋi vara ba kaane ba pa Wɛ to de jwoŋi ba teiri ko wone mo. Á yeiri konto na? 14Ko nam ye bedwe mo de balo de na tɔɔle Wɛ kwor-ywoŋa kam to. Dé Teiru Yezu pɛ ni we, ba de jwoŋi ba ni-wodiu dáane.
15De ko de, amo nam wo bwei se a jwoŋi kolokolo abam tei ne. Ko nam ta dae we a popone tento se a bobo a taa jwoŋi-te leile mo. Amo nam wó te mo, se a bá za a na ye tei to. A bá sɛ a pa nɔɔn-nɔɔno chwoŋa se o chɔge woŋo kolo a na jege teera ko ŋwaane to. 16A nam bá wane a mage a nyɔɔne a na tɔɔle Wɛ kwor-ywoŋa kam to ŋwaane. Konto ye fefeo mo se a ke. Amo ya ná yage Wɛ kwor-ywoŋa kam tɔɔlem, ko wó taa ye lɛɛro mo a tei ne. 17A nam ya ná tɔɔle-ka a tete fera ŋwaane, a ya wó taa teene se a jwoŋi ŋweero ka baŋa ne. Ko nam dae a tete boboŋa mo a ke, se ko ye Wɛ mo kwei-de o ke amo jeŋa ne. 18Ko na ye konto to, bɛ ŋweero mo amo wó jwoŋi? Amo nyɔɔre mo ye we, a yeini a tɔɔle Wɛ kwor-ywoŋa kam zɛɛra, ye a ba bwei se a jwoŋi kolokolo ko ŋwaane, ne a ya na jege chwoŋa se a ke tei to.
19A tei a tete mo ye a dae nɔɔn-nɔɔno kabaa. Amo tete nam mo pɛ a ji kabaa a pa nɔɔna maama, se a wane a na chwoŋa a jwoŋi nɔɔna dedɛ a ke Wɛ jeŋa ne. 20Amo na wo Juu tiina bam tei ne to, a de tɔge a zoore ne Juu tu mo tei, se a wane a na chwoŋa a jwoŋi-ba a ke Wɛ jeŋa ne. Wɛ nia yalo o na tɔge Moses baŋa ne o pa Juu tiina bam to daa ba tei amo. Amo nam na zoore de Juu tiina to, a dɛ a sɛ-ya mo, se a wane a na chwoŋa a jwoŋi ya na tei balo to a ke Wɛ jeŋa ne. 21Ko daare ko ná ye dwi-gɛ tiina balo na ba tɔge Wɛ nia yam to, a na wo ba tei ne to, a tɔge a zoore ne banto mo tei, se a wane a na chwoŋa a jwoŋi-ba a ke Wɛ jeŋa ne. Ko nam dae we a yiga tera dedaane Wɛ nia yam, se Yezu Krista nia yam mo tei amo. 22Ko nam ná ye balo boboŋa na wo kweere Wɛ seeni to, a yeini a ji ne banto de mo tei, se a wane a na chwoŋa a jwoŋi-ba a ke Wɛ jeŋa ne. Amo ná wo nɔɔna balo maama tei ne, a yeini a ji ne banto mo tei, ye a kwaane a ke a na wó ke tei se a jwoŋi ba badaara a yage.
23Amo na ke tei maama to ye Wɛ kwor-ywoŋa kam ŋwaane mo, se a wane a na a teiri ka wo-laaro tem baŋa ne. 24Nɔɔna ná kwaane ba duri se ba di yiga, ba maama wó kwaane se ba di mo, ye ba dedoa yerane mo wó di o jwoŋi pɛɛre dem. Abam yeiri konto na? Nam kwaane-na konto dwoŋi se á wane á di yiga á jwoŋi pɛɛre dem. 25Nɔɔno wolo maama na lage se o duri to yeini o tiini o seene o yia mo o ke o tete o ke daane. Banto nam yeini ba ke konto se ba jwoŋi pɛɛre, ye ba pɛɛre dem konto bá dáane de chɔge mo. Ko daare debam pɛɛre delo dé na lage dé jwoŋi to bá fɔge de chɔge maŋa de maŋa. 26Konto mo pae a ba yeini a duri ne wolo na duri yɔɔ yɔɔ to dwoŋi. A nam ba ke jara ne wolo na yeiri jara keim to. 27Amo nam peene a tete mo se a pa a yera lɔre we, amo mo tei-ya. A ke konto se ko yé wane ko pa a tɔɔle Wɛ kwora kam a bere nɔɔna, se a tete laam ba a ga pɛɛre dem.",https://www.bible.com/bible/3661/1CO.9.KBG
1 KORINTI 10,"Jwona kaanem taane
1A nu-bia bam, ta‑á guli-na kolo na ke dé kwoa nakwa balo déem na dɛ Moses kwaga ba nwoŋi Ejipti ne to. Wɛ déem mo wo ba maama tei ne, ye o pa kunkwoŋo kom kwoli-ba. O ta ma pɔɔre naneo kom kuni belei o daare chwoŋa pa ba maama tɔge da ba kɛ. 2Konto maama déem na ke to, ko nye de banto maama jwoŋi sɛɛm se ba taa ye Moses tɔgena. 3-4Wɛ déem ke wo-kenkagela o woli ba maama bedwe mo. O ma pa ba di wodiu dedoo mo, ye ba nyɔ na bedwe. Na balo ba maama déem na nyɔge to nwoŋi peo kodwoŋi yera mo, ye peo kom konto mo ye wo-kenkagele Wɛ na kea se ko bere we, Yezu Krista tete mo tɔge o wo ba tei ne. 5De konto de, ba dedɛ kikia déem wo su Wɛ yi. O ma pa ba te ba maŋe kagoa kam ne.
6Wonnu tento maama na ke to, te ke se te bere debam mo se dé yé pa dé fera taa zoore wo-zɔɔna, nenɛɛne banto na ke tei to. 7Yé ta‑á ye jwo-kaana ne banto badaara déem na ye tei to. Ko popone Wɛ tɔnɔ kom ne we, “Nɔɔna bam déem lɛɛre ba di wodi-fɔrɔ mo ye ba nyɔa, ba daare ba zaŋe ba kwɛɛre yɔɔ yɔɔ.” 8Yé zaŋe-na á pa dé taa tɔge dé ke kabwoŋa, ne banto badaara déem na ke tei ye ba morro finlei-tetɔ (23,000) te dɛ dedwe wone to. 9Yé pa-na dé faŋe Baŋa Wɛ dam dé nii, ne banto badaara déem na ke tei ye basankwe done-ba se go to. 10Yé ta‑á poona-na de Wɛ, ne banto badaara na ke tei ye toone maleka kam go-ba to.
11Wonnu tento maama déem ke dé kwoa nakwa bam se te taa ye maana mo te pa debam. Te nam popone Wɛ tɔnɔ kom ne se ko wane ko kaane debam balo ta na ŋwe ye logo baŋa kweelim da yam bwola to mo. 12Wolo na boŋe we o zege lanyerane to taa yei, se o wó to. 13Woŋo kolo maama na ke abam ye ko soge á boboŋa se á tusi to tui nɔɔna maama baŋa mo. Wɛ na ye chega tu to, o bá sɛ se woŋo kolo na soge á boboŋa to taa dana ko dwoi á jaanem. O nam wó pa abam dam se á wane á zege ye á daare á na chwoŋa á nwoŋi ko wone.
14Konto ŋwaane, a badwoŋ-swonnu bam, le-na á tete jwona kaanem wone. 15A ŋɔɔne tento dwoŋi de abam, á yi na poore to ŋwaane. Nam boŋe-na á nii, a taane dem ye chega na. 16Dé ná yeini de di Yezu Krista gula wodiu kom, dé yeini dé kwei zoŋa mo dé ke Wɛ lei, ye dé daare dé nyɔ ka wone. Dé na ke konto to, ko bere we debam maama tɔge dé sɛ we, Yezu Krista jana bam nwoŋi debam ŋwaane mo. Dé daa ta na yeini dé kwei bworobworo kom dé fɔ fɔ dé di to, ko bere we debam maama tɔge de sɛ we, o yera yam chɔge debam ŋwaane mo. Ko dae konto na? 17Debam maama na fɔge fɔge bworobworo dedoo kom dé di to bere we debam maama ye nɔɔno dedoa mo, dé ya ze maŋe dé daga tei maama de.
18Boŋe-na Isarele tiina bam déem na kaane wonnu ba pa Wɛ ye ba daare ba di te wone to, se á ma á lɔre lɔra. Balo maama na dɛ ba di to wo tɔge ba sɛ kaanem dem mo na?
19Amo na tage tei to bere bɛ mo? Ko bere we wodiu kolo ba na mɛ ba kaane jwona to jege kuri mo na? Ko bere we jwona yam tete jege kuri mo na? 20Aawo, ko dae konto. A na tage tei to mo ye a lage a bere we, jwo-kaana na kwei wonnu telo ba ma ba ke kaanem to, ba kwei ba pae chichiri mo se ko dae Wɛ. Amo nam ba lage se abam tɔge á me de chichiri. 21Ko wo maŋe se á nyɔ dé Teiru Yezu Krista zoŋa kam wone, se á daare á vo á nyɔ chichiri zoŋa wone. Abam nam bá wane á jeini á di dé Teiru wom gula wodiu kom, ye á daare á vo á da á di wodiu kolo na wó pa á me de chichiri to. 22Yé pa-na dé ke kolo na wó zaŋe dé Teiru wom wo to. Debam wó taa dana dé dwoi‑o na?
Wodiu dim taane
23Abam na we, kolokolo tera ko na chula debam tei ne to, ko ye chega. Ko nam dae we, woŋo maama mo jege nyɔɔre ko pa debam. Ko ta dae we, woŋo maama mo pae zeinim. 24Á wolowolo yé taa lage lanyerane o pa o tete. O nam jege se o taa lage lanyerane mo o pa o dwonna de.
25Á jege chwoŋa se á yeigi nɔna yalo maama ba na jege ba yeigi yaga ne to á di. Nam yé bwei-na ya bwia á nii, ya ye jwoni nɔna mo na, se lwia wó zo á boboŋa ya ŋwaane. 26Ko popone Wɛ tɔnɔ kom ne we, “Logo baŋa de ko wonnu maama ye Baŋa Wɛ nyem mo.” 27Nɔɔno wolo na ba tɔge Yezu Krista to ná bwoŋi nmo se n vo o sɔŋɔ n di wodiu ded‑o, ye n ná sɛ n vo, o ná kwei wodiu kolo de kolo maama o zege n yiga ne, se n di. Yé zaŋe n bwei ko bwia, se lwia wó zo n boboŋa ko ŋwaane. 28Nɔɔno nam ná tage de nmo o we, wodiu konto ye ba mɛ ba kaane jwoni mo, se n daa yé di, kolo ŋwaane lwia wó zo nɔɔno wom boboŋa. 29Ko dae se n yage ko dim lwia na wó zo nmo tete boboŋa to ŋwaane, se ko ye lwia na wó ja nɔɔno wodwoŋi wom to ŋwaane mo.
Abam wó wane á bwei amo we, bɛŋwaane mo dé wó yage dé na jege chwoŋa se dé ke kolo to, lwia na wó zo nɔɔno wodwoŋi boboŋa to ŋwaane? 30Abam ta wó bwei amo we, dé na ke Wɛ lei wodiu kom ŋwaane ye dé daare dé di to, bɛ mo ye nɔɔno wodwoŋi daa wó yaale debam ko ŋwaane?
31Ko nam na ye tei to, woŋo kolo maama á na ke to, ko ná ye dim naa nyɔɔm naa kikia yalo maama, ko maŋe se á ta‑á ke kolo maama na wó pa Wɛ yere zaŋe wɛɛne ko ŋwaane to mo. 32Yé ta‑á ke-na kolo na wó chɔge nɔɔna boboŋa to, ko ya ze ye Juu tiina, naa dwi-gɛ tiina, naa Wɛ nɔn-kɔgɔ kom nɔɔna de. 33Ta‑á ke-na ne amo na ke tei to. Woŋo kolo maama amo na ke to, a kwaane se ko taa pwoli nɔɔna maama wo mo. Amo ba lage lanyerane a pa a tete. A lage lanyerane a pa nɔɔna maama mo, se ko wane ko pa Wɛ jwoŋi-ba o yage.",https://www.bible.com/bible/3661/1CO.10.KBG
1 KORINTI 11,"1Ta‑á lwoni-na amo kikia, ne amo na lwoni Yezu Krista tei to.
Baaro de kaane yuu tu na ye wolo to
2Abam ke chega lanyerane dedaane á na yeini á guli amo gula, ye á kwori á tɔge chega kalo a na bere abam to. 3Amo nam lage se abam lɔre we, Yezu Krista mo ye baaro maama yuu tu, ye baaro de maa ye o kaane yuu tu. Baŋa Wɛ nam mo ye Yezu Krista de yuu tu. 4Konto to, á ná tigisi daane se á ware Wɛ, ye baaro ná zaŋe o lwoori Wɛ, naa o tɔɔle Wɛ kwora kam, ye o ná mɛ woŋo o kwoli o yuu, konto tu yaale o yuu tu wom mo. 5Kaane de nam ná zaŋe o lwoori Wɛ, naa o tɔɔle Wɛ kwora kam, ye o ná wo mɛ woŋo o kwoli o yuu, o de yaale o yuu tu wom mo. O ná ke konto, o de wolo na cheeri o yuu to ye bedwe mo. 6Kaane ná wo sɛ se o kwoli o yuu, ko ya maŋe se o chɔ-ko mo, naa o cheeri-ko. Ko nam na jege chaveera se kaane ke konto to, ko maŋe se o taa kwoli-ko mo. 7Baara nam ba jege se ba kwoli ba yuni, kolo ŋwaane banto mo bere Wɛ seina de o dam na ye tei. Ko nam ná ye kaana, banto mo bere baara dam na ye tei. 8Kokuri, Wɛ mɛ baaro yera mo o ke kaane, se ko dae kaane yera mo o mɛ o ke baaro. 9Ko woli da, Wɛ wo ke baaro kaane zeinim ŋwaane, o ke kaane mo baaro zeinim ŋwaane. 10Konto ŋwaane mo kaana jege se ba taa kwoli ba yuni, se ko bere dam delo na tei-ba to. Konto wó pa Wɛ malese sem na zula.
11Ko nam ná ye debam balo na me de dé Teiru Yezu to, kaana bá wane ba taa tei ba tete baara tei ne, ye baara de nam bá wane ba taa tei ba tete kaana tei ne. 12Wɛ déem seene o ma baaro yera mo o ke kaane, ye kaana de nam mo lore baara. Woŋo maama nam nwoŋi Wɛ tei mo.
13Abam tete nam boŋe-na konto wone á nii. Kaane ná zaŋe se o ware Wɛ, ye o ná wo kwei woŋo o ma kwoli o yuu, ko ye ko chwoŋa ne na? 14Ko ba jege bobwea nabiina tei ne we, baaro yu-ywei ná tiini se dɔra, ko pa o tete chaveera mo. A fɔ vwa na? 15Ko nam ná ye kaane, o yu-ywei ná tiini se nwoŋi se daga, ko pa‑o lam mo. Ko ye o de Wɛ pɛɛre mo se se taa daga ye se kwoli o yuu. 16Nɔɔno wolo nam ná wo sɛ amo berem dem konto ye o mage ni-kantɔgɔ de baŋa ne, konto tu taa yei we, debam maama tɔge kanto chwoŋa kam mo. Wɛ nɔn-kɔgɔ kom jei maama ne to de tɔge-ka mo. Chwoŋa kadwoŋi daa tera ka woli da.
Yezu Krista gula wodiu kom dim
Matiyu 26:26-29; Maake 14:22-25; Luka 22:14-20
17Kolo maama amo na lage a ta de abam to, a bá wane a ta we á ke lanyerane. Abam ná yeini á tigisi daane Wɛ ŋwaane, á chɔgem mo dwoi á fɔgem. 18Yiga to, amo nigi we, á ná tigisi daane se á zuli Wɛ, á yeini á jege da-popɔra mo. Amo boŋe we ko seene ko ye chega mo. 19Dɛ delo, popɔra wó taa wo abam tei ne se ko pa balo na tɔge chega to taa nae jaja. 20Á na yeini á tigisi daane tei to, á yé ta‑á boŋe we, á jeeri se á di dé Teiru Yezu gula wodiu kom mo. 21Kolo ŋwaane nɔɔno maama yeini o gare o di o tete wodiu mo o ti lela. Ko maa pae se kana jege abam badwonna, ye á badwonna nyɔ á su. 22Abam nam ba jege sam se á di dim konto dwoŋi de wone na? Á nam boŋe se á chɔge Wɛ nɔn-kɔgɔ kom yuu mo na? Á lage se á pa chaveera ja yiniga tiina balo na wo á kɔgɔ kom wone to mo na? Bɛ mo amo nam wó ta de abam? Á ke lanyerane na? A bá wane a ta we, á ke lanyerane.
23Amo lɔre dé Teiru Yezu gula wodiu kom dim chega kam o tete tei ne mo, ye a daare a bere abam chega kam konto, nenɛɛne Yezu na ke kolo dɛ dem ba na boŋe se ba ja‑o to. Tete dem konto ne o ma kwei bworobworo, 24ye o ke Wɛ lei ko ŋwaane o daare o ja-ko o fɔ fɔ. O ma ta de o tontoŋena bam o we, “Amo yera yam mo tento, ya na ye abam nyem. Ta‑á ke-na konto dwoŋi se á ta‑á ma á guli amo gula.” 25Ba na di ba ti to, o daa ma kwei zoŋa, ye o ta ke konto dwoŋi. O maa we, “Zoŋa kam bere we, Wɛ tɔge amo jana bam ŋwaane o gwoni ni-doore dedaane nabiina mo. Maŋa maama á ná lage á nyɔ konto dwoŋi, se á ke amo na ke tei to, se á ma á guli amo gula.” 26Kokuri to, maŋa maama á ná di bworobworo konto dwoŋi ye á nyɔ zoŋa kam wone, á ke á bere nɔɔna mo dé Teiru wom toone dem na ye tei. Ta‑á ke-na konto se ko taa vei maŋa kam o na wó jwoori o ba to.
27Ko na ye konto to, nɔɔno wolo ná di dé Teiru wom gula bworobworo kom naa o nyɔge zoŋa kam wone, ye o ke ne o yiga tera ko wone mo tei, konto tu ke keim-balɔrɔ mo o ma yaale dé Teiru wom yera yam de o jana bam. 28Konto ŋwaane to, nɔɔno maama jege se o taa yei o tete mo yiga, se o laam di bworobworo kom o daare o nyɔ zoŋa kam wone. 29Nɔɔno wolo nam ná di ye o kwori o nyɔ, ye o ná wo lɔre dé Teiru Yezu yera yam kuri chekke, konto tu vaŋe taane mo o pa o tete, de o na di ye o kwori o nyɔ tei to. 30Konto nam mo pae se á dedɛ weela ye á bwona, ye á badwonna de toa. 31Debam nam ya ná yeini dé bwɛ de tete, Wɛ ya daa bá bwɛ debam kolokolo baŋa ne. 32Ko nam na ye tei to, dé Teiru wom yeini o korese debam mo se o pa dé jwoori dé to chwoŋa ne, se dé yé ba dé ga bora o tei ne, nenɛɛne balo na yeiri‑o to na wó ga bora o borem dɛ dem ne tei to.
33Konto ŋwaane, a nu-bia bam, á ná tigisi á ti se á di wodiu kom konto dwoŋi, se á zuri á yera á cheigi da-tei ne. 34Wolo kana ná wɔe, se kotu di sɔŋɔ ne se o daare o ba, se ko yé wane ko pa Wɛ bwɛ abam á tigisim dem baŋa ne.
Ko daare ko ná ye taana yalo na daare to, amo ná tua, a wó pɔɔre ya laŋa a bere abam.",https://www.bible.com/bible/3661/1CO.11.KBG
1 KORINTI 12,"Wɛ Sin-laao kom na pae zeinim tei to
1A nu-bia bam, a lage a ta a bere abam Wɛ Sin-laao kom na toŋe tei de tei to mo chekke. 2Guli-na maŋa kalo á ta na yeiri Wɛ ye á déem tɔge jwo-yɔɔro to, nenɛɛne á boboŋa na yeini ya gane abam se á sa chwoŋa tei to. 3Konto ŋwaane mo a lage a pa á lɔre we, Wɛ Sin-laao kom bá wane ko gane abam. Konto to, nɔɔno ná sɔɔle o chɔge Yezu yuu, ko dae Wɛ Sin-laao kom mo pɛ o ta konto. Nɔɔn-nɔɔno nam bá wane o ta we, Yezu mo ye o Teiru, ye Wɛ Sin-laao kom tere o tei ne.
4Wɛ pɛɛra ye teiri teiri mo, ye o Sin-laao kom dedoa yerane mo jege-ya ko pae nɔɔna. 5Wɛ totoŋa ye teiri teiri mo, ye dé Teiru wolo dé na toŋe dé pa‑o to ye dedoa yerane mo. 6Wɛ na zeini nɔɔna de yu-punnu telo maama to ye teiri teiri mo. Wɛ nam ye dedoa yerane mo, ye wonto nam mo pae nɔɔno maama o yu-punnu tem se o taa maa toŋa. 7Wɛ mo pae nɔɔno maama o Sin-laao kom se o wane o taa tɔge ko zeinim baŋa ne o woli o dwonna. 8Wɛ wae o tɔge o Sin-laao kom baŋa o pa nɔɔna badwonna ŋɔɔne swa taane ba bere ba dwonna. Nɔɔna badwonna de maa wae ba ŋɔɔne yeino taane o Sin-laao kom ŋwaane. 9Konto nam ta mo pae nɔɔna badwonna yɔɔre ba ke ba wo-dedoa de Wɛ, ye ko ta pae badwonna dam se ba taa maa yɔɔre jaweena. 10Ko ta pae badwonna dam se ba taa maa ke wo-kenkagela, ko daare se badwonna taa wae ba tɔɔle Wɛ kwora kam. Ko ta pae nɔɔna badwonna wae ba pɔɔre Wɛ Sin-laao kom totoŋa de chichiri totoŋa daane. Ko ta pae badwonna wae ba ŋɔɔne ta-gɛ dwi dwi, ye badwonna de ta maa wae ba tɛ ta-gɛ sem konto kuri ba bere ba dwonna. 11Wɛ pɛɛra yanto maama ye Wɛ Sin-laao kom dedoa yerane mo jege-ya ko pae nɔɔna. Ko nam jege-ya konto dwi dwi mo ko pɔɔre ko pae nɔɔno de nɔɔno, se ko maŋe de ko boboŋa na jaane tei to.
Yezu nɔɔna bam maŋe se ba nii da-baŋa ne
12Boŋe-na á nii nabiinu yera na ye tei to. Ya ye woŋo dedoo mo ye ya laam pɔɔre teiri teiri. Yera yam pɔɔrem dem daga dedɛ ye ya maama laam ye yera bedwe. Yezu Krista de o kɔgɔ kom maama de ye konto mo. 13Debam balo maama na sɛ Yezu to jwoŋi sɛɛm pa dé ji kɔgɔ dedoo mo. Dé ya ze maŋe dé ye Juu tiina naa dwi-gɛ tiina, naa dé ye kabɛ naa balo na tei ba tete to, ko ye Wɛ Sin-laao kom tete mo zeini debam maama. Wɛ Sin-laao kom ye dedoa yerane, ye wonto mo Wɛ lwogi o ke debam maama bochara ne.
14Ko nam ye chega mo we nabiinu yera pɔɔrem daga, se ko dae we ya ba jege pɔɔrem. 15Naga ná tage ka we, ka dae jeŋa, se konto ŋwaane yera yam ba tei-ka, konto bá seene ko pa ka ta dae yera yam nyem. 16Zwɛ de nam ná we, de dae yi, se yera yam ba tei-de, konto bá seene ko pa de ta dae yera yam nyem. 17Yera yam maama nam ya ná ye yi yerane, ya wó ke tɛ mo ya taa ni taane? Ya nam ya ná ye zwɛ yerane, ya wó ke tɛ mo ya taa ni lwom? 18Ko nam na ye tei to, Wɛ mo ke-ya teiri teiri konto, ko maŋe de o boboŋa na lage tei to. 19Ya maama nam ya ná ye pɔɔrem bedwe, ya wó ke tɛ mo ya ji yera? 20Ko nam na ye konto to mo pae pɔɔrem dem daga ye ya maama laam ye yera bedwe.
21Konto ŋwaane, yi bá wane de ta de jeŋa we, “A ba lage‑m”. Yuu de ba jege chwoŋa se ko ta de naga we, ko ba lage-ka. 22Chega ŋwaane to, dé bá wane dé dole dé yage dé yera yam daa kalo maama dé na pae ka bwona to. 23Ko nam ná ye dé yera yam daa kalo maama dé na boŋe we ka ba tiini ka jege kuri to mo, dé yeini dé zuli-ka lanyerane. Daa kalo maama na ba lana ye ka jege chaveera to, dé yeini dé fɔge dé kwoli-ka mo. 24Ko daare dé yera yam daa kalo maama na lana to, dé daa ba fɔge dé nii ka baŋa ne. Wɛ mo ke nabiinu yera yam maama o ke daane, ye o pae daa kalo ya na gɛ zula to na zula lanyerane. 25Konto ŋwaane popɔra tera yera yam wone. Ya maama nii da-baŋa ne mo. 26Ko ná chana yera yam daa kalo yera ne, yera yam maama wó tɔge ya na cham dem konto dwoŋi mo. Daa kalo ná nɛ zula, yera yam maama de wó tɔge ya na wopwolo mo.
27Abam maama ye Yezu Krista yera yam mo, ye á dedoa dedoa ye ya pɔɔrem dem dwi dwi mo. 28Kɔgɔ kolo na tɔge Yezu to wone, Wɛ ke nɔɔno maama o jeiga ne mo. Da-yiga to ye Yezu totoŋa nakwa mo. Balo na ye Wɛ ni-jwoŋina to maa saŋe. Balo na ke betɔ to maa ye Wɛ chwo-berena bam. Ko woli de balo na ke wo-kenkagela to, de balo na jege Wɛ Sin-laao kom dam se ba taa maa yɔɔre jaweena to. Ko ta woli de balo na zeini nɔɔna to, de balo na nii Wɛ totoŋa yam baŋa ne to, de balo na wae ba ŋɔɔne Sin-laao kom ta-gɛ dwi dwi to. 29Ko nam dae we abam maama ye Yezu totoŋa nakwa, naa Wɛ ni-jwoŋina, naa balo na bere o chega kam to. Ko ta dae we abam maama mo wae á ke wo-kenkagela, 30naa á ta‑á yɔɔre jaweena, naa á wae á ŋɔɔne Wɛ Sin-laao kom ta-gɛ sem, naa á wae á tɛ se kuri. 31Nam kwaane-na á seene á yia se á na Wɛ pɛɛra yalo na tiini ya jege kuri lanyerane to.
Ko daare a nam lage a bere abam chwoŋa kalo na tiini ka lana ka dwoi maama to mo.",https://www.bible.com/bible/3661/1CO.12.KBG
1 KORINTI 13,"Swono na ye tei to
1Amo ná maŋe a wae a ŋɔɔne nabiina taane dwi dwi, de malese sem taane de, ye swono ná tera a tei ne, ko nye de sɔɔ mo a ke, ne ba na mage kwaŋa de konkɔŋɔ pa te ke sɔɔ tei to. 2Amo ná maŋe a jege Wɛ pɛɛre delo na pae se a wae a tɔɔle Wɛ kwora kam to, ye a kwori a yei chega kalo maama na seigi nɔɔna yiga ne to, de yeino maama kuri, ye a ta ná jege wo-dedoa de Wɛ se a taa wae a pae peero zaŋe te kugu jei ne te vei te to mɛ a na lage to, ye swono ná tera a tei ne, a ye kafɛ mo. 3Amo ná kwei a jejegero maama a maŋe a pa yiniga tiina, ye a ta kwori a sɛ se ba kwei a yera ba de mini ne, ye swono ná tera a tei ne, ko ta maŋe ko ba jege nyɔɔre ko pa-ne.
4Swono tu jege wo-zuru mo ye o nege nɔɔna lanyerane. Swono tu ba jege puseŋa naa fia, ye o ba pae o tete kamunni. 5O maa ba jege boyerem, ye ko dae o tete yerane wonnu mo o laga. O ta kwori o jege ban-peno. Nɔɔno ná ke‑o lwarem, o ba yeini o kwei o ke o wone. 6Swono tu ba jege wopwolo keim-lwanno baŋa ne, o jege wopwolo chega baŋa ne mo. 7Swono tu wae o vɔ o wo de woŋo maama. O maa jege wo-dedoa, de teena, de pu-dɛa wonnu maama baŋa ne.
8Swono ba ti kɔtaa. Wɛ kwora kam tɔɔlem wó ba ko kɛ. Wɛ pɛɛre delo nɔɔna na maa ŋɔɔne ta-gɛ to de wó ba de kweeli. Yeino de wó ba ko kɛ. 9Leile konto, yeino kolo dé na jege to ye chichworo mo. Wɛ kwora kalo dé na tɔɔle to de ye ka chichworo mo. 10Ko daare maŋa kalo Wɛ na wó fɔge wonnu maama pa te suuri to, wo-chichwooru tem maama wó jei mo.
11Amo busɔɔne maŋa ne, a déem ŋɔɔne ne bu mo tei. A boboŋa maa nye de bu boboŋa, ye a jeeli ne bu tei. A nam na ke nɔɔno to, a kwei busɔɔne wonnu tem konto maama a yage. 12Leile konto dé laam na lɔre Wɛ chega kam tei to ta nye de niu mo dé jege dé nii ko wone liira liira. Ko daare maŋa kalo Wɛ na wó fɔge wonnu maama to, dé wó ba dé taa nae jaja mo. Leile konto yeino kolo a na jege to ye chichworo mo. Maŋa kam konto ne, a laam wó ba a taa yei wonnu maama a tia, se ko maŋe de Wɛ na yei amo o ti tei to.
13Ko daare leile konto, wonnu tetɔ mo wó taa wora taa, te ye wo-dedoa, de teena, de swono mo. Kolo nam na dwoi te maama to mo ye swono.",https://www.bible.com/bible/3661/1CO.13.KBG
1 KORINTI 14,"Wɛ pɛɛra yadwonna taane
1Konto ŋwaane, kwaane-na se á ta‑á jege swono, se á daare á seene á yia se á jwoŋi Wɛ pɛɛra yalo o Sin-laao kom na pae nɔɔna to á woli da, ye ko fɔge ko dae Wɛ kwora kam tɔɔlem. 2Nɔɔno wolo ná jwoŋi Wɛ Sin-laao kom dam se o taa maa pɔpɔe o ŋɔɔne ta-gɛ, kotu ŋɔɔne de Wɛ mo. Ko dae we o ŋɔɔne o bere nabiina, ba na ba ni o taane dem kuri to ŋwaane. Wɛ Sin-laao kom mo pae o ŋɔɔne wo-siseigiru. 3Ko daare nɔɔno wolo na wae o tɔɔle Wɛ kwora kam to ŋɔɔne o bere nabiina mo. O ni taane dem maa zeini-ba se ba taa fɔge ba zege lanyerane de pu-dɛa. 4Wolo na ŋɔɔne Sin-laao kom ta-gɛ sem to fɔge o tete mo. Wolo nam na tɔɔle Wɛ kwora kam to fɔge Yezu kɔgɔ kom maama mo.
5Amo ya wó taa lage se á maama taa wae á ŋɔɔne Wɛ Sin-laao kom ta-gɛ mo, ye a nam tiini a lage se á ta‑á wae á tɔɔle Wɛ kwora kam mo ko ja gaale. Wolo na tɔɔle Wɛ kwora kam to tiini o jege zeina o dwoi wolo na ŋɔɔne Sin-laao kom ta-gɛ sem to, se ko ná dae nɔɔno ná wora ye o wae o taane dem kuri o tɛa, se ko wane ko zeini Yezu kɔgɔ kom maama. 6Mo kokuri, a nu-bia bam, amo ná tu abam tei, ye a ná ŋɔɔne Sin-laao kom ta-gɛ yerane, á wó na bɛ nyɔɔre mo amo tei ne? Kolo na wó woli abam to mo ye se a ŋɔɔne taane delo Wɛ na le o bere-ne to, naa de pa abam yuu-yeino, naa de bere abam Wɛ kwora, naa de pa á lɔre o chega kam. 7Ko ná maŋe ko ye wo-korro telo na jege sɔɔ to, ko de ta ye bedwe mo de nɔɔno ná jege wua o wui yɔɔ yɔɔ, naa o jege kɔnɔ o tae yɔɔ yɔɔ. O ná ke konto, nɔɔna wó ke tɛ mo ba ni ko ywoni? 8Nɔɔno ná jege jara nabɔnɔ o wui yɔɔ yɔɔ, nɔɔn-nɔɔno bá wane o lɔre ko na ye tei, se o chichei o zege jara ŋwaane. 9Ko nam ta ye bedwe mo de n ni taane ná dae jaja, nɔɔna wó ke tɛ mo ba lɔre n na tɛ kolo to kuri chekke? Konto nam bere we n ŋɔɔne n yage gaao wone mo. 10Taana dwi dwi mo wora logo baŋa ne, ye taan-taane tera de na ba jege kuri de pa de tiina. 11Nɔɔno nam ná ŋɔɔne taane de amo ye a ba ni de kuri, konto bere we debam maama balei ye veira mo da-tei ne. 12Ko ye konto mo de abam de. Abam ná seene á yia se á jwoŋi Wɛ pɛɛra yalo Sin-laao kom na pae to, kwaane-na se á tiini á ta‑á lage yalo na wó wane ya zeini se Yezu kɔgɔ kom wane ko zege lanyerane to. 13Konto ŋwaane, abam wolo ná wae o ŋɔɔne Sin-laao kom ta-gɛ, kotu nam lwoori Wɛ se o taa wae se kuri de o tɛa.
14Nmo ná mɛ Wɛ Sin-laao kom ta-gaa n ma n ware Wɛ, ko ye n jworo mo ŋɔɔna, se nmo tete boboŋa tɔge ya tere ko wone. 15Kolo na maŋe se n ke to mo ye se n yeini n ware Wɛ de n jworo de n boboŋa maama, se n daare n ta‑n leeni de n jworo de n boboŋa maama n seini Wɛ. 16Ko nam ná dae konto, ye n ná mɛ Sin-laao kom ta-gaa n ma n zuli Wɛ n jworo wone, nɔɔna balo na jei ba cheigi to bá wane ba ni ko kuri. Konto ŋwaane, ba wó ke tɛ mo ba tɔge ba sɛ nmo na ke Wɛ lei tei to se ba de ta we, “Ameena”? 17Nmo na ke Wɛ lei tei to ná maŋe ko lamma tei, ko bá zeini balo na jei ba cheigi to.
18Ko ná ye amo, a ke Wɛ lei de o na pɛ-ne dam se a taa ŋɔɔne Sin-laao kom ta-gɛ a dwoi abam maama to. 19Ko daare Yezu kɔgɔ kom ná tigisi daane ye a wo ba wone, a tiini a lage se a taa mae a tete boboŋa mo a ŋɔɔne a bere-ba. A ná ŋɔɔne botare senu fenfee konto dwoŋi, ko gare a ná ŋɔɔne Wɛ Sin-laao kom ta-gaa botare-bia morro dedɛ ye nɔɔn-nɔɔno yeiri se kuri.
20A nu-bia bam, pa-na á boboŋa kweere, se á daa yé ta‑á jege bu-balwa boboŋa. Ko nam ná ye keim-lwanno seeni, ta ta‑á nye de bu-sese na yeiri te ni ne to. 21Ko popone Wɛ tɔn-dwoŋo kom wone we:
“Amo Baŋa Wɛ wó toŋe sa-teena mo
se ba ba ba ŋɔɔne amo kwora de abam.
Dwi-gɛ tiina wó ŋɔɔne ta-veiri de abam.
De konto de, á ta bá sɛ a ni.”
22Konto mo Wɛ mae ta-gɛ o maa bere o dam balo na wo sɛ‑o to tei ne, ye ko dae balo na sɛ‑o to tei ne. Ko daare Wɛ kwora kam tɔɔlem dem mo bere o dam balo na sɛ‑o to tei ne, ye ko dae balo na wo sɛ‑o to tei ne. 23Konto ŋwaane, abam kɔgɔ kom maama ná tigisi daane Wɛ zula ŋwaane, ye á maama ná wora á ŋɔɔne ta-gɛ, ye veira badwonna naa balo na wo sɛ Wɛ to laam ná tu ba zo á wo, nɔɔna bam konto bá ta we, abam yirisi mo na? 24Abam maama nam ná tɔɔle Wɛ kwora kam á bere daane, ye veira naa balo na wo sɛ Wɛ to ná tu ba zo á wo, banto wó lɔre we Wɛ dam mo wo á tei ne. Ba dedoa na nigi kolo abam maama tei ne to wó pa o lɔre we, o tusi mo ye o bá na bora Wɛ tei ne. 25Boboŋ-lilirru telo maama ya na seigi o wone to laam wó ba ya jare pwooni yiga ne mo ja. O maa wó vwi o yibia tega ne o zuli Wɛ, ye o sɛ we, Wɛ seene o wo á tei ne.
Yezu kɔgɔ kom tigisim dem na wó da chwoŋa tei to
26A nu-bia bam, dé daa ta wó ta bɛ mo de abam? Á ná tigisi daane se á zuli Wɛ, ko ya maŋe se ko taa ye kolo na wó zeini á kɔgɔ kom maama to mo. Abam dedoa mo wó zaŋe wɛɛne o mɔ leiŋa. Dedoa de maa wó zaŋe o bere Wɛ taane. Wodwoŋi de maa wó zaŋe o ta chega kalo Wɛ na le o bere‑o to. Wodwoŋi de maa wó zaŋe o ŋɔɔne Wɛ Sin-laao kom ta-gaa. Wodwoŋi de maa wó zaŋe o ta ta-gaa kam kuri o bere á kɔgɔ kom. 27Abam badaara ná lage á pɔpɔ á ŋɔɔne ta-gɛ, ko maŋe se á ta‑á ye balei naa batɔ yerane mo. Ko maŋe se á ta‑á zaŋe á ŋɔɔne á daare á pa daane mo, se á dedoa zaŋe o ta ŋwɛ sem kuri. 28Nɔɔn-nɔɔno nam ná tere á wone se o wane o ta ta-gɛ sem kuri, wolo ya na lage o ŋɔɔne-se to maŋe se o yage mo, se o ná wo o yerane, se o taa ŋɔɔne-se de Wɛ. 29Ko nam ná ye Wɛ ni-jwoŋina balo na wae ba tɔɔle o kwora kam to, ko maŋe se balei naa batɔ mo zaŋe ba ŋɔɔne dedoa dedoa, se badaara bam taa cheiga se ba laam bwɛ ba nii. 30Wɛ chega kam ná tu balo na jei ba cheigi to dedoa yuu ne se o ta o bere, ko maŋe se wolo na zege o ŋɔɔne to mo pu o ni se o dwoŋi wom ta-ka. 31Konto to, abam maama wae á tɔɔle Wɛ kwora kam dedoa dedoa, se ko pa á zamese Wɛ chega kam da-tei ne, ye á bochara ke dam. 32Wɛ ni-jwoŋina balo na jwoŋi dam se ba taa tɔɔle o kwora kam to wae ba tete ba jaana ka tɔɔlem dem baŋa ne. 33Wɛ lage se woŋo maama taa jege ywoni mo, se o ba lage boremaa boremaa keim.
34Abam ná tigisi daane wɛ-di sem wone, ko maŋe se kaana taa jei chemm mo se ba taa cheiga. Mo ko na ye tei Yezu kɔgɔ kom jeiga maama ne. Ba ba jege chwoŋa se ba da ba ŋɔɔne. Ko maŋe se ba taa tu ba tete tega ne, ne Wɛ tɔn-dwoŋo kom na maŋe ko bere tei to mo. 35Ba ná lage se ba lɔre kolo kuri, ba jege se ba bwei ba banna mo sɔŋɔ ne. Ko tiini ko ye chaveera mo se kaane zaŋe o ŋɔɔne á tigisim dem ne.
36Wɛ kwora kam ga zege abam tei ne mo ka jage jei maama na? Abam yerane mo ka yi ka kweeli na? 37Abam wolo ná boŋe we o Wɛ ni-jwoŋinu, naa o boboŋa kweere Wɛ Sin-laao kom pɛɛra seeni, kotu jege se o taa yei we, amo na popone kolo a pa abam to ye dé Teiru wom kwora mo. 38Nɔɔno wolo maama ná ve amo ni dem konto, se á yé pa á yiga taa wo konto tu wone.
39A nu-bia bam, kwaane-na á seene á yia Wɛ kwora kam tɔɔlem baŋa ne. Yé ta‑á chuli-na Sin-laao kom ta-gɛ sem ŋɔŋa. 40Nam ta‑á ke-na woŋo maama se ko taa tɔge chwoŋa, ne ko na maŋe se ko taa ye tei to.",https://www.bible.com/bible/3661/1CO.14.KBG
1 KORINTI 15,"Yezu Krista biim taane
1A nu-bia bam, a lage se a pa á guli Wɛ kwor-ywoŋa kam a na maŋe a tɔɔle a bere abam to mo. Abam maŋe á jwoŋi-ka ye á zege ka chega kam kwaga ne. 2Amo na pɛ á lɔre Wɛ kwor-ywoŋa kam konto to, Wɛ tɔge ka baŋa ne mo o vere abam o yage, nenɛɛne á ná wo jwoori ka kwaga ne. Naa á sɛ Yezu kafɛ ŋwaane mo na?
3Wɛ chega kalo na dwoi maama to ye kalo amo na jwoŋi ye a laam daare a lwoni a bere abam to mo. Kanto nam mo tento:
Yezu Krista tege debam wɛleera ŋwaane mo, ne Wɛ tɔnɔ kom na maŋe ko ta tei to. 4Ba ma suli‑o. Da yatɔ dɛ ne o ma jwoori o bi toone wone, ye konto de ta ye Wɛ tɔnɔ kom na wuuri ko ta kolo to mo. 5O na bi to, Piita ma na‑o, ye o tontoŋena fuga-balei bam de na‑o. 6Konto kwaga ne, o tɔgena dedɛ ma na‑o bedwe baŋa ne, ba na dwoi nenɛɛne nɔɔna bia yanu (500). Nɔɔna bam konto dedɛ ta mo ŋwe ye ba fenfee te. 7Jemsi de daa ma na‑o, ye ko daare pa o totoŋa nakwa bam maama na‑o.
8Ko na kweeli to, o laam ma veere o tete de amo, de amo na maŋe a nye de wolo ba na loga ye o lora maŋa ta wo yi to de mo. 9Ko na ye tei to, amo tiini a muri Yezu totoŋa nakwa bam maama wone. A muri se ba taa bwoi-ne we Yezu tontoŋeno, kolo ŋwaane a déem bɛɛse o nɔn-kɔgɔ kom mo. 10Wɛ tete zaane dem nam mo pɛ se a ji a na ye wolo zem to. O na ke-ne zaane tei to dae kafɛ. Amo tiini a toŋe a pa‑o, se ko dwoni o tontoŋena bam maama. Ko nam dae a tete dam ŋwaane mo a wae a toŋa. Ko ye Wɛ zaane dem o na ke a yuu ne to ŋwaane mo.
11Debam balo na ye Yezu tontoŋena to maama yeini de bere chega dedoa mo. Ko ná ye amo na bere kolo to, naa banto de na bere kolo to, ko ye chega kalo abam na sɛ to mo.
Twa biim taane
12Debam maama na tɔɔle Wɛ chega kam we, Yezu Krista bi toone wone to, bɛ nam mo ye abam badwonna tɛ á we, twa biim tera? 13Ko ya ná ye chega we twa biim tera, ko bere we Yezu Krista tete de wo bi mo. 14Wonto nam ya ná wo bi toone wone, kokuri mo debam na bere Wɛ chega kam tei to ye kafɛ mo, ye abam na ke á wo-dedoa de Wɛ tei to de ye kafɛ. 15Ko ta bere we, dé na bere Wɛ chega kam tei to, ko ye vwa mo dé fɔge dé pa‑o, kolo ŋwaane dé yeini dé bere nɔɔna we, Wɛ mo bi Yezu Krista toone wone. Twa biim nam ya ná seene de tera, kokuri mo Wɛ wo bi Yezu. 16Twa biim ná tera, ko bere we Yezu Krista de maŋe o wo bi mo. 17Wonto ya ná wo bi toone wone, ko bere we abam na ke á wo-dedoa ded‑o tei to ye kafɛ mo, ye á wɛleera yam ta wo á yuu ne. 18Ko ta bere we, balo na sɛ Yezu Krista ye ba laam te to gɛ ba ŋwea mo Wɛ tei ne. 19Ko ná ye logo baŋa ŋwea kanto yerane ŋwaane mo dé jege teena Yezu Krista wone, ko bere we dé tiini dé ye zora mo nɔɔna maama tei ne.
20Ko nam seene ko ye chega mo we, Yezu Krista bi toone wone. Wonto mo ye wolo na dɛ yiga o bi o vo Wɛ tei, se ko bere we balo de na me ded‑o ye ba te to de wó bi toone wone. 21Toone zege nabiinu dedoa yera ne mo de wora. Ko ta ye bedwe mo de twa biim de na zege nabiinu dedoa yera ne tei to. 22Nabiina ŋwea de Adam ŋwea na ye bedwe to ŋwaane mo pae se ba maama toa. Ko ta ye konto dwoŋi mo de balo maama ŋwea de Yezu Krista ŋwea na ye bedwe to wó bi ba na ŋwea Wɛ tei ne. 23Nɔɔno maama de o na tu tei to mo. Yezu Krista nam mo dɛ yiga o bi o vo Wɛ tei. Ko daare balo de na ye o nɔɔna to wó bi maŋa kam o na wó jwoori o ba to. 24Ko laam daare se logo baŋa wonnu maama mo ti. Maŋa kam konto ne mo Yezu Krista wó wane wonnu telo maama na jege dam nabiina baŋa ne to o pa te dam dem ti, ko ná ye wɛyuu dedɛɛra, naa tega baŋa dedɛɛra maama. O maa wó daare o kwei woŋo kolo maama o na tu o di paare ko baŋa ne to o ke o Kwo Wɛ jeŋa ne. 25Ko nam fe mo se Yezu di paare taa, se ko taa vei maŋa kam Wɛ na wó wane o dona maama o ke o dam kuri ne to. 26Toone nam mo ye o dono wolo o na wó wane o ma kweeli to. 27Wɛ tɔnɔ kom bere we, “Wɛ kwei wonnu maama o ke wonto dam kuri ne se o taa tei-te.” Ko nam na we, o taa tei wonnu maama to ba lage ko bere we, o tei Wɛ tete mo o woli da. Ko ye Wɛ mo kwei wonnu tem maama o ke Yezu dam kuri ne. 28Maŋa kalo Yezu na wó ba o taa tei wonnu maama to mo o laam wó kwei o tete o ke Wɛ jeŋa ne se o taa tei‑o, o na ye Wɛ Bu wom to ŋwaane. Kolo ŋwaane Wɛ ye wolo na maŋe o ke wonnu maama o Bu wom dam kuri ne to mo. Konto to, Wɛ mo tei wonnu maama de o dam maama.
29Abam nɔɔna badwonna yeini ba jwoŋi sɛɛm ba pa twa. Twa biim nam ná tera, bɛ nyɔɔre mo wó taa wora ba sɛɛm dem baŋa ne? Bɛ mo ye ba yeini ba jwoŋi sɛɛm twa bam ŋwaane konto? 30Twa biim nam ná tera, bɛ ŋwaane mo ye debam ba kɔre se dé yaare dé te Wɛ ŋwaane? 31A nu-bia bam, dɛ maama amo yeini a tɔge toone tei mo a kɛa. Ko ye chega mo. Amo tiini a jege teera abam baŋa ne dé Teiru Yezu Krista ŋwaane. Konto mo pɛ a ta konto dwoŋi. 32Efesia ywo-seeni ba ke amo, nenɛɛne kago-vara mo chiŋi jara se ba ja nɔɔna tei. Amo na sɛ se a yaare konto to, ko ná ye logo baŋa ŋwea kanto yerane ŋwaane, bɛ nyɔɔre mo a wó na? Twa biim nam ná tera, dé ya wó ta we, “Pa-na se dé taa di dé ni ne, kokuri to dé yeiri dé jwa wó te na.”
33Yé pa-na ba gane abam se á tusi. Ko ye chega mo we, “Nmo ná me de nɔn-balwaaro, ba keim-balwaaro tem wó tɔge te lɔgese‑m.” 34Pa-na á boboŋa jwoori ya taa tɔge chwoŋa, se á daare á yage keim-lwanno tem. Abam badaara ta yeiri Wɛ. A tage konto se ko pa chaveera mo zo abam.
Nɔɔna na wó bi de yera yalo to
35Abam dedoa wó bwei we, “Ko wó ke tɛ mo se twa bi? Ba yera yam wó taa ye tetɛ mo?”
36N gɛ boboŋa mo na? N ná kwei woŋo n du tega ne, ko nye de ba na suli too tei to mo. Nmo ná wo dugi-ko, ko bá puli ko nwoŋi. 37Nmo na dugi woŋo kolo to de woŋo kolo na wó puli ko nwoŋi to ba nye daane. Nmo na kwei kolo n du to nye de wo-gaa mo, ne ko ná ye men-dwa naa woŋo kolo maama. 38Wo-dwi dem ná nwoŋi, Wɛ mo wó pa-de yera, ne o boboŋa na lage tei to. Wɛ nam ta mo pae wo-dwi maama de tete nyenyego.
39Ko dae we woŋo maama ya-nɔna mo ye bedwe. Nabiina, de vara, de zuna, de ywona maama jege ba ya-nɔna yera yera mo. 40Wɛyuu wonnu de wora mo, ye tega baŋa wonnu de wora. Wɛyuu wonnu tem jege te lam mo, ye tega baŋa wonnu tem de jege te lam. 41Wea kam jege ka lam mo, ye chana kam de jege ka lam. Chalechwe sem de maa jege se lam, ye se lam dem nam dwoi daane.
42Tento maama bere twa biim na ye tei to mo. Nɔɔno ná tega, o yera yalo ba na suli to ye yera yalo na wó pɔ to mo. O yera yalo nam na bi toone wone to daa bá pɔ maŋa de maŋa. 43Ba na suli yera yalo to jege gɛɛre, ye yalo na bi to jege nenɔŋa dedɛ. Yera yalo ba na suli to bwona, ye yalo na bi to dana. 44Yera yalo ba na suli to ye logo baŋa ŋwea nyem mo, ko daare yalo na bi to ye ŋwe-doŋa kam nyem mo. Ne logo baŋa yera yam na wora tei to, ŋwe-doŋa kam yera de jege se ya taa wora mo. 45Ko popone Wɛ tɔnɔ kom ne we, “Boboa ne to Adam mo jwoŋi siu kolo na pae ŋwea to.” Ko daare Adam wolo na kweeli to jege jworo kolo na pae ŋwea to mo. 46Ko nam ye logo baŋa ŋwea mo yeini ka tui yiga, ye Wɛ telaao ŋwe-doŋa kam laam saŋe ka tui. 47Wɛ mɛ teero mo o ke nabiinu wolo na tu yiga to. Konto ŋwaane, wonto ye tega baŋa nyem mo. Nabiinu wolo nam na saŋe to nwoŋi Wɛ telaao mo. 48Nabiina maama ye tega baŋa nyem mo, ye ba nye de Wɛ na mɛ teero o ke nɔɔno wolo to mo. Nɔɔna balo maama nam na ye Wɛ telaao nyem to nye de wolo na nwoŋi Wɛ telaao to mo. 49Debam na maŋe dé jege tega baŋa nɔɔno wom nyenyego to, dɛ wora dé wó ba dé taa jege Wɛ telaao nɔɔno wom nyenyego.
50A nu-bia bam, a lage a ta a bere abam we, dé logo baŋa yera yam bá wane ya na jeiŋa jei Wɛ woro kom ne. Ya na bá dáane ye ya pɔ to, ya bá wane ya maŋe de ŋwea kalo na ba jege kweelim to. 51Fɔge-na á cheigi, se a lage a ta Wɛ chega kalo ya na seigi to a bere abam. Debam maama bá te. Dé nam ná tega naa dé ta wo tege, dé yera yam maama jege se ya leiri mo. 52Ko wó pɔpɔ ko ke ne yi na bogese tei to mo, maŋa kam ba na wó wu Wɛ nabɔnɔ kolo na kweeli to. Nabɔnɔ kom ná wuga, twa wó bi ba zaŋe de yera yalo na ba jege pɔm to, ye debam yera yam maama wó leiri. 53Kokuri, dé yera yalo na wó pɔ to jege se ya ji yalo na bá pɔ to mo. Dé yera yalo toone na wae to jege se ya ji yalo toone na ware to mo. 54Konto maama ná seene ko leiri, ko laam wó pa kolo na popone Wɛ tɔn-dwoŋo kom wone to ji chega we, “Wɛ wane toone de de dam maama o di.”
55“Toone, n dam dem daa bɛ?
N daa‑n wó wane a nɔɔna bam n chɔge na?”
56Ko ye nɔɔna wɛleera ŋwaane mo toone jege dam se de chɔge-ba. Wɛleera de nam jwoŋi ya dam Wɛ nia yam baŋa ne mo. 57Dé ke Wɛ lei de o na pae se dé jwoŋi zeinim dé Teiru Yezu Krista tei ne se dé wane toone dam maama to.
58Konto to, a nu-bi-swonnu bam, fɔge á zege-na lanyerane de pu-dɛa. Chɛ-na dé Teiru wom totoŋa yam baŋa ne maŋa maama, kolo ŋwaane á yei we totoŋa yalo maama á na toŋe á pa dé Teiru wom to dae kafɛ.",https://www.bible.com/bible/3661/1CO.15.KBG
1 KORINTI 16,"Sabu tiŋim taane
1Ko daare á na wó ta‑á lae sabu tei á ma á zeini Wɛ nɔɔna to mo tento. Ta‑á ke-na nenɛɛne amo na tage a bere Yezu kɔgɔ kolo maama na wo Galatia te-nia yam ne se ba taa ke tei to. 2Wɛ siu dɛ maama ne se nɔɔno maama twori nyɔɔre delo o na nɛ to wone o tiŋi, se ko pa amo ná tua, se ko daa yé taa jege se á la sabu. 3Amo ná tu abam tei, a laam wó toŋe á na kuri nɔɔna balo to de twanno, se ba ja á sabu kom ba ja vo Jerusalem. 4Ko nam daa ná maŋe se amo tete mo vo, dé wó tɔge daane dé vo.
Pɔɔl lage se o na Korinti tiina
5A lage se a da Makedonia mo se a laam daare a ba abam tei. 6Amo ná tua, a lage se a dáane fee abam tei ne. Dɛ dedwoŋi ne a wó ti yadɛ dem. Abam laam wó wane á woli-ne se a vo a daa na wó vo mɛ to. 7Amo ba lage se a wuuri a ba a na abam, se ko bá pa-ne chwoŋa se a dáane ye a daa vo jeiga kadwoŋi. Wɛ ná sɛ, a ya lage se a dáane abam tei ne mo. 8Konto ŋwaane, a lage a maŋe Efesia ywo-seeni mo se ko vo ko yi Pɛntekɔse kuri dem maŋa. 9Chwoŋa pore lanyerane ka pa-ne se a taa toŋe ywo-seeni de dam, ye nɔɔna dedɛ nam wora ba kwaana se ba che a yiga.
10Timoti nam ná tu abam tei, se á ta‑á nii o baŋa ne se o bochare taa tiga. Kokuri o de toŋe dé Teiru wom totoŋa yam mo, ne amo de na ke tei. 11Yé pa-na se nɔɔn-nɔɔno gwooni‑o. Kwaane-na se á woli‑o o chwoŋa baŋa ne, se o wane o vo de yazura o jwoori o ba amo tei. Amo nam nii‑o mo chwoŋa ne se o ba de dé nu-bia bam.
12Ko nam ná ye dé nu-bu Apolo, amo tiini a kwoori‑o mo se o tɔge de dé nu-bia bam o ba abam tei. De ko de, o ta wo boŋe o ja se o ba leile. O nam ná nɛ chwoŋa maŋa de maŋa, o wó ba.
13Ta‑á cho-na á tete se á fɔge á zege lanyerane de á na tɔge Wɛ chega kam tei to. Ta‑á jege-na baare de dam. 14Ta‑á pa-na á kikia maama tɔge de swono.
15A nu-bia bam, á maŋe á yei Stefana de o sɔŋɔ tiina na yɔɔre ba tɔge Wɛ tei to. Banto mo dɛ yiga ba sɛ Yezu Akaya ne, ye ba kwei ba tete maama ba toŋe ba zeini Wɛ nɔɔna. 16Konto to, a lwoori abam se á kwei á tete á ta‑á tɔge nɔɔna bam konto dwonna ni, dedaane balo na tɔge ba toŋe Wɛ totoŋa ne banto tei.
17Amo jege wopwolo de Stefana, de Fɔtunata, de Achaku na tu amo tei to. Banto mo pɛ a wo lɔre we abam tera. 18Banto mo pɛ a wo tiga, ne ba na ke abam de tei to. Ko ná ye nɔɔna bam konto dwoŋi, ko maŋe se á ta‑á jege ba chega.
19Yezu kɔgɔ kom maama na wo Asia te-nia yam wone to jɔɔne abam. Akwila de Pirisila, de Yezu kɔgɔ kolo na jeeri ba sɔŋɔ ne to de jɔɔne abam lanyerane dé Teiru wom yere ŋwaane. 20Dé nu-bia bam maama de jɔɔne abam.
Á ná jeeri daane, se á ta‑á kukwori daane Wɛ ŋwaane.
21Amo Pɔɔl tete mo mɛ a jeŋa a popone jɔɔnem dento a ma jɔɔne abam.
22Nɔɔno wolo maama ná ba jege dé Teiru wom swono, Wɛ wó yaale kotu o yiga ne.
Dé Teiru wom wó ba.
23Dé Teiru Yezu zaane dem taa wo á tei ne.
24Amo swono taa wo á tei ne Yezu Krista ŋwaane.",https://www.bible.com/bible/3661/1CO.16.KBG
2 KORINTI 1,"1Amo Pɔɔl wolo Wɛ na tiŋi-ne de o tete boboŋa se a taa ye Yezu Krista totoŋa nakwe to mo popone tɔnɔ konto, ye dé nu-bu Timoti mo tɔge o woli-ne. Dé popone se dé pa abam balo na ye Wɛ kɔgɔ kom wo nɔɔna ye á zoore Korinti ne to, ko woli de Wɛ nɔɔna balo na zoore Akaya teene dem maama ne to.
2Dé Kwo Wɛ, dedaane dé Teiru Yezu Krista wó pa abam zaane de yazura.
Wɛ na tiini o zeini debam tei to
3Pa-na dé ke Wɛ lei. Wonto mo ye dé Teiru Yezu Krista Kwo, ye o daa ta ye debam Kwo wolo na jege dé ŋwaŋa to. O maa ye Wɛ wolo na zeini nɔɔna dedɛ se ba bochara peini tega ne. 4Dé ná wo yaara yalo maama wone, wonto mo yeini o pa dé bochara peini tega ne, se ko pa dé wane dé zeini balo de na wo yaara dwi maama wone to se ba de bochara peini tega ne. Dé wó tɔge zeinim delo Wɛ na maŋe o pa debam tete to baŋa ne dé zeini dé dwonna bam konto. 5Yezu Krista na tiini o yaare to, debam de tɔge dé na ya dwoŋi. Dé na me ded‑o to, dé ta wó tɔge dé na zeinim dedɛ Wɛ tei ne, nenɛɛne o na zeini Yezu Krista tei to. 6Konto ŋwaane, debam ná wo yaara wone, ko ye se ko zeini abam mo se á bochara peini tega ne, se ko daare ko pa Wɛ jwoŋi abam ŋwea. Wɛ nam ná pɛ dé bochara peini tega ne, ko ye se abam de na zeinim konto dwoŋi, se á wane á na dam á vɔ á wo á zege lanyerane de yaara yalo dwoŋi debam de na nɛ to. 7Mo kokuri dé tiini dé jege abam teena, kolo ŋwaane dé yei we, abam na tɔge á na debam yaara yam dwoŋi to, á wó tɔge á na zeinim Wɛ tei ne, ko maŋe de o na zeini debam tei to.
8Dé nu-bia bam, dé lage dé pa abam maane dé na kare Asia teene dem ne ye dé na yaara tei to. Dé na nɛ cham delo to tiini de dana de dwoi debam jaanem, ye dé boŋe we, dé wó ga dé ŋwea. 9Dé nam na zege toone yiga ne konto to, ko ye se ko pa dé daa yé taa boŋa dé tete dam na ye tei to, se dé daare dé ke dé wo-dedoa de Wɛ, o na jege dam se o pa nɔɔna bi toone wone to ŋwaane. 10Wɛ nam seene o jwoŋi debam yaara yalo na lage ya pa dé na toone to wone, ye o ta wó yɔɔre o jwoŋi debam konto dwoŋi. Dé nam tiini dé jege teena Wɛ tei ne we, o ta wó jwoŋi debam toone jeŋa ne. 11Abam nam wó zeini debam de á na lwoori Wɛ á pa debam tei to. Konto to, nɔɔna dedɛ ná lwoori Wɛ pa dé na zeinim, ko wó pa se nɔɔna dedɛ de seene ba ke‑o lei de o na jwoŋi ba wɛ-lworo kom to.
Pɔɔl na leiri o boboŋa tei to
12Debam na jege teera tei to mo ye dé na tɔge chwoŋa abam tetare ne ye chaveera tera dé tei ne. Dé maa jege wo-pwoŋo mo ye dé yɔɔre dé bere dé wo de abam. Wɛ zaane dem mo zeini debam pa dé ye konto. Debam wo tɔge nabiina swa ŋwaane. Debam tɔge chwoŋa konto dwoŋi de nɔɔna maama ye ko fɔge ko ye abam ŋwaane. 13Dé na popone kolo dé pa abam to ba jege wo-siseigiru. Á wó wane á ga-te ye á ni ko kuri. 14Abam nam maŋe á lɔre debam na ye tei to fenfee yerane mo. Amo maa boŋe we, á wó ba á tiini á lɔre debam fase, se dɛ dem dé Teiru Yezu Krista na wó jwoori o ba to, abam laam wó ta‑á jege teera debam ŋwaane, ne debam na jege teera de abam tei to.
15Amo na tiini a yei konto lanyerane to, a boŋe a ja se a bobo a ba abam tei, se ko pa á na zeinim kuni belei. 16Kokuri a boŋe se a tɔge abam tei mo a vo Makedonia, se a ná maa jwoori dáane, se a daa tɔge á tei, se á laam wane á woli-ne se a kɛ Judea seeni. 17Amo na boŋe se a ke konto ye a wo wane a na chwoŋa to, á pae se amo jege ni-zɛ ni-zɛ mo na? Amo ná yeini a boŋe se a ke keim delo, á pae se ko ye amo tete fɔgem yerane mo na? Á nam pae se amo ye wolo na tɛ o gwaane daane we, “Ɛɛ, ɛɛ”, de “Aawo, aawo” to mo na? 18Wɛ nam jege chega ye o yei we debam na tɛ kolo de bere abam to dae nia yalei, nenɛɛne “Ɛɛ” de “Aawo” na gwaane daane tei to. 19-20Debam nam na bere abam Wɛ chega kam tei to, amo de Silas de Timoti pɛ se á lɔre Yezu Krista wolo na ye Wɛ Bu wom to taane chekke. Wonto seene o dae nia yalei tu konto dwoŋi. Wonto nam mo ye wolo na sɛ Wɛ ni dem de “Ɛɛ” yerane to. Wɛ na pwooli de o nɔɔna bam tei maama to mo jigi chega o tei ne. Konto ŋwaane, de ná yeini de ware Wɛ, dé tɔge Yezu Krista ŋwaane dé we, “Ameena”, se ko pa Wɛ taa jege zula debam tei ne.
21Ko ye Wɛ mo pae se dé tɔge de abam dé zege lanyerane Yezu Krista ŋwaane. Ko ta ye wonto mo kuri debam se dé taa ye o nyem. 22O ma zeini debam de dam, se o ma ke maana o bere we, dé seene dé ye o nyem. O ma daare o ke o Sin-laao kom debam bochara ne, se konto da yiga ko tiŋi chwoŋa se ko pa dé lɔre we, dé laam wó ba dé na Wɛ wo-laaro tem maama.
23Wɛ yei amo wo, ye wonto wó zege amo kwaga ne de a na tɛ chega a bere abam tei to. Amo na zage a boboŋa se a daa yé ba abam tei Korinti ne to, ko ye se a yé pa á na á chaveera mo. 24Ko nam dae we debam lage se dé fe abam de á na wó sɛ Wɛ chega kam tei to, kolo ŋwaane abam maŋe á sɛ‑o de pu-dɛa. Dé nam lage se dé woli abam, se á ta‑á jege ywoni Wɛ ŋwaane mo.",https://www.bible.com/bible/3661/2CO.1.KBG
2 KORINTI 2,"1Mo kokuri a jwoori a boŋe a ja se a daa yé ba abam tei, se ko pa wo-chechɔgɔ yé taa wora. 2Abam mo ye balo na wó wane á pa se amo na ywoni. Konto to, amo ya ná tua, ye a pa se á wo chɔge, nɔɔn-nɔɔno daa bá taa wora o na wó wane o pa se a na wopwolo. 3Ko ye konto ŋwaane mo a daama popone tɔnɔ kom a pa abam. Amo déem ba lage se a ba á tei se ko pa amo wo chɔge abam ŋwaane. Ko nam maŋe se á ta‑á ye balo na pae amo wo pwoli to. Amo nam ke a wo dedaane abam we, amo ná jege wopwolo, abam de jege wopwolo mo. 4Amo daama na popone tɔnɔ kom a pa abam to, a boboŋa vugimi lanyerane, ye lwia jege-ne pa se a yi-na nwoŋi dedɛ abam ŋwaane. Amo na popone tei to, ko dae se ko pa á wo chɔge. Ko nam ye se á wane á lɔre amo na tiini a jege abam swono se ko ja gaale tei to mo.
Ŋwaŋa durim taane
5Nɔɔno wolo nam na ke o chɔge o dwoŋi yiga to pɛ abam maama wo chɔge, se ko dae amo yerane wo mo. Ko nam dae wo-chɛɔ amo tei ne. Kotu keim dem wo tiini de daane abam. 6Abam dedɛ na pɛ se o na waarem to, ko maŋe se á laam yage. 7Á nam jege se á duri o ŋwaŋa mo ye á ke‑o lanyerane, se o bochare peini tega ne. Ko nam ná dae konto, ye o wo ná tiini ko chɔge, ko wó pa se o boboŋa de chɔge. 8Konto ŋwaane a lwoori abam se á pa kotu lɔre we, á jege o swono. 9Amo daama na popone tɔnɔ kom to, ko ye se a maane abam a nii, á wó sɛ á tɔge amo ni dem woŋo maama baŋa ne, naa á bá sɛ. 10Abam ná yage nɔɔno wolo keim á ma chɛ‑o, amo de tɔge konto mo. Nɔɔno wom za na ke kolo o chɔge to, amo yage a ma chɛ‑o. Ko nam ye abam ŋwaane mo a ke konto Yezu Krista yiga ne. 11Dé nam jege se de duri nɔɔno wom ŋwaŋa konto, se ko yé pa setaana pɛ na chwoŋa o wane debam. De nam maŋe de yei wonto na boŋe se o pa debam tusi tei to.
Wɛ chega kam tɔɔlem
12Amo na vei a yi Torase, ye a lage se a tɔɔle Yezu Krista kwor-ywoŋa kam a bere nɔɔna da to, amo maane we dé Teiru wom ya pore chwoŋa se a ke konto. 13De konto de, a bochare ma tiini de di, de a na beeri Titusi jei a ga to. A na wo nɛ‑o konto to, a ma bane nɔɔna bam ye a daare a kɛ Makedonia.
14Nam pa-na se dé taa ke Wɛ lei. Maŋa maama wone wonto mo pae se dé tɔge Yezu Krista kwaga ye dé zeiŋi o yuu nɔɔna tei ne. Wɛ maa pae se nɔɔna tɔge debam ŋwaane mo ba lɔre Yezu taane jei maama ne, nenɛɛne woŋo kolo lwom na ywomma ye de jage de yi jei maama tei to. 15-16Debam na yeini dé tɔɔle Yezu Krista chega kam dé bere nɔɔna maama tei to maa pae se dé nye de lwom delo na zaŋe de yi Wɛ tei pa o jege wopwolo to. Ko ná ye balo na lage ba ga ba ŋwea Wɛ tei ne to, lwom dem konto maa pae se ba jege maana we, toone wó ja-ba. Ko nam ná ye balo Wɛ na wora o jwoŋi-ba to, lwom dem wó taa jege ywoni ba tei ne, pa se ba jege maana we, ba wó na Wɛ ŋwe-doŋa kam.
Bera mo wó maŋe de totoŋ-kamunu kom konto dwoŋi? 17Nɔɔna dedɛ na bere Wɛ kwora kam tei to, ba pae se ko nye de kolo ba na jege ba pipia se ba na nyɔɔre ko baŋa ne to. Debam nam dae konto dwoŋi. Wɛ na toŋe debam to, dé yeini dé kwei dé wo maama mo dé maa bere o chega kam, nenɛɛne dé zege o yiga ne dé ŋɔɔna Yezu Krista ŋwaane.",https://www.bible.com/bible/3661/2CO.2.KBG
2 KORINTI 3,"Wɛ ni-doore dem taane
1Abam badaara nam daa ta wó boŋe we dé lage dé bere dé tete mo de dé na ŋɔɔne tei to. Abam nam maŋe á yei debam na ye tei. Á daa ba jege se á jwoŋi twanno telo na bere debam chega na ye tei to nɔɔna badaara tei ne. Á ta ba jege se á popone tɔnɔ kolo na bere debam chega to á pa nɔɔn-nɔɔno. Nɔɔna badaara nam mo maŋe konto, ye ko dae debam. 2Abam tete nam mo bere debam chega na ye tei to, nenɛɛne á ye tɔnɔ kolo nɔɔna maama na wane ba ga ye ko popone debam bochara ne to. 3Abam na jege á ŋwea tei to mo nye de tɔnɔ kolo Yezu Krista na tɔge debam ŋwaane o popone to. O nam na popone tei to, o mɛ Ŋwea Tu Baŋa Wɛ Sin-laao kom mo o ke, ye ko dae bera mo o mɛ o ke. Poponem dem konto nam wo ke kandwa-pelɛ baŋa ne, se o ke-de abam nabiina bochara ne mo.
4Dé yɔɔre dé yei we konto ye chega mo, Yezu Krista na pɛ dé jege teena Wɛ tei ne to ŋwaane. 5Kolokolo nam tera debam tete tei ne ko na wó pa debam chwoŋa se dé taa toŋe Wɛ totoŋa yam konto to. Ko nam ye Wɛ zeinim dem mo pae se dé maŋe dé o totoŋa yam. 6O ma pa dé maŋe se dé taa bere nɔɔna o ni-doore dem na ye tei. O ni-doore dem o na gwoni o pa nabiina to nam ba tɔge ni-kaana yalo na popone tɔnɔ ne to. De nam tɔge Wɛ Sin-laao kom ŋwaane mo. Ni-kaana yam pae se toone mo nae chwoŋa de jaane nabiina. Ko daare Sin-laao kom nam mo pae se nabiina na ŋwea Wɛ tei ne.
7Ko ná ye Wɛ na kwei o ni-kaana yam o tɔge Moses jeŋa o pa o nɔɔna bam to, o déem lage-ya o ke kandwa-pelɛ baŋa ne mo. Wɛ déem na kwei-ya o ke Moses jeŋa ne konto to, o nenɔŋ-fɔrɔ kom maa tiini ko wora, ye ko pa Moses yibia tiini ka nyeena. O yibia kam nyeenem dem maa wora de tia, ye de daa ta pepele Isarele tiina bam yia pa se ba ware ba nii o seeni. Wɛ ni-kaana yam maŋe ya tɔge de o nenɔŋ-fɔrɔ kom konto ya ba, ye ya pae se toone yerane mo wora. 8Ko daare Wɛ Sin-laao kom na woli nɔɔna tei to laam wó pa se Wɛ nenɔŋ-fɔrɔ kom tiini ko taa nae jaja mo. 9Wɛ ni-kaana yam pɛ se nɔɔna na chɔgem o tei ne, ye konto maama tɔge de o nenɔŋ-fɔrɔ kom. Ko daare Wɛ na woli nɔɔna se ba na chega o tei ne to, konto bá pa se o nenɔŋ-fɔrɔ kom tiini ko gaale nɔɔna yia ne na? 10Ko na ye chega to, Wɛ laam na woli nɔɔna ye o nenɔŋ-fɔrɔ kom tiini ko wora tei to bere we o nenɔŋ-fɔrɔ kom déem na bere tei to maŋe ko dae kolokolo. 11Wɛ ni-kaana yam déem wora de o nenɔŋ-fɔrɔ kom ye yanto ba ya kɛ. Ko daare o zeinim delo na wó taa wora taa taa to wó pa se o nenɔŋ-fɔrɔ kom tiini ko taa wora ko gaale.
12Debam na jege Wɛ teena konto dwoŋi to, dé wae dé bere o chega kam de baare. 13Dé nam bá seigi Wɛ chega kam nenɛɛne Moses déem na ke tei ye o kwei gɔrɔ o ma kwoli o yibia to. O ke konto se Isarele tiina bam mo yé taa nae o yibia kam nyeenem dem na wora de ti to. 14Banto boboŋa ma kwaale pa se ba ná gage Wɛ ni-dwoora yam twanno tem, ba ware ba lɔre o chega kam kuri. Ko ye nenɛɛne gɔrɔ kom ta mo kwoli ba yia de zem maama. Nɔɔno ná me de Yezu Krista, konto mo wó pa se gɔrɔ kom dɔne konto tu yia ne. 15Banto nam ná gage Moses ni-kaana yam twanno tem, gɔrɔ kom konto ta wora mo de zem de, pa se ba ware ba lɔre Wɛ chega kam. 16Nɔɔno nam ná pipiri se o tɔge dé Teiru wom, ko wó pa se gɔrɔ kom dɔne konto tu yia ne. 17Dé nam yei we dé Teiru wom de Wɛ Sin-laao kom maama ye bedwe mo. Wɛ Sin-laao kom nam ná wo nɔɔno wolo tei ne, kotu nɛ verem mo. 18Debam balo maama na sɛ Yezu to daa ba jege gɔrɔ kolo na kwoli dé yibia to, pa se dé wae dé bere dé Teiru wom nenɔŋ-fɔrɔ kom jaja. Ko maa pae se dé wora dé jiri ne o tete na ye tei to, ye o nenɔŋ-fɔrɔ kom tiini ko pula dé tei ne de dam. Dé Teiru wom na ye bedwe de Wɛ Sin-laao kom to mo wó pa dé bere Wɛ dam konto dwoŋi.",https://www.bible.com/bible/3661/2CO.3.KBG
2 KORINTI 4,"Debam bwona ye Wɛ zeini debam
1Debam na woli nɔɔna se ba lɔre Wɛ chega kam tei to ye o zaane dem mo pɛ dé toŋe konto. Konto mo pɛ dé vɔna bá pare. 2Dé nam chuli wonnu telo nɔɔna na seigi ba ke ye te pa chaveera to. Dé ba tɔge swa baŋa dé gane nɔɔna, ye dé ba lage se dé pipiri Wɛ taane dem. Wɛ na nii dé kikia to, dé nam bere o chega kam mo jaja, se ko pa nɔɔna maama lɔre we, dé na ke tei to tɔge chwoŋa. 3Dé na tɔɔle Wɛ kwor-ywoŋa kam tei to kuri ná seigi nɔɔna tei ne, ko ye balo na lage ba ga ba ŋwea Wɛ tei ne to yerane mo ka seigi ba tei ne. 4Banto ve Wɛ chega kam, kolo ŋwaane setaana pɛ wolo na di dam logo konto baŋa ne to mo pɛ se ba boboŋa kwaale. O ke konto se ba yé wane ba na swa yalo Wɛ kwor-ywoŋa kam na lage ka pa-ba to. Kwora kam konto bere Yezu Krista de o dam dem na ye tei to mo. Wonto mo jege Baŋa Wɛ nyenyego chekke. 5Debam na yeini dé tɔɔle Wɛ kwora kam tei to dae dé tete mo dé jege dé bere nɔɔna. Dé nam bere nɔɔna we, Yezu Krista mo ye nabiina Teiru, ye debam ye balo na toŋe dé pa abam o ŋwaane to mo. 6Baŋa Wɛ mo ye wolo na maŋe o ta o we, “Pwooni ba de taa nyeene lim wone”. Wonto nam ta mo ye wolo na pɛ se pwooni ba de wora de nye dé bochara ne to. Konto mo o pɛ dé yi poore se dé lɔre o nenɔŋ-fɔrɔ kom na ye tei, ye konto mo nae Yezu Krista yibia ne.
7Wɛ na tiini o zeini debam konto to, ko nye de o kwei wonnu telo na ye lonne nyem to mo o ke kɔɔra wone. Dé na nye de kɔɔra konto to, ko bere we debam dae kolokolo, se ko ye Wɛ dam-fɔrɔ kom ŋwaane mo dé toŋa. 8Yaara yeini ya peene debam, ye ya ware dé yiga ya che. Dé boboŋa maa tiini ya vugimi, ye ya ware se ya pa dé vɔna pare. 9Nɔɔna yeini ba bɛɛse debam, ye dé ba fɔge dé gɛ fara. Dé dona maa pae se dé toe tega ne, ye dé ba fɔge dé gɛ dé ŋwea. 10Dé na jege dé ŋwea logo baŋa ne tei to, toone yeini de tɔge debam yera yam, nenɛɛne toone na jaane Yezu de yera yam tei to. Konto maa bere jaja we, dé ŋwea kam jege kuri, Yezu na jege ŋwea Wɛ tei ne to ŋwaane. 11Dé ŋwea wone toone maa yeini de kwaana se de go debam maŋa maama, dé na sɛ Yezu to ŋwaane. Konto to, dé yera yalo na wó ba ya te to wae ya bere we, Yezu pɛ dé na ŋwea kalo na ba jege kweelim Wɛ tei ne to. 12Dé na yaare abam ŋwaane tei to bere we, toone wora de chɔge debam, se ko pa abam wane á na ŋwea Wɛ tei ne.
13Ko maŋe ko popone Wɛ tɔnɔ kom ne we, “Amo na ke a wo-dedoa de Wɛ to mo pɛ a ŋɔɔna.” Debam de na jege wo-dedoa de Wɛ konto dwoŋi to mo pae dé ŋɔɔne o chega kam. 14Dé yei we, Wɛ mo bi dé Teiru Yezu toone wone, ye o ta wó bi debam de se dé na ŋwea o tei ne, dé na me de Yezu to ŋwaane. Konto mo Wɛ wó pa se debam de abam maama tɔge daane dé vo dé zege o yiga ne. 15Dé na ke tei to maama ye abam zeinim ŋwaane mo. Konto ŋwaane, Wɛ na pae se o zaane dem zaŋe de yi nɔɔna dedɛ tei to mo pae se ba ke o lei dedɛ, se ko pa o jwoŋi zula lanyerane.
16Wɛ zeinim dem na gaale debam tei ne to, dé vɔna bá pare. Ko ná ye debam nabiina yera yalo dé na jege to, ya wora ya kwe mo dɛ maama wone se ya ba ya bugi. Ko nam ná ye dé jworru, Wɛ wora o fɔge-te mo dɛ maama. 17Leile konto dé wora dé nae yaara fenfee, ye ya bá dáane. Ya nam wó pa se dé ba dé di ywoni dedɛ Wɛ yiga ne se ko taa vei wuu, ye ko gaale dé logo baŋa yaara yam na mae tei to. 18Mo kokuri dé ba pae se dé boboŋa tɔge logo baŋa wonnu telo na wae te nae de yia to. Dé boboŋa nam tɔge wonnu telo na ware te nae de yia to. Kokuri dé yia na nae wonnu telo to yeini te ba dáana. Ko daare telo na ba nae de yia to wó taa wora taa taa se ko taa vei wuu.",https://www.bible.com/bible/3661/2CO.4.KBG
2 KORINTI 5,"Wɛ telaao taane
1Debam yera yam dé na jege logo baŋa ne to nye de vwei mo dé na zoore de wone. Dé nam yei we, vwei dem konto ná chɔge, Wɛ wó pa dé na sɔŋɔ telaao ne se dé taa zoore da. Ko dae nabiina mo lɔge sɔŋɔ kom konto. Ko maa wó taa wora taa se ko taa vei wuu. 2Cham na jege debam logo baŋa ne tei to, debam yeini dé kone mo ye dé fera zo Wɛ telaao, dé na tiini dé lage se Wɛ pa dé zo dé telaao sɔŋɔ kom to ŋwaane. 3O ná pɛ dé zo sɔŋɔ kom konto, nenɛɛne dé na zo gɔrɔ tei to, dé daa bá taa nye de nɔn-kalambwollu tei. 4Dé ta ná zoore dé logo baŋa vwei dem wone, dé yeini dé kone mo de cham. Ko nam dae we dé lage se dé de dé yera yam mo dé yage. Dé nam lage se dé zo kolo Wɛ na tiŋi o telaao ne se o pa debam to, se o ŋwe-doŋa kam laam pa dé yera yalo na tege to daa yé taa jege kuri. 5Baŋa Wɛ mo seene o fɔge debam se dé ba dé na ŋwea kam konto o tei ne, ye o pa debam o Sin-laao kom se ko da yiga ko tiŋi chwoŋa se ko pa dé lɔre we, dé laam wó ba dé na Wɛ wo-laaro tem maama.
6Wɛ Sin-laao kom na wo debam tei ne konto to, ko pa se dé jege pu-dɛa maŋa maama. Dé yei we, dé na jege dé logo baŋa yera yam to mo pae se dé tera dé Teiru wom sɔŋɔ ne. 7Dé nam na jege dé ŋwea tei to, ko dae we dé tɔge dé yi na nae wonnu telo to. Dé nam ke dé wo-dedoa de Wɛ we, dé wó na. 8Dé na jege pu-dɛa tei to mo pae dé yei we, ko wó taa lamma ko pa debam se dé yage dé yera yam na nye de dé sɔŋɔ logo baŋa ne to, se dé daare dé vo dé taa wora dé Teiru wom sɔŋɔ ne. 9Kolo na ye wo-chɛɔ ko pa debam to ye se dé taa pwoli o wo maŋa maama, nenɛɛne de ná tega dé daare dé yera yam, naa dé daa ta ná jege-ya dé ŋwe. 10Kokuri debam maama nam jege se dé ba dé zege Yezu Krista yiga ne, se o di debam taane. Nɔɔno maama jege se o jwoŋi kolo na maŋe de o kikia yalo maama o na ke logo baŋa ne to, ne ko ná ye o ke keim-laaro, naa o ke keim-balwaaro.
Yezu Krista fɔge nɔɔna de Baŋa Wɛ daane
11Konto ŋwaane dé yei ko kuri dé na jege se dé taa kɔre dé Teiru wom to. Mo kokuri dé kwaana se dé pa nɔɔna boboŋa tɔge chega chwoŋa. Wɛ nam yei debam wo lanyerane. Amo boŋe we abam de wó ta‑á yei dé boboŋa na lana tei to. 12Ko nam dae we debam daa kwaana se dé bere dé chega mo de abam. Dé nam lage se dé zeini abam mo, se á wane á ta‑á jege teera debam ŋwaane. Ko nam ná ye balo na jege teera ba nenɔŋa ŋwaane ye ba bochara ba lana to, ba ná tu abam tei, á wó wane á ve-ba mo.
13Á pae se dé ba jege boboŋa mo na? Ko ná seene ko ye konto, ko nam maŋe ko ye Wɛ ŋwaane mo. Dé swa nam ná wora, konto ye abam zeinim ŋwaane mo. 14Dé na ke kolo maama to tɔge Yezu Krista swono kom ŋwaane mo. Kokuri dé laam maane we, nɔɔno dedoa mo tega se o leiri nɔɔna maama yuu ne, ye konto bere we ba maama de tɔge ba te mo. 15O na tege o pa ba maama konto to, ko ye se balo na jege ŋwea o ŋwaane to mo daa yé taa ŋwe ba tete fɔgem ŋwaane. Ba nam wó taa ŋwe Yezu fɔgem ŋwaane mo, de o na tega se o leiri ba yuu ne ye o daare o bi toone wone to.
16Konto ŋwaane, dé ná yeini dé bere nɔɔna chega na ye tei to, dé daa ba tɔge nabiina boboŋa na bere tei to. Maŋa kadwoŋi ne dé déem tɔge boboŋa yanto dwoŋi mo dé maa bere Yezu Krista na ye tei to, ye dé nam daa ba tɔge-ya. 17Nɔɔno wolo ná tu o me de Yezu Krista, ko bere we, Wɛ jwoori o fɔge konto tu de o ŋwe-doŋa kam mo, ye ko pa se wonto ŋwe-dwoŋa kam kɛ, ko daare o ŋwe-doŋa kam yerane mo wora. 18Ko maama ye Wɛ kikia mo. O tɔge Yezu Krista ŋwaane mo o fɔge debam de o tete daane, ye o daare o pa se dé taa woli nɔɔna se ba na o fɔgem dem konto. 19Dé yeini dé bere nɔɔna we, Baŋa Wɛ dɛ Yezu Krista ŋwaane mo o fɔge nabiina de o tete daane, pa se o daa ba jeeli ba wɛleera o ke o boboŋa ne. O ma kuri debam se dé taa bere nɔɔna o fɔgem dem konto na ye tei to.
20Mo Wɛ na tiŋi debam se dé leiri Yezu Krista yuu ne dé taa bere nɔɔna o chega kam tei to. Ko maa nye de Wɛ tete mo wo debam tei ne o ŋɔɔna. Dé nam lwoori abam Yezu Krista yere ŋwaane se á sɛ se á de Wɛ fɔge daane. 21Yezu Krista mo ye wolo na ba jege wɛleere o yuu ne to. Wɛ nam duri dé ŋwaŋa ye o pa se debam wɛleera mo saŋe wonto yuu ne, se ko pa dé taa jege chega Wɛ tei ne, dé na me de Yezu to ŋwaane.",https://www.bible.com/bible/3661/2CO.5.KBG
2 KORINTI 6,"1Debam na sale Wɛ dé toŋe o totoŋa yam to, dé lwoori abam se á yé zaŋe á pa Wɛ zaane dem o na pɛ abam to ji kafɛ. 2Baŋa Wɛ maŋe o ta we:
“Maŋa kalo na maŋe se a ke zaane á yuu ne to,
amo cheigi á wɛ-lworo kom.
Dɛ dem na yi se a vere abam a yage to,
a seene a zeini abam.”
Nii-na! Maŋa kam yia se Wɛ ke zaane o ke abam yuu ne. Ko ye zem mo o lage o vere abam o yage.
Pɔɔl yaara yam taane
3Dé ba lage se nɔɔn-nɔɔno na chwoŋa o yaale dé totoŋa yam. Konto ŋwaane dé ba ke kolo na wó chɔge nɔɔno yiga to. 4Dé nam na ke tei to, dé kwaane dé bere dé chega mo se ko pa nɔɔna lɔre we, dé ye Wɛ tontoŋena. Kolo maama ná yeini ko ke debam, dé yeini dé vɔ dé wo dedaane yaara, de cham, de lwia yalo na daane debam to. 5Ba fere debam de kaasa. Ba ma ja debam ba ke peena diga ne kuni dedɛ. Ba ta maa yeeri debam. Dé maa yeini dé toŋe totoŋ-chɛɛra. Dé maa ba dɔ dé sui. Kana maa tiini ka ni debam. 6Dé mae boboŋ-laaro, de yeino, de ban-peno dé maa toŋa, ye dé kwori dé nege nɔɔna lanyerane. Dé maa tɔge Wɛ Sin-laao kom dam baŋa dé toŋa, ye dé jege nɔɔna swono chekke. 7Dé maa bere nɔɔna wonnu telo na ye chega to Wɛ dam ŋwaane. Dé na yɔɔre dé tɔge chega chwoŋa tei to pae dé cho de tete, nenɛɛne dé na zei jara wonnu jagwia ne de jazem ne to. 8Nɔɔna badwonna pae debam zula, ye badaara yaale debam. Badwonna maa twe debam, ye badaara pae debam chega. Badaara maa pae dé ye balo na gane nɔɔna to, ye dé nam yɔɔre dé tɔge chega mo. 9Badaara pae dé ye nɔn-yɔɔro mo, ye dé nam jege yere nɔɔna dedɛ tei ne. Badwonna pae dé lage dé te mo, ye dé nam ta ŋwe. Ba mage debam yera, ye ba nam wo wane ba go debam. 10Nɔɔna maa ke ba pa dé yiga nyɔne, ye dé ta di ywoni maŋa maama. Nɔɔna pae se yiniga jege debam, ye dé nam woli nɔɔna dedɛ de wo-laaro. Nɔɔna pae se dé ba jege kolokolo, ye wonnu maama nam wo debam jeŋa ne mo Wɛ ŋwaane.
11Amo badwonna Korinti tiina bam, a kwei a bochare maama a ma ŋɔɔne de abam jaja. Amo maa tiini a swoi abam de a bochare. 12Ko dae amo mo chege debam swono kom daane, se ko nam ye abam mo. 13Amo nam lwoori abam, ne á ye amo bia mo tei, se á ta‑á jege amo swono kom dwoŋi á bochara ne.
Jwona de Baŋa Wɛ ware ya toŋe daane
14Abam nam yé zaŋe á kwei á tete á gwaane de balo na ve se ba tɔge Yezu to. Ko nye de nabea de bonaga na bá wane se tɔge daane se va tei to. Lam de lwarem ware ya tɔge daane. Pwooni de lim ware ya taa wo jeiga dedoa. 15Yezu Krista de setaana pɛ nam bá wane ba taa jege boboŋe dedwe. Wolo na sɛ Yezu to de wolo na wo sɛ‑o to bá wane ba me daane. 16Ko ná ye jwona, yanto bá na chwoŋa se ya taa wo Wɛ diga kam ne. Debam nam mo nye de Wɛ tete diga kam, de o na zoore debam tei ne to. Kokuri, Baŋa Wɛ déem tage o we:
“Amo wó taa zoore a nɔɔna bam tei ne,
ye a tɔge de-ba a via.
A maa wó taa ye ba Tu Wɛ wom,
ye ba de wó taa ye amo tete nɔɔna.
17Konto ŋwaane, nwoŋi-na da banto tei ne,
ye á daare á pɔɔre á tete de-ba.”
Wɛ daa ta we:
“Yé digiri-na á tete de wonnu telo maama na ye wo-zɔɔna to.
Konto mo amo wó sɛ a jwoŋi abam.
18Amo wó taa ye abam Kwo,
ye abam de wó ta‑á ye amo bu-baara de a bukwa.”
Mo Paŋwa Tu Baŋa Wɛ wom na tage tei.",https://www.bible.com/bible/3661/2CO.6.KBG
2 KORINTI 7,"Pɔɔl na tiini o jege ba swono tei to
1A badwoŋ-swonnu bam, Wɛ na pwooli kampwola de o nɔɔna bam konto to, ko maama ye debam ŋwaane mo. Mo kokuri á pa-na se dé le dé tete wo-zɔɔna yalo maama na lage ya chɔge dé kikia dedaane dé boboŋa to wone. Pa-na se dé taa kwaana dé jege wo-pwoŋo fase, dé na kɔre Wɛ to ŋwaane.
2Pa-na chwoŋa se debam swono taa wo á bochara ne. Debam nam wo ke dé chɔge abam wolowolo yiga. Dé wo pɛ se nɔɔn-nɔɔno tusi. Dé ta maa wo pini abam wolowolo wonnu. 3Amo na tage tei to, ko dae we a lage se a yaale abam mo. Amo maŋe a ta de abam we, dé ná ŋwe, naa dé ná tega, dé ta tiini dé jege abam swono mo dé bochara ne. 4Amo tiini a yei abam wo, ye a jege teera abam ŋwaane. Abam maa pae se amo bochare peini tega ne. Konto ŋwaane mo, yaara yalo maama na jege debam to, amo ta nae ywoni ya wone.
5Ko nam ye chega mo we, debam na vei dé yi Makedonia to, dé wo nɛ siu de fenfee de. Yaara dedɛ ma tiini ya ja debam. Nɔɔna déem mage ni-kantɔgɔ de debam, ye foone tiini de zo debam. 6Wɛ nam ye wolo na zeini nɔɔna balo wo na leere yaara ŋwaane to, ye o pa se ba bochara peini tega ne. O ma pa debam de bochara peini tega ne de o na pɛ se Titusi ba debam tei to. 7Kolo na pɛ dé wo pwoli to mo ye o na tu o ta abam na zeini‑o pa se o bochare peini tega ne tei to, ye ko dae o na tu o wo debam tei ne to yerane ŋwaane. O ma ta o bere debam amo fera na jege abam tei to, de á yiga na nyɔne amo ŋwaane tei to. O ta ma ta abam yiga na yɔɔre ka wo amo wone tei to. Amo na nigi abam ŋwa konto to pɛ se amo wopwolo kom tiini ko gaale.
8Amo nam yei we, amo na popone tɔnɔ kolo a pa abam to mo pɛ á jege wo-chechɔgɔ. Amo boboŋa nam wo jwoori ya za ko poponem dem ŋwaane. Boboa ne to amo boboŋa ya zaga de a tɔnɔ kom na pɛ abam wo chɔge tei to. Ko nam wo tiini ko daane abam ko kɛ. 9Amo laam jege wopwolo ye ko dae abam wo na chɔge to ŋwaane mo, se ko ye á wo-chechɔgɔ kom na pɛ se á leiri á wo tei to. Wɛ nam mɛ á wo-chechɔgɔ kom o jwoŋi abam, se á yé na lɛɛro debam ŋwaane. 10Kokuri, nɔɔno ná jege wo-chechɔgɔ Wɛ ŋwaane, ko wó wane ko pa o leiri o wo se o daare o na ŋwea Wɛ tei ne, ye konto mo lana nɔɔna maama tei ne. Ko daare nɔɔno nam ná jege wo-chechɔgɔ ne logo baŋa nabiina na jege-ko tei to, ko pae se wonto ba o ga o ŋwea mo Wɛ tei ne. 11Maane-na á nii á na jege wo-chechɔgɔ Wɛ ŋwaane ye ko pa se á ye tei to. Ko pɛ se á yia seene o ŋwaane, ye á ta kwaane se á bere á na jege bora tei to. Bane de foone maa jege abam. Á jege amo fera. Abam maa chana Wɛ ŋwaane, ye á kwaane se á waare wɛleere-keira. Abam na ke kolo maama to maa bere we, á jege bora ye taane daa tera.
12Amo na popone tɔnɔ kom a pa abam to, ko dae wolo na ke o chɔge to ŋwaane, ye ko dae wolo chɔgem dem na ke o yuu ne to ŋwaane. Amo nam lage se a pa abam mo lɔre jaja Wɛ yiga ne we, abam seene á yia debam ŋwaane lanyerane. 13Ko ye konto ŋwaane mo dé bochara peini tega ne.
Debam na nɛ Titusi to, dé ma na wopwolo ko gaale se ko woli de dé bochara na maŋe ya peini tega ne tei to. Kokuri dé ma lɔre we, Titusi jege wopwolo abam ŋwaane, de á na pɛ se lwia daa tera o tei ne to. 14Amo na toŋe‑o se o ba abam tei to, a déem seini abam a bere‑o. Abam nam wo yaale amo tia yam. Konto to, debam na tei abam dé bere Titusi tei to jigi chega, ne dé na yeini dé tɛ chega de abam maŋa maama tei to. 15O ná yeini o guli abam gula, ko pae se o tiini o jege abam swono se ko gaale. O maa yeini o guli abam na sɛ á pa debam lanyerane, ye á daare á jeeri‑o lanyerane de foone tei to.
16Amo na yei abam wo lanyerane woŋo maama baŋa ne to mo pae a jege wopwolo dedɛ.",https://www.bible.com/bible/3661/2CO.7.KBG
2 KORINTI 8,"Yezu nɔɔna bam jege se ba woli daane
1A nu-bia bam, dé lage se dé pa abam lɔre Wɛ na ke Yezu kɔgɔ kolo maama na wo Makedonia te-nia yam ne to zaane tei to mo. 2Yaara dedɛ ma yi-ba ye ba nam ta di ywoni dedɛ pa se ba wo ywomma de nɔɔna. Yiniga na maŋe ka jege-ba to, ba daa ta ma woli nɔɔna lanyerane. 3Ko na ye chega to, ba woli nɔɔna se ko maŋe de ba tete na jege tei to, ye ba ta pa se ko dwoni ba tete na wó daare kolo to. 4Ba nam mo mɛ ba boboŋa ba tiini ba lwoori debam se dé pa-ba chwoŋa se ba tɔge ba woli Wɛ nɔɔna balo yiniga na jege-ba to. 5Ba na ke tei to tiini ko dwoni debam ya na boŋe se dé na tei to. Ba ma maŋe ba da yiga ba ke ba tete dé Teiru wom jeŋa ne, ye ba daare ba ke ba tete debam de jeŋa ne, se ko maŋe de Wɛ boboŋa na lage tei to. 6Konto ŋwaane mo dé maŋe dé kwoori Titusi se o daa woli abam, se abam de tɔge Wɛ zaane dem ŋwaane á ta‑á lae sabu. Wonto mo bobo o kwoori abam se á ta‑á ke konto, ye o laam wó woli abam se ko ba ko kweeli. 7Abam na tɔge Wɛ chwoŋa tei to maŋe ko lana se ko gaale, ne ko ná ye á wo-dedoa keim, de á ŋɔŋa kam, de á yeino kom. Á ta kwori á seene á yia de Wɛ totoŋa, ye á tiini á jege debam swono. Nam kwaane-na se á ta‑á jege wo-ywoŋo dedɛ á woli da, pa se á zeini á dwonna lanyerane.
8Amo nam ba lage se a fe abam de á na wó la sabu tei to. Amo nam kwaana se a pa abam mo lɔre nɔɔna badwonna na seene ba yia ba woli ba dwonna tei to. Konto mo amo wó wane a lɔre abam swono kom ye chekke naa ko dae. 9Abam maŋe á yei dé Teiru Yezu Krista na ke zaane o ke nɔɔna yuu ne tei to. Wonto sɛ se o yage o na maŋe o jege jejegero telo maama to, ye o ji yiniga tu abam ŋwaane, se ko wane ko pa abam ji jejegero tiina Wɛ tei ne o yiniga kam ŋwaane. 10Amo nam na boŋe tei to, ko wó taa lana se á kwaane á ti abam na maŋe á bobo se á ta‑á toŋe kolo to. Bene delo na kɛ to, abam mo ye balo na dɛ yiga se á la sabu, ye á daa ta maŋe á da yiga á jege ko boboŋa to. 11Abam déem na boŋe se á ke konto to, á boboŋa yɔɔre ya tɔge-ko mo. Leile konto, daa ta ta‑á tɔge konto dwoŋi se ko ba ko kweeli. Pɔɔre-na á wonnu wone se ko maŋe de á jeŋa na jege tei to. 12Kokuri, abam boboŋa ná fɔge ya ja se á woli nɔɔna, ko ba chɔga de ko na wó taa mae tei maama to. Á wolim dem jege se de taa tɔge á na jege kolo to mo, ye ko dae se ko dwoni á na jege kolo to. Wolim dem konto dwoŋi lana Wɛ tei ne.
13Amo nam ba kwaana se a pa abam na woli nɔɔna tei to taa chana á baŋa ne, se ko daare ko pa á na woli balo to na paare. Ko nam ye se á ta‑á teili daane mo. 14Leile konto abam jeŋa gara, pa se á wane á woli balo yiniga na jege-ba to. Ko daare, yiniga ná tu ka ja abam, banto de daa wó wane ba pɔɔre ba wonnu tem wone ba ma woli abam. Konto mo á maama wó ta‑á teili daane. 15Ko nye de ko na popone Wɛ tɔnɔ kom ne we:
“Nɔɔna balo na pɛ wodiu dedɛ to
daa wo nɛ se ko dwoni ba dim.
Ko nam wo muri ko pa balo na pɛ fenfee yerane to.”
16Dé ke Wɛ lei de o na pɛ se Titusi yiga wo abam wone, se ko yi debam de na ye tei de abam to. 17O ma yɔɔre o sɛ debam na lwoori‑o se o ke kolo abam wolim ŋwaane to. Wonto boboŋa nam maŋe ya ja se o ba abam tei, de o na seene o yia se o woli abam to. 18Dé nam lage se dé pa dé nu-bu wodwoŋi mo tɔge de Titusi o ba. Yezu kɔgɔ kom na wo jei maama ne to nege‑o lanyerane de o na tɔɔle Wɛ kwor-ywoŋa kam tei to. 19Ba ma daare ba kuri‑o se o woli debam wone o tole o la sabu kolo dé na yeini dé ma dé zeini nɔɔna to. Dé na lage se dé pa nɔɔna na wolim konto to, ko ye se dé Teiru wom mo na zula, ye se dé bere we dé boboŋa tɔge nɔɔna wolim dem konto. 20Debam na lage sabu-fɔrɔ kom ye dé pɔɔre-ko dé pa nɔɔna tei to mo, dé ba lage se nɔɔn-nɔɔno na chwoŋa o yaale debam ko baŋa ne. 21Dé nam kwaane se dé ke kolo na lana dé Teiru wom yiga ne, dedaane nabiina de yiga ne to mo.
22Konto ŋwaane mo dé daa ta lage se dé toŋe dé nu-bu wodwoŋi se o tɔge de banto o ba á tei. Kuni dedɛ mo dé maane we wonto yɔɔre o tɔge chwoŋa, ye dé lɔre we o yia seene de Wɛ totoŋa yam. O laam ma ba o lɔre á wo na ye tei to lanyerane, ye ko pa se o tiini o boŋe á wolim. 23Ko ná ye Titusi, debam ye bedwe mo, ye dé tɔge daane dé toŋe abam ŋwaane. Ko daare ko ná ye badaara bam, ko ye wɛ-di sem nɔɔna bam mo le-ba se ba taa toŋa, se ko pa Yezu Krista na zula. 24Konto ŋwaane, kwaane-na á la sabu kom se ko pa ba lɔre á na swoi á dwonna tei to, se Yezu nɔɔna bam taa yei ko ni ne. Ba laam wó lɔre we, dé na jege abam teera tei to seene ko ye chega mo.",https://www.bible.com/bible/3661/2CO.8.KBG
2 KORINTI 9,"1Ko ná ye abam na wó woli Wɛ nɔɔna balo yiniga na jege-ba to, amo yei we abam maŋe á yei á na wó ke tei. Amo daa ba jege se a popone kolokolo a woli da. 2A yei we á maŋe á ke á boboŋa ne se á woli-ba, ye a ta de Makedonia tiina bam abam na kwaane tei to. A ma bere-ba we, abam balo na zoore Akaya teene dem ne to maŋe á ti á yiga se á la sabu kom, ko zege déem bene dem ne. Makedonia tiina bam na lɔre abam na seene á yia se á pa nɔɔna na wolim konto to, ko ma pa se ba dedɛ boboŋa tɔge keim dem konto. 3Amo nam boŋe se a pa dé nu-bia bam ba abam tei, se ko pa debam na jege teera á ŋwaane tei to yé ba ya ji kafɛ. Konto mo wó pa á wane á ti á yiga nenɛɛne amo na maŋe a ta a bere-ba we á wó ke tei to. 4Ko ná dae konto, Makedonia tiina ná tɔge de amo ba ba abam tei, ye ba lɔre we, á ta wo ti á yiga, ko wó pa chaveera ja debam de dé na jege á chega tei to. Ko maa wó pa chaveera ja abam de. 5Mo kokuri a boboŋa jaane se a ta dé nu-bia bam se ba da amo yiga ba wuuri ba ba abam tei. Konto wó pa á wane á la pɛɛra yam á ti, nenɛɛne á na tiŋi ni se á ke tei to, se amo laam ba a jwoŋi-ya. Amo lage se á ma á wo-ywoŋo mo á pa sabu kom, se á yé tɔge kɔro ŋwaane.
6Ko nye de nɔɔno ná dugi wonnu fenfee, konto tu wó jwoori o ba o na fenfee mo. Ko daare wolo ná dugi dedɛ de o boboŋa, konto tu wó ba o na dedɛ. 7Nɔɔno maama jege se o pa pɛɛra se ko maŋe de o boboŋa na jaane tei to mo, ko dae se o fe o tete o ke kolo na wó chɔge o wo to. Ko nam ná ye wolo na pae de o wo-ywoŋo to, Wɛ swoi konto tu mo. 8Wɛ na jege abam swono to, o maa wae o zeini abam de o zaane maama, se ko pa á seene á ta‑á jege kolo maama á na lage to maŋa maama, ye á daa ta jege dedɛ se á ta‑á ma á ke wo-laaro á woli á dwonna. 9Wɛ tɔnɔ kom nam tage nɔɔno wom konto dwoŋi taane ko we:
“Wonto pɔɔre o wonnu
o pa yiniga tiina zɛɛra mo.
O nɔn-ŋonne dem wó taa wo o tei ne taa wuu.”
10Wɛ mo ye wolo na pae nɔɔno wo-dwa se o ba o du, ye o daare o pa‑o wodiu se o taa di. O daa ta wó zeini abam konto, se á wane á woli nɔɔna de keim-laaro dedɛ, ne á na wora á du wonnu dedɛ tei to. Konto mo á keim-laaro tem laam wó ba te gaale, nenɛɛne te ye nyɔɔre mo á na nɛ duum dem baŋa ne to. 11Wɛ wó pa se á jeŋa taa gara de wo-laaro maama, se á wane á woli nɔɔna maŋa maama. Konto maa wó pa nɔɔna dedɛ taa ke Wɛ lei, ba na jwoŋi abam pɛɛra yam debam tei ne to ŋwaane. 12Abam na jege Wɛ nɔɔna á woli tei to mo pae se ba nae kolo ba ya na gɛ to. Ko nam dae konto yerane, se ko ta wó pa nɔɔna dedɛ tiini ba taa ke Wɛ lei ko ja gaale. 13Abam wolim dem konto mo wó bere we á yɔɔre á tɔge Wɛ, ye ko pa se Wɛ na zula dedɛ, de nɔɔna bam na lɔre we, á seene á sɛ Yezu Krista kwor-ywoŋa kam, ne á na tage we á ye tei to. Wɛ ta wó na zula nɔɔna tei ne, de á na pɔɔre á wonnu á pa-ba, ye á daare á pa nɔɔna badwonna de tei to. 14Ba maa wó taa lwoori Wɛ abam ŋwaane, ye ba jege abam swono ba bochara ne, Wɛ na tiini o ke abam zaane to ŋwaane.
15Pa-na dé ke Wɛ lei, de o na woli debam maama de o zaane delo na ba jege dwoŋi to.",https://www.bible.com/bible/3661/2CO.9.KBG
2 KORINTI 10,"Pɔɔl na toŋe o pa Wɛ tei to
1-2Amo Pɔɔl tete laam lwoori abam se á ta‑á tɔge amo ni mo. Abam badwonna pae se amo ná wo abam tei ne, a yeini a ye wolo na zura a pa abam to mo. Ko daare amo ná tera abam tei ne, á pae se a keim chana mo de abam. Yezu Krista tu o tete tega ne mo ye o jege nɔɔna ŋwaŋa. Ko nam ye wonto ŋwaane mo a lwoori abam se á tɔge amo ni dem, se a ná tu abam tei, se a daa yé ke keim-chɛɛre de abam. Ko nam ná ye balo na boŋe we dé kikia tɔge nabiina boboŋa na ye tei to, a yei lanyerane we amo wó taa jege baare se a wane a bwɛ-ba. 3Kolo na ye chega to, dé seene dé ye nabiina mo, ye ko dae nabiina boboŋa mo dé ma dé chɔge kolo maama na dae Wɛ chega kam nyem to. 4Konto maa nye de dé lage dé ke jara mo, ye ko dae nabiina jara zela mo dé jega. Ko nam ye Wɛ dam mo dé jega, ye dé ma dé chɔge wonnu telo na fɔge te zege de dam to. Dé na chɔge wonnu telo to mo ye boboŋa yalo na bere we ya jege swa ye ya nam ye vwa to. 5Ko woli da, dé ta yaale berem delo maama na zaŋe se de che nabiina Wɛ chega kam wone to. Dé maa vere boboŋa yam konto maama dam, ye dé pae ya leiri ya tɔge Yezu Krista ni dem. 6Konto mo, abam ná tu á sɛ Yezu Krista ni dem á ti, debam laam wó wane dé ba dé waare balo maama ta na ba tɔge o ni dem to.
7Maane-na á nii ko na ye tei to. Abam wolo boboŋa ná bere we o ye Yezu Krista nyem, se konto tu ma o boboŋa yam o lɔre we, debam de ye Yezu nyem mo ne wonto tei. 8Ko nam ná ye chega we, amo tiini a bere a tete de Wɛ na pɛ debam dam delo to, amo nam ba kɔre chaveera de konto. Dé Teiru wom pɛ debam dam dem konto se dé taa mae dé fɔge abam mo, ye ko dae se dé ma chɔge abam. 9Amo ba lage se abam boŋe we, a popone a twanno tem mo se a ma fugi abam. 10Abam badaara tɛ we, wonnu telo amo na ke a twanno tem wone to mo chana á tei ne, ye te ta kwori te dana. Ko daare amo tete ná wora á tei ne, amo ye zurim yerane mo ye a ni taane dae kolokolo. 11Balo na yeini ba tɛ konto dwoŋi to jege se ba lɔre we, dé ná tera abam tei ne ye dé popone wonnu telo dé bere abam to maama ye bedwe mo dedaane dé na wó ke kolo ye dé wo á tei ne to.
12Ko ná ye balo na jege ba tete chega ba bere to, debam bá taa kɔre foone se dé bere dé tete we, dé dam yi banto na ye tei to na? Banto nam ye nɔn-jworru mo. Ba yeini ba mae ba tete boboŋa mo ba maa maŋe daane ba nii ba chega na ye tei to. 13Ko nam ná ye debam, dé bá sɛ se dé bere dé tete se ko gaale. Dé na bere dé tete tei to bá gaale Wɛ na pɛ debam chwoŋa se dé taa tɔge-ka tei to. Chwoŋa kam konto mo dé jege dé maa toŋe abam tei ne. 14Debam ya ná wo tu abam tei, dé ya bá wane se dé bere dé tete de abam. Debam nam na ye balo na lwoori yiga dé ba dé tɔɔle Yezu Krista kwor-ywoŋa kam dé bere abam to, dé na bere dé tete tei to nam wo gaale siseini delo Wɛ na pɛ debam to. 15Dé bá sɛ se dé bere dé tete de totoŋa yalo nɔɔna badaara na ke to, se konto ya mo wó gaale kolo na maŋe de debam to. Dé nam na jege teena abam ŋwaane tei to, ko ye se abam na jege wo-dedoa de Wɛ tei to mo fɔge ko ke dam, se ko pa totoŋa yalo dé na ke abam tetare ne to wane ya puli dedɛ, ye ya ta maŋe de totoŋa yalo Wɛ na pɛ debam to. 16Ko daa ta wó pa dé na chwoŋa dé tɔɔle Wɛ kwor-ywoŋa kam dé gaale abam na zoore jei selo ne to. Konto mo dé bá taa bere dé tete de totoŋa yalo na maŋe ya ke ye ya ye Wɛ tontoŋeno wodwoŋi nyem to. 17Wɛ tɔnɔ kom nam bere we, “Wolo ná boŋe se o taa mage o nyɔɔne, se o pa ko taa ye dé Teiru wom ŋwaane.” 18Kokuri, nɔɔno wolo ná bere o tete chega, ko dae we kotu seene o jege chega, se ko nam ye wolo dé Teiru wom na bere o chega to mo.",https://www.bible.com/bible/3661/2CO.10.KBG
2 KORINTI 11,"Pɔɔl tiini o toŋe ba ŋwaane
1Abam nam kwaane se á ja á bochara de amo na lage a ta jworim taane fenfee tei to. Abam nam maŋe á ja á bochara de amo konto mo. 2Amo di ka-zwe mo abam ŋwaane, ne Wɛ de na di ka-zwe o nɔɔna ŋwaane tei to. Amo lage se a ke abam Yezu Krista jeŋa ne mo ye kolokolo ta wo chɔge abam. Ko maa nye de abam ye bukɔ wolo amo na gwoni a ni se a kwei a pa nɔɔno wodwoŋi, ye nɔɔn-nɔɔno wo chɔge‑o to mo. 3Amo nam jege lwia mo de abam we, nɔɔna badaara wó soge á boboŋa se á daa yé ta‑á tɔge Yezu Krista de á bochara maama, nenɛɛne setaana pɛ wom déem na jigi basankwea ye ka ke swa ka gane Awa tei to. 4Kokuri, nɔɔno wodwoŋi ná tu abam tei, ye o bere abam Yezu wonnu telo na ba tɔge debam berem dem to, á yeini á sɛ mo mɔle mɔle. Á ma‑á yeini á sɛ á tɔge jworo kodwoŋi, ye ko dae kolo á na maŋe á jwoŋi debam tei ne to. Á daa ta sɛ kwora kadwoŋi, ka na dae kwor-ywoŋa kalo debam na bere abam to.
5Ko ná ye balo na pae ba ye Yezu totoŋa nakwa ye ba pa ba dwoi maama to, amo boŋe we, a wo muri banto yiga ne de fenfee de. 6Amo mo ware a ŋɔɔne pore-pore ne banto tei, ye yeino nam wo a tei ne. Maŋa maama dé maŋe dé pa á lɔre konto jaja woŋo maama baŋa ne.
7Amo na tu abam tei a tɔɔle Wɛ kwor-ywoŋa kam to, ko ye zɛɛra mo a toŋe a pa abam. Ko ye a ke a tusi mo na? Amo gwooni a tete se ko pa abam mo na yere. 8Amo déem na wora abam tei ne a toŋe konto to, a jwoŋi a ŋweero jei-gɛ mo Yezu nɔɔna bam tei ne, nenɛɛne a vere banto mo se a ma toŋe a pa abam tei. 9Amo ná yeini a ga woŋo maŋa kam a na wo á tei ne to, a ba yaare abam wolowolo. Ko nam ye dé nu-bia balo na nwoŋi Makedonia ba ba to mo jaane kolo maama a na lage to ba ba ba pa-ne. Amo déem na maŋe a ba yaare abam to, a daa ta bá yaare abam. 10Amo na seene a jege Yezu Krista chega tei to, a ná beeri a vo jei de jei Akaya ne, amo ta wó bere a tete we a toŋe zɛɛra mo, ye nɔɔn-nɔɔno bá wane o che amo teera yam konto. 11Amo nam na ke tei to, ko bere we a ba jege abam swono mo na? Wɛ nam yei ko na ye tei to.
12Amo ta wó taa toŋe zɛɛra, ne a na maŋe a ke tei to, se ko pa balo na lage ba bere we ba toŋe ne debam tei to daa yé na chwoŋa se ba bere ba tete konto. 13Banto nam na toŋe tei to ye ba gane nɔɔna mo. Ba maa pae se ba tete ye Yezu Krista totoŋa nakwa, ye ko maama ye vwa mo. 14Konto nam dae wo-kenkagele. Setaana pɛ tete wae o leiri o tete o bere we, o ye maleka kalo na nwoŋi Wɛ tei to. 15Konto ŋwaane, ko bá taa chana se setaana pɛ tontoŋena bam bere ba tete we, ba ye tontoŋena balo na tɔge Wɛ chega kam to. Ko kweelim jei ne mo banto wó na waarem se ko maŋe de ba kikia na ye tei to.
16Amo daa ta lwoori abam se á yé ta‑á boŋe we amo ye nɔn-jworo mo. Abam nam ná maŋe á boŋe we amo ye konto mo, se á kwaane á ja á bochara se a wane a na chwoŋa a bere a tete fenfee ne banto tei. 17Amo na lage a ŋɔɔne tei a bere a tete kamunim to, ko ba tɔge dé Teiru wom boboŋa, se ko nye de jworim mo. 18Nɔɔna dedɛ nam na yeini ba tɔge nabiina boboŋa ba ma bere ba tete to, amo de wó bere a tete konto dwoŋi mo. 19Abam yeini á sɛ balo na ye nɔn-jworru to de wopwolo, ye á nam pae ko ye swa mo á jega. 20Á yeini á ja á bochara de wolo maama na tu abam tei ye o jege fefeo to. Ko ta ná ye wolo na di nyɔɔre á baŋa ne to, naa wolo jeŋa na zo abam to, naa wolo na gwooni abam to, naa wolo na lɔge abam popɔŋɔ to, á yeini á sɛ kotu. 21Ko nam ná ye debam, dé kɔre foone se dé bɛɛse abam konto dwoŋi. Konto nam wó pa-ne chaveera na?
Nɔɔno nam ná wora ye o ba kɔre chaveera se o bere o tete de kolo maama to, amo de bá kɔre chaveera se a ke konto dwoŋi. (Ko nam ye a ŋɔɔne jworim mo.) 22Banto nam ná bere we ba ye Juu tiina mo, amo de nam ye konto mo. Banto ná bere we ba ye Isarele dwi tiina mo, amo de nam ye konto mo. Ba ná we ba kuri nwoŋi Abaraham dwi tiina wone mo, amo de nam ye konto mo. 23Banto ná bere we ba toŋe Yezu Krista totoŋa mo, amo nam tiini a dwoi-ba. (Amo na ŋɔɔne tei to nam nye de a yuu tera mo.) Amo na toŋe a pa Yezu tei to tiini ko chɛ a yera ne se ko dwoni banto. Ba jaane amo ba ke peena diga ne kuni dedɛ se ko dwoni banto. Ba daa ta ma fere amo dedɛ se ko dwoni banto. Amo dɛ toone tei kuni dedɛ se ko gaale. 24Kuni benu mo Juu tiina bam jaane amo ba fere fintɔ-nogo (39) de kaasa. 25Nɔɔna badaara de ma ja-ne kuni betɔ ba mage de da-lɔŋɔ. Maŋa kadwoŋi ne ba ma dole-ne de kandwa se ba go. Kuni betɔ mo a zo nabworo a tɔge naneo kom wo, ye ko ba ko chɔge ko maŋe na bam wone. Dɛ dedwe amo ma yɛ na bam baŋa ne tete de wea maama. 26Amo yeini a beeri mo maŋa maama. Amo na beeri konto to, wonnu dedɛ mo daane-ne, ko maa ye bwi na su se wɛɛle, de venverena mo daane-ne, ko woli de amo tete nɔɔna Juu tiina bam de dwi-gɛ tiina de daane-ne. Ko woli da, amo nɛ cham teene dem wone, de kagoa wone, de naneo kom wone, ko ta woli de nɔɔna balo na pae ba ye dé nu-bia ye ba dae to tei ne. 27Amo maa yeini a toŋa pa se ko chɛ a yera ne. Ko ma pae se a ba dɔ a sui. Kana de na-nyɔm maa jege-ne ye a peena. Waaro maa yeini te zoore-ne ye a ba jege gwaaro. 28Kolo nam na woli da to, amo na jege lwia a pae wɛ-di sem maama nɔɔna to mo tiini ko daane a boboŋa dɛ maama. 29Nɔɔno bochare ná bwona Wɛ chwoŋa tɔgem seeni, ko pae amo de tɔge a ye konto mo. Nɔɔno ná dɛ o dwoŋi ŋwaane o to tusim wone, ko pae a bane fuli mo.
30Ko nam ná ye fefeo se a bere a tete, amo jege se a taa jege teera de wonnu telo na bere we a bwona to. 31Baŋa Wɛ yei we amo ba fɔ vwa. Wonto maa ye dé Teiru Yezu Kwo, ye o maŋe se o taa jwoŋi teem taa wuu.
32Amo déem na wo Damasika teo kom wone to, gɔmena tu wolo na nii teo kom o pa Pɛ Areta to ma tiŋi nɔɔna teo kom ni dem ne, se ba yere amo ba ja ba pa‑o. 33Amo ma na chwoŋa a nwoŋi teo kom wone. Ko maa ye ba kwei-ne ba ke tetɔ-kamunu wone mo, ye ba lei ŋwana ko ni ne ba pa a tɔge takworo a nwoŋi a chu tega ne pa se a lu.",https://www.bible.com/bible/3661/2CO.11.KBG
2 KORINTI 12,"Wɛ na bere Pɔɔl wonnu telo to
1Ko fe-ne mo se a taa bere a tete. Ko nam ba jege nyɔɔre, ye a ta wó ta dé Teiru wom na veere wo-kenkagela yalo o bere-ne se a na to. 2Amo nam yei nɔɔno wodwoŋi déem na ye Yezu Krista nyem to. Bena fuga-yana mo tento, Wɛ na pɛ ba chaale‑o ba ja di wɛyuu kolo na daŋe da kuni betɔ to. Amo maa yeiri ko ye o yera tete mo naa o jworo mo. Wɛ nam mo yei ko na ye tei to. 3-4Amo nam yei we wonto seene o vo o yi Wɛ ywoni jei sem. Ko nam ná ye o yera tete mo naa o jworo mo, Wɛ mo yei. Ko nam ye dáane mo o nigi botare selo na ware se ŋɔɔne to, ye se wo maŋe se nabiinu ta de o ni to. 5Amo wó taa jege teera nɔɔno wom konto ŋwaane mo. A nam bá sɛ se a bere a tete, ko ná dae wonnu telo na bere we a bwona to yerane ŋwaane. 6Amo ya ná boŋe se a bere a tete, ko ya bá taa ye jworim mo ko pa-ne, a na wó yɔɔre a ta chega to ŋwaane. Amo nam bá sɛ a bere a tete konto. Amo ba lage se nɔɔn-nɔɔno boŋe kolo na dwoi amo ŋɔŋa de a totoŋa to o pa-ne.
7Wɛ le wo-kenkagela dedɛ o bere-ne se ko gaale, ye o nam ba lage se a tɔge te baŋa a bere a tete kamunim. Mo kokuri o pɛ se cham jege-ne ko daana, ne sabare na zɔge-ne tei to. Ko maa ye kolo setaana pɛ wom na tɔge ko ŋwaane o yaare-ne to. 8Kuni betɔ mo a lwoori dé Teiru wom se o le cham dem konto a tei ne o yage. 9O nam wo sɛ, ye o ta o we, “Amo zaane dem nam wó yi se ko maŋe de nmo. Nmo ná bwona, ko wó pa se amo dam dem tiini de taa jege kuri nmo tei ne.”
Mo kokuri amo wó taa jege teera de wonnu telo na bere we a bwona to. A maa wó taa jege wopwolo te ŋwaane, se ko pa Yezu Krista dam dem taa kwoli-ne. 10Konto ŋwaane mo, amo ná yeini a bwona, naa nɔɔna ná jege-ne ba twea, naa cham de bɛɛsem de lwia ná jege-ne, amo ta jege wopwolo konto baŋa ne Yezu Krista ŋwaane. Kokuri to, amo ná yeini a bwona maŋa kalo to, a nae dam lanyerane.
Pɔɔl na jege lwia o pa-ba tei to
11Amo na bere a tete tei to ye jworim mo, ye ko ye abam na chuchugi-ne to ŋwaane mo a ke konto. Abam ya mo jege se á bere amo chega kam. Ko ye chega mo we, amo dae kolokolo. Ko nam ná ye balo na pae ba ye Yezu totoŋa nakwa ye ba pa ba dwoi maama to, a wo muri banto yiga ne de fenfee de. 12Amo déem na wo abam tei ne to, á nɛ wo-kenkagela yalo na bere we, amo seene a ye Yezu totoŋa nakwe to. Amo na ke tei to, a vɔge a wo mo ye a ke wo-kamunnu telo na bere Wɛ dam to. 13Abam nam boŋe we a wo ke abam lanyerane se ko yi amo na ke tei de wɛ-di sem nɔɔna badwonna to na? Ko nam ye chega mo we, a wo daane abam se á pa-ne wolim. Konto ŋwaane mo amo wó ja á naga se á duri a ŋwaŋa na?
14Leile konto amo ti a yiga se a ba abam tei, se ko ke kuni betɔ mo. Amo nam daa ta bá daane abam se á pa-ne wolim. Ko nam dae á wonnu naa á sabu mo a laga, se ko ye á tete mo. Ko nam maŋe ko ye kwoa mo lage wonnu se ba tiŋi ba bia ŋwaane, se ko dae bia mo wó ke konto ba pa ba kwoa. Abam nam nye de a bia mo. 15Konto ŋwaane mo amo wó taa jege wopwolo se a kwei a wonnu maama a chɔge, ko woli de a tete yera, se ko pa Wɛ jwoŋi abam. Amo na tiini a swoi abam konto to, ko wó pa se abam na jege amo swono tei to ji fenfee na?
16Abam laam lɔre we, amo déem ba daane abam wolim ŋwaane. Nɔɔna badaara nam tɛ we, amo ke swa mo abam baŋa ne. 17Ko nam ná ye amo na toŋe nɔɔna balo maama abam tei ne to, a tɔge ba wolowolo ŋwaane a pini abam wonnu na? 18Ko ná ye Titusi, a déem kwoori‑o mo se o ba abam tei, ye a toŋe dé nu-bu wodwoŋi se o tɔge ded‑o. Titusi nam wo maŋe o pini abam kolokolo. Abam pae se Titusi de amo boboŋa dae bedwe mo na? Debam na tɔge chwoŋa tei to dae bedwe mo na?
19Abam boŋe we, ko ye abam yiga ne mo dé ŋɔɔne se dé jwoŋi dé tete na? Dé nam na me de Yezu Krista to, ko ye Wɛ yiga ne mo dé ŋɔɔna.
A badwoŋ-swonnu bam, dé na ke kolo maama to seene ko ye abam fɔgem ŋwaane mo. 20Amo nam jege lwia a pa abam mo we, a ná tu abam tei, abam bá ta‑á ke kolo amo na lage se á ta‑á tɔge á toŋe to. Ko maa wó pa se amo de ke kolo abam na bá ta‑á lage se a ke de abam to. Amo ta maa pae se a ga wó na we, á mage ni-kantɔgɔ mo daane, ye á jege puseŋa, de ban-zɔŋɔ, de fia. Á ga wó ta‑á done daane, ye á twe daane, ye á bae bebara á pa daane, ye á kwori á jege boremaa boremaa keim. 21Amo daa ta jege lwia a pa abam we, amo ná tua, amo Tu Wɛ wó pa se a daa na chaveera abam ŋwaane, abam dedɛ na wo leiri á wo de wo-zɔɔna yalo á na maŋe á ke to ŋwaane. Amo ná nɛ konto, ko wó pa se a wo chɔge dedɛ de á ta na ke wo-digiru kikia yalo maama na tɔge ka-laga seeni, ye á wo yage to.",https://www.bible.com/bible/3661/2CO.12.KBG
2 KORINTI 13,"Taana yadwonna
1Amo na lage a ba abam tei leile to, ko laam lage ko ke betɔ mo. Wɛ tɔnɔ kom nam bere we, “Nɔɔno ná lage se o saŋe o dwoŋi, ko jege se nɔɔna balei naa batɔ mo pu o kwaga.” 2Konto ŋwaane, amo daa ta lage a kaane abam balo déem na maŋe á tɔge tusim chwoŋa to, ko woli de abam maama, se á leiri á wo de á keim-balwaaro tem. Amo daama na wo abam tei ne to, a maŋe a kaane abam konto. Amo nam tera abam tei ne leile konto, ye a lage se a kaane abam nenɛɛne a wo á tei ne mo, se ko ke kuni belei. Konto ŋwaane, ta‑á yei-na we, amo ná jwoori a ba se a na abam, nɔɔno wolo maama daa ta na wo zage o kikia to bá lu. 3Konto mo abam wó lɔre we ko seene ko ye Yezu Krista kwora mo a jege a ŋɔɔna, ne abam na maŋe á lage se á lɔre tei to. Yezu na ke abam tei to ba bere we o bwona, se o dam mo wo abam tei ne. 4Ko nam ye chega we, o na jigi nabiinu ye o bwona to mo pɛ se o te dagara yuu ne. Ko daare o laam jege ŋwea Wɛ dam dem ŋwaane mo. Debam na me ded‑o to, debam de bwona mo. Dé nam ná tu abam tei ye dé toŋe tei to wó tɔge Wɛ dam dem ŋwaane, dé na me de Yezu ye dé ŋwe to ŋwaane.
5Abam nam jege se á maane á tete mo, se á daare á nii, á tɔge Wɛ de wo-dedoa na. Abam ná faŋe á tete konto, á bá lɔre we Yezu Krista wo á tei ne na? Naa ko ye abam faŋe á tete mo ye á ga? 6Amo nam boŋe se á lɔre we, debam mo wo faŋe dé tete dé ga. 7Dé yeini dé lwoori Wɛ dé pa abam se á yé ta‑á ke tusim kikia. Ko dae we dé lage se nɔɔna mo taa jege debam chega. Dé nam lage se á ta‑á ke kolo na lana to, de nɔɔna ná maŋe ba bere we debam mo toŋe dé ga de. 8Debam bá sɛ se dé ke kolo na wó chɔge Wɛ chega kam to. Dé nam wó taa ke kolo na wó fɔge-ka to mo. 9Abam ná jege Wɛ dam dem, ye debam ná maŋe de bwona, dé ta jege wopwolo mo. Dé nam wó taa lwoori Wɛ se o taa fɔge abam fase. 10Ko ye konto ŋwaane mo a popone wonnu tento a pa abam ye a tera á tei ne, se amo ná tu á tei, se a daa yé ke keim-chɛɛre abam baŋa ne de dam delo dé Teiru wom na pɛ-ne to. Dam dem konto ye se a ma a fɔge abam mo, se ko dae se a ma a chɔge abam.
11A nu-bia bam, Wɛ wó pa á jeini lanyerane. Kwaane á pa se Wɛ fɔge abam fase. Ke-na á boboŋa ne amo na kwoori abam tei to. Ta‑á jege-na boboŋe dedwe, se á daare á ta‑á jege bochare-zuru. Wɛ wolo na pae swono de bochare-zuru to wó taa wo abam tei ne.
12Á ná jeeri daane, se á ta‑á kukwori daane á pa Wɛ zula.
13Wɛ nɔɔna bam maama jɔɔne abam.
14Dé Teiru Yezu Krista zaane dem,
de Baŋa Wɛ swono kom
taa wo abam maama tei ne,
se o Sin-laao kom de pa á me daane lanyerane.",https://www.bible.com/bible/3661/2CO.13.KBG
GALATIA 1,"1Amo Pɔɔl wolo na ye Yezu Krista totoŋa nakwe to mo popone tɔnɔ konto. Ko dae nabiina mo toŋe-ne, ye ko dae nabiina ŋwaane mo Wɛ tiŋi-ne se a taa ye konto. Ko nam ye Yezu Krista tete mo kuri-ne, dedaane dé Kwo Wɛ wolo na bi‑o toone wone to.
2Dé nu-bia balo maama na wo amo tei ne to de jɔɔne abam balo na ye Yezu kɔgɔ kom wo nɔɔna ye á zoore Galatia wone to.
3Dé Kwo Wɛ, de dé Teiru Yezu Krista wó pa abam zaane de yazura.
4Yezu Krista nam mo dɛ dé Kwo Wɛ boboŋa na lage tei to maama, ye o sɛ se o te debam wɛleera ŋwaane, se o ma wane o vere debam leile logo baŋa wo-lwanno tem dam wone.
5Baŋa Wɛ maŋe de zula maŋa maama se ko taa vei wuu. Ameena.
Wɛ kwor-ywoŋa kam
6Abam na ke tei to nam mo pɛ se amo yera sɔɔre. Wɛ dɛ Yezu Krista zaane dem ŋwaane mo o kuri abam se á ta‑á ye o nyem, ye á laam zaŋe á ma á kwaga á ya wonto, se á daare á sɛ kwor-ywoŋa kadwoŋi. 7Ko na ye chega to, kwor-ywoŋa kadwoŋi maŋe ka tera. Nɔɔna badaara nam tu á tei ye ba pa á boboŋa vugimi de ba na kwaana se ba pipiri Yezu Krista kwor-ywoŋa kam tei to. 8Nɔɔno nam ná tu á tei ye o bere abam kwora kadwoŋi, ye ka dae kwor-ywoŋa kalo dé na maŋe dé bere abam to, se á yé sɛ konto tu. Ko ná maŋe ko ye debam tete wo nɔɔno dedoa, naa ko ná ye Wɛ telaao maleka, ye o ná bere abam kwor-ywoŋa kadwoŋi, Wɛ wó yaale konto tu o yiga ne. 9Amo nam ta wó jwoori a fɔge a ta, nenɛɛne debam na maŋe dé ta kolo de abam to. Nɔɔno ná tɔɔle kwora kadwoŋi o bere abam, ye ko dae kwor-ywoŋa kalo á na maŋe á sɛ to, Wɛ wó yaale konto tu o yiga ne.
10Amo na tɛ tei to wó pa se á lɔre we, a lage a na zula mo Wɛ tei ne, ye ko dae nabiina tei ne. Amo daa ta ba boŋe se a pa nabiina mo me de amo. A ya ná boŋe konto, a daa bá taa ye Yezu Krista kabaa.
Ko na ke tei ye Pɔɔl ji Yezu nɔɔno to
11A nu-bia bam, a lage se á lɔre we, kwor-ywoŋa kalo amo déem na tɔɔle a bere abam to wo tɔge nabiina dam ŋwaane. 12Ko dae nabiinu mo kwei-ka o pa-ne se a tɔɔle. Nɔɔn-nɔɔno nam wo kwei-ka o ma o zamese-ne. Yezu Krista tete mo le-ka o bere-ne.
13Abam maŋe á ni amo déem na tɔge chwoŋa kalo ye a sɛ Juu tiina chullu tem to. Amo déem tiini a bɛɛse Wɛ kɔgɔ kom maama. A ya kwaana se a chɔge-ba de ba dwi maama. 14Ko ná ye amo yuudwonna bam, a déem dwoi ba dedɛ de a na tɔge Juu tiina chullu tem tei to. Amo chɛ lanyerane de a na sɛ dé nabaara bam chwei sem tei to. 15De konto maama, Wɛ maŋe o kuri-ne faŋa faŋa mo ye ba ta wo loge-ne. O laam ma duri a ŋwaŋa ye o bwoŋi-ne se a taa tɔge‑o. 16Maŋa kalo o boboŋa na lage to mo o veere o Bu wom o bere-ne. O ma daare o pa-ne chwoŋa se a kwei wonto kwor-ywoŋa kam a vo a bere dwi-gɛ tiina. Maŋa kam konto ne a wo vei nɔɔn-nɔɔno tei se dé ŋɔɔne daane, se ko ye amo de Wɛ yerane mo. 17Amo daa ta wo vei Jerusalem se a na balo na maŋe ba ye Yezu totoŋa nakwa to. Amo nam na ke kolo to, a yɔɔre a vo Arabia seeni mo a wora. A daa ma jwoori a vo Damasika.
18Bena yatɔ na kɛ to, a laam ma zaŋe a vo Jerusalem se a na Piita se dé lɔre daane. A ma ke bakwa yalei o tei ne. 19Amo daa wo nɛ Yezu totoŋa nakwe wodwoŋi a woli da, se dé Teiru Yezu nyaane Jemsi yerane mo a nɛa.
20Amo na popone wonnu telo to maama ye chega mo. Wɛ yei amo wo. Ko nam dae vwa mo a fɔe.
21Ko kwaga ne a laam ma zaŋe a tole a vo Siria de Kilikia jei sem. 22Ko nam ná ye Yezu Krista tɔgena balo na tigisi daane Judea te-nia yam ne to, banto yi déem ta wo nɛ amo. 23Ba nam nigi nɔɔna badaara na tɛ amo taane ba we, “Nɔɔno wolo déem na bɛɛse debam to laam zage o kikia, ye o wora o tɔɔle Wɛ kwor-ywoŋa kam se o pa nɔɔna ba ba sɛ Yezu Krista. Ko nam ye Yezu chwoŋa kam konto mo o déem kwaana se o ya chɔge-ka.” 24Ba na nigi amo taane konto to, ko ma pa ba zuli Wɛ lanyerane.",https://www.bible.com/bible/3661/GAL.1.KBG
GALATIA 2,"Pɔɔl de Yezu totoŋa nakwa taane
1Bena fuga-yana na kɛ to, a ma jwoori a vo Jerusalem. A ma tɔge de Banabas a vo, ye a ja Titusi a woli da. 2Ko nam ye Wɛ mo bere-ne pa a vo dáane. A ma vo a na balo na ye nenɛɛne Yezu tɔgena yiga tiina to. A na nɛ-ba to, a ma pa debam yerane mo jeini dé ŋɔɔne daane, se a pa ba lɔre kwor-ywoŋa kalo amo na yeini a tɔɔle a bere dwi-gɛ tiina bam to. A ba lage se a déem na tɔge chwoŋa kalo to, de a na wo kalo wone leile to ji kafɛ.
3Titusi wolo na tɔge de amo o vo Jerusalem to maa ye Girisi tu. Ba nam wo fe‑o ba pa se o gwoni o peini, ne Juu tiina bam na ke tei to. 4Nɔɔna badaara nam wora ba na pae se ba ye Yezu tɔgena ye ba dae to. Nɔɔna bam konto ya ŋɔge mo ba zo Yezu kɔgɔ kom wo, se ba maane debam ba nii dé na jege dé tete ye dé me de Yezu Krista tei to. Ba nam lage se ba pa dé jwoori dé ji kabɛ mo Juu tiina chullu tem ŋwaane ye de maŋe dé le dé tete te wone. 5Dé nam wo pɛ ba na chwoŋa se ba ke konto dwoŋi de fenfee de, se ba yé wane ba chɔge chega kalo abam na maŋe á tɔge Wɛ kwor-ywoŋa kam ŋwaane á sɛ to.
6Amo déem na vei a ŋɔɔne de balo na ye nenɛɛne Yezu tɔgena yiga tiina to, ba wo tage-ne we, amo berem dem muri, naa de gɛ kolokolo se a woli da. Nɔɔna bam konto ná seene ba ye yiga tiina, naa ba ná dae, ko dae kolokolo amo tei ne. Wɛ nam ba kuri nɔɔna daane de ba na pae ba tete ye tei to. 7Banto nam nɛ we, Wɛ seene o tiŋi-ne se a kwei o kwor-ywoŋa kam a ja vo a bere dwi-gɛ tiina, se ko maŋe de o na ke-ka Piita jeŋa ne se o ma bere Juu tiina tei to. 8Piita maa ye Yezu totoŋa nakwe se o vo o woli Juu tiina bam. Amo de maa ye o tontoŋeno se a vo a woli dwi-gɛ tiina. Ko maama nam ye Wɛ dam ŋwaane mo. 9Jemsi, de Piita, de Jɔn balo na ye nenɛɛne Yezu tɔgena dedɛɛra to ma lɔre we, ko ye Wɛ mo pɛ-ne zaane se a taa toŋe totoŋe dem konto. Konto ŋwaane ba ma sɛ amo de Banabas dedaane dé na toŋe de-ba tei to, ye ba ja dé jea. Debam maama ma sɛ we, amo de Banabas jege se dé vo dwi-gɛ tiina jei sem ne mo dé bere-ba Wɛ kwor-ywoŋa kam. Banto de maa wó vo ba tɔɔle-ka Juu tiina jei sem ne. 10Woŋo kodwoŋi yerane ŋwaane mo ba lwoori debam se dé yé swei ko ni ne. Ko ye se dé kwaane dé woli yiniga tiina balo na wo ba kɔgɔ kom wone to. Amo ya maŋe a lage se a ke konto dwoŋi mo.
Chullu tɔgem taane
11Ko daare maŋa kalo Piita na tu Antioka ye a na‑o to, a laam ma bwɛ‑o nɔɔna yiga ne se a bere‑o we, o daa ba tɔge chega chwoŋa. 12O na bobo o yi Antioka to, o yeini o jeini de dwi-gɛ tiina balo na sɛ Yezu to o di ba wodiu. Ko daare nɔɔna badwonna Jemsi na toŋe to laam ma ba dáane. Banto na yi to, Piita ma pipiri o boboŋa ye o ve se o taa tɔge o di wodiu dwi-gɛ tiina tei ne. O pɔɔre o tete konto, kolo ŋwaane o kɔre balo na bere we, wolo maama na tɔge Wɛ chwoŋa to jege se o gwoni o peini, ye o tɔge Juu tiina chullu tem na ye tei to. 13Juu tiina balo na tu ba sɛ Yezu to badaara de tɔge ba jege ni-zɛ ni-zɛ, nenɛɛne Piita na ye tei to. Ko laam ma pa se Banabas de sɛ ba kikia yam, ye o kɔre se o tɔge chwoŋa chekke. 14Konto mo a nɛ we, ba daa ba tɔge chega kalo Wɛ kwor-ywoŋa kam na bere to. A laam ma zege ba maama yiga ne ye a ta de Piita a we, “Nmo ye Juu tu mo. N kikia nam tɔge dwi-gɛ tiina chwei mo, ne n dae Juu tu mo tei. Bɛ mo ye n laam boŋe se n fe dwi-gɛ tiina bam se ba taa sɛ Juu tiina chullu tem?”
15Ko ye chega mo, ba loge debam Juu tiina dwi wone mo, ye dé dae dwi-gɛ tiina balo na yeiri Wɛ nia yam to. 16De konto de, dé laam tu dé lɔre we, nɔɔno wó na chega Wɛ tei ne mo de o na ke o wo-dedoa de Yezu Krista to, se ko dae o kikia na tɔge Wɛ ni-kaana yam to ŋwaane. Konto to, dé tu dé ke dé wo-dedoa dé sɛ Yezu Krista, se ko pa dé na chega Wɛ tei ne. Dé daa ba nia Wɛ nia yam tɔgem kikia na ye tei to, kolo ŋwaane dé yei we, nɔɔn-nɔɔno bá wane o na chega Wɛ tei ne o kikia na tɔge o ni-kaana yam tei to ŋwaane.
17Debam balo na me de Yezu Krista to jege teena we, dé wó na chega Wɛ tei ne. Debam nam ná tu dé ji nɔn-chechɔgero Wɛ ni-kaana yam seeni, konto wó bere we Yezu tete mo gane debam se dé tusi mo na? Konto bere ko bá taa ye chega. 18Wolo nam ná pipiri o jwoori o sɛ Juu tiina chullu tem, o na maŋe o yage te tɔgem te na bá wane te pa o na chega Wɛ tei ne to ŋwaane, konto tu seene o ye wolo na tusi Wɛ chwoŋa ne to mo. 19Amo nam tɔge Wɛ ni-kaana yam ŋwaane a le a tete ya dam kuri ne. Ko nye de a tega mo Wɛ ni-kaana yam seeni, se a wane a na ŋwea Wɛ tei ne. 20Ba déem na page Yezu Krista dagara yuu ne pa se o te wɛɛne to, ko nye de amo tɔge ded‑o mo a te. Amo tete daa ba jege ŋwea, ye Yezu Krista nam mo wo a bochare ne o ŋwe. Amo na jege ŋwea logo baŋa ne tei to, ko ye amo na ke a wo-dedoa a sɛ Wɛ Bu Yezu to ŋwaane mo. Wonto jege amo swono, ye o sɛ se o te se o wane o jwoŋi a ŋwea o yage. 21Amo bá sɛ se a ve Wɛ zaane dem o na pɛ-ne to. Nɔɔno nam ná wane o na chega Wɛ tei ne de o na tɔge o ni-kaana yam tei to, ko ya wó bere we Yezu Krista toone dem ye kafɛ mo.",https://www.bible.com/bible/3661/GAL.2.KBG
GALATIA 3,"Dé na wó na chega Wɛ tei ne tei to
1Abam Galatia tiina boboŋa tera á yuu ne. Bera mo tulimi abam pa se á swa daa tera? Ba déem tɔɔle ba bere abam jaja ko na ke tei ye Yezu Krista te dagara kam yuu ne to. 2Amo lage se a bwei abam woŋo kodwoŋi yerane mo a nii: Abam déem na sɛ Wɛ Sin-laao kom se ko taa wo á tei ne to, bɛ mo pɛ ko ke? Ko ye abam kikia na tɔge Wɛ ni-kaana yam to ŋwaane mo na? Aawo. Ko ye á na sɛ o kwor-ywoŋa kam á na nigi to ŋwaane mo. 3Bɛ mo ye á boboŋa jei konto? Abam na bobo se á tɔge Yezu to, á dɛ Wɛ Sin-laao kom dam ŋwaane mo á tɔge‑o. Á laam boŋe se á pipiri á da á tete dam ŋwaane mo se á vo á ti na? 4Wonnu telo maama na yi abam to wó ji kafɛ mo á tei ne na? Aawo. Te bá wane te ji kafɛ! 5Wɛ nam woli abam de o Sin-laao kom, ye o daare o ma o dam o ke wo-kenkagela á tei ne. O na ke konto to, ko ye á kikia na tɔge o nia yam to ŋwaane mo na? Aawo. Ko nam ye á na sɛ o kwor-ywoŋa kam á na nigi to ŋwaane mo.
6Ko ná ye Abaraham, ko popone Wɛ tɔnɔ kom ne ko we, Wonto ke o wo-dedoa de Baŋa Wɛ, ye konto ŋwaane mo Wɛ pɛ o na chega. 7Konto wó pa á lɔre we, Abaraham dwi tiina chekke ye balo na ke ba wo-dedoa de Wɛ to mo. 8Faŋa faŋa to ba maŋe ba popone Wɛ tɔnɔ kom ne we, Wɛ wó pa dwi-gɛ tiina de na chega o tei ne, ba na ke ba wo-dedoa ded‑o to ŋwaane. Mo kokuri Wɛ ma pa Abaraham wuuri o lɔre o kwor-ywoŋa kam na wó taa ye tei to. O ma ta ded‑o o we, “Amo wó da nmo baŋa ne mo a swɛ logo baŋa dwi maama swolim.” 9Konto to, balo maama de na ke ba wo-dedoa de Wɛ, ne Abaraham déem na jege wo-dedoa tei to mo wó jwoŋi swolim Wɛ tei ne.
10Ko nam ná ye balo na tiini ba jege boboŋa we, ba wó na chega Wɛ ni-kaana yam tɔgem ŋwaane to, Wɛ sɔla ta wó taa wo ba baŋa ne mo. Ko popone Wɛ tɔnɔ kom ne ko we, “Wolo maama ná wo sɛ se o toŋe o tɔge kolo maama na popone ko ke Wɛ nia tɔnɔ kom wone to, Wɛ wó sɔɔle lwarem o yage kotu baŋa ne.”
11Dé nam yei lanyerane we, nɔɔn-nɔɔno bá na chega Wɛ tei ne de o ná tɔge o nia yam yerane. Ko nam popone we, “Wolo na jege chega Wɛ tei ne to wó na ŋwea o wo-dedoa kam ŋwaane.” 12Wɛ ni-kaana yam nam ba tɔge wo-dedoa keim na ye tei to. Ya nam tɔge nɔɔno kikia na ye tei to mo, ne ko na popone we, “Wolo kikia na yɔɔre ya tɔge Wɛ ni-kaana yam to wó na ŋwea ya baŋa ne.”
13Dé ya lage dé na chɔgem, dé kikia na wo tɔge Wɛ ni-kaana yam maama to ŋwaane. Yezu Krista nam tege dagara kam yuu ne mo o ma ŋwe de wɛleera jene, ye o le debam chɔgem dem konto wone. Wɛ ma pa se Yezu leiri debam yuu ne, ye o na chɔgem delo na maŋe de debam to. Ko ye nenɛɛne ko na popone we, “Wolo maama ba ná leigi daa yuu ne ba go, Wɛ sɔɔle lwarem mo o yage kotu yuu ne.” 14Yezu Krista déem sɛ se o na chɔgem dem konto, se ko wane ko pa dwi-gɛ tiina de na chwoŋa se ba na Wɛ swolim o ŋwaane, ne Abaraham na nɛ Wɛ swolim tei to. Konto ŋwaane, debam wó wane dé jwoŋi Wɛ Sin-laao kom, ne Wɛ na pwooli se o pa debam tei to, dé na ke dé wo-dedoa dé sɛ‑o to ŋwaane.
Wɛ ni-kaana yam kuri na ye tei to
15A nu-bia bam, a lage a ma logo baŋa chega mo a ma bere abam Wɛ chega kam na ye tei to. Nɔɔna balei ná ke ni-sɛɛm, ye ba ná gwoni ni ba pa daane, nɔɔn-nɔɔno daa bá wane o chɔge ba ni dem konto, naa o ke woŋo kodwoŋi o daa woli da. 16Wɛ déem pwooli se o zeini Abaraham de wo-laaro, se o daare o zeini o dwi dem de. Ko na popone Wɛ tɔn-dwoŋo kom ne tei to, ko wo popone we, “o dwi tiina.” Ko nam popone we, “o dwi dem” mo. Konto ba bere we nɔɔna dedɛ taane mo ba ŋɔɔna. Ko nam ye nɔɔno dedoa taane mo, ye dwi tu wom konto ye Yezu Krista mo. 17Wɛ déem gwoni ni de Abaraham ye o pwooli kampwola de ŋwaane. Konto kwaga ne, bena bia yana de fintɔ (430) laam na kɛ to, o daa ma kwei o ni-kaana yam o pa Juu tiina. Amo na lage se á lɔre kolo to mo ye we, Wɛ ni-kaana yam konto ware ya chɔge ni-gwonim delo o ya na maŋe o pa Abaraham to. Ya ta maa ware ya pa o kampwola kam ji kafɛ. 18Wɛ nɔɔna bam ya ná wae ba jwoŋi o wo-laaro tem o ni-kaana yam ŋwaane, ko ya daa bá taa ye o kampwola kam ŋwaane. Dé nam yei we, Wɛ déem zeini Abaraham o kampwola kam ŋwaane mo.
19Ko na ye konto to, bɛŋwaane mo Wɛ kwei o ni-kaana yam o ke o nɔɔna jeŋa ne? O kwei-ya o woli de o kampwola kam se ya wane ya pa dé lɔre tusim na ye tei to mo. Ya déem jege se ya taa wora se ko vo ko yi maŋa kam Abaraham dwi tu wom na wó ba logo baŋa to mo. Wonto maa ye wolo Wɛ na tiŋi o ni dem o ŋwaane to. Wɛ déem tɔge o malese jeŋa mo o kwei o nia yam o pa o nɔɔna bam, ye yiŋinu mo wora ba tetare laŋa ne. 20Yiŋinu maŋe se o taa wora nɔɔna balei laŋa ne mo. Wɛ nam na ye ŋo dedoa to mo pa se o tete gwoni o ni de Abaraham ye yiŋinu tera.
21Konto maama nam bere we Wɛ ni-kaana yam de o kampwola kam ware ya maŋe daane mo na? Aawo, ko bá ye konto. Ni-kaane tera de na wó wane de pa nɔɔna na ŋwea Wɛ tei ne. Ni-kaane konto dwoŋi ya ná wora, dé ya wó wane dé tɔge de baŋa ne dé na chega Wɛ tei ne. 22Wɛ tɔnɔ kom nam bere debam we, nabiina maama wo wɛleera dam kuri ne mo, ye ba daa ba jege chwoŋa se ba tɔge da ba ma jwoŋi ba tete. Konto to, ko ye balo na ke ba wo-dedoa ba sɛ Yezu Krista to mo wó jwoŋi wo-laaro telo Wɛ na pwooli se o pa-ba to, Yezu na jege ba chega to ŋwaane.
23Ko daare maŋa kam Wɛ ta na wo pore chwoŋa se dé ke dé wo-dedoa dé sɛ Yezu to mo Wɛ ni-kaana yam cheiŋi debam, ye dé laam ba dé lɔre wo-dedoa chwoŋa kam na ye tei to. 24Konto mo Wɛ ni-kaana yam déem jege debam ya kwɛa, se ko vo ko yi maŋa kam dé na lɔre Yezu Krista to, se dé laam na chega Wɛ tei ne dé wo-dedoa kam ŋwaane. 25Wɛ laam na pore chwoŋa se dé ke dé wo-dedoa de Yezu to, woŋo daa tera ko na wó taa tei debam.
26Abam na me de Yezu Krista to, á maama ye Wɛ bia, á na jege wo-dedoa ded‑o to ŋwaane. 27Abam wolo maama na jwoŋi sɛɛm pa se o me de Yezu Krista to laam nye de Yezu tete mo. 28Konto to, popɔra tera Juu tu de dwi-gɛ tu laŋa ne. Popɔra ta tera kabaa de wolo na tei o tete to laŋa ne. Ko ná ye baaro naa kaane de, popɔra ta tera. Abam na me de Yezu Krista to, á maama ye ŋo dedoa mo. 29Abam na ye Yezu nyem to, ko pa se á tɔge á ye Abaraham dwi tiina mo. Á maa wó jwoŋi wo-laaro, nenɛɛne Wɛ déem na pwooli kampwola de Abaraham tei to.",https://www.bible.com/bible/3661/GAL.3.KBG
GALATIA 4,"1Ko nye de bu wolo na wó ba o jwoŋi o kwo sɔŋɔ o taa tei to mo. Wonto ta ná ye nɔn-doŋo, ba maa yeini ba ke‑o ne kabaa mo tei, ye ba nam yei we wonto mo wó ba o taa tei o kwo wonnu maama. 2O na ye nɔn-doŋo konto to, nɔɔna mo wora ba na nii o wonnu baŋa ne ba pa‑o, se ko taa vei maŋa kam o kwo na kuri se o taa tei o wonnu tem to. 3Ko ye bedwe mo de debam de. Dé boboŋa déem ta na wo kweere se dé lɔre Wɛ chega kam na ye tei to, logo baŋa wo-yɔɔro mo tei debam ne dé ye kabɛ mo tei. 4Ko daare maŋa kam dé Kwo Wɛ na kuri to na seene ka yi to mo o déem toŋe o tete Bu se o ba logo baŋa. O na tu to, ko ye kaane mo loge‑o, ye o sɛ o tɔge Wɛ nia yam, 5se o wane o jwoŋi balo bam ni-kaana yam na tei to. O ma ŋwe dé wɛleera jene se ko pa dé wane dé ji Wɛ bia. 6Dé na seene dé ye Wɛ bia to, o ma toŋe o Bu wom Jworo kom se ko ba ko taa wo dé bochara ne, ye ko pae dé bwoi Wɛ we, “Dé Kwo, Baba.” 7Konto maa bere we, dé daa dae kabɛ, se dé laam ye Wɛ sɔŋɔ bia mo. Dé nam na ye Wɛ bia konto to, Wɛ wó pa dé jwoŋi o wo-laaro tem maama dé taa tei.
Pɔɔl jege lwia Galatia tiina ŋwaane
8Faŋa faŋa to abam déem ya yeiri Wɛ, pa se logo baŋa wo-yɔɔro tei abam ne á ye kabɛ mo tei. Wo-yɔɔro tem konto pae se te ye wa mo ye te dae kolokolo. 9Ko daare leile konto mo abam laam tu á lɔre Wɛ. Ko na ye chega to, Wɛ mo pɛ abam chwoŋa se á lɔre‑o. Ko na ye konto to, bɛ mo ye á laam boŋe se á daa jwoori á ta‑á zuli logo baŋa wo-yɔɔro telo na ba jege dam ye te ye yiniga yerane to? Bɛŋwaane mo á lage se á jwoori á ba á ta‑á ye te kabɛ? 10Abam yeini á wae á kuri da yadwonna se á ta‑á zuli-ya, ko woli de chane sedwonna, de bena yadwonna de. 11Amo jege lwia mo a pae abam. Dɛ delo amo totoŋa yam maama a na toŋe a pa abam to wó ji kafɛ mo.
12A nu-bia bam, a lwoori abam se á ta‑á lwoni-ne de a na tɔge Wɛ tei to. Kokuri amo déem jigi ne á na ye tei to mo. Amo déem na wo abam tei ne to, á wo ke kolokolo á ma á chɔge a yiga. 13Á wó wane á guli we, amo na bobo a ba abam tei ye a tɔɔle Wɛ kwor-ywoŋa kam a bere abam to, ko ye jaweo mo jege-ne ye a ke konto. 14De konto de, a jaweo kom na tiini ko daane abam tei to, á wo sɛ se á yaale-ne. Abam nam ke-ne lanyerane, ne a ye Wɛ maleka mo tei. Ko maa nye de á na wó zuli Yezu Krista tete tei to. 15Abam déem jege wopwolo de amo. Amo yei lanyerane we, á ya ná wae á yera, á ya wó fɔ á pa-ne, ne ko ya ná wó wane ko woli-ne. Bɛ nam mo kea ye á wopwolo kom chɔge? 16Amo na pɛ se á lɔre chega kam to ŋwaane mo pɛ se a ji abam dono na?
17Ko nam ná ye nɔɔna balo na pipiri Wɛ chega kam ye amo maŋe a ta ba taane to, banto kwaane ba ke abam lanyerane mo se á boboŋa tɔge-ba, ye ba nam ba boŋe se ba zeini abam. Ba lage se ba chɔge amo de abam mo daane, se á daare á ta‑á ke banto lanyerane. 18Nɔɔno ná ke o dwonna lanyerane, ye o ná seene o boŋe se o woli-ba, konto lana. Ko seene ko lana maŋa maama mo, ye ko ba jege se ko taa ye maŋa kalo yerane amo na wó taa wo abam tei ne to.
19A bia bam, amo toŋe abam ŋwaane pa se ko chɛ a yera ne, ne kaane na virigi puga tei to mo. Amo wó taa jege lwia konto a pa abam, se ko vo ko yi maŋa kam á na wó ta‑á jege Yezu Krista kikia á ŋwea ne to. 20Amo tiini a lage se a taa wo abam tei ne mo leile konto. Dé ya ná wae dé na daane, dé ya wó wane dé ŋɔɔne daane se dé ke ni dedwe. Ko nam na ye tei to, a yeiri a na wó ke tei se a zeini abam.
Hagara de Sara taane
21Abam balo na boŋe se á kwei á tete á pa Wɛ ni-kaana yam to daa ta wo lɔre Wɛ nia tɔnɔ kom na bere tei to. 22Wɛ tɔnɔ kom bere debam we, dé nabaaro Abaraham déem jege bia balei. Kaane wodwoŋi na ye kabaa o sɔŋɔ ne to mo loge bakeira dedoa o pa‑o. Ko daare o tete kaane wom de ma lo bakeira o woli da. O tete nenɔŋa kaane wom yere mo Sara, ko daare kabaa kam yere mo Hagara. 23Bakeira kalo kabaa kam na loge to lora tɔge nabiina chwoŋa na ye tei to mo. Ko daare bakeira kalo o nenɔŋa kaane wom na loge to lora nam tɔge Wɛ kampwola kam ŋwaane mo. 24Ko maa ye memaŋe mo de kaana bam konto, se ko bere debam chwei selei tɔgem na ye tei to. Kaana balei bam ta bere debam Wɛ na gwoni ni de o nɔɔna kuni belei tei to mo. Hagara mo bere ni-gwonim delo Wɛ na ke o pa Juu tiina bam Sinayi peo kom yuu ne to. Balo na tɔge ni-gwonim dem konto nye de kabɛ mo, ne Hagara de o bia na ye kabɛ tei. 25Sinayi peo kom wo Arabia ne mo, ye jei sem konto ye Hagara de o bia bam nyem. Juu tiina de nam tɔge ni-gwonim delo Wɛ na ke dáane to mo. Konto to, Jerusalem na wora zem to de ko nɔn-bia bam maama de ye kabɛ mo, de Wɛ ni-kaana yam na tei-ba to. 26Ko nam ná ye Wɛ teo Jerusalem kom chekke, konto ye teo kolo debam na ye ko nɔn-bia to mo. Ko maa nye de debam nu wolo na loge debam ye dé dae kabɛ, ne Sara déem na loge bu ye o dae kabaa tei to. 27Ko popone Wɛ tɔnɔ kom ne we:
“Nmo wolo na ye kadega
ye n ta wo jaane puga n lo bu to,
bage n yage de wopwolo,
nmo na wó di ywoni to ŋwaane.
Kokuri kaane wolo baro ya na yage‑o to
laam wó ba o taa jege bia,
se ko dwoni kaane wolo de o baro ta na wo daane to.”
28A nu-bia bam, ko ná ye abam, á laam jigi Wɛ tete sɔŋɔ kom bia o kampwola kam ŋwaane mo, nenɛɛne Sara bu Izaak lora kam na tɔge tei to. 29Faŋa faŋa to Abaraham bu wolo lora na tɔge nabiina chwoŋa to mo bɛɛse o bu wolo lora na tɔge Wɛ Sin-laao kom chwoŋa to. Wɛ tete bia bam ta nae bɛɛsem konto dwoŋi de zem maama. 30Wɛ tɔnɔ kom nam bere debam we, “Zeili kaane wolo na ye kabaa to de o bu-baaro wom se ba viiri. Kolo ŋwaane kaane wonto bu wom bá tɔge de n tete nenɔŋa kaane bu wom o pɔɔre nmo wonnu tem o taa tei.”
31A nu-bia bam, dé na ye Wɛ bia tei to mo bere we dé nye de Abaraham tete nenɔŋa kaane wom bia ye dé tei de tete, se dé yé taa nye de kabaa kam bia.",https://www.bible.com/bible/3661/GAL.4.KBG
GALATIA 5,"Dé na wó taa tei dé tete tei to
1Yezu Krista na jwoŋi debam o yage to, ko ye se dé taa tei dé tete mo. Konto ŋwaane, á fɔge á che á tete se á daa yé sɛ á tɔge chwoŋa kalo na wó pa á jwoori á ji kabɛ.
2Nam cheigi-na amo Pɔɔl na lage a ta kolo de abam to. Á ná kwei á tete á pa Juu tiina chullu tem ye á tɔge ba na gwoni ba peina tei to, á daa ba jege nyɔɔre Yezu Krista tei ne. 3Amo lage a ta a bere abam jaja we, abam wolo maama ná sɛ se ba gwoni o peini, konto tu jege se o sɛ Wɛ nia yam maama se o daare o taa toŋe o tɔge-ya. 4Abam balo na boŋe se á na chega Wɛ tei ne o nia yam tɔgem ŋwaane to yiga nam le mo de Yezu Krista, ye o zaane dem daa tere á tei ne.
5Ko daare Wɛ Sin-laao kom nam wo debam balo na ke dé wo-dedoa dé sɛ Yezu to tei ne, ye dé jege teena lanyerane we, dé wó na chega Wɛ tei ne. 6Dé na me de Yezu Krista to, dé ná gwoni dé peina, naa ya ná wo gwoni, ko dae kolokolo. Woŋo kolo nam na ye wo-chɛɔ to mo ye se dé taa jege wo-dedoa de Yezu, se ko pa dé taa tɔge da-swono kikia lanyerane.
7Abam déem yɔɔre á tɔge Wɛ chwoŋa lanyerane. Wɔ nam mo chege á chwoŋa se á daa yé ta‑á tɔge chega kam? 8Ko bere ko bá taa ye Wɛ mo chege abam konto. Wonto nam mo bwoŋi abam se á ta‑á tɔge‑o. 9Ko nye ne dé na yeini dé tɛ dé we, “Sabɔle fenfee ná wora bworobworo mun-lɛɛre wone, ko wó pa de maama fole mo.” 10Debam maama na me de dé Teiru Yezu Krista to, a yei we dé wó taa jege boboŋa bedwe. Wolo wom na jege abam boboŋa o chɔge to nam jege se o na chɔgem de o keim-lɔŋɔ kom, o na maŋe o ye tei de.
11A nu-bia bam, amo ba bere we, nɔɔno ná tɔge Wɛ, o jege se o gwoni o peini. Amo ya ná bere konto dwoŋi, nɔɔna bá bɛɛse-ne de a berem dem, kolo ŋwaane amo na bere Yezu toone dem dagara kam yuu ne tei to ya bá taa ye ta-balɔrɔ nɔɔna tei ne. 12Amo nam na boŋe tei to, ko ya lana se balo na jege abam ba daana to tiini ba gwoni ba tete yera, ye ko dae ba peina gwonim yerane.
Wɛ Sin-laao kom na zeini debam tei to
13A nu-bia bam, Wɛ na bwoŋi abam se á ta‑á tɔge‑o to, ko ye se á laam ta‑á tei á tete mo. Á na seene á tei á tete konto to, á nam yé pa se á kikia taa tɔge wo-zɔɔna yalo maama á fera na zo to. Nam ta‑á yei-na se á ta‑á tɔge swono chwoŋa se á ta‑á ma woli daane. 14Kokuri Wɛ nia yam maama bere woŋo dedoa mo we, nɔɔno maama jege se o taa swoi o dwoŋi se ko maŋe de o na swoi o tete tei to. 15Abam nam ná yeini á ke daane ne vara mo chiŋi ye ba done daane tei to, á ta‑á yei se á wó ba á chɔge á tete de á dwi maama.
16Nam cheigi-na kolo kom a na lage a ta to. Pa-na se Wɛ Sin-laao kom taa cho abam Wɛ chwoŋa wone, se á yé ta‑á sɛ á tɔge wo-zɔɔna yalo á fera na zoore to. 17Kolo ŋwaane debam nabiina boboŋa na lage kolo to ba jege fera ko pa Wɛ Sin-laao kom. Wɛ Sin-laao kom de fera na zoore kolo to de nam ba jege fera debam boboŋa wone. Ko maa bere we wonnu tem konto telei boboŋa ware ya maŋe daane. Ko ma pa se dé daa ware dé boboŋa wonnu dé ke. 18Wɛ Sin-laao kom nam ná cho abam, Wɛ ni-kaana yam daa ba jege se ya taa tei abam.
19Ko ná ye kikia yalo nabiina boboŋa na lage to, yanto wae ya lɔre jaja. Ya tɔge wo-zɔɔna keim de wo-digiru kikia yalo maama na tɔge ka-laga chwoŋa to mo. 20Ya ta tɔge jwona kaanem de liri kikia. Ya pae se nɔɔna chuli daane ye ba jaane daane. Ya maa pa-ba puseŋa, de ban-zɔŋɔ, ye ba lage kamunim ba pa ba tete. Ya maa pae se nɔɔna pɔɔre daane yera yera. 21Ya daa ta pae se nɔɔna wo gweena de ba dwonna, ba daare ba ye sa-nyɔra, ye ba ke poweeni de. Ya maa daare ya pae se ba ke wo-yɔɔro tedaara konto dwoŋi. Amo nam ta wó fɔge a kaane abam a woli da we, abam balo na yeini á ke wonnu tento dwoŋi to bá tɔge á na jeiŋa jei Wɛ paare dem wone.
22Ko daare Wɛ Sin-laao kom na pae se nɔɔna ye tei to, konto pae se nɔɔna jege swono mo, de wopwolo, de bochare-zuru, de ban-peno, de da-zula, de ka zeini daane, de wo-dedoa keim, 23de ka-taa-nege-daane, de ka-ja-n-tete. Ni-kaane nam tera de na vae keim-laaro tento dwoŋi. 24Ko ná ye debam balo na ye Yezu Krista nyem to, dé maŋe dé pa se dé tete boboŋa daa ba tei debam, se dé daa yé taa tɔge wo-zɔɔna yalo dé fera na zoore to. 25Wɛ Sin-laao kom na pɛ dé na ŋwe-doŋa to, dé pa-na se ko taa cho debam dé ŋwea wone. 26Dé nam yé bere dé tete de dé dwonna, se dé yé lwɛ-ba, naa dé ke-ba puseŋa.",https://www.bible.com/bible/3661/GAL.5.KBG
GALATIA 6,"Dé na jege se dé taa zeini daane tei to
1A nu-bia bam, á ná lɔre we nɔɔno ke keim o tusi, abam balo na jege Wɛ Sin-laao kom dam to wó pa se o jwoori o tɔge chwoŋa, ye á ta zuri á yera se á ta‑á nege‑o. Á nam ta‑á yei á tete, se ko yé wane ko soge abam se á de tɔge á tusi. 2Ta‑á woli-na daane se á ta‑á yaara á pa daane. Á ná yeini á ke konto dwoŋi, á wó ta‑á tɔge Yezu Krista ni dem o na bere to.
3Abam wolo ná bere o tete kamunni ye o dae kolokolo, konto tu gane o tete mo. 4Nɔɔno maama jege se o taa nii o tete kikia na ye tei to mo. Konto tu nam ná nɛ we o kikia yam lana, o laam wó wane o taa jege teera de o tete na ke kolo to, ko dae se o kwei o maŋe de o dwoŋi kikia na ye tei to. 5Kokuri nɔɔno maama jege se o kikia taa tɔge o tete na ye tei to mo.
6Nɔɔno wolo ba na zamese‑o Wɛ taane to jege se o pɔɔre wo-laaro telo o na tu o na to o pa o berem tu wom mo.
7Á yé gane á tete, se nɔɔn-nɔɔno bá wane o kwoli o na ke kolo to Wɛ yiga ne. Nɔɔno kikia na wó pa o na nyɔɔre delo to nye de valo na dugi o kara, ye o jege se o jwoori o ba o zage wonnu telo dwi o na dugi to mo. 8Nɔɔno nam ná tɔge kikia yalo o tete boboŋa na lage to yerane, o nyɔɔre mo wó taa ye toone na wó chɔge‑o to. Ko daare nɔɔno nam ná tɔge kikia yalo Wɛ Sin-laao kom na pɛ‑o se o taa ke to, konto tu nyɔɔre mo wó taa ye Wɛ ŋwe-doŋa kalo o Sin-laao kom na wó pa‑o to. 9Konto ŋwaane, dé nam yé pa se jawɔrɔ zo debam se dé yage wo-laaro keim. Dé ná fɔge dé zege konto dwoŋi, dé laam wó ba dé na nyɔɔre delo na lana to. 10Konto ŋwaane, dé ná nɛ chwoŋa maŋa de maŋa, dé jege se dé taa ke wo-laaro mo dé pa nɔɔna maama, ko fɔge ko dae dé nu-bia balo de na jege wo-dedoa de Yezu Krista to.
11Ta‑á nia, amo tete laam na mɛ a jeŋa a popone botare-bi-kamuna yanto se a pa abam.
12Ko ná ye nɔɔna balo na kwaane se ba fe abam se á gwoni á peina Juu tiina chullu tem ŋwaane to, banto ye balo na lage se ba na yere mo nɔɔna tei ne, de ba na ke ba tete tei to. Ba nam ba lage se nɔɔna taa bɛɛse-ba. Konto ŋwaane mo ba bá sɛ se ba bere nɔɔna we, Wɛ wó jwoŋi-ba Yezu Krista na tege dagara kam yuu ne to ŋwaane. 13Balo bam nam na sɛ peina gwonim to tete nam ba tɔge Wɛ nia yam chekke. Ba nam lage se ba pa abam de gwoni á peina mo se ko pa ba na chwoŋa ba taa paale we, abam tɔge á sɛ se á gwoni á peina ne banto tei. 14Ko nam ná ye amo, woŋo kolo yerane amo na wó paale-ko to ye dé Teiru Yezu Krista na tege dagara kam yuu ne se o jwoŋi nɔɔna tei to. Ko maa nye de amo de tɔge ded‑o mo a te, se ko bere we logo baŋa boboŋa daa tera a bochare ne, ye logo baŋa nɔɔna yiga tera amo wone, ne a ye too mo tei. 15Nmo ná gwoni n peini, naa n ná wo gwoni-de, konto dae kolokolo. Woŋo kolo nam na ye wo-chɛɔ to mo ye se n jwoŋi ŋwe-doŋa Wɛ tei ne. 16Ko nam ná ye balo na tɔge ŋwe-doŋa chwoŋa kam to, Wɛ wó pa ba na bochare-zuru, ye o daare o duri ba ŋwaŋa lanyerane, ko woli de balo maama na ye o tete nɔɔna chekke to.
17Amo daa ba lage se nɔɔn-nɔɔno jwoori o daane-ne, kokuri amo na maŋe a jege kalwanno telo a yera ne to bere we Yezu mo tei-ne.
18A nu-bia bam, dé Teiru Yezu Krista zaane dem taa wo á bochara ne. Ameena.",https://www.bible.com/bible/3661/GAL.6.KBG
EFESIA 1,"1Amo Pɔɔl wolo Wɛ na tiŋi-ne de o tete boboŋa se a taa ye Yezu Krista totoŋa nakwe to mo popone tɔnɔ konto. A popone se a pa abam balo na ye Wɛ nɔɔna ye á zoore Efesia ne to. Abam maa ye balo na tɔge Yezu Krista de á wo maama to.
2Dé Kwo Wɛ, de dé Teiru Yezu Krista wó pa abam zaane de yazura.
Wɛ na zeini o bia tei to
3Baŋa Wɛ wolo na ye dé Teiru Yezu Krista Kwo to maŋe de teem. O yɔɔre o swɛ debam swolim, ye o fɔge dé bochara de wo-laaro telo maama na ye o Sin-laao kom nyem ye te nwoŋi Wɛ telaao ne to, dé na me de Yezu Krista to ŋwaane. 4Boboa ne ye logo baŋa daa ta tera to, Wɛ tɔge Yezu ŋwaane mo o kuri debam se dé taa jege wo-pwoŋo o yiga ne ye tusim tera. 5O na jege debam swono to mo o wuuri o ke o boboŋa ne se o pa dé tɔge Yezu Krista ŋwaane dé ji o bia. Mo o boboŋa na lage se o ke kolo to. 6Konto ŋwaane Wɛ maŋe se o na zula lanyerane de o zaane dem na ba jege dwoŋi to. Wɛ kwei o zaane dem konto o pa debam zɛɛra, dé na ye balo na me de o Bu-swono Yezu to ŋwaane.
7Dé na me ded‑o konto to, o mɛ o toone jana bam mo o ŋwe dé wɛleera jene, se ko pa Wɛ saare dé wɛleera yam. Mo Wɛ zaane dem na tiini de beiŋi tei, 8ye o ma-de o zeini debam se ko ja gaale, ye o pa dé na swa de yi-poro lanyerane. 9O ma pa dé lɔre o chega kalo déem na seigi to. Mo o na lage se o ke kolo to, se ko pa dé lɔre we, o boboŋa maŋe ya ja se o tɔge Yezu ŋwaane mo o fɔge wonnu maama o ke daane. 10O nam boŋe se, maŋa kam o na lage to ná yi ka ti, se o pa o boboŋa seene ya ke, se wonnu maama mo ke daane se Yezu Krista taa ye te maama yuu tu, ko ná ye telaao wonnu tem, de tega baŋa wonnu tem maama de.
11Dé na me de Yezu to ŋwaane mo Wɛ kuri debam se dé taa ye o nyem. Konto mo ye kolo Wɛ na maŋe o ke o boboŋa ne se o ke o pa debam to. O maa ye wolo na pae se wonnu maama yɔɔre te ke nenɛɛne o boboŋa na lage tei to. 12Ko ná ye debam balo na dɛ yiga dé kwei dé teena dé daŋe Yezu Krista baŋa ne to, Wɛ déem kuri debam se dé taa ye balo na wó pa o na zula o nenɔŋ-fɔrɔ kom ŋwaane to mo. 13Ko woli de abam balo laam na tu á sɛ Wɛ chega kam to, abam nigi Wɛ kwor-ywoŋa kalo na pɛ á na verem to, ye á ke á wo-dedoa de Yezu Krista. Á na me ded‑o konto to, Wɛ ma ke o Sin-laao kom á bochara ne, nenɛɛne o na pwooli se o ke tei to, ye ko ye maana mo ko pa abam se ko bere we á seene á ye o nyem. 14Wɛ Sin-laao kom na wo dé bochara ne to, ko dɛ yiga ko tiŋi chwoŋa se ko pa dé lɔre we, dé laam wó ba dé na wo-laaro telo maama Wɛ na tiŋi se o pa debam to. Ko ta bere debam we, maŋa wó yi se Wɛ fɔge o jwoŋi debam balo maama na ye o nyem to. Ko maama wó pa se Wɛ na zula o nenɔŋ-fɔrɔ kom ŋwaane.
Pɔɔl lwoori Wɛ o pa-ba
15Wɛ na tiini o zeini abam konto to, amo yeini a ke‑o lei abam ŋwaane maŋa maama. Amo nigi abam taane we, á tɔge dé Teiru Yezu de á wo-dedoa, ye á kwori á jege Wɛ nɔɔna bam maama swono. 16Konto ŋwaane mo a ke Wɛ lei ye a kwori a lwoori‑o a pa abam. 17Baŋa Wɛ maa ye dé Teiru Yezu Krista Yuu-tu, ye o ye debam Kwo wom na jege paare telaao ne to. A maa yeini a lwoori‑o se o tɔge o Sin-laao kom baŋa o zeini abam de swa de boboŋ-dɛɛra, se á wane á lɔre o chega kam maama. 18Wɛ wó pa á yia poore se á wane á lɔre o na kuri abam se á ta‑á jege teena o tei ne tei to, se á daare á lɔre o wo-laaro tem na tiini te beiŋi tei ye o tiŋi o ni se o kwei-te o pa balo na ye o nyem to. 19Wɛ wó pa se á lɔre o dam dem na daga de gaale tei, ye o ma-de o zeini debam balo maama na sɛ‑o to. O dam-fɔrɔ kom konto bere o na wae o toŋe totoŋ-kamunnu tei to. 20O déem mɛ-de o bi Yezu Krista toone wone mo, ye o daare o ma-de o zeiŋi‑o o pa o jeini o jazem seeni telaao ne. 21Konto mo Yezu Krista laam tei wonnu telo maama na jege dam nabiina baŋa ne to. Ko ná ye dedɛɛra maama, de paare maama, o dam dem dwoi te maama. Ko ná ye zem wonnu tem dam mo, naa jwa wonnu telo na lage te ba to, Yezu dwoi woŋo kolo maama na jege yere ko pa nabiina to. 22Wɛ ma kwei wonnu maama o ke Yezu Krista dam kuri ne, ye o daare o tiŋi‑o se o taa ye o kɔgɔ kom yuu tu, se o taa tei wonnu maama o pa-ba. 23Yezu kɔgɔ kom konto nam mo nye de o yera yam, ye ko pae se o ŋwea jege kuri. Yezu tete de maa pae se woŋo maama na wo jei maama ne to jege kuri.",https://www.bible.com/bible/3661/EPH.1.KBG
EFESIA 2,"Wɛ ŋwe-doŋa kam taane
1Abam déem ye balo na ve Wɛ ni, ye á to tusim chwoŋa ne to mo. Ko ma pa se á ŋwea tera Wɛ tei ne. 2Á déem ma tɔge chwei selo na ye logo baŋa wo-yɔɔro tem nyem to, ye á daare á tɔge setaana pɛ wolo na tei wɛyuu telaŋ-pwolo chichiri sem to. Wonto maa ye setaane delo laam na tei balo na ve Wɛ ni to. 3Debam maama déem tɔge nɔɔna bam konto chwei sem mo, ye dé ke wo-zɔɔna yalo dé fera na zoore to. Dé ma yeini dé tɔge wo-zɔɔna keim, ne dé boboŋa de dé yera na lage tei to mo. Debam na maŋe dé ye tei to mo bere we, Wɛ ban-zɔŋɔ kom ya jege se ko ba debam baŋa, nenɛɛne nɔɔna badaara de na ye tei to.
4Ko daare Wɛ nam tiini o jege nɔɔna ŋwaŋa se ko gaale. O maa tiini o swoi debam dedɛ. 5Konto ŋwaane mo o pɛ debam o ŋwe-doŋa kam, dé na me de Yezu Krista to ŋwaane. Wɛ na zeini debam konto to, ko ye maŋa kalo dé déem na tɔge tusim chwoŋa ye dé ba jege ŋwea o tei ne to mo. Wɛ nam mɛ o zaane dem mo o jwoŋi abam o yage. 6Dé na me de Yezu Krista to, Wɛ ma pa dé tɔge ded‑o dé bi dé na o ŋwe-doŋa kam, ye o daare o zeiŋi debam se dé tɔge de Yezu dé na jeiŋa jei telaao ne. 7Wɛ na ke debam lanyerane Yezu ŋwaane konto to ye se ko taa bere nɔɔna maŋa maama se ko taa vei wuu we, o zaane dem tiini de beiŋi. 8Wɛ zaane dem mo o mɛ o jwoŋi abam o yage, á na jege wo-dedoa de Yezu to ŋwaane. O nam tɔge de ŋwaane o chɛ abam zɛɛra mo, 9ye ko dae abam kikia ŋwaane, se nɔɔn-nɔɔno yé wane o ke teera Wɛ yiga ne. 10Wɛ ye debam Keiru mo. Dé na me de Yezu Krista to, o ma fɔge debam de o ŋwe-doŋa kam, se dé taa tɔge keim-laaro chwoŋa kalo o na maŋe o tiŋi o pa debam se dé da to.
11Abam nam jege se á guli á déem na ye tei ye Wɛ ta wo jwoŋi abam to. Ba wo loge abam Juu tiina wone. Á ye dwi-gɛ tiina mo. Balo na bere ba tete we ba ye Wɛ nɔɔna ye ba gwoni ba peina to mo yaale abam de á na yeiri peina gwonim to. Banto na gwoni ba yera tei to nam tɔge nabiina kikia mo. 12Kanto maŋa kam ne, abam de Yezu Krista déem yeiri da-jei. Ko ná ye Isarele dwi tiina kɔgɔ kom, á déem tere ba wone. Ko ta ná ye Wɛ nia yalo o na gwoni de o nɔɔna ye ya tɔge o kampwola kam ŋwaane to, abam yiga ta tɔge ka tera de-ya. Á déem na jege á ŋwea logo baŋa ne tei to, Wɛ tera á tei ne, ye á ba jege teena kolokolo baŋa ne. 13Ko daare abam laam tu á me de Yezu Krista. Wonto toone jana bam ŋwaane ma pa se á ba á yi Wɛ tei, ye á ya maŋe á ye balo na ye yiga yiga ded‑o to mo.
14Yezu Krista mo ye bochare-zuru tu ye o pa se ywoni wo debam laŋa ne, de o na pɛ Juu tiina bam de dwi-gɛ tiina bam ba ba ji bedwe to. O ma saare siseini delo na pwɛ-ba ye ba chuli daane to. 15O na sɛ se ba go o yera to mo pɛ se Juu tiina ni-kaana yam ji kafɛ, de ya na bere chullu telo maama to. Konto baŋa ne mo o fɔge Juu tiina bam de dwi-gɛ tiina bam o ke daane, se ba maama ji Wɛ kɔgɔ dedoa, ba na me ded‑o to ŋwaane. 16Ba maama na ye kɔgɔ dedoa konto to, o ma fɔge ba de Wɛ daane. O tɔge o toone dem dagara yuu ne ŋwaane mo o pa se ba daa ba chuli daane.
17Yezu Krista na tu to, o ma pa dé lɔre Wɛ kwor-ywoŋa kam we, debam maama fɔge daane, ko ná ye abam dwi-gɛ tiina balo déem na ye yiga yiga ded‑o to, naa debam Juu tiina balo na maŋe dé bwola ded‑o to de. 18Yezu Krista ŋwaane mo debam maama jege chwoŋa se dé taa vei Wɛ tei, Wɛ Sin-laao kom na ye dedoa ye ko wo dé maama tei ne to ŋwaane.
19Abam balo na ye dwi-gɛ tiina to daa dae veira, nenɛɛne balo yiga na tera Wɛ nɔɔna bam wone to. Abam laam ye tembia mo Wɛ nɔɔna bam wone, ye á tɔge á ye Wɛ sɔŋɔ kom bia. 20Á tɔge á ye Wɛ kɔgɔ kom nɔɔna mo, ye kɔgɔ kom konto nye de o tete sɔŋɔ kom. Yezu Krista totoŋa nakwa bam de Wɛ sampwori sem mo chwi sɔŋɔ kom kuri, ye ko maama zege Yezu ŋwaane. Wonto mo ye kandwɛ-zane delo na pae diga kam zega dana to. 21O maa pae se sɔŋɔ kom lɔɔm maama tɔge daane lanyerane, ye o pa ko puli dedɛ se ko taa ye dé Teiru wom wara-jei. 22Abam tete de tɔge de Wɛ nɔɔna bam maama á woli o kɔgɔ kom wone, á na me de Yezu to ŋwaane. Konto mo á nye de Wɛ sɔŋɔ kolo o na wora o lɔa, ye o laam wó tɔge o Sin-laao kom ŋwaane o taa zoore ko wone to.",https://www.bible.com/bible/3661/EPH.2.KBG
EFESIA 3,"Pɔɔl na toŋe o pa dwi-gɛ tiina tei to
1Konto ŋwaane mo amo Pɔɔl yeini a lwoori Wɛ a pa abam. Amo na toŋe Yezu Krista totoŋa a pa abam dwi-gɛ tiina to laam mo pɛ se ba ke-ne peena diga ne. 2Abam wó ta‑á yei amo ni ne, de Wɛ na pɛ se a toŋe a pa abam o zaane dem ŋwaane to. 3Abam nam nigi we, Wɛ mo le chega kalo déem na seigi o wone to o bere-ne. Amo maŋe a popone chega kam konto taane fenfee. 4Abam nam ná gaga amo na popone kolo to, á wó lɔre amo boboŋa na zo Yezu Krista chega kam tei to. 5Faŋa faŋa to, Wɛ wo pɛ se nabiina lɔre o chega kam konto. O laam tɔge o Sin-laao kom baŋa mo o le-ka o bere Yezu totoŋa nakwa bam de o ni-jwoŋina bam. 6Wɛ chega kam konto tɔge o kwor-ywoŋa kam ŋwaane mo, ye ka bere we, dwi-gɛ tiina balo na me de Yezu Krista to wó tɔge de Juu tiina ba jwoŋi wo-laaro telo Wɛ na tiŋi se o pa o nɔɔna bam to. Ba na me de Yezu Krista to, ba de ye Wɛ tete kɔgɔ kom nɔɔna mo, ye ba laam wó jwoŋi kolo maama Wɛ na pwooli se o pa o nɔɔna bam to.
7Wɛ tɔge o zaane dem ŋwaane mo o zeini-ne de o dam-fɔrɔ kom se a taa toŋe o kwor-ywoŋa kam totoŋa. 8Amo nam mo ye wolo na tiini a muri Wɛ nɔɔna bam maama wone, ye Wɛ daa ta pa-ne totoŋ-ŋom dem konto, se a taa vei dwi-gɛ tiina tei a tɔɔle o kwor-ywoŋa kam a bere-ba, se ba lɔre Yezu Krista wo-laaro tem na tiini te beiŋi ye te ba jege tiim to. 9Amo maa jege se a pa nabiina maama mo lɔre Wɛ chega kam jaja, de Wɛ na pɛ se ka tɔge chwei selo to. Wonto mo naane wonnu maama. Ko zege boboa ne, chega kam konto maŋe ka seigi o wone. 10O ma seigi-ka se ko ba ko yi zem maŋa kam, se o laam tɔge Yezu kɔgɔ kom ŋwaane o pa se dedɛɛra balo maama na jege dam wɛ-baŋa jei sem ne to lɔre o swa yam na daga yera yera tei to. 11O maa tɔge o boboŋa yalo o na maŋe o ja faŋa faŋa to, ye o laam pa se ya seene ya ke dé Teiru Yezu Krista ŋwaane. 12Dé na me de Yezu Krista to, o maa pae dé jege baare. O ta ma pa debam chwoŋa se dé taa vei Wɛ tei ye dé ba kɔre foone, dé na ke dé wo-dedoa ded‑o to ŋwaane. 13Abam nam yé pa se á boboŋa chɔge de amo na yaare tei abam ŋwaane to, se ko ye abam yuu zeiŋim ŋwaane mo.
Yezu swono kom na ye tei to
14Konto ŋwaane mo amo yeini a kuni dwoona dé Kwo Wɛ yiga ne. 15Ko ná ye Wɛ telaao ne, naa logo baŋa ne, balo maama nɔɔna na jege-ba ba bwoi we ba kwoa to kuri nwoŋi dé Kwo Wɛ wone mo. 16Wɛ zaane dem na tiini de beiŋi to ŋwaane, amo yeini a lwoori‑o mo se o tɔge o Sin-laao kom baŋa o pa á bochara na dam, 17se Yezu Krista taa tigi á boboŋa ne, de á na ke á wo-dedoa ded‑o to ŋwaane. Amo ta lwoori‑o mo se o pa á ta‑á jege swono kolo na wó pa á nɛ tiini se kwaare tega ne to, 18se á wane á tɔge de Wɛ nɔɔna bam maama á lɔre Yezu Krista swono kom na mae tei to. Yezu Krista swono kom na tiini ko gaale tei to nye de woŋo na tiini ko yala ye ko dɔra, ko daare ko ye baŋa baŋa ye ko luuna dedɛ to mo. 19O swono kom maa dwoi se nabiina lɔre ko na ye tei to ba ti. Wɛ nam wó pa se abam lɔre-ko, se Wɛ ŋwea kam laam su á bochara maama.
20Pa-na se dé zuli Wɛ wom na wae wonnu maama o ke to, de o na yeini o zeini debam de o dam dem se ko tiini ko dwoni kolo dé boboŋa na laga ye dé lwoori‑o to. 21Debam balo na ye o nɔn-kɔgɔ kom ye dé me de Yezu Krista to, Wɛ maŋe se o taa nae zula debam tei ne maŋa maama se ko taa vei wuu. Ameena.",https://www.bible.com/bible/3661/EPH.3.KBG
EFESIA 4,"Yezu Krista nɔɔna bam ye kɔgɔ dedoa
1Amo na wo peena diga ne dé Teiru wom ŋwaane to, a lwoori abam se á pa á totoŋ-naga taa tɔge chwoŋa, se ko maŋe de Wɛ na bwoŋi abam se á ta‑á ye tei to. 2Ko maŋe se abam ta‑á gwooni á tete mo, se á ta‑á nege daane maŋa maama, se á daare á ta‑á jege ban-peno, ye á woli daane de swono. 3Seene-na á yia se á ta‑á jege boboŋe dedwe, ne Wɛ Sin-laao kom na zeini abam ye á fɔge daane de bochare-zuru tei to. 4Yezu nɔɔna bam ye kɔgɔ dedoa mo. Wɛ Sin-laao kom de maa ye dedoa, ne Wɛ na bwoŋi abam se á ta‑á tɔge‑o ye á jege teenem bedwe ded‑o tei to. 5Debam maama jege Teiru dedoa mo. Dé na sɛ‑o de wo-dedoa tei to de maa ye bedwe. Dé na jwoŋi sɛɛm tei to de ye bedwe mo. 6Wɛ ye dedoa mo, ye o ye debam maama Kwo. Wonto maa ye dé maama Yuu-tu. O maa tɔge debam maama baŋa o toŋa, ye o kwori o me de dé maama.
7Wɛ nam tɔge o zaane dem ŋwaane mo o zeini debam maama dedoa dedoa, se ko maŋe de Yezu Krista na lage se o pɔɔre o pɛɛra yam tei to. 8Ko nam popone Wɛ tɔnɔ kom ne we,
“O na diini wɛyuu to mo
o kale o dona bam o na wane-ba to o ja vo.
O ma daare o pɔɔre o pɛɛra yam
o pa o nɔɔna bam.”
9Ko na popone we, “o diini wɛyuu” to, ko kuri mo bɛ? Ko bere we o ya maŋe o tu tega baŋa ye o yi ka kuri. 10Wolo na tu tega baŋa konto to daa ta mo diini wɛyuu o kɛ Wɛ telaao wonnu tem maama yiga, se o wane o pa wonnu telo maama na wora to taa jege kuri.
11Ko ye wonto tete nam mo woli nɔɔna de o pɛɛra yam,
se ba badaara taa ye o totoŋa nakwa,
se badaara de taa ye o ni-jwoŋina,
se badaara de taa tɔɔle Wɛ kwor-ywoŋa kam,
se badaara taa nii o nɔɔna baŋa ne,
ye badaara de ba bere-ba o chega kam.
12Yezu Krista nam woli o nɔɔna bam konto dwoŋi se ba wane ba na dam mo se ba taa toŋe ba zeini daane, se ko pa o kɔgɔ kom maama fɔge ko ke daane lanyerane. 13Konto ŋwaane, debam maama laam wó ba dé taa ye bedwe, de dé na jege wo-dedoa de Wɛ Bu wom ye dé yei o chega kam tei to. Dé boboŋa laam maa wó tiini ya be lanyerane, se Yezu Krista ŋwea kam taa sui dé bochara maama.
14Dé boboŋa daa bá taa bwona, nenɛɛne bu-balɛ boboŋa na ye tei to. Dé daa bá pa se dé boboŋa taa vei yiga de kwaga de nɔɔna berem, ne vio na fuli wonnu ko yage yiga de kwaga tei to. Dé daa bá sɛ dé tɔge nɔɔna balo na ke swa ba gane ba dwonna se ba tusi to. 15Dé nam wó taa bere Wɛ chega kam mo ye dé jege da-swono, se ko pa dé boboŋa kweere ye dé me de Yezu Krista na ye debam Yuu-tu to. 16Yezu kɔgɔ kom maa nye de o yera mo, ye wonto mo pae se o yera yam jei sem maama toŋe ya woli daane. Ya nam ye teiri teiri mo ye ya maama kwaare daane ya toŋa. Konto ŋwaane, wolo maama na ye Yezu kɔgɔ kom nɔɔno to ná toŋe totoŋe delo Yezu na pɛ‑o to, ko wó pa se o kɔgɔ kom maama tɔge da-swono ŋwaane ko fɔge daane lanyerane.
Wɛ ŋwe-doŋa kam taane
17Amo nam lage a kaane abam dé Teiru Yezu ŋwaane, se á daa yé ta‑á tɔge chwei selo dwi-gɛ tiina na tɔge de ba boboŋ-yɔɔro tem to. 18Banto boboŋa ye lim mo, ye ba ŋwea ba tɔge Wɛ ŋwea kam na ye tei to, kolo ŋwaane ba wo lɔre Wɛ chega kam mo, ba na jege yi-dɛɛre to ŋwaane. 19Ba maa ba kɔre chaveera ye ba tiini ba ke wo-zɔɔna kikia, de wo-digiru kikia yalo maama ba fera na zoore ka-laga ŋwaane to ko ja gaale.
20Abam nam na lɔre Yezu Krista chega kam to, ko dae se á ta‑á tɔge kikia yanto dwoŋi. 21Á na nigi Yezu taane to, ba seene ba bere abam o chega kam chekke. 22Ba ma bere abam se á yage á ŋwe-dwoŋa kam de ka na pɛ á ye tei to. Á ŋwe-dwoŋa kam konto lage ka chɔge abam mo, de ka na gane abam se á fera taa zoore wo-yɔɔro telo na ba jege kuri to. 23Á boboŋa maama nam jege se ya pipiri ya ji nadoora mo, 24se á daare á tɔge Wɛ ŋwe-doŋa kalo o na ke o pa abam to. Ŋwe-doŋa kam konto nye de Wɛ tete ŋwea mo, ye ka pa á tɔge chega chwoŋa de wo-pwoŋo chwoŋa chekke.
25Konto ŋwaane pa-na dé yage vwa fɔm, se dé daare dé taa tɛ chega dé bere daane, dé maama na ye kɔgɔ dedoa to ŋwaane. 26Abam wolo ná jege ban-zɔŋɔ de o dwoŋi, se kotu yé pa ko ji wɛleere o tei ne. O nam jege se o le-de o wone lela ye wɛ daa ta wo zo. 27Á yé pa setaana pɛ na laŋa o chɔge abam. 28Wolo na lage ŋweene to daa yé taa ŋɔna. O nam jege se o taa toŋe o pa o tete mo de jawala, se o daare o wane o zeini yiniga na jege balo to.
29Á yé pa se á ni taane taa jege lwarem. Nam ta‑á ŋɔɔne-na botare selo na wó fɔge nɔɔna ne ba na lage tei, ye se daare se zeini-ba lanyerane. 30Á yé pa se Wɛ Sin-laao kom wo chɔge de á na ke kolo to, kokuri Wɛ tɔge ko ŋwaane o ma ke maanem o pa abam se ko bere we á ye o nyem mo, se o dɛ dem ná yia, se o laam jwoŋi abam o ti. 31Yage-na puseŋa, de ban-lom, de wo-zɔŋɔ, se á daare á yage ni-kantɔgɔ, de toro, ko woli de keim-lwanno dwi maama. 32Ta‑á nege-na daane se á daare á ta‑á jege da-ŋwaŋa. Ta‑á ma‑á chɛ daane, ne Wɛ na yage á wɛleera o ma chɛ abam Yezu Krista ŋwaane tei to.",https://www.bible.com/bible/3661/EPH.4.KBG
EFESIA 5,"Da-swono taane
1Abam na maŋe á ye Wɛ bu-swonnu to, se á ta‑á lwoni o kikia. 2Ta‑á tɔge-na swono chwoŋa, ne Yezu Krista na jege debam swono tei to. Wonto déem ma sɛ se o leiri debam yuu ne o te dé wɛleera ŋwaane. O ma kwei o tete o ke Wɛ jeŋa ne se o ji kaanem delo lwom na ywomma de pa Wɛ to.
3Á nam yé pa kikia yalo maama na tɔge ka-laga to, naa wo-zɔɔna dwi maama taa wo á tei ne. Á yé pa á yi taa sui á dwonna wonnu. Nam yé pa se wonnu tem konto taane taa wo á wone. Ko maŋe se Wɛ tete nɔɔna mo yage kikia yanto dwoŋi. 4Ko ná ye vɛɛsa taane, de wo-jworru dwi maama taane, tento wo maŋe de abam, se á nam ta‑á ke Wɛ lei. 5Ta‑á yei-na lanyerane we, nɔɔno wolo maama ná tɔge wo-zɔɔna keim, naa ka-laga kikia, naa wolo ná ye nɔn-kwolo, konto tu bá fɔge o na kolokolo Yezu Krista de Baŋa Wɛ paare dem seeni. Nɔɔno ná pae o yi su wonnu, ko bere we o pa tento mo zula ne jwona tei to.
6Nam yé pa-na se nɔɔn-nɔɔno na chwoŋa o gane abam de ta-yɔɔro. Keim-balwaaro tem konto dwoŋi mo lage te pa se Wɛ ban-lom dem zaŋe de balo na ve o ni to. 7Konto ŋwaane lɔŋe-na balo na ke konto dwoŋi to. 8Abam déem ya yeiri Wɛ pa se á wo lim wone. Abam nam na tu á me de dé Teiru Yezu Krista to, ko pɛ se pwooni laam wo á tei ne. Ta‑á tɔge-na chwoŋa se ko maŋe de balo na ye pwooni dem nyem tei. 9Ko ná ye kikia yalo maama na tɔge pwooni dem chwoŋa to, yanto mo ye wo-laaro telo maama na jege chega to. 10Á na maa tɔge chwo-laao konto to, se á kwaane á lɔre kolo na pwoli dé Teiru Yezu wo to. 11Ja-na á tete se á lɔŋe wo-yɔɔro telo na ye lim dem nyem to, se á daare á pa nɔɔna lɔre jaja we, wonnu tem konto ba lana. 12Kokuri wonnu telo Wɛ-lwɛɛna bam na yeini ba seigi ba ke to tiini te jege chaveera se dé ŋɔɔne te taane. 13Á nam ná pɛ se Wɛ pwooni dem ba de bere wonnu tem konto maama kuri jaja, nɔɔna wó lɔre te na seene te ye tei to. 14Kokuri woŋo kolo maama kuri na lɔre jaja to laam wo pwooni yiga ne mo. Konto ŋwaane mo ba yeini ba tɛ ba we:
“Dondɔɔno, zaŋe wɛɛne,
se n bi toone wone,
se Yezu Krista mo nye pwooni n baŋa ne.”
15Ta‑á yei-na á tete de á totoŋ-naga na ye tei to, se á ta‑á jege boboŋ-dɛɛra, ye ko dae nenɛɛne balo na wo lɔre Wɛ chega kam to. 16Zem da yanto jege keim-balwaaro dedɛ. Konto ŋwaane, Wɛ ná pɛ abam chwoŋa se á toŋe kolo, se á pa ko ja kuri lanyerane. 17Yé ta‑á tɔge-na jworim chwoŋa, se á nam kwaane á lɔre kolo dé Teiru Yezu na lage se á ta‑á ke to.
18Yé ta‑á ye balo na nyɔ sana ba su ba bugi to, se konto pae kachaare yerane mo. Nam pa-na se Wɛ Sin-laao kom su á bochara lanyerane. 19Ta‑á ŋɔɔne-na Wɛ seinim lei, de Yezu kɔgɔ kom lei sem, de Wɛ Sin-laao kom na pɛ abam lei selo to á bere daane. Ta‑á leeni-na Wɛ tia lei sem konto á pa dé Teiru Yezu Krista de á wo maama, 20se á ta‑á tɔge o ŋwaane á ke dé Kwo Wɛ lei maŋa maama, de woŋo kolo maama o na pɛ abam to.
Baara de ba kaana na wó ta nege daane tei to
21Á na kɔre Yezu Krista to, se á ta‑á sɛ á pa daane.
22Kaana jege se ba taa sɛ ba pa ba banna, ne ba na sɛ dé Teiru Yezu tei to. 23Kolo ŋwaane kaane baro mo ye o yuu tu, ne Yezu Krista de na ye o kɔgɔ kom yuu tu tei to. O kɔgɔ kom maa nye de o yera yam mo, ye o ye ba fɔgeno. 24Yezu kɔgɔ kom nɔɔna bam na sɛ ba pa‑o konto to, ko maŋe se kaana de sɛ ba pa ba banna mo wonnu maama baŋa ne.
25Ko nam ná ye kan-banna, se á ta‑á swoi á kaana, ne Yezu Krista de na jege o nɔn-kɔgɔ kom swono ye o sɛ se o leiri ba yuu ne o te tei to. 26O na tege ba ŋwaane konto to, ko ye se o saare ba bochara wo-digiru mo, se ba taa ye wose Wɛ ŋwaane. O tɔge Wɛ botare sem ŋwaane mo o zare-ba de na. 27O fɔge o kwɛ-ba konto se o kɔgɔ kom laam wane ko ba ko zege o yiga ne de nenɔŋ-fɔrɔ. Ko wó taa jege lam, ye digiru de chɔgem tera ko tei ne de fenfee de. Konto to, o nɔɔna bam wó taa ye wose o yiga ne ye tusim tera.
28Ko ná maŋe ko ye kan-banna, ba jege se ba taa swoi ba kaana, nenɛɛne ba na lage ba tete yera yam tei to. Nɔɔno wolo nam na swoi o kaane to bere we o swoi o tete mo. 29Kokuri nɔɔno tera o na vae o yera kwɛɛm. O nam wó nii ya baŋa ne, ye o di wodiu o ma kɔne-ya. Ko ye bedwe mo de Yezu Krista na nii debam balo na ye o nɔn-kɔgɔ kom to baŋa ne, 30dé na tɔge dé nye de o yera yam to ŋwaane. 31Wɛ tɔnɔ kom nam bere debam we, “Baaro ná di kaane, o boboŋa daa ba tɔge o kwo de o nu boboŋa. O laam yeini o me de o kaane wom mo, ye ba balei bam ji yera dedoa.” 32Taane dem konto bere wo-lilirru mo. Amo laam kwei-de a ma ŋɔɔne Yezu Krista de o kɔgɔ kom taane mo. 33Ko ta ye chega mo we, abam kan-baro maama jege se o taa swoi o kaane, ne o na swoi o tete tei to. Kaane maama de jege se o taa nege o baro mo.",https://www.bible.com/bible/3661/EPH.5.KBG
EFESIA 6,"Bia de ba tiina taane
1Ko nam ná ye bia, á na sɛ dé Teiru Yezu to, ko maŋe se á ta‑á sɛ á tiina ni. Konto nam mo tɔge chega chwoŋa.
2“Ta‑á nege-na á kwoa de á niina.”
Wɛ ni-kaana yam maama wone, dento mo ye boboa ni delo Wɛ na pwooli kampwola o woli de wone to. 3O na pwooli o we tei to mo ye:
“Nmo ná nege n kwo de n nu,
Wɛ wó pa se n na ywoni de momwɛ-dɛɛre tega kam baŋa ne.”
4Ko daare ko ná ye bia kwoa, se á yé ta‑á tiini á chana á bia baŋa ne se ko chuchugi ba bane. Nam ta‑á kɔne-na á bia lanyerane, se á pa ba lɔre dé Teiru Yezu chega kam, se ba taa tɔge-ka.
Yuu tiina de ba kabɛ taane
5Ko ná ye balo na ye kabɛ to, se á ta‑á toŋe á tɔge á yuu tiina boboŋa. Ta‑á kɔre-na-ba ye á toŋe de jawala, nenɛɛne á na wó toŋe á pa dé Teiru Yezu tei to. 6Ko nam dae ba na zege ba nii abam maŋa kalo to yerane mo á wó ta‑á toŋe konto se á jwoŋi zula ba tei ne. Maŋa maama ta‑á toŋe-na de á wo maama, se á ta‑á tɔge Wɛ boboŋa na lage tei to, nenɛɛne á ye Yezu Krista tete kabɛ mo tei. 7Ta‑á toŋe-na de wopwolo ye á pa se ko taa ye dé Teiru wom ŋwaane, ye ko dae nabiina yerane ŋwaane. 8Kokuri á yei we, nɔɔno maama wó na nyɔɔre dé Teiru wom tei ne de keim-laaro telo maama o na ke to, ko ná ye kabaa mo naa nɔɔno de nɔɔno de.
9Ko daare ko ná ye yuu tiina balo na tei kabɛ to, se abam de ta‑á ke á kabɛ lanyerane konto dwoŋi, se á yé ta‑á fugi-ba, kolo ŋwaane á yei we á jege á Teiru wom telaao ne, ye wonto mo tei abam de á kabɛ sem de. Wonto nam tɔge chega de o na ke nɔɔna maama tei to ye o ba kuri-ba daane.
Zega zegem taane
10Amo na lage a ta kolo a kweeli to mo ye se á ta‑á jege baare de á na me de dé Teiru Yezu tei to. Pa-na se o dam-fɔrɔ kom taa wo abam tei ne lanyerane. 11Kwaane-na á jwoŋi Wɛ zeinim dem maama, se á wane á fɔge á che á tete ne á na lage á mage jara tei to, se setaana pɛ swa kikia maama yé wane abam. 12Jara yam konto nam dae debam de dé dwonna nabiina jara yam dwoŋi. Dé nam jege se dé kwaane dé ke dé jara yam dedaane chichiri-lwanno telo maama na jege dam wɛ-baŋa jei sem ne to. Banto mo ye setaana pɛ jeŋa dedɛɛra, ye ba jege dam logo baŋa lim jei sem ne. 13Konto ŋwaane, jwoŋi-na Wɛ jara zela dwi maama á ma á fɔge á che á tete, se lɛɛro maŋa kam ná yia, se á wane á chichei á fɔge á zege de baare, ye ko maama ná ti, á ta wó ta‑á zega á zega kam jei ne.
14Nam fɔge-na á zege de baare, se á ta‑á jege Wɛ chega kam, ne á na vɔge á gwaaro de tankila tei to, se á daare á ta‑á zege á nɔn-ŋonne ne, nenɛɛne á na kwei nantana á ma á kwoli á nyɔɔne jara wone tei to. 15Ta ta‑á cho-na á tete nenɛɛne á zo natera yalo na woli á veiŋa to, se á wane á vo jei maama á bere nɔɔna kwor-ywoŋa kalo na pae ba de Wɛ fɔge daane to. 16Ko woli da, ta‑á jege-na wo-dedoa de Wɛ se ko taa nye de nantana kalo á na zei á je ne se á ma che á tete de wo-lwanno tu wom che-tɛɛra na jege mini to. 17Wɛ na jwoŋi abam o yage tei to, se á pa ko taa nye de jara yu-gwoŋo mo á puga á yuu ne. Ma-na Wɛ kwora kam á woli á tete, se kanto nye de se-zɔɔ kolo Wɛ Sin-laao kom na ke abam jeŋa ne to mo. 18Á na zege de baare konto to, se á ta‑á ware Wɛ ye á lwoori zeinim o tei ne. Á na ware Wɛ maŋa maama to, se á pa ko taa ye o Sin-laao kom dam ŋwaane. Ta‑á jege-na á tete se á vɔ á wo lanyerane ye á lwoori Wɛ á pa o nɔɔna bam maama. 19Ta‑á lwoori-na Wɛ á pa amo de se, a ná nɛ chwoŋa se a ta taane, se o pa-ne o ni taane delo a na wó ŋɔɔne to, se a daare a na baare a bere nɔɔna o kwor-ywoŋa kam, pa se ba lɔre o chega kalo ya na seigi ba yia ne to. 20Ko ye kwor-ywoŋa kam konto ŋwaane mo Wɛ tiŋi-ne se a leiri Yezu yuu ne a taa bere nɔɔna. Ba laam ke-ne peena diga ne a na bere-ka to ŋwaane. Nam ta‑á lwoori-na Wɛ se o zeini-ne se a taa wae a tɔɔle-ka de baare, ne ko na maŋe se a taa ke tei to.
21Amo nam lage se abam lɔre amo ni ne de a na wora a ke kolo to. Konto ŋwaane a lage a toŋe dé nu-bu-swono Tichika se o ba abam tei, se o fɔge o ta amo taane maama de abam. Wonto toŋe o pa dé Teiru Yezu de jawala. 22Amo lage se o pa abam lɔre kolo na wora ko ke debam to, se ko pa á bochara peini tega ne.
23Dé Kwo Wɛ de dé Teiru Yezu Krista wó pa dé nu-bia bam maama yazura, se ba taa jege da-swono de boboŋ-dɛɛra. 24Ko ná ye balo na yɔɔre ba jege dé Teiru Yezu Krista swono ba ba yaga to, Wɛ zaane dem taa wo ba maama tei ne.",https://www.bible.com/bible/3661/EPH.6.KBG
FILIPI 1,"1Amo Pɔɔl mo popone tɔnɔ konto ye Timoti wo amo tei ne. Debam ye Yezu Krista kabɛ mo. Dé popone se dé pa abam balo maama na wo Filipi ne ye á tɔge Yezu Krista ŋwaane á ye Wɛ nɔɔna to, ko woli de á kɔgɔ kom yiga tiina bam de ko wolim tiina bam de.
2Dé Kwo Wɛ, de dé Teiru Yezu Krista wó pa abam zaane de yazura.
Pɔɔl na lwoori Wɛ tei to
3Maŋa maama amo na guli abam gula, a yeini a ke a Tu Wɛ lei mo abam ŋwaane. 4Maŋa maama amo na lwoori Wɛ a pa abam maama to, a yeini a di ywoni, 5de abam na tɔge á toŋe á woli-ne de Wɛ kwor-ywoŋa kam totoŋa yam, ko zege boboa ne ko ba ko yi zem to. 6Amo yei lanyerane we, Wɛ mo ye wolo wom na maŋe o bobo se o kwɛ abam bochara to, ye wonto wó yɔɔre o taa ke konto se ko vo ko ti dɛ dem Yezu Krista na wó jwoori o ba to. 7Amo tiini a jege abam swono a bochare ne. Konto ŋwaane ko maŋe se amo taa jege á boboŋa a yuu ne, kokuri abam maama tɔge á na Wɛ zaane dem, ne amo de na nɛ tei to. Leile konto, ko ná ye ba na vɔge-ne de chaponno ba ke peena diga ne to, naa maŋa kalo amo na kare a beeri jei maama a ŋɔɔne chega a pa Wɛ kwor-ywoŋa kam, maŋa maama mo Wɛ ke zaane o ke a yuu ne, ye abam de tɔge á na o zaane dem konto dwoŋi. 8Abam maama na jege fera amo tei ne to tɔge Yezu Krista tete na jege abam swono tei to mo. Wɛ wó zege amo kwaga ne we konto ye chega.
9Amo na lwoori Wɛ a pa abam tei to ye se abam swono kom mo fɔge ko puli dedɛ, ko woli de yeino, se á ta‑á wae á lɔre kolo maama na tɔge chega to. 10Konto mo á wó wane á kuri kolo na lamma chekke se á ke, ye Yezu Krista dɛ dem ná yia, se digiru yé taa wo á bochara ne, se á daare á na bora Wɛ yiga ne. 11Ko woli da, á kikia maama wó taa tɔge chwo-laao lanyerane, Yezu Krista na zeini abam to ŋwaane. Konto wó pa se Wɛ na zula de teem.
Yezu Krista dwoi woŋo maama
12A nu-bia bam, a lage se á lɔre we, yaara yalo na yi amo to nam pɛ se Wɛ kwor-ywoŋa kam jage ka yi yiga mo. 13Ko na ke amo tei to pɛ se soja tiina balo na nii pɛ wom sɔŋɔ kom to, de balo maama na wora to lɔre we, ko ye amo na tɔge Yezu Krista to ŋwaane mo ba vɔge-ne de chaponno ba ke peena diga ne. 14Ko woli da, amo na wo peena diga ne to pɛ se dé nu-bia bam dedɛ tiini ba dale dé Teiru wom, pa se ba tiini ba jege baare ba maa bere Wɛ kwora kam, ye ba ba kɔre foone.
15Ko ye chega mo we nɔɔna badaara tɔge wo-goo de ni-kantɔgɔ baŋa ne mo ba tɔɔle Yezu Krista kwora kam. Ko daare badaara nam bere-ka de ba boboŋ-laaro mo. 16Banto bere-ka de swono mo, kolo ŋwaane ba yei we Wɛ tiŋi-ne se a zege o kwor-ywoŋa kam kwaga ne mo. 17Badwonna bam nam bere Yezu kwora kam se ko pa ba tete mo kamunni, ye ba ba jege wo-pwoŋo. Ba nam boŋe we, ba wó wane ba chɔge amo yuu mo, amo na wo peena diga ne to ŋwaane. 18Ko nam ba chɔga. Amo ta jege wopwolo de ba maama na tɔɔle Yezu Krista kwora kam ba bere nɔɔna tei to. Ba ná bere-ka de boboŋ-laaro naa boboŋ-balwaaro de, ko ye Yezu taane dem mo ba bera.
Amo nam wó tiini a taa jege wopwolo, 19kolo ŋwaane a yei we, Wɛ wó jwoŋi-ne o yage, abam na lwoori‑o á pa-ne tei, de Yezu Krista Sin-laao kom na pa-ne zeinim tei to ŋwaane. 20Amo tiini a jege teena we, a bá zaŋe a ke kolokolo na wó pa a na a chaveera. Amo nam wó taa jege pu-dɛa se, a ta ná ŋwe naa a ná tega, se Yezu Krista na zula a kikia maama baŋa ne. 21Amo tei ne, a ŋwea ye Yezu Krista ŋwaane mo. A nam ná tega, ko wó taa ye nyɔɔre mo ko pa-ne. 22Amo nam ta ná jege ŋwea logo baŋa ne, a totoŋe dem wó wane de woli nɔɔna lanyerane. Konto to, a yeiri a na wó twori kolo se a daare kolo. 23Wonnu tento telei mo pae a boboŋa vugimi. Kolo na jege fera ko pa-ne to mo ye se a yage logo baŋa, ye a daare a vo Yezu Krista tei a taa wora. Konto wó tiini ko taa lana amo tei ne. 24Ko daare, amo ta ná wo logo baŋa ne, ko wó taa jege zeinim dedɛ ko pa abam. 25A yei we konto ye chega, ye ko pɛ a lɔre we, ko maŋe se a taa wo logo baŋa ne. Amo wó taa wo abam maama tei ne se ko pa á fɔge á tɔge Wɛ chega kam, ye á tiini á di ywoni ka ŋwaane. 26Konto to, amo ná jwoori a ba a wo abam tei ne, ko wó pa se á tiini á ta‑á zuli Yezu Krista de wopwolo amo ŋwaane.
27Kolo maama ná lage ko ke, se abam nii á kikia yam se á pa ya taa tɔge de Yezu Krista kwor-ywoŋa kam na bere tei to. Konto to, amo ná nɛ chwoŋa se a ba abam tei, naa a ná wo nɛ, amo ta wó lɔre we, abam zege lanyerane de boboŋe dedwe, ye á tɔge daane á kwaana á toŋa á pa chega kalo Wɛ kwor-ywoŋa kam na bere to. 28Amo daa ta wó lɔre we, abam dona bam wo nɛ chwoŋa se ba pa foone ja abam de fenfee de. Á na jege á tete tei to wó pa ba maane we, Wɛ wó ba o chɔge-ba ye o daare o jwoŋi abam o yage. Wɛ tete mo wó pa ko ke. 29Wɛ na zeini abam se á ta‑á tɔge‑o tei to, ko dae se á sɛ Yezu Krista de á wo-dedoa yerane, ko ye se á kwori á na yaara de mo o ŋwaane. 30Abam déem nɛ amo na toŋe a pa Wɛ ye a yaare tei to, ye á ta kwori á ni we, ko ye bedwe mo de zem. Abam laam tɔge á toŋe konto dwoŋi ye á yaara.",https://www.bible.com/bible/3661/PHP.1.KBG
FILIPI 2,"Yezu Krista na tu o tete tei to
1Abam na me de Yezu Krista to mo pae á jege pu-dɛa. O swono kom maa pae á bochara zuri. Wɛ Sin-laao kom ta maa pae se á me daane de wopwolo. Á maa jege da-ŋwaŋa de swono. 2Ko na seene ko ye konto to, a lwoori abam se á ta‑á jege boboŋe dedwe daane, de swono bedwe, se á daare á ta‑á jege ni-sɛɛm á pa daane. Abam ná ke á tɔge konto dwoŋi, ko wó pa amo tiini a taa jege wopwolo. 3Á yé mage á nyɔɔna naa á lage kamunim á pa á tete. Nam gwooni-na á tete á pa daane, se á ta‑á nege á dwonna maama lanyerane. 4Nɔɔno maama jege se o boŋe o nii o na wó woli o dwoŋi tei to, ko dae we se o woli o tete yerane. 5Á boboŋa yam jege se ya taa ye nenɛɛne Yezu Krista na boŋe tei to mo.
6Ko ná ye wonto, o maŋe o jege Wɛ nyenyego mo.
O dedaane Baŋa Wɛ ye bedwe,
ye o wo ke o boboŋa ne se o fe o tete
se ba taa mae daane.
7O nam na ke tei to,
o tiŋi tento maama dáa ne mo,
ye o pa o tete ji ne kabaa tei.
O déem ma ba o nye de nabiina.
8O na tu o jege nabiina nyenyego konto to,
o déem tu o tete ye o sɛ Wɛ ni o ba o te.
Ko nam dae toone de toone,
ko ye ba page‑o dagara yuu ne mo pa se o te.
9Konto ŋwaane Wɛ laam ma zeiŋi Yezu yuu wɛ-wɛ de zula,
ye o daare o pa‑o yere delo na dwoi yera maama to.
10Mo kokuri maŋa wó ba se nɔɔna maama kuni dwoona
ba zuli Yezu o yere-zɔŋɔ kom ŋwaane.
Balo na wo telaao ne, naa tega baŋa ne, naa tega kuri ne to maama
jege se ba kuni nadwoona mo ba zuli‑o.
11Ba maama ni taane wó ta jaja we,
Yezu Krista ye ba Teiru.
Konto wó pa dé Kwo Wɛ na zula lanyerane.
Dé wó pa pwooni taa wora logo baŋa ne
12Konto ŋwaane, a badwoŋ-swonnu bam, ko maŋe se á maane á nii maŋa kalo amo ya na wo á tei ne ye á sɛ amo ni to. Amo nam na tera leile to, á jege se á tiini á ta‑á sɛ amo ni se ko ja gaale. Ta‑á kɔre-na Wɛ lanyerane ye á yera sae, se á kwaane á pa o na jwoŋi abam o yage tei to ja kuri lanyerane. 13Kolo ŋwaane Wɛ mo yeini o ke dam á bochara ne, pa se á lage kikia yalo na wó su o yi ye á wane-ya á ke. 14Woŋo kolo maama á na kea, se á yé ta‑á poona, naa á mage ni-kantɔgɔ ko baŋa ne. 15Konto mo á wó ta‑á jege chega Wɛ tei ne, ye lwarem bá taa wo á bochara ne. Á wó ta‑á ye Wɛ bia balo na ba jege tusim ye á zoore nɔn-balwaaro balo boboŋa na ba tɔge chwoŋa to tetare ne. Á wó ta‑á jege pwooni á pa logo baŋa, ne chalechwe tei, 16de á na ŋɔɔne Wɛ ŋwea botara kam á bere nɔɔna tei to. Á ná ke konto dwoŋi, ko wó bere we, amo na chɛ a toŋe Wɛ totoŋa abam ŋwaane tei to dae kafɛ. Amo wó taa jege teera de abam, dɛ dem Yezu Krista na wó jwoori o ba to.
17Abam na kwei á wo-dedoa á sɛ Yezu to nye de á kwei woŋo mo á ma á kaane Wɛ ye ko pwoli o wo. Dɛ delo amo laam wó ga a ŋwea, pa se ka ji wo-nyɔɔro pɛɛre ka woli abam kaanem dem wone ka pa Wɛ. Amo ná lage a te se ko pa Wɛ zula konto, amo wó taa jege wopwolo, ye a lage se abam de na wopwolo ko ŋwaane. 18Ɛɛ, ko maŋe se abam de taa jege wopwolo lanyerane, se dé maama tɔge daane dé na ywoni dedɛ.
Timoti de Epafarodi taane
19Debam Teiru Yezu ná sɛ, amo boŋe se a toŋe Timoti se o ba abam tei leile. Konto wó wane ko pa se, o ná jwoori o ba o pa-ne abam labaare, se a daa yé taa jege lwia a pa abam. 20Nɔɔn-nɔɔno daa tera amo tei ne o na jege amo boboŋa yam dwoŋi, ye o yiga wo abam wone, ko ná dae Timoti yerane. 21Balo maama na daare to lage ba tete wonnu yerane mo, ye ba ba lage Yezu Krista wonnu tem. 22Ko nam ná ye Timoti, abam maŋe á yei o wo na tɔge chega tei to. O déem tɔge de amo o tɔɔle Wɛ kwor-ywoŋa kam, nenɛɛne bu na lage se o tɔge o kwo o toŋe tei to. 23Mo kokuri a boŋe se a toŋe‑o abam tei ne, ne amo ná lɔre we, ba wó pore-ne ba yage, naa ba bá pore-ne. 24Dé Teiru wom nam pɛ a jege teena we, ba wó pore-ne ba yage leile ye a laam ba abam tei.
25Amo boŋe we ko ya maŋe se a toŋe Epafarodi se o jwoori o ba abam tei. Wonto ye dé nu-bu mo. O ma tɔge de amo o toŋe Wɛ totoŋa, ye dé kwori dé chana ya baŋa ne. O maa ye abam tontoŋeno wolo á na le á wone se o ba o woli-ne a yaara yam ŋwaane to. 26Abam fera laam maa jege‑o, ye o lage se o daa na abam. O wo ya chɔge de á na lɔre we, o ya ba jege yazura to. 27Ko ye chega mo we, o ya weela ye o da toone tei o kɛ. Wɛ nam mo duri o yiniga. Ko nam dae wonto yiniga yerane mo o duri. Wɛ duri amo de yiniga, de o na pɛ o wori ye amo wo daa wo tiini ko chɔge ko daŋe da-baŋa ne to. 28Konto ŋwaane, amo yɔɔre a lage se o yi abam tei lela, se á ta‑á jege wopwolo de á na jwoori á na‑o to, ye amo de lwia yam laam jei. 29O ná tua, se á jeeri‑o lanyerane de wopwolo dedɛ, o na ye dé Teiru wom nyem to ŋwaane. Ko maŋe se á ta‑á nege nɔɔna nenɛɛne wonto dwoŋi tei. 30Kokuri o ya dɛ toone tei o kɛ Yezu Krista totoŋa yam ŋwaane mo. O déem lage o ga o ŋwea de o na leiri abam yuu ne se o taa toŋa o woli-ne to.",https://www.bible.com/bible/3661/PHP.2.KBG
FILIPI 3,"Chwo-laao tɔgem
1A nu-bia bam, a jege kolo fenfee na daare to se a ta a woli da. Wɛ wó pa á ta‑á jege wopwolo dé Teiru wom ŋwaane. Amo na maŋe a popone kolo a ma bere abam to, ko bá taa chamma se a jwoori a bere-te abam, se ko wane ko che abam wo-lwanno wone. 2Fɔge-na á che á tete de wo-lwan-keira balo na kwaane se ba taa gwoni nɔɔna yera ba yage to. Banto ye vara mo. 3Debam nam mo ye Wɛ nɔɔna chekke, ye ko dae dé na gwoni dé peina to ŋwaane, ne banto na bere tei to. Debam tɔge Wɛ Sin-laao kom ŋwaane mo dé zuli Wɛ. Yezu Krista mo ye wolo dé na maa teere to, ye dé bá ke dé boboŋa de chullu telo na bere we nɔɔna yera gwonim jege kuri ko pa Wɛ. 4Ko ya ná ye we logo baŋa chullu tem jege kuri, amo tete ya wó na chwoŋa lanyerane se a ke a teena te wone. Nɔɔno wolo ná boŋe se o tɔge logo baŋa chullu tem, kotu taa yei we, amo mo dwoni nɔɔna maama chullu tem tɔgem seeni. 5Amo déem na nɛ da nana to mo ba gwoni a peini, ne Juu tiina chullu tem na bere tei to. Ba na loge-ne to, a ye Isarele tu mo, ye a nwoŋi Benjamin dwi tiina bam wone. Amo yɔɔre a ye Hiburu dwi tu chekke mo. Ko ná ye Wɛ nia yam tɔgem, amo déem wo Farisi tiina kɔgɔ kom wone mo. 6Amo na toŋe de yi-seena a pa Wɛ tei to, a tiini a bɛɛse Yezu kɔgɔ kom nɔɔna. Ko ta ná ye Wɛ ni-kaana yam sɛɛm, amo déem tɔge chwoŋa chekke ye tusim tera.
7Amo déem pɛ wonnu tem konto maama jege nyɔɔre te pa-ne, ye a laam boŋe a lɔre we, te ye kafɛ mo amo yiga ne, a na sɛ Yezu Krista to ŋwaane. 8Chega ŋwaane to, woŋo kolo maama amo na jege to, a pa ko ye kafɛ mo a yiga ne, amo laam na tu a me de Yezu Krista wolo na ye amo Teiru to ŋwaane. Konto tiini ko jege kuri ko pa-ne ko dwoi woŋo maama. Wonto ŋwaane mo a kwei a woŋo maama a yage dáa ne. A pa te maama ye weero mo a yiga ne, se a wane a jwoŋi Yezu Krista a ke a bochare ne, 9se ko pa a ji o nyem. Konto to, amo wó taa jege chega Wɛ tei ne, a na ke a wo-dedoa de Yezu Krista to ŋwaane. Ko bá taa ye amo tete kikia de a na tɔge Wɛ nia yam tei to ŋwaane. Ko nam ye Wɛ tete mo pae a jege chega o tei ne, ye ko zege amo na ke a wo-dedoa de Yezu to ŋwaane. 10Woŋo kolo amo na tiini a lage to ye se a me de Yezu Krista mo, se a kwori a lɔre dam-fɔrɔ kolo Wɛ na mɛ o bi‑o toone wone to. Amo ta lage se a tɔge a na o yaara yam dwoŋi, se a daare a taa nye ded‑o de o na sɛ o te nabiina ŋwaane to. 11Konto to, amo wó wane a maŋe se Wɛ bi amo de toone wone.
Wɛ chwoŋa tɔgem taane
12Ko nam dae we amo maŋe a yi Wɛ chega kam maama. Ko ta dae we a bochare kwɛ de ti maama, ye lwarem daa tera. Amo nam na ke tei to, a kwaane mo a yigi se a vo yiga, se a laam wane a jwoŋi nyɔɔre Yezu Krista tei ne a ke a jeŋa ne. Kokuri ko ye nyɔɔre dem konto ŋwaane mo o déem jwoŋi-ne o ke o tete jeŋa ne. 13A nu-bia bam, amo na boŋe tei to, ko dae we a maŋe a yi se a jwoŋi-de a ke a jeŋa ne. Amo nam na ke kolo to, a yeini a le wonnu telo na maŋe te kɛ to a boboŋa ne, se a daare a yigi a vo a yi wonnu telo na wo a yiga ne to. 14Amo na tɔge Wɛ chwoŋa tei to, a yɔɔre a kwaana se a duri a vo yiga mo se a laam vo a yi kweelim jeiga kam. Amo na me de Yezu Krista to, a laam wó vo a na ŋwea Wɛ tei ne. Ŋwea kam kanto ye pɛɛre delo Wɛ na bwoŋi-ne se a ba o tei a jwoŋi to mo.
15Ko ná ye debam balo boboŋa na kweere de Wɛ chwoŋa tɔgem to, ko maŋe se debam maama sɛ we, amo na tage tei to ye chega mo. Abam badaara boboŋa nam ná ba tɔge konto dwoŋi, Wɛ wó pa á lɔre woŋo kolo na ye chega to. 16De konto de, ko maŋe se dé yɔɔre dé taa tɔge chwoŋa kalo dé na maŋe dé lɔre we ka ye chega to mo.
17A nu-bia bam, ko maŋe se á ta‑á lwoni amo kikia yam mo, se á maane á nii balo na tɔge chwo-laao, nenɛɛne dé na bere abam se á ta‑á tɔge tei to. 18Amo lage se a jwoori a bere abam wonnu telo a na maŋe a ta kuni dedɛ to mo. Ko maa pae a kane yi-na de lwia yalo amo na jege abam ŋwaane to. Ko ye we nɔɔna dedɛ wo á wone ba kikia na bere we ba chuli Yezu Krista dagara kam toone dem. 19Ko kweelim jei ne Wɛ wó chɔge banto de ba dwi maama. Ba yeini ba zuli wonnu telo fera na jege-ba to ko dwoi Wɛ. Ba maa jege teera de kolo na maŋe de ba chaveera to, ye logo baŋa wo-yɔɔro boboŋa jege-ba. 20Ko nam ná ye debam, dé kugu jei wo Wɛ telaao woro kom ne mo. Konto ŋwaane, dé cheigi dé Vereno wom se o nwoŋi dáane mo o ba. Debam Teiru Yezu Krista mo konto. 21O ná tua, o laam wó kwei dé logo baŋa yera yam o pa ya leiri ya taa nye de o tete yera yam na tiini ya jege nenɔŋ-fɔrɔ to. O wó ma o dam-fɔrɔ kolo na pae o wae woŋo maama o taa tei to o ke konto.",https://www.bible.com/bible/3661/PHP.3.KBG
FILIPI 4,"Kikia yalo na maŋe de Yezu nɔɔna to
1A nu-bia bam, a swoi abam lanyerane ye á fera jege-ne. Abam pae amo ywoni jege wopwolo, ye a kwori a jege teera de abam. A badwoŋ-swonnu bam, kwaane-na á fɔge á zege lanyerane dé Teiru wom ŋwaane.
2A nam lwoori Yuodia de Sintika lanyerane se á ta‑á jege boboŋe dedwe, á maama na ye dé Teiru wom nyem to ŋwaane. 3Ko ta ná ye nmo wolo na ye a dwoŋi tontoŋeno chekke to, a lwoori‑m se n zeini kaana banto se ba taa sɛ daane, kolo ŋwaane ba déem tɔge de amo ye dé tiini dé toŋe dé bere nɔɔna Wɛ kwor-ywoŋa kam. Kelɛmɛn de nɔɔna badaara na wo a tei ne to de déem toŋe konto dwoŋi. Wɛ maŋe o popone banto yera o ŋwe-doŋa kam tɔnɔ kom wone.
4Ta‑á jege-na wopwolo maŋa maama dé Teiru wom ŋwaane. Amo ta wó jwoori a ta we, á ta‑á jege wopwolo. 5Pa-na se nɔɔna maama lɔre á na zuri á yera mo tei. Kokuri dé Teiru wom bá dáane ye o ba. 6Yé zaŋe-na á ta‑á jege lwia de kolokolo. Kolo maama nam ná ke ko pa abam, se á ta‑á ware Wɛ á bere‑o kolo á na lage to, ye á lwoori wolim o tei ne, ye á ta kwori á ke‑o lei. 7Konto mo Wɛ wó pa á bochara taa zura se ko taa dwoi nabiina na wó wane ba lɔre ko na ye tei to, se kolokolo yé wane ko chɔge á bochara de á boboŋa maama, á na me de Yezu Krista to ŋwaane.
8A nu-bia bam, amo ta jege fenfee se a ta a woli da. Ta‑á jege-na boboŋa konto dwoŋi:
ko ná ye woŋo kolo maama na ye chega to,
de woŋo kolo na jege zula,
de woŋo kolo na yɔɔre chwoŋa,
de woŋo kolo na ba jege tusim,
de woŋo kolo na pwoli nɔɔna wo,
de woŋo kolo na jege teem nɔɔna tei ne,
se á ta‑á jege-na wonnu tem konto boboŋa.
Ko maa ye wonnu telo maama na lana ye nɔɔna seini-te to boboŋa mo. 9Ta‑á toŋe-na á tɔge wonnu telo amo na bere abam ye á sɛ-te to. Abam maŋe á lɔre amo ni taane dem de a kikia maama na bere wonnu tem konto tei. Á ná seene á tɔge-te, bochare-zuru tu Baŋa Wɛ wó taa wo á tei ne.
Lei keim
10Amo tiini a jege wopwolo dé Teiru wom ŋwaane, kokuri ko dáane ye abam daa wo guli a gula se á woli-ne, ye leile konto á laam jwoori á zeini-ne. Ko nam dae we abam ba jege a boboŋa mo ya, ko ye á wo nɛ chwoŋa mo se á woli-ne. 11Amo na tɛ konto dwoŋi to, ko dae we amo na gɛ kolokolo to ŋwaane mo. Woŋo kolo maama ná ke-ne, a maŋe a lɔre mo ye a ba gwooni kolokolo. 12Yiniga ná jege-ne, amo yei a na wó ja a tete tei. A jeŋa nam ná jega, a ta yei a na wó ke tei. Kolo maama ná yi-ne, a maŋe a yei ko kuri. Wodiiru ná daga pa a di a boboŋa, naa kana ná jege-ne, ye a jejegero ná daga, naa te ná muri, amo ta yei chwoŋa kalo a na wó da to. 13A wae wonnu tem maama a ke, a na me de Yezu Krista ye o ke dam a bochare ne to ŋwaane. 14De konto de, á ke lanyerane de á na woli-ne de a yaara yam to.
15Abam Filipi tiina tete de yei lanyerane we, maŋa kalo a na nwoŋi Makedonia ye a bobo a wora a tɛ Wɛ kwor-ywoŋa kam a bere nɔɔna to, ko ye abam yerane mo woli-ne. Yezu nɔn-kɔgɔ kodwoŋi daa tera ko na woli-ne se dé yaare dé pa daane, ko ná dae abam yerane. 16Amo déem na wo Tɛsaloni ne to, abam toŋe kolo amo na gɛ to á pa-ne, ye ko dae kuni bedwe yerane. 17Ko nam dae we amo yi zo á pɛɛra yam tete mo, se ko ye nyɔɔre delo abam na wó na Wɛ tei ne ya ŋwaane to mo. Konto mo pɛ-ne wopwolo. 18Amo jene daa tera abam yuu ne. Abam maŋe á ke se ko gaale á pa-ne. Amo laam nɛ pɛɛra yalo á na ke Epafarodi jeŋa ne se o ja ba o pa-ne to, ye a daa bá ga kolokolo. Abam pɛɛra yam nye de woŋo kolo lwom na ywomma ye á kwei á ma kaane Wɛ to mo. Wɛ wó jwoŋi á kaanem dem ye de ta wó pa o wo pwoli. 19Amo Tu Wɛ wó pa abam kolo maama á na gɛ to, de o na jege wo-laaro telo na tiini te beiŋi ye te jege nenɔŋ-fɔrɔ Yezu Krista tei ne to.
20Baŋa Wɛ wom na ye debam Kwo to maŋe de zula maŋa maama se ko taa vei wuu. Ameena.
21Jɔɔne-na Wɛ nɔɔna balo na me de Yezu Krista to maama á pa-ne. Dé nu-bia balo na wo amo tei ne to de jɔɔne abam. 22Wɛ nɔɔna bam maama jɔɔne abam, ko fɔge ko dae balo na zoore Rom Pa-faro wom sɔŋɔ ne to.
23Debam Teiru Yezu Krista wó pa o zaane dem taa wo á bochara ne.",https://www.bible.com/bible/3661/PHP.4.KBG
KOLOSIA 1,"1Amo Pɔɔl wolo Wɛ na tiŋi-ne de o tete boboŋa se a taa ye Yezu Krista totoŋa nakwe to mo popone tɔnɔ konto, ye dé nu-bu Timoti mo tɔge o woli-ne. 2Dé popone se dé pa abam balo na ye Wɛ nɔɔna ye á zoore Kolosia ne to. Abam maa ye dé nu-bia balo na tɔge Yezu Krista de á wo maama to.
Dé Kwo Wɛ wó pa abam zaane de yazura.
Lei keim
3Maŋa kalo maama debam ná yeini dé lwoori Wɛ dé pa abam, dé ta ke Wɛ lei abam ŋwaane. Wonto maa ye dé Teiru Yezu Krista Kwo. 4Kokuri to, dé lɔre abam na jege wo-dedoa de Yezu, ye á kwori á jege Wɛ nɔɔna bam maama swono tei to. 5Konto maa pae se á jege teena we, á wó na ywoni Wɛ tei ne. Ko ye abam na bobo á ni Wɛ kwor-ywoŋa kam to mo pɛ á lɔre we, o tiŋi ywoni dem konto telaao ne o pa abam. Wɛ kwora kam konto maa ye ta-ŋom delo na seene de ye chega to mo. 6O kwor-ywoŋa kam konto laam jage ka yi logo baŋa jei maama, ye ka fɔge nɔɔna lanyerane, ne ka na maŋe ka fɔge abam tei, ko zege maŋa kalo á na bobo á lɔre Wɛ zaane dem na seene de ye tei to. 7Ko ye Epafera déem mo bere abam Wɛ chega kam konto. Wonto maa ye debam nu-bu-swono ye o toŋe de o wo maama o pa Yezu Krista debam ŋwaane. 8Wonto ta mo tage o bere debam Wɛ Sin-laao kom na pɛ abam taa jege swono á bochara ne tei to.
9Abam na yɔɔre á tɔge Yezu konto to, dé yeini dé lwoori Wɛ mo maŋa maama dé pa abam, ko zege maŋa kam dé na lɔre abam ni ne to. Dé lwoori‑o se o pa á ta‑á yei o boboŋa na lage tei to, se o daare o pa á na swa de yi-poro maama, ne o Sin-laao kom na pae tei to. 10Abam laam wó wane á tɔge chwoŋa se ko maŋe de dé Teiru wom na lage tei to, ye á kikia maama wó su o yi. Dé lwoori Wɛ se o woli abam se á ta‑á ke totoŋ-laaro dwi dwi lanyerane, se á boboŋa taa pula maŋa maama Wɛ taane wone. 11Wɛ nam wó tɔge o paare dem ŋwaane o woli abam de o dam-fɔrɔ kom, se á wane á fɔge á zege lanyerane, ye á jege pu-dɛa wonnu maama baŋa ne. 12Á wó wane á ta‑á ke dé Kwo Wɛ lei de wopwolo, kolo ŋwaane o pɛ abam chwoŋa se á tɔge á na wo-laaro telo o na tiŋi se o pa nɔɔna balo na ye o nyem to. Wɛ nɔɔna bam jeiŋa jei maa tiini de jege pwooni lanyerane o tei ne. 13Dé Kwo Wɛ ma vere debam lim wone o yage, se wo-lwanno daa yé taa jege dam dé baŋa ne. O ma daare o ja debam o zo o tete Bu-swono kom paare dem wo. 14Ko nam ye o Bu Yezu mo kwei o ŋwea o ma ŋwe dé wɛleera jene, pa se Wɛ yage-ya o ma chɛ debam.
Wɛ Bu Yezu na ye wolo to
15Yezu yɔɔre o jege Baŋa Wɛ nyenyego, ye nabiina yia na‑o. Nɔɔn-nɔɔno nam ba nae Baŋa Wɛ tete. O ye Wɛ Bu-doa mo ye o zege wonnu telo maama Wɛ na naane to yiga ne. 16Wɛ dɛ wonto ŋwaane mo o ke wonnu maama. Te maa ye wonnu telo maama na wo wɛyuu ne de tega baŋa ne to, de telo nɔɔna na wae ba nae de yia, de telo ba na ba nae to, ko woli de malese, de wonnu telo maama na jege dam nabiina baŋa ne to. Ko ná ye wonnu telo maama na wora to, Wɛ dɛ Yezu ŋwaane mo o ke-te se ko pa o na zula te baŋa ne. 17Yezu maŋe o wora mo boboa ne ye kolokolo ta tera. Ko ye wonto ŋwaane mo wonnu maama jege kuri lanyerane ye te toŋe te tɔge daane. 18Ko ná ye Yezu nɔɔna bam tei ne, wonto mo ye ba yuu tu, ye ba kɔgɔ kom nye de o yera yam mo. O ta maa ye ba pulim jei. Ko ye Yezu mo dɛ yiga o bi toone wone ye o na Wɛ ŋwe-doŋa kam, se ko pa o taa wo wonnu maama yiga ne. 19Baŋa Wɛ tete boboŋa mo lage se o Bu Yezu taa nye ded‑o fase. 20Wɛ boŋe se o da o Bu wom ŋwaane mo o jwoori o ke wonnu maama o tete jeŋa ne. O Bu Yezu na tege dagara kam yuu ne ye o jana nwoŋi to mo pɛ se wonnu maama jwoori te fɔge daane de Wɛ, ne ko ná ye logo baŋa wonnu tem de wɛyuu wonnu tem maama de.
21Ko nam ná ye abam, á déem ye Wɛ dona mo. Abam boboŋa de á kikia maama déem lage wo-lwanno yerane mo pa se á ba lage Wɛ ni taane. 22Ko daare leile konto, Wɛ laam pɛ se abam ded‑o fɔge daane, o Bu wom na jigi nabiinu ye o daare o te to ŋwaane. Wɛ ke konto se á wane á ba á zege o yiga ne de wo-pwoŋo, ye á ye nɔn-laaro balo na ba jege tusim to. 23Abam nam jege se á yɔɔre á ta‑á tɔge Wɛ chega kam de á wo-dedoa, se á yé ywori ka wone. Á yé pa se á boboŋa leiri de teena yalo á na jege Wɛ kwor-ywoŋa kam ŋwaane to. Ka ye Wɛ kwora kalo abam na maŋe á ni ye ba tɔɔle-ka dɔŋɔ ni maama ne to mo. Wɛ nam kuri amo mo se a taa ye o tontoŋeno ye a tɔɔle o kwor-ywoŋa kam konto.
Pɔɔl na toŋe o pa Yezu nɔɔna tei to
24Amo na yaare tei abam ŋwaane to mo yeini ko pa-ne wopwolo. Ko na chɛ amo yera ne tei to ye Yezu Krista na yaare o daare tei to mo konto. Amo yaara yam nam mo wó woli Yezu yaara yam wone se ko pa o nɔn-kɔgɔ kom na zeinim lanyerane. 25O nɔɔna bam nye de o tete yera mo, ye Wɛ tiŋi-ne se a taa toŋa a pa-ba. Amo na toŋe tei a pa abam to mo ye a yeini a kwaane a tɔɔle Wɛ kwora kam maama jilli. 26Ko zege faŋa faŋa to, Wɛ chega kam konto déem seigi nabiina tei ne, ye Wɛ laam le-ka o bere o tete nɔɔna bam. 27Ko ye Wɛ tete boboŋa na lage tei to o ma pa ba lɔre o chega kam konto. O lage se logo baŋa dwi maama tiina mo lɔre o chega kam na tiini ka jege lam tei to. Wɛ chega kalo déem na seigi ye ka laam ba ka lɔre jaja to mo ye we, Yezu Krista wo abam bochara ne, pa se á jege teena we á wó na nenɔŋ-fɔrɔ Wɛ tei ne. 28Konto ŋwaane debam yeini dé tɔɔle Yezu Krista taane mo dé bere nɔɔna maama. Dé tɔge Wɛ chega kalo maama dé na yei to dé maa kaane-ba, ye dé daare dé bere-ba chekke, se ko pa ba maama laam wane ba zege Wɛ yiga ne, de ba na me de Yezu ye ba boboŋa kweere to. 29Amo nam kwaane a fe a tete a toŋe konto, pa se ko chɛ a yera ne. Ko nam ye dam-fɔrɔ kolo Yezu na yeini o ke a bochare ne to mo a mae a toŋe konto.",https://www.bible.com/bible/3661/COL.1.KBG
KOLOSIA 2,"1A lage a ta a bere abam amo na tiini a toŋe tei abam ŋwaane to mo. A ta toŋe a pa Wɛ nɔɔna balo na wo Ladika ne to, de nɔɔna balo yi na wo nɛ amo to maama. 2Amo yeini a zeini Wɛ nɔɔna bam se ko pa ba wane ba taa jege baare, se ba daare ba me daane de swono. Konto wó pa ba zege lanyerane de ba na tiini ba yei Wɛ chega kam tei to. Ba maa wó ba ba lɔre Wɛ chega kalo ya na seigi to, ye kanto nam mo ye Yezu Krista tete. 3Wonto mo ye wolo na pae se nɔɔna wane ba lɔre Wɛ swa de yeino maama na ye tei, ye te jege nyɔɔre dedɛ to.
4A nam tage konto a bere abam se á yé pa nɔɔn-nɔɔno gane abam, de o ná maŋe o ŋɔɔne swa taane tei maama de. 5Amo na seene a tera abam tei ne to, amo boboŋa mo wora abam tei ne. Konto ŋwaane, ko pɛ-ne wopwolo de amo na lɔre we, abam zege lanyerane de ni dedwe de á na yɔɔre á jege wo-dedoa de Yezu Krista tei to.
Wɛ ŋwe-doŋa kam taane
6Abam nam na sɛ Yezu Krista se o taa ye abam Teiru to, se á yɔɔre á ta‑á ye ded‑o konto dwoŋi. 7Nam sale-na á tete ded‑o se o fɔge abam de dam. Kwaane-na se á ta‑á jege o chega kam á bochara ne, ne ba na maŋe ba bere abam tei to. Á nam ta‑á ke Wɛ lei se ko gaale.
8Abam ta‑á yei se nɔɔna wó kwaane ba ma ba tete swa ba gane abam, ye swa yam konto dae Yezu Krista nyem. Ya nam ye nabiina boboŋa yalo na tɔge logo baŋa wo-yɔɔro tem dedaane dé nabaara chullu tem ŋwaane mo. Ya maama maa ye kafɛ. 9Ko nam ná ye Yezu Krista, o déem na ye nabiinu to, Wɛ boboŋa de o jworo maama wo o tei ne. 10O nam tei woŋo kolo maama na jege dam nabiina baŋa ne to mo. Abam na me ded‑o to, á maŋe á na Wɛ ŋwe-doŋa kam fase.
11Abam na tu á me de Yezu Krista to, o le á boboŋ-lwanno se te daa yé taa jege dam á baŋa ne. Abam na fɔge á kwɛ konto to, ko nye de ba na gwoni nɔɔno peini tei to. Ko nam na ke abam tei to dae nabiinu keim, se ko ye Yezu keim ŋwaane mo. 12Kokuri, abam na jwoŋi sɛɛm to, ko bere we ba ya suli abam de, nenɛɛne Yezu Krista na tega ye ba suli‑o tei to mo. Ko kwori ko bere we, á jwoori á bi á na Wɛ ŋwe-doŋa kam, kolo ŋwaane á sɛ we Wɛ dam daga, de o na mɛ-de o bi Yezu toone wone to.
13Abam déem ya ba jege ŋwea Wɛ tei ne, á na tɔge keim-balwaaro to ŋwaane. Á déem wo maŋe de Wɛ nɔɔna bam na ye tei to. De konto de, Wɛ laam pɛ se á na o ŋwe-doŋa kam, á na me de Yezu to ŋwaane. Ko ná ye debam balo maama na ye Wɛ nɔɔna to, o yage dé wɛleera maama o ma chɛ debam. 14Yezu na tege dagara kam yuu ne to, Wɛ ma pa se o nia yam de ya chullu tem maama na bere we dé ke dé chɔge tei to daa yé taa wo dé yuu ne. O ma saare dé wɛleera maama, Yezu na leiri dé yuu ne o te to ŋwaane. 15Yezu ma wane dedɛɛra balo maama na jege dam nabiina baŋa ne to, ye o chɔge ba dam maama. O toone dem dagara kam yuu ne to mo Wɛ mɛ o bere nɔɔna jaja we, dedɛɛra bam konto maama wo o dam kuri ne, ne o na wane o dona ye o ja-ba o vɔ tei to.
16Konto ŋwaane, abam yé pa se nɔɔn-nɔɔno na chwoŋa o yaale abam de á na di kolo ye á nyɔ kolo to. Á yé pa se nɔɔn-nɔɔno bere abam á na wó pɔɔre da yalo se ya taa ye da-kamuna yalo á na wó ma á zuli Wɛ to, ko ze ná ye chan-doŋa ŋwaane, naa siu dɛ ŋwaane. 17Chullu tem konto dwoŋi daa ba jege kuri. Te déem ye lunluŋu mo se te wuuri te bere chega kalo na lage ka ba to. Chega kam konto nam zege Yezu Krista yera ne mo. 18Á yé sɛ á pa nɔɔna balo na bere we, á jege se á ta‑á yaare á tete, naa se á ta‑á zuli malese. Banto boŋe se ba vere nyɔɔre delo á na jege Wɛ tei ne to mo. Ba yeini ba tɛ nenɛɛne, Wɛ mo guri o chega o bere-ba, ye ba boboŋa nam dae Wɛ nyem. Ko nam ye ba tete kamunim boboŋa mo ba jega, ye ko ye kafɛ. 19Banto nam daa ba jege meem de Yezu. Wonto nam mo ye debam Yuu-tu, ye dé me ded‑o nenɛɛne nɔɔno yera na twoŋi de o yuu tei to. Yezu ŋwaane mo dé jege ŋwea Wɛ tei ne, ye dé gwaane daane dé toŋa dé tɔge chwoŋa kalo Wɛ na lage to. Wɛ maa woli debam se dé toŋe dé vo yiga. Ko nye de nɔɔno yera na jege pɔɔrem dwi dwi, ye ya ke totoŋa bedwe, ye ya ke ya ke da tei to mo.
20Abam na sɛ Yezu Krista to, ko nye de á tɔge ded‑o á te. Konto ŋwaane logo baŋa wo-yɔɔro daa ba jege dam á baŋa ne. Bɛ mo ye á nam ta ke nenɛɛne á ye logo baŋa nyem? Bɛ mo ye á sɛ chullu telo na bere we, 21“Yé dwei konto”, naa “Yé ta‑n di konto”, naa “Yé ja konto”? 22Chullu tento dwoŋi wora wodiiru yerane ŋwaane mo. Wodiiru nam ba jege kuri taa taa. Nmo ná di n ti, mo ko maama. Chullu telo ba na bere abam konto dwoŋi to ye nabiina boboŋa mo. Te wo nwoŋi Wɛ tei. 23Te nam bere nɔɔna ba na wó fe ba tete ba zuli Wɛ tei to, de ba na jege se ba yaare ba tete ye ba waare ba yera tei to. Chullu tem konto dwoŋi bere we te jege kuri, ye te nam ye kafɛ. Te ware te woli nɔɔna se ba ja ba tete de wo-zɔɔna yalo ba fera na zoore to.",https://www.bible.com/bible/3661/COL.2.KBG
KOLOSIA 3,"1Abam na nɛ Wɛ ŋwe-doŋa kam to, ko nye de á tɔge de Yezu Krista mo á jwoori á bi toone wone. Yezu laam jege o jeiŋa jei Wɛ jazem seeni. Abam na me ded‑o to, pa-na se Wɛ telaao wonnu tem taa jege fera á tei ne. 2Pa-na se á boboŋa tiini ya zo wo-laaro tem konto, ye ko dae logo baŋa wo-yɔɔro tem. 3Abam na yage wɛleera chwoŋa to, ko nye de á ye twa mo ya tei ne. Á ŋwe-doŋa kam ye Yezu Krista nyem mo, ye Wɛ jege-ka o kwola o tei ne. 4Á ŋwea kam de Yezu Krista ye bedwe mo. Konto ŋwaane, o ná jwoori o ba o bere o tete jaja de o nenɔŋ-fɔrɔ kom, abam de wó tɔge ded‑o á ta‑á jege o nenɔŋ-fɔrɔ kom dwoŋi.
Wɛ ŋwe-doŋa kikia yam taane
5Abam nam jege se á chɔge logo baŋa boboŋ-lwanno mo á bochara ne, se á daa yé zaŋe á sɛ-te. Ko ná ye kabwoŋa mo, naa wo-zɔɔna keim, naa ka-laga kikia, naa ko ná ye á fera na zoore wo-yɔɔro tei, naa á yi su wonnu tei to, se á yé sɛ á tɔge boboŋa yam konto dwoŋi. Nmo nam ná pae n yi su wonnu, ko bere we n pa tento mo zula ne jwona tei to. 6Ko nam na ye tei to, kikia yanto dwoŋi ŋwaane mo Wɛ bane wó zaŋe nabiina baŋa ne. 7Abam tete ŋwea déem tɔge chwei sento dwoŋi mo. 8Ko daare leile konto, abam nam jege se á de wo-balwaaro tem konto maama mo á yage. Yage-na ban-zɔŋɔ de ban-lom maama. Á yé ta‑á boŋe nɔɔna chɔgem. Á yé ta‑á twe nɔɔna. Á yé pa se ta-zɔɔna taa wo á ni ne. 9Yé zaŋe-na á fɔ vwa á pa daane. Kokuri abam dole á ŋwe-dwoŋa kam á yage de ka kikia maama, 10ye á laam daare á jege ŋwe-doŋa mo. Wɛ mo ye á ŋwe-doŋa kam keiru. O maa wora o fɔge-ka se ka taa nye de o tete ŋwea, se á wane á lɔre o na ye tei to chekke. 11Konto ŋwaane, ko ná ye balo na jege Wɛ ŋwe-doŋa kam to, pɔɔrem tera ba wone. Juu tiina de dwi-gɛ tiina maama ye bedwe mo. Balo peina na gwoni to de balo na wo gwoni to de maama ye bedwe. Balo na ye veira to de balo yi na wo poore to, ko woli de kabɛ de balo na tei ba tete to maama ye bedwe mo. Ba maama ŋwea wora Yezu Krista ŋwaane mo ye o me de ba maama.
12Wɛ mo kuri abam se á ta‑á ye o nyem, ye o jege abam swono. Konto ŋwaane, ta‑á jege-na da-ŋwaŋa, de da-zula. Ta‑á gwooni-na á tete da-tei ne, se á ta‑á nege daane de ban-peno. 13Ta‑á zuri-na á yera á pa daane. Abam wolo ná jege o dwoŋi taane, se á yage á ma á chɛ daane, ne dé Teiru Yezu na yage abam wɛleera o ma chɛ abam tei to. 14Konto maama wone ta‑á jege-na da-swono, se ko pa á wane á tɔge chwoŋa de ni dedwe. 15Pa-na se á boboŋa maama taa tɔge bochare-zuru, ne Yezu Krista na pɛ á jege tei to. Abam na ye kɔgɔ dedoa to, Wɛ kuri abam se á ta‑á tɔge daane de bochare-zuru konto dwoŋi mo. Maŋa maama se á ta‑á ke Wɛ lei. 16Pa-na se Yezu Krista taane dem tiini de zo abam bochara de fɔge-ya lanyerane. Á ta‑á mae boboŋ-dɛɛra á bere daane Wɛ chega kam, se ko pa á lɔre chwoŋa kalo na lana to. Ta‑á leeni-na Wɛ seinim lei, de Yezu kɔgɔ kom lei, de Wɛ Sin-laao kom na pɛ abam lei selo to. Ta‑á leeni-na konto á pa Wɛ, ye á ke‑o lei. 17Woŋo kolo maama abam na wora á ke de á ni, naa de á jeŋa to, se á pa ko taa ye dé Teiru Yezu yere ŋwaane, ye á daare á tɔge o ŋwaane á ta‑á ke dé Kwo Wɛ lei.
Nɔɔna maama na jege se ba tɔge chwoŋa kalo to
18Kaana jege se ba sɛ ba pa ba banna, ne ko na maŋe de balo na tɔge dé Teiru Yezu to.
19Ko nam ná ye kan-banna, se á ta‑á swoi á kaana, se á yé ta‑á ke keim-chɛɛre de-ba.
20Ko nam ná ye bia, á na sɛ dé Teiru Yezu to, ko maŋe se á sɛ á tiina ni mo maŋa maama, se konto mo lamma Wɛ tei ne.
21Ko daare ko ná ye bia tiina, se á yé ta‑á chuchugi á bia bana, se konto wó pa ba boboŋa chɔge chwoŋa kalo na lana to wone.
22Ko ná ye balo na ye kabɛ to, se á ta‑á toŋe á tɔge á yuu tiina boboŋa woŋo maama baŋa ne. Ko nam dae ba na zege ba nii abam maŋa kalo to yerane mo á wó ke konto se á jwoŋi zula ba tei ne. Maŋa maama ta‑á toŋe-na de á wo maama, á na kɔre dé Teiru wom to ŋwaane. 23Woŋo kolo maama á na toŋe to, se á ta‑á toŋe de jawala. Pa-na se á na ke tei to taa ye dé Teiru wom ŋwaane, ye ko dae nabiina yerane ŋwaane. 24Kokuri á yei we dé Teiru Yezu Krista wó pa abam nyɔɔre delo o na tiŋi se o pa o nɔɔna bam to. Wonto mo ye á yuu tu wolo á na toŋe á pa to. 25Ko daare wolo maama na ke o chɔge to wó jwoori o na chɔgem se ko maŋe de o kikia yam na ye tei to. Wɛ nam tɔge chega de o na ke nɔɔna maama tei to ye o ba kuri-ba daane.",https://www.bible.com/bible/3661/COL.3.KBG
KOLOSIA 4,"1Ko ná ye yuu tiina balo na tei kabɛ to, se á ta‑á tɔge chega de á na ke-ba tei to. Á nam ta‑á yei we, abam de jege wolo na tei abam to Wɛ telaao ne.
2Abam maama nam tiini á ta‑á lwoori Wɛ, se á pa á boboŋa maama taa wora, ye á kwori á ke‑o lei. 3Á nam ta‑á lwoori Wɛ konto á pa debam de, se o pa dé na chwoŋa se dé taa tɔɔle o kwora kam dé bere nɔɔna Yezu Krista chega kam na ye tei to. Ko nam ye amo na bere Yezu chega kam to ŋwaane mo pɛ se a laam wo peena diga ne. 4Lwoori-na Wɛ á pa-ne se a wane a pa nɔɔna lɔre chega kam konto maama fase. Mo totoŋe delo Wɛ na pɛ-ne se a ke to.
5Ko ná ye balo na ba tɔge Yezu to, se á ta‑á yei á na wó tɔge chwoŋa kalo á ke-ba tei to. Wɛ ná pɛ abam chwoŋa se á toŋe kolo, se á pa ko ja kuri lanyerane. 6Pa-na se á ni taane taa jege ywoni de mwanno, se á daare á ta‑á yei á na wó leiri nɔɔna maama taane tei to.
7A lage a toŋe dé nu-bu-swono Tichika se o ba abam tei. Wonto toŋe o pa dé Teiru Yezu de o wo maama, ne debam de na toŋe tei to. 8O ná tua, o laam wó ta amo taane maama o bere abam. A lage se o pa abam bochara mo peini tega ne, de á na wó lɔre kolo na wora ko ke debam to. 9Debam nu-bu-swono Onesima de wó tɔge o ba. O déem nwoŋi abam kɔgɔ kom wone mo, ye dé yei o wo lanyerane. Banto balei wó ta woŋo kolo maama na wora ko ke debam tei ne to ba bere abam.
10Arisaka wolo na tɔge de amo o wo peena diga ne to jɔɔne abam. Maake wolo na ye choro de Banabas to de jɔɔne abam. Abam maŋe á jwoŋi ni se, o ná tua, se á jeeri‑o lanyerane. 11Yesua wolo yere dedwoŋi na ye Jusitu to de jɔɔne abam. Ko ná ye Juu tiina balo na tu ba sɛ Yezu to, nɔɔna banto batɔ yerane mo ye balo na tɔge ba toŋe Wɛ paare dem totoŋa ba woli amo. Ba kwaane ba pa se a bochare ke dam lanyerane.
12Epafera wolo na nwoŋi abam kɔgɔ kom wone ye o toŋe o pa Yezu Krista to de jɔɔne abam. O kwaane mo o lwoori Wɛ maŋa maama o pa abam, se á wane á zege lanyerane de baare, se á boboŋa kweere de Wɛ chwoŋa tɔgem, ye á tɔge Wɛ boboŋa na lage tei to maama. 13Amo tete mo zege o chega kam kwaga ne we, o tiini o toŋe o pa abam, de nɔɔna balo na zoore Ladika de Hirapoli ne to.
14Debam badwoŋ-swono Luka wolo na ye dɔkta tu to, dedaane Demas jɔɔne abam.
15Jɔɔne-na dé nu-bia balo na tɔge Yezu ye ba zoore Ladika ne to á pa debam, ko woli de Numifa, de Yezu kɔgɔ kolo na yeini ko tigisi o sɔŋɔ ne to.
16Abam ná jwoŋi amo tɔnɔ konto ye á ná gage á ti, se á laam pa-ko Yezu kɔgɔ kolo na zoore Ladika ne to se ba de ga. Ko daare se abam de jwoŋi amo tɔnɔ kodwoŋi Ladika kɔgɔ kom tei ne á ga á nii.
17Ta-na á bere Achipu se o kwaane o ti totoŋe delo dé Teiru Yezu na pɛ‑o se o ke to.
18Amo Pɔɔl tete mo mɛ a jeŋa a popone jɔɔnem dento na kweeli to. Abam yé zaŋe á swei amo na wo peena diga ne tei to.
Wɛ zaane dem taa wo abam tei ne.",https://www.bible.com/bible/3661/COL.4.KBG
1 TƐSALONI 1,"1Amo Pɔɔl dedaane Silas de Timoti mo popone tɔnɔ konto se dé pa abam Tɛsaloni tiina balo na ye Wɛ kɔgɔ kom wo nɔɔna ye á tɔge á ye dé Kwo Baŋa Wɛ de dé Teiru Yezu Krista nyem to.
Wɛ wó pa abam zaane de yazura.
Tɛsaloni tiina na tɔge Wɛ tei to
2Maŋa maama dé yeini dé ke Wɛ lei á maama ŋwaane, ye dé kwori dé lwoori‑o dé pa abam. 3Dé ná vei dé Kwo Wɛ yiga, dé yeini dé guli á na yɔɔre á tɔge dé Teiru Yezu Krista tei to. Abam na ke á wo-dedoa ded‑o tei to mo pae á toŋe lanyerane. Á na swoi‑o tei to mo pae á toŋe pa ko chɛ á yera. Á na jege teena ded‑o tei to mo pae á zege lanyerane de pu-dɛa.
4Dé nu-bia bam, dé yei we Wɛ mo swoi abam, ye o daare o kuri abam se á ta‑á ye o nyem. 5Kokuri, dé déem na kwei Wɛ kwor-ywoŋa kam dé ja ba dé tɔɔle dé bere abam to, ko dae ni taane yerane mo dé tu dé bere. Wɛ dam wo debam tei ne, de o Sin-laao kom de, ye dé zege o chega kam kwaga ne. Á déem nɛ dé na zoore abam tetare ne ye dé ke tei to. Ko maa ye se ko zeini abam mo.
6Á déem lwoni debam de dé Teiru wom na ye tei to. Á na jwoŋi Wɛ kwor-ywoŋa kam to, ko pɛ se á na yaara dedɛ. Á nam ta jwoŋi-ka de wopwolo, Wɛ Sin-laao kom na zeini abam to ŋwaane. 7Ko ma pa se á dwonna lɔre á na ye tei to, ye Yezu nɔɔna balo na zoore Makedonia de Akaya teene dem ne to maama ta lwoni abam kikia. 8Abam na tɔɔle dé Teiru wom kwora kam á bere nɔɔna tei to, ka yi Makedonia de Akaya ka gaale ka kɛ ka yi jei maama, ye nɔɔna maama lɔre á na ke á wo-dedoa de Wɛ tei. Mo kokuri dé daa ba jege se dé ta abam kolokolo. 9Nɔɔna bam tete yeini ba tɛ á na jeeri debam lanyerane tei to. Ba lɔre á na yage jwona kaanem mo se á daare á ta‑á tɔge Wɛ. Ba maa tɛ á laam na toŋe á pa Wɛ wom na ye chega tu de ŋwea tu to, 10ye á kwori á cheigi o Bu wom se o jwoori o ba. Wɛ bi‑o toone wone mo, ye o lage o nwoŋi Wɛ telaao ne o ba logo baŋa. Wonto mo ye Yezu wolo na wó jwoŋi debam Wɛ ban-zɔŋɔ kom na wó ba nɔɔna baŋa to wone.",https://www.bible.com/bible/3661/1TH.1.KBG
1 TƐSALONI 2,"Pɔɔl na woli Tɛsaloni tiina tei to
1Dé nu-bia bam, abam tete yei lanyerane we, dé na tu abam tei to, ko dae kafɛ ŋwaane. 2Á yei debam na maŋe dé na yaara dedɛ Filipi ne tei to, ye dé laam ba abam tei. Ba déem bɛɛse debam ye ba twe debam dedɛ. Dé na tu abam tei to, nɔɔna déem kwaane se ba che dé chwoŋa. De ko de, dé Tu Wɛ nam pɛ debam pu-dɛa se dé ŋɔɔne o kwor-ywoŋa kam dé bere abam de baare. 3Dé na yeini dé kwoori abam se á tɔge Wɛ to, ko dae we dé ŋɔɔne tusim laŋa ne mo, naa dé jege boboŋ-balwaaro mo. Ko dae swa mo dé kea se dé gane abam wolowolo. 4Aawo. Dé yeini dé ŋɔɔne ne Wɛ na lage se dé taa ŋɔɔne tei to mo, kokuri wonto mo kuri debam ye o kwei o kwor-ywoŋa kam o ke dé jeŋa ne se dé taa tɔɔle-ka. Ko ye Wɛ mo maŋe dé boboŋa se o nii. Dé nam na ŋɔɔne tei to, dé lage se dé pwoli o wo, ye ko dae nabiina wo mo dé lage dé pwoli. 5Á yei lanyerane we, dé wo tu se dé ŋɔɔne ni-sone ŋɔŋa de abam. Dé maa wo kwaane se dé kwoli nɔɔna swa se dé na wonnu ba tei ne. Wɛ nam mo wó zege dé chega kam kwaga ne. 6Ko ná ye abam, naa nɔɔno wolo maama de, dé wo ke dé boboŋa ne se nabiina taa pae debam zula.
7Dé na ye Yezu Krista totoŋa nakwa to, dé ya jege chwoŋa se dé daane abam. Dé nam wo ke konto. Dé déem jege abam lanyerane, ne kaane na jege o bia o nii tei to. 8Dé na jege abam swono lanyerane to, dé sɛ se dé kwei Wɛ kwor-ywoŋa kam dé maŋe dé bere abam, ye dé kwei dé ŋwea maama de mo dé woli da dé ke á jeŋa ne, á na tiini á tigi dé boboŋa ne to ŋwaane.
9Dé nu-bia bam, guli-na debam déem na toŋe dé pa abam ye ko chɛ dé yera ne tei to. Dé na wora dé tɔɔle Wɛ kwor-ywoŋa kam dé bere abam to, dé ba lage se dé daane abam de fenfee de. Konto ŋwaane mo dé yeini dé tiini dé toŋe wea de tete maama se dé ma na dé ni-wodiu. 10Abam wó wane á bere nɔɔna debam chega we, dé tɔge chwoŋa lanyerane. Wɛ de wó wane o zege de kwaga ne. Dé na ke tei de abam balo na sɛ Yezu Krista to, dé yɔɔre dé tɔge chwoŋa mo. Dé kikia maama déem jege chega ye dé wo jaane kolokolo dé chɔge. 11Á yei we dé jaane abam de je selei mo, ne kwo na yeini o jege o bia tei to. 12Dé déem kwoori abam se á bochara zuri. Dé ma daare dé kaane abam se á ta‑á tɔge Wɛ chwoŋa se ko maŋe de Wɛ na lage tei to. Kokuri Wɛ mo kuri abam se á zo o woro kom wo ye á na paare o tei ne.
13Woŋo kodwoŋi daa ta wora ye dé ke Wɛ lei maŋa maama abam ŋwaane. Ko ye dé na jaane Wɛ kwor-ywoŋa kam dé ba dé tɔɔle dé bere abam to, á sɛ ye á jwoŋi-ka lanyerane. Á ma sɛ we ko ye Wɛ kwora mo, se ko dae nabiina nyem. Ko ye chega mo, ka seene ka ye Wɛ tete kwora mo, ye ka fɔge abam balo na sɛ Yezu to boboŋa.
14Dé nu-bia bam, ko ná ye yaara yalo na ke abam to, konto dwoŋi mo maŋe ko ke Wɛ kɔgɔ kolo maama na wo Judea te-nia yam ne to. Ko maama ye bedwe mo. Á déem nɛ yaara á dwi tiina bam jea ne. Juu tiina balo na tu ba sɛ Yezu Krista to de nɛ yaara ba tete Juu tiina bam tei ne. 15Ko ná ye Juu tiina bam, banto dwi mo go dé Teiru Yezu de Wɛ sampwori selo déem na tɔɔle o kwora to, ye ba kwori ba bɛɛse debam de. Ba maa yɔɔre ba chuchugi Wɛ bane. Ba yeini ba done nɔɔna maama mo. 16Ba déem kwaane se ba che debam se dé yé tɔɔle Wɛ kwora dé bere dwi-gɛ tiina balo na dae Juu tiina to, se ka wane ka jwoŋi-ba ka yage. Ba na ve Wɛ kwora kam konto to, ko ma pa ba keim-lwanno tem fɔge te puli te daŋe da-baŋa ne. Ko laam yi se Wɛ ban-zɔŋɔ ba ba baŋa ko chɔge-ba.
Pɔɔl lage se o ni ba labaare
17Dé nu-bia bam, dé na yage abam ye ko ke fee to, dé jege lwia dedɛ dé pa abam. Ko nam dae we dé boboŋa mo pɔɔre daane, se ko ye dé yia na ware ya na daane to mo. Dé déem tiini dé kwaane se dé jwoori dé ba dé na abam. 18Chega to, dé lage se dé ba abam tei. Amo Pɔɔl ya kwaane se a ba, ye ko dae bedwe yerane. Ko nam ye setaana pɛ mo chege dé chwoŋa. 19Ko seene ko ye abam boboŋa mo tiini ya wo debam tei ne. Ko ye abam ŋwaane mo dé jege teena Wɛ tei ne de wopwolo. Dé Teiru Yezu ná jwoori o ba, dé wó mage dé nyɔɔna, dé na jege teera de abam to ŋwaane. 20Ko ye chega mo, abam seene á pae dé jege teera de wopwolo.",https://www.bible.com/bible/3661/1TH.2.KBG
1 TƐSALONI 3,"1-2Dé nam na ware se dé na daane to, abam fera tiini ya jege debam se ko gaale. Ko ma pa dé jeeli se dé toŋe dé nu-bu Timoti se o ba abam tei, ye debam tete daare dé maŋe Atena ne. Wonto ye wolo na tɔge de debam o toŋe Wɛ ŋwaane ye o tɔɔle Yezu Krista kwor-ywoŋa kam. Dé toŋe‑o abam tei ne se o woli abam de dam se á ta‑á tɔge Yezu de á wo maama, 3se yaara yalo á na nɛ to yé wane ya pa á jwoori kwaga. Abam yei we yaara yanto dwoŋi maŋe ya jege se ya ba debam baŋa. 4Debam déem ta na wo abam tei ne maŋa kalo to, dé maŋe dé ta dé bere abam we, nɔɔna wó bɛɛse debam. Á laam na nɛ to, mo kolo na seene ko ke. 5Amo na tiini a jege abam lwia to mo pɛ se a toŋe Timoti abam tei ne, se o ba o lɔre á daa ta tɔge Yezu de á wo maama na. Amo ya tiini a kɔre mo we, setaana pɛ mo tu o gane abam se á ywori Wɛ kwaga ne, se ko pa dé totoŋa yam maama laam ba ya ji kafɛ.
6Leile konto Timoti laam jwoori o ba debam tei ye o pa dé boboŋa peini tega ne, de o na tage á taane o we, á ta tɔge Yezu de á wo-dedoa de swono. O daa ta tage o we, á seene á jege debam boboŋa de wopwolo, ye á tiini á lage se á na debam, ne debam de na lage se dé na abam tei to.
7Dé nu-bia bam, yaara jege debam dedɛ. Dé bochara nam tiga de abam, á na tɔge Yezu de á wo-dedoa to ŋwaane. 8Á na tɔge dé Teiru wom de pu-dɛa konto to, ko pae dé ŋwea dae kafɛ. 9Dé wó tiini dé ke dé Tu Wɛ lei á ŋwaane, dedaane dé na nɛ wopwolo dedɛ o yiga ne abam ŋwaane to. 10Maŋa maama tete de wea dé yeini dé lwoori Wɛ de dé wo maama mo, se o yage chwoŋa se dé wane dé na daane, se dé fɔge dé bere abam á na gɛ kolo se á wae á ta‑á tɔge Yezu de á wo-dedoa to.
11Dé Kwo Wɛ de dé Teiru Yezu nam wó pa debam chwoŋa se dé ba abam tei. 12Dé Teiru wom wó pa á swono kom puli dedɛ ko ja gaale, se á ta‑á swoi á dwonna de nɔɔna maama lanyerane, ne debam de na swoi abam tei to. 13Konto dwoŋi mo o wó pa á bochara ke dam, se á laam ba á zege dé Kwo Wɛ yiga ne de wo-pwoŋo, ye á ba jege tusim, maŋa kalo dé Teiru Yezu na wó jwoori o ba de o nɔn-kɔgɔ kom maama to.",https://www.bible.com/bible/3661/1TH.3.KBG
1 TƐSALONI 4,"Kikia yalo na pwoli Wɛ wo to
1Dé nu-bia bam, ko ta daare woŋo fee se dé popone dé woli da. Dé lwoori abam dé Teiru Yezu ŋwaane se á da chwoŋa se ko pwoli Wɛ wo. Dé maŋe dé bere abam chwoŋa kam konto ye á jege-ka á tɔga de zem maama. Dé nam tiini dé lwoori abam se á ja jawala se ko dwoni á na maŋe á ke tei to. 2Abam yei nia yalo dé na bere abam ye ya tɔge dé Teiru Yezu dam ŋwaane to. 3Wɛ na lage se á ta‑á ye tei to mo tento:
O lage se á ta‑á jege wo-pwoŋo o yiga ne, se á lɔŋe ka-laga kikia. 4Abam baara jege se á lɔre á na wó ja á tete tei ka-laga seeni, se ko taa jege zula ye digiru tera ko wone. 5Á nam yé pa á fera taa zoore ka-laga. Mo nɔn-yɔɔro telo na yeiri Wɛ to na yeini ba ke kolo. 6Baaro de kaane laŋa ne, nɔɔn-nɔɔno yé zaŋe o chɔge o nu-bu naa o ke o de‑o. Dé maŋe dé kaane abam lanyerane we, nɔɔno ná ke wo-zɔɔna konto dwoŋi, dé Teiru wom wó waare‑o. 7Wɛ na kuri debam se dé taa tɔge‑o tei to, ko dae se dé taa ke wo-zɔɔna kikia ka-laga wone. O nam kuri debam se dé taa ye wose mo o yiga ne. 8Mo kokuri, nɔɔno wolo ná ve dé na bere tei to, konto tu mɛ o kwaga o ya Wɛ mo. Ko dae nabiina mo o ve, se ko ye Wɛ wolo na ke o Sin-laao kom á bochara ne to mo.
9Ko nam ná ye á na swoi á nu-bia tei to, ko daa wo maŋe se dé popone dé woli da. Wɛ tete maŋe o bere abam á na wó ta‑á jege da-swono tei. 10Ko ye chega mo, á seene á swoi á nu-bia balo maama na zoore Makedonia teene dem ne to. Mo kokuri, dé nu-bia bam, dé lwoori abam se á tiini á ta‑á ke konto se ko ja gaale. 11Kwaane-na se á ta‑á zoore chemm. Ta‑á nii-na á tete kikia se á yage á dwonna. Á ta ta‑á toŋa se á na á tete ni-wodiu á di. Dé maŋe dé ta abam konto mo se á ta‑á ke. 12Á ná dɛ chwoŋa kanto, balo na dae Yezu kɔgɔ kom nɔɔna to wó taa nege abam lanyerane. Ko maa wó pa se á daa bá daane nɔɔn-nɔɔno se o pa abam á na gɛ kolo to.
Dé Teiru wom tutuuri dem taane
13Dé nu-bia bam, ko ná ye nɔɔna balo na tege to, dé lage se á lɔre chega de ko na ke-ba tei to, se á wo daa yé chɔge toone ŋwaane, ne ko na yeini ko ke balo na ba jege teena Wɛ tei ne to. 14Debam sɛ we, Yezu tega ye o laam jwoori o bi toone wone. Konto ŋwaane, ko ná ye balo na sɛ‑o ye ba te to, dé yei we, o ná tua, Wɛ wó kale banto se ba tɔge ded‑o ba yi o tei.
15Yé ta‑á jege-na lwia. Dé na bere abam kolo to ye dé Teiru wom kwora mo. Dɛ dem dé Teiru Yezu na wó jwoori o ba to, debam balo na daare logo baŋa ne ye dé ta ŋwe to bá lwoori dé vo Wɛ tei dé daare balo na maŋe ba te to. 16Ko nam na wó ke tei to, dé Teiru wom wó nwoŋi Wɛ telaao ne o chu o ba. Kwor-dɛa wó bage ka ta taane. Wɛ malese dedɛɛro wom kwora de wó zaŋe ka woli da. Wɛ nabɔnɔ de maa wó keeri. Balo na sɛ Yezu Krista ye ba te to wó da yiga ba bi toone wone. 17Wɛ laam wó ja debam balo na daare ye dé daa ta ŋwe to, se o pa dé la daane de banto kunkwonnu tem wone, se dé maama jeeri dé Teiru wom wɛyuu ne. Konto mo dé wó taa wora dé Teiru wom tei ne maŋa maama se ko taa vei wuu.
18Ko na seene ko ye konto to, se á ta‑á mae chega kam konto á woli daane se á bochara taa tiga.",https://www.bible.com/bible/3661/1TH.4.KBG
1 TƐSALONI 5,"Baŋa Wɛ dɛ-kamunu kom taane
1Dé nu-bia bam, ko daa wo maŋe se dé popone dé ta dé bere abam maŋa kalo wonnu tem konto na wó ke to. 2Abam tete maŋe á yei lanyerane we, dé Teiru wom dɛ dem wó pɔpɔ de ba, ne ŋweeno na yeini o pɔpɔ o ba tete ne tei to. 3Maŋa kalo nɔɔna na tɛ ba we, ko ye chemm mo, ye ywoni wora jei maama to, konto maŋa kam ne de cham wó pɔpɔ de ba ba baŋa, ye ba bá lu. Ko wó taa nye de kaane puga na pɔpɔ ka virigi ye ka wɔe tei to mo.
4Dé nu-bia bam, á nam maŋe á poore, ye á daa tere lim wone. Konto ŋwaane dé Teiru wom dɛ dem bá taa jege se de pɔpɔ de zaŋe de yi abam ne ŋweeno tei ye á yeiri ko ni ne. 5Abam maama wo Wɛ pwooni wone mo, ye á tɔge wea chwoŋa. Dé nam dae tete kokoro nɔɔna, ye dé kikia dae lim wone kikia. 6Konto ŋwaane dé yé pa se dɔɔm taa jege debam ne balo na yeiri Wɛ to. Pa-na dé fɔge dé che dé tete se dé yia waare. 7Tete ne mo nɔɔna yeini ba dɔa, ye ba kwori ba nyɔ sana ba buga. 8Debam nam ye wea nɔɔna mo. Ko maŋe se dé taa cho dé tete. Pa-na dé taa tɔge Yezu de wo-dedoa, ye dé pae da-swono. Konto wó che debam lwarem wone, ne nɔɔno na maa vei jara ye o kwei nantana o ma kwoli o nyɔɔne tei to. Pa-na dé taa jege teena lanyerane we, Wɛ wó jwoŋi debam o yage. Konto maa nye de jara yu-gwoŋo kolo nɔɔno na kwei o ma kwoli o yuu jara maŋa ne to. 9Wɛ na kuri debam se dé taa ye o nyem to, ko dae se o ban-zɔŋɔ kom ba ko chɔge debam mo. Ko nam ye se o jwoŋi debam o yage dé Teiru Yezu Krista ŋwaane mo. 10Wonto mo tege dé ŋwaane se dé wane dé tɔge ded‑o dé na ŋwea Wɛ tei ne. O ná jwoori o ba, ye dé ná ŋwe, naa dé ná tega, ko ba chɔga. Dé wó tɔge ded‑o dé na ŋwea Wɛ tei ne.
11Konto ŋwaane, ta‑á woli-na daane se ko pa á bochara taa tiga, se á fɔge á zeini daane ne á na maŋe á ke tei to.
12Dé nu-bia bam, dé nam lwoori abam se á ta‑á nege nɔɔna balo na toŋe á tetare ne to. Nɔɔna banto mo leiri dé Teiru wom yuu ne ba nii abam baŋa ne, ye ba korese abam. 13Á ta‑á zuli-ba lanyerane de swono ba totoŋ-ŋona yam ŋwaane. Pa se ywoni taa wora á wone.
14Dé nu-bia bam, dé kwoori abam se á ta‑á woli nɔɔna lanyerane.
Ko ná ye jawɔre-nyena, se á kaane-ba.
Ko ná ye balo na kɔre foone to,
se á pa ba na baare.
Ko ná ye nabwona, se á zeini-ba.
Ta‑á zuri-na á bochara de nɔɔna maama.
15Á ta‑á yei se nɔɔn-nɔɔno yé ma wo-lɔŋɔ
o ma jwoori o ŋwe wo-lɔŋɔ o pa o dwoŋi.
Maŋa maama se á kwaane á ta‑á tɔge chwo-laao
de á nu-bia bam, ko woli de nɔɔna maama.
16Ta‑á jege-na wopwolo maŋa maama.
17Maŋa maama se á ta‑á lwoori Wɛ.
18Kolo maama ná kea, se á ta‑á ke Wɛ lei.
Mo Wɛ na lage se á ta‑á ke tei,
á na me de Yezu Krista to ŋwaane.
19Yé kwoli-na Wɛ Sin-laao kom.
20Sin-laao kom ná pɛ nɔɔno pworisi Wɛ kwora,
se á yé gwooni ka na ye tei to.
21Abam nam maŋe-na woŋo maama á nii.
Ko ná lana se á ta‑á tɔge-ko.
22Se á nam fɔge á che á tete de lwarem dwi maama.
23Baŋa Wɛ wom na pae nɔɔna bochare-zuru to wó taa jege abam de je selei, se á ta‑á jege wo-pwoŋo fase o yiga ne, se á ŋwea maama taa jege chega, ko ná ye á yera de á jworo de. Konto to, dé Teiru Yezu Krista ná tua, á bá ta‑á jege tusim Wɛ tei ne de fenfee de. 24Wɛ mo bwoŋi abam se á ta‑á ye o nyem. O nam zege o chega wone. O maa wó zeini abam ne o na tage tei to.
25Dé nu-bia bam, ta‑á lwoori-na Wɛ á pa debam de.
26Jɔɔne-na dé nu-bia bam maama, ye á kukwori daane á zuli Wɛ.
27A nam tɛ abam dé Teiru wom dam ŋwaane se á ga tɔnɔ konto á bere dé nu-bia bam maama.
28Dé Teiru Yezu Krista zaane dem taa wo á tei ne.",https://www.bible.com/bible/3661/1TH.5.KBG
2 TƐSALONI 1,"1Amo Pɔɔl, dedaane Silas de Timoti mo popone tɔnɔ konto se dé pa abam Tɛsaloni tiina balo na ye Wɛ kɔgɔ kom wo nɔɔna ye á tɔge á ye dé Kwo Baŋa Wɛ de dé Teiru Yezu Krista nyem to.
2Dé Kwo Wɛ, de dé Teiru Yezu Krista wó pa abam zaane de yazura.
Lei keim dedaane wɛ-lworo
3Dé nu-bia bam, maŋa maama dé jege se dé ke Wɛ lei abam ŋwaane nenɛɛne ko na maŋe tei to, kokuri á na ke á wo-dedoa de Yezu tei to ke ko daŋe da-baŋa ne. Á maama tiini á swoi á dwonna lanyerane, ye á swono kom konto wora ko pula dedɛ. 4Á na ye konto dwoŋi to, dé yeini dé ta á taane dé bere Wɛ kɔgɔ kom na wo jeiga kalo maama ne to, ye dé jege teera abam ŋwaane. Dé tɛ-ba we, nɔɔna yeini ba bɛɛse abam ye á nae yaara dedɛ. Á nam ta zege lanyerane de pu-dɛa, ye á yɔɔre á tɔge Yezu de wo-dedoa.
5Abam na jege á tete konto dwoŋi to mo pae dé lɔre jaja we, Wɛ na wó di nɔɔna taane tei to wó yɔɔre ko tɔge chwoŋa chekke. Konto ŋwaane á wó na chega Wɛ yiga ne pa se á maŋe se á woli o paare dem wone, kokuri abam seene á nae yaara o paare dem konto ŋwaane. 6Wɛ nam zege o chega wone mo. O maa wó waare balo na jege abam ba yaare to pa se ba de jwoori ba na yaara. 7O ta maa wó woli abam balo na yaare to se á sii de á yaara yam, se ko woli de debam de. Wɛ wó ke konto maŋa kam o na lage o pa dé Teiru Yezu jwoori o ba se o veere o tete o pa nabiina to. Wonto wó nwoŋi Wɛ telaao de o malese dedɛɛra bam, 8ye min-vɔɛ zaŋe se kekare-ba. O maa wó waare balo na ve Wɛ to, ko woli de balo na wo sɛ omo kwor-ywoŋa kam to. 9Nɔɔna bam konto dwoŋi wó na waarem, ne ko na maŋe de-ba tei to mo. Ba maa wó na lɛɛro se ko taa vei wuu. Ba ta maa wó pɔɔre ba yera dé Teiru wom tei ne, se ba daa yé na o paare dam-fɔrɔ kom. 10Konto maama wó ke maŋa kalo dé Teiru Yezu na wó jwoori o ba to. Dɛ dem konto ne o wó na zula o tete nɔɔna bam tei ne. Balo maama na sɛ‑o to wó taa seini‑o lanyerane. Abam nam wó ta‑á wo banto wone, á na sɛ Wɛ chega kalo dé na bere abam to ŋwaane.
11Ko ye konto ŋwaane mo dé yeini dé lwoori dé Tu Wɛ wom maŋa maama dé pa abam, se o pa á maŋe de Wɛ chwoŋa tɔgem ne o na twori abam se á ta‑á ye tei to. Dé lwoori‑o se o pa abam dam, se á wane á tɔge chwo-laao nenɛɛne á boboŋa na lage tei to maama, ye á ke totoŋa yalo maama á wo-dedoa kam na wae ka pa á ke to. 12Konto mo wó pa dé Teiru Yezu taa nae zula abam ŋwaane. Abam de maa wó na zula, á na me ded‑o to ŋwaane. Dé Tu Baŋa Wɛ, de dé Teiru Yezu Krista na ke abam zaane to mo wó pa konto maama ke.",https://www.bible.com/bible/3661/2TH.1.KBG
2 TƐSALONI 2,"Keim-lwanno tu taane
1Dé nu-bia bam, á yei we dé Teiru Yezu Krista wó jwoori o ba, ye Wɛ wó la debam o ke daane se dé taa wo Yezu tei ne. Dé nam lage dé kwoori abam 2se á yé pa á bochara taa di konto baŋa ne. Á yé zaŋe á pa á boboŋa vugimi de nɔɔna na tɛ ba we, dé Teiru Yezu dɛ dem maŋe de yi. Nɔɔna ná tɛ abam ba we, Wɛ Sin-laao kom pɛ-ba o kwora, naa ba ná we ko ye Wɛ chega mo ba bere abam, naa ba ná we ba jwoŋi tɔnɔ debam tei ne, 3se á yé pa nɔɔn-nɔɔno gane abam de wonnu tento dwoŋi. Kokuri, maŋa kalo nɔɔna dedɛ na wó ywori Wɛ kwaga ne to wó ke yiga ye dé Teiru wom dɛ-kamunu kom laam ba ko yi. Ko woli da, wolo wom na ye keim-lwanno tu to jege se o ba yiga. Wonto kweelim maama maa ye se Wɛ chɔge‑o. 4O wó pa se o tete taa dwoi wonnu telo maama nɔɔna na zuli to, de kolo maama ba na bwoi we, ba wɛ to. O ta wó kwori o done wonnu tem konto maama. O maa wó paale o zo o jeini Wɛ diga kam ne ye o bere o tete we, omo mo ye Wɛ. 5Amo ta na wo abam tei ne maŋa kalo to, a yeini a bere abam wonnu tento. Á nam wo guli-te na?
6Woŋo kodwoŋi ta wora ko na chege wonnu tento chwoŋa se te yé ke leile, ye á yei ko ni ne. Ko daare maŋa kam ná seene ka yi, keim-lwanno tu wom laam wó ba se nabiina lɔre‑o jaja. 7Keim-lwanno dam delo na seigi nɔɔna yia ne to maŋe de wora de chɔge nabiina. Ko nam ná ye wolo wom na wora o cho keim-lwanno tem chwoŋa leile se te yé tiini te ke to, konto tu wó taa wora se ko taa vei maŋa kam o na wó lage jeiga to. 8Maŋa kam konto ne mo keim-lwanno tu wom wó ba o taa wora pa se nabiina lɔre‑o jaja. Dé Teiru Yezu na wó jwoori o ba maŋa kalo to, o laam wó ma o ni-vio o wane wonto o di. Yezu na wó pɔpɔ o ba de nenɔŋa to mo wó pa se keim-lwanno tu wom yɔɔre o na chɔgem.
9Maŋa kam keim-lwanno tu wom na wó ba o taa wora to, o wó jwoŋi dam setaana pɛ wom tei ne se o ma ke wo-kenkagela de totoŋ-kamuna dwi dwi yalo na dae chega to. 10O ta maa wó ke keim-lwanno dwi maama o ma gane balo na lage ba ga ba ŋwea Wɛ tei ne to. Ko wó ke-ba konto, ba na ba sɛ se ba jwoŋi Wɛ chega kam de swono se ko pa o jwoŋi-ba to ŋwaane. 11Ba na lage ba ve Wɛ chega kam konto to, o laam wó pa se ba boboŋa daa yeiri chega, ye ba sɛ ba tɔge kolo na ye vwa to. 12Wɛ nam wó ke konto se balo maama na wo sɛ o chega kam ye ba daare ba swoi puseŋa kikia to mo to de ba bora.
Pu-dɛa taane
13Dé nu-bia bam, dé jege se dé ke Wɛ lei maŋa maama abam ŋwaane, á na ye balo dé Teiru wom na swoi to. Ko zege boboa ne mo Wɛ kuri abam se o jwoŋi abam o yage. O dɛ o Sin-laao kom dam ŋwaane mo o pa á ji o tete nɔɔna, á na sɛ o chega kam de á wo-dedoa to ŋwaane. O tɔge tento baŋa ne mo o jwoŋi abam o yage. 14Wɛ na bwoŋi abam se á ta‑á ye konto to, o mɛ debam na tɔɔle o kwor-ywoŋa kam dé bere abam tei to mo se o pa á tɔge de dé Teiru Yezu Krista á na zula.
15Konto ŋwaane, dé nu-bia bam, fɔge-na á ja á boboŋa se á yé yage chega kalo dé na maŋe dé bere abam to, ko ná ye dé na maŋe dé wo abam tei ne ye dé ŋɔɔne kolo to, ko woli de dé na maŋe dé popone tɔnɔ kolo dé pa abam to de.
16-17Dé Teiru Yezu Krista, dedaane dé Kwo Wɛ wó zeini abam de boboŋ-dɛɛra se á ta‑á jege dam, se á wane á ta‑á tɔge chwo-laao de á kikia, de á ni taane maama. Wonto maŋe o jege debam swono ye o ke debam zaane, de o na pɛ dé jege baare delo na bá fɔge de ti to, dedaane teena yalo na ye chekke to.",https://www.bible.com/bible/3661/2TH.2.KBG
2 TƐSALONI 3,"Wɛ-lworo taane
1Dé nu-bia bam, ko ta daare fee se dé popone dé woli da. Ta‑á lwoori-na Wɛ á pa debam, se dé Teiru wom kwor-ywoŋa kam jage ka yi jei maama, se nɔɔna daare ba sɛ-ka lanyerane, ne abam de na sɛ-ka tei to. 2Lwoori-na Wɛ se o jwoŋi debam nɔn-balwaaro jeŋa ne, kokuri ko dae nɔɔna bam maama mo sɛ Wɛ chega kam.
3Dé Teiru wom nam zege o chega wone de o na wó zeini debam tei to. Mo kokuri, o wó woli abam de dam, ye o che abam setaana pɛ dam wone. 4Á na ye dé Teiru wom nyem to mo dé jege abam chega we, á wora á tɔge dé na maŋe de bere abam kolo to, ye á ta wó ta‑á ke konto mo taa.
5Dé Teiru wom wó zeini abam, ye o pa á boboŋa tiini ya tɔge Wɛ swono kom, ye o daare o pa á zege lanyerane de pu-dɛa, ne Yezu Krista de na ye tei to.
Jawɔre-nyena taane
6Dé nu-bia bam, ko ná ye á nu-bu wolo maama na ye jawɔre-nyem ye o ba tɔge berem delo dé na pɛ abam to, se á lɔŋe konto tu. Ko ye dé Teiru Yezu Krista dam ŋwaane mo dé kaane abam konto. 7Abam nam yei lanyerane we, á jege se á ta‑á lwoni debam kikia na maŋe ya ye tei to mo. Dé déem na wo á tei ne to, dé ba jege jawɔrɔ. 8Dé wo jwoŋi dé ni-wodiu nɔɔn-nɔɔno tei ne zɛɛra ŋwaane. Dé nam tiini dé toŋe mo se ko chɛ dé yera wea de tete, se dé yé daane abam wolowolo wodiu ŋwaane. 9Ko nam dae we dé ya ba jege chwoŋa se dé daane abam konto. Dé déem nam lage se dé ke abam lanyerane se á wane á ta‑á lwoni dé kikia na ye tei to mo. 10Dé na wo abam tei ne to, dé yeini dé pa abam ni we, nɔɔno wolo ná ba lage totoŋa, konto tu ba jege chwoŋa se o jwoŋi o ni-wodiu nɔɔn-nɔɔno tei ne.
11Dé wora dé tɛ taane dem konto, kolo ŋwaane dé lɔre we abam badwonna ye jawɔre-nyena mo. Konto dwoŋi nɔɔna bam yeini ba ba toŋa, ye ba kare jei maama ba gigili ba dwonna yia. 12Dé nam tiini dé kwoori nɔɔna bam konto dé Teiru Yezu Krista dam ŋwaane, se ba taa toŋe chemm se ba wane ba nii ba tete baŋa ne de ba ni-wodiu.
13Dé nu-bia bam, abam tete nam yé yage totoŋ-laaro keim, ko ná maŋe ko chana ko pa abam tei to de.
14Abam wolo ná wora ye o wo sɛ debam na popone tɔnɔ konto wone dé bere kolo to, se á maane konto tu, se á wane á ja á tete ded‑o, se ko pa chaveera ja‑o. 15Á nam yé pa se o ji á dono. Ko nam maŋe se á kaane‑o, ne o ye á nu-bu mo tei.
16Dé Teiru wom mo ye bochare-zuru tu. O maa wó zeini abam se á ta‑á jege bochare-zuru maŋa maama wone, de kolo maama na ke abam to.
Dé Teiru wom taa wo á maama tei ne.
17Amo Pɔɔl mo jɔɔne abam. Amo tete laam mo popone konto de a jeŋa. A yeini a ke konto a twanno tem maama wone, se á lɔre we ko seene ko ye amo mo. A yeini a popone tento dwoŋi mo.
18Dé Teiru Yezu Krista zaane dem taa wo abam maama tei ne.",https://www.bible.com/bible/3661/2TH.3.KBG
1 TIM 1,"1Amo Pɔɔl wolo na ye Yezu Krista totoŋa nakwe to mo popone tɔnɔ konto se a pa nmo Timoti. Baŋa Wɛ wolo na ye debam Vereno to, de Yezu Krista wolo debam na jege o teena to mo pɛ-ne chwoŋa se a taa ye o tontoŋeno. 2Nmo mo ye nenɛɛne amo bu chekke, dedaane n na sɛ Yezu Krista to.
Dé Kwo Wɛ, de dé Teiru Yezu Krista wó pa nmo zaane de yazura, ye o daare o duri nmo ŋwaŋa.
Vwa berena taane
3Maŋa kam amo déem na lage se a vo Makedonia to, a lwoori nmo se n maŋe Efesia ne. Nmo jege se n maŋe dáane mo, se n kaane nɔɔna badwonna ba na jege vwa ba bere nɔɔna to se ba yage ba bera yam. 4N jege se n ta-ba se ba yage ba boboŋa sensɔle selo na dae chega to, se ba daare ba yage ba kwoa kwoa yera natɔga kalo na ba jege kweelim jei to. Kolo ŋwaane wonnu tem konto pae se nɔɔna boboŋa ye kafɛ mo. Te nam ba woli nɔɔna se ba ke ba wo-dedoa dedaane Wɛ se ba taa tɔge‑o. 5N jege se n kaane-ba mo dedaane wonnu tem konto se ba yage-te, se ba taa jege swono kolo na ye chekke to. Swono kom konto nam tɔge bochare-ŋona mo, de boboŋ-laaro, de wo-dedoa keim chekke ŋwaane ko wora. 6Nɔɔna bam konto nam ywori wo-laaro tem konto wone mo, ye ba tusi ba tɔge taane delo na ba jege kuri to. 7Ba lage se ba taa ye Wɛ nia yam berena mo, ye ba nam ba ni ba tete ni taane kuri. Ba yeini ba seene ba yia mo ba ŋɔɔne wonnu tem, ye ba ta yeiri te kuri.
8Ko ná ye Wɛ nia yam, dé yei we ya lana ya pae nɔɔno wolo maama na tɔge-ya chekke to. 9Ta‑n yei we, Wɛ na pɛ o ni-kaana yam to, o wo pɛ ya zege nɔn-laaro ŋwaane. O nam pɛ-ya balo na yeini ba chɔge chullu to ŋwaane mo, dedaane zwabani-nyena ŋwaane. O ta pɛ-ya Wɛ-lwɛɛna, de wo-lwan-keira, de nɔn-chechɔgero, de balo na ywori Wɛ chwoŋa wone to ŋwaane mo. O ta tage-ya balo de na go ba kwoa naa ba niina naa ba dwonna to ŋwaane mo, 10dedaane balo na bwoori to, de baara balo na mae ba dwonna ba jiri kaana to, dedaane balo na cho ba jaane nɔɔna de dam ba yeigi to, dedaane vwa-fɔra, de balo na du de Wɛ ye ko dae chega to ŋwaane. O nam tage o ni-kaana yam o pa balo na ke kolo maama ba chɔge berem delo na ye chekke 11ye de tɔge Wɛ kwor-ywoŋa kam na bere tei to mo. Kwor-ywoŋa kam konto nwoŋi Ywoni Tu Wɛ tei mo, ye wonto mo kwei-ka o ke amo jeŋa ne se a taa tɛa.
Wɛ zaane dem taane
12Dé Teiru Yezu Krista mo pɛ amo dam se a taa toŋa a pa‑o. A ke‑o lei dedaane o na boŋe we amo jege wo-dedoa, ye o le-ne o zege o totoŋa yam baŋa ne to. 13Faŋa to amo déem yeini a ŋɔɔne mo a chɔge Wɛ yere, ye a ta yaare o nɔɔna. A déem jege nankɔɔre mo ye Wɛ ta duri amo ŋwaŋa, kolo ŋwaane amo ya yeiri woŋo kolo a na jege a ke to, a na wo sɛ‑o to ŋwaane. 14Ko daare dé Teiru wom nam mo ke-ne zaane dedɛ ko ja gaale, ye o daare o pa se a taa jege wo-dedoa dedaane Yezu Krista, ye a swoi‑o.
15Taane dento ye chega ye de jege se nɔɔna yɔɔre ba sɛ-de mo:
“Yezu Krista tu logo baŋa
se o jwoŋi nɔn-chechɔgero mo
o daare o ke-ba Wɛ jeŋa ne.”
Amo nam mo ye nɔn-chechɔgɔ a dwoi nɔɔna maama. 16Wɛ nam ta ma duri amo ŋwaŋa se ko pore chwoŋa se Yezu Krista wane o tɔge-ka o bere nɔɔna o na zuri o yera de amo tei to. O tiini o zuri o yera de amo wolo na ye nɔn-chechɔgero tem yiga tu to. Ko maa ye maana ko pae nɔɔna balo na wó da amo kwaga ba ba ba sɛ‑o se ba daare ba na ŋwea kalo na ba jege kweelim Wɛ tei ne to.
17Baŋa Wɛ ye pɛ wolo paare na bá ti maŋa de maŋa to mo. O ye ŋwea tu, ye o yera ba nae de yia. O dwoŋi tera. Konto to, zula de paare taa wo o tei ne se ko taa vei wuu. Ameena.
18Amo bu Timoti, a lage a ta de nmo se n ta‑n toŋe n pa Wɛ, ne ba déem na tɔɔle Wɛ kwora ba ta nmo taane tei to. Ko na ye konto to, se n kwaane n guli ba na tɔɔle tei to se n wane n ke n tete n ke daane, nenɛɛne n na lage n jaŋe jaŋa chekke tei to. 19Ta‑n tɔge Wɛ chwoŋa se n daare n ta‑n ke kolo maama n na yei we ko lamma to. Nɔɔna badwonna wora ye ba ba sɛ se ba taa tɔge kolo ba na yei we ko lamma to. Konto ma pa se ba daa ware ba da Wɛ chwoŋa. 20Humenaya de Alezanda mo tɔge ba wo nɔɔna bam konto wone. Amo maŋe a ke banto setaana pɛ jeŋa ne se o vaŋe ba zwɛ, se ko bere-ba we, ba daa yé ŋɔɔne ba twe Wɛ yere.",https://www.bible.com/bible/3661/1TI.1.KBG
1 TIM 2,"Wɛ nɔɔna na wó zuli‑o tei to
1Kolo amo na lage se a da yiga a ta mo tento. Á jege se á ta‑á lwoori Wɛ á pa nɔɔna maama. Lwoori-na Wɛ se o taa nii ba baŋa ne, se á daare á ta‑á ke‑o lei ko ŋwaane. 2Ta‑á ke-na konto dwoŋi á pae pwa, dedaane dedɛɛra maama na jege dam nɔɔna baŋa ne to, se ko pa dé taa zoore de ni-ywom de yazura, se dé na chwoŋa dé seene dé yia dé taa tɔge Wɛ. 3Wɛ-lworo kom konto dwoŋi mo lamma, ye ko pwoli Wɛ wo, wolo na ye dé Vereno to. 4Wonto mo lage se nɔɔna maama na verem, se ba kwori ba taa yei o chega kam. 5Wɛ dedoa yerane mo wora. Wolo de na fɔge nabiina de Wɛ daane to de ye dedoa yerane mo. Kotu nam mo ye nabiinu Yezu Krista. 6Wonto mo sɛ o te o ma ŋwe nɔɔna maama wɛleera jene. O tege maŋa kam na maŋe se o te to, se ko taa ye maana mo ko bere Wɛ zaane dem na ye tei to. 7Konto ŋwaane mo Wɛ pɛ se a ji o totoŋa nakwe, se a taa tɔɔle o kwora a bere nɔɔna. A ŋɔɔne chega mo se ko dae vwa. Wɛ seene o toŋe-ne mo se a taa tɛ o chega kam a bere dwi-gɛ tiina balo na maŋe ba ba tɔge‑o to.
8Abam ná lage á lwoori Wɛ mɛ maama, ko maŋe se baara mo zaŋe ba ware Wɛ, ne ko ná ye baara balo na wó wane ba zeiŋi je-ŋwe wɛɛne, ye ba ba jege ban-zɔŋɔ naa ni-kantɔgɔ to. 9Amo nam ta lage se kaana de ja ba tete de ba gwaaro vɔɔm, se ba taa kɔre chaveera ba zoore gwaaro telo na maŋe-ba to. Ba ba jege se ba tiini ba kwɛ ba yuni dedɛdɛ, naa se ba fɔge ba yera dedaane nenɔŋa wonnu. Ko ná ye sabu-seŋa wonnu, naa kandwa-nyenno, naa gwaaro telo sabia na damma to, ko wo maŋe se ba tiini ba kwaane ba taa fɔge ba tete konto dwoŋi. 10Kaana nam ná lage se ba taa lamma, ba jege se ba zo keim-laaro mo, nenɛɛne ko na maŋe de kaana balo na bere we banto tɔge Wɛ to. 11Kaana jege se ba taa jei chemm mo ba cheigi balo na bere-ba Wɛ chwoŋa to, se ba daare ba taa nege-ba. 12Amo ba sɛ se kaana taa bere baara, naa ba taa jege dam ba baŋa ne. Ba jege se ba taa jei chemm mo. 13Kokuri ŋwaane, Wɛ déem na ke nabiina to, o ke Adam mo yiga ye o laam daare o ke Awa. 14Ko woli da, ko déem dae Adam mo setaana pɛ wom gane, se ko déem ye kaane wom mo o gane pa se o chɔge Wɛ ni. 15Ko ná ye kaana, Wɛ pɛ se ba taa lore bia, ye konto mo wó pa se ba wane ba na verem. Ba ná sɛ ba yɔɔre ba tɔge Wɛ de wo-dedoa, de swono, de wo-pwoŋo, ye ba kwori ba jege ba tete, Wɛ wó jwoŋi-ba.",https://www.bible.com/bible/3661/1TI.2.KBG
1 TIM 3,"Yezu kɔgɔ kom yiga tiina taane
1Taane dento seene de ye chega mo:
“Nɔɔno boboŋa ná jaane se o ji Yezu kɔgɔ kom yiga tu,
konto tu lage totoŋ-ŋom mo.”
2Konto ŋwaane, Yezu kɔgɔ kom yiga tu jege se o taa ye nɔn-ŋom mo nɔɔna maama tei ne. O nam jege se o taa jege kaane dedoa yerane mo. O ta jege se o taa ye nɔn-yero, de jawale-nyeno wolo na wae o tete o jaana to mo. O jege se o taa jeeri veira mo o sɔŋɔ ne lanyerane. O jege se o taa yei nɔɔna berem mo chekke. 3O nam ba jege se o taa ye sa-nyɔro, naa kantɔ-mageno, naa wolo na jege ban-lom to. Ko maŋe se o taa ye nɔn-cheno mo. O nam ba jege se o taa ye sabu-lageno. 4O jege se o taa wae o nii o sɔŋɔ tiina baŋa ne mo lanyerane, se o daare o pa o bia taa nege‑o dedɛ. 5Kokuri mo nɔɔno ná ware o nii o tete sɔŋɔ tiina baŋa ne, o nam wó ke tɛ mo o nii Wɛ kɔgɔ kom baŋa ne? 6Ko wo maŋe se o taa ye wolo na bobo se o tɔge Wɛ leile to. Ko ya ná ye konto, o wae o bobo se o bere o tete kamunim. Wɛ laam maa wó di o taane pa se o to, nenɛɛne setaana pɛ wom déem na bere o tete ye o to tei to. 7Yezu kɔgɔ kom yiga tu jege se o taa ye nɔn-ŋom mo nɔɔna maama tei ne, de balo na ba tɔge Wɛ to de tei ne. Ko ya ná dae konto, nɔɔna wó wane ba yaale o yuu pa se setaana pɛ ja‑o, nenɛɛne kalanchogo mo jaane‑o tei.
8Ko ye bedwe mo de Yezu kɔgɔ kom wolim tiina de. Ko maŋe se ba taa ye balo nɔɔna na nege to mo. Ko dae se ba taa jege ni-zɛ ni-zɛ, naa se ba taa ye sa-nyɔra, naa nɔn-kwollu, naa kampin-nyena. 9Ba nam jege se ba ke boboŋe dedwe mo dedaane chega kalo Wɛ na le o bere debam to, se chaveera yé ja-ba. 10Nɔɔno ná lage se o ji Yezu kɔgɔ kom wolim tu, ba jege se ba da yiga ba maŋe‑o mo ba nii, ye o kolokolo ná tera, se ba laam pa o bobo o totoŋa.
11Ko maŋe se ba kaana de taa ye balo nɔɔna na nege to mo, se ba yé taa ye bebare-nyena. Ba jege se ba taa ye jawale-nyena mo, se nɔɔna taa jege ba chega wonnu maama baŋa ne.
12Yezu kɔgɔ kom wolim tu jege se o taa jege kaane dedoa yerane mo, se o daare o taa wae o nii o bia de o sɔŋɔ tiina maama baŋa ne lanyerane. 13Kokuri mo wolim tu wolo maama na toŋe o totoŋa lanyerane to wó na yere. Wonto wó na zula dedɛ nɔɔna tei ne, ye o daare o na baare de o na ke o wo-dedoa de Yezu Krista tei to.
14Amo boŋe se a ba nmo tei leile. Amo nam popone wonnu tento se a bere nmo se, 15a ná dáane fenfee, se n wane n lɔre nɔɔna balo na ye Wɛ sɔŋɔ tiina to na wó taa jege ba tete tei to. Banto mo ye Ŋwea Tu Baŋa Wɛ kɔgɔ kom nɔɔna. Banto mo ye balo na fɔge ba nii Wɛ chega kam baŋa ne, nenɛɛne ywoa na woli diga se ka yé vi to mo. 16Ko seene ko ye chega mo we, Wɛ tɔgem ye wo-kamunu mo. Wɛ laam mo pɛ se dé lɔre wolo o na toŋe debam nabiina tei ne to:
Wonto mo jigi nabiinu.
Wɛ Sin-laao kom ma bere we o jege chega.
Wɛ malese ma na‑o.
Nɔɔna ma ja o kwora ba zo teene maama wo ba tɔɔle.
Nabiina ma sɛ‑o logo baŋa ne.
O laam ma di Wɛ telaao de nenɔŋ-fɔrɔ.",https://www.bible.com/bible/3661/1TI.3.KBG
1 TIM 4,"Wɛ chwoŋa tɔgem taane
1-2Wɛ Sin-laao kom bere debam chekke we, maŋa wó ba ye nɔɔna badaara wó zaŋe ba ve berem delo debam na sɛ to. Pipiri-nyena balo na fɔ vwa to mo wó gane-ba, pa se ba yage berem chekke dem. Banto boboŋa mo chɔge pa se ba yeiri we ba na ke kolo to ba lamma. Ba wó pa se nɔɔna taa sɛ chichiri selo na fɔ vwa to ni mo, ye ba tɔge setaana bera yam na ye tei to. 3Nɔɔna bam konto mo yeini ba bere we, ko chula se nɔɔno di kaane. Wodiiru tedwonna de maa wora ye banto ta bere we, ko chula se nɔɔna taa di-te. Nmo nam yei we, Wɛ mo ke wodiiru tem konto se debam balo na tɔge‑o ye dé ba dé lɔre o chega kam to taa ke‑o lei te ŋwaane, se dé daare dé taa di-te. 4Kolo ŋwaane wonnu telo maama Wɛ na naane to lamma. Ko wo maŋe se dé taa chuli kolokolo dim. Dé ná jwoŋi woŋo kolo, ye dé ná ke Wɛ lei ko ŋwaane, dé ba jege se dé chuli ko dim. 5Wɛ ni taane dem dedaane debam wɛ-lworo kom mo pae se ko ba jege digiru Wɛ tei ne.
6Nmo jege se n ta wonnu tento mo n bere n nu-bia bam. N ná ke konto, ko wó pa se n ta‑n ye Yezu Krista tontoŋeno-ŋom. N ná yɔɔre n sɛ Wɛ chega kam de berem chekke delo n na maŋe n tɔge to mo, n bochare wó be lanyerane. 7Yé zaŋe n cheigi sensɔle selo na ba jege kuri ye se ba woli Wɛ chwoŋa to. Nam fɔge n che n tete se n ta‑n tɔge Wɛ chwoŋa chekke. 8Dé yei we, n ná waare n yera pa se ya damma, ko jege wolim fenfee. Ko daare, n ná tɔge Wɛ chwoŋa, konto mo tiini ko jege wolim wonnu maama baŋa ne. Kolo ŋwaane ko wó pa se n na wolim zem ŋwea kam baŋa ne, se n daare n na ŋwea kalo na lage ka ba to Wɛ tei ne. 9Taane dem konto ye chega ye de jege se nɔɔna yɔɔre ba sɛ-de mo. 10Konto ŋwaane mo pae se dé fe dé yera dé toŋe de dam, kolo ŋwaane Ŋwea Tu Baŋa Wɛ jege debam teena. Wonto mo ye nɔɔna maama Vereno, ko fɔge ko dae balo na sɛ‑o de wo-dedoa to.
11Ta‑n bere wonnu tem konto se n pa nɔɔna taa tɔge-te. 12Yé pa se nɔɔn-nɔɔno gwooni‑m, n na ye nɔn-doŋo to ŋwaane. N jege se n ma n tete mo n bere Yezu nɔɔna bam ba na wó taa ke tei. Nmo ni-ŋɔŋa na ye tei to, de n totoŋ-naga, de n swono, de n na jege wo-dedoa de Wɛ tei to, de n boboŋ-dɛɛra de na ye tei to maama mo n jege se n ma n bere-ba. 13Amo ta ná wo tu, yɔɔre n ta‑n gare Wɛ tɔnɔ kom se nɔɔna taa cheiga, se n daare n bere-ba Wɛ chega kam se ba sɛ. 14Maŋa kalo nɔɔna déem na pworisi nmo ŋwaane, ye Yezu kɔgɔ kom nakwa bam de daŋe ba je nmo baŋa ne to, Wɛ mo pɛ‑m wolim se n ta‑n toŋe n pa‑o. Nmo nam ba jege se n dole n yage Wɛ pɛɛre dem konto. 15Ko maŋe se n seene n yia mo se n ta‑n ke wonnu tem konto de n wo maama. Konto mo wó pa se nɔɔna maama taa nae nmo na kɛ yiga tei to. 16Ta‑n yei n tete, se n daare n ta‑n yei n berem dem ni ne. Seene n yia se n ta‑n ke wonnu tem konto, se nmo wó jwoŋi n tete, ye n ta wó kwori n jwoŋi balo na cheigi‑m to de.",https://www.bible.com/bible/3661/1TI.4.KBG
1 TIM 5,"Nɔɔna badwonna wolim taane
1Yé zaŋe n bwɛ Wɛ chwoŋa nɔn-kwea. N jege se n kwoori‑o mo, nenɛɛne o ye n kwo mo tei. Ko ná ye nɔn-donno, n jege se n ke-ba nenɛɛne ba ye n nyaana mo tei. 2Ko ta ná ye kazena, se n ta‑n ke-ba nenɛɛne ba ye n niina mo. Ko ná ye ka-donno, se n ke-ba nenɛɛne n nakɔa tei de n boboŋ-dɛɛra.
3Ko ná ye kadeina, ye ba ná seene ba ba jege nɔɔno se o taa nii ba baŋa ne, se n ta‑n zuli-ba. 4Ko daare kadeim ná jege bia naa naaro, banto mo jege se ba taa nii‑o, ba na ye o tete sɔŋɔ tiina to ŋwaane. Mo Wɛ chwoŋa berem dem na ye tei to. Kadeim bia ná woli‑o konto, ko wó pa se ba jwoori ba ŋwe ba tiina jene de ba na yaare ba ŋwaane to. Konto nam mo pwoli Wɛ wo. 5Kaane wolo nam ná seene o ye kadeim ye o ba jege nɔɔn-nɔɔno se o taa nii o baŋa ne, kotu daŋe o teena Wɛ baŋa ne mo. Tete de wea maama o tiini o ware Wɛ mo ye o lwoori wolim o tei ne. 6Ko daare kadeim wolo na lage ka jaŋa kikia yerane to maŋe o te mo ye o ŋwe. 7Nam pa se ba maama lɔre wonnu tento se ba taa ke, se nɔɔn-nɔɔno yé wane o zaŋe o yaale ba yuu. 8Nɔɔno yiga ná tera de o chorro, ko fɔge ko dae o tete sɔŋɔ tiina, konto tu ywori Wɛ chwoŋa kam wone mo. Wonto mo tiini o ye nɔn-balɔrɔ o dwoi balo na maŋe ba ba tɔge Wɛ to.
9Abam yé ga kadeim yere á woli kadeina yera yam wone, ko ná dae we wonto kɛ bena fuseredo. Wolo na maŋe se o woli da to jege se o baro zoorem taa ye bedwe yerane mo. 10Ko maŋe se nɔɔna taa yei o ni ne mo de totoŋ-laaro o na jege o ke to. O ná loge bia ye o nii ba baŋa ne, naa o ná jeeri veira o diga ne lanyerane, naa o ná gwooni o tete se o taa woli Yezu nɔɔna bam, naa o ná zeini balo na wo cham wone to, ye o ná yɔɔre o tɔge keim-laaro chwoŋa konto dwoŋi, abam wae á gare‑o á woli da. 11Ko daare kadeina balo na ye ka-bwona to, abam ba jege se á ga-ba á woli da. Kolo ŋwaane banto wo daa ná zaga se ba yé taa ye kadeina, ba wó ywori mo Yezu Krista tei ne ye ba lage se ba daa zo banna. 12Ba ná zaŋe ba ke konto, ba bá na bora, kolo ŋwaane ba chɔge ba na dɛ yiga ba du ba ni de Yezu Krista tei to mo. 13Ko nam ta woli da, kadeina balo na ye ka-bwona to yeini ba tɔge jawɔrɔ chwoŋa mo, ye ba swoi se ba taa tole ba vei sɔŋɔ de sɔŋɔ. Ko ma pa se ba ji bebare-nyena de ka-gɔɛ ba woli ba jawɔrɔ kom wone, ye ba ŋɔɔne wonnu telo na dae se ba ya ŋɔɔne to. 14Mo kokuri pa se amo boŋe we, ko wó ta lamma se kadeina balo na ye ka-bwona to taa zoore banna se ba lo bia se ba daare ba taa nii ba tete sam baŋa ne. Ba ná ke konto, ko wó pa se wolo na done debam to daa bá na chwoŋa se o twe debam. 15Kolo ŋwaane kadeina badaara maŋe ba ywori Wɛ chwoŋa wone ye ba daare ba tɔge setaana pɛ wom.
16Kaane wolo ná tɔge Wɛ chwoŋa, ye kadeina ná wora o tete sɔŋɔ ne, konto tu mo jege se o taa nii ba baŋa ne mo. Ko dae se o yage-ba o pa Yezu kɔgɔ kom nɔɔna se ba taa nii ba baŋa ne. O ná yage-ba konto, ko wó daane Yezu nɔɔna bam mo, pa se ba daa bá wane ba nii kadeina balo na ba jege nɔɔn-nɔɔno to baŋa ne.
17Ko daare ko ná ye Yezu kɔgɔ kom nakwa balo na ye yuu tiina ye ba nii Yezu nɔɔna baŋa ne lanyerane to maŋe se ba taa jwoŋi zula de ŋweero kuni belei belei mo, ko fɔge ko dae balo na seene ba yia ba bere Wɛ chega kam to. 18Kolo ŋwaane ko popone Wɛ tɔnɔ kom wone mo we, “Nmo ná jege nabea n ma n toŋe n faao, yé vɔ ka ni se ka yé wane men-bia bam ka di.” Ko ta popone we, “Tontoŋeno maŋe se o taa jwoŋi o ŋweero mo.”
19Nɔɔno ná zaŋe o ŋɔɔne Yezu kɔgɔ kom nakwe taane de nmo, se n yé sɛ, ko ná dae we nɔɔna balo yi na nɛ o keim-balwaaro tem to yi balei naa batɔ. 20Ko daare nakwa balo na seene ba ke keim-balwaaro to, se n bwɛ-ba nɔn-kɔgɔ kom yibia ne. Konto mo wó pa se foone ja badaara bam de.
21A nam lage a kaane‑m mo Wɛ yiga ne, de Yezu Krista yiga ne, de Wɛ tete malese sem yiga ne, se n yɔɔre n sɛ kolo a na tage to. Yé kuri nɔɔna daane de n na bere-ba ye n ke-ba tei to.
22Yé gare n zi n jea nɔɔn-nɔɔno baŋa ne se n pa o ji Wɛ tontoŋeno. Yé pa se nɔɔno keim-balwaaro tɔge te lɔgese‑m. Fɔge n ja n tete de boboŋ-dɛɛra ye tusim tera.
23A ya boŋe se a ta de nmo we, n wo kom na yeini ko wɔe maŋa maama to, ta‑n nyɔ sa-gwoo fenfee, se ko dae na yerane mo nmo wó ta‑n nyɔa.
24Nɔɔna badaara wo-balwaaro yɔɔre te nae mo jaja. Banto taane dem ná tua, nɔɔna maama maŋe ba yei ba wo-balwaaro tem ni ne. Ko daare babam wo-balwaaro nae kwaga yerane mo. 25Ko ta ye bedwe mo de keim-laaro, te de yɔɔre te nae mo ja. De konto de, telo na ba nae lanyerane to de maŋe te bá wane te seigi.",https://www.bible.com/bible/3661/1TI.5.KBG
1 TIM 6,"Wɛ chwoŋa tɔgem jege nyɔɔre
1Balo maama na ye kabɛ ye ba tɔge Wɛ chwoŋa to jege se ba taa pae ba yuu tiina mo zula dedɛ. Konto wó che se nɔɔn-nɔɔno yé na chwoŋa se o ŋɔɔne o yaale Wɛ yere dem dedaane debam berem dem. 2Kabɛ selo na toŋe ba pae ba yuu tiina balo de na tɔge Wɛ to, ko wo maŋe se ba taa gwooni-ba de ba na ye nu-bia Wɛ chwoŋa wone to. Ba nam jege se ba tiini ba toŋe ba pa-ba se ko gaale, kolo ŋwaane ba yuu tiina balo ba na toŋe ba totoŋa to tɔge ba ye Yezu nɔɔna mo, ye Wɛ swo-ba. Nmo jege se n ta‑n bere nɔɔna wonnu tem konto maama mo se ba taa tɔge-te.
3Nɔɔno wolo maama ná wo sɛ se o tɔge debam Teiru Yezu Krista bera yam, dedaane Wɛ chwoŋa berem chekke dem, ye o nam ná bere wo-gaa, 4konto tu pae se o jege swa mo ye o nam yeiri kolokolo. Wonto dwoŋi tiini o lage se o taa mage ni-kantɔgɔ wonnu telo na ba jege kuri to baŋa ne mo. O na ke konto to mo pae se nɔɔno wo gweena de o dwoŋi. Ko ta maa pae se nɔɔna jaane daane, ye ba twe daane, ye ba ta boŋe lwarem ba pa daane, 5ye ba nia de ba maŋe daane. Ba yeini ba ke konto ba boboŋa na chɔge ye ba daa ba tɔge chega chwoŋa to ŋwaane. Konto maa pae se ba boŋe we, Wɛ chwoŋa tɔgem ye kolo ba na wó tɔge ko baŋa ne ba na nyɔɔre ba pa ba tete to mo.
6Ko daare ko ye chega mo we, Wɛ chwoŋa tɔgem jege nyɔɔre dedɛ ko pae balo na jege ba wonnu ye ba boŋe we tento mo maŋe to. 7Ba na loge debam to, dé wo jaane kolokolo dé ba logo baŋa. Dé nam ná lage dé yage logo baŋa, dé bá wane kolokolo dé ja dé viiri. 8Konto to, dé ná jege wodiiru se dé taa di, de gwaaro se dé taa zoora, dé wó pa se tento mo maŋe debam de dé wopwolo. 9Ko nam ná ye balo na boŋe se ba taa ye naduna to, sabu-laga yeini ko soge-ba mo, pa se ba to tega ne, nenɛɛne kalanchogo mo jaane-ba tei. Ba fera maa zoore wo-yɔɔro telo na wó yaare-ba to dedɛ. Konto keim dem mo yeini ko pae ba yuu yaala, ye ba yɔɔre ba na chɔgem. 10Kokuri to, nɔɔno boboŋa ná dɛ sabu-laga, wo-lwanno dwi maama wó ba da mo. Nɔɔna badaara wora ba na pɛ se ba yi zo sabu-laga, ye ba ywori Wɛ chwoŋa kam wone pa se ba jege ba tete ba yaare dedɛ.
11Ko daare nmo Timoti na ye Wɛ tontoŋeno to, n jege se n ja n tete mo dedaane wonnu tem konto. Ke n tete n ke daane se n ta‑n jege boboŋ-dɛɛra, de Wɛ kɔrɔ, ye n jege wo-dedoa de Wɛ, de swono, de pu-dɛa, de ban-peno. 12Poore n yera se n ta‑n tɔge Wɛ chwo-laao, nenɛɛne n na kwaane n zo jaŋa wone se n di yiga tei to. Konto mo nmo wó jwoŋi ŋwea kalo na ba jege kweelim Wɛ tei ne to. Ŋwea kam konto mo Wɛ bwoŋi‑m se n ba n jwoŋi, de nmo déem na zaŋe n zege nɔn-kɔgɔ yiga ne n pa se ba lɔre we, n tɔge chega chwoŋa kam to. 13Yezu Krista de déem zege Pontusi Pilata yiga ne o pa se o lɔre we, omo tɔge chega chwoŋa kam. Amo nam lage a ta a bere nmo Yezu yibia ne, dedaane Wɛ wolo na pae wonnu maama ŋwea to yibia ne we, 14n jege se n yɔɔre n ta‑n tɔge chega kam konto, se nɔɔn-nɔɔno yé wane o zaŋe o na nmo wo-lɔŋɔ, se ko taa nii dɛ dem debam Teiru Yezu Krista na wó jwoori o ba o veere o tete nabiina yiga ne to. 15Maŋa kalo na maŋe to ná yia, Lam-fɔrɔ Tu Baŋa Wɛ wolo yerane na tei nɔɔna maama to laam wó pa se Yezu Krista jwoori o ba konto. Wɛ mo ye pwa maama Pɛ de dedɛɛra maama Teiru, 16ye wonto yerane mo maŋe o jege ŋwea taa wuu. O nam zoore pwooni jeiga kalo na pepele yia to wone mo, ye nɔɔn-nɔɔno bá wane o twɛ da. Nɔɔn-nɔɔno tera o na nɛ o yibia yam kɔtaa, ye nɔɔn-nɔɔno nam tera o yia na wó wane ya na‑o. Zula taa wo o tei ne, dedaane dam delo na ba jege tiim to. Ameena.
17Ko ná ye balo na ye naduna zem logo kom ne to, n jege se n kaane-ba se ba yé boŋe kamunim ba pa ba tete. Ba ba jege se ba kwei ba teena ba daŋe jejegero baŋa ne, kolo ŋwaane te nye de vio mo. Ba nam jege se ba kwei ba teena ba pa Wɛ, kolo ŋwaane o yeini o pa debam wonnu dedɛ se dé taa di ywoni te maama baŋa ne. 18Kaane-ba se ba taa ke wo-laaro dedɛ, se ba totoŋ-ŋona ji ba nadunni, se ba taa jege wo-ywoŋo ye ba pɔɔre ba wonnu tem ba zeini daane. 19Ba ná ke konto, ko wó bere we ba tiŋi wonnu mo ba pa ba tete, ye tento wó wane te woli-ba jwa seeni, te na jege kuri dedɛ te pa-ba to ŋwaane. Konto mo wó pa se ba na ŋwea kalo na ye chekke to Wɛ tei ne.
20Timoti, fɔge n ta‑n nii kolo maama Wɛ na kwei o ke nmo jeŋa ne to baŋa ne. Ja n tete dedaane wonnu telo nɔɔna na boŋe we te pae yi-poro ye te ba pae to. Tento mo ye lare-yɔɔro telo na ba woli Wɛ chwoŋa to, dedaane taana yalo na ba jege kuri to. 21Nɔɔna badaara wora ba na pae se ba jege yi-poro kom konto, ye ko laam pa se ba ywori Wɛ chwoŋa kam wone. Konto to, fɔge n ja n tete de wonnu tem konto.
Wɛ zaane dem taa wo abam tei ne.",https://www.bible.com/bible/3661/1TI.6.KBG
2 TIM 1,"1Amo Pɔɔl wolo na ye Yezu Krista totoŋa nakwe to mo popone tɔnɔ konto se a pa nmo Timoti. Wɛ tete mo kuri-ne de o boboŋa se a taa ye o tontoŋeno, se ko pa nɔɔna na ŋwea o tei ne, ba na me de Yezu Krista to ŋwaane. Mo Wɛ na pwooli se o ke kolo to. 2Nmo Timoti ye amo bu-swono.
Dé Kwo Wɛ, de dé Teiru Yezu Krista wó pa nmo zaane de yazura, ye o daare o duri nmo ŋwaŋa.
Lei keim
3Amo nam ke Wɛ lei. A maa toŋe a pa‑o nenɛɛne a nabaara bam déem na ke tei to, ye a bochare ba maga ko baŋa ne. A maa yeini a lwoori‑o maŋa maama wea de tete, ye a guli nmo gula a wɛ-lworo kom wone. 4Amo guli nmo na kane yi-na debam na pwɛ da-tei ne maŋa kalo to. Konto ŋwaane a tiini a lage se a jwoori a ba a na nmo, se a wane a di ywoni a su. 5Amo maane we n ke n wo-dedoa n sɛ Yezu. Nmo nu-nakwe Lowisi, de n nu Yunika de déem jege wo-dedoa de Yezu konto dwoŋi. Amo maa yei lanyerane we nmo de jega. 6Konto ŋwaane mo a lage a pa nmo guli a déem na daŋe a jea nmo baŋa ne ye Wɛ pa nmo wolim to. Nam fɔge n nii Wɛ pɛɛre dem konto baŋa ne, se n ta‑n ma n tiini n toŋe Wɛ totoŋa yam lanyerane. 7Kokuri, Wɛ na zeini debam de o Sin-laao kom tei to, ko dae se dé taa kɔre chaveera. Ko nam na zeini debam tei to pae se dé jege baare de swono dé bochara ne, ye dé ta wae dé tete dé jaana.
8Mo kokuri, yé ta‑n kɔre chaveera se n zege dé Teiru Yezu chega kam kwaga ne. Ta yé pa foone zo‑m de ba na ke amo peena diga ne Yezu chega kam ŋwaane to. Ko nam maŋe se n de sɛ yaara yalo na wó yi‑m Wɛ kwor-ywoŋa kam berem ŋwaane to mo. Wɛ wó pa‑m baare se n tɔge n yaare konto dwoŋi nenɛɛne amo tei. 9O nam maŋe o jwoŋi debam o pa se dé tɔge chwo-laao. O na zeini debam konto to, ko dae debam keim-laaro ŋwaane, se ko ye o tete boboŋa ŋwaane mo. Faŋa faŋa to, ko zege logo baŋa boboa ne, Wɛ déem maŋe o boŋe se o tɔge Yezu Krista ŋwaane mo o ke debam zaane. 10Wɛ laam ma pa se dé lɔre o boboŋa yam konto, dé Vereno Yezu Krista na tu logo baŋa o veere o tete to ŋwaane. Wonto mo chɔge toone dam. O ma daare o tɔge Wɛ kwor-ywoŋa kam ŋwaane o pa se dé yi poore, ye dé wae dé nae ŋwea kalo na bá ti Wɛ tei ne to.
11Wɛ nam mo tiŋi-ne se a taa ye o totoŋa nakwe se a taa tɔɔle o kwor-ywoŋa kam a bere nɔɔna. 12Ko ye konto ŋwaane mo amo nɛ yaara yam konto. Amo nam bá taa kɔre chaveera. A ke a wo-dedoa de Yezu, ye a yei o wo lanyerane. Amo daŋe a teena wonto baŋa ne. A maa tiini a yei we o wae o nii amo na kwei kolo maama a ke o jeŋa ne to baŋa ne, se ko taa vei dɛ dem o na wó ba to.
13Nam fɔge n ta‑n tɔge chega chwoŋa kalo amo na maŋe a bere nmo to, se n kwori n ta‑n jege wo-dedoa de swono, ne Yezu Krista na woli debam tei to. 14Wɛ Sin-laao kom wo debam bochara ne. Tɔge wonto dam ŋwaane se n fɔge n nii chega kalo Wɛ na kwei o ke nmo jeŋa ne to baŋa ne, se nɔɔn-nɔɔno yé chɔge-ka.
15Nmo maŋe n yei we, Wɛ nɔɔna balo maama na zoore Asia jei sem ne to mo jwoori amo kwaga ne, ko woli de Figela, de Hɛmɔgena. 16Onesifɔrɔ nam mo yeini o pa a na ywoni a bochare ne. Wɛ wó duri o ŋwaŋa, de o sɔŋɔ tiina maama. Ba na ke amo peena diga ne to, o wo kɔre chaveera se o taa woli-ne. 17O na tu o yi Rom maŋa kalo to, o déem beeri amo jei mo taa, ye o laam ba o na amo. 18Wɛ wó pa o na chega dé Teiru Yezu dɛ dem ne. Nmo ta maŋe n yei lanyerane Onɛsifɔrɔ na tiini o woli-ne Efesia ne tei to.",https://www.bible.com/bible/3661/2TI.1.KBG
2 TIM 2,"Timoti maŋe se o taa tɔge Wɛ de baare
1Amo bu Timoti, ta‑n zege de dam, se Yezu Krista wó zeini‑m de o zaane dem, nmo na me ded‑o to ŋwaane. 2Chega kalo maama amo déem na yeini a bere nɔn-kɔgɔ kom maama yiga ne ye n yei-ka to, ma-ka n bere nɔɔna badwonna balo na ye jawale-nyena to, se ba de daa wane ba maa bere nɔɔna badwonna.
3Nmo na tiini n toŋe n pa Yezu Krista tei to, ta ta‑n toŋa se ko chɛ n yera ne, nenɛɛne soja tu na nae cham tei to mo. 4Nɔɔno ná ye soja tu, ye o ná zo jara wo, wonto wó kwaane o ke kolo na wó su o dedɛɛro wom yi to mo. O nam bá sɛ se o toŋe ne nɔn-kafɛ tei. 5Ko ta nye de nɔɔno na kwaane o duri o di yiga tei to mo. Wonto ná dia, ye o wo dɛ durim dem chwoŋa chekke, ba bá sɛ ba pa‑o yiga tu pɛɛre dem. 6Ko ta woli da, nɔɔno ná ye valo, ye o ná tiini o toŋa, ko maŋe se wonto mo da yiga o jwoŋi o teiri wodiiru tem wone. 7Boŋe n nii amo na tɛ se n che n tete tei to. Dé Teiru Yezu wó pa n lɔre amo taane dem kuri n ti.
8Ta‑n boŋe Yezu Krista boboŋa. Wonto mo bi toone wone. O déem mo ye Pɛ David dwi tu. Kwor-ywoŋa kalo a na yeini a tɔɔle to bere kam konto. 9Amo na tɔɔle Wɛ kwora kam konto to mo tei a wo yaara wone, ye ba vɔ-ne de chaponno ne a ye ŋweeno mo tei. Ba nam bá wane ba che Wɛ kwora kam se nɔɔn-nɔɔno yé lɔre-ka. 10Konto ŋwaane mo a sɛ se a taa nae cham wonnu maama baŋa ne, se ko wane ko woli nɔɔna balo Wɛ na kuri se ba taa ye o nyem to. Ko maa wó pa se Wɛ tɔge Yezu Krista ŋwaane mo o ma jwoŋi banto de, se ba daare ba na ŋwea o tei ne, de nenɔŋ-fɔrɔ na bá ti to.
11Taane dento seene de ye chega mo:
Dé ná tɔge de Yezu dé te,
dé wó na ŋwea o tei ne.
12Dé ná fɔge dé zege lanyerane cham wone,
dé wó da dé di paare o tei ne.
Dé nam ná ve‑o,
o de wó ve debam mo.
13Dé ná maŋe dé ba jege o chega,
wonto ta wó zege o chega wone mo,
kolo ŋwaane o ware se o jwoori o tete kwaga ne.
Dé kikia na wó su Wɛ yi tei to
14Ta‑n guli amo berem dem konto n bere Yezu nɔɔna bam, se n daare n ma Wɛ n kaane-ba lanyerane se ba yé taa mage ni-kantɔgɔ botare baŋa ne. Kantɔgɔ konto dwoŋi ba jege kuri, ye ko pae se balo na jei ba cheigi-ko to boboŋa chɔge Wɛ chega kam tɔgem seeni. 15Kwaane n ta‑n tɔge chwoŋa lanyerane se ko su Wɛ yi, se chaveera yé ja‑m o yiga ne. Ta‑n toŋe de jawala de n na wó kwaane n ta‑n bere nɔɔna Wɛ chega kam tei to.
16Ja n tete de lare-yɔɔro telo na dae Wɛ chega kam to. Balo na lare konto dwoŋi to pae se nɔɔna jwoori ba maŋe kwaga kwaga mo Wɛ tei ne. 17Ba na kare ba bere wo-yɔɔro tem konto to, te lɔgese te jage jei maama, nenɛɛne nɔɔno na jege ŋɔne ye de woori de di o yera tei to mo. Humenaya de Fileta mo yeini ba bere wo-yɔɔro tem konto dwoŋi. 18Ba tusi chega chwoŋa kam wone mo. Ba maa tɛ ba we, Wɛ daa bá bi nɔɔna toone wone, se twa biim maŋe ko kɛ. Ba berem dem konto ma pa se balo na sɛ Wɛ to badwonna boboŋa jwoori ya leiri. 19Ko daare balo na yɔɔre ba tɔge Wɛ chega kam to boboŋa ba zae. Ba maa nye de kabiri-beira kalo Wɛ na fɔge o chwi to. Ka maa ba gɔe kɔtaa, ye Wɛ taane mo popone ka yera ne we:
“Dé Teiru wom yei balo na ye o nyem to.”
Ko ta popone we:
“Wolo maama na sɛ we o ye dé Teiru wom nyem to
jege se o yage keim-lwanno mo.”
20Ko nye de sɔ-fɔrɔ wone kabeili de zwe dwi dwi na wora tei to. Sedwonna ye lu-nyenno naa sabu-seŋa mo ba mɛ ba ke. Sento ye lonne nyem mo. Sedwonna maa ye dɛ naa dɔgɔ mo ba mɛ ba ke, ye ba mae sento yɔɔ yerane. 21Ko bere we, nɔɔno ná chege o tete de wo-yɔɔro tem konto, kotu wó taa ye lonne nyem mo. O maa ye wolo na kwei o tete o ke o tu wom jeŋa ne pa se o jege kuri o pa‑o to mo. O maŋe se o taa toŋe totoŋ-laaro telo maama o tu wom na lage to. 22Ko na ye konto to, se n yage keim-yɔɔro telo nɔn-donno boboŋa na yeini ya zoore to, se n daare n kwaane n tɔge chega chwoŋa, de wo-dedoa, de swono, de bochare-zuru. Ta‑n vei de balo bochara na lana ye ba ke ba tete dé Teiru wom jeŋa ne to.
23Ko ta woli da, fɔge n che n tete de ni-kantɔgɔ kolo maama na ba jege kuri ye swa tere ko wone to. Nmo yei we ko yeini ko kweeli jara ne mo. 24Nɔɔno wolo na ye dé Teiru wom tontoŋeno to nam ba jege se o taa mage ni-kantɔgɔ. Ko nam maŋe se o taa nege nɔɔna maama lanyerane, se o daare o bere-ba chekke de ban-peno. 25Ko ta maŋe se o zuri o yera o pa se balo na dwoni ded-o to jwoori ba tɔge chwoŋa. Dɛ delo Wɛ wó pa-ba chwoŋa se ba leiri ba boboŋa, ye ba daare ba ba ba lɔre o chega kam. 26Konto to, ba swa wó jwoori pa se ba wane ba lu setaana pɛ jeŋa ne. Wonto ya jaane-ba ne kalanchogo tei, ye o pa ba ke o boboŋa na lage tei to.",https://www.bible.com/bible/3661/2TI.2.KBG
2 TIM 3,"Logo baŋa kweelim da yam taane
1Ta‑n yei we lɛɛro dedɛ wó taa wora maŋa de maŋa logo baŋa kweelim da yam ne. 2Kanto maŋa kam ne, nɔɔna wó taa wora ba na lage ba yerane wonnu, ye ba yi zo sabu-laga. Kachaare-nyena wó taa wora balo na bere ba tete to. Nɔɔna wó taa twe daane, ye ba ve ba tiina bam ni. Badwonna wó taa ye banegero nyena, de Wɛ-lwɛɛna. 3Nɔɔna bá taa jege ba dwonna swono, naa ba ŋwaŋa. Ba wó taa ye vwa-nyena. Badwonna maa wó taa ye nankɔ-nyena ye ba ware ba tete ba jaana. Ba wó taa chuli wonnu telo na lamma to. 4Nɔɔna wó taa wora ba na ye bebare-nyena, ye ba gare ba ke wo-lwanno. Ba wó taa mage ba nyɔɔna ye ba bere ba tete kamunim. Nɔɔna wó taa swoi ba tete ywoni ko dwoi Wɛ swono. 5Nɔɔna bam konto bere ba tete we ba tɔge Wɛ chega kam, ye Wɛ dam nam tera ba tei ne. Nam lɔŋe nɔɔna bam konto dwoŋi.
6Nɔɔna bam konto badwonna yeini ba ke swa ba vei ba zoore sam ba gane kaana balo na ye ka-kayɛ to pa ba boboŋa chɔge. Kaana bam konto wo chɔge de ba keim-balwaaro dedɛ, ye ba boboŋa pae se ba tɔge woŋo kolo maama ba fera na zoore to. 7Maŋa maama kaana bam konto maa boŋa se ba na yi-poro, ye ba nam ware se ba lɔre Wɛ chega kam ba ti. 8Nɔɔna bam konto na ke tei to nye de Janese de Jambere déem na ve Moses ni faŋa faŋa tei to mo. Ba de ve Wɛ chega kam mo. Ba boboŋa jei mo, ye ba na tɔge Wɛ tei to ye kafɛ. 9Ba nam daa bá wane ba kɛ yiga de ba gana yam. Ba na ye nɔn-jworru tei to wó ba ko lɔre ja nɔɔna maama yiga ne, nenɛɛne ko déem na ke Janese de Jambere tei to.
Wɛ chega kam jege wolim lanyerane
10Ko nam ná ye nmo Timoti, n maŋe n yei amo berem dem na ye tei to, de a totoŋ-naga, de a boboŋa na ye tei to de. Nmo nam ta yei amo na jege wo-dedoa de Wɛ tei to, ye n ta yei a na jege ban-peno, de swono, de pu-dɛa tei to. 11Nmo ta yei nɔɔna na zeili-ne ye a yaare tei to. Nmo yei wonnu telo maama na ke amo Antioka ne, de Ikonium ne, de Lustera ne, ne ba na zeili-ne ye a ta wo yage Wɛ chega kam tei to. Dé Teiru wom nam mo jwoŋi-ne yaara yam konto maama wone. 12Ko ye chega mo we, balo maama na boŋe se ba seene ba yia ba taa tɔge Wɛ chega kam Yezu Krista ŋwaane to wó na yaara nɔɔna tei ne. 13Ko daare ko ná ye nɔn-balwaaro de kampin-nyena, banto keim-lwanno tem wó tiini te puli te gaale. Ba wó taa gane nɔɔna, ye nɔɔna wó taa gane ba de.
14Ko nam ná ye nmo, se n yɔɔre n ta‑n tɔge chega kalo nmo na maŋe n lɔre ye n jwoŋi-ka n ke n boboŋa ne to, kolo ŋwaane balo déem na bere‑m wonnu tem konto to, n yei ba wo lanyerane mo. 15Nmo na maŋe n ye bu-balaŋa wɛɛne to, nmo yei Wɛ chega twanno tem na bere kolo to. Te berem dem konto wae de pae se n yi poora, se Wɛ jwoŋi‑m o yage, nmo na sɛ Yezu Krista de wo-dedoa to ŋwaane. 16Kolo maama na popone Wɛ tɔnɔ kom wone to, ko ye Wɛ kikia mo ye ko jege nyɔɔre ko pa debam. Ko wae ko bere debam chega, naa ko kaane debam, naa ko pae dé na koresem, naa ko pae dé wae dé zamese chega tɔgem. 17Konto to, debam balo na ye Wɛ nɔɔna to mo yɔɔre dé maŋe se dé taa toŋe totoŋ-laaro dwi maama.",https://www.bible.com/bible/3661/2TI.3.KBG
2 TIM 4,"Timoti na wó taa bere Wɛ chega kam tei to
1Timoti, a lage a ta nmo Baŋa Wɛ de Yezu Krista yiga ne, se n seene n yia n ta‑n toŋa n pa Wɛ. Yezu mo ye wolo na wó ba o di nɔɔna maama taane, nɔn-ŋwena dedaane twa maama de. O maa wó jwoori o ba o veere o tete nabiina yiga ne ye o daare o di paare o nɔɔna baŋa ne. 2Mo kokuri n jege se n ta‑n tɔɔle Wɛ kwora kam. Fɔge n ta‑n ke konto, ne nɔɔna ná sɛa, naa ba ná ba sɛa de. Nam bwɛ-ba n pa ba lɔre ba na tusi tei to, se ba daare ba jwoori ba tɔge chwoŋa. Kwoori nɔɔna se ba taa jege pu-dɛa, se n bere-ba lanyerane de ban-peno. 3Kokuri, maŋa wó ba ye nɔɔna daa bá sɛ ba taa cheigi berem delo na ye chekke to. Ba laam wó daare ba taa tɔge ba tete boboŋa na lage tei to mo, ye ba pa se berem tiina dedɛ taa wo ba tei ne ba bere-ba wonnu telo maama ba na lage se ba ni to. 4Ba laam wó se ba zwa se ba yé taa cheigi Wɛ chega kam, ye ba daare ba sɛ nabiina sensɔle selo na ba jege kuri to. 5Ko daare nmo nam jege se n ja n tete mo de wonnu maama. Vɔ n wo yaara wone. Kwaane n ta‑n toŋa se n pa nɔɔna lɔre Wɛ kwor-ywoŋa kam. Totoŋe delo maama Wɛ na ke nmo jeŋa ne to, se n toŋe-de n ti maama.
6Ko nam ná ye amo, a ŋwea lage ka ti mo, ne ba na pwori wo-nyɔɔro pɛɛre ba yage tega ne tei to. Maŋa kam yia se amo yage logo baŋa se a vo Wɛ tei. 7Amo na jege a ŋwea tei to nye de a yɔɔre a wo jaŋa wone mo chwori. Amo kwaane mo a peene a tete a duri taa, se a vo a yi de kweelim jei. Amo daa ta sɛ Wɛ chega kam, a wo yage. 8Konto to, amo pɛɛre dem laam tigi Wɛ tei ne de cheigi-ne, amo na jege chega o tei ne to ŋwaane. Dé Teiru Yezu mo ye wolo na yɔɔre o tɔge chega o di nabiina taane chekke to. O dɛ-kamunu kom ná yia, o wó kwei a pɛɛre dem konto o pa-ne. Ko nam dae amo yerane mo o wó pa pɛɛre dem konto. O nam wó pa balo maama de na swoi‑o ye ba jege teena we, o wó jwoori o ba o veere o tete to mo.
9Nam kwaane se n ba amo tei lela. 10Demas zaŋe o jwoori amo kwaga ne mo, ye o daare o kɛ Tɛsaloni, o boboŋa na tiini ya zo logo baŋa wo-yɔɔro tem to ŋwaane. Kerɛseka ma kɛ Galatia. Titusi de ma kɛ Dalmatia. 11Luka yerane mo wo a tei ne. Nmo nam ná ma‑n beena, se n pa Maake tɔge o ba, kolo ŋwaane wonto wae o woli-ne de Wɛ totoŋa yam. 12Kokuri amo toŋe Tichika Efesia ne, ye o daa tere amo tei ne. 13Nmo ná ma‑n beena, se n ja amo gɔrɔ kom a na yage Torase ne Kapusi tei ne to n ja n ba n pa-ne, dedaane twanno tem de. A tiini a lage tɔn-lilirru tem se a ga.
14Alezanda wolo na ye luru to tiini o ke lwarem mo o pa-ne. Dé Teiru wom nam wó waare‑o de o kikia yam konto. 15Nam ja n tete ded‑o, kolo ŋwaane o kwaane se o chɔge debam na yeini dé bere chega kalo to mo.
16Bobo ye a zege a tole a taane dem se a jwoŋi a tete to, nɔɔn-nɔɔno wo tu o zege amo kwaga ne. Ba maama duri ba yage amo yerane mo. Wɛ nam bere o yé taa jege taane de-ba konto ŋwaane. 17Dé Teiru wom nam zege amo kwaga ne, ye o pa-ne dam se a kwaane a tɔɔle Wɛ kwora se dwi-gɛ tiina maama cheigi-ka. Konto to, Wɛ nam mo jwoŋi amo toone jeŋa ne o yage. 18Dé Teiru wom nam wó jwoŋi-ne wo-lwanno maama wone o yage, ye o daare o ja-ne o vo o zo o telaao paare dem wone de yazura. Wonto maŋe de zula se ko taa vei wuu. Ameena.
19Jɔɔne Pirisila de Akwila n pa-ne, dedaane Onesifɔrɔ sɔŋɔ tiina bam maama. 20Erasitu laam maŋe Korinti ne mo. Ko daare amo yage Torofima Militus ne, o na ba jege yazura to ŋwaane.
21Kwaane se n ke lela n ba ye yadɛ ta wo yi. Yubulu, de Pudɛnza, de Linusi, de Kaludia, ko ta woli de dé nu-bia bam maama jɔɔne‑m lanyerane.
22Dé Teiru wom wó taa wo nmo bochare ne.
Wɛ zaane dem taa wo abam tei ne.",https://www.bible.com/bible/3661/2TI.4.KBG
TITUSI 1,"1Amo Pɔɔl wolo na ye Wɛ kabaa de Yezu Krista totoŋa nakwe to mo popone tɔnɔ konto se a pa nmo Titusi. Wɛ pɛ-ne chwoŋa se a pa balo o na kuri se ba taa ye o nyem to taa jege wo-dedoa ded‑o, se ba kwori ba taa yei o chega kam. Chega kam konto nam mo pae se nɔɔna kɔre Wɛ lanyerane, 2kolo ŋwaane ba jege teena we, ba wó na ŋwea kalo na ba jege kweelim o tei ne to. Faŋa faŋa to, ko zege logo baŋa boboa ne, Wɛ déem tiŋi o ni ŋwea kam konto baŋa ne mo, ye o ware o ni o kwane. 3Ko daare ka maŋa kam na yi to, debam ma ba dé lɔre o ni-gwonim dem konto jaja. Ko maa ye kwora kam konto mo dé Vereno Wɛ pɛ amo ni se a taa tɔɔle a bere nɔɔna.
4Nmo Titusi ye nenɛɛne amo bu chekke mo dedaane dé na tɔge daane dé jege wo-dedoa de Yezu tei to.
Dé Kwo Wɛ, de dé Vereno Yezu Krista wó pa nmo zaane de yazura.
Yezu kɔgɔ kom nakwa taane
5Amo bu, a déem na yage nmo Kiriti ne to, ko ye se n kwaane n ke wonnu telo ta na daare se n ke to mo. Yezu nɔɔna bam na wo teo kolo maama ne to, se n kuri nakwa da, nenɛɛne amo na maŋe a ta de nmo se n ke tei to. 6Nmo ná kuri wolo, o jege se o taa ye wolo nɔɔna na bá taa jege o yera taane to mo. O nam maŋe se o taa jege kaane dedoa yerane mo. Ko maŋe se o bia de taa jege wo-dedoa de Yezu, se nɔɔna yé pa ba ye nɔn-wo-korro de zwabani-nyena. 7Kokuri, ko maŋe se wolo na jege Yezu nɔɔna bam o nii to taa ye wolo nɔɔna na bá taa jege o yera taane to mo, Wɛ na ke o nɔɔna bam wonto jeŋa ne se o taa nii-ba to ŋwaane. O yé taa ye boyere-nyem, naa ban-lom tu, naa sa-nyɔro, naa jar-keiru, naa nɔn-kwolo, naa kampin-nyeno. 8Ko nam maŋe se o taa ye nɔn-ŋom na jeeri veira o sɔŋɔ ne to. O jege se o taa ye jawale-nyem wolo na tɔge Wɛ ni de chega, ye o wae o tete o jaana to. 9Ko ta woli da, o jege se o yɔɔre o taa tɔge taane delo debam na maŋe de bere abam to. Dento mo jege kuri lanyerane se nɔɔna sɛ-de. Konto to, o wó wane o pa se nɔɔna taa jege boboŋ-dɛɛra de ba Wɛ chega kam tɔgem. O ta wó wane o bere nɔɔna Wɛ taane dem chekke, ye o kwori o pa se balo na ve Wɛ chega kam to lɔre we ba tusi.
10Nam tiŋi yiga tiina konto dwoŋi, kolo ŋwaane zwabani-nyena dedɛ wora abam tei ne. Banto yeini ba gane nɔɔna mo ye ba bere-ba wo-yɔɔro. Ba dedɛ mo ye balo na tiini ba sɛ Juu tiina chullu tem to. 11Abam nam jege se á che banto ni taane dem mo, kolo ŋwaane ba berem dem yeini de chɔge nɔɔno de o sɔŋɔ tiina mo daane. Ba yeini ba bere kolo na wo maŋe se ba bere nɔɔna to mo, se ba gane-ba ba ma na sabu. 12Kiriti tiina bam tete sampwora déem mo wora, ye o ta o we, “Kiriti tiina yeini ba fɔ vwa mo maŋa maama. Ba maa nye de vare-balwaaro tei, ye ba ta ye jawɔre-nyena de nɔn-kwollu de.”
13O nam na tage konto to, ko ye chega mo o taga. Mo kokuri nmo nam jege se n tiini n kaane Kiriti tiina bam lanyerane se ko pa ba yɔɔre ba taa tɔge Wɛ chega kam chekke, 14se ba daa yé sɛ Juu tiina sensɔle selo na dae chega to, naa se ba sɛ chullu telo nɔɔna na ve Wɛ chega kam ye ba jege ba bere-ba to. 15Wolo maama na jege wo-pwoŋo to, kolokolo ba jege digiru wonto tei ne. Ko daare wolo na ve Wɛ ye o bochare ta jege digiru to, kolokolo tera ko na lana wonto tei ne. Konto tu boboŋa chɔge mo ye o yu-punnu vugimi. 16Nɔɔna bam konto dwoŋi nam tɛ ba we ba me de Wɛ, ye ba nam yeiri‑o. Ba kikia nam mo bere konto. Ba jege yi-dɛɛre, ye ba ke wo-zɔɔna Wɛ yiga ne. Ba ma bere ba wo maŋe de kolo maama na lana to keim.",https://www.bible.com/bible/3661/TIT.1.KBG
TITUSI 2,"Berem delo na wae de woli nɔɔna to
1Ko nam ná ye nmo Titusi, se n ta‑n bere nɔɔna ba na wó ke tei se ba taa tɔge berem chekke dem to. 2Nmo jege se n bere nɔn-kweero se ba taa nege ba tete mo, se ba kwori ba taa ye jawale-nyena, se ba yɔɔre ba sɛ Yezu de wo-dedoa, de swono, de pu-dɛa.
3Ko ná ye kazena, se n pa ba taa jege ba tete se ko pa Wɛ taa nae zula ba tei ne. Ba nam yé taa ye bebare-nyena, naa ba taa pae sana nyɔɔm wae-ba. Ba nam jege se ba taa bere nɔɔna chwo-laao tɔgem na ye tei to. 4Konto mo ba wae ba pa se ka-bwona zamese ba na wó taa jege ba banna swono, de ba bia swono tei. 5Ko maŋe se ka-bwona bam taa ye jawale-nyena balo na cho ba tete de digiru to, se ba kwori ba taa ye ka-yerro telo na toŋe sɔŋɔ totoŋa lanyerane ye ba sɛ ba pa ba banna to. Konto to, nɔɔna daa bá na chwoŋa se ba yaale Wɛ taane dem, kaana banto kikia yam ŋwaane.
6Ko ta ná ye nɔn-donno, se n kwoori-ba se ba de taa ye jawale-nyena wonnu maama baŋa ne.
7Ko nam ná ye nmo tete, ko maŋe se n kikia yam bere nɔɔna ba na wó ke tei ba tɔge chwoŋa lanyerane to. Nmo na bere-ba Wɛ chega kam tei to, se n seene n yia n bere-ba lanyerane. 8Pa se n ni taane taa jege chega, se nɔɔn-nɔɔno yé zaŋe o yaale-de. Konto to, wolo maama na done debam to wó na o chaveera de woŋo na tera se o maa ŋɔɔne o chɔge debam yiga to.
9Ko daare ko ná ye kabɛ, ko maŋe se ba sɛ ba pa ba tiina wonnu maama wone, se ko pa ba tiina bam wo pwoli. Ba yé ve ba tiina bam ni, 10naa ba ŋɔ-ba. Ba nam pa se nɔɔna taa yei ba wo lanyerane de wonnu maama, se ko pa nɔɔna lɔre we, berem delo na vei dé Vereno Wɛ chega kam seeni to jege kuri lanyerane.
11Kokuri to, Wɛ pɛ se nɔɔna lɔre o zaane dem na ye tei, se ko pa ba maama na verem o tei ne. 12Wɛ tɔge o zaane dem konto ŋwaane o korese debam se dé lɔre we, ko maŋe se dé yage wɛleera kikia maama, de wo-yɔɔro telo dé fera na zoore to, se dé daare dé taa ye jawale-nyena logo baŋa ne, ye dé tɔge chwoŋa lanyerane dedaane Wɛ kɔrɔ. 13Ko maŋe se dé taa ye konto mo ye dé jege teena se dé pɔ Yezu Krista de wopwolo, se o jwoori o ba o veere o tete nabiina yiga ne. Wonto mo ye debam Wɛ-kamunu ye o ta ye dé Vereno. 14O ma kwei o tete o ke nabiina jeŋa ne, ye o sɛ se o te se o ma ŋwe debam wɛleera jene, se o daare o fɔge o kwɛ dé bochara se dé taa ye o tete nɔɔna, ye dé tiini dé seene dé yia wo-laaro kikia baŋa ne.
15Nam ta‑n bere nɔɔna wonnu tem konto se ba taa tɔge-te, se n daare n kwoori-ba ye n kwori n bwɛ-ba, se ko maŋe de nmo na jwoŋi dam se n ke tei to. Nam yé sɛ se nɔɔn-nɔɔno gwooni nmo.",https://www.bible.com/bible/3661/TIT.2.KBG
TITUSI 3,"Keim-laaro tɔgem na ye tei to
1Guli n bere nɔɔna bam se ba taa nege ba yiga tiina de balo na ye dedɛɛra to, se ba taa sɛ ba ni. Ba nam taa yei se ba ke wo-laaro dwi maama. 2Ba nam yé zaŋe ba yaale nɔɔn-nɔɔno yuu, naa ba mage ni-kantɔgɔ. Ko nam maŋe se ba taa zuli nɔɔna, ye ba gwooni ba tete nɔɔna maama yiga ne.
3Kokuri debam maama déem ye bedwe mo. Debam yi déem wo poore. Dé maa jege yi-dɛɛre ye dé kwori dé tusi. Dé déem wo wo-yɔɔro jeŋa ne mo ye dé tɔge kolo maama dé boboŋa na lage to. Dé maa yeini dé ke lwarem de puseŋa, ye dé chuli daane. 4De ko de, debam Vereno Wɛ wom laam bere jaja we, o jege nabiina swono lanyerane, 5ye o vere debam wɛleera jeŋa ne o yage. O na jwoŋi debam o yage to, ko ye o na ye ŋwaŋa tu to ŋwaane mo, ye ko dae debam na ke keim-laaro telo to ŋwaane. O ma tɔge o Sin-laao kom ŋwaane mo o saare wo-digiru dé bochara wone, pa se dé pipiri dé taa jege boboŋ-doora, ye dé na ŋwe-doŋa o tei ne. 6Ko maa ye debam Vereno Yezu Krista ŋwaane mo Wɛ toŋe o Sin-laao kom o pa debam zɛɛra, 7se dé wane dé na chega o tei ne o zaane dem ŋwaane. Ko maa pae dé ye o bia balo na wó taa tei o wo-laaro tem to. Dé maa jege teena we, dé wó na ŋwea kalo na ba jege kweelim o tei ne to.
8Amo na tɛ taane delo to ye berem chekke mo. Konto ŋwaane, a lage se n kwaane n zege wonnu tem konto chega kam kwaga ne, se ko pa balo na sɛ Wɛ to seene ba yia ba taa tɔge keim-laaro. Dento berem dem lana, ye de jege nyɔɔre de pae nɔɔna maama. 9Ko daare ko ná ye ta-yɔɔro, naa dé kwoa kwoa yera natɔga taane, naa ni-kantɔgɔ Juu tiina chullu tem baŋa ne, se n che n tete de tento maama. Te nam ba jege nyɔɔre ye te ye kafɛ mo. 10Nɔɔno wolo ná boŋe se o ke nɔɔna daane se ba yé taa jege ni dedwe, se n kaane konto tu nenɛɛne kuni belei tei. O ta ná wo sɛ nmo taane dem, se n ja n tete ded‑o. 11Kokuri, nɔɔno ná ye konto dwoŋi, n yei we o daa ba lage se o tɔge chwoŋa. O na maŋe o tusi tei to mo bere we, o bá na bora Wɛ tei ne.
12Amo lage a toŋe Atimasa naa Tichika nmo tei ne. Ba wolo ná yi nmo tei, se n kwaane n ba lela n na amo Nikopola ne, kokuri amo boŋe se yadɛ dem ti amo dáane mo. 13Nmo nam kwaane se n woli Apolo, de Zenase wolo na ye lɔya tu to, se ba zaŋe ba bobo ba chwoŋa kam veiŋa, se n daare n pa-ba kolo maama ba na lage to. 14Pa se dé nu-bia bam taa yei se ba seene ba yia ba taa ke keim-laaro telo na wó woli nɔɔna ba gɛɛre wone. Konto mo wó pa ba ŋwea taa jege nyɔɔre nɔɔna tei ne.
15Dé nu-bia balo na wo amo tei ne to maama jɔɔne nmo. Jɔɔne balo na sɛ Yezu ye ba jege debam swono to.
Wɛ zaane dem taa wo abam maama tei ne.",https://www.bible.com/bible/3661/TIT.3.KBG
FILIMON 1,"1Amo Pɔɔl wolo na ye Yezu Krista nyem ye ba ja-ne ba ke peena diga ne o chega kam ŋwaane to mo popone tɔnɔ konto, ye dé nu-bu Timoti wo amo tei ne. Dé popone dé pa nmo Filimon, nmo na ye debam badwoŋ-swono ye n tɔge de debam n toŋe Wɛ totoŋa to. 2Dé jɔɔne nmo, ye dé daare dé jɔɔne dé nakɔ Afia, de Achipu wolo de na chana Wɛ totoŋa baŋa ne to. Dé daare dé jɔɔne Yezu kɔgɔ kolo na yeini ko tigisi daane nmo sɔŋɔ ne to maama.
3Dé Kwo Wɛ, de dé Teiru Yezu Krista wó pa abam zaane de yazura.
4Maŋa maama amo ná yeini a lwoori Wɛ, a guli nmo gula o yiga ne ye a ke‑o lei nmo ŋwaane. 5Kolo ŋwaane a lɔre we, n jege Wɛ nɔɔna bam maama swono lanyerane, ye n ta kwori n ke n wo-dedoa de dé Teiru Yezu. 6Wɛ wó pa‑m chwoŋa se n wane n woli n dwonna de nmo na jege wo-dedoa de Yezu Krista tei to, pa se n totoŋa yam ja kuri lanyerane, ye n wane n lɔre wo-laaro telo maama Wɛ na ke o pa debam Yezu ŋwaane to. 7Nmo na jege n dwonna swono tei to mo pae se amo wo pwoli dedɛ, ye ko fɔge amo de baare, nmo na woli Wɛ nɔɔna bam se ba na ywoni ba bochara ne to ŋwaane.
8Mo kokuri, amo lage a lwoori nmo se n ke kolo na maŋe se n ke to. Amo ya wó taa jege chwoŋa se a da Yezu Krista ŋwaane a ma dam a bere‑m nmo na wó ke kolo to. 9Amo nam wó tɔge swono ŋwaane mo a lwoori‑m. Amo Pɔɔl wolo na ye nɔn-kwea ye ba ke-ne peena diga ne leile konto Yezu Krista chega kam ŋwaane to, 10a lage a lwoori‑m nmo kabaa Onesima ŋwaane. Wonto nye de a tete bu mo. Amo na wo peena diga ne to mo a jigi o kwo Wɛ chwoŋa seeni. 11O déem na toŋe o pa nmo to, o wo pɛ se n na nyɔɔre. Ko daare leile konto o jege nyɔɔre o pa nmo de amo maama.
12Amo lage a toŋe‑o se o jwoori o ba nmo tei, ye a ta jege o swono a bochare ne. 13Amo na wo peena diga ne Wɛ kwor-ywoŋa kam berem ŋwaane to, a ya wó taa lage se o maŋe a tei ne, se o wane o leiri nmo yuu ne o taa toŋa o pa-ne. 14Amo nam ba lage se a ke kolokolo ye nmo yeiri ko ni ne. Ko wó taa ye nmo ná sɛ se n woli-ne, ye ko bá taa ye fefeo ŋwaane.
15Onesima na duri o yage nmo to, o pɔɔre nmo tei ne maŋa fenfee wone. Ko nam wó wane ko pa se o laam jwoori o ba o taa wo nmo tei ne taa wuu. 16O na duri o yage nmo to, o déem ye kabaa mo. O ná jwoori, o laam wó taa dwoi kabaa na ye tei to, de o na jigi nmo nu-bu dé Teiru wom ŋwaane to. Amo tiini a jege o swono. Nmo nam wó tiini n ta‑n swoi‑o se ko gaale, o na ye n kabaa ye o kwori o ye n nu-bu to ŋwaane.
17Nmo ná sɛ we debam seene dé me daane Wɛ ŋwaane, se n kwaane n jeeri Onesima lanyerane ne amo mo tei. 18O déem ná maŋe o ke o chɔge nmo yuu, naa o ná jege nmo jene, se n kwei ko maama n pa amo. 19Nii, amo Pɔɔl tete mo mɛ a jeŋa a popone tento we, Amo wó ŋwe jene dem. Ko daare nmo wó wane n guli we, n maŋe n jege amo jene dedɛ, de nmo na nɛ ŋwea Wɛ tei ne amo ŋwaane to. 20A nu-bu, ko ye chega mo we, amo laam lage se a na nyɔɔre nmo baŋa ne, nmo na ye dé Teiru wom nyem to ŋwaane. Pa se ywoni taa wo amo bochare ne Yezu Krista ŋwaane. 21Amo na popone tɔnɔ konto a pa nmo to, a yei lanyerane we, nmo wó sɛ a boboŋa yam. Amo ta yei we, nmo wó ke keim delo na wó dwoni amo na lwoori kolo to.
22Ko ta woli da, a lwoori‑m se n kwaane n lage diga se a peini da. Kolo ŋwaane amo jege teena we, Wɛ wó sɛ abam na lwoori‑o á pa-ne tei to ye o pore chwoŋa se a jwoori a ba abam tei.
23Epafera mo jɔɔne‑m. Wonto dedaane amo mo wo peena diga ne Yezu Krista chega kam ŋwaane. 24Maake, de Arisaka, de Demas, de Luka maama de jɔɔne‑m. Banto de amo tɔge daane dé toŋa dé pa Wɛ.
25Dé Teiru Yezu Krista zaane dem taa wo abam bochara ne.",https://www.bible.com/bible/3661/PHM.1.KBG
HIBURU 1,"Yezu Krista bere debam Wɛ chega kam chekke
1Faŋa faŋa to, Wɛ déem tɔge o sampwori sem baŋa ne mo o ŋɔɔne dedaane dé nabaara bam. O déem yeini o da chwei dwi dwi mo o ŋɔɔne de-ba kuni dedɛ. 2Ko daare leile konto, logo baŋa kweelim da yam na daare fee maŋa kalo to, Wɛ laam ma pa se o Bu mo ba o ŋɔɔne o taane de debam. Wɛ dɛ wonto ŋwaane mo o ke logo baŋa de wɛyuu wonnu maama, ye o tiŋi‑o se o ba o taa tei wonnu telo maama na wora to. 3Wɛ Bu wom maa jege pwooni delo na bere Wɛ nenɔŋ-fɔrɔ kom na ye tei to. O maa jege o Kwo Wɛ nyenyego chekke, pa se dé lɔre Wɛ na ye tei to ja. O ni taane maa jege dam ye de pae se wonnu maama taa fɔge te wora taa taa.
O ma ba o saare nɔɔna wɛleera pa ba bochara fɔge ya kwɛ, ye o laam daare o jwoori o di wɛyuu o vo o jeini Baŋa Wɛ jazem seeni. 4Konto to, o tu o dwoni Wɛ malese sem, de Wɛ na pɛ o jege yere delo na daga de dwoi sento na jege yere tei to.
5Ko ná ye malese sem, Wɛ wo fɔge o ta de se wolowolo o we:
“Nmo mo ye amo Bu,
ye zem amo de ji nmo Kwo.”
Wɛ daa ta wo tage o maleka tu wolowolo taane o we:
“Amo wó taa ye o Kwo,
se o de taa ye amo bu.”
6Ko daare maŋa kalo Wɛ na boŋe se o toŋe o Bu-doa kam se o ba logo baŋa to, o tage o we,
“Wɛ malese sem maama jege se se zuli‑o mo.”
7Ko nam ná ye malese sem tete, Wɛ tage se taane o we,
se ye omo tontoŋena mo,
ye se toŋe ne vio mo tei.
O ta pae se ji ne min-vogo mo tei,
se se taa toŋa se pa‑o.
8Ko daare ko ná ye Wɛ Bu wom, Wɛ tage o taane o we:
“Wɛ, nmo paare dem wó taa wora taa,
se ko taa vei wuu.
Nmo wó ta‑n tei n nɔɔna se ko tɔge chwoŋa chekke.
9Nmo swoi chega tɔgem, ye n daare n chuli lwarem kikia.
Konto ŋwaane mo, n Tu Wɛ wom kuri nmo,
ye o lwo o swolim nuga kam n yuu ne
pa se n di ywoni n dwoni n dwonna bam maama.”
10Wɛ ta tage dé Teiru wom taane o we:
“Boboa ne to, nmo déem mo chwi tega kam kuri,
ye n ta kwori n ma n jea n naane wɛyuu wonnu maama.
11Wonnu tem konto maama wó ba te chɔge,
ko daare nmo ta wó ta‑n wora taa.
Wonnu tem konto maama wó ba te zareme
ne gɔrɔ na yeini ko zareme tei to.
12Te wó ba te leiri, ye n kukuli-te n tiŋi,
ne nmo na kukuli gare-dwoŋo n tiŋi
ye n daare n kwei gare-doŋo n zo tei to.
Nmo nam ta wó ta‑n ye ne n na maŋe n ye tei to mo.
N bena yam bá fɔge ya ti.”
13Wɛ déem wo fɔge o ta de o malese sem wolowolo o we:
“Ba n jeini amo jazem seeni,
se a daare a wane n dona bam
a ke n dam kuri ne se n ta‑n tei-ba.”
14Wɛ malese sem nam na ye tei to, se maama ye balo na toŋe ba pa Wɛ to mo. Wɛ maa yeini o toŋe-se se se vo se woli balo o na tiŋi o ni we, omo wó jwoŋi-ba o yage to.",https://www.bible.com/bible/3661/HEB.1.KBG
HIBURU 2,"Dé wó taa seene dé yia se Wɛ jwoŋi debam
1Konto ŋwaane mo ko fe se dé kwaane dé taa jege Wɛ kwora kalo dé na nigi to se ko gaale, se dé yé tutwoni dé nwoŋi o chega kam wone. 2Kokuri Wɛ déem ya pɛ se o kwora kam tɔge o malese jeŋa mo ka ba dé nabaara bam tei, ye o taane dem konto maŋe de jege kuri lanyerane. Nɔɔno ná wo sɛ-de ye o ná chɔge de nia yam, konto tu jege se o na waarem ne ko na maŋe se o na tei to. 3Ko nam ná ye debam balo Wɛ na dɛ o Bu wom ŋwaane o pa dé lɔre o kwora kam to, dé yiga ná tera o verem dem wone, dé wó wane dé lu na? Dé Teiru Yezu mo dɛ yiga o ŋɔɔne Wɛ verem dem konto taane o bere nɔɔna. Balo na nigi-de to laam ma daare ba ta ba bere debam we ko ye chega mo. 4Ko woli da, Wɛ tete mo zege ba kwaga ne de o na pɛ ba ke maana de wo-kenkagela dwi dwi na bere o dam to. O ma daare o woli ba maama de o Sin-laao kom dam, nenɛɛne o na boŋe se o ke o pa ba dedoa dedoa tei to.
Yezu tu o ji nabiinu se o jwoŋi debam
5Wɛ wo pɛ o malese sem di dam logo kolo na lage ko ba ko taa wora to baŋa ne. Ko ye lo-doŋo kom konto taane mo dé tɛa. 6Wɛ tɔnɔ kom nam bere David na ŋɔɔne de Wɛ o we:
“Amo Tu Wɛ, ko ná ye nabiina,
bɛ mo ye n jege ba boboŋa?
Bɛ mo ke ye n yiga wo nabiin-bia wone konto?
7Nmo nam pɛ se nabiina tiini ba jege paare,
ye n ta pa-ba zula,
ye ba laam daare fee se ba taa mae de malese sem.
8N ma‑n daare n ke wonnu maama
ba dam kuri ne.”
Ko bere debam we, Wɛ ke wonnu maama nabiina dam kuri ne mo. Kokuri mo kolokolo tera Wɛ na wo ke-ko ba dam kuri ne. Ko nam ye chega mo we, leile konto dé ta wo nɛ we, wonnu maama wo nabiina dam kuri ne. 9Dé na nɛ kolo to mo ye Yezu de o dam-fɔrɔ kom. Wonto déem jigi nabiinu mo ye o daare fee se o taa mae de malese sem. O ma tu o tete ye o yaare o te. Konto ŋwaane Wɛ laam ma pa se o tiini o na paare de zula telaao ne. Konto baŋa ne mo Wɛ tɔge o zaane dem ŋwaane o pa se Yezu wane o leiri nabiina maama yuu ne o te ba zeinim ŋwaane.
10Wɛ mo ye wolo na tɔge o tete ŋwaane o ke wonnu maama to. O boboŋa déem ma ja se o pa nabiina dedɛ ji o bia, se ba daare ba taa jege paare o tei ne. Mo kokuri ko maŋe se Wɛ pa o Bu Yezu tɔge yaara ŋwaane o vo o yi o jeiŋa jei o ti. Wonto mo jwoŋi Wɛ bia bam ba wɛleera wone, ye o tɔge ba yiga o jaane-ba o vei Wɛ tei.
11Yezu mo ye wolo na pae nabiina ye wose Wɛ yiga ne to. Wonto de balo o na pɛ ba ji wose to ye nɔn-doa bia mo. Konto ŋwaane mo o bwoi-ba we o nu-bia, ye ko ba jege chaveera o tei ne. 12Mo kokuri o tage de Wɛ o we:
“Amo wó pa nmo yere zaŋe a nu-bia bam yiga ne.
A maa wó zege ba nɔn-kɔgɔ kom tetare ne
a leeni a seini nmo yere dem.”
13O daa ta maa we:
“Amo tete wó kwei a teena maama a pa Wɛ.”
O daa ta we:
“Nii-na amo de bia balo Wɛ na ke amo jeŋa ne to mo tento dé zega.”
14Chega ŋwaane to, balo na ye Wɛ bia to ye nabiina mo, ye ba jege yera de jana. Konto ŋwaane mo Yezu de déem tɔge o ji nabiinu, se o wane o tɔge o toone dem ŋwaane o chɔge wolo na jege toone dam to. Wonto mo ye setaana pɛ. 15Yezu na wane toone konto to, ko pɛ se o wane o jwoŋi balo na fona de toone to o yage. Banto de ba ŋwea maama ya fona ba pa toone ne kabɛ tei, ye Yezu laam jwoŋi-ba. 16Dé lɔre we, ko dae malese sem mo o tu se o zeini. O nam tu se o zeini Abaraham dwi tiina mo. 17Mo kokuri ko maŋe se o ji nabiinu pa se o seene o nye de o nu-bia bam chekke. Konto mo pɛ‑o chwoŋa se o taa ye Wɛ kaanem nakwe tu wolo na jege o nu-bia bam ŋwaŋa lanyerane, ye o toŋe Wɛ yiga ne de jawala o pa-ba. O keim dem konto mo pɛ o wae o saare ba wɛleera ye o pa ba fɔge de Wɛ. 18Kokuri Yezu na nɛ yaara ye o wo sɛ se ya soge‑o to, o laam wae o zeini balo yaara na wora ya faŋe-ba to se ba de taa jege pu-dɛa.",https://www.bible.com/bible/3661/HEB.2.KBG
HIBURU 3,"Wɛ Bu Yezu tiini o dwoi Moses
1A nu-bia balo na ye Wɛ nyem to, Wɛ bwoŋi abam se á tɔge á na ywoni telaao ne. Nam boŋe-na á nii Yezu na ye tei to. Wonto mo ye Baŋa Wɛ tontoŋ-kweo de Wɛ kaanem nakwe tu wolo dé na jege o chega to. 2Wɛ mo tiŋi‑o se o taa ye konto, ye o toŋa o pa Wɛ de jawala. Ko nam ye bedwe mo de Moses déem na jege jawala o nii Wɛ nɔɔna bam o pa‑o tei to. 3Yezu nam seene o maŋe se o na zula ko dwoni Moses, kokuri nɔɔno ná bobo sɔŋɔ kuri, wonto jege se o na zula se ko dwoi sɔŋɔ kom tete. 4Sɔŋɔ nam tera ye ko dae nɔɔno mo bobo ko kuri. Wɛ nam mo ye wolo na bobo wonnu maama kuri. 5Moses déem nye de tontoŋeno mo Wɛ sɔŋɔ wone, de o na toŋe de jawala o pa Wɛ nɔɔna tei to. O ma yeini o wuuri o bere-ba Wɛ chega kalo na wó ba ka lɔre ja to. 6Ko daare Yezu Krista mo ye sɔŋɔ kom tete bu chekke, ye o tei Wɛ sɔŋɔ kom. Debam maa ye o sɔŋɔ kom tiina, ne dé ná maŋe dé jege pu-dɛa ye dé ta bere we, dé jege teena o tei ne to.
Dé yé taa jege yi-dɛɛre dé pa Wɛ
7Ko maa nye de Wɛ Sin-laao kom na bere debam tei ko we:
“Abam zem ná nigi Wɛ kwora,
8se á yé pa á wo ke dam,
ne á nabaara déem na jege yi-dɛɛre
ye ba kwaane se ba maŋe Wɛ ba nii
maŋa kalo ba na wo kagoa kam yuu ne to.”
9Wɛ maa we:
“Abam nabaara bam déem nɛ amo na ke-ba tei taa, bena finna to,
ye ba ta kwaane se ba maŋe amo ba nii.
10Konto ŋwaane mo amo bane zaŋe de á nabaara bam konto,
ye a ta a we, ‘Ba yeini ba paale ba tusi mo maŋa maama.
Ba maa ba sɛa se ba tɔge amo chwei sem.’
11Mo kokuri amo tɔge a ban-zɔŋɔ kom baŋa a ma du duuri a pa-ba a we,
amo bere a bá pa-ba chwoŋa se ba zo amo woro kom wone ba sii.”
12A nu-bia bam, ta‑á yei-na se abam wolowolo yé taa jege boboŋ-lwanno o bochare ne se ko pa o ve Ŋwea Tu Wɛ ni ye o daare o ywori o kwaga ne. 13Nam ta‑á woli-na daane maŋa maama, se ko pa á ta‑á jege pu-dɛa. Ko ta ná ye zem da yam ye á ni Wɛ kwora kam, se abam wolowolo yé pa lwarem gane‑o pa se o ke yi-dɛɛre o pa Wɛ. 14Debam nam tu dé tɔge de Yezu Krista dé ye Wɛ bia mo, ne dé ta ná jege teena de Wɛ, nenɛɛne dé na maŋe dé jege tei boboa ne to, se ko vo ko yi dé ŋwea kweelim.
15Dé maŋe dé lɔre Wɛ tɔnɔ kom na bere tei ko we:
“Abam zem ná nigi Wɛ kwora,
se á yé pa á wo ke dam,
ne á nabaara bam déem na jege yi-dɛɛre de Wɛ tei to.”
16Ko ná ye balo déem na nigi Wɛ kwora kam ye ba daare ba jege yi-dɛɛre to, banto ye bera mo? Ba ye balo maama Moses na tɔge ba yiga o ja o nwoŋi Ejipti teo kom wone to mo. 17Ko ná ye balo Wɛ bane na zaŋe de-ba taa se ko vo ko yi bena finna to, ba ye bera mo? Ba ye nɔɔna balo na ke ba tusi kagoa kam wone ye Wɛ pa se ba te da to mo. 18Wɛ na dugi o we, omo bere o bá pa-ba chwoŋa se ba zo o woro kom wo ba sii to, ko ye balo na ve o ni to taane mo. Ko dae konto na?
19Ko ma pa dé lɔre we, Wɛ na wo pɛ-ba chwoŋa se ba zo o woro kom wo to, ko ye ba na wo ke ba wo-dedoa ded‑o to ŋwaane mo.",https://www.bible.com/bible/3661/HEB.3.KBG
HIBURU 4,"Dé wó kwaane se dé zo Wɛ woro kom wo dé sii
1Wɛ na pwooli kampwola se o pa nɔɔna chwoŋa se ba zo o woro kom wo ba sii to ta fɔge ka wora mo. Debam nam wó taa yei dé tete mo se nɔɔn-nɔɔno yé sa chwoŋa ye o ta wo yi Wɛ woro kom se o sii. 2Debam maŋe dé ni Wɛ kwor-ywoŋa kam, nenɛɛne dé nabaara bam de na nigi-ka tei to. Banto nam na nigi-ka to, ba wo nɛ nyɔɔre ka baŋa ne, kolo ŋwaane ba wo ke ba wo-dedoa se ba tɔge Wɛ na tage kolo to. 3Debam balo na ke dé wo-dedoa de Wɛ to mo wó ba dé sii o woro kom wone. Wɛ nam tage nɔɔna banto taane o we:
“Amo tɔge a ban-zɔŋɔ kom ŋwaane
a du duuri a pa-ba a we,
amo bere a bá pa-ba chwoŋa se ba zo amo woro kom wo ba sii.”
Wɛ na tage konto to, ko nam dae we o ba jege woro mo se ba zo da ba sii. Ko zege maŋa kalo o na naane logo baŋa to mo o totoŋa yam ti ye o daare o sii. 4Wɛ tɔnɔ kom tage Wɛ totoŋa da yarepɛ siu dɛ dem taane ko we,
“Da yarepɛ dɛ dem ne mo Wɛ laam jeini o sii
o totoŋa yam maama wone.”
5Wɛ daa ta tage o siu kom taane o we,
“Amo bere a bá pa-ba chwoŋa se ba zo amo woro kom wo ba sii.”
6Ko na ye konto to, dé nabaara balo na dɛ yiga ba ni Wɛ kwor-ywoŋa kam to wo wane ba zo o woro kom wo ba sii, ba na ve o ni to ŋwaane. Konto ŋwaane ko laam daare se nɔɔna badaara mo na chwoŋa se ba zo. 7Mo kokuri Wɛ daa ta tiŋi dɛ dedwoŋi se nɔɔna wane ba sɛ o ni, ye ba daare ba zo o woro kom wo ba sii. Dé nabaara bam na wo wane ba zo ye bena dedɛ kɛ to, Wɛ daa ta bere o ni dem de nɔɔna badaara, ye David ta de taane o we:
“Abam zem ná nigi Wɛ kwora,
se á yé pa á wo ke dam.”
8Josua déem tɔge Wɛ nɔɔna bam yiga o pa ba vo ba zoore te-ywoŋa jei ne. Ko nam dae Wɛ woro kom mo ba zo se ba sii. Ba ya ná seene ba na siu, Wɛ ya daa bá tiŋi dɛ dedwoŋi se nɔɔna na siu de wone. 9Konto mo dé yei we, chwoŋa ta wora zem se Wɛ nɔɔna bam na siu o tei ne. 10Wolo maama ná zo Wɛ woro kom wo se o sii, wonto wó seene o na siu o totoŋa yam wone, ne Wɛ de déem na sii de o totoŋa yam da yarepɛ dɛ ne tei to. 11Konto ŋwaane pa-na dé kwaane se dé zo Wɛ woro kom wo dé sii. Nɔɔn-nɔɔno yé zaŋe o ve Wɛ ni se o jwoori Wɛ kwaga ne, ne dé nabaara bam déem na ke tei to.
12Wɛ kwora kam jege ŋwea ye ka dana lanyerane. Ka nye de se-zɔɔ kolo na jege nia yalei to mo. Ka maa wae ka zoore nɔɔno wo ka pɔɔre o jworo de o bochare wonnu maama, ye ka daare ka lɔre o swa de o boboŋa maama na ye tei to. 13Kolokolo bá wane ko seigi Wɛ yiga ne. Woŋo kolo maama na wora to, o maŋe o yei ko na ye tei to chekke. Ko maa ye wonto mo dé jege se dé ja dé tete dé ba dé pa‑o, se o bwei debam o nii.
Yezu zo Wɛ tei debam ŋwaane
14Debam nam jege wolo na nɛ chwoŋa se o zo Wɛ tei telaao ne, o na ye Wɛ kaanem nakwe tu debam ŋwaane to. Wonto mo ye Wɛ Bu Yezu, ye o dwoi logo baŋa kaanem yiga tiina bam maama. Konto ŋwaane pa-na se dé tiini dé sɛ Wɛ chwoŋa tɔgem lanyerane. 15Wɛ kaanem nakwe tu wom konto nam dae wolo na bá wane o taa jege debam ŋwaŋa. O nam yei debam na bwona tei to, ye o na yaara yalo na faŋe‑o to, ne yaara yalo maama dwoŋi debam na nɛ to. De konto de, o ta wo sɛ o tusi. 16Konto ŋwaane, pa-na se dé taa jege baare ye dé vo dé yi Dam-fɔrɔ Tu Wɛ wom jeiŋa jei, se dé jwoŋi zaane o tei ne. Konto mo Wɛ wó duri dé ŋwaŋa ye o pa debam zaane se ko wane ko zeini debam maŋa kalo dé na lage wolim to.",https://www.bible.com/bible/3661/HEB.4.KBG
HIBURU 5,"1Ko ná ye Wɛ kaanem nakwe tu maama, ba yeini ba le‑o o dwonna nabiina wone mo se o taa toŋe o pa-ba Wɛ chwoŋa tɔgem seeni. Wonto jege se o taa kaane Wɛ ba maama wɛleera saarem ŋwaane mo. 2O tete nam na bwona ye o yeini o tusi to, o wae o jaane o bochare de balo na yeiri Wɛ chega kam lanyerane ye ba tusi to. 3O na bwona konto to, ko fe mo se o kaane Wɛ o tete wɛleera saarem ŋwaane, se ko woli de balo o na toŋe o pa-ba to de wɛleera ŋwaane.
4Nɔɔn-nɔɔno nam bá wane o le o tete se o ji Wɛ kaanem nakwe tu. Ko ye Wɛ mo wó kuri‑o se o taa ye konto, nenɛɛne o déem na bobo o kuri Aron tei to.
5Ko ta ye bedwe mo de Yezu Krista na jigi Wɛ kaanem nakwe tu to. O wo boŋe kamunim o pa o tete se o taa ye konto. Wɛ nam mo tage ded‑o o we:
“Nmo mo ye amo Bu,
ye zem amo de ji nmo Kwo.”
6Wɛ daa ta tage o tɔnɔ kom jei sedwoŋi ne we:
“Nmo wó ta‑n ye amo kaanem tu taa wuu,
ne Melkizedeka na ye tei faŋa faŋa to.”
7Yezu na wo logo baŋa ne maŋa kalo to, o yeini o tiini o ware Wɛ, ye o ka yi-na o kaase o ma lwoori‑o, o na yei we Wɛ wó wane o jwoŋi‑o toone wone to ŋwaane. Wɛ ma sɛ o wɛ-lworo kom, o na tu o tete ye o zuli‑o lanyerane to ŋwaane. 8O maŋe o ye Wɛ Bu mo. De konto de, o na yaare tei to mo pɛ o lɔre o na wó ke tei o tɔge Wɛ ni to. 9O laam ma ji wolo na jege chega chekke ye o wae o jwoŋi balo maama na sɛ o ni to o pa ba na ŋwea Wɛ tei ne. 10Wɛ ma le‑o se o taa ye o kaanem nakwe tu, ne Melkizedeka faŋa faŋa na ye tei to.
Dé yé ywori Wɛ chwoŋa wone
11Amo ya jege taane dedɛ se a ta a bere abam konto baŋa ne, ye ko nam tiini ko chana se a pa á ni ko kuri, kolo ŋwaane abam laam jege jawɔrɔ á boboŋa ne. 12Ko ná dae konto ŋwaane, tento wɛɛne abam ya wó ta‑á ye balo na maŋe se á ta‑á jege Wɛ nɔɔna á zamese to mo. Ko na ye chega to, ko maŋe se nɔɔna jwoori ba zamese abam Wɛ taane wo-mwaalo tem mo. Abam nye de bia balo ta na wo yi wodiu dim, ye á jege se á ta‑á ŋɔge yela mo ne bu-balɛ tei to. 13Balo na jege bu-balɛ boboŋa konto to bere we, ba ta wo lɔre Wɛ kwora kalo na bere o chega kam to chekke. 14Ko daare balo boboŋa na kweere Wɛ chega kam seeni to mo laam yi se ba di wodiu kolo na duna to. Banto mo yeini ba tɔge Wɛ chega kam de jawala, pa se ba wae ba pɔɔre lam de lwarem daane.",https://www.bible.com/bible/3661/HEB.5.KBG
HIBURU 6,"1Konto ŋwaane pa-na se dé yage Yezu Krista taane wo-mwaalo tem, se dé laam pa dé boboŋa kweere Wɛ chega kam seeni. Abam daa ba jege se á jwoori á bobo Wɛ taane dem zamesem, bɛŋwaane á maŋe á lɔre á na wó yage wo-yɔɔro kikia tei to, de á na wó ke á wo-dedoa de Wɛ tei to. 2Á maŋe á zamese nɔɔna na wó zare ba tete Wɛ ŋwaane tei to, ko woli de nakwa na wó kwei ba je ba daŋe nɔɔna yuu ne se Wɛ zeini-ba tei to, ye á kwori á zamese twa na wó bi tei to, ko woli de Wɛ na wó ba o di nabiina bora tei to. 3Pa-na dé yage wonnu tem konto zamesem se dé daare dé kwaane dé kɛ yiga. Wɛ ná sɛ, dé wó wane dé ke konto.
4Ko ná ye balo na maŋe ba sɛ Wɛ chega kam to, ba laam ná paale ba ywori o tei ne, nɔɔn-nɔɔno daa bá wane o jwoori o de-ba Wɛ chwoŋa wone. Banto mo maŋe ba ye balo yi na poore de Wɛ chega kam ye ba daare ba lɔre Wɛ ŋwe-doŋa kam na ye tei to. Ba de Wɛ Sin-laao kom maa me daane. 5Ba maŋe ba lɔre Wɛ ni taane dem na ywomma tei to, ye ba na Wɛ totoŋ-kamunnu telo na maŋe de Wɛ paare delo na lage de ba to mo. 6Nɔɔna banto dwi ná ywori Wɛ chwoŋa wone, nɔɔn-nɔɔno daa bá wane o pa ba leiri ba wo se ba daa taa tɔge Wɛ, kolo ŋwaane ba yeini ba pa Wɛ Bu Yezu na chaveera nɔɔna yiga ne, nenɛɛne ba tete na jwoori ba ke‑o dagara kam yuu ne ba go tei to.
7Ko nye de doa ná wora ka nena lanyerane nɔɔno kara ne. Tega kam ná nyɔge doa na bam, ye ka daare ka ke wodiiru lanyerane ka pa balo na dugi ka baŋa ne to, Wɛ wó swɛ tega kam konto swolim. 8Ko daare tega kam ná ke sabare de wo-korro yerane, ko bere we ka ye kafɛ mo ye ka maŋe se Wɛ mo sɔɔle-ka o yage. Ko kweelim nam ye se ba ma mini mo ba zwɛ-ka ba chɔge.
9De konto de, a badwoŋ-swonnu bam, abam wó taa gara. Amo yei we abam ta wo Wɛ chwoŋa wone á maa vei o tei se o jwoŋi abam. 10Wɛ ye chega tu mo. O nam bá swei á na maŋe á tɔge keim-laaro tei to. O ta bá swei á na jege o swono lanyerane, ye á toŋe á woli o nɔɔna bam ko ba ko yi zem maama to. 11Amo nam na tiini a lage kolo to mo ye se abam maama ta‑á yei á tete lanyerane de á na tɔge Wɛ tei to, se á laam vo á yi o tei ye á seene á na wo-laaro telo á na jege teena se á na to. 12Á yé pa se jawɔrɔ zo abam. Nam lwoni-na balo na fɔge ba zege de pu-dɛa ye ba jege wo-dedoa de Wɛ to. Banto laam wó ba ba jwoŋi wonnu telo Wɛ na pwooli we, o wó pa-ba to.
Wɛ kampwola bá fɔge ka leiri
13Faŋa faŋa to, Wɛ déem pwooli de Abaraham o we, omo wó fɔge‑o lanyerane. Wɛ na tiŋi o ni dem ded‑o konto to, o dugi de o tete mo, kolo ŋwaane woŋo tera ko na dwoi‑o se o ma du de-ko. 14Wɛ gwoni o ni dem ded‑o o we:
“Amo wó swɛ nmo swolim lanyerane
ye a pa se n dwi dem puli dedɛ.”
15Wɛ na dugi konto to, Abaraham déem ma vɔ pu-dɛa taa, ye o laam ba o na Wɛ na pwooli se o pa‑o kolo to.
16Ko ná ye nabiina ná yeini ba du duuri, ba wó ma wolo na dwoi ba tete to yere mo ba du, se ko bere we ba taane dem ye chega, se bwɛa daa ta tera. 17Ko ná ye Wɛ na pwooli kampwola de balo to, o lage se ba lɔre lanyerane we, o bá fɔge o yiri o ni dem. Konto ŋwaane mo o dugi duuri o woli de o kampwola kam. 18Kikia yanto yalei bá wane ya leiri ya ji vwa, ko na ye Wɛ tete kikia to ŋwaane. Konto ŋwaane mo debam balo na ke dé tete Wɛ jeŋa ne to wó tiini dé ke pu-dɛa ye dé ta jege teena ded‑o we, dé wó na wonnu telo o na tiŋi o pa debam to. 19Teena yam dé na jege Wɛ tei ne konto to tiini ya dana ye ya bá wane ya chɔge. Ya maa pae se dé boboŋa tigi jeiga dedoa, ye ya zo Wɛ tete jeiŋa jei mɛ na chege de gare-jale se nabiina yé zo to. 20Yezu nam maŋe o da yiga o zo jei sem konto se o pore chwoŋa mo o pa debam. Wonto mo jigi Wɛ kaanem nakwe tu se ko taa vei wuu, ne Melkizedeka déem na ye tei to.",https://www.bible.com/bible/3661/HEB.6.KBG
HIBURU 7,"Melkizedeka de Yezu memaŋa
1A laam lage a ta Melkizedeka taane dem a bere abam. Wonto déem ye Salem tiina pɛ mo ye o kwori o ye Yuu-tu Baŋa Wɛ kaanem tu. Abaraham na wane pwa badwonna jara wone ye o laam jwoori maŋa kalo to mo Melkizedeka jeeri‑o chwoŋa ne o sɔɔle Wɛ swolim o ke o yuu ne. 2Abaraham laam ma kwei nyɔɔre delo o na nɛ jara yam baŋa ne to o pɔɔre teiri delo na ye Melkizedeka nyem to o pa‑o. Melkizedeka yere dem kuri mo ye ‘Chega tu’. Ko woli da, o na ye Salem pɛ to, ko ta bere we o ye ‘Yazura pɛ’ mo. 3Debam nam wo nigi Melkizedeka kwo de o nu ŋwa, ye dé yeiri o kuri na bobo mɛ to. Dé maa yeiri o lora dɛ de o toone maŋa. Konto pa se o nye de Wɛ Bu wom, ye o ye Wɛ kaanem tu taa wuu.
4Boŋe-na á nii Melkizedeka déem na jege kamunim tei to. Konto ŋwaane mo debam nabaaro Abaraham déem le o nyɔɔre dem o na nɛ jara yam baŋa ne to o pa‑o. 5Ko ná ye balo na nwoŋi Levi dwi tiina wone ye ba kaane ba pa Wɛ to, Wɛ ni dem pɛ-ba chwoŋa se ba jwoŋi ba teiri wonnu ba dwonna Isarele tiina bam tei ne, ye ba maama maŋe ba ye Abaraham dwi tiina mo. 6Melkizedeka nam wo nwoŋi Levi dwi dem wone. De konto de, o jwoŋi o teiri wonnu Abaraham tete tei ne. O ma daare o sɔɔle Wɛ swolim o yage Abaraham yuu ne, ye Abaraham nam ya mo ye wolo Wɛ na pwooli kampwola ded‑o to. 7Ko nam ba jege bobwea we, nɔɔno ná sɔɔle Wɛ swolim o pa o dwoŋi, wonto mo ye nɔn-kamunu o dwoi wodwoŋi wom.
8Levi dwi tiina bam déem yeini ba jwoŋi ba teiri wonnu mo, ye banto mo ye balo na bá lu toone jeŋa ne to. Wɛ tɔnɔ kom nam bere we, Melkizedeka ye wolo na ŋwe to mo ye o jwoŋi o teiri wonnu. 9-10Abaraham na pɔɔre Melkizedeka wonnu o pa‑o maŋa kalo to, ba ta wo loge Levi ye o nam wo o nabaaro Abaraham jana wone. Levi nam ye wolo dwi tiina na jege chwoŋa se ba jwoŋi ba teiri wonnu ba dwonna tei ne to mo. De konto de, ko nye de Levi tɔge Abaraham ŋwaane mo o pa Melkizedeka jwoŋi o teiri wonnu.
11Wɛ na tɔge Moses jeŋa o pa o nia yam Isarele tiina bam to, o nia yam konto de Levi dwi tiina kaanem dem tɔge ya woli daane mo. Dé yei we banto na yeini ba ke kaanem ba pa Wɛ tei to wo wane ko yi chega kam chekke. Ko ya ná seene ko ye chega, Wɛ ya bá kuri kaanem tu wodwoŋi wolo na dae Levi dwi tu to. Wɛ nam kuri wolo na ye kaanem tu ne Melkizedeka déem na ye tei, ye o wo nwoŋi Aron dwi dem wone. 12Wɛ na leiri o kaanem tu dwi konto to, ko jege se o nia yam de tɔge ya leiri mo. 13-14Memaŋa yanto maama nam tɛ dé Teiru Yezu taane mo. Dé yei we ba loge wonto Judah dwi tiina wone mo, ye o dae Levi dwi tu. O dwi dento wone nɔɔn-nɔɔno wo fɔge o ji Wɛ kaanem tu. Ko ná ye Wɛ nia yalo o na ke Moses jeŋa ne to, ya wo pɛ Judah dwi tiina chwoŋa se ba ji Wɛ kaanem tiina kɔtaa.
15Dé nam seene dé lɔre Wɛ na tiŋi chwo-doŋa tei to. Ko maa ye o kaanem tu Yezu laam na nwoŋi dwi-gaa wone, ye o nye de Melkizedeka déem na ye tei to. 16Yezu na jigi Wɛ kaanem tu tei to wo tɔge nabiina chullu ŋwaane, se ko tɔge o ŋwea kalo toone na ba jege dam ka baŋa ne to ŋwaane mo. 17Wɛ nam tage o taane o we:
“Nmo mo wó ta‑n ye amo kaanem tu taa wuu,
ne Melkizedeka faŋa faŋa na ye tei to.”
18-19Ko maa bere we, chwo-dwoŋa kam mo gwoni ka yage, bɛŋwaane nia yalo Wɛ na ke Moses jeŋa ne to ware ya pa kolokolo taa ye chega chekke. Ya maa ba jege dam se ya woli nɔɔna. Ko daare leile konto dé laam jege teena lanyerane de Wɛ na tiŋi chwo-laao kolo o pa debam, se dé ma wane dé tɔge-ka dé vo dé yi o tei.
20Wɛ nam dugi duuri o woli da. Levi dwi tiina nam na jigi o kaanem tiina to, o wo dugi duuri dem konto dwoŋi. 21Ko daare Yezu na jigi Wɛ kaanem tu to, Wɛ dugi duuri o ŋwaane, ye o ta ded‑o o we:
“Amo Baŋa Wɛ mo dugi a duuri
ye a bá fɔge a za a ni.
Nmo wó ta‑n ye amo kaanem tu taa wuu.”
22Wɛ na dugi duuri o pa Yezu konto to, ko bere we, o na ke ni-gwonim delo o pa debam to tiini de lana de dwoi o ni-dwoori dem, Yezu na zege dé kwaga ne to ŋwaane.
23Ko ná ye Levi dwi tiina bam, ba dedɛ déem yeini ba jiri Wɛ kaanem tiina. Toone nam na yeini de jaane-ba to, ko pɛ se ba daa ware ba toŋe Wɛ kaanem totoŋa yam. 24Ko daare Yezu mo jege ŋwea taa wuu, ye nɔɔn-nɔɔno daa ba jege se o leiri o yuu ne o ji Wɛ kaanem tu. 25Konto to, o wae o jwoŋi balo na tɔge o ŋwaane ba vei Wɛ tei to o yaga, se kolokolo daa yé chɔge-ba, o na jege ŋwea maŋa maama ye o lwoori Wɛ o pa-ba to ŋwaane.
26Yezu na ye Wɛ kaanem nakwe tu tei to maŋe de debam boboŋa. O jege wo-pwoŋo de chega Wɛ yiga ne, ye tusim tera o tei ne. Wɛ ma pwɛ‑o nɔn-chechɔgero tei ne, ye o daare o zeiŋi‑o pa o zo o tei wɛyuu baŋa seeni. 27Ko ná ye Wɛ kaanem yiga tiina déem na ye tei to, dɛ maama ba yeini ba da yiga ba kaane Wɛ ba ma saare ba tete wɛleera, ye ba laam daare ba kaane Wɛ ba dwonna bam wɛleera ŋwaane. Yezu nam ba jege se o ke konto dwoŋi. Wonto kwei o tete mo o ma kaane Wɛ kuni bedwe yerane, ye konto jege kuri se ko taa vei wuu. 28Nia yalo Wɛ na ke Moses jeŋa ne to pae se nabiina mo taa jiri Wɛ kaanem yiga tiina ye ba bwona. Ko nam ná ye Wɛ ni-gwonim delo o na dugi duuri de ŋwaane to, dento laam mo leiri Moses nia yam yuu ne, ye de pa se Wɛ tete Bu wom ji o kaanem nakwe tu wolo na jege chega chekke se ko taa vei wuu to.",https://www.bible.com/bible/3661/HEB.7.KBG
HIBURU 8,"Yezu tiini o zeini debam Wɛ ni-doore dem ŋwaane
1Taane dem maama wone de jei sento mo bere we, dé seene dé jege Wɛ kaanem nakwe tu wom konto dwoŋi. O ma na jeiŋa jei telaao ne Yuu-tu Baŋa Wɛ paare yituŋu kom jazem seeni. 2O maa wo Wɛ wara-jei sem ne mo o toŋa o pa‑o. Jei sem konto ye Baŋa Wɛ tete nyem chekke mo, ye ko dae logo baŋa vwei delo nabiina na pugi se ba taa zuli‑o da to.
3Wolo maama na ye Wɛ kaanem nakwe tu to mae vara de pɛɛra dwi dwi mo o kaane Wɛ. Debam Wɛ kaanem nakwe tu Yezu de nam maŋe se o taa jege kolo o na wó kwei o ke Wɛ jeŋa ne to mo. 4O nam ba jege se o taa wo logo baŋa ne se o kwei woŋo o ma kaane Wɛ. Wɛ kaanem tiina maŋe ba wo logo baŋa ne, ye ba kwei pɛɛra ba ke Wɛ jeŋa ne, se ko maŋe de Moses nia yam na bere tei to. 5Banto na yeini ba toŋe ba pa Wɛ tei to ye ba lwoni totoŋa yalo na ye chekke to mo. Ba na toŋe mɛ to ye lunluŋu mo ko bere kolo na wo telaao ne ye ko ye chekke to na ye tei. Konto to, Moses déem na lage o pu Wɛ wara-vwei dem to, Wɛ déem bere‑o o na wó ke tei ye o we, “Kwaane n ke wonnu tem maama se te lwoni amo na maŋe a bere‑m peo kom yuu ne tei to.”
6Ko daare leile konto, Yezu na toŋe o pa Wɛ tei to tiini ko jege kuri lanyerane ko dwoi kaanem tiina bam totoŋa maama. Ko nam ye bedwe mo de ni-gwonim delo Wɛ na tɔge Yezu ŋwaane o ke o pa debam to na dwoi da-yiga ni-gwonim dem na ye tei to, de na tɔge o kampwola kam na tiini ka lana to ŋwaane mo. 7Da-yiga ni-gwonim delo Wɛ na ke o pa o nɔɔna to ya ná ba jege gɛɛre, ni dedwoŋi ya daa bá wane de leiri dento yuu ne. 8Ko nam na ye tei to, Wɛ déem bere we gɛɛre wora, ye o ta de o nɔɔna o we:
“Maŋa lage ka yi se amo jwoori a gwoni ni
de Isarele dwi tiina bam de Judah dwi tiina bam,
se ko taa ye amo ni-doore.
9Dento nam bá taa ye bedwe de ni delo a déem na gwoni de ba nabaara bam
maŋa kam a na mɛ a jeŋa a ja-ba a nwoŋi Ejipti teo kom wone to.
Banto déem wo sɛ ba tɔge amo ni-gwonim dem konto.
Ko ma pa a yiga daa tere ba wone.
10Maŋa kam ná yia, ni delo amo na wó gwoni de Isarele dwi tiina bam to mo tento:
Amo wó kwei a nia yam a tiŋi ba boboŋa ne mo,
ye a daare a popone-ya a yage ba bochara wone.
Amo maa wó taa ye ba Tu Wɛ wom,
se ba de taa ye amo nɔɔna.
11Ba wolowolo daa ba jege se o bere o dwonna,
naa se o ta de o chorro we, ba lɔre Baŋa Wɛ.
Kolo ŋwaane ba maama wó taa yei amo, ko ná maŋe ko ye nabwona de dedɛɛra de.
12Maŋa kam konto ne amo wó duri ba ŋwaŋa
de ba keim-lwanno tem.
A daa bá guli ba wɛleera yam gula.”
Mo Baŋa Wɛ na tage tei.
13Wɛ na ŋɔɔne o ni-doore dem taane konto dwoŋi to, ko bere we o da-yiga ni dem laam jigi ni-dwoori mo. Ko maa bere we dento daa ba jege kuri, ye de da yam lage ya kɛ.",https://www.bible.com/bible/3661/HEB.8.KBG
HIBURU 9,"Logo baŋa wara-vwei dem taane
1A lage a ta da-yiga ni-gwonim dem taane mo. De déem jege chullu telo na bere nɔɔna ba na wó taa zuli Wɛ tei o wara-jei selo na wo logo baŋa ne to wone mo. 2Wɛ wara-vwei dem konto wo nam pɔɔre di selei mo. De kwaga diga kam yere mo ‘Wɛ di-yuu kom’, ye ka jege min-zwon-zego kom. Tabolo de maa wora ye bworobwooru telo na ye Wɛ nyem to maa tigi ko baŋa ne. 3Di-yun-gala de maa wora, ka na tiini ka ye wose Wɛ ŋwaane to mo, ye gare-jale pale de gare de che-ka. 4Sabu-seŋa Wɛ kaanem dakaa maa zege da, ba na zwɛ wonnu telo lwom na ywomma to ka baŋa ne ba pa‑o. Wɛ ni-gwonim dakaa kam de maa wora ba na mɛ sabu-seŋa ba ma kwoli-ka. Ka wo kom maa jege sabu-seŋa zoŋa kalo de wo na jege wodiu kolo yere na ye ‘Manna’ to. Nacheiga kalo na ye Aron nyem ye ka déem puli vɔɔro to de maa wora Wɛ ni-gwonim dakaa kam wone, ko woli de kandwa-pelɛ selei Wɛ nia fuga kam na popone se baŋa ne to. 5Dakaa kam baŋa maa ye jeiga kalo Wɛ na saare nabiina wɛleera mɛ to. Ba déem ma ke cherubi selei nyenyero ba zege da. Se maa bere Wɛ nenɔŋ-fɔrɔ kom ye se vɔna yam kwoli dakaa kam baŋa.
Ko nam daa dae se dé ŋɔɔne wonnu tem konto taane dedɛ.
6Wara-vwei dem de de wonnu tem na wora konto to, Wɛ kaanem tiina bam yeini ba zo de kwaga diga kam dɛ maama mo se ba toŋe ba totoŋa yalo na pae Wɛ jege zula to. 7Ko nam ná ye di-yun-gala kam, Wɛ kaanem nakwe tu wom yerane mo jege chwoŋa se o zo ka wo bedwe bene maama wone. Wonto nam ná lage o zo, o wó kwei vara jana mo o ja zo se o ma kaane Wɛ, se ko saare o tete wɛleera, se ko daare ko saare tusim kikia yalo o dwonna nabiina na ke ye ba yeiri ya ni ne to.
8Wɛ Sin-laao kom laam mae kikia yam konto maama na ye tei to mo ko bere debam we, chwoŋa déem ya tera se nɔɔna wane ba zo Wɛ di-yun-gala kam. Vwei dem dedaane de kwaga diga kam maama ta na zege to bere we di-yun-gala kam ni ta wo pore mo. 9Ko maa ye maana mo ko bere debam zem se dé lɔre Wɛ chwoŋa tɔgem na ye tei to. Ko bere we vara de pɛɛra yalo maama nabiina na kwei ba ma kaane Wɛ to bá wane ya zeini wolo na kwei-ya o ma zuli Wɛ to se ya pa o bochare kwɛ fase Wɛ seeni. 10Kaanem kikia yanto dwoŋi jege kuri logo baŋa seeni yerane mo, ko ná ye wodiu dim, naa bochare digiru zarem ŋwaane. Ya maama tɔge nabiina chullu mo, ye ya jege kuri se ko taa vei maŋa kam Wɛ na wó fɔge o tiŋi o chwo-doŋa kam to.
Yezu Krista jana bam taane
11Wɛ laam tiŋi o chwo-doŋa kam mo de Yezu Krista na tu o ba o ji o kaanem nakwe tu debam ŋwaane to. Ko ma pa dé jwoŋi o ŋwe-doŋa wo-laaro telo na maŋe te wora to. Yezu na zo Wɛ tei debam ŋwaane to, ko ye Wɛ sɔŋɔ chekke mo o zoa, ye konto tiini ko lana ko dwoi logo baŋa vwei dem. O na zo mɛ to dae vwei delo nabiina na pugi to. 12O ma vo o zo Wɛ tete di-yun-gala kam. Ko ye bedwe yerane mo o zoa, ye o laam wora taa wuu. O nam wo kwei bone naa na-bale jana o ja zo se o ma kaane Wɛ. Ko maa ye o tete jana mo o mɛ o ŋwe debam wɛleera jene, ye o jwoŋi debam o ke Wɛ jeŋa ne se ko taa vei wuu. 13Wɛ ni-dwoori dem bere we, nɔɔno wolo bochare ná jege digiru, ba jege se ba kwei bone jana naa na-bale jana ba gwaane de na-chwɛ delo ba na zwɛ to tentwarem mo ba ma mi nɔɔno wom yera. Keim dem konto mo yeini de zare o yera digiru tem ye de daare de fɔge‑o Wɛ chwoŋa wone. 14Ko na ye konto to, Yezu na tega ye o jana nwoŋi to, ko bá tiini ko fɔge nɔɔna bochara mo na? O ma tɔge Wɛ Jworo kom na wo o tei ne taa wuu to baŋa o ji kaanem delo na lana fase to o ke o pa Wɛ. O na kaane Wɛ debam ŋwaane konto to, ko wae ko pae dé bochara taa lana fase, pa se dé boboŋa daa yé zo wo-yɔɔro kikia, ye dé daare dé zuli Ŋwea Tu Baŋa Wɛ.
15Konto ŋwaane Yezu mo ye wolo Wɛ na dɛ o ŋwaane o gwoni ni-doore de o nɔɔna bam to. O na mɛ o toone o ŋwe nabiina wɛleera jene to, o wae o jwoŋi-ba de ba na ke kolo ba chɔge Wɛ da-yiga ni-gwonim dem to. Konto ŋwaane balo maama Wɛ na kuri se ba taa ye o bia to wae ba jwoŋi o ŋwe-doŋa kam de ka wo-laaro tem maama, ne o na pwooli se o pa-ba tei to.
16-17Ko nye de nɔɔno na gwoni o ni o bere se, o ná tega o daare, ba na wó pɔɔre o wonnu tei to. O ta ná ŋwe, o ni dem konto ba jege bu. Nɔɔna nam ná lɔre we o tega, ba laam wó pɔɔre o wonnu tem se ko maŋe de o ni dem na tage tei to. 18Konto ŋwaane mo, Wɛ na ke da-yiga ni-gwonim dem o pa o nɔɔna to, ba kwei varem jana mo ba ma bere we, o ni dem jege bu. 19Ko déem na ke to, Moses bobo o tɔɔle Wɛ nia yam maama o bere Isarele tiina bam maama. O laam ma kwei na-bale de bone delo ba na go to jana o gwaane de na, ye o daare o ma o mi tɔnɔ kolo Wɛ nia yam na popone da to. O laam ma mi Isarele tiina bam maama yera ne. O kwei Husopa tio daa, ye o vɔ gare-ŋon-seŋa ka yuu ne o lu jana bam wone o ma mi wonnu tem, de nɔɔna bam maama. 20O déem na yeini o ke konto dwoŋi to mo o tage we, “Jana banto bere we Wɛ ni-gwonim dem jege bu, o na tage abam se á tɔge-de to.”
21Moses daa ta ma kwei jana bam o ke konto dwoŋi o ma mi vwei dem de wonnu telo maama na wora Wɛ zula ŋwaane to. 22Ko ye chega mo we, Wɛ nia yalo o na ke Moses jeŋa ne to bere we nɔɔna jege se ba kwei varem jana mo ba ma zare ba wonnu Wɛ ŋwaane. Ko ye nenɛɛne wonnu maama jege se te zare konto mo. Ko ta woli da, toone jana ná tera, Wɛ bá yage nɔɔna wɛleera o ma chɛ-ba.
23Logo baŋa vwei dem wonnu telo na wora ye te lwoni Wɛ telaao wonnu chekke na ye tei to jege se te zare de vara jana mo konto dwoŋi. Ko daare Wɛ telaao wonnu tem tete na wó fɔge te kwɛ tei to, ko fe mo se ba kaane Wɛ se ko taa dwoi faŋa kaanem dem na ye tei to. 24Yezu Krista nam na zo Wɛ tei to, ko dae wara-vwei delo nabiina na pugi ye de lwoni Wɛ sɔŋɔ chekke to mo o zoa. O nam seene o zo Wɛ tei telaao ne mo chekke. O maa wo dáane o zege Wɛ yiga ne debam zeinim ŋwaane. 25O na zo Wɛ tei chekke konto to, o zo kuni bedwe mo, ko dae bene maama wone, nenɛɛne Wɛ kaanem yiga tiina déem na ke tei to. Banto yeini ba kwei vara jana mo ba ja zo Wɛ di-yun-gala kam, ko dae ba tete jana. 26Yezu ya ná jege se o kwei o tete o ma kaane Wɛ bene maama wone, o ya wó yaare o te kuni dedɛ, ko zege logo baŋa boboa ne ko ba ko yi zem. Ko nam na ye tei to, o laam tu o veere o tete nabiina tetare ne mo logo baŋa kweelim da yam ne. O tu bedwe mo ye o ba o te o kaane Wɛ se ko pa nabiina wɛleera saare se ko taa vei wuu. 27Ko nye de nɔɔno maama na jege se o te bedwe tei to, se o laam vo Wɛ tei ye o di o taane. 28Yezu Krista de nam tu o te o ma kaane Wɛ bedwe mo, se o wane o le nɔɔna dedɛ wɛleera o yage. O nam ta wó jwoori o ba logo baŋa, ye ko bá taa ye nɔɔna wɛleera saarem ŋwaane. Ko ye se o jwoŋi balo na jege o teena se o ba to o yage mo.",https://www.bible.com/bible/3661/HEB.9.KBG
HIBURU 10,"Yezu kaanem dem jege kuri taa wuu
1Ko ná ye Wɛ nia yalo o na ke Moses jeŋa ne to, ya lage ya bere wo-laaro tem de na wó jwoŋi Wɛ tei ne to na ye tei to mo. Ya nam ye lunluŋu yerane mo, ye ya dae bedwe de Wɛ telaao wonnu tem tete. Ya pae se nɔɔna jwoori ba kaane Wɛ bene maama wone se ko taa vei wuu. Konto ŋwaane, ya bá wane ya pa se balo na tɔge ya ŋwaane ba zuli Wɛ to bochara taa jege chega chekke. 2Wɛ nia yam ya ná wae ya pae balo na zuli‑o to wɛleera saare ya tia, ba ya daa bá lɔre we ba wɛleera ta wo ba yuu ne, ye ba ya bá boŋe se ba jwoori ba daa kaane Wɛ konto dwoŋi. 3Ba nam na jege se ba daa kaane Wɛ bene maama wone to pae se ba jwoori ba guli we ba wɛleera yam ta wo ba yuu ne mo. 4Kokuri nabiina wɛleera bá wane ya saare de na-bale de bone jana kɔtaa.
5Ko ye konto ŋwaane mo Yezu déem na lage o ba logo baŋa maŋa kalo to, o tage de o Kwo Wɛ o we:
“Nmo yiga tera de nabiina na yeini ba kwei vara de wodiiru
ba ma ke kaanem ba pa‑m tei to.
Nmo nam ke nabiinu yera mo n pa-ne.
6Ko ná ye vara zwɛɛm kaanem de wɛleera saarem kaanem,
ba kikia yam konto maama wo su nmo yi.
7Amo maa we,
‘Amo Kwo Wɛ, nii-ne da!
Amo tu se a toŋe nmo boboŋa na lage tei to,
ne ko na maŋe ko popone amo taane
nmo faŋa faŋa tɔnɔ kom ne tei to.’ ”
8Yezu maŋe o da yiga o ta de o Kwo Wɛ o we, “Nmo yiga tera de nɔɔna na yeini ba kwei wonnu ba ma kaane‑m tei to maama, nenɛɛne ko ná ye vara zwɛɛm kaanem naa wɛleera saarem kaanem. Kaanem dwi dem konto wo su nmo yi.” De konto de, nɔɔna na kaane Wɛ konto to maama tɔge o ni-dwoora yam na bere tei to mo. 9O laam ma daare o ta o we, “Amo Kwo Wɛ, nii-ne da! Amo tu se a ke nmo boboŋa na lage tei to.” Konto bere we Wɛ saare o da-yiga vara kaanem ni dem o yage, ye o daare o tiŋi chwo-doŋa se nɔɔna tɔge-ka. 10Chwo-doŋa kam nam tɔge Yezu Krista na ke o Kwo Wɛ boboŋa yam maama ye o kwei o tete yera o ma kaane‑o to mo. O ke konto bedwe yerane, ye ko jege kuri taa wuu, se ko pa dé taa ye wose mo Wɛ yiga ne.
11Logo baŋa kaanem tiina maama yeini ba jege se ba taa vei Wɛ yiga maŋa maama ba goe vara ba maa kaane‑o. Ba maa yeini ba ke konto dwoŋi dɛ maama ka, ye ba kikia yam konto ware ya saare wɛleera kɔtaa. 12Ko nam ná ye Yezu, wonto kwei o tete o ma kaane Wɛ bedwe yerane mo, ye ko jege kuri taa wuu se ko jwoŋi nɔɔna ba wɛleera wone. O na ke konto o ti to, o laam ma vo o jeini Baŋa Wɛ jazem seeni, 13ye o ta wora o cheigi maŋa kalo Wɛ na wó wane o dona maama o ke o dam kuri ne to. 14Kolo ŋwaane o kaane Wɛ kuni bedwe se ko pa nɔɔna balo o na wora o kwɛ ba bochara to taa ye wose se ko taa vei wuu.
15Ko woli da, Wɛ Sin-laao kom de zege wonnu tem konto chega kam kwaga ne o bere debam. Baŋa Wɛ déem dɛ ko baŋa o we:
16“Maŋa kam ná yia, ni delo amo na wó gwoni de a nɔɔna bam to mo tento:
Amo wó kwei a nia yam a tiŋi ba bochara ne mo,
ye a daare a popone-ya a yage ba boboŋa ne.”
17Wɛ ma daare o ta o we,
“Amo daa bá guli ba wɛleera de ba tusim kikia yam gula kɔtaa.”
18Wɛ na dɛ chwoŋa kam konto o yage dé keim-balwaaro tem o ma chɛ debam to, ko daa ba jege kuri se nabiina go vara ba ma kaane‑o ba wɛleera saarem ŋwaane.
Dé wó taa jege baare de Wɛ chwoŋa tɔgem
19A nu-bia bam, dé laam nɛ baare se dé zo Wɛ di-yun-gala kam na ye o swono jeiga to, Yezu Krista toone jana bam ŋwaane. 20Wonto nam pore chwo-doŋa o pa debam, ye kanto mo pae ŋwea. Ka maa tɔge gare-jale dem laŋa ka zoore Wɛ tei chekke. Kokuri mo ka tɔge Yezu yera yam ŋwaane, de o na kwei-ya o ma kaane Wɛ tei to mo. 21Konto to, debam jege wolo na seene o ye Wɛ kaanem tu chekke ye o nii Wɛ tete sɔŋɔ tiina baŋa ne to. 22Konto ŋwaane, pa-na se dé fofɔ de yi Wɛ tei de boboŋ-ŋona, de baare delo na bere we dé jege wo-dedoa de Wɛ to. Wɛ fɔge dé bochara pa se dé daa ba boŋa we, dé wɛleera ta wo dé yuu ne, ye dé yera na zarem de na-ŋona. Konto ŋwaane mo dé jege baare se dé zo Wɛ tei. 23Pa-na se dé bere we, dé jege teena Wɛ tei ne ye bobwea tera. O nam tiŋi o ni o pa debam, ye o bá fɔge o kwane-de. 24Pa-na se dé taa yei da-ni ne, se dé taa zeini daane, ye dé jege da-swono, ye dé ke keim-laaro. 25Á yé pa se dé yage ka-taa-gilimi-daane Wɛ zula ŋwaane, ne badaara na ke tei to. Nam kwaane-na se á woli daane se ko pa á yera poore. Á na lɔre we dé Teiru wom dɛ dem lage de yi to, se á tiini á ta‑á ke konto.
26Nɔɔno ná lɔre Wɛ chega kam ye o ke-ka o boboŋa ne, ye o ta ná yeini o paale o ke o tusa, kaanem daa bá taa wora de na wó pa kotu wɛleera yam saare. 27Ko laam daare se foone mo taa jege‑o de Wɛ na lage o ke‑o tei to. Wɛ ná di o taane, o laam wó na chɔgem ye o zo min-fɔrɔ kolo na wó chɔge balo maama na done Wɛ to. 28Ko ná ye Wɛ nia yalo o na ke Moses jeŋa ne to, nɔɔno wolo ná yaale-ya, ye nɔɔna balei naa batɔ ná lɔge o kwaga ne, ba wó go konto tu ye ŋwaŋa bá taa wora. 29Ko daare nɔɔno ná yaale Wɛ tete Bu wom, konto tu chɔgem dem bá tiini de gaale na? Konto tu pae se Yezu jana balo Wɛ na dɛ ba ŋwaane o gwoni o ni dem to ye wo-yɔɔ mo. Ko nam ye jana bam konto mo Wɛ mɛ o le tusim kotu bochare ne. Ko woli da, konto tu ta twe Wɛ Sin-laao kom na jege Wɛ zaane ko pae nɔɔna tei to mo. Konto to, o bá tiini o na waarem na? 30Kokuri debam maŋe dé yei wolo wom na tage o we:
“Amo mo wó jwoori a ŋwe ba keim-balwaaro jene,
se ba na kolo na maŋe de-ba to.”
Ko ta popone we:
“Baŋa Wɛ wó di o nɔɔna bam bora.”
31Nɔɔno ná ke o tusi, ye Ŋwea Tu Baŋa Wɛ jeŋa ná zo‑o, ko wó tiini ko taa ye lɛɛro ko pa‑o.
32Nam guli-na á yia déem na tu ya poore de Wɛ chega kam ye kolo ke abam to. Á déem yaare dedɛ, ye cham dem wo wane abam, á na vɔge pu-dɛa to ŋwaane. 33Maŋa kadwoŋi ne ba yeini ba twe abam nɔɔna yiga ne, ye ba bɛɛse abam. Maŋa kadwoŋi ne de, á yeini á sɛ se á tɔge á woli balo de na nɛ yaara konto dwoŋi to. 34Kokuri á tɔge á na yaara de balo na wo peena diga ne to. Nɔɔna maa yeini ba vere abam wonnu ye á sɛ de wopwolo, kolo ŋwaane á yei we, á maŋe á jege kolo na tiini ko lana ye ko wó taa ye abam nyem taa wuu to.
35Á nam yé yage á na jege baare tei to. Kokuri de lage de pa á na nyɔɔre dedɛ Wɛ tei ne. 36Á jege se á zege lanyerane de pu-dɛa, se á wane á ke Wɛ boboŋa na lage tei to, se á daare á jwoŋi wo-laaro telo o na pwooli se o pa abam to. 37Wɛ kwora mo ye:
“Ko laam daare fee
se wolo na lage o ba to laam ba.
O nam bá dáane.
38Wolo nam na jege chega amo tei ne to
wó na ŋwea o wo-dedoa kam ŋwaane.
Konto tu nam ná kɔre foone ye o jwoori o kwaga,
o kikia bá su amo yi.”
39Debam nam tɔge dé dae balo na jwoori ba kwaga pa se ba na chɔgem to. Dé tɔge dé wo balo na ke ba wo-dedoa de Wɛ pa se ba jwoŋi ba ŋwea to wone mo.",https://www.bible.com/bible/3661/HEB.10.KBG
HIBURU 11,"Wo-dedoa de Wɛ na pae nɔɔna ye tei to
1Nmo ná jege wo-dedoa de Wɛ, kokuri mo n yei lanyerane we, nmo wó seene n na wonnu telo n teena na tɔge to. Ko maa wó pa se n lɔre we, wonnu telo n na ba nae de n yia to seene te wora. 2Ko ná ye balo na maŋe ba da Wɛ chwoŋa faŋa faŋa to, ko ye ba na jege wo-dedoa tei to mo pɛ se ba yere zaŋe.
3Ko ye debam de na jege wo-dedoa tei to mo pae dé lɔre we, Wɛ mɛ o ni taane mo o ke logo baŋa de wɛyuu maama. Konto mo dé sɛ we Wɛ kwei wonnu telo na ba nae de yia to o ma ke telo na wora ye dé wae dé nae de yia to.
Abel
4Faŋa faŋa to ko ye Abel na jege wo-dedoa tei to mo pɛ se o na kwei kolo o ma kaane Wɛ to dwoni Kain na kaane Wɛ tei to. O wo-dedoa kam mo pɛ se o yere zaŋe de o na ye chega tu Wɛ tei ne to, o pɛɛra yam na su Wɛ yi to ŋwaane. O daa tera, ye o wo-dedoa kam ŋwaane nam pae se o taane ta wora.
Enoki
5Enoki de na jege wo-dedoa tei to mo pɛ se Wɛ le‑o logo baŋa ne ye toone wo jaane‑o. Wɛ na le‑o konto to, nɔɔn-nɔɔno daa wo nɛ o jei. Konto ta na wo ke to, o maŋe o jege yere de o na pwoli Wɛ wo tei to. 6Kokuri nɔɔno ná ba jege wo-dedoa de Wɛ, o bá wane o pa se Wɛ wo pwoli. Wolo maama na boŋe se o ke o tete Wɛ jeŋa ne to, ko fe mo se konto tu taa jege wo-dedoa o sɛ we, Wɛ seene o wora ye o zeini balo na lage se ba lɔre‑o to.
Noah
7Noah de déem na jege wo-dedoa tei to mo pɛ se o sɛ Wɛ ni delo o na tage ded‑o to. Wɛ déem kaane‑o de kolo na lage ko ba ko ke ye nabiina yia ta wo nɛ-ko to. O na kɔre Wɛ to, o ma sɛ o kwaare nabwor-kamunu se o ma jwoŋi o sɔŋɔ tiina ŋwea. O keim dem konto ma bere we, nabiina balo na wo sɛ Wɛ ni to ba jege bora. Wonto tete nam nɛ chega Wɛ tei ne, ne Wɛ na yeini o ke o pa balo na sɛ‑o de ba wo-dedoa to tei.
Abaraham
8Abaraham déem na jege wo-dedoa tei to mo pɛ se o nwoŋi o tete teo kom ne o vo jeiga kalo Wɛ na pwooli we, o wó pa‑o se o dwi tiina taa tei taa to. Wɛ na bwoŋi‑o we o nwoŋi konto to, o ma seene o sɛ se o vo, ye o ta yeiri jei sem o na lage o vo to. 9O wo-dedoa kam ŋwaane mo pɛ se o vo o zoore jei sem konto ne, ne o ye veiru mo tei. O déem zoore vwei wone mo. Izaak de Jakob de maa tɔge ba zoore da konto dwoŋi, ye Wɛ ya pwooli kampwola o pa banto de. 10Ko bere we, Abaraham déem pɔe se o zo Wɛ tete teo kolo kuri na fɔge ko chwi lanyerane to mo. Ko ye Wɛ tete mo tei teo kom konto lɔɔm maama.
11Abaraham kaane Sara déem ye kadega mo ye o kɛ lora. De konto de, o na jege wo-dedoa tei to mo pɛ se o sɛ we, Wɛ bá kwane o ni dem o na tiŋi to ye o wane o lo bu. 12Konto ŋwaane, ko zege nɔn-doa wolo na ye Abaraham ye o tiini o kwe to yera ne mo Wɛ pɛ o jege dwi kɔgɔ kɔgɔ. Nmo bá‑n wane n lɔre ba ni, ne chalechwe na daga wɛyuu ne de kasolo bia na wo naneo ni ne tei to.
13Nɔɔna bam konto maama nam tega, ye ba ta jege ba wo-dedoa. Ba nam wo nɛ wonnu telo Wɛ na pwooli se o pa-ba to. Ba déem maane we, wonnu tem dɛ wó dáane ye te laam ba, ye ba wo pwoli ko ŋwaane. Ba nam seene ba sɛ mo ja we, ba ye veira balo na ba jege kugu jei logo baŋa ne to mo. 14Balo na yeini ba tɛ konto dwoŋi to bere we, ba daa ta jege teena se ba na teo kolo na wó taa ye ba kugu jei to mo. 15Ba daa ba jege teo kolo ba na nwoŋi ko wone to boboŋa ba yuu ne. Ba ya ná jege boboŋa konto dwoŋi, ba ya wó wane ba na chwoŋa se ba jwoori. 16Ko nam na ye tei to, ba boboŋa tiini ya zo teo kolo na tiini ko lana ko gaale to. Konto mo ye Wɛ tete telaao kom. Konto ŋwaane, chaveera ba jege Wɛ de ba na bwoi‑o we ba Wɛ to. O nam maŋe o jege teo kolo o na wó pa-ba to.
Abaraham de o dwi tiina
17-18Ko ta woli da, maŋa kalo Wɛ na faŋe Abaraham se o nii to, Abaraham wo-dedoa kam ŋwaane mo pɛ se o ya lage o ma o bu Izaak o kaane Wɛ. Wɛ nam maŋe o pwooli ded‑o we, “Ko zege Izaak yera ne mo n dwi tiina wó puli.” De konto de, Abaraham déem ta boŋe se o ma o bu-doa kam o kaane Wɛ, ne Wɛ na bere‑o tei to. 19O boboŋa nam maŋe ya ja we, Wɛ wó wane o bi Izaak toone wone. Ko laam na seene ko ke tei to nye de o jwoŋi‑o toone wone mo.
20Izaak tete de na jege wo-dedoa tei to mo pɛ o sɔɔle Wɛ swolim o yage o bia Jakob de Esawu yuu ne se ko vo wonnu telo na lage te ke to seeni.
21Jakob de na daare fee se o te to, o wo-dedoa kam mo pɛ se o sɔɔle Wɛ swolim o yage o bu Josɛf bia bam maama yuu ne. O déem ma chwi o nacheiga o tiiri ka baŋa ne ye o zuli Wɛ.
22Josɛf de maŋa na twɛ se o te to, o na jege wo-dedoa tei to mo pɛ se o ta de Isarele tiina bam we, ba wó nwoŋi Ejipti teo ne. O ma pa-ba ni we, ba ná nwoŋi, ba jege se ba guri o kwi sem mo Ejipti ne ba ja vo ba tete teo.
Moses
23Ko woli da, Moses tiina déem na jege wo-dedoa tei to mo pɛ se ba kwei‑o ba seigi chane setɔ ba na loge‑o maŋa kalo to. Ba ma lɔre we, bu wom ye bu-laao, ye ba wo kɔre foone se ba ve Pa-faro wom ni dem.
24Moses déem na ke nɔɔno to, ko ye o wo-dedoa ŋwaane mo pɛ o wo sɛ se ba taa bwoi‑o we, Pa-faro wom bukɔ bu. 25O déem maa boŋe we, o ná tɔge de Wɛ nɔɔna bam o na yaara, ko wó taa gare o ná yage Wɛ chwoŋa ye o daare o di ywoni delo na bá dáane to. 26O nam boŋe o ja se nɔɔna taa yaale‑o Wɛ Dam Tu Krista ŋwaane, ye ko gare o ná nɛ jejegero dedɛ Ejipti ne, kokuri o boboŋa yeini ya tɔge nyɔɔre delo o na wó jwoŋi Wɛ tei ne to mo.
27Moses wo-dedoa kam ŋwaane mo pɛ se o nwoŋi Ejipti ne, ye o wo kɔre Pa-faro wom ban-zɔŋɔ kom. O maa jege baare, ye o wo sɛ se o jwoori o kwaga, kokuri o yei we, Wɛ wolo na ba nae de yia to wo o yiga ne. 28O na jege wo-dedoa tei to mo pɛ se o sɛ Wɛ ni, ye o pa Isarele tiina bam maama ke Atɔgebabaŋa wodiu ba sam ne ba di. O ma pa ba kwei jana ba ma mi ba sam nia ne, se toone maleka kalo na tu se ka go bakeiri-kwe sem maama to daa yé ke ba tete bia bam kolokolo.
Isarele tiina bam
29Isarele tiina bam na jege wo-dedoa tei to mo pɛ se ba wane ba bɛ Nane-soŋo kom. Wɛ ma pa se na bam pɔɔre belei ba daare te-kora ye Isarele tiina bam tɔge da ba bɛ. Ejipti tiina bam na kwaane se ba tɔge ba kwaga ba bɛ to, na bam ma jwoori ba ke daane pa se ba maama nyɔ na bam ba te.
30Wɛ nɔɔna bam na jege wo-dedoa tei to mo pɛ ba vo ba kaage Jeriko teo kom da yarepɛ, ye ko kabiri sem laam to tega ne. 31Ko daa ta ná ye Rahaba wolo na ye ka-tola ye o zoore Jeriko ne to, o na jege wo-dedoa tei to mo pɛ se o jeeri Wɛ nɔɔna balo na kare ba yere teo kom to lanyerane. Konto ŋwaane mo ba wo go‑o ba woli de balo na ve Wɛ to.
Faŋa faŋa Wɛ nɔɔna bam
32Amo ya jege taane dedɛ se a ta a woli da, ye laŋa daa tera se a ŋɔɔne nɔɔna badaara taane a woli da. Amo ya wó ta Gideon, de Baraka, de Samson, de Jefeta, de David, de Samuwel, de faŋa faŋa Wɛ sampwori sem maama taane mo. 33Banto bam maama jege wo-dedoa de Wɛ, ye ba mage jara ba wane teene kamunnu dedɛ. Ba ma kwori ba pa se nɔɔna taa tɔge chega chwoŋa. Ba ma daare ba na wolim delo Wɛ na pwooli se o pa-ba to. Nywonnu déem ma lage te chɔge-ba, ye ba wane ba che te chwoŋa. 34Ba ta ma wane min-lwanno telo na lage te chɔge-ba to ye te wo di-ba. Ba ma wane ba lu nɔɔna jeŋa ne pa se ba wo go-ba. Ba ya maa bwomma ye ba jwoori ba na dam. Ba ma tiini ba na baare se ba mage jara, ye ba wane ba zeili dwi-gɛ tiina balo na ye ba dona to pa se ba jwoori ba viiri. 35Kaana de jwoori ba jwoŋi ba nɔɔna balo ya na tega ye ba jwoori ba bi to.
Nɔɔna badwonna maa wo sɛ se ba jwoŋi ba tete balo na jege ba yera ba maga se ba go-ba to tei ne. Ba ma sɛ se ba te se ba wane ba jwoori ba bi ba na ŋwea Wɛ tei ne. 36Nɔɔna badaara yuu yaale de nɔɔna na mɔne-ba, ye ba daare ba fere-ba tei to. Ba ma vɔ nɔɔna badwonna, ye ba daare ba ke-ba peena diga ne. 37Ba ma kwei kandwa ba ma dole ba badwonna ba go. Ba ma gwoni badwonna yera yam kuni belei. Ba ma kwei se-zɔɔro ba ma go ba badwonna. Wɛ nɔɔna badwonna maa kare ba beera, ye ba zo pei de bone tankwallo yerane. Yiniga de cham ma ja-ba, ye nɔɔna de bɛɛse-ba. 38Nɔɔna balo na jege kugu jei logo baŋa ne to nam wo yi se ba de nɔɔna bam konto taa wora daane. Wɛ nɔɔna bam déem beeri kagoa yuu ne, de zwonnu jei ne. Ba maa zoore peero gugworru wone, de bɔɔna wone, ba na ba jege kugu jei to ŋwaane.
39Nɔɔna bam konto maama yere zaŋe de ba na jege wo-dedoa de Wɛ tei to. De konto de, ba nam wo nɛ kolo Wɛ ya na pwooli se o pa o nɔɔna to ba ti. 40Kokuri Wɛ boboŋa déem jaane se o ke kolo na tiini ko lana to debam ŋwaane. Konto ŋwaane, faŋa faŋa Wɛ nɔɔna bam déem wo nɛ chwoŋa se ba yi Wɛ wo-laaro tem ba ti ye debam ta wo woli ba wone.",https://www.bible.com/bible/3661/HEB.11.KBG
HIBURU 12,"Wɛ na jege o bia o koresa tei to
1Debam laam lɔre faŋa faŋa Wɛ nɔɔna bam na ye kɔgɔ kɔgɔ ye ba gilimi debam ba nii tei to. Ba chega kam maa bere debam Wɛ na woli-ba tei, ba na jege wo-dedoa ded‑o to ŋwaane. Konto ŋwaane, pa-na se dé yage wo-yɔɔro telo maama na daane debam pa se dé ware dé tɔge Wɛ lanyerane to. Pa-na dé le wo-lwanno telo na ye wɛleera ye te jege dé yera to dé yage, se dé daare dé vɔ pu-dɛa dé kwaane dé duri dé tɔge chwoŋa kalo Wɛ na tiŋi o pa debam to. 2Pa-na se dé yɔɔre dé taa nii Yezu seeni. Wonto nam mo bere debam dé na wó taa jege wo-dedoa de Wɛ tei to, ye o pa se dé taa jege wo-dedoa taa, se dé ja dé vo dé kweeli. O déem vɔge pu-dɛa mo ye o yaare o te dagara kam yuu ne. O wo pɛ se chaveera ja‑o ko ŋwaane, kolo ŋwaane o nɛ we Wɛ tiŋi ywoni mo se o pa‑o. O laam ma daare o vo o jeini Baŋa Wɛ paare yituŋu kom jazem seeni.
3Boŋe-na á nii Yezu na tiini o vɔ pu-dɛa de nɔn-chechɔgero na jege‑o ba yaale tei to. Á yé pa se jawɔrɔ zo abam se á yage Wɛ chwoŋa tɔgem. 4Abam na yeini á kwaane se á chɔge wo-balwaaro dam tei to daa ta wo yi se á na toone nɔɔna tei ne. 5Wɛ tɔnɔ kom nam jege taane delo na wó wane ko pa abam yera poore lanyerane, á na ye Wɛ bia to ŋwaane. Nam guli-na ko na bere abam tei ko we:
“Amo bu, Baŋa Wɛ ná jege‑m o koresa,
se n sɛ koresem.
O maa ná bwɛ nmo,
se n yé pa n nagwola te.
6Kokuri Baŋa Wɛ yeini o korese
o na swoi balo to mo.
Wɛ ná jwoŋi wolo maama se o taa ye o bu,
o yeini o pa se konto tu yera chɛ mo.”
7Abam ná nɛ yaara, se á pa ko taa ye á Kwo Wɛ mo korese abam o de chwoŋa ne. Á na ye Wɛ bia to mo pae o ke abam konto dwoŋi. Bu tera ye o kwo bá vaŋe o zwɛ se o pa o korese. 8Wɛ nam ná wo korese abam ne o na ke o bia bam maama tei to, ko bere we abam dae o bia chekke, á ye tampira mo. 9Dé logo baŋa kwoa bam na yeini ba vaŋe dé zwa tei to mo pae se dé nege-ba. Ko nam ná ye dé Kwo wolo na tei dé jworru to, ko maŋe se dé taa sɛ o ni se dé laam na ŋwea o tei ne. 10Dé logo baŋa kwoa bam yeini ba vaŋe dé zwa bena fenfee yerane mo se ko maŋe de ba boboŋa na lage tei to. Dé Kwo Wɛ nam ke konto se ko woli debam mo, se dé wane dé tɔge dé taa ye wose, ne wonto na ye tei to. 11Ko ná ye á koresem maŋa kam ne, ko yeini ko pa á wo chɔge mo ye á ba jege wopwolo. Ko kwaga ne, zwɛ vaŋem dem wó zeini balo de na pɛ ba korese to pa se ba na nyɔɔre, de ba ŋwea na jege chega de bochare-zuru tei to.
12Konto ŋwaane, á vɔna ná bugi, naa á nagwola ná tega, kwaane-na se á ta‑á tɔge Wɛ chwoŋa de pu-dɛa. 13Fɔge-na á kwɛ chwoŋa kalo á na wó tɔge to se balo de na tɔge-ka ye ba ye gwane to yé to ba ŋoleme ba nɛ sem, se ko nam pa ba na yɔɔrem.
Dé yé ve Wɛ zaane dem
14Kwaane-na se á ta‑á zoore dedaane nɔɔno maama de ywoni, se á kwori á ta‑á jege wo-pwoŋo Wɛ yiga ne, kolo ŋwaane, nɔɔno ná ba jege wo-pwoŋo, o bá wane o na dé Teiru Wɛ. 15Fɔge-na á che á tete se nɔɔn-nɔɔno yé ga Wɛ zaane dem. Yé yage-na chwoŋa se nɔɔno wolo wo na ba lana to zaŋe á wone ye o daane abam pa se abam dedɛ na chɔgem Wɛ yiga ne. 16Á yé pa se á wolowolo taa ye ka-lageno, naa Wɛ-lwɛɛno ne Esawu déem na ye tei to. Wonto yiga tera de o na ye o kwo bu-kwea to. O kana maa wɔe, ye o kwei o nakwe nyɔɔre dem o ma leini o nyaane wom zoŋ-dia wodiu o di. 17Abam maŋe á yei kolo na ke‑o kwaga seeni to. O ma jwoori o lage se o kwo sɔɔle Wɛ swolim o pa‑o, se ko maŋe de o na ye o bu-kwea to ŋwaane. O ma kwaane o lwoori chwoŋa o kwo tei ne taa, ye o ka yi-na. O maa wo nɛ chwoŋa, kolo ŋwaane o daa ware o jwoori o fɔge o keim dem.
18Abam nam tu á twɛ Wɛ, ye ko dae nenɛɛne ko déem na ke tei de Isarele tiina bam to. Banto déem tu peo kolo ba yi na nɛ ye ba wae ba dwei de jea to. Maŋa kalo Wɛ na kwei o nia yam o ke Moses jeŋa ne o pa-ba to, min-fɔrɔ, de lim, de doa mumunim wora, 19ko woli de nabɔnɔ wum, de kwora na ŋɔɔne. Balo na nigi Wɛ kwora kam konto to ma lwoori‑o se o daa yé jwoori o ta taane o woli da, 20kolo ŋwaane o na maŋe o kaane-ba tei to tiini ko dana ko pa-ba, de o na tage de-ba o we, “Kolo maama ná nɔne peo kom baŋa ne, ko ná ye varem mo de, se á dole-ko á go.” 21Wɛ na bere o dam dem ja konto to ma pa se Moses tete ta o we, “Foone tiini de zo-ne ye a yera sae.”
22Ko nam dae konto abam tei ne. Abam nam tu á yi peo kolo yere na ye Zion to mo. Ko maa ye Ŋwea Tu Baŋa Wɛ teo Jerusalem kolo na wo telaao ne to. Á na tu da to, Wɛ malese morro kɔgɔ kɔgɔ ma tigisi daane ye se wora se di ywoni. 23Abam tu á woli Wɛ kɔgɔ kom wone. Ko maa ye o bu-kwe sem kɔgɔ kom, ba yera na popone ya tiŋi Wɛ telaao tɔnɔ kom ne to. Ko ye Wɛ wolo na wó di nabiina maama taane to tei mo á tu á yi da. Balo na jege chega o yiga ne ye o laam pa se ba bochara kwɛ ya ti fase to jworru maa wo o tei ne. 24Á nam ta tu Yezu tei, wolo Wɛ na dɛ o ŋwaane o gwoni o ni-doore dem to. Ko ye Yezu jana bam ŋwaane mo pɛ á fɔge de Wɛ, ye ba dae nenɛɛne Abel jana bam na bere Wɛ ban-zɔŋɔ kom tei to.
25Ta‑á yei-na se á yé zaŋe á ve wolo wom na ŋɔɔne to taane. Isarele tiina bam déem ve wolo na bere-ba Wɛ kwora logo baŋa ne to, ye ba wo wane ba lu Wɛ jeŋa ne. Debam nam ná ve wolo na wo telaao ne ye o ŋɔɔne de debam to, dé wó wane dé lu na? 26Faŋa faŋa to Wɛ kwora kam déem pɛ se tega baŋa maama ziziŋi. O laam nam pwooli we:
“Amo daa ta wó jwoori a pa tega kam ziziŋi bedwe,
ye ko dae kanto yerane,
ko laam wó woli de wɛyuu kom maama mo.”
27Wɛ na tage o we, o ta wó jwoori o ke konto dwoŋi bedwe to bere we, wonnu telo o na naane to mo o laam lage o ziziŋi o le te zega jei ne, pa se te daa yé taa wora. Wonnu telo na bá wane te ziziŋi to yerane laam wó daare.
28Wɛ nam pɛ se dé tɔge dé di paare delo na bá wane de ziziŋi to mo. Konto ŋwaane dé wó ke‑o lei. Dé maa wó pa‑o zula yalo na tɔge o boboŋa to, ye dé taa kɔre‑o lanyerane, 29kolo ŋwaane debam Tu Wɛ nye de min-fɔrɔ kolo na di wo-yɔɔro maama to mo.",https://www.bible.com/bible/3661/HEB.12.KBG
HIBURU 13,"1Ta‑á jege-na da-swono se á yé yage, á na ye nu-bia daane to ŋwaane. 2Ta‑á yei-na se á ta‑á jeeri veira á sam ne lanyerane. Nɔɔna badwonna déem na ke konto dwoŋi to, ko ye Wɛ malese mo ba jeeri ye ba yeiri ba na ye balo to. 3Ta‑á jege-na balo na wo peena diga ne to boboŋa, nenɛɛne abam de tɔge á wo peena diga ne mo tei, ye á zeini-ba. Ko ta ná ye balo nɔɔna na bɛɛse-ba to, se á ta‑á jege ba boboŋa nenɛɛne abam de tɔge á yaare mo tei.
4Baaro de kaane maama jege se ba taa zoore daane mo de swono de zula. Baro wom de kaane wom maama jege se ba taa tɔge chega mo da-tei ne. Wɛ nam wó waare balo na ke kabwoŋa, de balo maama na tɔge ka-laga wo-zɔɔna kikia to.
5Á yé pa se á ŋwea taa tɔge sabu-laga. Kolo maama á na jege to, se á pa ko maŋe abam ye á ba gwooni-ko. Kokuri Wɛ maŋe o ta o we, “Amo bá fɔge a yage abam kɔtaa.”
6Konto ŋwaane debam wó taa jege baare se dé ta we:
“Baŋa Wɛ mo ye amo zeinnu.
A daa bá taa kɔre foone.
Nabiina lage ba ke amo bɛ mo?”
7Ta‑á guli-na nɔɔna balo na ye á yiga tiina ye ba déem ŋɔɔne Wɛ kwora kam ba bere abam to gula. Maane-na á nii ba ŋwea na ye tei se ko vo ko yi ba toone to, se á daare á lwoni ba na jege wo-dedoa de Yezu Krista tei to. 8Maŋa maama Yezu Krista ye nenɛɛne o na maŋe o ye tei to mo, diim de zem maama, se ko taa vei wuu. 9Yé pa-na se nɔɔna taa mae berem-gɛ ba gane abam de wonnu dwi dwi se ko pa á ywori Wɛ tei ne. Nmo ná lage se n bochare ke dam de Wɛ, ko ye Wɛ zaane dem mo wó pa konto, ye ko bá taa ye wodiiru tedwonna dim ŋwaane. Balo na tɔge wodiiru dim chwoŋa to nam wo nɛ nyɔɔre ko baŋa ne.
10Yezu Krista na kwei o tete o ma kaane Wɛ debam ŋwaane tei to dae kaanem delo dwoŋi nɔɔna na wó di de nɔna yam to. Balo na toŋe Wɛ vwei dem wone ba pa‑o to ba jege chwoŋa se ba twori kaanem dento wone ba di. 11Ko na ke tei to, Wɛ kaanem nakwe tu wom yeini o go vara mo o kwei ba jana bam o ja zo Wɛ di-yun-gala kam se o ma saare nɔɔna bam wɛleera. Ko daare vara bam yera yam tete mo, ba laam wó kwei-ya ba ja nwoŋi dáa ba zwɛ maama. 12Yezu toone dem de tɔge konto dwoŋi mo. O ma yaare o te teo kom dáa ne, se o wane o ma o tete jana bam o saare Wɛ nɔɔna bam wɛleera se ba taa ye wose Wɛ yiga ne.
13Konto ŋwaane, pa-na se dé nwoŋi dé vo o tei teo kom dáa ne, se dé tɔge dé na o chaveera yam dwoŋi. 14Kokuri logo baŋa ywo-seeni debam ba jege teo kolo na wó taa ye dé kugu jei taa to, ye dé nam jege teena se dé na teo kolo na lage ko ba to mo.
15Pa-na se dé tɔge Yezu ŋwaane dé taa zuli Wɛ maŋa maama. Konto mo ye keim delo dé na wó kwei dé ma ke kaanem dé pa‑o to. Dé ni taane na zeiŋi Wɛ yere tei to mo ye dé pɛɛra yalo dé na wó ke o jeŋa ne to. 16Á yé swei se á ta‑á ke keim-laaro, se á daare á ta‑á woli daane. Dé ná yeini dé kwei kikia yanto dwoŋi dé ma kaane Wɛ, konto mo pa‑o wopwolo.
17Ta‑á nege-na á yiga tiina, se á daare á ta‑á sɛ ba ni. Banto kwaane ba nii abam ŋwea baŋa ne mo, ye ba yei we ba laam wó ba ba zege Wɛ yiga se o bwei-ba ba totoŋa yam ŋwaane. Nam ta‑á nege-ba se ba wane ba toŋe de wopwolo. Ko ná dae konto, ko wó pa ba wo chɔge, ye ko daa bá taa jege wolim ko pa abam.
18Ta‑á lwoori-na Wɛ á pa debam. Dé yeini dé kwaane se dé da chega chwoŋa mo maŋa maama, ye chaveera tera dé tei ne. 19Amo nam lage a kwoori abam se á ta‑á lwoori Wɛ á pa-ne, se ko pa a na chwoŋa a jwoori abam tei leile.
20Bochare-zuru Tu Baŋa Wɛ wó zeini abam. Wonto mo bi de Teiru Yezu toone wone de o na dɛ o jana bam ŋwaane o gwoni ni delo na wó taa wora taa wuu to. O laam ma pa o ye nayero chekke ye o wae o nii debam balo na nye de o pei sem to lanyerane. 21Wɛ wó zeini abam de wo-laaro telo maama na maŋe se á wane á ta‑á tɔge o boboŋa to, ye o tɔge Yezu Krista ŋwaane o fɔge abam, ne ko na wó pwoli o wo tei to.
Yezu maŋe de zula se ko taa vei wuu. Ameena.
22A nu-bia bam, a lwoori abam se á zuri á yera á cheigi amo na popone kolo a ma kwoori abam to. Amo na popone taane delo to nam ba dɔra.
23A lage se abam ta‑á yei we, ba yage dé nu-bu Timoti se o nwoŋi peena diga ne. O ná tu amo tei lela, a laam wó pa dé tɔge daane dé ba dé na abam.
24Jɔɔne-na á yiga tiina bam, de Wɛ nɔɔna bam maama á pa debam. Dé nu-bia balo na nwoŋi Yitalia to de jɔɔne abam.
25Wɛ zaane dem taa wo abam maama tei ne.",https://www.bible.com/bible/3661/HEB.13.KBG
JEMSI 1,"1Amo Jemsi wolo na ye Wɛ kabaa de debam Teiru Yezu Krista kabaa to mo popone tɔnɔ konto. A jɔɔne abam dwi kuni fuga-balei bam na ye Wɛ nɔɔna ye á jage á yi logo baŋa jei maama to.
Wɛ zeini nɔɔna lanyerane
2A nu-bia bam, maŋa kalo maama cham ná tu abam baŋa, se á ta‑á jege wopwolo lanyerane, kolo ŋwaane á yei we yaara dwi dwi ná tui abam tei, 3ko ye se ya maŋe abam mo ya nii á na ke á wo-dedoa de Wɛ tei to. Ko kwaga ne ko laam wó pa se á ta‑á jege pu-dɛa lanyerane á woli da. 4Kwaane-na se á ta‑á zege lanyerane de pu-dɛa se á yé jwoori kwaga. Keim dem konto wó fɔge abam fase, pa se á boboŋa kweere de Wɛ chwoŋa tɔgem, se á yé wane á ga kolokolo.
5Abam wolo maama nam ná yeiri kolo na lana se o ke to, konto tu jege se o lwoori swa mo Wɛ tei ne. Wɛ yeini o woli nɔɔna maama lanyerane mo, ye o ba ŋwaana. Nmo ná lwoori swa o tei ne, o wó ke konto mo o pa‑m. 6Nmo nam ná lwoori woŋo Wɛ tei ne, se n ta‑n jege boŋem-dɛɔ we, n wó seene n na. Yé ta‑n jege bobwea ko baŋa ne, kokuri bobwea tu nye ne vio na dole na-ŋone, pa se vei yiga de kwaga tei to mo. 7-8Konto tu bere o wo ke o wo-dedoa de Wɛ, ye o yeini o za o boboŋa de kolo maama o na boŋe se o ke to. Nɔɔno wom konto dwoŋi yé taa boŋe we, o wó na woŋo dé Teiru wom tei ne.
9Nmo wolo na tɔge Yezu ye yiniga jege‑m to, se n ta‑n jege wopwolo de Wɛ na pɛ n jege yere o tei ne to ŋwaane. 10Nmo wolo nam na ye nadum to, se n de ta‑n jege wopwolo de Wɛ na pɛ se n gwooni n tete o tei ne to ŋwaane. Nabiina ba dáana ye ba toa, ba ná maŋe ba ye naduna tei de. Ko nye ne gaaro na ke punnu ye te jege lam tei to mo. 11Wea nam ná bega, ka wó baane-te mo pa te kwaare. Punnu tem ma siiri ye te daa ba jege lam. Ko nam ye bedwe mo de naduna na wó ba ba te ba jejegero tem lagem wone tei to.
12Nɔɔno wolo ná wo cham wone ye o ná zege lanyerane de pu-dɛa, konto tu jege yu-ywoŋo mo. O yaara yam ná faŋe‑o ya ti, ye o ta ná zege lanyerane, o laam wó na Wɛ pɛɛre delo na ye ŋwea chekke to. Wɛ pwooli se o pa ŋwea kam konto mo balo maama na swoi‑o to.
13Nɔɔno ná nɛ maŋem, o yé zaŋe o kwei o ma gwori Wɛ. O yé zaŋe o ta nenɛɛne, ko ye Wɛ mo soge‑o se o ke wo-lɔŋɔ. Kolokolo tera ko na wó wane ko soge Wɛ se o tusi, ye Wɛ tete bá sɛ se o soge nɔɔno se o tusi. 14Woŋo kolo nam na yeini ko soge‑m to ye n tete boboŋa mo. Ya maa pae n fera zoore wo-zɔɔna, ye ya gane‑m se n vo n to gwoŋo ne. 15Nmo ná sɛ n tɔge n boboŋ-balwaaro tem, ya laam pa se n ke wo-lwanno mo. Wo-lwanno tem laam wó puli te taa daga nmo baŋa ne, ye ko laam daare toone yerane mo.
16A nu-bi-swonnu bam, ta‑á yei-na á tete. 17Pɛɛre delo maama na lana ye de jege chega to mo dé yeini dé jwoŋi Wɛ tei ne. Wonto mo ke wonnu telo maama na wo wɛyuu ne ye te pae pwooni to. Wonnu tem konto mo yeini te wae te pipira wea de tete. Wɛ nam ba leira ne tento wonnu tem tei. 18O boboŋa jaane mo se o tɔge o chega taane dem ŋwaane o pa dé na o ŋwe-doŋa kam. Ko nye nenɛɛne o le debam mo o ke nɔɔna maama yiga ne se dé taa ye o bia.
Kikia yalo na maŋe de Wɛ chwoŋa tɔgem to
19A nu-bi-swonnu bam, ta‑á yei-na we, nɔɔno maama jege se o zuri o yera mo o taa cheigi o dwoŋi taane, se o yé gare o ŋɔɔne. O jege se o ja o bane mo. 20Kolo ŋwaane n bá‑n wane n tɔge ban-zɔŋɔ ŋwaane n ke wo-laaro ne Wɛ boboŋa na lage tei to mo.
21Konto ŋwaane, le-na wo-zɔɔna yalo maama na wo á wone to á yage, se á daare á che á tete de wo-lwanno telo na lage te chɔge abam to. Wɛ maŋe o kwei o taane dem o ke abam bochara ne. Nam gwooni-na á tete á sɛ-de lanyerane, de na wó wane de jwoŋi abam de yage to ŋwaane.
22Nam ta‑á yei-na se á ta‑á tɔge Wɛ kwora kam, se ko dae we á ta‑á cheigi o taane dem yerane. 23Nɔɔno wolo ná cheigi Wɛ taane ye o ba tɔge de na bere tei to, kotu gane o tete mo. O nye nenɛɛne nɔɔno mo kwei niu se o ma o nii o tete. 24O ma nii o na o yibia na ye tei to, ye o laam pipiri o kɛ o daare niu kom. Ko wo dáane de o na swei o yibia kam na ye tei to. 25Ko nam ná ye Wɛ ni taane dem, dento lana fase ye de wae de jwoŋi nɔɔna pa ba na ba tete. Nɔɔno ná nii-de ye o jege-de o yuu ne maŋa maama, konto tu bá taa nye de wolo na gare o swei chega kalo o na lɔre to. O maa ye wolo na seene o tɔge chega kam to mo. Wonto wó na wopwolo lanyerane o kikia maama baŋa ne.
26Abam wolo ná boŋe we o kɔre Wɛ, ye o ná ware o ni taane o ja, wonto gane o tete mo. O Wɛ kɔrɔ kom maa ye kafɛ mo. 27Dé Kwo Wɛ nam na lage se dé sɛ‑o tei to mo ye se dé taa zeini botara de kadeina balo na yaare to, ye dé kwaane dé che dé tete de logo baŋa wo-zɔɔna yam. Wɛ kɔrɔ konto dwoŋi mo su Wɛ yi, ye tusim tere ko wone.",https://www.bible.com/bible/3661/JAS.1.KBG
JEMSI 2,"Dé yé taa kuri nɔɔna daane
1A nu-bia bam, abam ye balo na seene á sɛ dé Teiru Yezu Krista wolo na di paare telaao ne to mo. Konto ŋwaane, ko wo maŋe se á ta‑á kuri nɔɔna daane de á na zuli-ba tei to. 2Abam ná tigisi daane se á ware Wɛ, dɛ delo nɔɔna balei ma ba á tei. Dedoa maa ye nadum. O ma zo gare-nyenno ye o ke sabu-seŋa jafolo o jeŋa ne. O dwoŋi wom maa ye yiniga tu, ye o zo gare-zenzwanno. 3Dɛ delo á wó jeeri nadum wom lanyerane, ye á pa o na jeiŋa jei, á daare á ta de yiniga tu wom we, o zege dáa ne, naa o jeini tega ne á nɛ ni ne. 4Á ná pɔɔre-ba daane konto dwoŋi, ko bere we á pae se nɔɔna ba mae daane mo. Ko nam ye boboŋ-lwanno mo pae á kuri nɔɔna daane konto.
5A nu-bi-swonnu bam, cheigi-na amo. Wɛ mo seene o kuri balo na ye yiniga tiina nɔɔna tei ne to, se ba taa ye naduna o tei ne, de ba na ke ba wo-dedoa de Yezu tei to. O wó pa ba woli o paare dem wone, ne o na maŋe o pwooli se o ke o pa balo na swoi‑o to. 6Ko nam na ye konto to, bɛ mo kea ye á jege yiniga tiina á twea? Bera mo jege abam ba bɛɛsa? Ko dae naduna bam mo na? Banto mo yeini ba ja abam de dam ba ja vo ba saŋe kɔɔte ne. 7Ba maa jege Yezu yere-ŋom dem ba twea, ye abam mo ye o bia.
8Wɛ ni delo na bere o paare dem to popone Wɛ tɔnɔ kom ne we, “Ta‑n swoi n dwoŋi se ko maŋe de n na swoi n tete tei to.” Abam ná sɛ á tɔge ni dem konto, ko lana. 9Ko daare á ná pɔɔre nɔɔno de nɔɔno daane de á na zuli-ba tei to, ko bere we á ke wɛleere mo. Wɛ ni dem bere we á ke á tusi mo. 10Nɔɔno ná tɔge Wɛ nia yam maama ye o ná chɔge ya woŋo dedoa yerane, ko bere we o chɔge ya maama mo. 11Wɛ mo pɛ o ni we, dé yé zaŋe dé ke kabwoŋa. Wonto nam ta mo we, dé yé go nɔɔno. Mo kokuri, n ná maŋe n wo ke kabwoŋa, ye n ná go nɔɔno, ko bere we, n ta chɔge Wɛ ni mo.
12Ta‑á pa-na á ni taane de á kikia maama taa tɔge Wɛ ni delo na wae de jwoŋi nɔɔna pa ba na ba tete to, se Wɛ wó tɔge o ni dem konto baŋa ne mo o ma di debam taane. 13Kolo ŋwaane, Wɛ ná di wolo na ba jege o dwonna ŋwaŋa to taane, o bá duri konto tu de ŋwaŋa. Wolo nam na jege o dwonna ŋwaŋa to wó lɔre we, Wɛ duri nɔɔna ŋwaŋa se ba yé na waarem mo.
Wo-dedoa keim de keim-laaro taane
14A nu-bia bam, nɔɔno ná tɛ o we, omo ke o wo-dedoa de Wɛ, ye o laam ba tɔge kikia yalo na maŋe to, ko jege kuri na? O Wɛ chwoŋa tɔgem dem konto wó wane de jwoŋi‑o de yage na? 15Dɛ delo n nu-bu dedoa wó ba nmo tei ye o ba jege gɔrɔ se o zo, de o ni-wodiu se o di. 16Nmo laam ná tage ded‑o n we, o véi, se Wɛ wó zeini‑o pa o na gɔrɔ de o ni-wodiu, ye n ná wo pɛ‑o wonnu telo o na lage to, ko jege kuri na? 17Wɛ chwoŋa tɔgem de ye konto mo. Nmo ná tɛ we, n ke n wo-dedoa de Wɛ, ye n laam daare n ba ke keim-laaro, ko bere we n Wɛ chwoŋa tɔgem dem ye kafɛ mo.
18Nɔɔno wae o tɛ we, omo ke o wo-dedoa de Wɛ. Amo nam ke keim-laaro mo. Nmo na ba ke keim-laaro to, nmo nam wó ke tɛ mo n bere-ne we n seene n ke n wo-dedoa de Wɛ? Ko nam ná ye amo, amo wó kwei a keim-laaro tem a ma bere‑m we a sɛ Wɛ de wo-dedoa.
19N sɛ we Wɛ ye dedoa yerane mo na? N ná sɛ konto, ko lana. Setaana tete de maŋe ya sɛ konto mo, ye ko pae ya yera sae. 20N ba jege boboŋa mo na? N yeiri we Wɛ chwoŋa tɔgem delo na ba tɔge de keim-laaro to ye kafɛ mo na? 21Boŋe n nii debam nabaaro Abaraham kikia déem na ye tei to. Ko ke tɛ mo ye Wɛ pa se o jege chega o tei ne? Ko ye o kikia yam ŋwaane mo, de o na kwei o bu Izaak se o go o ma ke kaanem. 22Ko bere we o Wɛ chwoŋa tɔgem dem dedaane o keim-laaro maama tɔge daane mo. O keim-laaro tem déem mo pɛ se o Wɛ chwoŋa tɔgem dem ji chega. 23Konto mo, kolo na popone Wɛ tɔnɔ kom ne to jigi chega ye ko we, “Abaraham ke o wo-dedoa de Wɛ, ye Wɛ pa o na chega ko ŋwaane.” Nɔɔna déem maa bwoi‑o we “Wɛ badwoŋi”.
24Konto wó pa á lɔre we, ko ye nɔɔno kikia mo pae o na chega Wɛ tei ne, se ko dae o na ke o wo-dedoa de Wɛ to yerane ŋwaane. 25Ko woli da, ko ná ye ka-tola kalo yere na ye Rahaba to, wonto kikia de bere konto mo. Isarele tiina tontoŋena bam déem na tu o tei to, o ke-ba lanyerane ye o bere-ba chwoŋa se ba tɔge da ba ma lu ba dona jeŋa ne. O kikia yam konto mo pɛ se o na chega Wɛ tei ne.
26Konto maama bere we, nɔɔno Wɛ chwoŋa tɔgem ná ba jege keim-laaro, ko ye kafɛ mo. Ko ye bedwe mo de nɔɔno yera ná ba jege jworo, wonto ye too mo.",https://www.bible.com/bible/3661/JAS.2.KBG
JEMSI 3,"Ni taane wae de chɔge debam
1A nu-bia bam, abam dedɛ yé ta‑á kwaana se á ta‑á ye Wɛ kwora kam berena. Kolo ŋwaane á yei we, Wɛ borem dɛ dem ne ko wó taa tiini ko chana ko pa debam berena bam ko dwoi nɔɔna badaara. 2Debam maama yeini dé ke dé tusa. Nɔɔno wolo nam na ba ke o tusa o ni taane wone to yɔɔre o ye nɔn-ŋom mo, ye o wae o tete o jaane lanyerane.
3Nɔɔno ná yeini o lage o di siseiŋa, o wó kwei gara mo o ke ka ni ne se o wane o pa ka vo mɛ de mɛ o na lage to. 4Nam boŋe-na á nii nabworo na ye kamunu tei, ye vo-dɛɔ taa jege-ko ko maga. Ko tu wom nam ta wae o ma nayuŋ-balaŋa o pa ko vei o na lage mɛ to. 5Ko nam ta ye bedwe mo de nɔɔno dindeilimi na ye balaŋ-laŋa tei, ye de wae de tɛ wo-kamunnu de pae de tu wom to.
Nam ta‑á boŋe-na á nii kagoa na mae tei ye min-cheŋo ná to ka wone, ko wó di ka maama mo. 6Nɔɔno dindeilimi de nam ye mini mo, ye logo baŋa wo-lwanno maama wo de tei ne. De maa ye yera yam daa dedoa mo, ye de wo-lwanno tem laam wae te lɔgese yera yam maama. Dindeilimi jege mini mo de maa zwɛ nɔɔno ŋwea maama pa ka chɔge, ye mini dem konto nwoŋi te-seŋa ne mo.
7Nabiinu wae o tulimi wonnu dwi maama. O tulimi ga-vara, de zuna, de tega-veila, de ywona. 8Ko nam ná ye dindeilimi, nɔɔn-nɔɔno tera o na wae o tulimi-de. De maa ye wo-lɔŋɔ kolo na ware ko che to mo, ye de kwori de jege chɔŋɔ kolo na goe nɔɔna to. 9Dé yeini dé ma dento mo dé maa tei Wɛ wom na ye dé Teiru dedaane dé Kwo to, ye dento mo dé ta maa sɔɔle lwarem dé yage dé dwonna yuu ne. Wɛ nam ke banto pa ba jege o nyenyego. 10Konto to, teem de chɔgem maama nwoŋi ni dem konto dedoa wone mo. A nu-bia bam, ko wo maŋe se ko taa ye konto. 11Ko ná ye buli-yi, na-ŋona de na-chɛɔ maama bá wane ba taa buri de wone. 12A nu-bia bam, kaporo bá wane ko lei swa. Kansɔlɔ de nam bá wane ko lei mɔɔro. Ko ye bedwe mo de n na bá wane n mɔ na-ŋona bworu jei ne tei to.
Wɛ na pae swa yalo to
13A lage a ta woŋo de abam wolo maama na boŋe we o jege swa de yi-poro lanyerane to. Konto tu jege se o taa tɔge chwo-laao mo, ye o gwooni o tete o ke keim-laaro, ne ko na maŋe de o swa yam tei to. 14Nmo nam ná jege wo-goo de puseŋa, ye n lage n yerane wonnu, se n yé zaŋe n mage n nyɔɔne n ta we, n jege swa. N fɔ vwa n ma n kweele chega kam mo konto. 15Swa yam konto dwoŋi dae swa yalo na nwoŋi Wɛ tei to. Yanto ye logo baŋa nyem mo. Ya maa ye nabiina swa yalo na nwoŋi setaana tei to. 16Mɛ maama nɔɔna na lage ba yerane wonnu ye ba jege puseŋa de ba dwonna to, dáane mo kantɔgɔ de keim-lwanno dwi maama wora.
17Ko nam ná ye swa yalo na seene ya nwoŋi Wɛ tei to, yanto mo tiini ya lana fase. Ya maa swoi se ywoni taa wora, ye ya tu ye nɔn-pwoŋo wolo na nege nɔɔna to. O maa jege o dwonna ŋwaŋa lanyerane, ye o ta ke keim-laaro de o woli da. O ba kuri nɔɔna daane de o na ke-ba tei to, ye nɔɔna yei o wo lanyerane. 18Balo na swoi ywoni to wae ba woli ba dwonna se ywoni taa wo ba tetare ne. Nyɔɔre delo ba na wó na ba kikia yam baŋa ne to ye se chega mo taa toŋa.",https://www.bible.com/bible/3661/JAS.3.KBG
JEMSI 4,"Dé jege se dé tu dé tete Wɛ yiga ne
1Jara dedaane ni-kantɔgɔ yeini ya wora abam tei ne. Bɛ nam mo pae ya tui? Á na lage á boboŋa wonnu tei to mo tei á bochara jege daanem, pa se jara wo á wone. 2Ko na ye tei to, á fera zoore wonnu ye á nam ba na-te. Ko maa pae á lage se á go nɔɔna. Á yi tiini de su wonnu dedɛ ye á ware-te á na. Konto mo pae kantɔgɔ de jara tui á tetare ne. Á ba jege wonnu telo á na lage to kolo ŋwaane á wo lwoori Wɛ te ŋwaane se o pa abam. 3Abam nam ná maŋe á lwoori wonnu Wɛ tei ne, á yeini á ba na-te, á na mae boboŋ-lwanno mo á lwoora to ŋwaane. Á lwoori se á ta‑á ma-te á ke á tete yerane boboŋa mo.
4Á nwoŋi Wɛ kwaga ne mo na? Á nam yeiri we, á ná me de logo baŋa wonnu, á ye Wɛ dona mo na? Wolo maama na lage se o me de logo baŋa wonnu tem to wó ji Wɛ dono mo. 5Á yé ta‑á boŋe we kolo na popone Wɛ tɔnɔ kom wone to ba jege kuri, de ko na we, “Jworo kolo Wɛ na ke dé bochara ne to lage se ko yerane mo taa tei debam.” 6Wɛ nam mo ke debam zaane se ko gaale. Ko ta popone we:
“Wɛ ve balo na bere ba tete kamunim to,
ye o daare o ke zaane balo na tu ba tete to yuu ne.”
7Ko nam na ye konto to, kwei-na á tete á ke Wɛ jeŋa ne, se á daare á ve setaana pɛ wom, se wonto wó duri o viiri á tei ne. 8Fofɔ-na á twɛ Wɛ tei, se o de wó taa bwola de abam. Sane-na á je á yage á wo-lwanno kikia yam. Kwɛ-na á bochara se á daa yé ta‑á jege woro telei. 9Nyɔne-na á yiga á ta‑á kona ye á keera. Pa-na á mwanno tem leiri te ji keira, se á wopwolo kom leiri ko ji wo-chechɔgɔ. 10Tu-na á tete dé Teiru wom yiga ne, se o laam wó ja abam o pa á zaŋe.
11A nu-bia bam, yé ta‑á ŋɔɔne-na ta-balwaaro á pa daane. Wolo maama ná ŋɔɔne ta-balɔrɔ o pa o nu-bu, naa o yaale o yuu, konto tu ŋɔɔne o chɔge Wɛ nia yam mo ye o yaale-ya. Nmo nam ná yaale Wɛ nia yam, ko bere we n daa‑n ba tɔge-ya mo, ye n jege dam ya baŋa ne. 12Wɛ yerane mo tei o nia yam ye o tɔge-ya o ma bore nɔɔna bora. Wonto yerane mo wae o jwoŋi nɔɔna o yaga, naa o chɔge-ba. Nmo nam boŋe we n ye wɔ mo se n di n dwoŋi taane?
13Fɔge á cheigi-na, abam balo na yeini á tɛ we, “Zem naa jwa ne dé wó vo teo kodwoŋi dé ke pipiu da bene dé na sabu” to. 14Á tɛ konto dwoŋi ye á yeiri tega na wó poore se á ŋwea taa ye tei. Á ŋwea nam nye de kunu mo. Ko wó li ye ko bá dáane ye ko jei. 15Ko ya maŋe se á ta‑á tɛ we, “Wɛ ná sɛ pa dé jwa ŋwe, dé wó ke kolo dé na boŋe to.” 16Ko nam na ye tei to, á pa á tete kamunni mo de á na wó ke wonnu telo to. Kamunni dem konto nam ba lana.
17Konto to, nɔɔno wolo ná yei kolo na lana se o ke to, ye o ná wo ke, kotu ke wɛleere mo.",https://www.bible.com/bible/3661/JAS.4.KBG
JEMSI 5,"Naduna na bɛɛse nɔɔna tei to
1Ko daare abam balo na ye naduna to, fɔge á cheigi-na. Ta‑á keeri-na se á ta‑á chwoosa de lɛɛro telo na lage te ba abam baŋa to. 2Abam jejegero tem maama pɔga, ye charebombore de di á gwaaro tem. 3Abam sabu-seŋa kam de á sabia maama maa soŋe. Bora borem dɛ dem ne te soŋem dem konto mo wó bere we á ke á tusi, ye dento ta wó di abam yera yam ne mini tei. Logo baŋa kweelim da yam nam twɛ, ye abam ta fɔge á la á jejegero tem á tiŋi. 4Ko ta woli da, á ba sɛ se á ta‑á ŋwe balo na toŋe ba pa abam to. Cheigi-na á nii ba na poona de á na pini-ba tei to. Balo na ke abam wodiiru tem ba ke diga ne to keira kam to Yuu-tu Baŋa Wɛ zwɛ ne. 5Á logo baŋa ŋwea kam ye paare yerane mo, ye á ke á boboŋa na lage tei. Á di á nu, ne ba na kɔne varem se ba go tei to. 6Á ta kwori á pae balo na jege chega to ga bora, á daare á go-ba, ye ba ware á yiga se ba che.
Dé wó pa se Wɛ taa jege dé teena
7A nu-bia bam, zuri-na á bochara á ta‑á maa nii maŋa kam dé Teiru wom na wó jwoori o ba to. Ta‑á nii-na valo na yeini o zuri o yera tei o maa cheigi maŋa kam o wodiiru tem na wó be to. O yeini o zuri o yera o maa cheigi duum doa, de faao-ni doa. 8Konto ŋwaane, ko maŋe se abam de zuri á bochara mo ye á vɔ á wo lanyerane, se dé Teiru wom bá dáane ye o ba.
9A nu-bia bam, yé ta‑á poone daane, se ko wó pa á ga bora Wɛ tei ne. Nii-na, ko twɛ ko ti se Wɛ di debam taane. 10A nu-bia bam, guli-na Baŋa Wɛ sampwori selo déem na tɔɔle o kwora kam to gula. Ba déem nɛ yaara dedɛ ye ba vɔ ba wo ba fɔge ba zege ka baŋa ne lanyerane. Konto to, ko maŋe se abam de lwoni banto kikia yam mo. 11Ko ná ye balo na jege pu-dɛa kanto dwoŋi to, dé yei we ba nɛ wopwolo Wɛ tei ne. Abam maŋe á yei Job déem na ke pu-dɛa o yaara yam wone tei, ye á kwori á yei Wɛ na pɛ o kweeli ya wone tei to. Chega ŋwaane to, Baŋa Wɛ tiini o jege debam ŋwaŋa ye o duri debam yibwona lanyerane.
12A nu-bia bam, konto maama baŋa ne, ta‑á yei-na se, á ná lage á gwoni ni, se á yé zaŋe á du duuri á woli da. Yé du-na de Wɛ, naa tega, naa de kolokolo de. Á nam wó ta we, “ɛɛ” naa “aawo”, se á yé du duuri á woli da. Ko ná dae konto, á wó ga bora Wɛ tei ne.
13Abam wolo ná wo cham wone, se kotu lwoori Wɛ. Abam wolo nam ná jege wopwolo, se kotu taa leeni o seini Wɛ. 14Abam wolo nam ná ba jege yazura, se o bwoŋi Yezu kɔgɔ kom nakwa bam se ba ba ba lwoori Wɛ ba pa‑o, se ba daare ba kwei nuga ba ke o yuu ne dé Teiru Yezu yere ŋwaane. 15Ba ná ke ba wo-dedoa ba lwoori Wɛ konto dwoŋi, jaweeno wom wó seene o na yazura mo. Dé Teiru wom wó pa o wori, ye wɛleera yalo maama o na ke to Wɛ wó yage o ma chɛ‑o. 16Konto ŋwaane, ko maŋe se á ta‑á tɛ á wɛleera taane jaja mo á bere daane, se á daare á ta‑á lwoori Wɛ á pa daane, se Wɛ wó pa á na yazura. Nɔn-ŋom wɛ-lworo tiini ko dana lanyerane ko wae ko pae wonnu ke. 17Guli-na Elija déem na ke tei to. O ye nabiinu ne debam na ye tei to mo, ye o seene o yia o lwoori Wɛ se doa daa yé taa nena. Ka ma seene ka wo nege bena yatɔ de chane seredo. 18O daa ma jwoori o lwoori Wɛ. Ka daa ma seene ka ne, ye tega baŋa wonnu maama jwoori te puli te nwoŋi te ke wodiiru.
19A nu-bia bam, abam wolo ná ywori chega chwoŋa kam wone, ye o dwoŋi ná wane o pa o jwoori o to ka wone, ko lana. 20Á nam ta‑á yei we, wolo maama ná wane o che wɛle-keiru pa o yage o tusim dem, kotu wó wane o vere nɔɔno wom toone jeŋa ne, ye o wɛleera maama de wó saare.",https://www.bible.com/bible/3661/JAS.5.KBG
1 PIITA 1,"1Amo Piita wolo na ye Yezu Krista totoŋa nakwe to mo popone tɔnɔ konto se a pa abam balo Wɛ na kuri se á ta‑á ye o nyem ye á ba jege kugu jei logo baŋa ne to. Abam ma jage á vo á zoore Pontusi, de Galatia, de Kapadokia, de Asia, de Bitunia kateira yam teene wone. 2Dé Kwo Wɛ ma wuuri o ke o boboŋa ne se o kuri abam konto, ye o tɔge o Sin-laao kom ŋwaane mo o pa se á ji o nyem. Wɛ nam ke konto se ko pa á ta‑á sɛ á pa Yezu Krista, ye á bochare fɔge ya kwɛ o toone jana bam ŋwaane.
Wɛ wó pa abam zaane de yazura se ko gaale.
Dé na jege teena Wɛ tei ne tei to
3Baŋa Wɛ wolo na ye dé Teiru Yezu Krista Kwo to maŋe de teem. Wonto na tiini o ye ŋwaŋa tu to, o ma pa se dé jege ŋwe-doŋa, ye dé ta jege teena o tei ne maŋa maama, o na pɛ se Yezu Krista bi toone wone to ŋwaane. 4Konto mo dé yei we, dé wó ba dé jwoŋi wo-laaro telo Wɛ na tiŋi se o pa o nɔɔna to. Wonnu tem konto nam ba pɔe, ye te ba chɔga, te nam ba leere de. Wɛ tiŋi tento mo telaao ne se o pa abam. 5Á na sɛ‑o de wo-dedoa to, o maa mae o dam dem o cho abam se ko vo ko yi logo baŋa kweelim da yam, se o laam fɔge o jwoŋi abam fase, ne o boboŋa na jaane se o ke tei nɔɔna maama yiga ne to.
6Konto maa pae á jege wopwolo lanyerane. Ko daare leile konto, cham dwi dwi wae ya tui ya maŋe abam maŋa fenfee yerane, ye ko pa se á wo chɔge. 7Ko ná ye cham dem konto, de ye se de maŋe abam de nii á na jege wo-dedoa de Wɛ tei to mo. Abam wo-dedoa kam á na jege to tiini ka dwoi sabu-seŋa na lana tei to. Sabu-seŋa nam wae ka chɔga, ye ba mae mini mo ba ma maŋe-ka se ba lɔre ka na lana tei to. Konto to, cham ná maŋe á wo-dedoa kam, ye ka ta ná lana, ko wó pa se á na zula de teem Wɛ tei ne, maŋa kalo Yezu Krista na wó jwoori o ba se o veere o tete nabiina yiga ne to. 8Abam yi nam ta wo nɛ‑o, ye á ta jege o swono. Á ta maa ba na‑o, ye á ke á wo-dedoa ded‑o, pa se á tiini á jege ywoni de wopwolo kolo na ye wo-kenkagele ye ko taane bá wane ko ta to. 9Abam jege wopwolo konto dwoŋi kolo ŋwaane á wora á nae nyɔɔre á wo-dedoa kam baŋa ne, de Wɛ na wora o jwoŋi abam ŋwea tei to.
10Faŋa faŋa Wɛ sampwori sem déem kwaane ba tɔge ko nɛ lanyerane se ba lɔre Wɛ na wó jwoŋi o nɔɔna ŋwea tei to. Ba déem maŋe ba wuuri ba ta Wɛ na wó ke abam zaane tei to. 11Yezu Krista Sin-laao kom maa wo ba tei ne ye ko pa ba wuuri ba lɔre we, Yezu wó ba o na yaara se o laam daare o na paare Wɛ tei ne. Ba maa tiini ba kwaane se ba lɔre maŋa kam konto, de ko na wó ke tei to. 12Wɛ ma guri o chega kam o pa o sampwori sem konto lɔre we, ko dae ba tete ŋwaane mo ba toŋa, se ko ye abam ŋwaane mo. Ba déem na bere chega kalo to ye bedwe mo de kwor-ywoŋa kalo Wɛ tontoŋena badwonna zem na tɔɔle ba bere abam to. Baŋa Wɛ mo pɛ se o Sin-laao kom nwoŋi telaao ne ko ba banto tei, ye ba wane ba bere abam o kwora kam konto. Wɛ malese sem tete maŋe se lage se se lɔre chega kam konto kuri na ye tei to.
Wɛ lage se dé taa jege wo-pwoŋo
13Abam nam fɔge á ja á tete de boboŋ-dɛɛra. Peene-na á tete se á tiini á ta‑á jege teena de Wɛ na wó ke zaane delo abam yuu ne maŋa kalo Yezu Krista na wó jwoori o ba se o veere o tete nabiina yiga ne to. 14Ta‑á sɛ-na á Kwo Wɛ ni. Ko nam ná ye á déem ta na wo lɔre Wɛ chega kam ye á fera zo wo-yɔɔro telo to, se á daa yé pa te taa tei á boboŋa. 15Wɛ nam mo bwoŋi abam se á ta‑á ye o nyem, ye wonto yɔɔre o ye wo-pwoŋo tu. Mo kokuri á jege se á ta‑á jege wo-pwoŋo á ŋwea maama wone. 16Ko nam maŋe ko popone Wɛ tɔnɔ kom ne ko we,
“Pɔɔre-na á tete se á ta‑á ye wose,
se amo mo ye wose.”
17Abam na lwoori Wɛ tei to, á yeini á bwoi‑o we á Kwo, ye o nam mo ye wolo na wó di nabiina maama taane to. O maa yeini o tɔge nɔɔna maama kikia na ye tei to o ma di ba taane, ye o ba kuri nɔɔna daane de o na ke-ba tei to. Konto to, á ta ná zoore logo baŋa ne, se á ta‑á kɔre Wɛ de á na tɔge chwei selo to. 18Kokuri á yei we, Wɛ jwoŋi abam se á daa yé ta‑á tɔge chullu telo na nwoŋi á nabaara jeŋa ne to. Wɛ na le abam wo-yɔɔro tem konto wone to, ko dae logo baŋa sabu kolo na wae ko chɔge to mo o mɛ o ŋwe o jwoŋi abam o yage. 19O nam mɛ Yezu Krista toone jana bam mo o ma jwoŋi abam, ye banto tiini ba ye lonne nyem. Yezu na jigi wo-kaanem konto to, o maa nye de pipeila kalo na tiini ka lana fase ye kolokolo wo taŋe ka yera ne to mo. 20Boboa ne ye logo baŋa ta tera to, Wɛ maŋe o kuri wonto mo se o ma jwoŋi o nɔɔna ba wɛleera wone. Ko daare logo baŋa kweelim maŋa kam laam yia, ye Wɛ le‑o o bere nabiina abam zeinim ŋwaane mo. 21Á nam dɛ Yezu ŋwaane mo á ke á wo-dedoa de Wɛ. Ko maa ye Wɛ mo bi wonto toone wone, ye o daare o pa o di paare Wɛ telaao ne. Konto ma pa á seene á jege wo-dedoa de teena Wɛ tei ne.
22Abam laam na sɛ Wɛ chega kam to mo pɛ á bochara fɔge ya kwɛ, pa se á jege swono chekke de á nu-bia balo de na ye Wɛ nyem to. Konto to, yɔɔre á ta‑á jege da-swono de á bochara maama. 23Abam na jege Wɛ ŋwe-doŋa kam to, ka kuri wo nwoŋi nabiina dwi wone, balo toone na wae-ba to. Ka nwoŋi Wɛ tei mo ye ka ba chɔga. Á tɔge Wɛ kwora kalo na jege ŋwea ye ka wora taa taa to baŋa ne mo á na o ŋwe-doŋa kam konto. 24Ko nam popone Wɛ tɔnɔ kom ne we:
“Ko ná ye nabiina,
ba maama nye de gaaro mo.
Ba nenɔŋa maa nye de gaao wo punnu.
Ba ba dáana ye ba toa.
Gaao kom maa yeini ko kwaare,
ye ko punnu tem de siiri.
25Ko nam ná ye Wɛ kwora kam,
kanto wó taa wora mo taa wuu.”
Kwora kam konto mo ye kwor-ywoŋa kalo ba na tɔɔle ba bere abam to.",https://www.bible.com/bible/3661/1PE.1.KBG
1 PIITA 2,"Debam tɔge de Yezu dé ye Wɛ bia
1Mo kokuri, ja-na á tete de lwarem kikia dwi maama. Á daa yé ta‑á gane á dwonna, naa á jege ni-zɛ ni-zɛ, naa wo-goo. Yé ta‑á twe-na daane. 2Pa-na se á fera taa zoore Wɛ chega kam se ka taa fɔge á boboŋa lanyerane, ne bu-seseŋa fera na zoore o nu yele tei to. Konto mo wó pa á boboŋa ba ya kweere Wɛ chega kam seeni, se o laam fɔge o jwoŋi abam fase. 3Abam nam maŋe á maane á nii dé Teiru wom na tiini o lana tei to.
4Dé Teiru Yezu maa ye wolo nabiina na ve, ye o ta ye ŋwea tu to mo. Wɛ nam maŋe o tiŋi wonto se o tiini o taa jege fera o pa‑o, ne o ye kandwɛ delo o na lage o ma-de o lɔ o sɔŋɔ kom to. 5Á na ke á tete Yezu jeŋa ne to maa pae se abam de tɔge á ji ne kandwa yalo Wɛ na jege-ya o maa lɔ o sɔŋɔ kom to, ye á ye balo na jege o ŋwe-doŋa kam to. Ko ta maa pae se á ji Wɛ tete nɔɔna balo na ke kaanem ba pa‑o to, ye pɛɛra yalo á na ma á kaane‑o to ye wo-laaro telo o Sin-laao kom na ke á bochara ne to. Á pɛɛra yam konto su Wɛ yi, á na me de Yezu Krista to ŋwaane.
6Ko popone Wɛ tɔnɔ kom ne we:
“Nii-na amo Wɛ na lage a chwi kandwɛ delo na tiini de lana to,
se a ma lɔ sɔŋɔ Zion ne.
Amo kuri kandwɛ-zane dem konto
se de taa ye kandwɛ delo na pae diga kam zega lana to mo.
Wolo nam ná sale wonto yera ne,
chaveera bá fɔge ya ja konto tu.”
7Ko ná ye abam balo na jege wo-dedoa ded‑o to, o jege lonne mo á tei ne. Ko daare, ko ná ye balo bam na ve‑o to,
“O maa nye de kandwɛ delo lɔra bam na ve,
ye de laam jwoori de ba de ji kandwɛ delo na pae diga kam dana to mo.”
8Ko woli da, balo na ve‑o to tei ne,
“O daa ta maa nye de pelɔrɔ kolo na cheili
pa nɔɔna gare-ko ba chɔɔle ba to tega ne to.”
Ko ye ba na wo sɛ Wɛ kwora kam to ŋwaane mo ba chɔɔle ba to. Ko maa jege se ko ke-ba konto mo.
9Ko daare ko ná ye abam,
Wɛ mo kuri á dwi dem se á ta‑á ye á yera.
O maa pae á ye o kaanem tiina
balo na toŋe o paare yerane ŋwaane to.
Á maa kwori á ye o tete kɔgɔ kom nɔɔna
balo o na le se á ta‑á ye o nyem to.
Wɛ tiŋi abam konto se á pa nɔɔna lɔre o na tiini o maŋe de zula tei to, de o na le abam lim wone ye o daare o pa á na jeiŋa jei o tete nenɔŋa pwooni dem wone to. 10Abam déem ya ye nɔɔna mo yɔɔ yerane, ye á laam ba á ji Wɛ tete nɔɔna. Abam déem ya dae balo Wɛ na jege á ŋwaŋa to, ye o laam ba o duri á ŋwaŋa.
11A badwoŋ-swonnu bam, abam na ye veira logo baŋa ne ye á ba jege kugu jei to, a lwoori abam se á ja á tete de á fera na zoore logo baŋa wo-zɔɔna yalo to. Tento mo kwaane se te chɔge á ŋwea de Wɛ. 12Abam na jege á tete tei to, se á pa á kikia taa lana balo na dae Wɛ nɔɔna to yiga ne. Konto mo, ba ná yaale abam ba we, á ye wo-lwan-keira, ba laam wó ba ba lɔre á keim-laaro na ye tei to mo, ye ba daare ba pa Wɛ zula maŋa kalo o na lage o ba o nwoŋi nabiina yiga ne to.
Dé wó sɛ dé pa dedɛɛra
13Ko ná ye nabiina balo maama na di dam ba dwonna baŋa ne to, se á ta‑á sɛ á pa-ba, á na tɔge dé Teiru wom to ŋwaane. Ko ná ye Pa-faro wolo na tei teo kom maama to, 14de o dedɛɛra balo o na pɛ-ba dam to, se á ta‑á nege ba maama. O tiŋi banto se ba taa waare balo kikia na ba lana to mo, se ba daare ba taa tei balo kikia na lana to. 15Wɛ boboŋa na lage tei to mo ye se á pa á kikia taa lana, se ko wane ko pa nɔn-jworru pu ba nia de ba ta-yɔɔro telo ba na ŋɔɔne abam baŋa ne to.
16Abam ye balo na tei á tete to mo. Pa-na á ŋwea taa ye konto dwoŋi, se á nam yé tɔge konto ŋwaane á boŋe we, á jege chwoŋa se á ke keim-balwaaro. Pa-na se á kikia taa lana, á na ye Wɛ kabɛ to ŋwaane.
17Á ta‑á pae nɔɔna maama zula.
Á ta‑á swoi á nu-bia bam.
Ta‑á kɔre-na Wɛ.
Ta‑á zuli-na Pa-faro wom.
18Abam balo na ye tontoŋena to jege se á ta‑á sɛ á pa á yuu tiina, ye á tiini á nege-ba lanyerane. Ba ná jege á ŋwaŋa ye ba ke abam lanyerane, naa ba ná chana de abam, se á ta sɛ á pa-ba. 19Kokuri nɔɔno ná sɛ se o tɔge Wɛ boboŋa, ye o vɔ o wo de waarem delo o na nɛ kafɛ ŋwaane to, Wɛ yi wó su kotu keim dem konto. 20Abam nam ná ke á tusi, ye ko pa ba vaŋe á zwɛ lanyerane, á ná vɔge á wo de yaara yam konto, ko jege taane na? Á nam ná nɛ yaara á keim-laaro baŋa ne, ye á vɔ á wo, Wɛ yi wó su á keim dem konto. 21Wɛ na bwoŋi abam se á ba á ji o nyem to, ko ye se á vɔ á wo de yaara mo. Yezu Krista tete déem maŋe o yaare abam ŋwaane se ko pa á ta‑á tɔge o nɛ-bwora mo de cham delo dwi maama o na nɛ to.
22Wonto nam bere o wo ke kolokolo o tusi,
ye o ni taane ba jege ganem.
23Nɔɔna déem maa jege‑o ba twea,
ye o wo tɔge o twe-ba.
Ba ma kwori ba bɛɛse‑o,
ye o wo jwoori o chiŋi-ba.
O nam ke o tete mo Wɛ jeŋa ne, wonto na ye wolo na tɔge chega o ma di nɔɔna bora to ŋwaane. 24Yezu Krista na tege dagara kam yuu ne to, o ma pa se debam wɛleera daŋe o yuu ne, ye o ŋwe ya jene debam ŋwaane. O ke konto se ko pa dé wɛleera daa yé taa wae debam, nenɛɛne dé tege mo ya tei ne, se dé ŋwea daare ka taa tɔge chega Wɛ yiga ne. Yezu yera yam na nɛ zonne tei to mo pɛ se abam yɔɔre á na fɔgem. 25Abam ya nye de pei selo na beeri se jei to mo. Á laam ma pipiri se á jwoori á ke á tete Yezu jeŋa ne. Wonto mo nye de abam nayero ye o nii á baŋa ne.",https://www.bible.com/bible/3661/1PE.2.KBG
1 PIITA 3,"Kaana de ba banna taane
1Ko ná ye abam balo na ye kaana to, abam de jege se á sɛ á pa á banna konto dwoŋi mo. Ko maa wó pa se á banna bam badaara ya ná ve Wɛ taane dem, se ba laam maane á nɛ-bwora na ye tei, ye ba pipiri ba ba ba sɛ Wɛ, de á ná maŋe á wo puri á ni de. 2Ba maa wó lɔre á na kɔre Wɛ, ye á seene á tɔge chwoŋa de boboŋ-dɛɛra. 3Abam na wó ke tei se ko pa á ta‑á jege lam to, ko dae se á ta‑á fɔge á yera dedaane nenɔŋa wonnu, ne ko ná ye á na kwɛ á yuni tei, de á na ke sabu-seŋa wonnu á yera ne, de á na wó taa zoore gare-laaro tei to. 4Á nam na wó fɔge á tete tei to jege se ko tɔge á bochara na ye tei ye ya seigi nɔɔna yiga ne to. Ko maŋe se á ta‑á nege nɔɔna mo lanyerane de bochare-zuru. Á ná fɔge á kwɛ á bochara se ya taa lana konto dwoŋi, ya lam dem daa bá chɔge, ye ko wó taa jege kuri lanyerane Wɛ tei ne. 5Kokuri, faŋa faŋa kaana balo na ye Wɛ nyem ye ba ke ba teena ded‑o to déem fɔge ba tete konto dwoŋi, de ba na sɛ ba pa ba banna to. 6Sara déem ye konto dwoŋi mo, ye o sɛ o baro Abaraham ni, de o na bwoŋi‑o we o yuu tu to. Abam de nam ye wonto bia mo, ne á ná ke keim-laaro ye á wo pɛ foone zo abam de kolokolo.
7Abam balo de na ye kan-banna to maŋe se á ta‑á nege á kaana de boboŋ-laaro konto dwoŋi mo. Á na zoore de á kaana bam tei to, ta‑á yei-na we ba yera bwona ya dwoi baara. Ba nam wó tɔge de abam ba na Wɛ ŋwe-doŋa kam o zaane dem ŋwaane. Konto to, á ta‑á pa-ba zula, se kolokolo yé che abam na lwoori kolo Wɛ tei ne to.
Yaara taane
8Amo na lage a ta kolo a kweeli to mo ye se abam maama ta‑á jege boboŋe dedwe, se á ta‑á jege da-ŋwaŋa de da-swono, á na ye da-nu-bia to ŋwaane. Ta‑á jege-na á dwonna yibwona, se á daare á ta‑á tu á tete á pa daane. 9Nɔɔno ná ke wo-lɔŋɔ o yage abam yuu ne, se á yé jwoori á ke‑o konto dwoŋi. Nɔɔno ná twe abam, á daa yé tɔge á twe‑o, se á nam sɔɔle Wɛ swolim á yage o yuu ne. Kokuri, Wɛ na bwoŋi abam se á ta‑á tɔge‑o to, ko ye se á ba á jwoŋi o swolim mo. 10Ko popone Wɛ tɔnɔ kom ne we:
“Nɔɔno wolo maama ná lage se o na ŋwea ywoni,
kotu jege se o ja o tete mo
de ta-balwaaro ŋɔŋa de vwa fɔm.
11O nam jege se o yage totoŋ-lwanno keim,
se o daare o taa tɔge keim-laaro,
ye o kwaane o taa zoore de wo-zuru de ni-ywom.
12Kokuri, Baŋa Wɛ yeini o nii nɔn-ŋona baŋa ne mo,
ye ba wɛ-lworo de zo o zwa.
Ko nam ná ye wo-lwan-keira,
o yiga tera de-ba.”
13Abam ná seene á yia keim-laaro baŋa ne, wɔ mo wó wane o ke wo-lɔŋɔ o yage á yuu ne? 14Abam nam ná tɔge chega, ye nɔɔna yaare abam ko ŋwaane, á daa ta jege yu-ywoŋo mo. Á nam yé ta‑á fona de-ba, naa á ta‑á jege lwia. 15Yezu Krista na ye abam Teiru to, á ta‑á kɔre‑o de boboŋ-laaro. Fɔge-na á che á boboŋa maŋa maama se á wane á leiri nɔɔno wolo maama na wó bwei abam se o lɔre á na ke tei á daŋe á teena Wɛ baŋa ne to. 16Ko nam maŋe se á leiri‑o de bochare-zuru de zula. Ta‑á ke-na wonnu telo á boboŋa na bere we te lana to, se nɔɔna ná yaale abam, se ko pa chaveera ja-ba, de ba na ŋɔɔne ba chɔge keim-laaro telo á na yeini á ke Yezu Krista ŋwaane to. 17Wɛ boboŋa mo ná lage se á ta‑á nae yaara á keim-laaro tem baŋa ne, konto lana ko dwoi á ná ke keim-balwaaro ye á yaare te ŋwaane. 18Kokuri, Yezu Krista déem tege bedwe mo se o ma ŋwe nabiina wɛleera jene maama. Ko maa ye nɔn-ŋom mo leiri nɔn-balwaaro yuu ne o te, se o wane o ke abam Wɛ jeŋa ne. O yera yam mo ba goa, ye o jworo kom pa se o daa ta na ŋwea Wɛ tei ne. 19O ma tɔge o jworo kom konto ŋwaane mo o vo nɔɔna balo jworru ba na pe churu ne to tei, se o tɔɔle Wɛ chega kam o bere-ba. 20Ko maa ye nɔɔna balo déem na ve Wɛ ni to jworru mo konto. Konto déem ye maŋa kalo Wɛ na peene o bane ye Noah wora o kwaare nabwor-kamunu kom se o ma jwoŋi o ŋwea to. Nɔɔna fenfee balo na zo nabworo kom wo to ye nana mo, ye ba tɔge na bam wo pa se Wɛ jwoŋi ba ŋwea. 21Wɛ déem tɔge na bam ŋwaane mo o vere banto ŋwea, ye ko ye maana mo se ko bere á na jwoŋi sɛɛm ye Wɛ vere abam tei to. Á na jwoŋi sɛɛm to, ko dae á na swɛ á yera digiru ŋwaane tei to mo Wɛ mɛ o vere abam. Ko nam ye á na tɔge boboŋ-laaro mo á ma gwoni ni ded‑o to, ye ko tɔge o na bi Yezu Krista toone wone to ŋwaane mo. 22Wonto mo diini wɛyuu o jeini Wɛ jazem ne, ye malese sem, de dedɛɛra, de wonnu telo maama na jege dam to maa wo o dam kuri ne.",https://www.bible.com/bible/3661/1PE.3.KBG
1 PIITA 4,"Wɛ boboŋa na lage kikia yalo to
1Abam maŋe á lɔre Yezu Krista déem na wo logo baŋa ne ye o na yaara o yera wone tei to. Konto ŋwaane, ko maŋe se abam de kwaane á ja á boboŋa ne wonto tei, se á ma fɔge á che á tete yaara wone. Kokuri, nɔɔno wolo yera ná nɛ yaara, konto tu yiga le wɛleera wone mo. 2Konto to, abam daa ta ná jege ŋwea logo baŋa ne, á daa ba jege se á ta‑á tɔge wo-yɔɔro telo nabiina fera na zoore to. Á nam jege se á ta‑á tɔge Wɛ boboŋa na lage kolo to mo. 3Abam maŋe á chɔge á ŋwea maŋa kam dedɛ, de á na yeini á ke tei á tɔge chwei selo balo na yeiri Wɛ to na lage se ba taa tɔge to. Abam déem yeini á ke wo-digiru kikia yalo na tɔge ka-laga to, de wo-zɔɔna yalo maama á fera na zoore to. Á déem maa ye sa-nyɔra, ye á ye nɔn-kwollu á nyɔ sana á buga. Á maa kwori á tɔge jwona kaanem na ye totoŋ-zɔɔne to. 4Ko daare leile konto, á daa ba tɔge de balo na yeiri Wɛ to, de ba na ke wo-zɔɔna kikia konto dwoŋi to. Ko ma ke-ba yaau, pa se ba jege á yere ba chɔga. 5Banto nam wó ba ba zege Wɛ yiga ne, se ba tole ba kwora ba bere‑o. Wonto nam ti o yiga se o di nabiina taane, ko ná maŋe ko ye balo na ŋwe to de balo na tege to maama de. 6Ko ye konto ŋwaane mo ba déem tɔɔle Wɛ kwor-ywoŋa kam ba bere balo na tege to de. Banto yera yam mo tega, nenɛɛne nabiina maama na jege se ba te ba wɛleera ŋwaane tei to. Ba nam na nigi Wɛ kwora kam to, ko ye se ba jworru tem laam mo wane te na ŋwea, ne Wɛ ŋwe-doŋa kam na ye tei to.
7Logo baŋa de ko wonnu maama laam lage te kweeli. Nam fɔge-na á che á boboŋa se á ta‑á jege jawala de á na lwoori Wɛ tei to. 8Ta‑á swoi-na daane de á wo maama. Konto tiini ko ye wo-chɛɔ ko pa abam, kolo ŋwaane á ná jege da-swono, ko wó pa se á wɛleera dedɛ saare á boboŋa ne. 9Ta‑á jeeri-na á dwonna á sam ne lanyerane, se á yé ta‑á poone daane. 10Abam dedoa dedoa mo nɛ zeinim Wɛ tei ne, se á ta‑á ma‑á woli daane, ne o na pɛ se á ta‑á ye tei to. Abam maama jege se á ta‑á ke á dwonna zaane, ne Wɛ na ke abam zaane tei to. 11Abam wolo Wɛ na pɛ se o taa ŋɔɔne o bere nɔɔna to jege se o taa ŋɔɔne Wɛ kwora kam chekke mo. Wolo Wɛ na pɛ se o taa toŋe o woli o dwonna to de jege se o taa mae dam delo Wɛ na pɛ‑o to o maa toŋa. Konto maama wó pa se nɔɔna tɔge Yezu Krista ŋwaane ba pa Wɛ zula. Wonto nam mo maŋe se o jwoŋi zula de dam maŋa maama se ko taa vei wuu. Ameena.
Dé yaara yam kuri na ye tei to
12A badwoŋ-swonnu bam, chanɛɛre na wora de daane abam to, de tu se de maŋe abam de nii mo. Á nam yé pa se ko sɔɔre abam yera, nenɛɛne ko ye wo-kenkagele mo tei. 13Abam na tɔge de Yezu Krista á na o yaara yam dwoŋi to, se á ta‑á jege wopwolo ko ŋwaane. Konto to, Yezu Krista ná jwoori o ba ye o nenɔŋ-fɔrɔ kom bere jaja, á wopwolo kom laam wó tiini ko gaale. 14Nɔɔna nam ná yaale abam á na ye Yezu Krista nyem to ŋwaane, á jege yu-ywoŋo mo, kolo ŋwaane Wɛ Sin-laao kom na jege nenɔŋ-fɔrɔ to wo abam tei ne. 15Abam wolo ná nɛ yaara, se ko yé taa ye o na ye nɔn-goro, naa ŋweeno, naa wo-lwan-keiru dwi maama, naa bebare-nyem to ŋwaane. 16Abam wolo nam ná yaare o na ye Yezu Krista nyem to ŋwaane, kotu yé pa chaveera taa jege‑o ko ŋwaane. Konto tu nam jege se o pa Wɛ zula, de nɔɔna na bwoi‑o we Krista bu to.
17Maŋa kam yia Wɛ na wó bobo se o di nabiina taane to. Ko maa ye o tete nɔn-bia bam baŋa ne mo o lage o bobo. Ko na wó bobo debam tei ne to, ko wó taa ye tetɛ mo de balo bam na ve Wɛ kwor-ywoŋa kam to? Ko ná tu ko kweeli, ko bá taa chamma ba tei ne na? 18Ko popone Wɛ tɔnɔ kom ne we:
“Nɔn-ŋona ná lage ba na verem,
ko wó chɛ mo.
Konto to, ko ná ye wɛle-keira,
ko wó ke-ba tɛ mo?”
19Ko ná ye balo na nɛ yaara, ne Wɛ boboŋa na lage se ko ke-ba tei to, banto jege se ba taa ke keim-laaro mo, ye ba ke ba tete ba Keiru Wɛ jeŋa ne, o na zege o chega wone to ŋwaane.",https://www.bible.com/bible/3661/1PE.4.KBG
1 PIITA 5,"Wɛ nɔn-kɔgɔ kom taane
1A lage a ta woŋo de abam balo na ye Yezu kɔgɔ kom nakwa to. Amo de ye abam dwoŋi nakwe mo. Amo yi déem nɛ Yezu Krista na yaare ye o daare o te tei to, ye a laam bere nɔɔna o chega kam. Amo wó tɔge a vo a na paare o tei ne, o na wó ba o veere-de jaja to. 2Amo nam kwoori abam balo na ye nakwa to, se á ta‑á nii Wɛ nɔn-kɔgɔ kolo o na ke á jeŋa ne to baŋa ne, ne nayera na nii ba pei baŋa ne tei to. Ko nam dae fefeo ŋwaane mo á jege se á ta‑á nii-ba konto, se ko ye á boboŋa na tɔge totoŋe dem, ne Wɛ na lage tei to mo. Ko dae se á ta‑á toŋe sabu-laga ŋwaane. Á nam pa ko taa ye á yiga na wo totoŋe dem wone to ŋwaane. 3Á yé ta‑á bɛɛse balo á na jege á nii to, se á nam ta‑á ke keim-laaro se ba wane ba taa lwoni á totoŋ-naga na ye tei to. 4Konto to, abam Nayero-pɛ wom ná jwoori o ba se nabiina na‑o, o laam wó pa á jwoŋi pɛɛre delo lam na bá fɔge de ti ye de jege nenɔŋa se á ma á ke teera lanyerane.
5Ko woli da, abam balo na ye nɔn-donno to jege se á ta‑á sɛ á pa á nakwa bam mo. Ko nam maŋe se abam maama ta‑á tu á tete mo á pa daane, se á ta‑á wae á woli daane. Kokuri ko popone we:
“Wɛ vae balo na pae ba tete kamunni to,
ye o zaane wo balo na tu ba tete to yuu ne.”
6Konto ŋwaane, ta‑á tu-na á tete, se á ke á tete Wɛ dam-fɔrɔ kom jeŋa ne, se wonto maŋa kam ná tu ka yi, o laam wó zeiŋi abam pa á na zula. 7Lwia yalo maama na jege abam to, se á kwei-ya á pa Wɛ, se wonto mo nii abam baŋa ne.
8Ta‑á yei á tete ni ne, se á fɔge á che á tete. Abam dono setaana pɛ kare o lage chwoŋa se o chɔge abam, nenɛɛne kana na jege nywoŋo ye ko kare ko lage varem se ko zi ko di tei to. 9Nam fɔge á che á tete se á ve‑o, de á na yɔɔre á jege wo-dedoa de Wɛ tei to. Kokuri, á yei we yaara yam konto dwoŋi mo maŋe ya daane á nu-bia bam logo baŋa jei maama ne. 10Abam nam ná yaare ye ko ná ke fenfee, Wɛ laam wó fɔge o kwɛ abam. Wonto jege zaane delo maama na zeini nabiina to, ye o kuri abam se á tɔge á ta‑á jege paare o tei ne se ko taa vei wuu, á na me de Yezu Krista to ŋwaane. O maa wó fɔge abam de dam se á ta‑á zege lanyerane. 11Wɛ jege dam maŋa maama se ko taa vei wuu. Ameena.
12Amo na popone tɔnɔ kom a pa abam to, ko ye Silas mo woli-ne. Wonto maa ye dé nu-bu wolo amo na yei o wo to. Amo popone taane dento fenfee mo se a ma pa abam na baare, se a daare a pa á lɔre we, chega kalo á na sɛ to mo zege Wɛ zaane delo na ye chekke to baŋa ne. Nam fɔge-na á ta‑á jege chega kam konto.
13Wɛ kɔgɔ kolo na wo Babilon ne ye Wɛ kuri-ba se á ta‑á ye nu-bia daane to jɔɔne abam. Maake wolo na ye amo bu Wɛ chwoŋa kam ŋwaane to de jɔɔne abam. 14Á ná jeeri daane, se á ta‑á kukwori daane de swono.
Abam balo maama na ye Yezu Krista nyem to, Wɛ wó pa abam yazura.",https://www.bible.com/bible/3661/1PE.5.KBG
2 PIITA 1,"1Amo Simon Piita mo popone tɔnɔ konto. Amo ye Yezu Krista kabaa mo, ye a kwori a ye o totoŋa nakwe. Amo popone a pa abam balo Wɛ na pɛ se á jege wo-dedoa de Yezu Krista, ko maŋe de debam de na jege tei ye ko jege lonne ko pae debam to. Wonto mo ye debam Tu Wɛ, ye o ta ye debam Vereno. O na yɔɔre o zege o chega wone to mo pɛ dé sɛ‑o konto.
2Wɛ wó pa abam zaane de yazura se ko gaale, de á na tu á lɔre o chega kam, ye á ta kwori á lɔre dé Teiru Yezu chega kam to.
Wɛ na bwoŋi debam se dé taa tɔge‑o tei to
3Yezu Krista tɔge Wɛ dam ŋwaane o pa debam woŋo kolo maama na wó fɔge dé ŋwe-doŋa kam dedaane dé Wɛ chwoŋa tɔgem to. O fɔgem dem konto tɔge dé na tu dé lɔre Baŋa Wɛ chega kam tei to. Wonto maa ye wolo na bwoŋi debam se dé tɔge dé na o tete nenɔŋ-fɔrɔ de o zaane dem to mo. 4O ma tɔge o zeinim dem konto baŋa ne mo o pa debam wo-laaro telo na tiini te jege kuri ye o pwooli se o kwei-te o pa debam to. O zeini abam konto se o pa á wane á lu logo baŋa wo-zɔɔna yalo na soge nɔɔna boboŋa pa ya chɔge to wone, se á daare á ta‑á jege Wɛ ŋwea kam á bochara ne.
5Konto ŋwaane, kwaane-na lanyerane se á pa nɔn-ŋonne tɔge de woli de á wo-dedoa kam á na maŋe á jege to,
se á woli yeino á nɔn-ŋonne dem wone,
6se á woli ban-peno á yeino kom wone,
se á woli pu-dɛa á ban-peno kom wone,
se á pa Wɛ kɔrɔ woli de á pu-dɛa kam,
7se á daare á ta‑á jege á nu-bia ŋwaŋa
á woli de á Wɛ kɔrɔ kom,
se á daare á ta‑á jege nɔɔna swono
á woli á na jege da-ŋwaŋa to wone.
8Abam ná seene á jege wo-laaro tem konto se te gaale, te wó che abam se á yé ta‑á ye jawɔre-nyena. Te ta pae á dae kafɛ Wɛ chwoŋa wone de á na tu á lɔre dé Teiru Yezu Krista chega kam to. 9Wo-laaro tem konto nam ná tera nɔɔno wolo tei ne, konto tu ware o lɔre Wɛ chega kam, nenɛɛne nɔɔno wolo yia na ba nae chekke to. O ma swei we, o déem na ke wɛleera yalo to maŋe ya saare.
10Konto ŋwaane, a nu-bia bam, Wɛ na bwoŋi abam se á ba á ta‑á tɔge‑o to, seene-na á yia se á kwaane se ko pa á na tɔge‑o tei to tiini ko ja kuri lanyerane. Á ná kwaane á ke konto dwoŋi, á daa bá sa Wɛ chwoŋa wone. 11Ko woli da, Wɛ wó tɔge o zaane dem ŋwaane o yage chwoŋa o pa abam se á na jeiŋa jei Yezu Krista paare dem wone. Wonto maa ye dé Teiru de dé Vereno, ye o paare dem ba jege kweelim maŋa de maŋa.
12Mo kokuri amo boŋe se a taa pae abam ta‑á guli wo-laaro tem konto gula maŋa maama. Abam nam maŋe á yei-te, ye á seene á tɔge chega kalo á na lɔre to. 13Amo nam boŋe we ko lana se, amo ta ná wora logo baŋa ne, se a taa guli abam konto dwoŋi, se ko pa á ta‑á jege te jawala. 14Amo yei we ko bá dáane ye a te, nenɛɛne dé Teiru Yezu Krista na pɛ a lɔre tei to. 15Amo nam wó kwaane a ke woŋo kolo na wó pa se á ta‑á wae á guli wonnu tem konto gula maŋa maama ye amo daa bá taa wora logo baŋa ne.
Dé na lɔre Yezu chega kam tei to
16Debam déem pɛ se á lɔre chega kalo na vei dé Teiru Yezu dam dem seeni de o tutuuri dem seeni to. Dé na pɛ se á lɔre o chega kam konto to, ko dae sensɔle mo dé mɛ dé bere abam, ne nɔɔna na mae ba tete swa ba bere tei to. Debam tete yi nam mo nɛ Yezu na jege Wɛ paare dem chekke to. 17Dé ma na o na jwoŋi zula dé Kwo Wɛ tei ne maŋa kalo kwora na ŋɔɔne Baŋa Wɛ paare jeiga kam ne ka ta ded‑o ka we:
“Amo Bu mo tento ye a swoi‑o.
O kikia su amo yi.”
18Debam tete nigi kwora kam konto na ŋɔɔne telaao ne ka ba debam tei, maŋa kalo debam de Yezu déem na wo peo kolo Wɛ na pɔɔre o pa o tete to yuu ne.
19Ko woli da, dé yɔɔre dé yei we, taane delo Wɛ sampwori sem na bere faŋa faŋa to seene de ye chega de dwoi maama. Ko maŋe se á ta‑á maane á nii Wɛ tɔnɔ berem dem na ye tei ye de nye de kanea ba na tɔre ba zege lim jei ne ye ka pae pwooni to mo. Berem dem konto wó woli nɔɔna se ko vo ko yi te-pora ye dé Teiru wom jwoori o ba. Wonto pwooni dem laam wó ba de taa wo á bochara ne, ne naŋɔgɔ na fuŋi te-pora ne tei to. 20Kolo na ye wo-chɛɔ se á ta‑á yei to mo tento: Nɔɔna déem na pɛ se Wɛ kwora kam ba ka lɔre jaja ye ba taane dem popone Wɛ tɔnɔ kom ne to, ko dae we ba tete mo bere Wɛ chega kam konto. 21Kokuri, ko ná ye Wɛ kwora kam na tu ka lɔre tei to, konto déem wo tɔge de nabiina boboŋa na lage tei. Ko nam ye Wɛ Sin-laao kom mo zeini nɔɔna pa ba wae ba ŋɔɔne Wɛ tete kwora kam.",https://www.bible.com/bible/3661/2PE.1.KBG
2 PIITA 2,"Vwa berena taane
1Faŋa faŋa to nɔɔna déem mo wora Wɛ nɔɔna bam wone ba na bere we ba ye Wɛ sampwori ye ba dae. Abam de wone berena wó taa wora ye ba ba jege chega. Banto wó ŋɔ ba zo abam wone ye ba ke swa ba bere berem delo na dae Wɛ nyem ye de chɔge nɔɔna to. Banto maa yeini ba ve ba Yuu-tu Yezu, ye o ye wolo na ŋwe ba wɛleera jene to mo. Konto ŋwaane ba kikia yam wó pa se Wɛ chɔge-ba lela. 2Nɔɔna dedɛ nam wó sɛ ba na bere kolo to, ye ba daare ba ke ba wo-digiru kikia yam dwoŋi. Ba na ke wonnu telo to wó pa se nɔɔna taa yaale Wɛ berem delo na ye chega to. 3Ni-gane-nyena bam konto na ye nɔn-kwollu to, ba wó kwaane se ba na nyɔɔre abam baŋa ne de ba na jege taane delo na ye tusim yerane to ba bere abam. Faŋa faŋa to, Wɛ maŋe o ti o yiga se o di banto taane, ye waarem wó ba ba baŋa lela.
4Ko nam ná ye malese selo déem na tusi to, Wɛ wo duri se ŋwaŋa. O nam de-se o yage te-seŋa ne mo. O ma pe-se bɔɔna wone mɛ na ye lim yerane to, se se taa wora taa se ko taa vei o borem dɛ dem o na wó chɔge-se to. 5Ko woli da, ko ná ye logo baŋa déem na ye tei faŋa faŋa ye nɔɔna ve Wɛ to, Wɛ déem wo duri banto ŋwaŋa. Ko maa ye Noah yerane mo Wɛ jwoŋi o ŋwea, ko woli de o diga tiina barepɛ bam, de wonto na tɔɔle Wɛ chega kam o bere nɔɔna tei to. Wɛ ma daare o chɔge balo na ve o ni to, ye o pa se doa tiini ka ne ka lim logo kom ye ba maama nyɔ na ba te.
6Ko daa ta ná ye nɔɔna balo déem na zoore Sodom de Gomora ne to, Wɛ pɛ se mini di ba jei sem de daare tentwarem yerane, se ko bere we ba ba jege bora. O chɔge-ba konto se ko taa ye maana mo ko pae balo maama na boŋe se ba ve o ni to. 7O ma daare o vere Lot ba wone o yage. Wonto déem mo sɛ Wɛ chega kam ye o wo tiini ko chɔge de puseŋ-nyena na ke wo-digiru kikia tei to. 8O na ye nɔn-ŋom ye o zoore de-ba to, o ma na ba keim-lwanno tem maama ye o ta kwori o ni ba ni-botare sem. Ko maa tiini ko jege o boboŋa ko daana de ba na toŋe ba chɔge Wɛ nia yam tei to.
9Ko maama bere we, Baŋa Wɛ wae o jwoŋi balo na sɛ‑o to o yage se ba yé na cham delo na maŋe-ba to. Ko nam ná ye balo na ve‑o to, o wae o peene-ba de waarem se ko vo ko yi o borem dɛ dem o na wó chɔge-ba de wone to. 10Ko ta ná ye balo yera na maŋe de wo-zɔɔna kikia, de balo na ba kɔre nɔɔn-nɔɔno dam to, Wɛ wó waare banto ko ja gaale.
Ni-gane-nyena bam na wo á wone to de ye konto mo. Ba ba kɔre chaveera ye ba ta ba nege nɔɔn-nɔɔno. Ba maa yeini ba ŋɔɔne ba yaale dedɛɛra balo na jege paare Wɛ tei ne to. 11Wɛ malese sem tete nam jege dam se dwoi ni-gane-nyena bam, ye se nam ba sɛ se ŋɔɔne se yaale wɛyuu dedɛɛra bam dé Teiru wom yiga ne. 12Ni-gane-nyena bam nam yeini ba ŋɔɔne ba yaale woŋo kolo maama ba na yeiri ko kuri to mo. Ba na ke wo-yɔɔro telo to, ba maa nye de ga-vara mo ye ba ba jege boboŋa. Ba na loge-ba to, ko ye se nɔɔna ja-ba ba go mo. Nɔɔna bam konto wó na chɔgem ne ga-vara bam tei. 13Wɛ wó chɔge-ba se ko maŋe de ba tete na chɔge nɔɔna tei to. Wonnu telo na pae se ba na ywoni to mo ye kachaare kikia yalo ba na paale ba ke jaja to. Ba maa tɔge de abam ba di wodiu kolo á na yeini á la daane se á di to, ye ba gane abam de ba na ke kachaare kikia á wone to. Ba na ye nɔn-digiru to ma pae se ba chɔge abam lam, nenɛɛne sambinnu na dwei wo-napwoŋo tei to. 14Banto yi maa sui ka-laga yerane mo. Ba maa ba jege siu de wo-balwaaro kikia, ye ba soge balo boboŋa na bwona to se ba de tusa. Ba maa ye nɔn-kwollu ye ba me de konto. Wɛ wó sɔɔle lwarem o yage ba yuu ne. 15Banto ma tusi ye ba daare ba ve chwo-laao tɔgem. Ba maa ke kikia yalo dwoŋi Beyora bu Balaam déem na ke to. O yi déem ma su nyɔɔre delo o na wó na o keim-balwaaro tem baŋa ne to. 16O na ve Wɛ ni to, Wɛ ma bwɛ‑o. Wɛ ma pa se varem na ba ŋɔɔne to mo ŋɔɔne de nabiinu kwora. O tete bonaga mo ŋɔɔne ka bwɛ‑o konto, se ko che Wɛ sampwora kam de jworim delo o na boŋe se o ke to.
17Nɔɔna bam konto maa ba jege nyɔɔre, ne buli-yi delo na na ba buri tei to mo. Ba ta maa nye de kunkwonnu telo vo-fɔrɔ na kale pa te jage to. Wɛ maa jege jei selo na tiini se ye lim yerane to se o ke-ba da. 18Ba maa tiini ba ŋɔɔne wo-kenkagela yalo na ba jege bu to. Ba maa yeini ba soge balo na bobo se ba pɔɔre ba tete de nɔɔna balo na tɔge tusim to. Ba maa mae wo-zɔɔna yalo nabiina yera na lage to mo ba soge-ba se ba ke wo-digiru kikia. 19Ba maa bere we kolokolo tera ko na wó che ba yiga. Balo tete na bere konto to nam nye de kabɛ mo, ba totoŋ-zɔɔna yam na wane-ba to ŋwaane. Kokuri, woŋo kolo maama na tu nɔɔno baŋa ko wane‑o to mo pae o ye kabaa ko tei ne. 20Nɔɔna ná tu ba lɔre Yezu Krista wolo na ye debam Teiru de de Vereno to chega kam, ko wó pa se ba lu logo baŋa wo-zɔɔna yam wone. Ba laam ná pipiri ba sɛ-ya ye ya jwoori ya wane-ba, ko kweelim jei ne ko wó taa ye lɛɛro mo ko pa banto se ko dwoni boboa kam ne. 21Kolo ŋwaane, ba ya ná wo lɔre Wɛ chega tɔgem chwoŋa kam, ko ya wó taa lana ko pa-ba ko dwoi ba ná tu ba lɔre-ka ye ba laam pipiri ba za ba boboŋa de Wɛ ni delo o na pɛ-ba se ba taa tɔge to. 22Ko na ke banto tei to nye de sinseira kadwoŋi ye ka bere chega ka we:
“Kukura jwoori ka di ka tetwanno.”
Sinseira kadwoŋi ta we:
“Nmo ná jaane teiri n swɛ de yera,
de nam ta wó jwoori de bibili bworu wone mo.”",https://www.bible.com/bible/3661/2PE.2.KBG
2 PIITA 3,"Dé Teiru wom tutuuri dem taane
1Amo badwoŋ-swonnu bam, tɔnɔ konto amo na popone a pa abam to laam ke telei mo. Twanno tem maama wone amo kwaane se a guli abam de Wɛ chega kam, se ko pa á ta‑á jege boboŋ-laaro. 2Ko maa ye se á guli faŋa faŋa Wɛ sampwori sem na maŋe ba bere taane delo to gula, se á daare á guli dé Teiru Yezu na ye dé Vereno to ni dem, ne o na pɛ o totoŋa nakwa badwonna ba ba bere abam tei to.
3Kolo na ye wo-chɛɔ se á ta‑á yei to mo tento: Logo baŋa kweelim da yam ne nɔɔna badwonna wó taa wora ba na yaale Wɛ chega kam. Banto wó taa tɔge wo-yɔɔro telo ba tete boboŋa na lage to mo, ye ba jege abam ba mɔna ba we, 4“Wɛ pwooli we o Bu wom ta wó jwoori o ba logo baŋa. O nam ta wo tu. Bɛ mo kea ye o dáane konto? Dé kwoa maŋe ba te, ye wonnu maama ta ye te na maŋe te ye tei ye Wɛ bobo o ke logo baŋa to mo.”
5Ba nam na tɛ konto to ye ba paale ba swei we, Wɛ déem maŋe o chɔge faŋa faŋa logo kom mo. Ba swei we wɛyuu de tega baŋa maŋe te wora faŋa faŋa ye Wɛ ni dem mo pɛ te wora konto. Ko ye na mo Wɛ déem mɛ o ke logo baŋa, ye o daare o tɔge na bam ŋwaane mo o pa logo kom wora. 6Ko ta maa ye na mo Wɛ déem mɛ o chɔge faŋa faŋa logo kom, de o na pɛ se doa ne ka lini-ko to. 7Ko ta ye Wɛ ni dem konto mo pae wɛyuu de tega baŋa wora de zem maama, ye Wɛ nii te baŋa ne se ko taa vei maŋa kam o na wó pa se mini chɔge-te to. Konto maa wó taa ye dɛ dem Wɛ na wó di nabiina taane se o daare o chɔge balo na ve‑o to mo.
8A badwoŋ-swonnu bam, yé zaŋe-na á swei woŋo konto ni ne we, ko ná ye Baŋa Wɛ, dɛ dedwe de bena moro maama ye bedwe mo wonto tei ne. Bena moro maa ye dɛ dedoa mo Wɛ tei ne. 9Nɔɔna badaara boŋe we dé Teiru wom dáane ye o wo tu. Wɛ nam ba wuura de o na pwooli se o ke kolo to. O nam peene o bane mo de abam, kolo ŋwaane o ba lage se nɔɔn-nɔɔno na chɔgem, ye o lage se nɔɔna maama mo na chwoŋa ba leiri ba wo de ba tusim kikia yam. 10Dé Teiru Yezu tutuuri dɛ dem nam wó pɔpɔ de ba mo, ne ŋweeno na yeini o pɔpɔ o ba to. Dɛ dem konto ne wura dedɛ wó taa wora wɛyuu ne, ye wɛyuu kom ba ko jei maama. Ko daare mini mo wó di wonnu telo woŋo maama kuri na nwoŋi da to de ja chɔge, pa se logo baŋa de ko wonnu tem maama daa bá taa wora.
11Wonnu tento maama na lage te ba te chɔge konto to, ko maŋe se abam ta‑á ye tɛ mo leile? Abam jege se á ta‑á kɔre Wɛ mo ye á daare á tɔge o boboŋa yam á ŋwea wone. 12Abam nam na cheigi dɛ dem Wɛ na wó pa se Yezu jwoori o ba to, se á kwaane á ta‑á ke kolo na wó pa se dɛ dem ba lela to. Dɛ dem konto ná yia, mini mo wó di wɛyuu wonnu maama de ja chɔge, pa se woŋo maama de ko kuri lone ye te nyeene te chɔge. 13Debam nam jege teena se dé na wo-donno telo Wɛ na pwooli se o ke to. Tento maa ye wɛyuu de tega baŋa o na wó fɔge o ke to mo, ye chega kam wó yɔɔre ka taa toŋa jei sem konto ne.
14Konto ŋwaane a badwoŋ-swonnu bam, á na wora á cheigi wonnu tem konto se te ba te ke to, se á seene á yia á pa á bochara tiini ya taa lana de Wɛ, se ko yé pa o na tusim á tei ne. Konto to, dɛ dem ná yia, kolokolo bá taa wora ko na wó che abam de Wɛ daane. 15Dé Teiru wom nam na peene o bane se ko dáane to, se á pa ko taa ye chwoŋa kalo o na lage o ma o jwoŋi abam o yage to. Debam nu-bu-swono Pɔɔl maŋe o popone konto dwoŋi mo o pa abam, ne Wɛ na zeini‑o de boboŋ-dɛɛra tei to. 16O na popone twanno telo maama ye o bere wonnu tento chega kam to, o yeini o tɛ konto dwoŋi te wone. Wonnu tedwonna o na popone to nam dana se nɔɔna wane ba ni te kuri, pa se balo boboŋa na bwona ye ba yeiri Wɛ chega kam lanyerane to maa jege o berem dem konto ba pipira. Banto maa yeini ba pipiri Wɛ tɔnɔ jei sedaara de na bere kolo to, pa se chɔgem ba ba tete ŋwea wone.
17Ko nam ná ye abam, a badwoŋ-swonnu bam, á maŋe á yei ko na wó ba ko taa ye tei to. Konto ŋwaane, ta‑á cho-na á tete se á yé pa puseŋ-nyena na chwoŋa ba de abam ba tusim dem wone, se ko wó pa á daa ba jege zega jei Wɛ chega kam seeni. 18Abam nɛ fɔgem de Yezu Krista zaane dem ye á lɔre o chega kam lanyerane. Nam pa-na se á boboŋa kweere konto baŋa ne.
Yezu Krista maa ye debam Teiru de dé Vereno. Wonto maŋe de teem leile konto se ko taa vei wuu. Ameena.",https://www.bible.com/bible/3661/2PE.3.KBG
1 JƆN 1,"Ŋwea Botara
1Debam popone tɔnɔ konto se dé pa á lɔre wolo na maŋe o wora boboa ne to. Debam nam seene dé ni o kwora mo, ye dé kwori dé na o yibia. Dé fɔge dé nii‑o ye dé tiini dé me ded‑o. Ko ye ŋwea botara taane mo dé lage dé ta. 2Ŋwea kam konto nam tu ka ba ka nae de yia. Dé ma na-ka, ye dé lage dé maŋe ka na ye tei to dé bere abam. Wɛ ŋwe-doŋa kalo na ba ti to taane mo dé lage dé ta. Ŋwea kam konto ya wo debam Kwo Wɛ tei ne mo, ye o laam pa se dé ba dé lɔre-ka. 3Dé na nɛ kolo ye dé kwori dé ni to mo dé lage dé ta dé bere abam, se ko pa abam wane á me de debam. Debam nam me de dé Kwo Wɛ de o Bu Yezu Krista.
4Dé popone wonnu tem konto dé bere abam, se ko pa dé tiini dé di ywoni abam ŋwaane.
Baŋa Wɛ ye pwooni tu
5Kwora kam dé na nigi Wɛ Bu Yezu ni ne ye dé lage dé ta dé bere abam to mo tento: Baŋa Wɛ ye pwooni yerane mo, ye lim tera o wone de fenfee de. 6Dé ná tɛ dé we, dé me ded‑o, ye dé ta ná wo lim wone dé beera, ko bere we dé fɔ vwa mo, ye dé kikia ba tɔge chega chwoŋa kam. 7Ko daare dé ná jege dé ŋwea dé wo pwooni wone, ne Wɛ na wo pwooni wone tei to, konto wó pa debam maama me daane, ye Wɛ wó saare dé wɛleera maama o Bu Yezu toone jana bam ŋwaane.
8Dé nam ná tɛ dé we, dé ba jege wɛleera, dé gane dé tete, ye chega tera dé tei ne. 9Dé nam ná sɛ dé ŋɔɔne dé wɛleera yam dé bere Wɛ ye dé chuli-ya, o laam wó yage-ya o ma chɛ debam, ye o daare o saare dé tusim kikia maama, o na zege o chega wone ye o ba kwane o ni to ŋwaane. 10Ko daare, dé ná tɛ dé we, dé wo ke wɛleere, dé pae se Wɛ mo ye vwa-nyem. Ko bere we dé seene dé wo jwoŋi o ni taane dem dé ke dé boboŋa ne.",https://www.bible.com/bible/3661/1JN.1.KBG
1 JƆN 2,"Yezu zege nabiina de Wɛ laŋa ne
1A bia bam, amo popone tɔnɔ konto a pa abam se á yé ta‑á ke wɛleere mo. Debam wolo nam ná ke wɛleere, dé jege wolo na wó zege debam de dé Kwo Wɛ laŋa ne o fɔge debam to. Wonto mo ye Yezu Krista na yɔɔre o ye chega tu to. 2Wonto toone dem ŋwaane mo Wɛ saare debam wɛleera, ye ko nam dae debam wɛleera yerane, se ko ye de logo baŋa nɔɔna maama wɛleera mo.
3Dé na wó ke tei se dé lɔre we dé seene dé me de Wɛ to ye dé ná sɛ dé tɔge o nia mo. 4Nɔɔno nam ná tɛ o we omo yei Wɛ, ye o ná ba toŋe o tɔge Wɛ nia yam, konto tu ye vwa-nyem mo, ye chega tera o tei ne. 5Ko daare nɔɔno wolo nam ná sɛ Wɛ ni taane, konto tu ye wolo na tiini o bere Wɛ swono kom chekke to mo. Dé ná tɔge Wɛ nia tei to mo wó pa dé lɔre we, dé seene dé wo o jeŋa ne. 6Nɔɔno wolo nam ná tɛ o we, o me de Wɛ, konto tu jege se o taa tɔge Yezu nɛ-bwora na ye tei to mo.
Wɛ ni-doore dem na bere tei to
7A badwoŋ-swonnu bam, ni delo amo na popone se a pa abam to dae ni-doore. Ni dem nam maŋe de ye ni-dwoori mo, ye de maŋe de wora abam tei ne boboa ne. Ni dem konto ye taane delo abam na maŋe á ni to mo. 8Ko daare, de daa ta ye ni-doore mo, kolo ŋwaane Yezu mo pɛ de ji chega, ye de kwori de ji chega abam de tei ne. De maa nye de lim na wora de kɛa, ye pwooni delo na ye chekke to laam maa wora de nyea.
9Nɔɔno wolo maama ná tɛ o we, omo wo pwooni wone de o ŋwea, ye o ta ná chuli o dwonna, konto tu ta wo lim wone mo de zem maama. 10Ko daare nɔɔno wolo nam ná swoi o dwonna, konto tu mo zoore pwooni wone. Kolokolo tera ko na wó wane ko pa se o to tusim wone. 11Nɔɔno wolo nam na chuli o dwonna to wo lim wone mo. O maa kare o beera lim dem wone, ye o yeiri o na wó vo mɛ to, kokuri lim dem mo pɛ se o yia daa ba nae.
12A bia bam, amo popone tɔnɔ kom a pa abam, se á lɔre we Wɛ yage á wɛleera o ma chɛ abam Yezu yere ŋwaane.
13A kwoa bam, amo popone a pa abam, á na maŋe á yei wolo wom na maŋe o wora boboa ne to ŋwaane.
Nɔn-donno tem, amo popone a pa abam, á na wane wo-lwanno tu setaane to ŋwaane.
14A bu-swonnu tem, amo popone a pa abam, kolo ŋwaane abam maŋe á yei dé Kwo Wɛ.
A kwoa bam, amo popone a pa abam, á na maŋe á yei wolo wom na maŋe o wora boboa ne to ŋwaane.
Nɔn-donno tem, amo popone a pa abam, abam na jege pu-dɛa to ŋwaane. Á maa jege Wɛ ni taane dem á boboŋa ne, ye á wane wo-lwanno tu setaane.
15Yé zaŋe-na á ta‑á swoi logo baŋa de ko wo-yɔɔro tem. Nɔɔno wolo ná swoi logo baŋa wo-yɔɔro tem, konto tu daa ba jege dé Kwo Wɛ swono. 16Kolo ŋwaane logo baŋa wo-yɔɔro tem maama, ko ná ye nabiina fera na yeini ya zoore wo-zɔɔna yalo to, de nabiina yia na yeini ya su wonnu telo to, naa nabiina na mage ba nyɔɔna de ba jejegero tei to, tento maama dae dé Kwo Wɛ nyem, se te kuri nam nwoŋi logo baŋa ne mo. 17Logo baŋa de ko wo-yɔɔro telo maama nabiina fera na zoore to lage te jei mo. Ko daare wolo nam na ke kolo Wɛ boboŋa na lage to wó taa wora taa, se ko taa vei wuu.
Yezu Krista Dono wom taane
18A bia bam, logo baŋa kweelim da yam yi ya ti. Abam maŋe á ni we Yezu Krista Dono wom maa beena. Ko na ye tei to, Yezu dona dedɛ mo maŋe ba wora. Ko ma pa dé yei we da yam konto yi ya ti. 19Dona bam konto pwɛ ba tete debam kɔgɔ kom wone, ye ba maŋe ba dae debam kɔgɔ kom nyem. Ba ya ná ye debam kɔgɔ kom nyem, ba ya bá yage debam tei. Ba nam na pwɛ ba tete konto to, ko bere lanyerane we banto wolowolo tɔge o dae debam kɔgɔ kom nyem.
20Ko nam ná ye abam, á maŋe á na zeinim Wo-pwoŋo Tu wom tei ne, pa se á maama lɔre Wɛ chega kam. 21Konto to, amo na popone a pa abam to, ko dae we á na yeiri chega kam to ŋwaane. Woŋo kolo ŋwaane a na popone to ye á na maŋe á yei kolo na ye chega, ye á yei we vwa de chega ba tɔge daane to mo.
22Ko nam ná ye wolo na seene o ye vwa-nyem to, o ye wolo na tɛ we, Yezu dae Vereno wolo Wɛ na toŋe to. Konto tu maa ye Yezu Krista dono mo, ye o ve dé Kwo Wɛ de o Bu wom de. 23Wolo maama nam ná ve Wɛ Bu wom, o Kwo Wɛ de tere konto tu tei ne. Ko daare wolo maama ná bere we o sɛ Wɛ Bu wom, o Kwo Wɛ de wora konto tu tei ne.
24Ta‑á yei-na se á ta‑á tɔge berem delo á na maŋe á ni boboa ne to, se á fɔge á ta‑á jege-de á boboŋa ne. Á ta ná yɔɔre á tɔge berem dem konto, ko wó pa se abam de Wɛ Bu wom me daane, de o Kwo Wɛ de. 25Mo Wɛ Bu wom na pwooli se o pa debam kolo, ye ko ye Wɛ ŋwe-doŋa kalo na ba jege kweelim to.
26Nii-na, amo popone wonnu tem konto a pa abam, se á wane á lɔŋe balo na lage ba gane abam to mo. 27Ko nam ná ye abam, zeinim delo á na jwoŋi Wɛ Bu wom tei ne to ta wora abam tei ne. Á daa ba jege se nɔɔn-nɔɔno zaŋe o bere abam á na wó tɔge chega tei to. Wɛ Bu wom na zeini abam to, ko ye se á lɔre wonnu maama mo. O berem dem ye chega mo ye de dae vwa. Konto to, me-na ded‑o, nenɛɛne o na bere abam se á ta‑á ye tei to.
28A bia bam, pa-na dé me de Wɛ Bu Yezu Krista. Konto mo dé wó na baare o yiga ne maŋa kam o na wó jwoori o nwoŋi nabiina yiga ne to, ye chaveera bá ja debam. 29Abam yei we wonto mo ye chega tu, ye ko pa á lɔre we wolo maama kikia na tɔge chega to seene o ye Wɛ bu mo.",https://www.bible.com/bible/3661/1JN.2.KBG
1 JƆN 3,"Wɛ na pɛ se de ji o bia tei to
1Boŋe-na á nii dé Kwo Wɛ na tiini o swoi debam tei to. Ba ma debam ba bwoi we Wɛ bia. Dé nam seene dé ye konto mo. Nɔɔna balo na ye logo baŋa nyem to yiga nam tera de debam, ba na yeiri Wɛ to ŋwaane.
2A badwoŋ-swonnu bam, debam laam ye Wɛ bia mo, ye dé ta wo lɔre jaja dé na wó taa ye tei to. Dé nam yei we, Yezu na wó jwoori o nwoŋi nabiina yiga ne maŋa kalo to, dé wó ba dé taa nye ded‑o mo, dé na wó yɔɔre dé na o yibia to ŋwaane. 3Wolo maama na daŋe o teena Wɛ baŋa ne tento dwoŋi to jege se o che o tete de wo-digiru maama mo, nenɛɛne Yezu na ye tei ye o ba jege digiru to.
4Wolo maama na yeini o ke wɛleera to paale o chɔge Wɛ ni dem mo. Wɛleera keim de Wɛ ni chɔgem ye bedwe mo. 5Abam yei we, Yezu déem na jigi nabiinu o ba logo baŋa to, ko ye se o saare nabiina wɛleera mo o yage. Wonto nam ba jege wɛleere kɔtaa. 6Konto to, wolo maama na me ded‑o to ba tɔge wɛleera keim. Wolo maama nam na yeini o ke wɛleera to maŋe o wo lɔre‑o, ye o wo me ded‑o.
7A bia bam, yé pa-na se nɔɔn-nɔɔno na chwoŋa o gane abam. Wolo maama kikia na tɔge chega to mo jege chega Wɛ tei ne, ne Yezu de na jege chega tei to. 8Ko daare wolo maama nam na tɔge wɛleera keim to bere we o ye setaane nyem mo, kolo ŋwaane setaana pɛ wom maŋe o yɔɔre o tɔge wɛleera chwoŋa mo ko zege boboa ne. Wɛ Bu wom nam tu logo baŋa se o chɔge setaana pɛ wom kikia yam mo. 9Wolo maama na seene o ye Wɛ bu to ba tɔge wɛleera keim, kolo ŋwaane Wɛ ŋwea mo wo o bochare ne. Konto to, o daa bá wane o tɔge wɛleera keim, o na ye Wɛ bu to ŋwaane. 10Konto mo dé wó wane dé pɔɔre balo na ye Wɛ bia to de balo na ye setaane bia to daane. Wolo maama kikia na ba tɔge chega to dae Wɛ nyem, ko woli de wolo de na ba jege o dwonna swono to.
11Ko ye chega, dé jege se dé taa swoi daane mo. Konto ye Wɛ kwora kalo abam na maŋe á ni boboa ne to. 12Dé nam ba jege se dé ke nenɛɛne Kain déem na ke kolo faŋa faŋa to. Wonto déem ye wo-lwanno tu setaane jeŋa nɔɔno mo. O ma mage o nyaane o go. O déem ke konto kolo ŋwaane o tete kikia mo ye wo-lwanno, ye o nyaane wom kikia yɔɔre ya tɔge chega.
Wɛ swono kom taane
13A nu-bia bam, balo na jege kugu jei logo baŋa ne to ná chuli abam, yé pa-na ko kagele abam. 14Ko ná ye debam, dé yei we dé maŋe dé yage toone chwoŋa kam, ye dé daare dé tɔge Wɛ ŋwe-doŋa chwoŋa kam mo. Dé na swoi dé dwonna tei to mo pae dé lɔre konto. Wolo maama nam na ba swoi o dwonna to ta wo toone jeŋa ne mo. 15Wolo maama na chuli o dwonna to nye de nɔn-goro mo. Abam yei we nɔn-goro tera o na wó wane o taa jege Wɛ ŋwe-doŋa kam o bochare ne.
16Yezu na tiini o swoi debam tei to mo tei o sɛ se o te debam ŋwaane. Konto ma pa dé lɔre swono chekke na ye tei to. Mo kokuri ko maŋe se debam de sɛ se dé te, se dé wane dé jwoŋi dé dwonna ŋwea. 17Nɔɔno wolo maama na ye jejegero tu to ná lɔre we o dwoŋi ba gara, ye kotu ná wo pɛ se o ŋwaŋa zo‑o, ko bere we Wɛ swono kom tera o bochare ne.
18A bia bam, dé kikia mo jege se ya bere we, dé swono kom dé na jege to dae ni taane yerane, se ko ye swono kolo na seene ko tɔge chega to mo.
19-20Dé ná jege swono kom konto dwoŋi, ko wó pa se dé lɔre we, dé seene dé tɔge chega chwoŋa kam. Konto to, dé bochara ná pɛ dé lɔre we dé ke woŋo dé tusi, dé nam bá taa kɔre foone Wɛ yiga ne, kolo ŋwaane dé yei we Wɛ daga o dwoi dé bochara yam na ye tei to, de o na yei wonnu maama to.
21A badwoŋ-swonnu bam, debam bochara na bá wane ya chɔge debam to, dé wó taa jege baare se dé taa ye de Wɛ. 22Ko woli da, dé wó seene dé na woŋo kolo maama dé na wó lwoori o tei ne to, dé na tɔge o nia ye dé ke kolo na pwoli o wo to ŋwaane. 23Wɛ ni dem mo tento: dé jege se dé ke dé wo-dedoa de o Bu Yezu Krista, se dé kwori dé taa swoi daane, nenɛɛne wonto na pɛ debam ni se dé taa ke tei to. 24Wolo maama na tɔge Wɛ nia yam to me ded‑o mo, ye Wɛ wo o tei ne. Wɛ Sin-laao kom o na pɛ debam to mo pae se dé lɔre we, Wɛ seene o wo debam tei ne.",https://www.bible.com/bible/3661/1JN.3.KBG
1 JƆN 4,"Dé na wó lɔre nɔɔna daane tei to
1A badwoŋ-swonnu bam, yé zaŋe-na á sɛ nɔɔno wolo maama na tɛ o we, Wɛ Sin-laao kom wo o tei ne to. Á nam jege se á faŋe á nii se á lɔre ko ye Wɛ Sin-laao kom mo, naa jworo kodwoŋi mo, kolo ŋwaane nɔɔna dedɛ balo na pae ba ye Wɛ sampwori to tu ba kare logo baŋa ne mo ba gane nɔɔna. 2A lage a bere abam á na wó ke tei se á lɔre we, ko seene ko ye Wɛ Jworo kom naa ko dae. Nɔɔno wolo maama ná sɛ o we, Yezu Krista déem jigi nabiinu o ba logo baŋa, Wɛ Jworo kom wo konto tu tei ne. 3Ko daare nɔɔno wolo maama ná ve Yezu, Wɛ Jworo kom tera konto tu tei ne. Wonto jworo kom nam mo ye Yezu Krista Dono wom nyem. Abam maŋe á lɔre we, Dono wom konto lage o ba logo baŋa. Leile konto o laam maŋe o ba o wora.
4A bia bam, abam ye Wɛ nyem mo. Abam maŋe á wane vwa-nyena bam konto, kolo ŋwaane Wɛ wo abam tei ne, ye wonto dam dwoi dam delo na wo logo baŋa nyena bam tei ne to. 5Vwa-nyena bam konto kugu jei wo logo baŋa ne mo. Konto ŋwaane mo ba na yeini ba ŋɔɔne kolo to nwoŋi logo baŋa ne, ye ko nɔɔna bam yeini ba sɛ banto na tɛ kolo to. 6Ko nam ná ye debam, dé ye Wɛ nyem mo. Wolo maama na me de Wɛ to mo wó sɛ debam na tɛ kolo to. Wolo nam na dae Wɛ nyem to mo ba sɛa. Konto mo dé wó wane dé lɔre jworo kolo na tɛ chega, de kolo na gane nɔɔna to daane.
Da-swono taane
7A badwoŋ-swonnu bam, pa-na dé taa swoi daane, kolo ŋwaane swono nwoŋi Wɛ tei ne mo. Wolo maama ná jege o dwonna swono, konto tu ye Wɛ bu mo, ye o kwori o me de Wɛ. 8Wolo maama nam na ba swoi o dwonna to ta wo me de Wɛ, kolo ŋwaane Wɛ mo ye swono tu. 9Wɛ na jege debam swono tei to mo tu ko bere jaja de o na toŋe o Bu-doa se o ba logo baŋa, se dé wane dé na Wɛ ŋwe-doŋa kam omo ŋwaane to. 10Swono chekke na ye tei to mo tento: Ko dae nenɛɛne debam mo swoi Wɛ, ko ye Wɛ mo swoi debam. Wonto swono kom mo pɛ o toŋe o Bu wom se o ba o te o ma o toone jana bam o saare dé wɛleera.
11A badwoŋ-swonnu bam, Wɛ na tiini o swoi debam konto to, ko maŋe se debam de taa swoi daane mo. 12Nɔɔn-nɔɔno tera o yi na nɛ Baŋa Wɛ. De konto de, dé ná jege da-swono, Wɛ wó me de debam, ye o swono kom wó ji chega debam tei ne.
13Wɛ na pɛ debam o Sin-laao kom to mo pae se dé yei we dé me de Wɛ, ye o wo dé tei ne. 14Debam nɛ we, dé Kwo Wɛ toŋe o Bu wom se o ba logo baŋa o ji nabiina Vereno mo. Debam laam zege chega kam konto kwaga ne mo. 15Wolo maama ná seene o bere we Yezu mo ye Wɛ Bu wom, konto tu bere we Wɛ wo o tei ne, ye wonto me de Wɛ. 16Debam tete lɔre Wɛ na swoi debam tei to, ye dé sɛ o swono kom lanyerane. Wɛ ye swono tu mo. Wolo maama ná swoi swono kikia, konto tu me de Wɛ, ye Wɛ wo o tei ne.
17Wɛ swono kom na jigi chega debam tei ne to, ko ye se dé na baare dɛ dem Wɛ na wó bore nɔɔna bora to. Dé bá kɔre foone, kolo ŋwaane debam ŋwea de Yezu ŋwea maama ye bedwe mo logo baŋa ne. 18Foone bá wane de taa wora swono wone. Swono kolo na ye chekke to mo wó zeili foone pa de viiri. Zwɛ vaŋem mo pae foone wora. Konto to, nɔɔno wolo ná kɔre foone, ko bere we Wɛ swono kom ta wo jigi chega konto tu tei ne.
19Wɛ na dɛ yiga o swoi debam to mo pae dé swoi dé dwonna. 20Nɔɔno wolo ná tɛ o we, omo swoi Wɛ, ye o ta ná chuli o dwonna, konto tu ye vwa-nyem mo. Kolo ŋwaane, nɔɔno wolo yi na nae o dwoŋi ye o ba jege o swono to, konto tu nam bá wane o taa swoi Wɛ wolo o yi na ba nae to. 21Wɛ pɛ debam o ni we, wolo maama na swoi omo to jege se o taa swoi o dwonna de mo.",https://www.bible.com/bible/3661/1JN.4.KBG
1 JƆN 5,"Wɛ Bu wom taane
1Wolo maama ná ke o wo-dedoa o sɛ we Yezu ye Wɛ Dam Tu wom, konto tu ye Wɛ bu mo. Wolo maama nam na swoi kwo to swoi kwo wom na loge bu wolo to de mo. 2Konto mo dé yei we, dé ná swoi Wɛ ye dé kwori dé tɔge o nia yam, dé jege se dé taa swoi o bia de mo. 3Dé na wó taa jege Wɛ swono tei to mo ye se dé taa tɔge o nia yam. O nia yam tɔgem bá taa chana ya pae debam, 4kolo ŋwaane Wɛ bia maama jege dam se ba chɔge logo baŋa wo-lwanno chwei sem. Ko ye debam na ke dé wo-dedoa de Yezu tei to mo wó pa dé na dam dé wane wo-lwanno tem konto. 5Nɔɔn-nɔɔno tera o na wó wane o chɔge logo baŋa wo-lwanno tem, ko ná dae wolo yerane na sɛ we Yezu ye Wɛ Bu wom to.
6Yezu Krista mo ye wolo déem na tu logo baŋa, ye Baŋa Wɛ yɔɔre o bere we o ye omo Bu to. Yezu ma tɔge na baŋa o jwoŋi sɛɛm, ye o daare o tɔge jana baŋa ne o te. Ko maa dae na bam jei yerane mo o dɛ da. Wɛ nam tɔge na bam baŋa dedaane jana bam baŋa mo o bere Yezu chega kam. Wɛ Jworo kom de ma woli da ko bere jaja we, Yezu seene o ye Wɛ Bu wom, Wɛ Jworo kom na ye chega tu to ŋwaane. 7Mo kokuri Wɛ dɛ wonnu tetɔ ŋwaane o zege o Bu wom chega kam kwaga ne. 8Te ye Wɛ Jworo kom, de na bam, de jana bam, ye te maama jege ni dedwe. 9Nabiina ná zege keim dedwoŋi kwaga ne, dé yeini dé sɛ ba na tɛ kolo to. Ko nam ná ye Wɛ na zege chega kalo kwaga ne to, ka tiini ka jege kuri ka dwoi nabiina na tɛ kalo to. Wonto nam mo ye wolo na zege Yezu kwaga ne o bere we, o ye omo Bu to. 10Konto ŋwaane, wolo maama ná ke o wo-dedoa de Wɛ Bu wom, konto tu jege Wɛ chega kam o bochare ne. Ko daare wolo maama ná wo sɛ Wɛ, konto tu lage o bere we Wɛ ye vwa-nyem mo, kolo ŋwaane o wo sɛ chega kalo Wɛ na tage o Bu wom ŋwaane to. 11Chega kam konto mo ye Wɛ na seene o pa debam ŋwea kalo na ba jege kweelim o tei ne to. Ŋwea kam konto nam ye o Bu wom ŋwaane mo. 12Wolo maama ná me de Wɛ Bu wom, konto tu mo jege Wɛ ŋwea kam konto. Wolo nam ná ba jege meem de Wɛ Bu wom, konto tu ta wo nɛ ŋwea Wɛ tei ne.
13Amo popone wonnu tento maama a pa abam balo na ke á wo-dedoa de Wɛ Bu wom to, se á lɔre we á seene á na ŋwea kalo na ba jege kweelim Wɛ tei ne to. 14Dé wó taa jege baare Wɛ yiga ne, kokuri dé yei we, dé ná lwoori woŋo o tei ne ye ko tɔge o boboŋa, o wó cheigi dé wɛ-lworo kom. 15Dé yei we Wɛ yeini o sɛ debam wɛ-lworo kom, ne ko ná ye tei maama. Konto ŋwaane dé yei we dé wó jwoŋi woŋo kolo dé na lwoori o tei ne to.
16Nmo ná nɛ n dwoŋi na wora o toŋe tusim, ye ko dae tusim delo na wó pa toone chɔge‑o to, ko maŋe se n lwoori Wɛ mo n pa‑o. N ná lwoori Wɛ konto, o laam wó sɛ se o pa n dwoŋi wom na ŋwea. Ko daare, tusim dedwoŋi wora de na wó pa se toone chɔge de keiru to. Ko nam ná ye wolo na ke tusim dem konto dwoŋi, amo ba tɛ se n lwoori Wɛ n pa konto tu. 17Keim delo maama na ba tɔge chega to ye tusim mo. Tusim nam wora de na ba pae se toone chɔge nɔɔno. Ko ye dento taane mo a tɛa. 18Dé yei we wolo maama na ye Wɛ bu to ba yeini o ke wɛleera, kolo ŋwaane Wɛ Bu wom tete mo nii wonto baŋa ne pa se wo-lwanno tu setaane bá wane‑o o chɔge. 19Debam yei we de ye Wɛ nyem mo, ye balo kugu jei na wo logo baŋa ne to maama nam wo wo-lwanno tu setaane jeŋa ne mo. 20Dé kwori dé yei we, Wɛ Bu wom mo tu logo baŋa. O ma pa se dé yi poore, se dé wane dé lɔre Baŋa Wɛ wom na ye chega chega to. Dé nam me de wonto, ye dé kwori dé me de o Bu Yezu Krista. Wonto mo ye Wɛ chega chega, ye dé tɔge wonto ŋwaane mo dé jege ŋwea kalo na ba jege kweelim Wɛ tei ne to.
21A bia bam, ta‑á cho-na á tete se á yé tɔge jwona.",https://www.bible.com/bible/3661/1JN.5.KBG
2 JƆN 1,"1Amo wolo na ye Yezu kɔgɔ kom nakwe to mo popone tɔnɔ se a pa debam nu wolo Wɛ na kuri to, de bia balo na wo nmo kɔgɔ kom wone to.
Chega ŋwaane to, amo jege abam swono lanyerane. Ko nam dae amo yerane mo swoi abam, se ko ye de balo maama na tu ba lɔre Wɛ chega kam to mo. 2Kokuri debam maama sɛ Wɛ chega kam, ye ka daa bá fɔge ka ti debam tei ne.
3Dé Kwo Wɛ wó pa debam zaane de yazura, ye o daare o duri dé ŋwaŋa. Yezu Krista wolo na ye dé Kwo Wɛ Bu wom to de wó zeini debam konto, Wɛ chega kam de o swono kom ŋwaane.
4Ko déem pɛ amo wo pwoli lanyerane de a na lɔre we nmo bia bam badaara tɔge chega chwoŋa kam, nenɛɛne debam Kwo Wɛ na pɛ debam ni se dé taa ke tei to. 5Amo nu, a lage a ta de nmo se n pa debam maama taa swoi daane. Amo na popone kolo to dae ni-doore, se ko maŋe ko ye Wɛ ni delo na wora debam tei ne boboa ne to mo. 6Dé na wó taa swoi daane tei to ye se dé taa tɔge o nia yam mo dé ŋwea wone. Wɛ ni dem nam ye se á ta‑á tɔge swono chwoŋa mo. Abam nam maŋe á lɔre o ni dem konto boboa ne mo.
7Nɔɔna dedɛ tu ba kare logo baŋa ne ba gane nɔɔna. Vwa-nyena bam konto maa ba sɛ we Yezu Krista jigi nabiinu o ba logo baŋa. Nɔɔno ná ye konto dwoŋi, o ye wolo na gane nɔɔna to mo. Wonto maa ye Yezu Krista Dono mo. 8Konto ŋwaane, á fɔge á che á tete se á wane á na á nyɔɔre maama Wɛ tei ne, se á yé pa á ga á na toŋe á lage kolo to.
9Ta‑á yei-na we, nɔɔno wolo maama ná yage Yezu Krista berem dem, ye o daare o bere wonnu tedwonna o woli da, Wɛ tera konto tu tei ne. Nɔɔno wolo nam ná yɔɔre o tɔge Yezu berem dem, Baŋa Wɛ de o Bu wom wo konto tu tei ne. 10Konto to, nɔɔno ná tu abam tei, ye o ba jege Yezu berem dem tete, se á yé sɛ á pa o zo á sam. Nam bere á yé zaane‑o de. 11Nɔɔno wolo nam ná zaane‑o, konto tu de tɔge o woli o totoŋ-balwaaro tem wone mo.
12Amo ya jege taane dedɛ se a ta a bere abam. Amo nam ba lage se a popone a ke tɔnɔ ne. A nam boŋe we, a wó ba abam tei mo se a ŋɔɔne dedaane abam jaja, se ko pa debam wopwolo kom tiini ko gaale.
13Debam balo na ye nmo choro bia ye Wɛ kuri debam to mo jɔɔne nmo.",https://www.bible.com/bible/3661/2JN.1.KBG
3 JƆN 1,"1Amo wolo na ye Yezu kɔgɔ kom nakwe to mo popone tɔnɔ konto se a pa a badwoŋ-swono Gayus. Chega ŋwaane to, amo swoi nmo lanyerane.
2Amo badwoŋ-swono, amo yeini a lwoori Wɛ a pa nmo se n ta‑n jege yazura de yiga-veiŋa woŋo maama wone, ne n bochare de na fɔge tei Wɛ chwoŋa tɔgem ŋwaane to. 3Dé nu-bia badaara tu ba ta nmo taane, ye ko pa a tiini a na wopwolo, de a na lɔre we n fɔge n zege Wɛ chega kam wone to. A yei we n yɔɔre n tɔge chega chwoŋa kam konto mo. 4Amo ná yeini a lɔre we a bia bam seene ba tɔge chega chwoŋa kam, ko pae wopwolo tiini ko wora a tei ne se ko gaale.
5Amo badwoŋ-swono, nmo tɔge chwoŋa lanyerane de n na yeini n woli dé nu-bia bam tei to, ne ba ná maŋe ba ye veira mo de. 6Dé nu-bia bam zege Yezu kɔgɔ kom yiga ne ba ta nmo na jege ba swono tei to. Ko lana se n ta‑n woli-ba ba chwoŋa kam veiŋa wone, se ko maŋe de Wɛ boboŋa na lage tei to. 7Kolo ŋwaane nɔɔna bam konto na nwoŋi se ba kekare logo kom to, ko ye se ba zeiŋi Yezu Krista yere dem mo. Ba maa ba sɛa se ba jwoŋi kolokolo balo na yeiri Wɛ to jeŋa ne. 8Konto ŋwaane ko maŋe se debam mo woli nɔɔna bam konto dwi ba totoŋa yam seeni, se ko bere we debam de tɔge dé toŋe Wɛ chega kam ŋwaane.
9Amo déem popone tɔnɔ a pa Yezu kɔgɔ kolo na wo nmo tei ne to. Dioterefa yiga nam tera debam wone. O maa lage se o taa ye á kɔgɔ kom yiga tu. 10Konto ŋwaane, amo ná tu abam tei, a laam wó ta o kikia yam maama jaja se nɔɔna lɔre. Wonto yeini o ŋɔɔne ta-balwaaro mo o ke debam yuu ne. Konto nam ta ba pwoli o wo. Kolo na woli da to, o yeini o ba sɛ se o jeeri dé nu-bia bam lanyerane o daare o cheiŋi balo na lage se ba jeeri-ba lanyerane to, ye o ta zeili-ba Yezu kɔgɔ kom wone.
11Amo badwoŋ-swono, yé sɛ n lwoni keim-lwanno, se n daare n ta‑n tɔge keim-laaro. Wolo maama na toŋe keim-laaro to ye Wɛ nyem mo. Wolo nam na toŋe keim-lwanno to ta wo lɔre Wɛ. 12Ko nam ná ye Demetiru, nɔɔna maama pae o ye nɔn-ŋom. O na tɔge chega kam tei to de bere we o ye nɔn-ŋom. Debam ywo-seeni de zege o chega kam kwaga ne, ye á yei we dé na tɛ kolo to seene ko ye chega mo.
13Amo ya jege wonnu dedɛ se a ta a bere abam. A nam ba lage se a popone a ke tɔnɔ ne. 14Wɛ ná pɛ chwoŋa, a nam wó ba abam tei leile, se dé laam ŋɔɔne daane jaja.
15Wɛ wó pa‑m yazura.
Dé badwoŋ-swonnu na wo ywo-seeni to mo jɔɔne nmo. Nmo de jɔɔne dé badwonna bam dedoa dedoa n pa debam.",https://www.bible.com/bible/3661/3JN.1.KBG
JUDI 1,"1Amo Judi wolo na ye Yezu Krista kabaa ye a kwori a ye Jemsi nyaane to mo popone tɔnɔ konto se a pa abam balo Wɛ na bwoŋi se á ta‑á ye o nɔɔna to. Abam mo ye balo dé Kwo Wɛ na swoi ye Yezu Krista jege abam o jeŋa ne to.
2Wɛ wó taa jege abam ŋwaŋa, ye o pa abam yazura de swono se ko gaale.
Vwa berena taane
3Amo badwoŋ-swonnu bam, amo ya maŋe a kwaane a lage se a popone tɔnɔ a pa abam, se ko pa á lɔre Wɛ na ke tei o jwoŋi debam balo maama na ye o nɔɔna to. Amo laam nam nɛ we ko ye fefeo mo se a popone tɔnɔ a ma kwoori abam se á chichei á zege Wɛ chega kam ŋwaane. Ko ye chega kam konto mo Wɛ maŋe o ke o nɔɔna bam jeŋa ne, ye ka bá fɔge ka leiri. 4Kokuri to, a lɔre we Wɛ-lwɛɛna mo ŋɔge ba zo ba gwaane abam kɔgɔ kom wone. Ba maa ba kɔre Wɛ ye ba yeini ba pipiri o chega kam, se ko pa ba na chwoŋa ba taa tɔge wo-digiru kikia, ye ba ta boŋe we Wɛ wó duri ba ŋwaŋa, o na ye ŋwaŋa tu to ŋwaane. Ba kikia maa bere we, ba ve Yezu Krista wolo yerane na ye debam Yuu-tu de dé Teiru to. Faŋa faŋa to Wɛ tɔnɔ kom maŋe ko bere we, nɔɔna banto dwi wó na ba lɛɛro.
5Amo lage a guli abam de wonnu tedwonna á na maŋe á yei te ni ne to. Á yei we dé Teiru Wɛ déem vere o nɔɔna Isarele tiina bam o pa ba nwoŋi Ejipti teo kom wone. Ko kwaga ne to, o laam ma yɔɔre o chɔge balo na wo sɛ‑o to. 6Á maŋe á yei Wɛ na ke tei de malese sedwonna na lage se se dam taa dwoi Wɛ ya na pɛ-se tei to, ye se daare se yage se kugu jei Wɛ telaao ne to. Wɛ ma vɔ-se de chaponno o de jei selo na ye lim yerane to wone o yage da, se se taa wora taa wuu, se o dɛ-kamunu kom ná yia, se o laam pa se na waarem. 7Ko ta ye bedwe mo de Wɛ na ke tei o waare nɔɔna balo déem na zoore Sodom de Gomora ne, de teene delo na bwola da to. Banto de déem tɔge bwoorim wo-zɔɔna kikia, ne ko na wo maŋe se nabiina taa ke tei to. Wɛ ma pa ba na waarem de mini delo na ba ti to, se ko taa ye maana ko pae nɔɔna maama.
8Vwa-nyena bam konto na gwaane abam wone to, ba de tɔge kikia yanto dwoŋi mo. Ba maa pae se ba tete dendwa mo gane-ba, ye ba tɔge wo-zɔɔna kikia de ba yera. Ba maa ba kɔre nɔɔn-nɔɔno dam, ye ba yaale malese selo na jege paare Wɛ tei ne to. 9Wɛ malese dedɛɛro Mikayeli tete nam wo sɛ se o ke konto dwoŋi. Wonto na mage kantɔgɔ de setaana pɛ wom Moses yera yam keim ŋwaane to, o kɔre se o ŋɔɔne o yaale o yuu. O nam na tage kolo to mo ye we, “Wɛ wó vaŋe n zwa.” 10Ko daare vwa-nyena bam nam ŋɔɔne ba yaale woŋo kolo maama ba na yeiri ko kuri to. Ba nam na pae se ba yei wonnu telo to, ba tɔge-te ne ga-vara na ke tei ye ba ba jege boboŋa to. Ba kikia yam konto mo wó pa ba na chɔgem.
11Lɛɛro taa wo ba yuu ne! Ba tɔge Kain nɛ-bwora déem na ye tei to mo. Ba yi maa sui nyɔɔre delo ba na wó na ba keim-balwaaro tem baŋa ne, ne Balaam déem na ke tei ye o tusi to. Ba ma ve Wɛ ni, ne Kora déem na ve-de ye Wɛ go‑o to. Banto de wó ba ba na chɔgem konto dwoŋi.
12Abam na yeini á la daane se á di wodiu da-swono ŋwaane to, vwa-nyena bam konto boŋe se ba chɔge abam lam de ba kachaare kikia yam. Ba ba kɔre chaveera de ba na tiini ba di tei to, ye ba yiga tera de nɔɔn-nɔɔno ko ná dae ba tete yerane. Ba nam ba jege nyɔɔre, ne doa na tene ye ka da vio ka saare to. Ba ta nye de teeni delo na ba leiri bia, ko ya ze ná maŋe ko yi de leirim maŋa mo de. Ba maŋe ba ba jege ŋwea, ne teeni delo ba na gɔge de de kura maama ba daare kafɛ yerane to mo. 13Ba na tɔge ba chaveera kikia yam tei to nye de vio na dole buga na, pa ba pɔgele ye ba zaŋe puŋa tei to mo. Ba ba jege jeiŋa jei, ne chalechwe na kare se beeri tei to. Wɛ nam pɔɔre jeiga kalo na tiini ka ye lim yerane to se o ke-ba da taa wuu.
14Enoki déem ya wuuri o ta nɔɔna bam konto taane faŋa faŋa. Wonto déem ke Adam dwi tiina kuri berepɛ tu mo, ye o we, “Nii-na! Baŋa Wɛ wó seene o ba de o malese-laaro tem morro kuni morro, 15se o di nabiina maama taane. O laam wó pa se Wɛ-lwɛɛna na ba chaveera, de ba na paale ba tusi ba tɔge wɛleera yerane, ye ba ŋɔɔne ba chɔge o yuu tei to.”
16Vwa-nyena bam konto yeini ba poona mo ye ba gwooni ba dwonna. Ba maa tɔge wo-zɔɔna yalo maama ba fera na zoore to. Ba maa ŋɔɔne kamunni ba pa ba tete, ye ba ŋɔɔne ni-sone ŋɔŋa de nɔɔna se ba na nyɔɔre ba baŋa ne.
Wɛ chwoŋa tɔgem taane
17Amo badwoŋ-swonnu bam, abam nam jege se á guli dé Teiru Yezu Krista totoŋa nakwa bam déem na maŋe ba ta kolo de abam to mo. 18Ba déem we, “Logo baŋa kweelim da yam ne nɔɔna badwonna wó taa wora ba na yaale Wɛ chega kam ye ba tɔge wo-lwanno telo ba tete fera na zoore to.” 19Nɔɔna bam konto dwi mo yeini ba pae abam pɔɔre daane. Ba boboŋa tɔge logo baŋa wo-yɔɔro mo ye Wɛ Sin-laao kom tere ba bochara ne.
20A badwoŋ-swonnu bam, ko nam ná ye abam, á kwaane á ta‑á woli daane se ko pa á bochara fɔge lanyerane de chega kalo á na sɛ de wo-dedoa ye ka ye Wɛ nyem chekke to. Á ta‑á ware Wɛ de o Sin-laao kom dam. 21Á ta‑á jege á ŋwea de Wɛ swono kom o na pɛ abam to, ye á jege teena we dé Teiru Yezu Krista wó ba o pa á na Wɛ ŋwe-doŋa kalo na ba jege kweelim to, o na jege abam ŋwaŋa to ŋwaane.
22Ko ná ye balo na jege bobwea to, se á duri ba ŋwaŋa de á na woli-ba tei to. 23Badaara nam wora á na jege se á vere-ba mini delo na lage de chɔge-ba to wone pa ba wori. Ko daare balo wo-zɔɔna kikia na pɛ se ba jege digiru to, se á ta‑á jege ba ŋwaŋa, ye á nam ta‑á yei á tete de ba wo-digiru tem se te yé lɔgese abam.
24Dé ke Wɛ lei, de o na jege dam se o taa cho abam se á yé to tusim wone to. O laam wó pa abam ba á zege o yiga ne de bora, se á wane á zo o paare dem wo de wopwolo dedɛ. 25O yerane mo ye Wɛ ye o dwoŋi tera. O maa ye dé Vereno. Dé Teiru Yezu Krista ŋwaane mo o maŋe de zula, de paare, de yere-zɔŋɔ, de dam, ko na zege faŋa faŋa ye logo baŋa ta tera to, de zem maama de, se ko taa vei wuu. Dé ke Wɛ lei. Ameena.",https://www.bible.com/bible/3661/JUD.1.KBG
GURIM 1,"1Tɔnɔ konto wo wonnu tem ye kolo Wɛ na bere Yezu Krista se o ma le o bere o tontoŋena, se ba wane ba lɔre kolo na jege se ko ke leile to mo. Yezu pɛ o maleka mo ba amo tei se ka bere-ne wonnu tem konto. 2Amo Jɔn ye Yezu tontoŋeno mo, ye a popone kolo maama a na nɛ to a tiŋi. Amo zege Wɛ kwora kam kwaga ne mo, ne Yezu Krista na veere o bere-ne tei to.
3Nɔɔno wolo ná kwaane o ga tɔnɔ konto pa nɔɔna cheigi, wonto ye yu-ywoŋo tu mo. Balo de na cheigi tɔnɔ kom wo wonnu tem ye ba kwori ba sɛ-te de ba wo maama to wó taa jege yu-ywoŋo. Ko seene ko ye kolo Wɛ na le o bere-ne to mo, ye maŋa kam yia se wonnu tem seene te ke.
4Amo Jɔn mo popone tento a pa Yezu kɔgɔ kuni berepɛ kolo na wo Asia te-nia yam wone to.
Wɛ wó pa abam zaane de yazura.
Wonto maŋe o wora mo boboa ne,
ye o ta wora zem se ko taa vei wuu.
Wɛ dedɛɛra barepɛ balo na bere o Jworo kom dam ye ba zege o paare yitiŋu kom yiga ne to de wó pa abam zeinim konto.
5Yezu Krista de wó pa abam zaane de yazura.
Wonto mo ye wolo na yɔɔre o zege Wɛ chega kam kwaga ne to.
Wonto ta mo ye wolo na dɛ yiga o bi toone wone ye o na Wɛ ŋwe-doŋa kam to.
O nam ta mo ye logo baŋa pwa bam maama yuu tu.
Yezu swoi debam ye o vere debam dé wɛleera wone o yage, o na tega ye o jana bam nwoŋi to ŋwaane. 6O ma daare o pa dé ji dwi delo na wó zege o Kwo Wɛ yiga ne ye dé zuli‑o ne kaanem tiina to.
Zula de dam taa wo Yezu tei ne se ko taa vei wuu. Ameena.
7Nii-na! Wonto tɔge de kunkwonnu mo o beene.
Nɔɔno maama yi wó na‑o,
de balo na zɔge‑o de chichwei to de.
Ko daare logo baŋa dwi maama wó keeri o ŋwaane.
Ko ye chega mo. Ameena.
8Yuu-tu Baŋa Wɛ mo we:
“Amo mo ye pulim jei de kweelim jeiga.”
Wonto mo maŋe o wora boboa ne,
ye o ta wora zem se ko taa vei wuu.
9Amo Jɔn ye abam nu-bu mo. Amo na ye Yezu nyem to, ko ma pa se a tɔge a na yaara nenɛɛne abam de na nɛ yaara tei to. Amo nam kwori a tɔge de abam a woli Wɛ paare dem wone, ye a tɔge a na baare Yezu ŋwaane. Amo na kwaane a bere Wɛ kwora kalo Yezu na le o bere-ne to ŋwaane mo ba jaane-ne ba yage Patama buburu kom yuu ne. 10Dɛ delo na ye Wɛ siu dɛ to mo o Sin-laao kom tu amo tei de dam. Amo ma ni kwora na ŋɔɔne baŋa baŋa a kwaga ne, ne nɔɔno na wui nabɔnɔ tei to. 11Kwora kam ma ŋɔɔne ka we, “Nam popone kolo maama nmo na wó na to n ke tɔnɔ ne, se n toŋe-ko n pa Yezu kɔgɔ kolo na wo teene derepɛ dem wone to. Teene dem konto mo ye: Efesia, Semuna, Pɛregama, Tuatera, Sadisa, Filafia, de Ladika.”
12Amo ma pipiri se a nii wɔ mo ŋɔɔna de amo. A ma na sabu-seŋa min-zwonnu terepɛ mo na zega. 13Nɔɔno maa zege te tetare ne, o na nye de nabiinu bu.
O ma zo gare-dedɔrɔ o de o napera ne,
ye o daare o vɔ sabu-seŋa kila o nyɔɔne ne.
14O yu-ywei maa tiini se peere cha,
ne lɔŋɔ tei.
O yia maa nye ne min-vogo tei.
15O napera maa nyeena,
ne channa kolo ba na ke mini ne pa ko be to.
O kwora maa dɔna ne na-fwaaro mo chuuri tei.
16O maa zei chalechwe serepɛ o jazem ne.
Se-zɔɔ kolo na tiini ko jege ni ye ko ye nia yalei to maa nwoŋi o ni ne.
O yibia maa nyeena, ne wea na tiini ka nye tei to.
17Amo na nɛ‑o ye o jege dam konto to, a ma to o yiga ne, ne a tega mo tei. O ma kwei o jazem o daŋe a baŋa ne, ye o we:
“Yé ta‑n kɔre foone.
Amo mo ye boboa kam de gurim tu.
18Amo ye ŋwea tu mo.
Amo ya tege mo,
ye a laam jwoori a jege ŋwea
se ko taa vei wuu.
Amo jege dam toone baŋa ne
de churu de baŋa ne.
19Nam popone wonnu telo nmo na nɛ to. Ko ná ye wonnu telo na wora te ke leile to, dedaane wonnu telo na lage te ke kwaga to, se n popone te maama n tiŋi. 20Amo wó bere‑m chalechwe serepɛ sem nmo na nɛ amo jazem ne to, de sabu-seŋa min-zwonnu terepɛ tem kuri na ye tei to chekke. Chalechwe serepɛ sem bere Wɛ tontoŋena balo na nii wɛ-di serepɛ sem nɔɔna baŋa ne to mo. Ko daare min-zwonnu terepɛ tem de bere wɛ-di serepɛ sem nɔɔna bam tete na ye tei to mo.”",https://www.bible.com/bible/3661/REV.1.KBG
GURIM 2,"Efesia tiina kɔgɔ kom tɔnɔ
1“Nam popone tɔnɔ n pa Wɛ tontoŋeno wolo na nii Yezu kɔgɔ kom na wo Efesia ne to. Popone we:
Taane dento nwoŋi wolo na zei chalechwe serepɛ sem o jazem ne, ye o kwori o wo sabu-seŋa min-zwonnu terepɛ tem tetare ne o vei to tei mo.
2Amo maŋe a yei abam na ke tei to. Amo yei á na tiini á chɛ de á totoŋa tei to, ye á wo fɔge á yage. Amo ta yei we, abam ba pae se nɔn-balwaaro na chwoŋa abam tetare ne. Ko ná ye balo na bere we ba ye Yezu totoŋa nakwa ye ba dae to, a yei we á yeini á maane-ba á nii, ye á lɔre we ba ye vwa-nyena mo. 3Abam jege pu-dɛa lanyerane. Abam nɛ yaara amo ŋwaane ye á tiini á vɔ á wo de-ya, se á vɔna yé pare.
4Ko daare amo nam jege abam taane se a ta. Á daa ba jege amo swono se ko maŋe de boboa ne ko na ye tei to. 5Boŋe-na á nii á déem ya na ye tei ye á daa dae konto to. Leiri-na á boboŋa se á daare á ta‑á ke lanyerane, ne á na bobo á ke tei to. Ko ná dae konto, amo wó ba abam tei ye a daare a le á min-zwoŋo kom ko jeiga kam ne a yage. Nam leiri-na á wo se ko yé ke konto. 6Ko daare, abam kwaane de á na chuli kikia yalo Nikolayi nɔɔna bam na ke to. Amo tete de chuli ba na ke tei to.
7Nɔɔno maama nam kwaane o pore o zwa se o cheigi Wɛ Sin-laao kom na tɛ kolo de wɛ-di sem nɔɔna bam to. Wolo maama na wane wo-balwaaro dam to, amo wó pa konto tu chwoŋa se o zo Wɛ ywoni jei sem wo o di tio kolo bia na pae ŋwea to.
Semuna tiina kɔgɔ kom tɔnɔ
8Daa‑n popone tɔnɔ n pa Wɛ tontoŋeno wolo na nii Yezu kɔgɔ kom na wo Semuna ne to. Popone we:
Taane dento nwoŋi wolo na ye boboa kam de kweelim tu to tei mo. Wonto nam ta mo ye wolo na tega ye o jwoori o bi o jege ŋwea to.
9Amo maŋe a yei cham delo na yi abam to ni ne. A yei we yiniga jege abam. Ko daare, abam nam ye naduna mo Wɛ tei ne. Ko ná ye balo na pae ba ye Juu tiina ye ba ba tɔge chwoŋa to, amo yei ba na yaale abam tei to. Banto wo setaana pɛ chwoŋa wone mo. 10Yé ta‑á kɔre-na foone de á na wó na yaara yalo to. Nii-na! Setaana pɛ lage o pa ba ja abam badaara ba pe, se o maŋe abam o nii. Abam nam wó na cham se ko maŋe de da fuga. Ko ná maŋe ko twɛ á toone de, se á ta ta‑á jege wo-dedoa de Wɛ. Abam ná ke konto, amo wó pa á na Wɛ pɛɛre delo na ye ŋwea chekke to.
11Nɔɔno maama nam kwaane o pore o zwa se o cheigi Wɛ Sin-laao kom na tɛ kolo de wɛ-di sem nɔɔna bam to. Wolo maama na wane wo-balwaaro dam to, toone delo na ye belei tu to daa bá wane‑o de chɔge.
Pɛregama tiina kɔgɔ kom tɔnɔ
12Daa‑n popone tɔnɔ n pa Wɛ tontoŋeno wolo na nii Yezu kɔgɔ kom na wo Pɛregama ne to. Popone we:
Taane dento nwoŋi wolo wom na jege se-zɔɔ kolo na tiini ko jege ni ye ko ye nia yalei to tei mo.
13Amo yei abam na zoore mɛ to, ye setaana pɛ mo tei jei sem konto. De konto de, abam ta wo kwei amo á yage. Antipa déem zege amo chega kam kwaga ne de o wo maama mo. Ba ma daare ba go‑o abam tei ne, setaana pɛ na zoore jei selo ne to. De konto na maŋe ko ke to de, abam daa ta wo leiri á wo de amo.
14Amo nam jege abam taane fenfee se a ta. Nɔɔna wora abam wone ye ba sɛ berem delo na ye Balaam nyem to. Faŋa faŋa to wonto mo bere Pɛ Balaki se o soge Isarele tiina o pa ba to tusim wone. Ba ma di wodiiru telo na ye jwona nyem to, ye ba daare ba chɔge nɔɔna kaana. 15Nikolayi berem dem de maŋe de ye konto mo. Nɔɔna badaara wora á wone ba de na tɔge berem dem konto. 16Nam leiri-na á wo. Ko ná dae konto, amo wó ba abam tei lela. A maa wó le se-zɔɔ kom na wo a ni ne to a ma ke jara dedaane-ba.
17Nɔɔno maama kwaane o pore o zwa se o cheigi Wɛ Sin-laao kom na tɛ kolo de wɛ-di sem nɔɔna bam to. Wolo maama na wane wo-balwaaro dam to, amo wó pa konto tu Wɛ wodiu kolo yere na ye ‘Manna’ ye ko seigi nabiina yiga ne to se o di. Ko woli da, amo wó kwei kandwɛ-pwoŋo a pa konto tu. Yere-doore wó taa wo kandwɛ dem konto baŋa ne ye nɔɔn-nɔɔno yeiri-de, ko ná dae wolo na jwoŋi-de to yerane.
Tuatera tiina kɔgɔ kom tɔnɔ
18Daa‑n popone tɔnɔ n pa Wɛ tontoŋeno wolo na nii Yezu kɔgɔ kom na wo Tuatera ne to. Popone we:
Taane dento nwoŋi Wɛ Bu wom tei mo. Wonto yia mo nye de min-vogo, ye o napera nyeena ne channa tei.
19Amo maŋe a yei abam na ke tei to. Amo yei á na jege nɔɔna swono ye á kwori á jege wo-dedoa de Wɛ tei to. Amo yei abam na toŋe á woli nɔɔna ye á jege pu-dɛa tei to de. A nam ta yei abam na tiini á toŋe leile konto se ko dwoni á na maŋe á toŋe tei boboa ne to.
20Ko daare, amo jege abam taane se a ta. Abam yeini á yage chwoŋa á pa kaane wolo na bere we o ye Wɛ ni-jwoŋinu to, o yere mo Jezebele. Wonto na yeini o bere amo nɔɔna bam tei to, o gane-ba mo o pae ba tusa. O ma pa ba ke bwoorim, ye ba daare ba di wodiiru telo na ye jwona nyem to. 21Amo nam pɛ wonto maŋa mo se o leiri o wo de o kikia yam. O maa wo sɛ se o yage o wo-zɔɔna kikia yam. 22Nii-na. Amo wó pa se jaweo ja‑o se o daa yé wane o zaŋe wɛɛne. O na tigi da konto to, o de balo maama na tɔge daane ba ke bwoorim to wó yaare se ko chɛ ba yera ne. Ba ná wo leiri ba wo de ba kikia yam ba na tɔge ded‑o ba ke to, amo nam wó chɔge-ba lela. 23Amo wó mage balo na sɛ o berem dem to a go. Konto to, wɛ-di sem nɔɔna bam maama wó ba ba lɔre we, amo mo ye wolo wom na seene o yei nabiina bochara de ba boboŋa to. Amo wó ke abam dedoa dedoa se ko maŋe de á kikia na mae tei to.
24Ko daare abam badwonna na wo Tuatera ne to wo tɔge kaane wom konto bera yam. Abam nam wo kwaane se á lɔre setaana pɛ berem dem, nɔɔna badaara na bwoi-de we setaane boboŋ-lilirru to. Amo nam daa bá che abam de chullu tedwonna a woli da. 25Á nam ta‑á jege abam na maŋe á tɔge tei to, se a laam ba abam tei.
26Wolo maama ná wane wo-balwaaro dam ye o toŋe o tɔge amo boboŋa se ko vo ko kweeli, amo wó pa konto tu dam se o taa tei logo baŋa dwi tiina maama. 27O wó taa tei-ba de dam. O maa wó kwei luu-dedɔrɔ o ma wane-ba, ye o daare o chɔge-ba, nenɛɛne nɔɔno na mage kambi o chochoge tei to. 28Konto mo ye dam delo amo Kwo na maŋe o kwei o ke a jeŋa ne to. Amo wó daare a pa se tetete chalechoa kam taa wo konto tu tei ne.
29Nɔɔno maama nam kwaane o pore o zwa se o cheigi Wɛ Sin-laao kom na tɛ kolo de wɛ-di sem nɔɔna bam to.",https://www.bible.com/bible/3661/REV.2.KBG
GURIM 3,"Sadisa tiina kɔgɔ kom tɔnɔ
1Daa‑n popone tɔnɔ n pa Wɛ tontoŋeno wolo na nii Yezu kɔgɔ kom na wo Sadisa ne to. Popone we:
Taane dento nwoŋi wolo na tei Wɛ dedɛɛra barepɛ bam ye o kwori o jege chalechwe serepɛ sem o jeŋa ne to tei mo.
Amo maŋe a yei abam na ke tei to. Abam yere zaŋe pa se nɔɔna boŋe we á jege ŋwea mo Wɛ tei ne, ye á nam nye de twa mo tei. 2Zaŋe-na á che á tete se á ta‑á tɔge kikia yalo na maŋe to, se kolo fenfee á ta na ke to yé chɔge ko ti. Kokuri, amo na nɛ tei to, abam kikia yam ta wo yi amo Kwo Wɛ boboŋa. 3Nam fɔge-na á guli ba na bere abam Wɛ chwoŋa ye á ni kolo to, se á kwaane á ta‑á tɔge-ka. Leiri-na á wo de á keim-balwaaro tem. Á ta ná tigi á dɔa, ta‑á yei-na we, amo wó ba a dare abam ne ŋweeno tei, ye á bá lɔre maŋa kam amo na wó ba to.
4Ko daare, abam fenfee na wo Sadisa kɔgɔ kom wone to ke lanyerane, de ba na chege ba tete de wo-digiru to. Amo wó pa ba zo gare-pwonnu ye ba taa tɔge de amo ba via, ba na maŋe se ba taa ye konto to ŋwaane.
5Wolo maama na wane wo-balwaaro dam to wó zo gare-pwonnu tento dwoŋi. Amo daa bá saare konto tu yere Wɛ ŋwe-doŋa tɔnɔ kom wone. Amo nam wó sɛ o yere dem a bere a Kwo Wɛ de o malese sem.
6Nɔɔno maama kwaane o pore o zwa se o cheigi Wɛ Sin-laao kom na tɛ kolo de wɛ-di sem nɔɔna bam to.
Filafia tiina kɔgɔ kom tɔnɔ
7Daa‑n popone tɔnɔ n pa Wɛ tontoŋeno wolo na nii Yezu kɔgɔ kolo na wo Filafia ne to. Popone we:
Taane dento nwoŋi wolo na ye wo-pwoŋo tu de chega tu to tei mo. Wonto mo zei Pɛ David bwor-bu. Diga kalo maama o ná pore, nɔɔn-nɔɔno bá wane o pe-ka. O nam ná pe diga kalo, nɔɔn-nɔɔno bá wane o pore-ka.
8Amo maŋe a yei abam na ke tei to. Nii-na! Amo pore chwoŋa a pa abam ye nɔɔn-nɔɔno bá wane-ka o che. Amo yei we abam dam ba tiini de daga, ye á ta kwaane á ke amo berem dem á bochare ne. Á ta maa wo seigi amo yere dem. 9Ko ná ye balo na pae ba ye Juu tiina ye ba ba tɔge chwoŋa to, ba wo setaana pɛ chwoŋa wone mo ye ba fɔ vwa. Amo wó pa se ba ba ba kuni dwoona abam yiga ne. Ba maa wó maane we amo swoi abam. 10Abam na tɔge amo ni dem ye á vɔ á wo cham wone to ŋwaane, lɛɛro maŋa kam ná yia, amo wó che abam de yaara yalo na wó ba ya maŋe nabiina maama logo baŋa ne to.
11Amo bá dáane ye a ba. Abam nam fɔge á ta‑á jege á na maŋe á tɔge tei to, se nɔɔn-nɔɔno yé wane o che abam pɛɛre delo á na lage á jwoŋi Wɛ tei ne to.
12Wolo maama ná wane wo-balwaaro dam, amo wó pa konto tu na kugu jei amo Kwo Wɛ sɔŋɔ kom ne, ye o daa bá nwoŋi da maŋa de maŋa. Amo wó daare a popone amo Kwo Wɛ yere dem de o teo kom yere dem konto tu yera ne. Wɛ teo kom konto mo ye Jerusalem kolo na fɔge ko kwɛ to, ye amo Kwo Wɛ wó pa ko nwoŋi wɛyuu ne ko tu ko ba to. Amo ta wó popone amo yere-doore dem konto tu yera ne.
13Nɔɔno maama kwaane o pore o zwa se o cheigi Wɛ Sin-laao kom na tɛ kolo de wɛ-di sem nɔɔna bam to.
Ladika tiina kɔgɔ kom tɔnɔ
14Daa‑n popone tɔnɔ n pa Wɛ tontoŋeno wolo na nii Yezu kɔgɔ kolo na wo Ladika ne to. Popone we:
Taane dento nwoŋi wolo yere na ye ‘Ameena’ ye o yɔɔre o zege Wɛ chega kam kwaga ne de o wo maama to tei mo. Wɛ na naane kolo maama to dɛ wonto jeŋa mo.
15Amo maŋe a yei abam na ke tei to. A yei we abam ba chuli Wɛ, ye á nam ba swoi‑o de á wo maama de. Amo boŋe we, á ya ná tɔge chwoŋa dedoa, ko wó taa lana ko gare á ná tɔge se maama. 16Abam nam na ba jege boboŋe dedwe to, a lage a ve abam, nenɛɛne nɔɔno na twe wodi-baywoŋo o ni ne o yage tei to mo. 17Abam yeini á tɛ we, á ye naduna mo ye kolokolo wo muri abam. Á nam wo lɔre we yini-gwia mo jege abam. Á nye de lwoona mo, ye á yia ba nae. Á ta ye kalambwolo mo de. 18Abam nam jege se á ba amo tei mo, se á yeigi sabu-seŋa kalo ba na tiini ba wɔ mini ne pa ka be to. Konto mo wó pa se á seene á ta‑á ye naduna Wɛ yiga ne. Ba-na á yeigi gare-pwonnu de amo tei ne á zo se te kwoli á chaveera yam. Nam yeigi-na yia nuga amo tei ne se á ke á yia ne se ya taa nae.
19Ko ná ye balo amo na swoi to, a yeini a kaane-ba mo ye a daare a korese-ba. Nam seene-na á yia Wɛ chwoŋa tɔgem seeni se á leiri á wo de á tusim kikia yam. 20Nii-na! Amo zege manchwo-peena ne mo a dɔne dɛ sem. Wolo nam ná nigi amo kwora kam ye o ba o pore chwoŋa o zaane-ne, amo wó zo konto tu tei, ye a pa dé jeini daane dé di wodiu.
21Wolo maama na wane wo-balwaaro dam to, amo wó pa konto tu chwoŋa se o tɔge o jeini amo paare jeiŋa kam jei ne, nenɛɛne amo de na tɔge a jeini a Kwo Wɛ paare jeiŋa kam jei ne tei, amo na wane wo-balwaaro dam to ŋwaane.
22Nɔɔno maama kwaane o pore o zwa se o cheigi Wɛ Sin-laao kom na tɛ kolo de wɛ-di sem nɔɔna bam to.”",https://www.bible.com/bible/3661/REV.3.KBG
GURIM 4,"Wɛ telaao wo-kenkagela taane
1Amo Jɔn daa na nɛ kolo a woli da to mo ye a nɛ diga ni na pore Wɛ telaao ne. A daa ma ni kwora kalo ya na maŋe ka ŋɔɔne de amo ye ka nye de nabɔnɔ ba na tiini ba wu to. Kwora kam we, “Diini n ba ywoba seeni se a bere nmo wonnu telo na lage te ba te ke to.”
2Kwora kam na tage konto to, Wɛ Sin-laao kom ma ba amo tei de dam. Amo ma yɔɔre a na paare yituŋu na zege telaao ne, ye a na wolo na jei ko baŋa ne to. 3Wolo na jei da to maa tiini o nyeena, ne kandwɛ-nyeno kolo na nyeene pele-pele to de kolo na seene chwɛ-chwɛ to. Manlaataŋa maa wora ka kekare paare yituŋu kom, ye ka nyeena nenɛɛne kandwɛ-nyeno kolo yere na ye Emeraleda to. 4Paare yitunnu finlei-tena laam maa zege te gilimi yituŋu kom konto. Nakwa finlei-bana maa jei te baŋa ne ba na zo gare-pwonnu ye ba daare ba pu sabu-seŋa yipwi. 5Pwooni de sɔɔ ma nwoŋi paare yituŋu kom na wo mɛ to, ne doa na pepela ka baga ka wuuri tei to. Mɔɔla yarepɛ maa wo paare yituŋu kom yiga ne ye te zege te di bileim-bileim. Tento mo bere Wɛ dedɛɛra barepɛ bam na ye tei to. 6Ko maa nye de naneo mo tigi paare yituŋu kom yiga ne, ye ko nyeena ne gelaase na ye tei to.
Wonnu tena na ŋwe to maa zege te gilimi paare yituŋu kom sɛ sena sem maama. Yia ma faare te yiga de te kwaga maama.
7Da-yiga woŋo kom nye ne nywoŋo mo tei.
Kolo na ke telei to maa nye de na-bala.
Kolo na ke tetɔ to yiga maa nye de nabiinu yiga.
Kolo na ke tena to maa nye de kawula na jaane wɛɛne tei to.
8Wonnu tem konto maama jege vɔna yaredo yaredo mo. Te yera yam maama maa ye yia yerane te yiga de te kwaga maama. Wea de tete maama te ba dɔa ye te seini Wɛ te we:
“Dam-fɔrɔ Tu Baŋa Wɛ ye wo-pwoŋo tu mo.
O maa yɔɔre o ye wose ye o dwoŋi tera.
O maŋe o wora mo boboa ne, ye o ta wora zem,
se ko taa vei wuu.”
9Wonnu tena tem na ŋwe to yeini te zuli wolo wom na jei paare yituŋu kom baŋa ne to, ye te seini‑o, ye te kwori te ke‑o lei. Wonto mo ye wolo na jege ŋwea se ko taa vei wuu to. 10Wonnu tem ná yeini te ke konto, nakwa finlei-bana bam de maa yeini ba kuni dwoona wolo wom na jei paare yituŋu kom baŋa ne to yiga ne ba pa‑o zula, de o na jege ŋwea se ko taa vei wuu to. Ba ma daare ba puri ba sabu-seŋa yipwi sem ba tiŋi o yituŋu kom yiga ne ba ma zuli‑o ye ba tɛ ba we:
11“Debam Yuu-tu Baŋa Wɛ,
nmo seene n maŋe se n jwoŋi zula, de teem, de dam.
Kolo ŋwaane nmo mo naane wonnu maama.
Ko maa ye nmo tete boboŋa mo laga pa se n ke-te
ye n pa te wora.”",https://www.bible.com/bible/3661/REV.4.KBG
GURIM 5,"Wɛ Pipeila kam taane
1Amo laam ma na tɔnɔ na wo wolo wom na jei paare yituŋu kom baŋa ne to jazem ne. Tɔnɔ kom dɛ sem maama maa jege poponem. Ko ni dem ma meeni de maaro kuni berepɛ. 2A ma daare a na Wɛ maleka na dana to ye ka tɔɔle de kwor-dɛa ka we, “Wɔ mo yi se o wane o kore maaro telo na meeli tɔnɔ kom ni dem ne to, se o daare o puri-ko?”
3Nɔɔn-nɔɔno tera telaao ne, naa tega baŋa ne, naa tega kuri jei ne, o na wó wane o puri tɔnɔ kom o daare o ga-ko. 4A wo ma tiini ko chɔge de ba na wo nɛ nɔɔn-nɔɔno wolo na yi se o puri tɔnɔ kom o daare o ga-ko to. 5Nakwa finlei-bana bam wo dedoa ma ta de amo o we, “Yé pa se n wo chɔge. Nii. Judah dwi tu wolo na dana ne nywoŋo tei to mo wora, ye o kuri nwoŋi Pɛ David dwi dem wone. Wonto mo wane o dona maama o di, ye o na chwoŋa se o puri tɔnɔ kom de ko maaro terepɛ tem.”
6Amo daa ma na Pipeila, ka na zege paare yituŋu kom, de wonnu tena tem na ŋwe to, de nakwa bam tetare laŋa ne. Ka maa nye de ba ya gwoni-ka mo ba go. Ka jege nyea yarepɛ mo dedaane yia yarepɛ. Ka yia yarepɛ yam mo bere Wɛ dedɛɛra barepɛ bam na ye tei to, ye banto mo Wɛ toŋe logo baŋa ni maama ne.
7Pipeila kam laam ma vo wolo na jei paare yituŋu kom baŋa ne to tei ka jwoŋi tɔnɔ kom na wo o jazem ne to. 8Ka na jwoŋi-ko konto to, wonnu tena tem na ŋwe to dedaane nakwa finlei-bana bam ma kuni dwoona ka yiga ne. Ba maama dedoa dedoa maa jege kɔnɔ, ye ba zei sabu-seŋa zwe se ni na su de talwoŋ-ywoŋa. Ka lwom dem na zaŋe tei to bere Wɛ tete nɔɔna bam na ware‑o tei to mo. 9Ba ma daare ba leeni leiŋ-doŋa ba seini Pipeila kam ba we:
“Nmo yi se n jwoŋi tɔnɔ kom
se n daare n kore ko maaro tem.
Kolo ŋwaane ba ya gwoni nmo ba go,
ye n tɔge n toone jana bam ŋwaane mo
n ŋwe nabiina wɛleera jene
n daare n jwoŋi-ba n ke Wɛ jeŋa ne.
Balo nmo na jwoŋi to nwoŋi
nabiina dwi maama wone,
de taana dwi maama tiina wone,
de teene maama wone,
de paare dim jei sem maama wone mo.
10Nmo ma‑n daare n pa ba ji dwi delo
na wó zege dé Tu Wɛ wom yiga ne
ye ba zuli‑o ne kaanem tiina to.
Ba maa wó taa tei nɔɔna logo baŋa ne.”
11Amo daa ma nii a na Wɛ malese kɔgɔ dedɛ, ye a ni se kwori. Se daga lanyerane ne morro kuni morro dedɛ mo tei. Se maa zege se gilimi paare yituŋu kom, dedaane wonnu tena tem na ŋwe to, de nakwa bam. 12Se laam ma leeni baŋa baŋa se we:
“Pipeila kam ba na go to seene ka maŋe
se ka jwoŋi dam, de nadunni, de swa, de baare,
ko woli de seinim, de zula, de teem.”
13Amo daa ma ni wonnu maama na wo Wɛ telaao ne to, de telo maama na wo logo baŋa ne de tega kuri jei ne to, ko woli de wonnu maama na wo naneo wone to de. Ko maa ye wonnu telo maama Wɛ na ke to mo leeni te we:
“Wolo na jei paare yituŋu kom baŋa ne to,
dedaane Pipeila kam
maŋe de teem, de seinim, de zula, de dam,
se ko taa vei wuu.”
14Wonnu tena tem na ŋwe to ma sɛ ye te we, “Ameena. Ko ye konto mo.” Ko daare nakwa bam ma kuni dwoona ba zuli Wɛ.",https://www.bible.com/bible/3661/REV.5.KBG
GURIM 6,"Tɔnɔ kom maaro pulim taane
1Amo daa ma nii a na Pipeila kam laam na bobo se ka puri tɔnɔ kom. Ka ma kore boboa maao kolo na meeli-ko to. Amo ma ni wonnu tena tem na ŋwe to dedoa kwora na dɔna, ne doa na mumuna tei to, ye ko we, “Ba ywo.” 2Amo ma nii a na siseiŋ-pwoŋa na zege da. Wolo na dɔge ka baŋa ne to maa zei taŋa. Ba ma pu paare yipuga o yuu ne. O laam ma nwoŋi se o vo o mage jara o di.
Tɔnɔ kom maao 2
3Pipeila kam daa ma kore maao kolo na ke telei to. A ma ni woŋo kolo na ŋwe ye ko saŋe to na tage ko we, “Ba ywo.” 4Amo daa ma na siseiŋa kadwoŋi ka na nwoŋi ye ka ye naseŋa muri-muri. Wolo na dɔge ka baŋa ne to ma jwoŋi dam se o ba o chɔge ywoni logo baŋa ne, se nɔɔna bam taa mage jara ba go daane. Ba ma kwei se-zɔɔ-polɔgɔ ba ke o jeŋa ne.
Tɔnɔ kom maao 3
5Pipeila kam daa ma kore maao kolo na ke tetɔ to. A ma ni woŋo kolo na ŋwe ye ko ke tetɔ to na tage ko we, “Ba ywo.” A ma nii a na sisein-zwono na zege da. Wolo na dɔge ka baŋa ne to maa zei luu kolo ba na maa maŋe wonnu dunni ba nii to. 6Amo ma ni dɔnem na nye de kwora ye ka nwoŋi wonnu tena tem na ŋwe to tetare ne ka we:
“Nmo ná lage bworobworo muni bɔŋa dedoa yerane,
n wó ma n dɛ wone ŋweero maama mo n yeigi.
Kamaana muni bwɛ setɔ de maa wó yeigi konto dwoŋi.
Ko nam ná ye nuga kam de sana bam,
se n yé ja konto n chɔge.”
Tɔnɔ kom maao 4
7Pipeila kam daa ma kore maao kolo na ke tena to. A ma ni woŋo kolo na ŋwe ye ko kweeli te wone to na tage ko we, “Ba ywo.” 8A ma nii a na sisein-fufunu na zege da. Wolo na dɔge ka baŋa ne to yere mo ye Toone. Wolo yere na ye Churu to maa tɔge‑o o nɔne o nagwola. Ba ma jwoŋi dam se ba go nɔɔna bana maama wone nɔɔno dedoa. Ba jege dam se ba pa jara mo go nɔɔna badaara, se ba pa kana de go badaara, se jaweo de go badaara, se ba daare ba pa kago-vara de go badaara.
Tɔnɔ kom maao 5
9Pipeila kam laam ma kore maao kolo na ke tenu to. Amo laam ma na Wɛ kaanem bimbini dem, ye a na balo ba déem na go Wɛ chwoŋa kam tɔgem ŋwaane to jworru na wo de teiŋa ne. Banto na kwaane ba bere Wɛ chega kam to ŋwaane mo ba déem go-ba. 10Ba ma ŋɔɔne baŋa baŋa ba we:
“Dam-fɔrɔ Tu Baŋa Wɛ, nmo ye wo-pwoŋo tu mo de chega tu.
Yé dáane se n laam di logo baŋa nabiina taane,
se n daare n waare-ba, ba na go debam to ŋwaane.”
11Ba laam ma kwei gare-napwon-dedwaaro ba pa ba maama. Ba ma ta-ba ba we, “Zuri-na á yera se á kɔgɔ kom laam ba ko puli ko ti. Kokuri á dwonna ta daare logo baŋa ne, balo na maŋe se ba woli á kɔgɔ kom wone to. Banto ye balo de na toŋe ba pa Wɛ to, ye nɔɔna wó go-ba, ne ba na go abam tei to.”
Tɔnɔ kom maao 6
12A ma na Pipeila kam daa na kore maao kolo na ke teredo to.
Tega kam laam maa tiini ka ziziŋa.
Wea kam ma ji nazwono tim-tim,
ne gare-zwono tei.
Chana kam maama ma ji nasoŋo chwɛ-chwɛ,
ne jana tei.
13Chalechwe sem ma siiri se toe tega ne,
ne vo-dɛɔ mo na sugi kapera ko pa ya siiri tei to.
14Wɛyuu kom ma piri ko kɛ,
ne nɔɔno na piri sara tei to.
Ko daare logo baŋa peero maama
de tega kalo maama na wo naneo tetare ne to
ma fɔɔre te tiga jei ne.
15Logo baŋa nɔɔna maama laam ma kɔre foone. Ko ná ye logo baŋa pwa, de dedɛɛra, de jar-keira yiga tiina, de naduna, de nɔn-kamuna, ko woli de kabɛ, de balo na tei ba tete to maama, ba maama fona ye ba duri ba vo ba seigi ba tete peero bɔɔna de gugworru wone. 16Ba laam ma lwoori kandwa yam de peero tem ba na seigi te wone to se te to ba baŋa ne te kwoli-ba. Ba maa we, “Kwoli-na debam, se wolo wom na jei paare yituŋu kom baŋa ne to daa yé na debam. Ta‑á cho-na debam de Pipeila kam ban-zɔŋɔ kom na wo debam baŋa ne to. 17Kokuri to, dɛ dem yia se ba bane zaŋe debam nabiina baŋa ne, ye nɔɔn-nɔɔno daa bá wane o lu.”",https://www.bible.com/bible/3661/REV.6.KBG
GURIM 7,"Wɛ kɔgɔ kom taane
1Konto na kɛ to, a ma na Wɛ malese sena na zege tega baŋa sapala yana yam ne. Malese sem maa jege logo baŋa vio kom maama se ko yé taa fula ko pae jei de jei tega baŋa ne naa naneo wone, se ko yé fuli ko pa logo baŋa tio de.
2A daa ma na Wɛ maleka kadwoŋi na zaŋe ka nwoŋi wɛ-puli jei ne ka maa beena. Ka nam tu se ka la gwona mo ka pa balo na ye Ŋwea Tu Wɛ nyem to. Ka ma bage ka ta de Wɛ malese sena sem, Wɛ na pɛ-se dam se se wane se chɔge tega baŋa de naneo kom to, ka we, 3“Zege-na. Á yé chɔge tega baŋa, naa naneo kom, naa teeni dem de. Nam cheigi-na se dé ná tu dé la dé Tu Wɛ tontoŋena bam gwona ba tira ne, se dé daare.”
4Amo laam ma ba a lɔre balo na lage Wɛ gwona yam to ni na mae tei to. Ko ye nɔɔna morro bi de finna-tena (144,000) mo laga Isarele tiina dwi dem maama wone. 5Nɔɔna bam konto maa ye:
Nɔɔna morro fuga-telei (12,000) Judah dwi dem wone.
Nɔɔna morro fuga-telei (12,000) Ruben dwi dem wone.
Nɔɔna morro fuga-telei (12,000) Gad dwi dem wone.
6Nɔɔna morro fuga-telei (12,000) Asere dwi dem wone.
Nɔɔna morro fuga-telei (12,000) Nafitali dwi dem wone.
Nɔɔna morro fuga-telei (12,000) Manasɛ dwi dem wone.
7Nɔɔna morro fuga-telei (12,000) Simeon dwi dem wone.
Nɔɔna morro fuga-telei (12,000) Levi dwi dem wone.
Nɔɔna morro fuga-telei (12,000) Isakara dwi dem wone.
8Nɔɔna morro fuga-telei (12,000) Zebula dwi dem wone.
Nɔɔna morro fuga-telei (12,000) Josɛf dwi dem wone.
Nɔɔna morro fuga-telei (12,000) Benjamin dwi dem wone.
9Konto na kɛ to, a ma daa nii a na nɔn-kɔgɔ na tiini ko wora, ye nɔɔn-nɔɔno bá wane nɔɔna bam o ga o ti.
Nɔɔna bam konto nwoŋi
paare dim jei sem maama wone,
de nabiina dwi maama wone,
de teene maama wone,
de taana dwi maama tiina wone mo.
Ba maa zege paare yituŋu kom de Pipeila kam yiga ne. Ba zo gare-napwon-dedwaaro mo, ye ba daare ba zei konkwara vɔɔro ba jea ne. 10Ba laam maa ŋɔɔne baŋa baŋa de kwor-dɛa ba we:
“Debam Tu Wɛ mo jei paare yituŋu kom baŋa ne.
Pa-na dé tei‑o, o na vere debam lɛɛro wone o yage to ŋwaane,
ye dé tei Pipeila kam de.”
11Wɛ malese sem maama maa zege se gilimi paare yituŋu kom, de nakwa bam, dedaane wonnu tena tem na ŋwe to. Malese sem laam ma chɔɔle se yuni tega ne se yɔɔre paare yituŋu kom se zuli Wɛ se we:
12“Ko ye chega mo. Debam Tu Wɛ maŋe de teem, de zula, de swa, de lei keim,
ko woli de seinim, de dam, de baare,
se ko taa vei wuu. Ameena.”
13Konto na kɛ to, nakwa bam dedoa ma bwei amo o we, “Nɔɔna bam na zo gare-napwon-dedwaaro tem to ye bera mo? Ba nwoŋi yei ne mo?” 14Amo ma leiri‑o a we, “Amo tu, ta n bere-ne, se nmo mo yei-ba.”
O laam ma ta o bere amo o we, “Nɔɔna banto mo ye balo na wo logo baŋa ne maŋa kalo lɛɛro na tiini te wora ye ba nwoŋi te wone to. Ba nam zare ba gwaaro tem de Pipeila kam jana bam mo pa te peere. 15Konto nam mo pɛ banto ba ba zege Wɛ paare yituŋu kom yiga ne, ye ba toŋe ba pa‑o wea de tete maama o sɔŋɔ kom ne. Wolo wom nam na jei paare yituŋu kom baŋa ne to wó pa ba jeini o woro ne.
16Kana daa bá fɔge ka ja banto.
Na-nyɔm de nam bá ja-ba.
Wea nam daa bá ja-ba, naa fonyogo.
17Kokuri Pipeila kam na wo paare yituŋu kom jei sem tetare ne to wó taa nii ba baŋa ne, ne ka ye nayero mo tei.
Ka nam wó tɔge ba yiga ka ja-ba ka vo buli selo na na pae ŋwea to se ba nyɔ.
Wɛ nam wó weeri nɔɔna bam maama yi-na,
se ba daa yé taa jege yi-nyɔna.”",https://www.bible.com/bible/3661/REV.7.KBG
GURIM 8,"Tɔnɔ kom maao 7
1Pipeila kam laam ma kore maao kolo na ke terepɛ to. Dɔnne maa wo ke Wɛ telaao ne nenɛɛne awa chichworo tei.
2A laam ma na malese serepɛ sem na zega Wɛ yiga ne to. Ba ma kwei nabwanno terepɛ ba pa se maama. 3Maleka kadwoŋi ma ba ka zege Wɛ kaanem bimbini dem tei ne, ye ka zei sabu-seŋa min-chala zoŋa. Ba ma kwei talwoŋ-ywoŋa dedɛ ba ke maleka kam zoŋa kam ne, se ka kwei ka woli de Wɛ nɔɔna bam maama wɛ-lworo kom. Ba na pɛ-ka konto to, ko ye se ka kwei ka ja vo sabu-seŋa bimbini dem na zege paare yituŋu kom yiga ne to, se ka zwɛ ka pa Wɛ. 4Ka na kwei ka zwɛ konto to, wonnu tem nyoa kam maa tɔge de Wɛ nɔɔna bam wɛ-lworo kom ka nwoŋi maleka kam jea ne ka yɔɔre ka diini Wɛ tei. 5Maleka kam ma daare ka pɛ min-chala bimbini dem baŋa ne ka su zoŋa kam ni. Ka laam ma kwei mini dem ka dole ka yage logo baŋa ne. Ka na ke konto to, doa ma pepele ye ka baga ka wuura. Sɔɔ ma tiini ko gaale ye tega kam de ziziŋa.
Malese serepɛ sem na ke tei to
6Malese serepɛ sem maama laam ma ti se yiga se se wu se nabwanno tem. 7Maleka kalo na ye da-yiga tu to ma wu ka nabɔnɔ kom. Ka na wugi-ko to, doa kandwa, de mini, de jana na gwaane daane to ma chuuri logo baŋa ne. Logo baŋa pɔɔrem kuni betɔ wone kuri bedwe ma di mini. Teeni dem pɔɔrem kuni betɔ wone kuri bedwe de ma di mini, de ga-lɛɛro maama.
8Maleka kalo na saŋe to de ma wu ka nabɔnɔ kom. Ka na wugi konto to, ba ma kwei woŋo na nye de peo-zɔŋɔ ye ko jege mini to ba dole ba de logo baŋa naneo kom wone. Naneo kom ma ji jana. 9Wonnu telo na ŋwe naneo kom wone to pɔɔrem kuni betɔ wone kuri bedwe ma te, ye nabwooru tem pɔɔrem dem konto de chɔge.
10Malese setɔ tu wom ma wu o nabɔnɔ kom. Chalecho-kamunu na jege mini ne mɔɔle mini tei to laam ma nwoŋi wɛyuu ne ka to logo baŋa bu-tole sem pɔɔrem kuni betɔ kom kuri bedwe wone, de buli sem de wone. 11Chalechoa kam konto yere mo ‘Nywaane’. Bwi sem konto na bam ma ji na-chɛɛra. Nɔɔna dedɛ maa nyɔ-ba ye ba toa.
12Malese sena tu wom de laam ma wu o nabɔnɔ kom. Wea kam pɔɔrem kuni betɔ wone kuri bedwe ma chɔge. Chana kam pɔɔrem dem konto de ma chɔge, ko woli de chalechwe sem de konto. Konto ma pa se te maama pɔɔrem kuni betɔ wone kuri bedwe ye lim. Konto ŋwaane, pwooni daa tera dɛ wone pɔɔrem kuni betɔ kom kuri bedwe wone, wea de tete maama.
13Amo laam ma nii a na kawula na tiini ka jaane wɛyuu wɛyuu. A ma ni ka na tage baŋa baŋa ka we, “Lɛɛro naa! Lɛɛro naa! Lɛɛro lage te yi balo na zoore logo baŋa ne to. Malese setɔ selo na daare to ná wugi se nabwanno tem pa te kwori zaŋe, lɛɛro tem konto wó ba nabiina baŋa.”",https://www.bible.com/bible/3661/REV.8.KBG
GURIM 9,"1Maleka kalo na ye banu tu wom to laam ma wu ka nabɔnɔ kom. Amo ma na chalechoa na kwori wɛyuu ne ka ba ka to logo baŋa ne. Ba ma kwei bwor-bu ba pa-ka se ka ma pore gwoŋ-chanluŋu kom ni dem. 2Ka na pore gwoŋo kom ni dem to, nyoa maa yɔɔre ka pi ka nwoŋi ko wone, ne mini delo na daga ye de jege nyoa tei to. Nyoa kam ma nwoŋi ka li wea kam de wɛyuu kom maama. 3Kayere laam ma nwoŋi nyoa kam wone se tu tega baŋa. Se ma jwoŋi dam se se donem taa wɔe, ne nɔŋɔ donem na ye tei to. 4Ba ma kaane-se se se yé chɔge logo baŋa gaaro de teeni, naa vɔɔro dwi maama. Se ma jwoŋi chwoŋa se se chɔge nɔɔna balo yerane na wo lage Wɛ gwona yam ba tira ne to. 5Ba maa wo pɛ kayere sem chwoŋa se se go nɔɔna bam konto. Se nam nɛ chwoŋa se se pa nɔɔna bam yera mo taa wiira, se ko vo ko yi chane senu. Ba yera yam wó taa wiira ne nɔŋɔ donem na ye tei to mo. 6Maŋa kam konto ne, nɔɔna bam wó taa lage se ba te, ye toone bá ja-ba, de ba ná maŋe ba beeri toone tei maama de.
7Kayere sem maa nye de sisei mo ba na vɔga se se vo jara jei to. Kayere sem yuni nye de se pugi sabu-seŋa yipwi mo tei. Se yibia maa ye nenɛɛne nabiina yibia na ye tei to. 8Se yu-ywei maa nye de kaana yu-ywei tei. Se yeila maa nye de nywonnu yeila. 9Kayere sem nyɔɔna maa nye de lu-polwaro mo kwoli-ya tei. Se vɔna yam wuurim dem maa ke sɔɔ dedɛ, nenɛɛne sisein-kɔgɔ mo vaŋe torokooro se duri se maa vei jara jei tei. 10Se maa jege nabila ye ya nye de nwanno nabila tei. Se mae nabila yam konto se done nabiina ne nɔŋɔ na done tei to. Se nabila yam mo pae se jege dam se se wane se chɔge nɔɔna, se ba yera taa weera taa se ko vo ko yi chane senu. 11Se maa jege pɛ se o taa nii se baŋa ne. Wonto mo ye maleka kam na nii gwoŋ-chanluŋu kom baŋa ne to. Ka yere de Juu tiina taane mo ye ‘Abadon’. Ka yere dem de Girisi tiina taane maa ye ‘Apolua’.
12Mo lɛɛro telo na bobo se te ba to. Ko nam ta daare lɛɛro kuni belei mo.
13Malese seredo tu wom laam ma wu o nabɔnɔ kom. Amo ma ni kwora na nwoŋi sabu-seŋa bimbini dem na zege Wɛ yiga ne to nyea yana yam seeni. 14Kwora kam ma ta de malese seredo tu wom na zei nabɔnɔ kom to ka we, “Véi n bwoli malese sena sem ba na leiga ba zege Yuferata bu-zaŋa kam ni ne to n yage.”
15Maleka kam laam ma vo ka bwoli malese sena sem ka yage. Sento maŋe se wora mo se pɔe maŋa kam konto nɔɔ se ka ba ka yi. Se laam ma zaŋe se se vo se go nabiina pɔɔrem kuni betɔ wone kuri bedwe. 16Amo ma lɔre malese sena sem jara tiina bam kɔro tem ni na mae tei to. Ko ye moro kuni morro bia yalei (200,000,000) mo, ye ba maama dɔge sisei. 17Wɛ ma pa se a na sisei sem de se dira bam na ye tei to. Nɔɔna bam maa jege lu-polwaro telo ba na maa kwoli ba nyɔɔna ba ke jara to. Luuru tem konto maa tiini te seene, ne mini na ye tei to. Tedaara maa ye nazwom-pupweeru. Tedwonna de maa ye nasonno, ne su-muni tei. Sisei sem yuni tem nam nye de nywonnu yuni mo tei. Mini de nyoa maa nwoŋa se nia ne. Chilibugu kolo lwom na dana to de maa nwoŋa. 18Wonnu tem konto tetɔ ma to logo baŋa nabiina wone, ye te go ba pɔɔrem kuni betɔ wone kuri bedwe. Ko nam ye mini dem, de nyoa kam, de chilibugu kom na nwoŋi sisei sem nia ne to mo go-ba. 19Sisei sem nia yam mo pae se jege dam, de se nabila yam de. Se nabila yam nye de basankwe mo, ye ya jege yuni ya maa yaare nɔɔna.
20Nabiina balo na daare ye wonnu tem konto dam wo go-ba to maama nam wo sɛ se ba leiri ba wo de ba keim-balwaaro tem. Ba yɔɔre ba zuli wonnu telo ba tete jea na ke to mo. Ba ta zuli setaana, dedaane jwona yalo ba na mɛ sabu-seŋa, naa lu-nyenno, naa channa, naa kandwa, naa dɛ ba ma ke to mo. Jwona yam konto dwoŋi nam ba nae, ye ya kwori ya ba ni, ye ya ware ya vo de. 21Nɔɔna bam konto maa wo sɛ se ba leiri ba wo de ba nɔn-gora kam, de ba liri kikia yam. Ba ta maa wo yage ba bwoorim kikia yam de ba ŋweene dem.",https://www.bible.com/bible/3661/REV.9.KBG
GURIM 10,"Maleka kadwoŋi de ka tɔn-balaŋa taane
1Amo daa ma nii a na maleka kadwoŋi na tiini ka dana to. Ka ma nwoŋi Wɛ telaao ne ka maa tua. Ka mɛ kunkwoŋo mo ka kukwori ka yera, ye manlaataŋa kekare ka yuu seeni. Ka yibia nye de wea kam mo, ye ka nɛ sem nye de min-vogo na ye tei to. 2Maleka kam maa jege tɔn-balaŋa kalo na puri to ka jeŋa ne. Ka ma kwei ka jazem naga ka chwi naneo kom wone. Ka ma daare ka chwi ka jagwia naga kam tega baŋa ne. 3Ka laam ma daare ka bage baŋa baŋa, ye ka kwora kam ke sɔɔ ne nywoŋo na suuri tei to. Maleka kam na bage konto to, doa bagem kuni berepɛ ma leiri-ka. 4Doa kam na bage konto to, amo maa lage se a popone ka kwora kam a tiŋi. Amo laam ma ni kwora na ŋɔɔne Wɛ telaao ne ka we, “Ta‑n chem, se n yé zaŋe n popone doa kam na bage ka ta kolo to n tiŋi.”
5Maleka kalo amo ya na maŋe a na ka na zege naneo kom wone de tega baŋa ne to laam ma zeiŋi ka jazem jeŋa wɛɛne, 6ye ka du Wɛ yere ŋwaane.
Wonto nam mo jege ŋwea se ko taa vei wuu.
O ke wɛyuu baŋa kam mo
de wonnu telo maama na wo ka wone to,
ye o kwori o ke tega baŋa kam
de ka wonnu tem maama,
O ta mo ke naneo kom,
de wonnu telo maama na wo ko wone to.
Maleka kam na dugi tei to, ka maa we, “Wɛ daa bá dáane de o na lage o ke kolo to. 7Malese serepɛ tu wom ná lage o ba o wu o nabɔnɔ kom wɛɛne to, Wɛ boboŋa yalo ya na seigi to laam wó ba ya ke ya ti. O sampwori selo déem na tɔɔle o kwora to maŋe ba lɔre o boboŋa yam konto.”
8Maleka tu wom na tage konto to, amo ma jwoori a ni kwora kalo na wo telaao ne ka ŋɔɔne to. Ka daa ma ta de amo ka we, “Véi maleka tu wolo na zege naneo kom baŋa ne de tega kam baŋa ne to tei, se n jwoŋi tɔn-balaŋa kalo na puri ka wo o jeŋa ne to.”
9A ma vo a ta maleka kam se ka pa-ne tɔn-balaŋa kam. Ka ma ta-ne ka we, “Jwoŋi tɔnɔ kom n kwei n di. Ko ná yi nmo kana, ko wó taa chamma. Ko nam ta ná wo nmo ni ne, ko wó taa sona ne tooro tei.”
10Amo ma kwei tɔn-balaŋa kam maleka kam jeŋa ne a de a ni ne. Ka maa sona ne tooro tei. Ko daare, amo na ligi-ka to, ka ma leiri ka ji cham yerane a kana ne. 11Ba laam ma ta ba bere-ne ba we, amo daa taa jege se a tɔɔle Wɛ kwora kam se ko vo logo baŋa dwi tiina dedɛ seeni, de teene dedɛ seeni, dedaane taana dwi dwi tiina dedɛ de ba pwa de seeni.",https://www.bible.com/bible/3661/REV.10.KBG
GURIM 11,"Wɛ nɔɔna balei taane
1Ba laam ma kwei daa kalo ba na maa maŋe wonnu to ba pa-ne. Ba ma ta amo ba we, a zaŋe a maŋe Wɛ diga kam de ko kaanem bimbini dem a nii, se a daare a jeeli nɔɔna balo na wo Wɛ diga kam wone ba zuli‑o to ni. 2Ba ma daare ba ta amo se a yé maŋe ka da-yiga konkɔlɔ kom, kolo ŋwaane ba kwei jei sem konto ba ke dwi-gɛ tiina bam jeŋa ne mo. Banto nam mo wó ba ba taa kare teo kolo Wɛ na pɔɔre o pa o tete to wone ba nɔne wonnu ba chɔge taa, chane finna-selei (42). 3Wɛ daa ma ta-ne o we, “Amo lage a toŋe nɔɔna balei se ba ba ba zege amo chega kam kwaga ne ba bere nɔɔna. Banto wó zo gare-nyenyaaro ye ba tɔɔle amo kwora kam se ko yi da moro de bia yalei de fuseredo (1,260).”
4Olivi teeni delei de min-zwonnu telei na zege logo baŋa Teiru wom yiga ne to mo bere Wɛ nɔɔna bam konto balei na ye tei to. 5Mini mo wó nwoŋi ba nia ne de chɔge ba dona balo na dwoni de-ba to. Wolo maama ná lage se o ke-ba lwarem, ko ye konto dwoŋi mo ba wó go kotu. 6Banto nam jege dam se ba ja wɛyuu kom se doa daa yé taa nena maŋa kam ba na wora ba tɔɔle Wɛ kwora kam to. Ba nam daa ta jege dam se ba pa bwi sem na leiri ba ji jana. Ba ta jege dam se ba pa jawe-chɛɛro dwi maama ba nabiina baŋa maŋa kalo maama ba na lage to.
7Ba ná tɔɔle Wɛ kwora kam ba ti, juru kolo na zoore gwoŋ-chanluŋu kom wone to wó nwoŋi ko ba ko ja jara dedaane-ba. Ko maa wó wane-ba ko go. 8Ko ná go-ba, ba yera yam maa wó taa tigi pwooni yiga ne teo kamunu kom wone. Yera yalo na bere teo kom konto kuri chekke to mo ye ‘Sodom’ de ‘Ejipti’. Ko ye dáane mo ba jaane banto Teiru wom ba pa dagara yuu ne ba go.
9Nɔɔna laam wó nwoŋi teene maama wone,
de nabiina dwi maama wone,
de taana dwi maama tiina wone,
de paare dim jei maama wone,
ba ba ba nii banto yera yam na tigi da to.
Ba wó taa yɔɔre ba nii banto yera yam da yatɔ de chichworo, ye ba bá sɛ se ba kwei-ba ba suli. 10Balo na zoore logo baŋa ne to wó taa jege wopwolo de banto balei na tege to. Ba maa wó ke kwɛɛra daane, ye ba daare ba pae pɛɛra ba ma zuli daane. Ba wó taa chaka de wopwolo, Wɛ sampwori sem konto balei na pɛ se yaara dwi dwi ba nabiina baŋa ne ye ba laam te to ŋwaane. 11Da yatɔ de chichworo kom nam na kɛ to, Wɛ ma pa o siu kolo na pae ŋwea to laam ba ko zo ba yera yam, ye ba jwoori ba bi ba zaŋe. Foone ma tiini de ja balo maama na nɛ-ba to. 12Wɛ sampwori sem laam ma ni kwora na ŋɔɔne telaao ne ka we, “Diini-na á ba ywo.”
Kunkwoŋo ma ba ko kwei-ba ko ja di wɛyuu, ye ba dona bam zege ba nia. 13Kanto maŋa kam ne nɔɔ, tega baŋa maama maa tiini ka ziziŋa. Ko ma pa se teo kom pɔɔrem kuni fuga wone kuri bedwe chɔge maama. Tega kam ziziŋim dem ma go nɔɔna morro terepɛ (7,000). Foone ma ja nɔɔna balo na daare to, ye ba sɛ we Telaao Tu Baŋa Wɛ wom tiini o jege dam. 14Mo lɛɛro telo na ke belei tu to. Ko nam ta daare lɛɛro telo na wó ke betɔ tu to mo. Tento nam lage te ba leile mo.
Nabɔnɔ kolo na wugi ko ma kweeli to
15Wɛ malese serepɛ tu wom laam ma wu o nabɔnɔ kom. Kwori laam ma ŋɔɔne telaao ne baŋa baŋa se we, “Logo baŋa paare dem laam wo dé Yuu-tu Wɛ jeŋa ne mo de o Dam Tu Krista jeŋa ne. O nam wó taa di paare logo baŋa ne se ko taa vei wuu.”
16Nakwa finlei-bana bam ba na jei Wɛ yiga ne ba paare yitunnu tem baŋa ne to laam ma chɔɔle ba yuni tega ne ba zuli Wɛ, 17ye ba we:
“Dam-fɔrɔ Tu Baŋa Wɛ,
nmo maŋe n wora boboa ne,
ye n ta wora de zem maama.
Dé ke nmo lei de n laam na kwei n dam-fɔrɔ kom
n ma n tei logo baŋa to.
18Logo baŋa dwi-gɛ tiina bam tiini ba jege ban-zɔŋɔ mo.
Leile konto nmo ban-lom dem nam wó zaŋe de-ba.
Ko laam yi maŋa kalo nmo na wó di twa taane to.
Nmo wó pa se balo maama na sɛ nmo to na pɛɛra.
Ko ná ye nmo ni-jwoŋina balo na tɔɔle nmo kwora to,
de balo maama na ye nmo nɔɔna ye ba kɔre n yere dem to,
ko ná ye nɔn-kamuna de nabwona de,
ba maama wó di nyɔɔre.
Ko nam ná ye balo na chɔge logo baŋa to,
maŋa yia se nmo laam chɔge-ba.”
19Ba na zuli Wɛ konto ba ti to, Wɛ diga kalo na wo telaao ne to ni laam ma pore. Wɛ ni-gwonim dakaa kam na wo Wɛ di-yun-gala kam ne to ma ba ka nae jaja. Doa laam maa pepela ye ka baga ka wuura. Tega maa ziziŋa ye do-kandwa tiini ya toe dedɛ.",https://www.bible.com/bible/3661/REV.11.KBG
GURIM 12,"Kayanchɔrɔ zeili kaane de o bu
1Wo-kenkagele laam ma nwoŋi wɛyuu ne. Amo ma na kaane na mɛ wea kam o kukwori o yera. Chana kam maa wo o napera kuri ne. Ko daare yipuga kalo na jege chalechwe fuga-selei to ma pu o yuu ne. 2Kaane wom ye kapua mo ye o puga kam virigi se o lo. Ko na chana to, o ma kaase baŋa baŋa.
3Wo-kenkagele dedwoŋi daa ma nwoŋi wɛyuu ne. Amo ma na kayanchɔrɔ na wora, ko na nye de vare-kamunu. Ko ye nasoŋo mo chwɛ-chwɛ ye ko jege yuni terepɛ, de nyea fuga. Paare yipwi ma pu ko yuni tem maama baŋa ne. 4Ko ma kwei ko nabili dem ko ma vaŋe chalechwe sem pɔɔrem kuni betɔ wone kuri bedwe ko kwori wɛyuu ne ko de tega ne. Ko ma ba ko zege kaane wolo na lage o lo to yiga ne, se o ná loge bu wom, se ko kwei ko di. 5Kaane wom ma lo o bu wom, o ye bakeira mo. Wonto mo wó taa tei logo baŋa dwi tiina maama de o dam. Kaane wom na loge konto to, ba ma chaale bu wom ba ja vo Wɛ tei, o paare yituŋu kom na wo mɛ to. 6Kaane wom laam ma duri o vo kagoa yuu, jeiga kalo Wɛ na maŋe o kwɛ se o pa‑o to. Wɛ wó taa nii o baŋa ne jei sem konto ne da moro de bia yalei de fuseredo (1,260).
7Jara déem ya ke Wɛ telaao ne. Wɛ malese dedɛɛro wolo yere na ye Mikayeli to dedaane o kwaga malese sem ma chiŋi jara de kayanchɔrɔ kom. Kayanchɔrɔ kom de ko kwaga malese sem de ma jwoori se kwaare jara yam. 8Ko maa wo wane jara yam ko ke ko di. Ko de ko kwaga malese sem ma daa wo nɛ jeiŋa jei Wɛ telaao ne. 9Ba ma zeili-ko Wɛ telaao ne ba dole ba yage logo baŋa ne, de ko kwaga malese sem maama. Kayanchɔrɔ kom konto mo ye basankwea kalo na maŋe ka wora faŋa faŋa to. Ka yere nam mo ye ‘Vwa-nyena pɛ’, de ‘Setaane’, ye ka gane logo baŋa nɔɔna maama.
10Amo laam ma ni kwora na ŋɔɔne Wɛ telaao ne ka we, “Leile konto debam Tu Wɛ tu o vere o nɔɔna setaana pɛ jeŋa ne. O ma pa o dam de o paare dem bere jaja. O Dam Tu Krista de tu se o taa tei nɔɔna de dam. Kokuri wolo wom na yeini o ŋɔɔne o chɔge dé nu-bia bam Wɛ yiga ne to daa tera. Wonto mo yeini o zege dé Tu Wɛ yiga ne tete de wea maama o ŋɔɔne o chɔge-ba. Ba laam nam de‑o ba yage. 11Ba na wane‑o konto to, ko ye Pipeila kam toone jana bam de ba na bere Wɛ chega kam tei to ŋwaane mo. Ba ma sɛ se ba kwei ba ŋwea ba ma leini toone. 12Abam balo maama na zoore wɛ telaao jei sem ne to, á ta‑á chaka de wopwolo. Ko daare ko ná ye logo baŋa de ko naneo kom, lɛɛro wó ba abam nɔɔna bam baŋa, vwa-nyena pɛ wom na tu abam tei to ŋwaane. O nam tiini o jege ban-zɔŋɔ lanyerane, kokuri o yei we o da yam gɛ fee mo.”
13Kayanchɔrɔ kom na lɔre we ba zeili-ko ba yage logo baŋa ne to, ko ma pɛ kaane wolo na loge bakeira kam to kwaga ko pu. 14Ba ma kwei kawul-zɔŋɔ vɔna yalei ba pa kaane wom se o ma jaane wɛɛne o vo o yi kagoa kam yuu jei sem o na maŋe se o taa wora to. Dáane mo Wɛ wó nii o baŋa ne bena yatɔ de chichworo, ye o daare o che‑o kayanchɔrɔ kom yiga ne. 15Kayanchɔrɔ kom ma twe na dedɛ se ba vo ba pɛ kaane wom ba ja viiri, ne bu-tola na na duri tei to. 16Tega kam ma zeini kaane wom, ye ka pore bɔɔne ka nyɔ na balo maama kayanchɔrɔ kom na twe to. 17Konto ŋwaane mo kayanchɔrɔ kom bane tiini de zaŋe de kaane wom. Ko laam ma vo se ko ke jara de kaane wom dwi tiina balo na daare to. Banto mo ye balo na sɛ Wɛ nia yam, ye ba bere we ba tɔge Yezu chega kam to. 18Kayanchɔrɔ kom laam ma vo ko zege naneo kom ni ne.",https://www.bible.com/bible/3661/REV.12.KBG
GURIM 13,"Juru kolo na nwoŋi naneo wone to
1Amo daa ma na juru kodwoŋi ko na nwoŋi naneo kom wone. Ko maa jege nyea fuga de yuni terepɛ. Ko nyea yam baŋa maama maa jege paare yipwi. Ko yuni tem yera ne ma popone yere delo na twe Wɛ to. 2Amo na nɛ juru kom konto to, ko nye de gweeru mo. Ko nɛ maa nye de faao nɛ, ye ko ni nye de nywoŋo ni. Kayanchɔrɔ kom laam ma kwei ko paare dem de ko dam-fɔrɔ kom ko ke juru kom jeŋa ne. 3Juru kom yuu dedoa maa jege fufwolo, nenɛɛne ba zage-ko mo tei. Fufwolo kom konto laam ma ba ko jei. Ko ma so nabiina maama logo baŋa ne, ye ba sɛ ba pa juru kom. 4Nɔɔna maama maa kuni dwoona ba zuli kayanchɔrɔ kom, de ko na kwei ko dam dem ko pa juru kom to. Ba ma daare ba zuli juru kom de, ye ba tɛ ba we, “Nɔɔno tera o na mae de juru kom. Nɔɔn-nɔɔno nam bá wane o ke jara de‑ko.”
5Ba ma pa juru kom chwoŋa se ko ŋɔɔne kamunni ko pa ko tete, ye ko daare ko ŋɔɔne ko twe Wɛ yere. Ko ma jwoŋi dam se ko vo ko yi chane finna-selei (42). 6Ko ma kwaane ko sɔɔle lwarem ko pa Wɛ, ye ko ta twe Wɛ yere dem, de o sɔŋɔ kom, ko woli de balo na zoore Wɛ telaao ne to. 7Juru kom ma kwori ko na dam se ko kwaare jara de Wɛ nɔɔna bam, se ko wane-ba ko di. Ko ma jwoŋi dam se ko taa tei logo baŋa dwi maama, de teene maama tiina, de taana dwi maama tiina, de paare dim jei sem maama tiina. 8Nɔɔna balo maama na jege kugu jei logo baŋa ne to wó taa zuli juru kom. Banto mo ye nɔɔna balo yera na maŋe ya wo popone ya tiŋi Wɛ ŋwe-doŋa tɔnɔ kom wone maŋa kam logo baŋa ta na tera to. Ko nam ye Pipeila kam ba na go to mo tei tɔnɔ kom konto.
9Nam pore-na á zwa se á cheigi amo taane dem. 10Wolo maama na yɔɔre o ba se o dona ja‑o ba pe to, ba wó ja konto tu mo ye o bá lu. Wolo maama de na yɔɔre o ba se ba ma se-zɔɔ ba go‑o to, ba wó ma-ko mo ba go‑o ye o bá wane o lu. Konto mo tei Wɛ nɔɔna bam jege se ba taa vɔ pu-dɛa, se ba daare ba ke ba wo-dedoa de Wɛ.
Juru kolo na nwoŋi tega ne to
11Amo laam ma na juru kodwoŋi ko na nwoŋi tega ne. Ko maa jege nyea yalei, ne pi-bala nyea na ye tei to. Ko ŋɔŋa maa nye de kayanchɔrɔ ŋɔŋa kam na ye tei to. 12Da-yiga juru kom ma pa‑ko chwoŋa se ko ma ko dam-fɔrɔ kom ko toŋe ko pa-ko. Ko ma ma dam dem konto ko fe balo maama na zoore logo baŋa ne to pa ba zuli da-yiga juru kolo yuu ba na zage ye ko fufwolo kom laam jei to. 13Juru kolo na saŋe to ma tiini ko ke wo-kenkagela yalo na dana to. Ko ma pa se mini nwoŋi wɛyuu ne de ba tega baŋa ye nabiina maama zege ba nia. 14Ko na nɛ chwoŋa se ko ke wo-kenkagela yanto dwoŋi da-yiga juru kom ŋwaane tei to ma pa ko wane ko gane nɔɔna balo na zoore logo baŋa ne to. Ko ma ta-ba se ba mɔ kamɔgɔ se ko taa nye de juru kolo ba na mɛ se-zɔɔ ba zage ye ko ta ŋwe to. 15Ko ma daare ko na chwoŋa se ko kwei siu ko ke da-yiga juru kom kamɔgɔ kom wone, se ko taa ŋwe. Ko na ke konto to, kamɔgɔ kom maa wae ko ŋɔɔna, ye ko jege dam se ko pa balo maama na ve se ba zuli-ko to te. 16Ko ma fe nɔɔna maama se ba taa jege gwona ba jazena ne naa ba tira ne. Ko ná ye nabwona de nɔn-kamuna de, naa ko ná ye naduna de yiniga tiina, ko woli de kabɛ de balo na tei ba tete to de, ba maama wó la gwona yam konto mo. 17Nɔɔno ná wo lage gwona yam konto, kotu bá wane o yeigi woŋo naa o kwei woŋo o yeigi. Gwona yam konto nam mo bere juru kom yere, naa namba kalo na bere ko yere dem to.
18Konto nam tei se n ta‑n jege swa mo. Nmo yi ná poore, n wó wane n boŋe n lɔre juru kom namba kam kuri. Namba kam bere nabiinu yere mo. Ka nam ye bia yaredo de fuseredo-baredo (666) mo.",https://www.bible.com/bible/3661/REV.13.KBG
GURIM 14,"Pipeila kam de ka nɔɔna bam taane
1Amo laam ma nii a na Pipeila kam ka na zege Zion peo kom yuu ne. Nɔɔna morro bi de finna-bana bam (144,000) maa tɔge ba wora. Pipeila kam yere de ka kwo yere dem ma popone ba tira ne. 2A ma ni kwora na ŋɔɔne Wɛ telaao ne. Ka maa dɔna nenɛɛne na na wuuri ye doa bage tei to. A na nigi kwora kam konto to, ka kwori dem maa nye de kɔn-magena na mage ba kwanno tei to. 3Nɔn-kɔgɔ kom maa zege ko yɔɔre Wɛ paare yituŋu kom, de wonnu tena tem na ŋwe to, de nakwa bam. Ba maa leeni leiŋ-doŋa kalo nɔɔn-nɔɔno na bá wane o zamese-ka to ko ná dae nɔɔna morro bi de finna-tena bam yerane (144,000). Banto mo ye balo Wɛ na le logo baŋa nabiina wone ye o ŋwe ba wɛleera jene to. 4Banto nam mo chege ba tete de wo-digiru keim, ye ba wo tɔge ka-laga wo-zɔɔna kikia. Banto yeini ba tɔge Pipeila kam kwaga mo ba vei jei selo maama ka na wó vo to. Wɛ mo le-ba nabiina wone o ŋwe ba wɛleera jene, pa se banto da yiga ba ji o nyem, de Pipeila kam de nyem. 5Banto nam wo fɔge ba fɔ vwa. Ba maa jege bora ye tusim tera.
Wɛ malese setɔ na tage wonnu telo to
6Amo laam ma na maleka tu wodwoŋi, ka na jaane wɛyuu ne. Ka maa jege Wɛ kwor-ywoŋa kalo na jege kuri taa wuu to se ka tɔɔle ka bere balo na zoore logo baŋa ne to.
Ko nam ye paare dim jei sem maama ne mo,
de nabiina dwi maama,
de taana dwi maama tiina,
de teene maama tiina.
7Ka maa ŋɔɔne de kwor-dɛa ka we, “Nam kɔre-na Wɛ se á daare á ta‑á pa‑o zula, kolo ŋwaane maŋa kam yia se o di nabiina taane. Nam kuni-na dwoona á zuli wolo na ke wɛyuu jei sem, de tega baŋa kam, de naneo kom, dedaane buli sem to.”
8Maleka kadwoŋi ma saŋe ka kwaga ye ka tɛ ka we, “Babilon te-fɔrɔ kom chɔge ywoo! Ko yɔɔre ko chɔge mo zɔŋŋ. Ko déem nam yeini ko pa nabiina dwi maama mo tɔge ba ke ko kabwoŋa kikia yam, nenɛɛne sa-dɛɛra mo ba nyɔge ba su tei.”
9Malese setɔ tu de ma saŋe, ye ka tɛ de kwor-dɛa ka we, “Wolo maama ná zuli varem wom de o kamɔgɔ kom, ye ba daare ba la ba gwona yam o tiri ne naa o jeŋa ne, 10Wɛ ban-lom dem laam wó ba kotu baŋa ne, ne ba lwogi sa-dɛɛra mo ba su na-zoŋa ba pa o nyɔ o su tei. Wolo maama ná sɛ varem wom konto, chilibugu kolo na jege mini to mo wó di kotu pa o na cham dedɛ Wɛ malese sem yiga ne, de Pipeila kam yiga ne. 11Mini dem na di ba yera yam tei to wó pa se nyoa nwoŋi da ka yɔɔre ka taa zaŋe mo taa taa se ko taa vei wuu. Balo maama na zuli varem wom de o kamɔgɔ kom to, de balo maama de na lage gwona yalo na bere o yere dem to bá na siu kɔtaa, wea de tete maama.”
12Konto mo tei Wɛ nɔɔna bam jege se ba taa fɔge ba zege de pu-dɛa. Banto mo ye balo na sɛ Wɛ nia yam ye ba kwori ba jege wo-dedoa de Yezu to.
13Amo laam ma ni kwora na ŋɔɔne telaao ne ka we, “Nam popone tento: Ko na zege zem se ko taa vei to, balo na sɛ dé Teiru wom ye ba ba ba te to, wó taa jege yu-ywoŋo.” Wɛ Sin-laao kom ma leiri ko we, “Ko ye chega mo. Banto wó sii de ba totoŋ-chɛɛra yam, kolo ŋwaane ba keim-laaro mo wó taa tɔge-ba.”
Wɛ borem maŋa kam na ye tei to
14Amo laam ma nii a na kunkwoŋ-pwoŋo, ye wolo na nye de nabiinu bu to jei ko baŋa ne. Sabu-seŋa yipuga ma pu o yuu ne, ye o daare o zei sekwara kalo na jege ni to. 15Maleka kadwoŋi ma nwoŋi Wɛ diga kam wone. Ka ma tɔɔle baŋa baŋa ka ta de wolo wom na jei kunkwoŋo kom baŋa ne to ka we, “Logo baŋa faao kom laam bege ko ti. Kwei n sekwara kam n ma n gaane faao kom, se ko maŋa kam yia.” 16Wolo wom na jei kunkwoŋo kom baŋa ne to laam ma vuvugi o sekwara kam logo baŋa ne o ma gaane ko wodiiru tem.
17Amo daa ma na maleka kadwoŋi na nwoŋi Wɛ diga kalo na wo telaao ne to wone, ye ka de jege sekwara kalo na jege ni to. 18Maleka kadwoŋi na nii mini baŋa ne to ma nwoŋi Wɛ kaanem bimbini dem seeni. Ka ma tɔɔle de kwor-dɛa ka ta de maleka kalo na zei sekwara kam to ka we, “Kwei n sekwara kam na jege ni to n ma n gwori Vini tio-bia bam, se logo baŋa tio-bia bam konto laam bege ba ti.”
19Maleka kam laam ma kwei ka sekwara kam ka fere Vini tio-bia bam ka gwori. Ka ma kwei-ba ka de kazɔ-zɔŋɔ wone se ba tɛ ba ma ke sana, se ko bere Wɛ ban-zɔŋɔ kom na wó ba nabiina baŋa tei to. 20Kazɔgɔ kom maa zege teo kom dáa ne mo. Ba maa nɔne tio-bia bam ko wone se ba nyoa bam taa nwoŋa. Ba nyoa bam na nwoŋi to maa ye jana. Jana bam ma nwoŋi ba pɛɛle tega ne ba vo nenɛɛne stadia moro dedoa de bia yaredo (1,600), ye ba na luuna tei to diini ko maŋe de siseiŋa ni mo.",https://www.bible.com/bible/3661/REV.14.KBG
GURIM 15,"Malese serepɛ de se yaara dwi dwi taane
1Amo laam ma na wo-kenkagele dedwoŋi wɛyuu ne, de na tiini de dana ye de ba jege dwoŋi. A ma na Wɛ malese serepɛ na wora, ye se dedoa dedoa jege yaara dwi dwi se se pa ya ja nɔɔna. Yaara yarepɛ yam konto mo lage ya kweeli, kolo ŋwaane yanto ná ke ya ti, Wɛ ban-zɔŋɔ kom laam wó ti. 2Amo ma daare a na woŋo na nye de naneo. Ko maa nyeena ne gelaase na nyeene tei to, ye ko nye ne mini mo gwaane da tei. Amo ta ma na balo na wane varem wom dam dem, de o kamɔgɔ kom dam dem, ko woli de o yere dem namba kam dam dem de to. Banto maa zege naneo kolo na nyeena lanyerane to ni ne. Ba maa zei kwanno telo Wɛ na pɛ-ba to. 3Ba maa leeni leiŋa kalo na ye Wɛ tontoŋeno Moses nyem to. Ka ma kwori ka ye Pipeila kam de nyem mo. Ba ma leeni ba seini Wɛ ba we,
“Dam-fɔrɔ Tu Baŋa Wɛ,
nmo kikia yam tiini ya dana
ye ya ba jege dwoŋi.
Logo baŋa dwi tiina maama Pɛ,
nmo chwei sem yɔɔre se tɔge chega mo.
4Yuu-tu Baŋa Wɛ,
nɔɔn-nɔɔno tera o na bá kɔre nmo.
Nɔɔna maama nam wó taa zuli nmo yere dem.
Nmo yerane mo ye wo-pwoŋo tu chekke.
Logo baŋa dwi maama tiina wó ba
ba kuni dwoona nmo yiga ne ba zuli‑m,
kolo ŋwaane nɔɔna maama wó na
nmo kikia yam na jege chega tei to.”
5Ba leiŋa kam na ti konto to, amo ma nii Wɛ telaao ne a na Wɛ wara-vwei dem de de di-yuu kom ni na pore. 6Wɛ malese serepɛ sem na jege yaara dwi dwi kuni berepɛ to ma nwoŋi diga kam wone. Se ma zo gare-fefale selo na tiini se nyeena pele-pele to, ye se daare se vɔ sabu-seŋa kili se nyɔɔna ne. 7Wonnu tena tem na ŋwe to dedoa laam ma zaŋe ko kwei sabu-seŋa zwe serepɛ ko pa malese serepɛ sem. Zwe sem konto nam mo su de Wɛ ban-lom dem. Wonto nam mo jege ŋwea se ko taa vei wuu. 8Wɛ dam dem de o nenɔŋ-fɔrɔ kom ma pa nyoa nwoŋi ka su o diga kam ni maama. Nyoa kam ma pa se nɔɔn-nɔɔno ware diga kam wo o zo, se ko taa nii maŋa kam yaara yarepɛ yam na ke ya ti malese serepɛ sem jeŋa ne to.",https://www.bible.com/bible/3661/REV.15.KBG
GURIM 16,"1Amo laam ma ni kwor-dɛa na ŋɔɔne baŋa baŋa Wɛ diga kam wone, ye ka ta de Wɛ malese serepɛ sem ka we, “Kwei-na zwe serepɛ selo Wɛ ban-lom dem na wo se wone to á ja vo á lwo á yage logo baŋa ne.”
2Da-yiga maleka kam ma kwei ka zoŋa kam ka ja vo ka lwo ka yage logo baŋa ne. Ka na ke konto to, ŋɔn-zana ma ja balo na lage varem wom gwona yam ye ba zuli ko kamɔgɔ kom to.
3Maleka kalo na saŋe to ma lwo ka zoŋa kam ka yage naneo kom wone. Ko na bam ma ji ne too jana na ye tei to. Woŋo maama na zoore naneo kom wone to ma te.
4Malese setɔ tu wom ma lwo o zoŋa kam o yage bu-tole sem wone de buli sem de wone. Se na bam ma ji jana. 5Amo ma ni Wɛ maleka kalo na nii bwi sem baŋa ne to na we:
“Wo-pwoŋo Tu Baŋa Wɛ,
nmo na maŋe n wora boboa ne
ye n daa‑n ta wora to,
nmo tɔge chega de nmo na ke tei n waare-ba to.
6Kokuri banto go n nɔɔna bam de n sampwori sem
pa se ba jana nwoŋi.
Nmo laam ma‑n pa na bam ji jana
se nɔɔna bam konto de nyɔ.
Mo kolo na maŋe de ba keim dem to.”
7Amo ma daare a ni kwora kadwoŋi na ŋɔɔne Wɛ kaanem bimbini dem seeni ka we:
“Dam-fɔrɔ Tu Baŋa Wɛ,
nmo na di nɔɔna taane tei to
yɔɔre ko tɔge chega mo.”
8Malese sena tu wom ma kwei o zoŋa kam o lwo o yage wea kam yera ne. Wea kam ma jwoŋi dam se ka wulim dem zwɛ nɔɔna de mini. 9Ka mini dem na tiini de zwɛ nɔɔna konto to, ba ma twe Wɛ yere dem, o na tei yaara yam konto to ŋwaane. Ba nam wo leiri ba wo de ba kikia yam se ba daare ba zuli Wɛ.
10Malese senu tu wom ma lwo o zoŋa kam varem wom paare yituŋu kom baŋa ne. Lim ma ba de li varem wom paare dim jei sem maama. Nɔɔna ma done ba yeila de ba yaara yam. 11Ba ma ŋɔɔne ba twe Telaao Tu Wɛ wom, ba yaara yam de ba yera ŋɔna yam ŋwaane. Ba nam daa ta wo leiri ba wo de ba kikia yam.
12Malese seredo tu wom ma lwo o zoŋa kam o yage Yuferata bu-zaŋa kam wone. Ka na bam ma we, ye ko daare chwoŋa ko pa pwa balo na nwoŋi wɛ-puli jei sem ne to se ba wane ba bɛ. 13Amo ma daare a na chichiri-zɔɔna yatɔ na nye de mantwaaro to. Ba dedoa ma nwoŋi kayanchɔrɔ kom ni ne. Wodwoŋi de ma nwoŋi varem wom ni ne, ye dedoa kam de nwoŋi varem wolo na bere we o ye Wɛ sampwora ye o gane nɔɔna to ni ne. 14Chichiribia bam konto ye setaane nyena mo, ye ba wae ba ke wo-kenkagela. Ba ma zaŋe ba vo logo baŋa pwa bam maama tei se ba maama la daane ba ti ba yiga jara ŋwaane Dam-fɔrɔ Tu Baŋa Wɛ dɛ-kamunu kom dɛ ne.
Yezu tage o we:
15“Cheigi-na. A lage a ba ne ŋweeno na dare o ba tei to mo. Wolo na fɔge o che o tete to wó taa jege yu-ywoŋo. Wolo na yei o gwaaro tem tiŋim to, amo ná pɔpɔ a ba konto, chaveera bá ja‑o nɔɔna yiga ne, o na bá zaŋe de kuri-nɔrɔ to ŋwaane.”
16Chichiribia batɔ bam ma pa logo baŋa pwa bam la daane jeiga kadwoŋi ne. Ba maa bwoi jeiga kam konto de Juu tiina taane ba we, ‘Amagedon’.
17Malese serepɛ tu wom laam ma lwo o zoŋa kam wɛyuu ne. Kwor-dɛa laam ma ŋɔɔne Wɛ diga kam paare yituŋu kom jei sem ne ka we, “Ko ke ko ti.” 18Ka na tage konto to, doa maa pepela ka baga ka wuura. Sɔɔ ma tiini ko gaale ye tega kam de ziziŋi. Tega kam na tiini ka ziziŋi tei to ba jege dwoŋi. Tega nam maŋe ka wo ziziŋi konto dwoŋi ye nabiina wora logo baŋa ne. 19Te-fɔrɔ kolo yere na ye Babilon to ma yare kuni betɔ ko chɔge. Logo baŋa dwi tiina teene dem maama de ma vi tega ne. Wɛ maa wo swei te-fɔrɔ Babilon ni ne se o waare-ko. O ban-zɔŋɔ kom ma tiini ko ba teo kom baŋa, nenɛɛne o lwogi sa-dɛɛra mo o su na-zoŋa pa se ko nyɔ ko su tei. 20Tega kalo maama na wo naneo tetare ne to ma fɔɔre ka tiga jei ne, ye peero tem de yɔɔre te jei. 21Do-kandwa na duna ne luuru tei to maa nwoŋi wɛyuu ne ya toe nɔɔna baŋa ne. Nɔɔna bam ma ŋɔɔne ba twe Wɛ yere, do-kandwa yam na pɛ ba na yaara dedɛ to ŋwaane.",https://www.bible.com/bible/3661/REV.16.KBG
GURIM 17,"Kaane na dɔge varem tei to
1Malese serepɛ sem na jege zwe serepɛ sem to dedoa ma ba ka ta de amo ka we, “Ba se a bere‑m Wɛ na lage o pa ka-tola kalo na dana to na waarem tei to. Ka-tola kam konto jeiŋa jei mo ye jeiga kalo bwi na daga da to. 2Logo baŋa pwa bam yeini ba ke bwoorim de ka-tola kam konto. Balo na zoore logo baŋa ne to de maa tiini ba bwoori de-ka, ne nɔɔno na nyɔge sana o bugi tei to.”
3Wɛ Sin-laao kom laam ma ba amo tei de dam, ye a na we maleka kam kale-ne ka ja ka vo kagoa yuu. Jei sem konto ne mo amo nɛ kaane, o na dɔge juru kodwoŋi na ye nasoŋo chwɛ-chwɛ to baŋa ne. Yera yalo na twe Wɛ to ma popone juru kom yera ne. Ko maa jege yuni terepɛ de nyea fuga. 4Kaane wom ma zo gwaaro telo na ye nason-pupwiu de nasonno chwɛ-chwɛ to. O yera maa jege wonnu dedɛ telo na nyeene to. Te nam ye sabu-seŋa de kandwa-nyenno mo. O ma zei sabu-seŋa zoŋa, ye ka ni su de wo-zɔɔna yalo na bere o bwoorim kikia yam na jege digiru tei to. 5Yere delo kuri na seigi to ma popone o tiri ne de we:
Babilon kolo na ye te-fɔrɔ to.
Ka-tole maama nu,
de logo baŋa wo-zɔɔna maama nu.
6Amo na nɛ kaane wom to mo a maane we o nyɔge Wɛ nɔɔna balo na bere Yezu chega kam ye ba go-ba to jana bam mo o su, ne o nyɔge sana mo o bugi tei.
Amo na nɛ‑o konto to, ko ma tiini ko so-ne. 7Maleka kam ma bwei-ne ka we, “Ko ke‑m yaau se bɛ mo? Ko ná ye juru kolo na jege yuni terepɛ tem de nyea fuga to, de kaane wolo na dɔge o baŋa ne to, amo wó pa n lɔre ba kuri na ye tei to. 8Juru kolo nmo na nɛ to ya ŋwe mo. Ko nam daa tera. Ko daare se ko nwoŋi gwoŋ-chanluŋu kom wone mo, se ko laam vo ko na chɔgem. Ko ná ye balo na zoore logo baŋa ne ye ba yera maŋe ya wo popone ya tiŋi Wɛ ŋwe-doŋa tɔnɔ kom wone maŋa kam logo baŋa ta na tera to, ba ná nɛ juru kom, ko wó so ba maama. Ko déem ya ŋwe mo, ye ko laam daa tera. Ko nam wó jwoori ko ba ko nwoŋi nabiina yiga ne.
9Konto mo tei n jege se n ta‑n jege boboŋ-dɛɛra de swa. Juru kom yuni terepɛ tem bere zwonnu terepɛ na ye tei to mo. Tento maa ye zwonnu telo kaane wom na jei te baŋa ne to mo. Yuni tem ta kwori te bere pwa barepɛ na ye tei to mo. 10Pwa bam konto banu maŋe ba to mo. Ba dedoa mo wora leile. Wolo na kweeli to ta wo tu. Ko daare, o ná tua, o paare dem bá dáane dedɛ. 11Juru kom tete kolo déem ya na ŋwe ye ko laam daa tera to bere pɛ wolo na ke ba wone nana to mo. Wonto mo ye pwa barepɛ balo na dɛ yiga to wo nɔɔno. O nam ná tua, o de laam wó vo o na chɔgem.
12Nyea fuga yalo nmo na nɛ to bere pwa fuga na ye tei to mo. Pwa bam konto ta wo jwoŋi ba paare dem. Ba nam wó ba ba jwoŋi dam se ba tɔge de varem wom ba taa tei nɔɔna, se ko maŋe de awa dedoa yerane. 13Pwa fuga bam maama jege boboŋe dedwe mo. Ba maa wó kwei ba dam maama ba ke juru kom jeŋa ne. 14Ba maa wó ke jara de wolo wom na ye Pipeila kam to. Pipeila kam nam wó wane-ba ka di, ka na ye wolo na ye yuu tiina maama Yuu-tu, de pwa maama Pɛ to ŋwaane. Balo na tɔge de wonto ye ba wane jara yam to mo ye balo o na maŋe o kuri se ba taa ye o nɔɔna to. Banto mo yɔɔre ba jege wo-dedoa ded‑o.”
15Maleka kam daa ta ma ta de amo ka we, “Ko ná ye bwi selo nmo na nɛ ye ka-tola kam jei da to, se bere logo baŋa teene de te nɔn-bia bam, de paare dim jei sem, de taana dwi maama tiina na ye tei to mo. 16Nyea fuga yalo nmo na nɛ to, de juru kom tete wó taa chuli ka-tola kam. Ba nam wó vere o wonnu tem maama o tei ne ba daare‑o kalambwolo. Ba laam wó di o ya-nɔna yam, ye ba daare ba zwɛ‑o de mini. 17Ba wó chɔge‑o konto, kolo ŋwaane Wɛ maŋe o pa se ba boboŋa taa ye konto, ye ba jege ni dedwe se ba ke ba dam maama juru kom jeŋa ne mo. Ko jege se ko taa ye konto mo, se ko vo ko yi maŋa kalo Wɛ taane dem na bere kolo to na wó ji chega, ye o boboŋa seene ya ke to. 18Ko daare kaane wolo nmo na nɛ ye o ye ka-tola to mo ye te-fɔrɔ kolo na tei logo baŋa pwa bam maama to.”",https://www.bible.com/bible/3661/REV.17.KBG
GURIM 18,"Te-fɔrɔ Babilon na chɔge tei to
1Maleka kam na tage konto ka ti to, amo ma na maleka kadwoŋi na nwoŋi telaao ne ka maa beene logo baŋa. Ka maa tiini ka jege dam ye ka nenɔŋa kam zeiŋi pwooni ka pa logo baŋa maama peere. 2Ka ma tɔɔle baŋa baŋa de kwor-dɛa ka we:
“Babilon te-fɔrɔ kom chɔge ywoo!
Ko yɔɔre ko chɔge mo.
Setaana yerane laam mo zoore ko wone,
ye chichiri-zɔɔna dwi maama de zoore da.
Zuna de vara balo nɔɔna na chula ye ba ba lae to
dwi maama maa tɔge ba wora.
3Logo baŋa dwi tiina maama ma to
teo kom konto kabwoŋa chwei sem wone,
ne ba nyɔge ko sa-dɛɛra mo ba su tei.
Logo baŋa pwa bam ma tɔge ba ke bwoorim de-ko.
Logo baŋa pipim-piina ma tiini ba di nyɔɔre
teo kom konto baŋa ne,
kolo ŋwaane ko nɔɔna bam swoi
se ba taa chɔge sabu dedɛ.”
4Amo laam ma ni kwora kadwoŋi na ŋɔɔne Wɛ telaao ne ka we:
“Amo nɔɔna bam, nwoŋi-na teo kom wone,
se á yé tɔge ko wo-balwaaro chwei sem,
se á yé tɔge á na ko yaara yam.
5Kokuri ko wɛleera yam daga dedɛ
te daŋe da-baŋa ne te yi wɛyuu.
Wɛ nam yei ko keim-lwanno tem maama ni ne.
6Chɔge-na teo kom se ko maŋe de konto na chɔge nɔɔna badwonna tei to.
Pa-na ko chɛ ko yera ne se ko dwoni
ko na pɛ ko chɛ nɔɔna yera ne tei to.
Fe-na-ko se ko nyɔ sa-dɛɛra balo na tiini ba dana
ba dwoi konto sana bam ko na pae nɔɔna nyɔ to.
7Pipiri-na teo kom ywoni dem de ko wo-laaro tem
se te jwoori te ji cham de yaara te pa-ko.
Kokuri teo kom nye de kaane wolo na yeini o tɛ o we,
‘Amo di paare mo ye kolokolo daa bá daane-ne.
Amo dae kadeim, ye a yiga bá fɔge ka nyɔne.’
8Teo kom na bere ko tete kamunni to ŋwaane,
yaara dwi maama wó pɔpɔ ya ba ko baŋa dɛ dedwe wone.
Jawe-chɛɛro de yi-nyɔna de kana wó ba te ja-ko.
Mini de maa wó di-ko.
Yuu-tu Baŋa Wɛ jege dam-fɔrɔ,
ye wonto mo wó pa teo kom na waarem.”
9Ko ná ye logo baŋa pwa balo na tɔge ba ke teo kom kabwoŋa kikia yam ye ba di ywoni daane to, ba ná nɛ teo kom na jege mini tei to, ba wó taa keera de wo-chechɔgɔ. 10Ba na kɔre ko yaara yam to ŋwaane, ba wó taa zege yiga yiga ye ba nii ko nyoa kam. Ba wó taa chwoosa ye ba we:
“Ei! Lɛɛro wora! Lɛɛro yi te-fɔrɔ kom!
Babilon ya tiini ko jege dam.
Ko laam nam tu ko chɔge lela,
awa dedoa wone.”
11Logo baŋa pipim-piina bam de wó taa keera ye ba nyɔne ba yiga teo kom chɔgem ŋwaane, kolo ŋwaane nɔɔn-nɔɔno daa tera se ba taa yeigi ba zela yam. 12Zela yalo ba na jege ba yeigi to ye sabu-seŋa wonnu, de lu-nyenno wonnu, de kandwa-nyenno, ko woli de gwaaro dwi dwi, te na ye gare-fefale, de gare-nyenno, de gare-sonno telo na ye chwɛ-chwɛ to mo. Ba ta maa jege da-ŋwe dwi maama, de wonnu dedɛ telo ba na mɛ tuu yeila, de da-laaro, de channa, de luu, de pe-siswollu ba ke to. 13Ba ta maa kwori ba jege terale nuga dwi maama, de talwoŋ-ywoŋa dwi maama, de liri sedwonna, ko woli de sana, de nuga, de bworobworo muni, de kamaana, ko woli de naane, de pei, de sisei, de se torokooro. Ba ta jaane kabɛ ba yeiga.
14Ba laam maa wó ta de teo kom ba we, “Wo-laaro telo maama nmo fera na zo to daa tera. Nmo jejegero tem de n nenɔŋa kam maama laam jei. Nmo daa‑n bá‑n na wonnu tem konto maŋa de maŋa.”
15Pipim-piina balo na tiini ba na nyɔɔre teo kom baŋa ne to wó taa zege yiga yiga, ba na kɔre ko yaara yam to ŋwaane. Ba maa wó taa keera 16ye ba chwoosa ba we:
“Ei! Lɛɛro wora!
Teo kamunu konto tiini ko jege nenɔŋa.
Ko nɔɔna bam maa zoore gare-nyenno, ye ba yera jege sabu-seŋa wonnu de kandwa-nyenno.
17Ko jejegero tem maama laam ma ba te chɔge lela, awa dedoa wone.”
Ko nam ná ye balo maama na wo naneo wone ba lage ba ni-wodiu to, ko ná ye balo na cho nabworo to, de balo na toŋe nabworo ŋwaane to, de balo na zo nabworo se ba vo jei to, ba maama wó taa zege yiga yiga mo ba nii teo kom. 18Banto ná nɛ nyoa kam na zaŋe teo kom ne, ba wó ta baŋa baŋa ba we, “Teo kamunu konto dwoŋi tera.” 19Ba maa wó nyɔne ba yiga, ye ba chwoosa ba we,
“Ei! Lɛɛro wora! Lɛɛro yi te-fɔrɔ kom!
Ko na tiini ko jege jejegero tei to pɛ se
balo maama na tei nabwooru to di nyɔɔre ko baŋa ne.
Ko laam ma ba ko chɔge lela,
awa dedoa wone.”
20Abam balo na zoore Wɛ telaao ne to ta‑á chaka de wopwolo teo kom chɔgem dem ŋwaane. Abam balo na ye Wɛ nɔɔna to, ta‑á jege-na wopwolo, ko woli de Wɛ totoŋa nakwa, de o sampwori sem maama. Wɛ mo di teo kom taane, ye o pa abam jege bora.
21Wɛ maleka kadwoŋi na tiini ka dana to laam ma kwei kandwɛ-kamunu, ne nɔŋ-zɔŋɔ na ye tei to. Ka ma dole-ko ka yage naneo kom wone ye ka we,
“Ba nam wó kwei te-fɔrɔ Babilon de
ba dole ba yage konto dwoŋi mo,
ye nɔɔn-nɔɔno daa bá na ko jei.
22Ko wó ji di-dwonnu yerane.
Nɔɔna daa bá taa wo ko wone
se ba taa mage kwanno, naa ba taa leena,
naa ba taa wui wi naa nabwanno.
Gɔgɔ dwi maama de bá taa wo ko wone,
ye nɔŋɔ kwori de daa bá taa zaŋe ko wone.
23Min-zwoŋo mini de daa bá tɔrege ko wone.
Kadiri sɔɔ de daa bá ke ko wone.
Te-fɔrɔ kom pipim-piina bam déem mo ye logo baŋa dedɛɛra yiga tiina.
Ko liri kikia yam ma soge logo baŋa dwi tiina maama boboŋa.
24Ko ná ye Wɛ sampwori selo ba na go to,
de Wɛ nɔɔna balo maama ba na go to,
ba toone dem zege teo kom konto yera ne mo.
Balo maama ba na go logo baŋa ne to chao wó jeini teo kom yuu ne mo.”",https://www.bible.com/bible/3661/REV.18.KBG
GURIM 19,"Wɛ telaao wopwolo kom taane
1Amo laam ma ni kwor-dɛa, ka na nye de nɔn-kɔgɔ dedɛ na ŋɔɔne baŋa baŋa telaao ne ba we:
“Aleluya!
Debam Tu Wɛ mo ye verem tu,
de nenɔŋ-fɔrɔ tu, de dam tu.
2O borem dem yɔɔre de ye chega mo.
Ko ná ye ka-tola kalo na dana
ye ka bwoŋa kikia yam jage jei maama ya chɔge logo baŋa to,
Wɛ di ka taane pa ka to.
O ma waare-ka, ka na pɛ o tontoŋena bam te to ŋwaane.”
3Ba daa ma ta baŋa baŋa ba we:
“Aleluya!
Mini na di-ka to, ko nyoa kam wó taa zaŋa mo taa,
se ko taa vei wuu.”
4Nakwa finlei-bana bam, de wonnu tena tem na ŋwe to laam ma kuni dwoona Wɛ yiga ne ba pa‑o zula, o na jei paare yituŋu kom baŋa ne to. Ba ma zuli‑o ye ba we:
“Ameena! Aleluya!”
5Kwora kadwoŋi laam ma ŋɔɔne paare yituŋu kom seeni ka we:
“Abam balo maama na ye Wɛ tontoŋena to,
ta‑á tei-na dé Tu Wɛ wom.
Abam balo maama na kɔre‑o to,
ko ná ye nɔn-kamuna de nabwona,
á ta‑á zuli‑o.”
6Amo laam ma ni sɔɔ, ko na nye de nɔn-kɔgɔ dedɛ na ŋɔɔne baŋa baŋa, ye ko dɔna ne na mo wuuri ye doa baga tei. Ko maa ŋɔɔne ko we:
“Aleluya!
Debam Tu, Dam-fɔrɔ Tu Baŋa Wɛ mo di paare.
7Pa-na dé taa chaka de wopwolo,
ye dé zuli‑o o nenɔŋ-fɔrɔ kom ŋwaane.
Kokuri to, wolo na ye Pipeila kam to kadiri dem maŋa laam yia.
O kaane wom ti o yiga se o zo‑o.
8Ba kwei gare-fefale selo na tiini se nyeena pele-pele to mo
ba pa kaane wom se o zo.”
Gwaaro tem konto nam mo bere Wɛ nɔɔna bam keim-laaro tem na ye tei to.
9Maleka kam laam ma ta de amo ka we, “Popone tento n tiŋi: Ko ná ye balo ba na bwoŋi se ba tɔge ba di Pipeila kam kadiri dem wodiu kom to, banto jege yu-ywoŋo mo.” Ka daa ma ta ka we, “Nmo na nigi kolo maama to ye Wɛ kwora chekke mo.”
10Amo ma kuni dwoona ka yiga ne se a zuli-ka. Ka ma ta ka we, “Yé ke konto. Amo de ye Wɛ tontoŋeno mo, ne nmo de n nu-bia balo maama na bere we ba tɔge Yezu chega kam to de na ye tei to. N maŋe se n zuli Wɛ mo.”
Ko ye Yezu chega kam konto mo pae Wɛ sampwori sem tɔɔle o kwora.
11Amo laam ma nii a na Wɛ telaao ni na pore. A ma na siseiŋ-pwoŋa. Wolo na dɔge ka baŋa ne to ye ‘Wo-dedoa Tu’ de ‘Chega Tu’. O na bore nɔɔna taane tei to yɔɔre ko tɔge chega mo, ye o kwori o jaane jara de chega. 12O yia maa seene ne min-vogo tei. Paare yipwi dedɛ ma pu o yuu ne. Yere dedwoŋi ma popone o yera ne, ye nɔɔn-nɔɔno yeiri-de, ko ná dae o tete yerane. 13Gare-dedɔrɔ kolo o na zo to ma bugi de jana. Ba maa bwoi‑o we, “Wɛ Botara kam”. 14Wɛ telaao jar-keira kɔgɔ kom ma pu o kwaga. Ba ma dɔge sisein-pwonnu baŋa ne, ye ba zo gare-fefale selo na ye napwonnu fase to. 15Se-zɔɔ kolo na tiini ko jege ni to maa nwoŋi o ni ne. O nam wó ma-ko o mage logo baŋa dwi tiina bam o de tega ne. O ta wó kwei luu-dedɔrɔ mo o ma wane-ba de o dam. O maa wó pa se Dam-fɔrɔ Tu Baŋa Wɛ ban-zɔŋɔ kom tiini ko ba ba baŋa, nenɛɛne o nɔne Vini tio-bia mo se ba nyoa bam taa nwoŋa tei. 16Yere dedwoŋi ma popone o gare-dedɔrɔ kom yera ne, de o chwei ne de we:
“Pwa maama Pɛ,
de yuu tiina maama Yuu-tu.”
17Amo laam ma na maleka kadwoŋi ka na zege wea kam tetare ne. Ka ma bage baŋa baŋa ka ta de zuna balo maama na jaane wɛyuu ne to ka we, “Ba-na á la daane se á tɔge á di wodi-fɔrɔ kolo Wɛ na ke to. 18Ba-na se á di pwa ya-nɔna, de jar-keira yiga tiina nɔna, de nɔn-babɛ nɔna, ko woli de sisei de se diina bam nɔna, de nɔɔna dwi maama nɔna, ko ná ye kabɛ de balo na tei ba tete to de, ko woli de nɔn-kamuna de nabwona.”
19Amo ma daare a na varem wom, de logo baŋa pwa bam maama, de ba jar-keira bam na lage daane se ba ke jara de wolo wom na dɔge siseiŋa kam baŋa ne to de o jar-keira kɔgɔ kom. 20Ba ma ja varem wom ba vɔ, de wolo na bere we o ye Wɛ sampwora ye o gane nɔɔna to. Wonto ya mo ke wo-kenkagela o ma woli varem wom. O na ke wo-kenkagela yam konto to, o mɛ o gane balo na lage varem wom gwona yam ye ba daare ba zuli o kamɔgɔ kom to mo. Ba ma kwei banto balei ŋweene, ba ja vo ba de buga wone. Buga kam kanto ye kalo na jege mini ye chilibugu wora ko di to mo. 21Ba jar-keira kɔgɔ kom na daare to maama ma te. Se-zɔɔ kolo na nwoŋi sisein-diru wom ni ne to mo go-ba. Zuna bam maama ma ba ba di ba ya-nɔna yam ba su.",https://www.bible.com/bible/3661/REV.19.KBG
GURIM 20,"Twa biim taane
1Amo laam ma na maleka kadwoŋi na nwoŋi telaao ne ka maa tu logo baŋa. Ka maa zei bwor-bu se ka ma pore gwoŋ-chanluŋu kom ni dem, ye ka kwori ka zei chapon-zɔŋɔ. 2Ka ma zi kayanchɔrɔ kom ka vɔ taa, se ko vo ko yi bena moro dedoa. Kayanchɔrɔ kom konto maa ye basankwea kalo na maŋe ka wora faŋa faŋa to. Kanto kam mo ye vwa-nyena pɛ wom, ye ka kwori ka ye setaane tete. 3Maleka kam ma de-ka gwoŋ-chanluŋu kom wone ka pe. Ka ma daare ka kwoni bɔɔne dem ni se ka yé wane ka nwoŋi ka daa gane logo baŋa dwi tiina bam se ko vo ko yi bena moro kom na wó ti to. Maŋa kam kanto ná kɛ, ko laam jege se ba bwoli-ka ba yage se ko ke fenfee.
4Amo ma daare a na paare yitunnu, ye nɔɔna jei te baŋa ne. Banto ma jwoŋi dam se ba di nɔɔna taane. Ba maa ye balo ba ya na gwoni ba yuni ba na tɔge Yezu chega kam ye ba bere Wɛ kwora kam to ŋwaane. Ba maa wo sɛ se ba zuli varem wom naa o kamɔgɔ kom. Ba nam ta wo sɛ ba la varem wom gwona yam ba tira ne naa ba jea ne. Amo na nɛ ba jworru tem konto to, ba ma jwoori ba bi ba na ŋwea, ye ba tɔge de Yezu Krista ba di paare se ko yi bena moro. 5Twa biim dem konto mo ye delo na dɛ yiga de ke to. Twa balo maama na daare to nam wo bi maŋa kam konto ne. Bena moro kom ná tu ko ba ko ti mo banto de laam wó bi toone wone. 6Balo maama na tɔge ba woli da-yiga twa biim dem wone to jege yu-ywoŋo, ba na ye Wɛ tete nɔɔna to ŋwaane. Toone delo na lage de ke belei to daa bá wane-ba. Banto wó taa zege Baŋa Wɛ de Yezu Krista yiga ne mo ba pa zula ne kaanem tiina tei. Ba maa wó tɔge ded‑o ba di paare se ko yi bena moro kom.
7Bena moro kom ná tu ko kɛ, ba laam wó bwoli setaana pɛ wom se o nwoŋi bɔɔne dem ba na pe‑o da to wone. 8O maa wó vo o gane dwi tiina balo na wo logo baŋa jei sem maama ne to. Banto maa ye Wɛ dona mo, ye ba yera ye ‘Goga’ de ‘Magoga’. O maa wó pa ba la daane se ba ke jara. Ba kɔgɔ kom nɔn-bia wó taa daga dedɛ, ne buga ni kasolo bia na ye tei to mo. 9Ba maa wó tɔge logo baŋa jei maama ba vo ba gilimi Wɛ nɔɔna bam kɔgɔ kom na lage daane mɛ to. Teo kom konto mo ye kolo Wɛ na swoi dedɛ to. Mini laam ma nwoŋi wɛyuu ne de ba de chɔge Wɛ dona bam kɔgɔ kom maama. 10Ko daare setaana pɛ wom na gane-ba to, ba ma dole wonto ba de buga kalo na jege mini ye chilibugu wora ko di to wone. Kanto mo ye buga kalo ba na maŋe ba de varem wom de wolo na bere we o ye Wɛ sampwora ye o gane nɔɔna to ba yage ka wone to. Dáane mo ba maama wó na cham wea de tete maama se ko taa vei wuu.
11Amo ma daare a na paare yituŋ-kamunu kolo na ye napwoŋo to, de wolo na jei ko baŋa ne to. Tega baŋa de wɛyuu maama ma duri te kɛ o yiga ne, ye te daa tera. 12Amo ma na balo na tege to, dedɛɛra de nabwona maama, ba zege paare yituŋu kom yiga ne. Nɔɔna ma puri twanno se ba nii. Ba ma daare ba puri tɔnɔ kodwoŋi na ye Wɛ ŋwe-doŋa tɔnɔ kom to. Ba ma bore twa bam taane se ko maŋe de ba na ke kolo to, nenɛɛne ko na popone ko tiŋi twanno tem wone tei to. 13Naneo kom ma pa twa balo na maŋe ko wone to chwoŋa se ba nwoŋi. Toone de ma yage balo de na jaane to. Churu de ma yage ko nɔɔna bam. Ba ma bore twa bam konto maama taane se ko maŋe de ba na ke kolo to. 14Ba laam ma ja Toone de Churu ba dole ba de buga kam na jege mini to wone. Buga kam de ka mini dem mo bere toone belei tu na ye tei to. 15Nɔɔno wolo maama yere na maŋe de wo popone de ke Wɛ ŋwe-doŋa tɔnɔ kom wone to, ba dole konto tu ba de buga kam na jege mini dem to wone mo.",https://www.bible.com/bible/3661/REV.20.KBG
GURIM 21,"Wɛ de nabiina wó taa zoore daane
1Amo laam ma na wɛyuu-doŋo dedaane te-doŋa na wora. Boboa wɛyuu kom de boboa tega baŋa kam pipiri te kɛ. Naneo de daa tera. 2Amo ma daare a na teo kolo Wɛ na pɔɔre o pa o tete ye ko yere ye Jerusalem te-doŋo kom to. Ko ma nwoŋi wɛyuu Wɛ tei ne ko maa tu logo baŋa. Ko ma yɔɔre ko kwɛ lanyerane ne kaane na ti o yiga se o zo baro tei to. 3Amo ma ni kwor-dɛa na ŋɔɔne paare yituŋu kom seeni ka we, “Wɛ tete sɔŋɔ laam mo wo nabiina tei ne. O nam wó taa zoore ba tei ne, ye ba wó taa ye o nɔɔna. Wɛ tete wó taa wo ba tei ne ye o nii-ba. 4O maa wó weeri ba maama yi-na se ba daa yé taa jege yi-nyɔna. Toone de daa bá taa wora. Wo-chechɔgɔ, de keira, de yaara maama de wó jei. Kokuri to, boboa wo-dwonnu tem kɛ.”
5Wolo wom na jei paare yituŋu kom baŋa ne to laam ma ta o we, “Nii! Amo laam pɛ se wonnu maama ji wo-donno.” O daa ta ma ta de amo o we, “Popone wonnu tento n tiŋi, kolo ŋwaane taane dento jege chega ye de maŋe se nɔɔna sɛ-de.”
6O ma daare o we, “Wonnu tem ke te ti. Amo mo ye pulim jei de kweelim jeiga. Amo nam ta mo ye da-yiga tu de tiim tu. Na-nyɔm ná jege wolo maama, amo wó pa kotu chwoŋa se o nyɔ buli-yi delo na na pae ŋwea to zɛɛra. 7Wolo maama na wane wo-balwaaro dam to mo wó jwoŋi wo-laaro tem konto. Amo Wɛ wó taa nii‑o, ye o taa ye a bu. 8Ko nam ná ye balo na kɔre cham to, de balo na pipiri ba kwaga ba ya Yezu to, de nɔn-wo-korro, de nɔn-gora, de balo na bwoori to, ko woli de liri-mwa tiina, de balo na kaane jwona to, dedaane vwa-nyena dwi maama, banto nam maŋe se ba vo ba misi buga kam na jege mini ye chilibugu de wora ko di to wone mo. Toone dem konto mo ye delo na ke belei to.”
9Maleka kadwoŋi laam ma ba amo tei. Ka nwoŋi malese serepɛ sem wone mo, se na jege zwe serepɛ sem de se wo yaara yarepɛ yalo na lage ya ke ya ma kweeli to. Ka ma ta de amo ka we, “Ba se a bere‑m ka-dooro wom, o na lage o zo wolo na ye Pipeila kam to.”
10Wɛ Sin-laao kom laam ma ba amo tei de dam, ye a na we maleka kam kale-ne ka ja ka vo peo-zɔŋɔ kolo na tiini ko dɔra to yuu. Ka ma bere-ne Wɛ tete teo kom, ko yere na ye Jerusalem ye ko maa nwoŋi wɛyuu Wɛ tei ne ko tu logo baŋa to. 11Wɛ nenɔŋ-fɔrɔ kom ma pa se teo kom nyeena lanyerane. Ko maa nye de kandwɛ-nyeno kolo yere na ye Yasepa to, ye ko nyeene pele-pele ne gelaase na nyeene tei to. 12Kabiri-kamunu kolo na dɔra to ma lɔ ko kaage teo kom. Kabira kam maa jege nia fuga-yalei. Wɛ malese fuga-selei maa zege nia yam konto dedoa dedoa ne. Isarele tiina dwia fuga-yalei yam yera ma popone nia yam baŋa ne. 13Teo kom sɛ sem maama jege nia yatɔ yatɔ mo. Yatɔ yɔɔre wɛ-puli seeni. Yatɔ maa wo wɛ-puli jagwia seeni. Yatɔ maa wo wɛ-puli jazem seeni. Yatɔ maa daare ya wo wɛ-zoore seeni. 14Teo kom kabira kam kuri ma chwi pelwaaro fuga-telei baŋa ne. Pipeila kam totoŋa nakwa fuga-balei bam yera ma popone pelwaaro tem konto yera ne.
15Maleka kalo na ŋɔɔne de amo to maa zei sabu-seŋa nacheiga se ka ma maŋe teo kom na mae tei to, de ko nia yam de ko kabira kam de na mae tei to. 16Teo kom sɛ sena sem maama mara se mara mo. Maleka kam ma kwei ka nacheiga kam ka ma maŋe teo kom. Ko saŋa maama dedɔrem maa ye stadia morro fuga-telei (12,000). Ko sɛ sem de ko wɛyuu maama dedɔrem mae daane mo. 17Ka ma daare ka maŋe teo kom kabira kam. Ka ma maŋe de jatwogo de noa ni maŋem kuni bi de finna-bena (144) mo. Maleka kam na maŋe-ko tei to ye bedwe mo de nabiinu na mae o jeŋa o maŋe wonnu tei to. 18Ba lɔge kabira kam de kandwɛ-nyeno kolo yere na ye Yasepa to. Ko daare teo kom tete yɔɔre ko ye sabu-seŋa kalo na tiini ka lana fase ne gelaase na ye tei to mo ba mɛ ba lɔ. 19-20Pelwaaro telo teo kom kabira kam na chwi te baŋa ne to mo ba mɛ kandwa-nyenno dwi maama ba ma gɔgere te yera. Pelɔrɔ maama jege ko kandwɛ-nyeno mo, ye te yera mo tento:
1. Jasipa 2. Safira 3. Agate
4. Emeraleda 5. Onika 6. Saadia
7. Kwatiza 8. Bɛrula 9. Topazi
10. Churusopa 11. Yakinta 12. Amɛtesa
21Ko daare kabira kam manchwo-nia fuga-yalei yam tete mo ba mɛ kandwa-nyenno telo yere na ye ‘pɛɛle’ to ba ma ke. Nia yam maama ye pɛɛle dedoa dedoa mo ke da. Teo kom pempale dem maa ye sabu-seŋa kalo na tiini ka lana ne gelaase na nyeene lanyerane tei to.
22Amo nam nɛ we Wɛ diga tera teo kom wone, kolo ŋwaane Dam-fɔrɔ Tu Baŋa Wɛ dedaane Pipeila kam tete mo wora ye nɔɔna zuli-ba teo kom jei maama ne. 23Wɛ nenɔŋ-fɔrɔ kom na pae teo kom jege pwooni to, ko daa ba lage se wea kam de chana kam daa taa zeiŋi ko baŋa ne. Pipeila kam de pae ko jege pwooni ne min-zwoŋo na pae pwooni tei to. 24Logo baŋa dwi tiina bam wó taa jege ba ŋwea pwooni dem konto wone. Logo baŋa pwa bam maa wó ja ba jejegero ba ba ba ke teo kom wone. 25Dɛ maama ba bá pe teo kom nia yam, kolo ŋwaane tega daa bá yi jei sem konto ne. 26Ba maa wó kwei logo baŋa dwi tiina jejegero tem de ba nenɔŋa maama ba ja ba ba ke da. 27Ko daare kolo maama na jege digiru to bá zo ko wo. Nɔɔno wolo maama na ke wo-zɔɔna to, de wolo maama na ye vwa-fɔro to bá zo ko wo. Balo yera na popone ya tiŋi Pipeila kam ŋwea tɔnɔ kom wone to yerane mo wó na chwoŋa se ba zo teo kom konto wo.",https://www.bible.com/bible/3661/REV.21.KBG
GURIM 22,"Bu-tola kalo na na pae ŋwea to
1Maleka kam ma daare ka bere-ne bu-tola kalo na na pae ŋwea to. Na bam tiini ba nyeena pele-pele ne gelaase na nyeene tei to. Bu-tola kam na bam maa bura ba nwoŋa Wɛ de Pipeila kam paare yituŋu kom seeni ba dura. 2Teo kom pempale dem de bu-tola kam tetare laŋa ne mo tio wora kolo bia na pae ŋwea to. Tio kom konto maa yeini ko leiri bia kuni fuga-belei bene maama wone. Chana maama wone ko leiri bia mo. Ko vɔɔro tem wó wane te pa logo baŋa dwi tiina bam na yazura ba jaweero wone. 3Woŋo kolo maama na wora teo kom ne to, Wɛ sɔla bá taa wo ko baŋa ne. Wɛ de Pipeila kam paare yituŋu kom wó taa wo teo kom ne, ye Wɛ tontoŋena bam zuli‑o dáane. 4Ba wó taa nae o yibia. O yere dem maa wó popone ba tira ne. 5Tega daa bá yi teo kom ne. Ba bá taa lage min-zwonnu se te taa pae pwooni, naa wea de. Yuu-tu Baŋa Wɛ nam wó taa zeiŋi pwooni ba baŋa ne. Ba wó taa tɔge ba di paare se ko taa vei wuu.
6Maleka kam daa ma ta de amo ka we, “Taane dento maama jege chega ye de maŋe se nɔɔna sɛ-de. Yuu-tu Baŋa Wɛ ye wolo na tɔge o Sin-laao kom baŋa o zeini o ni-jwoŋina bam se ba taa tɔɔle o kwora kam to mo. Wonto mo toŋe o maleka kam se ka ba ka le wonnu ka bere o tontoŋena bam, se ba lɔre kolo na jege se ko ke leile to.”
Yezu tutuuri dem taane
Yezu tage o we:
7“Nii-na! A bá dáane ye a ba. Wolo maama na sɛ o tɔge Wɛ kwora kalo na popone ka tiŋi tɔnɔ konto ne to jege yu-ywoŋo.”
8Amo Jɔn mo seene a ni wonnu tem konto, ye a kwori a na-te. Ko maama na tu ko ti to, a laam ma kuni dwoona maleka kalo na le wonnu tem ka bere-ne to yiga ne se a zuli-ka. 9Ka ma ta de amo ka we, “Yé ke konto. Amo de ye Wɛ tontoŋeno mo, ne nmo de n nu-bia balo na tɔɔle Wɛ kwora kam to, ko ta woli de balo maama na sɛ ba tɔge kolo na popone tɔnɔ konto wone to de na ye tei to. N maŋe se n zuli Wɛ mo.”
10Ka daa ta ma ta de amo ka we, “Yé kwaane n seigi Wɛ kwora kalo na popone tɔnɔ konto ne to. Maŋa nam yia se wonnu tem konto seene te ke. 11Maŋa daare fenfee yerane mo se nɔɔna leiri ba wo de ba kikia yam.
Wolo maama na ba tɔge chwoŋa to,
kotu taa vei yiga de o tusim dem.
Wolo maama na tɔge wo-zɔɔna kikia to,
o de nam vei yiga de o wo-zɔɔna keim.
Ko daare wolo na yɔɔre o tɔge chwoŋa to,
kotu taa vei yiga de o keim-laaro tem.
Wolo na jege wo-pwoŋo Wɛ ŋwaane to,
kotu daa taa ke Wɛ boboŋa na lage tei to mo.”
Yezu tage o we:
12“Nii-na! A bá dáane ye a ba. A ná maa beena, a maa wó taa jege ŋweero a jeŋa ne, ye a kwei-te a pa nɔɔno maama nyɔɔre delo na maŋe de o kikia to.
13Amo mo ye pulim jei de kweelim jeiga.
Amo ta mo ye boboa kam de gurim tu,
dedaane da-yiga tu de tiim tu.”
14Balo na zare ba gwaaro pa te lana fase to jege yu-ywoŋo. Banto jege chwoŋa se ba di tio kolo bia na pae ŋwea to, ye ba kwori ba jege chwoŋa se ba da Wɛ tete teo kom manchwo-nia yam ba zo ko wo. 15Ko daare balo na bá na chwoŋa se ba zo to mo ye nɔn-wo-korro, de liri-mwa tiina, ko woli de balo na bwoori to, de nɔn-gora, de balo na kaane jwona to, dedaane vwa-fɔra balo na swoi se ba taa gane nɔɔna to.
Yezu tage o we:
16“Amo mo toŋe a maleka se ka ba ka ta amo chega kam ka bere abam balo na ye amo kɔgɔ kom nɔɔna to. Amo ye wolo kuri na nwoŋi Pɛ David dwi dem wone to. Amo ye tetete chalechoa kalo yere na ye naŋɔgɔ ye ka tiini ka nyeene to mo.”
17Wɛ Sin-laao kom de ka-dooro wom ma sɛ Yezu ye ba we, “Nam ba.” Wolo maama na nigi kwora kanto to jege se o de ta we, “Nam ba.” Na-nyɔm na jege wolo maama to maŋe se o ba. Wolo maama na lage se o nyɔ na balo na pae ŋwea to jege chwoŋa se o ba o jwoŋi o nyɔ zɛɛra.
18Amo Jɔn nam lage a kaane balo maama na cheigi wonnu telo na popone tɔnɔ konto wone ye te ye Wɛ kwora to. Nmo ná kwei woŋo n woli tɔnɔ konto wonnu tem wone, Wɛ wó pa n na waarem se ko woli de yaara yalo tɔnɔ kom na bere to. 19Nmo nam ná le woŋo tɔnɔ kom wone n yage, Wɛ wó le nmo de yiga o yage, se n yé da n di tio kolo bia na pae ŋwea to, naa n tɔge n zo Wɛ tete teo kom wo, ne tɔnɔ konto na maŋe ko bere tei to.
20Wolo wom na zege wonnu tem konto chega kam kwaga ne to mo tɛ o we: “Ko ye chega mo. A bá dáane ye a ba.”
Ameena. Dé sɛ konto. Dé Teiru Yezu, nam ba!
21Debam Teiru Yezu zaane dem taa wo Wɛ tete nɔɔna bam maama tei ne. Ameena.",https://www.bible.com/bible/3661/REV.22.KBG
